2019/10/17-14:54:06.082094 7fc3a9fcb700 RocksDB version: 5.18.3
2019/10/17-14:54:06.082238 7fc3a9fcb700 Git sha rocksdb_build_git_sha:@0@
2019/10/17-14:54:06.082242 7fc3a9fcb700 Compile date Sep 19 2019
2019/10/17-14:54:06.082245 7fc3a9fcb700 DB SUMMARY
2019/10/17-14:54:06.083522 7fc3a9fcb700 CURRENT file:  CURRENT
2019/10/17-14:54:06.083525 7fc3a9fcb700 IDENTITY file:  IDENTITY
2019/10/17-14:54:06.083575 7fc3a9fcb700 MANIFEST file:  MANIFEST-114676 size: 4114 Bytes
2019/10/17-14:54:06.083577 7fc3a9fcb700 SST files in /home/rahul/dev/blockchain-core/eqc/ledger.db dir, Total Num: 29, files: 000624.sst 000627.sst 106940.sst 108447.sst 108450.sst 109471.sst 109483.sst 109485.sst 109486.sst 
2019/10/17-14:54:06.083580 7fc3a9fcb700 Write Ahead Log file in /home/rahul/dev/blockchain-core/eqc/ledger.db: 114677.log size: 0 ; 
2019/10/17-14:54:06.083636 7fc3a9fcb700                         Options.error_if_exists: 0
2019/10/17-14:54:06.083638 7fc3a9fcb700                       Options.create_if_missing: 1
2019/10/17-14:54:06.083639 7fc3a9fcb700                         Options.paranoid_checks: 1
2019/10/17-14:54:06.083641 7fc3a9fcb700                                     Options.env: 0x7fc32ae1fc60
2019/10/17-14:54:06.083642 7fc3a9fcb700                                Options.info_log: 0x7fc3501178f0
2019/10/17-14:54:06.083644 7fc3a9fcb700                Options.max_file_opening_threads: 16
2019/10/17-14:54:06.083645 7fc3a9fcb700                              Options.statistics: (nil)
2019/10/17-14:54:06.083646 7fc3a9fcb700                               Options.use_fsync: 0
2019/10/17-14:54:06.083648 7fc3a9fcb700                       Options.max_log_file_size: 0
2019/10/17-14:54:06.083649 7fc3a9fcb700                  Options.max_manifest_file_size: 1073741824
2019/10/17-14:54:06.083651 7fc3a9fcb700                   Options.log_file_time_to_roll: 0
2019/10/17-14:54:06.083652 7fc3a9fcb700                       Options.keep_log_file_num: 1000
2019/10/17-14:54:06.083653 7fc3a9fcb700                    Options.recycle_log_file_num: 0
2019/10/17-14:54:06.083655 7fc3a9fcb700                         Options.allow_fallocate: 1
2019/10/17-14:54:06.083656 7fc3a9fcb700                        Options.allow_mmap_reads: 0
2019/10/17-14:54:06.083657 7fc3a9fcb700                       Options.allow_mmap_writes: 0
2019/10/17-14:54:06.083658 7fc3a9fcb700                        Options.use_direct_reads: 0
2019/10/17-14:54:06.083660 7fc3a9fcb700                        Options.use_direct_io_for_flush_and_compaction: 0
2019/10/17-14:54:06.083661 7fc3a9fcb700          Options.create_missing_column_families: 0
2019/10/17-14:54:06.083662 7fc3a9fcb700                              Options.db_log_dir: 
2019/10/17-14:54:06.083663 7fc3a9fcb700                                 Options.wal_dir: /home/rahul/dev/blockchain-core/eqc/ledger.db
2019/10/17-14:54:06.083665 7fc3a9fcb700                Options.table_cache_numshardbits: 6
2019/10/17-14:54:06.083666 7fc3a9fcb700                      Options.max_subcompactions: 1
2019/10/17-14:54:06.083667 7fc3a9fcb700                  Options.max_background_flushes: -1
2019/10/17-14:54:06.083669 7fc3a9fcb700                         Options.WAL_ttl_seconds: 0
2019/10/17-14:54:06.083670 7fc3a9fcb700                       Options.WAL_size_limit_MB: 0
2019/10/17-14:54:06.083671 7fc3a9fcb700             Options.manifest_preallocation_size: 4194304
2019/10/17-14:54:06.083672 7fc3a9fcb700                     Options.is_fd_close_on_exec: 1
2019/10/17-14:54:06.083674 7fc3a9fcb700                   Options.advise_random_on_open: 1
2019/10/17-14:54:06.083675 7fc3a9fcb700                    Options.db_write_buffer_size: 0
2019/10/17-14:54:06.083676 7fc3a9fcb700                    Options.write_buffer_manager: 0x7fc35001b510
2019/10/17-14:54:06.083677 7fc3a9fcb700         Options.access_hint_on_compaction_start: 1
2019/10/17-14:54:06.083679 7fc3a9fcb700  Options.new_table_reader_for_compaction_inputs: 0
2019/10/17-14:54:06.083680 7fc3a9fcb700           Options.random_access_max_buffer_size: 1048576
2019/10/17-14:54:06.083681 7fc3a9fcb700                      Options.use_adaptive_mutex: 0
2019/10/17-14:54:06.083683 7fc3a9fcb700                            Options.rate_limiter: (nil)
2019/10/17-14:54:06.083697 7fc3a9fcb700     Options.sst_file_manager.rate_bytes_per_sec: 0
2019/10/17-14:54:06.083698 7fc3a9fcb700                       Options.wal_recovery_mode: 2
2019/10/17-14:54:06.083700 7fc3a9fcb700                  Options.enable_thread_tracking: 0
2019/10/17-14:54:06.083701 7fc3a9fcb700                  Options.enable_pipelined_write: 0
2019/10/17-14:54:06.083702 7fc3a9fcb700         Options.allow_concurrent_memtable_write: 1
2019/10/17-14:54:06.083704 7fc3a9fcb700      Options.enable_write_thread_adaptive_yield: 1
2019/10/17-14:54:06.083705 7fc3a9fcb700             Options.write_thread_max_yield_usec: 100
2019/10/17-14:54:06.083706 7fc3a9fcb700            Options.write_thread_slow_yield_usec: 3
2019/10/17-14:54:06.083707 7fc3a9fcb700                               Options.row_cache: None
2019/10/17-14:54:06.083709 7fc3a9fcb700                              Options.wal_filter: None
2019/10/17-14:54:06.083710 7fc3a9fcb700             Options.avoid_flush_during_recovery: 0
2019/10/17-14:54:06.083711 7fc3a9fcb700             Options.allow_ingest_behind: 0
2019/10/17-14:54:06.083713 7fc3a9fcb700             Options.preserve_deletes: 0
2019/10/17-14:54:06.083714 7fc3a9fcb700             Options.two_write_queues: 0
2019/10/17-14:54:06.083715 7fc3a9fcb700             Options.manual_wal_flush: 0
2019/10/17-14:54:06.083716 7fc3a9fcb700             Options.max_background_jobs: 2
2019/10/17-14:54:06.083718 7fc3a9fcb700             Options.max_background_compactions: -1
2019/10/17-14:54:06.083719 7fc3a9fcb700             Options.avoid_flush_during_shutdown: 0
2019/10/17-14:54:06.083720 7fc3a9fcb700           Options.writable_file_max_buffer_size: 1048576
2019/10/17-14:54:06.083722 7fc3a9fcb700             Options.delayed_write_rate : 16777216
2019/10/17-14:54:06.083723 7fc3a9fcb700             Options.max_total_wal_size: 0
2019/10/17-14:54:06.083724 7fc3a9fcb700             Options.delete_obsolete_files_period_micros: 21600000000
2019/10/17-14:54:06.083726 7fc3a9fcb700                   Options.stats_dump_period_sec: 600
2019/10/17-14:54:06.083727 7fc3a9fcb700                          Options.max_open_files: -1
2019/10/17-14:54:06.083728 7fc3a9fcb700                          Options.bytes_per_sync: 0
2019/10/17-14:54:06.083729 7fc3a9fcb700                      Options.wal_bytes_per_sync: 0
2019/10/17-14:54:06.083731 7fc3a9fcb700       Options.compaction_readahead_size: 0
2019/10/17-14:54:06.083732 7fc3a9fcb700 Compression algorithms supported:
2019/10/17-14:54:06.083733 7fc3a9fcb700 	kZSTDNotFinalCompression supported: 0
2019/10/17-14:54:06.083735 7fc3a9fcb700 	kZSTD supported: 0
2019/10/17-14:54:06.083737 7fc3a9fcb700 	kXpressCompression supported: 0
2019/10/17-14:54:06.083738 7fc3a9fcb700 	kLZ4HCCompression supported: 0
2019/10/17-14:54:06.083740 7fc3a9fcb700 	kLZ4Compression supported: 0
2019/10/17-14:54:06.083741 7fc3a9fcb700 	kBZip2Compression supported: 0
2019/10/17-14:54:06.083742 7fc3a9fcb700 	kZlibCompression supported: 0
2019/10/17-14:54:06.083743 7fc3a9fcb700 	kSnappyCompression supported: 0
2019/10/17-14:54:06.083747 7fc3a9fcb700 Fast CRC32 supported: Supported on x86
2019/10/17-14:54:06.083920 7fc3a9fcb700 [db/version_set.cc:3507] Recovering from manifest file: MANIFEST-114676
2019/10/17-14:54:06.083974 7fc3a9fcb700 [db/column_family.cc:472] --------------- Options for column family [default]:
2019/10/17-14:54:06.083977 7fc3a9fcb700               Options.comparator: leveldb.BytewiseComparator
2019/10/17-14:54:06.083978 7fc3a9fcb700           Options.merge_operator: None
2019/10/17-14:54:06.083979 7fc3a9fcb700        Options.compaction_filter: None
2019/10/17-14:54:06.083981 7fc3a9fcb700        Options.compaction_filter_factory: None
2019/10/17-14:54:06.083982 7fc3a9fcb700         Options.memtable_factory: SkipListFactory
2019/10/17-14:54:06.083983 7fc3a9fcb700            Options.table_factory: BlockBasedTable
2019/10/17-14:54:06.084007 7fc3a9fcb700            table_factory options:   flush_block_policy_factory: FlushBlockBySizePolicyFactory (0x7fc35008be80)
  cache_index_and_filter_blocks: 0
  cache_index_and_filter_blocks_with_high_priority: 0
  pin_l0_filter_and_index_blocks_in_cache: 0
  pin_top_level_index_and_filter: 1
  index_type: 0
  hash_index_allow_collision: 1
  checksum: 1
  no_block_cache: 0
  block_cache: 0x7fc3500f99e0
  block_cache_name: LRUCache
  block_cache_options:
    capacity : 8388608
    num_shard_bits : 4
    strict_capacity_limit : 0
    memory_allocator : None
    high_pri_pool_ratio: 0.000
  block_cache_compressed: (nil)
  persistent_cache: (nil)
  block_size: 4096
  block_size_deviation: 10
  block_restart_interval: 16
  index_block_restart_interval: 1
  metadata_block_size: 4096
  partition_filters: 0
  use_delta_encoding: 1
  filter_policy: nullptr
  whole_key_filtering: 1
  verify_compression: 0
  read_amp_bytes_per_bit: 0
  format_version: 2
  enable_index_compression: 1
  block_align: 0
2019/10/17-14:54:06.084024 7fc3a9fcb700        Options.write_buffer_size: 67108864
2019/10/17-14:54:06.084025 7fc3a9fcb700  Options.max_write_buffer_number: 2
2019/10/17-14:54:06.084027 7fc3a9fcb700          Options.compression: NoCompression
2019/10/17-14:54:06.084028 7fc3a9fcb700                  Options.bottommost_compression: Disabled
2019/10/17-14:54:06.084030 7fc3a9fcb700       Options.prefix_extractor: nullptr
2019/10/17-14:54:06.084031 7fc3a9fcb700   Options.memtable_insert_with_hint_prefix_extractor: nullptr
2019/10/17-14:54:06.084032 7fc3a9fcb700             Options.num_levels: 7
2019/10/17-14:54:06.084034 7fc3a9fcb700        Options.min_write_buffer_number_to_merge: 1
2019/10/17-14:54:06.084035 7fc3a9fcb700     Options.max_write_buffer_number_to_maintain: 0
2019/10/17-14:54:06.084036 7fc3a9fcb700            Options.bottommost_compression_opts.window_bits: -14
2019/10/17-14:54:06.084037 7fc3a9fcb700                  Options.bottommost_compression_opts.level: 32767
2019/10/17-14:54:06.084039 7fc3a9fcb700               Options.bottommost_compression_opts.strategy: 0
2019/10/17-14:54:06.084040 7fc3a9fcb700         Options.bottommost_compression_opts.max_dict_bytes: 0
2019/10/17-14:54:06.084041 7fc3a9fcb700         Options.bottommost_compression_opts.zstd_max_train_bytes: 0
2019/10/17-14:54:06.084042 7fc3a9fcb700                  Options.bottommost_compression_opts.enabled: false
2019/10/17-14:54:06.084044 7fc3a9fcb700            Options.compression_opts.window_bits: -14
2019/10/17-14:54:06.084045 7fc3a9fcb700                  Options.compression_opts.level: 32767
2019/10/17-14:54:06.084046 7fc3a9fcb700               Options.compression_opts.strategy: 0
2019/10/17-14:54:06.084048 7fc3a9fcb700         Options.compression_opts.max_dict_bytes: 0
2019/10/17-14:54:06.084049 7fc3a9fcb700         Options.compression_opts.zstd_max_train_bytes: 0
2019/10/17-14:54:06.084050 7fc3a9fcb700                  Options.compression_opts.enabled: false
2019/10/17-14:54:06.084051 7fc3a9fcb700      Options.level0_file_num_compaction_trigger: 4
2019/10/17-14:54:06.084053 7fc3a9fcb700          Options.level0_slowdown_writes_trigger: 20
2019/10/17-14:54:06.084054 7fc3a9fcb700              Options.level0_stop_writes_trigger: 36
2019/10/17-14:54:06.084055 7fc3a9fcb700                   Options.target_file_size_base: 67108864
2019/10/17-14:54:06.084057 7fc3a9fcb700             Options.target_file_size_multiplier: 1
2019/10/17-14:54:06.084058 7fc3a9fcb700                Options.max_bytes_for_level_base: 268435456
2019/10/17-14:54:06.084059 7fc3a9fcb700 Options.level_compaction_dynamic_level_bytes: 0
2019/10/17-14:54:06.084060 7fc3a9fcb700          Options.max_bytes_for_level_multiplier: 10.000000
2019/10/17-14:54:06.084064 7fc3a9fcb700 Options.max_bytes_for_level_multiplier_addtl[0]: 1
2019/10/17-14:54:06.084065 7fc3a9fcb700 Options.max_bytes_for_level_multiplier_addtl[1]: 1
2019/10/17-14:54:06.084066 7fc3a9fcb700 Options.max_bytes_for_level_multiplier_addtl[2]: 1
2019/10/17-14:54:06.084068 7fc3a9fcb700 Options.max_bytes_for_level_multiplier_addtl[3]: 1
2019/10/17-14:54:06.084069 7fc3a9fcb700 Options.max_bytes_for_level_multiplier_addtl[4]: 1
2019/10/17-14:54:06.084077 7fc3a9fcb700 Options.max_bytes_for_level_multiplier_addtl[5]: 1
2019/10/17-14:54:06.084078 7fc3a9fcb700 Options.max_bytes_for_level_multiplier_addtl[6]: 1
2019/10/17-14:54:06.084080 7fc3a9fcb700       Options.max_sequential_skip_in_iterations: 8
2019/10/17-14:54:06.084081 7fc3a9fcb700                    Options.max_compaction_bytes: 1677721600
2019/10/17-14:54:06.084082 7fc3a9fcb700                        Options.arena_block_size: 8388608
2019/10/17-14:54:06.084084 7fc3a9fcb700   Options.soft_pending_compaction_bytes_limit: 68719476736
2019/10/17-14:54:06.084085 7fc3a9fcb700   Options.hard_pending_compaction_bytes_limit: 274877906944
2019/10/17-14:54:06.084086 7fc3a9fcb700       Options.rate_limit_delay_max_milliseconds: 100
2019/10/17-14:54:06.084088 7fc3a9fcb700                Options.disable_auto_compactions: 0
2019/10/17-14:54:06.084090 7fc3a9fcb700                        Options.compaction_style: kCompactionStyleLevel
2019/10/17-14:54:06.084092 7fc3a9fcb700                          Options.compaction_pri: kByCompensatedSize
2019/10/17-14:54:06.084093 7fc3a9fcb700 Options.compaction_options_universal.size_ratio: 1
2019/10/17-14:54:06.084094 7fc3a9fcb700 Options.compaction_options_universal.min_merge_width: 2
2019/10/17-14:54:06.084096 7fc3a9fcb700 Options.compaction_options_universal.max_merge_width: 4294967295
2019/10/17-14:54:06.084097 7fc3a9fcb700 Options.compaction_options_universal.max_size_amplification_percent: 200
2019/10/17-14:54:06.084098 7fc3a9fcb700 Options.compaction_options_universal.compression_size_percent: -1
2019/10/17-14:54:06.084100 7fc3a9fcb700 Options.compaction_options_universal.stop_style: kCompactionStopStyleTotalSize
2019/10/17-14:54:06.084101 7fc3a9fcb700 Options.compaction_options_fifo.max_table_files_size: 1073741824
2019/10/17-14:54:06.084102 7fc3a9fcb700 Options.compaction_options_fifo.allow_compaction: 0
2019/10/17-14:54:06.084104 7fc3a9fcb700 Options.compaction_options_fifo.ttl: 0
2019/10/17-14:54:06.084105 7fc3a9fcb700                   Options.table_properties_collectors: 
2019/10/17-14:54:06.084106 7fc3a9fcb700                   Options.inplace_update_support: 0
2019/10/17-14:54:06.084108 7fc3a9fcb700                 Options.inplace_update_num_locks: 10000
2019/10/17-14:54:06.084109 7fc3a9fcb700               Options.memtable_prefix_bloom_size_ratio: 0.000000
2019/10/17-14:54:06.084111 7fc3a9fcb700   Options.memtable_huge_page_size: 0
2019/10/17-14:54:06.084112 7fc3a9fcb700                           Options.bloom_locality: 0
2019/10/17-14:54:06.084113 7fc3a9fcb700                    Options.max_successive_merges: 0
2019/10/17-14:54:06.084115 7fc3a9fcb700                Options.optimize_filters_for_hits: 0
2019/10/17-14:54:06.084116 7fc3a9fcb700                Options.paranoid_file_checks: 0
2019/10/17-14:54:06.084117 7fc3a9fcb700                Options.force_consistency_checks: 0
2019/10/17-14:54:06.084118 7fc3a9fcb700                Options.report_bg_io_stats: 0
2019/10/17-14:54:06.084120 7fc3a9fcb700                               Options.ttl: 0
2019/10/17-14:54:06.084181 7fc3a9fcb700 [db/column_family.cc:472] --------------- Options for column family [active_gateways]:
2019/10/17-14:54:06.084184 7fc3a9fcb700               Options.comparator: leveldb.BytewiseComparator
2019/10/17-14:54:06.084185 7fc3a9fcb700           Options.merge_operator: None
2019/10/17-14:54:06.084186 7fc3a9fcb700        Options.compaction_filter: None
2019/10/17-14:54:06.084188 7fc3a9fcb700        Options.compaction_filter_factory: None
2019/10/17-14:54:06.084189 7fc3a9fcb700         Options.memtable_factory: SkipListFactory
2019/10/17-14:54:06.084190 7fc3a9fcb700            Options.table_factory: BlockBasedTable
2019/10/17-14:54:06.084208 7fc3a9fcb700            table_factory options:   flush_block_policy_factory: FlushBlockBySizePolicyFactory (0x7fc350014110)
  cache_index_and_filter_blocks: 0
  cache_index_and_filter_blocks_with_high_priority: 0
  pin_l0_filter_and_index_blocks_in_cache: 0
  pin_top_level_index_and_filter: 1
  index_type: 0
  hash_index_allow_collision: 1
  checksum: 1
  no_block_cache: 0
  block_cache: 0x7fc3500368d0
  block_cache_name: LRUCache
  block_cache_options:
    capacity : 8388608
    num_shard_bits : 4
    strict_capacity_limit : 0
    memory_allocator : None
    high_pri_pool_ratio: 0.000
  block_cache_compressed: (nil)
  persistent_cache: (nil)
  block_size: 4096
  block_size_deviation: 10
  block_restart_interval: 16
  index_block_restart_interval: 1
  metadata_block_size: 4096
  partition_filters: 0
  use_delta_encoding: 1
  filter_policy: nullptr
  whole_key_filtering: 1
  verify_compression: 0
  read_amp_bytes_per_bit: 0
  format_version: 2
  enable_index_compression: 1
  block_align: 0
2019/10/17-14:54:06.084219 7fc3a9fcb700        Options.write_buffer_size: 67108864
2019/10/17-14:54:06.084221 7fc3a9fcb700  Options.max_write_buffer_number: 2
2019/10/17-14:54:06.084222 7fc3a9fcb700          Options.compression: NoCompression
2019/10/17-14:54:06.084224 7fc3a9fcb700                  Options.bottommost_compression: Disabled
2019/10/17-14:54:06.084225 7fc3a9fcb700       Options.prefix_extractor: nullptr
2019/10/17-14:54:06.084226 7fc3a9fcb700   Options.memtable_insert_with_hint_prefix_extractor: nullptr
2019/10/17-14:54:06.084227 7fc3a9fcb700             Options.num_levels: 7
2019/10/17-14:54:06.084229 7fc3a9fcb700        Options.min_write_buffer_number_to_merge: 1
2019/10/17-14:54:06.084230 7fc3a9fcb700     Options.max_write_buffer_number_to_maintain: 0
2019/10/17-14:54:06.084231 7fc3a9fcb700            Options.bottommost_compression_opts.window_bits: -14
2019/10/17-14:54:06.084233 7fc3a9fcb700                  Options.bottommost_compression_opts.level: 32767
2019/10/17-14:54:06.084234 7fc3a9fcb700               Options.bottommost_compression_opts.strategy: 0
2019/10/17-14:54:06.084235 7fc3a9fcb700         Options.bottommost_compression_opts.max_dict_bytes: 0
2019/10/17-14:54:06.084236 7fc3a9fcb700         Options.bottommost_compression_opts.zstd_max_train_bytes: 0
2019/10/17-14:54:06.084237 7fc3a9fcb700                  Options.bottommost_compression_opts.enabled: false
2019/10/17-14:54:06.084239 7fc3a9fcb700            Options.compression_opts.window_bits: -14
2019/10/17-14:54:06.084240 7fc3a9fcb700                  Options.compression_opts.level: 32767
2019/10/17-14:54:06.084241 7fc3a9fcb700               Options.compression_opts.strategy: 0
2019/10/17-14:54:06.084243 7fc3a9fcb700         Options.compression_opts.max_dict_bytes: 0
2019/10/17-14:54:06.084244 7fc3a9fcb700         Options.compression_opts.zstd_max_train_bytes: 0
2019/10/17-14:54:06.084245 7fc3a9fcb700                  Options.compression_opts.enabled: false
2019/10/17-14:54:06.084246 7fc3a9fcb700      Options.level0_file_num_compaction_trigger: 4
2019/10/17-14:54:06.084247 7fc3a9fcb700          Options.level0_slowdown_writes_trigger: 20
2019/10/17-14:54:06.084249 7fc3a9fcb700              Options.level0_stop_writes_trigger: 36
2019/10/17-14:54:06.084250 7fc3a9fcb700                   Options.target_file_size_base: 67108864
2019/10/17-14:54:06.084251 7fc3a9fcb700             Options.target_file_size_multiplier: 1
2019/10/17-14:54:06.084252 7fc3a9fcb700                Options.max_bytes_for_level_base: 268435456
2019/10/17-14:54:06.084254 7fc3a9fcb700 Options.level_compaction_dynamic_level_bytes: 0
2019/10/17-14:54:06.084255 7fc3a9fcb700          Options.max_bytes_for_level_multiplier: 10.000000
2019/10/17-14:54:06.084257 7fc3a9fcb700 Options.max_bytes_for_level_multiplier_addtl[0]: 1
2019/10/17-14:54:06.084259 7fc3a9fcb700 Options.max_bytes_for_level_multiplier_addtl[1]: 1
2019/10/17-14:54:06.084260 7fc3a9fcb700 Options.max_bytes_for_level_multiplier_addtl[2]: 1
2019/10/17-14:54:06.084261 7fc3a9fcb700 Options.max_bytes_for_level_multiplier_addtl[3]: 1
2019/10/17-14:54:06.084263 7fc3a9fcb700 Options.max_bytes_for_level_multiplier_addtl[4]: 1
2019/10/17-14:54:06.084264 7fc3a9fcb700 Options.max_bytes_for_level_multiplier_addtl[5]: 1
2019/10/17-14:54:06.084265 7fc3a9fcb700 Options.max_bytes_for_level_multiplier_addtl[6]: 1
2019/10/17-14:54:06.084266 7fc3a9fcb700       Options.max_sequential_skip_in_iterations: 8
2019/10/17-14:54:06.084273 7fc3a9fcb700                    Options.max_compaction_bytes: 1677721600
2019/10/17-14:54:06.084275 7fc3a9fcb700                        Options.arena_block_size: 8388608
2019/10/17-14:54:06.084276 7fc3a9fcb700   Options.soft_pending_compaction_bytes_limit: 68719476736
2019/10/17-14:54:06.084278 7fc3a9fcb700   Options.hard_pending_compaction_bytes_limit: 274877906944
2019/10/17-14:54:06.084279 7fc3a9fcb700       Options.rate_limit_delay_max_milliseconds: 100
2019/10/17-14:54:06.084280 7fc3a9fcb700                Options.disable_auto_compactions: 0
2019/10/17-14:54:06.084282 7fc3a9fcb700                        Options.compaction_style: kCompactionStyleLevel
2019/10/17-14:54:06.084283 7fc3a9fcb700                          Options.compaction_pri: kByCompensatedSize
2019/10/17-14:54:06.084284 7fc3a9fcb700 Options.compaction_options_universal.size_ratio: 1
2019/10/17-14:54:06.084286 7fc3a9fcb700 Options.compaction_options_universal.min_merge_width: 2
2019/10/17-14:54:06.084287 7fc3a9fcb700 Options.compaction_options_universal.max_merge_width: 4294967295
2019/10/17-14:54:06.084288 7fc3a9fcb700 Options.compaction_options_universal.max_size_amplification_percent: 200
2019/10/17-14:54:06.084290 7fc3a9fcb700 Options.compaction_options_universal.compression_size_percent: -1
2019/10/17-14:54:06.084291 7fc3a9fcb700 Options.compaction_options_universal.stop_style: kCompactionStopStyleTotalSize
2019/10/17-14:54:06.084293 7fc3a9fcb700 Options.compaction_options_fifo.max_table_files_size: 1073741824
2019/10/17-14:54:06.084294 7fc3a9fcb700 Options.compaction_options_fifo.allow_compaction: 0
2019/10/17-14:54:06.084295 7fc3a9fcb700 Options.compaction_options_fifo.ttl: 0
2019/10/17-14:54:06.084297 7fc3a9fcb700                   Options.table_properties_collectors: 
2019/10/17-14:54:06.084298 7fc3a9fcb700                   Options.inplace_update_support: 0
2019/10/17-14:54:06.084299 7fc3a9fcb700                 Options.inplace_update_num_locks: 10000
2019/10/17-14:54:06.084300 7fc3a9fcb700               Options.memtable_prefix_bloom_size_ratio: 0.000000
2019/10/17-14:54:06.084302 7fc3a9fcb700   Options.memtable_huge_page_size: 0
2019/10/17-14:54:06.084303 7fc3a9fcb700                           Options.bloom_locality: 0
2019/10/17-14:54:06.084305 7fc3a9fcb700                    Options.max_successive_merges: 0
2019/10/17-14:54:06.084306 7fc3a9fcb700                Options.optimize_filters_for_hits: 0
2019/10/17-14:54:06.084307 7fc3a9fcb700                Options.paranoid_file_checks: 0
2019/10/17-14:54:06.084308 7fc3a9fcb700                Options.force_consistency_checks: 0
2019/10/17-14:54:06.084310 7fc3a9fcb700                Options.report_bg_io_stats: 0
2019/10/17-14:54:06.084311 7fc3a9fcb700                               Options.ttl: 0
2019/10/17-14:54:06.084337 7fc3a9fcb700 [db/column_family.cc:472] --------------- Options for column family [entries]:
2019/10/17-14:54:06.084339 7fc3a9fcb700               Options.comparator: leveldb.BytewiseComparator
2019/10/17-14:54:06.084340 7fc3a9fcb700           Options.merge_operator: None
2019/10/17-14:54:06.084341 7fc3a9fcb700        Options.compaction_filter: None
2019/10/17-14:54:06.084343 7fc3a9fcb700        Options.compaction_filter_factory: None
2019/10/17-14:54:06.084344 7fc3a9fcb700         Options.memtable_factory: SkipListFactory
2019/10/17-14:54:06.084345 7fc3a9fcb700            Options.table_factory: BlockBasedTable
2019/10/17-14:54:06.084361 7fc3a9fcb700            table_factory options:   flush_block_policy_factory: FlushBlockBySizePolicyFactory (0x7fc350037eb0)
  cache_index_and_filter_blocks: 0
  cache_index_and_filter_blocks_with_high_priority: 0
  pin_l0_filter_and_index_blocks_in_cache: 0
  pin_top_level_index_and_filter: 1
  index_type: 0
  hash_index_allow_collision: 1
  checksum: 1
  no_block_cache: 0
  block_cache: 0x7fc35007b340
  block_cache_name: LRUCache
  block_cache_options:
    capacity : 8388608
    num_shard_bits : 4
    strict_capacity_limit : 0
    memory_allocator : None
    high_pri_pool_ratio: 0.000
  block_cache_compressed: (nil)
  persistent_cache: (nil)
  block_size: 4096
  block_size_deviation: 10
  block_restart_interval: 16
  index_block_restart_interval: 1
  metadata_block_size: 4096
  partition_filters: 0
  use_delta_encoding: 1
  filter_policy: nullptr
  whole_key_filtering: 1
  verify_compression: 0
  read_amp_bytes_per_bit: 0
  format_version: 2
  enable_index_compression: 1
  block_align: 0
2019/10/17-14:54:06.084372 7fc3a9fcb700        Options.write_buffer_size: 67108864
2019/10/17-14:54:06.084373 7fc3a9fcb700  Options.max_write_buffer_number: 2
2019/10/17-14:54:06.084375 7fc3a9fcb700          Options.compression: NoCompression
2019/10/17-14:54:06.084376 7fc3a9fcb700                  Options.bottommost_compression: Disabled
2019/10/17-14:54:06.084377 7fc3a9fcb700       Options.prefix_extractor: nullptr
2019/10/17-14:54:06.084379 7fc3a9fcb700   Options.memtable_insert_with_hint_prefix_extractor: nullptr
2019/10/17-14:54:06.084380 7fc3a9fcb700             Options.num_levels: 7
2019/10/17-14:54:06.084381 7fc3a9fcb700        Options.min_write_buffer_number_to_merge: 1
2019/10/17-14:54:06.084382 7fc3a9fcb700     Options.max_write_buffer_number_to_maintain: 0
2019/10/17-14:54:06.084384 7fc3a9fcb700            Options.bottommost_compression_opts.window_bits: -14
2019/10/17-14:54:06.084385 7fc3a9fcb700                  Options.bottommost_compression_opts.level: 32767
2019/10/17-14:54:06.084386 7fc3a9fcb700               Options.bottommost_compression_opts.strategy: 0
2019/10/17-14:54:06.084387 7fc3a9fcb700         Options.bottommost_compression_opts.max_dict_bytes: 0
2019/10/17-14:54:06.084389 7fc3a9fcb700         Options.bottommost_compression_opts.zstd_max_train_bytes: 0
2019/10/17-14:54:06.084390 7fc3a9fcb700                  Options.bottommost_compression_opts.enabled: false
2019/10/17-14:54:06.084391 7fc3a9fcb700            Options.compression_opts.window_bits: -14
2019/10/17-14:54:06.084392 7fc3a9fcb700                  Options.compression_opts.level: 32767
2019/10/17-14:54:06.084394 7fc3a9fcb700               Options.compression_opts.strategy: 0
2019/10/17-14:54:06.084395 7fc3a9fcb700         Options.compression_opts.max_dict_bytes: 0
2019/10/17-14:54:06.084396 7fc3a9fcb700         Options.compression_opts.zstd_max_train_bytes: 0
2019/10/17-14:54:06.084397 7fc3a9fcb700                  Options.compression_opts.enabled: false
2019/10/17-14:54:06.084399 7fc3a9fcb700      Options.level0_file_num_compaction_trigger: 4
2019/10/17-14:54:06.084400 7fc3a9fcb700          Options.level0_slowdown_writes_trigger: 20
2019/10/17-14:54:06.084401 7fc3a9fcb700              Options.level0_stop_writes_trigger: 36
2019/10/17-14:54:06.084402 7fc3a9fcb700                   Options.target_file_size_base: 67108864
2019/10/17-14:54:06.084403 7fc3a9fcb700             Options.target_file_size_multiplier: 1
2019/10/17-14:54:06.084405 7fc3a9fcb700                Options.max_bytes_for_level_base: 268435456
2019/10/17-14:54:06.084406 7fc3a9fcb700 Options.level_compaction_dynamic_level_bytes: 0
2019/10/17-14:54:06.084407 7fc3a9fcb700          Options.max_bytes_for_level_multiplier: 10.000000
2019/10/17-14:54:06.084409 7fc3a9fcb700 Options.max_bytes_for_level_multiplier_addtl[0]: 1
2019/10/17-14:54:06.084411 7fc3a9fcb700 Options.max_bytes_for_level_multiplier_addtl[1]: 1
2019/10/17-14:54:06.084412 7fc3a9fcb700 Options.max_bytes_for_level_multiplier_addtl[2]: 1
2019/10/17-14:54:06.084413 7fc3a9fcb700 Options.max_bytes_for_level_multiplier_addtl[3]: 1
2019/10/17-14:54:06.084415 7fc3a9fcb700 Options.max_bytes_for_level_multiplier_addtl[4]: 1
2019/10/17-14:54:06.084416 7fc3a9fcb700 Options.max_bytes_for_level_multiplier_addtl[5]: 1
2019/10/17-14:54:06.084417 7fc3a9fcb700 Options.max_bytes_for_level_multiplier_addtl[6]: 1
2019/10/17-14:54:06.084418 7fc3a9fcb700       Options.max_sequential_skip_in_iterations: 8
2019/10/17-14:54:06.084420 7fc3a9fcb700                    Options.max_compaction_bytes: 1677721600
2019/10/17-14:54:06.084421 7fc3a9fcb700                        Options.arena_block_size: 8388608
2019/10/17-14:54:06.084422 7fc3a9fcb700   Options.soft_pending_compaction_bytes_limit: 68719476736
2019/10/17-14:54:06.084429 7fc3a9fcb700   Options.hard_pending_compaction_bytes_limit: 274877906944
2019/10/17-14:54:06.084431 7fc3a9fcb700       Options.rate_limit_delay_max_milliseconds: 100
2019/10/17-14:54:06.084432 7fc3a9fcb700                Options.disable_auto_compactions: 0
2019/10/17-14:54:06.084433 7fc3a9fcb700                        Options.compaction_style: kCompactionStyleLevel
2019/10/17-14:54:06.084435 7fc3a9fcb700                          Options.compaction_pri: kByCompensatedSize
2019/10/17-14:54:06.084436 7fc3a9fcb700 Options.compaction_options_universal.size_ratio: 1
2019/10/17-14:54:06.084437 7fc3a9fcb700 Options.compaction_options_universal.min_merge_width: 2
2019/10/17-14:54:06.084439 7fc3a9fcb700 Options.compaction_options_universal.max_merge_width: 4294967295
2019/10/17-14:54:06.084440 7fc3a9fcb700 Options.compaction_options_universal.max_size_amplification_percent: 200
2019/10/17-14:54:06.084441 7fc3a9fcb700 Options.compaction_options_universal.compression_size_percent: -1
2019/10/17-14:54:06.084443 7fc3a9fcb700 Options.compaction_options_universal.stop_style: kCompactionStopStyleTotalSize
2019/10/17-14:54:06.084444 7fc3a9fcb700 Options.compaction_options_fifo.max_table_files_size: 1073741824
2019/10/17-14:54:06.084445 7fc3a9fcb700 Options.compaction_options_fifo.allow_compaction: 0
2019/10/17-14:54:06.084447 7fc3a9fcb700 Options.compaction_options_fifo.ttl: 0
2019/10/17-14:54:06.084448 7fc3a9fcb700                   Options.table_properties_collectors: 
2019/10/17-14:54:06.084449 7fc3a9fcb700                   Options.inplace_update_support: 0
2019/10/17-14:54:06.084450 7fc3a9fcb700                 Options.inplace_update_num_locks: 10000
2019/10/17-14:54:06.084452 7fc3a9fcb700               Options.memtable_prefix_bloom_size_ratio: 0.000000
2019/10/17-14:54:06.084453 7fc3a9fcb700   Options.memtable_huge_page_size: 0
2019/10/17-14:54:06.084455 7fc3a9fcb700                           Options.bloom_locality: 0
2019/10/17-14:54:06.084456 7fc3a9fcb700                    Options.max_successive_merges: 0
2019/10/17-14:54:06.084457 7fc3a9fcb700                Options.optimize_filters_for_hits: 0
2019/10/17-14:54:06.084458 7fc3a9fcb700                Options.paranoid_file_checks: 0
2019/10/17-14:54:06.084459 7fc3a9fcb700                Options.force_consistency_checks: 0
2019/10/17-14:54:06.084461 7fc3a9fcb700                Options.report_bg_io_stats: 0
2019/10/17-14:54:06.084462 7fc3a9fcb700                               Options.ttl: 0
2019/10/17-14:54:06.084485 7fc3a9fcb700 [db/column_family.cc:472] --------------- Options for column family [dc_entries]:
2019/10/17-14:54:06.084487 7fc3a9fcb700               Options.comparator: leveldb.BytewiseComparator
2019/10/17-14:54:06.084489 7fc3a9fcb700           Options.merge_operator: None
2019/10/17-14:54:06.084490 7fc3a9fcb700        Options.compaction_filter: None
2019/10/17-14:54:06.084491 7fc3a9fcb700        Options.compaction_filter_factory: None
2019/10/17-14:54:06.084492 7fc3a9fcb700         Options.memtable_factory: SkipListFactory
2019/10/17-14:54:06.084494 7fc3a9fcb700            Options.table_factory: BlockBasedTable
2019/10/17-14:54:06.084509 7fc3a9fcb700            table_factory options:   flush_block_policy_factory: FlushBlockBySizePolicyFactory (0x7fc3500db960)
  cache_index_and_filter_blocks: 0
  cache_index_and_filter_blocks_with_high_priority: 0
  pin_l0_filter_and_index_blocks_in_cache: 0
  pin_top_level_index_and_filter: 1
  index_type: 0
  hash_index_allow_collision: 1
  checksum: 1
  no_block_cache: 0
  block_cache: 0x7fc350089790
  block_cache_name: LRUCache
  block_cache_options:
    capacity : 8388608
    num_shard_bits : 4
    strict_capacity_limit : 0
    memory_allocator : None
    high_pri_pool_ratio: 0.000
  block_cache_compressed: (nil)
  persistent_cache: (nil)
  block_size: 4096
  block_size_deviation: 10
  block_restart_interval: 16
  index_block_restart_interval: 1
  metadata_block_size: 4096
  partition_filters: 0
  use_delta_encoding: 1
  filter_policy: nullptr
  whole_key_filtering: 1
  verify_compression: 0
  read_amp_bytes_per_bit: 0
  format_version: 2
  enable_index_compression: 1
  block_align: 0
2019/10/17-14:54:06.084518 7fc3a9fcb700        Options.write_buffer_size: 67108864
2019/10/17-14:54:06.084520 7fc3a9fcb700  Options.max_write_buffer_number: 2
2019/10/17-14:54:06.084521 7fc3a9fcb700          Options.compression: NoCompression
2019/10/17-14:54:06.084523 7fc3a9fcb700                  Options.bottommost_compression: Disabled
2019/10/17-14:54:06.084524 7fc3a9fcb700       Options.prefix_extractor: nullptr
2019/10/17-14:54:06.084525 7fc3a9fcb700   Options.memtable_insert_with_hint_prefix_extractor: nullptr
2019/10/17-14:54:06.084526 7fc3a9fcb700             Options.num_levels: 7
2019/10/17-14:54:06.084528 7fc3a9fcb700        Options.min_write_buffer_number_to_merge: 1
2019/10/17-14:54:06.084529 7fc3a9fcb700     Options.max_write_buffer_number_to_maintain: 0
2019/10/17-14:54:06.084530 7fc3a9fcb700            Options.bottommost_compression_opts.window_bits: -14
2019/10/17-14:54:06.084531 7fc3a9fcb700                  Options.bottommost_compression_opts.level: 32767
2019/10/17-14:54:06.084533 7fc3a9fcb700               Options.bottommost_compression_opts.strategy: 0
2019/10/17-14:54:06.084534 7fc3a9fcb700         Options.bottommost_compression_opts.max_dict_bytes: 0
2019/10/17-14:54:06.084535 7fc3a9fcb700         Options.bottommost_compression_opts.zstd_max_train_bytes: 0
2019/10/17-14:54:06.084536 7fc3a9fcb700                  Options.bottommost_compression_opts.enabled: false
2019/10/17-14:54:06.084538 7fc3a9fcb700            Options.compression_opts.window_bits: -14
2019/10/17-14:54:06.084539 7fc3a9fcb700                  Options.compression_opts.level: 32767
2019/10/17-14:54:06.084540 7fc3a9fcb700               Options.compression_opts.strategy: 0
2019/10/17-14:54:06.084541 7fc3a9fcb700         Options.compression_opts.max_dict_bytes: 0
2019/10/17-14:54:06.084543 7fc3a9fcb700         Options.compression_opts.zstd_max_train_bytes: 0
2019/10/17-14:54:06.084544 7fc3a9fcb700                  Options.compression_opts.enabled: false
2019/10/17-14:54:06.084545 7fc3a9fcb700      Options.level0_file_num_compaction_trigger: 4
2019/10/17-14:54:06.084547 7fc3a9fcb700          Options.level0_slowdown_writes_trigger: 20
2019/10/17-14:54:06.084548 7fc3a9fcb700              Options.level0_stop_writes_trigger: 36
2019/10/17-14:54:06.084549 7fc3a9fcb700                   Options.target_file_size_base: 67108864
2019/10/17-14:54:06.084550 7fc3a9fcb700             Options.target_file_size_multiplier: 1
2019/10/17-14:54:06.084552 7fc3a9fcb700                Options.max_bytes_for_level_base: 268435456
2019/10/17-14:54:06.084553 7fc3a9fcb700 Options.level_compaction_dynamic_level_bytes: 0
2019/10/17-14:54:06.084554 7fc3a9fcb700          Options.max_bytes_for_level_multiplier: 10.000000
2019/10/17-14:54:06.084556 7fc3a9fcb700 Options.max_bytes_for_level_multiplier_addtl[0]: 1
2019/10/17-14:54:06.084557 7fc3a9fcb700 Options.max_bytes_for_level_multiplier_addtl[1]: 1
2019/10/17-14:54:06.084559 7fc3a9fcb700 Options.max_bytes_for_level_multiplier_addtl[2]: 1
2019/10/17-14:54:06.084560 7fc3a9fcb700 Options.max_bytes_for_level_multiplier_addtl[3]: 1
2019/10/17-14:54:06.084561 7fc3a9fcb700 Options.max_bytes_for_level_multiplier_addtl[4]: 1
2019/10/17-14:54:06.084562 7fc3a9fcb700 Options.max_bytes_for_level_multiplier_addtl[5]: 1
2019/10/17-14:54:06.084564 7fc3a9fcb700 Options.max_bytes_for_level_multiplier_addtl[6]: 1
2019/10/17-14:54:06.084565 7fc3a9fcb700       Options.max_sequential_skip_in_iterations: 8
2019/10/17-14:54:06.084566 7fc3a9fcb700                    Options.max_compaction_bytes: 1677721600
2019/10/17-14:54:06.084567 7fc3a9fcb700                        Options.arena_block_size: 8388608
2019/10/17-14:54:06.084569 7fc3a9fcb700   Options.soft_pending_compaction_bytes_limit: 68719476736
2019/10/17-14:54:06.084570 7fc3a9fcb700   Options.hard_pending_compaction_bytes_limit: 274877906944
2019/10/17-14:54:06.084571 7fc3a9fcb700       Options.rate_limit_delay_max_milliseconds: 100
2019/10/17-14:54:06.084573 7fc3a9fcb700                Options.disable_auto_compactions: 0
2019/10/17-14:54:06.084580 7fc3a9fcb700                        Options.compaction_style: kCompactionStyleLevel
2019/10/17-14:54:06.084582 7fc3a9fcb700                          Options.compaction_pri: kByCompensatedSize
2019/10/17-14:54:06.084583 7fc3a9fcb700 Options.compaction_options_universal.size_ratio: 1
2019/10/17-14:54:06.084584 7fc3a9fcb700 Options.compaction_options_universal.min_merge_width: 2
2019/10/17-14:54:06.084585 7fc3a9fcb700 Options.compaction_options_universal.max_merge_width: 4294967295
2019/10/17-14:54:06.084587 7fc3a9fcb700 Options.compaction_options_universal.max_size_amplification_percent: 200
2019/10/17-14:54:06.084588 7fc3a9fcb700 Options.compaction_options_universal.compression_size_percent: -1
2019/10/17-14:54:06.084589 7fc3a9fcb700 Options.compaction_options_universal.stop_style: kCompactionStopStyleTotalSize
2019/10/17-14:54:06.084591 7fc3a9fcb700 Options.compaction_options_fifo.max_table_files_size: 1073741824
2019/10/17-14:54:06.084592 7fc3a9fcb700 Options.compaction_options_fifo.allow_compaction: 0
2019/10/17-14:54:06.084593 7fc3a9fcb700 Options.compaction_options_fifo.ttl: 0
2019/10/17-14:54:06.084594 7fc3a9fcb700                   Options.table_properties_collectors: 
2019/10/17-14:54:06.084596 7fc3a9fcb700                   Options.inplace_update_support: 0
2019/10/17-14:54:06.084597 7fc3a9fcb700                 Options.inplace_update_num_locks: 10000
2019/10/17-14:54:06.084598 7fc3a9fcb700               Options.memtable_prefix_bloom_size_ratio: 0.000000
2019/10/17-14:54:06.084600 7fc3a9fcb700   Options.memtable_huge_page_size: 0
2019/10/17-14:54:06.084601 7fc3a9fcb700                           Options.bloom_locality: 0
2019/10/17-14:54:06.084602 7fc3a9fcb700                    Options.max_successive_merges: 0
2019/10/17-14:54:06.084604 7fc3a9fcb700                Options.optimize_filters_for_hits: 0
2019/10/17-14:54:06.084605 7fc3a9fcb700                Options.paranoid_file_checks: 0
2019/10/17-14:54:06.084606 7fc3a9fcb700                Options.force_consistency_checks: 0
2019/10/17-14:54:06.084607 7fc3a9fcb700                Options.report_bg_io_stats: 0
2019/10/17-14:54:06.084608 7fc3a9fcb700                               Options.ttl: 0
2019/10/17-14:54:06.084628 7fc3a9fcb700 [db/column_family.cc:472] --------------- Options for column family [htlcs]:
2019/10/17-14:54:06.084630 7fc3a9fcb700               Options.comparator: leveldb.BytewiseComparator
2019/10/17-14:54:06.084631 7fc3a9fcb700           Options.merge_operator: None
2019/10/17-14:54:06.084632 7fc3a9fcb700        Options.compaction_filter: None
2019/10/17-14:54:06.084634 7fc3a9fcb700        Options.compaction_filter_factory: None
2019/10/17-14:54:06.084635 7fc3a9fcb700         Options.memtable_factory: SkipListFactory
2019/10/17-14:54:06.084636 7fc3a9fcb700            Options.table_factory: BlockBasedTable
2019/10/17-14:54:06.084651 7fc3a9fcb700            table_factory options:   flush_block_policy_factory: FlushBlockBySizePolicyFactory (0x7fc3500dbc80)
