2019/10/17-14:56:03.288808 7fbc2cd30700 RocksDB version: 5.18.3
2019/10/17-14:56:03.288838 7fbc2cd30700 Git sha rocksdb_build_git_sha:@0@
2019/10/17-14:56:03.288839 7fbc2cd30700 Compile date Sep 19 2019
2019/10/17-14:56:03.288841 7fbc2cd30700 DB SUMMARY
2019/10/17-14:56:03.289497 7fbc2cd30700 CURRENT file:  CURRENT
2019/10/17-14:56:03.289498 7fbc2cd30700 IDENTITY file:  IDENTITY
2019/10/17-14:56:03.289525 7fbc2cd30700 MANIFEST file:  MANIFEST-116716 size: 4114 Bytes
2019/10/17-14:56:03.289527 7fbc2cd30700 SST files in /home/rahul/dev/blockchain-core/eqc/ledger.db dir, Total Num: 29, files: 000624.sst 000627.sst 106940.sst 108447.sst 108450.sst 109471.sst 109483.sst 109485.sst 109486.sst 
2019/10/17-14:56:03.289528 7fbc2cd30700 Write Ahead Log file in /home/rahul/dev/blockchain-core/eqc/ledger.db: 116717.log size: 0 ; 
2019/10/17-14:56:03.289559 7fbc2cd30700                         Options.error_if_exists: 0
2019/10/17-14:56:03.289560 7fbc2cd30700                       Options.create_if_missing: 1
2019/10/17-14:56:03.289561 7fbc2cd30700                         Options.paranoid_checks: 1
2019/10/17-14:56:03.289562 7fbc2cd30700                                     Options.env: 0x7fbbafa7bc60
2019/10/17-14:56:03.289562 7fbc2cd30700                                Options.info_log: 0x7fbbb809dd00
2019/10/17-14:56:03.289563 7fbc2cd30700                Options.max_file_opening_threads: 16
2019/10/17-14:56:03.289564 7fbc2cd30700                              Options.statistics: (nil)
2019/10/17-14:56:03.289565 7fbc2cd30700                               Options.use_fsync: 0
2019/10/17-14:56:03.289566 7fbc2cd30700                       Options.max_log_file_size: 0
2019/10/17-14:56:03.289566 7fbc2cd30700                  Options.max_manifest_file_size: 1073741824
2019/10/17-14:56:03.289567 7fbc2cd30700                   Options.log_file_time_to_roll: 0
2019/10/17-14:56:03.289568 7fbc2cd30700                       Options.keep_log_file_num: 1000
2019/10/17-14:56:03.289569 7fbc2cd30700                    Options.recycle_log_file_num: 0
2019/10/17-14:56:03.289569 7fbc2cd30700                         Options.allow_fallocate: 1
2019/10/17-14:56:03.289570 7fbc2cd30700                        Options.allow_mmap_reads: 0
2019/10/17-14:56:03.289571 7fbc2cd30700                       Options.allow_mmap_writes: 0
2019/10/17-14:56:03.289571 7fbc2cd30700                        Options.use_direct_reads: 0
2019/10/17-14:56:03.289572 7fbc2cd30700                        Options.use_direct_io_for_flush_and_compaction: 0
2019/10/17-14:56:03.289573 7fbc2cd30700          Options.create_missing_column_families: 0
2019/10/17-14:56:03.289573 7fbc2cd30700                              Options.db_log_dir: 
2019/10/17-14:56:03.289574 7fbc2cd30700                                 Options.wal_dir: /home/rahul/dev/blockchain-core/eqc/ledger.db
2019/10/17-14:56:03.289575 7fbc2cd30700                Options.table_cache_numshardbits: 6
2019/10/17-14:56:03.289575 7fbc2cd30700                      Options.max_subcompactions: 1
2019/10/17-14:56:03.289576 7fbc2cd30700                  Options.max_background_flushes: -1
2019/10/17-14:56:03.289577 7fbc2cd30700                         Options.WAL_ttl_seconds: 0
2019/10/17-14:56:03.289578 7fbc2cd30700                       Options.WAL_size_limit_MB: 0
2019/10/17-14:56:03.289578 7fbc2cd30700             Options.manifest_preallocation_size: 4194304
2019/10/17-14:56:03.289579 7fbc2cd30700                     Options.is_fd_close_on_exec: 1
2019/10/17-14:56:03.289580 7fbc2cd30700                   Options.advise_random_on_open: 1
2019/10/17-14:56:03.289581 7fbc2cd30700                    Options.db_write_buffer_size: 0
2019/10/17-14:56:03.289581 7fbc2cd30700                    Options.write_buffer_manager: 0x7fbbb843d010
2019/10/17-14:56:03.289582 7fbc2cd30700         Options.access_hint_on_compaction_start: 1
2019/10/17-14:56:03.289583 7fbc2cd30700  Options.new_table_reader_for_compaction_inputs: 0
2019/10/17-14:56:03.289583 7fbc2cd30700           Options.random_access_max_buffer_size: 1048576
2019/10/17-14:56:03.289584 7fbc2cd30700                      Options.use_adaptive_mutex: 0
2019/10/17-14:56:03.289585 7fbc2cd30700                            Options.rate_limiter: (nil)
2019/10/17-14:56:03.289593 7fbc2cd30700     Options.sst_file_manager.rate_bytes_per_sec: 0
2019/10/17-14:56:03.289594 7fbc2cd30700                       Options.wal_recovery_mode: 2
2019/10/17-14:56:03.289594 7fbc2cd30700                  Options.enable_thread_tracking: 0
2019/10/17-14:56:03.289595 7fbc2cd30700                  Options.enable_pipelined_write: 0
2019/10/17-14:56:03.289596 7fbc2cd30700         Options.allow_concurrent_memtable_write: 1
2019/10/17-14:56:03.289596 7fbc2cd30700      Options.enable_write_thread_adaptive_yield: 1
2019/10/17-14:56:03.289597 7fbc2cd30700             Options.write_thread_max_yield_usec: 100
2019/10/17-14:56:03.289598 7fbc2cd30700            Options.write_thread_slow_yield_usec: 3
2019/10/17-14:56:03.289599 7fbc2cd30700                               Options.row_cache: None
2019/10/17-14:56:03.289599 7fbc2cd30700                              Options.wal_filter: None
2019/10/17-14:56:03.289600 7fbc2cd30700             Options.avoid_flush_during_recovery: 0
2019/10/17-14:56:03.289601 7fbc2cd30700             Options.allow_ingest_behind: 0
2019/10/17-14:56:03.289601 7fbc2cd30700             Options.preserve_deletes: 0
2019/10/17-14:56:03.289602 7fbc2cd30700             Options.two_write_queues: 0
2019/10/17-14:56:03.289603 7fbc2cd30700             Options.manual_wal_flush: 0
2019/10/17-14:56:03.289604 7fbc2cd30700             Options.max_background_jobs: 2
2019/10/17-14:56:03.289604 7fbc2cd30700             Options.max_background_compactions: -1
2019/10/17-14:56:03.289605 7fbc2cd30700             Options.avoid_flush_during_shutdown: 0
2019/10/17-14:56:03.289606 7fbc2cd30700           Options.writable_file_max_buffer_size: 1048576
2019/10/17-14:56:03.289606 7fbc2cd30700             Options.delayed_write_rate : 16777216
2019/10/17-14:56:03.289607 7fbc2cd30700             Options.max_total_wal_size: 0
2019/10/17-14:56:03.289608 7fbc2cd30700             Options.delete_obsolete_files_period_micros: 21600000000
2019/10/17-14:56:03.289608 7fbc2cd30700                   Options.stats_dump_period_sec: 600
2019/10/17-14:56:03.289609 7fbc2cd30700                          Options.max_open_files: -1
2019/10/17-14:56:03.289610 7fbc2cd30700                          Options.bytes_per_sync: 0
2019/10/17-14:56:03.289611 7fbc2cd30700                      Options.wal_bytes_per_sync: 0
2019/10/17-14:56:03.289611 7fbc2cd30700       Options.compaction_readahead_size: 0
2019/10/17-14:56:03.289612 7fbc2cd30700 Compression algorithms supported:
2019/10/17-14:56:03.289613 7fbc2cd30700 	kZSTDNotFinalCompression supported: 0
2019/10/17-14:56:03.289614 7fbc2cd30700 	kZSTD supported: 0
2019/10/17-14:56:03.289615 7fbc2cd30700 	kXpressCompression supported: 0
2019/10/17-14:56:03.289616 7fbc2cd30700 	kLZ4HCCompression supported: 0
2019/10/17-14:56:03.289616 7fbc2cd30700 	kLZ4Compression supported: 0
2019/10/17-14:56:03.289617 7fbc2cd30700 	kBZip2Compression supported: 0
2019/10/17-14:56:03.289618 7fbc2cd30700 	kZlibCompression supported: 0
2019/10/17-14:56:03.289618 7fbc2cd30700 	kSnappyCompression supported: 0
2019/10/17-14:56:03.289620 7fbc2cd30700 Fast CRC32 supported: Supported on x86
2019/10/17-14:56:03.289704 7fbc2cd30700 [db/version_set.cc:3507] Recovering from manifest file: MANIFEST-116716
2019/10/17-14:56:03.289734 7fbc2cd30700 [db/column_family.cc:472] --------------- Options for column family [default]:
2019/10/17-14:56:03.289736 7fbc2cd30700               Options.comparator: leveldb.BytewiseComparator
2019/10/17-14:56:03.289737 7fbc2cd30700           Options.merge_operator: None
2019/10/17-14:56:03.289737 7fbc2cd30700        Options.compaction_filter: None
2019/10/17-14:56:03.289738 7fbc2cd30700        Options.compaction_filter_factory: None
2019/10/17-14:56:03.289739 7fbc2cd30700         Options.memtable_factory: SkipListFactory
2019/10/17-14:56:03.289740 7fbc2cd30700            Options.table_factory: BlockBasedTable
2019/10/17-14:56:03.289755 7fbc2cd30700            table_factory options:   flush_block_policy_factory: FlushBlockBySizePolicyFactory (0x7fbbb843cb60)
  cache_index_and_filter_blocks: 0
  cache_index_and_filter_blocks_with_high_priority: 0
  pin_l0_filter_and_index_blocks_in_cache: 0
  pin_top_level_index_and_filter: 1
  index_type: 0
  hash_index_allow_collision: 1
  checksum: 1
  no_block_cache: 0
  block_cache: 0x7fbbb80f9a70
  block_cache_name: LRUCache
  block_cache_options:
    capacity : 8388608
    num_shard_bits : 4
    strict_capacity_limit : 0
    memory_allocator : None
    high_pri_pool_ratio: 0.000
  block_cache_compressed: (nil)
  persistent_cache: (nil)
  block_size: 4096
  block_size_deviation: 10
  block_restart_interval: 16
  index_block_restart_interval: 1
  metadata_block_size: 4096
  partition_filters: 0
  use_delta_encoding: 1
  filter_policy: nullptr
  whole_key_filtering: 1
  verify_compression: 0
  read_amp_bytes_per_bit: 0
  format_version: 2
  enable_index_compression: 1
  block_align: 0
2019/10/17-14:56:03.289762 7fbc2cd30700        Options.write_buffer_size: 67108864
2019/10/17-14:56:03.289763 7fbc2cd30700  Options.max_write_buffer_number: 2
2019/10/17-14:56:03.289764 7fbc2cd30700          Options.compression: NoCompression
2019/10/17-14:56:03.289765 7fbc2cd30700                  Options.bottommost_compression: Disabled
2019/10/17-14:56:03.289766 7fbc2cd30700       Options.prefix_extractor: nullptr
2019/10/17-14:56:03.289766 7fbc2cd30700   Options.memtable_insert_with_hint_prefix_extractor: nullptr
2019/10/17-14:56:03.289767 7fbc2cd30700             Options.num_levels: 7
2019/10/17-14:56:03.289768 7fbc2cd30700        Options.min_write_buffer_number_to_merge: 1
2019/10/17-14:56:03.289769 7fbc2cd30700     Options.max_write_buffer_number_to_maintain: 0
2019/10/17-14:56:03.289769 7fbc2cd30700            Options.bottommost_compression_opts.window_bits: -14
2019/10/17-14:56:03.289770 7fbc2cd30700                  Options.bottommost_compression_opts.level: 32767
2019/10/17-14:56:03.289771 7fbc2cd30700               Options.bottommost_compression_opts.strategy: 0
2019/10/17-14:56:03.289771 7fbc2cd30700         Options.bottommost_compression_opts.max_dict_bytes: 0
2019/10/17-14:56:03.289772 7fbc2cd30700         Options.bottommost_compression_opts.zstd_max_train_bytes: 0
2019/10/17-14:56:03.289773 7fbc2cd30700                  Options.bottommost_compression_opts.enabled: false
2019/10/17-14:56:03.289774 7fbc2cd30700            Options.compression_opts.window_bits: -14
2019/10/17-14:56:03.289774 7fbc2cd30700                  Options.compression_opts.level: 32767
2019/10/17-14:56:03.289775 7fbc2cd30700               Options.compression_opts.strategy: 0
2019/10/17-14:56:03.289776 7fbc2cd30700         Options.compression_opts.max_dict_bytes: 0
2019/10/17-14:56:03.289776 7fbc2cd30700         Options.compression_opts.zstd_max_train_bytes: 0
2019/10/17-14:56:03.289777 7fbc2cd30700                  Options.compression_opts.enabled: false
2019/10/17-14:56:03.289778 7fbc2cd30700      Options.level0_file_num_compaction_trigger: 4
2019/10/17-14:56:03.289778 7fbc2cd30700          Options.level0_slowdown_writes_trigger: 20
2019/10/17-14:56:03.289779 7fbc2cd30700              Options.level0_stop_writes_trigger: 36
2019/10/17-14:56:03.289780 7fbc2cd30700                   Options.target_file_size_base: 67108864
2019/10/17-14:56:03.289781 7fbc2cd30700             Options.target_file_size_multiplier: 1
2019/10/17-14:56:03.289781 7fbc2cd30700                Options.max_bytes_for_level_base: 268435456
2019/10/17-14:56:03.289782 7fbc2cd30700 Options.level_compaction_dynamic_level_bytes: 0
2019/10/17-14:56:03.289783 7fbc2cd30700          Options.max_bytes_for_level_multiplier: 10.000000
2019/10/17-14:56:03.289785 7fbc2cd30700 Options.max_bytes_for_level_multiplier_addtl[0]: 1
2019/10/17-14:56:03.289786 7fbc2cd30700 Options.max_bytes_for_level_multiplier_addtl[1]: 1
2019/10/17-14:56:03.289786 7fbc2cd30700 Options.max_bytes_for_level_multiplier_addtl[2]: 1
2019/10/17-14:56:03.289787 7fbc2cd30700 Options.max_bytes_for_level_multiplier_addtl[3]: 1
2019/10/17-14:56:03.289788 7fbc2cd30700 Options.max_bytes_for_level_multiplier_addtl[4]: 1
2019/10/17-14:56:03.289792 7fbc2cd30700 Options.max_bytes_for_level_multiplier_addtl[5]: 1
2019/10/17-14:56:03.289792 7fbc2cd30700 Options.max_bytes_for_level_multiplier_addtl[6]: 1
2019/10/17-14:56:03.289793 7fbc2cd30700       Options.max_sequential_skip_in_iterations: 8
2019/10/17-14:56:03.289794 7fbc2cd30700                    Options.max_compaction_bytes: 1677721600
2019/10/17-14:56:03.289795 7fbc2cd30700                        Options.arena_block_size: 8388608
2019/10/17-14:56:03.289795 7fbc2cd30700   Options.soft_pending_compaction_bytes_limit: 68719476736
2019/10/17-14:56:03.289796 7fbc2cd30700   Options.hard_pending_compaction_bytes_limit: 274877906944
2019/10/17-14:56:03.289797 7fbc2cd30700       Options.rate_limit_delay_max_milliseconds: 100
2019/10/17-14:56:03.289798 7fbc2cd30700                Options.disable_auto_compactions: 0
2019/10/17-14:56:03.289799 7fbc2cd30700                        Options.compaction_style: kCompactionStyleLevel
2019/10/17-14:56:03.289800 7fbc2cd30700                          Options.compaction_pri: kByCompensatedSize
2019/10/17-14:56:03.289800 7fbc2cd30700 Options.compaction_options_universal.size_ratio: 1
2019/10/17-14:56:03.289801 7fbc2cd30700 Options.compaction_options_universal.min_merge_width: 2
2019/10/17-14:56:03.289802 7fbc2cd30700 Options.compaction_options_universal.max_merge_width: 4294967295
2019/10/17-14:56:03.289803 7fbc2cd30700 Options.compaction_options_universal.max_size_amplification_percent: 200
2019/10/17-14:56:03.289803 7fbc2cd30700 Options.compaction_options_universal.compression_size_percent: -1
2019/10/17-14:56:03.289804 7fbc2cd30700 Options.compaction_options_universal.stop_style: kCompactionStopStyleTotalSize
2019/10/17-14:56:03.289805 7fbc2cd30700 Options.compaction_options_fifo.max_table_files_size: 1073741824
2019/10/17-14:56:03.289806 7fbc2cd30700 Options.compaction_options_fifo.allow_compaction: 0
2019/10/17-14:56:03.289807 7fbc2cd30700 Options.compaction_options_fifo.ttl: 0
2019/10/17-14:56:03.289807 7fbc2cd30700                   Options.table_properties_collectors: 
2019/10/17-14:56:03.289808 7fbc2cd30700                   Options.inplace_update_support: 0
2019/10/17-14:56:03.289809 7fbc2cd30700                 Options.inplace_update_num_locks: 10000
2019/10/17-14:56:03.289809 7fbc2cd30700               Options.memtable_prefix_bloom_size_ratio: 0.000000
2019/10/17-14:56:03.289811 7fbc2cd30700   Options.memtable_huge_page_size: 0
2019/10/17-14:56:03.289811 7fbc2cd30700                           Options.bloom_locality: 0
2019/10/17-14:56:03.289812 7fbc2cd30700                    Options.max_successive_merges: 0
2019/10/17-14:56:03.289813 7fbc2cd30700                Options.optimize_filters_for_hits: 0
2019/10/17-14:56:03.289813 7fbc2cd30700                Options.paranoid_file_checks: 0
2019/10/17-14:56:03.289814 7fbc2cd30700                Options.force_consistency_checks: 0
2019/10/17-14:56:03.289815 7fbc2cd30700                Options.report_bg_io_stats: 0
2019/10/17-14:56:03.289815 7fbc2cd30700                               Options.ttl: 0
2019/10/17-14:56:03.289840 7fbc2cd30700 [db/column_family.cc:472] --------------- Options for column family [active_gateways]:
2019/10/17-14:56:03.289841 7fbc2cd30700               Options.comparator: leveldb.BytewiseComparator
2019/10/17-14:56:03.289842 7fbc2cd30700           Options.merge_operator: None
2019/10/17-14:56:03.289843 7fbc2cd30700        Options.compaction_filter: None
2019/10/17-14:56:03.289843 7fbc2cd30700        Options.compaction_filter_factory: None
2019/10/17-14:56:03.289844 7fbc2cd30700         Options.memtable_factory: SkipListFactory
2019/10/17-14:56:03.289845 7fbc2cd30700            Options.table_factory: BlockBasedTable
2019/10/17-14:56:03.289854 7fbc2cd30700            table_factory options:   flush_block_policy_factory: FlushBlockBySizePolicyFactory (0x7fbbb80224e0)
  cache_index_and_filter_blocks: 0
  cache_index_and_filter_blocks_with_high_priority: 0
  pin_l0_filter_and_index_blocks_in_cache: 0
  pin_top_level_index_and_filter: 1
  index_type: 0
  hash_index_allow_collision: 1
  checksum: 1
  no_block_cache: 0
  block_cache: 0x7fbbb802fd60
  block_cache_name: LRUCache
  block_cache_options:
    capacity : 8388608
    num_shard_bits : 4
    strict_capacity_limit : 0
    memory_allocator : None
    high_pri_pool_ratio: 0.000
  block_cache_compressed: (nil)
  persistent_cache: (nil)
  block_size: 4096
  block_size_deviation: 10
  block_restart_interval: 16
  index_block_restart_interval: 1
  metadata_block_size: 4096
  partition_filters: 0
  use_delta_encoding: 1
  filter_policy: nullptr
  whole_key_filtering: 1
  verify_compression: 0
  read_amp_bytes_per_bit: 0
  format_version: 2
  enable_index_compression: 1
  block_align: 0
2019/10/17-14:56:03.289860 7fbc2cd30700        Options.write_buffer_size: 67108864
2019/10/17-14:56:03.289861 7fbc2cd30700  Options.max_write_buffer_number: 2
2019/10/17-14:56:03.289862 7fbc2cd30700          Options.compression: NoCompression
2019/10/17-14:56:03.289863 7fbc2cd30700                  Options.bottommost_compression: Disabled
2019/10/17-14:56:03.289863 7fbc2cd30700       Options.prefix_extractor: nullptr
2019/10/17-14:56:03.289864 7fbc2cd30700   Options.memtable_insert_with_hint_prefix_extractor: nullptr
2019/10/17-14:56:03.289865 7fbc2cd30700             Options.num_levels: 7
2019/10/17-14:56:03.289865 7fbc2cd30700        Options.min_write_buffer_number_to_merge: 1
2019/10/17-14:56:03.289866 7fbc2cd30700     Options.max_write_buffer_number_to_maintain: 0
2019/10/17-14:56:03.289867 7fbc2cd30700            Options.bottommost_compression_opts.window_bits: -14
2019/10/17-14:56:03.289867 7fbc2cd30700                  Options.bottommost_compression_opts.level: 32767
2019/10/17-14:56:03.289868 7fbc2cd30700               Options.bottommost_compression_opts.strategy: 0
2019/10/17-14:56:03.289869 7fbc2cd30700         Options.bottommost_compression_opts.max_dict_bytes: 0
2019/10/17-14:56:03.289869 7fbc2cd30700         Options.bottommost_compression_opts.zstd_max_train_bytes: 0
2019/10/17-14:56:03.289870 7fbc2cd30700                  Options.bottommost_compression_opts.enabled: false
2019/10/17-14:56:03.289871 7fbc2cd30700            Options.compression_opts.window_bits: -14
2019/10/17-14:56:03.289871 7fbc2cd30700                  Options.compression_opts.level: 32767
2019/10/17-14:56:03.289872 7fbc2cd30700               Options.compression_opts.strategy: 0
2019/10/17-14:56:03.289873 7fbc2cd30700         Options.compression_opts.max_dict_bytes: 0
2019/10/17-14:56:03.289873 7fbc2cd30700         Options.compression_opts.zstd_max_train_bytes: 0
2019/10/17-14:56:03.289874 7fbc2cd30700                  Options.compression_opts.enabled: false
2019/10/17-14:56:03.289875 7fbc2cd30700      Options.level0_file_num_compaction_trigger: 4
2019/10/17-14:56:03.289876 7fbc2cd30700          Options.level0_slowdown_writes_trigger: 20
2019/10/17-14:56:03.289876 7fbc2cd30700              Options.level0_stop_writes_trigger: 36
2019/10/17-14:56:03.289877 7fbc2cd30700                   Options.target_file_size_base: 67108864
2019/10/17-14:56:03.289878 7fbc2cd30700             Options.target_file_size_multiplier: 1
2019/10/17-14:56:03.289878 7fbc2cd30700                Options.max_bytes_for_level_base: 268435456
2019/10/17-14:56:03.289879 7fbc2cd30700 Options.level_compaction_dynamic_level_bytes: 0
2019/10/17-14:56:03.289880 7fbc2cd30700          Options.max_bytes_for_level_multiplier: 10.000000
2019/10/17-14:56:03.289881 7fbc2cd30700 Options.max_bytes_for_level_multiplier_addtl[0]: 1
2019/10/17-14:56:03.289882 7fbc2cd30700 Options.max_bytes_for_level_multiplier_addtl[1]: 1
2019/10/17-14:56:03.289882 7fbc2cd30700 Options.max_bytes_for_level_multiplier_addtl[2]: 1
2019/10/17-14:56:03.289883 7fbc2cd30700 Options.max_bytes_for_level_multiplier_addtl[3]: 1
2019/10/17-14:56:03.289884 7fbc2cd30700 Options.max_bytes_for_level_multiplier_addtl[4]: 1
2019/10/17-14:56:03.289884 7fbc2cd30700 Options.max_bytes_for_level_multiplier_addtl[5]: 1
2019/10/17-14:56:03.289885 7fbc2cd30700 Options.max_bytes_for_level_multiplier_addtl[6]: 1
2019/10/17-14:56:03.289886 7fbc2cd30700       Options.max_sequential_skip_in_iterations: 8
2019/10/17-14:56:03.289890 7fbc2cd30700                    Options.max_compaction_bytes: 1677721600
2019/10/17-14:56:03.289891 7fbc2cd30700                        Options.arena_block_size: 8388608
2019/10/17-14:56:03.289891 7fbc2cd30700   Options.soft_pending_compaction_bytes_limit: 68719476736
2019/10/17-14:56:03.289892 7fbc2cd30700   Options.hard_pending_compaction_bytes_limit: 274877906944
2019/10/17-14:56:03.289893 7fbc2cd30700       Options.rate_limit_delay_max_milliseconds: 100
2019/10/17-14:56:03.289894 7fbc2cd30700                Options.disable_auto_compactions: 0
2019/10/17-14:56:03.289894 7fbc2cd30700                        Options.compaction_style: kCompactionStyleLevel
2019/10/17-14:56:03.289895 7fbc2cd30700                          Options.compaction_pri: kByCompensatedSize
2019/10/17-14:56:03.289896 7fbc2cd30700 Options.compaction_options_universal.size_ratio: 1
2019/10/17-14:56:03.289897 7fbc2cd30700 Options.compaction_options_universal.min_merge_width: 2
2019/10/17-14:56:03.289898 7fbc2cd30700 Options.compaction_options_universal.max_merge_width: 4294967295
2019/10/17-14:56:03.289898 7fbc2cd30700 Options.compaction_options_universal.max_size_amplification_percent: 200
2019/10/17-14:56:03.289899 7fbc2cd30700 Options.compaction_options_universal.compression_size_percent: -1
2019/10/17-14:56:03.289900 7fbc2cd30700 Options.compaction_options_universal.stop_style: kCompactionStopStyleTotalSize
2019/10/17-14:56:03.289900 7fbc2cd30700 Options.compaction_options_fifo.max_table_files_size: 1073741824
2019/10/17-14:56:03.289901 7fbc2cd30700 Options.compaction_options_fifo.allow_compaction: 0
2019/10/17-14:56:03.289902 7fbc2cd30700 Options.compaction_options_fifo.ttl: 0
2019/10/17-14:56:03.289902 7fbc2cd30700                   Options.table_properties_collectors: 
2019/10/17-14:56:03.289903 7fbc2cd30700                   Options.inplace_update_support: 0
2019/10/17-14:56:03.289904 7fbc2cd30700                 Options.inplace_update_num_locks: 10000
2019/10/17-14:56:03.289905 7fbc2cd30700               Options.memtable_prefix_bloom_size_ratio: 0.000000
2019/10/17-14:56:03.289906 7fbc2cd30700   Options.memtable_huge_page_size: 0
2019/10/17-14:56:03.289906 7fbc2cd30700                           Options.bloom_locality: 0
2019/10/17-14:56:03.289907 7fbc2cd30700                    Options.max_successive_merges: 0
2019/10/17-14:56:03.289908 7fbc2cd30700                Options.optimize_filters_for_hits: 0
2019/10/17-14:56:03.289908 7fbc2cd30700                Options.paranoid_file_checks: 0
2019/10/17-14:56:03.289909 7fbc2cd30700                Options.force_consistency_checks: 0
2019/10/17-14:56:03.289910 7fbc2cd30700                Options.report_bg_io_stats: 0
2019/10/17-14:56:03.289910 7fbc2cd30700                               Options.ttl: 0
2019/10/17-14:56:03.289924 7fbc2cd30700 [db/column_family.cc:472] --------------- Options for column family [entries]:
2019/10/17-14:56:03.289926 7fbc2cd30700               Options.comparator: leveldb.BytewiseComparator
2019/10/17-14:56:03.289926 7fbc2cd30700           Options.merge_operator: None
2019/10/17-14:56:03.289927 7fbc2cd30700        Options.compaction_filter: None
2019/10/17-14:56:03.289928 7fbc2cd30700        Options.compaction_filter_factory: None
2019/10/17-14:56:03.289928 7fbc2cd30700         Options.memtable_factory: SkipListFactory
2019/10/17-14:56:03.289929 7fbc2cd30700            Options.table_factory: BlockBasedTable
2019/10/17-14:56:03.289938 7fbc2cd30700            table_factory options:   flush_block_policy_factory: FlushBlockBySizePolicyFactory (0x7fbbb804cd30)
  cache_index_and_filter_blocks: 0
  cache_index_and_filter_blocks_with_high_priority: 0
  pin_l0_filter_and_index_blocks_in_cache: 0
  pin_top_level_index_and_filter: 1
  index_type: 0
  hash_index_allow_collision: 1
  checksum: 1
  no_block_cache: 0
  block_cache: 0x7fbbb80a35e0
  block_cache_name: LRUCache
  block_cache_options:
    capacity : 8388608
    num_shard_bits : 4
    strict_capacity_limit : 0
    memory_allocator : None
    high_pri_pool_ratio: 0.000
  block_cache_compressed: (nil)
  persistent_cache: (nil)
  block_size: 4096
  block_size_deviation: 10
  block_restart_interval: 16
  index_block_restart_interval: 1
  metadata_block_size: 4096
  partition_filters: 0
  use_delta_encoding: 1
  filter_policy: nullptr
  whole_key_filtering: 1
  verify_compression: 0
  read_amp_bytes_per_bit: 0
  format_version: 2
  enable_index_compression: 1
  block_align: 0
2019/10/17-14:56:03.289943 7fbc2cd30700        Options.write_buffer_size: 67108864
2019/10/17-14:56:03.289944 7fbc2cd30700  Options.max_write_buffer_number: 2
2019/10/17-14:56:03.289945 7fbc2cd30700          Options.compression: NoCompression
2019/10/17-14:56:03.289946 7fbc2cd30700                  Options.bottommost_compression: Disabled
2019/10/17-14:56:03.289946 7fbc2cd30700       Options.prefix_extractor: nullptr
2019/10/17-14:56:03.289947 7fbc2cd30700   Options.memtable_insert_with_hint_prefix_extractor: nullptr
2019/10/17-14:56:03.289948 7fbc2cd30700             Options.num_levels: 7
2019/10/17-14:56:03.289948 7fbc2cd30700        Options.min_write_buffer_number_to_merge: 1
2019/10/17-14:56:03.289949 7fbc2cd30700     Options.max_write_buffer_number_to_maintain: 0
2019/10/17-14:56:03.289950 7fbc2cd30700            Options.bottommost_compression_opts.window_bits: -14
2019/10/17-14:56:03.289950 7fbc2cd30700                  Options.bottommost_compression_opts.level: 32767
2019/10/17-14:56:03.289951 7fbc2cd30700               Options.bottommost_compression_opts.strategy: 0
2019/10/17-14:56:03.289952 7fbc2cd30700         Options.bottommost_compression_opts.max_dict_bytes: 0
2019/10/17-14:56:03.289952 7fbc2cd30700         Options.bottommost_compression_opts.zstd_max_train_bytes: 0
2019/10/17-14:56:03.289953 7fbc2cd30700                  Options.bottommost_compression_opts.enabled: false
2019/10/17-14:56:03.289954 7fbc2cd30700            Options.compression_opts.window_bits: -14
2019/10/17-14:56:03.289954 7fbc2cd30700                  Options.compression_opts.level: 32767
2019/10/17-14:56:03.289955 7fbc2cd30700               Options.compression_opts.strategy: 0
2019/10/17-14:56:03.289956 7fbc2cd30700         Options.compression_opts.max_dict_bytes: 0
2019/10/17-14:56:03.289956 7fbc2cd30700         Options.compression_opts.zstd_max_train_bytes: 0
2019/10/17-14:56:03.289957 7fbc2cd30700                  Options.compression_opts.enabled: false
2019/10/17-14:56:03.289958 7fbc2cd30700      Options.level0_file_num_compaction_trigger: 4
2019/10/17-14:56:03.289959 7fbc2cd30700          Options.level0_slowdown_writes_trigger: 20
2019/10/17-14:56:03.289959 7fbc2cd30700              Options.level0_stop_writes_trigger: 36
2019/10/17-14:56:03.289960 7fbc2cd30700                   Options.target_file_size_base: 67108864
2019/10/17-14:56:03.289961 7fbc2cd30700             Options.target_file_size_multiplier: 1
2019/10/17-14:56:03.289961 7fbc2cd30700                Options.max_bytes_for_level_base: 268435456
2019/10/17-14:56:03.289962 7fbc2cd30700 Options.level_compaction_dynamic_level_bytes: 0
2019/10/17-14:56:03.289963 7fbc2cd30700          Options.max_bytes_for_level_multiplier: 10.000000
2019/10/17-14:56:03.289964 7fbc2cd30700 Options.max_bytes_for_level_multiplier_addtl[0]: 1
2019/10/17-14:56:03.289965 7fbc2cd30700 Options.max_bytes_for_level_multiplier_addtl[1]: 1
2019/10/17-14:56:03.289965 7fbc2cd30700 Options.max_bytes_for_level_multiplier_addtl[2]: 1
2019/10/17-14:56:03.289966 7fbc2cd30700 Options.max_bytes_for_level_multiplier_addtl[3]: 1
2019/10/17-14:56:03.289967 7fbc2cd30700 Options.max_bytes_for_level_multiplier_addtl[4]: 1
2019/10/17-14:56:03.289967 7fbc2cd30700 Options.max_bytes_for_level_multiplier_addtl[5]: 1
2019/10/17-14:56:03.289968 7fbc2cd30700 Options.max_bytes_for_level_multiplier_addtl[6]: 1
2019/10/17-14:56:03.289969 7fbc2cd30700       Options.max_sequential_skip_in_iterations: 8
2019/10/17-14:56:03.289969 7fbc2cd30700                    Options.max_compaction_bytes: 1677721600
2019/10/17-14:56:03.289970 7fbc2cd30700                        Options.arena_block_size: 8388608
2019/10/17-14:56:03.289971 7fbc2cd30700   Options.soft_pending_compaction_bytes_limit: 68719476736
2019/10/17-14:56:03.289975 7fbc2cd30700   Options.hard_pending_compaction_bytes_limit: 274877906944
2019/10/17-14:56:03.289976 7fbc2cd30700       Options.rate_limit_delay_max_milliseconds: 100
2019/10/17-14:56:03.289976 7fbc2cd30700                Options.disable_auto_compactions: 0
2019/10/17-14:56:03.289977 7fbc2cd30700                        Options.compaction_style: kCompactionStyleLevel
2019/10/17-14:56:03.289978 7fbc2cd30700                          Options.compaction_pri: kByCompensatedSize
2019/10/17-14:56:03.289979 7fbc2cd30700 Options.compaction_options_universal.size_ratio: 1
2019/10/17-14:56:03.289980 7fbc2cd30700 Options.compaction_options_universal.min_merge_width: 2
2019/10/17-14:56:03.289980 7fbc2cd30700 Options.compaction_options_universal.max_merge_width: 4294967295
2019/10/17-14:56:03.289981 7fbc2cd30700 Options.compaction_options_universal.max_size_amplification_percent: 200
2019/10/17-14:56:03.289982 7fbc2cd30700 Options.compaction_options_universal.compression_size_percent: -1
2019/10/17-14:56:03.289982 7fbc2cd30700 Options.compaction_options_universal.stop_style: kCompactionStopStyleTotalSize
2019/10/17-14:56:03.289983 7fbc2cd30700 Options.compaction_options_fifo.max_table_files_size: 1073741824
2019/10/17-14:56:03.289984 7fbc2cd30700 Options.compaction_options_fifo.allow_compaction: 0
2019/10/17-14:56:03.289984 7fbc2cd30700 Options.compaction_options_fifo.ttl: 0
2019/10/17-14:56:03.289985 7fbc2cd30700                   Options.table_properties_collectors: 
2019/10/17-14:56:03.289986 7fbc2cd30700                   Options.inplace_update_support: 0
2019/10/17-14:56:03.289986 7fbc2cd30700                 Options.inplace_update_num_locks: 10000
2019/10/17-14:56:03.289987 7fbc2cd30700               Options.memtable_prefix_bloom_size_ratio: 0.000000
2019/10/17-14:56:03.289988 7fbc2cd30700   Options.memtable_huge_page_size: 0
2019/10/17-14:56:03.289989 7fbc2cd30700                           Options.bloom_locality: 0
2019/10/17-14:56:03.289989 7fbc2cd30700                    Options.max_successive_merges: 0
2019/10/17-14:56:03.289990 7fbc2cd30700                Options.optimize_filters_for_hits: 0
2019/10/17-14:56:03.289991 7fbc2cd30700                Options.paranoid_file_checks: 0
2019/10/17-14:56:03.289991 7fbc2cd30700                Options.force_consistency_checks: 0
2019/10/17-14:56:03.289992 7fbc2cd30700                Options.report_bg_io_stats: 0
2019/10/17-14:56:03.289993 7fbc2cd30700                               Options.ttl: 0
2019/10/17-14:56:03.290005 7fbc2cd30700 [db/column_family.cc:472] --------------- Options for column family [dc_entries]:
2019/10/17-14:56:03.290006 7fbc2cd30700               Options.comparator: leveldb.BytewiseComparator
2019/10/17-14:56:03.290007 7fbc2cd30700           Options.merge_operator: None
2019/10/17-14:56:03.290008 7fbc2cd30700        Options.compaction_filter: None
2019/10/17-14:56:03.290008 7fbc2cd30700        Options.compaction_filter_factory: None
2019/10/17-14:56:03.290009 7fbc2cd30700         Options.memtable_factory: SkipListFactory
2019/10/17-14:56:03.290010 7fbc2cd30700            Options.table_factory: BlockBasedTable
2019/10/17-14:56:03.290018 7fbc2cd30700            table_factory options:   flush_block_policy_factory: FlushBlockBySizePolicyFactory (0x7fbbb8057e80)
  cache_index_and_filter_blocks: 0
  cache_index_and_filter_blocks_with_high_priority: 0
  pin_l0_filter_and_index_blocks_in_cache: 0
  pin_top_level_index_and_filter: 1
  index_type: 0
  hash_index_allow_collision: 1
  checksum: 1
  no_block_cache: 0
  block_cache: 0x7fbbb80ed1c0
  block_cache_name: LRUCache
  block_cache_options:
    capacity : 8388608
    num_shard_bits : 4
    strict_capacity_limit : 0
    memory_allocator : None
    high_pri_pool_ratio: 0.000
  block_cache_compressed: (nil)
  persistent_cache: (nil)
  block_size: 4096
  block_size_deviation: 10
  block_restart_interval: 16
  index_block_restart_interval: 1
  metadata_block_size: 4096
  partition_filters: 0
  use_delta_encoding: 1
  filter_policy: nullptr
  whole_key_filtering: 1
  verify_compression: 0
  read_amp_bytes_per_bit: 0
  format_version: 2
  enable_index_compression: 1
  block_align: 0
2019/10/17-14:56:03.290024 7fbc2cd30700        Options.write_buffer_size: 67108864
2019/10/17-14:56:03.290025 7fbc2cd30700  Options.max_write_buffer_number: 2
2019/10/17-14:56:03.290026 7fbc2cd30700          Options.compression: NoCompression
2019/10/17-14:56:03.290026 7fbc2cd30700                  Options.bottommost_compression: Disabled
2019/10/17-14:56:03.290027 7fbc2cd30700       Options.prefix_extractor: nullptr
2019/10/17-14:56:03.290028 7fbc2cd30700   Options.memtable_insert_with_hint_prefix_extractor: nullptr
2019/10/17-14:56:03.290028 7fbc2cd30700             Options.num_levels: 7
2019/10/17-14:56:03.290029 7fbc2cd30700        Options.min_write_buffer_number_to_merge: 1
2019/10/17-14:56:03.290030 7fbc2cd30700     Options.max_write_buffer_number_to_maintain: 0
2019/10/17-14:56:03.290030 7fbc2cd30700            Options.bottommost_compression_opts.window_bits: -14
2019/10/17-14:56:03.290031 7fbc2cd30700                  Options.bottommost_compression_opts.level: 32767
2019/10/17-14:56:03.290032 7fbc2cd30700               Options.bottommost_compression_opts.strategy: 0
2019/10/17-14:56:03.290032 7fbc2cd30700         Options.bottommost_compression_opts.max_dict_bytes: 0
2019/10/17-14:56:03.290033 7fbc2cd30700         Options.bottommost_compression_opts.zstd_max_train_bytes: 0
2019/10/17-14:56:03.290034 7fbc2cd30700                  Options.bottommost_compression_opts.enabled: false
2019/10/17-14:56:03.290034 7fbc2cd30700            Options.compression_opts.window_bits: -14
2019/10/17-14:56:03.290035 7fbc2cd30700                  Options.compression_opts.level: 32767
2019/10/17-14:56:03.290036 7fbc2cd30700               Options.compression_opts.strategy: 0
2019/10/17-14:56:03.290036 7fbc2cd30700         Options.compression_opts.max_dict_bytes: 0
2019/10/17-14:56:03.290037 7fbc2cd30700         Options.compression_opts.zstd_max_train_bytes: 0
2019/10/17-14:56:03.290038 7fbc2cd30700                  Options.compression_opts.enabled: false
2019/10/17-14:56:03.290038 7fbc2cd30700      Options.level0_file_num_compaction_trigger: 4
2019/10/17-14:56:03.290039 7fbc2cd30700          Options.level0_slowdown_writes_trigger: 20
2019/10/17-14:56:03.290040 7fbc2cd30700              Options.level0_stop_writes_trigger: 36
2019/10/17-14:56:03.290041 7fbc2cd30700                   Options.target_file_size_base: 67108864
2019/10/17-14:56:03.290041 7fbc2cd30700             Options.target_file_size_multiplier: 1
2019/10/17-14:56:03.290042 7fbc2cd30700                Options.max_bytes_for_level_base: 268435456
2019/10/17-14:56:03.290043 7fbc2cd30700 Options.level_compaction_dynamic_level_bytes: 0
2019/10/17-14:56:03.290043 7fbc2cd30700          Options.max_bytes_for_level_multiplier: 10.000000
2019/10/17-14:56:03.290044 7fbc2cd30700 Options.max_bytes_for_level_multiplier_addtl[0]: 1
2019/10/17-14:56:03.290045 7fbc2cd30700 Options.max_bytes_for_level_multiplier_addtl[1]: 1
2019/10/17-14:56:03.290046 7fbc2cd30700 Options.max_bytes_for_level_multiplier_addtl[2]: 1
2019/10/17-14:56:03.290046 7fbc2cd30700 Options.max_bytes_for_level_multiplier_addtl[3]: 1
2019/10/17-14:56:03.290047 7fbc2cd30700 Options.max_bytes_for_level_multiplier_addtl[4]: 1
2019/10/17-14:56:03.290048 7fbc2cd30700 Options.max_bytes_for_level_multiplier_addtl[5]: 1
2019/10/17-14:56:03.290048 7fbc2cd30700 Options.max_bytes_for_level_multiplier_addtl[6]: 1
2019/10/17-14:56:03.290049 7fbc2cd30700       Options.max_sequential_skip_in_iterations: 8
2019/10/17-14:56:03.290050 7fbc2cd30700                    Options.max_compaction_bytes: 1677721600
2019/10/17-14:56:03.290051 7fbc2cd30700                        Options.arena_block_size: 8388608
2019/10/17-14:56:03.290051 7fbc2cd30700   Options.soft_pending_compaction_bytes_limit: 68719476736
2019/10/17-14:56:03.290052 7fbc2cd30700   Options.hard_pending_compaction_bytes_limit: 274877906944
2019/10/17-14:56:03.290053 7fbc2cd30700       Options.rate_limit_delay_max_milliseconds: 100
2019/10/17-14:56:03.290053 7fbc2cd30700                Options.disable_auto_compactions: 0
2019/10/17-14:56:03.290057 7fbc2cd30700                        Options.compaction_style: kCompactionStyleLevel
2019/10/17-14:56:03.290058 7fbc2cd30700                          Options.compaction_pri: kByCompensatedSize
2019/10/17-14:56:03.290059 7fbc2cd30700 Options.compaction_options_universal.size_ratio: 1
2019/10/17-14:56:03.290060 7fbc2cd30700 Options.compaction_options_universal.min_merge_width: 2
2019/10/17-14:56:03.290060 7fbc2cd30700 Options.compaction_options_universal.max_merge_width: 4294967295
2019/10/17-14:56:03.290061 7fbc2cd30700 Options.compaction_options_universal.max_size_amplification_percent: 200
2019/10/17-14:56:03.290062 7fbc2cd30700 Options.compaction_options_universal.compression_size_percent: -1
2019/10/17-14:56:03.290063 7fbc2cd30700 Options.compaction_options_universal.stop_style: kCompactionStopStyleTotalSize
2019/10/17-14:56:03.290063 7fbc2cd30700 Options.compaction_options_fifo.max_table_files_size: 1073741824
2019/10/17-14:56:03.290064 7fbc2cd30700 Options.compaction_options_fifo.allow_compaction: 0
2019/10/17-14:56:03.290065 7fbc2cd30700 Options.compaction_options_fifo.ttl: 0
2019/10/17-14:56:03.290065 7fbc2cd30700                   Options.table_properties_collectors: 
2019/10/17-14:56:03.290066 7fbc2cd30700                   Options.inplace_update_support: 0
2019/10/17-14:56:03.290067 7fbc2cd30700                 Options.inplace_update_num_locks: 10000
2019/10/17-14:56:03.290067 7fbc2cd30700               Options.memtable_prefix_bloom_size_ratio: 0.000000
2019/10/17-14:56:03.290068 7fbc2cd30700   Options.memtable_huge_page_size: 0
2019/10/17-14:56:03.290069 7fbc2cd30700                           Options.bloom_locality: 0
2019/10/17-14:56:03.290070 7fbc2cd30700                    Options.max_successive_merges: 0
2019/10/17-14:56:03.290070 7fbc2cd30700                Options.optimize_filters_for_hits: 0
2019/10/17-14:56:03.290071 7fbc2cd30700                Options.paranoid_file_checks: 0
2019/10/17-14:56:03.290072 7fbc2cd30700                Options.force_consistency_checks: 0
2019/10/17-14:56:03.290072 7fbc2cd30700                Options.report_bg_io_stats: 0
2019/10/17-14:56:03.290073 7fbc2cd30700                               Options.ttl: 0
2019/10/17-14:56:03.290084 7fbc2cd30700 [db/column_family.cc:472] --------------- Options for column family [htlcs]:
2019/10/17-14:56:03.290085 7fbc2cd30700               Options.comparator: leveldb.BytewiseComparator
2019/10/17-14:56:03.290086 7fbc2cd30700           Options.merge_operator: None
2019/10/17-14:56:03.290087 7fbc2cd30700        Options.compaction_filter: None
2019/10/17-14:56:03.290087 7fbc2cd30700        Options.compaction_filter_factory: None
2019/10/17-14:56:03.290088 7fbc2cd30700         Options.memtable_factory: SkipListFactory
2019/10/17-14:56:03.290089 7fbc2cd30700            Options.table_factory: BlockBasedTable
2019/10/17-14:56:03.290097 7fbc2cd30700            table_factory options:   flush_block_policy_factory: FlushBlockBySizePolicyFactory (0x7fbbb80867f0)
