2019/10/17-14:56:03.687230 7fbc2cd30700 RocksDB version: 5.18.3
2019/10/17-14:56:03.687273 7fbc2cd30700 Git sha rocksdb_build_git_sha:@0@
2019/10/17-14:56:03.687274 7fbc2cd30700 Compile date Sep 19 2019
2019/10/17-14:56:03.687275 7fbc2cd30700 DB SUMMARY
2019/10/17-14:56:03.687894 7fbc2cd30700 CURRENT file:  CURRENT
2019/10/17-14:56:03.687895 7fbc2cd30700 IDENTITY file:  IDENTITY
2019/10/17-14:56:03.687921 7fbc2cd30700 MANIFEST file:  MANIFEST-116725 size: 4114 Bytes
2019/10/17-14:56:03.687922 7fbc2cd30700 SST files in /home/rahul/dev/blockchain-core/eqc/ledger.db dir, Total Num: 29, files: 000624.sst 000627.sst 106940.sst 108447.sst 108450.sst 109471.sst 109483.sst 109485.sst 109486.sst 
2019/10/17-14:56:03.687923 7fbc2cd30700 Write Ahead Log file in /home/rahul/dev/blockchain-core/eqc/ledger.db: 116726.log size: 0 ; 
2019/10/17-14:56:03.687952 7fbc2cd30700                         Options.error_if_exists: 0
2019/10/17-14:56:03.687954 7fbc2cd30700                       Options.create_if_missing: 1
2019/10/17-14:56:03.687954 7fbc2cd30700                         Options.paranoid_checks: 1
2019/10/17-14:56:03.687955 7fbc2cd30700                                     Options.env: 0x7fbbafa7bc60
2019/10/17-14:56:03.687956 7fbc2cd30700                                Options.info_log: 0x7fbbb80eb950
2019/10/17-14:56:03.687956 7fbc2cd30700                Options.max_file_opening_threads: 16
2019/10/17-14:56:03.687957 7fbc2cd30700                              Options.statistics: (nil)
2019/10/17-14:56:03.687958 7fbc2cd30700                               Options.use_fsync: 0
2019/10/17-14:56:03.687959 7fbc2cd30700                       Options.max_log_file_size: 0
2019/10/17-14:56:03.687959 7fbc2cd30700                  Options.max_manifest_file_size: 1073741824
2019/10/17-14:56:03.687960 7fbc2cd30700                   Options.log_file_time_to_roll: 0
2019/10/17-14:56:03.687961 7fbc2cd30700                       Options.keep_log_file_num: 1000
2019/10/17-14:56:03.687961 7fbc2cd30700                    Options.recycle_log_file_num: 0
2019/10/17-14:56:03.687962 7fbc2cd30700                         Options.allow_fallocate: 1
2019/10/17-14:56:03.687963 7fbc2cd30700                        Options.allow_mmap_reads: 0
2019/10/17-14:56:03.687963 7fbc2cd30700                       Options.allow_mmap_writes: 0
2019/10/17-14:56:03.687964 7fbc2cd30700                        Options.use_direct_reads: 0
2019/10/17-14:56:03.687965 7fbc2cd30700                        Options.use_direct_io_for_flush_and_compaction: 0
2019/10/17-14:56:03.687965 7fbc2cd30700          Options.create_missing_column_families: 0
2019/10/17-14:56:03.687966 7fbc2cd30700                              Options.db_log_dir: 
2019/10/17-14:56:03.687967 7fbc2cd30700                                 Options.wal_dir: /home/rahul/dev/blockchain-core/eqc/ledger.db
2019/10/17-14:56:03.687967 7fbc2cd30700                Options.table_cache_numshardbits: 6
2019/10/17-14:56:03.687968 7fbc2cd30700                      Options.max_subcompactions: 1
2019/10/17-14:56:03.687969 7fbc2cd30700                  Options.max_background_flushes: -1
2019/10/17-14:56:03.687969 7fbc2cd30700                         Options.WAL_ttl_seconds: 0
2019/10/17-14:56:03.687970 7fbc2cd30700                       Options.WAL_size_limit_MB: 0
2019/10/17-14:56:03.687971 7fbc2cd30700             Options.manifest_preallocation_size: 4194304
2019/10/17-14:56:03.687971 7fbc2cd30700                     Options.is_fd_close_on_exec: 1
2019/10/17-14:56:03.687972 7fbc2cd30700                   Options.advise_random_on_open: 1
2019/10/17-14:56:03.687973 7fbc2cd30700                    Options.db_write_buffer_size: 0
2019/10/17-14:56:03.687973 7fbc2cd30700                    Options.write_buffer_manager: 0x7fbbb806a5a0
2019/10/17-14:56:03.687974 7fbc2cd30700         Options.access_hint_on_compaction_start: 1
2019/10/17-14:56:03.687975 7fbc2cd30700  Options.new_table_reader_for_compaction_inputs: 0
2019/10/17-14:56:03.687975 7fbc2cd30700           Options.random_access_max_buffer_size: 1048576
2019/10/17-14:56:03.687976 7fbc2cd30700                      Options.use_adaptive_mutex: 0
2019/10/17-14:56:03.687977 7fbc2cd30700                            Options.rate_limiter: (nil)
2019/10/17-14:56:03.687984 7fbc2cd30700     Options.sst_file_manager.rate_bytes_per_sec: 0
2019/10/17-14:56:03.687985 7fbc2cd30700                       Options.wal_recovery_mode: 2
2019/10/17-14:56:03.687986 7fbc2cd30700                  Options.enable_thread_tracking: 0
2019/10/17-14:56:03.687986 7fbc2cd30700                  Options.enable_pipelined_write: 0
2019/10/17-14:56:03.687987 7fbc2cd30700         Options.allow_concurrent_memtable_write: 1
2019/10/17-14:56:03.687988 7fbc2cd30700      Options.enable_write_thread_adaptive_yield: 1
2019/10/17-14:56:03.687988 7fbc2cd30700             Options.write_thread_max_yield_usec: 100
2019/10/17-14:56:03.687989 7fbc2cd30700            Options.write_thread_slow_yield_usec: 3
2019/10/17-14:56:03.687990 7fbc2cd30700                               Options.row_cache: None
2019/10/17-14:56:03.687990 7fbc2cd30700                              Options.wal_filter: None
2019/10/17-14:56:03.687991 7fbc2cd30700             Options.avoid_flush_during_recovery: 0
2019/10/17-14:56:03.687992 7fbc2cd30700             Options.allow_ingest_behind: 0
2019/10/17-14:56:03.687992 7fbc2cd30700             Options.preserve_deletes: 0
2019/10/17-14:56:03.687993 7fbc2cd30700             Options.two_write_queues: 0
2019/10/17-14:56:03.687994 7fbc2cd30700             Options.manual_wal_flush: 0
2019/10/17-14:56:03.687994 7fbc2cd30700             Options.max_background_jobs: 2
2019/10/17-14:56:03.687995 7fbc2cd30700             Options.max_background_compactions: -1
2019/10/17-14:56:03.687996 7fbc2cd30700             Options.avoid_flush_during_shutdown: 0
2019/10/17-14:56:03.687996 7fbc2cd30700           Options.writable_file_max_buffer_size: 1048576
2019/10/17-14:56:03.687997 7fbc2cd30700             Options.delayed_write_rate : 16777216
2019/10/17-14:56:03.687998 7fbc2cd30700             Options.max_total_wal_size: 0
2019/10/17-14:56:03.687998 7fbc2cd30700             Options.delete_obsolete_files_period_micros: 21600000000
2019/10/17-14:56:03.687999 7fbc2cd30700                   Options.stats_dump_period_sec: 600
2019/10/17-14:56:03.688000 7fbc2cd30700                          Options.max_open_files: -1
2019/10/17-14:56:03.688000 7fbc2cd30700                          Options.bytes_per_sync: 0
2019/10/17-14:56:03.688001 7fbc2cd30700                      Options.wal_bytes_per_sync: 0
2019/10/17-14:56:03.688002 7fbc2cd30700       Options.compaction_readahead_size: 0
2019/10/17-14:56:03.688002 7fbc2cd30700 Compression algorithms supported:
2019/10/17-14:56:03.688004 7fbc2cd30700 	kZSTDNotFinalCompression supported: 0
2019/10/17-14:56:03.688004 7fbc2cd30700 	kZSTD supported: 0
2019/10/17-14:56:03.688005 7fbc2cd30700 	kXpressCompression supported: 0
2019/10/17-14:56:03.688006 7fbc2cd30700 	kLZ4HCCompression supported: 0
2019/10/17-14:56:03.688007 7fbc2cd30700 	kLZ4Compression supported: 0
2019/10/17-14:56:03.688007 7fbc2cd30700 	kBZip2Compression supported: 0
2019/10/17-14:56:03.688008 7fbc2cd30700 	kZlibCompression supported: 0
2019/10/17-14:56:03.688009 7fbc2cd30700 	kSnappyCompression supported: 0
2019/10/17-14:56:03.688010 7fbc2cd30700 Fast CRC32 supported: Supported on x86
2019/10/17-14:56:03.688091 7fbc2cd30700 [db/version_set.cc:3507] Recovering from manifest file: MANIFEST-116725
2019/10/17-14:56:03.688120 7fbc2cd30700 [db/column_family.cc:472] --------------- Options for column family [default]:
2019/10/17-14:56:03.688121 7fbc2cd30700               Options.comparator: leveldb.BytewiseComparator
2019/10/17-14:56:03.688122 7fbc2cd30700           Options.merge_operator: None
2019/10/17-14:56:03.688123 7fbc2cd30700        Options.compaction_filter: None
2019/10/17-14:56:03.688123 7fbc2cd30700        Options.compaction_filter_factory: None
2019/10/17-14:56:03.688124 7fbc2cd30700         Options.memtable_factory: SkipListFactory
2019/10/17-14:56:03.688125 7fbc2cd30700            Options.table_factory: BlockBasedTable
2019/10/17-14:56:03.688139 7fbc2cd30700            table_factory options:   flush_block_policy_factory: FlushBlockBySizePolicyFactory (0x7fbbb80fc650)
  cache_index_and_filter_blocks: 0
  cache_index_and_filter_blocks_with_high_priority: 0
  pin_l0_filter_and_index_blocks_in_cache: 0
  pin_top_level_index_and_filter: 1
  index_type: 0
  hash_index_allow_collision: 1
  checksum: 1
  no_block_cache: 0
  block_cache: 0x7fbbb8034500
  block_cache_name: LRUCache
  block_cache_options:
    capacity : 8388608
    num_shard_bits : 4
    strict_capacity_limit : 0
    memory_allocator : None
    high_pri_pool_ratio: 0.000
  block_cache_compressed: (nil)
  persistent_cache: (nil)
  block_size: 4096
  block_size_deviation: 10
  block_restart_interval: 16
  index_block_restart_interval: 1
  metadata_block_size: 4096
  partition_filters: 0
  use_delta_encoding: 1
  filter_policy: nullptr
  whole_key_filtering: 1
  verify_compression: 0
  read_amp_bytes_per_bit: 0
  format_version: 2
  enable_index_compression: 1
  block_align: 0
2019/10/17-14:56:03.688146 7fbc2cd30700        Options.write_buffer_size: 67108864
2019/10/17-14:56:03.688147 7fbc2cd30700  Options.max_write_buffer_number: 2
2019/10/17-14:56:03.688148 7fbc2cd30700          Options.compression: NoCompression
2019/10/17-14:56:03.688149 7fbc2cd30700                  Options.bottommost_compression: Disabled
2019/10/17-14:56:03.688150 7fbc2cd30700       Options.prefix_extractor: nullptr
2019/10/17-14:56:03.688150 7fbc2cd30700   Options.memtable_insert_with_hint_prefix_extractor: nullptr
2019/10/17-14:56:03.688151 7fbc2cd30700             Options.num_levels: 7
2019/10/17-14:56:03.688152 7fbc2cd30700        Options.min_write_buffer_number_to_merge: 1
2019/10/17-14:56:03.688152 7fbc2cd30700     Options.max_write_buffer_number_to_maintain: 0
2019/10/17-14:56:03.688153 7fbc2cd30700            Options.bottommost_compression_opts.window_bits: -14
2019/10/17-14:56:03.688154 7fbc2cd30700                  Options.bottommost_compression_opts.level: 32767
2019/10/17-14:56:03.688154 7fbc2cd30700               Options.bottommost_compression_opts.strategy: 0
2019/10/17-14:56:03.688155 7fbc2cd30700         Options.bottommost_compression_opts.max_dict_bytes: 0
2019/10/17-14:56:03.688156 7fbc2cd30700         Options.bottommost_compression_opts.zstd_max_train_bytes: 0
2019/10/17-14:56:03.688156 7fbc2cd30700                  Options.bottommost_compression_opts.enabled: false
2019/10/17-14:56:03.688157 7fbc2cd30700            Options.compression_opts.window_bits: -14
2019/10/17-14:56:03.688158 7fbc2cd30700                  Options.compression_opts.level: 32767
2019/10/17-14:56:03.688158 7fbc2cd30700               Options.compression_opts.strategy: 0
2019/10/17-14:56:03.688159 7fbc2cd30700         Options.compression_opts.max_dict_bytes: 0
2019/10/17-14:56:03.688160 7fbc2cd30700         Options.compression_opts.zstd_max_train_bytes: 0
2019/10/17-14:56:03.688160 7fbc2cd30700                  Options.compression_opts.enabled: false
2019/10/17-14:56:03.688161 7fbc2cd30700      Options.level0_file_num_compaction_trigger: 4
2019/10/17-14:56:03.688161 7fbc2cd30700          Options.level0_slowdown_writes_trigger: 20
2019/10/17-14:56:03.688162 7fbc2cd30700              Options.level0_stop_writes_trigger: 36
2019/10/17-14:56:03.688163 7fbc2cd30700                   Options.target_file_size_base: 67108864
2019/10/17-14:56:03.688163 7fbc2cd30700             Options.target_file_size_multiplier: 1
2019/10/17-14:56:03.688164 7fbc2cd30700                Options.max_bytes_for_level_base: 268435456
2019/10/17-14:56:03.688165 7fbc2cd30700 Options.level_compaction_dynamic_level_bytes: 0
2019/10/17-14:56:03.688165 7fbc2cd30700          Options.max_bytes_for_level_multiplier: 10.000000
2019/10/17-14:56:03.688167 7fbc2cd30700 Options.max_bytes_for_level_multiplier_addtl[0]: 1
2019/10/17-14:56:03.688168 7fbc2cd30700 Options.max_bytes_for_level_multiplier_addtl[1]: 1
2019/10/17-14:56:03.688169 7fbc2cd30700 Options.max_bytes_for_level_multiplier_addtl[2]: 1
2019/10/17-14:56:03.688169 7fbc2cd30700 Options.max_bytes_for_level_multiplier_addtl[3]: 1
2019/10/17-14:56:03.688170 7fbc2cd30700 Options.max_bytes_for_level_multiplier_addtl[4]: 1
2019/10/17-14:56:03.688174 7fbc2cd30700 Options.max_bytes_for_level_multiplier_addtl[5]: 1
2019/10/17-14:56:03.688174 7fbc2cd30700 Options.max_bytes_for_level_multiplier_addtl[6]: 1
2019/10/17-14:56:03.688175 7fbc2cd30700       Options.max_sequential_skip_in_iterations: 8
2019/10/17-14:56:03.688176 7fbc2cd30700                    Options.max_compaction_bytes: 1677721600
2019/10/17-14:56:03.688177 7fbc2cd30700                        Options.arena_block_size: 8388608
2019/10/17-14:56:03.688177 7fbc2cd30700   Options.soft_pending_compaction_bytes_limit: 68719476736
2019/10/17-14:56:03.688178 7fbc2cd30700   Options.hard_pending_compaction_bytes_limit: 274877906944
2019/10/17-14:56:03.688179 7fbc2cd30700       Options.rate_limit_delay_max_milliseconds: 100
2019/10/17-14:56:03.688179 7fbc2cd30700                Options.disable_auto_compactions: 0
2019/10/17-14:56:03.688180 7fbc2cd30700                        Options.compaction_style: kCompactionStyleLevel
2019/10/17-14:56:03.688182 7fbc2cd30700                          Options.compaction_pri: kByCompensatedSize
2019/10/17-14:56:03.688182 7fbc2cd30700 Options.compaction_options_universal.size_ratio: 1
2019/10/17-14:56:03.688183 7fbc2cd30700 Options.compaction_options_universal.min_merge_width: 2
2019/10/17-14:56:03.688184 7fbc2cd30700 Options.compaction_options_universal.max_merge_width: 4294967295
2019/10/17-14:56:03.688184 7fbc2cd30700 Options.compaction_options_universal.max_size_amplification_percent: 200
2019/10/17-14:56:03.688185 7fbc2cd30700 Options.compaction_options_universal.compression_size_percent: -1
2019/10/17-14:56:03.688186 7fbc2cd30700 Options.compaction_options_universal.stop_style: kCompactionStopStyleTotalSize
2019/10/17-14:56:03.688186 7fbc2cd30700 Options.compaction_options_fifo.max_table_files_size: 1073741824
2019/10/17-14:56:03.688187 7fbc2cd30700 Options.compaction_options_fifo.allow_compaction: 0
2019/10/17-14:56:03.688188 7fbc2cd30700 Options.compaction_options_fifo.ttl: 0
2019/10/17-14:56:03.688189 7fbc2cd30700                   Options.table_properties_collectors: 
2019/10/17-14:56:03.688189 7fbc2cd30700                   Options.inplace_update_support: 0
2019/10/17-14:56:03.688190 7fbc2cd30700                 Options.inplace_update_num_locks: 10000
2019/10/17-14:56:03.688190 7fbc2cd30700               Options.memtable_prefix_bloom_size_ratio: 0.000000
2019/10/17-14:56:03.688191 7fbc2cd30700   Options.memtable_huge_page_size: 0
2019/10/17-14:56:03.688192 7fbc2cd30700                           Options.bloom_locality: 0
2019/10/17-14:56:03.688193 7fbc2cd30700                    Options.max_successive_merges: 0
2019/10/17-14:56:03.688193 7fbc2cd30700                Options.optimize_filters_for_hits: 0
2019/10/17-14:56:03.688194 7fbc2cd30700                Options.paranoid_file_checks: 0
2019/10/17-14:56:03.688195 7fbc2cd30700                Options.force_consistency_checks: 0
2019/10/17-14:56:03.688195 7fbc2cd30700                Options.report_bg_io_stats: 0
2019/10/17-14:56:03.688196 7fbc2cd30700                               Options.ttl: 0
2019/10/17-14:56:03.688219 7fbc2cd30700 [db/column_family.cc:472] --------------- Options for column family [active_gateways]:
2019/10/17-14:56:03.688220 7fbc2cd30700               Options.comparator: leveldb.BytewiseComparator
2019/10/17-14:56:03.688221 7fbc2cd30700           Options.merge_operator: None
2019/10/17-14:56:03.688222 7fbc2cd30700        Options.compaction_filter: None
2019/10/17-14:56:03.688222 7fbc2cd30700        Options.compaction_filter_factory: None
2019/10/17-14:56:03.688223 7fbc2cd30700         Options.memtable_factory: SkipListFactory
2019/10/17-14:56:03.688224 7fbc2cd30700            Options.table_factory: BlockBasedTable
2019/10/17-14:56:03.688233 7fbc2cd30700            table_factory options:   flush_block_policy_factory: FlushBlockBySizePolicyFactory (0x7fbbb80224e0)
  cache_index_and_filter_blocks: 0
  cache_index_and_filter_blocks_with_high_priority: 0
  pin_l0_filter_and_index_blocks_in_cache: 0
  pin_top_level_index_and_filter: 1
  index_type: 0
  hash_index_allow_collision: 1
  checksum: 1
  no_block_cache: 0
  block_cache: 0x7fbbb80f2ee0
  block_cache_name: LRUCache
  block_cache_options:
    capacity : 8388608
    num_shard_bits : 4
    strict_capacity_limit : 0
    memory_allocator : None
    high_pri_pool_ratio: 0.000
  block_cache_compressed: (nil)
  persistent_cache: (nil)
  block_size: 4096
  block_size_deviation: 10
  block_restart_interval: 16
  index_block_restart_interval: 1
  metadata_block_size: 4096
  partition_filters: 0
  use_delta_encoding: 1
  filter_policy: nullptr
  whole_key_filtering: 1
  verify_compression: 0
  read_amp_bytes_per_bit: 0
  format_version: 2
  enable_index_compression: 1
  block_align: 0
2019/10/17-14:56:03.688238 7fbc2cd30700        Options.write_buffer_size: 67108864
2019/10/17-14:56:03.688239 7fbc2cd30700  Options.max_write_buffer_number: 2
2019/10/17-14:56:03.688240 7fbc2cd30700          Options.compression: NoCompression
2019/10/17-14:56:03.688241 7fbc2cd30700                  Options.bottommost_compression: Disabled
2019/10/17-14:56:03.688241 7fbc2cd30700       Options.prefix_extractor: nullptr
2019/10/17-14:56:03.688242 7fbc2cd30700   Options.memtable_insert_with_hint_prefix_extractor: nullptr
2019/10/17-14:56:03.688243 7fbc2cd30700             Options.num_levels: 7
2019/10/17-14:56:03.688243 7fbc2cd30700        Options.min_write_buffer_number_to_merge: 1
2019/10/17-14:56:03.688244 7fbc2cd30700     Options.max_write_buffer_number_to_maintain: 0
2019/10/17-14:56:03.688244 7fbc2cd30700            Options.bottommost_compression_opts.window_bits: -14
2019/10/17-14:56:03.688245 7fbc2cd30700                  Options.bottommost_compression_opts.level: 32767
2019/10/17-14:56:03.688246 7fbc2cd30700               Options.bottommost_compression_opts.strategy: 0
2019/10/17-14:56:03.688246 7fbc2cd30700         Options.bottommost_compression_opts.max_dict_bytes: 0
2019/10/17-14:56:03.688247 7fbc2cd30700         Options.bottommost_compression_opts.zstd_max_train_bytes: 0
2019/10/17-14:56:03.688248 7fbc2cd30700                  Options.bottommost_compression_opts.enabled: false
2019/10/17-14:56:03.688248 7fbc2cd30700            Options.compression_opts.window_bits: -14
2019/10/17-14:56:03.688249 7fbc2cd30700                  Options.compression_opts.level: 32767
2019/10/17-14:56:03.688250 7fbc2cd30700               Options.compression_opts.strategy: 0
2019/10/17-14:56:03.688250 7fbc2cd30700         Options.compression_opts.max_dict_bytes: 0
2019/10/17-14:56:03.688251 7fbc2cd30700         Options.compression_opts.zstd_max_train_bytes: 0
2019/10/17-14:56:03.688251 7fbc2cd30700                  Options.compression_opts.enabled: false
2019/10/17-14:56:03.688252 7fbc2cd30700      Options.level0_file_num_compaction_trigger: 4
2019/10/17-14:56:03.688253 7fbc2cd30700          Options.level0_slowdown_writes_trigger: 20
2019/10/17-14:56:03.688253 7fbc2cd30700              Options.level0_stop_writes_trigger: 36
2019/10/17-14:56:03.688254 7fbc2cd30700                   Options.target_file_size_base: 67108864
2019/10/17-14:56:03.688255 7fbc2cd30700             Options.target_file_size_multiplier: 1
2019/10/17-14:56:03.688255 7fbc2cd30700                Options.max_bytes_for_level_base: 268435456
2019/10/17-14:56:03.688256 7fbc2cd30700 Options.level_compaction_dynamic_level_bytes: 0
2019/10/17-14:56:03.688257 7fbc2cd30700          Options.max_bytes_for_level_multiplier: 10.000000
2019/10/17-14:56:03.688258 7fbc2cd30700 Options.max_bytes_for_level_multiplier_addtl[0]: 1
2019/10/17-14:56:03.688258 7fbc2cd30700 Options.max_bytes_for_level_multiplier_addtl[1]: 1
2019/10/17-14:56:03.688259 7fbc2cd30700 Options.max_bytes_for_level_multiplier_addtl[2]: 1
2019/10/17-14:56:03.688260 7fbc2cd30700 Options.max_bytes_for_level_multiplier_addtl[3]: 1
2019/10/17-14:56:03.688260 7fbc2cd30700 Options.max_bytes_for_level_multiplier_addtl[4]: 1
2019/10/17-14:56:03.688261 7fbc2cd30700 Options.max_bytes_for_level_multiplier_addtl[5]: 1
2019/10/17-14:56:03.688262 7fbc2cd30700 Options.max_bytes_for_level_multiplier_addtl[6]: 1
2019/10/17-14:56:03.688262 7fbc2cd30700       Options.max_sequential_skip_in_iterations: 8
2019/10/17-14:56:03.688266 7fbc2cd30700                    Options.max_compaction_bytes: 1677721600
2019/10/17-14:56:03.688267 7fbc2cd30700                        Options.arena_block_size: 8388608
2019/10/17-14:56:03.688267 7fbc2cd30700   Options.soft_pending_compaction_bytes_limit: 68719476736
2019/10/17-14:56:03.688268 7fbc2cd30700   Options.hard_pending_compaction_bytes_limit: 274877906944
2019/10/17-14:56:03.688269 7fbc2cd30700       Options.rate_limit_delay_max_milliseconds: 100
2019/10/17-14:56:03.688269 7fbc2cd30700                Options.disable_auto_compactions: 0
2019/10/17-14:56:03.688270 7fbc2cd30700                        Options.compaction_style: kCompactionStyleLevel
2019/10/17-14:56:03.688271 7fbc2cd30700                          Options.compaction_pri: kByCompensatedSize
2019/10/17-14:56:03.688272 7fbc2cd30700 Options.compaction_options_universal.size_ratio: 1
2019/10/17-14:56:03.688272 7fbc2cd30700 Options.compaction_options_universal.min_merge_width: 2
2019/10/17-14:56:03.688273 7fbc2cd30700 Options.compaction_options_universal.max_merge_width: 4294967295
2019/10/17-14:56:03.688274 7fbc2cd30700 Options.compaction_options_universal.max_size_amplification_percent: 200
2019/10/17-14:56:03.688274 7fbc2cd30700 Options.compaction_options_universal.compression_size_percent: -1
2019/10/17-14:56:03.688275 7fbc2cd30700 Options.compaction_options_universal.stop_style: kCompactionStopStyleTotalSize
2019/10/17-14:56:03.688276 7fbc2cd30700 Options.compaction_options_fifo.max_table_files_size: 1073741824
2019/10/17-14:56:03.688276 7fbc2cd30700 Options.compaction_options_fifo.allow_compaction: 0
2019/10/17-14:56:03.688277 7fbc2cd30700 Options.compaction_options_fifo.ttl: 0
2019/10/17-14:56:03.688278 7fbc2cd30700                   Options.table_properties_collectors: 
2019/10/17-14:56:03.688278 7fbc2cd30700                   Options.inplace_update_support: 0
2019/10/17-14:56:03.688279 7fbc2cd30700                 Options.inplace_update_num_locks: 10000
2019/10/17-14:56:03.688280 7fbc2cd30700               Options.memtable_prefix_bloom_size_ratio: 0.000000
2019/10/17-14:56:03.688281 7fbc2cd30700   Options.memtable_huge_page_size: 0
2019/10/17-14:56:03.688281 7fbc2cd30700                           Options.bloom_locality: 0
2019/10/17-14:56:03.688282 7fbc2cd30700                    Options.max_successive_merges: 0
2019/10/17-14:56:03.688283 7fbc2cd30700                Options.optimize_filters_for_hits: 0
2019/10/17-14:56:03.688283 7fbc2cd30700                Options.paranoid_file_checks: 0
2019/10/17-14:56:03.688284 7fbc2cd30700                Options.force_consistency_checks: 0
2019/10/17-14:56:03.688284 7fbc2cd30700                Options.report_bg_io_stats: 0
2019/10/17-14:56:03.688285 7fbc2cd30700                               Options.ttl: 0
2019/10/17-14:56:03.688300 7fbc2cd30700 [db/column_family.cc:472] --------------- Options for column family [entries]:
2019/10/17-14:56:03.688301 7fbc2cd30700               Options.comparator: leveldb.BytewiseComparator
2019/10/17-14:56:03.688302 7fbc2cd30700           Options.merge_operator: None
2019/10/17-14:56:03.688302 7fbc2cd30700        Options.compaction_filter: None
2019/10/17-14:56:03.688303 7fbc2cd30700        Options.compaction_filter_factory: None
2019/10/17-14:56:03.688303 7fbc2cd30700         Options.memtable_factory: SkipListFactory
2019/10/17-14:56:03.688304 7fbc2cd30700            Options.table_factory: BlockBasedTable
2019/10/17-14:56:03.688312 7fbc2cd30700            table_factory options:   flush_block_policy_factory: FlushBlockBySizePolicyFactory (0x7fbbb8064070)
  cache_index_and_filter_blocks: 0
  cache_index_and_filter_blocks_with_high_priority: 0
  pin_l0_filter_and_index_blocks_in_cache: 0
  pin_top_level_index_and_filter: 1
  index_type: 0
  hash_index_allow_collision: 1
  checksum: 1
  no_block_cache: 0
  block_cache: 0x7fbbb804b870
  block_cache_name: LRUCache
  block_cache_options:
    capacity : 8388608
    num_shard_bits : 4
    strict_capacity_limit : 0
    memory_allocator : None
    high_pri_pool_ratio: 0.000
  block_cache_compressed: (nil)
  persistent_cache: (nil)
  block_size: 4096
  block_size_deviation: 10
  block_restart_interval: 16
  index_block_restart_interval: 1
  metadata_block_size: 4096
  partition_filters: 0
  use_delta_encoding: 1
  filter_policy: nullptr
  whole_key_filtering: 1
  verify_compression: 0
  read_amp_bytes_per_bit: 0
  format_version: 2
  enable_index_compression: 1
  block_align: 0
2019/10/17-14:56:03.688318 7fbc2cd30700        Options.write_buffer_size: 67108864
2019/10/17-14:56:03.688319 7fbc2cd30700  Options.max_write_buffer_number: 2
2019/10/17-14:56:03.688319 7fbc2cd30700          Options.compression: NoCompression
2019/10/17-14:56:03.688320 7fbc2cd30700                  Options.bottommost_compression: Disabled
2019/10/17-14:56:03.688320 7fbc2cd30700       Options.prefix_extractor: nullptr
2019/10/17-14:56:03.688321 7fbc2cd30700   Options.memtable_insert_with_hint_prefix_extractor: nullptr
2019/10/17-14:56:03.688322 7fbc2cd30700             Options.num_levels: 7
2019/10/17-14:56:03.688322 7fbc2cd30700        Options.min_write_buffer_number_to_merge: 1
2019/10/17-14:56:03.688323 7fbc2cd30700     Options.max_write_buffer_number_to_maintain: 0
2019/10/17-14:56:03.688324 7fbc2cd30700            Options.bottommost_compression_opts.window_bits: -14
2019/10/17-14:56:03.688324 7fbc2cd30700                  Options.bottommost_compression_opts.level: 32767
2019/10/17-14:56:03.688325 7fbc2cd30700               Options.bottommost_compression_opts.strategy: 0
2019/10/17-14:56:03.688326 7fbc2cd30700         Options.bottommost_compression_opts.max_dict_bytes: 0
2019/10/17-14:56:03.688326 7fbc2cd30700         Options.bottommost_compression_opts.zstd_max_train_bytes: 0
2019/10/17-14:56:03.688327 7fbc2cd30700                  Options.bottommost_compression_opts.enabled: false
2019/10/17-14:56:03.688327 7fbc2cd30700            Options.compression_opts.window_bits: -14
2019/10/17-14:56:03.688328 7fbc2cd30700                  Options.compression_opts.level: 32767
2019/10/17-14:56:03.688329 7fbc2cd30700               Options.compression_opts.strategy: 0
2019/10/17-14:56:03.688329 7fbc2cd30700         Options.compression_opts.max_dict_bytes: 0
2019/10/17-14:56:03.688330 7fbc2cd30700         Options.compression_opts.zstd_max_train_bytes: 0
2019/10/17-14:56:03.688331 7fbc2cd30700                  Options.compression_opts.enabled: false
2019/10/17-14:56:03.688331 7fbc2cd30700      Options.level0_file_num_compaction_trigger: 4
2019/10/17-14:56:03.688332 7fbc2cd30700          Options.level0_slowdown_writes_trigger: 20
2019/10/17-14:56:03.688333 7fbc2cd30700              Options.level0_stop_writes_trigger: 36
2019/10/17-14:56:03.688333 7fbc2cd30700                   Options.target_file_size_base: 67108864
2019/10/17-14:56:03.688334 7fbc2cd30700             Options.target_file_size_multiplier: 1
2019/10/17-14:56:03.688334 7fbc2cd30700                Options.max_bytes_for_level_base: 268435456
2019/10/17-14:56:03.688335 7fbc2cd30700 Options.level_compaction_dynamic_level_bytes: 0
2019/10/17-14:56:03.688336 7fbc2cd30700          Options.max_bytes_for_level_multiplier: 10.000000
2019/10/17-14:56:03.688337 7fbc2cd30700 Options.max_bytes_for_level_multiplier_addtl[0]: 1
2019/10/17-14:56:03.688338 7fbc2cd30700 Options.max_bytes_for_level_multiplier_addtl[1]: 1
2019/10/17-14:56:03.688338 7fbc2cd30700 Options.max_bytes_for_level_multiplier_addtl[2]: 1
2019/10/17-14:56:03.688339 7fbc2cd30700 Options.max_bytes_for_level_multiplier_addtl[3]: 1
2019/10/17-14:56:03.688339 7fbc2cd30700 Options.max_bytes_for_level_multiplier_addtl[4]: 1
2019/10/17-14:56:03.688340 7fbc2cd30700 Options.max_bytes_for_level_multiplier_addtl[5]: 1
2019/10/17-14:56:03.688341 7fbc2cd30700 Options.max_bytes_for_level_multiplier_addtl[6]: 1
2019/10/17-14:56:03.688341 7fbc2cd30700       Options.max_sequential_skip_in_iterations: 8
2019/10/17-14:56:03.688342 7fbc2cd30700                    Options.max_compaction_bytes: 1677721600
2019/10/17-14:56:03.688343 7fbc2cd30700                        Options.arena_block_size: 8388608
2019/10/17-14:56:03.688343 7fbc2cd30700   Options.soft_pending_compaction_bytes_limit: 68719476736
2019/10/17-14:56:03.688347 7fbc2cd30700   Options.hard_pending_compaction_bytes_limit: 274877906944
2019/10/17-14:56:03.688348 7fbc2cd30700       Options.rate_limit_delay_max_milliseconds: 100
2019/10/17-14:56:03.688349 7fbc2cd30700                Options.disable_auto_compactions: 0
2019/10/17-14:56:03.688349 7fbc2cd30700                        Options.compaction_style: kCompactionStyleLevel
2019/10/17-14:56:03.688350 7fbc2cd30700                          Options.compaction_pri: kByCompensatedSize
2019/10/17-14:56:03.688351 7fbc2cd30700 Options.compaction_options_universal.size_ratio: 1
2019/10/17-14:56:03.688352 7fbc2cd30700 Options.compaction_options_universal.min_merge_width: 2
2019/10/17-14:56:03.688352 7fbc2cd30700 Options.compaction_options_universal.max_merge_width: 4294967295
2019/10/17-14:56:03.688353 7fbc2cd30700 Options.compaction_options_universal.max_size_amplification_percent: 200
2019/10/17-14:56:03.688354 7fbc2cd30700 Options.compaction_options_universal.compression_size_percent: -1
2019/10/17-14:56:03.688354 7fbc2cd30700 Options.compaction_options_universal.stop_style: kCompactionStopStyleTotalSize
2019/10/17-14:56:03.688355 7fbc2cd30700 Options.compaction_options_fifo.max_table_files_size: 1073741824
2019/10/17-14:56:03.688356 7fbc2cd30700 Options.compaction_options_fifo.allow_compaction: 0
2019/10/17-14:56:03.688356 7fbc2cd30700 Options.compaction_options_fifo.ttl: 0
2019/10/17-14:56:03.688357 7fbc2cd30700                   Options.table_properties_collectors: 
2019/10/17-14:56:03.688358 7fbc2cd30700                   Options.inplace_update_support: 0
2019/10/17-14:56:03.688358 7fbc2cd30700                 Options.inplace_update_num_locks: 10000
2019/10/17-14:56:03.688359 7fbc2cd30700               Options.memtable_prefix_bloom_size_ratio: 0.000000
2019/10/17-14:56:03.688360 7fbc2cd30700   Options.memtable_huge_page_size: 0
2019/10/17-14:56:03.688360 7fbc2cd30700                           Options.bloom_locality: 0
2019/10/17-14:56:03.688361 7fbc2cd30700                    Options.max_successive_merges: 0
2019/10/17-14:56:03.688362 7fbc2cd30700                Options.optimize_filters_for_hits: 0
2019/10/17-14:56:03.688362 7fbc2cd30700                Options.paranoid_file_checks: 0
2019/10/17-14:56:03.688363 7fbc2cd30700                Options.force_consistency_checks: 0
2019/10/17-14:56:03.688364 7fbc2cd30700                Options.report_bg_io_stats: 0
2019/10/17-14:56:03.688364 7fbc2cd30700                               Options.ttl: 0
2019/10/17-14:56:03.688377 7fbc2cd30700 [db/column_family.cc:472] --------------- Options for column family [dc_entries]:
2019/10/17-14:56:03.688378 7fbc2cd30700               Options.comparator: leveldb.BytewiseComparator
2019/10/17-14:56:03.688379 7fbc2cd30700           Options.merge_operator: None
2019/10/17-14:56:03.688380 7fbc2cd30700        Options.compaction_filter: None
2019/10/17-14:56:03.688380 7fbc2cd30700        Options.compaction_filter_factory: None
2019/10/17-14:56:03.688381 7fbc2cd30700         Options.memtable_factory: SkipListFactory
2019/10/17-14:56:03.688381 7fbc2cd30700            Options.table_factory: BlockBasedTable
2019/10/17-14:56:03.688389 7fbc2cd30700            table_factory options:   flush_block_policy_factory: FlushBlockBySizePolicyFactory (0x7fbbb810d9a0)
  cache_index_and_filter_blocks: 0
  cache_index_and_filter_blocks_with_high_priority: 0
  pin_l0_filter_and_index_blocks_in_cache: 0
  pin_top_level_index_and_filter: 1
  index_type: 0
  hash_index_allow_collision: 1
  checksum: 1
  no_block_cache: 0
  block_cache: 0x7fbbb8081360
  block_cache_name: LRUCache
  block_cache_options:
    capacity : 8388608
    num_shard_bits : 4
    strict_capacity_limit : 0
    memory_allocator : None
    high_pri_pool_ratio: 0.000
  block_cache_compressed: (nil)
  persistent_cache: (nil)
  block_size: 4096
  block_size_deviation: 10
  block_restart_interval: 16
  index_block_restart_interval: 1
  metadata_block_size: 4096
  partition_filters: 0
  use_delta_encoding: 1
  filter_policy: nullptr
  whole_key_filtering: 1
  verify_compression: 0
  read_amp_bytes_per_bit: 0
  format_version: 2
  enable_index_compression: 1
  block_align: 0
2019/10/17-14:56:03.688394 7fbc2cd30700        Options.write_buffer_size: 67108864
2019/10/17-14:56:03.688395 7fbc2cd30700  Options.max_write_buffer_number: 2
2019/10/17-14:56:03.688396 7fbc2cd30700          Options.compression: NoCompression
2019/10/17-14:56:03.688396 7fbc2cd30700                  Options.bottommost_compression: Disabled
2019/10/17-14:56:03.688397 7fbc2cd30700       Options.prefix_extractor: nullptr
2019/10/17-14:56:03.688398 7fbc2cd30700   Options.memtable_insert_with_hint_prefix_extractor: nullptr
2019/10/17-14:56:03.688398 7fbc2cd30700             Options.num_levels: 7
2019/10/17-14:56:03.688399 7fbc2cd30700        Options.min_write_buffer_number_to_merge: 1
2019/10/17-14:56:03.688399 7fbc2cd30700     Options.max_write_buffer_number_to_maintain: 0
2019/10/17-14:56:03.688400 7fbc2cd30700            Options.bottommost_compression_opts.window_bits: -14
2019/10/17-14:56:03.688401 7fbc2cd30700                  Options.bottommost_compression_opts.level: 32767
2019/10/17-14:56:03.688401 7fbc2cd30700               Options.bottommost_compression_opts.strategy: 0
2019/10/17-14:56:03.688402 7fbc2cd30700         Options.bottommost_compression_opts.max_dict_bytes: 0
2019/10/17-14:56:03.688403 7fbc2cd30700         Options.bottommost_compression_opts.zstd_max_train_bytes: 0
2019/10/17-14:56:03.688403 7fbc2cd30700                  Options.bottommost_compression_opts.enabled: false
2019/10/17-14:56:03.688404 7fbc2cd30700            Options.compression_opts.window_bits: -14
2019/10/17-14:56:03.688405 7fbc2cd30700                  Options.compression_opts.level: 32767
2019/10/17-14:56:03.688405 7fbc2cd30700               Options.compression_opts.strategy: 0
2019/10/17-14:56:03.688406 7fbc2cd30700         Options.compression_opts.max_dict_bytes: 0
2019/10/17-14:56:03.688406 7fbc2cd30700         Options.compression_opts.zstd_max_train_bytes: 0
2019/10/17-14:56:03.688407 7fbc2cd30700                  Options.compression_opts.enabled: false
2019/10/17-14:56:03.688408 7fbc2cd30700      Options.level0_file_num_compaction_trigger: 4
2019/10/17-14:56:03.688408 7fbc2cd30700          Options.level0_slowdown_writes_trigger: 20
2019/10/17-14:56:03.688409 7fbc2cd30700              Options.level0_stop_writes_trigger: 36
2019/10/17-14:56:03.688410 7fbc2cd30700                   Options.target_file_size_base: 67108864
2019/10/17-14:56:03.688410 7fbc2cd30700             Options.target_file_size_multiplier: 1
2019/10/17-14:56:03.688411 7fbc2cd30700                Options.max_bytes_for_level_base: 268435456
2019/10/17-14:56:03.688412 7fbc2cd30700 Options.level_compaction_dynamic_level_bytes: 0
2019/10/17-14:56:03.688412 7fbc2cd30700          Options.max_bytes_for_level_multiplier: 10.000000
2019/10/17-14:56:03.688413 7fbc2cd30700 Options.max_bytes_for_level_multiplier_addtl[0]: 1
2019/10/17-14:56:03.688414 7fbc2cd30700 Options.max_bytes_for_level_multiplier_addtl[1]: 1
2019/10/17-14:56:03.688415 7fbc2cd30700 Options.max_bytes_for_level_multiplier_addtl[2]: 1
2019/10/17-14:56:03.688415 7fbc2cd30700 Options.max_bytes_for_level_multiplier_addtl[3]: 1
2019/10/17-14:56:03.688416 7fbc2cd30700 Options.max_bytes_for_level_multiplier_addtl[4]: 1
2019/10/17-14:56:03.688416 7fbc2cd30700 Options.max_bytes_for_level_multiplier_addtl[5]: 1
2019/10/17-14:56:03.688417 7fbc2cd30700 Options.max_bytes_for_level_multiplier_addtl[6]: 1
2019/10/17-14:56:03.688418 7fbc2cd30700       Options.max_sequential_skip_in_iterations: 8
2019/10/17-14:56:03.688418 7fbc2cd30700                    Options.max_compaction_bytes: 1677721600
2019/10/17-14:56:03.688419 7fbc2cd30700                        Options.arena_block_size: 8388608
2019/10/17-14:56:03.688420 7fbc2cd30700   Options.soft_pending_compaction_bytes_limit: 68719476736
2019/10/17-14:56:03.688420 7fbc2cd30700   Options.hard_pending_compaction_bytes_limit: 274877906944
2019/10/17-14:56:03.688421 7fbc2cd30700       Options.rate_limit_delay_max_milliseconds: 100
2019/10/17-14:56:03.688422 7fbc2cd30700                Options.disable_auto_compactions: 0
2019/10/17-14:56:03.688426 7fbc2cd30700                        Options.compaction_style: kCompactionStyleLevel
2019/10/17-14:56:03.688427 7fbc2cd30700                          Options.compaction_pri: kByCompensatedSize
2019/10/17-14:56:03.688427 7fbc2cd30700 Options.compaction_options_universal.size_ratio: 1
2019/10/17-14:56:03.688428 7fbc2cd30700 Options.compaction_options_universal.min_merge_width: 2
2019/10/17-14:56:03.688428 7fbc2cd30700 Options.compaction_options_universal.max_merge_width: 4294967295
2019/10/17-14:56:03.688429 7fbc2cd30700 Options.compaction_options_universal.max_size_amplification_percent: 200
2019/10/17-14:56:03.688430 7fbc2cd30700 Options.compaction_options_universal.compression_size_percent: -1
2019/10/17-14:56:03.688430 7fbc2cd30700 Options.compaction_options_universal.stop_style: kCompactionStopStyleTotalSize
2019/10/17-14:56:03.688431 7fbc2cd30700 Options.compaction_options_fifo.max_table_files_size: 1073741824
2019/10/17-14:56:03.688432 7fbc2cd30700 Options.compaction_options_fifo.allow_compaction: 0
2019/10/17-14:56:03.688432 7fbc2cd30700 Options.compaction_options_fifo.ttl: 0
2019/10/17-14:56:03.688433 7fbc2cd30700                   Options.table_properties_collectors: 
2019/10/17-14:56:03.688434 7fbc2cd30700                   Options.inplace_update_support: 0
2019/10/17-14:56:03.688434 7fbc2cd30700                 Options.inplace_update_num_locks: 10000
2019/10/17-14:56:03.688435 7fbc2cd30700               Options.memtable_prefix_bloom_size_ratio: 0.000000
2019/10/17-14:56:03.688436 7fbc2cd30700   Options.memtable_huge_page_size: 0
2019/10/17-14:56:03.688437 7fbc2cd30700                           Options.bloom_locality: 0
2019/10/17-14:56:03.688437 7fbc2cd30700                    Options.max_successive_merges: 0
2019/10/17-14:56:03.688438 7fbc2cd30700                Options.optimize_filters_for_hits: 0
2019/10/17-14:56:03.688439 7fbc2cd30700                Options.paranoid_file_checks: 0
2019/10/17-14:56:03.688439 7fbc2cd30700                Options.force_consistency_checks: 0
2019/10/17-14:56:03.688440 7fbc2cd30700                Options.report_bg_io_stats: 0
2019/10/17-14:56:03.688440 7fbc2cd30700                               Options.ttl: 0
2019/10/17-14:56:03.688450 7fbc2cd30700 [db/column_family.cc:472] --------------- Options for column family [htlcs]:
2019/10/17-14:56:03.688451 7fbc2cd30700               Options.comparator: leveldb.BytewiseComparator
2019/10/17-14:56:03.688452 7fbc2cd30700           Options.merge_operator: None
2019/10/17-14:56:03.688453 7fbc2cd30700        Options.compaction_filter: None
2019/10/17-14:56:03.688453 7fbc2cd30700        Options.compaction_filter_factory: None
2019/10/17-14:56:03.688454 7fbc2cd30700         Options.memtable_factory: SkipListFactory
2019/10/17-14:56:03.688455 7fbc2cd30700            Options.table_factory: BlockBasedTable
2019/10/17-14:56:03.688462 7fbc2cd30700            table_factory options:   flush_block_policy_factory: FlushBlockBySizePolicyFactory (0x7fbbb80e8880)
