2019/10/17-14:56:12.186088 7fbc2cd30700 RocksDB version: 5.18.3
2019/10/17-14:56:12.186121 7fbc2cd30700 Git sha rocksdb_build_git_sha:@0@
2019/10/17-14:56:12.186123 7fbc2cd30700 Compile date Sep 19 2019
2019/10/17-14:56:12.186124 7fbc2cd30700 DB SUMMARY
2019/10/17-14:56:12.186765 7fbc2cd30700 CURRENT file:  CURRENT
2019/10/17-14:56:12.186767 7fbc2cd30700 IDENTITY file:  IDENTITY
2019/10/17-14:56:12.186792 7fbc2cd30700 MANIFEST file:  MANIFEST-116911 size: 4114 Bytes
2019/10/17-14:56:12.186793 7fbc2cd30700 SST files in /home/rahul/dev/blockchain-core/eqc/ledger.db dir, Total Num: 29, files: 000624.sst 000627.sst 106940.sst 108447.sst 108450.sst 109471.sst 109483.sst 109485.sst 109486.sst 
2019/10/17-14:56:12.186794 7fbc2cd30700 Write Ahead Log file in /home/rahul/dev/blockchain-core/eqc/ledger.db: 116912.log size: 0 ; 
2019/10/17-14:56:12.186823 7fbc2cd30700                         Options.error_if_exists: 0
2019/10/17-14:56:12.186825 7fbc2cd30700                       Options.create_if_missing: 1
2019/10/17-14:56:12.186825 7fbc2cd30700                         Options.paranoid_checks: 1
2019/10/17-14:56:12.186826 7fbc2cd30700                                     Options.env: 0x7fbbafa7bc60
2019/10/17-14:56:12.186827 7fbc2cd30700                                Options.info_log: 0x7fbbb807e200
2019/10/17-14:56:12.186827 7fbc2cd30700                Options.max_file_opening_threads: 16
2019/10/17-14:56:12.186828 7fbc2cd30700                              Options.statistics: (nil)
2019/10/17-14:56:12.186829 7fbc2cd30700                               Options.use_fsync: 0
2019/10/17-14:56:12.186830 7fbc2cd30700                       Options.max_log_file_size: 0
2019/10/17-14:56:12.186830 7fbc2cd30700                  Options.max_manifest_file_size: 1073741824
2019/10/17-14:56:12.186831 7fbc2cd30700                   Options.log_file_time_to_roll: 0
2019/10/17-14:56:12.186832 7fbc2cd30700                       Options.keep_log_file_num: 1000
2019/10/17-14:56:12.186832 7fbc2cd30700                    Options.recycle_log_file_num: 0
2019/10/17-14:56:12.186833 7fbc2cd30700                         Options.allow_fallocate: 1
2019/10/17-14:56:12.186834 7fbc2cd30700                        Options.allow_mmap_reads: 0
2019/10/17-14:56:12.186834 7fbc2cd30700                       Options.allow_mmap_writes: 0
2019/10/17-14:56:12.186835 7fbc2cd30700                        Options.use_direct_reads: 0
2019/10/17-14:56:12.186836 7fbc2cd30700                        Options.use_direct_io_for_flush_and_compaction: 0
2019/10/17-14:56:12.186836 7fbc2cd30700          Options.create_missing_column_families: 0
2019/10/17-14:56:12.186837 7fbc2cd30700                              Options.db_log_dir: 
2019/10/17-14:56:12.186837 7fbc2cd30700                                 Options.wal_dir: /home/rahul/dev/blockchain-core/eqc/ledger.db
2019/10/17-14:56:12.186838 7fbc2cd30700                Options.table_cache_numshardbits: 6
2019/10/17-14:56:12.186839 7fbc2cd30700                      Options.max_subcompactions: 1
2019/10/17-14:56:12.186839 7fbc2cd30700                  Options.max_background_flushes: -1
2019/10/17-14:56:12.186840 7fbc2cd30700                         Options.WAL_ttl_seconds: 0
2019/10/17-14:56:12.186841 7fbc2cd30700                       Options.WAL_size_limit_MB: 0
2019/10/17-14:56:12.186841 7fbc2cd30700             Options.manifest_preallocation_size: 4194304
2019/10/17-14:56:12.186842 7fbc2cd30700                     Options.is_fd_close_on_exec: 1
2019/10/17-14:56:12.186843 7fbc2cd30700                   Options.advise_random_on_open: 1
2019/10/17-14:56:12.186843 7fbc2cd30700                    Options.db_write_buffer_size: 0
2019/10/17-14:56:12.186844 7fbc2cd30700                    Options.write_buffer_manager: 0x7fbbb8060910
2019/10/17-14:56:12.186845 7fbc2cd30700         Options.access_hint_on_compaction_start: 1
2019/10/17-14:56:12.186845 7fbc2cd30700  Options.new_table_reader_for_compaction_inputs: 0
2019/10/17-14:56:12.186846 7fbc2cd30700           Options.random_access_max_buffer_size: 1048576
2019/10/17-14:56:12.186846 7fbc2cd30700                      Options.use_adaptive_mutex: 0
2019/10/17-14:56:12.186847 7fbc2cd30700                            Options.rate_limiter: (nil)
2019/10/17-14:56:12.186855 7fbc2cd30700     Options.sst_file_manager.rate_bytes_per_sec: 0
2019/10/17-14:56:12.186856 7fbc2cd30700                       Options.wal_recovery_mode: 2
2019/10/17-14:56:12.186856 7fbc2cd30700                  Options.enable_thread_tracking: 0
2019/10/17-14:56:12.186857 7fbc2cd30700                  Options.enable_pipelined_write: 0
2019/10/17-14:56:12.186857 7fbc2cd30700         Options.allow_concurrent_memtable_write: 1
2019/10/17-14:56:12.186858 7fbc2cd30700      Options.enable_write_thread_adaptive_yield: 1
2019/10/17-14:56:12.186859 7fbc2cd30700             Options.write_thread_max_yield_usec: 100
2019/10/17-14:56:12.186859 7fbc2cd30700            Options.write_thread_slow_yield_usec: 3
2019/10/17-14:56:12.186860 7fbc2cd30700                               Options.row_cache: None
2019/10/17-14:56:12.186861 7fbc2cd30700                              Options.wal_filter: None
2019/10/17-14:56:12.186861 7fbc2cd30700             Options.avoid_flush_during_recovery: 0
2019/10/17-14:56:12.186862 7fbc2cd30700             Options.allow_ingest_behind: 0
2019/10/17-14:56:12.186863 7fbc2cd30700             Options.preserve_deletes: 0
2019/10/17-14:56:12.186863 7fbc2cd30700             Options.two_write_queues: 0
2019/10/17-14:56:12.186864 7fbc2cd30700             Options.manual_wal_flush: 0
2019/10/17-14:56:12.186865 7fbc2cd30700             Options.max_background_jobs: 2
2019/10/17-14:56:12.186865 7fbc2cd30700             Options.max_background_compactions: -1
2019/10/17-14:56:12.186866 7fbc2cd30700             Options.avoid_flush_during_shutdown: 0
2019/10/17-14:56:12.186867 7fbc2cd30700           Options.writable_file_max_buffer_size: 1048576
2019/10/17-14:56:12.186867 7fbc2cd30700             Options.delayed_write_rate : 16777216
2019/10/17-14:56:12.186868 7fbc2cd30700             Options.max_total_wal_size: 0
2019/10/17-14:56:12.186868 7fbc2cd30700             Options.delete_obsolete_files_period_micros: 21600000000
2019/10/17-14:56:12.186869 7fbc2cd30700                   Options.stats_dump_period_sec: 600
2019/10/17-14:56:12.186870 7fbc2cd30700                          Options.max_open_files: -1
2019/10/17-14:56:12.186870 7fbc2cd30700                          Options.bytes_per_sync: 0
2019/10/17-14:56:12.186871 7fbc2cd30700                      Options.wal_bytes_per_sync: 0
2019/10/17-14:56:12.186872 7fbc2cd30700       Options.compaction_readahead_size: 0
2019/10/17-14:56:12.186872 7fbc2cd30700 Compression algorithms supported:
2019/10/17-14:56:12.186873 7fbc2cd30700 	kZSTDNotFinalCompression supported: 0
2019/10/17-14:56:12.186874 7fbc2cd30700 	kZSTD supported: 0
2019/10/17-14:56:12.186875 7fbc2cd30700 	kXpressCompression supported: 0
2019/10/17-14:56:12.186876 7fbc2cd30700 	kLZ4HCCompression supported: 0
2019/10/17-14:56:12.186876 7fbc2cd30700 	kLZ4Compression supported: 0
2019/10/17-14:56:12.186877 7fbc2cd30700 	kBZip2Compression supported: 0
2019/10/17-14:56:12.186878 7fbc2cd30700 	kZlibCompression supported: 0
2019/10/17-14:56:12.186878 7fbc2cd30700 	kSnappyCompression supported: 0
2019/10/17-14:56:12.186880 7fbc2cd30700 Fast CRC32 supported: Supported on x86
2019/10/17-14:56:12.186960 7fbc2cd30700 [db/version_set.cc:3507] Recovering from manifest file: MANIFEST-116911
2019/10/17-14:56:12.186987 7fbc2cd30700 [db/column_family.cc:472] --------------- Options for column family [default]:
2019/10/17-14:56:12.186989 7fbc2cd30700               Options.comparator: leveldb.BytewiseComparator
2019/10/17-14:56:12.186989 7fbc2cd30700           Options.merge_operator: None
2019/10/17-14:56:12.186990 7fbc2cd30700        Options.compaction_filter: None
2019/10/17-14:56:12.186991 7fbc2cd30700        Options.compaction_filter_factory: None
2019/10/17-14:56:12.186991 7fbc2cd30700         Options.memtable_factory: SkipListFactory
2019/10/17-14:56:12.186992 7fbc2cd30700            Options.table_factory: BlockBasedTable
2019/10/17-14:56:12.187006 7fbc2cd30700            table_factory options:   flush_block_policy_factory: FlushBlockBySizePolicyFactory (0x7fbbb84a0dc0)
  cache_index_and_filter_blocks: 0
  cache_index_and_filter_blocks_with_high_priority: 0
  pin_l0_filter_and_index_blocks_in_cache: 0
  pin_top_level_index_and_filter: 1
  index_type: 0
  hash_index_allow_collision: 1
  checksum: 1
  no_block_cache: 0
  block_cache: 0x7fbbb83060a0
  block_cache_name: LRUCache
  block_cache_options:
    capacity : 8388608
    num_shard_bits : 4
    strict_capacity_limit : 0
    memory_allocator : None
    high_pri_pool_ratio: 0.000
  block_cache_compressed: (nil)
  persistent_cache: (nil)
  block_size: 4096
  block_size_deviation: 10
  block_restart_interval: 16
  index_block_restart_interval: 1
  metadata_block_size: 4096
  partition_filters: 0
  use_delta_encoding: 1
  filter_policy: nullptr
  whole_key_filtering: 1
  verify_compression: 0
  read_amp_bytes_per_bit: 0
  format_version: 2
  enable_index_compression: 1
  block_align: 0
2019/10/17-14:56:12.187013 7fbc2cd30700        Options.write_buffer_size: 67108864
2019/10/17-14:56:12.187014 7fbc2cd30700  Options.max_write_buffer_number: 2
2019/10/17-14:56:12.187015 7fbc2cd30700          Options.compression: NoCompression
2019/10/17-14:56:12.187016 7fbc2cd30700                  Options.bottommost_compression: Disabled
2019/10/17-14:56:12.187017 7fbc2cd30700       Options.prefix_extractor: nullptr
2019/10/17-14:56:12.187017 7fbc2cd30700   Options.memtable_insert_with_hint_prefix_extractor: nullptr
2019/10/17-14:56:12.187018 7fbc2cd30700             Options.num_levels: 7
2019/10/17-14:56:12.187019 7fbc2cd30700        Options.min_write_buffer_number_to_merge: 1
2019/10/17-14:56:12.187019 7fbc2cd30700     Options.max_write_buffer_number_to_maintain: 0
2019/10/17-14:56:12.187020 7fbc2cd30700            Options.bottommost_compression_opts.window_bits: -14
2019/10/17-14:56:12.187021 7fbc2cd30700                  Options.bottommost_compression_opts.level: 32767
2019/10/17-14:56:12.187021 7fbc2cd30700               Options.bottommost_compression_opts.strategy: 0
2019/10/17-14:56:12.187022 7fbc2cd30700         Options.bottommost_compression_opts.max_dict_bytes: 0
2019/10/17-14:56:12.187023 7fbc2cd30700         Options.bottommost_compression_opts.zstd_max_train_bytes: 0
2019/10/17-14:56:12.187023 7fbc2cd30700                  Options.bottommost_compression_opts.enabled: false
2019/10/17-14:56:12.187024 7fbc2cd30700            Options.compression_opts.window_bits: -14
2019/10/17-14:56:12.187025 7fbc2cd30700                  Options.compression_opts.level: 32767
2019/10/17-14:56:12.187025 7fbc2cd30700               Options.compression_opts.strategy: 0
2019/10/17-14:56:12.187026 7fbc2cd30700         Options.compression_opts.max_dict_bytes: 0
2019/10/17-14:56:12.187026 7fbc2cd30700         Options.compression_opts.zstd_max_train_bytes: 0
2019/10/17-14:56:12.187027 7fbc2cd30700                  Options.compression_opts.enabled: false
2019/10/17-14:56:12.187028 7fbc2cd30700      Options.level0_file_num_compaction_trigger: 4
2019/10/17-14:56:12.187028 7fbc2cd30700          Options.level0_slowdown_writes_trigger: 20
2019/10/17-14:56:12.187029 7fbc2cd30700              Options.level0_stop_writes_trigger: 36
2019/10/17-14:56:12.187030 7fbc2cd30700                   Options.target_file_size_base: 67108864
2019/10/17-14:56:12.187030 7fbc2cd30700             Options.target_file_size_multiplier: 1
2019/10/17-14:56:12.187031 7fbc2cd30700                Options.max_bytes_for_level_base: 268435456
2019/10/17-14:56:12.187032 7fbc2cd30700 Options.level_compaction_dynamic_level_bytes: 0
2019/10/17-14:56:12.187032 7fbc2cd30700          Options.max_bytes_for_level_multiplier: 10.000000
2019/10/17-14:56:12.187034 7fbc2cd30700 Options.max_bytes_for_level_multiplier_addtl[0]: 1
2019/10/17-14:56:12.187035 7fbc2cd30700 Options.max_bytes_for_level_multiplier_addtl[1]: 1
2019/10/17-14:56:12.187035 7fbc2cd30700 Options.max_bytes_for_level_multiplier_addtl[2]: 1
2019/10/17-14:56:12.187036 7fbc2cd30700 Options.max_bytes_for_level_multiplier_addtl[3]: 1
2019/10/17-14:56:12.187037 7fbc2cd30700 Options.max_bytes_for_level_multiplier_addtl[4]: 1
2019/10/17-14:56:12.187041 7fbc2cd30700 Options.max_bytes_for_level_multiplier_addtl[5]: 1
2019/10/17-14:56:12.187042 7fbc2cd30700 Options.max_bytes_for_level_multiplier_addtl[6]: 1
2019/10/17-14:56:12.187042 7fbc2cd30700       Options.max_sequential_skip_in_iterations: 8
2019/10/17-14:56:12.187043 7fbc2cd30700                    Options.max_compaction_bytes: 1677721600
2019/10/17-14:56:12.187043 7fbc2cd30700                        Options.arena_block_size: 8388608
2019/10/17-14:56:12.187044 7fbc2cd30700   Options.soft_pending_compaction_bytes_limit: 68719476736
2019/10/17-14:56:12.187045 7fbc2cd30700   Options.hard_pending_compaction_bytes_limit: 274877906944
2019/10/17-14:56:12.187046 7fbc2cd30700       Options.rate_limit_delay_max_milliseconds: 100
2019/10/17-14:56:12.187046 7fbc2cd30700                Options.disable_auto_compactions: 0
2019/10/17-14:56:12.187048 7fbc2cd30700                        Options.compaction_style: kCompactionStyleLevel
2019/10/17-14:56:12.187048 7fbc2cd30700                          Options.compaction_pri: kByCompensatedSize
2019/10/17-14:56:12.187049 7fbc2cd30700 Options.compaction_options_universal.size_ratio: 1
2019/10/17-14:56:12.187050 7fbc2cd30700 Options.compaction_options_universal.min_merge_width: 2
2019/10/17-14:56:12.187050 7fbc2cd30700 Options.compaction_options_universal.max_merge_width: 4294967295
2019/10/17-14:56:12.187051 7fbc2cd30700 Options.compaction_options_universal.max_size_amplification_percent: 200
2019/10/17-14:56:12.187052 7fbc2cd30700 Options.compaction_options_universal.compression_size_percent: -1
2019/10/17-14:56:12.187053 7fbc2cd30700 Options.compaction_options_universal.stop_style: kCompactionStopStyleTotalSize
2019/10/17-14:56:12.187053 7fbc2cd30700 Options.compaction_options_fifo.max_table_files_size: 1073741824
2019/10/17-14:56:12.187054 7fbc2cd30700 Options.compaction_options_fifo.allow_compaction: 0
2019/10/17-14:56:12.187055 7fbc2cd30700 Options.compaction_options_fifo.ttl: 0
2019/10/17-14:56:12.187055 7fbc2cd30700                   Options.table_properties_collectors: 
2019/10/17-14:56:12.187056 7fbc2cd30700                   Options.inplace_update_support: 0
2019/10/17-14:56:12.187057 7fbc2cd30700                 Options.inplace_update_num_locks: 10000
2019/10/17-14:56:12.187057 7fbc2cd30700               Options.memtable_prefix_bloom_size_ratio: 0.000000
2019/10/17-14:56:12.187058 7fbc2cd30700   Options.memtable_huge_page_size: 0
2019/10/17-14:56:12.187059 7fbc2cd30700                           Options.bloom_locality: 0
2019/10/17-14:56:12.187060 7fbc2cd30700                    Options.max_successive_merges: 0
2019/10/17-14:56:12.187060 7fbc2cd30700                Options.optimize_filters_for_hits: 0
2019/10/17-14:56:12.187061 7fbc2cd30700                Options.paranoid_file_checks: 0
2019/10/17-14:56:12.187061 7fbc2cd30700                Options.force_consistency_checks: 0
2019/10/17-14:56:12.187062 7fbc2cd30700                Options.report_bg_io_stats: 0
2019/10/17-14:56:12.187063 7fbc2cd30700                               Options.ttl: 0
2019/10/17-14:56:12.187085 7fbc2cd30700 [db/column_family.cc:472] --------------- Options for column family [active_gateways]:
2019/10/17-14:56:12.187087 7fbc2cd30700               Options.comparator: leveldb.BytewiseComparator
2019/10/17-14:56:12.187087 7fbc2cd30700           Options.merge_operator: None
2019/10/17-14:56:12.187088 7fbc2cd30700        Options.compaction_filter: None
2019/10/17-14:56:12.187089 7fbc2cd30700        Options.compaction_filter_factory: None
2019/10/17-14:56:12.187089 7fbc2cd30700         Options.memtable_factory: SkipListFactory
2019/10/17-14:56:12.187090 7fbc2cd30700            Options.table_factory: BlockBasedTable
2019/10/17-14:56:12.187099 7fbc2cd30700            table_factory options:   flush_block_policy_factory: FlushBlockBySizePolicyFactory (0x7fbbb80224e0)
  cache_index_and_filter_blocks: 0
  cache_index_and_filter_blocks_with_high_priority: 0
  pin_l0_filter_and_index_blocks_in_cache: 0
  pin_top_level_index_and_filter: 1
  index_type: 0
  hash_index_allow_collision: 1
  checksum: 1
  no_block_cache: 0
  block_cache: 0x7fbbb801e340
  block_cache_name: LRUCache
  block_cache_options:
    capacity : 8388608
    num_shard_bits : 4
    strict_capacity_limit : 0
    memory_allocator : None
    high_pri_pool_ratio: 0.000
  block_cache_compressed: (nil)
  persistent_cache: (nil)
  block_size: 4096
  block_size_deviation: 10
  block_restart_interval: 16
  index_block_restart_interval: 1
  metadata_block_size: 4096
  partition_filters: 0
  use_delta_encoding: 1
  filter_policy: nullptr
  whole_key_filtering: 1
  verify_compression: 0
  read_amp_bytes_per_bit: 0
  format_version: 2
  enable_index_compression: 1
  block_align: 0
2019/10/17-14:56:12.187104 7fbc2cd30700        Options.write_buffer_size: 67108864
2019/10/17-14:56:12.187105 7fbc2cd30700  Options.max_write_buffer_number: 2
2019/10/17-14:56:12.187106 7fbc2cd30700          Options.compression: NoCompression
2019/10/17-14:56:12.187107 7fbc2cd30700                  Options.bottommost_compression: Disabled
2019/10/17-14:56:12.187107 7fbc2cd30700       Options.prefix_extractor: nullptr
2019/10/17-14:56:12.187108 7fbc2cd30700   Options.memtable_insert_with_hint_prefix_extractor: nullptr
2019/10/17-14:56:12.187109 7fbc2cd30700             Options.num_levels: 7
2019/10/17-14:56:12.187109 7fbc2cd30700        Options.min_write_buffer_number_to_merge: 1
2019/10/17-14:56:12.187110 7fbc2cd30700     Options.max_write_buffer_number_to_maintain: 0
2019/10/17-14:56:12.187110 7fbc2cd30700            Options.bottommost_compression_opts.window_bits: -14
2019/10/17-14:56:12.187111 7fbc2cd30700                  Options.bottommost_compression_opts.level: 32767
2019/10/17-14:56:12.187112 7fbc2cd30700               Options.bottommost_compression_opts.strategy: 0
2019/10/17-14:56:12.187112 7fbc2cd30700         Options.bottommost_compression_opts.max_dict_bytes: 0
2019/10/17-14:56:12.187113 7fbc2cd30700         Options.bottommost_compression_opts.zstd_max_train_bytes: 0
2019/10/17-14:56:12.187114 7fbc2cd30700                  Options.bottommost_compression_opts.enabled: false
2019/10/17-14:56:12.187114 7fbc2cd30700            Options.compression_opts.window_bits: -14
2019/10/17-14:56:12.187115 7fbc2cd30700                  Options.compression_opts.level: 32767
2019/10/17-14:56:12.187115 7fbc2cd30700               Options.compression_opts.strategy: 0
2019/10/17-14:56:12.187116 7fbc2cd30700         Options.compression_opts.max_dict_bytes: 0
2019/10/17-14:56:12.187117 7fbc2cd30700         Options.compression_opts.zstd_max_train_bytes: 0
2019/10/17-14:56:12.187117 7fbc2cd30700                  Options.compression_opts.enabled: false
2019/10/17-14:56:12.187118 7fbc2cd30700      Options.level0_file_num_compaction_trigger: 4
2019/10/17-14:56:12.187119 7fbc2cd30700          Options.level0_slowdown_writes_trigger: 20
2019/10/17-14:56:12.187119 7fbc2cd30700              Options.level0_stop_writes_trigger: 36
2019/10/17-14:56:12.187120 7fbc2cd30700                   Options.target_file_size_base: 67108864
2019/10/17-14:56:12.187120 7fbc2cd30700             Options.target_file_size_multiplier: 1
2019/10/17-14:56:12.187121 7fbc2cd30700                Options.max_bytes_for_level_base: 268435456
2019/10/17-14:56:12.187122 7fbc2cd30700 Options.level_compaction_dynamic_level_bytes: 0
2019/10/17-14:56:12.187122 7fbc2cd30700          Options.max_bytes_for_level_multiplier: 10.000000
2019/10/17-14:56:12.187124 7fbc2cd30700 Options.max_bytes_for_level_multiplier_addtl[0]: 1
2019/10/17-14:56:12.187124 7fbc2cd30700 Options.max_bytes_for_level_multiplier_addtl[1]: 1
2019/10/17-14:56:12.187125 7fbc2cd30700 Options.max_bytes_for_level_multiplier_addtl[2]: 1
2019/10/17-14:56:12.187126 7fbc2cd30700 Options.max_bytes_for_level_multiplier_addtl[3]: 1
2019/10/17-14:56:12.187126 7fbc2cd30700 Options.max_bytes_for_level_multiplier_addtl[4]: 1
2019/10/17-14:56:12.187127 7fbc2cd30700 Options.max_bytes_for_level_multiplier_addtl[5]: 1
2019/10/17-14:56:12.187127 7fbc2cd30700 Options.max_bytes_for_level_multiplier_addtl[6]: 1
2019/10/17-14:56:12.187128 7fbc2cd30700       Options.max_sequential_skip_in_iterations: 8
2019/10/17-14:56:12.187132 7fbc2cd30700                    Options.max_compaction_bytes: 1677721600
2019/10/17-14:56:12.187132 7fbc2cd30700                        Options.arena_block_size: 8388608
2019/10/17-14:56:12.187133 7fbc2cd30700   Options.soft_pending_compaction_bytes_limit: 68719476736
2019/10/17-14:56:12.187134 7fbc2cd30700   Options.hard_pending_compaction_bytes_limit: 274877906944
2019/10/17-14:56:12.187134 7fbc2cd30700       Options.rate_limit_delay_max_milliseconds: 100
2019/10/17-14:56:12.187135 7fbc2cd30700                Options.disable_auto_compactions: 0
2019/10/17-14:56:12.187136 7fbc2cd30700                        Options.compaction_style: kCompactionStyleLevel
2019/10/17-14:56:12.187137 7fbc2cd30700                          Options.compaction_pri: kByCompensatedSize
2019/10/17-14:56:12.187137 7fbc2cd30700 Options.compaction_options_universal.size_ratio: 1
2019/10/17-14:56:12.187138 7fbc2cd30700 Options.compaction_options_universal.min_merge_width: 2
2019/10/17-14:56:12.187139 7fbc2cd30700 Options.compaction_options_universal.max_merge_width: 4294967295
2019/10/17-14:56:12.187139 7fbc2cd30700 Options.compaction_options_universal.max_size_amplification_percent: 200
2019/10/17-14:56:12.187140 7fbc2cd30700 Options.compaction_options_universal.compression_size_percent: -1
2019/10/17-14:56:12.187141 7fbc2cd30700 Options.compaction_options_universal.stop_style: kCompactionStopStyleTotalSize
2019/10/17-14:56:12.187141 7fbc2cd30700 Options.compaction_options_fifo.max_table_files_size: 1073741824
2019/10/17-14:56:12.187142 7fbc2cd30700 Options.compaction_options_fifo.allow_compaction: 0
2019/10/17-14:56:12.187143 7fbc2cd30700 Options.compaction_options_fifo.ttl: 0
2019/10/17-14:56:12.187143 7fbc2cd30700                   Options.table_properties_collectors: 
2019/10/17-14:56:12.187144 7fbc2cd30700                   Options.inplace_update_support: 0
2019/10/17-14:56:12.187144 7fbc2cd30700                 Options.inplace_update_num_locks: 10000
2019/10/17-14:56:12.187145 7fbc2cd30700               Options.memtable_prefix_bloom_size_ratio: 0.000000
2019/10/17-14:56:12.187146 7fbc2cd30700   Options.memtable_huge_page_size: 0
2019/10/17-14:56:12.187147 7fbc2cd30700                           Options.bloom_locality: 0
2019/10/17-14:56:12.187147 7fbc2cd30700                    Options.max_successive_merges: 0
2019/10/17-14:56:12.187148 7fbc2cd30700                Options.optimize_filters_for_hits: 0
2019/10/17-14:56:12.187149 7fbc2cd30700                Options.paranoid_file_checks: 0
2019/10/17-14:56:12.187149 7fbc2cd30700                Options.force_consistency_checks: 0
2019/10/17-14:56:12.187150 7fbc2cd30700                Options.report_bg_io_stats: 0
2019/10/17-14:56:12.187150 7fbc2cd30700                               Options.ttl: 0
2019/10/17-14:56:12.187164 7fbc2cd30700 [db/column_family.cc:472] --------------- Options for column family [entries]:
2019/10/17-14:56:12.187165 7fbc2cd30700               Options.comparator: leveldb.BytewiseComparator
2019/10/17-14:56:12.187165 7fbc2cd30700           Options.merge_operator: None
2019/10/17-14:56:12.187166 7fbc2cd30700        Options.compaction_filter: None
2019/10/17-14:56:12.187167 7fbc2cd30700        Options.compaction_filter_factory: None
2019/10/17-14:56:12.187167 7fbc2cd30700         Options.memtable_factory: SkipListFactory
2019/10/17-14:56:12.187168 7fbc2cd30700            Options.table_factory: BlockBasedTable
2019/10/17-14:56:12.187176 7fbc2cd30700            table_factory options:   flush_block_policy_factory: FlushBlockBySizePolicyFactory (0x7fbbb80802e0)
  cache_index_and_filter_blocks: 0
  cache_index_and_filter_blocks_with_high_priority: 0
  pin_l0_filter_and_index_blocks_in_cache: 0
  pin_top_level_index_and_filter: 1
  index_type: 0
  hash_index_allow_collision: 1
  checksum: 1
  no_block_cache: 0
  block_cache: 0x7fbbb8088d10
  block_cache_name: LRUCache
  block_cache_options:
    capacity : 8388608
    num_shard_bits : 4
    strict_capacity_limit : 0
    memory_allocator : None
    high_pri_pool_ratio: 0.000
  block_cache_compressed: (nil)
  persistent_cache: (nil)
  block_size: 4096
  block_size_deviation: 10
  block_restart_interval: 16
  index_block_restart_interval: 1
  metadata_block_size: 4096
  partition_filters: 0
  use_delta_encoding: 1
  filter_policy: nullptr
  whole_key_filtering: 1
  verify_compression: 0
  read_amp_bytes_per_bit: 0
  format_version: 2
  enable_index_compression: 1
  block_align: 0
2019/10/17-14:56:12.187181 7fbc2cd30700        Options.write_buffer_size: 67108864
2019/10/17-14:56:12.187182 7fbc2cd30700  Options.max_write_buffer_number: 2
2019/10/17-14:56:12.187182 7fbc2cd30700          Options.compression: NoCompression
2019/10/17-14:56:12.187183 7fbc2cd30700                  Options.bottommost_compression: Disabled
2019/10/17-14:56:12.187184 7fbc2cd30700       Options.prefix_extractor: nullptr
2019/10/17-14:56:12.187184 7fbc2cd30700   Options.memtable_insert_with_hint_prefix_extractor: nullptr
2019/10/17-14:56:12.187185 7fbc2cd30700             Options.num_levels: 7
2019/10/17-14:56:12.187186 7fbc2cd30700        Options.min_write_buffer_number_to_merge: 1
2019/10/17-14:56:12.187186 7fbc2cd30700     Options.max_write_buffer_number_to_maintain: 0
2019/10/17-14:56:12.187187 7fbc2cd30700            Options.bottommost_compression_opts.window_bits: -14
2019/10/17-14:56:12.187187 7fbc2cd30700                  Options.bottommost_compression_opts.level: 32767
2019/10/17-14:56:12.187188 7fbc2cd30700               Options.bottommost_compression_opts.strategy: 0
2019/10/17-14:56:12.187189 7fbc2cd30700         Options.bottommost_compression_opts.max_dict_bytes: 0
2019/10/17-14:56:12.187189 7fbc2cd30700         Options.bottommost_compression_opts.zstd_max_train_bytes: 0
2019/10/17-14:56:12.187190 7fbc2cd30700                  Options.bottommost_compression_opts.enabled: false
2019/10/17-14:56:12.187191 7fbc2cd30700            Options.compression_opts.window_bits: -14
2019/10/17-14:56:12.187191 7fbc2cd30700                  Options.compression_opts.level: 32767
2019/10/17-14:56:12.187192 7fbc2cd30700               Options.compression_opts.strategy: 0
2019/10/17-14:56:12.187192 7fbc2cd30700         Options.compression_opts.max_dict_bytes: 0
2019/10/17-14:56:12.187193 7fbc2cd30700         Options.compression_opts.zstd_max_train_bytes: 0
2019/10/17-14:56:12.187194 7fbc2cd30700                  Options.compression_opts.enabled: false
2019/10/17-14:56:12.187194 7fbc2cd30700      Options.level0_file_num_compaction_trigger: 4
2019/10/17-14:56:12.187195 7fbc2cd30700          Options.level0_slowdown_writes_trigger: 20
2019/10/17-14:56:12.187196 7fbc2cd30700              Options.level0_stop_writes_trigger: 36
2019/10/17-14:56:12.187196 7fbc2cd30700                   Options.target_file_size_base: 67108864
2019/10/17-14:56:12.187197 7fbc2cd30700             Options.target_file_size_multiplier: 1
2019/10/17-14:56:12.187197 7fbc2cd30700                Options.max_bytes_for_level_base: 268435456
2019/10/17-14:56:12.187198 7fbc2cd30700 Options.level_compaction_dynamic_level_bytes: 0
2019/10/17-14:56:12.187199 7fbc2cd30700          Options.max_bytes_for_level_multiplier: 10.000000
2019/10/17-14:56:12.187200 7fbc2cd30700 Options.max_bytes_for_level_multiplier_addtl[0]: 1
2019/10/17-14:56:12.187200 7fbc2cd30700 Options.max_bytes_for_level_multiplier_addtl[1]: 1
2019/10/17-14:56:12.187201 7fbc2cd30700 Options.max_bytes_for_level_multiplier_addtl[2]: 1
2019/10/17-14:56:12.187202 7fbc2cd30700 Options.max_bytes_for_level_multiplier_addtl[3]: 1
2019/10/17-14:56:12.187202 7fbc2cd30700 Options.max_bytes_for_level_multiplier_addtl[4]: 1
2019/10/17-14:56:12.187203 7fbc2cd30700 Options.max_bytes_for_level_multiplier_addtl[5]: 1
2019/10/17-14:56:12.187203 7fbc2cd30700 Options.max_bytes_for_level_multiplier_addtl[6]: 1
2019/10/17-14:56:12.187204 7fbc2cd30700       Options.max_sequential_skip_in_iterations: 8
2019/10/17-14:56:12.187205 7fbc2cd30700                    Options.max_compaction_bytes: 1677721600
2019/10/17-14:56:12.187205 7fbc2cd30700                        Options.arena_block_size: 8388608
2019/10/17-14:56:12.187206 7fbc2cd30700   Options.soft_pending_compaction_bytes_limit: 68719476736
2019/10/17-14:56:12.187210 7fbc2cd30700   Options.hard_pending_compaction_bytes_limit: 274877906944
2019/10/17-14:56:12.187210 7fbc2cd30700       Options.rate_limit_delay_max_milliseconds: 100
2019/10/17-14:56:12.187211 7fbc2cd30700                Options.disable_auto_compactions: 0
2019/10/17-14:56:12.187212 7fbc2cd30700                        Options.compaction_style: kCompactionStyleLevel
2019/10/17-14:56:12.187213 7fbc2cd30700                          Options.compaction_pri: kByCompensatedSize
2019/10/17-14:56:12.187213 7fbc2cd30700 Options.compaction_options_universal.size_ratio: 1
2019/10/17-14:56:12.187214 7fbc2cd30700 Options.compaction_options_universal.min_merge_width: 2
2019/10/17-14:56:12.187215 7fbc2cd30700 Options.compaction_options_universal.max_merge_width: 4294967295
2019/10/17-14:56:12.187215 7fbc2cd30700 Options.compaction_options_universal.max_size_amplification_percent: 200
2019/10/17-14:56:12.187216 7fbc2cd30700 Options.compaction_options_universal.compression_size_percent: -1
2019/10/17-14:56:12.187217 7fbc2cd30700 Options.compaction_options_universal.stop_style: kCompactionStopStyleTotalSize
2019/10/17-14:56:12.187217 7fbc2cd30700 Options.compaction_options_fifo.max_table_files_size: 1073741824
2019/10/17-14:56:12.187218 7fbc2cd30700 Options.compaction_options_fifo.allow_compaction: 0
2019/10/17-14:56:12.187219 7fbc2cd30700 Options.compaction_options_fifo.ttl: 0
2019/10/17-14:56:12.187219 7fbc2cd30700                   Options.table_properties_collectors: 
2019/10/17-14:56:12.187220 7fbc2cd30700                   Options.inplace_update_support: 0
2019/10/17-14:56:12.187220 7fbc2cd30700                 Options.inplace_update_num_locks: 10000
2019/10/17-14:56:12.187221 7fbc2cd30700               Options.memtable_prefix_bloom_size_ratio: 0.000000
2019/10/17-14:56:12.187222 7fbc2cd30700   Options.memtable_huge_page_size: 0
2019/10/17-14:56:12.187223 7fbc2cd30700                           Options.bloom_locality: 0
2019/10/17-14:56:12.187223 7fbc2cd30700                    Options.max_successive_merges: 0
2019/10/17-14:56:12.187224 7fbc2cd30700                Options.optimize_filters_for_hits: 0
2019/10/17-14:56:12.187225 7fbc2cd30700                Options.paranoid_file_checks: 0
2019/10/17-14:56:12.187225 7fbc2cd30700                Options.force_consistency_checks: 0
2019/10/17-14:56:12.187226 7fbc2cd30700                Options.report_bg_io_stats: 0
2019/10/17-14:56:12.187226 7fbc2cd30700                               Options.ttl: 0
2019/10/17-14:56:12.187238 7fbc2cd30700 [db/column_family.cc:472] --------------- Options for column family [dc_entries]:
2019/10/17-14:56:12.187239 7fbc2cd30700               Options.comparator: leveldb.BytewiseComparator
2019/10/17-14:56:12.187240 7fbc2cd30700           Options.merge_operator: None
2019/10/17-14:56:12.187241 7fbc2cd30700        Options.compaction_filter: None
2019/10/17-14:56:12.187241 7fbc2cd30700        Options.compaction_filter_factory: None
2019/10/17-14:56:12.187242 7fbc2cd30700         Options.memtable_factory: SkipListFactory
2019/10/17-14:56:12.187242 7fbc2cd30700            Options.table_factory: BlockBasedTable
2019/10/17-14:56:12.187250 7fbc2cd30700            table_factory options:   flush_block_policy_factory: FlushBlockBySizePolicyFactory (0x7fbbb8057e80)
  cache_index_and_filter_blocks: 0
  cache_index_and_filter_blocks_with_high_priority: 0
  pin_l0_filter_and_index_blocks_in_cache: 0
  pin_top_level_index_and_filter: 1
  index_type: 0
  hash_index_allow_collision: 1
  checksum: 1
  no_block_cache: 0
  block_cache: 0x7fbbb80912d0
  block_cache_name: LRUCache
  block_cache_options:
    capacity : 8388608
    num_shard_bits : 4
    strict_capacity_limit : 0
    memory_allocator : None
    high_pri_pool_ratio: 0.000
  block_cache_compressed: (nil)
  persistent_cache: (nil)
  block_size: 4096
  block_size_deviation: 10
  block_restart_interval: 16
  index_block_restart_interval: 1
  metadata_block_size: 4096
  partition_filters: 0
  use_delta_encoding: 1
  filter_policy: nullptr
  whole_key_filtering: 1
  verify_compression: 0
  read_amp_bytes_per_bit: 0
  format_version: 2
  enable_index_compression: 1
  block_align: 0
2019/10/17-14:56:12.187255 7fbc2cd30700        Options.write_buffer_size: 67108864
2019/10/17-14:56:12.187256 7fbc2cd30700  Options.max_write_buffer_number: 2
2019/10/17-14:56:12.187256 7fbc2cd30700          Options.compression: NoCompression
2019/10/17-14:56:12.187257 7fbc2cd30700                  Options.bottommost_compression: Disabled
2019/10/17-14:56:12.187258 7fbc2cd30700       Options.prefix_extractor: nullptr
2019/10/17-14:56:12.187258 7fbc2cd30700   Options.memtable_insert_with_hint_prefix_extractor: nullptr
2019/10/17-14:56:12.187259 7fbc2cd30700             Options.num_levels: 7
2019/10/17-14:56:12.187260 7fbc2cd30700        Options.min_write_buffer_number_to_merge: 1
2019/10/17-14:56:12.187260 7fbc2cd30700     Options.max_write_buffer_number_to_maintain: 0
2019/10/17-14:56:12.187261 7fbc2cd30700            Options.bottommost_compression_opts.window_bits: -14
2019/10/17-14:56:12.187261 7fbc2cd30700                  Options.bottommost_compression_opts.level: 32767
2019/10/17-14:56:12.187262 7fbc2cd30700               Options.bottommost_compression_opts.strategy: 0
2019/10/17-14:56:12.187263 7fbc2cd30700         Options.bottommost_compression_opts.max_dict_bytes: 0
2019/10/17-14:56:12.187263 7fbc2cd30700         Options.bottommost_compression_opts.zstd_max_train_bytes: 0
2019/10/17-14:56:12.187264 7fbc2cd30700                  Options.bottommost_compression_opts.enabled: false
2019/10/17-14:56:12.187265 7fbc2cd30700            Options.compression_opts.window_bits: -14
2019/10/17-14:56:12.187265 7fbc2cd30700                  Options.compression_opts.level: 32767
2019/10/17-14:56:12.187266 7fbc2cd30700               Options.compression_opts.strategy: 0
2019/10/17-14:56:12.187266 7fbc2cd30700         Options.compression_opts.max_dict_bytes: 0
2019/10/17-14:56:12.187267 7fbc2cd30700         Options.compression_opts.zstd_max_train_bytes: 0
2019/10/17-14:56:12.187268 7fbc2cd30700                  Options.compression_opts.enabled: false
2019/10/17-14:56:12.187268 7fbc2cd30700      Options.level0_file_num_compaction_trigger: 4
2019/10/17-14:56:12.187269 7fbc2cd30700          Options.level0_slowdown_writes_trigger: 20
2019/10/17-14:56:12.187269 7fbc2cd30700              Options.level0_stop_writes_trigger: 36
2019/10/17-14:56:12.187270 7fbc2cd30700                   Options.target_file_size_base: 67108864
2019/10/17-14:56:12.187271 7fbc2cd30700             Options.target_file_size_multiplier: 1
2019/10/17-14:56:12.187271 7fbc2cd30700                Options.max_bytes_for_level_base: 268435456
2019/10/17-14:56:12.187272 7fbc2cd30700 Options.level_compaction_dynamic_level_bytes: 0
2019/10/17-14:56:12.187273 7fbc2cd30700          Options.max_bytes_for_level_multiplier: 10.000000
2019/10/17-14:56:12.187274 7fbc2cd30700 Options.max_bytes_for_level_multiplier_addtl[0]: 1
2019/10/17-14:56:12.187274 7fbc2cd30700 Options.max_bytes_for_level_multiplier_addtl[1]: 1
2019/10/17-14:56:12.187275 7fbc2cd30700 Options.max_bytes_for_level_multiplier_addtl[2]: 1
2019/10/17-14:56:12.187276 7fbc2cd30700 Options.max_bytes_for_level_multiplier_addtl[3]: 1
2019/10/17-14:56:12.187276 7fbc2cd30700 Options.max_bytes_for_level_multiplier_addtl[4]: 1
2019/10/17-14:56:12.187277 7fbc2cd30700 Options.max_bytes_for_level_multiplier_addtl[5]: 1
2019/10/17-14:56:12.187278 7fbc2cd30700 Options.max_bytes_for_level_multiplier_addtl[6]: 1
2019/10/17-14:56:12.187278 7fbc2cd30700       Options.max_sequential_skip_in_iterations: 8
2019/10/17-14:56:12.187279 7fbc2cd30700                    Options.max_compaction_bytes: 1677721600
2019/10/17-14:56:12.187279 7fbc2cd30700                        Options.arena_block_size: 8388608
2019/10/17-14:56:12.187280 7fbc2cd30700   Options.soft_pending_compaction_bytes_limit: 68719476736
2019/10/17-14:56:12.187281 7fbc2cd30700   Options.hard_pending_compaction_bytes_limit: 274877906944
2019/10/17-14:56:12.187281 7fbc2cd30700       Options.rate_limit_delay_max_milliseconds: 100
2019/10/17-14:56:12.187282 7fbc2cd30700                Options.disable_auto_compactions: 0
2019/10/17-14:56:12.187286 7fbc2cd30700                        Options.compaction_style: kCompactionStyleLevel
2019/10/17-14:56:12.187287 7fbc2cd30700                          Options.compaction_pri: kByCompensatedSize
2019/10/17-14:56:12.187287 7fbc2cd30700 Options.compaction_options_universal.size_ratio: 1
2019/10/17-14:56:12.187288 7fbc2cd30700 Options.compaction_options_universal.min_merge_width: 2
2019/10/17-14:56:12.187288 7fbc2cd30700 Options.compaction_options_universal.max_merge_width: 4294967295
2019/10/17-14:56:12.187289 7fbc2cd30700 Options.compaction_options_universal.max_size_amplification_percent: 200
2019/10/17-14:56:12.187290 7fbc2cd30700 Options.compaction_options_universal.compression_size_percent: -1
2019/10/17-14:56:12.187290 7fbc2cd30700 Options.compaction_options_universal.stop_style: kCompactionStopStyleTotalSize
2019/10/17-14:56:12.187291 7fbc2cd30700 Options.compaction_options_fifo.max_table_files_size: 1073741824
2019/10/17-14:56:12.187292 7fbc2cd30700 Options.compaction_options_fifo.allow_compaction: 0
2019/10/17-14:56:12.187292 7fbc2cd30700 Options.compaction_options_fifo.ttl: 0
2019/10/17-14:56:12.187293 7fbc2cd30700                   Options.table_properties_collectors: 
2019/10/17-14:56:12.187294 7fbc2cd30700                   Options.inplace_update_support: 0
2019/10/17-14:56:12.187294 7fbc2cd30700                 Options.inplace_update_num_locks: 10000
2019/10/17-14:56:12.187295 7fbc2cd30700               Options.memtable_prefix_bloom_size_ratio: 0.000000
2019/10/17-14:56:12.187296 7fbc2cd30700   Options.memtable_huge_page_size: 0
2019/10/17-14:56:12.187296 7fbc2cd30700                           Options.bloom_locality: 0
2019/10/17-14:56:12.187297 7fbc2cd30700                    Options.max_successive_merges: 0
2019/10/17-14:56:12.187298 7fbc2cd30700                Options.optimize_filters_for_hits: 0
2019/10/17-14:56:12.187298 7fbc2cd30700                Options.paranoid_file_checks: 0
2019/10/17-14:56:12.187299 7fbc2cd30700                Options.force_consistency_checks: 0
2019/10/17-14:56:12.187300 7fbc2cd30700                Options.report_bg_io_stats: 0
2019/10/17-14:56:12.187300 7fbc2cd30700                               Options.ttl: 0
2019/10/17-14:56:12.187310 7fbc2cd30700 [db/column_family.cc:472] --------------- Options for column family [htlcs]:
2019/10/17-14:56:12.187311 7fbc2cd30700               Options.comparator: leveldb.BytewiseComparator
2019/10/17-14:56:12.187312 7fbc2cd30700           Options.merge_operator: None
2019/10/17-14:56:12.187312 7fbc2cd30700        Options.compaction_filter: None
2019/10/17-14:56:12.187313 7fbc2cd30700        Options.compaction_filter_factory: None
2019/10/17-14:56:12.187314 7fbc2cd30700         Options.memtable_factory: SkipListFactory
2019/10/17-14:56:12.187314 7fbc2cd30700            Options.table_factory: BlockBasedTable
2019/10/17-14:56:12.187322 7fbc2cd30700            table_factory options:   flush_block_policy_factory: FlushBlockBySizePolicyFactory (0x7fbbb80e1fb0)
