2019/10/17-14:54:15.504638 7fc3a9fcb700 RocksDB version: 5.18.3
2019/10/17-14:54:15.504657 7fc3a9fcb700 Git sha rocksdb_build_git_sha:@0@
2019/10/17-14:54:15.504659 7fc3a9fcb700 Compile date Sep 19 2019
2019/10/17-14:54:15.504660 7fc3a9fcb700 DB SUMMARY
2019/10/17-14:54:15.505154 7fc3a9fcb700 CURRENT file:  CURRENT
2019/10/17-14:54:15.505155 7fc3a9fcb700 IDENTITY file:  IDENTITY
2019/10/17-14:54:15.505175 7fc3a9fcb700 MANIFEST file:  MANIFEST-114925 size: 4114 Bytes
2019/10/17-14:54:15.505177 7fc3a9fcb700 SST files in /home/rahul/dev/blockchain-core/eqc/ledger.db dir, Total Num: 29, files: 000624.sst 000627.sst 106940.sst 108447.sst 108450.sst 109471.sst 109483.sst 109485.sst 109486.sst 
2019/10/17-14:54:15.505178 7fc3a9fcb700 Write Ahead Log file in /home/rahul/dev/blockchain-core/eqc/ledger.db: 114926.log size: 0 ; 
2019/10/17-14:54:15.505201 7fc3a9fcb700                         Options.error_if_exists: 0
2019/10/17-14:54:15.505202 7fc3a9fcb700                       Options.create_if_missing: 1
2019/10/17-14:54:15.505202 7fc3a9fcb700                         Options.paranoid_checks: 1
2019/10/17-14:54:15.505203 7fc3a9fcb700                                     Options.env: 0x7fc32ae1fc60
2019/10/17-14:54:15.505204 7fc3a9fcb700                                Options.info_log: 0x7fc350104740
2019/10/17-14:54:15.505204 7fc3a9fcb700                Options.max_file_opening_threads: 16
2019/10/17-14:54:15.505205 7fc3a9fcb700                              Options.statistics: (nil)
2019/10/17-14:54:15.505205 7fc3a9fcb700                               Options.use_fsync: 0
2019/10/17-14:54:15.505206 7fc3a9fcb700                       Options.max_log_file_size: 0
2019/10/17-14:54:15.505206 7fc3a9fcb700                  Options.max_manifest_file_size: 1073741824
2019/10/17-14:54:15.505207 7fc3a9fcb700                   Options.log_file_time_to_roll: 0
2019/10/17-14:54:15.505208 7fc3a9fcb700                       Options.keep_log_file_num: 1000
2019/10/17-14:54:15.505208 7fc3a9fcb700                    Options.recycle_log_file_num: 0
2019/10/17-14:54:15.505209 7fc3a9fcb700                         Options.allow_fallocate: 1
2019/10/17-14:54:15.505209 7fc3a9fcb700                        Options.allow_mmap_reads: 0
2019/10/17-14:54:15.505210 7fc3a9fcb700                       Options.allow_mmap_writes: 0
2019/10/17-14:54:15.505210 7fc3a9fcb700                        Options.use_direct_reads: 0
2019/10/17-14:54:15.505211 7fc3a9fcb700                        Options.use_direct_io_for_flush_and_compaction: 0
2019/10/17-14:54:15.505211 7fc3a9fcb700          Options.create_missing_column_families: 0
2019/10/17-14:54:15.505212 7fc3a9fcb700                              Options.db_log_dir: 
2019/10/17-14:54:15.505212 7fc3a9fcb700                                 Options.wal_dir: /home/rahul/dev/blockchain-core/eqc/ledger.db
2019/10/17-14:54:15.505213 7fc3a9fcb700                Options.table_cache_numshardbits: 6
2019/10/17-14:54:15.505213 7fc3a9fcb700                      Options.max_subcompactions: 1
2019/10/17-14:54:15.505214 7fc3a9fcb700                  Options.max_background_flushes: -1
2019/10/17-14:54:15.505214 7fc3a9fcb700                         Options.WAL_ttl_seconds: 0
2019/10/17-14:54:15.505215 7fc3a9fcb700                       Options.WAL_size_limit_MB: 0
2019/10/17-14:54:15.505216 7fc3a9fcb700             Options.manifest_preallocation_size: 4194304
2019/10/17-14:54:15.505216 7fc3a9fcb700                     Options.is_fd_close_on_exec: 1
2019/10/17-14:54:15.505217 7fc3a9fcb700                   Options.advise_random_on_open: 1
2019/10/17-14:54:15.505217 7fc3a9fcb700                    Options.db_write_buffer_size: 0
2019/10/17-14:54:15.505218 7fc3a9fcb700                    Options.write_buffer_manager: 0x7fc350001560
2019/10/17-14:54:15.505218 7fc3a9fcb700         Options.access_hint_on_compaction_start: 1
2019/10/17-14:54:15.505219 7fc3a9fcb700  Options.new_table_reader_for_compaction_inputs: 0
2019/10/17-14:54:15.505219 7fc3a9fcb700           Options.random_access_max_buffer_size: 1048576
2019/10/17-14:54:15.505220 7fc3a9fcb700                      Options.use_adaptive_mutex: 0
2019/10/17-14:54:15.505220 7fc3a9fcb700                            Options.rate_limiter: (nil)
2019/10/17-14:54:15.505226 7fc3a9fcb700     Options.sst_file_manager.rate_bytes_per_sec: 0
2019/10/17-14:54:15.505227 7fc3a9fcb700                       Options.wal_recovery_mode: 2
2019/10/17-14:54:15.505227 7fc3a9fcb700                  Options.enable_thread_tracking: 0
2019/10/17-14:54:15.505228 7fc3a9fcb700                  Options.enable_pipelined_write: 0
2019/10/17-14:54:15.505228 7fc3a9fcb700         Options.allow_concurrent_memtable_write: 1
2019/10/17-14:54:15.505229 7fc3a9fcb700      Options.enable_write_thread_adaptive_yield: 1
2019/10/17-14:54:15.505229 7fc3a9fcb700             Options.write_thread_max_yield_usec: 100
2019/10/17-14:54:15.505230 7fc3a9fcb700            Options.write_thread_slow_yield_usec: 3
2019/10/17-14:54:15.505230 7fc3a9fcb700                               Options.row_cache: None
2019/10/17-14:54:15.505231 7fc3a9fcb700                              Options.wal_filter: None
2019/10/17-14:54:15.505231 7fc3a9fcb700             Options.avoid_flush_during_recovery: 0
2019/10/17-14:54:15.505232 7fc3a9fcb700             Options.allow_ingest_behind: 0
2019/10/17-14:54:15.505232 7fc3a9fcb700             Options.preserve_deletes: 0
2019/10/17-14:54:15.505233 7fc3a9fcb700             Options.two_write_queues: 0
2019/10/17-14:54:15.505233 7fc3a9fcb700             Options.manual_wal_flush: 0
2019/10/17-14:54:15.505234 7fc3a9fcb700             Options.max_background_jobs: 2
2019/10/17-14:54:15.505235 7fc3a9fcb700             Options.max_background_compactions: -1
2019/10/17-14:54:15.505235 7fc3a9fcb700             Options.avoid_flush_during_shutdown: 0
2019/10/17-14:54:15.505236 7fc3a9fcb700           Options.writable_file_max_buffer_size: 1048576
2019/10/17-14:54:15.505236 7fc3a9fcb700             Options.delayed_write_rate : 16777216
2019/10/17-14:54:15.505237 7fc3a9fcb700             Options.max_total_wal_size: 0
2019/10/17-14:54:15.505237 7fc3a9fcb700             Options.delete_obsolete_files_period_micros: 21600000000
2019/10/17-14:54:15.505238 7fc3a9fcb700                   Options.stats_dump_period_sec: 600
2019/10/17-14:54:15.505238 7fc3a9fcb700                          Options.max_open_files: -1
2019/10/17-14:54:15.505239 7fc3a9fcb700                          Options.bytes_per_sync: 0
2019/10/17-14:54:15.505239 7fc3a9fcb700                      Options.wal_bytes_per_sync: 0
2019/10/17-14:54:15.505240 7fc3a9fcb700       Options.compaction_readahead_size: 0
2019/10/17-14:54:15.505240 7fc3a9fcb700 Compression algorithms supported:
2019/10/17-14:54:15.505241 7fc3a9fcb700 	kZSTDNotFinalCompression supported: 0
2019/10/17-14:54:15.505242 7fc3a9fcb700 	kZSTD supported: 0
2019/10/17-14:54:15.505243 7fc3a9fcb700 	kXpressCompression supported: 0
2019/10/17-14:54:15.505243 7fc3a9fcb700 	kLZ4HCCompression supported: 0
2019/10/17-14:54:15.505244 7fc3a9fcb700 	kLZ4Compression supported: 0
2019/10/17-14:54:15.505244 7fc3a9fcb700 	kBZip2Compression supported: 0
2019/10/17-14:54:15.505245 7fc3a9fcb700 	kZlibCompression supported: 0
2019/10/17-14:54:15.505245 7fc3a9fcb700 	kSnappyCompression supported: 0
2019/10/17-14:54:15.505247 7fc3a9fcb700 Fast CRC32 supported: Supported on x86
2019/10/17-14:54:15.505313 7fc3a9fcb700 [db/version_set.cc:3507] Recovering from manifest file: MANIFEST-114925
2019/10/17-14:54:15.505336 7fc3a9fcb700 [db/column_family.cc:472] --------------- Options for column family [default]:
2019/10/17-14:54:15.505337 7fc3a9fcb700               Options.comparator: leveldb.BytewiseComparator
2019/10/17-14:54:15.505338 7fc3a9fcb700           Options.merge_operator: None
2019/10/17-14:54:15.505338 7fc3a9fcb700        Options.compaction_filter: None
2019/10/17-14:54:15.505339 7fc3a9fcb700        Options.compaction_filter_factory: None
2019/10/17-14:54:15.505340 7fc3a9fcb700         Options.memtable_factory: SkipListFactory
2019/10/17-14:54:15.505340 7fc3a9fcb700            Options.table_factory: BlockBasedTable
2019/10/17-14:54:15.505350 7fc3a9fcb700            table_factory options:   flush_block_policy_factory: FlushBlockBySizePolicyFactory (0x7fc3500a1f50)
  cache_index_and_filter_blocks: 0
  cache_index_and_filter_blocks_with_high_priority: 0
  pin_l0_filter_and_index_blocks_in_cache: 0
  pin_top_level_index_and_filter: 1
  index_type: 0
  hash_index_allow_collision: 1
  checksum: 1
  no_block_cache: 0
  block_cache: 0x7fc3500bd840
  block_cache_name: LRUCache
  block_cache_options:
    capacity : 8388608
    num_shard_bits : 4
    strict_capacity_limit : 0
    memory_allocator : None
    high_pri_pool_ratio: 0.000
  block_cache_compressed: (nil)
  persistent_cache: (nil)
  block_size: 4096
  block_size_deviation: 10
  block_restart_interval: 16
  index_block_restart_interval: 1
  metadata_block_size: 4096
  partition_filters: 0
  use_delta_encoding: 1
  filter_policy: nullptr
  whole_key_filtering: 1
  verify_compression: 0
  read_amp_bytes_per_bit: 0
  format_version: 2
  enable_index_compression: 1
  block_align: 0
2019/10/17-14:54:15.505355 7fc3a9fcb700        Options.write_buffer_size: 67108864
2019/10/17-14:54:15.505356 7fc3a9fcb700  Options.max_write_buffer_number: 2
2019/10/17-14:54:15.505357 7fc3a9fcb700          Options.compression: NoCompression
2019/10/17-14:54:15.505357 7fc3a9fcb700                  Options.bottommost_compression: Disabled
2019/10/17-14:54:15.505358 7fc3a9fcb700       Options.prefix_extractor: nullptr
2019/10/17-14:54:15.505358 7fc3a9fcb700   Options.memtable_insert_with_hint_prefix_extractor: nullptr
2019/10/17-14:54:15.505359 7fc3a9fcb700             Options.num_levels: 7
2019/10/17-14:54:15.505359 7fc3a9fcb700        Options.min_write_buffer_number_to_merge: 1
2019/10/17-14:54:15.505360 7fc3a9fcb700     Options.max_write_buffer_number_to_maintain: 0
2019/10/17-14:54:15.505360 7fc3a9fcb700            Options.bottommost_compression_opts.window_bits: -14
2019/10/17-14:54:15.505361 7fc3a9fcb700                  Options.bottommost_compression_opts.level: 32767
2019/10/17-14:54:15.505361 7fc3a9fcb700               Options.bottommost_compression_opts.strategy: 0
2019/10/17-14:54:15.505362 7fc3a9fcb700         Options.bottommost_compression_opts.max_dict_bytes: 0
2019/10/17-14:54:15.505362 7fc3a9fcb700         Options.bottommost_compression_opts.zstd_max_train_bytes: 0
2019/10/17-14:54:15.505363 7fc3a9fcb700                  Options.bottommost_compression_opts.enabled: false
2019/10/17-14:54:15.505364 7fc3a9fcb700            Options.compression_opts.window_bits: -14
2019/10/17-14:54:15.505364 7fc3a9fcb700                  Options.compression_opts.level: 32767
2019/10/17-14:54:15.505365 7fc3a9fcb700               Options.compression_opts.strategy: 0
2019/10/17-14:54:15.505365 7fc3a9fcb700         Options.compression_opts.max_dict_bytes: 0
2019/10/17-14:54:15.505366 7fc3a9fcb700         Options.compression_opts.zstd_max_train_bytes: 0
2019/10/17-14:54:15.505366 7fc3a9fcb700                  Options.compression_opts.enabled: false
2019/10/17-14:54:15.505367 7fc3a9fcb700      Options.level0_file_num_compaction_trigger: 4
2019/10/17-14:54:15.505367 7fc3a9fcb700          Options.level0_slowdown_writes_trigger: 20
2019/10/17-14:54:15.505368 7fc3a9fcb700              Options.level0_stop_writes_trigger: 36
2019/10/17-14:54:15.505368 7fc3a9fcb700                   Options.target_file_size_base: 67108864
2019/10/17-14:54:15.505369 7fc3a9fcb700             Options.target_file_size_multiplier: 1
2019/10/17-14:54:15.505369 7fc3a9fcb700                Options.max_bytes_for_level_base: 268435456
2019/10/17-14:54:15.505370 7fc3a9fcb700 Options.level_compaction_dynamic_level_bytes: 0
2019/10/17-14:54:15.505370 7fc3a9fcb700          Options.max_bytes_for_level_multiplier: 10.000000
2019/10/17-14:54:15.505371 7fc3a9fcb700 Options.max_bytes_for_level_multiplier_addtl[0]: 1
2019/10/17-14:54:15.505372 7fc3a9fcb700 Options.max_bytes_for_level_multiplier_addtl[1]: 1
2019/10/17-14:54:15.505373 7fc3a9fcb700 Options.max_bytes_for_level_multiplier_addtl[2]: 1
2019/10/17-14:54:15.505373 7fc3a9fcb700 Options.max_bytes_for_level_multiplier_addtl[3]: 1
2019/10/17-14:54:15.505374 7fc3a9fcb700 Options.max_bytes_for_level_multiplier_addtl[4]: 1
2019/10/17-14:54:15.505377 7fc3a9fcb700 Options.max_bytes_for_level_multiplier_addtl[5]: 1
2019/10/17-14:54:15.505377 7fc3a9fcb700 Options.max_bytes_for_level_multiplier_addtl[6]: 1
2019/10/17-14:54:15.505378 7fc3a9fcb700       Options.max_sequential_skip_in_iterations: 8
2019/10/17-14:54:15.505378 7fc3a9fcb700                    Options.max_compaction_bytes: 1677721600
2019/10/17-14:54:15.505379 7fc3a9fcb700                        Options.arena_block_size: 8388608
2019/10/17-14:54:15.505380 7fc3a9fcb700   Options.soft_pending_compaction_bytes_limit: 68719476736
2019/10/17-14:54:15.505380 7fc3a9fcb700   Options.hard_pending_compaction_bytes_limit: 274877906944
2019/10/17-14:54:15.505381 7fc3a9fcb700       Options.rate_limit_delay_max_milliseconds: 100
2019/10/17-14:54:15.505381 7fc3a9fcb700                Options.disable_auto_compactions: 0
2019/10/17-14:54:15.505382 7fc3a9fcb700                        Options.compaction_style: kCompactionStyleLevel
2019/10/17-14:54:15.505383 7fc3a9fcb700                          Options.compaction_pri: kByCompensatedSize
2019/10/17-14:54:15.505384 7fc3a9fcb700 Options.compaction_options_universal.size_ratio: 1
2019/10/17-14:54:15.505384 7fc3a9fcb700 Options.compaction_options_universal.min_merge_width: 2
2019/10/17-14:54:15.505385 7fc3a9fcb700 Options.compaction_options_universal.max_merge_width: 4294967295
2019/10/17-14:54:15.505386 7fc3a9fcb700 Options.compaction_options_universal.max_size_amplification_percent: 200
2019/10/17-14:54:15.505386 7fc3a9fcb700 Options.compaction_options_universal.compression_size_percent: -1
2019/10/17-14:54:15.505387 7fc3a9fcb700 Options.compaction_options_universal.stop_style: kCompactionStopStyleTotalSize
2019/10/17-14:54:15.505387 7fc3a9fcb700 Options.compaction_options_fifo.max_table_files_size: 1073741824
2019/10/17-14:54:15.505388 7fc3a9fcb700 Options.compaction_options_fifo.allow_compaction: 0
2019/10/17-14:54:15.505388 7fc3a9fcb700 Options.compaction_options_fifo.ttl: 0
2019/10/17-14:54:15.505389 7fc3a9fcb700                   Options.table_properties_collectors: 
2019/10/17-14:54:15.505389 7fc3a9fcb700                   Options.inplace_update_support: 0
2019/10/17-14:54:15.505390 7fc3a9fcb700                 Options.inplace_update_num_locks: 10000
2019/10/17-14:54:15.505390 7fc3a9fcb700               Options.memtable_prefix_bloom_size_ratio: 0.000000
2019/10/17-14:54:15.505391 7fc3a9fcb700   Options.memtable_huge_page_size: 0
2019/10/17-14:54:15.505392 7fc3a9fcb700                           Options.bloom_locality: 0
2019/10/17-14:54:15.505392 7fc3a9fcb700                    Options.max_successive_merges: 0
2019/10/17-14:54:15.505393 7fc3a9fcb700                Options.optimize_filters_for_hits: 0
2019/10/17-14:54:15.505393 7fc3a9fcb700                Options.paranoid_file_checks: 0
2019/10/17-14:54:15.505394 7fc3a9fcb700                Options.force_consistency_checks: 0
2019/10/17-14:54:15.505394 7fc3a9fcb700                Options.report_bg_io_stats: 0
2019/10/17-14:54:15.505395 7fc3a9fcb700                               Options.ttl: 0
2019/10/17-14:54:15.505415 7fc3a9fcb700 [db/column_family.cc:472] --------------- Options for column family [active_gateways]:
2019/10/17-14:54:15.505416 7fc3a9fcb700               Options.comparator: leveldb.BytewiseComparator
2019/10/17-14:54:15.505417 7fc3a9fcb700           Options.merge_operator: None
2019/10/17-14:54:15.505417 7fc3a9fcb700        Options.compaction_filter: None
2019/10/17-14:54:15.505418 7fc3a9fcb700        Options.compaction_filter_factory: None
2019/10/17-14:54:15.505418 7fc3a9fcb700         Options.memtable_factory: SkipListFactory
2019/10/17-14:54:15.505419 7fc3a9fcb700            Options.table_factory: BlockBasedTable
2019/10/17-14:54:15.505426 7fc3a9fcb700            table_factory options:   flush_block_policy_factory: FlushBlockBySizePolicyFactory (0x7fc35002a0f0)
  cache_index_and_filter_blocks: 0
  cache_index_and_filter_blocks_with_high_priority: 0
  pin_l0_filter_and_index_blocks_in_cache: 0
  pin_top_level_index_and_filter: 1
  index_type: 0
  hash_index_allow_collision: 1
  checksum: 1
  no_block_cache: 0
  block_cache: 0x7fc350082e60
  block_cache_name: LRUCache
  block_cache_options:
    capacity : 8388608
    num_shard_bits : 4
    strict_capacity_limit : 0
    memory_allocator : None
    high_pri_pool_ratio: 0.000
  block_cache_compressed: (nil)
  persistent_cache: (nil)
  block_size: 4096
  block_size_deviation: 10
  block_restart_interval: 16
  index_block_restart_interval: 1
  metadata_block_size: 4096
  partition_filters: 0
  use_delta_encoding: 1
  filter_policy: nullptr
  whole_key_filtering: 1
  verify_compression: 0
  read_amp_bytes_per_bit: 0
  format_version: 2
  enable_index_compression: 1
  block_align: 0
2019/10/17-14:54:15.505430 7fc3a9fcb700        Options.write_buffer_size: 67108864
2019/10/17-14:54:15.505431 7fc3a9fcb700  Options.max_write_buffer_number: 2
2019/10/17-14:54:15.505432 7fc3a9fcb700          Options.compression: NoCompression
2019/10/17-14:54:15.505432 7fc3a9fcb700                  Options.bottommost_compression: Disabled
2019/10/17-14:54:15.505433 7fc3a9fcb700       Options.prefix_extractor: nullptr
2019/10/17-14:54:15.505433 7fc3a9fcb700   Options.memtable_insert_with_hint_prefix_extractor: nullptr
2019/10/17-14:54:15.505434 7fc3a9fcb700             Options.num_levels: 7
2019/10/17-14:54:15.505434 7fc3a9fcb700        Options.min_write_buffer_number_to_merge: 1
2019/10/17-14:54:15.505435 7fc3a9fcb700     Options.max_write_buffer_number_to_maintain: 0
2019/10/17-14:54:15.505435 7fc3a9fcb700            Options.bottommost_compression_opts.window_bits: -14
2019/10/17-14:54:15.505436 7fc3a9fcb700                  Options.bottommost_compression_opts.level: 32767
2019/10/17-14:54:15.505436 7fc3a9fcb700               Options.bottommost_compression_opts.strategy: 0
2019/10/17-14:54:15.505437 7fc3a9fcb700         Options.bottommost_compression_opts.max_dict_bytes: 0
2019/10/17-14:54:15.505437 7fc3a9fcb700         Options.bottommost_compression_opts.zstd_max_train_bytes: 0
2019/10/17-14:54:15.505438 7fc3a9fcb700                  Options.bottommost_compression_opts.enabled: false
2019/10/17-14:54:15.505438 7fc3a9fcb700            Options.compression_opts.window_bits: -14
2019/10/17-14:54:15.505439 7fc3a9fcb700                  Options.compression_opts.level: 32767
2019/10/17-14:54:15.505440 7fc3a9fcb700               Options.compression_opts.strategy: 0
2019/10/17-14:54:15.505440 7fc3a9fcb700         Options.compression_opts.max_dict_bytes: 0
2019/10/17-14:54:15.505441 7fc3a9fcb700         Options.compression_opts.zstd_max_train_bytes: 0
2019/10/17-14:54:15.505441 7fc3a9fcb700                  Options.compression_opts.enabled: false
2019/10/17-14:54:15.505442 7fc3a9fcb700      Options.level0_file_num_compaction_trigger: 4
2019/10/17-14:54:15.505442 7fc3a9fcb700          Options.level0_slowdown_writes_trigger: 20
2019/10/17-14:54:15.505443 7fc3a9fcb700              Options.level0_stop_writes_trigger: 36
2019/10/17-14:54:15.505443 7fc3a9fcb700                   Options.target_file_size_base: 67108864
2019/10/17-14:54:15.505444 7fc3a9fcb700             Options.target_file_size_multiplier: 1
2019/10/17-14:54:15.505444 7fc3a9fcb700                Options.max_bytes_for_level_base: 268435456
2019/10/17-14:54:15.505445 7fc3a9fcb700 Options.level_compaction_dynamic_level_bytes: 0
2019/10/17-14:54:15.505445 7fc3a9fcb700          Options.max_bytes_for_level_multiplier: 10.000000
2019/10/17-14:54:15.505446 7fc3a9fcb700 Options.max_bytes_for_level_multiplier_addtl[0]: 1
2019/10/17-14:54:15.505447 7fc3a9fcb700 Options.max_bytes_for_level_multiplier_addtl[1]: 1
2019/10/17-14:54:15.505447 7fc3a9fcb700 Options.max_bytes_for_level_multiplier_addtl[2]: 1
2019/10/17-14:54:15.505448 7fc3a9fcb700 Options.max_bytes_for_level_multiplier_addtl[3]: 1
2019/10/17-14:54:15.505448 7fc3a9fcb700 Options.max_bytes_for_level_multiplier_addtl[4]: 1
2019/10/17-14:54:15.505449 7fc3a9fcb700 Options.max_bytes_for_level_multiplier_addtl[5]: 1
2019/10/17-14:54:15.505449 7fc3a9fcb700 Options.max_bytes_for_level_multiplier_addtl[6]: 1
2019/10/17-14:54:15.505450 7fc3a9fcb700       Options.max_sequential_skip_in_iterations: 8
2019/10/17-14:54:15.505453 7fc3a9fcb700                    Options.max_compaction_bytes: 1677721600
2019/10/17-14:54:15.505453 7fc3a9fcb700                        Options.arena_block_size: 8388608
2019/10/17-14:54:15.505454 7fc3a9fcb700   Options.soft_pending_compaction_bytes_limit: 68719476736
2019/10/17-14:54:15.505455 7fc3a9fcb700   Options.hard_pending_compaction_bytes_limit: 274877906944
2019/10/17-14:54:15.505455 7fc3a9fcb700       Options.rate_limit_delay_max_milliseconds: 100
2019/10/17-14:54:15.505456 7fc3a9fcb700                Options.disable_auto_compactions: 0
2019/10/17-14:54:15.505456 7fc3a9fcb700                        Options.compaction_style: kCompactionStyleLevel
2019/10/17-14:54:15.505457 7fc3a9fcb700                          Options.compaction_pri: kByCompensatedSize
2019/10/17-14:54:15.505457 7fc3a9fcb700 Options.compaction_options_universal.size_ratio: 1
2019/10/17-14:54:15.505458 7fc3a9fcb700 Options.compaction_options_universal.min_merge_width: 2
2019/10/17-14:54:15.505458 7fc3a9fcb700 Options.compaction_options_universal.max_merge_width: 4294967295
2019/10/17-14:54:15.505459 7fc3a9fcb700 Options.compaction_options_universal.max_size_amplification_percent: 200
2019/10/17-14:54:15.505459 7fc3a9fcb700 Options.compaction_options_universal.compression_size_percent: -1
2019/10/17-14:54:15.505460 7fc3a9fcb700 Options.compaction_options_universal.stop_style: kCompactionStopStyleTotalSize
2019/10/17-14:54:15.505461 7fc3a9fcb700 Options.compaction_options_fifo.max_table_files_size: 1073741824
2019/10/17-14:54:15.505461 7fc3a9fcb700 Options.compaction_options_fifo.allow_compaction: 0
2019/10/17-14:54:15.505462 7fc3a9fcb700 Options.compaction_options_fifo.ttl: 0
2019/10/17-14:54:15.505462 7fc3a9fcb700                   Options.table_properties_collectors: 
2019/10/17-14:54:15.505463 7fc3a9fcb700                   Options.inplace_update_support: 0
2019/10/17-14:54:15.505463 7fc3a9fcb700                 Options.inplace_update_num_locks: 10000
2019/10/17-14:54:15.505464 7fc3a9fcb700               Options.memtable_prefix_bloom_size_ratio: 0.000000
2019/10/17-14:54:15.505465 7fc3a9fcb700   Options.memtable_huge_page_size: 0
2019/10/17-14:54:15.505465 7fc3a9fcb700                           Options.bloom_locality: 0
2019/10/17-14:54:15.505466 7fc3a9fcb700                    Options.max_successive_merges: 0
2019/10/17-14:54:15.505466 7fc3a9fcb700                Options.optimize_filters_for_hits: 0
2019/10/17-14:54:15.505467 7fc3a9fcb700                Options.paranoid_file_checks: 0
2019/10/17-14:54:15.505467 7fc3a9fcb700                Options.force_consistency_checks: 0
2019/10/17-14:54:15.505468 7fc3a9fcb700                Options.report_bg_io_stats: 0
2019/10/17-14:54:15.505468 7fc3a9fcb700                               Options.ttl: 0
2019/10/17-14:54:15.505479 7fc3a9fcb700 [db/column_family.cc:472] --------------- Options for column family [entries]:
2019/10/17-14:54:15.505480 7fc3a9fcb700               Options.comparator: leveldb.BytewiseComparator
2019/10/17-14:54:15.505481 7fc3a9fcb700           Options.merge_operator: None
2019/10/17-14:54:15.505481 7fc3a9fcb700        Options.compaction_filter: None
2019/10/17-14:54:15.505482 7fc3a9fcb700        Options.compaction_filter_factory: None
2019/10/17-14:54:15.505482 7fc3a9fcb700         Options.memtable_factory: SkipListFactory
2019/10/17-14:54:15.505483 7fc3a9fcb700            Options.table_factory: BlockBasedTable
2019/10/17-14:54:15.505489 7fc3a9fcb700            table_factory options:   flush_block_policy_factory: FlushBlockBySizePolicyFactory (0x7fc3500a06b0)
  cache_index_and_filter_blocks: 0
  cache_index_and_filter_blocks_with_high_priority: 0
  pin_l0_filter_and_index_blocks_in_cache: 0
  pin_top_level_index_and_filter: 1
  index_type: 0
  hash_index_allow_collision: 1
  checksum: 1
  no_block_cache: 0
  block_cache: 0x7fc35003b020
  block_cache_name: LRUCache
  block_cache_options:
    capacity : 8388608
    num_shard_bits : 4
    strict_capacity_limit : 0
    memory_allocator : None
    high_pri_pool_ratio: 0.000
  block_cache_compressed: (nil)
  persistent_cache: (nil)
  block_size: 4096
  block_size_deviation: 10
  block_restart_interval: 16
  index_block_restart_interval: 1
  metadata_block_size: 4096
  partition_filters: 0
  use_delta_encoding: 1
  filter_policy: nullptr
  whole_key_filtering: 1
  verify_compression: 0
  read_amp_bytes_per_bit: 0
  format_version: 2
  enable_index_compression: 1
  block_align: 0
2019/10/17-14:54:15.505493 7fc3a9fcb700        Options.write_buffer_size: 67108864
2019/10/17-14:54:15.505494 7fc3a9fcb700  Options.max_write_buffer_number: 2
2019/10/17-14:54:15.505495 7fc3a9fcb700          Options.compression: NoCompression
2019/10/17-14:54:15.505495 7fc3a9fcb700                  Options.bottommost_compression: Disabled
2019/10/17-14:54:15.505496 7fc3a9fcb700       Options.prefix_extractor: nullptr
2019/10/17-14:54:15.505496 7fc3a9fcb700   Options.memtable_insert_with_hint_prefix_extractor: nullptr
2019/10/17-14:54:15.505497 7fc3a9fcb700             Options.num_levels: 7
2019/10/17-14:54:15.505497 7fc3a9fcb700        Options.min_write_buffer_number_to_merge: 1
2019/10/17-14:54:15.505498 7fc3a9fcb700     Options.max_write_buffer_number_to_maintain: 0
2019/10/17-14:54:15.505498 7fc3a9fcb700            Options.bottommost_compression_opts.window_bits: -14
2019/10/17-14:54:15.505499 7fc3a9fcb700                  Options.bottommost_compression_opts.level: 32767
2019/10/17-14:54:15.505499 7fc3a9fcb700               Options.bottommost_compression_opts.strategy: 0
2019/10/17-14:54:15.505500 7fc3a9fcb700         Options.bottommost_compression_opts.max_dict_bytes: 0
2019/10/17-14:54:15.505500 7fc3a9fcb700         Options.bottommost_compression_opts.zstd_max_train_bytes: 0
2019/10/17-14:54:15.505501 7fc3a9fcb700                  Options.bottommost_compression_opts.enabled: false
2019/10/17-14:54:15.505501 7fc3a9fcb700            Options.compression_opts.window_bits: -14
2019/10/17-14:54:15.505502 7fc3a9fcb700                  Options.compression_opts.level: 32767
2019/10/17-14:54:15.505502 7fc3a9fcb700               Options.compression_opts.strategy: 0
2019/10/17-14:54:15.505503 7fc3a9fcb700         Options.compression_opts.max_dict_bytes: 0
2019/10/17-14:54:15.505503 7fc3a9fcb700         Options.compression_opts.zstd_max_train_bytes: 0
2019/10/17-14:54:15.505504 7fc3a9fcb700                  Options.compression_opts.enabled: false
2019/10/17-14:54:15.505504 7fc3a9fcb700      Options.level0_file_num_compaction_trigger: 4
2019/10/17-14:54:15.505505 7fc3a9fcb700          Options.level0_slowdown_writes_trigger: 20
2019/10/17-14:54:15.505505 7fc3a9fcb700              Options.level0_stop_writes_trigger: 36
2019/10/17-14:54:15.505506 7fc3a9fcb700                   Options.target_file_size_base: 67108864
2019/10/17-14:54:15.505506 7fc3a9fcb700             Options.target_file_size_multiplier: 1
2019/10/17-14:54:15.505507 7fc3a9fcb700                Options.max_bytes_for_level_base: 268435456
2019/10/17-14:54:15.505507 7fc3a9fcb700 Options.level_compaction_dynamic_level_bytes: 0
2019/10/17-14:54:15.505508 7fc3a9fcb700          Options.max_bytes_for_level_multiplier: 10.000000
2019/10/17-14:54:15.505509 7fc3a9fcb700 Options.max_bytes_for_level_multiplier_addtl[0]: 1
2019/10/17-14:54:15.505509 7fc3a9fcb700 Options.max_bytes_for_level_multiplier_addtl[1]: 1
2019/10/17-14:54:15.505510 7fc3a9fcb700 Options.max_bytes_for_level_multiplier_addtl[2]: 1
2019/10/17-14:54:15.505510 7fc3a9fcb700 Options.max_bytes_for_level_multiplier_addtl[3]: 1
2019/10/17-14:54:15.505511 7fc3a9fcb700 Options.max_bytes_for_level_multiplier_addtl[4]: 1
2019/10/17-14:54:15.505511 7fc3a9fcb700 Options.max_bytes_for_level_multiplier_addtl[5]: 1
2019/10/17-14:54:15.505512 7fc3a9fcb700 Options.max_bytes_for_level_multiplier_addtl[6]: 1
2019/10/17-14:54:15.505513 7fc3a9fcb700       Options.max_sequential_skip_in_iterations: 8
2019/10/17-14:54:15.505513 7fc3a9fcb700                    Options.max_compaction_bytes: 1677721600
2019/10/17-14:54:15.505514 7fc3a9fcb700                        Options.arena_block_size: 8388608
2019/10/17-14:54:15.505514 7fc3a9fcb700   Options.soft_pending_compaction_bytes_limit: 68719476736
2019/10/17-14:54:15.505517 7fc3a9fcb700   Options.hard_pending_compaction_bytes_limit: 274877906944
2019/10/17-14:54:15.505518 7fc3a9fcb700       Options.rate_limit_delay_max_milliseconds: 100
2019/10/17-14:54:15.505518 7fc3a9fcb700                Options.disable_auto_compactions: 0
2019/10/17-14:54:15.505519 7fc3a9fcb700                        Options.compaction_style: kCompactionStyleLevel
2019/10/17-14:54:15.505519 7fc3a9fcb700                          Options.compaction_pri: kByCompensatedSize
2019/10/17-14:54:15.505520 7fc3a9fcb700 Options.compaction_options_universal.size_ratio: 1
2019/10/17-14:54:15.505520 7fc3a9fcb700 Options.compaction_options_universal.min_merge_width: 2
2019/10/17-14:54:15.505521 7fc3a9fcb700 Options.compaction_options_universal.max_merge_width: 4294967295
2019/10/17-14:54:15.505522 7fc3a9fcb700 Options.compaction_options_universal.max_size_amplification_percent: 200
2019/10/17-14:54:15.505522 7fc3a9fcb700 Options.compaction_options_universal.compression_size_percent: -1
2019/10/17-14:54:15.505523 7fc3a9fcb700 Options.compaction_options_universal.stop_style: kCompactionStopStyleTotalSize
2019/10/17-14:54:15.505523 7fc3a9fcb700 Options.compaction_options_fifo.max_table_files_size: 1073741824
2019/10/17-14:54:15.505524 7fc3a9fcb700 Options.compaction_options_fifo.allow_compaction: 0
2019/10/17-14:54:15.505524 7fc3a9fcb700 Options.compaction_options_fifo.ttl: 0
2019/10/17-14:54:15.505525 7fc3a9fcb700                   Options.table_properties_collectors: 
2019/10/17-14:54:15.505525 7fc3a9fcb700                   Options.inplace_update_support: 0
2019/10/17-14:54:15.505526 7fc3a9fcb700                 Options.inplace_update_num_locks: 10000
2019/10/17-14:54:15.505526 7fc3a9fcb700               Options.memtable_prefix_bloom_size_ratio: 0.000000
2019/10/17-14:54:15.505527 7fc3a9fcb700   Options.memtable_huge_page_size: 0
2019/10/17-14:54:15.505527 7fc3a9fcb700                           Options.bloom_locality: 0
2019/10/17-14:54:15.505528 7fc3a9fcb700                    Options.max_successive_merges: 0
2019/10/17-14:54:15.505529 7fc3a9fcb700                Options.optimize_filters_for_hits: 0
2019/10/17-14:54:15.505529 7fc3a9fcb700                Options.paranoid_file_checks: 0
2019/10/17-14:54:15.505530 7fc3a9fcb700                Options.force_consistency_checks: 0
2019/10/17-14:54:15.505530 7fc3a9fcb700                Options.report_bg_io_stats: 0
2019/10/17-14:54:15.505531 7fc3a9fcb700                               Options.ttl: 0
2019/10/17-14:54:15.505540 7fc3a9fcb700 [db/column_family.cc:472] --------------- Options for column family [dc_entries]:
2019/10/17-14:54:15.505541 7fc3a9fcb700               Options.comparator: leveldb.BytewiseComparator
2019/10/17-14:54:15.505541 7fc3a9fcb700           Options.merge_operator: None
2019/10/17-14:54:15.505542 7fc3a9fcb700        Options.compaction_filter: None
2019/10/17-14:54:15.505542 7fc3a9fcb700        Options.compaction_filter_factory: None
2019/10/17-14:54:15.505543 7fc3a9fcb700         Options.memtable_factory: SkipListFactory
2019/10/17-14:54:15.505544 7fc3a9fcb700            Options.table_factory: BlockBasedTable
2019/10/17-14:54:15.505550 7fc3a9fcb700            table_factory options:   flush_block_policy_factory: FlushBlockBySizePolicyFactory (0x7fc35004a940)
  cache_index_and_filter_blocks: 0
  cache_index_and_filter_blocks_with_high_priority: 0
  pin_l0_filter_and_index_blocks_in_cache: 0
  pin_top_level_index_and_filter: 1
  index_type: 0
  hash_index_allow_collision: 1
  checksum: 1
  no_block_cache: 0
  block_cache: 0x7fc35000b360
  block_cache_name: LRUCache
  block_cache_options:
    capacity : 8388608
    num_shard_bits : 4
    strict_capacity_limit : 0
    memory_allocator : None
    high_pri_pool_ratio: 0.000
  block_cache_compressed: (nil)
  persistent_cache: (nil)
  block_size: 4096
  block_size_deviation: 10
  block_restart_interval: 16
  index_block_restart_interval: 1
  metadata_block_size: 4096
  partition_filters: 0
  use_delta_encoding: 1
  filter_policy: nullptr
  whole_key_filtering: 1
  verify_compression: 0
  read_amp_bytes_per_bit: 0
  format_version: 2
  enable_index_compression: 1
  block_align: 0
2019/10/17-14:54:15.505554 7fc3a9fcb700        Options.write_buffer_size: 67108864
2019/10/17-14:54:15.505554 7fc3a9fcb700  Options.max_write_buffer_number: 2
2019/10/17-14:54:15.505555 7fc3a9fcb700          Options.compression: NoCompression
2019/10/17-14:54:15.505555 7fc3a9fcb700                  Options.bottommost_compression: Disabled
2019/10/17-14:54:15.505556 7fc3a9fcb700       Options.prefix_extractor: nullptr
2019/10/17-14:54:15.505557 7fc3a9fcb700   Options.memtable_insert_with_hint_prefix_extractor: nullptr
2019/10/17-14:54:15.505557 7fc3a9fcb700             Options.num_levels: 7
2019/10/17-14:54:15.505558 7fc3a9fcb700        Options.min_write_buffer_number_to_merge: 1
2019/10/17-14:54:15.505558 7fc3a9fcb700     Options.max_write_buffer_number_to_maintain: 0
2019/10/17-14:54:15.505559 7fc3a9fcb700            Options.bottommost_compression_opts.window_bits: -14
2019/10/17-14:54:15.505559 7fc3a9fcb700                  Options.bottommost_compression_opts.level: 32767
2019/10/17-14:54:15.505560 7fc3a9fcb700               Options.bottommost_compression_opts.strategy: 0
2019/10/17-14:54:15.505560 7fc3a9fcb700         Options.bottommost_compression_opts.max_dict_bytes: 0
2019/10/17-14:54:15.505561 7fc3a9fcb700         Options.bottommost_compression_opts.zstd_max_train_bytes: 0
2019/10/17-14:54:15.505561 7fc3a9fcb700                  Options.bottommost_compression_opts.enabled: false
2019/10/17-14:54:15.505562 7fc3a9fcb700            Options.compression_opts.window_bits: -14
2019/10/17-14:54:15.505562 7fc3a9fcb700                  Options.compression_opts.level: 32767
2019/10/17-14:54:15.505563 7fc3a9fcb700               Options.compression_opts.strategy: 0
2019/10/17-14:54:15.505563 7fc3a9fcb700         Options.compression_opts.max_dict_bytes: 0
2019/10/17-14:54:15.505564 7fc3a9fcb700         Options.compression_opts.zstd_max_train_bytes: 0
2019/10/17-14:54:15.505564 7fc3a9fcb700                  Options.compression_opts.enabled: false
2019/10/17-14:54:15.505565 7fc3a9fcb700      Options.level0_file_num_compaction_trigger: 4
2019/10/17-14:54:15.505565 7fc3a9fcb700          Options.level0_slowdown_writes_trigger: 20
2019/10/17-14:54:15.505566 7fc3a9fcb700              Options.level0_stop_writes_trigger: 36
2019/10/17-14:54:15.505566 7fc3a9fcb700                   Options.target_file_size_base: 67108864
2019/10/17-14:54:15.505567 7fc3a9fcb700             Options.target_file_size_multiplier: 1
2019/10/17-14:54:15.505567 7fc3a9fcb700                Options.max_bytes_for_level_base: 268435456
2019/10/17-14:54:15.505568 7fc3a9fcb700 Options.level_compaction_dynamic_level_bytes: 0
2019/10/17-14:54:15.505568 7fc3a9fcb700          Options.max_bytes_for_level_multiplier: 10.000000
2019/10/17-14:54:15.505569 7fc3a9fcb700 Options.max_bytes_for_level_multiplier_addtl[0]: 1
2019/10/17-14:54:15.505570 7fc3a9fcb700 Options.max_bytes_for_level_multiplier_addtl[1]: 1
2019/10/17-14:54:15.505570 7fc3a9fcb700 Options.max_bytes_for_level_multiplier_addtl[2]: 1
2019/10/17-14:54:15.505571 7fc3a9fcb700 Options.max_bytes_for_level_multiplier_addtl[3]: 1
2019/10/17-14:54:15.505571 7fc3a9fcb700 Options.max_bytes_for_level_multiplier_addtl[4]: 1
2019/10/17-14:54:15.505572 7fc3a9fcb700 Options.max_bytes_for_level_multiplier_addtl[5]: 1
2019/10/17-14:54:15.505572 7fc3a9fcb700 Options.max_bytes_for_level_multiplier_addtl[6]: 1
2019/10/17-14:54:15.505573 7fc3a9fcb700       Options.max_sequential_skip_in_iterations: 8
2019/10/17-14:54:15.505573 7fc3a9fcb700                    Options.max_compaction_bytes: 1677721600
2019/10/17-14:54:15.505574 7fc3a9fcb700                        Options.arena_block_size: 8388608
2019/10/17-14:54:15.505574 7fc3a9fcb700   Options.soft_pending_compaction_bytes_limit: 68719476736
2019/10/17-14:54:15.505575 7fc3a9fcb700   Options.hard_pending_compaction_bytes_limit: 274877906944
2019/10/17-14:54:15.505575 7fc3a9fcb700       Options.rate_limit_delay_max_milliseconds: 100
2019/10/17-14:54:15.505576 7fc3a9fcb700                Options.disable_auto_compactions: 0
2019/10/17-14:54:15.505579 7fc3a9fcb700                        Options.compaction_style: kCompactionStyleLevel
2019/10/17-14:54:15.505580 7fc3a9fcb700                          Options.compaction_pri: kByCompensatedSize
2019/10/17-14:54:15.505580 7fc3a9fcb700 Options.compaction_options_universal.size_ratio: 1
2019/10/17-14:54:15.505581 7fc3a9fcb700 Options.compaction_options_universal.min_merge_width: 2
2019/10/17-14:54:15.505581 7fc3a9fcb700 Options.compaction_options_universal.max_merge_width: 4294967295
2019/10/17-14:54:15.505582 7fc3a9fcb700 Options.compaction_options_universal.max_size_amplification_percent: 200
2019/10/17-14:54:15.505582 7fc3a9fcb700 Options.compaction_options_universal.compression_size_percent: -1
2019/10/17-14:54:15.505583 7fc3a9fcb700 Options.compaction_options_universal.stop_style: kCompactionStopStyleTotalSize
2019/10/17-14:54:15.505583 7fc3a9fcb700 Options.compaction_options_fifo.max_table_files_size: 1073741824
2019/10/17-14:54:15.505584 7fc3a9fcb700 Options.compaction_options_fifo.allow_compaction: 0
2019/10/17-14:54:15.505584 7fc3a9fcb700 Options.compaction_options_fifo.ttl: 0
2019/10/17-14:54:15.505585 7fc3a9fcb700                   Options.table_properties_collectors: 
2019/10/17-14:54:15.505585 7fc3a9fcb700                   Options.inplace_update_support: 0
2019/10/17-14:54:15.505586 7fc3a9fcb700                 Options.inplace_update_num_locks: 10000
2019/10/17-14:54:15.505586 7fc3a9fcb700               Options.memtable_prefix_bloom_size_ratio: 0.000000
2019/10/17-14:54:15.505587 7fc3a9fcb700   Options.memtable_huge_page_size: 0
2019/10/17-14:54:15.505588 7fc3a9fcb700                           Options.bloom_locality: 0
2019/10/17-14:54:15.505588 7fc3a9fcb700                    Options.max_successive_merges: 0
2019/10/17-14:54:15.505589 7fc3a9fcb700                Options.optimize_filters_for_hits: 0
2019/10/17-14:54:15.505589 7fc3a9fcb700                Options.paranoid_file_checks: 0
2019/10/17-14:54:15.505590 7fc3a9fcb700                Options.force_consistency_checks: 0
2019/10/17-14:54:15.505590 7fc3a9fcb700                Options.report_bg_io_stats: 0
2019/10/17-14:54:15.505591 7fc3a9fcb700                               Options.ttl: 0
2019/10/17-14:54:15.505599 7fc3a9fcb700 [db/column_family.cc:472] --------------- Options for column family [htlcs]:
2019/10/17-14:54:15.505600 7fc3a9fcb700               Options.comparator: leveldb.BytewiseComparator
2019/10/17-14:54:15.505600 7fc3a9fcb700           Options.merge_operator: None
2019/10/17-14:54:15.505601 7fc3a9fcb700        Options.compaction_filter: None
2019/10/17-14:54:15.505601 7fc3a9fcb700        Options.compaction_filter_factory: None
2019/10/17-14:54:15.505602 7fc3a9fcb700         Options.memtable_factory: SkipListFactory
2019/10/17-14:54:15.505602 7fc3a9fcb700            Options.table_factory: BlockBasedTable
2019/10/17-14:54:15.505608 7fc3a9fcb700            table_factory options:   flush_block_policy_factory: FlushBlockBySizePolicyFactory (0x7fc35004b790)
