2019/10/17-14:54:03.414799 7fc3a9fcb700 RocksDB version: 5.18.3
2019/10/17-14:54:03.414886 7fc3a9fcb700 Git sha rocksdb_build_git_sha:@0@
2019/10/17-14:54:03.414888 7fc3a9fcb700 Compile date Sep 19 2019
2019/10/17-14:54:03.414890 7fc3a9fcb700 DB SUMMARY
2019/10/17-14:54:03.415848 7fc3a9fcb700 CURRENT file:  CURRENT
2019/10/17-14:54:03.415850 7fc3a9fcb700 IDENTITY file:  IDENTITY
2019/10/17-14:54:03.415889 7fc3a9fcb700 MANIFEST file:  MANIFEST-114607 size: 4114 Bytes
2019/10/17-14:54:03.415892 7fc3a9fcb700 SST files in /home/rahul/dev/blockchain-core/eqc/ledger.db dir, Total Num: 29, files: 000624.sst 000627.sst 106940.sst 108447.sst 108450.sst 109471.sst 109483.sst 109485.sst 109486.sst 
2019/10/17-14:54:03.415893 7fc3a9fcb700 Write Ahead Log file in /home/rahul/dev/blockchain-core/eqc/ledger.db: 114608.log size: 0 ; 
2019/10/17-14:54:03.415938 7fc3a9fcb700                         Options.error_if_exists: 0
2019/10/17-14:54:03.415940 7fc3a9fcb700                       Options.create_if_missing: 1
2019/10/17-14:54:03.415941 7fc3a9fcb700                         Options.paranoid_checks: 1
2019/10/17-14:54:03.415942 7fc3a9fcb700                                     Options.env: 0x7fc32ae1fc60
2019/10/17-14:54:03.415943 7fc3a9fcb700                                Options.info_log: 0x7fc3500051f0
2019/10/17-14:54:03.415944 7fc3a9fcb700                Options.max_file_opening_threads: 16
2019/10/17-14:54:03.415945 7fc3a9fcb700                              Options.statistics: (nil)
2019/10/17-14:54:03.415946 7fc3a9fcb700                               Options.use_fsync: 0
2019/10/17-14:54:03.415947 7fc3a9fcb700                       Options.max_log_file_size: 0
2019/10/17-14:54:03.415948 7fc3a9fcb700                  Options.max_manifest_file_size: 1073741824
2019/10/17-14:54:03.415949 7fc3a9fcb700                   Options.log_file_time_to_roll: 0
2019/10/17-14:54:03.415951 7fc3a9fcb700                       Options.keep_log_file_num: 1000
2019/10/17-14:54:03.415952 7fc3a9fcb700                    Options.recycle_log_file_num: 0
2019/10/17-14:54:03.415953 7fc3a9fcb700                         Options.allow_fallocate: 1
2019/10/17-14:54:03.415954 7fc3a9fcb700                        Options.allow_mmap_reads: 0
2019/10/17-14:54:03.415955 7fc3a9fcb700                       Options.allow_mmap_writes: 0
2019/10/17-14:54:03.415956 7fc3a9fcb700                        Options.use_direct_reads: 0
2019/10/17-14:54:03.415957 7fc3a9fcb700                        Options.use_direct_io_for_flush_and_compaction: 0
2019/10/17-14:54:03.415958 7fc3a9fcb700          Options.create_missing_column_families: 0
2019/10/17-14:54:03.415958 7fc3a9fcb700                              Options.db_log_dir: 
2019/10/17-14:54:03.415960 7fc3a9fcb700                                 Options.wal_dir: /home/rahul/dev/blockchain-core/eqc/ledger.db
2019/10/17-14:54:03.415961 7fc3a9fcb700                Options.table_cache_numshardbits: 6
2019/10/17-14:54:03.415962 7fc3a9fcb700                      Options.max_subcompactions: 1
2019/10/17-14:54:03.415963 7fc3a9fcb700                  Options.max_background_flushes: -1
2019/10/17-14:54:03.415964 7fc3a9fcb700                         Options.WAL_ttl_seconds: 0
2019/10/17-14:54:03.415965 7fc3a9fcb700                       Options.WAL_size_limit_MB: 0
2019/10/17-14:54:03.415966 7fc3a9fcb700             Options.manifest_preallocation_size: 4194304
2019/10/17-14:54:03.415967 7fc3a9fcb700                     Options.is_fd_close_on_exec: 1
2019/10/17-14:54:03.415968 7fc3a9fcb700                   Options.advise_random_on_open: 1
2019/10/17-14:54:03.415969 7fc3a9fcb700                    Options.db_write_buffer_size: 0
2019/10/17-14:54:03.415970 7fc3a9fcb700                    Options.write_buffer_manager: 0x7fc350010f60
2019/10/17-14:54:03.415971 7fc3a9fcb700         Options.access_hint_on_compaction_start: 1
2019/10/17-14:54:03.415972 7fc3a9fcb700  Options.new_table_reader_for_compaction_inputs: 0
2019/10/17-14:54:03.415973 7fc3a9fcb700           Options.random_access_max_buffer_size: 1048576
2019/10/17-14:54:03.415974 7fc3a9fcb700                      Options.use_adaptive_mutex: 0
2019/10/17-14:54:03.415975 7fc3a9fcb700                            Options.rate_limiter: (nil)
2019/10/17-14:54:03.415986 7fc3a9fcb700     Options.sst_file_manager.rate_bytes_per_sec: 0
2019/10/17-14:54:03.415987 7fc3a9fcb700                       Options.wal_recovery_mode: 2
2019/10/17-14:54:03.415988 7fc3a9fcb700                  Options.enable_thread_tracking: 0
2019/10/17-14:54:03.415989 7fc3a9fcb700                  Options.enable_pipelined_write: 0
2019/10/17-14:54:03.415990 7fc3a9fcb700         Options.allow_concurrent_memtable_write: 1
2019/10/17-14:54:03.415991 7fc3a9fcb700      Options.enable_write_thread_adaptive_yield: 1
2019/10/17-14:54:03.415992 7fc3a9fcb700             Options.write_thread_max_yield_usec: 100
2019/10/17-14:54:03.415993 7fc3a9fcb700            Options.write_thread_slow_yield_usec: 3
2019/10/17-14:54:03.415995 7fc3a9fcb700                               Options.row_cache: None
2019/10/17-14:54:03.415995 7fc3a9fcb700                              Options.wal_filter: None
2019/10/17-14:54:03.415997 7fc3a9fcb700             Options.avoid_flush_during_recovery: 0
2019/10/17-14:54:03.415998 7fc3a9fcb700             Options.allow_ingest_behind: 0
2019/10/17-14:54:03.415999 7fc3a9fcb700             Options.preserve_deletes: 0
2019/10/17-14:54:03.416000 7fc3a9fcb700             Options.two_write_queues: 0
2019/10/17-14:54:03.416001 7fc3a9fcb700             Options.manual_wal_flush: 0
2019/10/17-14:54:03.416002 7fc3a9fcb700             Options.max_background_jobs: 2
2019/10/17-14:54:03.416003 7fc3a9fcb700             Options.max_background_compactions: -1
2019/10/17-14:54:03.416004 7fc3a9fcb700             Options.avoid_flush_during_shutdown: 0
2019/10/17-14:54:03.416005 7fc3a9fcb700           Options.writable_file_max_buffer_size: 1048576
2019/10/17-14:54:03.416006 7fc3a9fcb700             Options.delayed_write_rate : 16777216
2019/10/17-14:54:03.416007 7fc3a9fcb700             Options.max_total_wal_size: 0
2019/10/17-14:54:03.416008 7fc3a9fcb700             Options.delete_obsolete_files_period_micros: 21600000000
2019/10/17-14:54:03.416009 7fc3a9fcb700                   Options.stats_dump_period_sec: 600
2019/10/17-14:54:03.416010 7fc3a9fcb700                          Options.max_open_files: -1
2019/10/17-14:54:03.416011 7fc3a9fcb700                          Options.bytes_per_sync: 0
2019/10/17-14:54:03.416012 7fc3a9fcb700                      Options.wal_bytes_per_sync: 0
2019/10/17-14:54:03.416013 7fc3a9fcb700       Options.compaction_readahead_size: 0
2019/10/17-14:54:03.416014 7fc3a9fcb700 Compression algorithms supported:
2019/10/17-14:54:03.416015 7fc3a9fcb700 	kZSTDNotFinalCompression supported: 0
2019/10/17-14:54:03.416017 7fc3a9fcb700 	kZSTD supported: 0
2019/10/17-14:54:03.416018 7fc3a9fcb700 	kXpressCompression supported: 0
2019/10/17-14:54:03.416019 7fc3a9fcb700 	kLZ4HCCompression supported: 0
2019/10/17-14:54:03.416020 7fc3a9fcb700 	kLZ4Compression supported: 0
2019/10/17-14:54:03.416021 7fc3a9fcb700 	kBZip2Compression supported: 0
2019/10/17-14:54:03.416022 7fc3a9fcb700 	kZlibCompression supported: 0
2019/10/17-14:54:03.416023 7fc3a9fcb700 	kSnappyCompression supported: 0
2019/10/17-14:54:03.416025 7fc3a9fcb700 Fast CRC32 supported: Supported on x86
2019/10/17-14:54:03.416144 7fc3a9fcb700 [db/version_set.cc:3507] Recovering from manifest file: MANIFEST-114607
2019/10/17-14:54:03.416185 7fc3a9fcb700 [db/column_family.cc:472] --------------- Options for column family [default]:
2019/10/17-14:54:03.416187 7fc3a9fcb700               Options.comparator: leveldb.BytewiseComparator
2019/10/17-14:54:03.416188 7fc3a9fcb700           Options.merge_operator: None
2019/10/17-14:54:03.416190 7fc3a9fcb700        Options.compaction_filter: None
2019/10/17-14:54:03.416191 7fc3a9fcb700        Options.compaction_filter_factory: None
2019/10/17-14:54:03.416192 7fc3a9fcb700         Options.memtable_factory: SkipListFactory
2019/10/17-14:54:03.416193 7fc3a9fcb700            Options.table_factory: BlockBasedTable
2019/10/17-14:54:03.416211 7fc3a9fcb700            table_factory options:   flush_block_policy_factory: FlushBlockBySizePolicyFactory (0x7fc3500357b0)
  cache_index_and_filter_blocks: 0
  cache_index_and_filter_blocks_with_high_priority: 0
  pin_l0_filter_and_index_blocks_in_cache: 0
  pin_top_level_index_and_filter: 1
  index_type: 0
  hash_index_allow_collision: 1
  checksum: 1
  no_block_cache: 0
  block_cache: 0x7fc3500b05e0
  block_cache_name: LRUCache
  block_cache_options:
    capacity : 8388608
    num_shard_bits : 4
    strict_capacity_limit : 0
    memory_allocator : None
    high_pri_pool_ratio: 0.000
  block_cache_compressed: (nil)
  persistent_cache: (nil)
  block_size: 4096
  block_size_deviation: 10
  block_restart_interval: 16
  index_block_restart_interval: 1
  metadata_block_size: 4096
  partition_filters: 0
  use_delta_encoding: 1
  filter_policy: nullptr
  whole_key_filtering: 1
  verify_compression: 0
  read_amp_bytes_per_bit: 0
  format_version: 2
  enable_index_compression: 1
  block_align: 0
2019/10/17-14:54:03.416222 7fc3a9fcb700        Options.write_buffer_size: 67108864
2019/10/17-14:54:03.416223 7fc3a9fcb700  Options.max_write_buffer_number: 2
2019/10/17-14:54:03.416225 7fc3a9fcb700          Options.compression: NoCompression
2019/10/17-14:54:03.416226 7fc3a9fcb700                  Options.bottommost_compression: Disabled
2019/10/17-14:54:03.416227 7fc3a9fcb700       Options.prefix_extractor: nullptr
2019/10/17-14:54:03.416228 7fc3a9fcb700   Options.memtable_insert_with_hint_prefix_extractor: nullptr
2019/10/17-14:54:03.416229 7fc3a9fcb700             Options.num_levels: 7
2019/10/17-14:54:03.416230 7fc3a9fcb700        Options.min_write_buffer_number_to_merge: 1
2019/10/17-14:54:03.416231 7fc3a9fcb700     Options.max_write_buffer_number_to_maintain: 0
2019/10/17-14:54:03.416232 7fc3a9fcb700            Options.bottommost_compression_opts.window_bits: -14
2019/10/17-14:54:03.416233 7fc3a9fcb700                  Options.bottommost_compression_opts.level: 32767
2019/10/17-14:54:03.416234 7fc3a9fcb700               Options.bottommost_compression_opts.strategy: 0
2019/10/17-14:54:03.416235 7fc3a9fcb700         Options.bottommost_compression_opts.max_dict_bytes: 0
2019/10/17-14:54:03.416236 7fc3a9fcb700         Options.bottommost_compression_opts.zstd_max_train_bytes: 0
2019/10/17-14:54:03.416237 7fc3a9fcb700                  Options.bottommost_compression_opts.enabled: false
2019/10/17-14:54:03.416238 7fc3a9fcb700            Options.compression_opts.window_bits: -14
2019/10/17-14:54:03.416239 7fc3a9fcb700                  Options.compression_opts.level: 32767
2019/10/17-14:54:03.416240 7fc3a9fcb700               Options.compression_opts.strategy: 0
2019/10/17-14:54:03.416241 7fc3a9fcb700         Options.compression_opts.max_dict_bytes: 0
2019/10/17-14:54:03.416242 7fc3a9fcb700         Options.compression_opts.zstd_max_train_bytes: 0
2019/10/17-14:54:03.416243 7fc3a9fcb700                  Options.compression_opts.enabled: false
2019/10/17-14:54:03.416244 7fc3a9fcb700      Options.level0_file_num_compaction_trigger: 4
2019/10/17-14:54:03.416245 7fc3a9fcb700          Options.level0_slowdown_writes_trigger: 20
2019/10/17-14:54:03.416246 7fc3a9fcb700              Options.level0_stop_writes_trigger: 36
2019/10/17-14:54:03.416247 7fc3a9fcb700                   Options.target_file_size_base: 67108864
2019/10/17-14:54:03.416248 7fc3a9fcb700             Options.target_file_size_multiplier: 1
2019/10/17-14:54:03.416249 7fc3a9fcb700                Options.max_bytes_for_level_base: 268435456
2019/10/17-14:54:03.416250 7fc3a9fcb700 Options.level_compaction_dynamic_level_bytes: 0
2019/10/17-14:54:03.416251 7fc3a9fcb700          Options.max_bytes_for_level_multiplier: 10.000000
2019/10/17-14:54:03.416254 7fc3a9fcb700 Options.max_bytes_for_level_multiplier_addtl[0]: 1
2019/10/17-14:54:03.416255 7fc3a9fcb700 Options.max_bytes_for_level_multiplier_addtl[1]: 1
2019/10/17-14:54:03.416256 7fc3a9fcb700 Options.max_bytes_for_level_multiplier_addtl[2]: 1
2019/10/17-14:54:03.416257 7fc3a9fcb700 Options.max_bytes_for_level_multiplier_addtl[3]: 1
2019/10/17-14:54:03.416258 7fc3a9fcb700 Options.max_bytes_for_level_multiplier_addtl[4]: 1
2019/10/17-14:54:03.416264 7fc3a9fcb700 Options.max_bytes_for_level_multiplier_addtl[5]: 1
2019/10/17-14:54:03.416265 7fc3a9fcb700 Options.max_bytes_for_level_multiplier_addtl[6]: 1
2019/10/17-14:54:03.416266 7fc3a9fcb700       Options.max_sequential_skip_in_iterations: 8
2019/10/17-14:54:03.416267 7fc3a9fcb700                    Options.max_compaction_bytes: 1677721600
2019/10/17-14:54:03.416268 7fc3a9fcb700                        Options.arena_block_size: 8388608
2019/10/17-14:54:03.416269 7fc3a9fcb700   Options.soft_pending_compaction_bytes_limit: 68719476736
2019/10/17-14:54:03.416270 7fc3a9fcb700   Options.hard_pending_compaction_bytes_limit: 274877906944
2019/10/17-14:54:03.416271 7fc3a9fcb700       Options.rate_limit_delay_max_milliseconds: 100
2019/10/17-14:54:03.416272 7fc3a9fcb700                Options.disable_auto_compactions: 0
2019/10/17-14:54:03.416274 7fc3a9fcb700                        Options.compaction_style: kCompactionStyleLevel
2019/10/17-14:54:03.416276 7fc3a9fcb700                          Options.compaction_pri: kByCompensatedSize
2019/10/17-14:54:03.416277 7fc3a9fcb700 Options.compaction_options_universal.size_ratio: 1
2019/10/17-14:54:03.416278 7fc3a9fcb700 Options.compaction_options_universal.min_merge_width: 2
2019/10/17-14:54:03.416279 7fc3a9fcb700 Options.compaction_options_universal.max_merge_width: 4294967295
2019/10/17-14:54:03.416280 7fc3a9fcb700 Options.compaction_options_universal.max_size_amplification_percent: 200
2019/10/17-14:54:03.416281 7fc3a9fcb700 Options.compaction_options_universal.compression_size_percent: -1
2019/10/17-14:54:03.416282 7fc3a9fcb700 Options.compaction_options_universal.stop_style: kCompactionStopStyleTotalSize
2019/10/17-14:54:03.416283 7fc3a9fcb700 Options.compaction_options_fifo.max_table_files_size: 1073741824
2019/10/17-14:54:03.416284 7fc3a9fcb700 Options.compaction_options_fifo.allow_compaction: 0
2019/10/17-14:54:03.416285 7fc3a9fcb700 Options.compaction_options_fifo.ttl: 0
2019/10/17-14:54:03.416287 7fc3a9fcb700                   Options.table_properties_collectors: 
2019/10/17-14:54:03.416288 7fc3a9fcb700                   Options.inplace_update_support: 0
2019/10/17-14:54:03.416289 7fc3a9fcb700                 Options.inplace_update_num_locks: 10000
2019/10/17-14:54:03.416290 7fc3a9fcb700               Options.memtable_prefix_bloom_size_ratio: 0.000000
2019/10/17-14:54:03.416291 7fc3a9fcb700   Options.memtable_huge_page_size: 0
2019/10/17-14:54:03.416292 7fc3a9fcb700                           Options.bloom_locality: 0
2019/10/17-14:54:03.416293 7fc3a9fcb700                    Options.max_successive_merges: 0
2019/10/17-14:54:03.416294 7fc3a9fcb700                Options.optimize_filters_for_hits: 0
2019/10/17-14:54:03.416295 7fc3a9fcb700                Options.paranoid_file_checks: 0
2019/10/17-14:54:03.416296 7fc3a9fcb700                Options.force_consistency_checks: 0
2019/10/17-14:54:03.416297 7fc3a9fcb700                Options.report_bg_io_stats: 0
2019/10/17-14:54:03.416298 7fc3a9fcb700                               Options.ttl: 0
2019/10/17-14:54:03.416334 7fc3a9fcb700 [db/column_family.cc:472] --------------- Options for column family [active_gateways]:
2019/10/17-14:54:03.416336 7fc3a9fcb700               Options.comparator: leveldb.BytewiseComparator
2019/10/17-14:54:03.416337 7fc3a9fcb700           Options.merge_operator: None
2019/10/17-14:54:03.416338 7fc3a9fcb700        Options.compaction_filter: None
2019/10/17-14:54:03.416339 7fc3a9fcb700        Options.compaction_filter_factory: None
2019/10/17-14:54:03.416340 7fc3a9fcb700         Options.memtable_factory: SkipListFactory
2019/10/17-14:54:03.416342 7fc3a9fcb700            Options.table_factory: BlockBasedTable
2019/10/17-14:54:03.416356 7fc3a9fcb700            table_factory options:   flush_block_policy_factory: FlushBlockBySizePolicyFactory (0x7fc350062b30)
  cache_index_and_filter_blocks: 0
  cache_index_and_filter_blocks_with_high_priority: 0
  pin_l0_filter_and_index_blocks_in_cache: 0
  pin_top_level_index_and_filter: 1
  index_type: 0
  hash_index_allow_collision: 1
  checksum: 1
  no_block_cache: 0
  block_cache: 0x7fc3500d7ce0
  block_cache_name: LRUCache
  block_cache_options:
    capacity : 8388608
    num_shard_bits : 4
    strict_capacity_limit : 0
    memory_allocator : None
    high_pri_pool_ratio: 0.000
  block_cache_compressed: (nil)
  persistent_cache: (nil)
  block_size: 4096
  block_size_deviation: 10
  block_restart_interval: 16
  index_block_restart_interval: 1
  metadata_block_size: 4096
  partition_filters: 0
  use_delta_encoding: 1
  filter_policy: nullptr
  whole_key_filtering: 1
  verify_compression: 0
  read_amp_bytes_per_bit: 0
  format_version: 2
  enable_index_compression: 1
  block_align: 0
2019/10/17-14:54:03.416364 7fc3a9fcb700        Options.write_buffer_size: 67108864
2019/10/17-14:54:03.416366 7fc3a9fcb700  Options.max_write_buffer_number: 2
2019/10/17-14:54:03.416367 7fc3a9fcb700          Options.compression: NoCompression
2019/10/17-14:54:03.416368 7fc3a9fcb700                  Options.bottommost_compression: Disabled
2019/10/17-14:54:03.416369 7fc3a9fcb700       Options.prefix_extractor: nullptr
2019/10/17-14:54:03.416370 7fc3a9fcb700   Options.memtable_insert_with_hint_prefix_extractor: nullptr
2019/10/17-14:54:03.416371 7fc3a9fcb700             Options.num_levels: 7
2019/10/17-14:54:03.416372 7fc3a9fcb700        Options.min_write_buffer_number_to_merge: 1
2019/10/17-14:54:03.416373 7fc3a9fcb700     Options.max_write_buffer_number_to_maintain: 0
2019/10/17-14:54:03.416374 7fc3a9fcb700            Options.bottommost_compression_opts.window_bits: -14
2019/10/17-14:54:03.416375 7fc3a9fcb700                  Options.bottommost_compression_opts.level: 32767
2019/10/17-14:54:03.416376 7fc3a9fcb700               Options.bottommost_compression_opts.strategy: 0
2019/10/17-14:54:03.416377 7fc3a9fcb700         Options.bottommost_compression_opts.max_dict_bytes: 0
2019/10/17-14:54:03.416378 7fc3a9fcb700         Options.bottommost_compression_opts.zstd_max_train_bytes: 0
2019/10/17-14:54:03.416379 7fc3a9fcb700                  Options.bottommost_compression_opts.enabled: false
2019/10/17-14:54:03.416380 7fc3a9fcb700            Options.compression_opts.window_bits: -14
2019/10/17-14:54:03.416381 7fc3a9fcb700                  Options.compression_opts.level: 32767
2019/10/17-14:54:03.416382 7fc3a9fcb700               Options.compression_opts.strategy: 0
2019/10/17-14:54:03.416383 7fc3a9fcb700         Options.compression_opts.max_dict_bytes: 0
2019/10/17-14:54:03.416384 7fc3a9fcb700         Options.compression_opts.zstd_max_train_bytes: 0
2019/10/17-14:54:03.416385 7fc3a9fcb700                  Options.compression_opts.enabled: false
2019/10/17-14:54:03.416386 7fc3a9fcb700      Options.level0_file_num_compaction_trigger: 4
2019/10/17-14:54:03.416387 7fc3a9fcb700          Options.level0_slowdown_writes_trigger: 20
2019/10/17-14:54:03.416387 7fc3a9fcb700              Options.level0_stop_writes_trigger: 36
2019/10/17-14:54:03.416389 7fc3a9fcb700                   Options.target_file_size_base: 67108864
2019/10/17-14:54:03.416390 7fc3a9fcb700             Options.target_file_size_multiplier: 1
2019/10/17-14:54:03.416391 7fc3a9fcb700                Options.max_bytes_for_level_base: 268435456
2019/10/17-14:54:03.416392 7fc3a9fcb700 Options.level_compaction_dynamic_level_bytes: 0
2019/10/17-14:54:03.416393 7fc3a9fcb700          Options.max_bytes_for_level_multiplier: 10.000000
2019/10/17-14:54:03.416394 7fc3a9fcb700 Options.max_bytes_for_level_multiplier_addtl[0]: 1
2019/10/17-14:54:03.416395 7fc3a9fcb700 Options.max_bytes_for_level_multiplier_addtl[1]: 1
2019/10/17-14:54:03.416397 7fc3a9fcb700 Options.max_bytes_for_level_multiplier_addtl[2]: 1
2019/10/17-14:54:03.416398 7fc3a9fcb700 Options.max_bytes_for_level_multiplier_addtl[3]: 1
2019/10/17-14:54:03.416398 7fc3a9fcb700 Options.max_bytes_for_level_multiplier_addtl[4]: 1
2019/10/17-14:54:03.416399 7fc3a9fcb700 Options.max_bytes_for_level_multiplier_addtl[5]: 1
2019/10/17-14:54:03.416400 7fc3a9fcb700 Options.max_bytes_for_level_multiplier_addtl[6]: 1
2019/10/17-14:54:03.416401 7fc3a9fcb700       Options.max_sequential_skip_in_iterations: 8
2019/10/17-14:54:03.416407 7fc3a9fcb700                    Options.max_compaction_bytes: 1677721600
2019/10/17-14:54:03.416408 7fc3a9fcb700                        Options.arena_block_size: 8388608
2019/10/17-14:54:03.416409 7fc3a9fcb700   Options.soft_pending_compaction_bytes_limit: 68719476736
2019/10/17-14:54:03.416411 7fc3a9fcb700   Options.hard_pending_compaction_bytes_limit: 274877906944
2019/10/17-14:54:03.416412 7fc3a9fcb700       Options.rate_limit_delay_max_milliseconds: 100
2019/10/17-14:54:03.416413 7fc3a9fcb700                Options.disable_auto_compactions: 0
2019/10/17-14:54:03.416414 7fc3a9fcb700                        Options.compaction_style: kCompactionStyleLevel
2019/10/17-14:54:03.416415 7fc3a9fcb700                          Options.compaction_pri: kByCompensatedSize
2019/10/17-14:54:03.416416 7fc3a9fcb700 Options.compaction_options_universal.size_ratio: 1
2019/10/17-14:54:03.416417 7fc3a9fcb700 Options.compaction_options_universal.min_merge_width: 2
2019/10/17-14:54:03.416418 7fc3a9fcb700 Options.compaction_options_universal.max_merge_width: 4294967295
2019/10/17-14:54:03.416419 7fc3a9fcb700 Options.compaction_options_universal.max_size_amplification_percent: 200
2019/10/17-14:54:03.416420 7fc3a9fcb700 Options.compaction_options_universal.compression_size_percent: -1
2019/10/17-14:54:03.416421 7fc3a9fcb700 Options.compaction_options_universal.stop_style: kCompactionStopStyleTotalSize
2019/10/17-14:54:03.416422 7fc3a9fcb700 Options.compaction_options_fifo.max_table_files_size: 1073741824
2019/10/17-14:54:03.416423 7fc3a9fcb700 Options.compaction_options_fifo.allow_compaction: 0
2019/10/17-14:54:03.416424 7fc3a9fcb700 Options.compaction_options_fifo.ttl: 0
2019/10/17-14:54:03.416425 7fc3a9fcb700                   Options.table_properties_collectors: 
2019/10/17-14:54:03.416426 7fc3a9fcb700                   Options.inplace_update_support: 0
2019/10/17-14:54:03.416427 7fc3a9fcb700                 Options.inplace_update_num_locks: 10000
2019/10/17-14:54:03.416428 7fc3a9fcb700               Options.memtable_prefix_bloom_size_ratio: 0.000000
2019/10/17-14:54:03.416430 7fc3a9fcb700   Options.memtable_huge_page_size: 0
2019/10/17-14:54:03.416431 7fc3a9fcb700                           Options.bloom_locality: 0
2019/10/17-14:54:03.416432 7fc3a9fcb700                    Options.max_successive_merges: 0
2019/10/17-14:54:03.416433 7fc3a9fcb700                Options.optimize_filters_for_hits: 0
2019/10/17-14:54:03.416434 7fc3a9fcb700                Options.paranoid_file_checks: 0
2019/10/17-14:54:03.416435 7fc3a9fcb700                Options.force_consistency_checks: 0
2019/10/17-14:54:03.416436 7fc3a9fcb700                Options.report_bg_io_stats: 0
2019/10/17-14:54:03.416437 7fc3a9fcb700                               Options.ttl: 0
2019/10/17-14:54:03.416457 7fc3a9fcb700 [db/column_family.cc:472] --------------- Options for column family [entries]:
2019/10/17-14:54:03.416459 7fc3a9fcb700               Options.comparator: leveldb.BytewiseComparator
2019/10/17-14:54:03.416460 7fc3a9fcb700           Options.merge_operator: None
2019/10/17-14:54:03.416461 7fc3a9fcb700        Options.compaction_filter: None
2019/10/17-14:54:03.416462 7fc3a9fcb700        Options.compaction_filter_factory: None
2019/10/17-14:54:03.416463 7fc3a9fcb700         Options.memtable_factory: SkipListFactory
2019/10/17-14:54:03.416464 7fc3a9fcb700            Options.table_factory: BlockBasedTable
2019/10/17-14:54:03.416477 7fc3a9fcb700            table_factory options:   flush_block_policy_factory: FlushBlockBySizePolicyFactory (0x7fc3500895e0)
  cache_index_and_filter_blocks: 0
  cache_index_and_filter_blocks_with_high_priority: 0
  pin_l0_filter_and_index_blocks_in_cache: 0
  pin_top_level_index_and_filter: 1
  index_type: 0
  hash_index_allow_collision: 1
  checksum: 1
  no_block_cache: 0
  block_cache: 0x7fc3500d78c0
  block_cache_name: LRUCache
  block_cache_options:
    capacity : 8388608
    num_shard_bits : 4
    strict_capacity_limit : 0
    memory_allocator : None
    high_pri_pool_ratio: 0.000
  block_cache_compressed: (nil)
  persistent_cache: (nil)
  block_size: 4096
  block_size_deviation: 10
  block_restart_interval: 16
  index_block_restart_interval: 1
  metadata_block_size: 4096
  partition_filters: 0
  use_delta_encoding: 1
  filter_policy: nullptr
  whole_key_filtering: 1
  verify_compression: 0
  read_amp_bytes_per_bit: 0
  format_version: 2
  enable_index_compression: 1
  block_align: 0
2019/10/17-14:54:03.416484 7fc3a9fcb700        Options.write_buffer_size: 67108864
2019/10/17-14:54:03.416486 7fc3a9fcb700  Options.max_write_buffer_number: 2
2019/10/17-14:54:03.416487 7fc3a9fcb700          Options.compression: NoCompression
2019/10/17-14:54:03.416488 7fc3a9fcb700                  Options.bottommost_compression: Disabled
2019/10/17-14:54:03.416489 7fc3a9fcb700       Options.prefix_extractor: nullptr
2019/10/17-14:54:03.416490 7fc3a9fcb700   Options.memtable_insert_with_hint_prefix_extractor: nullptr
2019/10/17-14:54:03.416491 7fc3a9fcb700             Options.num_levels: 7
2019/10/17-14:54:03.416492 7fc3a9fcb700        Options.min_write_buffer_number_to_merge: 1
2019/10/17-14:54:03.416493 7fc3a9fcb700     Options.max_write_buffer_number_to_maintain: 0
2019/10/17-14:54:03.416494 7fc3a9fcb700            Options.bottommost_compression_opts.window_bits: -14
2019/10/17-14:54:03.416495 7fc3a9fcb700                  Options.bottommost_compression_opts.level: 32767
2019/10/17-14:54:03.416496 7fc3a9fcb700               Options.bottommost_compression_opts.strategy: 0
2019/10/17-14:54:03.416497 7fc3a9fcb700         Options.bottommost_compression_opts.max_dict_bytes: 0
2019/10/17-14:54:03.416498 7fc3a9fcb700         Options.bottommost_compression_opts.zstd_max_train_bytes: 0
2019/10/17-14:54:03.416499 7fc3a9fcb700                  Options.bottommost_compression_opts.enabled: false
2019/10/17-14:54:03.416500 7fc3a9fcb700            Options.compression_opts.window_bits: -14
2019/10/17-14:54:03.416501 7fc3a9fcb700                  Options.compression_opts.level: 32767
2019/10/17-14:54:03.416502 7fc3a9fcb700               Options.compression_opts.strategy: 0
2019/10/17-14:54:03.416503 7fc3a9fcb700         Options.compression_opts.max_dict_bytes: 0
2019/10/17-14:54:03.416504 7fc3a9fcb700         Options.compression_opts.zstd_max_train_bytes: 0
2019/10/17-14:54:03.416505 7fc3a9fcb700                  Options.compression_opts.enabled: false
2019/10/17-14:54:03.416506 7fc3a9fcb700      Options.level0_file_num_compaction_trigger: 4
2019/10/17-14:54:03.416507 7fc3a9fcb700          Options.level0_slowdown_writes_trigger: 20
2019/10/17-14:54:03.416508 7fc3a9fcb700              Options.level0_stop_writes_trigger: 36
2019/10/17-14:54:03.416509 7fc3a9fcb700                   Options.target_file_size_base: 67108864
2019/10/17-14:54:03.416510 7fc3a9fcb700             Options.target_file_size_multiplier: 1
2019/10/17-14:54:03.416511 7fc3a9fcb700                Options.max_bytes_for_level_base: 268435456
2019/10/17-14:54:03.416512 7fc3a9fcb700 Options.level_compaction_dynamic_level_bytes: 0
2019/10/17-14:54:03.416513 7fc3a9fcb700          Options.max_bytes_for_level_multiplier: 10.000000
2019/10/17-14:54:03.416514 7fc3a9fcb700 Options.max_bytes_for_level_multiplier_addtl[0]: 1
2019/10/17-14:54:03.416515 7fc3a9fcb700 Options.max_bytes_for_level_multiplier_addtl[1]: 1
2019/10/17-14:54:03.416516 7fc3a9fcb700 Options.max_bytes_for_level_multiplier_addtl[2]: 1
2019/10/17-14:54:03.416517 7fc3a9fcb700 Options.max_bytes_for_level_multiplier_addtl[3]: 1
2019/10/17-14:54:03.416518 7fc3a9fcb700 Options.max_bytes_for_level_multiplier_addtl[4]: 1
2019/10/17-14:54:03.416519 7fc3a9fcb700 Options.max_bytes_for_level_multiplier_addtl[5]: 1
2019/10/17-14:54:03.416520 7fc3a9fcb700 Options.max_bytes_for_level_multiplier_addtl[6]: 1
2019/10/17-14:54:03.416521 7fc3a9fcb700       Options.max_sequential_skip_in_iterations: 8
2019/10/17-14:54:03.416522 7fc3a9fcb700                    Options.max_compaction_bytes: 1677721600
2019/10/17-14:54:03.416523 7fc3a9fcb700                        Options.arena_block_size: 8388608
2019/10/17-14:54:03.416524 7fc3a9fcb700   Options.soft_pending_compaction_bytes_limit: 68719476736
2019/10/17-14:54:03.416530 7fc3a9fcb700   Options.hard_pending_compaction_bytes_limit: 274877906944
2019/10/17-14:54:03.416531 7fc3a9fcb700       Options.rate_limit_delay_max_milliseconds: 100
2019/10/17-14:54:03.416532 7fc3a9fcb700                Options.disable_auto_compactions: 0
2019/10/17-14:54:03.416533 7fc3a9fcb700                        Options.compaction_style: kCompactionStyleLevel
2019/10/17-14:54:03.416535 7fc3a9fcb700                          Options.compaction_pri: kByCompensatedSize
2019/10/17-14:54:03.416536 7fc3a9fcb700 Options.compaction_options_universal.size_ratio: 1
2019/10/17-14:54:03.416537 7fc3a9fcb700 Options.compaction_options_universal.min_merge_width: 2
2019/10/17-14:54:03.416538 7fc3a9fcb700 Options.compaction_options_universal.max_merge_width: 4294967295
2019/10/17-14:54:03.416539 7fc3a9fcb700 Options.compaction_options_universal.max_size_amplification_percent: 200
2019/10/17-14:54:03.416540 7fc3a9fcb700 Options.compaction_options_universal.compression_size_percent: -1
2019/10/17-14:54:03.416541 7fc3a9fcb700 Options.compaction_options_universal.stop_style: kCompactionStopStyleTotalSize
2019/10/17-14:54:03.416542 7fc3a9fcb700 Options.compaction_options_fifo.max_table_files_size: 1073741824
2019/10/17-14:54:03.416543 7fc3a9fcb700 Options.compaction_options_fifo.allow_compaction: 0
2019/10/17-14:54:03.416544 7fc3a9fcb700 Options.compaction_options_fifo.ttl: 0
2019/10/17-14:54:03.416545 7fc3a9fcb700                   Options.table_properties_collectors: 
2019/10/17-14:54:03.416546 7fc3a9fcb700                   Options.inplace_update_support: 0
2019/10/17-14:54:03.416547 7fc3a9fcb700                 Options.inplace_update_num_locks: 10000
2019/10/17-14:54:03.416548 7fc3a9fcb700               Options.memtable_prefix_bloom_size_ratio: 0.000000
2019/10/17-14:54:03.416549 7fc3a9fcb700   Options.memtable_huge_page_size: 0
2019/10/17-14:54:03.416550 7fc3a9fcb700                           Options.bloom_locality: 0
2019/10/17-14:54:03.416551 7fc3a9fcb700                    Options.max_successive_merges: 0
2019/10/17-14:54:03.416552 7fc3a9fcb700                Options.optimize_filters_for_hits: 0
2019/10/17-14:54:03.416553 7fc3a9fcb700                Options.paranoid_file_checks: 0
2019/10/17-14:54:03.416554 7fc3a9fcb700                Options.force_consistency_checks: 0
2019/10/17-14:54:03.416555 7fc3a9fcb700                Options.report_bg_io_stats: 0
2019/10/17-14:54:03.416556 7fc3a9fcb700                               Options.ttl: 0
2019/10/17-14:54:03.416574 7fc3a9fcb700 [db/column_family.cc:472] --------------- Options for column family [dc_entries]:
2019/10/17-14:54:03.416576 7fc3a9fcb700               Options.comparator: leveldb.BytewiseComparator
2019/10/17-14:54:03.416577 7fc3a9fcb700           Options.merge_operator: None
2019/10/17-14:54:03.416578 7fc3a9fcb700        Options.compaction_filter: None
2019/10/17-14:54:03.416579 7fc3a9fcb700        Options.compaction_filter_factory: None
2019/10/17-14:54:03.416580 7fc3a9fcb700         Options.memtable_factory: SkipListFactory
2019/10/17-14:54:03.416581 7fc3a9fcb700            Options.table_factory: BlockBasedTable
2019/10/17-14:54:03.416594 7fc3a9fcb700            table_factory options:   flush_block_policy_factory: FlushBlockBySizePolicyFactory (0x7fc35006a1b0)
  cache_index_and_filter_blocks: 0
  cache_index_and_filter_blocks_with_high_priority: 0
  pin_l0_filter_and_index_blocks_in_cache: 0
  pin_top_level_index_and_filter: 1
  index_type: 0
  hash_index_allow_collision: 1
  checksum: 1
  no_block_cache: 0
  block_cache: 0x7fc35002ae80
  block_cache_name: LRUCache
  block_cache_options:
    capacity : 8388608
    num_shard_bits : 4
    strict_capacity_limit : 0
    memory_allocator : None
    high_pri_pool_ratio: 0.000
  block_cache_compressed: (nil)
  persistent_cache: (nil)
  block_size: 4096
  block_size_deviation: 10
  block_restart_interval: 16
  index_block_restart_interval: 1
  metadata_block_size: 4096
  partition_filters: 0
  use_delta_encoding: 1
  filter_policy: nullptr
  whole_key_filtering: 1
  verify_compression: 0
  read_amp_bytes_per_bit: 0
  format_version: 2
  enable_index_compression: 1
  block_align: 0
2019/10/17-14:54:03.416601 7fc3a9fcb700        Options.write_buffer_size: 67108864
2019/10/17-14:54:03.416603 7fc3a9fcb700  Options.max_write_buffer_number: 2
2019/10/17-14:54:03.416604 7fc3a9fcb700          Options.compression: NoCompression
2019/10/17-14:54:03.416605 7fc3a9fcb700                  Options.bottommost_compression: Disabled
2019/10/17-14:54:03.416606 7fc3a9fcb700       Options.prefix_extractor: nullptr
2019/10/17-14:54:03.416607 7fc3a9fcb700   Options.memtable_insert_with_hint_prefix_extractor: nullptr
2019/10/17-14:54:03.416608 7fc3a9fcb700             Options.num_levels: 7
2019/10/17-14:54:03.416609 7fc3a9fcb700        Options.min_write_buffer_number_to_merge: 1
2019/10/17-14:54:03.416610 7fc3a9fcb700     Options.max_write_buffer_number_to_maintain: 0
2019/10/17-14:54:03.416611 7fc3a9fcb700            Options.bottommost_compression_opts.window_bits: -14
2019/10/17-14:54:03.416612 7fc3a9fcb700                  Options.bottommost_compression_opts.level: 32767
2019/10/17-14:54:03.416612 7fc3a9fcb700               Options.bottommost_compression_opts.strategy: 0
2019/10/17-14:54:03.416613 7fc3a9fcb700         Options.bottommost_compression_opts.max_dict_bytes: 0
2019/10/17-14:54:03.416614 7fc3a9fcb700         Options.bottommost_compression_opts.zstd_max_train_bytes: 0
2019/10/17-14:54:03.416615 7fc3a9fcb700                  Options.bottommost_compression_opts.enabled: false
2019/10/17-14:54:03.416616 7fc3a9fcb700            Options.compression_opts.window_bits: -14
2019/10/17-14:54:03.416617 7fc3a9fcb700                  Options.compression_opts.level: 32767
2019/10/17-14:54:03.416618 7fc3a9fcb700               Options.compression_opts.strategy: 0
2019/10/17-14:54:03.416619 7fc3a9fcb700         Options.compression_opts.max_dict_bytes: 0
2019/10/17-14:54:03.416620 7fc3a9fcb700         Options.compression_opts.zstd_max_train_bytes: 0
2019/10/17-14:54:03.416621 7fc3a9fcb700                  Options.compression_opts.enabled: false
2019/10/17-14:54:03.416622 7fc3a9fcb700      Options.level0_file_num_compaction_trigger: 4
2019/10/17-14:54:03.416623 7fc3a9fcb700          Options.level0_slowdown_writes_trigger: 20
2019/10/17-14:54:03.416624 7fc3a9fcb700              Options.level0_stop_writes_trigger: 36
2019/10/17-14:54:03.416625 7fc3a9fcb700                   Options.target_file_size_base: 67108864
2019/10/17-14:54:03.416626 7fc3a9fcb700             Options.target_file_size_multiplier: 1
2019/10/17-14:54:03.416627 7fc3a9fcb700                Options.max_bytes_for_level_base: 268435456
2019/10/17-14:54:03.416628 7fc3a9fcb700 Options.level_compaction_dynamic_level_bytes: 0
2019/10/17-14:54:03.416629 7fc3a9fcb700          Options.max_bytes_for_level_multiplier: 10.000000
2019/10/17-14:54:03.416631 7fc3a9fcb700 Options.max_bytes_for_level_multiplier_addtl[0]: 1
2019/10/17-14:54:03.416632 7fc3a9fcb700 Options.max_bytes_for_level_multiplier_addtl[1]: 1
2019/10/17-14:54:03.416633 7fc3a9fcb700 Options.max_bytes_for_level_multiplier_addtl[2]: 1
2019/10/17-14:54:03.416634 7fc3a9fcb700 Options.max_bytes_for_level_multiplier_addtl[3]: 1
2019/10/17-14:54:03.416635 7fc3a9fcb700 Options.max_bytes_for_level_multiplier_addtl[4]: 1
2019/10/17-14:54:03.416636 7fc3a9fcb700 Options.max_bytes_for_level_multiplier_addtl[5]: 1
2019/10/17-14:54:03.416637 7fc3a9fcb700 Options.max_bytes_for_level_multiplier_addtl[6]: 1
2019/10/17-14:54:03.416638 7fc3a9fcb700       Options.max_sequential_skip_in_iterations: 8
2019/10/17-14:54:03.416639 7fc3a9fcb700                    Options.max_compaction_bytes: 1677721600
2019/10/17-14:54:03.416640 7fc3a9fcb700                        Options.arena_block_size: 8388608
2019/10/17-14:54:03.416641 7fc3a9fcb700   Options.soft_pending_compaction_bytes_limit: 68719476736
2019/10/17-14:54:03.416642 7fc3a9fcb700   Options.hard_pending_compaction_bytes_limit: 274877906944
2019/10/17-14:54:03.416643 7fc3a9fcb700       Options.rate_limit_delay_max_milliseconds: 100
2019/10/17-14:54:03.416644 7fc3a9fcb700                Options.disable_auto_compactions: 0
2019/10/17-14:54:03.416650 7fc3a9fcb700                        Options.compaction_style: kCompactionStyleLevel
2019/10/17-14:54:03.416652 7fc3a9fcb700                          Options.compaction_pri: kByCompensatedSize
2019/10/17-14:54:03.416653 7fc3a9fcb700 Options.compaction_options_universal.size_ratio: 1
2019/10/17-14:54:03.416654 7fc3a9fcb700 Options.compaction_options_universal.min_merge_width: 2
2019/10/17-14:54:03.416655 7fc3a9fcb700 Options.compaction_options_universal.max_merge_width: 4294967295
2019/10/17-14:54:03.416656 7fc3a9fcb700 Options.compaction_options_universal.max_size_amplification_percent: 200
2019/10/17-14:54:03.416657 7fc3a9fcb700 Options.compaction_options_universal.compression_size_percent: -1
2019/10/17-14:54:03.416658 7fc3a9fcb700 Options.compaction_options_universal.stop_style: kCompactionStopStyleTotalSize
2019/10/17-14:54:03.416659 7fc3a9fcb700 Options.compaction_options_fifo.max_table_files_size: 1073741824
2019/10/17-14:54:03.416660 7fc3a9fcb700 Options.compaction_options_fifo.allow_compaction: 0
2019/10/17-14:54:03.416661 7fc3a9fcb700 Options.compaction_options_fifo.ttl: 0
2019/10/17-14:54:03.416662 7fc3a9fcb700                   Options.table_properties_collectors: 
2019/10/17-14:54:03.416663 7fc3a9fcb700                   Options.inplace_update_support: 0
2019/10/17-14:54:03.416664 7fc3a9fcb700                 Options.inplace_update_num_locks: 10000
2019/10/17-14:54:03.416665 7fc3a9fcb700               Options.memtable_prefix_bloom_size_ratio: 0.000000
2019/10/17-14:54:03.416666 7fc3a9fcb700   Options.memtable_huge_page_size: 0
2019/10/17-14:54:03.416667 7fc3a9fcb700                           Options.bloom_locality: 0
2019/10/17-14:54:03.416668 7fc3a9fcb700                    Options.max_successive_merges: 0
2019/10/17-14:54:03.416669 7fc3a9fcb700                Options.optimize_filters_for_hits: 0
2019/10/17-14:54:03.416670 7fc3a9fcb700                Options.paranoid_file_checks: 0
2019/10/17-14:54:03.416671 7fc3a9fcb700                Options.force_consistency_checks: 0
2019/10/17-14:54:03.416672 7fc3a9fcb700                Options.report_bg_io_stats: 0
2019/10/17-14:54:03.416673 7fc3a9fcb700                               Options.ttl: 0
2019/10/17-14:54:03.416688 7fc3a9fcb700 [db/column_family.cc:472] --------------- Options for column family [htlcs]:
2019/10/17-14:54:03.416690 7fc3a9fcb700               Options.comparator: leveldb.BytewiseComparator
2019/10/17-14:54:03.416691 7fc3a9fcb700           Options.merge_operator: None
2019/10/17-14:54:03.416692 7fc3a9fcb700        Options.compaction_filter: None
2019/10/17-14:54:03.416693 7fc3a9fcb700        Options.compaction_filter_factory: None
2019/10/17-14:54:03.416694 7fc3a9fcb700         Options.memtable_factory: SkipListFactory
2019/10/17-14:54:03.416695 7fc3a9fcb700            Options.table_factory: BlockBasedTable
2019/10/17-14:54:03.416707 7fc3a9fcb700            table_factory options:   flush_block_policy_factory: FlushBlockBySizePolicyFactory (0x7fc350057770)
