2019/10/17-14:55:13.038852 7fc3a9fcb700 RocksDB version: 5.18.3
2019/10/17-14:55:13.038893 7fc3a9fcb700 Git sha rocksdb_build_git_sha:@0@
2019/10/17-14:55:13.038896 7fc3a9fcb700 Compile date Sep 19 2019
2019/10/17-14:55:13.038897 7fc3a9fcb700 DB SUMMARY
2019/10/17-14:55:13.039825 7fc3a9fcb700 CURRENT file:  CURRENT
2019/10/17-14:55:13.039827 7fc3a9fcb700 IDENTITY file:  IDENTITY
2019/10/17-14:55:13.039866 7fc3a9fcb700 MANIFEST file:  MANIFEST-116536 size: 4114 Bytes
2019/10/17-14:55:13.039868 7fc3a9fcb700 SST files in /home/rahul/dev/blockchain-core/eqc/ledger.db dir, Total Num: 29, files: 000624.sst 000627.sst 106940.sst 108447.sst 108450.sst 109471.sst 109483.sst 109485.sst 109486.sst 
2019/10/17-14:55:13.039869 7fc3a9fcb700 Write Ahead Log file in /home/rahul/dev/blockchain-core/eqc/ledger.db: 116537.log size: 0 ; 
2019/10/17-14:55:13.039915 7fc3a9fcb700                         Options.error_if_exists: 0
2019/10/17-14:55:13.039916 7fc3a9fcb700                       Options.create_if_missing: 1
2019/10/17-14:55:13.039918 7fc3a9fcb700                         Options.paranoid_checks: 1
2019/10/17-14:55:13.039919 7fc3a9fcb700                                     Options.env: 0x7fc32ae1fc60
2019/10/17-14:55:13.039920 7fc3a9fcb700                                Options.info_log: 0x7fc35005e3e0
2019/10/17-14:55:13.039921 7fc3a9fcb700                Options.max_file_opening_threads: 16
2019/10/17-14:55:13.039922 7fc3a9fcb700                              Options.statistics: (nil)
2019/10/17-14:55:13.039923 7fc3a9fcb700                               Options.use_fsync: 0
2019/10/17-14:55:13.039924 7fc3a9fcb700                       Options.max_log_file_size: 0
2019/10/17-14:55:13.039925 7fc3a9fcb700                  Options.max_manifest_file_size: 1073741824
2019/10/17-14:55:13.039926 7fc3a9fcb700                   Options.log_file_time_to_roll: 0
2019/10/17-14:55:13.039927 7fc3a9fcb700                       Options.keep_log_file_num: 1000
2019/10/17-14:55:13.039928 7fc3a9fcb700                    Options.recycle_log_file_num: 0
2019/10/17-14:55:13.039929 7fc3a9fcb700                         Options.allow_fallocate: 1
2019/10/17-14:55:13.039930 7fc3a9fcb700                        Options.allow_mmap_reads: 0
2019/10/17-14:55:13.039931 7fc3a9fcb700                       Options.allow_mmap_writes: 0
2019/10/17-14:55:13.039932 7fc3a9fcb700                        Options.use_direct_reads: 0
2019/10/17-14:55:13.039933 7fc3a9fcb700                        Options.use_direct_io_for_flush_and_compaction: 0
2019/10/17-14:55:13.039934 7fc3a9fcb700          Options.create_missing_column_families: 0
2019/10/17-14:55:13.039935 7fc3a9fcb700                              Options.db_log_dir: 
2019/10/17-14:55:13.039936 7fc3a9fcb700                                 Options.wal_dir: /home/rahul/dev/blockchain-core/eqc/ledger.db
2019/10/17-14:55:13.039938 7fc3a9fcb700                Options.table_cache_numshardbits: 6
2019/10/17-14:55:13.039939 7fc3a9fcb700                      Options.max_subcompactions: 1
2019/10/17-14:55:13.039940 7fc3a9fcb700                  Options.max_background_flushes: -1
2019/10/17-14:55:13.039941 7fc3a9fcb700                         Options.WAL_ttl_seconds: 0
2019/10/17-14:55:13.039942 7fc3a9fcb700                       Options.WAL_size_limit_MB: 0
2019/10/17-14:55:13.039943 7fc3a9fcb700             Options.manifest_preallocation_size: 4194304
2019/10/17-14:55:13.039944 7fc3a9fcb700                     Options.is_fd_close_on_exec: 1
2019/10/17-14:55:13.039945 7fc3a9fcb700                   Options.advise_random_on_open: 1
2019/10/17-14:55:13.039946 7fc3a9fcb700                    Options.db_write_buffer_size: 0
2019/10/17-14:55:13.039947 7fc3a9fcb700                    Options.write_buffer_manager: 0x7fc350029000
2019/10/17-14:55:13.039948 7fc3a9fcb700         Options.access_hint_on_compaction_start: 1
2019/10/17-14:55:13.039949 7fc3a9fcb700  Options.new_table_reader_for_compaction_inputs: 0
2019/10/17-14:55:13.039950 7fc3a9fcb700           Options.random_access_max_buffer_size: 1048576
2019/10/17-14:55:13.039951 7fc3a9fcb700                      Options.use_adaptive_mutex: 0
2019/10/17-14:55:13.039952 7fc3a9fcb700                            Options.rate_limiter: (nil)
2019/10/17-14:55:13.039963 7fc3a9fcb700     Options.sst_file_manager.rate_bytes_per_sec: 0
2019/10/17-14:55:13.039964 7fc3a9fcb700                       Options.wal_recovery_mode: 2
2019/10/17-14:55:13.039965 7fc3a9fcb700                  Options.enable_thread_tracking: 0
2019/10/17-14:55:13.039966 7fc3a9fcb700                  Options.enable_pipelined_write: 0
2019/10/17-14:55:13.039967 7fc3a9fcb700         Options.allow_concurrent_memtable_write: 1
2019/10/17-14:55:13.039968 7fc3a9fcb700      Options.enable_write_thread_adaptive_yield: 1
2019/10/17-14:55:13.039969 7fc3a9fcb700             Options.write_thread_max_yield_usec: 100
2019/10/17-14:55:13.039970 7fc3a9fcb700            Options.write_thread_slow_yield_usec: 3
2019/10/17-14:55:13.039971 7fc3a9fcb700                               Options.row_cache: None
2019/10/17-14:55:13.039972 7fc3a9fcb700                              Options.wal_filter: None
2019/10/17-14:55:13.039973 7fc3a9fcb700             Options.avoid_flush_during_recovery: 0
2019/10/17-14:55:13.039974 7fc3a9fcb700             Options.allow_ingest_behind: 0
2019/10/17-14:55:13.039975 7fc3a9fcb700             Options.preserve_deletes: 0
2019/10/17-14:55:13.039976 7fc3a9fcb700             Options.two_write_queues: 0
2019/10/17-14:55:13.039977 7fc3a9fcb700             Options.manual_wal_flush: 0
2019/10/17-14:55:13.039978 7fc3a9fcb700             Options.max_background_jobs: 2
2019/10/17-14:55:13.039979 7fc3a9fcb700             Options.max_background_compactions: -1
2019/10/17-14:55:13.039980 7fc3a9fcb700             Options.avoid_flush_during_shutdown: 0
2019/10/17-14:55:13.039981 7fc3a9fcb700           Options.writable_file_max_buffer_size: 1048576
2019/10/17-14:55:13.039982 7fc3a9fcb700             Options.delayed_write_rate : 16777216
2019/10/17-14:55:13.039983 7fc3a9fcb700             Options.max_total_wal_size: 0
2019/10/17-14:55:13.039984 7fc3a9fcb700             Options.delete_obsolete_files_period_micros: 21600000000
2019/10/17-14:55:13.039986 7fc3a9fcb700                   Options.stats_dump_period_sec: 600
2019/10/17-14:55:13.039987 7fc3a9fcb700                          Options.max_open_files: -1
2019/10/17-14:55:13.039988 7fc3a9fcb700                          Options.bytes_per_sync: 0
2019/10/17-14:55:13.039989 7fc3a9fcb700                      Options.wal_bytes_per_sync: 0
2019/10/17-14:55:13.039990 7fc3a9fcb700       Options.compaction_readahead_size: 0
2019/10/17-14:55:13.039991 7fc3a9fcb700 Compression algorithms supported:
2019/10/17-14:55:13.039992 7fc3a9fcb700 	kZSTDNotFinalCompression supported: 0
2019/10/17-14:55:13.039993 7fc3a9fcb700 	kZSTD supported: 0
2019/10/17-14:55:13.039994 7fc3a9fcb700 	kXpressCompression supported: 0
2019/10/17-14:55:13.039996 7fc3a9fcb700 	kLZ4HCCompression supported: 0
2019/10/17-14:55:13.039997 7fc3a9fcb700 	kLZ4Compression supported: 0
2019/10/17-14:55:13.039998 7fc3a9fcb700 	kBZip2Compression supported: 0
2019/10/17-14:55:13.039999 7fc3a9fcb700 	kZlibCompression supported: 0
2019/10/17-14:55:13.040000 7fc3a9fcb700 	kSnappyCompression supported: 0
2019/10/17-14:55:13.040002 7fc3a9fcb700 Fast CRC32 supported: Supported on x86
2019/10/17-14:55:13.040122 7fc3a9fcb700 [db/version_set.cc:3507] Recovering from manifest file: MANIFEST-116536
2019/10/17-14:55:13.040163 7fc3a9fcb700 [db/column_family.cc:472] --------------- Options for column family [default]:
2019/10/17-14:55:13.040166 7fc3a9fcb700               Options.comparator: leveldb.BytewiseComparator
2019/10/17-14:55:13.040167 7fc3a9fcb700           Options.merge_operator: None
2019/10/17-14:55:13.040168 7fc3a9fcb700        Options.compaction_filter: None
2019/10/17-14:55:13.040169 7fc3a9fcb700        Options.compaction_filter_factory: None
2019/10/17-14:55:13.040170 7fc3a9fcb700         Options.memtable_factory: SkipListFactory
2019/10/17-14:55:13.040171 7fc3a9fcb700            Options.table_factory: BlockBasedTable
2019/10/17-14:55:13.040189 7fc3a9fcb700            table_factory options:   flush_block_policy_factory: FlushBlockBySizePolicyFactory (0x7fc350105af0)
  cache_index_and_filter_blocks: 0
  cache_index_and_filter_blocks_with_high_priority: 0
  pin_l0_filter_and_index_blocks_in_cache: 0
  pin_top_level_index_and_filter: 1
  index_type: 0
  hash_index_allow_collision: 1
  checksum: 1
  no_block_cache: 0
  block_cache: 0x7fc3500b0770
  block_cache_name: LRUCache
  block_cache_options:
    capacity : 8388608
    num_shard_bits : 4
    strict_capacity_limit : 0
    memory_allocator : None
    high_pri_pool_ratio: 0.000
  block_cache_compressed: (nil)
  persistent_cache: (nil)
  block_size: 4096
  block_size_deviation: 10
  block_restart_interval: 16
  index_block_restart_interval: 1
  metadata_block_size: 4096
  partition_filters: 0
  use_delta_encoding: 1
  filter_policy: nullptr
  whole_key_filtering: 1
  verify_compression: 0
  read_amp_bytes_per_bit: 0
  format_version: 2
  enable_index_compression: 1
  block_align: 0
2019/10/17-14:55:13.040201 7fc3a9fcb700        Options.write_buffer_size: 67108864
2019/10/17-14:55:13.040203 7fc3a9fcb700  Options.max_write_buffer_number: 2
2019/10/17-14:55:13.040204 7fc3a9fcb700          Options.compression: NoCompression
2019/10/17-14:55:13.040205 7fc3a9fcb700                  Options.bottommost_compression: Disabled
2019/10/17-14:55:13.040206 7fc3a9fcb700       Options.prefix_extractor: nullptr
2019/10/17-14:55:13.040207 7fc3a9fcb700   Options.memtable_insert_with_hint_prefix_extractor: nullptr
2019/10/17-14:55:13.040208 7fc3a9fcb700             Options.num_levels: 7
2019/10/17-14:55:13.040209 7fc3a9fcb700        Options.min_write_buffer_number_to_merge: 1
2019/10/17-14:55:13.040210 7fc3a9fcb700     Options.max_write_buffer_number_to_maintain: 0
2019/10/17-14:55:13.040211 7fc3a9fcb700            Options.bottommost_compression_opts.window_bits: -14
2019/10/17-14:55:13.040212 7fc3a9fcb700                  Options.bottommost_compression_opts.level: 32767
2019/10/17-14:55:13.040213 7fc3a9fcb700               Options.bottommost_compression_opts.strategy: 0
2019/10/17-14:55:13.040214 7fc3a9fcb700         Options.bottommost_compression_opts.max_dict_bytes: 0
2019/10/17-14:55:13.040215 7fc3a9fcb700         Options.bottommost_compression_opts.zstd_max_train_bytes: 0
2019/10/17-14:55:13.040216 7fc3a9fcb700                  Options.bottommost_compression_opts.enabled: false
2019/10/17-14:55:13.040217 7fc3a9fcb700            Options.compression_opts.window_bits: -14
2019/10/17-14:55:13.040218 7fc3a9fcb700                  Options.compression_opts.level: 32767
2019/10/17-14:55:13.040219 7fc3a9fcb700               Options.compression_opts.strategy: 0
2019/10/17-14:55:13.040220 7fc3a9fcb700         Options.compression_opts.max_dict_bytes: 0
2019/10/17-14:55:13.040221 7fc3a9fcb700         Options.compression_opts.zstd_max_train_bytes: 0
2019/10/17-14:55:13.040222 7fc3a9fcb700                  Options.compression_opts.enabled: false
2019/10/17-14:55:13.040223 7fc3a9fcb700      Options.level0_file_num_compaction_trigger: 4
2019/10/17-14:55:13.040224 7fc3a9fcb700          Options.level0_slowdown_writes_trigger: 20
2019/10/17-14:55:13.040225 7fc3a9fcb700              Options.level0_stop_writes_trigger: 36
2019/10/17-14:55:13.040226 7fc3a9fcb700                   Options.target_file_size_base: 67108864
2019/10/17-14:55:13.040227 7fc3a9fcb700             Options.target_file_size_multiplier: 1
2019/10/17-14:55:13.040228 7fc3a9fcb700                Options.max_bytes_for_level_base: 268435456
2019/10/17-14:55:13.040229 7fc3a9fcb700 Options.level_compaction_dynamic_level_bytes: 0
2019/10/17-14:55:13.040230 7fc3a9fcb700          Options.max_bytes_for_level_multiplier: 10.000000
2019/10/17-14:55:13.040233 7fc3a9fcb700 Options.max_bytes_for_level_multiplier_addtl[0]: 1
2019/10/17-14:55:13.040234 7fc3a9fcb700 Options.max_bytes_for_level_multiplier_addtl[1]: 1
2019/10/17-14:55:13.040235 7fc3a9fcb700 Options.max_bytes_for_level_multiplier_addtl[2]: 1
2019/10/17-14:55:13.040236 7fc3a9fcb700 Options.max_bytes_for_level_multiplier_addtl[3]: 1
2019/10/17-14:55:13.040237 7fc3a9fcb700 Options.max_bytes_for_level_multiplier_addtl[4]: 1
2019/10/17-14:55:13.040243 7fc3a9fcb700 Options.max_bytes_for_level_multiplier_addtl[5]: 1
2019/10/17-14:55:13.040244 7fc3a9fcb700 Options.max_bytes_for_level_multiplier_addtl[6]: 1
2019/10/17-14:55:13.040245 7fc3a9fcb700       Options.max_sequential_skip_in_iterations: 8
2019/10/17-14:55:13.040246 7fc3a9fcb700                    Options.max_compaction_bytes: 1677721600
2019/10/17-14:55:13.040247 7fc3a9fcb700                        Options.arena_block_size: 8388608
2019/10/17-14:55:13.040249 7fc3a9fcb700   Options.soft_pending_compaction_bytes_limit: 68719476736
2019/10/17-14:55:13.040250 7fc3a9fcb700   Options.hard_pending_compaction_bytes_limit: 274877906944
2019/10/17-14:55:13.040251 7fc3a9fcb700       Options.rate_limit_delay_max_milliseconds: 100
2019/10/17-14:55:13.040252 7fc3a9fcb700                Options.disable_auto_compactions: 0
2019/10/17-14:55:13.040253 7fc3a9fcb700                        Options.compaction_style: kCompactionStyleLevel
2019/10/17-14:55:13.040255 7fc3a9fcb700                          Options.compaction_pri: kByCompensatedSize
2019/10/17-14:55:13.040256 7fc3a9fcb700 Options.compaction_options_universal.size_ratio: 1
2019/10/17-14:55:13.040257 7fc3a9fcb700 Options.compaction_options_universal.min_merge_width: 2
2019/10/17-14:55:13.040258 7fc3a9fcb700 Options.compaction_options_universal.max_merge_width: 4294967295
2019/10/17-14:55:13.040259 7fc3a9fcb700 Options.compaction_options_universal.max_size_amplification_percent: 200
2019/10/17-14:55:13.040260 7fc3a9fcb700 Options.compaction_options_universal.compression_size_percent: -1
2019/10/17-14:55:13.040262 7fc3a9fcb700 Options.compaction_options_universal.stop_style: kCompactionStopStyleTotalSize
2019/10/17-14:55:13.040263 7fc3a9fcb700 Options.compaction_options_fifo.max_table_files_size: 1073741824
2019/10/17-14:55:13.040264 7fc3a9fcb700 Options.compaction_options_fifo.allow_compaction: 0
2019/10/17-14:55:13.040265 7fc3a9fcb700 Options.compaction_options_fifo.ttl: 0
2019/10/17-14:55:13.040266 7fc3a9fcb700                   Options.table_properties_collectors: 
2019/10/17-14:55:13.040267 7fc3a9fcb700                   Options.inplace_update_support: 0
2019/10/17-14:55:13.040268 7fc3a9fcb700                 Options.inplace_update_num_locks: 10000
2019/10/17-14:55:13.040269 7fc3a9fcb700               Options.memtable_prefix_bloom_size_ratio: 0.000000
2019/10/17-14:55:13.040270 7fc3a9fcb700   Options.memtable_huge_page_size: 0
2019/10/17-14:55:13.040271 7fc3a9fcb700                           Options.bloom_locality: 0
2019/10/17-14:55:13.040272 7fc3a9fcb700                    Options.max_successive_merges: 0
2019/10/17-14:55:13.040273 7fc3a9fcb700                Options.optimize_filters_for_hits: 0
2019/10/17-14:55:13.040274 7fc3a9fcb700                Options.paranoid_file_checks: 0
2019/10/17-14:55:13.040275 7fc3a9fcb700                Options.force_consistency_checks: 0
2019/10/17-14:55:13.040276 7fc3a9fcb700                Options.report_bg_io_stats: 0
2019/10/17-14:55:13.040277 7fc3a9fcb700                               Options.ttl: 0
2019/10/17-14:55:13.040323 7fc3a9fcb700 [db/column_family.cc:472] --------------- Options for column family [active_gateways]:
2019/10/17-14:55:13.040326 7fc3a9fcb700               Options.comparator: leveldb.BytewiseComparator
2019/10/17-14:55:13.040327 7fc3a9fcb700           Options.merge_operator: None
2019/10/17-14:55:13.040328 7fc3a9fcb700        Options.compaction_filter: None
2019/10/17-14:55:13.040329 7fc3a9fcb700        Options.compaction_filter_factory: None
2019/10/17-14:55:13.040330 7fc3a9fcb700         Options.memtable_factory: SkipListFactory
2019/10/17-14:55:13.040331 7fc3a9fcb700            Options.table_factory: BlockBasedTable
2019/10/17-14:55:13.040345 7fc3a9fcb700            table_factory options:   flush_block_policy_factory: FlushBlockBySizePolicyFactory (0x7fc35000a450)
  cache_index_and_filter_blocks: 0
  cache_index_and_filter_blocks_with_high_priority: 0
  pin_l0_filter_and_index_blocks_in_cache: 0
  pin_top_level_index_and_filter: 1
  index_type: 0
  hash_index_allow_collision: 1
  checksum: 1
  no_block_cache: 0
  block_cache: 0x7fc35007d6f0
  block_cache_name: LRUCache
  block_cache_options:
    capacity : 8388608
    num_shard_bits : 4
    strict_capacity_limit : 0
    memory_allocator : None
    high_pri_pool_ratio: 0.000
  block_cache_compressed: (nil)
  persistent_cache: (nil)
  block_size: 4096
  block_size_deviation: 10
  block_restart_interval: 16
  index_block_restart_interval: 1
  metadata_block_size: 4096
  partition_filters: 0
  use_delta_encoding: 1
  filter_policy: nullptr
  whole_key_filtering: 1
  verify_compression: 0
  read_amp_bytes_per_bit: 0
  format_version: 2
  enable_index_compression: 1
  block_align: 0
2019/10/17-14:55:13.040354 7fc3a9fcb700        Options.write_buffer_size: 67108864
2019/10/17-14:55:13.040356 7fc3a9fcb700  Options.max_write_buffer_number: 2
2019/10/17-14:55:13.040357 7fc3a9fcb700          Options.compression: NoCompression
2019/10/17-14:55:13.040358 7fc3a9fcb700                  Options.bottommost_compression: Disabled
2019/10/17-14:55:13.040359 7fc3a9fcb700       Options.prefix_extractor: nullptr
2019/10/17-14:55:13.040360 7fc3a9fcb700   Options.memtable_insert_with_hint_prefix_extractor: nullptr
2019/10/17-14:55:13.040361 7fc3a9fcb700             Options.num_levels: 7
2019/10/17-14:55:13.040362 7fc3a9fcb700        Options.min_write_buffer_number_to_merge: 1
2019/10/17-14:55:13.040363 7fc3a9fcb700     Options.max_write_buffer_number_to_maintain: 0
2019/10/17-14:55:13.040364 7fc3a9fcb700            Options.bottommost_compression_opts.window_bits: -14
2019/10/17-14:55:13.040365 7fc3a9fcb700                  Options.bottommost_compression_opts.level: 32767
2019/10/17-14:55:13.040366 7fc3a9fcb700               Options.bottommost_compression_opts.strategy: 0
2019/10/17-14:55:13.040367 7fc3a9fcb700         Options.bottommost_compression_opts.max_dict_bytes: 0
2019/10/17-14:55:13.040368 7fc3a9fcb700         Options.bottommost_compression_opts.zstd_max_train_bytes: 0
2019/10/17-14:55:13.040369 7fc3a9fcb700                  Options.bottommost_compression_opts.enabled: false
2019/10/17-14:55:13.040370 7fc3a9fcb700            Options.compression_opts.window_bits: -14
2019/10/17-14:55:13.040371 7fc3a9fcb700                  Options.compression_opts.level: 32767
2019/10/17-14:55:13.040372 7fc3a9fcb700               Options.compression_opts.strategy: 0
2019/10/17-14:55:13.040373 7fc3a9fcb700         Options.compression_opts.max_dict_bytes: 0
2019/10/17-14:55:13.040374 7fc3a9fcb700         Options.compression_opts.zstd_max_train_bytes: 0
2019/10/17-14:55:13.040375 7fc3a9fcb700                  Options.compression_opts.enabled: false
2019/10/17-14:55:13.040376 7fc3a9fcb700      Options.level0_file_num_compaction_trigger: 4
2019/10/17-14:55:13.040377 7fc3a9fcb700          Options.level0_slowdown_writes_trigger: 20
2019/10/17-14:55:13.040378 7fc3a9fcb700              Options.level0_stop_writes_trigger: 36
2019/10/17-14:55:13.040379 7fc3a9fcb700                   Options.target_file_size_base: 67108864
2019/10/17-14:55:13.040380 7fc3a9fcb700             Options.target_file_size_multiplier: 1
2019/10/17-14:55:13.040381 7fc3a9fcb700                Options.max_bytes_for_level_base: 268435456
2019/10/17-14:55:13.040382 7fc3a9fcb700 Options.level_compaction_dynamic_level_bytes: 0
2019/10/17-14:55:13.040383 7fc3a9fcb700          Options.max_bytes_for_level_multiplier: 10.000000
2019/10/17-14:55:13.040385 7fc3a9fcb700 Options.max_bytes_for_level_multiplier_addtl[0]: 1
2019/10/17-14:55:13.040386 7fc3a9fcb700 Options.max_bytes_for_level_multiplier_addtl[1]: 1
2019/10/17-14:55:13.040387 7fc3a9fcb700 Options.max_bytes_for_level_multiplier_addtl[2]: 1
2019/10/17-14:55:13.040388 7fc3a9fcb700 Options.max_bytes_for_level_multiplier_addtl[3]: 1
2019/10/17-14:55:13.040389 7fc3a9fcb700 Options.max_bytes_for_level_multiplier_addtl[4]: 1
2019/10/17-14:55:13.040390 7fc3a9fcb700 Options.max_bytes_for_level_multiplier_addtl[5]: 1
2019/10/17-14:55:13.040391 7fc3a9fcb700 Options.max_bytes_for_level_multiplier_addtl[6]: 1
2019/10/17-14:55:13.040392 7fc3a9fcb700       Options.max_sequential_skip_in_iterations: 8
2019/10/17-14:55:13.040398 7fc3a9fcb700                    Options.max_compaction_bytes: 1677721600
2019/10/17-14:55:13.040399 7fc3a9fcb700                        Options.arena_block_size: 8388608
2019/10/17-14:55:13.040400 7fc3a9fcb700   Options.soft_pending_compaction_bytes_limit: 68719476736
2019/10/17-14:55:13.040401 7fc3a9fcb700   Options.hard_pending_compaction_bytes_limit: 274877906944
2019/10/17-14:55:13.040403 7fc3a9fcb700       Options.rate_limit_delay_max_milliseconds: 100
2019/10/17-14:55:13.040404 7fc3a9fcb700                Options.disable_auto_compactions: 0
2019/10/17-14:55:13.040405 7fc3a9fcb700                        Options.compaction_style: kCompactionStyleLevel
2019/10/17-14:55:13.040406 7fc3a9fcb700                          Options.compaction_pri: kByCompensatedSize
2019/10/17-14:55:13.040407 7fc3a9fcb700 Options.compaction_options_universal.size_ratio: 1
2019/10/17-14:55:13.040408 7fc3a9fcb700 Options.compaction_options_universal.min_merge_width: 2
2019/10/17-14:55:13.040409 7fc3a9fcb700 Options.compaction_options_universal.max_merge_width: 4294967295
2019/10/17-14:55:13.040410 7fc3a9fcb700 Options.compaction_options_universal.max_size_amplification_percent: 200
2019/10/17-14:55:13.040411 7fc3a9fcb700 Options.compaction_options_universal.compression_size_percent: -1
2019/10/17-14:55:13.040412 7fc3a9fcb700 Options.compaction_options_universal.stop_style: kCompactionStopStyleTotalSize
2019/10/17-14:55:13.040413 7fc3a9fcb700 Options.compaction_options_fifo.max_table_files_size: 1073741824
2019/10/17-14:55:13.040414 7fc3a9fcb700 Options.compaction_options_fifo.allow_compaction: 0
2019/10/17-14:55:13.040415 7fc3a9fcb700 Options.compaction_options_fifo.ttl: 0
2019/10/17-14:55:13.040416 7fc3a9fcb700                   Options.table_properties_collectors: 
2019/10/17-14:55:13.040417 7fc3a9fcb700                   Options.inplace_update_support: 0
2019/10/17-14:55:13.040418 7fc3a9fcb700                 Options.inplace_update_num_locks: 10000
2019/10/17-14:55:13.040419 7fc3a9fcb700               Options.memtable_prefix_bloom_size_ratio: 0.000000
2019/10/17-14:55:13.040421 7fc3a9fcb700   Options.memtable_huge_page_size: 0
2019/10/17-14:55:13.040422 7fc3a9fcb700                           Options.bloom_locality: 0
2019/10/17-14:55:13.040423 7fc3a9fcb700                    Options.max_successive_merges: 0
2019/10/17-14:55:13.040424 7fc3a9fcb700                Options.optimize_filters_for_hits: 0
2019/10/17-14:55:13.040425 7fc3a9fcb700                Options.paranoid_file_checks: 0
2019/10/17-14:55:13.040426 7fc3a9fcb700                Options.force_consistency_checks: 0
2019/10/17-14:55:13.040427 7fc3a9fcb700                Options.report_bg_io_stats: 0
2019/10/17-14:55:13.040428 7fc3a9fcb700                               Options.ttl: 0
2019/10/17-14:55:13.040449 7fc3a9fcb700 [db/column_family.cc:472] --------------- Options for column family [entries]:
2019/10/17-14:55:13.040451 7fc3a9fcb700               Options.comparator: leveldb.BytewiseComparator
2019/10/17-14:55:13.040452 7fc3a9fcb700           Options.merge_operator: None
2019/10/17-14:55:13.040453 7fc3a9fcb700        Options.compaction_filter: None
2019/10/17-14:55:13.040454 7fc3a9fcb700        Options.compaction_filter_factory: None
2019/10/17-14:55:13.040455 7fc3a9fcb700         Options.memtable_factory: SkipListFactory
2019/10/17-14:55:13.040456 7fc3a9fcb700            Options.table_factory: BlockBasedTable
2019/10/17-14:55:13.040469 7fc3a9fcb700            table_factory options:   flush_block_policy_factory: FlushBlockBySizePolicyFactory (0x7fc350106b90)
  cache_index_and_filter_blocks: 0
  cache_index_and_filter_blocks_with_high_priority: 0
  pin_l0_filter_and_index_blocks_in_cache: 0
  pin_top_level_index_and_filter: 1
  index_type: 0
  hash_index_allow_collision: 1
  checksum: 1
  no_block_cache: 0
  block_cache: 0x7fc35003cb10
  block_cache_name: LRUCache
  block_cache_options:
    capacity : 8388608
    num_shard_bits : 4
    strict_capacity_limit : 0
    memory_allocator : None
    high_pri_pool_ratio: 0.000
  block_cache_compressed: (nil)
  persistent_cache: (nil)
  block_size: 4096
  block_size_deviation: 10
  block_restart_interval: 16
  index_block_restart_interval: 1
  metadata_block_size: 4096
  partition_filters: 0
  use_delta_encoding: 1
  filter_policy: nullptr
  whole_key_filtering: 1
  verify_compression: 0
  read_amp_bytes_per_bit: 0
  format_version: 2
  enable_index_compression: 1
  block_align: 0
2019/10/17-14:55:13.040477 7fc3a9fcb700        Options.write_buffer_size: 67108864
2019/10/17-14:55:13.040478 7fc3a9fcb700  Options.max_write_buffer_number: 2
2019/10/17-14:55:13.040479 7fc3a9fcb700          Options.compression: NoCompression
2019/10/17-14:55:13.040480 7fc3a9fcb700                  Options.bottommost_compression: Disabled
2019/10/17-14:55:13.040481 7fc3a9fcb700       Options.prefix_extractor: nullptr
2019/10/17-14:55:13.040482 7fc3a9fcb700   Options.memtable_insert_with_hint_prefix_extractor: nullptr
2019/10/17-14:55:13.040483 7fc3a9fcb700             Options.num_levels: 7
2019/10/17-14:55:13.040484 7fc3a9fcb700        Options.min_write_buffer_number_to_merge: 1
2019/10/17-14:55:13.040485 7fc3a9fcb700     Options.max_write_buffer_number_to_maintain: 0
2019/10/17-14:55:13.040486 7fc3a9fcb700            Options.bottommost_compression_opts.window_bits: -14
2019/10/17-14:55:13.040487 7fc3a9fcb700                  Options.bottommost_compression_opts.level: 32767
2019/10/17-14:55:13.040488 7fc3a9fcb700               Options.bottommost_compression_opts.strategy: 0
2019/10/17-14:55:13.040489 7fc3a9fcb700         Options.bottommost_compression_opts.max_dict_bytes: 0
2019/10/17-14:55:13.040490 7fc3a9fcb700         Options.bottommost_compression_opts.zstd_max_train_bytes: 0
2019/10/17-14:55:13.040491 7fc3a9fcb700                  Options.bottommost_compression_opts.enabled: false
2019/10/17-14:55:13.040492 7fc3a9fcb700            Options.compression_opts.window_bits: -14
2019/10/17-14:55:13.040493 7fc3a9fcb700                  Options.compression_opts.level: 32767
2019/10/17-14:55:13.040494 7fc3a9fcb700               Options.compression_opts.strategy: 0
2019/10/17-14:55:13.040495 7fc3a9fcb700         Options.compression_opts.max_dict_bytes: 0
2019/10/17-14:55:13.040496 7fc3a9fcb700         Options.compression_opts.zstd_max_train_bytes: 0
2019/10/17-14:55:13.040497 7fc3a9fcb700                  Options.compression_opts.enabled: false
2019/10/17-14:55:13.040498 7fc3a9fcb700      Options.level0_file_num_compaction_trigger: 4
2019/10/17-14:55:13.040499 7fc3a9fcb700          Options.level0_slowdown_writes_trigger: 20
2019/10/17-14:55:13.040500 7fc3a9fcb700              Options.level0_stop_writes_trigger: 36
2019/10/17-14:55:13.040501 7fc3a9fcb700                   Options.target_file_size_base: 67108864
2019/10/17-14:55:13.040502 7fc3a9fcb700             Options.target_file_size_multiplier: 1
2019/10/17-14:55:13.040503 7fc3a9fcb700                Options.max_bytes_for_level_base: 268435456
2019/10/17-14:55:13.040504 7fc3a9fcb700 Options.level_compaction_dynamic_level_bytes: 0
2019/10/17-14:55:13.040505 7fc3a9fcb700          Options.max_bytes_for_level_multiplier: 10.000000
2019/10/17-14:55:13.040507 7fc3a9fcb700 Options.max_bytes_for_level_multiplier_addtl[0]: 1
2019/10/17-14:55:13.040508 7fc3a9fcb700 Options.max_bytes_for_level_multiplier_addtl[1]: 1
2019/10/17-14:55:13.040509 7fc3a9fcb700 Options.max_bytes_for_level_multiplier_addtl[2]: 1
2019/10/17-14:55:13.040510 7fc3a9fcb700 Options.max_bytes_for_level_multiplier_addtl[3]: 1
2019/10/17-14:55:13.040511 7fc3a9fcb700 Options.max_bytes_for_level_multiplier_addtl[4]: 1
2019/10/17-14:55:13.040512 7fc3a9fcb700 Options.max_bytes_for_level_multiplier_addtl[5]: 1
2019/10/17-14:55:13.040513 7fc3a9fcb700 Options.max_bytes_for_level_multiplier_addtl[6]: 1
2019/10/17-14:55:13.040514 7fc3a9fcb700       Options.max_sequential_skip_in_iterations: 8
2019/10/17-14:55:13.040515 7fc3a9fcb700                    Options.max_compaction_bytes: 1677721600
2019/10/17-14:55:13.040516 7fc3a9fcb700                        Options.arena_block_size: 8388608
2019/10/17-14:55:13.040517 7fc3a9fcb700   Options.soft_pending_compaction_bytes_limit: 68719476736
2019/10/17-14:55:13.040523 7fc3a9fcb700   Options.hard_pending_compaction_bytes_limit: 274877906944
2019/10/17-14:55:13.040524 7fc3a9fcb700       Options.rate_limit_delay_max_milliseconds: 100
2019/10/17-14:55:13.040525 7fc3a9fcb700                Options.disable_auto_compactions: 0
2019/10/17-14:55:13.040526 7fc3a9fcb700                        Options.compaction_style: kCompactionStyleLevel
2019/10/17-14:55:13.040527 7fc3a9fcb700                          Options.compaction_pri: kByCompensatedSize
2019/10/17-14:55:13.040528 7fc3a9fcb700 Options.compaction_options_universal.size_ratio: 1
2019/10/17-14:55:13.040529 7fc3a9fcb700 Options.compaction_options_universal.min_merge_width: 2
2019/10/17-14:55:13.040530 7fc3a9fcb700 Options.compaction_options_universal.max_merge_width: 4294967295
2019/10/17-14:55:13.040531 7fc3a9fcb700 Options.compaction_options_universal.max_size_amplification_percent: 200
2019/10/17-14:55:13.040532 7fc3a9fcb700 Options.compaction_options_universal.compression_size_percent: -1
2019/10/17-14:55:13.040534 7fc3a9fcb700 Options.compaction_options_universal.stop_style: kCompactionStopStyleTotalSize
2019/10/17-14:55:13.040535 7fc3a9fcb700 Options.compaction_options_fifo.max_table_files_size: 1073741824
2019/10/17-14:55:13.040536 7fc3a9fcb700 Options.compaction_options_fifo.allow_compaction: 0
2019/10/17-14:55:13.040537 7fc3a9fcb700 Options.compaction_options_fifo.ttl: 0
2019/10/17-14:55:13.040538 7fc3a9fcb700                   Options.table_properties_collectors: 
2019/10/17-14:55:13.040539 7fc3a9fcb700                   Options.inplace_update_support: 0
2019/10/17-14:55:13.040540 7fc3a9fcb700                 Options.inplace_update_num_locks: 10000
2019/10/17-14:55:13.040541 7fc3a9fcb700               Options.memtable_prefix_bloom_size_ratio: 0.000000
2019/10/17-14:55:13.040542 7fc3a9fcb700   Options.memtable_huge_page_size: 0
2019/10/17-14:55:13.040543 7fc3a9fcb700                           Options.bloom_locality: 0
2019/10/17-14:55:13.040544 7fc3a9fcb700                    Options.max_successive_merges: 0
2019/10/17-14:55:13.040545 7fc3a9fcb700                Options.optimize_filters_for_hits: 0
2019/10/17-14:55:13.040546 7fc3a9fcb700                Options.paranoid_file_checks: 0
2019/10/17-14:55:13.040547 7fc3a9fcb700                Options.force_consistency_checks: 0
2019/10/17-14:55:13.040548 7fc3a9fcb700                Options.report_bg_io_stats: 0
2019/10/17-14:55:13.040549 7fc3a9fcb700                               Options.ttl: 0
2019/10/17-14:55:13.040567 7fc3a9fcb700 [db/column_family.cc:472] --------------- Options for column family [dc_entries]:
2019/10/17-14:55:13.040569 7fc3a9fcb700               Options.comparator: leveldb.BytewiseComparator
2019/10/17-14:55:13.040570 7fc3a9fcb700           Options.merge_operator: None
2019/10/17-14:55:13.040571 7fc3a9fcb700        Options.compaction_filter: None
2019/10/17-14:55:13.040572 7fc3a9fcb700        Options.compaction_filter_factory: None
2019/10/17-14:55:13.040573 7fc3a9fcb700         Options.memtable_factory: SkipListFactory
2019/10/17-14:55:13.040574 7fc3a9fcb700            Options.table_factory: BlockBasedTable
2019/10/17-14:55:13.040586 7fc3a9fcb700            table_factory options:   flush_block_policy_factory: FlushBlockBySizePolicyFactory (0x7fc35008f870)
  cache_index_and_filter_blocks: 0
  cache_index_and_filter_blocks_with_high_priority: 0
  pin_l0_filter_and_index_blocks_in_cache: 0
  pin_top_level_index_and_filter: 1
  index_type: 0
  hash_index_allow_collision: 1
  checksum: 1
  no_block_cache: 0
  block_cache: 0x7fc35007d260
  block_cache_name: LRUCache
  block_cache_options:
    capacity : 8388608
    num_shard_bits : 4
    strict_capacity_limit : 0
    memory_allocator : None
    high_pri_pool_ratio: 0.000
  block_cache_compressed: (nil)
  persistent_cache: (nil)
  block_size: 4096
  block_size_deviation: 10
  block_restart_interval: 16
  index_block_restart_interval: 1
  metadata_block_size: 4096
  partition_filters: 0
  use_delta_encoding: 1
  filter_policy: nullptr
  whole_key_filtering: 1
  verify_compression: 0
  read_amp_bytes_per_bit: 0
  format_version: 2
  enable_index_compression: 1
  block_align: 0
2019/10/17-14:55:13.040593 7fc3a9fcb700        Options.write_buffer_size: 67108864
2019/10/17-14:55:13.040595 7fc3a9fcb700  Options.max_write_buffer_number: 2
2019/10/17-14:55:13.040596 7fc3a9fcb700          Options.compression: NoCompression
2019/10/17-14:55:13.040597 7fc3a9fcb700                  Options.bottommost_compression: Disabled
2019/10/17-14:55:13.040598 7fc3a9fcb700       Options.prefix_extractor: nullptr
2019/10/17-14:55:13.040599 7fc3a9fcb700   Options.memtable_insert_with_hint_prefix_extractor: nullptr
2019/10/17-14:55:13.040600 7fc3a9fcb700             Options.num_levels: 7
2019/10/17-14:55:13.040601 7fc3a9fcb700        Options.min_write_buffer_number_to_merge: 1
2019/10/17-14:55:13.040602 7fc3a9fcb700     Options.max_write_buffer_number_to_maintain: 0
2019/10/17-14:55:13.040603 7fc3a9fcb700            Options.bottommost_compression_opts.window_bits: -14
2019/10/17-14:55:13.040604 7fc3a9fcb700                  Options.bottommost_compression_opts.level: 32767
2019/10/17-14:55:13.040605 7fc3a9fcb700               Options.bottommost_compression_opts.strategy: 0
2019/10/17-14:55:13.040605 7fc3a9fcb700         Options.bottommost_compression_opts.max_dict_bytes: 0
2019/10/17-14:55:13.040606 7fc3a9fcb700         Options.bottommost_compression_opts.zstd_max_train_bytes: 0
2019/10/17-14:55:13.040607 7fc3a9fcb700                  Options.bottommost_compression_opts.enabled: false
2019/10/17-14:55:13.040608 7fc3a9fcb700            Options.compression_opts.window_bits: -14
2019/10/17-14:55:13.040609 7fc3a9fcb700                  Options.compression_opts.level: 32767
2019/10/17-14:55:13.040610 7fc3a9fcb700               Options.compression_opts.strategy: 0
2019/10/17-14:55:13.040611 7fc3a9fcb700         Options.compression_opts.max_dict_bytes: 0
2019/10/17-14:55:13.040612 7fc3a9fcb700         Options.compression_opts.zstd_max_train_bytes: 0
2019/10/17-14:55:13.040613 7fc3a9fcb700                  Options.compression_opts.enabled: false
2019/10/17-14:55:13.040614 7fc3a9fcb700      Options.level0_file_num_compaction_trigger: 4
2019/10/17-14:55:13.040615 7fc3a9fcb700          Options.level0_slowdown_writes_trigger: 20
2019/10/17-14:55:13.040616 7fc3a9fcb700              Options.level0_stop_writes_trigger: 36
2019/10/17-14:55:13.040617 7fc3a9fcb700                   Options.target_file_size_base: 67108864
2019/10/17-14:55:13.040618 7fc3a9fcb700             Options.target_file_size_multiplier: 1
2019/10/17-14:55:13.040619 7fc3a9fcb700                Options.max_bytes_for_level_base: 268435456
2019/10/17-14:55:13.040620 7fc3a9fcb700 Options.level_compaction_dynamic_level_bytes: 0
2019/10/17-14:55:13.040621 7fc3a9fcb700          Options.max_bytes_for_level_multiplier: 10.000000
2019/10/17-14:55:13.040623 7fc3a9fcb700 Options.max_bytes_for_level_multiplier_addtl[0]: 1
2019/10/17-14:55:13.040624 7fc3a9fcb700 Options.max_bytes_for_level_multiplier_addtl[1]: 1
2019/10/17-14:55:13.040625 7fc3a9fcb700 Options.max_bytes_for_level_multiplier_addtl[2]: 1
2019/10/17-14:55:13.040626 7fc3a9fcb700 Options.max_bytes_for_level_multiplier_addtl[3]: 1
2019/10/17-14:55:13.040627 7fc3a9fcb700 Options.max_bytes_for_level_multiplier_addtl[4]: 1
2019/10/17-14:55:13.040628 7fc3a9fcb700 Options.max_bytes_for_level_multiplier_addtl[5]: 1
2019/10/17-14:55:13.040629 7fc3a9fcb700 Options.max_bytes_for_level_multiplier_addtl[6]: 1
2019/10/17-14:55:13.040630 7fc3a9fcb700       Options.max_sequential_skip_in_iterations: 8
2019/10/17-14:55:13.040631 7fc3a9fcb700                    Options.max_compaction_bytes: 1677721600
2019/10/17-14:55:13.040632 7fc3a9fcb700                        Options.arena_block_size: 8388608
2019/10/17-14:55:13.040633 7fc3a9fcb700   Options.soft_pending_compaction_bytes_limit: 68719476736
2019/10/17-14:55:13.040634 7fc3a9fcb700   Options.hard_pending_compaction_bytes_limit: 274877906944
2019/10/17-14:55:13.040635 7fc3a9fcb700       Options.rate_limit_delay_max_milliseconds: 100
2019/10/17-14:55:13.040636 7fc3a9fcb700                Options.disable_auto_compactions: 0
2019/10/17-14:55:13.040642 7fc3a9fcb700                        Options.compaction_style: kCompactionStyleLevel
2019/10/17-14:55:13.040643 7fc3a9fcb700                          Options.compaction_pri: kByCompensatedSize
2019/10/17-14:55:13.040644 7fc3a9fcb700 Options.compaction_options_universal.size_ratio: 1
2019/10/17-14:55:13.040645 7fc3a9fcb700 Options.compaction_options_universal.min_merge_width: 2
2019/10/17-14:55:13.040646 7fc3a9fcb700 Options.compaction_options_universal.max_merge_width: 4294967295
2019/10/17-14:55:13.040647 7fc3a9fcb700 Options.compaction_options_universal.max_size_amplification_percent: 200
2019/10/17-14:55:13.040648 7fc3a9fcb700 Options.compaction_options_universal.compression_size_percent: -1
2019/10/17-14:55:13.040649 7fc3a9fcb700 Options.compaction_options_universal.stop_style: kCompactionStopStyleTotalSize
2019/10/17-14:55:13.040650 7fc3a9fcb700 Options.compaction_options_fifo.max_table_files_size: 1073741824
2019/10/17-14:55:13.040651 7fc3a9fcb700 Options.compaction_options_fifo.allow_compaction: 0
2019/10/17-14:55:13.040652 7fc3a9fcb700 Options.compaction_options_fifo.ttl: 0
2019/10/17-14:55:13.040653 7fc3a9fcb700                   Options.table_properties_collectors: 
2019/10/17-14:55:13.040654 7fc3a9fcb700                   Options.inplace_update_support: 0
2019/10/17-14:55:13.040655 7fc3a9fcb700                 Options.inplace_update_num_locks: 10000
2019/10/17-14:55:13.040656 7fc3a9fcb700               Options.memtable_prefix_bloom_size_ratio: 0.000000
2019/10/17-14:55:13.040658 7fc3a9fcb700   Options.memtable_huge_page_size: 0
2019/10/17-14:55:13.040659 7fc3a9fcb700                           Options.bloom_locality: 0
2019/10/17-14:55:13.040660 7fc3a9fcb700                    Options.max_successive_merges: 0
2019/10/17-14:55:13.040661 7fc3a9fcb700                Options.optimize_filters_for_hits: 0
2019/10/17-14:55:13.040662 7fc3a9fcb700                Options.paranoid_file_checks: 0
2019/10/17-14:55:13.040663 7fc3a9fcb700                Options.force_consistency_checks: 0
2019/10/17-14:55:13.040664 7fc3a9fcb700                Options.report_bg_io_stats: 0
2019/10/17-14:55:13.040665 7fc3a9fcb700                               Options.ttl: 0
2019/10/17-14:55:13.040680 7fc3a9fcb700 [db/column_family.cc:472] --------------- Options for column family [htlcs]:
2019/10/17-14:55:13.040682 7fc3a9fcb700               Options.comparator: leveldb.BytewiseComparator
2019/10/17-14:55:13.040683 7fc3a9fcb700           Options.merge_operator: None
2019/10/17-14:55:13.040684 7fc3a9fcb700        Options.compaction_filter: None
2019/10/17-14:55:13.040685 7fc3a9fcb700        Options.compaction_filter_factory: None
2019/10/17-14:55:13.040686 7fc3a9fcb700         Options.memtable_factory: SkipListFactory
2019/10/17-14:55:13.040687 7fc3a9fcb700            Options.table_factory: BlockBasedTable
2019/10/17-14:55:13.040699 7fc3a9fcb700            table_factory options:   flush_block_policy_factory: FlushBlockBySizePolicyFactory (0x7fc35002aeb0)
