2019/10/17-14:56:13.855059 7fbc2cd30700 RocksDB version: 5.18.3
2019/10/17-14:56:13.855094 7fbc2cd30700 Git sha rocksdb_build_git_sha:@0@
2019/10/17-14:56:13.855095 7fbc2cd30700 Compile date Sep 19 2019
2019/10/17-14:56:13.855097 7fbc2cd30700 DB SUMMARY
2019/10/17-14:56:13.855748 7fbc2cd30700 CURRENT file:  CURRENT
2019/10/17-14:56:13.855749 7fbc2cd30700 IDENTITY file:  IDENTITY
2019/10/17-14:56:13.855777 7fbc2cd30700 MANIFEST file:  MANIFEST-116947 size: 4114 Bytes
2019/10/17-14:56:13.855778 7fbc2cd30700 SST files in /home/rahul/dev/blockchain-core/eqc/ledger.db dir, Total Num: 29, files: 000624.sst 000627.sst 106940.sst 108447.sst 108450.sst 109471.sst 109483.sst 109485.sst 109486.sst 
2019/10/17-14:56:13.855779 7fbc2cd30700 Write Ahead Log file in /home/rahul/dev/blockchain-core/eqc/ledger.db: 116948.log size: 0 ; 
2019/10/17-14:56:13.855811 7fbc2cd30700                         Options.error_if_exists: 0
2019/10/17-14:56:13.855812 7fbc2cd30700                       Options.create_if_missing: 1
2019/10/17-14:56:13.855813 7fbc2cd30700                         Options.paranoid_checks: 1
2019/10/17-14:56:13.855813 7fbc2cd30700                                     Options.env: 0x7fbbafa7bc60
2019/10/17-14:56:13.855814 7fbc2cd30700                                Options.info_log: 0x7fbbb829c680
2019/10/17-14:56:13.855815 7fbc2cd30700                Options.max_file_opening_threads: 16
2019/10/17-14:56:13.855816 7fbc2cd30700                              Options.statistics: (nil)
2019/10/17-14:56:13.855816 7fbc2cd30700                               Options.use_fsync: 0
2019/10/17-14:56:13.855817 7fbc2cd30700                       Options.max_log_file_size: 0
2019/10/17-14:56:13.855818 7fbc2cd30700                  Options.max_manifest_file_size: 1073741824
2019/10/17-14:56:13.855819 7fbc2cd30700                   Options.log_file_time_to_roll: 0
2019/10/17-14:56:13.855819 7fbc2cd30700                       Options.keep_log_file_num: 1000
2019/10/17-14:56:13.855820 7fbc2cd30700                    Options.recycle_log_file_num: 0
2019/10/17-14:56:13.855821 7fbc2cd30700                         Options.allow_fallocate: 1
2019/10/17-14:56:13.855822 7fbc2cd30700                        Options.allow_mmap_reads: 0
2019/10/17-14:56:13.855822 7fbc2cd30700                       Options.allow_mmap_writes: 0
2019/10/17-14:56:13.855823 7fbc2cd30700                        Options.use_direct_reads: 0
2019/10/17-14:56:13.855824 7fbc2cd30700                        Options.use_direct_io_for_flush_and_compaction: 0
2019/10/17-14:56:13.855824 7fbc2cd30700          Options.create_missing_column_families: 0
2019/10/17-14:56:13.855825 7fbc2cd30700                              Options.db_log_dir: 
2019/10/17-14:56:13.855826 7fbc2cd30700                                 Options.wal_dir: /home/rahul/dev/blockchain-core/eqc/ledger.db
2019/10/17-14:56:13.855826 7fbc2cd30700                Options.table_cache_numshardbits: 6
2019/10/17-14:56:13.855827 7fbc2cd30700                      Options.max_subcompactions: 1
2019/10/17-14:56:13.855828 7fbc2cd30700                  Options.max_background_flushes: -1
2019/10/17-14:56:13.855828 7fbc2cd30700                         Options.WAL_ttl_seconds: 0
2019/10/17-14:56:13.855829 7fbc2cd30700                       Options.WAL_size_limit_MB: 0
2019/10/17-14:56:13.855830 7fbc2cd30700             Options.manifest_preallocation_size: 4194304
2019/10/17-14:56:13.855831 7fbc2cd30700                     Options.is_fd_close_on_exec: 1
2019/10/17-14:56:13.855831 7fbc2cd30700                   Options.advise_random_on_open: 1
2019/10/17-14:56:13.855832 7fbc2cd30700                    Options.db_write_buffer_size: 0
2019/10/17-14:56:13.855833 7fbc2cd30700                    Options.write_buffer_manager: 0x7fbbb80e1350
2019/10/17-14:56:13.855833 7fbc2cd30700         Options.access_hint_on_compaction_start: 1
2019/10/17-14:56:13.855834 7fbc2cd30700  Options.new_table_reader_for_compaction_inputs: 0
2019/10/17-14:56:13.855835 7fbc2cd30700           Options.random_access_max_buffer_size: 1048576
2019/10/17-14:56:13.855835 7fbc2cd30700                      Options.use_adaptive_mutex: 0
2019/10/17-14:56:13.855836 7fbc2cd30700                            Options.rate_limiter: (nil)
2019/10/17-14:56:13.855844 7fbc2cd30700     Options.sst_file_manager.rate_bytes_per_sec: 0
2019/10/17-14:56:13.855845 7fbc2cd30700                       Options.wal_recovery_mode: 2
2019/10/17-14:56:13.855846 7fbc2cd30700                  Options.enable_thread_tracking: 0
2019/10/17-14:56:13.855847 7fbc2cd30700                  Options.enable_pipelined_write: 0
2019/10/17-14:56:13.855847 7fbc2cd30700         Options.allow_concurrent_memtable_write: 1
2019/10/17-14:56:13.855848 7fbc2cd30700      Options.enable_write_thread_adaptive_yield: 1
2019/10/17-14:56:13.855849 7fbc2cd30700             Options.write_thread_max_yield_usec: 100
2019/10/17-14:56:13.855849 7fbc2cd30700            Options.write_thread_slow_yield_usec: 3
2019/10/17-14:56:13.855850 7fbc2cd30700                               Options.row_cache: None
2019/10/17-14:56:13.855851 7fbc2cd30700                              Options.wal_filter: None
2019/10/17-14:56:13.855852 7fbc2cd30700             Options.avoid_flush_during_recovery: 0
2019/10/17-14:56:13.855852 7fbc2cd30700             Options.allow_ingest_behind: 0
2019/10/17-14:56:13.855853 7fbc2cd30700             Options.preserve_deletes: 0
2019/10/17-14:56:13.855854 7fbc2cd30700             Options.two_write_queues: 0
2019/10/17-14:56:13.855854 7fbc2cd30700             Options.manual_wal_flush: 0
2019/10/17-14:56:13.855855 7fbc2cd30700             Options.max_background_jobs: 2
2019/10/17-14:56:13.855856 7fbc2cd30700             Options.max_background_compactions: -1
2019/10/17-14:56:13.855856 7fbc2cd30700             Options.avoid_flush_during_shutdown: 0
2019/10/17-14:56:13.855857 7fbc2cd30700           Options.writable_file_max_buffer_size: 1048576
2019/10/17-14:56:13.855858 7fbc2cd30700             Options.delayed_write_rate : 16777216
2019/10/17-14:56:13.855858 7fbc2cd30700             Options.max_total_wal_size: 0
2019/10/17-14:56:13.855859 7fbc2cd30700             Options.delete_obsolete_files_period_micros: 21600000000
2019/10/17-14:56:13.855860 7fbc2cd30700                   Options.stats_dump_period_sec: 600
2019/10/17-14:56:13.855861 7fbc2cd30700                          Options.max_open_files: -1
2019/10/17-14:56:13.855861 7fbc2cd30700                          Options.bytes_per_sync: 0
2019/10/17-14:56:13.855862 7fbc2cd30700                      Options.wal_bytes_per_sync: 0
2019/10/17-14:56:13.855863 7fbc2cd30700       Options.compaction_readahead_size: 0
2019/10/17-14:56:13.855863 7fbc2cd30700 Compression algorithms supported:
2019/10/17-14:56:13.855864 7fbc2cd30700 	kZSTDNotFinalCompression supported: 0
2019/10/17-14:56:13.855865 7fbc2cd30700 	kZSTD supported: 0
2019/10/17-14:56:13.855866 7fbc2cd30700 	kXpressCompression supported: 0
2019/10/17-14:56:13.855867 7fbc2cd30700 	kLZ4HCCompression supported: 0
2019/10/17-14:56:13.855868 7fbc2cd30700 	kLZ4Compression supported: 0
2019/10/17-14:56:13.855868 7fbc2cd30700 	kBZip2Compression supported: 0
2019/10/17-14:56:13.855869 7fbc2cd30700 	kZlibCompression supported: 0
2019/10/17-14:56:13.855870 7fbc2cd30700 	kSnappyCompression supported: 0
2019/10/17-14:56:13.855871 7fbc2cd30700 Fast CRC32 supported: Supported on x86
2019/10/17-14:56:13.855956 7fbc2cd30700 [db/version_set.cc:3507] Recovering from manifest file: MANIFEST-116947
2019/10/17-14:56:13.855985 7fbc2cd30700 [db/column_family.cc:472] --------------- Options for column family [default]:
2019/10/17-14:56:13.855987 7fbc2cd30700               Options.comparator: leveldb.BytewiseComparator
2019/10/17-14:56:13.855987 7fbc2cd30700           Options.merge_operator: None
2019/10/17-14:56:13.855988 7fbc2cd30700        Options.compaction_filter: None
2019/10/17-14:56:13.855989 7fbc2cd30700        Options.compaction_filter_factory: None
2019/10/17-14:56:13.855990 7fbc2cd30700         Options.memtable_factory: SkipListFactory
2019/10/17-14:56:13.855991 7fbc2cd30700            Options.table_factory: BlockBasedTable
2019/10/17-14:56:13.856005 7fbc2cd30700            table_factory options:   flush_block_policy_factory: FlushBlockBySizePolicyFactory (0x7fbbb810e5b0)
  cache_index_and_filter_blocks: 0
  cache_index_and_filter_blocks_with_high_priority: 0
  pin_l0_filter_and_index_blocks_in_cache: 0
  pin_top_level_index_and_filter: 1
  index_type: 0
  hash_index_allow_collision: 1
  checksum: 1
  no_block_cache: 0
  block_cache: 0x7fbbb81022f0
  block_cache_name: LRUCache
  block_cache_options:
    capacity : 8388608
    num_shard_bits : 4
    strict_capacity_limit : 0
    memory_allocator : None
    high_pri_pool_ratio: 0.000
  block_cache_compressed: (nil)
  persistent_cache: (nil)
  block_size: 4096
  block_size_deviation: 10
  block_restart_interval: 16
  index_block_restart_interval: 1
  metadata_block_size: 4096
  partition_filters: 0
  use_delta_encoding: 1
  filter_policy: nullptr
  whole_key_filtering: 1
  verify_compression: 0
  read_amp_bytes_per_bit: 0
  format_version: 2
  enable_index_compression: 1
  block_align: 0
2019/10/17-14:56:13.856013 7fbc2cd30700        Options.write_buffer_size: 67108864
2019/10/17-14:56:13.856014 7fbc2cd30700  Options.max_write_buffer_number: 2
2019/10/17-14:56:13.856015 7fbc2cd30700          Options.compression: NoCompression
2019/10/17-14:56:13.856016 7fbc2cd30700                  Options.bottommost_compression: Disabled
2019/10/17-14:56:13.856017 7fbc2cd30700       Options.prefix_extractor: nullptr
2019/10/17-14:56:13.856017 7fbc2cd30700   Options.memtable_insert_with_hint_prefix_extractor: nullptr
2019/10/17-14:56:13.856018 7fbc2cd30700             Options.num_levels: 7
2019/10/17-14:56:13.856019 7fbc2cd30700        Options.min_write_buffer_number_to_merge: 1
2019/10/17-14:56:13.856019 7fbc2cd30700     Options.max_write_buffer_number_to_maintain: 0
2019/10/17-14:56:13.856020 7fbc2cd30700            Options.bottommost_compression_opts.window_bits: -14
2019/10/17-14:56:13.856021 7fbc2cd30700                  Options.bottommost_compression_opts.level: 32767
2019/10/17-14:56:13.856021 7fbc2cd30700               Options.bottommost_compression_opts.strategy: 0
2019/10/17-14:56:13.856022 7fbc2cd30700         Options.bottommost_compression_opts.max_dict_bytes: 0
2019/10/17-14:56:13.856023 7fbc2cd30700         Options.bottommost_compression_opts.zstd_max_train_bytes: 0
2019/10/17-14:56:13.856024 7fbc2cd30700                  Options.bottommost_compression_opts.enabled: false
2019/10/17-14:56:13.856024 7fbc2cd30700            Options.compression_opts.window_bits: -14
2019/10/17-14:56:13.856025 7fbc2cd30700                  Options.compression_opts.level: 32767
2019/10/17-14:56:13.856026 7fbc2cd30700               Options.compression_opts.strategy: 0
2019/10/17-14:56:13.856026 7fbc2cd30700         Options.compression_opts.max_dict_bytes: 0
2019/10/17-14:56:13.856027 7fbc2cd30700         Options.compression_opts.zstd_max_train_bytes: 0
2019/10/17-14:56:13.856028 7fbc2cd30700                  Options.compression_opts.enabled: false
2019/10/17-14:56:13.856028 7fbc2cd30700      Options.level0_file_num_compaction_trigger: 4
2019/10/17-14:56:13.856029 7fbc2cd30700          Options.level0_slowdown_writes_trigger: 20
2019/10/17-14:56:13.856030 7fbc2cd30700              Options.level0_stop_writes_trigger: 36
2019/10/17-14:56:13.856031 7fbc2cd30700                   Options.target_file_size_base: 67108864
2019/10/17-14:56:13.856031 7fbc2cd30700             Options.target_file_size_multiplier: 1
2019/10/17-14:56:13.856032 7fbc2cd30700                Options.max_bytes_for_level_base: 268435456
2019/10/17-14:56:13.856033 7fbc2cd30700 Options.level_compaction_dynamic_level_bytes: 0
2019/10/17-14:56:13.856033 7fbc2cd30700          Options.max_bytes_for_level_multiplier: 10.000000
2019/10/17-14:56:13.856035 7fbc2cd30700 Options.max_bytes_for_level_multiplier_addtl[0]: 1
2019/10/17-14:56:13.856036 7fbc2cd30700 Options.max_bytes_for_level_multiplier_addtl[1]: 1
2019/10/17-14:56:13.856037 7fbc2cd30700 Options.max_bytes_for_level_multiplier_addtl[2]: 1
2019/10/17-14:56:13.856037 7fbc2cd30700 Options.max_bytes_for_level_multiplier_addtl[3]: 1
2019/10/17-14:56:13.856038 7fbc2cd30700 Options.max_bytes_for_level_multiplier_addtl[4]: 1
2019/10/17-14:56:13.856042 7fbc2cd30700 Options.max_bytes_for_level_multiplier_addtl[5]: 1
2019/10/17-14:56:13.856043 7fbc2cd30700 Options.max_bytes_for_level_multiplier_addtl[6]: 1
2019/10/17-14:56:13.856044 7fbc2cd30700       Options.max_sequential_skip_in_iterations: 8
2019/10/17-14:56:13.856044 7fbc2cd30700                    Options.max_compaction_bytes: 1677721600
2019/10/17-14:56:13.856045 7fbc2cd30700                        Options.arena_block_size: 8388608
2019/10/17-14:56:13.856046 7fbc2cd30700   Options.soft_pending_compaction_bytes_limit: 68719476736
2019/10/17-14:56:13.856046 7fbc2cd30700   Options.hard_pending_compaction_bytes_limit: 274877906944
2019/10/17-14:56:13.856047 7fbc2cd30700       Options.rate_limit_delay_max_milliseconds: 100
2019/10/17-14:56:13.856048 7fbc2cd30700                Options.disable_auto_compactions: 0
2019/10/17-14:56:13.856049 7fbc2cd30700                        Options.compaction_style: kCompactionStyleLevel
2019/10/17-14:56:13.856050 7fbc2cd30700                          Options.compaction_pri: kByCompensatedSize
2019/10/17-14:56:13.856051 7fbc2cd30700 Options.compaction_options_universal.size_ratio: 1
2019/10/17-14:56:13.856052 7fbc2cd30700 Options.compaction_options_universal.min_merge_width: 2
2019/10/17-14:56:13.856052 7fbc2cd30700 Options.compaction_options_universal.max_merge_width: 4294967295
2019/10/17-14:56:13.856053 7fbc2cd30700 Options.compaction_options_universal.max_size_amplification_percent: 200
2019/10/17-14:56:13.856054 7fbc2cd30700 Options.compaction_options_universal.compression_size_percent: -1
2019/10/17-14:56:13.856055 7fbc2cd30700 Options.compaction_options_universal.stop_style: kCompactionStopStyleTotalSize
2019/10/17-14:56:13.856056 7fbc2cd30700 Options.compaction_options_fifo.max_table_files_size: 1073741824
2019/10/17-14:56:13.856056 7fbc2cd30700 Options.compaction_options_fifo.allow_compaction: 0
2019/10/17-14:56:13.856057 7fbc2cd30700 Options.compaction_options_fifo.ttl: 0
2019/10/17-14:56:13.856058 7fbc2cd30700                   Options.table_properties_collectors: 
2019/10/17-14:56:13.856059 7fbc2cd30700                   Options.inplace_update_support: 0
2019/10/17-14:56:13.856059 7fbc2cd30700                 Options.inplace_update_num_locks: 10000
2019/10/17-14:56:13.856060 7fbc2cd30700               Options.memtable_prefix_bloom_size_ratio: 0.000000
2019/10/17-14:56:13.856061 7fbc2cd30700   Options.memtable_huge_page_size: 0
2019/10/17-14:56:13.856062 7fbc2cd30700                           Options.bloom_locality: 0
2019/10/17-14:56:13.856062 7fbc2cd30700                    Options.max_successive_merges: 0
2019/10/17-14:56:13.856063 7fbc2cd30700                Options.optimize_filters_for_hits: 0
2019/10/17-14:56:13.856064 7fbc2cd30700                Options.paranoid_file_checks: 0
2019/10/17-14:56:13.856064 7fbc2cd30700                Options.force_consistency_checks: 0
2019/10/17-14:56:13.856065 7fbc2cd30700                Options.report_bg_io_stats: 0
2019/10/17-14:56:13.856066 7fbc2cd30700                               Options.ttl: 0
2019/10/17-14:56:13.856090 7fbc2cd30700 [db/column_family.cc:472] --------------- Options for column family [active_gateways]:
2019/10/17-14:56:13.856092 7fbc2cd30700               Options.comparator: leveldb.BytewiseComparator
2019/10/17-14:56:13.856092 7fbc2cd30700           Options.merge_operator: None
2019/10/17-14:56:13.856093 7fbc2cd30700        Options.compaction_filter: None
2019/10/17-14:56:13.856094 7fbc2cd30700        Options.compaction_filter_factory: None
2019/10/17-14:56:13.856094 7fbc2cd30700         Options.memtable_factory: SkipListFactory
2019/10/17-14:56:13.856095 7fbc2cd30700            Options.table_factory: BlockBasedTable
2019/10/17-14:56:13.856105 7fbc2cd30700            table_factory options:   flush_block_policy_factory: FlushBlockBySizePolicyFactory (0x7fbbb806c8e0)
  cache_index_and_filter_blocks: 0
  cache_index_and_filter_blocks_with_high_priority: 0
  pin_l0_filter_and_index_blocks_in_cache: 0
  pin_top_level_index_and_filter: 1
  index_type: 0
  hash_index_allow_collision: 1
  checksum: 1
  no_block_cache: 0
  block_cache: 0x7fbbb80e1420
  block_cache_name: LRUCache
  block_cache_options:
    capacity : 8388608
    num_shard_bits : 4
    strict_capacity_limit : 0
    memory_allocator : None
    high_pri_pool_ratio: 0.000
  block_cache_compressed: (nil)
  persistent_cache: (nil)
  block_size: 4096
  block_size_deviation: 10
  block_restart_interval: 16
  index_block_restart_interval: 1
  metadata_block_size: 4096
  partition_filters: 0
  use_delta_encoding: 1
  filter_policy: nullptr
  whole_key_filtering: 1
  verify_compression: 0
  read_amp_bytes_per_bit: 0
  format_version: 2
  enable_index_compression: 1
  block_align: 0
2019/10/17-14:56:13.856111 7fbc2cd30700        Options.write_buffer_size: 67108864
2019/10/17-14:56:13.856112 7fbc2cd30700  Options.max_write_buffer_number: 2
2019/10/17-14:56:13.856112 7fbc2cd30700          Options.compression: NoCompression
2019/10/17-14:56:13.856113 7fbc2cd30700                  Options.bottommost_compression: Disabled
2019/10/17-14:56:13.856114 7fbc2cd30700       Options.prefix_extractor: nullptr
2019/10/17-14:56:13.856114 7fbc2cd30700   Options.memtable_insert_with_hint_prefix_extractor: nullptr
2019/10/17-14:56:13.856115 7fbc2cd30700             Options.num_levels: 7
2019/10/17-14:56:13.856116 7fbc2cd30700        Options.min_write_buffer_number_to_merge: 1
2019/10/17-14:56:13.856117 7fbc2cd30700     Options.max_write_buffer_number_to_maintain: 0
2019/10/17-14:56:13.856117 7fbc2cd30700            Options.bottommost_compression_opts.window_bits: -14
2019/10/17-14:56:13.856118 7fbc2cd30700                  Options.bottommost_compression_opts.level: 32767
2019/10/17-14:56:13.856119 7fbc2cd30700               Options.bottommost_compression_opts.strategy: 0
2019/10/17-14:56:13.856119 7fbc2cd30700         Options.bottommost_compression_opts.max_dict_bytes: 0
2019/10/17-14:56:13.856120 7fbc2cd30700         Options.bottommost_compression_opts.zstd_max_train_bytes: 0
2019/10/17-14:56:13.856120 7fbc2cd30700                  Options.bottommost_compression_opts.enabled: false
2019/10/17-14:56:13.856121 7fbc2cd30700            Options.compression_opts.window_bits: -14
2019/10/17-14:56:13.856122 7fbc2cd30700                  Options.compression_opts.level: 32767
2019/10/17-14:56:13.856123 7fbc2cd30700               Options.compression_opts.strategy: 0
2019/10/17-14:56:13.856123 7fbc2cd30700         Options.compression_opts.max_dict_bytes: 0
2019/10/17-14:56:13.856124 7fbc2cd30700         Options.compression_opts.zstd_max_train_bytes: 0
2019/10/17-14:56:13.856125 7fbc2cd30700                  Options.compression_opts.enabled: false
2019/10/17-14:56:13.856125 7fbc2cd30700      Options.level0_file_num_compaction_trigger: 4
2019/10/17-14:56:13.856126 7fbc2cd30700          Options.level0_slowdown_writes_trigger: 20
2019/10/17-14:56:13.856126 7fbc2cd30700              Options.level0_stop_writes_trigger: 36
2019/10/17-14:56:13.856127 7fbc2cd30700                   Options.target_file_size_base: 67108864
2019/10/17-14:56:13.856128 7fbc2cd30700             Options.target_file_size_multiplier: 1
2019/10/17-14:56:13.856128 7fbc2cd30700                Options.max_bytes_for_level_base: 268435456
2019/10/17-14:56:13.856129 7fbc2cd30700 Options.level_compaction_dynamic_level_bytes: 0
2019/10/17-14:56:13.856130 7fbc2cd30700          Options.max_bytes_for_level_multiplier: 10.000000
2019/10/17-14:56:13.856131 7fbc2cd30700 Options.max_bytes_for_level_multiplier_addtl[0]: 1
2019/10/17-14:56:13.856132 7fbc2cd30700 Options.max_bytes_for_level_multiplier_addtl[1]: 1
2019/10/17-14:56:13.856133 7fbc2cd30700 Options.max_bytes_for_level_multiplier_addtl[2]: 1
2019/10/17-14:56:13.856133 7fbc2cd30700 Options.max_bytes_for_level_multiplier_addtl[3]: 1
2019/10/17-14:56:13.856134 7fbc2cd30700 Options.max_bytes_for_level_multiplier_addtl[4]: 1
2019/10/17-14:56:13.856135 7fbc2cd30700 Options.max_bytes_for_level_multiplier_addtl[5]: 1
2019/10/17-14:56:13.856135 7fbc2cd30700 Options.max_bytes_for_level_multiplier_addtl[6]: 1
2019/10/17-14:56:13.856136 7fbc2cd30700       Options.max_sequential_skip_in_iterations: 8
2019/10/17-14:56:13.856140 7fbc2cd30700                    Options.max_compaction_bytes: 1677721600
2019/10/17-14:56:13.856141 7fbc2cd30700                        Options.arena_block_size: 8388608
2019/10/17-14:56:13.856141 7fbc2cd30700   Options.soft_pending_compaction_bytes_limit: 68719476736
2019/10/17-14:56:13.856142 7fbc2cd30700   Options.hard_pending_compaction_bytes_limit: 274877906944
2019/10/17-14:56:13.856143 7fbc2cd30700       Options.rate_limit_delay_max_milliseconds: 100
2019/10/17-14:56:13.856143 7fbc2cd30700                Options.disable_auto_compactions: 0
2019/10/17-14:56:13.856144 7fbc2cd30700                        Options.compaction_style: kCompactionStyleLevel
2019/10/17-14:56:13.856145 7fbc2cd30700                          Options.compaction_pri: kByCompensatedSize
2019/10/17-14:56:13.856146 7fbc2cd30700 Options.compaction_options_universal.size_ratio: 1
2019/10/17-14:56:13.856146 7fbc2cd30700 Options.compaction_options_universal.min_merge_width: 2
2019/10/17-14:56:13.856147 7fbc2cd30700 Options.compaction_options_universal.max_merge_width: 4294967295
2019/10/17-14:56:13.856148 7fbc2cd30700 Options.compaction_options_universal.max_size_amplification_percent: 200
2019/10/17-14:56:13.856148 7fbc2cd30700 Options.compaction_options_universal.compression_size_percent: -1
2019/10/17-14:56:13.856149 7fbc2cd30700 Options.compaction_options_universal.stop_style: kCompactionStopStyleTotalSize
2019/10/17-14:56:13.856150 7fbc2cd30700 Options.compaction_options_fifo.max_table_files_size: 1073741824
2019/10/17-14:56:13.856151 7fbc2cd30700 Options.compaction_options_fifo.allow_compaction: 0
2019/10/17-14:56:13.856151 7fbc2cd30700 Options.compaction_options_fifo.ttl: 0
2019/10/17-14:56:13.856152 7fbc2cd30700                   Options.table_properties_collectors: 
2019/10/17-14:56:13.856153 7fbc2cd30700                   Options.inplace_update_support: 0
2019/10/17-14:56:13.856153 7fbc2cd30700                 Options.inplace_update_num_locks: 10000
2019/10/17-14:56:13.856154 7fbc2cd30700               Options.memtable_prefix_bloom_size_ratio: 0.000000
2019/10/17-14:56:13.856155 7fbc2cd30700   Options.memtable_huge_page_size: 0
2019/10/17-14:56:13.856156 7fbc2cd30700                           Options.bloom_locality: 0
2019/10/17-14:56:13.856156 7fbc2cd30700                    Options.max_successive_merges: 0
2019/10/17-14:56:13.856157 7fbc2cd30700                Options.optimize_filters_for_hits: 0
2019/10/17-14:56:13.856158 7fbc2cd30700                Options.paranoid_file_checks: 0
2019/10/17-14:56:13.856158 7fbc2cd30700                Options.force_consistency_checks: 0
2019/10/17-14:56:13.856159 7fbc2cd30700                Options.report_bg_io_stats: 0
2019/10/17-14:56:13.856160 7fbc2cd30700                               Options.ttl: 0
2019/10/17-14:56:13.856174 7fbc2cd30700 [db/column_family.cc:472] --------------- Options for column family [entries]:
2019/10/17-14:56:13.856175 7fbc2cd30700               Options.comparator: leveldb.BytewiseComparator
2019/10/17-14:56:13.856176 7fbc2cd30700           Options.merge_operator: None
2019/10/17-14:56:13.856177 7fbc2cd30700        Options.compaction_filter: None
2019/10/17-14:56:13.856177 7fbc2cd30700        Options.compaction_filter_factory: None
2019/10/17-14:56:13.856178 7fbc2cd30700         Options.memtable_factory: SkipListFactory
2019/10/17-14:56:13.856179 7fbc2cd30700            Options.table_factory: BlockBasedTable
2019/10/17-14:56:13.856188 7fbc2cd30700            table_factory options:   flush_block_policy_factory: FlushBlockBySizePolicyFactory (0x7fbbb8036760)
  cache_index_and_filter_blocks: 0
  cache_index_and_filter_blocks_with_high_priority: 0
  pin_l0_filter_and_index_blocks_in_cache: 0
  pin_top_level_index_and_filter: 1
  index_type: 0
  hash_index_allow_collision: 1
  checksum: 1
  no_block_cache: 0
  block_cache: 0x7fbbb803b180
  block_cache_name: LRUCache
  block_cache_options:
    capacity : 8388608
    num_shard_bits : 4
    strict_capacity_limit : 0
    memory_allocator : None
    high_pri_pool_ratio: 0.000
  block_cache_compressed: (nil)
  persistent_cache: (nil)
  block_size: 4096
  block_size_deviation: 10
  block_restart_interval: 16
  index_block_restart_interval: 1
  metadata_block_size: 4096
  partition_filters: 0
  use_delta_encoding: 1
  filter_policy: nullptr
  whole_key_filtering: 1
  verify_compression: 0
  read_amp_bytes_per_bit: 0
  format_version: 2
  enable_index_compression: 1
  block_align: 0
2019/10/17-14:56:13.856193 7fbc2cd30700        Options.write_buffer_size: 67108864
2019/10/17-14:56:13.856194 7fbc2cd30700  Options.max_write_buffer_number: 2
2019/10/17-14:56:13.856195 7fbc2cd30700          Options.compression: NoCompression
2019/10/17-14:56:13.856196 7fbc2cd30700                  Options.bottommost_compression: Disabled
2019/10/17-14:56:13.856196 7fbc2cd30700       Options.prefix_extractor: nullptr
2019/10/17-14:56:13.856197 7fbc2cd30700   Options.memtable_insert_with_hint_prefix_extractor: nullptr
2019/10/17-14:56:13.856198 7fbc2cd30700             Options.num_levels: 7
2019/10/17-14:56:13.856198 7fbc2cd30700        Options.min_write_buffer_number_to_merge: 1
2019/10/17-14:56:13.856199 7fbc2cd30700     Options.max_write_buffer_number_to_maintain: 0
2019/10/17-14:56:13.856200 7fbc2cd30700            Options.bottommost_compression_opts.window_bits: -14
2019/10/17-14:56:13.856200 7fbc2cd30700                  Options.bottommost_compression_opts.level: 32767
2019/10/17-14:56:13.856201 7fbc2cd30700               Options.bottommost_compression_opts.strategy: 0
2019/10/17-14:56:13.856202 7fbc2cd30700         Options.bottommost_compression_opts.max_dict_bytes: 0
2019/10/17-14:56:13.856202 7fbc2cd30700         Options.bottommost_compression_opts.zstd_max_train_bytes: 0
2019/10/17-14:56:13.856203 7fbc2cd30700                  Options.bottommost_compression_opts.enabled: false
2019/10/17-14:56:13.856204 7fbc2cd30700            Options.compression_opts.window_bits: -14
2019/10/17-14:56:13.856204 7fbc2cd30700                  Options.compression_opts.level: 32767
2019/10/17-14:56:13.856205 7fbc2cd30700               Options.compression_opts.strategy: 0
2019/10/17-14:56:13.856206 7fbc2cd30700         Options.compression_opts.max_dict_bytes: 0
2019/10/17-14:56:13.856206 7fbc2cd30700         Options.compression_opts.zstd_max_train_bytes: 0
2019/10/17-14:56:13.856207 7fbc2cd30700                  Options.compression_opts.enabled: false
2019/10/17-14:56:13.856208 7fbc2cd30700      Options.level0_file_num_compaction_trigger: 4
2019/10/17-14:56:13.856208 7fbc2cd30700          Options.level0_slowdown_writes_trigger: 20
2019/10/17-14:56:13.856209 7fbc2cd30700              Options.level0_stop_writes_trigger: 36
2019/10/17-14:56:13.856210 7fbc2cd30700                   Options.target_file_size_base: 67108864
2019/10/17-14:56:13.856210 7fbc2cd30700             Options.target_file_size_multiplier: 1
2019/10/17-14:56:13.856211 7fbc2cd30700                Options.max_bytes_for_level_base: 268435456
2019/10/17-14:56:13.856212 7fbc2cd30700 Options.level_compaction_dynamic_level_bytes: 0
2019/10/17-14:56:13.856212 7fbc2cd30700          Options.max_bytes_for_level_multiplier: 10.000000
2019/10/17-14:56:13.856213 7fbc2cd30700 Options.max_bytes_for_level_multiplier_addtl[0]: 1
2019/10/17-14:56:13.856214 7fbc2cd30700 Options.max_bytes_for_level_multiplier_addtl[1]: 1
2019/10/17-14:56:13.856215 7fbc2cd30700 Options.max_bytes_for_level_multiplier_addtl[2]: 1
2019/10/17-14:56:13.856216 7fbc2cd30700 Options.max_bytes_for_level_multiplier_addtl[3]: 1
2019/10/17-14:56:13.856216 7fbc2cd30700 Options.max_bytes_for_level_multiplier_addtl[4]: 1
2019/10/17-14:56:13.856217 7fbc2cd30700 Options.max_bytes_for_level_multiplier_addtl[5]: 1
2019/10/17-14:56:13.856218 7fbc2cd30700 Options.max_bytes_for_level_multiplier_addtl[6]: 1
2019/10/17-14:56:13.856218 7fbc2cd30700       Options.max_sequential_skip_in_iterations: 8
2019/10/17-14:56:13.856219 7fbc2cd30700                    Options.max_compaction_bytes: 1677721600
2019/10/17-14:56:13.856220 7fbc2cd30700                        Options.arena_block_size: 8388608
2019/10/17-14:56:13.856220 7fbc2cd30700   Options.soft_pending_compaction_bytes_limit: 68719476736
2019/10/17-14:56:13.856224 7fbc2cd30700   Options.hard_pending_compaction_bytes_limit: 274877906944
2019/10/17-14:56:13.856225 7fbc2cd30700       Options.rate_limit_delay_max_milliseconds: 100
2019/10/17-14:56:13.856226 7fbc2cd30700                Options.disable_auto_compactions: 0
2019/10/17-14:56:13.856227 7fbc2cd30700                        Options.compaction_style: kCompactionStyleLevel
2019/10/17-14:56:13.856227 7fbc2cd30700                          Options.compaction_pri: kByCompensatedSize
2019/10/17-14:56:13.856228 7fbc2cd30700 Options.compaction_options_universal.size_ratio: 1
2019/10/17-14:56:13.856229 7fbc2cd30700 Options.compaction_options_universal.min_merge_width: 2
2019/10/17-14:56:13.856229 7fbc2cd30700 Options.compaction_options_universal.max_merge_width: 4294967295
2019/10/17-14:56:13.856230 7fbc2cd30700 Options.compaction_options_universal.max_size_amplification_percent: 200
2019/10/17-14:56:13.856231 7fbc2cd30700 Options.compaction_options_universal.compression_size_percent: -1
2019/10/17-14:56:13.856231 7fbc2cd30700 Options.compaction_options_universal.stop_style: kCompactionStopStyleTotalSize
2019/10/17-14:56:13.856232 7fbc2cd30700 Options.compaction_options_fifo.max_table_files_size: 1073741824
2019/10/17-14:56:13.856233 7fbc2cd30700 Options.compaction_options_fifo.allow_compaction: 0
2019/10/17-14:56:13.856233 7fbc2cd30700 Options.compaction_options_fifo.ttl: 0
2019/10/17-14:56:13.856234 7fbc2cd30700                   Options.table_properties_collectors: 
2019/10/17-14:56:13.856235 7fbc2cd30700                   Options.inplace_update_support: 0
2019/10/17-14:56:13.856235 7fbc2cd30700                 Options.inplace_update_num_locks: 10000
2019/10/17-14:56:13.856236 7fbc2cd30700               Options.memtable_prefix_bloom_size_ratio: 0.000000
2019/10/17-14:56:13.856237 7fbc2cd30700   Options.memtable_huge_page_size: 0
2019/10/17-14:56:13.856238 7fbc2cd30700                           Options.bloom_locality: 0
2019/10/17-14:56:13.856239 7fbc2cd30700                    Options.max_successive_merges: 0
2019/10/17-14:56:13.856239 7fbc2cd30700                Options.optimize_filters_for_hits: 0
2019/10/17-14:56:13.856240 7fbc2cd30700                Options.paranoid_file_checks: 0
2019/10/17-14:56:13.856241 7fbc2cd30700                Options.force_consistency_checks: 0
2019/10/17-14:56:13.856241 7fbc2cd30700                Options.report_bg_io_stats: 0
2019/10/17-14:56:13.856242 7fbc2cd30700                               Options.ttl: 0
2019/10/17-14:56:13.856255 7fbc2cd30700 [db/column_family.cc:472] --------------- Options for column family [dc_entries]:
2019/10/17-14:56:13.856256 7fbc2cd30700               Options.comparator: leveldb.BytewiseComparator
2019/10/17-14:56:13.856256 7fbc2cd30700           Options.merge_operator: None
2019/10/17-14:56:13.856257 7fbc2cd30700        Options.compaction_filter: None
2019/10/17-14:56:13.856258 7fbc2cd30700        Options.compaction_filter_factory: None
2019/10/17-14:56:13.856259 7fbc2cd30700         Options.memtable_factory: SkipListFactory
2019/10/17-14:56:13.856259 7fbc2cd30700            Options.table_factory: BlockBasedTable
2019/10/17-14:56:13.856268 7fbc2cd30700            table_factory options:   flush_block_policy_factory: FlushBlockBySizePolicyFactory (0x7fbbb802fdc0)
  cache_index_and_filter_blocks: 0
  cache_index_and_filter_blocks_with_high_priority: 0
  pin_l0_filter_and_index_blocks_in_cache: 0
  pin_top_level_index_and_filter: 1
  index_type: 0
  hash_index_allow_collision: 1
  checksum: 1
  no_block_cache: 0
  block_cache: 0x7fbbb8095810
  block_cache_name: LRUCache
  block_cache_options:
    capacity : 8388608
    num_shard_bits : 4
    strict_capacity_limit : 0
    memory_allocator : None
    high_pri_pool_ratio: 0.000
  block_cache_compressed: (nil)
  persistent_cache: (nil)
  block_size: 4096
  block_size_deviation: 10
  block_restart_interval: 16
  index_block_restart_interval: 1
  metadata_block_size: 4096
  partition_filters: 0
  use_delta_encoding: 1
  filter_policy: nullptr
  whole_key_filtering: 1
  verify_compression: 0
  read_amp_bytes_per_bit: 0
  format_version: 2
  enable_index_compression: 1
  block_align: 0
2019/10/17-14:56:13.856273 7fbc2cd30700        Options.write_buffer_size: 67108864
2019/10/17-14:56:13.856274 7fbc2cd30700  Options.max_write_buffer_number: 2
2019/10/17-14:56:13.856274 7fbc2cd30700          Options.compression: NoCompression
2019/10/17-14:56:13.856275 7fbc2cd30700                  Options.bottommost_compression: Disabled
2019/10/17-14:56:13.856276 7fbc2cd30700       Options.prefix_extractor: nullptr
2019/10/17-14:56:13.856277 7fbc2cd30700   Options.memtable_insert_with_hint_prefix_extractor: nullptr
2019/10/17-14:56:13.856277 7fbc2cd30700             Options.num_levels: 7
2019/10/17-14:56:13.856278 7fbc2cd30700        Options.min_write_buffer_number_to_merge: 1
2019/10/17-14:56:13.856279 7fbc2cd30700     Options.max_write_buffer_number_to_maintain: 0
2019/10/17-14:56:13.856279 7fbc2cd30700            Options.bottommost_compression_opts.window_bits: -14
2019/10/17-14:56:13.856280 7fbc2cd30700                  Options.bottommost_compression_opts.level: 32767
2019/10/17-14:56:13.856281 7fbc2cd30700               Options.bottommost_compression_opts.strategy: 0
2019/10/17-14:56:13.856281 7fbc2cd30700         Options.bottommost_compression_opts.max_dict_bytes: 0
2019/10/17-14:56:13.856282 7fbc2cd30700         Options.bottommost_compression_opts.zstd_max_train_bytes: 0
2019/10/17-14:56:13.856282 7fbc2cd30700                  Options.bottommost_compression_opts.enabled: false
2019/10/17-14:56:13.856283 7fbc2cd30700            Options.compression_opts.window_bits: -14
2019/10/17-14:56:13.856284 7fbc2cd30700                  Options.compression_opts.level: 32767
2019/10/17-14:56:13.856285 7fbc2cd30700               Options.compression_opts.strategy: 0
2019/10/17-14:56:13.856285 7fbc2cd30700         Options.compression_opts.max_dict_bytes: 0
2019/10/17-14:56:13.856286 7fbc2cd30700         Options.compression_opts.zstd_max_train_bytes: 0
2019/10/17-14:56:13.856287 7fbc2cd30700                  Options.compression_opts.enabled: false
2019/10/17-14:56:13.856287 7fbc2cd30700      Options.level0_file_num_compaction_trigger: 4
2019/10/17-14:56:13.856288 7fbc2cd30700          Options.level0_slowdown_writes_trigger: 20
2019/10/17-14:56:13.856289 7fbc2cd30700              Options.level0_stop_writes_trigger: 36
2019/10/17-14:56:13.856289 7fbc2cd30700                   Options.target_file_size_base: 67108864
2019/10/17-14:56:13.856290 7fbc2cd30700             Options.target_file_size_multiplier: 1
2019/10/17-14:56:13.856291 7fbc2cd30700                Options.max_bytes_for_level_base: 268435456
2019/10/17-14:56:13.856291 7fbc2cd30700 Options.level_compaction_dynamic_level_bytes: 0
2019/10/17-14:56:13.856292 7fbc2cd30700          Options.max_bytes_for_level_multiplier: 10.000000
2019/10/17-14:56:13.856293 7fbc2cd30700 Options.max_bytes_for_level_multiplier_addtl[0]: 1
2019/10/17-14:56:13.856294 7fbc2cd30700 Options.max_bytes_for_level_multiplier_addtl[1]: 1
2019/10/17-14:56:13.856294 7fbc2cd30700 Options.max_bytes_for_level_multiplier_addtl[2]: 1
2019/10/17-14:56:13.856295 7fbc2cd30700 Options.max_bytes_for_level_multiplier_addtl[3]: 1
2019/10/17-14:56:13.856296 7fbc2cd30700 Options.max_bytes_for_level_multiplier_addtl[4]: 1
2019/10/17-14:56:13.856296 7fbc2cd30700 Options.max_bytes_for_level_multiplier_addtl[5]: 1
2019/10/17-14:56:13.856297 7fbc2cd30700 Options.max_bytes_for_level_multiplier_addtl[6]: 1
2019/10/17-14:56:13.856298 7fbc2cd30700       Options.max_sequential_skip_in_iterations: 8
2019/10/17-14:56:13.856299 7fbc2cd30700                    Options.max_compaction_bytes: 1677721600
2019/10/17-14:56:13.856299 7fbc2cd30700                        Options.arena_block_size: 8388608
2019/10/17-14:56:13.856300 7fbc2cd30700   Options.soft_pending_compaction_bytes_limit: 68719476736
2019/10/17-14:56:13.856301 7fbc2cd30700   Options.hard_pending_compaction_bytes_limit: 274877906944
2019/10/17-14:56:13.856301 7fbc2cd30700       Options.rate_limit_delay_max_milliseconds: 100
2019/10/17-14:56:13.856302 7fbc2cd30700                Options.disable_auto_compactions: 0
2019/10/17-14:56:13.856306 7fbc2cd30700                        Options.compaction_style: kCompactionStyleLevel
2019/10/17-14:56:13.856307 7fbc2cd30700                          Options.compaction_pri: kByCompensatedSize
2019/10/17-14:56:13.856308 7fbc2cd30700 Options.compaction_options_universal.size_ratio: 1
2019/10/17-14:56:13.856308 7fbc2cd30700 Options.compaction_options_universal.min_merge_width: 2
2019/10/17-14:56:13.856309 7fbc2cd30700 Options.compaction_options_universal.max_merge_width: 4294967295
2019/10/17-14:56:13.856310 7fbc2cd30700 Options.compaction_options_universal.max_size_amplification_percent: 200
2019/10/17-14:56:13.856310 7fbc2cd30700 Options.compaction_options_universal.compression_size_percent: -1
2019/10/17-14:56:13.856311 7fbc2cd30700 Options.compaction_options_universal.stop_style: kCompactionStopStyleTotalSize
2019/10/17-14:56:13.856312 7fbc2cd30700 Options.compaction_options_fifo.max_table_files_size: 1073741824
2019/10/17-14:56:13.856312 7fbc2cd30700 Options.compaction_options_fifo.allow_compaction: 0
2019/10/17-14:56:13.856313 7fbc2cd30700 Options.compaction_options_fifo.ttl: 0
2019/10/17-14:56:13.856314 7fbc2cd30700                   Options.table_properties_collectors: 
2019/10/17-14:56:13.856314 7fbc2cd30700                   Options.inplace_update_support: 0
2019/10/17-14:56:13.856315 7fbc2cd30700                 Options.inplace_update_num_locks: 10000
2019/10/17-14:56:13.856316 7fbc2cd30700               Options.memtable_prefix_bloom_size_ratio: 0.000000
2019/10/17-14:56:13.856317 7fbc2cd30700   Options.memtable_huge_page_size: 0
2019/10/17-14:56:13.856317 7fbc2cd30700                           Options.bloom_locality: 0
2019/10/17-14:56:13.856318 7fbc2cd30700                    Options.max_successive_merges: 0
2019/10/17-14:56:13.856319 7fbc2cd30700                Options.optimize_filters_for_hits: 0
2019/10/17-14:56:13.856319 7fbc2cd30700                Options.paranoid_file_checks: 0
2019/10/17-14:56:13.856320 7fbc2cd30700                Options.force_consistency_checks: 0
2019/10/17-14:56:13.856321 7fbc2cd30700                Options.report_bg_io_stats: 0
2019/10/17-14:56:13.856321 7fbc2cd30700                               Options.ttl: 0
2019/10/17-14:56:13.856332 7fbc2cd30700 [db/column_family.cc:472] --------------- Options for column family [htlcs]:
2019/10/17-14:56:13.856333 7fbc2cd30700               Options.comparator: leveldb.BytewiseComparator
2019/10/17-14:56:13.856334 7fbc2cd30700           Options.merge_operator: None
2019/10/17-14:56:13.856335 7fbc2cd30700        Options.compaction_filter: None
2019/10/17-14:56:13.856335 7fbc2cd30700        Options.compaction_filter_factory: None
2019/10/17-14:56:13.856336 7fbc2cd30700         Options.memtable_factory: SkipListFactory
2019/10/17-14:56:13.856337 7fbc2cd30700            Options.table_factory: BlockBasedTable
2019/10/17-14:56:13.856345 7fbc2cd30700            table_factory options:   flush_block_policy_factory: FlushBlockBySizePolicyFactory (0x7fbbb8091e50)
