2019/10/17-14:55:13.981067 7fc3a9fcb700 RocksDB version: 5.18.3
2019/10/17-14:55:13.981118 7fc3a9fcb700 Git sha rocksdb_build_git_sha:@0@
2019/10/17-14:55:13.981121 7fc3a9fcb700 Compile date Sep 19 2019
2019/10/17-14:55:13.981123 7fc3a9fcb700 DB SUMMARY
2019/10/17-14:55:13.982314 7fc3a9fcb700 CURRENT file:  CURRENT
2019/10/17-14:55:13.982316 7fc3a9fcb700 IDENTITY file:  IDENTITY
2019/10/17-14:55:13.982355 7fc3a9fcb700 MANIFEST file:  MANIFEST-116560 size: 4114 Bytes
2019/10/17-14:55:13.982357 7fc3a9fcb700 SST files in /home/rahul/dev/blockchain-core/eqc/ledger.db dir, Total Num: 29, files: 000624.sst 000627.sst 106940.sst 108447.sst 108450.sst 109471.sst 109483.sst 109485.sst 109486.sst 
2019/10/17-14:55:13.982359 7fc3a9fcb700 Write Ahead Log file in /home/rahul/dev/blockchain-core/eqc/ledger.db: 116561.log size: 0 ; 
2019/10/17-14:55:13.982403 7fc3a9fcb700                         Options.error_if_exists: 0
2019/10/17-14:55:13.982405 7fc3a9fcb700                       Options.create_if_missing: 1
2019/10/17-14:55:13.982407 7fc3a9fcb700                         Options.paranoid_checks: 1
2019/10/17-14:55:13.982408 7fc3a9fcb700                                     Options.env: 0x7fc32ae1fc60
2019/10/17-14:55:13.982409 7fc3a9fcb700                                Options.info_log: 0x7fc3500292e0
2019/10/17-14:55:13.982410 7fc3a9fcb700                Options.max_file_opening_threads: 16
2019/10/17-14:55:13.982411 7fc3a9fcb700                              Options.statistics: (nil)
2019/10/17-14:55:13.982412 7fc3a9fcb700                               Options.use_fsync: 0
2019/10/17-14:55:13.982413 7fc3a9fcb700                       Options.max_log_file_size: 0
2019/10/17-14:55:13.982414 7fc3a9fcb700                  Options.max_manifest_file_size: 1073741824
2019/10/17-14:55:13.982415 7fc3a9fcb700                   Options.log_file_time_to_roll: 0
2019/10/17-14:55:13.982416 7fc3a9fcb700                       Options.keep_log_file_num: 1000
2019/10/17-14:55:13.982418 7fc3a9fcb700                    Options.recycle_log_file_num: 0
2019/10/17-14:55:13.982419 7fc3a9fcb700                         Options.allow_fallocate: 1
2019/10/17-14:55:13.982420 7fc3a9fcb700                        Options.allow_mmap_reads: 0
2019/10/17-14:55:13.982421 7fc3a9fcb700                       Options.allow_mmap_writes: 0
2019/10/17-14:55:13.982421 7fc3a9fcb700                        Options.use_direct_reads: 0
2019/10/17-14:55:13.982422 7fc3a9fcb700                        Options.use_direct_io_for_flush_and_compaction: 0
2019/10/17-14:55:13.982423 7fc3a9fcb700          Options.create_missing_column_families: 0
2019/10/17-14:55:13.982424 7fc3a9fcb700                              Options.db_log_dir: 
2019/10/17-14:55:13.982425 7fc3a9fcb700                                 Options.wal_dir: /home/rahul/dev/blockchain-core/eqc/ledger.db
2019/10/17-14:55:13.982426 7fc3a9fcb700                Options.table_cache_numshardbits: 6
2019/10/17-14:55:13.982427 7fc3a9fcb700                      Options.max_subcompactions: 1
2019/10/17-14:55:13.982428 7fc3a9fcb700                  Options.max_background_flushes: -1
2019/10/17-14:55:13.982430 7fc3a9fcb700                         Options.WAL_ttl_seconds: 0
2019/10/17-14:55:13.982430 7fc3a9fcb700                       Options.WAL_size_limit_MB: 0
2019/10/17-14:55:13.982431 7fc3a9fcb700             Options.manifest_preallocation_size: 4194304
2019/10/17-14:55:13.982433 7fc3a9fcb700                     Options.is_fd_close_on_exec: 1
2019/10/17-14:55:13.982433 7fc3a9fcb700                   Options.advise_random_on_open: 1
2019/10/17-14:55:13.982434 7fc3a9fcb700                    Options.db_write_buffer_size: 0
2019/10/17-14:55:13.982435 7fc3a9fcb700                    Options.write_buffer_manager: 0x7fc350072ac0
2019/10/17-14:55:13.982436 7fc3a9fcb700         Options.access_hint_on_compaction_start: 1
2019/10/17-14:55:13.982437 7fc3a9fcb700  Options.new_table_reader_for_compaction_inputs: 0
2019/10/17-14:55:13.982438 7fc3a9fcb700           Options.random_access_max_buffer_size: 1048576
2019/10/17-14:55:13.982439 7fc3a9fcb700                      Options.use_adaptive_mutex: 0
2019/10/17-14:55:13.982440 7fc3a9fcb700                            Options.rate_limiter: (nil)
2019/10/17-14:55:13.982451 7fc3a9fcb700     Options.sst_file_manager.rate_bytes_per_sec: 0
2019/10/17-14:55:13.982453 7fc3a9fcb700                       Options.wal_recovery_mode: 2
2019/10/17-14:55:13.982454 7fc3a9fcb700                  Options.enable_thread_tracking: 0
2019/10/17-14:55:13.982454 7fc3a9fcb700                  Options.enable_pipelined_write: 0
2019/10/17-14:55:13.982455 7fc3a9fcb700         Options.allow_concurrent_memtable_write: 1
2019/10/17-14:55:13.982456 7fc3a9fcb700      Options.enable_write_thread_adaptive_yield: 1
2019/10/17-14:55:13.982457 7fc3a9fcb700             Options.write_thread_max_yield_usec: 100
2019/10/17-14:55:13.982458 7fc3a9fcb700            Options.write_thread_slow_yield_usec: 3
2019/10/17-14:55:13.982459 7fc3a9fcb700                               Options.row_cache: None
2019/10/17-14:55:13.982460 7fc3a9fcb700                              Options.wal_filter: None
2019/10/17-14:55:13.982461 7fc3a9fcb700             Options.avoid_flush_during_recovery: 0
2019/10/17-14:55:13.982462 7fc3a9fcb700             Options.allow_ingest_behind: 0
2019/10/17-14:55:13.982463 7fc3a9fcb700             Options.preserve_deletes: 0
2019/10/17-14:55:13.982464 7fc3a9fcb700             Options.two_write_queues: 0
2019/10/17-14:55:13.982465 7fc3a9fcb700             Options.manual_wal_flush: 0
2019/10/17-14:55:13.982466 7fc3a9fcb700             Options.max_background_jobs: 2
2019/10/17-14:55:13.982467 7fc3a9fcb700             Options.max_background_compactions: -1
2019/10/17-14:55:13.982468 7fc3a9fcb700             Options.avoid_flush_during_shutdown: 0
2019/10/17-14:55:13.982469 7fc3a9fcb700           Options.writable_file_max_buffer_size: 1048576
2019/10/17-14:55:13.982470 7fc3a9fcb700             Options.delayed_write_rate : 16777216
2019/10/17-14:55:13.982471 7fc3a9fcb700             Options.max_total_wal_size: 0
2019/10/17-14:55:13.982472 7fc3a9fcb700             Options.delete_obsolete_files_period_micros: 21600000000
2019/10/17-14:55:13.982473 7fc3a9fcb700                   Options.stats_dump_period_sec: 600
2019/10/17-14:55:13.982474 7fc3a9fcb700                          Options.max_open_files: -1
2019/10/17-14:55:13.982475 7fc3a9fcb700                          Options.bytes_per_sync: 0
2019/10/17-14:55:13.982476 7fc3a9fcb700                      Options.wal_bytes_per_sync: 0
2019/10/17-14:55:13.982477 7fc3a9fcb700       Options.compaction_readahead_size: 0
2019/10/17-14:55:13.982478 7fc3a9fcb700 Compression algorithms supported:
2019/10/17-14:55:13.982479 7fc3a9fcb700 	kZSTDNotFinalCompression supported: 0
2019/10/17-14:55:13.982481 7fc3a9fcb700 	kZSTD supported: 0
2019/10/17-14:55:13.982482 7fc3a9fcb700 	kXpressCompression supported: 0
2019/10/17-14:55:13.982483 7fc3a9fcb700 	kLZ4HCCompression supported: 0
2019/10/17-14:55:13.982484 7fc3a9fcb700 	kLZ4Compression supported: 0
2019/10/17-14:55:13.982485 7fc3a9fcb700 	kBZip2Compression supported: 0
2019/10/17-14:55:13.982486 7fc3a9fcb700 	kZlibCompression supported: 0
2019/10/17-14:55:13.982487 7fc3a9fcb700 	kSnappyCompression supported: 0
2019/10/17-14:55:13.982490 7fc3a9fcb700 Fast CRC32 supported: Supported on x86
2019/10/17-14:55:13.982606 7fc3a9fcb700 [db/version_set.cc:3507] Recovering from manifest file: MANIFEST-116560
2019/10/17-14:55:13.982647 7fc3a9fcb700 [db/column_family.cc:472] --------------- Options for column family [default]:
2019/10/17-14:55:13.982649 7fc3a9fcb700               Options.comparator: leveldb.BytewiseComparator
2019/10/17-14:55:13.982651 7fc3a9fcb700           Options.merge_operator: None
2019/10/17-14:55:13.982652 7fc3a9fcb700        Options.compaction_filter: None
2019/10/17-14:55:13.982653 7fc3a9fcb700        Options.compaction_filter_factory: None
2019/10/17-14:55:13.982654 7fc3a9fcb700         Options.memtable_factory: SkipListFactory
2019/10/17-14:55:13.982655 7fc3a9fcb700            Options.table_factory: BlockBasedTable
2019/10/17-14:55:13.982673 7fc3a9fcb700            table_factory options:   flush_block_policy_factory: FlushBlockBySizePolicyFactory (0x7fc3500be370)
  cache_index_and_filter_blocks: 0
  cache_index_and_filter_blocks_with_high_priority: 0
  pin_l0_filter_and_index_blocks_in_cache: 0
  pin_top_level_index_and_filter: 1
  index_type: 0
  hash_index_allow_collision: 1
  checksum: 1
  no_block_cache: 0
  block_cache: 0x7fc35000f210
  block_cache_name: LRUCache
  block_cache_options:
    capacity : 8388608
    num_shard_bits : 4
    strict_capacity_limit : 0
    memory_allocator : None
    high_pri_pool_ratio: 0.000
  block_cache_compressed: (nil)
  persistent_cache: (nil)
  block_size: 4096
  block_size_deviation: 10
  block_restart_interval: 16
  index_block_restart_interval: 1
  metadata_block_size: 4096
  partition_filters: 0
  use_delta_encoding: 1
  filter_policy: nullptr
  whole_key_filtering: 1
  verify_compression: 0
  read_amp_bytes_per_bit: 0
  format_version: 2
  enable_index_compression: 1
  block_align: 0
2019/10/17-14:55:13.982684 7fc3a9fcb700        Options.write_buffer_size: 67108864
2019/10/17-14:55:13.982685 7fc3a9fcb700  Options.max_write_buffer_number: 2
2019/10/17-14:55:13.982687 7fc3a9fcb700          Options.compression: NoCompression
2019/10/17-14:55:13.982688 7fc3a9fcb700                  Options.bottommost_compression: Disabled
2019/10/17-14:55:13.982689 7fc3a9fcb700       Options.prefix_extractor: nullptr
2019/10/17-14:55:13.982690 7fc3a9fcb700   Options.memtable_insert_with_hint_prefix_extractor: nullptr
2019/10/17-14:55:13.982691 7fc3a9fcb700             Options.num_levels: 7
2019/10/17-14:55:13.982692 7fc3a9fcb700        Options.min_write_buffer_number_to_merge: 1
2019/10/17-14:55:13.982693 7fc3a9fcb700     Options.max_write_buffer_number_to_maintain: 0
2019/10/17-14:55:13.982694 7fc3a9fcb700            Options.bottommost_compression_opts.window_bits: -14
2019/10/17-14:55:13.982695 7fc3a9fcb700                  Options.bottommost_compression_opts.level: 32767
2019/10/17-14:55:13.982696 7fc3a9fcb700               Options.bottommost_compression_opts.strategy: 0
2019/10/17-14:55:13.982697 7fc3a9fcb700         Options.bottommost_compression_opts.max_dict_bytes: 0
2019/10/17-14:55:13.982698 7fc3a9fcb700         Options.bottommost_compression_opts.zstd_max_train_bytes: 0
2019/10/17-14:55:13.982699 7fc3a9fcb700                  Options.bottommost_compression_opts.enabled: false
2019/10/17-14:55:13.982700 7fc3a9fcb700            Options.compression_opts.window_bits: -14
2019/10/17-14:55:13.982701 7fc3a9fcb700                  Options.compression_opts.level: 32767
2019/10/17-14:55:13.982702 7fc3a9fcb700               Options.compression_opts.strategy: 0
2019/10/17-14:55:13.982703 7fc3a9fcb700         Options.compression_opts.max_dict_bytes: 0
2019/10/17-14:55:13.982704 7fc3a9fcb700         Options.compression_opts.zstd_max_train_bytes: 0
2019/10/17-14:55:13.982705 7fc3a9fcb700                  Options.compression_opts.enabled: false
2019/10/17-14:55:13.982706 7fc3a9fcb700      Options.level0_file_num_compaction_trigger: 4
2019/10/17-14:55:13.982707 7fc3a9fcb700          Options.level0_slowdown_writes_trigger: 20
2019/10/17-14:55:13.982708 7fc3a9fcb700              Options.level0_stop_writes_trigger: 36
2019/10/17-14:55:13.982709 7fc3a9fcb700                   Options.target_file_size_base: 67108864
2019/10/17-14:55:13.982710 7fc3a9fcb700             Options.target_file_size_multiplier: 1
2019/10/17-14:55:13.982711 7fc3a9fcb700                Options.max_bytes_for_level_base: 268435456
2019/10/17-14:55:13.982712 7fc3a9fcb700 Options.level_compaction_dynamic_level_bytes: 0
2019/10/17-14:55:13.982713 7fc3a9fcb700          Options.max_bytes_for_level_multiplier: 10.000000
2019/10/17-14:55:13.982715 7fc3a9fcb700 Options.max_bytes_for_level_multiplier_addtl[0]: 1
2019/10/17-14:55:13.982716 7fc3a9fcb700 Options.max_bytes_for_level_multiplier_addtl[1]: 1
2019/10/17-14:55:13.982717 7fc3a9fcb700 Options.max_bytes_for_level_multiplier_addtl[2]: 1
2019/10/17-14:55:13.982718 7fc3a9fcb700 Options.max_bytes_for_level_multiplier_addtl[3]: 1
2019/10/17-14:55:13.982719 7fc3a9fcb700 Options.max_bytes_for_level_multiplier_addtl[4]: 1
2019/10/17-14:55:13.982725 7fc3a9fcb700 Options.max_bytes_for_level_multiplier_addtl[5]: 1
2019/10/17-14:55:13.982726 7fc3a9fcb700 Options.max_bytes_for_level_multiplier_addtl[6]: 1
2019/10/17-14:55:13.982727 7fc3a9fcb700       Options.max_sequential_skip_in_iterations: 8
2019/10/17-14:55:13.982728 7fc3a9fcb700                    Options.max_compaction_bytes: 1677721600
2019/10/17-14:55:13.982729 7fc3a9fcb700                        Options.arena_block_size: 8388608
2019/10/17-14:55:13.982730 7fc3a9fcb700   Options.soft_pending_compaction_bytes_limit: 68719476736
2019/10/17-14:55:13.982731 7fc3a9fcb700   Options.hard_pending_compaction_bytes_limit: 274877906944
2019/10/17-14:55:13.982732 7fc3a9fcb700       Options.rate_limit_delay_max_milliseconds: 100
2019/10/17-14:55:13.982733 7fc3a9fcb700                Options.disable_auto_compactions: 0
2019/10/17-14:55:13.982735 7fc3a9fcb700                        Options.compaction_style: kCompactionStyleLevel
2019/10/17-14:55:13.982736 7fc3a9fcb700                          Options.compaction_pri: kByCompensatedSize
2019/10/17-14:55:13.982738 7fc3a9fcb700 Options.compaction_options_universal.size_ratio: 1
2019/10/17-14:55:13.982739 7fc3a9fcb700 Options.compaction_options_universal.min_merge_width: 2
2019/10/17-14:55:13.982739 7fc3a9fcb700 Options.compaction_options_universal.max_merge_width: 4294967295
2019/10/17-14:55:13.982741 7fc3a9fcb700 Options.compaction_options_universal.max_size_amplification_percent: 200
2019/10/17-14:55:13.982742 7fc3a9fcb700 Options.compaction_options_universal.compression_size_percent: -1
2019/10/17-14:55:13.982743 7fc3a9fcb700 Options.compaction_options_universal.stop_style: kCompactionStopStyleTotalSize
2019/10/17-14:55:13.982744 7fc3a9fcb700 Options.compaction_options_fifo.max_table_files_size: 1073741824
2019/10/17-14:55:13.982745 7fc3a9fcb700 Options.compaction_options_fifo.allow_compaction: 0
2019/10/17-14:55:13.982746 7fc3a9fcb700 Options.compaction_options_fifo.ttl: 0
2019/10/17-14:55:13.982747 7fc3a9fcb700                   Options.table_properties_collectors: 
2019/10/17-14:55:13.982748 7fc3a9fcb700                   Options.inplace_update_support: 0
2019/10/17-14:55:13.982749 7fc3a9fcb700                 Options.inplace_update_num_locks: 10000
2019/10/17-14:55:13.982750 7fc3a9fcb700               Options.memtable_prefix_bloom_size_ratio: 0.000000
2019/10/17-14:55:13.982751 7fc3a9fcb700   Options.memtable_huge_page_size: 0
2019/10/17-14:55:13.982752 7fc3a9fcb700                           Options.bloom_locality: 0
2019/10/17-14:55:13.982753 7fc3a9fcb700                    Options.max_successive_merges: 0
2019/10/17-14:55:13.982754 7fc3a9fcb700                Options.optimize_filters_for_hits: 0
2019/10/17-14:55:13.982755 7fc3a9fcb700                Options.paranoid_file_checks: 0
2019/10/17-14:55:13.982756 7fc3a9fcb700                Options.force_consistency_checks: 0
2019/10/17-14:55:13.982757 7fc3a9fcb700                Options.report_bg_io_stats: 0
2019/10/17-14:55:13.982758 7fc3a9fcb700                               Options.ttl: 0
2019/10/17-14:55:13.982792 7fc3a9fcb700 [db/column_family.cc:472] --------------- Options for column family [active_gateways]:
2019/10/17-14:55:13.982794 7fc3a9fcb700               Options.comparator: leveldb.BytewiseComparator
2019/10/17-14:55:13.982795 7fc3a9fcb700           Options.merge_operator: None
2019/10/17-14:55:13.982796 7fc3a9fcb700        Options.compaction_filter: None
2019/10/17-14:55:13.982797 7fc3a9fcb700        Options.compaction_filter_factory: None
2019/10/17-14:55:13.982798 7fc3a9fcb700         Options.memtable_factory: SkipListFactory
2019/10/17-14:55:13.982799 7fc3a9fcb700            Options.table_factory: BlockBasedTable
2019/10/17-14:55:13.982813 7fc3a9fcb700            table_factory options:   flush_block_policy_factory: FlushBlockBySizePolicyFactory (0x7fc35009ffa0)
  cache_index_and_filter_blocks: 0
  cache_index_and_filter_blocks_with_high_priority: 0
  pin_l0_filter_and_index_blocks_in_cache: 0
  pin_top_level_index_and_filter: 1
  index_type: 0
  hash_index_allow_collision: 1
  checksum: 1
  no_block_cache: 0
  block_cache: 0x7fc35004dec0
  block_cache_name: LRUCache
  block_cache_options:
    capacity : 8388608
    num_shard_bits : 4
    strict_capacity_limit : 0
    memory_allocator : None
    high_pri_pool_ratio: 0.000
  block_cache_compressed: (nil)
  persistent_cache: (nil)
  block_size: 4096
  block_size_deviation: 10
  block_restart_interval: 16
  index_block_restart_interval: 1
  metadata_block_size: 4096
  partition_filters: 0
  use_delta_encoding: 1
  filter_policy: nullptr
  whole_key_filtering: 1
  verify_compression: 0
  read_amp_bytes_per_bit: 0
  format_version: 2
  enable_index_compression: 1
  block_align: 0
2019/10/17-14:55:13.982822 7fc3a9fcb700        Options.write_buffer_size: 67108864
2019/10/17-14:55:13.982823 7fc3a9fcb700  Options.max_write_buffer_number: 2
2019/10/17-14:55:13.982824 7fc3a9fcb700          Options.compression: NoCompression
2019/10/17-14:55:13.982825 7fc3a9fcb700                  Options.bottommost_compression: Disabled
2019/10/17-14:55:13.982826 7fc3a9fcb700       Options.prefix_extractor: nullptr
2019/10/17-14:55:13.982827 7fc3a9fcb700   Options.memtable_insert_with_hint_prefix_extractor: nullptr
2019/10/17-14:55:13.982828 7fc3a9fcb700             Options.num_levels: 7
2019/10/17-14:55:13.982829 7fc3a9fcb700        Options.min_write_buffer_number_to_merge: 1
2019/10/17-14:55:13.982830 7fc3a9fcb700     Options.max_write_buffer_number_to_maintain: 0
2019/10/17-14:55:13.982831 7fc3a9fcb700            Options.bottommost_compression_opts.window_bits: -14
2019/10/17-14:55:13.982832 7fc3a9fcb700                  Options.bottommost_compression_opts.level: 32767
2019/10/17-14:55:13.982833 7fc3a9fcb700               Options.bottommost_compression_opts.strategy: 0
2019/10/17-14:55:13.982834 7fc3a9fcb700         Options.bottommost_compression_opts.max_dict_bytes: 0
2019/10/17-14:55:13.982835 7fc3a9fcb700         Options.bottommost_compression_opts.zstd_max_train_bytes: 0
2019/10/17-14:55:13.982836 7fc3a9fcb700                  Options.bottommost_compression_opts.enabled: false
2019/10/17-14:55:13.982837 7fc3a9fcb700            Options.compression_opts.window_bits: -14
2019/10/17-14:55:13.982838 7fc3a9fcb700                  Options.compression_opts.level: 32767
2019/10/17-14:55:13.982839 7fc3a9fcb700               Options.compression_opts.strategy: 0
2019/10/17-14:55:13.982840 7fc3a9fcb700         Options.compression_opts.max_dict_bytes: 0
2019/10/17-14:55:13.982841 7fc3a9fcb700         Options.compression_opts.zstd_max_train_bytes: 0
2019/10/17-14:55:13.982842 7fc3a9fcb700                  Options.compression_opts.enabled: false
2019/10/17-14:55:13.982843 7fc3a9fcb700      Options.level0_file_num_compaction_trigger: 4
2019/10/17-14:55:13.982844 7fc3a9fcb700          Options.level0_slowdown_writes_trigger: 20
2019/10/17-14:55:13.982845 7fc3a9fcb700              Options.level0_stop_writes_trigger: 36
2019/10/17-14:55:13.982846 7fc3a9fcb700                   Options.target_file_size_base: 67108864
2019/10/17-14:55:13.982847 7fc3a9fcb700             Options.target_file_size_multiplier: 1
2019/10/17-14:55:13.982848 7fc3a9fcb700                Options.max_bytes_for_level_base: 268435456
2019/10/17-14:55:13.982849 7fc3a9fcb700 Options.level_compaction_dynamic_level_bytes: 0
2019/10/17-14:55:13.982850 7fc3a9fcb700          Options.max_bytes_for_level_multiplier: 10.000000
2019/10/17-14:55:13.982851 7fc3a9fcb700 Options.max_bytes_for_level_multiplier_addtl[0]: 1
2019/10/17-14:55:13.982853 7fc3a9fcb700 Options.max_bytes_for_level_multiplier_addtl[1]: 1
2019/10/17-14:55:13.982854 7fc3a9fcb700 Options.max_bytes_for_level_multiplier_addtl[2]: 1
2019/10/17-14:55:13.982855 7fc3a9fcb700 Options.max_bytes_for_level_multiplier_addtl[3]: 1
2019/10/17-14:55:13.982856 7fc3a9fcb700 Options.max_bytes_for_level_multiplier_addtl[4]: 1
2019/10/17-14:55:13.982857 7fc3a9fcb700 Options.max_bytes_for_level_multiplier_addtl[5]: 1
2019/10/17-14:55:13.982858 7fc3a9fcb700 Options.max_bytes_for_level_multiplier_addtl[6]: 1
2019/10/17-14:55:13.982859 7fc3a9fcb700       Options.max_sequential_skip_in_iterations: 8
2019/10/17-14:55:13.982864 7fc3a9fcb700                    Options.max_compaction_bytes: 1677721600
2019/10/17-14:55:13.982865 7fc3a9fcb700                        Options.arena_block_size: 8388608
2019/10/17-14:55:13.982866 7fc3a9fcb700   Options.soft_pending_compaction_bytes_limit: 68719476736
2019/10/17-14:55:13.982867 7fc3a9fcb700   Options.hard_pending_compaction_bytes_limit: 274877906944
2019/10/17-14:55:13.982869 7fc3a9fcb700       Options.rate_limit_delay_max_milliseconds: 100
2019/10/17-14:55:13.982869 7fc3a9fcb700                Options.disable_auto_compactions: 0
2019/10/17-14:55:13.982871 7fc3a9fcb700                        Options.compaction_style: kCompactionStyleLevel
2019/10/17-14:55:13.982872 7fc3a9fcb700                          Options.compaction_pri: kByCompensatedSize
2019/10/17-14:55:13.982873 7fc3a9fcb700 Options.compaction_options_universal.size_ratio: 1
2019/10/17-14:55:13.982874 7fc3a9fcb700 Options.compaction_options_universal.min_merge_width: 2
2019/10/17-14:55:13.982875 7fc3a9fcb700 Options.compaction_options_universal.max_merge_width: 4294967295
2019/10/17-14:55:13.982876 7fc3a9fcb700 Options.compaction_options_universal.max_size_amplification_percent: 200
2019/10/17-14:55:13.982877 7fc3a9fcb700 Options.compaction_options_universal.compression_size_percent: -1
2019/10/17-14:55:13.982878 7fc3a9fcb700 Options.compaction_options_universal.stop_style: kCompactionStopStyleTotalSize
2019/10/17-14:55:13.982879 7fc3a9fcb700 Options.compaction_options_fifo.max_table_files_size: 1073741824
2019/10/17-14:55:13.982880 7fc3a9fcb700 Options.compaction_options_fifo.allow_compaction: 0
2019/10/17-14:55:13.982881 7fc3a9fcb700 Options.compaction_options_fifo.ttl: 0
2019/10/17-14:55:13.982882 7fc3a9fcb700                   Options.table_properties_collectors: 
2019/10/17-14:55:13.982883 7fc3a9fcb700                   Options.inplace_update_support: 0
2019/10/17-14:55:13.982884 7fc3a9fcb700                 Options.inplace_update_num_locks: 10000
2019/10/17-14:55:13.982885 7fc3a9fcb700               Options.memtable_prefix_bloom_size_ratio: 0.000000
2019/10/17-14:55:13.982887 7fc3a9fcb700   Options.memtable_huge_page_size: 0
2019/10/17-14:55:13.982888 7fc3a9fcb700                           Options.bloom_locality: 0
2019/10/17-14:55:13.982889 7fc3a9fcb700                    Options.max_successive_merges: 0
2019/10/17-14:55:13.982890 7fc3a9fcb700                Options.optimize_filters_for_hits: 0
2019/10/17-14:55:13.982891 7fc3a9fcb700                Options.paranoid_file_checks: 0
2019/10/17-14:55:13.982892 7fc3a9fcb700                Options.force_consistency_checks: 0
2019/10/17-14:55:13.982892 7fc3a9fcb700                Options.report_bg_io_stats: 0
2019/10/17-14:55:13.982893 7fc3a9fcb700                               Options.ttl: 0
2019/10/17-14:55:13.982914 7fc3a9fcb700 [db/column_family.cc:472] --------------- Options for column family [entries]:
2019/10/17-14:55:13.982916 7fc3a9fcb700               Options.comparator: leveldb.BytewiseComparator
2019/10/17-14:55:13.982917 7fc3a9fcb700           Options.merge_operator: None
2019/10/17-14:55:13.982918 7fc3a9fcb700        Options.compaction_filter: None
2019/10/17-14:55:13.982919 7fc3a9fcb700        Options.compaction_filter_factory: None
2019/10/17-14:55:13.982920 7fc3a9fcb700         Options.memtable_factory: SkipListFactory
2019/10/17-14:55:13.982921 7fc3a9fcb700            Options.table_factory: BlockBasedTable
2019/10/17-14:55:13.982934 7fc3a9fcb700            table_factory options:   flush_block_policy_factory: FlushBlockBySizePolicyFactory (0x7fc350080010)
  cache_index_and_filter_blocks: 0
  cache_index_and_filter_blocks_with_high_priority: 0
  pin_l0_filter_and_index_blocks_in_cache: 0
  pin_top_level_index_and_filter: 1
  index_type: 0
  hash_index_allow_collision: 1
  checksum: 1
  no_block_cache: 0
  block_cache: 0x7fc350112330
  block_cache_name: LRUCache
  block_cache_options:
    capacity : 8388608
    num_shard_bits : 4
    strict_capacity_limit : 0
    memory_allocator : None
    high_pri_pool_ratio: 0.000
  block_cache_compressed: (nil)
  persistent_cache: (nil)
  block_size: 4096
  block_size_deviation: 10
  block_restart_interval: 16
  index_block_restart_interval: 1
  metadata_block_size: 4096
  partition_filters: 0
  use_delta_encoding: 1
  filter_policy: nullptr
  whole_key_filtering: 1
  verify_compression: 0
  read_amp_bytes_per_bit: 0
  format_version: 2
  enable_index_compression: 1
  block_align: 0
2019/10/17-14:55:13.982941 7fc3a9fcb700        Options.write_buffer_size: 67108864
2019/10/17-14:55:13.982942 7fc3a9fcb700  Options.max_write_buffer_number: 2
2019/10/17-14:55:13.982944 7fc3a9fcb700          Options.compression: NoCompression
2019/10/17-14:55:13.982945 7fc3a9fcb700                  Options.bottommost_compression: Disabled
2019/10/17-14:55:13.982946 7fc3a9fcb700       Options.prefix_extractor: nullptr
2019/10/17-14:55:13.982947 7fc3a9fcb700   Options.memtable_insert_with_hint_prefix_extractor: nullptr
2019/10/17-14:55:13.982948 7fc3a9fcb700             Options.num_levels: 7
2019/10/17-14:55:13.982949 7fc3a9fcb700        Options.min_write_buffer_number_to_merge: 1
2019/10/17-14:55:13.982950 7fc3a9fcb700     Options.max_write_buffer_number_to_maintain: 0
2019/10/17-14:55:13.982951 7fc3a9fcb700            Options.bottommost_compression_opts.window_bits: -14
2019/10/17-14:55:13.982952 7fc3a9fcb700                  Options.bottommost_compression_opts.level: 32767
2019/10/17-14:55:13.982953 7fc3a9fcb700               Options.bottommost_compression_opts.strategy: 0
2019/10/17-14:55:13.982954 7fc3a9fcb700         Options.bottommost_compression_opts.max_dict_bytes: 0
2019/10/17-14:55:13.982955 7fc3a9fcb700         Options.bottommost_compression_opts.zstd_max_train_bytes: 0
2019/10/17-14:55:13.982955 7fc3a9fcb700                  Options.bottommost_compression_opts.enabled: false
2019/10/17-14:55:13.982956 7fc3a9fcb700            Options.compression_opts.window_bits: -14
2019/10/17-14:55:13.982957 7fc3a9fcb700                  Options.compression_opts.level: 32767
2019/10/17-14:55:13.982958 7fc3a9fcb700               Options.compression_opts.strategy: 0
2019/10/17-14:55:13.982959 7fc3a9fcb700         Options.compression_opts.max_dict_bytes: 0
2019/10/17-14:55:13.982960 7fc3a9fcb700         Options.compression_opts.zstd_max_train_bytes: 0
2019/10/17-14:55:13.982961 7fc3a9fcb700                  Options.compression_opts.enabled: false
2019/10/17-14:55:13.982962 7fc3a9fcb700      Options.level0_file_num_compaction_trigger: 4
2019/10/17-14:55:13.982963 7fc3a9fcb700          Options.level0_slowdown_writes_trigger: 20
2019/10/17-14:55:13.982964 7fc3a9fcb700              Options.level0_stop_writes_trigger: 36
2019/10/17-14:55:13.982965 7fc3a9fcb700                   Options.target_file_size_base: 67108864
2019/10/17-14:55:13.982966 7fc3a9fcb700             Options.target_file_size_multiplier: 1
2019/10/17-14:55:13.982967 7fc3a9fcb700                Options.max_bytes_for_level_base: 268435456
2019/10/17-14:55:13.982968 7fc3a9fcb700 Options.level_compaction_dynamic_level_bytes: 0
2019/10/17-14:55:13.982969 7fc3a9fcb700          Options.max_bytes_for_level_multiplier: 10.000000
2019/10/17-14:55:13.982971 7fc3a9fcb700 Options.max_bytes_for_level_multiplier_addtl[0]: 1
2019/10/17-14:55:13.982972 7fc3a9fcb700 Options.max_bytes_for_level_multiplier_addtl[1]: 1
2019/10/17-14:55:13.982973 7fc3a9fcb700 Options.max_bytes_for_level_multiplier_addtl[2]: 1
2019/10/17-14:55:13.982974 7fc3a9fcb700 Options.max_bytes_for_level_multiplier_addtl[3]: 1
2019/10/17-14:55:13.982975 7fc3a9fcb700 Options.max_bytes_for_level_multiplier_addtl[4]: 1
2019/10/17-14:55:13.982976 7fc3a9fcb700 Options.max_bytes_for_level_multiplier_addtl[5]: 1
2019/10/17-14:55:13.982977 7fc3a9fcb700 Options.max_bytes_for_level_multiplier_addtl[6]: 1
2019/10/17-14:55:13.982978 7fc3a9fcb700       Options.max_sequential_skip_in_iterations: 8
2019/10/17-14:55:13.982979 7fc3a9fcb700                    Options.max_compaction_bytes: 1677721600
2019/10/17-14:55:13.982980 7fc3a9fcb700                        Options.arena_block_size: 8388608
2019/10/17-14:55:13.982981 7fc3a9fcb700   Options.soft_pending_compaction_bytes_limit: 68719476736
2019/10/17-14:55:13.982987 7fc3a9fcb700   Options.hard_pending_compaction_bytes_limit: 274877906944
2019/10/17-14:55:13.982988 7fc3a9fcb700       Options.rate_limit_delay_max_milliseconds: 100
2019/10/17-14:55:13.982989 7fc3a9fcb700                Options.disable_auto_compactions: 0
2019/10/17-14:55:13.982990 7fc3a9fcb700                        Options.compaction_style: kCompactionStyleLevel
2019/10/17-14:55:13.982991 7fc3a9fcb700                          Options.compaction_pri: kByCompensatedSize
2019/10/17-14:55:13.982992 7fc3a9fcb700 Options.compaction_options_universal.size_ratio: 1
2019/10/17-14:55:13.982993 7fc3a9fcb700 Options.compaction_options_universal.min_merge_width: 2
2019/10/17-14:55:13.982994 7fc3a9fcb700 Options.compaction_options_universal.max_merge_width: 4294967295
2019/10/17-14:55:13.982995 7fc3a9fcb700 Options.compaction_options_universal.max_size_amplification_percent: 200
2019/10/17-14:55:13.982996 7fc3a9fcb700 Options.compaction_options_universal.compression_size_percent: -1
2019/10/17-14:55:13.982997 7fc3a9fcb700 Options.compaction_options_universal.stop_style: kCompactionStopStyleTotalSize
2019/10/17-14:55:13.982998 7fc3a9fcb700 Options.compaction_options_fifo.max_table_files_size: 1073741824
2019/10/17-14:55:13.982999 7fc3a9fcb700 Options.compaction_options_fifo.allow_compaction: 0
2019/10/17-14:55:13.983000 7fc3a9fcb700 Options.compaction_options_fifo.ttl: 0
2019/10/17-14:55:13.983001 7fc3a9fcb700                   Options.table_properties_collectors: 
2019/10/17-14:55:13.983002 7fc3a9fcb700                   Options.inplace_update_support: 0
2019/10/17-14:55:13.983003 7fc3a9fcb700                 Options.inplace_update_num_locks: 10000
2019/10/17-14:55:13.983004 7fc3a9fcb700               Options.memtable_prefix_bloom_size_ratio: 0.000000
2019/10/17-14:55:13.983005 7fc3a9fcb700   Options.memtable_huge_page_size: 0
2019/10/17-14:55:13.983006 7fc3a9fcb700                           Options.bloom_locality: 0
2019/10/17-14:55:13.983007 7fc3a9fcb700                    Options.max_successive_merges: 0
2019/10/17-14:55:13.983008 7fc3a9fcb700                Options.optimize_filters_for_hits: 0
2019/10/17-14:55:13.983009 7fc3a9fcb700                Options.paranoid_file_checks: 0
2019/10/17-14:55:13.983010 7fc3a9fcb700                Options.force_consistency_checks: 0
2019/10/17-14:55:13.983011 7fc3a9fcb700                Options.report_bg_io_stats: 0
2019/10/17-14:55:13.983012 7fc3a9fcb700                               Options.ttl: 0
2019/10/17-14:55:13.983031 7fc3a9fcb700 [db/column_family.cc:472] --------------- Options for column family [dc_entries]:
2019/10/17-14:55:13.983033 7fc3a9fcb700               Options.comparator: leveldb.BytewiseComparator
2019/10/17-14:55:13.983034 7fc3a9fcb700           Options.merge_operator: None
2019/10/17-14:55:13.983035 7fc3a9fcb700        Options.compaction_filter: None
2019/10/17-14:55:13.983036 7fc3a9fcb700        Options.compaction_filter_factory: None
2019/10/17-14:55:13.983037 7fc3a9fcb700         Options.memtable_factory: SkipListFactory
2019/10/17-14:55:13.983038 7fc3a9fcb700            Options.table_factory: BlockBasedTable
2019/10/17-14:55:13.983050 7fc3a9fcb700            table_factory options:   flush_block_policy_factory: FlushBlockBySizePolicyFactory (0x7fc3500e3f90)
  cache_index_and_filter_blocks: 0
  cache_index_and_filter_blocks_with_high_priority: 0
  pin_l0_filter_and_index_blocks_in_cache: 0
  pin_top_level_index_and_filter: 1
  index_type: 0
  hash_index_allow_collision: 1
  checksum: 1
  no_block_cache: 0
  block_cache: 0x7fc350090f10
  block_cache_name: LRUCache
  block_cache_options:
    capacity : 8388608
    num_shard_bits : 4
    strict_capacity_limit : 0
    memory_allocator : None
    high_pri_pool_ratio: 0.000
  block_cache_compressed: (nil)
  persistent_cache: (nil)
  block_size: 4096
  block_size_deviation: 10
  block_restart_interval: 16
  index_block_restart_interval: 1
  metadata_block_size: 4096
  partition_filters: 0
  use_delta_encoding: 1
  filter_policy: nullptr
  whole_key_filtering: 1
  verify_compression: 0
  read_amp_bytes_per_bit: 0
  format_version: 2
  enable_index_compression: 1
  block_align: 0
2019/10/17-14:55:13.983058 7fc3a9fcb700        Options.write_buffer_size: 67108864
2019/10/17-14:55:13.983059 7fc3a9fcb700  Options.max_write_buffer_number: 2
2019/10/17-14:55:13.983060 7fc3a9fcb700          Options.compression: NoCompression
2019/10/17-14:55:13.983061 7fc3a9fcb700                  Options.bottommost_compression: Disabled
2019/10/17-14:55:13.983062 7fc3a9fcb700       Options.prefix_extractor: nullptr
2019/10/17-14:55:13.983063 7fc3a9fcb700   Options.memtable_insert_with_hint_prefix_extractor: nullptr
2019/10/17-14:55:13.983064 7fc3a9fcb700             Options.num_levels: 7
2019/10/17-14:55:13.983065 7fc3a9fcb700        Options.min_write_buffer_number_to_merge: 1
2019/10/17-14:55:13.983066 7fc3a9fcb700     Options.max_write_buffer_number_to_maintain: 0
2019/10/17-14:55:13.983067 7fc3a9fcb700            Options.bottommost_compression_opts.window_bits: -14
2019/10/17-14:55:13.983068 7fc3a9fcb700                  Options.bottommost_compression_opts.level: 32767
2019/10/17-14:55:13.983069 7fc3a9fcb700               Options.bottommost_compression_opts.strategy: 0
2019/10/17-14:55:13.983070 7fc3a9fcb700         Options.bottommost_compression_opts.max_dict_bytes: 0
2019/10/17-14:55:13.983071 7fc3a9fcb700         Options.bottommost_compression_opts.zstd_max_train_bytes: 0
2019/10/17-14:55:13.983072 7fc3a9fcb700                  Options.bottommost_compression_opts.enabled: false
2019/10/17-14:55:13.983073 7fc3a9fcb700            Options.compression_opts.window_bits: -14
2019/10/17-14:55:13.983074 7fc3a9fcb700                  Options.compression_opts.level: 32767
2019/10/17-14:55:13.983075 7fc3a9fcb700               Options.compression_opts.strategy: 0
2019/10/17-14:55:13.983075 7fc3a9fcb700         Options.compression_opts.max_dict_bytes: 0
2019/10/17-14:55:13.983076 7fc3a9fcb700         Options.compression_opts.zstd_max_train_bytes: 0
2019/10/17-14:55:13.983077 7fc3a9fcb700                  Options.compression_opts.enabled: false
2019/10/17-14:55:13.983078 7fc3a9fcb700      Options.level0_file_num_compaction_trigger: 4
2019/10/17-14:55:13.983079 7fc3a9fcb700          Options.level0_slowdown_writes_trigger: 20
2019/10/17-14:55:13.983080 7fc3a9fcb700              Options.level0_stop_writes_trigger: 36
2019/10/17-14:55:13.983081 7fc3a9fcb700                   Options.target_file_size_base: 67108864
2019/10/17-14:55:13.983082 7fc3a9fcb700             Options.target_file_size_multiplier: 1
2019/10/17-14:55:13.983083 7fc3a9fcb700                Options.max_bytes_for_level_base: 268435456
2019/10/17-14:55:13.983084 7fc3a9fcb700 Options.level_compaction_dynamic_level_bytes: 0
2019/10/17-14:55:13.983085 7fc3a9fcb700          Options.max_bytes_for_level_multiplier: 10.000000
2019/10/17-14:55:13.983087 7fc3a9fcb700 Options.max_bytes_for_level_multiplier_addtl[0]: 1
2019/10/17-14:55:13.983088 7fc3a9fcb700 Options.max_bytes_for_level_multiplier_addtl[1]: 1
2019/10/17-14:55:13.983089 7fc3a9fcb700 Options.max_bytes_for_level_multiplier_addtl[2]: 1
2019/10/17-14:55:13.983090 7fc3a9fcb700 Options.max_bytes_for_level_multiplier_addtl[3]: 1
2019/10/17-14:55:13.983091 7fc3a9fcb700 Options.max_bytes_for_level_multiplier_addtl[4]: 1
2019/10/17-14:55:13.983092 7fc3a9fcb700 Options.max_bytes_for_level_multiplier_addtl[5]: 1
2019/10/17-14:55:13.983093 7fc3a9fcb700 Options.max_bytes_for_level_multiplier_addtl[6]: 1
2019/10/17-14:55:13.983094 7fc3a9fcb700       Options.max_sequential_skip_in_iterations: 8
2019/10/17-14:55:13.983095 7fc3a9fcb700                    Options.max_compaction_bytes: 1677721600
2019/10/17-14:55:13.983096 7fc3a9fcb700                        Options.arena_block_size: 8388608
2019/10/17-14:55:13.983097 7fc3a9fcb700   Options.soft_pending_compaction_bytes_limit: 68719476736
2019/10/17-14:55:13.983098 7fc3a9fcb700   Options.hard_pending_compaction_bytes_limit: 274877906944
2019/10/17-14:55:13.983099 7fc3a9fcb700       Options.rate_limit_delay_max_milliseconds: 100
2019/10/17-14:55:13.983100 7fc3a9fcb700                Options.disable_auto_compactions: 0
2019/10/17-14:55:13.983106 7fc3a9fcb700                        Options.compaction_style: kCompactionStyleLevel
2019/10/17-14:55:13.983107 7fc3a9fcb700                          Options.compaction_pri: kByCompensatedSize
2019/10/17-14:55:13.983108 7fc3a9fcb700 Options.compaction_options_universal.size_ratio: 1
2019/10/17-14:55:13.983109 7fc3a9fcb700 Options.compaction_options_universal.min_merge_width: 2
2019/10/17-14:55:13.983110 7fc3a9fcb700 Options.compaction_options_universal.max_merge_width: 4294967295
2019/10/17-14:55:13.983111 7fc3a9fcb700 Options.compaction_options_universal.max_size_amplification_percent: 200
2019/10/17-14:55:13.983112 7fc3a9fcb700 Options.compaction_options_universal.compression_size_percent: -1
2019/10/17-14:55:13.983113 7fc3a9fcb700 Options.compaction_options_universal.stop_style: kCompactionStopStyleTotalSize
2019/10/17-14:55:13.983114 7fc3a9fcb700 Options.compaction_options_fifo.max_table_files_size: 1073741824
2019/10/17-14:55:13.983115 7fc3a9fcb700 Options.compaction_options_fifo.allow_compaction: 0
2019/10/17-14:55:13.983116 7fc3a9fcb700 Options.compaction_options_fifo.ttl: 0
2019/10/17-14:55:13.983117 7fc3a9fcb700                   Options.table_properties_collectors: 
2019/10/17-14:55:13.983118 7fc3a9fcb700                   Options.inplace_update_support: 0
2019/10/17-14:55:13.983119 7fc3a9fcb700                 Options.inplace_update_num_locks: 10000
2019/10/17-14:55:13.983120 7fc3a9fcb700               Options.memtable_prefix_bloom_size_ratio: 0.000000
2019/10/17-14:55:13.983122 7fc3a9fcb700   Options.memtable_huge_page_size: 0
2019/10/17-14:55:13.983123 7fc3a9fcb700                           Options.bloom_locality: 0
2019/10/17-14:55:13.983124 7fc3a9fcb700                    Options.max_successive_merges: 0
2019/10/17-14:55:13.983124 7fc3a9fcb700                Options.optimize_filters_for_hits: 0
2019/10/17-14:55:13.983125 7fc3a9fcb700                Options.paranoid_file_checks: 0
2019/10/17-14:55:13.983126 7fc3a9fcb700                Options.force_consistency_checks: 0
2019/10/17-14:55:13.983127 7fc3a9fcb700                Options.report_bg_io_stats: 0
2019/10/17-14:55:13.983128 7fc3a9fcb700                               Options.ttl: 0
2019/10/17-14:55:13.983144 7fc3a9fcb700 [db/column_family.cc:472] --------------- Options for column family [htlcs]:
2019/10/17-14:55:13.983145 7fc3a9fcb700               Options.comparator: leveldb.BytewiseComparator
2019/10/17-14:55:13.983146 7fc3a9fcb700           Options.merge_operator: None
2019/10/17-14:55:13.983147 7fc3a9fcb700        Options.compaction_filter: None
2019/10/17-14:55:13.983148 7fc3a9fcb700        Options.compaction_filter_factory: None
2019/10/17-14:55:13.983149 7fc3a9fcb700         Options.memtable_factory: SkipListFactory
2019/10/17-14:55:13.983150 7fc3a9fcb700            Options.table_factory: BlockBasedTable
2019/10/17-14:55:13.983162 7fc3a9fcb700            table_factory options:   flush_block_policy_factory: FlushBlockBySizePolicyFactory (0x7fc3500955e0)
