2019/10/17-14:54:05.478275 7fc3a9fcb700 RocksDB version: 5.18.3
2019/10/17-14:54:05.478385 7fc3a9fcb700 Git sha rocksdb_build_git_sha:@0@
2019/10/17-14:54:05.478388 7fc3a9fcb700 Compile date Sep 19 2019
2019/10/17-14:54:05.478390 7fc3a9fcb700 DB SUMMARY
2019/10/17-14:54:05.479580 7fc3a9fcb700 CURRENT file:  CURRENT
2019/10/17-14:54:05.479583 7fc3a9fcb700 IDENTITY file:  IDENTITY
2019/10/17-14:54:05.479631 7fc3a9fcb700 MANIFEST file:  MANIFEST-114661 size: 4114 Bytes
2019/10/17-14:54:05.479634 7fc3a9fcb700 SST files in /home/rahul/dev/blockchain-core/eqc/ledger.db dir, Total Num: 29, files: 000624.sst 000627.sst 106940.sst 108447.sst 108450.sst 109471.sst 109483.sst 109485.sst 109486.sst 
2019/10/17-14:54:05.479636 7fc3a9fcb700 Write Ahead Log file in /home/rahul/dev/blockchain-core/eqc/ledger.db: 114662.log size: 0 ; 
2019/10/17-14:54:05.479693 7fc3a9fcb700                         Options.error_if_exists: 0
2019/10/17-14:54:05.479695 7fc3a9fcb700                       Options.create_if_missing: 1
2019/10/17-14:54:05.479697 7fc3a9fcb700                         Options.paranoid_checks: 1
2019/10/17-14:54:05.479698 7fc3a9fcb700                                     Options.env: 0x7fc32ae1fc60
2019/10/17-14:54:05.479699 7fc3a9fcb700                                Options.info_log: 0x7fc350016a00
2019/10/17-14:54:05.479701 7fc3a9fcb700                Options.max_file_opening_threads: 16
2019/10/17-14:54:05.479702 7fc3a9fcb700                              Options.statistics: (nil)
2019/10/17-14:54:05.479704 7fc3a9fcb700                               Options.use_fsync: 0
2019/10/17-14:54:05.479705 7fc3a9fcb700                       Options.max_log_file_size: 0
2019/10/17-14:54:05.479706 7fc3a9fcb700                  Options.max_manifest_file_size: 1073741824
2019/10/17-14:54:05.479708 7fc3a9fcb700                   Options.log_file_time_to_roll: 0
2019/10/17-14:54:05.479709 7fc3a9fcb700                       Options.keep_log_file_num: 1000
2019/10/17-14:54:05.479710 7fc3a9fcb700                    Options.recycle_log_file_num: 0
2019/10/17-14:54:05.479712 7fc3a9fcb700                         Options.allow_fallocate: 1
2019/10/17-14:54:05.479713 7fc3a9fcb700                        Options.allow_mmap_reads: 0
2019/10/17-14:54:05.479714 7fc3a9fcb700                       Options.allow_mmap_writes: 0
2019/10/17-14:54:05.479715 7fc3a9fcb700                        Options.use_direct_reads: 0
2019/10/17-14:54:05.479717 7fc3a9fcb700                        Options.use_direct_io_for_flush_and_compaction: 0
2019/10/17-14:54:05.479718 7fc3a9fcb700          Options.create_missing_column_families: 0
2019/10/17-14:54:05.479719 7fc3a9fcb700                              Options.db_log_dir: 
2019/10/17-14:54:05.479720 7fc3a9fcb700                                 Options.wal_dir: /home/rahul/dev/blockchain-core/eqc/ledger.db
2019/10/17-14:54:05.479722 7fc3a9fcb700                Options.table_cache_numshardbits: 6
2019/10/17-14:54:05.479723 7fc3a9fcb700                      Options.max_subcompactions: 1
2019/10/17-14:54:05.479724 7fc3a9fcb700                  Options.max_background_flushes: -1
2019/10/17-14:54:05.479726 7fc3a9fcb700                         Options.WAL_ttl_seconds: 0
2019/10/17-14:54:05.479727 7fc3a9fcb700                       Options.WAL_size_limit_MB: 0
2019/10/17-14:54:05.479728 7fc3a9fcb700             Options.manifest_preallocation_size: 4194304
2019/10/17-14:54:05.479730 7fc3a9fcb700                     Options.is_fd_close_on_exec: 1
2019/10/17-14:54:05.479731 7fc3a9fcb700                   Options.advise_random_on_open: 1
2019/10/17-14:54:05.479732 7fc3a9fcb700                    Options.db_write_buffer_size: 0
2019/10/17-14:54:05.479733 7fc3a9fcb700                    Options.write_buffer_manager: 0x7fc3500d24b0
2019/10/17-14:54:05.479735 7fc3a9fcb700         Options.access_hint_on_compaction_start: 1
2019/10/17-14:54:05.479736 7fc3a9fcb700  Options.new_table_reader_for_compaction_inputs: 0
2019/10/17-14:54:05.479737 7fc3a9fcb700           Options.random_access_max_buffer_size: 1048576
2019/10/17-14:54:05.479738 7fc3a9fcb700                      Options.use_adaptive_mutex: 0
2019/10/17-14:54:05.479740 7fc3a9fcb700                            Options.rate_limiter: (nil)
2019/10/17-14:54:05.479754 7fc3a9fcb700     Options.sst_file_manager.rate_bytes_per_sec: 0
2019/10/17-14:54:05.479756 7fc3a9fcb700                       Options.wal_recovery_mode: 2
2019/10/17-14:54:05.479757 7fc3a9fcb700                  Options.enable_thread_tracking: 0
2019/10/17-14:54:05.479758 7fc3a9fcb700                  Options.enable_pipelined_write: 0
2019/10/17-14:54:05.479760 7fc3a9fcb700         Options.allow_concurrent_memtable_write: 1
2019/10/17-14:54:05.479761 7fc3a9fcb700      Options.enable_write_thread_adaptive_yield: 1
2019/10/17-14:54:05.479762 7fc3a9fcb700             Options.write_thread_max_yield_usec: 100
2019/10/17-14:54:05.479763 7fc3a9fcb700            Options.write_thread_slow_yield_usec: 3
2019/10/17-14:54:05.479765 7fc3a9fcb700                               Options.row_cache: None
2019/10/17-14:54:05.479766 7fc3a9fcb700                              Options.wal_filter: None
2019/10/17-14:54:05.479768 7fc3a9fcb700             Options.avoid_flush_during_recovery: 0
2019/10/17-14:54:05.479769 7fc3a9fcb700             Options.allow_ingest_behind: 0
2019/10/17-14:54:05.479770 7fc3a9fcb700             Options.preserve_deletes: 0
2019/10/17-14:54:05.479771 7fc3a9fcb700             Options.two_write_queues: 0
2019/10/17-14:54:05.479772 7fc3a9fcb700             Options.manual_wal_flush: 0
2019/10/17-14:54:05.479774 7fc3a9fcb700             Options.max_background_jobs: 2
2019/10/17-14:54:05.479775 7fc3a9fcb700             Options.max_background_compactions: -1
2019/10/17-14:54:05.479776 7fc3a9fcb700             Options.avoid_flush_during_shutdown: 0
2019/10/17-14:54:05.479778 7fc3a9fcb700           Options.writable_file_max_buffer_size: 1048576
2019/10/17-14:54:05.479779 7fc3a9fcb700             Options.delayed_write_rate : 16777216
2019/10/17-14:54:05.479780 7fc3a9fcb700             Options.max_total_wal_size: 0
2019/10/17-14:54:05.479782 7fc3a9fcb700             Options.delete_obsolete_files_period_micros: 21600000000
2019/10/17-14:54:05.479783 7fc3a9fcb700                   Options.stats_dump_period_sec: 600
2019/10/17-14:54:05.479784 7fc3a9fcb700                          Options.max_open_files: -1
2019/10/17-14:54:05.479785 7fc3a9fcb700                          Options.bytes_per_sync: 0
2019/10/17-14:54:05.479787 7fc3a9fcb700                      Options.wal_bytes_per_sync: 0
2019/10/17-14:54:05.479788 7fc3a9fcb700       Options.compaction_readahead_size: 0
2019/10/17-14:54:05.479789 7fc3a9fcb700 Compression algorithms supported:
2019/10/17-14:54:05.479791 7fc3a9fcb700 	kZSTDNotFinalCompression supported: 0
2019/10/17-14:54:05.479793 7fc3a9fcb700 	kZSTD supported: 0
2019/10/17-14:54:05.479794 7fc3a9fcb700 	kXpressCompression supported: 0
2019/10/17-14:54:05.479795 7fc3a9fcb700 	kLZ4HCCompression supported: 0
2019/10/17-14:54:05.479797 7fc3a9fcb700 	kLZ4Compression supported: 0
2019/10/17-14:54:05.479798 7fc3a9fcb700 	kBZip2Compression supported: 0
2019/10/17-14:54:05.479799 7fc3a9fcb700 	kZlibCompression supported: 0
2019/10/17-14:54:05.479801 7fc3a9fcb700 	kSnappyCompression supported: 0
2019/10/17-14:54:05.479804 7fc3a9fcb700 Fast CRC32 supported: Supported on x86
2019/10/17-14:54:05.479956 7fc3a9fcb700 [db/version_set.cc:3507] Recovering from manifest file: MANIFEST-114661
2019/10/17-14:54:05.480009 7fc3a9fcb700 [db/column_family.cc:472] --------------- Options for column family [default]:
2019/10/17-14:54:05.480012 7fc3a9fcb700               Options.comparator: leveldb.BytewiseComparator
2019/10/17-14:54:05.480013 7fc3a9fcb700           Options.merge_operator: None
2019/10/17-14:54:05.480015 7fc3a9fcb700        Options.compaction_filter: None
2019/10/17-14:54:05.480016 7fc3a9fcb700        Options.compaction_filter_factory: None
2019/10/17-14:54:05.480017 7fc3a9fcb700         Options.memtable_factory: SkipListFactory
2019/10/17-14:54:05.480018 7fc3a9fcb700            Options.table_factory: BlockBasedTable
2019/10/17-14:54:05.480042 7fc3a9fcb700            table_factory options:   flush_block_policy_factory: FlushBlockBySizePolicyFactory (0x7fc350064f50)
  cache_index_and_filter_blocks: 0
  cache_index_and_filter_blocks_with_high_priority: 0
  pin_l0_filter_and_index_blocks_in_cache: 0
  pin_top_level_index_and_filter: 1
  index_type: 0
  hash_index_allow_collision: 1
  checksum: 1
  no_block_cache: 0
  block_cache: 0x7fc3500f7860
  block_cache_name: LRUCache
  block_cache_options:
    capacity : 8388608
    num_shard_bits : 4
    strict_capacity_limit : 0
    memory_allocator : None
    high_pri_pool_ratio: 0.000
  block_cache_compressed: (nil)
  persistent_cache: (nil)
  block_size: 4096
  block_size_deviation: 10
  block_restart_interval: 16
  index_block_restart_interval: 1
  metadata_block_size: 4096
  partition_filters: 0
  use_delta_encoding: 1
  filter_policy: nullptr
  whole_key_filtering: 1
  verify_compression: 0
  read_amp_bytes_per_bit: 0
  format_version: 2
  enable_index_compression: 1
  block_align: 0
2019/10/17-14:54:05.480056 7fc3a9fcb700        Options.write_buffer_size: 67108864
2019/10/17-14:54:05.480058 7fc3a9fcb700  Options.max_write_buffer_number: 2
2019/10/17-14:54:05.480060 7fc3a9fcb700          Options.compression: NoCompression
2019/10/17-14:54:05.480061 7fc3a9fcb700                  Options.bottommost_compression: Disabled
2019/10/17-14:54:05.480063 7fc3a9fcb700       Options.prefix_extractor: nullptr
2019/10/17-14:54:05.480064 7fc3a9fcb700   Options.memtable_insert_with_hint_prefix_extractor: nullptr
2019/10/17-14:54:05.480065 7fc3a9fcb700             Options.num_levels: 7
2019/10/17-14:54:05.480066 7fc3a9fcb700        Options.min_write_buffer_number_to_merge: 1
2019/10/17-14:54:05.480068 7fc3a9fcb700     Options.max_write_buffer_number_to_maintain: 0
2019/10/17-14:54:05.480069 7fc3a9fcb700            Options.bottommost_compression_opts.window_bits: -14
2019/10/17-14:54:05.480070 7fc3a9fcb700                  Options.bottommost_compression_opts.level: 32767
2019/10/17-14:54:05.480072 7fc3a9fcb700               Options.bottommost_compression_opts.strategy: 0
2019/10/17-14:54:05.480073 7fc3a9fcb700         Options.bottommost_compression_opts.max_dict_bytes: 0
2019/10/17-14:54:05.480074 7fc3a9fcb700         Options.bottommost_compression_opts.zstd_max_train_bytes: 0
2019/10/17-14:54:05.480075 7fc3a9fcb700                  Options.bottommost_compression_opts.enabled: false
2019/10/17-14:54:05.480077 7fc3a9fcb700            Options.compression_opts.window_bits: -14
2019/10/17-14:54:05.480078 7fc3a9fcb700                  Options.compression_opts.level: 32767
2019/10/17-14:54:05.480079 7fc3a9fcb700               Options.compression_opts.strategy: 0
2019/10/17-14:54:05.480080 7fc3a9fcb700         Options.compression_opts.max_dict_bytes: 0
2019/10/17-14:54:05.480082 7fc3a9fcb700         Options.compression_opts.zstd_max_train_bytes: 0
2019/10/17-14:54:05.480083 7fc3a9fcb700                  Options.compression_opts.enabled: false
2019/10/17-14:54:05.480084 7fc3a9fcb700      Options.level0_file_num_compaction_trigger: 4
2019/10/17-14:54:05.480085 7fc3a9fcb700          Options.level0_slowdown_writes_trigger: 20
2019/10/17-14:54:05.480087 7fc3a9fcb700              Options.level0_stop_writes_trigger: 36
2019/10/17-14:54:05.480088 7fc3a9fcb700                   Options.target_file_size_base: 67108864
2019/10/17-14:54:05.480089 7fc3a9fcb700             Options.target_file_size_multiplier: 1
2019/10/17-14:54:05.480091 7fc3a9fcb700                Options.max_bytes_for_level_base: 268435456
2019/10/17-14:54:05.480092 7fc3a9fcb700 Options.level_compaction_dynamic_level_bytes: 0
2019/10/17-14:54:05.480093 7fc3a9fcb700          Options.max_bytes_for_level_multiplier: 10.000000
2019/10/17-14:54:05.480096 7fc3a9fcb700 Options.max_bytes_for_level_multiplier_addtl[0]: 1
2019/10/17-14:54:05.480098 7fc3a9fcb700 Options.max_bytes_for_level_multiplier_addtl[1]: 1
2019/10/17-14:54:05.480099 7fc3a9fcb700 Options.max_bytes_for_level_multiplier_addtl[2]: 1
2019/10/17-14:54:05.480100 7fc3a9fcb700 Options.max_bytes_for_level_multiplier_addtl[3]: 1
2019/10/17-14:54:05.480102 7fc3a9fcb700 Options.max_bytes_for_level_multiplier_addtl[4]: 1
2019/10/17-14:54:05.480109 7fc3a9fcb700 Options.max_bytes_for_level_multiplier_addtl[5]: 1
2019/10/17-14:54:05.480111 7fc3a9fcb700 Options.max_bytes_for_level_multiplier_addtl[6]: 1
2019/10/17-14:54:05.480112 7fc3a9fcb700       Options.max_sequential_skip_in_iterations: 8
2019/10/17-14:54:05.480113 7fc3a9fcb700                    Options.max_compaction_bytes: 1677721600
2019/10/17-14:54:05.480115 7fc3a9fcb700                        Options.arena_block_size: 8388608
2019/10/17-14:54:05.480116 7fc3a9fcb700   Options.soft_pending_compaction_bytes_limit: 68719476736
2019/10/17-14:54:05.480117 7fc3a9fcb700   Options.hard_pending_compaction_bytes_limit: 274877906944
2019/10/17-14:54:05.480119 7fc3a9fcb700       Options.rate_limit_delay_max_milliseconds: 100
2019/10/17-14:54:05.480120 7fc3a9fcb700                Options.disable_auto_compactions: 0
2019/10/17-14:54:05.480122 7fc3a9fcb700                        Options.compaction_style: kCompactionStyleLevel
2019/10/17-14:54:05.480124 7fc3a9fcb700                          Options.compaction_pri: kByCompensatedSize
2019/10/17-14:54:05.480125 7fc3a9fcb700 Options.compaction_options_universal.size_ratio: 1
2019/10/17-14:54:05.480126 7fc3a9fcb700 Options.compaction_options_universal.min_merge_width: 2
2019/10/17-14:54:05.480127 7fc3a9fcb700 Options.compaction_options_universal.max_merge_width: 4294967295
2019/10/17-14:54:05.480129 7fc3a9fcb700 Options.compaction_options_universal.max_size_amplification_percent: 200
2019/10/17-14:54:05.480130 7fc3a9fcb700 Options.compaction_options_universal.compression_size_percent: -1
2019/10/17-14:54:05.480132 7fc3a9fcb700 Options.compaction_options_universal.stop_style: kCompactionStopStyleTotalSize
2019/10/17-14:54:05.480133 7fc3a9fcb700 Options.compaction_options_fifo.max_table_files_size: 1073741824
2019/10/17-14:54:05.480135 7fc3a9fcb700 Options.compaction_options_fifo.allow_compaction: 0
2019/10/17-14:54:05.480136 7fc3a9fcb700 Options.compaction_options_fifo.ttl: 0
2019/10/17-14:54:05.480137 7fc3a9fcb700                   Options.table_properties_collectors: 
2019/10/17-14:54:05.480139 7fc3a9fcb700                   Options.inplace_update_support: 0
2019/10/17-14:54:05.480140 7fc3a9fcb700                 Options.inplace_update_num_locks: 10000
2019/10/17-14:54:05.480141 7fc3a9fcb700               Options.memtable_prefix_bloom_size_ratio: 0.000000
2019/10/17-14:54:05.480143 7fc3a9fcb700   Options.memtable_huge_page_size: 0
2019/10/17-14:54:05.480144 7fc3a9fcb700                           Options.bloom_locality: 0
2019/10/17-14:54:05.480146 7fc3a9fcb700                    Options.max_successive_merges: 0
2019/10/17-14:54:05.480147 7fc3a9fcb700                Options.optimize_filters_for_hits: 0
2019/10/17-14:54:05.480148 7fc3a9fcb700                Options.paranoid_file_checks: 0
2019/10/17-14:54:05.480149 7fc3a9fcb700                Options.force_consistency_checks: 0
2019/10/17-14:54:05.480151 7fc3a9fcb700                Options.report_bg_io_stats: 0
2019/10/17-14:54:05.480152 7fc3a9fcb700                               Options.ttl: 0
2019/10/17-14:54:05.480197 7fc3a9fcb700 [db/column_family.cc:472] --------------- Options for column family [active_gateways]:
2019/10/17-14:54:05.480199 7fc3a9fcb700               Options.comparator: leveldb.BytewiseComparator
2019/10/17-14:54:05.480201 7fc3a9fcb700           Options.merge_operator: None
2019/10/17-14:54:05.480202 7fc3a9fcb700        Options.compaction_filter: None
2019/10/17-14:54:05.480203 7fc3a9fcb700        Options.compaction_filter_factory: None
2019/10/17-14:54:05.480204 7fc3a9fcb700         Options.memtable_factory: SkipListFactory
2019/10/17-14:54:05.480206 7fc3a9fcb700            Options.table_factory: BlockBasedTable
2019/10/17-14:54:05.480223 7fc3a9fcb700            table_factory options:   flush_block_policy_factory: FlushBlockBySizePolicyFactory (0x7fc3500dda30)
  cache_index_and_filter_blocks: 0
  cache_index_and_filter_blocks_with_high_priority: 0
  pin_l0_filter_and_index_blocks_in_cache: 0
  pin_top_level_index_and_filter: 1
  index_type: 0
  hash_index_allow_collision: 1
  checksum: 1
  no_block_cache: 0
  block_cache: 0x7fc350112d40
  block_cache_name: LRUCache
  block_cache_options:
    capacity : 8388608
    num_shard_bits : 4
    strict_capacity_limit : 0
    memory_allocator : None
    high_pri_pool_ratio: 0.000
  block_cache_compressed: (nil)
  persistent_cache: (nil)
  block_size: 4096
  block_size_deviation: 10
  block_restart_interval: 16
  index_block_restart_interval: 1
  metadata_block_size: 4096
  partition_filters: 0
  use_delta_encoding: 1
  filter_policy: nullptr
  whole_key_filtering: 1
  verify_compression: 0
  read_amp_bytes_per_bit: 0
  format_version: 2
  enable_index_compression: 1
  block_align: 0
2019/10/17-14:54:05.480234 7fc3a9fcb700        Options.write_buffer_size: 67108864
2019/10/17-14:54:05.480236 7fc3a9fcb700  Options.max_write_buffer_number: 2
2019/10/17-14:54:05.480237 7fc3a9fcb700          Options.compression: NoCompression
2019/10/17-14:54:05.480239 7fc3a9fcb700                  Options.bottommost_compression: Disabled
2019/10/17-14:54:05.480240 7fc3a9fcb700       Options.prefix_extractor: nullptr
2019/10/17-14:54:05.480241 7fc3a9fcb700   Options.memtable_insert_with_hint_prefix_extractor: nullptr
2019/10/17-14:54:05.480242 7fc3a9fcb700             Options.num_levels: 7
2019/10/17-14:54:05.480244 7fc3a9fcb700        Options.min_write_buffer_number_to_merge: 1
2019/10/17-14:54:05.480245 7fc3a9fcb700     Options.max_write_buffer_number_to_maintain: 0
2019/10/17-14:54:05.480246 7fc3a9fcb700            Options.bottommost_compression_opts.window_bits: -14
2019/10/17-14:54:05.480247 7fc3a9fcb700                  Options.bottommost_compression_opts.level: 32767
2019/10/17-14:54:05.480249 7fc3a9fcb700               Options.bottommost_compression_opts.strategy: 0
2019/10/17-14:54:05.480250 7fc3a9fcb700         Options.bottommost_compression_opts.max_dict_bytes: 0
2019/10/17-14:54:05.480251 7fc3a9fcb700         Options.bottommost_compression_opts.zstd_max_train_bytes: 0
2019/10/17-14:54:05.480252 7fc3a9fcb700                  Options.bottommost_compression_opts.enabled: false
2019/10/17-14:54:05.480254 7fc3a9fcb700            Options.compression_opts.window_bits: -14
2019/10/17-14:54:05.480255 7fc3a9fcb700                  Options.compression_opts.level: 32767
2019/10/17-14:54:05.480256 7fc3a9fcb700               Options.compression_opts.strategy: 0
2019/10/17-14:54:05.480257 7fc3a9fcb700         Options.compression_opts.max_dict_bytes: 0
2019/10/17-14:54:05.480259 7fc3a9fcb700         Options.compression_opts.zstd_max_train_bytes: 0
2019/10/17-14:54:05.480260 7fc3a9fcb700                  Options.compression_opts.enabled: false
2019/10/17-14:54:05.480261 7fc3a9fcb700      Options.level0_file_num_compaction_trigger: 4
2019/10/17-14:54:05.480262 7fc3a9fcb700          Options.level0_slowdown_writes_trigger: 20
2019/10/17-14:54:05.480263 7fc3a9fcb700              Options.level0_stop_writes_trigger: 36
2019/10/17-14:54:05.480265 7fc3a9fcb700                   Options.target_file_size_base: 67108864
2019/10/17-14:54:05.480266 7fc3a9fcb700             Options.target_file_size_multiplier: 1
2019/10/17-14:54:05.480267 7fc3a9fcb700                Options.max_bytes_for_level_base: 268435456
2019/10/17-14:54:05.480268 7fc3a9fcb700 Options.level_compaction_dynamic_level_bytes: 0
2019/10/17-14:54:05.480270 7fc3a9fcb700          Options.max_bytes_for_level_multiplier: 10.000000
2019/10/17-14:54:05.480272 7fc3a9fcb700 Options.max_bytes_for_level_multiplier_addtl[0]: 1
2019/10/17-14:54:05.480273 7fc3a9fcb700 Options.max_bytes_for_level_multiplier_addtl[1]: 1
2019/10/17-14:54:05.480275 7fc3a9fcb700 Options.max_bytes_for_level_multiplier_addtl[2]: 1
2019/10/17-14:54:05.480276 7fc3a9fcb700 Options.max_bytes_for_level_multiplier_addtl[3]: 1
2019/10/17-14:54:05.480277 7fc3a9fcb700 Options.max_bytes_for_level_multiplier_addtl[4]: 1
2019/10/17-14:54:05.480278 7fc3a9fcb700 Options.max_bytes_for_level_multiplier_addtl[5]: 1
2019/10/17-14:54:05.480280 7fc3a9fcb700 Options.max_bytes_for_level_multiplier_addtl[6]: 1
2019/10/17-14:54:05.480281 7fc3a9fcb700       Options.max_sequential_skip_in_iterations: 8
2019/10/17-14:54:05.480288 7fc3a9fcb700                    Options.max_compaction_bytes: 1677721600
2019/10/17-14:54:05.480290 7fc3a9fcb700                        Options.arena_block_size: 8388608
2019/10/17-14:54:05.480291 7fc3a9fcb700   Options.soft_pending_compaction_bytes_limit: 68719476736
2019/10/17-14:54:05.480292 7fc3a9fcb700   Options.hard_pending_compaction_bytes_limit: 274877906944
2019/10/17-14:54:05.480293 7fc3a9fcb700       Options.rate_limit_delay_max_milliseconds: 100
2019/10/17-14:54:05.480295 7fc3a9fcb700                Options.disable_auto_compactions: 0
2019/10/17-14:54:05.480297 7fc3a9fcb700                        Options.compaction_style: kCompactionStyleLevel
2019/10/17-14:54:05.480298 7fc3a9fcb700                          Options.compaction_pri: kByCompensatedSize
2019/10/17-14:54:05.480299 7fc3a9fcb700 Options.compaction_options_universal.size_ratio: 1
2019/10/17-14:54:05.480300 7fc3a9fcb700 Options.compaction_options_universal.min_merge_width: 2
2019/10/17-14:54:05.480302 7fc3a9fcb700 Options.compaction_options_universal.max_merge_width: 4294967295
2019/10/17-14:54:05.480303 7fc3a9fcb700 Options.compaction_options_universal.max_size_amplification_percent: 200
2019/10/17-14:54:05.480304 7fc3a9fcb700 Options.compaction_options_universal.compression_size_percent: -1
2019/10/17-14:54:05.480306 7fc3a9fcb700 Options.compaction_options_universal.stop_style: kCompactionStopStyleTotalSize
2019/10/17-14:54:05.480307 7fc3a9fcb700 Options.compaction_options_fifo.max_table_files_size: 1073741824
2019/10/17-14:54:05.480309 7fc3a9fcb700 Options.compaction_options_fifo.allow_compaction: 0
2019/10/17-14:54:05.480310 7fc3a9fcb700 Options.compaction_options_fifo.ttl: 0
2019/10/17-14:54:05.480311 7fc3a9fcb700                   Options.table_properties_collectors: 
2019/10/17-14:54:05.480312 7fc3a9fcb700                   Options.inplace_update_support: 0
2019/10/17-14:54:05.480314 7fc3a9fcb700                 Options.inplace_update_num_locks: 10000
2019/10/17-14:54:05.480315 7fc3a9fcb700               Options.memtable_prefix_bloom_size_ratio: 0.000000
2019/10/17-14:54:05.480317 7fc3a9fcb700   Options.memtable_huge_page_size: 0
2019/10/17-14:54:05.480318 7fc3a9fcb700                           Options.bloom_locality: 0
2019/10/17-14:54:05.480319 7fc3a9fcb700                    Options.max_successive_merges: 0
2019/10/17-14:54:05.480320 7fc3a9fcb700                Options.optimize_filters_for_hits: 0
2019/10/17-14:54:05.480322 7fc3a9fcb700                Options.paranoid_file_checks: 0
2019/10/17-14:54:05.480323 7fc3a9fcb700                Options.force_consistency_checks: 0
2019/10/17-14:54:05.480324 7fc3a9fcb700                Options.report_bg_io_stats: 0
2019/10/17-14:54:05.480325 7fc3a9fcb700                               Options.ttl: 0
2019/10/17-14:54:05.480352 7fc3a9fcb700 [db/column_family.cc:472] --------------- Options for column family [entries]:
2019/10/17-14:54:05.480355 7fc3a9fcb700               Options.comparator: leveldb.BytewiseComparator
2019/10/17-14:54:05.480356 7fc3a9fcb700           Options.merge_operator: None
2019/10/17-14:54:05.480357 7fc3a9fcb700        Options.compaction_filter: None
2019/10/17-14:54:05.480359 7fc3a9fcb700        Options.compaction_filter_factory: None
2019/10/17-14:54:05.480360 7fc3a9fcb700         Options.memtable_factory: SkipListFactory
2019/10/17-14:54:05.480361 7fc3a9fcb700            Options.table_factory: BlockBasedTable
2019/10/17-14:54:05.480377 7fc3a9fcb700            table_factory options:   flush_block_policy_factory: FlushBlockBySizePolicyFactory (0x7fc3500a06b0)
  cache_index_and_filter_blocks: 0
  cache_index_and_filter_blocks_with_high_priority: 0
  pin_l0_filter_and_index_blocks_in_cache: 0
  pin_top_level_index_and_filter: 1
  index_type: 0
  hash_index_allow_collision: 1
  checksum: 1
  no_block_cache: 0
  block_cache: 0x7fc350047800
  block_cache_name: LRUCache
  block_cache_options:
    capacity : 8388608
    num_shard_bits : 4
    strict_capacity_limit : 0
    memory_allocator : None
    high_pri_pool_ratio: 0.000
  block_cache_compressed: (nil)
  persistent_cache: (nil)
  block_size: 4096
  block_size_deviation: 10
  block_restart_interval: 16
  index_block_restart_interval: 1
  metadata_block_size: 4096
  partition_filters: 0
  use_delta_encoding: 1
  filter_policy: nullptr
  whole_key_filtering: 1
  verify_compression: 0
  read_amp_bytes_per_bit: 0
  format_version: 2
  enable_index_compression: 1
  block_align: 0
2019/10/17-14:54:05.480387 7fc3a9fcb700        Options.write_buffer_size: 67108864
2019/10/17-14:54:05.480388 7fc3a9fcb700  Options.max_write_buffer_number: 2
2019/10/17-14:54:05.480390 7fc3a9fcb700          Options.compression: NoCompression
2019/10/17-14:54:05.480391 7fc3a9fcb700                  Options.bottommost_compression: Disabled
2019/10/17-14:54:05.480392 7fc3a9fcb700       Options.prefix_extractor: nullptr
2019/10/17-14:54:05.480393 7fc3a9fcb700   Options.memtable_insert_with_hint_prefix_extractor: nullptr
2019/10/17-14:54:05.480395 7fc3a9fcb700             Options.num_levels: 7
2019/10/17-14:54:05.480396 7fc3a9fcb700        Options.min_write_buffer_number_to_merge: 1
2019/10/17-14:54:05.480397 7fc3a9fcb700     Options.max_write_buffer_number_to_maintain: 0
2019/10/17-14:54:05.480398 7fc3a9fcb700            Options.bottommost_compression_opts.window_bits: -14
2019/10/17-14:54:05.480399 7fc3a9fcb700                  Options.bottommost_compression_opts.level: 32767
2019/10/17-14:54:05.480401 7fc3a9fcb700               Options.bottommost_compression_opts.strategy: 0
2019/10/17-14:54:05.480402 7fc3a9fcb700         Options.bottommost_compression_opts.max_dict_bytes: 0
2019/10/17-14:54:05.480403 7fc3a9fcb700         Options.bottommost_compression_opts.zstd_max_train_bytes: 0
2019/10/17-14:54:05.480404 7fc3a9fcb700                  Options.bottommost_compression_opts.enabled: false
2019/10/17-14:54:05.480406 7fc3a9fcb700            Options.compression_opts.window_bits: -14
2019/10/17-14:54:05.480407 7fc3a9fcb700                  Options.compression_opts.level: 32767
2019/10/17-14:54:05.480408 7fc3a9fcb700               Options.compression_opts.strategy: 0
2019/10/17-14:54:05.480409 7fc3a9fcb700         Options.compression_opts.max_dict_bytes: 0
2019/10/17-14:54:05.480410 7fc3a9fcb700         Options.compression_opts.zstd_max_train_bytes: 0
2019/10/17-14:54:05.480412 7fc3a9fcb700                  Options.compression_opts.enabled: false
2019/10/17-14:54:05.480413 7fc3a9fcb700      Options.level0_file_num_compaction_trigger: 4
2019/10/17-14:54:05.480414 7fc3a9fcb700          Options.level0_slowdown_writes_trigger: 20
2019/10/17-14:54:05.480415 7fc3a9fcb700              Options.level0_stop_writes_trigger: 36
2019/10/17-14:54:05.480417 7fc3a9fcb700                   Options.target_file_size_base: 67108864
2019/10/17-14:54:05.480418 7fc3a9fcb700             Options.target_file_size_multiplier: 1
2019/10/17-14:54:05.480419 7fc3a9fcb700                Options.max_bytes_for_level_base: 268435456
2019/10/17-14:54:05.480420 7fc3a9fcb700 Options.level_compaction_dynamic_level_bytes: 0
2019/10/17-14:54:05.480422 7fc3a9fcb700          Options.max_bytes_for_level_multiplier: 10.000000
2019/10/17-14:54:05.480424 7fc3a9fcb700 Options.max_bytes_for_level_multiplier_addtl[0]: 1
2019/10/17-14:54:05.480425 7fc3a9fcb700 Options.max_bytes_for_level_multiplier_addtl[1]: 1
2019/10/17-14:54:05.480426 7fc3a9fcb700 Options.max_bytes_for_level_multiplier_addtl[2]: 1
2019/10/17-14:54:05.480428 7fc3a9fcb700 Options.max_bytes_for_level_multiplier_addtl[3]: 1
2019/10/17-14:54:05.480429 7fc3a9fcb700 Options.max_bytes_for_level_multiplier_addtl[4]: 1
2019/10/17-14:54:05.480430 7fc3a9fcb700 Options.max_bytes_for_level_multiplier_addtl[5]: 1
2019/10/17-14:54:05.480431 7fc3a9fcb700 Options.max_bytes_for_level_multiplier_addtl[6]: 1
2019/10/17-14:54:05.480433 7fc3a9fcb700       Options.max_sequential_skip_in_iterations: 8
2019/10/17-14:54:05.480434 7fc3a9fcb700                    Options.max_compaction_bytes: 1677721600
2019/10/17-14:54:05.480435 7fc3a9fcb700                        Options.arena_block_size: 8388608
2019/10/17-14:54:05.480436 7fc3a9fcb700   Options.soft_pending_compaction_bytes_limit: 68719476736
2019/10/17-14:54:05.480443 7fc3a9fcb700   Options.hard_pending_compaction_bytes_limit: 274877906944
2019/10/17-14:54:05.480445 7fc3a9fcb700       Options.rate_limit_delay_max_milliseconds: 100
2019/10/17-14:54:05.480446 7fc3a9fcb700                Options.disable_auto_compactions: 0
2019/10/17-14:54:05.480448 7fc3a9fcb700                        Options.compaction_style: kCompactionStyleLevel
2019/10/17-14:54:05.480449 7fc3a9fcb700                          Options.compaction_pri: kByCompensatedSize
2019/10/17-14:54:05.480451 7fc3a9fcb700 Options.compaction_options_universal.size_ratio: 1
2019/10/17-14:54:05.480452 7fc3a9fcb700 Options.compaction_options_universal.min_merge_width: 2
2019/10/17-14:54:05.480453 7fc3a9fcb700 Options.compaction_options_universal.max_merge_width: 4294967295
2019/10/17-14:54:05.480454 7fc3a9fcb700 Options.compaction_options_universal.max_size_amplification_percent: 200
2019/10/17-14:54:05.480456 7fc3a9fcb700 Options.compaction_options_universal.compression_size_percent: -1
2019/10/17-14:54:05.480457 7fc3a9fcb700 Options.compaction_options_universal.stop_style: kCompactionStopStyleTotalSize
2019/10/17-14:54:05.480458 7fc3a9fcb700 Options.compaction_options_fifo.max_table_files_size: 1073741824
2019/10/17-14:54:05.480460 7fc3a9fcb700 Options.compaction_options_fifo.allow_compaction: 0
2019/10/17-14:54:05.480461 7fc3a9fcb700 Options.compaction_options_fifo.ttl: 0
2019/10/17-14:54:05.480462 7fc3a9fcb700                   Options.table_properties_collectors: 
2019/10/17-14:54:05.480463 7fc3a9fcb700                   Options.inplace_update_support: 0
2019/10/17-14:54:05.480465 7fc3a9fcb700                 Options.inplace_update_num_locks: 10000
2019/10/17-14:54:05.480466 7fc3a9fcb700               Options.memtable_prefix_bloom_size_ratio: 0.000000
2019/10/17-14:54:05.480467 7fc3a9fcb700   Options.memtable_huge_page_size: 0
2019/10/17-14:54:05.480469 7fc3a9fcb700                           Options.bloom_locality: 0
2019/10/17-14:54:05.480470 7fc3a9fcb700                    Options.max_successive_merges: 0
2019/10/17-14:54:05.480471 7fc3a9fcb700                Options.optimize_filters_for_hits: 0
2019/10/17-14:54:05.480473 7fc3a9fcb700                Options.paranoid_file_checks: 0
2019/10/17-14:54:05.480474 7fc3a9fcb700                Options.force_consistency_checks: 0
2019/10/17-14:54:05.480475 7fc3a9fcb700                Options.report_bg_io_stats: 0
2019/10/17-14:54:05.480476 7fc3a9fcb700                               Options.ttl: 0
2019/10/17-14:54:05.480511 7fc3a9fcb700 [db/column_family.cc:472] --------------- Options for column family [dc_entries]:
2019/10/17-14:54:05.480513 7fc3a9fcb700               Options.comparator: leveldb.BytewiseComparator
2019/10/17-14:54:05.480514 7fc3a9fcb700           Options.merge_operator: None
2019/10/17-14:54:05.480515 7fc3a9fcb700        Options.compaction_filter: None
2019/10/17-14:54:05.480516 7fc3a9fcb700        Options.compaction_filter_factory: None
2019/10/17-14:54:05.480517 7fc3a9fcb700         Options.memtable_factory: SkipListFactory
2019/10/17-14:54:05.480518 7fc3a9fcb700            Options.table_factory: BlockBasedTable
2019/10/17-14:54:05.480530 7fc3a9fcb700            table_factory options:   flush_block_policy_factory: FlushBlockBySizePolicyFactory (0x7fc35007cfb0)
  cache_index_and_filter_blocks: 0
  cache_index_and_filter_blocks_with_high_priority: 0
  pin_l0_filter_and_index_blocks_in_cache: 0
  pin_top_level_index_and_filter: 1
  index_type: 0
  hash_index_allow_collision: 1
  checksum: 1
  no_block_cache: 0
  block_cache: 0x7fc3500583b0
  block_cache_name: LRUCache
  block_cache_options:
    capacity : 8388608
    num_shard_bits : 4
    strict_capacity_limit : 0
    memory_allocator : None
    high_pri_pool_ratio: 0.000
  block_cache_compressed: (nil)
  persistent_cache: (nil)
  block_size: 4096
  block_size_deviation: 10
  block_restart_interval: 16
  index_block_restart_interval: 1
  metadata_block_size: 4096
  partition_filters: 0
  use_delta_encoding: 1
  filter_policy: nullptr
  whole_key_filtering: 1
  verify_compression: 0
  read_amp_bytes_per_bit: 0
  format_version: 2
  enable_index_compression: 1
  block_align: 0
2019/10/17-14:54:05.480538 7fc3a9fcb700        Options.write_buffer_size: 67108864
2019/10/17-14:54:05.480539 7fc3a9fcb700  Options.max_write_buffer_number: 2
2019/10/17-14:54:05.480540 7fc3a9fcb700          Options.compression: NoCompression
2019/10/17-14:54:05.480541 7fc3a9fcb700                  Options.bottommost_compression: Disabled
2019/10/17-14:54:05.480542 7fc3a9fcb700       Options.prefix_extractor: nullptr
2019/10/17-14:54:05.480543 7fc3a9fcb700   Options.memtable_insert_with_hint_prefix_extractor: nullptr
2019/10/17-14:54:05.480544 7fc3a9fcb700             Options.num_levels: 7
2019/10/17-14:54:05.480545 7fc3a9fcb700        Options.min_write_buffer_number_to_merge: 1
2019/10/17-14:54:05.480546 7fc3a9fcb700     Options.max_write_buffer_number_to_maintain: 0
2019/10/17-14:54:05.480547 7fc3a9fcb700            Options.bottommost_compression_opts.window_bits: -14
2019/10/17-14:54:05.480548 7fc3a9fcb700                  Options.bottommost_compression_opts.level: 32767
2019/10/17-14:54:05.480549 7fc3a9fcb700               Options.bottommost_compression_opts.strategy: 0
2019/10/17-14:54:05.480550 7fc3a9fcb700         Options.bottommost_compression_opts.max_dict_bytes: 0
2019/10/17-14:54:05.480551 7fc3a9fcb700         Options.bottommost_compression_opts.zstd_max_train_bytes: 0
2019/10/17-14:54:05.480552 7fc3a9fcb700                  Options.bottommost_compression_opts.enabled: false
2019/10/17-14:54:05.480553 7fc3a9fcb700            Options.compression_opts.window_bits: -14
2019/10/17-14:54:05.480554 7fc3a9fcb700                  Options.compression_opts.level: 32767
2019/10/17-14:54:05.480555 7fc3a9fcb700               Options.compression_opts.strategy: 0
2019/10/17-14:54:05.480556 7fc3a9fcb700         Options.compression_opts.max_dict_bytes: 0
2019/10/17-14:54:05.480557 7fc3a9fcb700         Options.compression_opts.zstd_max_train_bytes: 0
2019/10/17-14:54:05.480558 7fc3a9fcb700                  Options.compression_opts.enabled: false
2019/10/17-14:54:05.480559 7fc3a9fcb700      Options.level0_file_num_compaction_trigger: 4
2019/10/17-14:54:05.480560 7fc3a9fcb700          Options.level0_slowdown_writes_trigger: 20
2019/10/17-14:54:05.480561 7fc3a9fcb700              Options.level0_stop_writes_trigger: 36
2019/10/17-14:54:05.480562 7fc3a9fcb700                   Options.target_file_size_base: 67108864
2019/10/17-14:54:05.480563 7fc3a9fcb700             Options.target_file_size_multiplier: 1
2019/10/17-14:54:05.480564 7fc3a9fcb700                Options.max_bytes_for_level_base: 268435456
2019/10/17-14:54:05.480565 7fc3a9fcb700 Options.level_compaction_dynamic_level_bytes: 0
2019/10/17-14:54:05.480566 7fc3a9fcb700          Options.max_bytes_for_level_multiplier: 10.000000
2019/10/17-14:54:05.480568 7fc3a9fcb700 Options.max_bytes_for_level_multiplier_addtl[0]: 1
2019/10/17-14:54:05.480569 7fc3a9fcb700 Options.max_bytes_for_level_multiplier_addtl[1]: 1
2019/10/17-14:54:05.480570 7fc3a9fcb700 Options.max_bytes_for_level_multiplier_addtl[2]: 1
2019/10/17-14:54:05.480571 7fc3a9fcb700 Options.max_bytes_for_level_multiplier_addtl[3]: 1
2019/10/17-14:54:05.480572 7fc3a9fcb700 Options.max_bytes_for_level_multiplier_addtl[4]: 1
2019/10/17-14:54:05.480573 7fc3a9fcb700 Options.max_bytes_for_level_multiplier_addtl[5]: 1
2019/10/17-14:54:05.480574 7fc3a9fcb700 Options.max_bytes_for_level_multiplier_addtl[6]: 1
2019/10/17-14:54:05.480575 7fc3a9fcb700       Options.max_sequential_skip_in_iterations: 8
2019/10/17-14:54:05.480576 7fc3a9fcb700                    Options.max_compaction_bytes: 1677721600
2019/10/17-14:54:05.480577 7fc3a9fcb700                        Options.arena_block_size: 8388608
2019/10/17-14:54:05.480578 7fc3a9fcb700   Options.soft_pending_compaction_bytes_limit: 68719476736
2019/10/17-14:54:05.480579 7fc3a9fcb700   Options.hard_pending_compaction_bytes_limit: 274877906944
2019/10/17-14:54:05.480580 7fc3a9fcb700       Options.rate_limit_delay_max_milliseconds: 100
2019/10/17-14:54:05.480581 7fc3a9fcb700                Options.disable_auto_compactions: 0
2019/10/17-14:54:05.480587 7fc3a9fcb700                        Options.compaction_style: kCompactionStyleLevel
2019/10/17-14:54:05.480588 7fc3a9fcb700                          Options.compaction_pri: kByCompensatedSize
2019/10/17-14:54:05.480589 7fc3a9fcb700 Options.compaction_options_universal.size_ratio: 1
2019/10/17-14:54:05.480590 7fc3a9fcb700 Options.compaction_options_universal.min_merge_width: 2
2019/10/17-14:54:05.480591 7fc3a9fcb700 Options.compaction_options_universal.max_merge_width: 4294967295
2019/10/17-14:54:05.480592 7fc3a9fcb700 Options.compaction_options_universal.max_size_amplification_percent: 200
2019/10/17-14:54:05.480593 7fc3a9fcb700 Options.compaction_options_universal.compression_size_percent: -1
2019/10/17-14:54:05.480595 7fc3a9fcb700 Options.compaction_options_universal.stop_style: kCompactionStopStyleTotalSize
2019/10/17-14:54:05.480596 7fc3a9fcb700 Options.compaction_options_fifo.max_table_files_size: 1073741824
2019/10/17-14:54:05.480597 7fc3a9fcb700 Options.compaction_options_fifo.allow_compaction: 0
2019/10/17-14:54:05.480598 7fc3a9fcb700 Options.compaction_options_fifo.ttl: 0
2019/10/17-14:54:05.480599 7fc3a9fcb700                   Options.table_properties_collectors: 
2019/10/17-14:54:05.480600 7fc3a9fcb700                   Options.inplace_update_support: 0
2019/10/17-14:54:05.480601 7fc3a9fcb700                 Options.inplace_update_num_locks: 10000
2019/10/17-14:54:05.480602 7fc3a9fcb700               Options.memtable_prefix_bloom_size_ratio: 0.000000
2019/10/17-14:54:05.480603 7fc3a9fcb700   Options.memtable_huge_page_size: 0
2019/10/17-14:54:05.480604 7fc3a9fcb700                           Options.bloom_locality: 0
2019/10/17-14:54:05.480605 7fc3a9fcb700                    Options.max_successive_merges: 0
2019/10/17-14:54:05.480606 7fc3a9fcb700                Options.optimize_filters_for_hits: 0
2019/10/17-14:54:05.480607 7fc3a9fcb700                Options.paranoid_file_checks: 0
2019/10/17-14:54:05.480608 7fc3a9fcb700                Options.force_consistency_checks: 0
2019/10/17-14:54:05.480609 7fc3a9fcb700                Options.report_bg_io_stats: 0
2019/10/17-14:54:05.480610 7fc3a9fcb700                               Options.ttl: 0
2019/10/17-14:54:05.480626 7fc3a9fcb700 [db/column_family.cc:472] --------------- Options for column family [htlcs]:
2019/10/17-14:54:05.480627 7fc3a9fcb700               Options.comparator: leveldb.BytewiseComparator
2019/10/17-14:54:05.480628 7fc3a9fcb700           Options.merge_operator: None
2019/10/17-14:54:05.480629 7fc3a9fcb700        Options.compaction_filter: None
2019/10/17-14:54:05.480630 7fc3a9fcb700        Options.compaction_filter_factory: None
2019/10/17-14:54:05.480631 7fc3a9fcb700         Options.memtable_factory: SkipListFactory
2019/10/17-14:54:05.480632 7fc3a9fcb700            Options.table_factory: BlockBasedTable
2019/10/17-14:54:05.480644 7fc3a9fcb700            table_factory options:   flush_block_policy_factory: FlushBlockBySizePolicyFactory (0x7fc350060a10)
