2019/10/17-14:55:15.452075 7fc3a9fcb700 RocksDB version: 5.18.3
2019/10/17-14:55:15.452129 7fc3a9fcb700 Git sha rocksdb_build_git_sha:@0@
2019/10/17-14:55:15.452132 7fc3a9fcb700 Compile date Sep 19 2019
2019/10/17-14:55:15.452134 7fc3a9fcb700 DB SUMMARY
2019/10/17-14:55:15.453348 7fc3a9fcb700 CURRENT file:  CURRENT
2019/10/17-14:55:15.453350 7fc3a9fcb700 IDENTITY file:  IDENTITY
2019/10/17-14:55:15.453389 7fc3a9fcb700 MANIFEST file:  MANIFEST-116596 size: 4114 Bytes
2019/10/17-14:55:15.453391 7fc3a9fcb700 SST files in /home/rahul/dev/blockchain-core/eqc/ledger.db dir, Total Num: 29, files: 000624.sst 000627.sst 106940.sst 108447.sst 108450.sst 109471.sst 109483.sst 109485.sst 109486.sst 
2019/10/17-14:55:15.453393 7fc3a9fcb700 Write Ahead Log file in /home/rahul/dev/blockchain-core/eqc/ledger.db: 116597.log size: 0 ; 
2019/10/17-14:55:15.453439 7fc3a9fcb700                         Options.error_if_exists: 0
2019/10/17-14:55:15.453441 7fc3a9fcb700                       Options.create_if_missing: 1
2019/10/17-14:55:15.453442 7fc3a9fcb700                         Options.paranoid_checks: 1
2019/10/17-14:55:15.453443 7fc3a9fcb700                                     Options.env: 0x7fc32ae1fc60
2019/10/17-14:55:15.453444 7fc3a9fcb700                                Options.info_log: 0x7fc350060840
2019/10/17-14:55:15.453445 7fc3a9fcb700                Options.max_file_opening_threads: 16
2019/10/17-14:55:15.453446 7fc3a9fcb700                              Options.statistics: (nil)
2019/10/17-14:55:15.453447 7fc3a9fcb700                               Options.use_fsync: 0
2019/10/17-14:55:15.453448 7fc3a9fcb700                       Options.max_log_file_size: 0
2019/10/17-14:55:15.453449 7fc3a9fcb700                  Options.max_manifest_file_size: 1073741824
2019/10/17-14:55:15.453450 7fc3a9fcb700                   Options.log_file_time_to_roll: 0
2019/10/17-14:55:15.453451 7fc3a9fcb700                       Options.keep_log_file_num: 1000
2019/10/17-14:55:15.453452 7fc3a9fcb700                    Options.recycle_log_file_num: 0
2019/10/17-14:55:15.453453 7fc3a9fcb700                         Options.allow_fallocate: 1
2019/10/17-14:55:15.453454 7fc3a9fcb700                        Options.allow_mmap_reads: 0
2019/10/17-14:55:15.453455 7fc3a9fcb700                       Options.allow_mmap_writes: 0
2019/10/17-14:55:15.453456 7fc3a9fcb700                        Options.use_direct_reads: 0
2019/10/17-14:55:15.453457 7fc3a9fcb700                        Options.use_direct_io_for_flush_and_compaction: 0
2019/10/17-14:55:15.453458 7fc3a9fcb700          Options.create_missing_column_families: 0
2019/10/17-14:55:15.453459 7fc3a9fcb700                              Options.db_log_dir: 
2019/10/17-14:55:15.453460 7fc3a9fcb700                                 Options.wal_dir: /home/rahul/dev/blockchain-core/eqc/ledger.db
2019/10/17-14:55:15.453461 7fc3a9fcb700                Options.table_cache_numshardbits: 6
2019/10/17-14:55:15.453462 7fc3a9fcb700                      Options.max_subcompactions: 1
2019/10/17-14:55:15.453463 7fc3a9fcb700                  Options.max_background_flushes: -1
2019/10/17-14:55:15.453464 7fc3a9fcb700                         Options.WAL_ttl_seconds: 0
2019/10/17-14:55:15.453465 7fc3a9fcb700                       Options.WAL_size_limit_MB: 0
2019/10/17-14:55:15.453466 7fc3a9fcb700             Options.manifest_preallocation_size: 4194304
2019/10/17-14:55:15.453467 7fc3a9fcb700                     Options.is_fd_close_on_exec: 1
2019/10/17-14:55:15.453468 7fc3a9fcb700                   Options.advise_random_on_open: 1
2019/10/17-14:55:15.453469 7fc3a9fcb700                    Options.db_write_buffer_size: 0
2019/10/17-14:55:15.453470 7fc3a9fcb700                    Options.write_buffer_manager: 0x7fc350107860
2019/10/17-14:55:15.453471 7fc3a9fcb700         Options.access_hint_on_compaction_start: 1
2019/10/17-14:55:15.453472 7fc3a9fcb700  Options.new_table_reader_for_compaction_inputs: 0
2019/10/17-14:55:15.453473 7fc3a9fcb700           Options.random_access_max_buffer_size: 1048576
2019/10/17-14:55:15.453474 7fc3a9fcb700                      Options.use_adaptive_mutex: 0
2019/10/17-14:55:15.453475 7fc3a9fcb700                            Options.rate_limiter: (nil)
2019/10/17-14:55:15.453487 7fc3a9fcb700     Options.sst_file_manager.rate_bytes_per_sec: 0
2019/10/17-14:55:15.453488 7fc3a9fcb700                       Options.wal_recovery_mode: 2
2019/10/17-14:55:15.453489 7fc3a9fcb700                  Options.enable_thread_tracking: 0
2019/10/17-14:55:15.453490 7fc3a9fcb700                  Options.enable_pipelined_write: 0
2019/10/17-14:55:15.453491 7fc3a9fcb700         Options.allow_concurrent_memtable_write: 1
2019/10/17-14:55:15.453492 7fc3a9fcb700      Options.enable_write_thread_adaptive_yield: 1
2019/10/17-14:55:15.453493 7fc3a9fcb700             Options.write_thread_max_yield_usec: 100
2019/10/17-14:55:15.453494 7fc3a9fcb700            Options.write_thread_slow_yield_usec: 3
2019/10/17-14:55:15.453495 7fc3a9fcb700                               Options.row_cache: None
2019/10/17-14:55:15.453496 7fc3a9fcb700                              Options.wal_filter: None
2019/10/17-14:55:15.453497 7fc3a9fcb700             Options.avoid_flush_during_recovery: 0
2019/10/17-14:55:15.453498 7fc3a9fcb700             Options.allow_ingest_behind: 0
2019/10/17-14:55:15.453499 7fc3a9fcb700             Options.preserve_deletes: 0
2019/10/17-14:55:15.453500 7fc3a9fcb700             Options.two_write_queues: 0
2019/10/17-14:55:15.453501 7fc3a9fcb700             Options.manual_wal_flush: 0
2019/10/17-14:55:15.453502 7fc3a9fcb700             Options.max_background_jobs: 2
2019/10/17-14:55:15.453503 7fc3a9fcb700             Options.max_background_compactions: -1
2019/10/17-14:55:15.453504 7fc3a9fcb700             Options.avoid_flush_during_shutdown: 0
2019/10/17-14:55:15.453505 7fc3a9fcb700           Options.writable_file_max_buffer_size: 1048576
2019/10/17-14:55:15.453506 7fc3a9fcb700             Options.delayed_write_rate : 16777216
2019/10/17-14:55:15.453507 7fc3a9fcb700             Options.max_total_wal_size: 0
2019/10/17-14:55:15.453508 7fc3a9fcb700             Options.delete_obsolete_files_period_micros: 21600000000
2019/10/17-14:55:15.453510 7fc3a9fcb700                   Options.stats_dump_period_sec: 600
2019/10/17-14:55:15.453511 7fc3a9fcb700                          Options.max_open_files: -1
2019/10/17-14:55:15.453512 7fc3a9fcb700                          Options.bytes_per_sync: 0
2019/10/17-14:55:15.453512 7fc3a9fcb700                      Options.wal_bytes_per_sync: 0
2019/10/17-14:55:15.453513 7fc3a9fcb700       Options.compaction_readahead_size: 0
2019/10/17-14:55:15.453514 7fc3a9fcb700 Compression algorithms supported:
2019/10/17-14:55:15.453516 7fc3a9fcb700 	kZSTDNotFinalCompression supported: 0
2019/10/17-14:55:15.453517 7fc3a9fcb700 	kZSTD supported: 0
2019/10/17-14:55:15.453518 7fc3a9fcb700 	kXpressCompression supported: 0
2019/10/17-14:55:15.453519 7fc3a9fcb700 	kLZ4HCCompression supported: 0
2019/10/17-14:55:15.453520 7fc3a9fcb700 	kLZ4Compression supported: 0
2019/10/17-14:55:15.453521 7fc3a9fcb700 	kBZip2Compression supported: 0
2019/10/17-14:55:15.453522 7fc3a9fcb700 	kZlibCompression supported: 0
2019/10/17-14:55:15.453523 7fc3a9fcb700 	kSnappyCompression supported: 0
2019/10/17-14:55:15.453526 7fc3a9fcb700 Fast CRC32 supported: Supported on x86
2019/10/17-14:55:15.453645 7fc3a9fcb700 [db/version_set.cc:3507] Recovering from manifest file: MANIFEST-116596
2019/10/17-14:55:15.453687 7fc3a9fcb700 [db/column_family.cc:472] --------------- Options for column family [default]:
2019/10/17-14:55:15.453689 7fc3a9fcb700               Options.comparator: leveldb.BytewiseComparator
2019/10/17-14:55:15.453690 7fc3a9fcb700           Options.merge_operator: None
2019/10/17-14:55:15.453691 7fc3a9fcb700        Options.compaction_filter: None
2019/10/17-14:55:15.453692 7fc3a9fcb700        Options.compaction_filter_factory: None
2019/10/17-14:55:15.453693 7fc3a9fcb700         Options.memtable_factory: SkipListFactory
2019/10/17-14:55:15.453694 7fc3a9fcb700            Options.table_factory: BlockBasedTable
2019/10/17-14:55:15.453712 7fc3a9fcb700            table_factory options:   flush_block_policy_factory: FlushBlockBySizePolicyFactory (0x7fc35009e190)
  cache_index_and_filter_blocks: 0
  cache_index_and_filter_blocks_with_high_priority: 0
  pin_l0_filter_and_index_blocks_in_cache: 0
  pin_top_level_index_and_filter: 1
  index_type: 0
  hash_index_allow_collision: 1
  checksum: 1
  no_block_cache: 0
  block_cache: 0x7fc35005e4d0
  block_cache_name: LRUCache
  block_cache_options:
    capacity : 8388608
    num_shard_bits : 4
    strict_capacity_limit : 0
    memory_allocator : None
    high_pri_pool_ratio: 0.000
  block_cache_compressed: (nil)
  persistent_cache: (nil)
  block_size: 4096
  block_size_deviation: 10
  block_restart_interval: 16
  index_block_restart_interval: 1
  metadata_block_size: 4096
  partition_filters: 0
  use_delta_encoding: 1
  filter_policy: nullptr
  whole_key_filtering: 1
  verify_compression: 0
  read_amp_bytes_per_bit: 0
  format_version: 2
  enable_index_compression: 1
  block_align: 0
2019/10/17-14:55:15.453724 7fc3a9fcb700        Options.write_buffer_size: 67108864
2019/10/17-14:55:15.453725 7fc3a9fcb700  Options.max_write_buffer_number: 2
2019/10/17-14:55:15.453726 7fc3a9fcb700          Options.compression: NoCompression
2019/10/17-14:55:15.453727 7fc3a9fcb700                  Options.bottommost_compression: Disabled
2019/10/17-14:55:15.453728 7fc3a9fcb700       Options.prefix_extractor: nullptr
2019/10/17-14:55:15.453730 7fc3a9fcb700   Options.memtable_insert_with_hint_prefix_extractor: nullptr
2019/10/17-14:55:15.453730 7fc3a9fcb700             Options.num_levels: 7
2019/10/17-14:55:15.453731 7fc3a9fcb700        Options.min_write_buffer_number_to_merge: 1
2019/10/17-14:55:15.453733 7fc3a9fcb700     Options.max_write_buffer_number_to_maintain: 0
2019/10/17-14:55:15.453733 7fc3a9fcb700            Options.bottommost_compression_opts.window_bits: -14
2019/10/17-14:55:15.453735 7fc3a9fcb700                  Options.bottommost_compression_opts.level: 32767
2019/10/17-14:55:15.453736 7fc3a9fcb700               Options.bottommost_compression_opts.strategy: 0
2019/10/17-14:55:15.453737 7fc3a9fcb700         Options.bottommost_compression_opts.max_dict_bytes: 0
2019/10/17-14:55:15.453738 7fc3a9fcb700         Options.bottommost_compression_opts.zstd_max_train_bytes: 0
2019/10/17-14:55:15.453739 7fc3a9fcb700                  Options.bottommost_compression_opts.enabled: false
2019/10/17-14:55:15.453740 7fc3a9fcb700            Options.compression_opts.window_bits: -14
2019/10/17-14:55:15.453741 7fc3a9fcb700                  Options.compression_opts.level: 32767
2019/10/17-14:55:15.453742 7fc3a9fcb700               Options.compression_opts.strategy: 0
2019/10/17-14:55:15.453743 7fc3a9fcb700         Options.compression_opts.max_dict_bytes: 0
2019/10/17-14:55:15.453744 7fc3a9fcb700         Options.compression_opts.zstd_max_train_bytes: 0
2019/10/17-14:55:15.453745 7fc3a9fcb700                  Options.compression_opts.enabled: false
2019/10/17-14:55:15.453746 7fc3a9fcb700      Options.level0_file_num_compaction_trigger: 4
2019/10/17-14:55:15.453747 7fc3a9fcb700          Options.level0_slowdown_writes_trigger: 20
2019/10/17-14:55:15.453748 7fc3a9fcb700              Options.level0_stop_writes_trigger: 36
2019/10/17-14:55:15.453749 7fc3a9fcb700                   Options.target_file_size_base: 67108864
2019/10/17-14:55:15.453750 7fc3a9fcb700             Options.target_file_size_multiplier: 1
2019/10/17-14:55:15.453751 7fc3a9fcb700                Options.max_bytes_for_level_base: 268435456
2019/10/17-14:55:15.453752 7fc3a9fcb700 Options.level_compaction_dynamic_level_bytes: 0
2019/10/17-14:55:15.453752 7fc3a9fcb700          Options.max_bytes_for_level_multiplier: 10.000000
2019/10/17-14:55:15.453755 7fc3a9fcb700 Options.max_bytes_for_level_multiplier_addtl[0]: 1
2019/10/17-14:55:15.453756 7fc3a9fcb700 Options.max_bytes_for_level_multiplier_addtl[1]: 1
2019/10/17-14:55:15.453757 7fc3a9fcb700 Options.max_bytes_for_level_multiplier_addtl[2]: 1
2019/10/17-14:55:15.453758 7fc3a9fcb700 Options.max_bytes_for_level_multiplier_addtl[3]: 1
2019/10/17-14:55:15.453759 7fc3a9fcb700 Options.max_bytes_for_level_multiplier_addtl[4]: 1
2019/10/17-14:55:15.453765 7fc3a9fcb700 Options.max_bytes_for_level_multiplier_addtl[5]: 1
2019/10/17-14:55:15.453766 7fc3a9fcb700 Options.max_bytes_for_level_multiplier_addtl[6]: 1
2019/10/17-14:55:15.453767 7fc3a9fcb700       Options.max_sequential_skip_in_iterations: 8
2019/10/17-14:55:15.453768 7fc3a9fcb700                    Options.max_compaction_bytes: 1677721600
2019/10/17-14:55:15.453769 7fc3a9fcb700                        Options.arena_block_size: 8388608
2019/10/17-14:55:15.453770 7fc3a9fcb700   Options.soft_pending_compaction_bytes_limit: 68719476736
2019/10/17-14:55:15.453771 7fc3a9fcb700   Options.hard_pending_compaction_bytes_limit: 274877906944
2019/10/17-14:55:15.453772 7fc3a9fcb700       Options.rate_limit_delay_max_milliseconds: 100
2019/10/17-14:55:15.453773 7fc3a9fcb700                Options.disable_auto_compactions: 0
2019/10/17-14:55:15.453774 7fc3a9fcb700                        Options.compaction_style: kCompactionStyleLevel
2019/10/17-14:55:15.453776 7fc3a9fcb700                          Options.compaction_pri: kByCompensatedSize
2019/10/17-14:55:15.453777 7fc3a9fcb700 Options.compaction_options_universal.size_ratio: 1
2019/10/17-14:55:15.453778 7fc3a9fcb700 Options.compaction_options_universal.min_merge_width: 2
2019/10/17-14:55:15.453779 7fc3a9fcb700 Options.compaction_options_universal.max_merge_width: 4294967295
2019/10/17-14:55:15.453780 7fc3a9fcb700 Options.compaction_options_universal.max_size_amplification_percent: 200
2019/10/17-14:55:15.453781 7fc3a9fcb700 Options.compaction_options_universal.compression_size_percent: -1
2019/10/17-14:55:15.453782 7fc3a9fcb700 Options.compaction_options_universal.stop_style: kCompactionStopStyleTotalSize
2019/10/17-14:55:15.453783 7fc3a9fcb700 Options.compaction_options_fifo.max_table_files_size: 1073741824
2019/10/17-14:55:15.453784 7fc3a9fcb700 Options.compaction_options_fifo.allow_compaction: 0
2019/10/17-14:55:15.453785 7fc3a9fcb700 Options.compaction_options_fifo.ttl: 0
2019/10/17-14:55:15.453786 7fc3a9fcb700                   Options.table_properties_collectors: 
2019/10/17-14:55:15.453787 7fc3a9fcb700                   Options.inplace_update_support: 0
2019/10/17-14:55:15.453788 7fc3a9fcb700                 Options.inplace_update_num_locks: 10000
2019/10/17-14:55:15.453789 7fc3a9fcb700               Options.memtable_prefix_bloom_size_ratio: 0.000000
2019/10/17-14:55:15.453791 7fc3a9fcb700   Options.memtable_huge_page_size: 0
2019/10/17-14:55:15.453792 7fc3a9fcb700                           Options.bloom_locality: 0
2019/10/17-14:55:15.453793 7fc3a9fcb700                    Options.max_successive_merges: 0
2019/10/17-14:55:15.453794 7fc3a9fcb700                Options.optimize_filters_for_hits: 0
2019/10/17-14:55:15.453795 7fc3a9fcb700                Options.paranoid_file_checks: 0
2019/10/17-14:55:15.453796 7fc3a9fcb700                Options.force_consistency_checks: 0
2019/10/17-14:55:15.453797 7fc3a9fcb700                Options.report_bg_io_stats: 0
2019/10/17-14:55:15.453798 7fc3a9fcb700                               Options.ttl: 0
2019/10/17-14:55:15.453833 7fc3a9fcb700 [db/column_family.cc:472] --------------- Options for column family [active_gateways]:
2019/10/17-14:55:15.453835 7fc3a9fcb700               Options.comparator: leveldb.BytewiseComparator
2019/10/17-14:55:15.453836 7fc3a9fcb700           Options.merge_operator: None
2019/10/17-14:55:15.453837 7fc3a9fcb700        Options.compaction_filter: None
2019/10/17-14:55:15.453838 7fc3a9fcb700        Options.compaction_filter_factory: None
2019/10/17-14:55:15.453839 7fc3a9fcb700         Options.memtable_factory: SkipListFactory
2019/10/17-14:55:15.453840 7fc3a9fcb700            Options.table_factory: BlockBasedTable
2019/10/17-14:55:15.453854 7fc3a9fcb700            table_factory options:   flush_block_policy_factory: FlushBlockBySizePolicyFactory (0x7fc35006e9b0)
  cache_index_and_filter_blocks: 0
  cache_index_and_filter_blocks_with_high_priority: 0
  pin_l0_filter_and_index_blocks_in_cache: 0
  pin_top_level_index_and_filter: 1
  index_type: 0
  hash_index_allow_collision: 1
  checksum: 1
  no_block_cache: 0
  block_cache: 0x7fc35009b3b0
  block_cache_name: LRUCache
  block_cache_options:
    capacity : 8388608
    num_shard_bits : 4
    strict_capacity_limit : 0
    memory_allocator : None
    high_pri_pool_ratio: 0.000
  block_cache_compressed: (nil)
  persistent_cache: (nil)
  block_size: 4096
  block_size_deviation: 10
  block_restart_interval: 16
  index_block_restart_interval: 1
  metadata_block_size: 4096
  partition_filters: 0
  use_delta_encoding: 1
  filter_policy: nullptr
  whole_key_filtering: 1
  verify_compression: 0
  read_amp_bytes_per_bit: 0
  format_version: 2
  enable_index_compression: 1
  block_align: 0
2019/10/17-14:55:15.453880 7fc3a9fcb700        Options.write_buffer_size: 67108864
2019/10/17-14:55:15.453882 7fc3a9fcb700  Options.max_write_buffer_number: 2
2019/10/17-14:55:15.453883 7fc3a9fcb700          Options.compression: NoCompression
2019/10/17-14:55:15.453884 7fc3a9fcb700                  Options.bottommost_compression: Disabled
2019/10/17-14:55:15.453885 7fc3a9fcb700       Options.prefix_extractor: nullptr
2019/10/17-14:55:15.453886 7fc3a9fcb700   Options.memtable_insert_with_hint_prefix_extractor: nullptr
2019/10/17-14:55:15.453887 7fc3a9fcb700             Options.num_levels: 7
2019/10/17-14:55:15.453888 7fc3a9fcb700        Options.min_write_buffer_number_to_merge: 1
2019/10/17-14:55:15.453889 7fc3a9fcb700     Options.max_write_buffer_number_to_maintain: 0
2019/10/17-14:55:15.453890 7fc3a9fcb700            Options.bottommost_compression_opts.window_bits: -14
2019/10/17-14:55:15.453891 7fc3a9fcb700                  Options.bottommost_compression_opts.level: 32767
2019/10/17-14:55:15.453892 7fc3a9fcb700               Options.bottommost_compression_opts.strategy: 0
2019/10/17-14:55:15.453893 7fc3a9fcb700         Options.bottommost_compression_opts.max_dict_bytes: 0
2019/10/17-14:55:15.453894 7fc3a9fcb700         Options.bottommost_compression_opts.zstd_max_train_bytes: 0
2019/10/17-14:55:15.453895 7fc3a9fcb700                  Options.bottommost_compression_opts.enabled: false
2019/10/17-14:55:15.453896 7fc3a9fcb700            Options.compression_opts.window_bits: -14
2019/10/17-14:55:15.453897 7fc3a9fcb700                  Options.compression_opts.level: 32767
2019/10/17-14:55:15.453898 7fc3a9fcb700               Options.compression_opts.strategy: 0
2019/10/17-14:55:15.453899 7fc3a9fcb700         Options.compression_opts.max_dict_bytes: 0
2019/10/17-14:55:15.453900 7fc3a9fcb700         Options.compression_opts.zstd_max_train_bytes: 0
2019/10/17-14:55:15.453901 7fc3a9fcb700                  Options.compression_opts.enabled: false
2019/10/17-14:55:15.453902 7fc3a9fcb700      Options.level0_file_num_compaction_trigger: 4
2019/10/17-14:55:15.453903 7fc3a9fcb700          Options.level0_slowdown_writes_trigger: 20
2019/10/17-14:55:15.453904 7fc3a9fcb700              Options.level0_stop_writes_trigger: 36
2019/10/17-14:55:15.453905 7fc3a9fcb700                   Options.target_file_size_base: 67108864
2019/10/17-14:55:15.453906 7fc3a9fcb700             Options.target_file_size_multiplier: 1
2019/10/17-14:55:15.453907 7fc3a9fcb700                Options.max_bytes_for_level_base: 268435456
2019/10/17-14:55:15.453908 7fc3a9fcb700 Options.level_compaction_dynamic_level_bytes: 0
2019/10/17-14:55:15.453909 7fc3a9fcb700          Options.max_bytes_for_level_multiplier: 10.000000
2019/10/17-14:55:15.453911 7fc3a9fcb700 Options.max_bytes_for_level_multiplier_addtl[0]: 1
2019/10/17-14:55:15.453912 7fc3a9fcb700 Options.max_bytes_for_level_multiplier_addtl[1]: 1
2019/10/17-14:55:15.453913 7fc3a9fcb700 Options.max_bytes_for_level_multiplier_addtl[2]: 1
2019/10/17-14:55:15.453914 7fc3a9fcb700 Options.max_bytes_for_level_multiplier_addtl[3]: 1
2019/10/17-14:55:15.453915 7fc3a9fcb700 Options.max_bytes_for_level_multiplier_addtl[4]: 1
2019/10/17-14:55:15.453916 7fc3a9fcb700 Options.max_bytes_for_level_multiplier_addtl[5]: 1
2019/10/17-14:55:15.453917 7fc3a9fcb700 Options.max_bytes_for_level_multiplier_addtl[6]: 1
2019/10/17-14:55:15.453918 7fc3a9fcb700       Options.max_sequential_skip_in_iterations: 8
2019/10/17-14:55:15.453926 7fc3a9fcb700                    Options.max_compaction_bytes: 1677721600
2019/10/17-14:55:15.453927 7fc3a9fcb700                        Options.arena_block_size: 8388608
2019/10/17-14:55:15.453928 7fc3a9fcb700   Options.soft_pending_compaction_bytes_limit: 68719476736
2019/10/17-14:55:15.453929 7fc3a9fcb700   Options.hard_pending_compaction_bytes_limit: 274877906944
2019/10/17-14:55:15.453930 7fc3a9fcb700       Options.rate_limit_delay_max_milliseconds: 100
2019/10/17-14:55:15.453931 7fc3a9fcb700                Options.disable_auto_compactions: 0
2019/10/17-14:55:15.453932 7fc3a9fcb700                        Options.compaction_style: kCompactionStyleLevel
2019/10/17-14:55:15.453934 7fc3a9fcb700                          Options.compaction_pri: kByCompensatedSize
2019/10/17-14:55:15.453934 7fc3a9fcb700 Options.compaction_options_universal.size_ratio: 1
2019/10/17-14:55:15.453935 7fc3a9fcb700 Options.compaction_options_universal.min_merge_width: 2
2019/10/17-14:55:15.453936 7fc3a9fcb700 Options.compaction_options_universal.max_merge_width: 4294967295
2019/10/17-14:55:15.453937 7fc3a9fcb700 Options.compaction_options_universal.max_size_amplification_percent: 200
2019/10/17-14:55:15.453938 7fc3a9fcb700 Options.compaction_options_universal.compression_size_percent: -1
2019/10/17-14:55:15.453940 7fc3a9fcb700 Options.compaction_options_universal.stop_style: kCompactionStopStyleTotalSize
2019/10/17-14:55:15.453941 7fc3a9fcb700 Options.compaction_options_fifo.max_table_files_size: 1073741824
2019/10/17-14:55:15.453942 7fc3a9fcb700 Options.compaction_options_fifo.allow_compaction: 0
2019/10/17-14:55:15.453943 7fc3a9fcb700 Options.compaction_options_fifo.ttl: 0
2019/10/17-14:55:15.453944 7fc3a9fcb700                   Options.table_properties_collectors: 
2019/10/17-14:55:15.453945 7fc3a9fcb700                   Options.inplace_update_support: 0
2019/10/17-14:55:15.453946 7fc3a9fcb700                 Options.inplace_update_num_locks: 10000
2019/10/17-14:55:15.453947 7fc3a9fcb700               Options.memtable_prefix_bloom_size_ratio: 0.000000
2019/10/17-14:55:15.453948 7fc3a9fcb700   Options.memtable_huge_page_size: 0
2019/10/17-14:55:15.453949 7fc3a9fcb700                           Options.bloom_locality: 0
2019/10/17-14:55:15.453950 7fc3a9fcb700                    Options.max_successive_merges: 0
2019/10/17-14:55:15.453951 7fc3a9fcb700                Options.optimize_filters_for_hits: 0
2019/10/17-14:55:15.453952 7fc3a9fcb700                Options.paranoid_file_checks: 0
2019/10/17-14:55:15.453953 7fc3a9fcb700                Options.force_consistency_checks: 0
2019/10/17-14:55:15.453954 7fc3a9fcb700                Options.report_bg_io_stats: 0
2019/10/17-14:55:15.453955 7fc3a9fcb700                               Options.ttl: 0
2019/10/17-14:55:15.453977 7fc3a9fcb700 [db/column_family.cc:472] --------------- Options for column family [entries]:
2019/10/17-14:55:15.453979 7fc3a9fcb700               Options.comparator: leveldb.BytewiseComparator
2019/10/17-14:55:15.453980 7fc3a9fcb700           Options.merge_operator: None
2019/10/17-14:55:15.453981 7fc3a9fcb700        Options.compaction_filter: None
2019/10/17-14:55:15.453982 7fc3a9fcb700        Options.compaction_filter_factory: None
2019/10/17-14:55:15.453983 7fc3a9fcb700         Options.memtable_factory: SkipListFactory
2019/10/17-14:55:15.453984 7fc3a9fcb700            Options.table_factory: BlockBasedTable
2019/10/17-14:55:15.453997 7fc3a9fcb700            table_factory options:   flush_block_policy_factory: FlushBlockBySizePolicyFactory (0x7fc350079d30)
  cache_index_and_filter_blocks: 0
  cache_index_and_filter_blocks_with_high_priority: 0
  pin_l0_filter_and_index_blocks_in_cache: 0
  pin_top_level_index_and_filter: 1
  index_type: 0
  hash_index_allow_collision: 1
  checksum: 1
  no_block_cache: 0
  block_cache: 0x7fc350089560
  block_cache_name: LRUCache
  block_cache_options:
    capacity : 8388608
    num_shard_bits : 4
    strict_capacity_limit : 0
    memory_allocator : None
    high_pri_pool_ratio: 0.000
  block_cache_compressed: (nil)
  persistent_cache: (nil)
  block_size: 4096
  block_size_deviation: 10
  block_restart_interval: 16
  index_block_restart_interval: 1
  metadata_block_size: 4096
  partition_filters: 0
  use_delta_encoding: 1
  filter_policy: nullptr
  whole_key_filtering: 1
  verify_compression: 0
  read_amp_bytes_per_bit: 0
  format_version: 2
  enable_index_compression: 1
  block_align: 0
2019/10/17-14:55:15.454006 7fc3a9fcb700        Options.write_buffer_size: 67108864
2019/10/17-14:55:15.454007 7fc3a9fcb700  Options.max_write_buffer_number: 2
2019/10/17-14:55:15.454008 7fc3a9fcb700          Options.compression: NoCompression
2019/10/17-14:55:15.454009 7fc3a9fcb700                  Options.bottommost_compression: Disabled
2019/10/17-14:55:15.454010 7fc3a9fcb700       Options.prefix_extractor: nullptr
2019/10/17-14:55:15.454011 7fc3a9fcb700   Options.memtable_insert_with_hint_prefix_extractor: nullptr
2019/10/17-14:55:15.454012 7fc3a9fcb700             Options.num_levels: 7
2019/10/17-14:55:15.454013 7fc3a9fcb700        Options.min_write_buffer_number_to_merge: 1
2019/10/17-14:55:15.454014 7fc3a9fcb700     Options.max_write_buffer_number_to_maintain: 0
2019/10/17-14:55:15.454015 7fc3a9fcb700            Options.bottommost_compression_opts.window_bits: -14
2019/10/17-14:55:15.454016 7fc3a9fcb700                  Options.bottommost_compression_opts.level: 32767
2019/10/17-14:55:15.454017 7fc3a9fcb700               Options.bottommost_compression_opts.strategy: 0
2019/10/17-14:55:15.454018 7fc3a9fcb700         Options.bottommost_compression_opts.max_dict_bytes: 0
2019/10/17-14:55:15.454019 7fc3a9fcb700         Options.bottommost_compression_opts.zstd_max_train_bytes: 0
2019/10/17-14:55:15.454020 7fc3a9fcb700                  Options.bottommost_compression_opts.enabled: false
2019/10/17-14:55:15.454021 7fc3a9fcb700            Options.compression_opts.window_bits: -14
2019/10/17-14:55:15.454022 7fc3a9fcb700                  Options.compression_opts.level: 32767
2019/10/17-14:55:15.454023 7fc3a9fcb700               Options.compression_opts.strategy: 0
2019/10/17-14:55:15.454024 7fc3a9fcb700         Options.compression_opts.max_dict_bytes: 0
2019/10/17-14:55:15.454025 7fc3a9fcb700         Options.compression_opts.zstd_max_train_bytes: 0
2019/10/17-14:55:15.454026 7fc3a9fcb700                  Options.compression_opts.enabled: false
2019/10/17-14:55:15.454027 7fc3a9fcb700      Options.level0_file_num_compaction_trigger: 4
2019/10/17-14:55:15.454028 7fc3a9fcb700          Options.level0_slowdown_writes_trigger: 20
2019/10/17-14:55:15.454029 7fc3a9fcb700              Options.level0_stop_writes_trigger: 36
2019/10/17-14:55:15.454030 7fc3a9fcb700                   Options.target_file_size_base: 67108864
2019/10/17-14:55:15.454031 7fc3a9fcb700             Options.target_file_size_multiplier: 1
2019/10/17-14:55:15.454032 7fc3a9fcb700                Options.max_bytes_for_level_base: 268435456
2019/10/17-14:55:15.454033 7fc3a9fcb700 Options.level_compaction_dynamic_level_bytes: 0
2019/10/17-14:55:15.454034 7fc3a9fcb700          Options.max_bytes_for_level_multiplier: 10.000000
2019/10/17-14:55:15.454035 7fc3a9fcb700 Options.max_bytes_for_level_multiplier_addtl[0]: 1
2019/10/17-14:55:15.454036 7fc3a9fcb700 Options.max_bytes_for_level_multiplier_addtl[1]: 1
2019/10/17-14:55:15.454037 7fc3a9fcb700 Options.max_bytes_for_level_multiplier_addtl[2]: 1
2019/10/17-14:55:15.454038 7fc3a9fcb700 Options.max_bytes_for_level_multiplier_addtl[3]: 1
2019/10/17-14:55:15.454039 7fc3a9fcb700 Options.max_bytes_for_level_multiplier_addtl[4]: 1
2019/10/17-14:55:15.454040 7fc3a9fcb700 Options.max_bytes_for_level_multiplier_addtl[5]: 1
2019/10/17-14:55:15.454041 7fc3a9fcb700 Options.max_bytes_for_level_multiplier_addtl[6]: 1
2019/10/17-14:55:15.454042 7fc3a9fcb700       Options.max_sequential_skip_in_iterations: 8
2019/10/17-14:55:15.454043 7fc3a9fcb700                    Options.max_compaction_bytes: 1677721600
2019/10/17-14:55:15.454044 7fc3a9fcb700                        Options.arena_block_size: 8388608
2019/10/17-14:55:15.454045 7fc3a9fcb700   Options.soft_pending_compaction_bytes_limit: 68719476736
2019/10/17-14:55:15.454051 7fc3a9fcb700   Options.hard_pending_compaction_bytes_limit: 274877906944
2019/10/17-14:55:15.454052 7fc3a9fcb700       Options.rate_limit_delay_max_milliseconds: 100
2019/10/17-14:55:15.454053 7fc3a9fcb700                Options.disable_auto_compactions: 0
2019/10/17-14:55:15.454054 7fc3a9fcb700                        Options.compaction_style: kCompactionStyleLevel
2019/10/17-14:55:15.454056 7fc3a9fcb700                          Options.compaction_pri: kByCompensatedSize
2019/10/17-14:55:15.454057 7fc3a9fcb700 Options.compaction_options_universal.size_ratio: 1
2019/10/17-14:55:15.454058 7fc3a9fcb700 Options.compaction_options_universal.min_merge_width: 2
2019/10/17-14:55:15.454059 7fc3a9fcb700 Options.compaction_options_universal.max_merge_width: 4294967295
2019/10/17-14:55:15.454060 7fc3a9fcb700 Options.compaction_options_universal.max_size_amplification_percent: 200
2019/10/17-14:55:15.454061 7fc3a9fcb700 Options.compaction_options_universal.compression_size_percent: -1
2019/10/17-14:55:15.454062 7fc3a9fcb700 Options.compaction_options_universal.stop_style: kCompactionStopStyleTotalSize
2019/10/17-14:55:15.454063 7fc3a9fcb700 Options.compaction_options_fifo.max_table_files_size: 1073741824
2019/10/17-14:55:15.454064 7fc3a9fcb700 Options.compaction_options_fifo.allow_compaction: 0
2019/10/17-14:55:15.454065 7fc3a9fcb700 Options.compaction_options_fifo.ttl: 0
2019/10/17-14:55:15.454066 7fc3a9fcb700                   Options.table_properties_collectors: 
2019/10/17-14:55:15.454067 7fc3a9fcb700                   Options.inplace_update_support: 0
2019/10/17-14:55:15.454068 7fc3a9fcb700                 Options.inplace_update_num_locks: 10000
2019/10/17-14:55:15.454069 7fc3a9fcb700               Options.memtable_prefix_bloom_size_ratio: 0.000000
2019/10/17-14:55:15.454070 7fc3a9fcb700   Options.memtable_huge_page_size: 0
2019/10/17-14:55:15.454071 7fc3a9fcb700                           Options.bloom_locality: 0
2019/10/17-14:55:15.454072 7fc3a9fcb700                    Options.max_successive_merges: 0
2019/10/17-14:55:15.454073 7fc3a9fcb700                Options.optimize_filters_for_hits: 0
2019/10/17-14:55:15.454074 7fc3a9fcb700                Options.paranoid_file_checks: 0
2019/10/17-14:55:15.454075 7fc3a9fcb700                Options.force_consistency_checks: 0
2019/10/17-14:55:15.454076 7fc3a9fcb700                Options.report_bg_io_stats: 0
2019/10/17-14:55:15.454077 7fc3a9fcb700                               Options.ttl: 0
2019/10/17-14:55:15.454095 7fc3a9fcb700 [db/column_family.cc:472] --------------- Options for column family [dc_entries]:
2019/10/17-14:55:15.454097 7fc3a9fcb700               Options.comparator: leveldb.BytewiseComparator
2019/10/17-14:55:15.454098 7fc3a9fcb700           Options.merge_operator: None
2019/10/17-14:55:15.454099 7fc3a9fcb700        Options.compaction_filter: None
2019/10/17-14:55:15.454100 7fc3a9fcb700        Options.compaction_filter_factory: None
2019/10/17-14:55:15.454101 7fc3a9fcb700         Options.memtable_factory: SkipListFactory
2019/10/17-14:55:15.454102 7fc3a9fcb700            Options.table_factory: BlockBasedTable
2019/10/17-14:55:15.454114 7fc3a9fcb700            table_factory options:   flush_block_policy_factory: FlushBlockBySizePolicyFactory (0x7fc35002cbf0)
  cache_index_and_filter_blocks: 0
  cache_index_and_filter_blocks_with_high_priority: 0
  pin_l0_filter_and_index_blocks_in_cache: 0
  pin_top_level_index_and_filter: 1
  index_type: 0
  hash_index_allow_collision: 1
  checksum: 1
  no_block_cache: 0
  block_cache: 0x7fc3500e2720
  block_cache_name: LRUCache
  block_cache_options:
    capacity : 8388608
    num_shard_bits : 4
    strict_capacity_limit : 0
    memory_allocator : None
    high_pri_pool_ratio: 0.000
  block_cache_compressed: (nil)
  persistent_cache: (nil)
  block_size: 4096
  block_size_deviation: 10
  block_restart_interval: 16
  index_block_restart_interval: 1
  metadata_block_size: 4096
  partition_filters: 0
  use_delta_encoding: 1
  filter_policy: nullptr
  whole_key_filtering: 1
  verify_compression: 0
  read_amp_bytes_per_bit: 0
  format_version: 2
  enable_index_compression: 1
  block_align: 0
2019/10/17-14:55:15.454122 7fc3a9fcb700        Options.write_buffer_size: 67108864
2019/10/17-14:55:15.454123 7fc3a9fcb700  Options.max_write_buffer_number: 2
2019/10/17-14:55:15.454124 7fc3a9fcb700          Options.compression: NoCompression
2019/10/17-14:55:15.454125 7fc3a9fcb700                  Options.bottommost_compression: Disabled
2019/10/17-14:55:15.454126 7fc3a9fcb700       Options.prefix_extractor: nullptr
2019/10/17-14:55:15.454127 7fc3a9fcb700   Options.memtable_insert_with_hint_prefix_extractor: nullptr
2019/10/17-14:55:15.454128 7fc3a9fcb700             Options.num_levels: 7
2019/10/17-14:55:15.454129 7fc3a9fcb700        Options.min_write_buffer_number_to_merge: 1
2019/10/17-14:55:15.454130 7fc3a9fcb700     Options.max_write_buffer_number_to_maintain: 0
2019/10/17-14:55:15.454131 7fc3a9fcb700            Options.bottommost_compression_opts.window_bits: -14
2019/10/17-14:55:15.454132 7fc3a9fcb700                  Options.bottommost_compression_opts.level: 32767
2019/10/17-14:55:15.454133 7fc3a9fcb700               Options.bottommost_compression_opts.strategy: 0
2019/10/17-14:55:15.454134 7fc3a9fcb700         Options.bottommost_compression_opts.max_dict_bytes: 0
2019/10/17-14:55:15.454135 7fc3a9fcb700         Options.bottommost_compression_opts.zstd_max_train_bytes: 0
2019/10/17-14:55:15.454136 7fc3a9fcb700                  Options.bottommost_compression_opts.enabled: false
2019/10/17-14:55:15.454137 7fc3a9fcb700            Options.compression_opts.window_bits: -14
2019/10/17-14:55:15.454138 7fc3a9fcb700                  Options.compression_opts.level: 32767
2019/10/17-14:55:15.454138 7fc3a9fcb700               Options.compression_opts.strategy: 0
2019/10/17-14:55:15.454139 7fc3a9fcb700         Options.compression_opts.max_dict_bytes: 0
2019/10/17-14:55:15.454140 7fc3a9fcb700         Options.compression_opts.zstd_max_train_bytes: 0
2019/10/17-14:55:15.454141 7fc3a9fcb700                  Options.compression_opts.enabled: false
2019/10/17-14:55:15.454142 7fc3a9fcb700      Options.level0_file_num_compaction_trigger: 4
2019/10/17-14:55:15.454143 7fc3a9fcb700          Options.level0_slowdown_writes_trigger: 20
2019/10/17-14:55:15.454144 7fc3a9fcb700              Options.level0_stop_writes_trigger: 36
2019/10/17-14:55:15.454145 7fc3a9fcb700                   Options.target_file_size_base: 67108864
2019/10/17-14:55:15.454146 7fc3a9fcb700             Options.target_file_size_multiplier: 1
2019/10/17-14:55:15.454147 7fc3a9fcb700                Options.max_bytes_for_level_base: 268435456
2019/10/17-14:55:15.454148 7fc3a9fcb700 Options.level_compaction_dynamic_level_bytes: 0
2019/10/17-14:55:15.454149 7fc3a9fcb700          Options.max_bytes_for_level_multiplier: 10.000000
2019/10/17-14:55:15.454151 7fc3a9fcb700 Options.max_bytes_for_level_multiplier_addtl[0]: 1
2019/10/17-14:55:15.454152 7fc3a9fcb700 Options.max_bytes_for_level_multiplier_addtl[1]: 1
2019/10/17-14:55:15.454153 7fc3a9fcb700 Options.max_bytes_for_level_multiplier_addtl[2]: 1
2019/10/17-14:55:15.454154 7fc3a9fcb700 Options.max_bytes_for_level_multiplier_addtl[3]: 1
2019/10/17-14:55:15.454155 7fc3a9fcb700 Options.max_bytes_for_level_multiplier_addtl[4]: 1
2019/10/17-14:55:15.454156 7fc3a9fcb700 Options.max_bytes_for_level_multiplier_addtl[5]: 1
2019/10/17-14:55:15.454157 7fc3a9fcb700 Options.max_bytes_for_level_multiplier_addtl[6]: 1
2019/10/17-14:55:15.454158 7fc3a9fcb700       Options.max_sequential_skip_in_iterations: 8
2019/10/17-14:55:15.454159 7fc3a9fcb700                    Options.max_compaction_bytes: 1677721600
2019/10/17-14:55:15.454159 7fc3a9fcb700                        Options.arena_block_size: 8388608
2019/10/17-14:55:15.454161 7fc3a9fcb700   Options.soft_pending_compaction_bytes_limit: 68719476736
2019/10/17-14:55:15.454162 7fc3a9fcb700   Options.hard_pending_compaction_bytes_limit: 274877906944
2019/10/17-14:55:15.454163 7fc3a9fcb700       Options.rate_limit_delay_max_milliseconds: 100
2019/10/17-14:55:15.454163 7fc3a9fcb700                Options.disable_auto_compactions: 0
2019/10/17-14:55:15.454170 7fc3a9fcb700                        Options.compaction_style: kCompactionStyleLevel
2019/10/17-14:55:15.454171 7fc3a9fcb700                          Options.compaction_pri: kByCompensatedSize
2019/10/17-14:55:15.454172 7fc3a9fcb700 Options.compaction_options_universal.size_ratio: 1
2019/10/17-14:55:15.454173 7fc3a9fcb700 Options.compaction_options_universal.min_merge_width: 2
2019/10/17-14:55:15.454174 7fc3a9fcb700 Options.compaction_options_universal.max_merge_width: 4294967295
2019/10/17-14:55:15.454175 7fc3a9fcb700 Options.compaction_options_universal.max_size_amplification_percent: 200
2019/10/17-14:55:15.454176 7fc3a9fcb700 Options.compaction_options_universal.compression_size_percent: -1
2019/10/17-14:55:15.454177 7fc3a9fcb700 Options.compaction_options_universal.stop_style: kCompactionStopStyleTotalSize
2019/10/17-14:55:15.454178 7fc3a9fcb700 Options.compaction_options_fifo.max_table_files_size: 1073741824
2019/10/17-14:55:15.454179 7fc3a9fcb700 Options.compaction_options_fifo.allow_compaction: 0
2019/10/17-14:55:15.454180 7fc3a9fcb700 Options.compaction_options_fifo.ttl: 0
2019/10/17-14:55:15.454181 7fc3a9fcb700                   Options.table_properties_collectors: 
2019/10/17-14:55:15.454182 7fc3a9fcb700                   Options.inplace_update_support: 0
2019/10/17-14:55:15.454183 7fc3a9fcb700                 Options.inplace_update_num_locks: 10000
2019/10/17-14:55:15.454184 7fc3a9fcb700               Options.memtable_prefix_bloom_size_ratio: 0.000000
2019/10/17-14:55:15.454186 7fc3a9fcb700   Options.memtable_huge_page_size: 0
2019/10/17-14:55:15.454187 7fc3a9fcb700                           Options.bloom_locality: 0
2019/10/17-14:55:15.454188 7fc3a9fcb700                    Options.max_successive_merges: 0
2019/10/17-14:55:15.454188 7fc3a9fcb700                Options.optimize_filters_for_hits: 0
2019/10/17-14:55:15.454189 7fc3a9fcb700                Options.paranoid_file_checks: 0
2019/10/17-14:55:15.454190 7fc3a9fcb700                Options.force_consistency_checks: 0
2019/10/17-14:55:15.454191 7fc3a9fcb700                Options.report_bg_io_stats: 0
2019/10/17-14:55:15.454192 7fc3a9fcb700                               Options.ttl: 0
2019/10/17-14:55:15.454207 7fc3a9fcb700 [db/column_family.cc:472] --------------- Options for column family [htlcs]:
2019/10/17-14:55:15.454209 7fc3a9fcb700               Options.comparator: leveldb.BytewiseComparator
2019/10/17-14:55:15.454210 7fc3a9fcb700           Options.merge_operator: None
2019/10/17-14:55:15.454211 7fc3a9fcb700        Options.compaction_filter: None
2019/10/17-14:55:15.454212 7fc3a9fcb700        Options.compaction_filter_factory: None
2019/10/17-14:55:15.454213 7fc3a9fcb700         Options.memtable_factory: SkipListFactory
2019/10/17-14:55:15.454214 7fc3a9fcb700            Options.table_factory: BlockBasedTable
2019/10/17-14:55:15.454225 7fc3a9fcb700            table_factory options:   flush_block_policy_factory: FlushBlockBySizePolicyFactory (0x7fc3500e27a0)
