2019/10/17-14:54:03.301956 7fc3a9fcb700 RocksDB version: 5.18.3
2019/10/17-14:54:03.302071 7fc3a9fcb700 Git sha rocksdb_build_git_sha:@0@
2019/10/17-14:54:03.302074 7fc3a9fcb700 Compile date Sep 19 2019
2019/10/17-14:54:03.302076 7fc3a9fcb700 DB SUMMARY
2019/10/17-14:54:03.303029 7fc3a9fcb700 CURRENT file:  CURRENT
2019/10/17-14:54:03.303031 7fc3a9fcb700 IDENTITY file:  IDENTITY
2019/10/17-14:54:03.303071 7fc3a9fcb700 MANIFEST file:  MANIFEST-114604 size: 4114 Bytes
2019/10/17-14:54:03.303073 7fc3a9fcb700 SST files in /home/rahul/dev/blockchain-core/eqc/ledger.db dir, Total Num: 29, files: 000624.sst 000627.sst 106940.sst 108447.sst 108450.sst 109471.sst 109483.sst 109485.sst 109486.sst 
2019/10/17-14:54:03.303075 7fc3a9fcb700 Write Ahead Log file in /home/rahul/dev/blockchain-core/eqc/ledger.db: 114605.log size: 0 ; 
2019/10/17-14:54:03.303120 7fc3a9fcb700                         Options.error_if_exists: 0
2019/10/17-14:54:03.303122 7fc3a9fcb700                       Options.create_if_missing: 1
2019/10/17-14:54:03.303123 7fc3a9fcb700                         Options.paranoid_checks: 1
2019/10/17-14:54:03.303124 7fc3a9fcb700                                     Options.env: 0x7fc32ae1fc60
2019/10/17-14:54:03.303125 7fc3a9fcb700                                Options.info_log: 0x7fc350075c80
2019/10/17-14:54:03.303126 7fc3a9fcb700                Options.max_file_opening_threads: 16
2019/10/17-14:54:03.303127 7fc3a9fcb700                              Options.statistics: (nil)
2019/10/17-14:54:03.303128 7fc3a9fcb700                               Options.use_fsync: 0
2019/10/17-14:54:03.303130 7fc3a9fcb700                       Options.max_log_file_size: 0
2019/10/17-14:54:03.303131 7fc3a9fcb700                  Options.max_manifest_file_size: 1073741824
2019/10/17-14:54:03.303132 7fc3a9fcb700                   Options.log_file_time_to_roll: 0
2019/10/17-14:54:03.303133 7fc3a9fcb700                       Options.keep_log_file_num: 1000
2019/10/17-14:54:03.303134 7fc3a9fcb700                    Options.recycle_log_file_num: 0
2019/10/17-14:54:03.303135 7fc3a9fcb700                         Options.allow_fallocate: 1
2019/10/17-14:54:03.303136 7fc3a9fcb700                        Options.allow_mmap_reads: 0
2019/10/17-14:54:03.303137 7fc3a9fcb700                       Options.allow_mmap_writes: 0
2019/10/17-14:54:03.303138 7fc3a9fcb700                        Options.use_direct_reads: 0
2019/10/17-14:54:03.303139 7fc3a9fcb700                        Options.use_direct_io_for_flush_and_compaction: 0
2019/10/17-14:54:03.303140 7fc3a9fcb700          Options.create_missing_column_families: 0
2019/10/17-14:54:03.303141 7fc3a9fcb700                              Options.db_log_dir: 
2019/10/17-14:54:03.303142 7fc3a9fcb700                                 Options.wal_dir: /home/rahul/dev/blockchain-core/eqc/ledger.db
2019/10/17-14:54:03.303143 7fc3a9fcb700                Options.table_cache_numshardbits: 6
2019/10/17-14:54:03.303144 7fc3a9fcb700                      Options.max_subcompactions: 1
2019/10/17-14:54:03.303145 7fc3a9fcb700                  Options.max_background_flushes: -1
2019/10/17-14:54:03.303146 7fc3a9fcb700                         Options.WAL_ttl_seconds: 0
2019/10/17-14:54:03.303147 7fc3a9fcb700                       Options.WAL_size_limit_MB: 0
2019/10/17-14:54:03.303148 7fc3a9fcb700             Options.manifest_preallocation_size: 4194304
2019/10/17-14:54:03.303149 7fc3a9fcb700                     Options.is_fd_close_on_exec: 1
2019/10/17-14:54:03.303150 7fc3a9fcb700                   Options.advise_random_on_open: 1
2019/10/17-14:54:03.303151 7fc3a9fcb700                    Options.db_write_buffer_size: 0
2019/10/17-14:54:03.303152 7fc3a9fcb700                    Options.write_buffer_manager: 0x7fc350070980
2019/10/17-14:54:03.303153 7fc3a9fcb700         Options.access_hint_on_compaction_start: 1
2019/10/17-14:54:03.303154 7fc3a9fcb700  Options.new_table_reader_for_compaction_inputs: 0
2019/10/17-14:54:03.303155 7fc3a9fcb700           Options.random_access_max_buffer_size: 1048576
2019/10/17-14:54:03.303156 7fc3a9fcb700                      Options.use_adaptive_mutex: 0
2019/10/17-14:54:03.303157 7fc3a9fcb700                            Options.rate_limiter: (nil)
2019/10/17-14:54:03.303169 7fc3a9fcb700     Options.sst_file_manager.rate_bytes_per_sec: 0
2019/10/17-14:54:03.303170 7fc3a9fcb700                       Options.wal_recovery_mode: 2
2019/10/17-14:54:03.303171 7fc3a9fcb700                  Options.enable_thread_tracking: 0
2019/10/17-14:54:03.303172 7fc3a9fcb700                  Options.enable_pipelined_write: 0
2019/10/17-14:54:03.303173 7fc3a9fcb700         Options.allow_concurrent_memtable_write: 1
2019/10/17-14:54:03.303174 7fc3a9fcb700      Options.enable_write_thread_adaptive_yield: 1
2019/10/17-14:54:03.303175 7fc3a9fcb700             Options.write_thread_max_yield_usec: 100
2019/10/17-14:54:03.303176 7fc3a9fcb700            Options.write_thread_slow_yield_usec: 3
2019/10/17-14:54:03.303177 7fc3a9fcb700                               Options.row_cache: None
2019/10/17-14:54:03.303178 7fc3a9fcb700                              Options.wal_filter: None
2019/10/17-14:54:03.303180 7fc3a9fcb700             Options.avoid_flush_during_recovery: 0
2019/10/17-14:54:03.303180 7fc3a9fcb700             Options.allow_ingest_behind: 0
2019/10/17-14:54:03.303181 7fc3a9fcb700             Options.preserve_deletes: 0
2019/10/17-14:54:03.303182 7fc3a9fcb700             Options.two_write_queues: 0
2019/10/17-14:54:03.303183 7fc3a9fcb700             Options.manual_wal_flush: 0
2019/10/17-14:54:03.303185 7fc3a9fcb700             Options.max_background_jobs: 2
2019/10/17-14:54:03.303186 7fc3a9fcb700             Options.max_background_compactions: -1
2019/10/17-14:54:03.303187 7fc3a9fcb700             Options.avoid_flush_during_shutdown: 0
2019/10/17-14:54:03.303187 7fc3a9fcb700           Options.writable_file_max_buffer_size: 1048576
2019/10/17-14:54:03.303188 7fc3a9fcb700             Options.delayed_write_rate : 16777216
2019/10/17-14:54:03.303190 7fc3a9fcb700             Options.max_total_wal_size: 0
2019/10/17-14:54:03.303191 7fc3a9fcb700             Options.delete_obsolete_files_period_micros: 21600000000
2019/10/17-14:54:03.303192 7fc3a9fcb700                   Options.stats_dump_period_sec: 600
2019/10/17-14:54:03.303193 7fc3a9fcb700                          Options.max_open_files: -1
2019/10/17-14:54:03.303194 7fc3a9fcb700                          Options.bytes_per_sync: 0
2019/10/17-14:54:03.303195 7fc3a9fcb700                      Options.wal_bytes_per_sync: 0
2019/10/17-14:54:03.303196 7fc3a9fcb700       Options.compaction_readahead_size: 0
2019/10/17-14:54:03.303197 7fc3a9fcb700 Compression algorithms supported:
2019/10/17-14:54:03.303198 7fc3a9fcb700 	kZSTDNotFinalCompression supported: 0
2019/10/17-14:54:03.303199 7fc3a9fcb700 	kZSTD supported: 0
2019/10/17-14:54:03.303200 7fc3a9fcb700 	kXpressCompression supported: 0
2019/10/17-14:54:03.303202 7fc3a9fcb700 	kLZ4HCCompression supported: 0
2019/10/17-14:54:03.303203 7fc3a9fcb700 	kLZ4Compression supported: 0
2019/10/17-14:54:03.303204 7fc3a9fcb700 	kBZip2Compression supported: 0
2019/10/17-14:54:03.303205 7fc3a9fcb700 	kZlibCompression supported: 0
2019/10/17-14:54:03.303206 7fc3a9fcb700 	kSnappyCompression supported: 0
2019/10/17-14:54:03.303208 7fc3a9fcb700 Fast CRC32 supported: Supported on x86
2019/10/17-14:54:03.303328 7fc3a9fcb700 [db/version_set.cc:3507] Recovering from manifest file: MANIFEST-114604
2019/10/17-14:54:03.303371 7fc3a9fcb700 [db/column_family.cc:472] --------------- Options for column family [default]:
2019/10/17-14:54:03.303373 7fc3a9fcb700               Options.comparator: leveldb.BytewiseComparator
2019/10/17-14:54:03.303375 7fc3a9fcb700           Options.merge_operator: None
2019/10/17-14:54:03.303376 7fc3a9fcb700        Options.compaction_filter: None
2019/10/17-14:54:03.303377 7fc3a9fcb700        Options.compaction_filter_factory: None
2019/10/17-14:54:03.303378 7fc3a9fcb700         Options.memtable_factory: SkipListFactory
2019/10/17-14:54:03.303379 7fc3a9fcb700            Options.table_factory: BlockBasedTable
2019/10/17-14:54:03.303397 7fc3a9fcb700            table_factory options:   flush_block_policy_factory: FlushBlockBySizePolicyFactory (0x7fc350090070)
  cache_index_and_filter_blocks: 0
  cache_index_and_filter_blocks_with_high_priority: 0
  pin_l0_filter_and_index_blocks_in_cache: 0
  pin_top_level_index_and_filter: 1
  index_type: 0
  hash_index_allow_collision: 1
  checksum: 1
  no_block_cache: 0
  block_cache: 0x7fc3500b6b60
  block_cache_name: LRUCache
  block_cache_options:
    capacity : 8388608
    num_shard_bits : 4
    strict_capacity_limit : 0
    memory_allocator : None
    high_pri_pool_ratio: 0.000
  block_cache_compressed: (nil)
  persistent_cache: (nil)
  block_size: 4096
  block_size_deviation: 10
  block_restart_interval: 16
  index_block_restart_interval: 1
  metadata_block_size: 4096
  partition_filters: 0
  use_delta_encoding: 1
  filter_policy: nullptr
  whole_key_filtering: 1
  verify_compression: 0
  read_amp_bytes_per_bit: 0
  format_version: 2
  enable_index_compression: 1
  block_align: 0
2019/10/17-14:54:03.303409 7fc3a9fcb700        Options.write_buffer_size: 67108864
2019/10/17-14:54:03.303411 7fc3a9fcb700  Options.max_write_buffer_number: 2
2019/10/17-14:54:03.303412 7fc3a9fcb700          Options.compression: NoCompression
2019/10/17-14:54:03.303413 7fc3a9fcb700                  Options.bottommost_compression: Disabled
2019/10/17-14:54:03.303414 7fc3a9fcb700       Options.prefix_extractor: nullptr
2019/10/17-14:54:03.303415 7fc3a9fcb700   Options.memtable_insert_with_hint_prefix_extractor: nullptr
2019/10/17-14:54:03.303416 7fc3a9fcb700             Options.num_levels: 7
2019/10/17-14:54:03.303417 7fc3a9fcb700        Options.min_write_buffer_number_to_merge: 1
2019/10/17-14:54:03.303418 7fc3a9fcb700     Options.max_write_buffer_number_to_maintain: 0
2019/10/17-14:54:03.303419 7fc3a9fcb700            Options.bottommost_compression_opts.window_bits: -14
2019/10/17-14:54:03.303420 7fc3a9fcb700                  Options.bottommost_compression_opts.level: 32767
2019/10/17-14:54:03.303421 7fc3a9fcb700               Options.bottommost_compression_opts.strategy: 0
2019/10/17-14:54:03.303422 7fc3a9fcb700         Options.bottommost_compression_opts.max_dict_bytes: 0
2019/10/17-14:54:03.303423 7fc3a9fcb700         Options.bottommost_compression_opts.zstd_max_train_bytes: 0
2019/10/17-14:54:03.303424 7fc3a9fcb700                  Options.bottommost_compression_opts.enabled: false
2019/10/17-14:54:03.303425 7fc3a9fcb700            Options.compression_opts.window_bits: -14
2019/10/17-14:54:03.303426 7fc3a9fcb700                  Options.compression_opts.level: 32767
2019/10/17-14:54:03.303427 7fc3a9fcb700               Options.compression_opts.strategy: 0
2019/10/17-14:54:03.303428 7fc3a9fcb700         Options.compression_opts.max_dict_bytes: 0
2019/10/17-14:54:03.303429 7fc3a9fcb700         Options.compression_opts.zstd_max_train_bytes: 0
2019/10/17-14:54:03.303430 7fc3a9fcb700                  Options.compression_opts.enabled: false
2019/10/17-14:54:03.303431 7fc3a9fcb700      Options.level0_file_num_compaction_trigger: 4
2019/10/17-14:54:03.303432 7fc3a9fcb700          Options.level0_slowdown_writes_trigger: 20
2019/10/17-14:54:03.303433 7fc3a9fcb700              Options.level0_stop_writes_trigger: 36
2019/10/17-14:54:03.303434 7fc3a9fcb700                   Options.target_file_size_base: 67108864
2019/10/17-14:54:03.303435 7fc3a9fcb700             Options.target_file_size_multiplier: 1
2019/10/17-14:54:03.303436 7fc3a9fcb700                Options.max_bytes_for_level_base: 268435456
2019/10/17-14:54:03.303437 7fc3a9fcb700 Options.level_compaction_dynamic_level_bytes: 0
2019/10/17-14:54:03.303438 7fc3a9fcb700          Options.max_bytes_for_level_multiplier: 10.000000
2019/10/17-14:54:03.303441 7fc3a9fcb700 Options.max_bytes_for_level_multiplier_addtl[0]: 1
2019/10/17-14:54:03.303442 7fc3a9fcb700 Options.max_bytes_for_level_multiplier_addtl[1]: 1
2019/10/17-14:54:03.303443 7fc3a9fcb700 Options.max_bytes_for_level_multiplier_addtl[2]: 1
2019/10/17-14:54:03.303444 7fc3a9fcb700 Options.max_bytes_for_level_multiplier_addtl[3]: 1
2019/10/17-14:54:03.303445 7fc3a9fcb700 Options.max_bytes_for_level_multiplier_addtl[4]: 1
2019/10/17-14:54:03.303451 7fc3a9fcb700 Options.max_bytes_for_level_multiplier_addtl[5]: 1
2019/10/17-14:54:03.303452 7fc3a9fcb700 Options.max_bytes_for_level_multiplier_addtl[6]: 1
2019/10/17-14:54:03.303453 7fc3a9fcb700       Options.max_sequential_skip_in_iterations: 8
2019/10/17-14:54:03.303454 7fc3a9fcb700                    Options.max_compaction_bytes: 1677721600
2019/10/17-14:54:03.303455 7fc3a9fcb700                        Options.arena_block_size: 8388608
2019/10/17-14:54:03.303456 7fc3a9fcb700   Options.soft_pending_compaction_bytes_limit: 68719476736
2019/10/17-14:54:03.303458 7fc3a9fcb700   Options.hard_pending_compaction_bytes_limit: 274877906944
2019/10/17-14:54:03.303459 7fc3a9fcb700       Options.rate_limit_delay_max_milliseconds: 100
2019/10/17-14:54:03.303460 7fc3a9fcb700                Options.disable_auto_compactions: 0
2019/10/17-14:54:03.303461 7fc3a9fcb700                        Options.compaction_style: kCompactionStyleLevel
2019/10/17-14:54:03.303463 7fc3a9fcb700                          Options.compaction_pri: kByCompensatedSize
2019/10/17-14:54:03.303464 7fc3a9fcb700 Options.compaction_options_universal.size_ratio: 1
2019/10/17-14:54:03.303465 7fc3a9fcb700 Options.compaction_options_universal.min_merge_width: 2
2019/10/17-14:54:03.303466 7fc3a9fcb700 Options.compaction_options_universal.max_merge_width: 4294967295
2019/10/17-14:54:03.303467 7fc3a9fcb700 Options.compaction_options_universal.max_size_amplification_percent: 200
2019/10/17-14:54:03.303468 7fc3a9fcb700 Options.compaction_options_universal.compression_size_percent: -1
2019/10/17-14:54:03.303470 7fc3a9fcb700 Options.compaction_options_universal.stop_style: kCompactionStopStyleTotalSize
2019/10/17-14:54:03.303471 7fc3a9fcb700 Options.compaction_options_fifo.max_table_files_size: 1073741824
2019/10/17-14:54:03.303472 7fc3a9fcb700 Options.compaction_options_fifo.allow_compaction: 0
2019/10/17-14:54:03.303473 7fc3a9fcb700 Options.compaction_options_fifo.ttl: 0
2019/10/17-14:54:03.303474 7fc3a9fcb700                   Options.table_properties_collectors: 
2019/10/17-14:54:03.303475 7fc3a9fcb700                   Options.inplace_update_support: 0
2019/10/17-14:54:03.303476 7fc3a9fcb700                 Options.inplace_update_num_locks: 10000
2019/10/17-14:54:03.303477 7fc3a9fcb700               Options.memtable_prefix_bloom_size_ratio: 0.000000
2019/10/17-14:54:03.303478 7fc3a9fcb700   Options.memtable_huge_page_size: 0
2019/10/17-14:54:03.303479 7fc3a9fcb700                           Options.bloom_locality: 0
2019/10/17-14:54:03.303480 7fc3a9fcb700                    Options.max_successive_merges: 0
2019/10/17-14:54:03.303481 7fc3a9fcb700                Options.optimize_filters_for_hits: 0
2019/10/17-14:54:03.303482 7fc3a9fcb700                Options.paranoid_file_checks: 0
2019/10/17-14:54:03.303483 7fc3a9fcb700                Options.force_consistency_checks: 0
2019/10/17-14:54:03.303484 7fc3a9fcb700                Options.report_bg_io_stats: 0
2019/10/17-14:54:03.303485 7fc3a9fcb700                               Options.ttl: 0
2019/10/17-14:54:03.303520 7fc3a9fcb700 [db/column_family.cc:472] --------------- Options for column family [active_gateways]:
2019/10/17-14:54:03.303522 7fc3a9fcb700               Options.comparator: leveldb.BytewiseComparator
2019/10/17-14:54:03.303523 7fc3a9fcb700           Options.merge_operator: None
2019/10/17-14:54:03.303524 7fc3a9fcb700        Options.compaction_filter: None
2019/10/17-14:54:03.303525 7fc3a9fcb700        Options.compaction_filter_factory: None
2019/10/17-14:54:03.303526 7fc3a9fcb700         Options.memtable_factory: SkipListFactory
2019/10/17-14:54:03.303528 7fc3a9fcb700            Options.table_factory: BlockBasedTable
2019/10/17-14:54:03.303542 7fc3a9fcb700            table_factory options:   flush_block_policy_factory: FlushBlockBySizePolicyFactory (0x7fc3500a06b0)
  cache_index_and_filter_blocks: 0
  cache_index_and_filter_blocks_with_high_priority: 0
  pin_l0_filter_and_index_blocks_in_cache: 0
  pin_top_level_index_and_filter: 1
  index_type: 0
  hash_index_allow_collision: 1
  checksum: 1
  no_block_cache: 0
  block_cache: 0x7fc3500709c0
  block_cache_name: LRUCache
  block_cache_options:
    capacity : 8388608
    num_shard_bits : 4
    strict_capacity_limit : 0
    memory_allocator : None
    high_pri_pool_ratio: 0.000
  block_cache_compressed: (nil)
  persistent_cache: (nil)
  block_size: 4096
  block_size_deviation: 10
  block_restart_interval: 16
  index_block_restart_interval: 1
  metadata_block_size: 4096
  partition_filters: 0
  use_delta_encoding: 1
  filter_policy: nullptr
  whole_key_filtering: 1
  verify_compression: 0
  read_amp_bytes_per_bit: 0
  format_version: 2
  enable_index_compression: 1
  block_align: 0
2019/10/17-14:54:03.303550 7fc3a9fcb700        Options.write_buffer_size: 67108864
2019/10/17-14:54:03.303551 7fc3a9fcb700  Options.max_write_buffer_number: 2
2019/10/17-14:54:03.303552 7fc3a9fcb700          Options.compression: NoCompression
2019/10/17-14:54:03.303553 7fc3a9fcb700                  Options.bottommost_compression: Disabled
2019/10/17-14:54:03.303554 7fc3a9fcb700       Options.prefix_extractor: nullptr
2019/10/17-14:54:03.303555 7fc3a9fcb700   Options.memtable_insert_with_hint_prefix_extractor: nullptr
2019/10/17-14:54:03.303556 7fc3a9fcb700             Options.num_levels: 7
2019/10/17-14:54:03.303557 7fc3a9fcb700        Options.min_write_buffer_number_to_merge: 1
2019/10/17-14:54:03.303558 7fc3a9fcb700     Options.max_write_buffer_number_to_maintain: 0
2019/10/17-14:54:03.303559 7fc3a9fcb700            Options.bottommost_compression_opts.window_bits: -14
2019/10/17-14:54:03.303560 7fc3a9fcb700                  Options.bottommost_compression_opts.level: 32767
2019/10/17-14:54:03.303561 7fc3a9fcb700               Options.bottommost_compression_opts.strategy: 0
2019/10/17-14:54:03.303562 7fc3a9fcb700         Options.bottommost_compression_opts.max_dict_bytes: 0
2019/10/17-14:54:03.303563 7fc3a9fcb700         Options.bottommost_compression_opts.zstd_max_train_bytes: 0
2019/10/17-14:54:03.303564 7fc3a9fcb700                  Options.bottommost_compression_opts.enabled: false
2019/10/17-14:54:03.303565 7fc3a9fcb700            Options.compression_opts.window_bits: -14
2019/10/17-14:54:03.303566 7fc3a9fcb700                  Options.compression_opts.level: 32767
2019/10/17-14:54:03.303567 7fc3a9fcb700               Options.compression_opts.strategy: 0
2019/10/17-14:54:03.303568 7fc3a9fcb700         Options.compression_opts.max_dict_bytes: 0
2019/10/17-14:54:03.303569 7fc3a9fcb700         Options.compression_opts.zstd_max_train_bytes: 0
2019/10/17-14:54:03.303570 7fc3a9fcb700                  Options.compression_opts.enabled: false
2019/10/17-14:54:03.303571 7fc3a9fcb700      Options.level0_file_num_compaction_trigger: 4
2019/10/17-14:54:03.303572 7fc3a9fcb700          Options.level0_slowdown_writes_trigger: 20
2019/10/17-14:54:03.303573 7fc3a9fcb700              Options.level0_stop_writes_trigger: 36
2019/10/17-14:54:03.303574 7fc3a9fcb700                   Options.target_file_size_base: 67108864
2019/10/17-14:54:03.303575 7fc3a9fcb700             Options.target_file_size_multiplier: 1
2019/10/17-14:54:03.303576 7fc3a9fcb700                Options.max_bytes_for_level_base: 268435456
2019/10/17-14:54:03.303577 7fc3a9fcb700 Options.level_compaction_dynamic_level_bytes: 0
2019/10/17-14:54:03.303578 7fc3a9fcb700          Options.max_bytes_for_level_multiplier: 10.000000
2019/10/17-14:54:03.303580 7fc3a9fcb700 Options.max_bytes_for_level_multiplier_addtl[0]: 1
2019/10/17-14:54:03.303581 7fc3a9fcb700 Options.max_bytes_for_level_multiplier_addtl[1]: 1
2019/10/17-14:54:03.303582 7fc3a9fcb700 Options.max_bytes_for_level_multiplier_addtl[2]: 1
2019/10/17-14:54:03.303583 7fc3a9fcb700 Options.max_bytes_for_level_multiplier_addtl[3]: 1
2019/10/17-14:54:03.303584 7fc3a9fcb700 Options.max_bytes_for_level_multiplier_addtl[4]: 1
2019/10/17-14:54:03.303585 7fc3a9fcb700 Options.max_bytes_for_level_multiplier_addtl[5]: 1
2019/10/17-14:54:03.303586 7fc3a9fcb700 Options.max_bytes_for_level_multiplier_addtl[6]: 1
2019/10/17-14:54:03.303587 7fc3a9fcb700       Options.max_sequential_skip_in_iterations: 8
2019/10/17-14:54:03.303593 7fc3a9fcb700                    Options.max_compaction_bytes: 1677721600
2019/10/17-14:54:03.303594 7fc3a9fcb700                        Options.arena_block_size: 8388608
2019/10/17-14:54:03.303595 7fc3a9fcb700   Options.soft_pending_compaction_bytes_limit: 68719476736
2019/10/17-14:54:03.303596 7fc3a9fcb700   Options.hard_pending_compaction_bytes_limit: 274877906944
2019/10/17-14:54:03.303597 7fc3a9fcb700       Options.rate_limit_delay_max_milliseconds: 100
2019/10/17-14:54:03.303598 7fc3a9fcb700                Options.disable_auto_compactions: 0
2019/10/17-14:54:03.303599 7fc3a9fcb700                        Options.compaction_style: kCompactionStyleLevel
2019/10/17-14:54:03.303600 7fc3a9fcb700                          Options.compaction_pri: kByCompensatedSize
2019/10/17-14:54:03.303601 7fc3a9fcb700 Options.compaction_options_universal.size_ratio: 1
2019/10/17-14:54:03.303602 7fc3a9fcb700 Options.compaction_options_universal.min_merge_width: 2
2019/10/17-14:54:03.303603 7fc3a9fcb700 Options.compaction_options_universal.max_merge_width: 4294967295
2019/10/17-14:54:03.303604 7fc3a9fcb700 Options.compaction_options_universal.max_size_amplification_percent: 200
2019/10/17-14:54:03.303605 7fc3a9fcb700 Options.compaction_options_universal.compression_size_percent: -1
2019/10/17-14:54:03.303606 7fc3a9fcb700 Options.compaction_options_universal.stop_style: kCompactionStopStyleTotalSize
2019/10/17-14:54:03.303607 7fc3a9fcb700 Options.compaction_options_fifo.max_table_files_size: 1073741824
2019/10/17-14:54:03.303608 7fc3a9fcb700 Options.compaction_options_fifo.allow_compaction: 0
2019/10/17-14:54:03.303609 7fc3a9fcb700 Options.compaction_options_fifo.ttl: 0
2019/10/17-14:54:03.303610 7fc3a9fcb700                   Options.table_properties_collectors: 
2019/10/17-14:54:03.303611 7fc3a9fcb700                   Options.inplace_update_support: 0
2019/10/17-14:54:03.303612 7fc3a9fcb700                 Options.inplace_update_num_locks: 10000
2019/10/17-14:54:03.303613 7fc3a9fcb700               Options.memtable_prefix_bloom_size_ratio: 0.000000
2019/10/17-14:54:03.303615 7fc3a9fcb700   Options.memtable_huge_page_size: 0
2019/10/17-14:54:03.303616 7fc3a9fcb700                           Options.bloom_locality: 0
2019/10/17-14:54:03.303617 7fc3a9fcb700                    Options.max_successive_merges: 0
2019/10/17-14:54:03.303618 7fc3a9fcb700                Options.optimize_filters_for_hits: 0
2019/10/17-14:54:03.303619 7fc3a9fcb700                Options.paranoid_file_checks: 0
2019/10/17-14:54:03.303620 7fc3a9fcb700                Options.force_consistency_checks: 0
2019/10/17-14:54:03.303621 7fc3a9fcb700                Options.report_bg_io_stats: 0
2019/10/17-14:54:03.303622 7fc3a9fcb700                               Options.ttl: 0
2019/10/17-14:54:03.303642 7fc3a9fcb700 [db/column_family.cc:472] --------------- Options for column family [entries]:
2019/10/17-14:54:03.303644 7fc3a9fcb700               Options.comparator: leveldb.BytewiseComparator
2019/10/17-14:54:03.303645 7fc3a9fcb700           Options.merge_operator: None
2019/10/17-14:54:03.303646 7fc3a9fcb700        Options.compaction_filter: None
2019/10/17-14:54:03.303647 7fc3a9fcb700        Options.compaction_filter_factory: None
2019/10/17-14:54:03.303648 7fc3a9fcb700         Options.memtable_factory: SkipListFactory
2019/10/17-14:54:03.303649 7fc3a9fcb700            Options.table_factory: BlockBasedTable
2019/10/17-14:54:03.303662 7fc3a9fcb700            table_factory options:   flush_block_policy_factory: FlushBlockBySizePolicyFactory (0x7fc350070ad0)
  cache_index_and_filter_blocks: 0
  cache_index_and_filter_blocks_with_high_priority: 0
  pin_l0_filter_and_index_blocks_in_cache: 0
  pin_top_level_index_and_filter: 1
  index_type: 0
  hash_index_allow_collision: 1
  checksum: 1
  no_block_cache: 0
  block_cache: 0x7fc3500416c0
  block_cache_name: LRUCache
  block_cache_options:
    capacity : 8388608
    num_shard_bits : 4
    strict_capacity_limit : 0
    memory_allocator : None
    high_pri_pool_ratio: 0.000
  block_cache_compressed: (nil)
  persistent_cache: (nil)
  block_size: 4096
  block_size_deviation: 10
  block_restart_interval: 16
  index_block_restart_interval: 1
  metadata_block_size: 4096
  partition_filters: 0
  use_delta_encoding: 1
  filter_policy: nullptr
  whole_key_filtering: 1
  verify_compression: 0
  read_amp_bytes_per_bit: 0
  format_version: 2
  enable_index_compression: 1
  block_align: 0
2019/10/17-14:54:03.303670 7fc3a9fcb700        Options.write_buffer_size: 67108864
2019/10/17-14:54:03.303671 7fc3a9fcb700  Options.max_write_buffer_number: 2
2019/10/17-14:54:03.303672 7fc3a9fcb700          Options.compression: NoCompression
2019/10/17-14:54:03.303673 7fc3a9fcb700                  Options.bottommost_compression: Disabled
2019/10/17-14:54:03.303674 7fc3a9fcb700       Options.prefix_extractor: nullptr
2019/10/17-14:54:03.303675 7fc3a9fcb700   Options.memtable_insert_with_hint_prefix_extractor: nullptr
2019/10/17-14:54:03.303676 7fc3a9fcb700             Options.num_levels: 7
2019/10/17-14:54:03.303677 7fc3a9fcb700        Options.min_write_buffer_number_to_merge: 1
2019/10/17-14:54:03.303678 7fc3a9fcb700     Options.max_write_buffer_number_to_maintain: 0
2019/10/17-14:54:03.303679 7fc3a9fcb700            Options.bottommost_compression_opts.window_bits: -14
2019/10/17-14:54:03.303680 7fc3a9fcb700                  Options.bottommost_compression_opts.level: 32767
2019/10/17-14:54:03.303681 7fc3a9fcb700               Options.bottommost_compression_opts.strategy: 0
2019/10/17-14:54:03.303682 7fc3a9fcb700         Options.bottommost_compression_opts.max_dict_bytes: 0
2019/10/17-14:54:03.303683 7fc3a9fcb700         Options.bottommost_compression_opts.zstd_max_train_bytes: 0
2019/10/17-14:54:03.303684 7fc3a9fcb700                  Options.bottommost_compression_opts.enabled: false
2019/10/17-14:54:03.303685 7fc3a9fcb700            Options.compression_opts.window_bits: -14
2019/10/17-14:54:03.303686 7fc3a9fcb700                  Options.compression_opts.level: 32767
2019/10/17-14:54:03.303687 7fc3a9fcb700               Options.compression_opts.strategy: 0
2019/10/17-14:54:03.303688 7fc3a9fcb700         Options.compression_opts.max_dict_bytes: 0
2019/10/17-14:54:03.303689 7fc3a9fcb700         Options.compression_opts.zstd_max_train_bytes: 0
2019/10/17-14:54:03.303690 7fc3a9fcb700                  Options.compression_opts.enabled: false
2019/10/17-14:54:03.303691 7fc3a9fcb700      Options.level0_file_num_compaction_trigger: 4
2019/10/17-14:54:03.303692 7fc3a9fcb700          Options.level0_slowdown_writes_trigger: 20
2019/10/17-14:54:03.303693 7fc3a9fcb700              Options.level0_stop_writes_trigger: 36
2019/10/17-14:54:03.303694 7fc3a9fcb700                   Options.target_file_size_base: 67108864
2019/10/17-14:54:03.303695 7fc3a9fcb700             Options.target_file_size_multiplier: 1
2019/10/17-14:54:03.303695 7fc3a9fcb700                Options.max_bytes_for_level_base: 268435456
2019/10/17-14:54:03.303697 7fc3a9fcb700 Options.level_compaction_dynamic_level_bytes: 0
2019/10/17-14:54:03.303697 7fc3a9fcb700          Options.max_bytes_for_level_multiplier: 10.000000
2019/10/17-14:54:03.303699 7fc3a9fcb700 Options.max_bytes_for_level_multiplier_addtl[0]: 1
2019/10/17-14:54:03.303700 7fc3a9fcb700 Options.max_bytes_for_level_multiplier_addtl[1]: 1
2019/10/17-14:54:03.303701 7fc3a9fcb700 Options.max_bytes_for_level_multiplier_addtl[2]: 1
2019/10/17-14:54:03.303702 7fc3a9fcb700 Options.max_bytes_for_level_multiplier_addtl[3]: 1
2019/10/17-14:54:03.303703 7fc3a9fcb700 Options.max_bytes_for_level_multiplier_addtl[4]: 1
2019/10/17-14:54:03.303704 7fc3a9fcb700 Options.max_bytes_for_level_multiplier_addtl[5]: 1
2019/10/17-14:54:03.303705 7fc3a9fcb700 Options.max_bytes_for_level_multiplier_addtl[6]: 1
2019/10/17-14:54:03.303706 7fc3a9fcb700       Options.max_sequential_skip_in_iterations: 8
2019/10/17-14:54:03.303707 7fc3a9fcb700                    Options.max_compaction_bytes: 1677721600
2019/10/17-14:54:03.303708 7fc3a9fcb700                        Options.arena_block_size: 8388608
2019/10/17-14:54:03.303709 7fc3a9fcb700   Options.soft_pending_compaction_bytes_limit: 68719476736
2019/10/17-14:54:03.303716 7fc3a9fcb700   Options.hard_pending_compaction_bytes_limit: 274877906944
2019/10/17-14:54:03.303718 7fc3a9fcb700       Options.rate_limit_delay_max_milliseconds: 100
2019/10/17-14:54:03.303719 7fc3a9fcb700                Options.disable_auto_compactions: 0
2019/10/17-14:54:03.303721 7fc3a9fcb700                        Options.compaction_style: kCompactionStyleLevel
2019/10/17-14:54:03.303723 7fc3a9fcb700                          Options.compaction_pri: kByCompensatedSize
2019/10/17-14:54:03.303724 7fc3a9fcb700 Options.compaction_options_universal.size_ratio: 1
2019/10/17-14:54:03.303726 7fc3a9fcb700 Options.compaction_options_universal.min_merge_width: 2
2019/10/17-14:54:03.303727 7fc3a9fcb700 Options.compaction_options_universal.max_merge_width: 4294967295
2019/10/17-14:54:03.303729 7fc3a9fcb700 Options.compaction_options_universal.max_size_amplification_percent: 200
2019/10/17-14:54:03.303731 7fc3a9fcb700 Options.compaction_options_universal.compression_size_percent: -1
2019/10/17-14:54:03.303733 7fc3a9fcb700 Options.compaction_options_universal.stop_style: kCompactionStopStyleTotalSize
2019/10/17-14:54:03.303735 7fc3a9fcb700 Options.compaction_options_fifo.max_table_files_size: 1073741824
2019/10/17-14:54:03.303737 7fc3a9fcb700 Options.compaction_options_fifo.allow_compaction: 0
2019/10/17-14:54:03.303738 7fc3a9fcb700 Options.compaction_options_fifo.ttl: 0
2019/10/17-14:54:03.303739 7fc3a9fcb700                   Options.table_properties_collectors: 
2019/10/17-14:54:03.303740 7fc3a9fcb700                   Options.inplace_update_support: 0
2019/10/17-14:54:03.303741 7fc3a9fcb700                 Options.inplace_update_num_locks: 10000
2019/10/17-14:54:03.303742 7fc3a9fcb700               Options.memtable_prefix_bloom_size_ratio: 0.000000
2019/10/17-14:54:03.303744 7fc3a9fcb700   Options.memtable_huge_page_size: 0
2019/10/17-14:54:03.303745 7fc3a9fcb700                           Options.bloom_locality: 0
2019/10/17-14:54:03.303746 7fc3a9fcb700                    Options.max_successive_merges: 0
2019/10/17-14:54:03.303747 7fc3a9fcb700                Options.optimize_filters_for_hits: 0
2019/10/17-14:54:03.303748 7fc3a9fcb700                Options.paranoid_file_checks: 0
2019/10/17-14:54:03.303749 7fc3a9fcb700                Options.force_consistency_checks: 0
2019/10/17-14:54:03.303750 7fc3a9fcb700                Options.report_bg_io_stats: 0
2019/10/17-14:54:03.303751 7fc3a9fcb700                               Options.ttl: 0
2019/10/17-14:54:03.303771 7fc3a9fcb700 [db/column_family.cc:472] --------------- Options for column family [dc_entries]:
2019/10/17-14:54:03.303773 7fc3a9fcb700               Options.comparator: leveldb.BytewiseComparator
2019/10/17-14:54:03.303774 7fc3a9fcb700           Options.merge_operator: None
2019/10/17-14:54:03.303775 7fc3a9fcb700        Options.compaction_filter: None
2019/10/17-14:54:03.303776 7fc3a9fcb700        Options.compaction_filter_factory: None
2019/10/17-14:54:03.303777 7fc3a9fcb700         Options.memtable_factory: SkipListFactory
2019/10/17-14:54:03.303778 7fc3a9fcb700            Options.table_factory: BlockBasedTable
2019/10/17-14:54:03.303791 7fc3a9fcb700            table_factory options:   flush_block_policy_factory: FlushBlockBySizePolicyFactory (0x7fc3501123b0)
  cache_index_and_filter_blocks: 0
  cache_index_and_filter_blocks_with_high_priority: 0
  pin_l0_filter_and_index_blocks_in_cache: 0
  pin_top_level_index_and_filter: 1
  index_type: 0
  hash_index_allow_collision: 1
  checksum: 1
  no_block_cache: 0
  block_cache: 0x7fc350038e70
  block_cache_name: LRUCache
  block_cache_options:
    capacity : 8388608
    num_shard_bits : 4
    strict_capacity_limit : 0
    memory_allocator : None
    high_pri_pool_ratio: 0.000
  block_cache_compressed: (nil)
  persistent_cache: (nil)
  block_size: 4096
  block_size_deviation: 10
  block_restart_interval: 16
  index_block_restart_interval: 1
  metadata_block_size: 4096
  partition_filters: 0
  use_delta_encoding: 1
  filter_policy: nullptr
  whole_key_filtering: 1
  verify_compression: 0
  read_amp_bytes_per_bit: 0
  format_version: 2
  enable_index_compression: 1
  block_align: 0
2019/10/17-14:54:03.303800 7fc3a9fcb700        Options.write_buffer_size: 67108864
2019/10/17-14:54:03.303802 7fc3a9fcb700  Options.max_write_buffer_number: 2
2019/10/17-14:54:03.303803 7fc3a9fcb700          Options.compression: NoCompression
2019/10/17-14:54:03.303804 7fc3a9fcb700                  Options.bottommost_compression: Disabled
2019/10/17-14:54:03.303805 7fc3a9fcb700       Options.prefix_extractor: nullptr
2019/10/17-14:54:03.303806 7fc3a9fcb700   Options.memtable_insert_with_hint_prefix_extractor: nullptr
2019/10/17-14:54:03.303807 7fc3a9fcb700             Options.num_levels: 7
2019/10/17-14:54:03.303808 7fc3a9fcb700        Options.min_write_buffer_number_to_merge: 1
2019/10/17-14:54:03.303809 7fc3a9fcb700     Options.max_write_buffer_number_to_maintain: 0
2019/10/17-14:54:03.303810 7fc3a9fcb700            Options.bottommost_compression_opts.window_bits: -14
2019/10/17-14:54:03.303811 7fc3a9fcb700                  Options.bottommost_compression_opts.level: 32767
2019/10/17-14:54:03.303812 7fc3a9fcb700               Options.bottommost_compression_opts.strategy: 0
2019/10/17-14:54:03.303813 7fc3a9fcb700         Options.bottommost_compression_opts.max_dict_bytes: 0
2019/10/17-14:54:03.303814 7fc3a9fcb700         Options.bottommost_compression_opts.zstd_max_train_bytes: 0
2019/10/17-14:54:03.303815 7fc3a9fcb700                  Options.bottommost_compression_opts.enabled: false
2019/10/17-14:54:03.303816 7fc3a9fcb700            Options.compression_opts.window_bits: -14
2019/10/17-14:54:03.303817 7fc3a9fcb700                  Options.compression_opts.level: 32767
2019/10/17-14:54:03.303818 7fc3a9fcb700               Options.compression_opts.strategy: 0
2019/10/17-14:54:03.303818 7fc3a9fcb700         Options.compression_opts.max_dict_bytes: 0
2019/10/17-14:54:03.303819 7fc3a9fcb700         Options.compression_opts.zstd_max_train_bytes: 0
2019/10/17-14:54:03.303820 7fc3a9fcb700                  Options.compression_opts.enabled: false
2019/10/17-14:54:03.303821 7fc3a9fcb700      Options.level0_file_num_compaction_trigger: 4
2019/10/17-14:54:03.303822 7fc3a9fcb700          Options.level0_slowdown_writes_trigger: 20
2019/10/17-14:54:03.303823 7fc3a9fcb700              Options.level0_stop_writes_trigger: 36
2019/10/17-14:54:03.303824 7fc3a9fcb700                   Options.target_file_size_base: 67108864
2019/10/17-14:54:03.303825 7fc3a9fcb700             Options.target_file_size_multiplier: 1
2019/10/17-14:54:03.303826 7fc3a9fcb700                Options.max_bytes_for_level_base: 268435456
2019/10/17-14:54:03.303827 7fc3a9fcb700 Options.level_compaction_dynamic_level_bytes: 0
2019/10/17-14:54:03.303828 7fc3a9fcb700          Options.max_bytes_for_level_multiplier: 10.000000
2019/10/17-14:54:03.303830 7fc3a9fcb700 Options.max_bytes_for_level_multiplier_addtl[0]: 1
2019/10/17-14:54:03.303831 7fc3a9fcb700 Options.max_bytes_for_level_multiplier_addtl[1]: 1
2019/10/17-14:54:03.303832 7fc3a9fcb700 Options.max_bytes_for_level_multiplier_addtl[2]: 1
2019/10/17-14:54:03.303833 7fc3a9fcb700 Options.max_bytes_for_level_multiplier_addtl[3]: 1
2019/10/17-14:54:03.303834 7fc3a9fcb700 Options.max_bytes_for_level_multiplier_addtl[4]: 1
2019/10/17-14:54:03.303835 7fc3a9fcb700 Options.max_bytes_for_level_multiplier_addtl[5]: 1
2019/10/17-14:54:03.303836 7fc3a9fcb700 Options.max_bytes_for_level_multiplier_addtl[6]: 1
2019/10/17-14:54:03.303837 7fc3a9fcb700       Options.max_sequential_skip_in_iterations: 8
2019/10/17-14:54:03.303838 7fc3a9fcb700                    Options.max_compaction_bytes: 1677721600
2019/10/17-14:54:03.303839 7fc3a9fcb700                        Options.arena_block_size: 8388608
2019/10/17-14:54:03.303840 7fc3a9fcb700   Options.soft_pending_compaction_bytes_limit: 68719476736
2019/10/17-14:54:03.303841 7fc3a9fcb700   Options.hard_pending_compaction_bytes_limit: 274877906944
2019/10/17-14:54:03.303842 7fc3a9fcb700       Options.rate_limit_delay_max_milliseconds: 100
2019/10/17-14:54:03.303843 7fc3a9fcb700                Options.disable_auto_compactions: 0
2019/10/17-14:54:03.303849 7fc3a9fcb700                        Options.compaction_style: kCompactionStyleLevel
2019/10/17-14:54:03.303850 7fc3a9fcb700                          Options.compaction_pri: kByCompensatedSize
2019/10/17-14:54:03.303851 7fc3a9fcb700 Options.compaction_options_universal.size_ratio: 1
2019/10/17-14:54:03.303852 7fc3a9fcb700 Options.compaction_options_universal.min_merge_width: 2
2019/10/17-14:54:03.303853 7fc3a9fcb700 Options.compaction_options_universal.max_merge_width: 4294967295
2019/10/17-14:54:03.303854 7fc3a9fcb700 Options.compaction_options_universal.max_size_amplification_percent: 200
2019/10/17-14:54:03.303855 7fc3a9fcb700 Options.compaction_options_universal.compression_size_percent: -1
2019/10/17-14:54:03.303856 7fc3a9fcb700 Options.compaction_options_universal.stop_style: kCompactionStopStyleTotalSize
2019/10/17-14:54:03.303857 7fc3a9fcb700 Options.compaction_options_fifo.max_table_files_size: 1073741824
2019/10/17-14:54:03.303858 7fc3a9fcb700 Options.compaction_options_fifo.allow_compaction: 0
2019/10/17-14:54:03.303878 7fc3a9fcb700 Options.compaction_options_fifo.ttl: 0
2019/10/17-14:54:03.303880 7fc3a9fcb700                   Options.table_properties_collectors: 
2019/10/17-14:54:03.303882 7fc3a9fcb700                   Options.inplace_update_support: 0
2019/10/17-14:54:03.303883 7fc3a9fcb700                 Options.inplace_update_num_locks: 10000
2019/10/17-14:54:03.303884 7fc3a9fcb700               Options.memtable_prefix_bloom_size_ratio: 0.000000
2019/10/17-14:54:03.303885 7fc3a9fcb700   Options.memtable_huge_page_size: 0
2019/10/17-14:54:03.303886 7fc3a9fcb700                           Options.bloom_locality: 0
2019/10/17-14:54:03.303887 7fc3a9fcb700                    Options.max_successive_merges: 0
2019/10/17-14:54:03.303888 7fc3a9fcb700                Options.optimize_filters_for_hits: 0
2019/10/17-14:54:03.303889 7fc3a9fcb700                Options.paranoid_file_checks: 0
2019/10/17-14:54:03.303890 7fc3a9fcb700                Options.force_consistency_checks: 0
2019/10/17-14:54:03.303891 7fc3a9fcb700                Options.report_bg_io_stats: 0
2019/10/17-14:54:03.303892 7fc3a9fcb700                               Options.ttl: 0
2019/10/17-14:54:03.303910 7fc3a9fcb700 [db/column_family.cc:472] --------------- Options for column family [htlcs]:
2019/10/17-14:54:03.303912 7fc3a9fcb700               Options.comparator: leveldb.BytewiseComparator
2019/10/17-14:54:03.303913 7fc3a9fcb700           Options.merge_operator: None
2019/10/17-14:54:03.303914 7fc3a9fcb700        Options.compaction_filter: None
2019/10/17-14:54:03.303915 7fc3a9fcb700        Options.compaction_filter_factory: None
2019/10/17-14:54:03.303916 7fc3a9fcb700         Options.memtable_factory: SkipListFactory
2019/10/17-14:54:03.303917 7fc3a9fcb700            Options.table_factory: BlockBasedTable
2019/10/17-14:54:03.303930 7fc3a9fcb700            table_factory options:   flush_block_policy_factory: FlushBlockBySizePolicyFactory (0x7fc3500955f0)
