2019/10/17-14:55:03.774873 7fc3a9fcb700 RocksDB version: 5.18.3
2019/10/17-14:55:03.774896 7fc3a9fcb700 Git sha rocksdb_build_git_sha:@0@
2019/10/17-14:55:03.774898 7fc3a9fcb700 Compile date Sep 19 2019
2019/10/17-14:55:03.774899 7fc3a9fcb700 DB SUMMARY
2019/10/17-14:55:03.775415 7fc3a9fcb700 CURRENT file:  CURRENT
2019/10/17-14:55:03.775416 7fc3a9fcb700 IDENTITY file:  IDENTITY
2019/10/17-14:55:03.775437 7fc3a9fcb700 MANIFEST file:  MANIFEST-116248 size: 4114 Bytes
2019/10/17-14:55:03.775438 7fc3a9fcb700 SST files in /home/rahul/dev/blockchain-core/eqc/ledger.db dir, Total Num: 29, files: 000624.sst 000627.sst 106940.sst 108447.sst 108450.sst 109471.sst 109483.sst 109485.sst 109486.sst 
2019/10/17-14:55:03.775439 7fc3a9fcb700 Write Ahead Log file in /home/rahul/dev/blockchain-core/eqc/ledger.db: 116249.log size: 0 ; 
2019/10/17-14:55:03.775464 7fc3a9fcb700                         Options.error_if_exists: 0
2019/10/17-14:55:03.775465 7fc3a9fcb700                       Options.create_if_missing: 1
2019/10/17-14:55:03.775465 7fc3a9fcb700                         Options.paranoid_checks: 1
2019/10/17-14:55:03.775466 7fc3a9fcb700                                     Options.env: 0x7fc32ae1fc60
2019/10/17-14:55:03.775466 7fc3a9fcb700                                Options.info_log: 0x7fc350098280
2019/10/17-14:55:03.775467 7fc3a9fcb700                Options.max_file_opening_threads: 16
2019/10/17-14:55:03.775468 7fc3a9fcb700                              Options.statistics: (nil)
2019/10/17-14:55:03.775468 7fc3a9fcb700                               Options.use_fsync: 0
2019/10/17-14:55:03.775469 7fc3a9fcb700                       Options.max_log_file_size: 0
2019/10/17-14:55:03.775470 7fc3a9fcb700                  Options.max_manifest_file_size: 1073741824
2019/10/17-14:55:03.775470 7fc3a9fcb700                   Options.log_file_time_to_roll: 0
2019/10/17-14:55:03.775471 7fc3a9fcb700                       Options.keep_log_file_num: 1000
2019/10/17-14:55:03.775471 7fc3a9fcb700                    Options.recycle_log_file_num: 0
2019/10/17-14:55:03.775472 7fc3a9fcb700                         Options.allow_fallocate: 1
2019/10/17-14:55:03.775472 7fc3a9fcb700                        Options.allow_mmap_reads: 0
2019/10/17-14:55:03.775473 7fc3a9fcb700                       Options.allow_mmap_writes: 0
2019/10/17-14:55:03.775473 7fc3a9fcb700                        Options.use_direct_reads: 0
2019/10/17-14:55:03.775474 7fc3a9fcb700                        Options.use_direct_io_for_flush_and_compaction: 0
2019/10/17-14:55:03.775475 7fc3a9fcb700          Options.create_missing_column_families: 0
2019/10/17-14:55:03.775475 7fc3a9fcb700                              Options.db_log_dir: 
2019/10/17-14:55:03.775476 7fc3a9fcb700                                 Options.wal_dir: /home/rahul/dev/blockchain-core/eqc/ledger.db
2019/10/17-14:55:03.775476 7fc3a9fcb700                Options.table_cache_numshardbits: 6
2019/10/17-14:55:03.775477 7fc3a9fcb700                      Options.max_subcompactions: 1
2019/10/17-14:55:03.775477 7fc3a9fcb700                  Options.max_background_flushes: -1
2019/10/17-14:55:03.775478 7fc3a9fcb700                         Options.WAL_ttl_seconds: 0
2019/10/17-14:55:03.775478 7fc3a9fcb700                       Options.WAL_size_limit_MB: 0
2019/10/17-14:55:03.775479 7fc3a9fcb700             Options.manifest_preallocation_size: 4194304
2019/10/17-14:55:03.775480 7fc3a9fcb700                     Options.is_fd_close_on_exec: 1
2019/10/17-14:55:03.775480 7fc3a9fcb700                   Options.advise_random_on_open: 1
2019/10/17-14:55:03.775481 7fc3a9fcb700                    Options.db_write_buffer_size: 0
2019/10/17-14:55:03.775481 7fc3a9fcb700                    Options.write_buffer_manager: 0x7fc3500e1bd0
2019/10/17-14:55:03.775482 7fc3a9fcb700         Options.access_hint_on_compaction_start: 1
2019/10/17-14:55:03.775482 7fc3a9fcb700  Options.new_table_reader_for_compaction_inputs: 0
2019/10/17-14:55:03.775483 7fc3a9fcb700           Options.random_access_max_buffer_size: 1048576
2019/10/17-14:55:03.775483 7fc3a9fcb700                      Options.use_adaptive_mutex: 0
2019/10/17-14:55:03.775484 7fc3a9fcb700                            Options.rate_limiter: (nil)
2019/10/17-14:55:03.775490 7fc3a9fcb700     Options.sst_file_manager.rate_bytes_per_sec: 0
2019/10/17-14:55:03.775491 7fc3a9fcb700                       Options.wal_recovery_mode: 2
2019/10/17-14:55:03.775491 7fc3a9fcb700                  Options.enable_thread_tracking: 0
2019/10/17-14:55:03.775492 7fc3a9fcb700                  Options.enable_pipelined_write: 0
2019/10/17-14:55:03.775493 7fc3a9fcb700         Options.allow_concurrent_memtable_write: 1
2019/10/17-14:55:03.775493 7fc3a9fcb700      Options.enable_write_thread_adaptive_yield: 1
2019/10/17-14:55:03.775494 7fc3a9fcb700             Options.write_thread_max_yield_usec: 100
2019/10/17-14:55:03.775494 7fc3a9fcb700            Options.write_thread_slow_yield_usec: 3
2019/10/17-14:55:03.775495 7fc3a9fcb700                               Options.row_cache: None
2019/10/17-14:55:03.775495 7fc3a9fcb700                              Options.wal_filter: None
2019/10/17-14:55:03.775496 7fc3a9fcb700             Options.avoid_flush_during_recovery: 0
2019/10/17-14:55:03.775496 7fc3a9fcb700             Options.allow_ingest_behind: 0
2019/10/17-14:55:03.775497 7fc3a9fcb700             Options.preserve_deletes: 0
2019/10/17-14:55:03.775498 7fc3a9fcb700             Options.two_write_queues: 0
2019/10/17-14:55:03.775498 7fc3a9fcb700             Options.manual_wal_flush: 0
2019/10/17-14:55:03.775499 7fc3a9fcb700             Options.max_background_jobs: 2
2019/10/17-14:55:03.775499 7fc3a9fcb700             Options.max_background_compactions: -1
2019/10/17-14:55:03.775500 7fc3a9fcb700             Options.avoid_flush_during_shutdown: 0
2019/10/17-14:55:03.775500 7fc3a9fcb700           Options.writable_file_max_buffer_size: 1048576
2019/10/17-14:55:03.775501 7fc3a9fcb700             Options.delayed_write_rate : 16777216
2019/10/17-14:55:03.775501 7fc3a9fcb700             Options.max_total_wal_size: 0
2019/10/17-14:55:03.775502 7fc3a9fcb700             Options.delete_obsolete_files_period_micros: 21600000000
2019/10/17-14:55:03.775503 7fc3a9fcb700                   Options.stats_dump_period_sec: 600
2019/10/17-14:55:03.775503 7fc3a9fcb700                          Options.max_open_files: -1
2019/10/17-14:55:03.775504 7fc3a9fcb700                          Options.bytes_per_sync: 0
2019/10/17-14:55:03.775504 7fc3a9fcb700                      Options.wal_bytes_per_sync: 0
2019/10/17-14:55:03.775505 7fc3a9fcb700       Options.compaction_readahead_size: 0
2019/10/17-14:55:03.775505 7fc3a9fcb700 Compression algorithms supported:
2019/10/17-14:55:03.775506 7fc3a9fcb700 	kZSTDNotFinalCompression supported: 0
2019/10/17-14:55:03.775507 7fc3a9fcb700 	kZSTD supported: 0
2019/10/17-14:55:03.775508 7fc3a9fcb700 	kXpressCompression supported: 0
2019/10/17-14:55:03.775508 7fc3a9fcb700 	kLZ4HCCompression supported: 0
2019/10/17-14:55:03.775509 7fc3a9fcb700 	kLZ4Compression supported: 0
2019/10/17-14:55:03.775509 7fc3a9fcb700 	kBZip2Compression supported: 0
2019/10/17-14:55:03.775510 7fc3a9fcb700 	kZlibCompression supported: 0
2019/10/17-14:55:03.775510 7fc3a9fcb700 	kSnappyCompression supported: 0
2019/10/17-14:55:03.775512 7fc3a9fcb700 Fast CRC32 supported: Supported on x86
2019/10/17-14:55:03.775578 7fc3a9fcb700 [db/version_set.cc:3507] Recovering from manifest file: MANIFEST-116248
2019/10/17-14:55:03.775601 7fc3a9fcb700 [db/column_family.cc:472] --------------- Options for column family [default]:
2019/10/17-14:55:03.775602 7fc3a9fcb700               Options.comparator: leveldb.BytewiseComparator
2019/10/17-14:55:03.775603 7fc3a9fcb700           Options.merge_operator: None
2019/10/17-14:55:03.775604 7fc3a9fcb700        Options.compaction_filter: None
2019/10/17-14:55:03.775604 7fc3a9fcb700        Options.compaction_filter_factory: None
2019/10/17-14:55:03.775605 7fc3a9fcb700         Options.memtable_factory: SkipListFactory
2019/10/17-14:55:03.775605 7fc3a9fcb700            Options.table_factory: BlockBasedTable
2019/10/17-14:55:03.775615 7fc3a9fcb700            table_factory options:   flush_block_policy_factory: FlushBlockBySizePolicyFactory (0x7fc35007ca60)
  cache_index_and_filter_blocks: 0
  cache_index_and_filter_blocks_with_high_priority: 0
  pin_l0_filter_and_index_blocks_in_cache: 0
  pin_top_level_index_and_filter: 1
  index_type: 0
  hash_index_allow_collision: 1
  checksum: 1
  no_block_cache: 0
  block_cache: 0x7fc3500531d0
  block_cache_name: LRUCache
  block_cache_options:
    capacity : 8388608
    num_shard_bits : 4
    strict_capacity_limit : 0
    memory_allocator : None
    high_pri_pool_ratio: 0.000
  block_cache_compressed: (nil)
  persistent_cache: (nil)
  block_size: 4096
  block_size_deviation: 10
  block_restart_interval: 16
  index_block_restart_interval: 1
  metadata_block_size: 4096
  partition_filters: 0
  use_delta_encoding: 1
  filter_policy: nullptr
  whole_key_filtering: 1
  verify_compression: 0
  read_amp_bytes_per_bit: 0
  format_version: 2
  enable_index_compression: 1
  block_align: 0
2019/10/17-14:55:03.775622 7fc3a9fcb700        Options.write_buffer_size: 67108864
2019/10/17-14:55:03.775622 7fc3a9fcb700  Options.max_write_buffer_number: 2
2019/10/17-14:55:03.775623 7fc3a9fcb700          Options.compression: NoCompression
2019/10/17-14:55:03.775624 7fc3a9fcb700                  Options.bottommost_compression: Disabled
2019/10/17-14:55:03.775624 7fc3a9fcb700       Options.prefix_extractor: nullptr
2019/10/17-14:55:03.775625 7fc3a9fcb700   Options.memtable_insert_with_hint_prefix_extractor: nullptr
2019/10/17-14:55:03.775625 7fc3a9fcb700             Options.num_levels: 7
2019/10/17-14:55:03.775626 7fc3a9fcb700        Options.min_write_buffer_number_to_merge: 1
2019/10/17-14:55:03.775626 7fc3a9fcb700     Options.max_write_buffer_number_to_maintain: 0
2019/10/17-14:55:03.775627 7fc3a9fcb700            Options.bottommost_compression_opts.window_bits: -14
2019/10/17-14:55:03.775627 7fc3a9fcb700                  Options.bottommost_compression_opts.level: 32767
2019/10/17-14:55:03.775628 7fc3a9fcb700               Options.bottommost_compression_opts.strategy: 0
2019/10/17-14:55:03.775629 7fc3a9fcb700         Options.bottommost_compression_opts.max_dict_bytes: 0
2019/10/17-14:55:03.775629 7fc3a9fcb700         Options.bottommost_compression_opts.zstd_max_train_bytes: 0
2019/10/17-14:55:03.775630 7fc3a9fcb700                  Options.bottommost_compression_opts.enabled: false
2019/10/17-14:55:03.775630 7fc3a9fcb700            Options.compression_opts.window_bits: -14
2019/10/17-14:55:03.775631 7fc3a9fcb700                  Options.compression_opts.level: 32767
2019/10/17-14:55:03.775631 7fc3a9fcb700               Options.compression_opts.strategy: 0
2019/10/17-14:55:03.775632 7fc3a9fcb700         Options.compression_opts.max_dict_bytes: 0
2019/10/17-14:55:03.775632 7fc3a9fcb700         Options.compression_opts.zstd_max_train_bytes: 0
2019/10/17-14:55:03.775633 7fc3a9fcb700                  Options.compression_opts.enabled: false
2019/10/17-14:55:03.775634 7fc3a9fcb700      Options.level0_file_num_compaction_trigger: 4
2019/10/17-14:55:03.775634 7fc3a9fcb700          Options.level0_slowdown_writes_trigger: 20
2019/10/17-14:55:03.775635 7fc3a9fcb700              Options.level0_stop_writes_trigger: 36
2019/10/17-14:55:03.775635 7fc3a9fcb700                   Options.target_file_size_base: 67108864
2019/10/17-14:55:03.775636 7fc3a9fcb700             Options.target_file_size_multiplier: 1
2019/10/17-14:55:03.775636 7fc3a9fcb700                Options.max_bytes_for_level_base: 268435456
2019/10/17-14:55:03.775637 7fc3a9fcb700 Options.level_compaction_dynamic_level_bytes: 0
2019/10/17-14:55:03.775637 7fc3a9fcb700          Options.max_bytes_for_level_multiplier: 10.000000
2019/10/17-14:55:03.775639 7fc3a9fcb700 Options.max_bytes_for_level_multiplier_addtl[0]: 1
2019/10/17-14:55:03.775639 7fc3a9fcb700 Options.max_bytes_for_level_multiplier_addtl[1]: 1
2019/10/17-14:55:03.775640 7fc3a9fcb700 Options.max_bytes_for_level_multiplier_addtl[2]: 1
2019/10/17-14:55:03.775641 7fc3a9fcb700 Options.max_bytes_for_level_multiplier_addtl[3]: 1
2019/10/17-14:55:03.775641 7fc3a9fcb700 Options.max_bytes_for_level_multiplier_addtl[4]: 1
2019/10/17-14:55:03.775644 7fc3a9fcb700 Options.max_bytes_for_level_multiplier_addtl[5]: 1
2019/10/17-14:55:03.775645 7fc3a9fcb700 Options.max_bytes_for_level_multiplier_addtl[6]: 1
2019/10/17-14:55:03.775646 7fc3a9fcb700       Options.max_sequential_skip_in_iterations: 8
2019/10/17-14:55:03.775646 7fc3a9fcb700                    Options.max_compaction_bytes: 1677721600
2019/10/17-14:55:03.775647 7fc3a9fcb700                        Options.arena_block_size: 8388608
2019/10/17-14:55:03.775647 7fc3a9fcb700   Options.soft_pending_compaction_bytes_limit: 68719476736
2019/10/17-14:55:03.775648 7fc3a9fcb700   Options.hard_pending_compaction_bytes_limit: 274877906944
2019/10/17-14:55:03.775648 7fc3a9fcb700       Options.rate_limit_delay_max_milliseconds: 100
2019/10/17-14:55:03.775649 7fc3a9fcb700                Options.disable_auto_compactions: 0
2019/10/17-14:55:03.775650 7fc3a9fcb700                        Options.compaction_style: kCompactionStyleLevel
2019/10/17-14:55:03.775651 7fc3a9fcb700                          Options.compaction_pri: kByCompensatedSize
2019/10/17-14:55:03.775651 7fc3a9fcb700 Options.compaction_options_universal.size_ratio: 1
2019/10/17-14:55:03.775652 7fc3a9fcb700 Options.compaction_options_universal.min_merge_width: 2
2019/10/17-14:55:03.775653 7fc3a9fcb700 Options.compaction_options_universal.max_merge_width: 4294967295
2019/10/17-14:55:03.775653 7fc3a9fcb700 Options.compaction_options_universal.max_size_amplification_percent: 200
2019/10/17-14:55:03.775654 7fc3a9fcb700 Options.compaction_options_universal.compression_size_percent: -1
2019/10/17-14:55:03.775655 7fc3a9fcb700 Options.compaction_options_universal.stop_style: kCompactionStopStyleTotalSize
2019/10/17-14:55:03.775655 7fc3a9fcb700 Options.compaction_options_fifo.max_table_files_size: 1073741824
2019/10/17-14:55:03.775656 7fc3a9fcb700 Options.compaction_options_fifo.allow_compaction: 0
2019/10/17-14:55:03.775656 7fc3a9fcb700 Options.compaction_options_fifo.ttl: 0
2019/10/17-14:55:03.775657 7fc3a9fcb700                   Options.table_properties_collectors: 
2019/10/17-14:55:03.775657 7fc3a9fcb700                   Options.inplace_update_support: 0
2019/10/17-14:55:03.775658 7fc3a9fcb700                 Options.inplace_update_num_locks: 10000
2019/10/17-14:55:03.775659 7fc3a9fcb700               Options.memtable_prefix_bloom_size_ratio: 0.000000
2019/10/17-14:55:03.775659 7fc3a9fcb700   Options.memtable_huge_page_size: 0
2019/10/17-14:55:03.775660 7fc3a9fcb700                           Options.bloom_locality: 0
2019/10/17-14:55:03.775660 7fc3a9fcb700                    Options.max_successive_merges: 0
2019/10/17-14:55:03.775661 7fc3a9fcb700                Options.optimize_filters_for_hits: 0
2019/10/17-14:55:03.775662 7fc3a9fcb700                Options.paranoid_file_checks: 0
2019/10/17-14:55:03.775662 7fc3a9fcb700                Options.force_consistency_checks: 0
2019/10/17-14:55:03.775663 7fc3a9fcb700                Options.report_bg_io_stats: 0
2019/10/17-14:55:03.775663 7fc3a9fcb700                               Options.ttl: 0
2019/10/17-14:55:03.775683 7fc3a9fcb700 [db/column_family.cc:472] --------------- Options for column family [active_gateways]:
2019/10/17-14:55:03.775684 7fc3a9fcb700               Options.comparator: leveldb.BytewiseComparator
2019/10/17-14:55:03.775685 7fc3a9fcb700           Options.merge_operator: None
2019/10/17-14:55:03.775686 7fc3a9fcb700        Options.compaction_filter: None
2019/10/17-14:55:03.775686 7fc3a9fcb700        Options.compaction_filter_factory: None
2019/10/17-14:55:03.775687 7fc3a9fcb700         Options.memtable_factory: SkipListFactory
2019/10/17-14:55:03.775687 7fc3a9fcb700            Options.table_factory: BlockBasedTable
2019/10/17-14:55:03.775695 7fc3a9fcb700            table_factory options:   flush_block_policy_factory: FlushBlockBySizePolicyFactory (0x7fc3500e1b00)
  cache_index_and_filter_blocks: 0
  cache_index_and_filter_blocks_with_high_priority: 0
  pin_l0_filter_and_index_blocks_in_cache: 0
  pin_top_level_index_and_filter: 1
  index_type: 0
  hash_index_allow_collision: 1
  checksum: 1
  no_block_cache: 0
  block_cache: 0x7fc350060c80
  block_cache_name: LRUCache
  block_cache_options:
    capacity : 8388608
    num_shard_bits : 4
    strict_capacity_limit : 0
    memory_allocator : None
    high_pri_pool_ratio: 0.000
  block_cache_compressed: (nil)
  persistent_cache: (nil)
  block_size: 4096
  block_size_deviation: 10
  block_restart_interval: 16
  index_block_restart_interval: 1
  metadata_block_size: 4096
  partition_filters: 0
  use_delta_encoding: 1
  filter_policy: nullptr
  whole_key_filtering: 1
  verify_compression: 0
  read_amp_bytes_per_bit: 0
  format_version: 2
  enable_index_compression: 1
  block_align: 0
2019/10/17-14:55:03.775700 7fc3a9fcb700        Options.write_buffer_size: 67108864
2019/10/17-14:55:03.775700 7fc3a9fcb700  Options.max_write_buffer_number: 2
2019/10/17-14:55:03.775701 7fc3a9fcb700          Options.compression: NoCompression
2019/10/17-14:55:03.775701 7fc3a9fcb700                  Options.bottommost_compression: Disabled
2019/10/17-14:55:03.775702 7fc3a9fcb700       Options.prefix_extractor: nullptr
2019/10/17-14:55:03.775702 7fc3a9fcb700   Options.memtable_insert_with_hint_prefix_extractor: nullptr
2019/10/17-14:55:03.775703 7fc3a9fcb700             Options.num_levels: 7
2019/10/17-14:55:03.775703 7fc3a9fcb700        Options.min_write_buffer_number_to_merge: 1
2019/10/17-14:55:03.775704 7fc3a9fcb700     Options.max_write_buffer_number_to_maintain: 0
2019/10/17-14:55:03.775705 7fc3a9fcb700            Options.bottommost_compression_opts.window_bits: -14
2019/10/17-14:55:03.775705 7fc3a9fcb700                  Options.bottommost_compression_opts.level: 32767
2019/10/17-14:55:03.775706 7fc3a9fcb700               Options.bottommost_compression_opts.strategy: 0
2019/10/17-14:55:03.775706 7fc3a9fcb700         Options.bottommost_compression_opts.max_dict_bytes: 0
2019/10/17-14:55:03.775707 7fc3a9fcb700         Options.bottommost_compression_opts.zstd_max_train_bytes: 0
2019/10/17-14:55:03.775707 7fc3a9fcb700                  Options.bottommost_compression_opts.enabled: false
2019/10/17-14:55:03.775708 7fc3a9fcb700            Options.compression_opts.window_bits: -14
2019/10/17-14:55:03.775708 7fc3a9fcb700                  Options.compression_opts.level: 32767
2019/10/17-14:55:03.775709 7fc3a9fcb700               Options.compression_opts.strategy: 0
2019/10/17-14:55:03.775709 7fc3a9fcb700         Options.compression_opts.max_dict_bytes: 0
2019/10/17-14:55:03.775710 7fc3a9fcb700         Options.compression_opts.zstd_max_train_bytes: 0
2019/10/17-14:55:03.775710 7fc3a9fcb700                  Options.compression_opts.enabled: false
2019/10/17-14:55:03.775711 7fc3a9fcb700      Options.level0_file_num_compaction_trigger: 4
2019/10/17-14:55:03.775712 7fc3a9fcb700          Options.level0_slowdown_writes_trigger: 20
2019/10/17-14:55:03.775712 7fc3a9fcb700              Options.level0_stop_writes_trigger: 36
2019/10/17-14:55:03.775713 7fc3a9fcb700                   Options.target_file_size_base: 67108864
2019/10/17-14:55:03.775713 7fc3a9fcb700             Options.target_file_size_multiplier: 1
2019/10/17-14:55:03.775714 7fc3a9fcb700                Options.max_bytes_for_level_base: 268435456
2019/10/17-14:55:03.775714 7fc3a9fcb700 Options.level_compaction_dynamic_level_bytes: 0
2019/10/17-14:55:03.775715 7fc3a9fcb700          Options.max_bytes_for_level_multiplier: 10.000000
2019/10/17-14:55:03.775716 7fc3a9fcb700 Options.max_bytes_for_level_multiplier_addtl[0]: 1
2019/10/17-14:55:03.775716 7fc3a9fcb700 Options.max_bytes_for_level_multiplier_addtl[1]: 1
2019/10/17-14:55:03.775717 7fc3a9fcb700 Options.max_bytes_for_level_multiplier_addtl[2]: 1
2019/10/17-14:55:03.775718 7fc3a9fcb700 Options.max_bytes_for_level_multiplier_addtl[3]: 1
2019/10/17-14:55:03.775718 7fc3a9fcb700 Options.max_bytes_for_level_multiplier_addtl[4]: 1
2019/10/17-14:55:03.775719 7fc3a9fcb700 Options.max_bytes_for_level_multiplier_addtl[5]: 1
2019/10/17-14:55:03.775719 7fc3a9fcb700 Options.max_bytes_for_level_multiplier_addtl[6]: 1
2019/10/17-14:55:03.775720 7fc3a9fcb700       Options.max_sequential_skip_in_iterations: 8
2019/10/17-14:55:03.775723 7fc3a9fcb700                    Options.max_compaction_bytes: 1677721600
2019/10/17-14:55:03.775724 7fc3a9fcb700                        Options.arena_block_size: 8388608
2019/10/17-14:55:03.775724 7fc3a9fcb700   Options.soft_pending_compaction_bytes_limit: 68719476736
2019/10/17-14:55:03.775725 7fc3a9fcb700   Options.hard_pending_compaction_bytes_limit: 274877906944
2019/10/17-14:55:03.775725 7fc3a9fcb700       Options.rate_limit_delay_max_milliseconds: 100
2019/10/17-14:55:03.775726 7fc3a9fcb700                Options.disable_auto_compactions: 0
2019/10/17-14:55:03.775726 7fc3a9fcb700                        Options.compaction_style: kCompactionStyleLevel
2019/10/17-14:55:03.775727 7fc3a9fcb700                          Options.compaction_pri: kByCompensatedSize
2019/10/17-14:55:03.775728 7fc3a9fcb700 Options.compaction_options_universal.size_ratio: 1
2019/10/17-14:55:03.775728 7fc3a9fcb700 Options.compaction_options_universal.min_merge_width: 2
2019/10/17-14:55:03.775729 7fc3a9fcb700 Options.compaction_options_universal.max_merge_width: 4294967295
2019/10/17-14:55:03.775729 7fc3a9fcb700 Options.compaction_options_universal.max_size_amplification_percent: 200
2019/10/17-14:55:03.775730 7fc3a9fcb700 Options.compaction_options_universal.compression_size_percent: -1
2019/10/17-14:55:03.775731 7fc3a9fcb700 Options.compaction_options_universal.stop_style: kCompactionStopStyleTotalSize
2019/10/17-14:55:03.775731 7fc3a9fcb700 Options.compaction_options_fifo.max_table_files_size: 1073741824
2019/10/17-14:55:03.775732 7fc3a9fcb700 Options.compaction_options_fifo.allow_compaction: 0
2019/10/17-14:55:03.775732 7fc3a9fcb700 Options.compaction_options_fifo.ttl: 0
2019/10/17-14:55:03.775733 7fc3a9fcb700                   Options.table_properties_collectors: 
2019/10/17-14:55:03.775733 7fc3a9fcb700                   Options.inplace_update_support: 0
2019/10/17-14:55:03.775734 7fc3a9fcb700                 Options.inplace_update_num_locks: 10000
2019/10/17-14:55:03.775734 7fc3a9fcb700               Options.memtable_prefix_bloom_size_ratio: 0.000000
2019/10/17-14:55:03.775735 7fc3a9fcb700   Options.memtable_huge_page_size: 0
2019/10/17-14:55:03.775736 7fc3a9fcb700                           Options.bloom_locality: 0
2019/10/17-14:55:03.775736 7fc3a9fcb700                    Options.max_successive_merges: 0
2019/10/17-14:55:03.775737 7fc3a9fcb700                Options.optimize_filters_for_hits: 0
2019/10/17-14:55:03.775737 7fc3a9fcb700                Options.paranoid_file_checks: 0
2019/10/17-14:55:03.775738 7fc3a9fcb700                Options.force_consistency_checks: 0
2019/10/17-14:55:03.775738 7fc3a9fcb700                Options.report_bg_io_stats: 0
2019/10/17-14:55:03.775739 7fc3a9fcb700                               Options.ttl: 0
2019/10/17-14:55:03.775750 7fc3a9fcb700 [db/column_family.cc:472] --------------- Options for column family [entries]:
2019/10/17-14:55:03.775751 7fc3a9fcb700               Options.comparator: leveldb.BytewiseComparator
2019/10/17-14:55:03.775752 7fc3a9fcb700           Options.merge_operator: None
2019/10/17-14:55:03.775752 7fc3a9fcb700        Options.compaction_filter: None
2019/10/17-14:55:03.775753 7fc3a9fcb700        Options.compaction_filter_factory: None
2019/10/17-14:55:03.775753 7fc3a9fcb700         Options.memtable_factory: SkipListFactory
2019/10/17-14:55:03.775754 7fc3a9fcb700            Options.table_factory: BlockBasedTable
2019/10/17-14:55:03.775761 7fc3a9fcb700            table_factory options:   flush_block_policy_factory: FlushBlockBySizePolicyFactory (0x7fc35009b430)
  cache_index_and_filter_blocks: 0
  cache_index_and_filter_blocks_with_high_priority: 0
  pin_l0_filter_and_index_blocks_in_cache: 0
  pin_top_level_index_and_filter: 1
  index_type: 0
  hash_index_allow_collision: 1
  checksum: 1
  no_block_cache: 0
  block_cache: 0x7fc3500d5890
  block_cache_name: LRUCache
  block_cache_options:
    capacity : 8388608
    num_shard_bits : 4
    strict_capacity_limit : 0
    memory_allocator : None
    high_pri_pool_ratio: 0.000
  block_cache_compressed: (nil)
  persistent_cache: (nil)
  block_size: 4096
  block_size_deviation: 10
  block_restart_interval: 16
  index_block_restart_interval: 1
  metadata_block_size: 4096
  partition_filters: 0
  use_delta_encoding: 1
  filter_policy: nullptr
  whole_key_filtering: 1
  verify_compression: 0
  read_amp_bytes_per_bit: 0
  format_version: 2
  enable_index_compression: 1
  block_align: 0
2019/10/17-14:55:03.775765 7fc3a9fcb700        Options.write_buffer_size: 67108864
2019/10/17-14:55:03.775765 7fc3a9fcb700  Options.max_write_buffer_number: 2
2019/10/17-14:55:03.775766 7fc3a9fcb700          Options.compression: NoCompression
2019/10/17-14:55:03.775766 7fc3a9fcb700                  Options.bottommost_compression: Disabled
2019/10/17-14:55:03.775767 7fc3a9fcb700       Options.prefix_extractor: nullptr
2019/10/17-14:55:03.775768 7fc3a9fcb700   Options.memtable_insert_with_hint_prefix_extractor: nullptr
2019/10/17-14:55:03.775768 7fc3a9fcb700             Options.num_levels: 7
2019/10/17-14:55:03.775769 7fc3a9fcb700        Options.min_write_buffer_number_to_merge: 1
2019/10/17-14:55:03.775769 7fc3a9fcb700     Options.max_write_buffer_number_to_maintain: 0
2019/10/17-14:55:03.775770 7fc3a9fcb700            Options.bottommost_compression_opts.window_bits: -14
2019/10/17-14:55:03.775770 7fc3a9fcb700                  Options.bottommost_compression_opts.level: 32767
2019/10/17-14:55:03.775771 7fc3a9fcb700               Options.bottommost_compression_opts.strategy: 0
2019/10/17-14:55:03.775771 7fc3a9fcb700         Options.bottommost_compression_opts.max_dict_bytes: 0
2019/10/17-14:55:03.775772 7fc3a9fcb700         Options.bottommost_compression_opts.zstd_max_train_bytes: 0
2019/10/17-14:55:03.775772 7fc3a9fcb700                  Options.bottommost_compression_opts.enabled: false
2019/10/17-14:55:03.775773 7fc3a9fcb700            Options.compression_opts.window_bits: -14
2019/10/17-14:55:03.775773 7fc3a9fcb700                  Options.compression_opts.level: 32767
2019/10/17-14:55:03.775774 7fc3a9fcb700               Options.compression_opts.strategy: 0
2019/10/17-14:55:03.775774 7fc3a9fcb700         Options.compression_opts.max_dict_bytes: 0
2019/10/17-14:55:03.775775 7fc3a9fcb700         Options.compression_opts.zstd_max_train_bytes: 0
2019/10/17-14:55:03.775775 7fc3a9fcb700                  Options.compression_opts.enabled: false
2019/10/17-14:55:03.775776 7fc3a9fcb700      Options.level0_file_num_compaction_trigger: 4
2019/10/17-14:55:03.775777 7fc3a9fcb700          Options.level0_slowdown_writes_trigger: 20
2019/10/17-14:55:03.775777 7fc3a9fcb700              Options.level0_stop_writes_trigger: 36
2019/10/17-14:55:03.775778 7fc3a9fcb700                   Options.target_file_size_base: 67108864
2019/10/17-14:55:03.775778 7fc3a9fcb700             Options.target_file_size_multiplier: 1
2019/10/17-14:55:03.775779 7fc3a9fcb700                Options.max_bytes_for_level_base: 268435456
2019/10/17-14:55:03.775779 7fc3a9fcb700 Options.level_compaction_dynamic_level_bytes: 0
2019/10/17-14:55:03.775780 7fc3a9fcb700          Options.max_bytes_for_level_multiplier: 10.000000
2019/10/17-14:55:03.775781 7fc3a9fcb700 Options.max_bytes_for_level_multiplier_addtl[0]: 1
2019/10/17-14:55:03.775781 7fc3a9fcb700 Options.max_bytes_for_level_multiplier_addtl[1]: 1
2019/10/17-14:55:03.775782 7fc3a9fcb700 Options.max_bytes_for_level_multiplier_addtl[2]: 1
2019/10/17-14:55:03.775782 7fc3a9fcb700 Options.max_bytes_for_level_multiplier_addtl[3]: 1
2019/10/17-14:55:03.775783 7fc3a9fcb700 Options.max_bytes_for_level_multiplier_addtl[4]: 1
2019/10/17-14:55:03.775783 7fc3a9fcb700 Options.max_bytes_for_level_multiplier_addtl[5]: 1
2019/10/17-14:55:03.775784 7fc3a9fcb700 Options.max_bytes_for_level_multiplier_addtl[6]: 1
2019/10/17-14:55:03.775785 7fc3a9fcb700       Options.max_sequential_skip_in_iterations: 8
2019/10/17-14:55:03.775785 7fc3a9fcb700                    Options.max_compaction_bytes: 1677721600
2019/10/17-14:55:03.775786 7fc3a9fcb700                        Options.arena_block_size: 8388608
2019/10/17-14:55:03.775786 7fc3a9fcb700   Options.soft_pending_compaction_bytes_limit: 68719476736
2019/10/17-14:55:03.775789 7fc3a9fcb700   Options.hard_pending_compaction_bytes_limit: 274877906944
2019/10/17-14:55:03.775790 7fc3a9fcb700       Options.rate_limit_delay_max_milliseconds: 100
2019/10/17-14:55:03.775790 7fc3a9fcb700                Options.disable_auto_compactions: 0
2019/10/17-14:55:03.775791 7fc3a9fcb700                        Options.compaction_style: kCompactionStyleLevel
2019/10/17-14:55:03.775792 7fc3a9fcb700                          Options.compaction_pri: kByCompensatedSize
2019/10/17-14:55:03.775792 7fc3a9fcb700 Options.compaction_options_universal.size_ratio: 1
2019/10/17-14:55:03.775793 7fc3a9fcb700 Options.compaction_options_universal.min_merge_width: 2
2019/10/17-14:55:03.775793 7fc3a9fcb700 Options.compaction_options_universal.max_merge_width: 4294967295
2019/10/17-14:55:03.775794 7fc3a9fcb700 Options.compaction_options_universal.max_size_amplification_percent: 200
2019/10/17-14:55:03.775794 7fc3a9fcb700 Options.compaction_options_universal.compression_size_percent: -1
2019/10/17-14:55:03.775795 7fc3a9fcb700 Options.compaction_options_universal.stop_style: kCompactionStopStyleTotalSize
2019/10/17-14:55:03.775796 7fc3a9fcb700 Options.compaction_options_fifo.max_table_files_size: 1073741824
2019/10/17-14:55:03.775796 7fc3a9fcb700 Options.compaction_options_fifo.allow_compaction: 0
2019/10/17-14:55:03.775797 7fc3a9fcb700 Options.compaction_options_fifo.ttl: 0
2019/10/17-14:55:03.775797 7fc3a9fcb700                   Options.table_properties_collectors: 
2019/10/17-14:55:03.775798 7fc3a9fcb700                   Options.inplace_update_support: 0
2019/10/17-14:55:03.775798 7fc3a9fcb700                 Options.inplace_update_num_locks: 10000
2019/10/17-14:55:03.775799 7fc3a9fcb700               Options.memtable_prefix_bloom_size_ratio: 0.000000
2019/10/17-14:55:03.775799 7fc3a9fcb700   Options.memtable_huge_page_size: 0
2019/10/17-14:55:03.775800 7fc3a9fcb700                           Options.bloom_locality: 0
2019/10/17-14:55:03.775801 7fc3a9fcb700                    Options.max_successive_merges: 0
2019/10/17-14:55:03.775801 7fc3a9fcb700                Options.optimize_filters_for_hits: 0
2019/10/17-14:55:03.775802 7fc3a9fcb700                Options.paranoid_file_checks: 0
2019/10/17-14:55:03.775802 7fc3a9fcb700                Options.force_consistency_checks: 0
2019/10/17-14:55:03.775803 7fc3a9fcb700                Options.report_bg_io_stats: 0
2019/10/17-14:55:03.775803 7fc3a9fcb700                               Options.ttl: 0
2019/10/17-14:55:03.775813 7fc3a9fcb700 [db/column_family.cc:472] --------------- Options for column family [dc_entries]:
2019/10/17-14:55:03.775814 7fc3a9fcb700               Options.comparator: leveldb.BytewiseComparator
2019/10/17-14:55:03.775815 7fc3a9fcb700           Options.merge_operator: None
2019/10/17-14:55:03.775815 7fc3a9fcb700        Options.compaction_filter: None
2019/10/17-14:55:03.775816 7fc3a9fcb700        Options.compaction_filter_factory: None
2019/10/17-14:55:03.775816 7fc3a9fcb700         Options.memtable_factory: SkipListFactory
2019/10/17-14:55:03.775817 7fc3a9fcb700            Options.table_factory: BlockBasedTable
2019/10/17-14:55:03.775823 7fc3a9fcb700            table_factory options:   flush_block_policy_factory: FlushBlockBySizePolicyFactory (0x7fc35004bc20)
  cache_index_and_filter_blocks: 0
  cache_index_and_filter_blocks_with_high_priority: 0
  pin_l0_filter_and_index_blocks_in_cache: 0
  pin_top_level_index_and_filter: 1
  index_type: 0
  hash_index_allow_collision: 1
  checksum: 1
  no_block_cache: 0
  block_cache: 0x7fc350086840
  block_cache_name: LRUCache
  block_cache_options:
    capacity : 8388608
    num_shard_bits : 4
    strict_capacity_limit : 0
    memory_allocator : None
    high_pri_pool_ratio: 0.000
  block_cache_compressed: (nil)
  persistent_cache: (nil)
  block_size: 4096
  block_size_deviation: 10
  block_restart_interval: 16
  index_block_restart_interval: 1
  metadata_block_size: 4096
  partition_filters: 0
  use_delta_encoding: 1
  filter_policy: nullptr
  whole_key_filtering: 1
  verify_compression: 0
  read_amp_bytes_per_bit: 0
  format_version: 2
  enable_index_compression: 1
  block_align: 0
2019/10/17-14:55:03.775828 7fc3a9fcb700        Options.write_buffer_size: 67108864
2019/10/17-14:55:03.775829 7fc3a9fcb700  Options.max_write_buffer_number: 2
2019/10/17-14:55:03.775829 7fc3a9fcb700          Options.compression: NoCompression
2019/10/17-14:55:03.775830 7fc3a9fcb700                  Options.bottommost_compression: Disabled
2019/10/17-14:55:03.775830 7fc3a9fcb700       Options.prefix_extractor: nullptr
2019/10/17-14:55:03.775831 7fc3a9fcb700   Options.memtable_insert_with_hint_prefix_extractor: nullptr
2019/10/17-14:55:03.775831 7fc3a9fcb700             Options.num_levels: 7
2019/10/17-14:55:03.775832 7fc3a9fcb700        Options.min_write_buffer_number_to_merge: 1
2019/10/17-14:55:03.775832 7fc3a9fcb700     Options.max_write_buffer_number_to_maintain: 0
2019/10/17-14:55:03.775833 7fc3a9fcb700            Options.bottommost_compression_opts.window_bits: -14
2019/10/17-14:55:03.775833 7fc3a9fcb700                  Options.bottommost_compression_opts.level: 32767
2019/10/17-14:55:03.775834 7fc3a9fcb700               Options.bottommost_compression_opts.strategy: 0
2019/10/17-14:55:03.775835 7fc3a9fcb700         Options.bottommost_compression_opts.max_dict_bytes: 0
2019/10/17-14:55:03.775835 7fc3a9fcb700         Options.bottommost_compression_opts.zstd_max_train_bytes: 0
2019/10/17-14:55:03.775836 7fc3a9fcb700                  Options.bottommost_compression_opts.enabled: false
2019/10/17-14:55:03.775836 7fc3a9fcb700            Options.compression_opts.window_bits: -14
2019/10/17-14:55:03.775837 7fc3a9fcb700                  Options.compression_opts.level: 32767
2019/10/17-14:55:03.775837 7fc3a9fcb700               Options.compression_opts.strategy: 0
2019/10/17-14:55:03.775838 7fc3a9fcb700         Options.compression_opts.max_dict_bytes: 0
2019/10/17-14:55:03.775838 7fc3a9fcb700         Options.compression_opts.zstd_max_train_bytes: 0
2019/10/17-14:55:03.775839 7fc3a9fcb700                  Options.compression_opts.enabled: false
2019/10/17-14:55:03.775839 7fc3a9fcb700      Options.level0_file_num_compaction_trigger: 4
2019/10/17-14:55:03.775840 7fc3a9fcb700          Options.level0_slowdown_writes_trigger: 20
2019/10/17-14:55:03.775840 7fc3a9fcb700              Options.level0_stop_writes_trigger: 36
2019/10/17-14:55:03.775841 7fc3a9fcb700                   Options.target_file_size_base: 67108864
2019/10/17-14:55:03.775841 7fc3a9fcb700             Options.target_file_size_multiplier: 1
2019/10/17-14:55:03.775842 7fc3a9fcb700                Options.max_bytes_for_level_base: 268435456
2019/10/17-14:55:03.775843 7fc3a9fcb700 Options.level_compaction_dynamic_level_bytes: 0
2019/10/17-14:55:03.775843 7fc3a9fcb700          Options.max_bytes_for_level_multiplier: 10.000000
2019/10/17-14:55:03.775844 7fc3a9fcb700 Options.max_bytes_for_level_multiplier_addtl[0]: 1
2019/10/17-14:55:03.775845 7fc3a9fcb700 Options.max_bytes_for_level_multiplier_addtl[1]: 1
2019/10/17-14:55:03.775845 7fc3a9fcb700 Options.max_bytes_for_level_multiplier_addtl[2]: 1
2019/10/17-14:55:03.775846 7fc3a9fcb700 Options.max_bytes_for_level_multiplier_addtl[3]: 1
2019/10/17-14:55:03.775846 7fc3a9fcb700 Options.max_bytes_for_level_multiplier_addtl[4]: 1
2019/10/17-14:55:03.775847 7fc3a9fcb700 Options.max_bytes_for_level_multiplier_addtl[5]: 1
2019/10/17-14:55:03.775847 7fc3a9fcb700 Options.max_bytes_for_level_multiplier_addtl[6]: 1
2019/10/17-14:55:03.775848 7fc3a9fcb700       Options.max_sequential_skip_in_iterations: 8
2019/10/17-14:55:03.775848 7fc3a9fcb700                    Options.max_compaction_bytes: 1677721600
2019/10/17-14:55:03.775849 7fc3a9fcb700                        Options.arena_block_size: 8388608
2019/10/17-14:55:03.775849 7fc3a9fcb700   Options.soft_pending_compaction_bytes_limit: 68719476736
2019/10/17-14:55:03.775850 7fc3a9fcb700   Options.hard_pending_compaction_bytes_limit: 274877906944
2019/10/17-14:55:03.775850 7fc3a9fcb700       Options.rate_limit_delay_max_milliseconds: 100
2019/10/17-14:55:03.775851 7fc3a9fcb700                Options.disable_auto_compactions: 0
2019/10/17-14:55:03.775854 7fc3a9fcb700                        Options.compaction_style: kCompactionStyleLevel
2019/10/17-14:55:03.775855 7fc3a9fcb700                          Options.compaction_pri: kByCompensatedSize
2019/10/17-14:55:03.775856 7fc3a9fcb700 Options.compaction_options_universal.size_ratio: 1
2019/10/17-14:55:03.775856 7fc3a9fcb700 Options.compaction_options_universal.min_merge_width: 2
2019/10/17-14:55:03.775857 7fc3a9fcb700 Options.compaction_options_universal.max_merge_width: 4294967295
2019/10/17-14:55:03.775857 7fc3a9fcb700 Options.compaction_options_universal.max_size_amplification_percent: 200
2019/10/17-14:55:03.775858 7fc3a9fcb700 Options.compaction_options_universal.compression_size_percent: -1
2019/10/17-14:55:03.775858 7fc3a9fcb700 Options.compaction_options_universal.stop_style: kCompactionStopStyleTotalSize
2019/10/17-14:55:03.775859 7fc3a9fcb700 Options.compaction_options_fifo.max_table_files_size: 1073741824
2019/10/17-14:55:03.775859 7fc3a9fcb700 Options.compaction_options_fifo.allow_compaction: 0
2019/10/17-14:55:03.775860 7fc3a9fcb700 Options.compaction_options_fifo.ttl: 0
2019/10/17-14:55:03.775861 7fc3a9fcb700                   Options.table_properties_collectors: 
2019/10/17-14:55:03.775861 7fc3a9fcb700                   Options.inplace_update_support: 0
2019/10/17-14:55:03.775862 7fc3a9fcb700                 Options.inplace_update_num_locks: 10000
2019/10/17-14:55:03.775862 7fc3a9fcb700               Options.memtable_prefix_bloom_size_ratio: 0.000000
2019/10/17-14:55:03.775863 7fc3a9fcb700   Options.memtable_huge_page_size: 0
2019/10/17-14:55:03.775863 7fc3a9fcb700                           Options.bloom_locality: 0
2019/10/17-14:55:03.775864 7fc3a9fcb700                    Options.max_successive_merges: 0
2019/10/17-14:55:03.775864 7fc3a9fcb700                Options.optimize_filters_for_hits: 0
2019/10/17-14:55:03.775865 7fc3a9fcb700                Options.paranoid_file_checks: 0
2019/10/17-14:55:03.775865 7fc3a9fcb700                Options.force_consistency_checks: 0
2019/10/17-14:55:03.775866 7fc3a9fcb700                Options.report_bg_io_stats: 0
2019/10/17-14:55:03.775867 7fc3a9fcb700                               Options.ttl: 0
2019/10/17-14:55:03.775875 7fc3a9fcb700 [db/column_family.cc:472] --------------- Options for column family [htlcs]:
2019/10/17-14:55:03.775876 7fc3a9fcb700               Options.comparator: leveldb.BytewiseComparator
2019/10/17-14:55:03.775877 7fc3a9fcb700           Options.merge_operator: None
2019/10/17-14:55:03.775878 7fc3a9fcb700        Options.compaction_filter: None
2019/10/17-14:55:03.775878 7fc3a9fcb700        Options.compaction_filter_factory: None
2019/10/17-14:55:03.775879 7fc3a9fcb700         Options.memtable_factory: SkipListFactory
2019/10/17-14:55:03.775879 7fc3a9fcb700            Options.table_factory: BlockBasedTable
2019/10/17-14:55:03.775885 7fc3a9fcb700            table_factory options:   flush_block_policy_factory: FlushBlockBySizePolicyFactory (0x7fc3500114c0)
