2019/10/17-14:55:03.624199 7fc3a9fcb700 RocksDB version: 5.18.3
2019/10/17-14:55:03.624222 7fc3a9fcb700 Git sha rocksdb_build_git_sha:@0@
2019/10/17-14:55:03.624223 7fc3a9fcb700 Compile date Sep 19 2019
2019/10/17-14:55:03.624224 7fc3a9fcb700 DB SUMMARY
2019/10/17-14:55:03.624723 7fc3a9fcb700 CURRENT file:  CURRENT
2019/10/17-14:55:03.624724 7fc3a9fcb700 IDENTITY file:  IDENTITY
2019/10/17-14:55:03.624745 7fc3a9fcb700 MANIFEST file:  MANIFEST-116242 size: 4114 Bytes
2019/10/17-14:55:03.624746 7fc3a9fcb700 SST files in /home/rahul/dev/blockchain-core/eqc/ledger.db dir, Total Num: 29, files: 000624.sst 000627.sst 106940.sst 108447.sst 108450.sst 109471.sst 109483.sst 109485.sst 109486.sst 
2019/10/17-14:55:03.624747 7fc3a9fcb700 Write Ahead Log file in /home/rahul/dev/blockchain-core/eqc/ledger.db: 116243.log size: 0 ; 
2019/10/17-14:55:03.624771 7fc3a9fcb700                         Options.error_if_exists: 0
2019/10/17-14:55:03.624772 7fc3a9fcb700                       Options.create_if_missing: 1
2019/10/17-14:55:03.624772 7fc3a9fcb700                         Options.paranoid_checks: 1
2019/10/17-14:55:03.624773 7fc3a9fcb700                                     Options.env: 0x7fc32ae1fc60
2019/10/17-14:55:03.624774 7fc3a9fcb700                                Options.info_log: 0x7fc35000b430
2019/10/17-14:55:03.624774 7fc3a9fcb700                Options.max_file_opening_threads: 16
2019/10/17-14:55:03.624775 7fc3a9fcb700                              Options.statistics: (nil)
2019/10/17-14:55:03.624775 7fc3a9fcb700                               Options.use_fsync: 0
2019/10/17-14:55:03.624776 7fc3a9fcb700                       Options.max_log_file_size: 0
2019/10/17-14:55:03.624776 7fc3a9fcb700                  Options.max_manifest_file_size: 1073741824
2019/10/17-14:55:03.624777 7fc3a9fcb700                   Options.log_file_time_to_roll: 0
2019/10/17-14:55:03.624778 7fc3a9fcb700                       Options.keep_log_file_num: 1000
2019/10/17-14:55:03.624778 7fc3a9fcb700                    Options.recycle_log_file_num: 0
2019/10/17-14:55:03.624779 7fc3a9fcb700                         Options.allow_fallocate: 1
2019/10/17-14:55:03.624779 7fc3a9fcb700                        Options.allow_mmap_reads: 0
2019/10/17-14:55:03.624780 7fc3a9fcb700                       Options.allow_mmap_writes: 0
2019/10/17-14:55:03.624780 7fc3a9fcb700                        Options.use_direct_reads: 0
2019/10/17-14:55:03.624781 7fc3a9fcb700                        Options.use_direct_io_for_flush_and_compaction: 0
2019/10/17-14:55:03.624781 7fc3a9fcb700          Options.create_missing_column_families: 0
2019/10/17-14:55:03.624782 7fc3a9fcb700                              Options.db_log_dir: 
2019/10/17-14:55:03.624782 7fc3a9fcb700                                 Options.wal_dir: /home/rahul/dev/blockchain-core/eqc/ledger.db
2019/10/17-14:55:03.624783 7fc3a9fcb700                Options.table_cache_numshardbits: 6
2019/10/17-14:55:03.624783 7fc3a9fcb700                      Options.max_subcompactions: 1
2019/10/17-14:55:03.624784 7fc3a9fcb700                  Options.max_background_flushes: -1
2019/10/17-14:55:03.624784 7fc3a9fcb700                         Options.WAL_ttl_seconds: 0
2019/10/17-14:55:03.624785 7fc3a9fcb700                       Options.WAL_size_limit_MB: 0
2019/10/17-14:55:03.624786 7fc3a9fcb700             Options.manifest_preallocation_size: 4194304
2019/10/17-14:55:03.624786 7fc3a9fcb700                     Options.is_fd_close_on_exec: 1
2019/10/17-14:55:03.624787 7fc3a9fcb700                   Options.advise_random_on_open: 1
2019/10/17-14:55:03.624787 7fc3a9fcb700                    Options.db_write_buffer_size: 0
2019/10/17-14:55:03.624788 7fc3a9fcb700                    Options.write_buffer_manager: 0x7fc3500e5140
2019/10/17-14:55:03.624788 7fc3a9fcb700         Options.access_hint_on_compaction_start: 1
2019/10/17-14:55:03.624789 7fc3a9fcb700  Options.new_table_reader_for_compaction_inputs: 0
2019/10/17-14:55:03.624789 7fc3a9fcb700           Options.random_access_max_buffer_size: 1048576
2019/10/17-14:55:03.624790 7fc3a9fcb700                      Options.use_adaptive_mutex: 0
2019/10/17-14:55:03.624790 7fc3a9fcb700                            Options.rate_limiter: (nil)
2019/10/17-14:55:03.624797 7fc3a9fcb700     Options.sst_file_manager.rate_bytes_per_sec: 0
2019/10/17-14:55:03.624797 7fc3a9fcb700                       Options.wal_recovery_mode: 2
2019/10/17-14:55:03.624798 7fc3a9fcb700                  Options.enable_thread_tracking: 0
2019/10/17-14:55:03.624798 7fc3a9fcb700                  Options.enable_pipelined_write: 0
2019/10/17-14:55:03.624799 7fc3a9fcb700         Options.allow_concurrent_memtable_write: 1
2019/10/17-14:55:03.624799 7fc3a9fcb700      Options.enable_write_thread_adaptive_yield: 1
2019/10/17-14:55:03.624800 7fc3a9fcb700             Options.write_thread_max_yield_usec: 100
2019/10/17-14:55:03.624800 7fc3a9fcb700            Options.write_thread_slow_yield_usec: 3
2019/10/17-14:55:03.624801 7fc3a9fcb700                               Options.row_cache: None
2019/10/17-14:55:03.624802 7fc3a9fcb700                              Options.wal_filter: None
2019/10/17-14:55:03.624802 7fc3a9fcb700             Options.avoid_flush_during_recovery: 0
2019/10/17-14:55:03.624803 7fc3a9fcb700             Options.allow_ingest_behind: 0
2019/10/17-14:55:03.624804 7fc3a9fcb700             Options.preserve_deletes: 0
2019/10/17-14:55:03.624804 7fc3a9fcb700             Options.two_write_queues: 0
2019/10/17-14:55:03.624805 7fc3a9fcb700             Options.manual_wal_flush: 0
2019/10/17-14:55:03.624805 7fc3a9fcb700             Options.max_background_jobs: 2
2019/10/17-14:55:03.624806 7fc3a9fcb700             Options.max_background_compactions: -1
2019/10/17-14:55:03.624806 7fc3a9fcb700             Options.avoid_flush_during_shutdown: 0
2019/10/17-14:55:03.624807 7fc3a9fcb700           Options.writable_file_max_buffer_size: 1048576
2019/10/17-14:55:03.624807 7fc3a9fcb700             Options.delayed_write_rate : 16777216
2019/10/17-14:55:03.624808 7fc3a9fcb700             Options.max_total_wal_size: 0
2019/10/17-14:55:03.624808 7fc3a9fcb700             Options.delete_obsolete_files_period_micros: 21600000000
2019/10/17-14:55:03.624809 7fc3a9fcb700                   Options.stats_dump_period_sec: 600
2019/10/17-14:55:03.624809 7fc3a9fcb700                          Options.max_open_files: -1
2019/10/17-14:55:03.624810 7fc3a9fcb700                          Options.bytes_per_sync: 0
2019/10/17-14:55:03.624811 7fc3a9fcb700                      Options.wal_bytes_per_sync: 0
2019/10/17-14:55:03.624811 7fc3a9fcb700       Options.compaction_readahead_size: 0
2019/10/17-14:55:03.624812 7fc3a9fcb700 Compression algorithms supported:
2019/10/17-14:55:03.624812 7fc3a9fcb700 	kZSTDNotFinalCompression supported: 0
2019/10/17-14:55:03.624813 7fc3a9fcb700 	kZSTD supported: 0
2019/10/17-14:55:03.624814 7fc3a9fcb700 	kXpressCompression supported: 0
2019/10/17-14:55:03.624814 7fc3a9fcb700 	kLZ4HCCompression supported: 0
2019/10/17-14:55:03.624815 7fc3a9fcb700 	kLZ4Compression supported: 0
2019/10/17-14:55:03.624816 7fc3a9fcb700 	kBZip2Compression supported: 0
2019/10/17-14:55:03.624816 7fc3a9fcb700 	kZlibCompression supported: 0
2019/10/17-14:55:03.624817 7fc3a9fcb700 	kSnappyCompression supported: 0
2019/10/17-14:55:03.624818 7fc3a9fcb700 Fast CRC32 supported: Supported on x86
2019/10/17-14:55:03.624884 7fc3a9fcb700 [db/version_set.cc:3507] Recovering from manifest file: MANIFEST-116242
2019/10/17-14:55:03.624908 7fc3a9fcb700 [db/column_family.cc:472] --------------- Options for column family [default]:
2019/10/17-14:55:03.624909 7fc3a9fcb700               Options.comparator: leveldb.BytewiseComparator
2019/10/17-14:55:03.624910 7fc3a9fcb700           Options.merge_operator: None
2019/10/17-14:55:03.624910 7fc3a9fcb700        Options.compaction_filter: None
2019/10/17-14:55:03.624911 7fc3a9fcb700        Options.compaction_filter_factory: None
2019/10/17-14:55:03.624911 7fc3a9fcb700         Options.memtable_factory: SkipListFactory
2019/10/17-14:55:03.624912 7fc3a9fcb700            Options.table_factory: BlockBasedTable
2019/10/17-14:55:03.624922 7fc3a9fcb700            table_factory options:   flush_block_policy_factory: FlushBlockBySizePolicyFactory (0x7fc350084a10)
  cache_index_and_filter_blocks: 0
  cache_index_and_filter_blocks_with_high_priority: 0
  pin_l0_filter_and_index_blocks_in_cache: 0
  pin_top_level_index_and_filter: 1
  index_type: 0
  hash_index_allow_collision: 1
  checksum: 1
  no_block_cache: 0
  block_cache: 0x7fc35000eac0
  block_cache_name: LRUCache
  block_cache_options:
    capacity : 8388608
    num_shard_bits : 4
    strict_capacity_limit : 0
    memory_allocator : None
    high_pri_pool_ratio: 0.000
  block_cache_compressed: (nil)
  persistent_cache: (nil)
  block_size: 4096
  block_size_deviation: 10
  block_restart_interval: 16
  index_block_restart_interval: 1
  metadata_block_size: 4096
  partition_filters: 0
  use_delta_encoding: 1
  filter_policy: nullptr
  whole_key_filtering: 1
  verify_compression: 0
  read_amp_bytes_per_bit: 0
  format_version: 2
  enable_index_compression: 1
  block_align: 0
2019/10/17-14:55:03.624929 7fc3a9fcb700        Options.write_buffer_size: 67108864
2019/10/17-14:55:03.624929 7fc3a9fcb700  Options.max_write_buffer_number: 2
2019/10/17-14:55:03.624930 7fc3a9fcb700          Options.compression: NoCompression
2019/10/17-14:55:03.624931 7fc3a9fcb700                  Options.bottommost_compression: Disabled
2019/10/17-14:55:03.624931 7fc3a9fcb700       Options.prefix_extractor: nullptr
2019/10/17-14:55:03.624932 7fc3a9fcb700   Options.memtable_insert_with_hint_prefix_extractor: nullptr
2019/10/17-14:55:03.624932 7fc3a9fcb700             Options.num_levels: 7
2019/10/17-14:55:03.624933 7fc3a9fcb700        Options.min_write_buffer_number_to_merge: 1
2019/10/17-14:55:03.624933 7fc3a9fcb700     Options.max_write_buffer_number_to_maintain: 0
2019/10/17-14:55:03.624934 7fc3a9fcb700            Options.bottommost_compression_opts.window_bits: -14
2019/10/17-14:55:03.624935 7fc3a9fcb700                  Options.bottommost_compression_opts.level: 32767
2019/10/17-14:55:03.624935 7fc3a9fcb700               Options.bottommost_compression_opts.strategy: 0
2019/10/17-14:55:03.624936 7fc3a9fcb700         Options.bottommost_compression_opts.max_dict_bytes: 0
2019/10/17-14:55:03.624936 7fc3a9fcb700         Options.bottommost_compression_opts.zstd_max_train_bytes: 0
2019/10/17-14:55:03.624937 7fc3a9fcb700                  Options.bottommost_compression_opts.enabled: false
2019/10/17-14:55:03.624937 7fc3a9fcb700            Options.compression_opts.window_bits: -14
2019/10/17-14:55:03.624938 7fc3a9fcb700                  Options.compression_opts.level: 32767
2019/10/17-14:55:03.624938 7fc3a9fcb700               Options.compression_opts.strategy: 0
2019/10/17-14:55:03.624939 7fc3a9fcb700         Options.compression_opts.max_dict_bytes: 0
2019/10/17-14:55:03.624939 7fc3a9fcb700         Options.compression_opts.zstd_max_train_bytes: 0
2019/10/17-14:55:03.624940 7fc3a9fcb700                  Options.compression_opts.enabled: false
2019/10/17-14:55:03.624940 7fc3a9fcb700      Options.level0_file_num_compaction_trigger: 4
2019/10/17-14:55:03.624941 7fc3a9fcb700          Options.level0_slowdown_writes_trigger: 20
2019/10/17-14:55:03.624941 7fc3a9fcb700              Options.level0_stop_writes_trigger: 36
2019/10/17-14:55:03.624942 7fc3a9fcb700                   Options.target_file_size_base: 67108864
2019/10/17-14:55:03.624943 7fc3a9fcb700             Options.target_file_size_multiplier: 1
2019/10/17-14:55:03.624943 7fc3a9fcb700                Options.max_bytes_for_level_base: 268435456
2019/10/17-14:55:03.624944 7fc3a9fcb700 Options.level_compaction_dynamic_level_bytes: 0
2019/10/17-14:55:03.624944 7fc3a9fcb700          Options.max_bytes_for_level_multiplier: 10.000000
2019/10/17-14:55:03.624946 7fc3a9fcb700 Options.max_bytes_for_level_multiplier_addtl[0]: 1
2019/10/17-14:55:03.624946 7fc3a9fcb700 Options.max_bytes_for_level_multiplier_addtl[1]: 1
2019/10/17-14:55:03.624947 7fc3a9fcb700 Options.max_bytes_for_level_multiplier_addtl[2]: 1
2019/10/17-14:55:03.624947 7fc3a9fcb700 Options.max_bytes_for_level_multiplier_addtl[3]: 1
2019/10/17-14:55:03.624948 7fc3a9fcb700 Options.max_bytes_for_level_multiplier_addtl[4]: 1
2019/10/17-14:55:03.624951 7fc3a9fcb700 Options.max_bytes_for_level_multiplier_addtl[5]: 1
2019/10/17-14:55:03.624952 7fc3a9fcb700 Options.max_bytes_for_level_multiplier_addtl[6]: 1
2019/10/17-14:55:03.624952 7fc3a9fcb700       Options.max_sequential_skip_in_iterations: 8
2019/10/17-14:55:03.624953 7fc3a9fcb700                    Options.max_compaction_bytes: 1677721600
2019/10/17-14:55:03.624953 7fc3a9fcb700                        Options.arena_block_size: 8388608
2019/10/17-14:55:03.624954 7fc3a9fcb700   Options.soft_pending_compaction_bytes_limit: 68719476736
2019/10/17-14:55:03.624954 7fc3a9fcb700   Options.hard_pending_compaction_bytes_limit: 274877906944
2019/10/17-14:55:03.624955 7fc3a9fcb700       Options.rate_limit_delay_max_milliseconds: 100
2019/10/17-14:55:03.624955 7fc3a9fcb700                Options.disable_auto_compactions: 0
2019/10/17-14:55:03.624956 7fc3a9fcb700                        Options.compaction_style: kCompactionStyleLevel
2019/10/17-14:55:03.624957 7fc3a9fcb700                          Options.compaction_pri: kByCompensatedSize
2019/10/17-14:55:03.624958 7fc3a9fcb700 Options.compaction_options_universal.size_ratio: 1
2019/10/17-14:55:03.624959 7fc3a9fcb700 Options.compaction_options_universal.min_merge_width: 2
2019/10/17-14:55:03.624959 7fc3a9fcb700 Options.compaction_options_universal.max_merge_width: 4294967295
2019/10/17-14:55:03.624960 7fc3a9fcb700 Options.compaction_options_universal.max_size_amplification_percent: 200
2019/10/17-14:55:03.624960 7fc3a9fcb700 Options.compaction_options_universal.compression_size_percent: -1
2019/10/17-14:55:03.624961 7fc3a9fcb700 Options.compaction_options_universal.stop_style: kCompactionStopStyleTotalSize
2019/10/17-14:55:03.624961 7fc3a9fcb700 Options.compaction_options_fifo.max_table_files_size: 1073741824
2019/10/17-14:55:03.624962 7fc3a9fcb700 Options.compaction_options_fifo.allow_compaction: 0
2019/10/17-14:55:03.624962 7fc3a9fcb700 Options.compaction_options_fifo.ttl: 0
2019/10/17-14:55:03.624963 7fc3a9fcb700                   Options.table_properties_collectors: 
2019/10/17-14:55:03.624963 7fc3a9fcb700                   Options.inplace_update_support: 0
2019/10/17-14:55:03.624964 7fc3a9fcb700                 Options.inplace_update_num_locks: 10000
2019/10/17-14:55:03.624965 7fc3a9fcb700               Options.memtable_prefix_bloom_size_ratio: 0.000000
2019/10/17-14:55:03.624965 7fc3a9fcb700   Options.memtable_huge_page_size: 0
2019/10/17-14:55:03.624966 7fc3a9fcb700                           Options.bloom_locality: 0
2019/10/17-14:55:03.624967 7fc3a9fcb700                    Options.max_successive_merges: 0
2019/10/17-14:55:03.624967 7fc3a9fcb700                Options.optimize_filters_for_hits: 0
2019/10/17-14:55:03.624968 7fc3a9fcb700                Options.paranoid_file_checks: 0
2019/10/17-14:55:03.624968 7fc3a9fcb700                Options.force_consistency_checks: 0
2019/10/17-14:55:03.624969 7fc3a9fcb700                Options.report_bg_io_stats: 0
2019/10/17-14:55:03.624969 7fc3a9fcb700                               Options.ttl: 0
2019/10/17-14:55:03.624991 7fc3a9fcb700 [db/column_family.cc:472] --------------- Options for column family [active_gateways]:
2019/10/17-14:55:03.624992 7fc3a9fcb700               Options.comparator: leveldb.BytewiseComparator
2019/10/17-14:55:03.624992 7fc3a9fcb700           Options.merge_operator: None
2019/10/17-14:55:03.624993 7fc3a9fcb700        Options.compaction_filter: None
2019/10/17-14:55:03.624993 7fc3a9fcb700        Options.compaction_filter_factory: None
2019/10/17-14:55:03.624994 7fc3a9fcb700         Options.memtable_factory: SkipListFactory
2019/10/17-14:55:03.624994 7fc3a9fcb700            Options.table_factory: BlockBasedTable
2019/10/17-14:55:03.625002 7fc3a9fcb700            table_factory options:   flush_block_policy_factory: FlushBlockBySizePolicyFactory (0x7fc3500fd8f0)
  cache_index_and_filter_blocks: 0
  cache_index_and_filter_blocks_with_high_priority: 0
  pin_l0_filter_and_index_blocks_in_cache: 0
  pin_top_level_index_and_filter: 1
  index_type: 0
  hash_index_allow_collision: 1
  checksum: 1
  no_block_cache: 0
  block_cache: 0x7fc3500dbd70
  block_cache_name: LRUCache
  block_cache_options:
    capacity : 8388608
    num_shard_bits : 4
    strict_capacity_limit : 0
    memory_allocator : None
    high_pri_pool_ratio: 0.000
  block_cache_compressed: (nil)
  persistent_cache: (nil)
  block_size: 4096
  block_size_deviation: 10
  block_restart_interval: 16
  index_block_restart_interval: 1
  metadata_block_size: 4096
  partition_filters: 0
  use_delta_encoding: 1
  filter_policy: nullptr
  whole_key_filtering: 1
  verify_compression: 0
  read_amp_bytes_per_bit: 0
  format_version: 2
  enable_index_compression: 1
  block_align: 0
2019/10/17-14:55:03.625006 7fc3a9fcb700        Options.write_buffer_size: 67108864
2019/10/17-14:55:03.625007 7fc3a9fcb700  Options.max_write_buffer_number: 2
2019/10/17-14:55:03.625007 7fc3a9fcb700          Options.compression: NoCompression
2019/10/17-14:55:03.625008 7fc3a9fcb700                  Options.bottommost_compression: Disabled
2019/10/17-14:55:03.625009 7fc3a9fcb700       Options.prefix_extractor: nullptr
2019/10/17-14:55:03.625009 7fc3a9fcb700   Options.memtable_insert_with_hint_prefix_extractor: nullptr
2019/10/17-14:55:03.625010 7fc3a9fcb700             Options.num_levels: 7
2019/10/17-14:55:03.625010 7fc3a9fcb700        Options.min_write_buffer_number_to_merge: 1
2019/10/17-14:55:03.625011 7fc3a9fcb700     Options.max_write_buffer_number_to_maintain: 0
2019/10/17-14:55:03.625011 7fc3a9fcb700            Options.bottommost_compression_opts.window_bits: -14
2019/10/17-14:55:03.625012 7fc3a9fcb700                  Options.bottommost_compression_opts.level: 32767
2019/10/17-14:55:03.625012 7fc3a9fcb700               Options.bottommost_compression_opts.strategy: 0
2019/10/17-14:55:03.625013 7fc3a9fcb700         Options.bottommost_compression_opts.max_dict_bytes: 0
2019/10/17-14:55:03.625013 7fc3a9fcb700         Options.bottommost_compression_opts.zstd_max_train_bytes: 0
2019/10/17-14:55:03.625014 7fc3a9fcb700                  Options.bottommost_compression_opts.enabled: false
2019/10/17-14:55:03.625014 7fc3a9fcb700            Options.compression_opts.window_bits: -14
2019/10/17-14:55:03.625015 7fc3a9fcb700                  Options.compression_opts.level: 32767
2019/10/17-14:55:03.625015 7fc3a9fcb700               Options.compression_opts.strategy: 0
2019/10/17-14:55:03.625016 7fc3a9fcb700         Options.compression_opts.max_dict_bytes: 0
2019/10/17-14:55:03.625016 7fc3a9fcb700         Options.compression_opts.zstd_max_train_bytes: 0
2019/10/17-14:55:03.625017 7fc3a9fcb700                  Options.compression_opts.enabled: false
2019/10/17-14:55:03.625018 7fc3a9fcb700      Options.level0_file_num_compaction_trigger: 4
2019/10/17-14:55:03.625018 7fc3a9fcb700          Options.level0_slowdown_writes_trigger: 20
2019/10/17-14:55:03.625019 7fc3a9fcb700              Options.level0_stop_writes_trigger: 36
2019/10/17-14:55:03.625019 7fc3a9fcb700                   Options.target_file_size_base: 67108864
2019/10/17-14:55:03.625020 7fc3a9fcb700             Options.target_file_size_multiplier: 1
2019/10/17-14:55:03.625020 7fc3a9fcb700                Options.max_bytes_for_level_base: 268435456
2019/10/17-14:55:03.625021 7fc3a9fcb700 Options.level_compaction_dynamic_level_bytes: 0
2019/10/17-14:55:03.625021 7fc3a9fcb700          Options.max_bytes_for_level_multiplier: 10.000000
2019/10/17-14:55:03.625022 7fc3a9fcb700 Options.max_bytes_for_level_multiplier_addtl[0]: 1
2019/10/17-14:55:03.625023 7fc3a9fcb700 Options.max_bytes_for_level_multiplier_addtl[1]: 1
2019/10/17-14:55:03.625023 7fc3a9fcb700 Options.max_bytes_for_level_multiplier_addtl[2]: 1
2019/10/17-14:55:03.625024 7fc3a9fcb700 Options.max_bytes_for_level_multiplier_addtl[3]: 1
2019/10/17-14:55:03.625024 7fc3a9fcb700 Options.max_bytes_for_level_multiplier_addtl[4]: 1
2019/10/17-14:55:03.625025 7fc3a9fcb700 Options.max_bytes_for_level_multiplier_addtl[5]: 1
2019/10/17-14:55:03.625026 7fc3a9fcb700 Options.max_bytes_for_level_multiplier_addtl[6]: 1
2019/10/17-14:55:03.625026 7fc3a9fcb700       Options.max_sequential_skip_in_iterations: 8
2019/10/17-14:55:03.625029 7fc3a9fcb700                    Options.max_compaction_bytes: 1677721600
2019/10/17-14:55:03.625030 7fc3a9fcb700                        Options.arena_block_size: 8388608
2019/10/17-14:55:03.625031 7fc3a9fcb700   Options.soft_pending_compaction_bytes_limit: 68719476736
2019/10/17-14:55:03.625031 7fc3a9fcb700   Options.hard_pending_compaction_bytes_limit: 274877906944
2019/10/17-14:55:03.625032 7fc3a9fcb700       Options.rate_limit_delay_max_milliseconds: 100
2019/10/17-14:55:03.625032 7fc3a9fcb700                Options.disable_auto_compactions: 0
2019/10/17-14:55:03.625033 7fc3a9fcb700                        Options.compaction_style: kCompactionStyleLevel
2019/10/17-14:55:03.625033 7fc3a9fcb700                          Options.compaction_pri: kByCompensatedSize
2019/10/17-14:55:03.625034 7fc3a9fcb700 Options.compaction_options_universal.size_ratio: 1
2019/10/17-14:55:03.625035 7fc3a9fcb700 Options.compaction_options_universal.min_merge_width: 2
2019/10/17-14:55:03.625035 7fc3a9fcb700 Options.compaction_options_universal.max_merge_width: 4294967295
2019/10/17-14:55:03.625036 7fc3a9fcb700 Options.compaction_options_universal.max_size_amplification_percent: 200
2019/10/17-14:55:03.625036 7fc3a9fcb700 Options.compaction_options_universal.compression_size_percent: -1
2019/10/17-14:55:03.625037 7fc3a9fcb700 Options.compaction_options_universal.stop_style: kCompactionStopStyleTotalSize
2019/10/17-14:55:03.625037 7fc3a9fcb700 Options.compaction_options_fifo.max_table_files_size: 1073741824
2019/10/17-14:55:03.625038 7fc3a9fcb700 Options.compaction_options_fifo.allow_compaction: 0
2019/10/17-14:55:03.625039 7fc3a9fcb700 Options.compaction_options_fifo.ttl: 0
2019/10/17-14:55:03.625039 7fc3a9fcb700                   Options.table_properties_collectors: 
2019/10/17-14:55:03.625040 7fc3a9fcb700                   Options.inplace_update_support: 0
2019/10/17-14:55:03.625040 7fc3a9fcb700                 Options.inplace_update_num_locks: 10000
2019/10/17-14:55:03.625041 7fc3a9fcb700               Options.memtable_prefix_bloom_size_ratio: 0.000000
2019/10/17-14:55:03.625041 7fc3a9fcb700   Options.memtable_huge_page_size: 0
2019/10/17-14:55:03.625042 7fc3a9fcb700                           Options.bloom_locality: 0
2019/10/17-14:55:03.625042 7fc3a9fcb700                    Options.max_successive_merges: 0
2019/10/17-14:55:03.625043 7fc3a9fcb700                Options.optimize_filters_for_hits: 0
2019/10/17-14:55:03.625043 7fc3a9fcb700                Options.paranoid_file_checks: 0
2019/10/17-14:55:03.625044 7fc3a9fcb700                Options.force_consistency_checks: 0
2019/10/17-14:55:03.625044 7fc3a9fcb700                Options.report_bg_io_stats: 0
2019/10/17-14:55:03.625045 7fc3a9fcb700                               Options.ttl: 0
2019/10/17-14:55:03.625056 7fc3a9fcb700 [db/column_family.cc:472] --------------- Options for column family [entries]:
2019/10/17-14:55:03.625057 7fc3a9fcb700               Options.comparator: leveldb.BytewiseComparator
2019/10/17-14:55:03.625057 7fc3a9fcb700           Options.merge_operator: None
2019/10/17-14:55:03.625058 7fc3a9fcb700        Options.compaction_filter: None
2019/10/17-14:55:03.625058 7fc3a9fcb700        Options.compaction_filter_factory: None
2019/10/17-14:55:03.625059 7fc3a9fcb700         Options.memtable_factory: SkipListFactory
2019/10/17-14:55:03.625059 7fc3a9fcb700            Options.table_factory: BlockBasedTable
2019/10/17-14:55:03.625066 7fc3a9fcb700            table_factory options:   flush_block_policy_factory: FlushBlockBySizePolicyFactory (0x7fc35004a7e0)
  cache_index_and_filter_blocks: 0
  cache_index_and_filter_blocks_with_high_priority: 0
  pin_l0_filter_and_index_blocks_in_cache: 0
  pin_top_level_index_and_filter: 1
  index_type: 0
  hash_index_allow_collision: 1
  checksum: 1
  no_block_cache: 0
  block_cache: 0x7fc35000e5e0
  block_cache_name: LRUCache
  block_cache_options:
    capacity : 8388608
    num_shard_bits : 4
    strict_capacity_limit : 0
    memory_allocator : None
    high_pri_pool_ratio: 0.000
  block_cache_compressed: (nil)
  persistent_cache: (nil)
  block_size: 4096
  block_size_deviation: 10
  block_restart_interval: 16
  index_block_restart_interval: 1
  metadata_block_size: 4096
  partition_filters: 0
  use_delta_encoding: 1
  filter_policy: nullptr
  whole_key_filtering: 1
  verify_compression: 0
  read_amp_bytes_per_bit: 0
  format_version: 2
  enable_index_compression: 1
  block_align: 0
2019/10/17-14:55:03.625070 7fc3a9fcb700        Options.write_buffer_size: 67108864
2019/10/17-14:55:03.625071 7fc3a9fcb700  Options.max_write_buffer_number: 2
2019/10/17-14:55:03.625071 7fc3a9fcb700          Options.compression: NoCompression
2019/10/17-14:55:03.625072 7fc3a9fcb700                  Options.bottommost_compression: Disabled
2019/10/17-14:55:03.625073 7fc3a9fcb700       Options.prefix_extractor: nullptr
2019/10/17-14:55:03.625073 7fc3a9fcb700   Options.memtable_insert_with_hint_prefix_extractor: nullptr
2019/10/17-14:55:03.625074 7fc3a9fcb700             Options.num_levels: 7
2019/10/17-14:55:03.625074 7fc3a9fcb700        Options.min_write_buffer_number_to_merge: 1
2019/10/17-14:55:03.625075 7fc3a9fcb700     Options.max_write_buffer_number_to_maintain: 0
2019/10/17-14:55:03.625075 7fc3a9fcb700            Options.bottommost_compression_opts.window_bits: -14
2019/10/17-14:55:03.625076 7fc3a9fcb700                  Options.bottommost_compression_opts.level: 32767
2019/10/17-14:55:03.625076 7fc3a9fcb700               Options.bottommost_compression_opts.strategy: 0
2019/10/17-14:55:03.625077 7fc3a9fcb700         Options.bottommost_compression_opts.max_dict_bytes: 0
2019/10/17-14:55:03.625077 7fc3a9fcb700         Options.bottommost_compression_opts.zstd_max_train_bytes: 0
2019/10/17-14:55:03.625078 7fc3a9fcb700                  Options.bottommost_compression_opts.enabled: false
2019/10/17-14:55:03.625078 7fc3a9fcb700            Options.compression_opts.window_bits: -14
2019/10/17-14:55:03.625079 7fc3a9fcb700                  Options.compression_opts.level: 32767
2019/10/17-14:55:03.625079 7fc3a9fcb700               Options.compression_opts.strategy: 0
2019/10/17-14:55:03.625080 7fc3a9fcb700         Options.compression_opts.max_dict_bytes: 0
2019/10/17-14:55:03.625080 7fc3a9fcb700         Options.compression_opts.zstd_max_train_bytes: 0
2019/10/17-14:55:03.625081 7fc3a9fcb700                  Options.compression_opts.enabled: false
2019/10/17-14:55:03.625081 7fc3a9fcb700      Options.level0_file_num_compaction_trigger: 4
2019/10/17-14:55:03.625082 7fc3a9fcb700          Options.level0_slowdown_writes_trigger: 20
2019/10/17-14:55:03.625082 7fc3a9fcb700              Options.level0_stop_writes_trigger: 36
2019/10/17-14:55:03.625083 7fc3a9fcb700                   Options.target_file_size_base: 67108864
2019/10/17-14:55:03.625084 7fc3a9fcb700             Options.target_file_size_multiplier: 1
2019/10/17-14:55:03.625084 7fc3a9fcb700                Options.max_bytes_for_level_base: 268435456
2019/10/17-14:55:03.625085 7fc3a9fcb700 Options.level_compaction_dynamic_level_bytes: 0
2019/10/17-14:55:03.625085 7fc3a9fcb700          Options.max_bytes_for_level_multiplier: 10.000000
2019/10/17-14:55:03.625086 7fc3a9fcb700 Options.max_bytes_for_level_multiplier_addtl[0]: 1
2019/10/17-14:55:03.625087 7fc3a9fcb700 Options.max_bytes_for_level_multiplier_addtl[1]: 1
2019/10/17-14:55:03.625087 7fc3a9fcb700 Options.max_bytes_for_level_multiplier_addtl[2]: 1
2019/10/17-14:55:03.625088 7fc3a9fcb700 Options.max_bytes_for_level_multiplier_addtl[3]: 1
2019/10/17-14:55:03.625088 7fc3a9fcb700 Options.max_bytes_for_level_multiplier_addtl[4]: 1
2019/10/17-14:55:03.625089 7fc3a9fcb700 Options.max_bytes_for_level_multiplier_addtl[5]: 1
2019/10/17-14:55:03.625089 7fc3a9fcb700 Options.max_bytes_for_level_multiplier_addtl[6]: 1
2019/10/17-14:55:03.625090 7fc3a9fcb700       Options.max_sequential_skip_in_iterations: 8
2019/10/17-14:55:03.625090 7fc3a9fcb700                    Options.max_compaction_bytes: 1677721600
2019/10/17-14:55:03.625091 7fc3a9fcb700                        Options.arena_block_size: 8388608
2019/10/17-14:55:03.625091 7fc3a9fcb700   Options.soft_pending_compaction_bytes_limit: 68719476736
2019/10/17-14:55:03.625094 7fc3a9fcb700   Options.hard_pending_compaction_bytes_limit: 274877906944
2019/10/17-14:55:03.625095 7fc3a9fcb700       Options.rate_limit_delay_max_milliseconds: 100
2019/10/17-14:55:03.625096 7fc3a9fcb700                Options.disable_auto_compactions: 0
2019/10/17-14:55:03.625096 7fc3a9fcb700                        Options.compaction_style: kCompactionStyleLevel
2019/10/17-14:55:03.625097 7fc3a9fcb700                          Options.compaction_pri: kByCompensatedSize
2019/10/17-14:55:03.625098 7fc3a9fcb700 Options.compaction_options_universal.size_ratio: 1
2019/10/17-14:55:03.625098 7fc3a9fcb700 Options.compaction_options_universal.min_merge_width: 2
2019/10/17-14:55:03.625099 7fc3a9fcb700 Options.compaction_options_universal.max_merge_width: 4294967295
2019/10/17-14:55:03.625099 7fc3a9fcb700 Options.compaction_options_universal.max_size_amplification_percent: 200
2019/10/17-14:55:03.625100 7fc3a9fcb700 Options.compaction_options_universal.compression_size_percent: -1
2019/10/17-14:55:03.625100 7fc3a9fcb700 Options.compaction_options_universal.stop_style: kCompactionStopStyleTotalSize
2019/10/17-14:55:03.625101 7fc3a9fcb700 Options.compaction_options_fifo.max_table_files_size: 1073741824
2019/10/17-14:55:03.625101 7fc3a9fcb700 Options.compaction_options_fifo.allow_compaction: 0
2019/10/17-14:55:03.625102 7fc3a9fcb700 Options.compaction_options_fifo.ttl: 0
2019/10/17-14:55:03.625102 7fc3a9fcb700                   Options.table_properties_collectors: 
2019/10/17-14:55:03.625103 7fc3a9fcb700                   Options.inplace_update_support: 0
2019/10/17-14:55:03.625103 7fc3a9fcb700                 Options.inplace_update_num_locks: 10000
2019/10/17-14:55:03.625104 7fc3a9fcb700               Options.memtable_prefix_bloom_size_ratio: 0.000000
2019/10/17-14:55:03.625105 7fc3a9fcb700   Options.memtable_huge_page_size: 0
2019/10/17-14:55:03.625105 7fc3a9fcb700                           Options.bloom_locality: 0
2019/10/17-14:55:03.625106 7fc3a9fcb700                    Options.max_successive_merges: 0
2019/10/17-14:55:03.625106 7fc3a9fcb700                Options.optimize_filters_for_hits: 0
2019/10/17-14:55:03.625107 7fc3a9fcb700                Options.paranoid_file_checks: 0
2019/10/17-14:55:03.625107 7fc3a9fcb700                Options.force_consistency_checks: 0
2019/10/17-14:55:03.625108 7fc3a9fcb700                Options.report_bg_io_stats: 0
2019/10/17-14:55:03.625108 7fc3a9fcb700                               Options.ttl: 0
2019/10/17-14:55:03.625117 7fc3a9fcb700 [db/column_family.cc:472] --------------- Options for column family [dc_entries]:
2019/10/17-14:55:03.625118 7fc3a9fcb700               Options.comparator: leveldb.BytewiseComparator
2019/10/17-14:55:03.625119 7fc3a9fcb700           Options.merge_operator: None
2019/10/17-14:55:03.625120 7fc3a9fcb700        Options.compaction_filter: None
2019/10/17-14:55:03.625120 7fc3a9fcb700        Options.compaction_filter_factory: None
2019/10/17-14:55:03.625121 7fc3a9fcb700         Options.memtable_factory: SkipListFactory
2019/10/17-14:55:03.625121 7fc3a9fcb700            Options.table_factory: BlockBasedTable
2019/10/17-14:55:03.625128 7fc3a9fcb700            table_factory options:   flush_block_policy_factory: FlushBlockBySizePolicyFactory (0x7fc35007cf20)
  cache_index_and_filter_blocks: 0
  cache_index_and_filter_blocks_with_high_priority: 0
  pin_l0_filter_and_index_blocks_in_cache: 0
  pin_top_level_index_and_filter: 1
  index_type: 0
  hash_index_allow_collision: 1
  checksum: 1
  no_block_cache: 0
  block_cache: 0x7fc350009740
  block_cache_name: LRUCache
  block_cache_options:
    capacity : 8388608
    num_shard_bits : 4
    strict_capacity_limit : 0
    memory_allocator : None
    high_pri_pool_ratio: 0.000
  block_cache_compressed: (nil)
  persistent_cache: (nil)
  block_size: 4096
  block_size_deviation: 10
  block_restart_interval: 16
  index_block_restart_interval: 1
  metadata_block_size: 4096
  partition_filters: 0
  use_delta_encoding: 1
  filter_policy: nullptr
  whole_key_filtering: 1
  verify_compression: 0
  read_amp_bytes_per_bit: 0
  format_version: 2
  enable_index_compression: 1
  block_align: 0
2019/10/17-14:55:03.625132 7fc3a9fcb700        Options.write_buffer_size: 67108864
2019/10/17-14:55:03.625133 7fc3a9fcb700  Options.max_write_buffer_number: 2
2019/10/17-14:55:03.625133 7fc3a9fcb700          Options.compression: NoCompression
2019/10/17-14:55:03.625134 7fc3a9fcb700                  Options.bottommost_compression: Disabled
2019/10/17-14:55:03.625134 7fc3a9fcb700       Options.prefix_extractor: nullptr
2019/10/17-14:55:03.625135 7fc3a9fcb700   Options.memtable_insert_with_hint_prefix_extractor: nullptr
2019/10/17-14:55:03.625135 7fc3a9fcb700             Options.num_levels: 7
2019/10/17-14:55:03.625136 7fc3a9fcb700        Options.min_write_buffer_number_to_merge: 1
2019/10/17-14:55:03.625136 7fc3a9fcb700     Options.max_write_buffer_number_to_maintain: 0
2019/10/17-14:55:03.625137 7fc3a9fcb700            Options.bottommost_compression_opts.window_bits: -14
2019/10/17-14:55:03.625137 7fc3a9fcb700                  Options.bottommost_compression_opts.level: 32767
2019/10/17-14:55:03.625138 7fc3a9fcb700               Options.bottommost_compression_opts.strategy: 0
2019/10/17-14:55:03.625138 7fc3a9fcb700         Options.bottommost_compression_opts.max_dict_bytes: 0
2019/10/17-14:55:03.625139 7fc3a9fcb700         Options.bottommost_compression_opts.zstd_max_train_bytes: 0
2019/10/17-14:55:03.625139 7fc3a9fcb700                  Options.bottommost_compression_opts.enabled: false
2019/10/17-14:55:03.625140 7fc3a9fcb700            Options.compression_opts.window_bits: -14
2019/10/17-14:55:03.625140 7fc3a9fcb700                  Options.compression_opts.level: 32767
2019/10/17-14:55:03.625141 7fc3a9fcb700               Options.compression_opts.strategy: 0
2019/10/17-14:55:03.625141 7fc3a9fcb700         Options.compression_opts.max_dict_bytes: 0
2019/10/17-14:55:03.625142 7fc3a9fcb700         Options.compression_opts.zstd_max_train_bytes: 0
2019/10/17-14:55:03.625142 7fc3a9fcb700                  Options.compression_opts.enabled: false
2019/10/17-14:55:03.625143 7fc3a9fcb700      Options.level0_file_num_compaction_trigger: 4
2019/10/17-14:55:03.625143 7fc3a9fcb700          Options.level0_slowdown_writes_trigger: 20
2019/10/17-14:55:03.625144 7fc3a9fcb700              Options.level0_stop_writes_trigger: 36
2019/10/17-14:55:03.625145 7fc3a9fcb700                   Options.target_file_size_base: 67108864
2019/10/17-14:55:03.625145 7fc3a9fcb700             Options.target_file_size_multiplier: 1
2019/10/17-14:55:03.625146 7fc3a9fcb700                Options.max_bytes_for_level_base: 268435456
2019/10/17-14:55:03.625146 7fc3a9fcb700 Options.level_compaction_dynamic_level_bytes: 0
2019/10/17-14:55:03.625147 7fc3a9fcb700          Options.max_bytes_for_level_multiplier: 10.000000
2019/10/17-14:55:03.625147 7fc3a9fcb700 Options.max_bytes_for_level_multiplier_addtl[0]: 1
2019/10/17-14:55:03.625148 7fc3a9fcb700 Options.max_bytes_for_level_multiplier_addtl[1]: 1
2019/10/17-14:55:03.625149 7fc3a9fcb700 Options.max_bytes_for_level_multiplier_addtl[2]: 1
2019/10/17-14:55:03.625149 7fc3a9fcb700 Options.max_bytes_for_level_multiplier_addtl[3]: 1
2019/10/17-14:55:03.625150 7fc3a9fcb700 Options.max_bytes_for_level_multiplier_addtl[4]: 1
2019/10/17-14:55:03.625150 7fc3a9fcb700 Options.max_bytes_for_level_multiplier_addtl[5]: 1
2019/10/17-14:55:03.625151 7fc3a9fcb700 Options.max_bytes_for_level_multiplier_addtl[6]: 1
2019/10/17-14:55:03.625151 7fc3a9fcb700       Options.max_sequential_skip_in_iterations: 8
2019/10/17-14:55:03.625152 7fc3a9fcb700                    Options.max_compaction_bytes: 1677721600
2019/10/17-14:55:03.625152 7fc3a9fcb700                        Options.arena_block_size: 8388608
2019/10/17-14:55:03.625153 7fc3a9fcb700   Options.soft_pending_compaction_bytes_limit: 68719476736
2019/10/17-14:55:03.625153 7fc3a9fcb700   Options.hard_pending_compaction_bytes_limit: 274877906944
2019/10/17-14:55:03.625154 7fc3a9fcb700       Options.rate_limit_delay_max_milliseconds: 100
2019/10/17-14:55:03.625154 7fc3a9fcb700                Options.disable_auto_compactions: 0
2019/10/17-14:55:03.625158 7fc3a9fcb700                        Options.compaction_style: kCompactionStyleLevel
2019/10/17-14:55:03.625158 7fc3a9fcb700                          Options.compaction_pri: kByCompensatedSize
2019/10/17-14:55:03.625159 7fc3a9fcb700 Options.compaction_options_universal.size_ratio: 1
2019/10/17-14:55:03.625159 7fc3a9fcb700 Options.compaction_options_universal.min_merge_width: 2
2019/10/17-14:55:03.625160 7fc3a9fcb700 Options.compaction_options_universal.max_merge_width: 4294967295
2019/10/17-14:55:03.625160 7fc3a9fcb700 Options.compaction_options_universal.max_size_amplification_percent: 200
2019/10/17-14:55:03.625161 7fc3a9fcb700 Options.compaction_options_universal.compression_size_percent: -1
2019/10/17-14:55:03.625162 7fc3a9fcb700 Options.compaction_options_universal.stop_style: kCompactionStopStyleTotalSize
2019/10/17-14:55:03.625162 7fc3a9fcb700 Options.compaction_options_fifo.max_table_files_size: 1073741824
2019/10/17-14:55:03.625163 7fc3a9fcb700 Options.compaction_options_fifo.allow_compaction: 0
2019/10/17-14:55:03.625163 7fc3a9fcb700 Options.compaction_options_fifo.ttl: 0
2019/10/17-14:55:03.625164 7fc3a9fcb700                   Options.table_properties_collectors: 
2019/10/17-14:55:03.625164 7fc3a9fcb700                   Options.inplace_update_support: 0
2019/10/17-14:55:03.625165 7fc3a9fcb700                 Options.inplace_update_num_locks: 10000
2019/10/17-14:55:03.625165 7fc3a9fcb700               Options.memtable_prefix_bloom_size_ratio: 0.000000
2019/10/17-14:55:03.625166 7fc3a9fcb700   Options.memtable_huge_page_size: 0
2019/10/17-14:55:03.625167 7fc3a9fcb700                           Options.bloom_locality: 0
2019/10/17-14:55:03.625167 7fc3a9fcb700                    Options.max_successive_merges: 0
2019/10/17-14:55:03.625168 7fc3a9fcb700                Options.optimize_filters_for_hits: 0
2019/10/17-14:55:03.625168 7fc3a9fcb700                Options.paranoid_file_checks: 0
2019/10/17-14:55:03.625169 7fc3a9fcb700                Options.force_consistency_checks: 0
2019/10/17-14:55:03.625169 7fc3a9fcb700                Options.report_bg_io_stats: 0
2019/10/17-14:55:03.625170 7fc3a9fcb700                               Options.ttl: 0
2019/10/17-14:55:03.625178 7fc3a9fcb700 [db/column_family.cc:472] --------------- Options for column family [htlcs]:
2019/10/17-14:55:03.625179 7fc3a9fcb700               Options.comparator: leveldb.BytewiseComparator
2019/10/17-14:55:03.625179 7fc3a9fcb700           Options.merge_operator: None
2019/10/17-14:55:03.625180 7fc3a9fcb700        Options.compaction_filter: None
2019/10/17-14:55:03.625180 7fc3a9fcb700        Options.compaction_filter_factory: None
2019/10/17-14:55:03.625181 7fc3a9fcb700         Options.memtable_factory: SkipListFactory
2019/10/17-14:55:03.625182 7fc3a9fcb700            Options.table_factory: BlockBasedTable
2019/10/17-14:55:03.625188 7fc3a9fcb700            table_factory options:   flush_block_policy_factory: FlushBlockBySizePolicyFactory (0x7fc35007d210)
