2019/10/17-14:54:04.435966 7fc3a9fcb700 RocksDB version: 5.18.3
2019/10/17-14:54:04.436038 7fc3a9fcb700 Git sha rocksdb_build_git_sha:@0@
2019/10/17-14:54:04.436040 7fc3a9fcb700 Compile date Sep 19 2019
2019/10/17-14:54:04.436041 7fc3a9fcb700 DB SUMMARY
2019/10/17-14:54:04.436834 7fc3a9fcb700 CURRENT file:  CURRENT
2019/10/17-14:54:04.436836 7fc3a9fcb700 IDENTITY file:  IDENTITY
2019/10/17-14:54:04.436868 7fc3a9fcb700 MANIFEST file:  MANIFEST-114634 size: 4114 Bytes
2019/10/17-14:54:04.436870 7fc3a9fcb700 SST files in /home/rahul/dev/blockchain-core/eqc/ledger.db dir, Total Num: 29, files: 000624.sst 000627.sst 106940.sst 108447.sst 108450.sst 109471.sst 109483.sst 109485.sst 109486.sst 
2019/10/17-14:54:04.436872 7fc3a9fcb700 Write Ahead Log file in /home/rahul/dev/blockchain-core/eqc/ledger.db: 114635.log size: 0 ; 
2019/10/17-14:54:04.436910 7fc3a9fcb700                         Options.error_if_exists: 0
2019/10/17-14:54:04.436911 7fc3a9fcb700                       Options.create_if_missing: 1
2019/10/17-14:54:04.436912 7fc3a9fcb700                         Options.paranoid_checks: 1
2019/10/17-14:54:04.436913 7fc3a9fcb700                                     Options.env: 0x7fc32ae1fc60
2019/10/17-14:54:04.436914 7fc3a9fcb700                                Options.info_log: 0x7fc35007a8a0
2019/10/17-14:54:04.436915 7fc3a9fcb700                Options.max_file_opening_threads: 16
2019/10/17-14:54:04.436916 7fc3a9fcb700                              Options.statistics: (nil)
2019/10/17-14:54:04.436917 7fc3a9fcb700                               Options.use_fsync: 0
2019/10/17-14:54:04.436918 7fc3a9fcb700                       Options.max_log_file_size: 0
2019/10/17-14:54:04.436919 7fc3a9fcb700                  Options.max_manifest_file_size: 1073741824
2019/10/17-14:54:04.436920 7fc3a9fcb700                   Options.log_file_time_to_roll: 0
2019/10/17-14:54:04.436921 7fc3a9fcb700                       Options.keep_log_file_num: 1000
2019/10/17-14:54:04.436921 7fc3a9fcb700                    Options.recycle_log_file_num: 0
2019/10/17-14:54:04.436922 7fc3a9fcb700                         Options.allow_fallocate: 1
2019/10/17-14:54:04.436923 7fc3a9fcb700                        Options.allow_mmap_reads: 0
2019/10/17-14:54:04.436924 7fc3a9fcb700                       Options.allow_mmap_writes: 0
2019/10/17-14:54:04.436925 7fc3a9fcb700                        Options.use_direct_reads: 0
2019/10/17-14:54:04.436926 7fc3a9fcb700                        Options.use_direct_io_for_flush_and_compaction: 0
2019/10/17-14:54:04.436926 7fc3a9fcb700          Options.create_missing_column_families: 0
2019/10/17-14:54:04.436927 7fc3a9fcb700                              Options.db_log_dir: 
2019/10/17-14:54:04.436928 7fc3a9fcb700                                 Options.wal_dir: /home/rahul/dev/blockchain-core/eqc/ledger.db
2019/10/17-14:54:04.436929 7fc3a9fcb700                Options.table_cache_numshardbits: 6
2019/10/17-14:54:04.436930 7fc3a9fcb700                      Options.max_subcompactions: 1
2019/10/17-14:54:04.436931 7fc3a9fcb700                  Options.max_background_flushes: -1
2019/10/17-14:54:04.436932 7fc3a9fcb700                         Options.WAL_ttl_seconds: 0
2019/10/17-14:54:04.436932 7fc3a9fcb700                       Options.WAL_size_limit_MB: 0
2019/10/17-14:54:04.436933 7fc3a9fcb700             Options.manifest_preallocation_size: 4194304
2019/10/17-14:54:04.436934 7fc3a9fcb700                     Options.is_fd_close_on_exec: 1
2019/10/17-14:54:04.436935 7fc3a9fcb700                   Options.advise_random_on_open: 1
2019/10/17-14:54:04.436936 7fc3a9fcb700                    Options.db_write_buffer_size: 0
2019/10/17-14:54:04.436937 7fc3a9fcb700                    Options.write_buffer_manager: 0x7fc35008eac0
2019/10/17-14:54:04.436938 7fc3a9fcb700         Options.access_hint_on_compaction_start: 1
2019/10/17-14:54:04.436938 7fc3a9fcb700  Options.new_table_reader_for_compaction_inputs: 0
2019/10/17-14:54:04.436939 7fc3a9fcb700           Options.random_access_max_buffer_size: 1048576
2019/10/17-14:54:04.436940 7fc3a9fcb700                      Options.use_adaptive_mutex: 0
2019/10/17-14:54:04.436941 7fc3a9fcb700                            Options.rate_limiter: (nil)
2019/10/17-14:54:04.436950 7fc3a9fcb700     Options.sst_file_manager.rate_bytes_per_sec: 0
2019/10/17-14:54:04.436951 7fc3a9fcb700                       Options.wal_recovery_mode: 2
2019/10/17-14:54:04.436952 7fc3a9fcb700                  Options.enable_thread_tracking: 0
2019/10/17-14:54:04.436953 7fc3a9fcb700                  Options.enable_pipelined_write: 0
2019/10/17-14:54:04.436954 7fc3a9fcb700         Options.allow_concurrent_memtable_write: 1
2019/10/17-14:54:04.436955 7fc3a9fcb700      Options.enable_write_thread_adaptive_yield: 1
2019/10/17-14:54:04.436955 7fc3a9fcb700             Options.write_thread_max_yield_usec: 100
2019/10/17-14:54:04.436956 7fc3a9fcb700            Options.write_thread_slow_yield_usec: 3
2019/10/17-14:54:04.436957 7fc3a9fcb700                               Options.row_cache: None
2019/10/17-14:54:04.436958 7fc3a9fcb700                              Options.wal_filter: None
2019/10/17-14:54:04.436959 7fc3a9fcb700             Options.avoid_flush_during_recovery: 0
2019/10/17-14:54:04.436960 7fc3a9fcb700             Options.allow_ingest_behind: 0
2019/10/17-14:54:04.436961 7fc3a9fcb700             Options.preserve_deletes: 0
2019/10/17-14:54:04.436962 7fc3a9fcb700             Options.two_write_queues: 0
2019/10/17-14:54:04.436962 7fc3a9fcb700             Options.manual_wal_flush: 0
2019/10/17-14:54:04.436963 7fc3a9fcb700             Options.max_background_jobs: 2
2019/10/17-14:54:04.436964 7fc3a9fcb700             Options.max_background_compactions: -1
2019/10/17-14:54:04.436965 7fc3a9fcb700             Options.avoid_flush_during_shutdown: 0
2019/10/17-14:54:04.436966 7fc3a9fcb700           Options.writable_file_max_buffer_size: 1048576
2019/10/17-14:54:04.436967 7fc3a9fcb700             Options.delayed_write_rate : 16777216
2019/10/17-14:54:04.436968 7fc3a9fcb700             Options.max_total_wal_size: 0
2019/10/17-14:54:04.436968 7fc3a9fcb700             Options.delete_obsolete_files_period_micros: 21600000000
2019/10/17-14:54:04.436969 7fc3a9fcb700                   Options.stats_dump_period_sec: 600
2019/10/17-14:54:04.436970 7fc3a9fcb700                          Options.max_open_files: -1
2019/10/17-14:54:04.436971 7fc3a9fcb700                          Options.bytes_per_sync: 0
2019/10/17-14:54:04.436972 7fc3a9fcb700                      Options.wal_bytes_per_sync: 0
2019/10/17-14:54:04.436973 7fc3a9fcb700       Options.compaction_readahead_size: 0
2019/10/17-14:54:04.436973 7fc3a9fcb700 Compression algorithms supported:
2019/10/17-14:54:04.436974 7fc3a9fcb700 	kZSTDNotFinalCompression supported: 0
2019/10/17-14:54:04.436976 7fc3a9fcb700 	kZSTD supported: 0
2019/10/17-14:54:04.436977 7fc3a9fcb700 	kXpressCompression supported: 0
2019/10/17-14:54:04.436978 7fc3a9fcb700 	kLZ4HCCompression supported: 0
2019/10/17-14:54:04.436978 7fc3a9fcb700 	kLZ4Compression supported: 0
2019/10/17-14:54:04.436979 7fc3a9fcb700 	kBZip2Compression supported: 0
2019/10/17-14:54:04.436980 7fc3a9fcb700 	kZlibCompression supported: 0
2019/10/17-14:54:04.436981 7fc3a9fcb700 	kSnappyCompression supported: 0
2019/10/17-14:54:04.436983 7fc3a9fcb700 Fast CRC32 supported: Supported on x86
2019/10/17-14:54:04.437082 7fc3a9fcb700 [db/version_set.cc:3507] Recovering from manifest file: MANIFEST-114634
2019/10/17-14:54:04.437118 7fc3a9fcb700 [db/column_family.cc:472] --------------- Options for column family [default]:
2019/10/17-14:54:04.437120 7fc3a9fcb700               Options.comparator: leveldb.BytewiseComparator
2019/10/17-14:54:04.437121 7fc3a9fcb700           Options.merge_operator: None
2019/10/17-14:54:04.437122 7fc3a9fcb700        Options.compaction_filter: None
2019/10/17-14:54:04.437123 7fc3a9fcb700        Options.compaction_filter_factory: None
2019/10/17-14:54:04.437123 7fc3a9fcb700         Options.memtable_factory: SkipListFactory
2019/10/17-14:54:04.437124 7fc3a9fcb700            Options.table_factory: BlockBasedTable
2019/10/17-14:54:04.437140 7fc3a9fcb700            table_factory options:   flush_block_policy_factory: FlushBlockBySizePolicyFactory (0x7fc35009dce0)
  cache_index_and_filter_blocks: 0
  cache_index_and_filter_blocks_with_high_priority: 0
  pin_l0_filter_and_index_blocks_in_cache: 0
  pin_top_level_index_and_filter: 1
  index_type: 0
  hash_index_allow_collision: 1
  checksum: 1
  no_block_cache: 0
  block_cache: 0x7fc3500d02e0
  block_cache_name: LRUCache
  block_cache_options:
    capacity : 8388608
    num_shard_bits : 4
    strict_capacity_limit : 0
    memory_allocator : None
    high_pri_pool_ratio: 0.000
  block_cache_compressed: (nil)
  persistent_cache: (nil)
  block_size: 4096
  block_size_deviation: 10
  block_restart_interval: 16
  index_block_restart_interval: 1
  metadata_block_size: 4096
  partition_filters: 0
  use_delta_encoding: 1
  filter_policy: nullptr
  whole_key_filtering: 1
  verify_compression: 0
  read_amp_bytes_per_bit: 0
  format_version: 2
  enable_index_compression: 1
  block_align: 0
2019/10/17-14:54:04.437149 7fc3a9fcb700        Options.write_buffer_size: 67108864
2019/10/17-14:54:04.437150 7fc3a9fcb700  Options.max_write_buffer_number: 2
2019/10/17-14:54:04.437151 7fc3a9fcb700          Options.compression: NoCompression
2019/10/17-14:54:04.437152 7fc3a9fcb700                  Options.bottommost_compression: Disabled
2019/10/17-14:54:04.437153 7fc3a9fcb700       Options.prefix_extractor: nullptr
2019/10/17-14:54:04.437154 7fc3a9fcb700   Options.memtable_insert_with_hint_prefix_extractor: nullptr
2019/10/17-14:54:04.437155 7fc3a9fcb700             Options.num_levels: 7
2019/10/17-14:54:04.437155 7fc3a9fcb700        Options.min_write_buffer_number_to_merge: 1
2019/10/17-14:54:04.437156 7fc3a9fcb700     Options.max_write_buffer_number_to_maintain: 0
2019/10/17-14:54:04.437157 7fc3a9fcb700            Options.bottommost_compression_opts.window_bits: -14
2019/10/17-14:54:04.437158 7fc3a9fcb700                  Options.bottommost_compression_opts.level: 32767
2019/10/17-14:54:04.437159 7fc3a9fcb700               Options.bottommost_compression_opts.strategy: 0
2019/10/17-14:54:04.437160 7fc3a9fcb700         Options.bottommost_compression_opts.max_dict_bytes: 0
2019/10/17-14:54:04.437161 7fc3a9fcb700         Options.bottommost_compression_opts.zstd_max_train_bytes: 0
2019/10/17-14:54:04.437161 7fc3a9fcb700                  Options.bottommost_compression_opts.enabled: false
2019/10/17-14:54:04.437162 7fc3a9fcb700            Options.compression_opts.window_bits: -14
2019/10/17-14:54:04.437163 7fc3a9fcb700                  Options.compression_opts.level: 32767
2019/10/17-14:54:04.437164 7fc3a9fcb700               Options.compression_opts.strategy: 0
2019/10/17-14:54:04.437165 7fc3a9fcb700         Options.compression_opts.max_dict_bytes: 0
2019/10/17-14:54:04.437166 7fc3a9fcb700         Options.compression_opts.zstd_max_train_bytes: 0
2019/10/17-14:54:04.437167 7fc3a9fcb700                  Options.compression_opts.enabled: false
2019/10/17-14:54:04.437167 7fc3a9fcb700      Options.level0_file_num_compaction_trigger: 4
2019/10/17-14:54:04.437168 7fc3a9fcb700          Options.level0_slowdown_writes_trigger: 20
2019/10/17-14:54:04.437169 7fc3a9fcb700              Options.level0_stop_writes_trigger: 36
2019/10/17-14:54:04.437170 7fc3a9fcb700                   Options.target_file_size_base: 67108864
2019/10/17-14:54:04.437171 7fc3a9fcb700             Options.target_file_size_multiplier: 1
2019/10/17-14:54:04.437172 7fc3a9fcb700                Options.max_bytes_for_level_base: 268435456
2019/10/17-14:54:04.437173 7fc3a9fcb700 Options.level_compaction_dynamic_level_bytes: 0
2019/10/17-14:54:04.437173 7fc3a9fcb700          Options.max_bytes_for_level_multiplier: 10.000000
2019/10/17-14:54:04.437175 7fc3a9fcb700 Options.max_bytes_for_level_multiplier_addtl[0]: 1
2019/10/17-14:54:04.437176 7fc3a9fcb700 Options.max_bytes_for_level_multiplier_addtl[1]: 1
2019/10/17-14:54:04.437177 7fc3a9fcb700 Options.max_bytes_for_level_multiplier_addtl[2]: 1
2019/10/17-14:54:04.437178 7fc3a9fcb700 Options.max_bytes_for_level_multiplier_addtl[3]: 1
2019/10/17-14:54:04.437179 7fc3a9fcb700 Options.max_bytes_for_level_multiplier_addtl[4]: 1
2019/10/17-14:54:04.437184 7fc3a9fcb700 Options.max_bytes_for_level_multiplier_addtl[5]: 1
2019/10/17-14:54:04.437185 7fc3a9fcb700 Options.max_bytes_for_level_multiplier_addtl[6]: 1
2019/10/17-14:54:04.437186 7fc3a9fcb700       Options.max_sequential_skip_in_iterations: 8
2019/10/17-14:54:04.437186 7fc3a9fcb700                    Options.max_compaction_bytes: 1677721600
2019/10/17-14:54:04.437187 7fc3a9fcb700                        Options.arena_block_size: 8388608
2019/10/17-14:54:04.437188 7fc3a9fcb700   Options.soft_pending_compaction_bytes_limit: 68719476736
2019/10/17-14:54:04.437189 7fc3a9fcb700   Options.hard_pending_compaction_bytes_limit: 274877906944
2019/10/17-14:54:04.437190 7fc3a9fcb700       Options.rate_limit_delay_max_milliseconds: 100
2019/10/17-14:54:04.437191 7fc3a9fcb700                Options.disable_auto_compactions: 0
2019/10/17-14:54:04.437192 7fc3a9fcb700                        Options.compaction_style: kCompactionStyleLevel
2019/10/17-14:54:04.437193 7fc3a9fcb700                          Options.compaction_pri: kByCompensatedSize
2019/10/17-14:54:04.437194 7fc3a9fcb700 Options.compaction_options_universal.size_ratio: 1
2019/10/17-14:54:04.437195 7fc3a9fcb700 Options.compaction_options_universal.min_merge_width: 2
2019/10/17-14:54:04.437196 7fc3a9fcb700 Options.compaction_options_universal.max_merge_width: 4294967295
2019/10/17-14:54:04.437197 7fc3a9fcb700 Options.compaction_options_universal.max_size_amplification_percent: 200
2019/10/17-14:54:04.437198 7fc3a9fcb700 Options.compaction_options_universal.compression_size_percent: -1
2019/10/17-14:54:04.437199 7fc3a9fcb700 Options.compaction_options_universal.stop_style: kCompactionStopStyleTotalSize
2019/10/17-14:54:04.437200 7fc3a9fcb700 Options.compaction_options_fifo.max_table_files_size: 1073741824
2019/10/17-14:54:04.437201 7fc3a9fcb700 Options.compaction_options_fifo.allow_compaction: 0
2019/10/17-14:54:04.437201 7fc3a9fcb700 Options.compaction_options_fifo.ttl: 0
2019/10/17-14:54:04.437202 7fc3a9fcb700                   Options.table_properties_collectors: 
2019/10/17-14:54:04.437203 7fc3a9fcb700                   Options.inplace_update_support: 0
2019/10/17-14:54:04.437204 7fc3a9fcb700                 Options.inplace_update_num_locks: 10000
2019/10/17-14:54:04.437205 7fc3a9fcb700               Options.memtable_prefix_bloom_size_ratio: 0.000000
2019/10/17-14:54:04.437206 7fc3a9fcb700   Options.memtable_huge_page_size: 0
2019/10/17-14:54:04.437207 7fc3a9fcb700                           Options.bloom_locality: 0
2019/10/17-14:54:04.437208 7fc3a9fcb700                    Options.max_successive_merges: 0
2019/10/17-14:54:04.437209 7fc3a9fcb700                Options.optimize_filters_for_hits: 0
2019/10/17-14:54:04.437210 7fc3a9fcb700                Options.paranoid_file_checks: 0
2019/10/17-14:54:04.437210 7fc3a9fcb700                Options.force_consistency_checks: 0
2019/10/17-14:54:04.437211 7fc3a9fcb700                Options.report_bg_io_stats: 0
2019/10/17-14:54:04.437212 7fc3a9fcb700                               Options.ttl: 0
2019/10/17-14:54:04.437241 7fc3a9fcb700 [db/column_family.cc:472] --------------- Options for column family [active_gateways]:
2019/10/17-14:54:04.437242 7fc3a9fcb700               Options.comparator: leveldb.BytewiseComparator
2019/10/17-14:54:04.437243 7fc3a9fcb700           Options.merge_operator: None
2019/10/17-14:54:04.437244 7fc3a9fcb700        Options.compaction_filter: None
2019/10/17-14:54:04.437245 7fc3a9fcb700        Options.compaction_filter_factory: None
2019/10/17-14:54:04.437246 7fc3a9fcb700         Options.memtable_factory: SkipListFactory
2019/10/17-14:54:04.437247 7fc3a9fcb700            Options.table_factory: BlockBasedTable
2019/10/17-14:54:04.437258 7fc3a9fcb700            table_factory options:   flush_block_policy_factory: FlushBlockBySizePolicyFactory (0x7fc3500890d0)
  cache_index_and_filter_blocks: 0
  cache_index_and_filter_blocks_with_high_priority: 0
  pin_l0_filter_and_index_blocks_in_cache: 0
  pin_top_level_index_and_filter: 1
  index_type: 0
  hash_index_allow_collision: 1
  checksum: 1
  no_block_cache: 0
  block_cache: 0x7fc35002cae0
  block_cache_name: LRUCache
  block_cache_options:
    capacity : 8388608
    num_shard_bits : 4
    strict_capacity_limit : 0
    memory_allocator : None
    high_pri_pool_ratio: 0.000
  block_cache_compressed: (nil)
  persistent_cache: (nil)
  block_size: 4096
  block_size_deviation: 10
  block_restart_interval: 16
  index_block_restart_interval: 1
  metadata_block_size: 4096
  partition_filters: 0
  use_delta_encoding: 1
  filter_policy: nullptr
  whole_key_filtering: 1
  verify_compression: 0
  read_amp_bytes_per_bit: 0
  format_version: 2
  enable_index_compression: 1
  block_align: 0
2019/10/17-14:54:04.437265 7fc3a9fcb700        Options.write_buffer_size: 67108864
2019/10/17-14:54:04.437266 7fc3a9fcb700  Options.max_write_buffer_number: 2
2019/10/17-14:54:04.437267 7fc3a9fcb700          Options.compression: NoCompression
2019/10/17-14:54:04.437268 7fc3a9fcb700                  Options.bottommost_compression: Disabled
2019/10/17-14:54:04.437269 7fc3a9fcb700       Options.prefix_extractor: nullptr
2019/10/17-14:54:04.437270 7fc3a9fcb700   Options.memtable_insert_with_hint_prefix_extractor: nullptr
2019/10/17-14:54:04.437270 7fc3a9fcb700             Options.num_levels: 7
2019/10/17-14:54:04.437271 7fc3a9fcb700        Options.min_write_buffer_number_to_merge: 1
2019/10/17-14:54:04.437272 7fc3a9fcb700     Options.max_write_buffer_number_to_maintain: 0
2019/10/17-14:54:04.437273 7fc3a9fcb700            Options.bottommost_compression_opts.window_bits: -14
2019/10/17-14:54:04.437274 7fc3a9fcb700                  Options.bottommost_compression_opts.level: 32767
2019/10/17-14:54:04.437275 7fc3a9fcb700               Options.bottommost_compression_opts.strategy: 0
2019/10/17-14:54:04.437275 7fc3a9fcb700         Options.bottommost_compression_opts.max_dict_bytes: 0
2019/10/17-14:54:04.437276 7fc3a9fcb700         Options.bottommost_compression_opts.zstd_max_train_bytes: 0
2019/10/17-14:54:04.437277 7fc3a9fcb700                  Options.bottommost_compression_opts.enabled: false
2019/10/17-14:54:04.437278 7fc3a9fcb700            Options.compression_opts.window_bits: -14
2019/10/17-14:54:04.437279 7fc3a9fcb700                  Options.compression_opts.level: 32767
2019/10/17-14:54:04.437280 7fc3a9fcb700               Options.compression_opts.strategy: 0
2019/10/17-14:54:04.437280 7fc3a9fcb700         Options.compression_opts.max_dict_bytes: 0
2019/10/17-14:54:04.437281 7fc3a9fcb700         Options.compression_opts.zstd_max_train_bytes: 0
2019/10/17-14:54:04.437282 7fc3a9fcb700                  Options.compression_opts.enabled: false
2019/10/17-14:54:04.437283 7fc3a9fcb700      Options.level0_file_num_compaction_trigger: 4
2019/10/17-14:54:04.437284 7fc3a9fcb700          Options.level0_slowdown_writes_trigger: 20
2019/10/17-14:54:04.437285 7fc3a9fcb700              Options.level0_stop_writes_trigger: 36
2019/10/17-14:54:04.437285 7fc3a9fcb700                   Options.target_file_size_base: 67108864
2019/10/17-14:54:04.437286 7fc3a9fcb700             Options.target_file_size_multiplier: 1
2019/10/17-14:54:04.437287 7fc3a9fcb700                Options.max_bytes_for_level_base: 268435456
2019/10/17-14:54:04.437288 7fc3a9fcb700 Options.level_compaction_dynamic_level_bytes: 0
2019/10/17-14:54:04.437289 7fc3a9fcb700          Options.max_bytes_for_level_multiplier: 10.000000
2019/10/17-14:54:04.437290 7fc3a9fcb700 Options.max_bytes_for_level_multiplier_addtl[0]: 1
2019/10/17-14:54:04.437291 7fc3a9fcb700 Options.max_bytes_for_level_multiplier_addtl[1]: 1
2019/10/17-14:54:04.437292 7fc3a9fcb700 Options.max_bytes_for_level_multiplier_addtl[2]: 1
2019/10/17-14:54:04.437293 7fc3a9fcb700 Options.max_bytes_for_level_multiplier_addtl[3]: 1
2019/10/17-14:54:04.437294 7fc3a9fcb700 Options.max_bytes_for_level_multiplier_addtl[4]: 1
2019/10/17-14:54:04.437295 7fc3a9fcb700 Options.max_bytes_for_level_multiplier_addtl[5]: 1
2019/10/17-14:54:04.437295 7fc3a9fcb700 Options.max_bytes_for_level_multiplier_addtl[6]: 1
2019/10/17-14:54:04.437296 7fc3a9fcb700       Options.max_sequential_skip_in_iterations: 8
2019/10/17-14:54:04.437301 7fc3a9fcb700                    Options.max_compaction_bytes: 1677721600
2019/10/17-14:54:04.437302 7fc3a9fcb700                        Options.arena_block_size: 8388608
2019/10/17-14:54:04.437303 7fc3a9fcb700   Options.soft_pending_compaction_bytes_limit: 68719476736
2019/10/17-14:54:04.437304 7fc3a9fcb700   Options.hard_pending_compaction_bytes_limit: 274877906944
2019/10/17-14:54:04.437305 7fc3a9fcb700       Options.rate_limit_delay_max_milliseconds: 100
2019/10/17-14:54:04.437305 7fc3a9fcb700                Options.disable_auto_compactions: 0
2019/10/17-14:54:04.437306 7fc3a9fcb700                        Options.compaction_style: kCompactionStyleLevel
2019/10/17-14:54:04.437307 7fc3a9fcb700                          Options.compaction_pri: kByCompensatedSize
2019/10/17-14:54:04.437308 7fc3a9fcb700 Options.compaction_options_universal.size_ratio: 1
2019/10/17-14:54:04.437309 7fc3a9fcb700 Options.compaction_options_universal.min_merge_width: 2
2019/10/17-14:54:04.437310 7fc3a9fcb700 Options.compaction_options_universal.max_merge_width: 4294967295
2019/10/17-14:54:04.437311 7fc3a9fcb700 Options.compaction_options_universal.max_size_amplification_percent: 200
2019/10/17-14:54:04.437312 7fc3a9fcb700 Options.compaction_options_universal.compression_size_percent: -1
2019/10/17-14:54:04.437313 7fc3a9fcb700 Options.compaction_options_universal.stop_style: kCompactionStopStyleTotalSize
2019/10/17-14:54:04.437314 7fc3a9fcb700 Options.compaction_options_fifo.max_table_files_size: 1073741824
2019/10/17-14:54:04.437315 7fc3a9fcb700 Options.compaction_options_fifo.allow_compaction: 0
2019/10/17-14:54:04.437315 7fc3a9fcb700 Options.compaction_options_fifo.ttl: 0
2019/10/17-14:54:04.437316 7fc3a9fcb700                   Options.table_properties_collectors: 
2019/10/17-14:54:04.437317 7fc3a9fcb700                   Options.inplace_update_support: 0
2019/10/17-14:54:04.437318 7fc3a9fcb700                 Options.inplace_update_num_locks: 10000
2019/10/17-14:54:04.437319 7fc3a9fcb700               Options.memtable_prefix_bloom_size_ratio: 0.000000
2019/10/17-14:54:04.437320 7fc3a9fcb700   Options.memtable_huge_page_size: 0
2019/10/17-14:54:04.437321 7fc3a9fcb700                           Options.bloom_locality: 0
2019/10/17-14:54:04.437322 7fc3a9fcb700                    Options.max_successive_merges: 0
2019/10/17-14:54:04.437322 7fc3a9fcb700                Options.optimize_filters_for_hits: 0
2019/10/17-14:54:04.437323 7fc3a9fcb700                Options.paranoid_file_checks: 0
2019/10/17-14:54:04.437324 7fc3a9fcb700                Options.force_consistency_checks: 0
2019/10/17-14:54:04.437325 7fc3a9fcb700                Options.report_bg_io_stats: 0
2019/10/17-14:54:04.437326 7fc3a9fcb700                               Options.ttl: 0
2019/10/17-14:54:04.437343 7fc3a9fcb700 [db/column_family.cc:472] --------------- Options for column family [entries]:
2019/10/17-14:54:04.437344 7fc3a9fcb700               Options.comparator: leveldb.BytewiseComparator
2019/10/17-14:54:04.437345 7fc3a9fcb700           Options.merge_operator: None
2019/10/17-14:54:04.437346 7fc3a9fcb700        Options.compaction_filter: None
2019/10/17-14:54:04.437347 7fc3a9fcb700        Options.compaction_filter_factory: None
2019/10/17-14:54:04.437347 7fc3a9fcb700         Options.memtable_factory: SkipListFactory
2019/10/17-14:54:04.437348 7fc3a9fcb700            Options.table_factory: BlockBasedTable
2019/10/17-14:54:04.437359 7fc3a9fcb700            table_factory options:   flush_block_policy_factory: FlushBlockBySizePolicyFactory (0x7fc3500a06b0)
  cache_index_and_filter_blocks: 0
  cache_index_and_filter_blocks_with_high_priority: 0
  pin_l0_filter_and_index_blocks_in_cache: 0
  pin_top_level_index_and_filter: 1
  index_type: 0
  hash_index_allow_collision: 1
  checksum: 1
  no_block_cache: 0
  block_cache: 0x7fc35007a820
  block_cache_name: LRUCache
  block_cache_options:
    capacity : 8388608
    num_shard_bits : 4
    strict_capacity_limit : 0
    memory_allocator : None
    high_pri_pool_ratio: 0.000
  block_cache_compressed: (nil)
  persistent_cache: (nil)
  block_size: 4096
  block_size_deviation: 10
  block_restart_interval: 16
  index_block_restart_interval: 1
  metadata_block_size: 4096
  partition_filters: 0
  use_delta_encoding: 1
  filter_policy: nullptr
  whole_key_filtering: 1
  verify_compression: 0
  read_amp_bytes_per_bit: 0
  format_version: 2
  enable_index_compression: 1
  block_align: 0
2019/10/17-14:54:04.437365 7fc3a9fcb700        Options.write_buffer_size: 67108864
2019/10/17-14:54:04.437366 7fc3a9fcb700  Options.max_write_buffer_number: 2
2019/10/17-14:54:04.437367 7fc3a9fcb700          Options.compression: NoCompression
2019/10/17-14:54:04.437368 7fc3a9fcb700                  Options.bottommost_compression: Disabled
2019/10/17-14:54:04.437369 7fc3a9fcb700       Options.prefix_extractor: nullptr
2019/10/17-14:54:04.437370 7fc3a9fcb700   Options.memtable_insert_with_hint_prefix_extractor: nullptr
2019/10/17-14:54:04.437370 7fc3a9fcb700             Options.num_levels: 7
2019/10/17-14:54:04.437371 7fc3a9fcb700        Options.min_write_buffer_number_to_merge: 1
2019/10/17-14:54:04.437372 7fc3a9fcb700     Options.max_write_buffer_number_to_maintain: 0
2019/10/17-14:54:04.437373 7fc3a9fcb700            Options.bottommost_compression_opts.window_bits: -14
2019/10/17-14:54:04.437374 7fc3a9fcb700                  Options.bottommost_compression_opts.level: 32767
2019/10/17-14:54:04.437375 7fc3a9fcb700               Options.bottommost_compression_opts.strategy: 0
2019/10/17-14:54:04.437375 7fc3a9fcb700         Options.bottommost_compression_opts.max_dict_bytes: 0
2019/10/17-14:54:04.437376 7fc3a9fcb700         Options.bottommost_compression_opts.zstd_max_train_bytes: 0
2019/10/17-14:54:04.437377 7fc3a9fcb700                  Options.bottommost_compression_opts.enabled: false
2019/10/17-14:54:04.437378 7fc3a9fcb700            Options.compression_opts.window_bits: -14
2019/10/17-14:54:04.437379 7fc3a9fcb700                  Options.compression_opts.level: 32767
2019/10/17-14:54:04.437380 7fc3a9fcb700               Options.compression_opts.strategy: 0
2019/10/17-14:54:04.437380 7fc3a9fcb700         Options.compression_opts.max_dict_bytes: 0
2019/10/17-14:54:04.437381 7fc3a9fcb700         Options.compression_opts.zstd_max_train_bytes: 0
2019/10/17-14:54:04.437382 7fc3a9fcb700                  Options.compression_opts.enabled: false
2019/10/17-14:54:04.437383 7fc3a9fcb700      Options.level0_file_num_compaction_trigger: 4
2019/10/17-14:54:04.437384 7fc3a9fcb700          Options.level0_slowdown_writes_trigger: 20
2019/10/17-14:54:04.437384 7fc3a9fcb700              Options.level0_stop_writes_trigger: 36
2019/10/17-14:54:04.437385 7fc3a9fcb700                   Options.target_file_size_base: 67108864
2019/10/17-14:54:04.437386 7fc3a9fcb700             Options.target_file_size_multiplier: 1
2019/10/17-14:54:04.437387 7fc3a9fcb700                Options.max_bytes_for_level_base: 268435456
2019/10/17-14:54:04.437388 7fc3a9fcb700 Options.level_compaction_dynamic_level_bytes: 0
2019/10/17-14:54:04.437389 7fc3a9fcb700          Options.max_bytes_for_level_multiplier: 10.000000
2019/10/17-14:54:04.437390 7fc3a9fcb700 Options.max_bytes_for_level_multiplier_addtl[0]: 1
2019/10/17-14:54:04.437391 7fc3a9fcb700 Options.max_bytes_for_level_multiplier_addtl[1]: 1
2019/10/17-14:54:04.437392 7fc3a9fcb700 Options.max_bytes_for_level_multiplier_addtl[2]: 1
2019/10/17-14:54:04.437393 7fc3a9fcb700 Options.max_bytes_for_level_multiplier_addtl[3]: 1
2019/10/17-14:54:04.437393 7fc3a9fcb700 Options.max_bytes_for_level_multiplier_addtl[4]: 1
2019/10/17-14:54:04.437394 7fc3a9fcb700 Options.max_bytes_for_level_multiplier_addtl[5]: 1
2019/10/17-14:54:04.437395 7fc3a9fcb700 Options.max_bytes_for_level_multiplier_addtl[6]: 1
2019/10/17-14:54:04.437396 7fc3a9fcb700       Options.max_sequential_skip_in_iterations: 8
2019/10/17-14:54:04.437397 7fc3a9fcb700                    Options.max_compaction_bytes: 1677721600
2019/10/17-14:54:04.437398 7fc3a9fcb700                        Options.arena_block_size: 8388608
2019/10/17-14:54:04.437398 7fc3a9fcb700   Options.soft_pending_compaction_bytes_limit: 68719476736
2019/10/17-14:54:04.437403 7fc3a9fcb700   Options.hard_pending_compaction_bytes_limit: 274877906944
2019/10/17-14:54:04.437404 7fc3a9fcb700       Options.rate_limit_delay_max_milliseconds: 100
2019/10/17-14:54:04.437405 7fc3a9fcb700                Options.disable_auto_compactions: 0
2019/10/17-14:54:04.437406 7fc3a9fcb700                        Options.compaction_style: kCompactionStyleLevel
2019/10/17-14:54:04.437407 7fc3a9fcb700                          Options.compaction_pri: kByCompensatedSize
2019/10/17-14:54:04.437408 7fc3a9fcb700 Options.compaction_options_universal.size_ratio: 1
2019/10/17-14:54:04.437408 7fc3a9fcb700 Options.compaction_options_universal.min_merge_width: 2
2019/10/17-14:54:04.437409 7fc3a9fcb700 Options.compaction_options_universal.max_merge_width: 4294967295
2019/10/17-14:54:04.437410 7fc3a9fcb700 Options.compaction_options_universal.max_size_amplification_percent: 200
2019/10/17-14:54:04.437411 7fc3a9fcb700 Options.compaction_options_universal.compression_size_percent: -1
2019/10/17-14:54:04.437412 7fc3a9fcb700 Options.compaction_options_universal.stop_style: kCompactionStopStyleTotalSize
2019/10/17-14:54:04.437413 7fc3a9fcb700 Options.compaction_options_fifo.max_table_files_size: 1073741824
2019/10/17-14:54:04.437414 7fc3a9fcb700 Options.compaction_options_fifo.allow_compaction: 0
2019/10/17-14:54:04.437415 7fc3a9fcb700 Options.compaction_options_fifo.ttl: 0
2019/10/17-14:54:04.437415 7fc3a9fcb700                   Options.table_properties_collectors: 
2019/10/17-14:54:04.437416 7fc3a9fcb700                   Options.inplace_update_support: 0
2019/10/17-14:54:04.437417 7fc3a9fcb700                 Options.inplace_update_num_locks: 10000
2019/10/17-14:54:04.437418 7fc3a9fcb700               Options.memtable_prefix_bloom_size_ratio: 0.000000
2019/10/17-14:54:04.437419 7fc3a9fcb700   Options.memtable_huge_page_size: 0
2019/10/17-14:54:04.437420 7fc3a9fcb700                           Options.bloom_locality: 0
2019/10/17-14:54:04.437421 7fc3a9fcb700                    Options.max_successive_merges: 0
2019/10/17-14:54:04.437421 7fc3a9fcb700                Options.optimize_filters_for_hits: 0
2019/10/17-14:54:04.437422 7fc3a9fcb700                Options.paranoid_file_checks: 0
2019/10/17-14:54:04.437423 7fc3a9fcb700                Options.force_consistency_checks: 0
2019/10/17-14:54:04.437424 7fc3a9fcb700                Options.report_bg_io_stats: 0
2019/10/17-14:54:04.437425 7fc3a9fcb700                               Options.ttl: 0
2019/10/17-14:54:04.437440 7fc3a9fcb700 [db/column_family.cc:472] --------------- Options for column family [dc_entries]:
2019/10/17-14:54:04.437441 7fc3a9fcb700               Options.comparator: leveldb.BytewiseComparator
2019/10/17-14:54:04.437442 7fc3a9fcb700           Options.merge_operator: None
2019/10/17-14:54:04.437443 7fc3a9fcb700        Options.compaction_filter: None
2019/10/17-14:54:04.437444 7fc3a9fcb700        Options.compaction_filter_factory: None
2019/10/17-14:54:04.437444 7fc3a9fcb700         Options.memtable_factory: SkipListFactory
2019/10/17-14:54:04.437445 7fc3a9fcb700            Options.table_factory: BlockBasedTable
2019/10/17-14:54:04.437455 7fc3a9fcb700            table_factory options:   flush_block_policy_factory: FlushBlockBySizePolicyFactory (0x7fc350038200)
  cache_index_and_filter_blocks: 0
  cache_index_and_filter_blocks_with_high_priority: 0
  pin_l0_filter_and_index_blocks_in_cache: 0
  pin_top_level_index_and_filter: 1
  index_type: 0
  hash_index_allow_collision: 1
  checksum: 1
  no_block_cache: 0
  block_cache: 0x7fc35002ad60
  block_cache_name: LRUCache
  block_cache_options:
    capacity : 8388608
    num_shard_bits : 4
    strict_capacity_limit : 0
    memory_allocator : None
    high_pri_pool_ratio: 0.000
  block_cache_compressed: (nil)
  persistent_cache: (nil)
  block_size: 4096
  block_size_deviation: 10
  block_restart_interval: 16
  index_block_restart_interval: 1
  metadata_block_size: 4096
  partition_filters: 0
  use_delta_encoding: 1
  filter_policy: nullptr
  whole_key_filtering: 1
  verify_compression: 0
  read_amp_bytes_per_bit: 0
  format_version: 2
  enable_index_compression: 1
  block_align: 0
2019/10/17-14:54:04.437462 7fc3a9fcb700        Options.write_buffer_size: 67108864
2019/10/17-14:54:04.437463 7fc3a9fcb700  Options.max_write_buffer_number: 2
2019/10/17-14:54:04.437464 7fc3a9fcb700          Options.compression: NoCompression
2019/10/17-14:54:04.437465 7fc3a9fcb700                  Options.bottommost_compression: Disabled
2019/10/17-14:54:04.437466 7fc3a9fcb700       Options.prefix_extractor: nullptr
2019/10/17-14:54:04.437466 7fc3a9fcb700   Options.memtable_insert_with_hint_prefix_extractor: nullptr
2019/10/17-14:54:04.437467 7fc3a9fcb700             Options.num_levels: 7
2019/10/17-14:54:04.437468 7fc3a9fcb700        Options.min_write_buffer_number_to_merge: 1
2019/10/17-14:54:04.437469 7fc3a9fcb700     Options.max_write_buffer_number_to_maintain: 0
2019/10/17-14:54:04.437470 7fc3a9fcb700            Options.bottommost_compression_opts.window_bits: -14
2019/10/17-14:54:04.437470 7fc3a9fcb700                  Options.bottommost_compression_opts.level: 32767
2019/10/17-14:54:04.437471 7fc3a9fcb700               Options.bottommost_compression_opts.strategy: 0
2019/10/17-14:54:04.437472 7fc3a9fcb700         Options.bottommost_compression_opts.max_dict_bytes: 0
2019/10/17-14:54:04.437473 7fc3a9fcb700         Options.bottommost_compression_opts.zstd_max_train_bytes: 0
2019/10/17-14:54:04.437474 7fc3a9fcb700                  Options.bottommost_compression_opts.enabled: false
2019/10/17-14:54:04.437475 7fc3a9fcb700            Options.compression_opts.window_bits: -14
2019/10/17-14:54:04.437475 7fc3a9fcb700                  Options.compression_opts.level: 32767
2019/10/17-14:54:04.437476 7fc3a9fcb700               Options.compression_opts.strategy: 0
2019/10/17-14:54:04.437477 7fc3a9fcb700         Options.compression_opts.max_dict_bytes: 0
2019/10/17-14:54:04.437478 7fc3a9fcb700         Options.compression_opts.zstd_max_train_bytes: 0
2019/10/17-14:54:04.437479 7fc3a9fcb700                  Options.compression_opts.enabled: false
2019/10/17-14:54:04.437479 7fc3a9fcb700      Options.level0_file_num_compaction_trigger: 4
2019/10/17-14:54:04.437480 7fc3a9fcb700          Options.level0_slowdown_writes_trigger: 20
2019/10/17-14:54:04.437481 7fc3a9fcb700              Options.level0_stop_writes_trigger: 36
2019/10/17-14:54:04.437482 7fc3a9fcb700                   Options.target_file_size_base: 67108864
2019/10/17-14:54:04.437483 7fc3a9fcb700             Options.target_file_size_multiplier: 1
2019/10/17-14:54:04.437484 7fc3a9fcb700                Options.max_bytes_for_level_base: 268435456
2019/10/17-14:54:04.437484 7fc3a9fcb700 Options.level_compaction_dynamic_level_bytes: 0
2019/10/17-14:54:04.437485 7fc3a9fcb700          Options.max_bytes_for_level_multiplier: 10.000000
2019/10/17-14:54:04.437487 7fc3a9fcb700 Options.max_bytes_for_level_multiplier_addtl[0]: 1
2019/10/17-14:54:04.437488 7fc3a9fcb700 Options.max_bytes_for_level_multiplier_addtl[1]: 1
2019/10/17-14:54:04.437488 7fc3a9fcb700 Options.max_bytes_for_level_multiplier_addtl[2]: 1
2019/10/17-14:54:04.437489 7fc3a9fcb700 Options.max_bytes_for_level_multiplier_addtl[3]: 1
2019/10/17-14:54:04.437490 7fc3a9fcb700 Options.max_bytes_for_level_multiplier_addtl[4]: 1
2019/10/17-14:54:04.437491 7fc3a9fcb700 Options.max_bytes_for_level_multiplier_addtl[5]: 1
2019/10/17-14:54:04.437492 7fc3a9fcb700 Options.max_bytes_for_level_multiplier_addtl[6]: 1
2019/10/17-14:54:04.437493 7fc3a9fcb700       Options.max_sequential_skip_in_iterations: 8
2019/10/17-14:54:04.437493 7fc3a9fcb700                    Options.max_compaction_bytes: 1677721600
2019/10/17-14:54:04.437494 7fc3a9fcb700                        Options.arena_block_size: 8388608
2019/10/17-14:54:04.437495 7fc3a9fcb700   Options.soft_pending_compaction_bytes_limit: 68719476736
2019/10/17-14:54:04.437496 7fc3a9fcb700   Options.hard_pending_compaction_bytes_limit: 274877906944
2019/10/17-14:54:04.437497 7fc3a9fcb700       Options.rate_limit_delay_max_milliseconds: 100
2019/10/17-14:54:04.437498 7fc3a9fcb700                Options.disable_auto_compactions: 0
2019/10/17-14:54:04.437502 7fc3a9fcb700                        Options.compaction_style: kCompactionStyleLevel
2019/10/17-14:54:04.437504 7fc3a9fcb700                          Options.compaction_pri: kByCompensatedSize
2019/10/17-14:54:04.437505 7fc3a9fcb700 Options.compaction_options_universal.size_ratio: 1
2019/10/17-14:54:04.437505 7fc3a9fcb700 Options.compaction_options_universal.min_merge_width: 2
2019/10/17-14:54:04.437506 7fc3a9fcb700 Options.compaction_options_universal.max_merge_width: 4294967295
2019/10/17-14:54:04.437507 7fc3a9fcb700 Options.compaction_options_universal.max_size_amplification_percent: 200
2019/10/17-14:54:04.437508 7fc3a9fcb700 Options.compaction_options_universal.compression_size_percent: -1
2019/10/17-14:54:04.437509 7fc3a9fcb700 Options.compaction_options_universal.stop_style: kCompactionStopStyleTotalSize
2019/10/17-14:54:04.437510 7fc3a9fcb700 Options.compaction_options_fifo.max_table_files_size: 1073741824
2019/10/17-14:54:04.437511 7fc3a9fcb700 Options.compaction_options_fifo.allow_compaction: 0
2019/10/17-14:54:04.437511 7fc3a9fcb700 Options.compaction_options_fifo.ttl: 0
2019/10/17-14:54:04.437512 7fc3a9fcb700                   Options.table_properties_collectors: 
2019/10/17-14:54:04.437513 7fc3a9fcb700                   Options.inplace_update_support: 0
2019/10/17-14:54:04.437514 7fc3a9fcb700                 Options.inplace_update_num_locks: 10000
2019/10/17-14:54:04.437515 7fc3a9fcb700               Options.memtable_prefix_bloom_size_ratio: 0.000000
2019/10/17-14:54:04.437516 7fc3a9fcb700   Options.memtable_huge_page_size: 0
2019/10/17-14:54:04.437517 7fc3a9fcb700                           Options.bloom_locality: 0
2019/10/17-14:54:04.437517 7fc3a9fcb700                    Options.max_successive_merges: 0
2019/10/17-14:54:04.437518 7fc3a9fcb700                Options.optimize_filters_for_hits: 0
2019/10/17-14:54:04.437519 7fc3a9fcb700                Options.paranoid_file_checks: 0
2019/10/17-14:54:04.437520 7fc3a9fcb700                Options.force_consistency_checks: 0
2019/10/17-14:54:04.437521 7fc3a9fcb700                Options.report_bg_io_stats: 0
2019/10/17-14:54:04.437522 7fc3a9fcb700                               Options.ttl: 0
2019/10/17-14:54:04.437534 7fc3a9fcb700 [db/column_family.cc:472] --------------- Options for column family [htlcs]:
2019/10/17-14:54:04.437535 7fc3a9fcb700               Options.comparator: leveldb.BytewiseComparator
2019/10/17-14:54:04.437536 7fc3a9fcb700           Options.merge_operator: None
2019/10/17-14:54:04.437537 7fc3a9fcb700        Options.compaction_filter: None
2019/10/17-14:54:04.437538 7fc3a9fcb700        Options.compaction_filter_factory: None
2019/10/17-14:54:04.437539 7fc3a9fcb700         Options.memtable_factory: SkipListFactory
2019/10/17-14:54:04.437540 7fc3a9fcb700            Options.table_factory: BlockBasedTable
2019/10/17-14:54:04.437550 7fc3a9fcb700            table_factory options:   flush_block_policy_factory: FlushBlockBySizePolicyFactory (0x7fc35002aa00)
