2019/10/17-14:55:05.446220 7fc3a9fcb700 RocksDB version: 5.18.3
2019/10/17-14:55:05.446286 7fc3a9fcb700 Git sha rocksdb_build_git_sha:@0@
2019/10/17-14:55:05.446289 7fc3a9fcb700 Compile date Sep 19 2019
2019/10/17-14:55:05.446292 7fc3a9fcb700 DB SUMMARY
2019/10/17-14:55:05.447735 7fc3a9fcb700 CURRENT file:  CURRENT
2019/10/17-14:55:05.447738 7fc3a9fcb700 IDENTITY file:  IDENTITY
2019/10/17-14:55:05.447799 7fc3a9fcb700 MANIFEST file:  MANIFEST-116305 size: 4114 Bytes
2019/10/17-14:55:05.447803 7fc3a9fcb700 SST files in /home/rahul/dev/blockchain-core/eqc/ledger.db dir, Total Num: 29, files: 000624.sst 000627.sst 106940.sst 108447.sst 108450.sst 109471.sst 109483.sst 109485.sst 109486.sst 
2019/10/17-14:55:05.447806 7fc3a9fcb700 Write Ahead Log file in /home/rahul/dev/blockchain-core/eqc/ledger.db: 116306.log size: 0 ; 
2019/10/17-14:55:05.447876 7fc3a9fcb700                         Options.error_if_exists: 0
2019/10/17-14:55:05.447878 7fc3a9fcb700                       Options.create_if_missing: 1
2019/10/17-14:55:05.447880 7fc3a9fcb700                         Options.paranoid_checks: 1
2019/10/17-14:55:05.447882 7fc3a9fcb700                                     Options.env: 0x7fc32ae1fc60
2019/10/17-14:55:05.447884 7fc3a9fcb700                                Options.info_log: 0x7fc350057ff0
2019/10/17-14:55:05.447885 7fc3a9fcb700                Options.max_file_opening_threads: 16
2019/10/17-14:55:05.447887 7fc3a9fcb700                              Options.statistics: (nil)
2019/10/17-14:55:05.447889 7fc3a9fcb700                               Options.use_fsync: 0
2019/10/17-14:55:05.447890 7fc3a9fcb700                       Options.max_log_file_size: 0
2019/10/17-14:55:05.447892 7fc3a9fcb700                  Options.max_manifest_file_size: 1073741824
2019/10/17-14:55:05.447894 7fc3a9fcb700                   Options.log_file_time_to_roll: 0
2019/10/17-14:55:05.447895 7fc3a9fcb700                       Options.keep_log_file_num: 1000
2019/10/17-14:55:05.447897 7fc3a9fcb700                    Options.recycle_log_file_num: 0
2019/10/17-14:55:05.447898 7fc3a9fcb700                         Options.allow_fallocate: 1
2019/10/17-14:55:05.447900 7fc3a9fcb700                        Options.allow_mmap_reads: 0
2019/10/17-14:55:05.447902 7fc3a9fcb700                       Options.allow_mmap_writes: 0
2019/10/17-14:55:05.447903 7fc3a9fcb700                        Options.use_direct_reads: 0
2019/10/17-14:55:05.447905 7fc3a9fcb700                        Options.use_direct_io_for_flush_and_compaction: 0
2019/10/17-14:55:05.447906 7fc3a9fcb700          Options.create_missing_column_families: 0
2019/10/17-14:55:05.447908 7fc3a9fcb700                              Options.db_log_dir: 
2019/10/17-14:55:05.447909 7fc3a9fcb700                                 Options.wal_dir: /home/rahul/dev/blockchain-core/eqc/ledger.db
2019/10/17-14:55:05.447911 7fc3a9fcb700                Options.table_cache_numshardbits: 6
2019/10/17-14:55:05.447912 7fc3a9fcb700                      Options.max_subcompactions: 1
2019/10/17-14:55:05.447914 7fc3a9fcb700                  Options.max_background_flushes: -1
2019/10/17-14:55:05.447916 7fc3a9fcb700                         Options.WAL_ttl_seconds: 0
2019/10/17-14:55:05.447917 7fc3a9fcb700                       Options.WAL_size_limit_MB: 0
2019/10/17-14:55:05.447919 7fc3a9fcb700             Options.manifest_preallocation_size: 4194304
2019/10/17-14:55:05.447921 7fc3a9fcb700                     Options.is_fd_close_on_exec: 1
2019/10/17-14:55:05.447922 7fc3a9fcb700                   Options.advise_random_on_open: 1
2019/10/17-14:55:05.447924 7fc3a9fcb700                    Options.db_write_buffer_size: 0
2019/10/17-14:55:05.447925 7fc3a9fcb700                    Options.write_buffer_manager: 0x7fc35006d4b0
2019/10/17-14:55:05.447927 7fc3a9fcb700         Options.access_hint_on_compaction_start: 1
2019/10/17-14:55:05.447928 7fc3a9fcb700  Options.new_table_reader_for_compaction_inputs: 0
2019/10/17-14:55:05.447930 7fc3a9fcb700           Options.random_access_max_buffer_size: 1048576
2019/10/17-14:55:05.447931 7fc3a9fcb700                      Options.use_adaptive_mutex: 0
2019/10/17-14:55:05.447933 7fc3a9fcb700                            Options.rate_limiter: (nil)
2019/10/17-14:55:05.447951 7fc3a9fcb700     Options.sst_file_manager.rate_bytes_per_sec: 0
2019/10/17-14:55:05.447953 7fc3a9fcb700                       Options.wal_recovery_mode: 2
2019/10/17-14:55:05.447954 7fc3a9fcb700                  Options.enable_thread_tracking: 0
2019/10/17-14:55:05.447956 7fc3a9fcb700                  Options.enable_pipelined_write: 0
2019/10/17-14:55:05.447957 7fc3a9fcb700         Options.allow_concurrent_memtable_write: 1
2019/10/17-14:55:05.447959 7fc3a9fcb700      Options.enable_write_thread_adaptive_yield: 1
2019/10/17-14:55:05.447960 7fc3a9fcb700             Options.write_thread_max_yield_usec: 100
2019/10/17-14:55:05.447962 7fc3a9fcb700            Options.write_thread_slow_yield_usec: 3
2019/10/17-14:55:05.447964 7fc3a9fcb700                               Options.row_cache: None
2019/10/17-14:55:05.447965 7fc3a9fcb700                              Options.wal_filter: None
2019/10/17-14:55:05.447967 7fc3a9fcb700             Options.avoid_flush_during_recovery: 0
2019/10/17-14:55:05.447969 7fc3a9fcb700             Options.allow_ingest_behind: 0
2019/10/17-14:55:05.447970 7fc3a9fcb700             Options.preserve_deletes: 0
2019/10/17-14:55:05.447972 7fc3a9fcb700             Options.two_write_queues: 0
2019/10/17-14:55:05.447973 7fc3a9fcb700             Options.manual_wal_flush: 0
2019/10/17-14:55:05.447975 7fc3a9fcb700             Options.max_background_jobs: 2
2019/10/17-14:55:05.447976 7fc3a9fcb700             Options.max_background_compactions: -1
2019/10/17-14:55:05.447978 7fc3a9fcb700             Options.avoid_flush_during_shutdown: 0
2019/10/17-14:55:05.447979 7fc3a9fcb700           Options.writable_file_max_buffer_size: 1048576
2019/10/17-14:55:05.447981 7fc3a9fcb700             Options.delayed_write_rate : 16777216
2019/10/17-14:55:05.447983 7fc3a9fcb700             Options.max_total_wal_size: 0
2019/10/17-14:55:05.447984 7fc3a9fcb700             Options.delete_obsolete_files_period_micros: 21600000000
2019/10/17-14:55:05.447986 7fc3a9fcb700                   Options.stats_dump_period_sec: 600
2019/10/17-14:55:05.447987 7fc3a9fcb700                          Options.max_open_files: -1
2019/10/17-14:55:05.447989 7fc3a9fcb700                          Options.bytes_per_sync: 0
2019/10/17-14:55:05.447990 7fc3a9fcb700                      Options.wal_bytes_per_sync: 0
2019/10/17-14:55:05.447992 7fc3a9fcb700       Options.compaction_readahead_size: 0
2019/10/17-14:55:05.447993 7fc3a9fcb700 Compression algorithms supported:
2019/10/17-14:55:05.447995 7fc3a9fcb700 	kZSTDNotFinalCompression supported: 0
2019/10/17-14:55:05.447997 7fc3a9fcb700 	kZSTD supported: 0
2019/10/17-14:55:05.447999 7fc3a9fcb700 	kXpressCompression supported: 0
2019/10/17-14:55:05.448001 7fc3a9fcb700 	kLZ4HCCompression supported: 0
2019/10/17-14:55:05.448003 7fc3a9fcb700 	kLZ4Compression supported: 0
2019/10/17-14:55:05.448004 7fc3a9fcb700 	kBZip2Compression supported: 0
2019/10/17-14:55:05.448006 7fc3a9fcb700 	kZlibCompression supported: 0
2019/10/17-14:55:05.448007 7fc3a9fcb700 	kSnappyCompression supported: 0
2019/10/17-14:55:05.448011 7fc3a9fcb700 Fast CRC32 supported: Supported on x86
2019/10/17-14:55:05.448197 7fc3a9fcb700 [db/version_set.cc:3507] Recovering from manifest file: MANIFEST-116305
2019/10/17-14:55:05.448261 7fc3a9fcb700 [db/column_family.cc:472] --------------- Options for column family [default]:
2019/10/17-14:55:05.448265 7fc3a9fcb700               Options.comparator: leveldb.BytewiseComparator
2019/10/17-14:55:05.448267 7fc3a9fcb700           Options.merge_operator: None
2019/10/17-14:55:05.448268 7fc3a9fcb700        Options.compaction_filter: None
2019/10/17-14:55:05.448270 7fc3a9fcb700        Options.compaction_filter_factory: None
2019/10/17-14:55:05.448271 7fc3a9fcb700         Options.memtable_factory: SkipListFactory
2019/10/17-14:55:05.448273 7fc3a9fcb700            Options.table_factory: BlockBasedTable
2019/10/17-14:55:05.448302 7fc3a9fcb700            table_factory options:   flush_block_policy_factory: FlushBlockBySizePolicyFactory (0x7fc35006af90)
  cache_index_and_filter_blocks: 0
  cache_index_and_filter_blocks_with_high_priority: 0
  pin_l0_filter_and_index_blocks_in_cache: 0
  pin_top_level_index_and_filter: 1
  index_type: 0
  hash_index_allow_collision: 1
  checksum: 1
  no_block_cache: 0
  block_cache: 0x7fc3500abcb0
  block_cache_name: LRUCache
  block_cache_options:
    capacity : 8388608
    num_shard_bits : 4
    strict_capacity_limit : 0
    memory_allocator : None
    high_pri_pool_ratio: 0.000
  block_cache_compressed: (nil)
  persistent_cache: (nil)
  block_size: 4096
  block_size_deviation: 10
  block_restart_interval: 16
  index_block_restart_interval: 1
  metadata_block_size: 4096
  partition_filters: 0
  use_delta_encoding: 1
  filter_policy: nullptr
  whole_key_filtering: 1
  verify_compression: 0
  read_amp_bytes_per_bit: 0
  format_version: 2
  enable_index_compression: 1
  block_align: 0
2019/10/17-14:55:05.448321 7fc3a9fcb700        Options.write_buffer_size: 67108864
2019/10/17-14:55:05.448323 7fc3a9fcb700  Options.max_write_buffer_number: 2
2019/10/17-14:55:05.448325 7fc3a9fcb700          Options.compression: NoCompression
2019/10/17-14:55:05.448327 7fc3a9fcb700                  Options.bottommost_compression: Disabled
2019/10/17-14:55:05.448328 7fc3a9fcb700       Options.prefix_extractor: nullptr
2019/10/17-14:55:05.448330 7fc3a9fcb700   Options.memtable_insert_with_hint_prefix_extractor: nullptr
2019/10/17-14:55:05.448331 7fc3a9fcb700             Options.num_levels: 7
2019/10/17-14:55:05.448333 7fc3a9fcb700        Options.min_write_buffer_number_to_merge: 1
2019/10/17-14:55:05.448334 7fc3a9fcb700     Options.max_write_buffer_number_to_maintain: 0
2019/10/17-14:55:05.448336 7fc3a9fcb700            Options.bottommost_compression_opts.window_bits: -14
2019/10/17-14:55:05.448338 7fc3a9fcb700                  Options.bottommost_compression_opts.level: 32767
2019/10/17-14:55:05.448339 7fc3a9fcb700               Options.bottommost_compression_opts.strategy: 0
2019/10/17-14:55:05.448341 7fc3a9fcb700         Options.bottommost_compression_opts.max_dict_bytes: 0
2019/10/17-14:55:05.448342 7fc3a9fcb700         Options.bottommost_compression_opts.zstd_max_train_bytes: 0
2019/10/17-14:55:05.448344 7fc3a9fcb700                  Options.bottommost_compression_opts.enabled: false
2019/10/17-14:55:05.448346 7fc3a9fcb700            Options.compression_opts.window_bits: -14
2019/10/17-14:55:05.448347 7fc3a9fcb700                  Options.compression_opts.level: 32767
2019/10/17-14:55:05.448349 7fc3a9fcb700               Options.compression_opts.strategy: 0
2019/10/17-14:55:05.448350 7fc3a9fcb700         Options.compression_opts.max_dict_bytes: 0
2019/10/17-14:55:05.448352 7fc3a9fcb700         Options.compression_opts.zstd_max_train_bytes: 0
2019/10/17-14:55:05.448354 7fc3a9fcb700                  Options.compression_opts.enabled: false
2019/10/17-14:55:05.448355 7fc3a9fcb700      Options.level0_file_num_compaction_trigger: 4
2019/10/17-14:55:05.448357 7fc3a9fcb700          Options.level0_slowdown_writes_trigger: 20
2019/10/17-14:55:05.448358 7fc3a9fcb700              Options.level0_stop_writes_trigger: 36
2019/10/17-14:55:05.448360 7fc3a9fcb700                   Options.target_file_size_base: 67108864
2019/10/17-14:55:05.448361 7fc3a9fcb700             Options.target_file_size_multiplier: 1
2019/10/17-14:55:05.448363 7fc3a9fcb700                Options.max_bytes_for_level_base: 268435456
2019/10/17-14:55:05.448364 7fc3a9fcb700 Options.level_compaction_dynamic_level_bytes: 0
2019/10/17-14:55:05.448366 7fc3a9fcb700          Options.max_bytes_for_level_multiplier: 10.000000
2019/10/17-14:55:05.448370 7fc3a9fcb700 Options.max_bytes_for_level_multiplier_addtl[0]: 1
2019/10/17-14:55:05.448372 7fc3a9fcb700 Options.max_bytes_for_level_multiplier_addtl[1]: 1
2019/10/17-14:55:05.448374 7fc3a9fcb700 Options.max_bytes_for_level_multiplier_addtl[2]: 1
2019/10/17-14:55:05.448375 7fc3a9fcb700 Options.max_bytes_for_level_multiplier_addtl[3]: 1
2019/10/17-14:55:05.448376 7fc3a9fcb700 Options.max_bytes_for_level_multiplier_addtl[4]: 1
2019/10/17-14:55:05.448386 7fc3a9fcb700 Options.max_bytes_for_level_multiplier_addtl[5]: 1
2019/10/17-14:55:05.448388 7fc3a9fcb700 Options.max_bytes_for_level_multiplier_addtl[6]: 1
2019/10/17-14:55:05.448389 7fc3a9fcb700       Options.max_sequential_skip_in_iterations: 8
2019/10/17-14:55:05.448391 7fc3a9fcb700                    Options.max_compaction_bytes: 1677721600
2019/10/17-14:55:05.448392 7fc3a9fcb700                        Options.arena_block_size: 8388608
2019/10/17-14:55:05.448394 7fc3a9fcb700   Options.soft_pending_compaction_bytes_limit: 68719476736
2019/10/17-14:55:05.448396 7fc3a9fcb700   Options.hard_pending_compaction_bytes_limit: 274877906944
2019/10/17-14:55:05.448397 7fc3a9fcb700       Options.rate_limit_delay_max_milliseconds: 100
2019/10/17-14:55:05.448399 7fc3a9fcb700                Options.disable_auto_compactions: 0
2019/10/17-14:55:05.448401 7fc3a9fcb700                        Options.compaction_style: kCompactionStyleLevel
2019/10/17-14:55:05.448404 7fc3a9fcb700                          Options.compaction_pri: kByCompensatedSize
2019/10/17-14:55:05.448406 7fc3a9fcb700 Options.compaction_options_universal.size_ratio: 1
2019/10/17-14:55:05.448407 7fc3a9fcb700 Options.compaction_options_universal.min_merge_width: 2
2019/10/17-14:55:05.448409 7fc3a9fcb700 Options.compaction_options_universal.max_merge_width: 4294967295
2019/10/17-14:55:05.448410 7fc3a9fcb700 Options.compaction_options_universal.max_size_amplification_percent: 200
2019/10/17-14:55:05.448412 7fc3a9fcb700 Options.compaction_options_universal.compression_size_percent: -1
2019/10/17-14:55:05.448414 7fc3a9fcb700 Options.compaction_options_universal.stop_style: kCompactionStopStyleTotalSize
2019/10/17-14:55:05.448415 7fc3a9fcb700 Options.compaction_options_fifo.max_table_files_size: 1073741824
2019/10/17-14:55:05.448417 7fc3a9fcb700 Options.compaction_options_fifo.allow_compaction: 0
2019/10/17-14:55:05.448419 7fc3a9fcb700 Options.compaction_options_fifo.ttl: 0
2019/10/17-14:55:05.448420 7fc3a9fcb700                   Options.table_properties_collectors: 
2019/10/17-14:55:05.448422 7fc3a9fcb700                   Options.inplace_update_support: 0
2019/10/17-14:55:05.448423 7fc3a9fcb700                 Options.inplace_update_num_locks: 10000
2019/10/17-14:55:05.448425 7fc3a9fcb700               Options.memtable_prefix_bloom_size_ratio: 0.000000
2019/10/17-14:55:05.448427 7fc3a9fcb700   Options.memtable_huge_page_size: 0
2019/10/17-14:55:05.448429 7fc3a9fcb700                           Options.bloom_locality: 0
2019/10/17-14:55:05.448430 7fc3a9fcb700                    Options.max_successive_merges: 0
2019/10/17-14:55:05.448432 7fc3a9fcb700                Options.optimize_filters_for_hits: 0
2019/10/17-14:55:05.448434 7fc3a9fcb700                Options.paranoid_file_checks: 0
2019/10/17-14:55:05.448435 7fc3a9fcb700                Options.force_consistency_checks: 0
2019/10/17-14:55:05.448437 7fc3a9fcb700                Options.report_bg_io_stats: 0
2019/10/17-14:55:05.448438 7fc3a9fcb700                               Options.ttl: 0
2019/10/17-14:55:05.448490 7fc3a9fcb700 [db/column_family.cc:472] --------------- Options for column family [active_gateways]:
2019/10/17-14:55:05.448494 7fc3a9fcb700               Options.comparator: leveldb.BytewiseComparator
2019/10/17-14:55:05.448495 7fc3a9fcb700           Options.merge_operator: None
2019/10/17-14:55:05.448497 7fc3a9fcb700        Options.compaction_filter: None
2019/10/17-14:55:05.448498 7fc3a9fcb700        Options.compaction_filter_factory: None
2019/10/17-14:55:05.448500 7fc3a9fcb700         Options.memtable_factory: SkipListFactory
2019/10/17-14:55:05.448502 7fc3a9fcb700            Options.table_factory: BlockBasedTable
2019/10/17-14:55:05.448524 7fc3a9fcb700            table_factory options:   flush_block_policy_factory: FlushBlockBySizePolicyFactory (0x7fc35006d320)
  cache_index_and_filter_blocks: 0
  cache_index_and_filter_blocks_with_high_priority: 0
  pin_l0_filter_and_index_blocks_in_cache: 0
  pin_top_level_index_and_filter: 1
  index_type: 0
  hash_index_allow_collision: 1
  checksum: 1
  no_block_cache: 0
  block_cache: 0x7fc350000b90
  block_cache_name: LRUCache
  block_cache_options:
    capacity : 8388608
    num_shard_bits : 4
    strict_capacity_limit : 0
    memory_allocator : None
    high_pri_pool_ratio: 0.000
  block_cache_compressed: (nil)
  persistent_cache: (nil)
  block_size: 4096
  block_size_deviation: 10
  block_restart_interval: 16
  index_block_restart_interval: 1
  metadata_block_size: 4096
  partition_filters: 0
  use_delta_encoding: 1
  filter_policy: nullptr
  whole_key_filtering: 1
  verify_compression: 0
  read_amp_bytes_per_bit: 0
  format_version: 2
  enable_index_compression: 1
  block_align: 0
2019/10/17-14:55:05.448537 7fc3a9fcb700        Options.write_buffer_size: 67108864
2019/10/17-14:55:05.448539 7fc3a9fcb700  Options.max_write_buffer_number: 2
2019/10/17-14:55:05.448541 7fc3a9fcb700          Options.compression: NoCompression
2019/10/17-14:55:05.448543 7fc3a9fcb700                  Options.bottommost_compression: Disabled
2019/10/17-14:55:05.448544 7fc3a9fcb700       Options.prefix_extractor: nullptr
2019/10/17-14:55:05.448546 7fc3a9fcb700   Options.memtable_insert_with_hint_prefix_extractor: nullptr
2019/10/17-14:55:05.448547 7fc3a9fcb700             Options.num_levels: 7
2019/10/17-14:55:05.448549 7fc3a9fcb700        Options.min_write_buffer_number_to_merge: 1
2019/10/17-14:55:05.448550 7fc3a9fcb700     Options.max_write_buffer_number_to_maintain: 0
2019/10/17-14:55:05.448552 7fc3a9fcb700            Options.bottommost_compression_opts.window_bits: -14
2019/10/17-14:55:05.448554 7fc3a9fcb700                  Options.bottommost_compression_opts.level: 32767
2019/10/17-14:55:05.448555 7fc3a9fcb700               Options.bottommost_compression_opts.strategy: 0
2019/10/17-14:55:05.448557 7fc3a9fcb700         Options.bottommost_compression_opts.max_dict_bytes: 0
2019/10/17-14:55:05.448558 7fc3a9fcb700         Options.bottommost_compression_opts.zstd_max_train_bytes: 0
2019/10/17-14:55:05.448560 7fc3a9fcb700                  Options.bottommost_compression_opts.enabled: false
2019/10/17-14:55:05.448561 7fc3a9fcb700            Options.compression_opts.window_bits: -14
2019/10/17-14:55:05.448563 7fc3a9fcb700                  Options.compression_opts.level: 32767
2019/10/17-14:55:05.448565 7fc3a9fcb700               Options.compression_opts.strategy: 0
2019/10/17-14:55:05.448566 7fc3a9fcb700         Options.compression_opts.max_dict_bytes: 0
2019/10/17-14:55:05.448567 7fc3a9fcb700         Options.compression_opts.zstd_max_train_bytes: 0
2019/10/17-14:55:05.448569 7fc3a9fcb700                  Options.compression_opts.enabled: false
2019/10/17-14:55:05.448571 7fc3a9fcb700      Options.level0_file_num_compaction_trigger: 4
2019/10/17-14:55:05.448572 7fc3a9fcb700          Options.level0_slowdown_writes_trigger: 20
2019/10/17-14:55:05.448574 7fc3a9fcb700              Options.level0_stop_writes_trigger: 36
2019/10/17-14:55:05.448575 7fc3a9fcb700                   Options.target_file_size_base: 67108864
2019/10/17-14:55:05.448577 7fc3a9fcb700             Options.target_file_size_multiplier: 1
2019/10/17-14:55:05.448578 7fc3a9fcb700                Options.max_bytes_for_level_base: 268435456
2019/10/17-14:55:05.448580 7fc3a9fcb700 Options.level_compaction_dynamic_level_bytes: 0
2019/10/17-14:55:05.448581 7fc3a9fcb700          Options.max_bytes_for_level_multiplier: 10.000000
2019/10/17-14:55:05.448584 7fc3a9fcb700 Options.max_bytes_for_level_multiplier_addtl[0]: 1
2019/10/17-14:55:05.448586 7fc3a9fcb700 Options.max_bytes_for_level_multiplier_addtl[1]: 1
2019/10/17-14:55:05.448588 7fc3a9fcb700 Options.max_bytes_for_level_multiplier_addtl[2]: 1
2019/10/17-14:55:05.448589 7fc3a9fcb700 Options.max_bytes_for_level_multiplier_addtl[3]: 1
2019/10/17-14:55:05.448591 7fc3a9fcb700 Options.max_bytes_for_level_multiplier_addtl[4]: 1
2019/10/17-14:55:05.448592 7fc3a9fcb700 Options.max_bytes_for_level_multiplier_addtl[5]: 1
2019/10/17-14:55:05.448594 7fc3a9fcb700 Options.max_bytes_for_level_multiplier_addtl[6]: 1
2019/10/17-14:55:05.448595 7fc3a9fcb700       Options.max_sequential_skip_in_iterations: 8
2019/10/17-14:55:05.448604 7fc3a9fcb700                    Options.max_compaction_bytes: 1677721600
2019/10/17-14:55:05.448606 7fc3a9fcb700                        Options.arena_block_size: 8388608
2019/10/17-14:55:05.448608 7fc3a9fcb700   Options.soft_pending_compaction_bytes_limit: 68719476736
2019/10/17-14:55:05.448610 7fc3a9fcb700   Options.hard_pending_compaction_bytes_limit: 274877906944
2019/10/17-14:55:05.448611 7fc3a9fcb700       Options.rate_limit_delay_max_milliseconds: 100
2019/10/17-14:55:05.448613 7fc3a9fcb700                Options.disable_auto_compactions: 0
2019/10/17-14:55:05.448615 7fc3a9fcb700                        Options.compaction_style: kCompactionStyleLevel
2019/10/17-14:55:05.448616 7fc3a9fcb700                          Options.compaction_pri: kByCompensatedSize
2019/10/17-14:55:05.448618 7fc3a9fcb700 Options.compaction_options_universal.size_ratio: 1
2019/10/17-14:55:05.448620 7fc3a9fcb700 Options.compaction_options_universal.min_merge_width: 2
2019/10/17-14:55:05.448621 7fc3a9fcb700 Options.compaction_options_universal.max_merge_width: 4294967295
2019/10/17-14:55:05.448623 7fc3a9fcb700 Options.compaction_options_universal.max_size_amplification_percent: 200
2019/10/17-14:55:05.448624 7fc3a9fcb700 Options.compaction_options_universal.compression_size_percent: -1
2019/10/17-14:55:05.448626 7fc3a9fcb700 Options.compaction_options_universal.stop_style: kCompactionStopStyleTotalSize
2019/10/17-14:55:05.448627 7fc3a9fcb700 Options.compaction_options_fifo.max_table_files_size: 1073741824
2019/10/17-14:55:05.448629 7fc3a9fcb700 Options.compaction_options_fifo.allow_compaction: 0
2019/10/17-14:55:05.448630 7fc3a9fcb700 Options.compaction_options_fifo.ttl: 0
2019/10/17-14:55:05.448632 7fc3a9fcb700                   Options.table_properties_collectors: 
2019/10/17-14:55:05.448633 7fc3a9fcb700                   Options.inplace_update_support: 0
2019/10/17-14:55:05.448635 7fc3a9fcb700                 Options.inplace_update_num_locks: 10000
2019/10/17-14:55:05.448637 7fc3a9fcb700               Options.memtable_prefix_bloom_size_ratio: 0.000000
2019/10/17-14:55:05.448639 7fc3a9fcb700   Options.memtable_huge_page_size: 0
2019/10/17-14:55:05.448641 7fc3a9fcb700                           Options.bloom_locality: 0
2019/10/17-14:55:05.448642 7fc3a9fcb700                    Options.max_successive_merges: 0
2019/10/17-14:55:05.448644 7fc3a9fcb700                Options.optimize_filters_for_hits: 0
2019/10/17-14:55:05.448645 7fc3a9fcb700                Options.paranoid_file_checks: 0
2019/10/17-14:55:05.448647 7fc3a9fcb700                Options.force_consistency_checks: 0
2019/10/17-14:55:05.448648 7fc3a9fcb700                Options.report_bg_io_stats: 0
2019/10/17-14:55:05.448650 7fc3a9fcb700                               Options.ttl: 0
2019/10/17-14:55:05.448682 7fc3a9fcb700 [db/column_family.cc:472] --------------- Options for column family [entries]:
2019/10/17-14:55:05.448685 7fc3a9fcb700               Options.comparator: leveldb.BytewiseComparator
2019/10/17-14:55:05.448687 7fc3a9fcb700           Options.merge_operator: None
2019/10/17-14:55:05.448688 7fc3a9fcb700        Options.compaction_filter: None
2019/10/17-14:55:05.448690 7fc3a9fcb700        Options.compaction_filter_factory: None
2019/10/17-14:55:05.448691 7fc3a9fcb700         Options.memtable_factory: SkipListFactory
2019/10/17-14:55:05.448693 7fc3a9fcb700            Options.table_factory: BlockBasedTable
2019/10/17-14:55:05.448713 7fc3a9fcb700            table_factory options:   flush_block_policy_factory: FlushBlockBySizePolicyFactory (0x7fc3500a06b0)
  cache_index_and_filter_blocks: 0
  cache_index_and_filter_blocks_with_high_priority: 0
  pin_l0_filter_and_index_blocks_in_cache: 0
  pin_top_level_index_and_filter: 1
  index_type: 0
  hash_index_allow_collision: 1
  checksum: 1
  no_block_cache: 0
  block_cache: 0x7fc3500368d0
  block_cache_name: LRUCache
  block_cache_options:
    capacity : 8388608
    num_shard_bits : 4
    strict_capacity_limit : 0
    memory_allocator : None
    high_pri_pool_ratio: 0.000
  block_cache_compressed: (nil)
  persistent_cache: (nil)
  block_size: 4096
  block_size_deviation: 10
  block_restart_interval: 16
  index_block_restart_interval: 1
  metadata_block_size: 4096
  partition_filters: 0
  use_delta_encoding: 1
  filter_policy: nullptr
  whole_key_filtering: 1
  verify_compression: 0
  read_amp_bytes_per_bit: 0
  format_version: 2
  enable_index_compression: 1
  block_align: 0
2019/10/17-14:55:05.448725 7fc3a9fcb700        Options.write_buffer_size: 67108864
2019/10/17-14:55:05.448727 7fc3a9fcb700  Options.max_write_buffer_number: 2
2019/10/17-14:55:05.448729 7fc3a9fcb700          Options.compression: NoCompression
2019/10/17-14:55:05.448730 7fc3a9fcb700                  Options.bottommost_compression: Disabled
2019/10/17-14:55:05.448732 7fc3a9fcb700       Options.prefix_extractor: nullptr
2019/10/17-14:55:05.448733 7fc3a9fcb700   Options.memtable_insert_with_hint_prefix_extractor: nullptr
2019/10/17-14:55:05.448735 7fc3a9fcb700             Options.num_levels: 7
2019/10/17-14:55:05.448736 7fc3a9fcb700        Options.min_write_buffer_number_to_merge: 1
2019/10/17-14:55:05.448738 7fc3a9fcb700     Options.max_write_buffer_number_to_maintain: 0
2019/10/17-14:55:05.448739 7fc3a9fcb700            Options.bottommost_compression_opts.window_bits: -14
2019/10/17-14:55:05.448741 7fc3a9fcb700                  Options.bottommost_compression_opts.level: 32767
2019/10/17-14:55:05.448742 7fc3a9fcb700               Options.bottommost_compression_opts.strategy: 0
2019/10/17-14:55:05.448744 7fc3a9fcb700         Options.bottommost_compression_opts.max_dict_bytes: 0
2019/10/17-14:55:05.448745 7fc3a9fcb700         Options.bottommost_compression_opts.zstd_max_train_bytes: 0
2019/10/17-14:55:05.448747 7fc3a9fcb700                  Options.bottommost_compression_opts.enabled: false
2019/10/17-14:55:05.448749 7fc3a9fcb700            Options.compression_opts.window_bits: -14
2019/10/17-14:55:05.448750 7fc3a9fcb700                  Options.compression_opts.level: 32767
2019/10/17-14:55:05.448752 7fc3a9fcb700               Options.compression_opts.strategy: 0
2019/10/17-14:55:05.448753 7fc3a9fcb700         Options.compression_opts.max_dict_bytes: 0
2019/10/17-14:55:05.448755 7fc3a9fcb700         Options.compression_opts.zstd_max_train_bytes: 0
2019/10/17-14:55:05.448756 7fc3a9fcb700                  Options.compression_opts.enabled: false
2019/10/17-14:55:05.448758 7fc3a9fcb700      Options.level0_file_num_compaction_trigger: 4
2019/10/17-14:55:05.448759 7fc3a9fcb700          Options.level0_slowdown_writes_trigger: 20
2019/10/17-14:55:05.448761 7fc3a9fcb700              Options.level0_stop_writes_trigger: 36
2019/10/17-14:55:05.448762 7fc3a9fcb700                   Options.target_file_size_base: 67108864
2019/10/17-14:55:05.448764 7fc3a9fcb700             Options.target_file_size_multiplier: 1
2019/10/17-14:55:05.448765 7fc3a9fcb700                Options.max_bytes_for_level_base: 268435456
2019/10/17-14:55:05.448767 7fc3a9fcb700 Options.level_compaction_dynamic_level_bytes: 0
2019/10/17-14:55:05.448768 7fc3a9fcb700          Options.max_bytes_for_level_multiplier: 10.000000
2019/10/17-14:55:05.448771 7fc3a9fcb700 Options.max_bytes_for_level_multiplier_addtl[0]: 1
2019/10/17-14:55:05.448773 7fc3a9fcb700 Options.max_bytes_for_level_multiplier_addtl[1]: 1
2019/10/17-14:55:05.448774 7fc3a9fcb700 Options.max_bytes_for_level_multiplier_addtl[2]: 1
2019/10/17-14:55:05.448776 7fc3a9fcb700 Options.max_bytes_for_level_multiplier_addtl[3]: 1
2019/10/17-14:55:05.448778 7fc3a9fcb700 Options.max_bytes_for_level_multiplier_addtl[4]: 1
2019/10/17-14:55:05.448779 7fc3a9fcb700 Options.max_bytes_for_level_multiplier_addtl[5]: 1
2019/10/17-14:55:05.448781 7fc3a9fcb700 Options.max_bytes_for_level_multiplier_addtl[6]: 1
2019/10/17-14:55:05.448782 7fc3a9fcb700       Options.max_sequential_skip_in_iterations: 8
2019/10/17-14:55:05.448784 7fc3a9fcb700                    Options.max_compaction_bytes: 1677721600
2019/10/17-14:55:05.448785 7fc3a9fcb700                        Options.arena_block_size: 8388608
2019/10/17-14:55:05.448787 7fc3a9fcb700   Options.soft_pending_compaction_bytes_limit: 68719476736
2019/10/17-14:55:05.448796 7fc3a9fcb700   Options.hard_pending_compaction_bytes_limit: 274877906944
2019/10/17-14:55:05.448798 7fc3a9fcb700       Options.rate_limit_delay_max_milliseconds: 100
2019/10/17-14:55:05.448799 7fc3a9fcb700                Options.disable_auto_compactions: 0
2019/10/17-14:55:05.448801 7fc3a9fcb700                        Options.compaction_style: kCompactionStyleLevel
2019/10/17-14:55:05.448803 7fc3a9fcb700                          Options.compaction_pri: kByCompensatedSize
2019/10/17-14:55:05.448805 7fc3a9fcb700 Options.compaction_options_universal.size_ratio: 1
2019/10/17-14:55:05.448806 7fc3a9fcb700 Options.compaction_options_universal.min_merge_width: 2
2019/10/17-14:55:05.448808 7fc3a9fcb700 Options.compaction_options_universal.max_merge_width: 4294967295
2019/10/17-14:55:05.448810 7fc3a9fcb700 Options.compaction_options_universal.max_size_amplification_percent: 200
2019/10/17-14:55:05.448811 7fc3a9fcb700 Options.compaction_options_universal.compression_size_percent: -1
2019/10/17-14:55:05.448813 7fc3a9fcb700 Options.compaction_options_universal.stop_style: kCompactionStopStyleTotalSize
2019/10/17-14:55:05.448814 7fc3a9fcb700 Options.compaction_options_fifo.max_table_files_size: 1073741824
2019/10/17-14:55:05.448816 7fc3a9fcb700 Options.compaction_options_fifo.allow_compaction: 0
2019/10/17-14:55:05.448818 7fc3a9fcb700 Options.compaction_options_fifo.ttl: 0
2019/10/17-14:55:05.448819 7fc3a9fcb700                   Options.table_properties_collectors: 
2019/10/17-14:55:05.448821 7fc3a9fcb700                   Options.inplace_update_support: 0
2019/10/17-14:55:05.448822 7fc3a9fcb700                 Options.inplace_update_num_locks: 10000
2019/10/17-14:55:05.448824 7fc3a9fcb700               Options.memtable_prefix_bloom_size_ratio: 0.000000
2019/10/17-14:55:05.448826 7fc3a9fcb700   Options.memtable_huge_page_size: 0
2019/10/17-14:55:05.448827 7fc3a9fcb700                           Options.bloom_locality: 0
2019/10/17-14:55:05.448829 7fc3a9fcb700                    Options.max_successive_merges: 0
2019/10/17-14:55:05.448830 7fc3a9fcb700                Options.optimize_filters_for_hits: 0
2019/10/17-14:55:05.448832 7fc3a9fcb700                Options.paranoid_file_checks: 0
2019/10/17-14:55:05.448834 7fc3a9fcb700                Options.force_consistency_checks: 0
2019/10/17-14:55:05.448835 7fc3a9fcb700                Options.report_bg_io_stats: 0
2019/10/17-14:55:05.448837 7fc3a9fcb700                               Options.ttl: 0
2019/10/17-14:55:05.448865 7fc3a9fcb700 [db/column_family.cc:472] --------------- Options for column family [dc_entries]:
2019/10/17-14:55:05.448868 7fc3a9fcb700               Options.comparator: leveldb.BytewiseComparator
2019/10/17-14:55:05.448869 7fc3a9fcb700           Options.merge_operator: None
2019/10/17-14:55:05.448871 7fc3a9fcb700        Options.compaction_filter: None
2019/10/17-14:55:05.448873 7fc3a9fcb700        Options.compaction_filter_factory: None
2019/10/17-14:55:05.448874 7fc3a9fcb700         Options.memtable_factory: SkipListFactory
2019/10/17-14:55:05.448876 7fc3a9fcb700            Options.table_factory: BlockBasedTable
2019/10/17-14:55:05.448895 7fc3a9fcb700            table_factory options:   flush_block_policy_factory: FlushBlockBySizePolicyFactory (0x7fc35004b240)
  cache_index_and_filter_blocks: 0
  cache_index_and_filter_blocks_with_high_priority: 0
  pin_l0_filter_and_index_blocks_in_cache: 0
  pin_top_level_index_and_filter: 1
  index_type: 0
  hash_index_allow_collision: 1
  checksum: 1
  no_block_cache: 0
  block_cache: 0x7fc35010a960
  block_cache_name: LRUCache
  block_cache_options:
    capacity : 8388608
    num_shard_bits : 4
    strict_capacity_limit : 0
    memory_allocator : None
    high_pri_pool_ratio: 0.000
  block_cache_compressed: (nil)
  persistent_cache: (nil)
  block_size: 4096
  block_size_deviation: 10
  block_restart_interval: 16
  index_block_restart_interval: 1
  metadata_block_size: 4096
  partition_filters: 0
  use_delta_encoding: 1
  filter_policy: nullptr
  whole_key_filtering: 1
  verify_compression: 0
  read_amp_bytes_per_bit: 0
  format_version: 2
  enable_index_compression: 1
  block_align: 0
2019/10/17-14:55:05.448907 7fc3a9fcb700        Options.write_buffer_size: 67108864
2019/10/17-14:55:05.448909 7fc3a9fcb700  Options.max_write_buffer_number: 2
2019/10/17-14:55:05.448911 7fc3a9fcb700          Options.compression: NoCompression
2019/10/17-14:55:05.448913 7fc3a9fcb700                  Options.bottommost_compression: Disabled
2019/10/17-14:55:05.448914 7fc3a9fcb700       Options.prefix_extractor: nullptr
2019/10/17-14:55:05.448916 7fc3a9fcb700   Options.memtable_insert_with_hint_prefix_extractor: nullptr
2019/10/17-14:55:05.448917 7fc3a9fcb700             Options.num_levels: 7
2019/10/17-14:55:05.448919 7fc3a9fcb700        Options.min_write_buffer_number_to_merge: 1
2019/10/17-14:55:05.448920 7fc3a9fcb700     Options.max_write_buffer_number_to_maintain: 0
2019/10/17-14:55:05.448922 7fc3a9fcb700            Options.bottommost_compression_opts.window_bits: -14
2019/10/17-14:55:05.448923 7fc3a9fcb700                  Options.bottommost_compression_opts.level: 32767
2019/10/17-14:55:05.448925 7fc3a9fcb700               Options.bottommost_compression_opts.strategy: 0
2019/10/17-14:55:05.448926 7fc3a9fcb700         Options.bottommost_compression_opts.max_dict_bytes: 0
2019/10/17-14:55:05.448928 7fc3a9fcb700         Options.bottommost_compression_opts.zstd_max_train_bytes: 0
2019/10/17-14:55:05.448929 7fc3a9fcb700                  Options.bottommost_compression_opts.enabled: false
2019/10/17-14:55:05.448931 7fc3a9fcb700            Options.compression_opts.window_bits: -14
2019/10/17-14:55:05.448933 7fc3a9fcb700                  Options.compression_opts.level: 32767
2019/10/17-14:55:05.448934 7fc3a9fcb700               Options.compression_opts.strategy: 0
2019/10/17-14:55:05.448936 7fc3a9fcb700         Options.compression_opts.max_dict_bytes: 0
2019/10/17-14:55:05.448937 7fc3a9fcb700         Options.compression_opts.zstd_max_train_bytes: 0
2019/10/17-14:55:05.448939 7fc3a9fcb700                  Options.compression_opts.enabled: false
2019/10/17-14:55:05.448940 7fc3a9fcb700      Options.level0_file_num_compaction_trigger: 4
2019/10/17-14:55:05.448942 7fc3a9fcb700          Options.level0_slowdown_writes_trigger: 20
2019/10/17-14:55:05.448943 7fc3a9fcb700              Options.level0_stop_writes_trigger: 36
2019/10/17-14:55:05.448945 7fc3a9fcb700                   Options.target_file_size_base: 67108864
2019/10/17-14:55:05.448946 7fc3a9fcb700             Options.target_file_size_multiplier: 1
2019/10/17-14:55:05.448948 7fc3a9fcb700                Options.max_bytes_for_level_base: 268435456
2019/10/17-14:55:05.448949 7fc3a9fcb700 Options.level_compaction_dynamic_level_bytes: 0
2019/10/17-14:55:05.448951 7fc3a9fcb700          Options.max_bytes_for_level_multiplier: 10.000000
2019/10/17-14:55:05.448953 7fc3a9fcb700 Options.max_bytes_for_level_multiplier_addtl[0]: 1
2019/10/17-14:55:05.448955 7fc3a9fcb700 Options.max_bytes_for_level_multiplier_addtl[1]: 1
2019/10/17-14:55:05.448957 7fc3a9fcb700 Options.max_bytes_for_level_multiplier_addtl[2]: 1
2019/10/17-14:55:05.448958 7fc3a9fcb700 Options.max_bytes_for_level_multiplier_addtl[3]: 1
2019/10/17-14:55:05.448960 7fc3a9fcb700 Options.max_bytes_for_level_multiplier_addtl[4]: 1
2019/10/17-14:55:05.448961 7fc3a9fcb700 Options.max_bytes_for_level_multiplier_addtl[5]: 1
2019/10/17-14:55:05.448963 7fc3a9fcb700 Options.max_bytes_for_level_multiplier_addtl[6]: 1
2019/10/17-14:55:05.448964 7fc3a9fcb700       Options.max_sequential_skip_in_iterations: 8
2019/10/17-14:55:05.448966 7fc3a9fcb700                    Options.max_compaction_bytes: 1677721600
2019/10/17-14:55:05.448967 7fc3a9fcb700                        Options.arena_block_size: 8388608
2019/10/17-14:55:05.448969 7fc3a9fcb700   Options.soft_pending_compaction_bytes_limit: 68719476736
2019/10/17-14:55:05.448971 7fc3a9fcb700   Options.hard_pending_compaction_bytes_limit: 274877906944
2019/10/17-14:55:05.448972 7fc3a9fcb700       Options.rate_limit_delay_max_milliseconds: 100
2019/10/17-14:55:05.448974 7fc3a9fcb700                Options.disable_auto_compactions: 0
2019/10/17-14:55:05.448983 7fc3a9fcb700                        Options.compaction_style: kCompactionStyleLevel
2019/10/17-14:55:05.448985 7fc3a9fcb700                          Options.compaction_pri: kByCompensatedSize
2019/10/17-14:55:05.448987 7fc3a9fcb700 Options.compaction_options_universal.size_ratio: 1
2019/10/17-14:55:05.448989 7fc3a9fcb700 Options.compaction_options_universal.min_merge_width: 2
2019/10/17-14:55:05.448990 7fc3a9fcb700 Options.compaction_options_universal.max_merge_width: 4294967295
2019/10/17-14:55:05.448992 7fc3a9fcb700 Options.compaction_options_universal.max_size_amplification_percent: 200
2019/10/17-14:55:05.448993 7fc3a9fcb700 Options.compaction_options_universal.compression_size_percent: -1
2019/10/17-14:55:05.448995 7fc3a9fcb700 Options.compaction_options_universal.stop_style: kCompactionStopStyleTotalSize
2019/10/17-14:55:05.448996 7fc3a9fcb700 Options.compaction_options_fifo.max_table_files_size: 1073741824
2019/10/17-14:55:05.448998 7fc3a9fcb700 Options.compaction_options_fifo.allow_compaction: 0
2019/10/17-14:55:05.448999 7fc3a9fcb700 Options.compaction_options_fifo.ttl: 0
2019/10/17-14:55:05.449001 7fc3a9fcb700                   Options.table_properties_collectors: 
2019/10/17-14:55:05.449002 7fc3a9fcb700                   Options.inplace_update_support: 0
2019/10/17-14:55:05.449004 7fc3a9fcb700                 Options.inplace_update_num_locks: 10000
2019/10/17-14:55:05.449006 7fc3a9fcb700               Options.memtable_prefix_bloom_size_ratio: 0.000000
2019/10/17-14:55:05.449008 7fc3a9fcb700   Options.memtable_huge_page_size: 0
2019/10/17-14:55:05.449009 7fc3a9fcb700                           Options.bloom_locality: 0
2019/10/17-14:55:05.449011 7fc3a9fcb700                    Options.max_successive_merges: 0
2019/10/17-14:55:05.449012 7fc3a9fcb700                Options.optimize_filters_for_hits: 0
2019/10/17-14:55:05.449014 7fc3a9fcb700                Options.paranoid_file_checks: 0
2019/10/17-14:55:05.449015 7fc3a9fcb700                Options.force_consistency_checks: 0
2019/10/17-14:55:05.449017 7fc3a9fcb700                Options.report_bg_io_stats: 0
2019/10/17-14:55:05.449018 7fc3a9fcb700                               Options.ttl: 0
2019/10/17-14:55:05.449042 7fc3a9fcb700 [db/column_family.cc:472] --------------- Options for column family [htlcs]:
2019/10/17-14:55:05.449045 7fc3a9fcb700               Options.comparator: leveldb.BytewiseComparator
2019/10/17-14:55:05.449046 7fc3a9fcb700           Options.merge_operator: None
2019/10/17-14:55:05.449048 7fc3a9fcb700        Options.compaction_filter: None
2019/10/17-14:55:05.449049 7fc3a9fcb700        Options.compaction_filter_factory: None
2019/10/17-14:55:05.449051 7fc3a9fcb700         Options.memtable_factory: SkipListFactory
2019/10/17-14:55:05.449053 7fc3a9fcb700            Options.table_factory: BlockBasedTable
2019/10/17-14:55:05.449071 7fc3a9fcb700            table_factory options:   flush_block_policy_factory: FlushBlockBySizePolicyFactory (0x7fc35002cbf0)
