2019/10/17-14:54:14.382060 7fc3a9fcb700 RocksDB version: 5.18.3
2019/10/17-14:54:14.382117 7fc3a9fcb700 Git sha rocksdb_build_git_sha:@0@
2019/10/17-14:54:14.382119 7fc3a9fcb700 Compile date Sep 19 2019
2019/10/17-14:54:14.382120 7fc3a9fcb700 DB SUMMARY
2019/10/17-14:54:14.382740 7fc3a9fcb700 CURRENT file:  CURRENT
2019/10/17-14:54:14.382741 7fc3a9fcb700 IDENTITY file:  IDENTITY
2019/10/17-14:54:14.382767 7fc3a9fcb700 MANIFEST file:  MANIFEST-114892 size: 4114 Bytes
2019/10/17-14:54:14.382768 7fc3a9fcb700 SST files in /home/rahul/dev/blockchain-core/eqc/ledger.db dir, Total Num: 29, files: 000624.sst 000627.sst 106940.sst 108447.sst 108450.sst 109471.sst 109483.sst 109485.sst 109486.sst 
2019/10/17-14:54:14.382769 7fc3a9fcb700 Write Ahead Log file in /home/rahul/dev/blockchain-core/eqc/ledger.db: 114893.log size: 0 ; 
2019/10/17-14:54:14.382799 7fc3a9fcb700                         Options.error_if_exists: 0
2019/10/17-14:54:14.382800 7fc3a9fcb700                       Options.create_if_missing: 1
2019/10/17-14:54:14.382801 7fc3a9fcb700                         Options.paranoid_checks: 1
2019/10/17-14:54:14.382801 7fc3a9fcb700                                     Options.env: 0x7fc32ae1fc60
2019/10/17-14:54:14.382802 7fc3a9fcb700                                Options.info_log: 0x7fc35005ceb0
2019/10/17-14:54:14.382803 7fc3a9fcb700                Options.max_file_opening_threads: 16
2019/10/17-14:54:14.382803 7fc3a9fcb700                              Options.statistics: (nil)
2019/10/17-14:54:14.382804 7fc3a9fcb700                               Options.use_fsync: 0
2019/10/17-14:54:14.382805 7fc3a9fcb700                       Options.max_log_file_size: 0
2019/10/17-14:54:14.382805 7fc3a9fcb700                  Options.max_manifest_file_size: 1073741824
2019/10/17-14:54:14.382806 7fc3a9fcb700                   Options.log_file_time_to_roll: 0
2019/10/17-14:54:14.382807 7fc3a9fcb700                       Options.keep_log_file_num: 1000
2019/10/17-14:54:14.382807 7fc3a9fcb700                    Options.recycle_log_file_num: 0
2019/10/17-14:54:14.382808 7fc3a9fcb700                         Options.allow_fallocate: 1
2019/10/17-14:54:14.382809 7fc3a9fcb700                        Options.allow_mmap_reads: 0
2019/10/17-14:54:14.382809 7fc3a9fcb700                       Options.allow_mmap_writes: 0
2019/10/17-14:54:14.382810 7fc3a9fcb700                        Options.use_direct_reads: 0
2019/10/17-14:54:14.382811 7fc3a9fcb700                        Options.use_direct_io_for_flush_and_compaction: 0
2019/10/17-14:54:14.382811 7fc3a9fcb700          Options.create_missing_column_families: 0
2019/10/17-14:54:14.382812 7fc3a9fcb700                              Options.db_log_dir: 
2019/10/17-14:54:14.382812 7fc3a9fcb700                                 Options.wal_dir: /home/rahul/dev/blockchain-core/eqc/ledger.db
2019/10/17-14:54:14.382813 7fc3a9fcb700                Options.table_cache_numshardbits: 6
2019/10/17-14:54:14.382814 7fc3a9fcb700                      Options.max_subcompactions: 1
2019/10/17-14:54:14.382814 7fc3a9fcb700                  Options.max_background_flushes: -1
2019/10/17-14:54:14.382815 7fc3a9fcb700                         Options.WAL_ttl_seconds: 0
2019/10/17-14:54:14.382816 7fc3a9fcb700                       Options.WAL_size_limit_MB: 0
2019/10/17-14:54:14.382816 7fc3a9fcb700             Options.manifest_preallocation_size: 4194304
2019/10/17-14:54:14.382817 7fc3a9fcb700                     Options.is_fd_close_on_exec: 1
2019/10/17-14:54:14.382818 7fc3a9fcb700                   Options.advise_random_on_open: 1
2019/10/17-14:54:14.382818 7fc3a9fcb700                    Options.db_write_buffer_size: 0
2019/10/17-14:54:14.382819 7fc3a9fcb700                    Options.write_buffer_manager: 0x7fc35008fe70
2019/10/17-14:54:14.382820 7fc3a9fcb700         Options.access_hint_on_compaction_start: 1
2019/10/17-14:54:14.382820 7fc3a9fcb700  Options.new_table_reader_for_compaction_inputs: 0
2019/10/17-14:54:14.382821 7fc3a9fcb700           Options.random_access_max_buffer_size: 1048576
2019/10/17-14:54:14.382822 7fc3a9fcb700                      Options.use_adaptive_mutex: 0
2019/10/17-14:54:14.382822 7fc3a9fcb700                            Options.rate_limiter: (nil)
2019/10/17-14:54:14.382830 7fc3a9fcb700     Options.sst_file_manager.rate_bytes_per_sec: 0
2019/10/17-14:54:14.382831 7fc3a9fcb700                       Options.wal_recovery_mode: 2
2019/10/17-14:54:14.382831 7fc3a9fcb700                  Options.enable_thread_tracking: 0
2019/10/17-14:54:14.382832 7fc3a9fcb700                  Options.enable_pipelined_write: 0
2019/10/17-14:54:14.382833 7fc3a9fcb700         Options.allow_concurrent_memtable_write: 1
2019/10/17-14:54:14.382833 7fc3a9fcb700      Options.enable_write_thread_adaptive_yield: 1
2019/10/17-14:54:14.382834 7fc3a9fcb700             Options.write_thread_max_yield_usec: 100
2019/10/17-14:54:14.382835 7fc3a9fcb700            Options.write_thread_slow_yield_usec: 3
2019/10/17-14:54:14.382835 7fc3a9fcb700                               Options.row_cache: None
2019/10/17-14:54:14.382836 7fc3a9fcb700                              Options.wal_filter: None
2019/10/17-14:54:14.382837 7fc3a9fcb700             Options.avoid_flush_during_recovery: 0
2019/10/17-14:54:14.382837 7fc3a9fcb700             Options.allow_ingest_behind: 0
2019/10/17-14:54:14.382838 7fc3a9fcb700             Options.preserve_deletes: 0
2019/10/17-14:54:14.382838 7fc3a9fcb700             Options.two_write_queues: 0
2019/10/17-14:54:14.382839 7fc3a9fcb700             Options.manual_wal_flush: 0
2019/10/17-14:54:14.382840 7fc3a9fcb700             Options.max_background_jobs: 2
2019/10/17-14:54:14.382840 7fc3a9fcb700             Options.max_background_compactions: -1
2019/10/17-14:54:14.382841 7fc3a9fcb700             Options.avoid_flush_during_shutdown: 0
2019/10/17-14:54:14.382842 7fc3a9fcb700           Options.writable_file_max_buffer_size: 1048576
2019/10/17-14:54:14.382842 7fc3a9fcb700             Options.delayed_write_rate : 16777216
2019/10/17-14:54:14.382843 7fc3a9fcb700             Options.max_total_wal_size: 0
2019/10/17-14:54:14.382844 7fc3a9fcb700             Options.delete_obsolete_files_period_micros: 21600000000
2019/10/17-14:54:14.382844 7fc3a9fcb700                   Options.stats_dump_period_sec: 600
2019/10/17-14:54:14.382845 7fc3a9fcb700                          Options.max_open_files: -1
2019/10/17-14:54:14.382846 7fc3a9fcb700                          Options.bytes_per_sync: 0
2019/10/17-14:54:14.382846 7fc3a9fcb700                      Options.wal_bytes_per_sync: 0
2019/10/17-14:54:14.382847 7fc3a9fcb700       Options.compaction_readahead_size: 0
2019/10/17-14:54:14.382847 7fc3a9fcb700 Compression algorithms supported:
2019/10/17-14:54:14.382848 7fc3a9fcb700 	kZSTDNotFinalCompression supported: 0
2019/10/17-14:54:14.382849 7fc3a9fcb700 	kZSTD supported: 0
2019/10/17-14:54:14.382850 7fc3a9fcb700 	kXpressCompression supported: 0
2019/10/17-14:54:14.382851 7fc3a9fcb700 	kLZ4HCCompression supported: 0
2019/10/17-14:54:14.382852 7fc3a9fcb700 	kLZ4Compression supported: 0
2019/10/17-14:54:14.382852 7fc3a9fcb700 	kBZip2Compression supported: 0
2019/10/17-14:54:14.382853 7fc3a9fcb700 	kZlibCompression supported: 0
2019/10/17-14:54:14.382854 7fc3a9fcb700 	kSnappyCompression supported: 0
2019/10/17-14:54:14.382855 7fc3a9fcb700 Fast CRC32 supported: Supported on x86
2019/10/17-14:54:14.382932 7fc3a9fcb700 [db/version_set.cc:3507] Recovering from manifest file: MANIFEST-114892
2019/10/17-14:54:14.382959 7fc3a9fcb700 [db/column_family.cc:472] --------------- Options for column family [default]:
2019/10/17-14:54:14.382961 7fc3a9fcb700               Options.comparator: leveldb.BytewiseComparator
2019/10/17-14:54:14.382961 7fc3a9fcb700           Options.merge_operator: None
2019/10/17-14:54:14.382962 7fc3a9fcb700        Options.compaction_filter: None
2019/10/17-14:54:14.382963 7fc3a9fcb700        Options.compaction_filter_factory: None
2019/10/17-14:54:14.382963 7fc3a9fcb700         Options.memtable_factory: SkipListFactory
2019/10/17-14:54:14.382964 7fc3a9fcb700            Options.table_factory: BlockBasedTable
2019/10/17-14:54:14.382977 7fc3a9fcb700            table_factory options:   flush_block_policy_factory: FlushBlockBySizePolicyFactory (0x7fc35004df90)
  cache_index_and_filter_blocks: 0
  cache_index_and_filter_blocks_with_high_priority: 0
  pin_l0_filter_and_index_blocks_in_cache: 0
  pin_top_level_index_and_filter: 1
  index_type: 0
  hash_index_allow_collision: 1
  checksum: 1
  no_block_cache: 0
  block_cache: 0x7fc3500f3ad0
  block_cache_name: LRUCache
  block_cache_options:
    capacity : 8388608
    num_shard_bits : 4
    strict_capacity_limit : 0
    memory_allocator : None
    high_pri_pool_ratio: 0.000
  block_cache_compressed: (nil)
  persistent_cache: (nil)
  block_size: 4096
  block_size_deviation: 10
  block_restart_interval: 16
  index_block_restart_interval: 1
  metadata_block_size: 4096
  partition_filters: 0
  use_delta_encoding: 1
  filter_policy: nullptr
  whole_key_filtering: 1
  verify_compression: 0
  read_amp_bytes_per_bit: 0
  format_version: 2
  enable_index_compression: 1
  block_align: 0
2019/10/17-14:54:14.382984 7fc3a9fcb700        Options.write_buffer_size: 67108864
2019/10/17-14:54:14.382985 7fc3a9fcb700  Options.max_write_buffer_number: 2
2019/10/17-14:54:14.382986 7fc3a9fcb700          Options.compression: NoCompression
2019/10/17-14:54:14.382987 7fc3a9fcb700                  Options.bottommost_compression: Disabled
2019/10/17-14:54:14.382987 7fc3a9fcb700       Options.prefix_extractor: nullptr
2019/10/17-14:54:14.382988 7fc3a9fcb700   Options.memtable_insert_with_hint_prefix_extractor: nullptr
2019/10/17-14:54:14.382989 7fc3a9fcb700             Options.num_levels: 7
2019/10/17-14:54:14.382989 7fc3a9fcb700        Options.min_write_buffer_number_to_merge: 1
2019/10/17-14:54:14.382990 7fc3a9fcb700     Options.max_write_buffer_number_to_maintain: 0
2019/10/17-14:54:14.382990 7fc3a9fcb700            Options.bottommost_compression_opts.window_bits: -14
2019/10/17-14:54:14.382991 7fc3a9fcb700                  Options.bottommost_compression_opts.level: 32767
2019/10/17-14:54:14.382992 7fc3a9fcb700               Options.bottommost_compression_opts.strategy: 0
2019/10/17-14:54:14.382992 7fc3a9fcb700         Options.bottommost_compression_opts.max_dict_bytes: 0
2019/10/17-14:54:14.382993 7fc3a9fcb700         Options.bottommost_compression_opts.zstd_max_train_bytes: 0
2019/10/17-14:54:14.382994 7fc3a9fcb700                  Options.bottommost_compression_opts.enabled: false
2019/10/17-14:54:14.382994 7fc3a9fcb700            Options.compression_opts.window_bits: -14
2019/10/17-14:54:14.382995 7fc3a9fcb700                  Options.compression_opts.level: 32767
2019/10/17-14:54:14.382996 7fc3a9fcb700               Options.compression_opts.strategy: 0
2019/10/17-14:54:14.382996 7fc3a9fcb700         Options.compression_opts.max_dict_bytes: 0
2019/10/17-14:54:14.382997 7fc3a9fcb700         Options.compression_opts.zstd_max_train_bytes: 0
2019/10/17-14:54:14.382998 7fc3a9fcb700                  Options.compression_opts.enabled: false
2019/10/17-14:54:14.382998 7fc3a9fcb700      Options.level0_file_num_compaction_trigger: 4
2019/10/17-14:54:14.382999 7fc3a9fcb700          Options.level0_slowdown_writes_trigger: 20
2019/10/17-14:54:14.383000 7fc3a9fcb700              Options.level0_stop_writes_trigger: 36
2019/10/17-14:54:14.383000 7fc3a9fcb700                   Options.target_file_size_base: 67108864
2019/10/17-14:54:14.383001 7fc3a9fcb700             Options.target_file_size_multiplier: 1
2019/10/17-14:54:14.383001 7fc3a9fcb700                Options.max_bytes_for_level_base: 268435456
2019/10/17-14:54:14.383002 7fc3a9fcb700 Options.level_compaction_dynamic_level_bytes: 0
2019/10/17-14:54:14.383003 7fc3a9fcb700          Options.max_bytes_for_level_multiplier: 10.000000
2019/10/17-14:54:14.383004 7fc3a9fcb700 Options.max_bytes_for_level_multiplier_addtl[0]: 1
2019/10/17-14:54:14.383005 7fc3a9fcb700 Options.max_bytes_for_level_multiplier_addtl[1]: 1
2019/10/17-14:54:14.383006 7fc3a9fcb700 Options.max_bytes_for_level_multiplier_addtl[2]: 1
2019/10/17-14:54:14.383006 7fc3a9fcb700 Options.max_bytes_for_level_multiplier_addtl[3]: 1
2019/10/17-14:54:14.383007 7fc3a9fcb700 Options.max_bytes_for_level_multiplier_addtl[4]: 1
2019/10/17-14:54:14.383011 7fc3a9fcb700 Options.max_bytes_for_level_multiplier_addtl[5]: 1
2019/10/17-14:54:14.383012 7fc3a9fcb700 Options.max_bytes_for_level_multiplier_addtl[6]: 1
2019/10/17-14:54:14.383012 7fc3a9fcb700       Options.max_sequential_skip_in_iterations: 8
2019/10/17-14:54:14.383013 7fc3a9fcb700                    Options.max_compaction_bytes: 1677721600
2019/10/17-14:54:14.383014 7fc3a9fcb700                        Options.arena_block_size: 8388608
2019/10/17-14:54:14.383014 7fc3a9fcb700   Options.soft_pending_compaction_bytes_limit: 68719476736
2019/10/17-14:54:14.383015 7fc3a9fcb700   Options.hard_pending_compaction_bytes_limit: 274877906944
2019/10/17-14:54:14.383016 7fc3a9fcb700       Options.rate_limit_delay_max_milliseconds: 100
2019/10/17-14:54:14.383016 7fc3a9fcb700                Options.disable_auto_compactions: 0
2019/10/17-14:54:14.383017 7fc3a9fcb700                        Options.compaction_style: kCompactionStyleLevel
2019/10/17-14:54:14.383019 7fc3a9fcb700                          Options.compaction_pri: kByCompensatedSize
2019/10/17-14:54:14.383019 7fc3a9fcb700 Options.compaction_options_universal.size_ratio: 1
2019/10/17-14:54:14.383020 7fc3a9fcb700 Options.compaction_options_universal.min_merge_width: 2
2019/10/17-14:54:14.383021 7fc3a9fcb700 Options.compaction_options_universal.max_merge_width: 4294967295
2019/10/17-14:54:14.383021 7fc3a9fcb700 Options.compaction_options_universal.max_size_amplification_percent: 200
2019/10/17-14:54:14.383022 7fc3a9fcb700 Options.compaction_options_universal.compression_size_percent: -1
2019/10/17-14:54:14.383023 7fc3a9fcb700 Options.compaction_options_universal.stop_style: kCompactionStopStyleTotalSize
2019/10/17-14:54:14.383023 7fc3a9fcb700 Options.compaction_options_fifo.max_table_files_size: 1073741824
2019/10/17-14:54:14.383024 7fc3a9fcb700 Options.compaction_options_fifo.allow_compaction: 0
2019/10/17-14:54:14.383025 7fc3a9fcb700 Options.compaction_options_fifo.ttl: 0
2019/10/17-14:54:14.383025 7fc3a9fcb700                   Options.table_properties_collectors: 
2019/10/17-14:54:14.383026 7fc3a9fcb700                   Options.inplace_update_support: 0
2019/10/17-14:54:14.383027 7fc3a9fcb700                 Options.inplace_update_num_locks: 10000
2019/10/17-14:54:14.383027 7fc3a9fcb700               Options.memtable_prefix_bloom_size_ratio: 0.000000
2019/10/17-14:54:14.383028 7fc3a9fcb700   Options.memtable_huge_page_size: 0
2019/10/17-14:54:14.383029 7fc3a9fcb700                           Options.bloom_locality: 0
2019/10/17-14:54:14.383030 7fc3a9fcb700                    Options.max_successive_merges: 0
2019/10/17-14:54:14.383030 7fc3a9fcb700                Options.optimize_filters_for_hits: 0
2019/10/17-14:54:14.383031 7fc3a9fcb700                Options.paranoid_file_checks: 0
2019/10/17-14:54:14.383031 7fc3a9fcb700                Options.force_consistency_checks: 0
2019/10/17-14:54:14.383032 7fc3a9fcb700                Options.report_bg_io_stats: 0
2019/10/17-14:54:14.383033 7fc3a9fcb700                               Options.ttl: 0
2019/10/17-14:54:14.383056 7fc3a9fcb700 [db/column_family.cc:472] --------------- Options for column family [active_gateways]:
2019/10/17-14:54:14.383057 7fc3a9fcb700               Options.comparator: leveldb.BytewiseComparator
2019/10/17-14:54:14.383058 7fc3a9fcb700           Options.merge_operator: None
2019/10/17-14:54:14.383058 7fc3a9fcb700        Options.compaction_filter: None
2019/10/17-14:54:14.383059 7fc3a9fcb700        Options.compaction_filter_factory: None
2019/10/17-14:54:14.383059 7fc3a9fcb700         Options.memtable_factory: SkipListFactory
2019/10/17-14:54:14.383060 7fc3a9fcb700            Options.table_factory: BlockBasedTable
2019/10/17-14:54:14.383069 7fc3a9fcb700            table_factory options:   flush_block_policy_factory: FlushBlockBySizePolicyFactory (0x7fc3500a06b0)
  cache_index_and_filter_blocks: 0
  cache_index_and_filter_blocks_with_high_priority: 0
  pin_l0_filter_and_index_blocks_in_cache: 0
  pin_top_level_index_and_filter: 1
  index_type: 0
  hash_index_allow_collision: 1
  checksum: 1
  no_block_cache: 0
  block_cache: 0x7fc35000b380
  block_cache_name: LRUCache
  block_cache_options:
    capacity : 8388608
    num_shard_bits : 4
    strict_capacity_limit : 0
    memory_allocator : None
    high_pri_pool_ratio: 0.000
  block_cache_compressed: (nil)
  persistent_cache: (nil)
  block_size: 4096
  block_size_deviation: 10
  block_restart_interval: 16
  index_block_restart_interval: 1
  metadata_block_size: 4096
  partition_filters: 0
  use_delta_encoding: 1
  filter_policy: nullptr
  whole_key_filtering: 1
  verify_compression: 0
  read_amp_bytes_per_bit: 0
  format_version: 2
  enable_index_compression: 1
  block_align: 0
2019/10/17-14:54:14.383074 7fc3a9fcb700        Options.write_buffer_size: 67108864
2019/10/17-14:54:14.383075 7fc3a9fcb700  Options.max_write_buffer_number: 2
2019/10/17-14:54:14.383076 7fc3a9fcb700          Options.compression: NoCompression
2019/10/17-14:54:14.383076 7fc3a9fcb700                  Options.bottommost_compression: Disabled
2019/10/17-14:54:14.383077 7fc3a9fcb700       Options.prefix_extractor: nullptr
2019/10/17-14:54:14.383078 7fc3a9fcb700   Options.memtable_insert_with_hint_prefix_extractor: nullptr
2019/10/17-14:54:14.383078 7fc3a9fcb700             Options.num_levels: 7
2019/10/17-14:54:14.383079 7fc3a9fcb700        Options.min_write_buffer_number_to_merge: 1
2019/10/17-14:54:14.383080 7fc3a9fcb700     Options.max_write_buffer_number_to_maintain: 0
2019/10/17-14:54:14.383080 7fc3a9fcb700            Options.bottommost_compression_opts.window_bits: -14
2019/10/17-14:54:14.383081 7fc3a9fcb700                  Options.bottommost_compression_opts.level: 32767
2019/10/17-14:54:14.383081 7fc3a9fcb700               Options.bottommost_compression_opts.strategy: 0
2019/10/17-14:54:14.383082 7fc3a9fcb700         Options.bottommost_compression_opts.max_dict_bytes: 0
2019/10/17-14:54:14.383083 7fc3a9fcb700         Options.bottommost_compression_opts.zstd_max_train_bytes: 0
2019/10/17-14:54:14.383083 7fc3a9fcb700                  Options.bottommost_compression_opts.enabled: false
2019/10/17-14:54:14.383084 7fc3a9fcb700            Options.compression_opts.window_bits: -14
2019/10/17-14:54:14.383085 7fc3a9fcb700                  Options.compression_opts.level: 32767
2019/10/17-14:54:14.383085 7fc3a9fcb700               Options.compression_opts.strategy: 0
2019/10/17-14:54:14.383086 7fc3a9fcb700         Options.compression_opts.max_dict_bytes: 0
2019/10/17-14:54:14.383086 7fc3a9fcb700         Options.compression_opts.zstd_max_train_bytes: 0
2019/10/17-14:54:14.383087 7fc3a9fcb700                  Options.compression_opts.enabled: false
2019/10/17-14:54:14.383088 7fc3a9fcb700      Options.level0_file_num_compaction_trigger: 4
2019/10/17-14:54:14.383088 7fc3a9fcb700          Options.level0_slowdown_writes_trigger: 20
2019/10/17-14:54:14.383089 7fc3a9fcb700              Options.level0_stop_writes_trigger: 36
2019/10/17-14:54:14.383089 7fc3a9fcb700                   Options.target_file_size_base: 67108864
2019/10/17-14:54:14.383090 7fc3a9fcb700             Options.target_file_size_multiplier: 1
2019/10/17-14:54:14.383091 7fc3a9fcb700                Options.max_bytes_for_level_base: 268435456
2019/10/17-14:54:14.383091 7fc3a9fcb700 Options.level_compaction_dynamic_level_bytes: 0
2019/10/17-14:54:14.383092 7fc3a9fcb700          Options.max_bytes_for_level_multiplier: 10.000000
2019/10/17-14:54:14.383093 7fc3a9fcb700 Options.max_bytes_for_level_multiplier_addtl[0]: 1
2019/10/17-14:54:14.383094 7fc3a9fcb700 Options.max_bytes_for_level_multiplier_addtl[1]: 1
2019/10/17-14:54:14.383094 7fc3a9fcb700 Options.max_bytes_for_level_multiplier_addtl[2]: 1
2019/10/17-14:54:14.383095 7fc3a9fcb700 Options.max_bytes_for_level_multiplier_addtl[3]: 1
2019/10/17-14:54:14.383096 7fc3a9fcb700 Options.max_bytes_for_level_multiplier_addtl[4]: 1
2019/10/17-14:54:14.383096 7fc3a9fcb700 Options.max_bytes_for_level_multiplier_addtl[5]: 1
2019/10/17-14:54:14.383097 7fc3a9fcb700 Options.max_bytes_for_level_multiplier_addtl[6]: 1
2019/10/17-14:54:14.383098 7fc3a9fcb700       Options.max_sequential_skip_in_iterations: 8
2019/10/17-14:54:14.383101 7fc3a9fcb700                    Options.max_compaction_bytes: 1677721600
2019/10/17-14:54:14.383102 7fc3a9fcb700                        Options.arena_block_size: 8388608
2019/10/17-14:54:14.383103 7fc3a9fcb700   Options.soft_pending_compaction_bytes_limit: 68719476736
2019/10/17-14:54:14.383103 7fc3a9fcb700   Options.hard_pending_compaction_bytes_limit: 274877906944
2019/10/17-14:54:14.383104 7fc3a9fcb700       Options.rate_limit_delay_max_milliseconds: 100
2019/10/17-14:54:14.383105 7fc3a9fcb700                Options.disable_auto_compactions: 0
2019/10/17-14:54:14.383105 7fc3a9fcb700                        Options.compaction_style: kCompactionStyleLevel
2019/10/17-14:54:14.383106 7fc3a9fcb700                          Options.compaction_pri: kByCompensatedSize
2019/10/17-14:54:14.383107 7fc3a9fcb700 Options.compaction_options_universal.size_ratio: 1
2019/10/17-14:54:14.383107 7fc3a9fcb700 Options.compaction_options_universal.min_merge_width: 2
2019/10/17-14:54:14.383108 7fc3a9fcb700 Options.compaction_options_universal.max_merge_width: 4294967295
2019/10/17-14:54:14.383109 7fc3a9fcb700 Options.compaction_options_universal.max_size_amplification_percent: 200
2019/10/17-14:54:14.383109 7fc3a9fcb700 Options.compaction_options_universal.compression_size_percent: -1
2019/10/17-14:54:14.383110 7fc3a9fcb700 Options.compaction_options_universal.stop_style: kCompactionStopStyleTotalSize
2019/10/17-14:54:14.383111 7fc3a9fcb700 Options.compaction_options_fifo.max_table_files_size: 1073741824
2019/10/17-14:54:14.383111 7fc3a9fcb700 Options.compaction_options_fifo.allow_compaction: 0
2019/10/17-14:54:14.383112 7fc3a9fcb700 Options.compaction_options_fifo.ttl: 0
2019/10/17-14:54:14.383113 7fc3a9fcb700                   Options.table_properties_collectors: 
2019/10/17-14:54:14.383113 7fc3a9fcb700                   Options.inplace_update_support: 0
2019/10/17-14:54:14.383114 7fc3a9fcb700                 Options.inplace_update_num_locks: 10000
2019/10/17-14:54:14.383115 7fc3a9fcb700               Options.memtable_prefix_bloom_size_ratio: 0.000000
2019/10/17-14:54:14.383115 7fc3a9fcb700   Options.memtable_huge_page_size: 0
2019/10/17-14:54:14.383116 7fc3a9fcb700                           Options.bloom_locality: 0
2019/10/17-14:54:14.383117 7fc3a9fcb700                    Options.max_successive_merges: 0
2019/10/17-14:54:14.383117 7fc3a9fcb700                Options.optimize_filters_for_hits: 0
2019/10/17-14:54:14.383118 7fc3a9fcb700                Options.paranoid_file_checks: 0
2019/10/17-14:54:14.383119 7fc3a9fcb700                Options.force_consistency_checks: 0
2019/10/17-14:54:14.383119 7fc3a9fcb700                Options.report_bg_io_stats: 0
2019/10/17-14:54:14.383120 7fc3a9fcb700                               Options.ttl: 0
2019/10/17-14:54:14.383133 7fc3a9fcb700 [db/column_family.cc:472] --------------- Options for column family [entries]:
2019/10/17-14:54:14.383134 7fc3a9fcb700               Options.comparator: leveldb.BytewiseComparator
2019/10/17-14:54:14.383135 7fc3a9fcb700           Options.merge_operator: None
2019/10/17-14:54:14.383136 7fc3a9fcb700        Options.compaction_filter: None
2019/10/17-14:54:14.383136 7fc3a9fcb700        Options.compaction_filter_factory: None
2019/10/17-14:54:14.383137 7fc3a9fcb700         Options.memtable_factory: SkipListFactory
2019/10/17-14:54:14.383138 7fc3a9fcb700            Options.table_factory: BlockBasedTable
2019/10/17-14:54:14.383146 7fc3a9fcb700            table_factory options:   flush_block_policy_factory: FlushBlockBySizePolicyFactory (0x7fc35002d270)
  cache_index_and_filter_blocks: 0
  cache_index_and_filter_blocks_with_high_priority: 0
  pin_l0_filter_and_index_blocks_in_cache: 0
  pin_top_level_index_and_filter: 1
  index_type: 0
  hash_index_allow_collision: 1
  checksum: 1
  no_block_cache: 0
  block_cache: 0x7fc35002cb70
  block_cache_name: LRUCache
  block_cache_options:
    capacity : 8388608
    num_shard_bits : 4
    strict_capacity_limit : 0
    memory_allocator : None
    high_pri_pool_ratio: 0.000
  block_cache_compressed: (nil)
  persistent_cache: (nil)
  block_size: 4096
  block_size_deviation: 10
  block_restart_interval: 16
  index_block_restart_interval: 1
  metadata_block_size: 4096
  partition_filters: 0
  use_delta_encoding: 1
  filter_policy: nullptr
  whole_key_filtering: 1
  verify_compression: 0
  read_amp_bytes_per_bit: 0
  format_version: 2
  enable_index_compression: 1
  block_align: 0
2019/10/17-14:54:14.383150 7fc3a9fcb700        Options.write_buffer_size: 67108864
2019/10/17-14:54:14.383151 7fc3a9fcb700  Options.max_write_buffer_number: 2
2019/10/17-14:54:14.383152 7fc3a9fcb700          Options.compression: NoCompression
2019/10/17-14:54:14.383153 7fc3a9fcb700                  Options.bottommost_compression: Disabled
2019/10/17-14:54:14.383153 7fc3a9fcb700       Options.prefix_extractor: nullptr
2019/10/17-14:54:14.383154 7fc3a9fcb700   Options.memtable_insert_with_hint_prefix_extractor: nullptr
2019/10/17-14:54:14.383154 7fc3a9fcb700             Options.num_levels: 7
2019/10/17-14:54:14.383155 7fc3a9fcb700        Options.min_write_buffer_number_to_merge: 1
2019/10/17-14:54:14.383156 7fc3a9fcb700     Options.max_write_buffer_number_to_maintain: 0
2019/10/17-14:54:14.383156 7fc3a9fcb700            Options.bottommost_compression_opts.window_bits: -14
2019/10/17-14:54:14.383157 7fc3a9fcb700                  Options.bottommost_compression_opts.level: 32767
2019/10/17-14:54:14.383158 7fc3a9fcb700               Options.bottommost_compression_opts.strategy: 0
2019/10/17-14:54:14.383158 7fc3a9fcb700         Options.bottommost_compression_opts.max_dict_bytes: 0
2019/10/17-14:54:14.383159 7fc3a9fcb700         Options.bottommost_compression_opts.zstd_max_train_bytes: 0
2019/10/17-14:54:14.383159 7fc3a9fcb700                  Options.bottommost_compression_opts.enabled: false
2019/10/17-14:54:14.383160 7fc3a9fcb700            Options.compression_opts.window_bits: -14
2019/10/17-14:54:14.383161 7fc3a9fcb700                  Options.compression_opts.level: 32767
2019/10/17-14:54:14.383161 7fc3a9fcb700               Options.compression_opts.strategy: 0
2019/10/17-14:54:14.383162 7fc3a9fcb700         Options.compression_opts.max_dict_bytes: 0
2019/10/17-14:54:14.383163 7fc3a9fcb700         Options.compression_opts.zstd_max_train_bytes: 0
2019/10/17-14:54:14.383163 7fc3a9fcb700                  Options.compression_opts.enabled: false
2019/10/17-14:54:14.383164 7fc3a9fcb700      Options.level0_file_num_compaction_trigger: 4
2019/10/17-14:54:14.383165 7fc3a9fcb700          Options.level0_slowdown_writes_trigger: 20
2019/10/17-14:54:14.383165 7fc3a9fcb700              Options.level0_stop_writes_trigger: 36
2019/10/17-14:54:14.383166 7fc3a9fcb700                   Options.target_file_size_base: 67108864
2019/10/17-14:54:14.383166 7fc3a9fcb700             Options.target_file_size_multiplier: 1
2019/10/17-14:54:14.383167 7fc3a9fcb700                Options.max_bytes_for_level_base: 268435456
2019/10/17-14:54:14.383168 7fc3a9fcb700 Options.level_compaction_dynamic_level_bytes: 0
2019/10/17-14:54:14.383168 7fc3a9fcb700          Options.max_bytes_for_level_multiplier: 10.000000
2019/10/17-14:54:14.383169 7fc3a9fcb700 Options.max_bytes_for_level_multiplier_addtl[0]: 1
2019/10/17-14:54:14.383170 7fc3a9fcb700 Options.max_bytes_for_level_multiplier_addtl[1]: 1
2019/10/17-14:54:14.383171 7fc3a9fcb700 Options.max_bytes_for_level_multiplier_addtl[2]: 1
2019/10/17-14:54:14.383171 7fc3a9fcb700 Options.max_bytes_for_level_multiplier_addtl[3]: 1
2019/10/17-14:54:14.383172 7fc3a9fcb700 Options.max_bytes_for_level_multiplier_addtl[4]: 1
2019/10/17-14:54:14.383173 7fc3a9fcb700 Options.max_bytes_for_level_multiplier_addtl[5]: 1
2019/10/17-14:54:14.383173 7fc3a9fcb700 Options.max_bytes_for_level_multiplier_addtl[6]: 1
2019/10/17-14:54:14.383174 7fc3a9fcb700       Options.max_sequential_skip_in_iterations: 8
2019/10/17-14:54:14.383174 7fc3a9fcb700                    Options.max_compaction_bytes: 1677721600
2019/10/17-14:54:14.383175 7fc3a9fcb700                        Options.arena_block_size: 8388608
2019/10/17-14:54:14.383176 7fc3a9fcb700   Options.soft_pending_compaction_bytes_limit: 68719476736
2019/10/17-14:54:14.383179 7fc3a9fcb700   Options.hard_pending_compaction_bytes_limit: 274877906944
2019/10/17-14:54:14.383180 7fc3a9fcb700       Options.rate_limit_delay_max_milliseconds: 100
2019/10/17-14:54:14.383181 7fc3a9fcb700                Options.disable_auto_compactions: 0
2019/10/17-14:54:14.383182 7fc3a9fcb700                        Options.compaction_style: kCompactionStyleLevel
2019/10/17-14:54:14.383182 7fc3a9fcb700                          Options.compaction_pri: kByCompensatedSize
2019/10/17-14:54:14.383183 7fc3a9fcb700 Options.compaction_options_universal.size_ratio: 1
2019/10/17-14:54:14.383184 7fc3a9fcb700 Options.compaction_options_universal.min_merge_width: 2
2019/10/17-14:54:14.383184 7fc3a9fcb700 Options.compaction_options_universal.max_merge_width: 4294967295
2019/10/17-14:54:14.383185 7fc3a9fcb700 Options.compaction_options_universal.max_size_amplification_percent: 200
2019/10/17-14:54:14.383185 7fc3a9fcb700 Options.compaction_options_universal.compression_size_percent: -1
2019/10/17-14:54:14.383186 7fc3a9fcb700 Options.compaction_options_universal.stop_style: kCompactionStopStyleTotalSize
2019/10/17-14:54:14.383187 7fc3a9fcb700 Options.compaction_options_fifo.max_table_files_size: 1073741824
2019/10/17-14:54:14.383187 7fc3a9fcb700 Options.compaction_options_fifo.allow_compaction: 0
2019/10/17-14:54:14.383188 7fc3a9fcb700 Options.compaction_options_fifo.ttl: 0
2019/10/17-14:54:14.383189 7fc3a9fcb700                   Options.table_properties_collectors: 
2019/10/17-14:54:14.383189 7fc3a9fcb700                   Options.inplace_update_support: 0
2019/10/17-14:54:14.383190 7fc3a9fcb700                 Options.inplace_update_num_locks: 10000
2019/10/17-14:54:14.383191 7fc3a9fcb700               Options.memtable_prefix_bloom_size_ratio: 0.000000
2019/10/17-14:54:14.383191 7fc3a9fcb700   Options.memtable_huge_page_size: 0
2019/10/17-14:54:14.383192 7fc3a9fcb700                           Options.bloom_locality: 0
2019/10/17-14:54:14.383193 7fc3a9fcb700                    Options.max_successive_merges: 0
2019/10/17-14:54:14.383193 7fc3a9fcb700                Options.optimize_filters_for_hits: 0
2019/10/17-14:54:14.383194 7fc3a9fcb700                Options.paranoid_file_checks: 0
2019/10/17-14:54:14.383194 7fc3a9fcb700                Options.force_consistency_checks: 0
2019/10/17-14:54:14.383195 7fc3a9fcb700                Options.report_bg_io_stats: 0
2019/10/17-14:54:14.383196 7fc3a9fcb700                               Options.ttl: 0
2019/10/17-14:54:14.383208 7fc3a9fcb700 [db/column_family.cc:472] --------------- Options for column family [dc_entries]:
2019/10/17-14:54:14.383209 7fc3a9fcb700               Options.comparator: leveldb.BytewiseComparator
2019/10/17-14:54:14.383210 7fc3a9fcb700           Options.merge_operator: None
2019/10/17-14:54:14.383211 7fc3a9fcb700        Options.compaction_filter: None
2019/10/17-14:54:14.383211 7fc3a9fcb700        Options.compaction_filter_factory: None
2019/10/17-14:54:14.383212 7fc3a9fcb700         Options.memtable_factory: SkipListFactory
2019/10/17-14:54:14.383213 7fc3a9fcb700            Options.table_factory: BlockBasedTable
2019/10/17-14:54:14.383221 7fc3a9fcb700            table_factory options:   flush_block_policy_factory: FlushBlockBySizePolicyFactory (0x7fc3500707b0)
  cache_index_and_filter_blocks: 0
  cache_index_and_filter_blocks_with_high_priority: 0
  pin_l0_filter_and_index_blocks_in_cache: 0
  pin_top_level_index_and_filter: 1
  index_type: 0
  hash_index_allow_collision: 1
  checksum: 1
  no_block_cache: 0
  block_cache: 0x7fc3500630e0
  block_cache_name: LRUCache
  block_cache_options:
    capacity : 8388608
    num_shard_bits : 4
    strict_capacity_limit : 0
    memory_allocator : None
    high_pri_pool_ratio: 0.000
  block_cache_compressed: (nil)
  persistent_cache: (nil)
  block_size: 4096
  block_size_deviation: 10
  block_restart_interval: 16
  index_block_restart_interval: 1
  metadata_block_size: 4096
  partition_filters: 0
  use_delta_encoding: 1
  filter_policy: nullptr
  whole_key_filtering: 1
  verify_compression: 0
  read_amp_bytes_per_bit: 0
  format_version: 2
  enable_index_compression: 1
  block_align: 0
2019/10/17-14:54:14.383225 7fc3a9fcb700        Options.write_buffer_size: 67108864
2019/10/17-14:54:14.383226 7fc3a9fcb700  Options.max_write_buffer_number: 2
2019/10/17-14:54:14.383227 7fc3a9fcb700          Options.compression: NoCompression
2019/10/17-14:54:14.383228 7fc3a9fcb700                  Options.bottommost_compression: Disabled
2019/10/17-14:54:14.383228 7fc3a9fcb700       Options.prefix_extractor: nullptr
2019/10/17-14:54:14.383229 7fc3a9fcb700   Options.memtable_insert_with_hint_prefix_extractor: nullptr
2019/10/17-14:54:14.383229 7fc3a9fcb700             Options.num_levels: 7
2019/10/17-14:54:14.383230 7fc3a9fcb700        Options.min_write_buffer_number_to_merge: 1
2019/10/17-14:54:14.383231 7fc3a9fcb700     Options.max_write_buffer_number_to_maintain: 0
2019/10/17-14:54:14.383231 7fc3a9fcb700            Options.bottommost_compression_opts.window_bits: -14
2019/10/17-14:54:14.383232 7fc3a9fcb700                  Options.bottommost_compression_opts.level: 32767
2019/10/17-14:54:14.383233 7fc3a9fcb700               Options.bottommost_compression_opts.strategy: 0
2019/10/17-14:54:14.383233 7fc3a9fcb700         Options.bottommost_compression_opts.max_dict_bytes: 0
2019/10/17-14:54:14.383234 7fc3a9fcb700         Options.bottommost_compression_opts.zstd_max_train_bytes: 0
2019/10/17-14:54:14.383234 7fc3a9fcb700                  Options.bottommost_compression_opts.enabled: false
2019/10/17-14:54:14.383235 7fc3a9fcb700            Options.compression_opts.window_bits: -14
2019/10/17-14:54:14.383236 7fc3a9fcb700                  Options.compression_opts.level: 32767
2019/10/17-14:54:14.383236 7fc3a9fcb700               Options.compression_opts.strategy: 0
2019/10/17-14:54:14.383237 7fc3a9fcb700         Options.compression_opts.max_dict_bytes: 0
2019/10/17-14:54:14.383238 7fc3a9fcb700         Options.compression_opts.zstd_max_train_bytes: 0
2019/10/17-14:54:14.383238 7fc3a9fcb700                  Options.compression_opts.enabled: false
2019/10/17-14:54:14.383239 7fc3a9fcb700      Options.level0_file_num_compaction_trigger: 4
2019/10/17-14:54:14.383240 7fc3a9fcb700          Options.level0_slowdown_writes_trigger: 20
2019/10/17-14:54:14.383241 7fc3a9fcb700              Options.level0_stop_writes_trigger: 36
2019/10/17-14:54:14.383242 7fc3a9fcb700                   Options.target_file_size_base: 67108864
2019/10/17-14:54:14.383243 7fc3a9fcb700             Options.target_file_size_multiplier: 1
2019/10/17-14:54:14.383244 7fc3a9fcb700                Options.max_bytes_for_level_base: 268435456
2019/10/17-14:54:14.383246 7fc3a9fcb700 Options.level_compaction_dynamic_level_bytes: 0
2019/10/17-14:54:14.383247 7fc3a9fcb700          Options.max_bytes_for_level_multiplier: 10.000000
2019/10/17-14:54:14.383248 7fc3a9fcb700 Options.max_bytes_for_level_multiplier_addtl[0]: 1
2019/10/17-14:54:14.383249 7fc3a9fcb700 Options.max_bytes_for_level_multiplier_addtl[1]: 1
2019/10/17-14:54:14.383250 7fc3a9fcb700 Options.max_bytes_for_level_multiplier_addtl[2]: 1
2019/10/17-14:54:14.383251 7fc3a9fcb700 Options.max_bytes_for_level_multiplier_addtl[3]: 1
2019/10/17-14:54:14.383252 7fc3a9fcb700 Options.max_bytes_for_level_multiplier_addtl[4]: 1
2019/10/17-14:54:14.383252 7fc3a9fcb700 Options.max_bytes_for_level_multiplier_addtl[5]: 1
2019/10/17-14:54:14.383254 7fc3a9fcb700 Options.max_bytes_for_level_multiplier_addtl[6]: 1
2019/10/17-14:54:14.383268 7fc3a9fcb700       Options.max_sequential_skip_in_iterations: 8
2019/10/17-14:54:14.383269 7fc3a9fcb700                    Options.max_compaction_bytes: 1677721600
2019/10/17-14:54:14.383270 7fc3a9fcb700                        Options.arena_block_size: 8388608
2019/10/17-14:54:14.383270 7fc3a9fcb700   Options.soft_pending_compaction_bytes_limit: 68719476736
2019/10/17-14:54:14.383271 7fc3a9fcb700   Options.hard_pending_compaction_bytes_limit: 274877906944
2019/10/17-14:54:14.383272 7fc3a9fcb700       Options.rate_limit_delay_max_milliseconds: 100
2019/10/17-14:54:14.383273 7fc3a9fcb700                Options.disable_auto_compactions: 0
2019/10/17-14:54:14.383279 7fc3a9fcb700                        Options.compaction_style: kCompactionStyleLevel
2019/10/17-14:54:14.383281 7fc3a9fcb700                          Options.compaction_pri: kByCompensatedSize
2019/10/17-14:54:14.383282 7fc3a9fcb700 Options.compaction_options_universal.size_ratio: 1
2019/10/17-14:54:14.383283 7fc3a9fcb700 Options.compaction_options_universal.min_merge_width: 2
2019/10/17-14:54:14.383284 7fc3a9fcb700 Options.compaction_options_universal.max_merge_width: 4294967295
2019/10/17-14:54:14.383285 7fc3a9fcb700 Options.compaction_options_universal.max_size_amplification_percent: 200
2019/10/17-14:54:14.383286 7fc3a9fcb700 Options.compaction_options_universal.compression_size_percent: -1
2019/10/17-14:54:14.383287 7fc3a9fcb700 Options.compaction_options_universal.stop_style: kCompactionStopStyleTotalSize
2019/10/17-14:54:14.383287 7fc3a9fcb700 Options.compaction_options_fifo.max_table_files_size: 1073741824
2019/10/17-14:54:14.383288 7fc3a9fcb700 Options.compaction_options_fifo.allow_compaction: 0
2019/10/17-14:54:14.383288 7fc3a9fcb700 Options.compaction_options_fifo.ttl: 0
2019/10/17-14:54:14.383289 7fc3a9fcb700                   Options.table_properties_collectors: 
2019/10/17-14:54:14.383290 7fc3a9fcb700                   Options.inplace_update_support: 0
2019/10/17-14:54:14.383290 7fc3a9fcb700                 Options.inplace_update_num_locks: 10000
2019/10/17-14:54:14.383291 7fc3a9fcb700               Options.memtable_prefix_bloom_size_ratio: 0.000000
2019/10/17-14:54:14.383292 7fc3a9fcb700   Options.memtable_huge_page_size: 0
2019/10/17-14:54:14.383292 7fc3a9fcb700                           Options.bloom_locality: 0
2019/10/17-14:54:14.383293 7fc3a9fcb700                    Options.max_successive_merges: 0
2019/10/17-14:54:14.383294 7fc3a9fcb700                Options.optimize_filters_for_hits: 0
2019/10/17-14:54:14.383294 7fc3a9fcb700                Options.paranoid_file_checks: 0
2019/10/17-14:54:14.383295 7fc3a9fcb700                Options.force_consistency_checks: 0
2019/10/17-14:54:14.383295 7fc3a9fcb700                Options.report_bg_io_stats: 0
2019/10/17-14:54:14.383296 7fc3a9fcb700                               Options.ttl: 0
2019/10/17-14:54:14.383308 7fc3a9fcb700 [db/column_family.cc:472] --------------- Options for column family [htlcs]:
2019/10/17-14:54:14.383309 7fc3a9fcb700               Options.comparator: leveldb.BytewiseComparator
2019/10/17-14:54:14.383310 7fc3a9fcb700           Options.merge_operator: None
2019/10/17-14:54:14.383311 7fc3a9fcb700        Options.compaction_filter: None
2019/10/17-14:54:14.383311 7fc3a9fcb700        Options.compaction_filter_factory: None
2019/10/17-14:54:14.383312 7fc3a9fcb700         Options.memtable_factory: SkipListFactory
2019/10/17-14:54:14.383312 7fc3a9fcb700            Options.table_factory: BlockBasedTable
2019/10/17-14:54:14.383320 7fc3a9fcb700            table_factory options:   flush_block_policy_factory: FlushBlockBySizePolicyFactory (0x7fc350101b50)
