2019/10/17-14:55:13.496174 7fc3a9fcb700 RocksDB version: 5.18.3
2019/10/17-14:55:13.496211 7fc3a9fcb700 Git sha rocksdb_build_git_sha:@0@
2019/10/17-14:55:13.496213 7fc3a9fcb700 Compile date Sep 19 2019
2019/10/17-14:55:13.496215 7fc3a9fcb700 DB SUMMARY
2019/10/17-14:55:13.497013 7fc3a9fcb700 CURRENT file:  CURRENT
2019/10/17-14:55:13.497015 7fc3a9fcb700 IDENTITY file:  IDENTITY
2019/10/17-14:55:13.497047 7fc3a9fcb700 MANIFEST file:  MANIFEST-116548 size: 4114 Bytes
2019/10/17-14:55:13.497049 7fc3a9fcb700 SST files in /home/rahul/dev/blockchain-core/eqc/ledger.db dir, Total Num: 29, files: 000624.sst 000627.sst 106940.sst 108447.sst 108450.sst 109471.sst 109483.sst 109485.sst 109486.sst 
2019/10/17-14:55:13.497051 7fc3a9fcb700 Write Ahead Log file in /home/rahul/dev/blockchain-core/eqc/ledger.db: 116549.log size: 0 ; 
2019/10/17-14:55:13.497089 7fc3a9fcb700                         Options.error_if_exists: 0
2019/10/17-14:55:13.497090 7fc3a9fcb700                       Options.create_if_missing: 1
2019/10/17-14:55:13.497091 7fc3a9fcb700                         Options.paranoid_checks: 1
2019/10/17-14:55:13.497092 7fc3a9fcb700                                     Options.env: 0x7fc32ae1fc60
2019/10/17-14:55:13.497093 7fc3a9fcb700                                Options.info_log: 0x7fc350068510
2019/10/17-14:55:13.497094 7fc3a9fcb700                Options.max_file_opening_threads: 16
2019/10/17-14:55:13.497095 7fc3a9fcb700                              Options.statistics: (nil)
2019/10/17-14:55:13.497096 7fc3a9fcb700                               Options.use_fsync: 0
2019/10/17-14:55:13.497096 7fc3a9fcb700                       Options.max_log_file_size: 0
2019/10/17-14:55:13.497097 7fc3a9fcb700                  Options.max_manifest_file_size: 1073741824
2019/10/17-14:55:13.497098 7fc3a9fcb700                   Options.log_file_time_to_roll: 0
2019/10/17-14:55:13.497099 7fc3a9fcb700                       Options.keep_log_file_num: 1000
2019/10/17-14:55:13.497100 7fc3a9fcb700                    Options.recycle_log_file_num: 0
2019/10/17-14:55:13.497101 7fc3a9fcb700                         Options.allow_fallocate: 1
2019/10/17-14:55:13.497102 7fc3a9fcb700                        Options.allow_mmap_reads: 0
2019/10/17-14:55:13.497102 7fc3a9fcb700                       Options.allow_mmap_writes: 0
2019/10/17-14:55:13.497103 7fc3a9fcb700                        Options.use_direct_reads: 0
2019/10/17-14:55:13.497104 7fc3a9fcb700                        Options.use_direct_io_for_flush_and_compaction: 0
2019/10/17-14:55:13.497105 7fc3a9fcb700          Options.create_missing_column_families: 0
2019/10/17-14:55:13.497106 7fc3a9fcb700                              Options.db_log_dir: 
2019/10/17-14:55:13.497106 7fc3a9fcb700                                 Options.wal_dir: /home/rahul/dev/blockchain-core/eqc/ledger.db
2019/10/17-14:55:13.497107 7fc3a9fcb700                Options.table_cache_numshardbits: 6
2019/10/17-14:55:13.497108 7fc3a9fcb700                      Options.max_subcompactions: 1
2019/10/17-14:55:13.497109 7fc3a9fcb700                  Options.max_background_flushes: -1
2019/10/17-14:55:13.497110 7fc3a9fcb700                         Options.WAL_ttl_seconds: 0
2019/10/17-14:55:13.497111 7fc3a9fcb700                       Options.WAL_size_limit_MB: 0
2019/10/17-14:55:13.497112 7fc3a9fcb700             Options.manifest_preallocation_size: 4194304
2019/10/17-14:55:13.497112 7fc3a9fcb700                     Options.is_fd_close_on_exec: 1
2019/10/17-14:55:13.497113 7fc3a9fcb700                   Options.advise_random_on_open: 1
2019/10/17-14:55:13.497114 7fc3a9fcb700                    Options.db_write_buffer_size: 0
2019/10/17-14:55:13.497115 7fc3a9fcb700                    Options.write_buffer_manager: 0x7fc3500d7d00
2019/10/17-14:55:13.497116 7fc3a9fcb700         Options.access_hint_on_compaction_start: 1
2019/10/17-14:55:13.497117 7fc3a9fcb700  Options.new_table_reader_for_compaction_inputs: 0
2019/10/17-14:55:13.497117 7fc3a9fcb700           Options.random_access_max_buffer_size: 1048576
2019/10/17-14:55:13.497118 7fc3a9fcb700                      Options.use_adaptive_mutex: 0
2019/10/17-14:55:13.497119 7fc3a9fcb700                            Options.rate_limiter: (nil)
2019/10/17-14:55:13.497129 7fc3a9fcb700     Options.sst_file_manager.rate_bytes_per_sec: 0
2019/10/17-14:55:13.497130 7fc3a9fcb700                       Options.wal_recovery_mode: 2
2019/10/17-14:55:13.497131 7fc3a9fcb700                  Options.enable_thread_tracking: 0
2019/10/17-14:55:13.497132 7fc3a9fcb700                  Options.enable_pipelined_write: 0
2019/10/17-14:55:13.497132 7fc3a9fcb700         Options.allow_concurrent_memtable_write: 1
2019/10/17-14:55:13.497133 7fc3a9fcb700      Options.enable_write_thread_adaptive_yield: 1
2019/10/17-14:55:13.497134 7fc3a9fcb700             Options.write_thread_max_yield_usec: 100
2019/10/17-14:55:13.497135 7fc3a9fcb700            Options.write_thread_slow_yield_usec: 3
2019/10/17-14:55:13.497136 7fc3a9fcb700                               Options.row_cache: None
2019/10/17-14:55:13.497137 7fc3a9fcb700                              Options.wal_filter: None
2019/10/17-14:55:13.497138 7fc3a9fcb700             Options.avoid_flush_during_recovery: 0
2019/10/17-14:55:13.497138 7fc3a9fcb700             Options.allow_ingest_behind: 0
2019/10/17-14:55:13.497139 7fc3a9fcb700             Options.preserve_deletes: 0
2019/10/17-14:55:13.497140 7fc3a9fcb700             Options.two_write_queues: 0
2019/10/17-14:55:13.497141 7fc3a9fcb700             Options.manual_wal_flush: 0
2019/10/17-14:55:13.497142 7fc3a9fcb700             Options.max_background_jobs: 2
2019/10/17-14:55:13.497142 7fc3a9fcb700             Options.max_background_compactions: -1
2019/10/17-14:55:13.497143 7fc3a9fcb700             Options.avoid_flush_during_shutdown: 0
2019/10/17-14:55:13.497144 7fc3a9fcb700           Options.writable_file_max_buffer_size: 1048576
2019/10/17-14:55:13.497145 7fc3a9fcb700             Options.delayed_write_rate : 16777216
2019/10/17-14:55:13.497146 7fc3a9fcb700             Options.max_total_wal_size: 0
2019/10/17-14:55:13.497147 7fc3a9fcb700             Options.delete_obsolete_files_period_micros: 21600000000
2019/10/17-14:55:13.497148 7fc3a9fcb700                   Options.stats_dump_period_sec: 600
2019/10/17-14:55:13.497148 7fc3a9fcb700                          Options.max_open_files: -1
2019/10/17-14:55:13.497149 7fc3a9fcb700                          Options.bytes_per_sync: 0
2019/10/17-14:55:13.497150 7fc3a9fcb700                      Options.wal_bytes_per_sync: 0
2019/10/17-14:55:13.497151 7fc3a9fcb700       Options.compaction_readahead_size: 0
2019/10/17-14:55:13.497152 7fc3a9fcb700 Compression algorithms supported:
2019/10/17-14:55:13.497153 7fc3a9fcb700 	kZSTDNotFinalCompression supported: 0
2019/10/17-14:55:13.497154 7fc3a9fcb700 	kZSTD supported: 0
2019/10/17-14:55:13.497155 7fc3a9fcb700 	kXpressCompression supported: 0
2019/10/17-14:55:13.497156 7fc3a9fcb700 	kLZ4HCCompression supported: 0
2019/10/17-14:55:13.497157 7fc3a9fcb700 	kLZ4Compression supported: 0
2019/10/17-14:55:13.497158 7fc3a9fcb700 	kBZip2Compression supported: 0
2019/10/17-14:55:13.497158 7fc3a9fcb700 	kZlibCompression supported: 0
2019/10/17-14:55:13.497159 7fc3a9fcb700 	kSnappyCompression supported: 0
2019/10/17-14:55:13.497161 7fc3a9fcb700 Fast CRC32 supported: Supported on x86
2019/10/17-14:55:13.497263 7fc3a9fcb700 [db/version_set.cc:3507] Recovering from manifest file: MANIFEST-116548
2019/10/17-14:55:13.497299 7fc3a9fcb700 [db/column_family.cc:472] --------------- Options for column family [default]:
2019/10/17-14:55:13.497301 7fc3a9fcb700               Options.comparator: leveldb.BytewiseComparator
2019/10/17-14:55:13.497302 7fc3a9fcb700           Options.merge_operator: None
2019/10/17-14:55:13.497303 7fc3a9fcb700        Options.compaction_filter: None
2019/10/17-14:55:13.497304 7fc3a9fcb700        Options.compaction_filter_factory: None
2019/10/17-14:55:13.497304 7fc3a9fcb700         Options.memtable_factory: SkipListFactory
2019/10/17-14:55:13.497305 7fc3a9fcb700            Options.table_factory: BlockBasedTable
2019/10/17-14:55:13.497321 7fc3a9fcb700            table_factory options:   flush_block_policy_factory: FlushBlockBySizePolicyFactory (0x7fc3500027f0)
  cache_index_and_filter_blocks: 0
  cache_index_and_filter_blocks_with_high_priority: 0
  pin_l0_filter_and_index_blocks_in_cache: 0
  pin_top_level_index_and_filter: 1
  index_type: 0
  hash_index_allow_collision: 1
  checksum: 1
  no_block_cache: 0
  block_cache: 0x7fc35001fc90
  block_cache_name: LRUCache
  block_cache_options:
    capacity : 8388608
    num_shard_bits : 4
    strict_capacity_limit : 0
    memory_allocator : None
    high_pri_pool_ratio: 0.000
  block_cache_compressed: (nil)
  persistent_cache: (nil)
  block_size: 4096
  block_size_deviation: 10
  block_restart_interval: 16
  index_block_restart_interval: 1
  metadata_block_size: 4096
  partition_filters: 0
  use_delta_encoding: 1
  filter_policy: nullptr
  whole_key_filtering: 1
  verify_compression: 0
  read_amp_bytes_per_bit: 0
  format_version: 2
  enable_index_compression: 1
  block_align: 0
2019/10/17-14:55:13.497331 7fc3a9fcb700        Options.write_buffer_size: 67108864
2019/10/17-14:55:13.497332 7fc3a9fcb700  Options.max_write_buffer_number: 2
2019/10/17-14:55:13.497333 7fc3a9fcb700          Options.compression: NoCompression
2019/10/17-14:55:13.497334 7fc3a9fcb700                  Options.bottommost_compression: Disabled
2019/10/17-14:55:13.497335 7fc3a9fcb700       Options.prefix_extractor: nullptr
2019/10/17-14:55:13.497336 7fc3a9fcb700   Options.memtable_insert_with_hint_prefix_extractor: nullptr
2019/10/17-14:55:13.497336 7fc3a9fcb700             Options.num_levels: 7
2019/10/17-14:55:13.497337 7fc3a9fcb700        Options.min_write_buffer_number_to_merge: 1
2019/10/17-14:55:13.497338 7fc3a9fcb700     Options.max_write_buffer_number_to_maintain: 0
2019/10/17-14:55:13.497339 7fc3a9fcb700            Options.bottommost_compression_opts.window_bits: -14
2019/10/17-14:55:13.497340 7fc3a9fcb700                  Options.bottommost_compression_opts.level: 32767
2019/10/17-14:55:13.497341 7fc3a9fcb700               Options.bottommost_compression_opts.strategy: 0
2019/10/17-14:55:13.497342 7fc3a9fcb700         Options.bottommost_compression_opts.max_dict_bytes: 0
2019/10/17-14:55:13.497342 7fc3a9fcb700         Options.bottommost_compression_opts.zstd_max_train_bytes: 0
2019/10/17-14:55:13.497343 7fc3a9fcb700                  Options.bottommost_compression_opts.enabled: false
2019/10/17-14:55:13.497344 7fc3a9fcb700            Options.compression_opts.window_bits: -14
2019/10/17-14:55:13.497345 7fc3a9fcb700                  Options.compression_opts.level: 32767
2019/10/17-14:55:13.497346 7fc3a9fcb700               Options.compression_opts.strategy: 0
2019/10/17-14:55:13.497347 7fc3a9fcb700         Options.compression_opts.max_dict_bytes: 0
2019/10/17-14:55:13.497347 7fc3a9fcb700         Options.compression_opts.zstd_max_train_bytes: 0
2019/10/17-14:55:13.497348 7fc3a9fcb700                  Options.compression_opts.enabled: false
2019/10/17-14:55:13.497349 7fc3a9fcb700      Options.level0_file_num_compaction_trigger: 4
2019/10/17-14:55:13.497350 7fc3a9fcb700          Options.level0_slowdown_writes_trigger: 20
2019/10/17-14:55:13.497351 7fc3a9fcb700              Options.level0_stop_writes_trigger: 36
2019/10/17-14:55:13.497352 7fc3a9fcb700                   Options.target_file_size_base: 67108864
2019/10/17-14:55:13.497352 7fc3a9fcb700             Options.target_file_size_multiplier: 1
2019/10/17-14:55:13.497353 7fc3a9fcb700                Options.max_bytes_for_level_base: 268435456
2019/10/17-14:55:13.497354 7fc3a9fcb700 Options.level_compaction_dynamic_level_bytes: 0
2019/10/17-14:55:13.497355 7fc3a9fcb700          Options.max_bytes_for_level_multiplier: 10.000000
2019/10/17-14:55:13.497357 7fc3a9fcb700 Options.max_bytes_for_level_multiplier_addtl[0]: 1
2019/10/17-14:55:13.497358 7fc3a9fcb700 Options.max_bytes_for_level_multiplier_addtl[1]: 1
2019/10/17-14:55:13.497359 7fc3a9fcb700 Options.max_bytes_for_level_multiplier_addtl[2]: 1
2019/10/17-14:55:13.497360 7fc3a9fcb700 Options.max_bytes_for_level_multiplier_addtl[3]: 1
2019/10/17-14:55:13.497360 7fc3a9fcb700 Options.max_bytes_for_level_multiplier_addtl[4]: 1
2019/10/17-14:55:13.497366 7fc3a9fcb700 Options.max_bytes_for_level_multiplier_addtl[5]: 1
2019/10/17-14:55:13.497366 7fc3a9fcb700 Options.max_bytes_for_level_multiplier_addtl[6]: 1
2019/10/17-14:55:13.497367 7fc3a9fcb700       Options.max_sequential_skip_in_iterations: 8
2019/10/17-14:55:13.497368 7fc3a9fcb700                    Options.max_compaction_bytes: 1677721600
2019/10/17-14:55:13.497369 7fc3a9fcb700                        Options.arena_block_size: 8388608
2019/10/17-14:55:13.497370 7fc3a9fcb700   Options.soft_pending_compaction_bytes_limit: 68719476736
2019/10/17-14:55:13.497371 7fc3a9fcb700   Options.hard_pending_compaction_bytes_limit: 274877906944
2019/10/17-14:55:13.497372 7fc3a9fcb700       Options.rate_limit_delay_max_milliseconds: 100
2019/10/17-14:55:13.497372 7fc3a9fcb700                Options.disable_auto_compactions: 0
2019/10/17-14:55:13.497374 7fc3a9fcb700                        Options.compaction_style: kCompactionStyleLevel
2019/10/17-14:55:13.497375 7fc3a9fcb700                          Options.compaction_pri: kByCompensatedSize
2019/10/17-14:55:13.497376 7fc3a9fcb700 Options.compaction_options_universal.size_ratio: 1
2019/10/17-14:55:13.497377 7fc3a9fcb700 Options.compaction_options_universal.min_merge_width: 2
2019/10/17-14:55:13.497378 7fc3a9fcb700 Options.compaction_options_universal.max_merge_width: 4294967295
2019/10/17-14:55:13.497379 7fc3a9fcb700 Options.compaction_options_universal.max_size_amplification_percent: 200
2019/10/17-14:55:13.497380 7fc3a9fcb700 Options.compaction_options_universal.compression_size_percent: -1
2019/10/17-14:55:13.497381 7fc3a9fcb700 Options.compaction_options_universal.stop_style: kCompactionStopStyleTotalSize
2019/10/17-14:55:13.497382 7fc3a9fcb700 Options.compaction_options_fifo.max_table_files_size: 1073741824
2019/10/17-14:55:13.497383 7fc3a9fcb700 Options.compaction_options_fifo.allow_compaction: 0
2019/10/17-14:55:13.497383 7fc3a9fcb700 Options.compaction_options_fifo.ttl: 0
2019/10/17-14:55:13.497384 7fc3a9fcb700                   Options.table_properties_collectors: 
2019/10/17-14:55:13.497385 7fc3a9fcb700                   Options.inplace_update_support: 0
2019/10/17-14:55:13.497386 7fc3a9fcb700                 Options.inplace_update_num_locks: 10000
2019/10/17-14:55:13.497387 7fc3a9fcb700               Options.memtable_prefix_bloom_size_ratio: 0.000000
2019/10/17-14:55:13.497388 7fc3a9fcb700   Options.memtable_huge_page_size: 0
2019/10/17-14:55:13.497389 7fc3a9fcb700                           Options.bloom_locality: 0
2019/10/17-14:55:13.497390 7fc3a9fcb700                    Options.max_successive_merges: 0
2019/10/17-14:55:13.497390 7fc3a9fcb700                Options.optimize_filters_for_hits: 0
2019/10/17-14:55:13.497391 7fc3a9fcb700                Options.paranoid_file_checks: 0
2019/10/17-14:55:13.497392 7fc3a9fcb700                Options.force_consistency_checks: 0
2019/10/17-14:55:13.497393 7fc3a9fcb700                Options.report_bg_io_stats: 0
2019/10/17-14:55:13.497394 7fc3a9fcb700                               Options.ttl: 0
2019/10/17-14:55:13.497424 7fc3a9fcb700 [db/column_family.cc:472] --------------- Options for column family [active_gateways]:
2019/10/17-14:55:13.497426 7fc3a9fcb700               Options.comparator: leveldb.BytewiseComparator
2019/10/17-14:55:13.497427 7fc3a9fcb700           Options.merge_operator: None
2019/10/17-14:55:13.497427 7fc3a9fcb700        Options.compaction_filter: None
2019/10/17-14:55:13.497428 7fc3a9fcb700        Options.compaction_filter_factory: None
2019/10/17-14:55:13.497429 7fc3a9fcb700         Options.memtable_factory: SkipListFactory
2019/10/17-14:55:13.497430 7fc3a9fcb700            Options.table_factory: BlockBasedTable
2019/10/17-14:55:13.497442 7fc3a9fcb700            table_factory options:   flush_block_policy_factory: FlushBlockBySizePolicyFactory (0x7fc350002810)
  cache_index_and_filter_blocks: 0
  cache_index_and_filter_blocks_with_high_priority: 0
  pin_l0_filter_and_index_blocks_in_cache: 0
  pin_top_level_index_and_filter: 1
  index_type: 0
  hash_index_allow_collision: 1
  checksum: 1
  no_block_cache: 0
  block_cache: 0x7fc350088fe0
  block_cache_name: LRUCache
  block_cache_options:
    capacity : 8388608
    num_shard_bits : 4
    strict_capacity_limit : 0
    memory_allocator : None
    high_pri_pool_ratio: 0.000
  block_cache_compressed: (nil)
  persistent_cache: (nil)
  block_size: 4096
  block_size_deviation: 10
  block_restart_interval: 16
  index_block_restart_interval: 1
  metadata_block_size: 4096
  partition_filters: 0
  use_delta_encoding: 1
  filter_policy: nullptr
  whole_key_filtering: 1
  verify_compression: 0
  read_amp_bytes_per_bit: 0
  format_version: 2
  enable_index_compression: 1
  block_align: 0
2019/10/17-14:55:13.497449 7fc3a9fcb700        Options.write_buffer_size: 67108864
2019/10/17-14:55:13.497450 7fc3a9fcb700  Options.max_write_buffer_number: 2
2019/10/17-14:55:13.497451 7fc3a9fcb700          Options.compression: NoCompression
2019/10/17-14:55:13.497452 7fc3a9fcb700                  Options.bottommost_compression: Disabled
2019/10/17-14:55:13.497452 7fc3a9fcb700       Options.prefix_extractor: nullptr
2019/10/17-14:55:13.497453 7fc3a9fcb700   Options.memtable_insert_with_hint_prefix_extractor: nullptr
2019/10/17-14:55:13.497454 7fc3a9fcb700             Options.num_levels: 7
2019/10/17-14:55:13.497455 7fc3a9fcb700        Options.min_write_buffer_number_to_merge: 1
2019/10/17-14:55:13.497456 7fc3a9fcb700     Options.max_write_buffer_number_to_maintain: 0
2019/10/17-14:55:13.497457 7fc3a9fcb700            Options.bottommost_compression_opts.window_bits: -14
2019/10/17-14:55:13.497457 7fc3a9fcb700                  Options.bottommost_compression_opts.level: 32767
2019/10/17-14:55:13.497458 7fc3a9fcb700               Options.bottommost_compression_opts.strategy: 0
2019/10/17-14:55:13.497459 7fc3a9fcb700         Options.bottommost_compression_opts.max_dict_bytes: 0
2019/10/17-14:55:13.497460 7fc3a9fcb700         Options.bottommost_compression_opts.zstd_max_train_bytes: 0
2019/10/17-14:55:13.497461 7fc3a9fcb700                  Options.bottommost_compression_opts.enabled: false
2019/10/17-14:55:13.497461 7fc3a9fcb700            Options.compression_opts.window_bits: -14
2019/10/17-14:55:13.497462 7fc3a9fcb700                  Options.compression_opts.level: 32767
2019/10/17-14:55:13.497463 7fc3a9fcb700               Options.compression_opts.strategy: 0
2019/10/17-14:55:13.497464 7fc3a9fcb700         Options.compression_opts.max_dict_bytes: 0
2019/10/17-14:55:13.497465 7fc3a9fcb700         Options.compression_opts.zstd_max_train_bytes: 0
2019/10/17-14:55:13.497466 7fc3a9fcb700                  Options.compression_opts.enabled: false
2019/10/17-14:55:13.497466 7fc3a9fcb700      Options.level0_file_num_compaction_trigger: 4
2019/10/17-14:55:13.497467 7fc3a9fcb700          Options.level0_slowdown_writes_trigger: 20
2019/10/17-14:55:13.497468 7fc3a9fcb700              Options.level0_stop_writes_trigger: 36
2019/10/17-14:55:13.497469 7fc3a9fcb700                   Options.target_file_size_base: 67108864
2019/10/17-14:55:13.497470 7fc3a9fcb700             Options.target_file_size_multiplier: 1
2019/10/17-14:55:13.497470 7fc3a9fcb700                Options.max_bytes_for_level_base: 268435456
2019/10/17-14:55:13.497471 7fc3a9fcb700 Options.level_compaction_dynamic_level_bytes: 0
2019/10/17-14:55:13.497472 7fc3a9fcb700          Options.max_bytes_for_level_multiplier: 10.000000
2019/10/17-14:55:13.497473 7fc3a9fcb700 Options.max_bytes_for_level_multiplier_addtl[0]: 1
2019/10/17-14:55:13.497474 7fc3a9fcb700 Options.max_bytes_for_level_multiplier_addtl[1]: 1
2019/10/17-14:55:13.497475 7fc3a9fcb700 Options.max_bytes_for_level_multiplier_addtl[2]: 1
2019/10/17-14:55:13.497476 7fc3a9fcb700 Options.max_bytes_for_level_multiplier_addtl[3]: 1
2019/10/17-14:55:13.497477 7fc3a9fcb700 Options.max_bytes_for_level_multiplier_addtl[4]: 1
2019/10/17-14:55:13.497478 7fc3a9fcb700 Options.max_bytes_for_level_multiplier_addtl[5]: 1
2019/10/17-14:55:13.497479 7fc3a9fcb700 Options.max_bytes_for_level_multiplier_addtl[6]: 1
2019/10/17-14:55:13.497479 7fc3a9fcb700       Options.max_sequential_skip_in_iterations: 8
2019/10/17-14:55:13.497484 7fc3a9fcb700                    Options.max_compaction_bytes: 1677721600
2019/10/17-14:55:13.497485 7fc3a9fcb700                        Options.arena_block_size: 8388608
2019/10/17-14:55:13.497486 7fc3a9fcb700   Options.soft_pending_compaction_bytes_limit: 68719476736
2019/10/17-14:55:13.497487 7fc3a9fcb700   Options.hard_pending_compaction_bytes_limit: 274877906944
2019/10/17-14:55:13.497488 7fc3a9fcb700       Options.rate_limit_delay_max_milliseconds: 100
2019/10/17-14:55:13.497489 7fc3a9fcb700                Options.disable_auto_compactions: 0
2019/10/17-14:55:13.497490 7fc3a9fcb700                        Options.compaction_style: kCompactionStyleLevel
2019/10/17-14:55:13.497491 7fc3a9fcb700                          Options.compaction_pri: kByCompensatedSize
2019/10/17-14:55:13.497492 7fc3a9fcb700 Options.compaction_options_universal.size_ratio: 1
2019/10/17-14:55:13.497492 7fc3a9fcb700 Options.compaction_options_universal.min_merge_width: 2
2019/10/17-14:55:13.497493 7fc3a9fcb700 Options.compaction_options_universal.max_merge_width: 4294967295
2019/10/17-14:55:13.497494 7fc3a9fcb700 Options.compaction_options_universal.max_size_amplification_percent: 200
2019/10/17-14:55:13.497495 7fc3a9fcb700 Options.compaction_options_universal.compression_size_percent: -1
2019/10/17-14:55:13.497496 7fc3a9fcb700 Options.compaction_options_universal.stop_style: kCompactionStopStyleTotalSize
2019/10/17-14:55:13.497497 7fc3a9fcb700 Options.compaction_options_fifo.max_table_files_size: 1073741824
2019/10/17-14:55:13.497497 7fc3a9fcb700 Options.compaction_options_fifo.allow_compaction: 0
2019/10/17-14:55:13.497498 7fc3a9fcb700 Options.compaction_options_fifo.ttl: 0
2019/10/17-14:55:13.497499 7fc3a9fcb700                   Options.table_properties_collectors: 
2019/10/17-14:55:13.497500 7fc3a9fcb700                   Options.inplace_update_support: 0
2019/10/17-14:55:13.497501 7fc3a9fcb700                 Options.inplace_update_num_locks: 10000
2019/10/17-14:55:13.497502 7fc3a9fcb700               Options.memtable_prefix_bloom_size_ratio: 0.000000
2019/10/17-14:55:13.497503 7fc3a9fcb700   Options.memtable_huge_page_size: 0
2019/10/17-14:55:13.497504 7fc3a9fcb700                           Options.bloom_locality: 0
2019/10/17-14:55:13.497504 7fc3a9fcb700                    Options.max_successive_merges: 0
2019/10/17-14:55:13.497505 7fc3a9fcb700                Options.optimize_filters_for_hits: 0
2019/10/17-14:55:13.497506 7fc3a9fcb700                Options.paranoid_file_checks: 0
2019/10/17-14:55:13.497507 7fc3a9fcb700                Options.force_consistency_checks: 0
2019/10/17-14:55:13.497508 7fc3a9fcb700                Options.report_bg_io_stats: 0
2019/10/17-14:55:13.497508 7fc3a9fcb700                               Options.ttl: 0
2019/10/17-14:55:13.497526 7fc3a9fcb700 [db/column_family.cc:472] --------------- Options for column family [entries]:
2019/10/17-14:55:13.497528 7fc3a9fcb700               Options.comparator: leveldb.BytewiseComparator
2019/10/17-14:55:13.497529 7fc3a9fcb700           Options.merge_operator: None
2019/10/17-14:55:13.497530 7fc3a9fcb700        Options.compaction_filter: None
2019/10/17-14:55:13.497530 7fc3a9fcb700        Options.compaction_filter_factory: None
2019/10/17-14:55:13.497531 7fc3a9fcb700         Options.memtable_factory: SkipListFactory
2019/10/17-14:55:13.497532 7fc3a9fcb700            Options.table_factory: BlockBasedTable
2019/10/17-14:55:13.497543 7fc3a9fcb700            table_factory options:   flush_block_policy_factory: FlushBlockBySizePolicyFactory (0x7fc35002d270)
  cache_index_and_filter_blocks: 0
  cache_index_and_filter_blocks_with_high_priority: 0
  pin_l0_filter_and_index_blocks_in_cache: 0
  pin_top_level_index_and_filter: 1
  index_type: 0
  hash_index_allow_collision: 1
  checksum: 1
  no_block_cache: 0
  block_cache: 0x7fc350066fb0
  block_cache_name: LRUCache
  block_cache_options:
    capacity : 8388608
    num_shard_bits : 4
    strict_capacity_limit : 0
    memory_allocator : None
    high_pri_pool_ratio: 0.000
  block_cache_compressed: (nil)
  persistent_cache: (nil)
  block_size: 4096
  block_size_deviation: 10
  block_restart_interval: 16
  index_block_restart_interval: 1
  metadata_block_size: 4096
  partition_filters: 0
  use_delta_encoding: 1
  filter_policy: nullptr
  whole_key_filtering: 1
  verify_compression: 0
  read_amp_bytes_per_bit: 0
  format_version: 2
  enable_index_compression: 1
  block_align: 0
2019/10/17-14:55:13.497549 7fc3a9fcb700        Options.write_buffer_size: 67108864
2019/10/17-14:55:13.497550 7fc3a9fcb700  Options.max_write_buffer_number: 2
2019/10/17-14:55:13.497551 7fc3a9fcb700          Options.compression: NoCompression
2019/10/17-14:55:13.497552 7fc3a9fcb700                  Options.bottommost_compression: Disabled
2019/10/17-14:55:13.497553 7fc3a9fcb700       Options.prefix_extractor: nullptr
2019/10/17-14:55:13.497553 7fc3a9fcb700   Options.memtable_insert_with_hint_prefix_extractor: nullptr
2019/10/17-14:55:13.497554 7fc3a9fcb700             Options.num_levels: 7
2019/10/17-14:55:13.497555 7fc3a9fcb700        Options.min_write_buffer_number_to_merge: 1
2019/10/17-14:55:13.497556 7fc3a9fcb700     Options.max_write_buffer_number_to_maintain: 0
2019/10/17-14:55:13.497557 7fc3a9fcb700            Options.bottommost_compression_opts.window_bits: -14
2019/10/17-14:55:13.497557 7fc3a9fcb700                  Options.bottommost_compression_opts.level: 32767
2019/10/17-14:55:13.497558 7fc3a9fcb700               Options.bottommost_compression_opts.strategy: 0
2019/10/17-14:55:13.497559 7fc3a9fcb700         Options.bottommost_compression_opts.max_dict_bytes: 0
2019/10/17-14:55:13.497560 7fc3a9fcb700         Options.bottommost_compression_opts.zstd_max_train_bytes: 0
2019/10/17-14:55:13.497561 7fc3a9fcb700                  Options.bottommost_compression_opts.enabled: false
2019/10/17-14:55:13.497561 7fc3a9fcb700            Options.compression_opts.window_bits: -14
2019/10/17-14:55:13.497562 7fc3a9fcb700                  Options.compression_opts.level: 32767
2019/10/17-14:55:13.497563 7fc3a9fcb700               Options.compression_opts.strategy: 0
2019/10/17-14:55:13.497564 7fc3a9fcb700         Options.compression_opts.max_dict_bytes: 0
2019/10/17-14:55:13.497565 7fc3a9fcb700         Options.compression_opts.zstd_max_train_bytes: 0
2019/10/17-14:55:13.497565 7fc3a9fcb700                  Options.compression_opts.enabled: false
2019/10/17-14:55:13.497566 7fc3a9fcb700      Options.level0_file_num_compaction_trigger: 4
2019/10/17-14:55:13.497567 7fc3a9fcb700          Options.level0_slowdown_writes_trigger: 20
2019/10/17-14:55:13.497568 7fc3a9fcb700              Options.level0_stop_writes_trigger: 36
2019/10/17-14:55:13.497569 7fc3a9fcb700                   Options.target_file_size_base: 67108864
2019/10/17-14:55:13.497570 7fc3a9fcb700             Options.target_file_size_multiplier: 1
2019/10/17-14:55:13.497570 7fc3a9fcb700                Options.max_bytes_for_level_base: 268435456
2019/10/17-14:55:13.497571 7fc3a9fcb700 Options.level_compaction_dynamic_level_bytes: 0
2019/10/17-14:55:13.497572 7fc3a9fcb700          Options.max_bytes_for_level_multiplier: 10.000000
2019/10/17-14:55:13.497573 7fc3a9fcb700 Options.max_bytes_for_level_multiplier_addtl[0]: 1
2019/10/17-14:55:13.497574 7fc3a9fcb700 Options.max_bytes_for_level_multiplier_addtl[1]: 1
2019/10/17-14:55:13.497575 7fc3a9fcb700 Options.max_bytes_for_level_multiplier_addtl[2]: 1
2019/10/17-14:55:13.497576 7fc3a9fcb700 Options.max_bytes_for_level_multiplier_addtl[3]: 1
2019/10/17-14:55:13.497577 7fc3a9fcb700 Options.max_bytes_for_level_multiplier_addtl[4]: 1
2019/10/17-14:55:13.497578 7fc3a9fcb700 Options.max_bytes_for_level_multiplier_addtl[5]: 1
2019/10/17-14:55:13.497578 7fc3a9fcb700 Options.max_bytes_for_level_multiplier_addtl[6]: 1
2019/10/17-14:55:13.497579 7fc3a9fcb700       Options.max_sequential_skip_in_iterations: 8
2019/10/17-14:55:13.497580 7fc3a9fcb700                    Options.max_compaction_bytes: 1677721600
2019/10/17-14:55:13.497581 7fc3a9fcb700                        Options.arena_block_size: 8388608
2019/10/17-14:55:13.497582 7fc3a9fcb700   Options.soft_pending_compaction_bytes_limit: 68719476736
2019/10/17-14:55:13.497586 7fc3a9fcb700   Options.hard_pending_compaction_bytes_limit: 274877906944
2019/10/17-14:55:13.497587 7fc3a9fcb700       Options.rate_limit_delay_max_milliseconds: 100
2019/10/17-14:55:13.497588 7fc3a9fcb700                Options.disable_auto_compactions: 0
2019/10/17-14:55:13.497589 7fc3a9fcb700                        Options.compaction_style: kCompactionStyleLevel
2019/10/17-14:55:13.497590 7fc3a9fcb700                          Options.compaction_pri: kByCompensatedSize
2019/10/17-14:55:13.497591 7fc3a9fcb700 Options.compaction_options_universal.size_ratio: 1
2019/10/17-14:55:13.497592 7fc3a9fcb700 Options.compaction_options_universal.min_merge_width: 2
2019/10/17-14:55:13.497593 7fc3a9fcb700 Options.compaction_options_universal.max_merge_width: 4294967295
2019/10/17-14:55:13.497593 7fc3a9fcb700 Options.compaction_options_universal.max_size_amplification_percent: 200
2019/10/17-14:55:13.497594 7fc3a9fcb700 Options.compaction_options_universal.compression_size_percent: -1
2019/10/17-14:55:13.497595 7fc3a9fcb700 Options.compaction_options_universal.stop_style: kCompactionStopStyleTotalSize
2019/10/17-14:55:13.497596 7fc3a9fcb700 Options.compaction_options_fifo.max_table_files_size: 1073741824
2019/10/17-14:55:13.497597 7fc3a9fcb700 Options.compaction_options_fifo.allow_compaction: 0
2019/10/17-14:55:13.497598 7fc3a9fcb700 Options.compaction_options_fifo.ttl: 0
2019/10/17-14:55:13.497598 7fc3a9fcb700                   Options.table_properties_collectors: 
2019/10/17-14:55:13.497599 7fc3a9fcb700                   Options.inplace_update_support: 0
2019/10/17-14:55:13.497600 7fc3a9fcb700                 Options.inplace_update_num_locks: 10000
2019/10/17-14:55:13.497601 7fc3a9fcb700               Options.memtable_prefix_bloom_size_ratio: 0.000000
2019/10/17-14:55:13.497602 7fc3a9fcb700   Options.memtable_huge_page_size: 0
2019/10/17-14:55:13.497603 7fc3a9fcb700                           Options.bloom_locality: 0
2019/10/17-14:55:13.497604 7fc3a9fcb700                    Options.max_successive_merges: 0
2019/10/17-14:55:13.497604 7fc3a9fcb700                Options.optimize_filters_for_hits: 0
2019/10/17-14:55:13.497605 7fc3a9fcb700                Options.paranoid_file_checks: 0
2019/10/17-14:55:13.497606 7fc3a9fcb700                Options.force_consistency_checks: 0
2019/10/17-14:55:13.497607 7fc3a9fcb700                Options.report_bg_io_stats: 0
2019/10/17-14:55:13.497608 7fc3a9fcb700                               Options.ttl: 0
2019/10/17-14:55:13.497624 7fc3a9fcb700 [db/column_family.cc:472] --------------- Options for column family [dc_entries]:
2019/10/17-14:55:13.497625 7fc3a9fcb700               Options.comparator: leveldb.BytewiseComparator
2019/10/17-14:55:13.497626 7fc3a9fcb700           Options.merge_operator: None
2019/10/17-14:55:13.497627 7fc3a9fcb700        Options.compaction_filter: None
2019/10/17-14:55:13.497627 7fc3a9fcb700        Options.compaction_filter_factory: None
2019/10/17-14:55:13.497628 7fc3a9fcb700         Options.memtable_factory: SkipListFactory
2019/10/17-14:55:13.497629 7fc3a9fcb700            Options.table_factory: BlockBasedTable
2019/10/17-14:55:13.497639 7fc3a9fcb700            table_factory options:   flush_block_policy_factory: FlushBlockBySizePolicyFactory (0x7fc35002cbf0)
  cache_index_and_filter_blocks: 0
  cache_index_and_filter_blocks_with_high_priority: 0
  pin_l0_filter_and_index_blocks_in_cache: 0
  pin_top_level_index_and_filter: 1
  index_type: 0
  hash_index_allow_collision: 1
  checksum: 1
  no_block_cache: 0
  block_cache: 0x7fc350067460
  block_cache_name: LRUCache
  block_cache_options:
    capacity : 8388608
    num_shard_bits : 4
    strict_capacity_limit : 0
    memory_allocator : None
    high_pri_pool_ratio: 0.000
  block_cache_compressed: (nil)
  persistent_cache: (nil)
  block_size: 4096
  block_size_deviation: 10
  block_restart_interval: 16
  index_block_restart_interval: 1
  metadata_block_size: 4096
  partition_filters: 0
  use_delta_encoding: 1
  filter_policy: nullptr
  whole_key_filtering: 1
  verify_compression: 0
  read_amp_bytes_per_bit: 0
  format_version: 2
  enable_index_compression: 1
  block_align: 0
2019/10/17-14:55:13.497646 7fc3a9fcb700        Options.write_buffer_size: 67108864
2019/10/17-14:55:13.497647 7fc3a9fcb700  Options.max_write_buffer_number: 2
2019/10/17-14:55:13.497648 7fc3a9fcb700          Options.compression: NoCompression
2019/10/17-14:55:13.497649 7fc3a9fcb700                  Options.bottommost_compression: Disabled
2019/10/17-14:55:13.497649 7fc3a9fcb700       Options.prefix_extractor: nullptr
2019/10/17-14:55:13.497650 7fc3a9fcb700   Options.memtable_insert_with_hint_prefix_extractor: nullptr
2019/10/17-14:55:13.497651 7fc3a9fcb700             Options.num_levels: 7
2019/10/17-14:55:13.497652 7fc3a9fcb700        Options.min_write_buffer_number_to_merge: 1
2019/10/17-14:55:13.497653 7fc3a9fcb700     Options.max_write_buffer_number_to_maintain: 0
2019/10/17-14:55:13.497653 7fc3a9fcb700            Options.bottommost_compression_opts.window_bits: -14
2019/10/17-14:55:13.497654 7fc3a9fcb700                  Options.bottommost_compression_opts.level: 32767
2019/10/17-14:55:13.497655 7fc3a9fcb700               Options.bottommost_compression_opts.strategy: 0
2019/10/17-14:55:13.497656 7fc3a9fcb700         Options.bottommost_compression_opts.max_dict_bytes: 0
2019/10/17-14:55:13.497657 7fc3a9fcb700         Options.bottommost_compression_opts.zstd_max_train_bytes: 0
2019/10/17-14:55:13.497657 7fc3a9fcb700                  Options.bottommost_compression_opts.enabled: false
2019/10/17-14:55:13.497658 7fc3a9fcb700            Options.compression_opts.window_bits: -14
2019/10/17-14:55:13.497659 7fc3a9fcb700                  Options.compression_opts.level: 32767
2019/10/17-14:55:13.497660 7fc3a9fcb700               Options.compression_opts.strategy: 0
2019/10/17-14:55:13.497661 7fc3a9fcb700         Options.compression_opts.max_dict_bytes: 0
2019/10/17-14:55:13.497662 7fc3a9fcb700         Options.compression_opts.zstd_max_train_bytes: 0
2019/10/17-14:55:13.497662 7fc3a9fcb700                  Options.compression_opts.enabled: false
2019/10/17-14:55:13.497663 7fc3a9fcb700      Options.level0_file_num_compaction_trigger: 4
2019/10/17-14:55:13.497664 7fc3a9fcb700          Options.level0_slowdown_writes_trigger: 20
2019/10/17-14:55:13.497665 7fc3a9fcb700              Options.level0_stop_writes_trigger: 36
2019/10/17-14:55:13.497666 7fc3a9fcb700                   Options.target_file_size_base: 67108864
2019/10/17-14:55:13.497666 7fc3a9fcb700             Options.target_file_size_multiplier: 1
2019/10/17-14:55:13.497667 7fc3a9fcb700                Options.max_bytes_for_level_base: 268435456
2019/10/17-14:55:13.497668 7fc3a9fcb700 Options.level_compaction_dynamic_level_bytes: 0
2019/10/17-14:55:13.497669 7fc3a9fcb700          Options.max_bytes_for_level_multiplier: 10.000000
2019/10/17-14:55:13.497670 7fc3a9fcb700 Options.max_bytes_for_level_multiplier_addtl[0]: 1
2019/10/17-14:55:13.497671 7fc3a9fcb700 Options.max_bytes_for_level_multiplier_addtl[1]: 1
2019/10/17-14:55:13.497672 7fc3a9fcb700 Options.max_bytes_for_level_multiplier_addtl[2]: 1
2019/10/17-14:55:13.497673 7fc3a9fcb700 Options.max_bytes_for_level_multiplier_addtl[3]: 1
2019/10/17-14:55:13.497674 7fc3a9fcb700 Options.max_bytes_for_level_multiplier_addtl[4]: 1
2019/10/17-14:55:13.497674 7fc3a9fcb700 Options.max_bytes_for_level_multiplier_addtl[5]: 1
2019/10/17-14:55:13.497675 7fc3a9fcb700 Options.max_bytes_for_level_multiplier_addtl[6]: 1
2019/10/17-14:55:13.497676 7fc3a9fcb700       Options.max_sequential_skip_in_iterations: 8
2019/10/17-14:55:13.497677 7fc3a9fcb700                    Options.max_compaction_bytes: 1677721600
2019/10/17-14:55:13.497678 7fc3a9fcb700                        Options.arena_block_size: 8388608
2019/10/17-14:55:13.497679 7fc3a9fcb700   Options.soft_pending_compaction_bytes_limit: 68719476736
2019/10/17-14:55:13.497679 7fc3a9fcb700   Options.hard_pending_compaction_bytes_limit: 274877906944
2019/10/17-14:55:13.497680 7fc3a9fcb700       Options.rate_limit_delay_max_milliseconds: 100
2019/10/17-14:55:13.497681 7fc3a9fcb700                Options.disable_auto_compactions: 0
2019/10/17-14:55:13.497686 7fc3a9fcb700                        Options.compaction_style: kCompactionStyleLevel
2019/10/17-14:55:13.497687 7fc3a9fcb700                          Options.compaction_pri: kByCompensatedSize
2019/10/17-14:55:13.497688 7fc3a9fcb700 Options.compaction_options_universal.size_ratio: 1
2019/10/17-14:55:13.497689 7fc3a9fcb700 Options.compaction_options_universal.min_merge_width: 2
2019/10/17-14:55:13.497690 7fc3a9fcb700 Options.compaction_options_universal.max_merge_width: 4294967295
2019/10/17-14:55:13.497690 7fc3a9fcb700 Options.compaction_options_universal.max_size_amplification_percent: 200
2019/10/17-14:55:13.497691 7fc3a9fcb700 Options.compaction_options_universal.compression_size_percent: -1
2019/10/17-14:55:13.497692 7fc3a9fcb700 Options.compaction_options_universal.stop_style: kCompactionStopStyleTotalSize
2019/10/17-14:55:13.497693 7fc3a9fcb700 Options.compaction_options_fifo.max_table_files_size: 1073741824
2019/10/17-14:55:13.497694 7fc3a9fcb700 Options.compaction_options_fifo.allow_compaction: 0
2019/10/17-14:55:13.497695 7fc3a9fcb700 Options.compaction_options_fifo.ttl: 0
2019/10/17-14:55:13.497695 7fc3a9fcb700                   Options.table_properties_collectors: 
2019/10/17-14:55:13.497696 7fc3a9fcb700                   Options.inplace_update_support: 0
2019/10/17-14:55:13.497697 7fc3a9fcb700                 Options.inplace_update_num_locks: 10000
2019/10/17-14:55:13.497698 7fc3a9fcb700               Options.memtable_prefix_bloom_size_ratio: 0.000000
2019/10/17-14:55:13.497699 7fc3a9fcb700   Options.memtable_huge_page_size: 0
2019/10/17-14:55:13.497700 7fc3a9fcb700                           Options.bloom_locality: 0
2019/10/17-14:55:13.497701 7fc3a9fcb700                    Options.max_successive_merges: 0
2019/10/17-14:55:13.497701 7fc3a9fcb700                Options.optimize_filters_for_hits: 0
2019/10/17-14:55:13.497702 7fc3a9fcb700                Options.paranoid_file_checks: 0
2019/10/17-14:55:13.497703 7fc3a9fcb700                Options.force_consistency_checks: 0
2019/10/17-14:55:13.497704 7fc3a9fcb700                Options.report_bg_io_stats: 0
2019/10/17-14:55:13.497705 7fc3a9fcb700                               Options.ttl: 0
2019/10/17-14:55:13.497718 7fc3a9fcb700 [db/column_family.cc:472] --------------- Options for column family [htlcs]:
2019/10/17-14:55:13.497720 7fc3a9fcb700               Options.comparator: leveldb.BytewiseComparator
2019/10/17-14:55:13.497721 7fc3a9fcb700           Options.merge_operator: None
2019/10/17-14:55:13.497721 7fc3a9fcb700        Options.compaction_filter: None
2019/10/17-14:55:13.497722 7fc3a9fcb700        Options.compaction_filter_factory: None
2019/10/17-14:55:13.497723 7fc3a9fcb700         Options.memtable_factory: SkipListFactory
2019/10/17-14:55:13.497724 7fc3a9fcb700            Options.table_factory: BlockBasedTable
2019/10/17-14:55:13.497733 7fc3a9fcb700            table_factory options:   flush_block_policy_factory: FlushBlockBySizePolicyFactory (0x7fc35004b800)
