2019/10/17-14:55:04.824277 7fc3a9fcb700 RocksDB version: 5.18.3
2019/10/17-14:55:04.824304 7fc3a9fcb700 Git sha rocksdb_build_git_sha:@0@
2019/10/17-14:55:04.824305 7fc3a9fcb700 Compile date Sep 19 2019
2019/10/17-14:55:04.824307 7fc3a9fcb700 DB SUMMARY
2019/10/17-14:55:04.824895 7fc3a9fcb700 CURRENT file:  CURRENT
2019/10/17-14:55:04.824897 7fc3a9fcb700 IDENTITY file:  IDENTITY
2019/10/17-14:55:04.824921 7fc3a9fcb700 MANIFEST file:  MANIFEST-116287 size: 4114 Bytes
2019/10/17-14:55:04.824923 7fc3a9fcb700 SST files in /home/rahul/dev/blockchain-core/eqc/ledger.db dir, Total Num: 29, files: 000624.sst 000627.sst 106940.sst 108447.sst 108450.sst 109471.sst 109483.sst 109485.sst 109486.sst 
2019/10/17-14:55:04.824924 7fc3a9fcb700 Write Ahead Log file in /home/rahul/dev/blockchain-core/eqc/ledger.db: 116288.log size: 0 ; 
2019/10/17-14:55:04.824953 7fc3a9fcb700                         Options.error_if_exists: 0
2019/10/17-14:55:04.824954 7fc3a9fcb700                       Options.create_if_missing: 1
2019/10/17-14:55:04.824955 7fc3a9fcb700                         Options.paranoid_checks: 1
2019/10/17-14:55:04.824955 7fc3a9fcb700                                     Options.env: 0x7fc32ae1fc60
2019/10/17-14:55:04.824956 7fc3a9fcb700                                Options.info_log: 0x7fc350075fe0
2019/10/17-14:55:04.824957 7fc3a9fcb700                Options.max_file_opening_threads: 16
2019/10/17-14:55:04.824957 7fc3a9fcb700                              Options.statistics: (nil)
2019/10/17-14:55:04.824958 7fc3a9fcb700                               Options.use_fsync: 0
2019/10/17-14:55:04.824959 7fc3a9fcb700                       Options.max_log_file_size: 0
2019/10/17-14:55:04.824959 7fc3a9fcb700                  Options.max_manifest_file_size: 1073741824
2019/10/17-14:55:04.824960 7fc3a9fcb700                   Options.log_file_time_to_roll: 0
2019/10/17-14:55:04.824961 7fc3a9fcb700                       Options.keep_log_file_num: 1000
2019/10/17-14:55:04.824962 7fc3a9fcb700                    Options.recycle_log_file_num: 0
2019/10/17-14:55:04.824962 7fc3a9fcb700                         Options.allow_fallocate: 1
2019/10/17-14:55:04.824963 7fc3a9fcb700                        Options.allow_mmap_reads: 0
2019/10/17-14:55:04.824963 7fc3a9fcb700                       Options.allow_mmap_writes: 0
2019/10/17-14:55:04.824964 7fc3a9fcb700                        Options.use_direct_reads: 0
2019/10/17-14:55:04.824965 7fc3a9fcb700                        Options.use_direct_io_for_flush_and_compaction: 0
2019/10/17-14:55:04.824965 7fc3a9fcb700          Options.create_missing_column_families: 0
2019/10/17-14:55:04.824966 7fc3a9fcb700                              Options.db_log_dir: 
2019/10/17-14:55:04.824967 7fc3a9fcb700                                 Options.wal_dir: /home/rahul/dev/blockchain-core/eqc/ledger.db
2019/10/17-14:55:04.824967 7fc3a9fcb700                Options.table_cache_numshardbits: 6
2019/10/17-14:55:04.824968 7fc3a9fcb700                      Options.max_subcompactions: 1
2019/10/17-14:55:04.824969 7fc3a9fcb700                  Options.max_background_flushes: -1
2019/10/17-14:55:04.824969 7fc3a9fcb700                         Options.WAL_ttl_seconds: 0
2019/10/17-14:55:04.824970 7fc3a9fcb700                       Options.WAL_size_limit_MB: 0
2019/10/17-14:55:04.824971 7fc3a9fcb700             Options.manifest_preallocation_size: 4194304
2019/10/17-14:55:04.824971 7fc3a9fcb700                     Options.is_fd_close_on_exec: 1
2019/10/17-14:55:04.824972 7fc3a9fcb700                   Options.advise_random_on_open: 1
2019/10/17-14:55:04.824972 7fc3a9fcb700                    Options.db_write_buffer_size: 0
2019/10/17-14:55:04.824973 7fc3a9fcb700                    Options.write_buffer_manager: 0x7fc3500599c0
2019/10/17-14:55:04.824974 7fc3a9fcb700         Options.access_hint_on_compaction_start: 1
2019/10/17-14:55:04.824974 7fc3a9fcb700  Options.new_table_reader_for_compaction_inputs: 0
2019/10/17-14:55:04.824975 7fc3a9fcb700           Options.random_access_max_buffer_size: 1048576
2019/10/17-14:55:04.824976 7fc3a9fcb700                      Options.use_adaptive_mutex: 0
2019/10/17-14:55:04.824976 7fc3a9fcb700                            Options.rate_limiter: (nil)
2019/10/17-14:55:04.824984 7fc3a9fcb700     Options.sst_file_manager.rate_bytes_per_sec: 0
2019/10/17-14:55:04.824984 7fc3a9fcb700                       Options.wal_recovery_mode: 2
2019/10/17-14:55:04.824985 7fc3a9fcb700                  Options.enable_thread_tracking: 0
2019/10/17-14:55:04.824986 7fc3a9fcb700                  Options.enable_pipelined_write: 0
2019/10/17-14:55:04.824986 7fc3a9fcb700         Options.allow_concurrent_memtable_write: 1
2019/10/17-14:55:04.824987 7fc3a9fcb700      Options.enable_write_thread_adaptive_yield: 1
2019/10/17-14:55:04.824987 7fc3a9fcb700             Options.write_thread_max_yield_usec: 100
2019/10/17-14:55:04.824988 7fc3a9fcb700            Options.write_thread_slow_yield_usec: 3
2019/10/17-14:55:04.824989 7fc3a9fcb700                               Options.row_cache: None
2019/10/17-14:55:04.824989 7fc3a9fcb700                              Options.wal_filter: None
2019/10/17-14:55:04.824990 7fc3a9fcb700             Options.avoid_flush_during_recovery: 0
2019/10/17-14:55:04.824991 7fc3a9fcb700             Options.allow_ingest_behind: 0
2019/10/17-14:55:04.824991 7fc3a9fcb700             Options.preserve_deletes: 0
2019/10/17-14:55:04.824992 7fc3a9fcb700             Options.two_write_queues: 0
2019/10/17-14:55:04.824993 7fc3a9fcb700             Options.manual_wal_flush: 0
2019/10/17-14:55:04.824993 7fc3a9fcb700             Options.max_background_jobs: 2
2019/10/17-14:55:04.824994 7fc3a9fcb700             Options.max_background_compactions: -1
2019/10/17-14:55:04.824995 7fc3a9fcb700             Options.avoid_flush_during_shutdown: 0
2019/10/17-14:55:04.824995 7fc3a9fcb700           Options.writable_file_max_buffer_size: 1048576
2019/10/17-14:55:04.824996 7fc3a9fcb700             Options.delayed_write_rate : 16777216
2019/10/17-14:55:04.824997 7fc3a9fcb700             Options.max_total_wal_size: 0
2019/10/17-14:55:04.824997 7fc3a9fcb700             Options.delete_obsolete_files_period_micros: 21600000000
2019/10/17-14:55:04.824998 7fc3a9fcb700                   Options.stats_dump_period_sec: 600
2019/10/17-14:55:04.824998 7fc3a9fcb700                          Options.max_open_files: -1
2019/10/17-14:55:04.824999 7fc3a9fcb700                          Options.bytes_per_sync: 0
2019/10/17-14:55:04.825000 7fc3a9fcb700                      Options.wal_bytes_per_sync: 0
2019/10/17-14:55:04.825000 7fc3a9fcb700       Options.compaction_readahead_size: 0
2019/10/17-14:55:04.825001 7fc3a9fcb700 Compression algorithms supported:
2019/10/17-14:55:04.825002 7fc3a9fcb700 	kZSTDNotFinalCompression supported: 0
2019/10/17-14:55:04.825003 7fc3a9fcb700 	kZSTD supported: 0
2019/10/17-14:55:04.825004 7fc3a9fcb700 	kXpressCompression supported: 0
2019/10/17-14:55:04.825004 7fc3a9fcb700 	kLZ4HCCompression supported: 0
2019/10/17-14:55:04.825005 7fc3a9fcb700 	kLZ4Compression supported: 0
2019/10/17-14:55:04.825006 7fc3a9fcb700 	kBZip2Compression supported: 0
2019/10/17-14:55:04.825006 7fc3a9fcb700 	kZlibCompression supported: 0
2019/10/17-14:55:04.825007 7fc3a9fcb700 	kSnappyCompression supported: 0
2019/10/17-14:55:04.825008 7fc3a9fcb700 Fast CRC32 supported: Supported on x86
2019/10/17-14:55:04.825084 7fc3a9fcb700 [db/version_set.cc:3507] Recovering from manifest file: MANIFEST-116287
2019/10/17-14:55:04.825112 7fc3a9fcb700 [db/column_family.cc:472] --------------- Options for column family [default]:
2019/10/17-14:55:04.825113 7fc3a9fcb700               Options.comparator: leveldb.BytewiseComparator
2019/10/17-14:55:04.825114 7fc3a9fcb700           Options.merge_operator: None
2019/10/17-14:55:04.825115 7fc3a9fcb700        Options.compaction_filter: None
2019/10/17-14:55:04.825115 7fc3a9fcb700        Options.compaction_filter_factory: None
2019/10/17-14:55:04.825116 7fc3a9fcb700         Options.memtable_factory: SkipListFactory
2019/10/17-14:55:04.825117 7fc3a9fcb700            Options.table_factory: BlockBasedTable
2019/10/17-14:55:04.825128 7fc3a9fcb700            table_factory options:   flush_block_policy_factory: FlushBlockBySizePolicyFactory (0x7fc35008ad60)
  cache_index_and_filter_blocks: 0
  cache_index_and_filter_blocks_with_high_priority: 0
  pin_l0_filter_and_index_blocks_in_cache: 0
  pin_top_level_index_and_filter: 1
  index_type: 0
  hash_index_allow_collision: 1
  checksum: 1
  no_block_cache: 0
  block_cache: 0x7fc350019c40
  block_cache_name: LRUCache
  block_cache_options:
    capacity : 8388608
    num_shard_bits : 4
    strict_capacity_limit : 0
    memory_allocator : None
    high_pri_pool_ratio: 0.000
  block_cache_compressed: (nil)
  persistent_cache: (nil)
  block_size: 4096
  block_size_deviation: 10
  block_restart_interval: 16
  index_block_restart_interval: 1
  metadata_block_size: 4096
  partition_filters: 0
  use_delta_encoding: 1
  filter_policy: nullptr
  whole_key_filtering: 1
  verify_compression: 0
  read_amp_bytes_per_bit: 0
  format_version: 2
  enable_index_compression: 1
  block_align: 0
2019/10/17-14:55:04.825136 7fc3a9fcb700        Options.write_buffer_size: 67108864
2019/10/17-14:55:04.825136 7fc3a9fcb700  Options.max_write_buffer_number: 2
2019/10/17-14:55:04.825137 7fc3a9fcb700          Options.compression: NoCompression
2019/10/17-14:55:04.825138 7fc3a9fcb700                  Options.bottommost_compression: Disabled
2019/10/17-14:55:04.825139 7fc3a9fcb700       Options.prefix_extractor: nullptr
2019/10/17-14:55:04.825139 7fc3a9fcb700   Options.memtable_insert_with_hint_prefix_extractor: nullptr
2019/10/17-14:55:04.825140 7fc3a9fcb700             Options.num_levels: 7
2019/10/17-14:55:04.825141 7fc3a9fcb700        Options.min_write_buffer_number_to_merge: 1
2019/10/17-14:55:04.825141 7fc3a9fcb700     Options.max_write_buffer_number_to_maintain: 0
2019/10/17-14:55:04.825142 7fc3a9fcb700            Options.bottommost_compression_opts.window_bits: -14
2019/10/17-14:55:04.825143 7fc3a9fcb700                  Options.bottommost_compression_opts.level: 32767
2019/10/17-14:55:04.825143 7fc3a9fcb700               Options.bottommost_compression_opts.strategy: 0
2019/10/17-14:55:04.825144 7fc3a9fcb700         Options.bottommost_compression_opts.max_dict_bytes: 0
2019/10/17-14:55:04.825144 7fc3a9fcb700         Options.bottommost_compression_opts.zstd_max_train_bytes: 0
2019/10/17-14:55:04.825145 7fc3a9fcb700                  Options.bottommost_compression_opts.enabled: false
2019/10/17-14:55:04.825146 7fc3a9fcb700            Options.compression_opts.window_bits: -14
2019/10/17-14:55:04.825146 7fc3a9fcb700                  Options.compression_opts.level: 32767
2019/10/17-14:55:04.825147 7fc3a9fcb700               Options.compression_opts.strategy: 0
2019/10/17-14:55:04.825148 7fc3a9fcb700         Options.compression_opts.max_dict_bytes: 0
2019/10/17-14:55:04.825148 7fc3a9fcb700         Options.compression_opts.zstd_max_train_bytes: 0
2019/10/17-14:55:04.825149 7fc3a9fcb700                  Options.compression_opts.enabled: false
2019/10/17-14:55:04.825149 7fc3a9fcb700      Options.level0_file_num_compaction_trigger: 4
2019/10/17-14:55:04.825150 7fc3a9fcb700          Options.level0_slowdown_writes_trigger: 20
2019/10/17-14:55:04.825151 7fc3a9fcb700              Options.level0_stop_writes_trigger: 36
2019/10/17-14:55:04.825151 7fc3a9fcb700                   Options.target_file_size_base: 67108864
2019/10/17-14:55:04.825152 7fc3a9fcb700             Options.target_file_size_multiplier: 1
2019/10/17-14:55:04.825152 7fc3a9fcb700                Options.max_bytes_for_level_base: 268435456
2019/10/17-14:55:04.825153 7fc3a9fcb700 Options.level_compaction_dynamic_level_bytes: 0
2019/10/17-14:55:04.825154 7fc3a9fcb700          Options.max_bytes_for_level_multiplier: 10.000000
2019/10/17-14:55:04.825155 7fc3a9fcb700 Options.max_bytes_for_level_multiplier_addtl[0]: 1
2019/10/17-14:55:04.825156 7fc3a9fcb700 Options.max_bytes_for_level_multiplier_addtl[1]: 1
2019/10/17-14:55:04.825157 7fc3a9fcb700 Options.max_bytes_for_level_multiplier_addtl[2]: 1
2019/10/17-14:55:04.825157 7fc3a9fcb700 Options.max_bytes_for_level_multiplier_addtl[3]: 1
2019/10/17-14:55:04.825158 7fc3a9fcb700 Options.max_bytes_for_level_multiplier_addtl[4]: 1
2019/10/17-14:55:04.825162 7fc3a9fcb700 Options.max_bytes_for_level_multiplier_addtl[5]: 1
2019/10/17-14:55:04.825162 7fc3a9fcb700 Options.max_bytes_for_level_multiplier_addtl[6]: 1
2019/10/17-14:55:04.825163 7fc3a9fcb700       Options.max_sequential_skip_in_iterations: 8
2019/10/17-14:55:04.825164 7fc3a9fcb700                    Options.max_compaction_bytes: 1677721600
2019/10/17-14:55:04.825164 7fc3a9fcb700                        Options.arena_block_size: 8388608
2019/10/17-14:55:04.825165 7fc3a9fcb700   Options.soft_pending_compaction_bytes_limit: 68719476736
2019/10/17-14:55:04.825166 7fc3a9fcb700   Options.hard_pending_compaction_bytes_limit: 274877906944
2019/10/17-14:55:04.825166 7fc3a9fcb700       Options.rate_limit_delay_max_milliseconds: 100
2019/10/17-14:55:04.825167 7fc3a9fcb700                Options.disable_auto_compactions: 0
2019/10/17-14:55:04.825168 7fc3a9fcb700                        Options.compaction_style: kCompactionStyleLevel
2019/10/17-14:55:04.825169 7fc3a9fcb700                          Options.compaction_pri: kByCompensatedSize
2019/10/17-14:55:04.825170 7fc3a9fcb700 Options.compaction_options_universal.size_ratio: 1
2019/10/17-14:55:04.825170 7fc3a9fcb700 Options.compaction_options_universal.min_merge_width: 2
2019/10/17-14:55:04.825171 7fc3a9fcb700 Options.compaction_options_universal.max_merge_width: 4294967295
2019/10/17-14:55:04.825172 7fc3a9fcb700 Options.compaction_options_universal.max_size_amplification_percent: 200
2019/10/17-14:55:04.825172 7fc3a9fcb700 Options.compaction_options_universal.compression_size_percent: -1
2019/10/17-14:55:04.825173 7fc3a9fcb700 Options.compaction_options_universal.stop_style: kCompactionStopStyleTotalSize
2019/10/17-14:55:04.825174 7fc3a9fcb700 Options.compaction_options_fifo.max_table_files_size: 1073741824
2019/10/17-14:55:04.825175 7fc3a9fcb700 Options.compaction_options_fifo.allow_compaction: 0
2019/10/17-14:55:04.825175 7fc3a9fcb700 Options.compaction_options_fifo.ttl: 0
2019/10/17-14:55:04.825176 7fc3a9fcb700                   Options.table_properties_collectors: 
2019/10/17-14:55:04.825177 7fc3a9fcb700                   Options.inplace_update_support: 0
2019/10/17-14:55:04.825177 7fc3a9fcb700                 Options.inplace_update_num_locks: 10000
2019/10/17-14:55:04.825178 7fc3a9fcb700               Options.memtable_prefix_bloom_size_ratio: 0.000000
2019/10/17-14:55:04.825179 7fc3a9fcb700   Options.memtable_huge_page_size: 0
2019/10/17-14:55:04.825180 7fc3a9fcb700                           Options.bloom_locality: 0
2019/10/17-14:55:04.825180 7fc3a9fcb700                    Options.max_successive_merges: 0
2019/10/17-14:55:04.825181 7fc3a9fcb700                Options.optimize_filters_for_hits: 0
2019/10/17-14:55:04.825181 7fc3a9fcb700                Options.paranoid_file_checks: 0
2019/10/17-14:55:04.825182 7fc3a9fcb700                Options.force_consistency_checks: 0
2019/10/17-14:55:04.825183 7fc3a9fcb700                Options.report_bg_io_stats: 0
2019/10/17-14:55:04.825183 7fc3a9fcb700                               Options.ttl: 0
2019/10/17-14:55:04.825207 7fc3a9fcb700 [db/column_family.cc:472] --------------- Options for column family [active_gateways]:
2019/10/17-14:55:04.825208 7fc3a9fcb700               Options.comparator: leveldb.BytewiseComparator
2019/10/17-14:55:04.825209 7fc3a9fcb700           Options.merge_operator: None
2019/10/17-14:55:04.825210 7fc3a9fcb700        Options.compaction_filter: None
2019/10/17-14:55:04.825210 7fc3a9fcb700        Options.compaction_filter_factory: None
2019/10/17-14:55:04.825211 7fc3a9fcb700         Options.memtable_factory: SkipListFactory
2019/10/17-14:55:04.825212 7fc3a9fcb700            Options.table_factory: BlockBasedTable
2019/10/17-14:55:04.825220 7fc3a9fcb700            table_factory options:   flush_block_policy_factory: FlushBlockBySizePolicyFactory (0x7fc350106a60)
  cache_index_and_filter_blocks: 0
  cache_index_and_filter_blocks_with_high_priority: 0
  pin_l0_filter_and_index_blocks_in_cache: 0
  pin_top_level_index_and_filter: 1
  index_type: 0
  hash_index_allow_collision: 1
  checksum: 1
  no_block_cache: 0
  block_cache: 0x7fc350075cd0
  block_cache_name: LRUCache
  block_cache_options:
    capacity : 8388608
    num_shard_bits : 4
    strict_capacity_limit : 0
    memory_allocator : None
    high_pri_pool_ratio: 0.000
  block_cache_compressed: (nil)
  persistent_cache: (nil)
  block_size: 4096
  block_size_deviation: 10
  block_restart_interval: 16
  index_block_restart_interval: 1
  metadata_block_size: 4096
  partition_filters: 0
  use_delta_encoding: 1
  filter_policy: nullptr
  whole_key_filtering: 1
  verify_compression: 0
  read_amp_bytes_per_bit: 0
  format_version: 2
  enable_index_compression: 1
  block_align: 0
2019/10/17-14:55:04.825226 7fc3a9fcb700        Options.write_buffer_size: 67108864
2019/10/17-14:55:04.825227 7fc3a9fcb700  Options.max_write_buffer_number: 2
2019/10/17-14:55:04.825227 7fc3a9fcb700          Options.compression: NoCompression
2019/10/17-14:55:04.825228 7fc3a9fcb700                  Options.bottommost_compression: Disabled
2019/10/17-14:55:04.825229 7fc3a9fcb700       Options.prefix_extractor: nullptr
2019/10/17-14:55:04.825229 7fc3a9fcb700   Options.memtable_insert_with_hint_prefix_extractor: nullptr
2019/10/17-14:55:04.825230 7fc3a9fcb700             Options.num_levels: 7
2019/10/17-14:55:04.825230 7fc3a9fcb700        Options.min_write_buffer_number_to_merge: 1
2019/10/17-14:55:04.825231 7fc3a9fcb700     Options.max_write_buffer_number_to_maintain: 0
2019/10/17-14:55:04.825232 7fc3a9fcb700            Options.bottommost_compression_opts.window_bits: -14
2019/10/17-14:55:04.825232 7fc3a9fcb700                  Options.bottommost_compression_opts.level: 32767
2019/10/17-14:55:04.825233 7fc3a9fcb700               Options.bottommost_compression_opts.strategy: 0
2019/10/17-14:55:04.825234 7fc3a9fcb700         Options.bottommost_compression_opts.max_dict_bytes: 0
2019/10/17-14:55:04.825234 7fc3a9fcb700         Options.bottommost_compression_opts.zstd_max_train_bytes: 0
2019/10/17-14:55:04.825235 7fc3a9fcb700                  Options.bottommost_compression_opts.enabled: false
2019/10/17-14:55:04.825235 7fc3a9fcb700            Options.compression_opts.window_bits: -14
2019/10/17-14:55:04.825236 7fc3a9fcb700                  Options.compression_opts.level: 32767
2019/10/17-14:55:04.825237 7fc3a9fcb700               Options.compression_opts.strategy: 0
2019/10/17-14:55:04.825237 7fc3a9fcb700         Options.compression_opts.max_dict_bytes: 0
2019/10/17-14:55:04.825238 7fc3a9fcb700         Options.compression_opts.zstd_max_train_bytes: 0
2019/10/17-14:55:04.825239 7fc3a9fcb700                  Options.compression_opts.enabled: false
2019/10/17-14:55:04.825239 7fc3a9fcb700      Options.level0_file_num_compaction_trigger: 4
2019/10/17-14:55:04.825240 7fc3a9fcb700          Options.level0_slowdown_writes_trigger: 20
2019/10/17-14:55:04.825240 7fc3a9fcb700              Options.level0_stop_writes_trigger: 36
2019/10/17-14:55:04.825241 7fc3a9fcb700                   Options.target_file_size_base: 67108864
2019/10/17-14:55:04.825242 7fc3a9fcb700             Options.target_file_size_multiplier: 1
2019/10/17-14:55:04.825242 7fc3a9fcb700                Options.max_bytes_for_level_base: 268435456
2019/10/17-14:55:04.825243 7fc3a9fcb700 Options.level_compaction_dynamic_level_bytes: 0
2019/10/17-14:55:04.825243 7fc3a9fcb700          Options.max_bytes_for_level_multiplier: 10.000000
2019/10/17-14:55:04.825245 7fc3a9fcb700 Options.max_bytes_for_level_multiplier_addtl[0]: 1
2019/10/17-14:55:04.825245 7fc3a9fcb700 Options.max_bytes_for_level_multiplier_addtl[1]: 1
2019/10/17-14:55:04.825246 7fc3a9fcb700 Options.max_bytes_for_level_multiplier_addtl[2]: 1
2019/10/17-14:55:04.825247 7fc3a9fcb700 Options.max_bytes_for_level_multiplier_addtl[3]: 1
2019/10/17-14:55:04.825247 7fc3a9fcb700 Options.max_bytes_for_level_multiplier_addtl[4]: 1
2019/10/17-14:55:04.825248 7fc3a9fcb700 Options.max_bytes_for_level_multiplier_addtl[5]: 1
2019/10/17-14:55:04.825248 7fc3a9fcb700 Options.max_bytes_for_level_multiplier_addtl[6]: 1
2019/10/17-14:55:04.825249 7fc3a9fcb700       Options.max_sequential_skip_in_iterations: 8
2019/10/17-14:55:04.825253 7fc3a9fcb700                    Options.max_compaction_bytes: 1677721600
2019/10/17-14:55:04.825253 7fc3a9fcb700                        Options.arena_block_size: 8388608
2019/10/17-14:55:04.825254 7fc3a9fcb700   Options.soft_pending_compaction_bytes_limit: 68719476736
2019/10/17-14:55:04.825255 7fc3a9fcb700   Options.hard_pending_compaction_bytes_limit: 274877906944
2019/10/17-14:55:04.825255 7fc3a9fcb700       Options.rate_limit_delay_max_milliseconds: 100
2019/10/17-14:55:04.825256 7fc3a9fcb700                Options.disable_auto_compactions: 0
2019/10/17-14:55:04.825257 7fc3a9fcb700                        Options.compaction_style: kCompactionStyleLevel
2019/10/17-14:55:04.825257 7fc3a9fcb700                          Options.compaction_pri: kByCompensatedSize
2019/10/17-14:55:04.825258 7fc3a9fcb700 Options.compaction_options_universal.size_ratio: 1
2019/10/17-14:55:04.825259 7fc3a9fcb700 Options.compaction_options_universal.min_merge_width: 2
2019/10/17-14:55:04.825259 7fc3a9fcb700 Options.compaction_options_universal.max_merge_width: 4294967295
2019/10/17-14:55:04.825260 7fc3a9fcb700 Options.compaction_options_universal.max_size_amplification_percent: 200
2019/10/17-14:55:04.825261 7fc3a9fcb700 Options.compaction_options_universal.compression_size_percent: -1
2019/10/17-14:55:04.825261 7fc3a9fcb700 Options.compaction_options_universal.stop_style: kCompactionStopStyleTotalSize
2019/10/17-14:55:04.825262 7fc3a9fcb700 Options.compaction_options_fifo.max_table_files_size: 1073741824
2019/10/17-14:55:04.825263 7fc3a9fcb700 Options.compaction_options_fifo.allow_compaction: 0
2019/10/17-14:55:04.825263 7fc3a9fcb700 Options.compaction_options_fifo.ttl: 0
2019/10/17-14:55:04.825264 7fc3a9fcb700                   Options.table_properties_collectors: 
2019/10/17-14:55:04.825265 7fc3a9fcb700                   Options.inplace_update_support: 0
2019/10/17-14:55:04.825265 7fc3a9fcb700                 Options.inplace_update_num_locks: 10000
2019/10/17-14:55:04.825266 7fc3a9fcb700               Options.memtable_prefix_bloom_size_ratio: 0.000000
2019/10/17-14:55:04.825267 7fc3a9fcb700   Options.memtable_huge_page_size: 0
2019/10/17-14:55:04.825267 7fc3a9fcb700                           Options.bloom_locality: 0
2019/10/17-14:55:04.825268 7fc3a9fcb700                    Options.max_successive_merges: 0
2019/10/17-14:55:04.825269 7fc3a9fcb700                Options.optimize_filters_for_hits: 0
2019/10/17-14:55:04.825269 7fc3a9fcb700                Options.paranoid_file_checks: 0
2019/10/17-14:55:04.825270 7fc3a9fcb700                Options.force_consistency_checks: 0
2019/10/17-14:55:04.825270 7fc3a9fcb700                Options.report_bg_io_stats: 0
2019/10/17-14:55:04.825271 7fc3a9fcb700                               Options.ttl: 0
2019/10/17-14:55:04.825284 7fc3a9fcb700 [db/column_family.cc:472] --------------- Options for column family [entries]:
2019/10/17-14:55:04.825285 7fc3a9fcb700               Options.comparator: leveldb.BytewiseComparator
2019/10/17-14:55:04.825286 7fc3a9fcb700           Options.merge_operator: None
2019/10/17-14:55:04.825287 7fc3a9fcb700        Options.compaction_filter: None
2019/10/17-14:55:04.825287 7fc3a9fcb700        Options.compaction_filter_factory: None
2019/10/17-14:55:04.825288 7fc3a9fcb700         Options.memtable_factory: SkipListFactory
2019/10/17-14:55:04.825288 7fc3a9fcb700            Options.table_factory: BlockBasedTable
2019/10/17-14:55:04.825296 7fc3a9fcb700            table_factory options:   flush_block_policy_factory: FlushBlockBySizePolicyFactory (0x7fc3500764d0)
  cache_index_and_filter_blocks: 0
  cache_index_and_filter_blocks_with_high_priority: 0
  pin_l0_filter_and_index_blocks_in_cache: 0
  pin_top_level_index_and_filter: 1
  index_type: 0
  hash_index_allow_collision: 1
  checksum: 1
  no_block_cache: 0
  block_cache: 0x7fc35001fe40
  block_cache_name: LRUCache
  block_cache_options:
    capacity : 8388608
    num_shard_bits : 4
    strict_capacity_limit : 0
    memory_allocator : None
    high_pri_pool_ratio: 0.000
  block_cache_compressed: (nil)
  persistent_cache: (nil)
  block_size: 4096
  block_size_deviation: 10
  block_restart_interval: 16
  index_block_restart_interval: 1
  metadata_block_size: 4096
  partition_filters: 0
  use_delta_encoding: 1
  filter_policy: nullptr
  whole_key_filtering: 1
  verify_compression: 0
  read_amp_bytes_per_bit: 0
  format_version: 2
  enable_index_compression: 1
  block_align: 0
2019/10/17-14:55:04.825301 7fc3a9fcb700        Options.write_buffer_size: 67108864
2019/10/17-14:55:04.825302 7fc3a9fcb700  Options.max_write_buffer_number: 2
2019/10/17-14:55:04.825303 7fc3a9fcb700          Options.compression: NoCompression
2019/10/17-14:55:04.825303 7fc3a9fcb700                  Options.bottommost_compression: Disabled
2019/10/17-14:55:04.825304 7fc3a9fcb700       Options.prefix_extractor: nullptr
2019/10/17-14:55:04.825305 7fc3a9fcb700   Options.memtable_insert_with_hint_prefix_extractor: nullptr
2019/10/17-14:55:04.825305 7fc3a9fcb700             Options.num_levels: 7
2019/10/17-14:55:04.825306 7fc3a9fcb700        Options.min_write_buffer_number_to_merge: 1
2019/10/17-14:55:04.825306 7fc3a9fcb700     Options.max_write_buffer_number_to_maintain: 0
2019/10/17-14:55:04.825307 7fc3a9fcb700            Options.bottommost_compression_opts.window_bits: -14
2019/10/17-14:55:04.825308 7fc3a9fcb700                  Options.bottommost_compression_opts.level: 32767
2019/10/17-14:55:04.825308 7fc3a9fcb700               Options.bottommost_compression_opts.strategy: 0
2019/10/17-14:55:04.825309 7fc3a9fcb700         Options.bottommost_compression_opts.max_dict_bytes: 0
2019/10/17-14:55:04.825309 7fc3a9fcb700         Options.bottommost_compression_opts.zstd_max_train_bytes: 0
2019/10/17-14:55:04.825310 7fc3a9fcb700                  Options.bottommost_compression_opts.enabled: false
2019/10/17-14:55:04.825311 7fc3a9fcb700            Options.compression_opts.window_bits: -14
2019/10/17-14:55:04.825311 7fc3a9fcb700                  Options.compression_opts.level: 32767
2019/10/17-14:55:04.825312 7fc3a9fcb700               Options.compression_opts.strategy: 0
2019/10/17-14:55:04.825313 7fc3a9fcb700         Options.compression_opts.max_dict_bytes: 0
2019/10/17-14:55:04.825313 7fc3a9fcb700         Options.compression_opts.zstd_max_train_bytes: 0
2019/10/17-14:55:04.825314 7fc3a9fcb700                  Options.compression_opts.enabled: false
2019/10/17-14:55:04.825314 7fc3a9fcb700      Options.level0_file_num_compaction_trigger: 4
2019/10/17-14:55:04.825315 7fc3a9fcb700          Options.level0_slowdown_writes_trigger: 20
2019/10/17-14:55:04.825316 7fc3a9fcb700              Options.level0_stop_writes_trigger: 36
2019/10/17-14:55:04.825316 7fc3a9fcb700                   Options.target_file_size_base: 67108864
2019/10/17-14:55:04.825317 7fc3a9fcb700             Options.target_file_size_multiplier: 1
2019/10/17-14:55:04.825317 7fc3a9fcb700                Options.max_bytes_for_level_base: 268435456
2019/10/17-14:55:04.825318 7fc3a9fcb700 Options.level_compaction_dynamic_level_bytes: 0
2019/10/17-14:55:04.825319 7fc3a9fcb700          Options.max_bytes_for_level_multiplier: 10.000000
2019/10/17-14:55:04.825320 7fc3a9fcb700 Options.max_bytes_for_level_multiplier_addtl[0]: 1
2019/10/17-14:55:04.825320 7fc3a9fcb700 Options.max_bytes_for_level_multiplier_addtl[1]: 1
2019/10/17-14:55:04.825321 7fc3a9fcb700 Options.max_bytes_for_level_multiplier_addtl[2]: 1
2019/10/17-14:55:04.825322 7fc3a9fcb700 Options.max_bytes_for_level_multiplier_addtl[3]: 1
2019/10/17-14:55:04.825322 7fc3a9fcb700 Options.max_bytes_for_level_multiplier_addtl[4]: 1
2019/10/17-14:55:04.825323 7fc3a9fcb700 Options.max_bytes_for_level_multiplier_addtl[5]: 1
2019/10/17-14:55:04.825324 7fc3a9fcb700 Options.max_bytes_for_level_multiplier_addtl[6]: 1
2019/10/17-14:55:04.825324 7fc3a9fcb700       Options.max_sequential_skip_in_iterations: 8
2019/10/17-14:55:04.825325 7fc3a9fcb700                    Options.max_compaction_bytes: 1677721600
2019/10/17-14:55:04.825325 7fc3a9fcb700                        Options.arena_block_size: 8388608
2019/10/17-14:55:04.825326 7fc3a9fcb700   Options.soft_pending_compaction_bytes_limit: 68719476736
2019/10/17-14:55:04.825330 7fc3a9fcb700   Options.hard_pending_compaction_bytes_limit: 274877906944
2019/10/17-14:55:04.825330 7fc3a9fcb700       Options.rate_limit_delay_max_milliseconds: 100
2019/10/17-14:55:04.825331 7fc3a9fcb700                Options.disable_auto_compactions: 0
2019/10/17-14:55:04.825332 7fc3a9fcb700                        Options.compaction_style: kCompactionStyleLevel
2019/10/17-14:55:04.825333 7fc3a9fcb700                          Options.compaction_pri: kByCompensatedSize
2019/10/17-14:55:04.825333 7fc3a9fcb700 Options.compaction_options_universal.size_ratio: 1
2019/10/17-14:55:04.825334 7fc3a9fcb700 Options.compaction_options_universal.min_merge_width: 2
2019/10/17-14:55:04.825335 7fc3a9fcb700 Options.compaction_options_universal.max_merge_width: 4294967295
2019/10/17-14:55:04.825335 7fc3a9fcb700 Options.compaction_options_universal.max_size_amplification_percent: 200
2019/10/17-14:55:04.825336 7fc3a9fcb700 Options.compaction_options_universal.compression_size_percent: -1
2019/10/17-14:55:04.825337 7fc3a9fcb700 Options.compaction_options_universal.stop_style: kCompactionStopStyleTotalSize
2019/10/17-14:55:04.825337 7fc3a9fcb700 Options.compaction_options_fifo.max_table_files_size: 1073741824
2019/10/17-14:55:04.825338 7fc3a9fcb700 Options.compaction_options_fifo.allow_compaction: 0
2019/10/17-14:55:04.825338 7fc3a9fcb700 Options.compaction_options_fifo.ttl: 0
2019/10/17-14:55:04.825339 7fc3a9fcb700                   Options.table_properties_collectors: 
2019/10/17-14:55:04.825340 7fc3a9fcb700                   Options.inplace_update_support: 0
2019/10/17-14:55:04.825340 7fc3a9fcb700                 Options.inplace_update_num_locks: 10000
2019/10/17-14:55:04.825341 7fc3a9fcb700               Options.memtable_prefix_bloom_size_ratio: 0.000000
2019/10/17-14:55:04.825342 7fc3a9fcb700   Options.memtable_huge_page_size: 0
2019/10/17-14:55:04.825342 7fc3a9fcb700                           Options.bloom_locality: 0
2019/10/17-14:55:04.825343 7fc3a9fcb700                    Options.max_successive_merges: 0
2019/10/17-14:55:04.825344 7fc3a9fcb700                Options.optimize_filters_for_hits: 0
2019/10/17-14:55:04.825344 7fc3a9fcb700                Options.paranoid_file_checks: 0
2019/10/17-14:55:04.825345 7fc3a9fcb700                Options.force_consistency_checks: 0
2019/10/17-14:55:04.825345 7fc3a9fcb700                Options.report_bg_io_stats: 0
2019/10/17-14:55:04.825346 7fc3a9fcb700                               Options.ttl: 0
2019/10/17-14:55:04.825358 7fc3a9fcb700 [db/column_family.cc:472] --------------- Options for column family [dc_entries]:
2019/10/17-14:55:04.825359 7fc3a9fcb700               Options.comparator: leveldb.BytewiseComparator
2019/10/17-14:55:04.825360 7fc3a9fcb700           Options.merge_operator: None
2019/10/17-14:55:04.825361 7fc3a9fcb700        Options.compaction_filter: None
2019/10/17-14:55:04.825361 7fc3a9fcb700        Options.compaction_filter_factory: None
2019/10/17-14:55:04.825362 7fc3a9fcb700         Options.memtable_factory: SkipListFactory
2019/10/17-14:55:04.825363 7fc3a9fcb700            Options.table_factory: BlockBasedTable
2019/10/17-14:55:04.825370 7fc3a9fcb700            table_factory options:   flush_block_policy_factory: FlushBlockBySizePolicyFactory (0x7fc35007baf0)
  cache_index_and_filter_blocks: 0
  cache_index_and_filter_blocks_with_high_priority: 0
  pin_l0_filter_and_index_blocks_in_cache: 0
  pin_top_level_index_and_filter: 1
  index_type: 0
  hash_index_allow_collision: 1
  checksum: 1
  no_block_cache: 0
  block_cache: 0x7fc35003d0d0
  block_cache_name: LRUCache
  block_cache_options:
    capacity : 8388608
    num_shard_bits : 4
    strict_capacity_limit : 0
    memory_allocator : None
    high_pri_pool_ratio: 0.000
  block_cache_compressed: (nil)
  persistent_cache: (nil)
  block_size: 4096
  block_size_deviation: 10
  block_restart_interval: 16
  index_block_restart_interval: 1
  metadata_block_size: 4096
  partition_filters: 0
  use_delta_encoding: 1
  filter_policy: nullptr
  whole_key_filtering: 1
  verify_compression: 0
  read_amp_bytes_per_bit: 0
  format_version: 2
  enable_index_compression: 1
  block_align: 0
2019/10/17-14:55:04.825375 7fc3a9fcb700        Options.write_buffer_size: 67108864
2019/10/17-14:55:04.825376 7fc3a9fcb700  Options.max_write_buffer_number: 2
2019/10/17-14:55:04.825377 7fc3a9fcb700          Options.compression: NoCompression
2019/10/17-14:55:04.825377 7fc3a9fcb700                  Options.bottommost_compression: Disabled
2019/10/17-14:55:04.825378 7fc3a9fcb700       Options.prefix_extractor: nullptr
2019/10/17-14:55:04.825379 7fc3a9fcb700   Options.memtable_insert_with_hint_prefix_extractor: nullptr
2019/10/17-14:55:04.825379 7fc3a9fcb700             Options.num_levels: 7
2019/10/17-14:55:04.825380 7fc3a9fcb700        Options.min_write_buffer_number_to_merge: 1
2019/10/17-14:55:04.825381 7fc3a9fcb700     Options.max_write_buffer_number_to_maintain: 0
2019/10/17-14:55:04.825381 7fc3a9fcb700            Options.bottommost_compression_opts.window_bits: -14
2019/10/17-14:55:04.825382 7fc3a9fcb700                  Options.bottommost_compression_opts.level: 32767
2019/10/17-14:55:04.825382 7fc3a9fcb700               Options.bottommost_compression_opts.strategy: 0
2019/10/17-14:55:04.825383 7fc3a9fcb700         Options.bottommost_compression_opts.max_dict_bytes: 0
2019/10/17-14:55:04.825384 7fc3a9fcb700         Options.bottommost_compression_opts.zstd_max_train_bytes: 0
2019/10/17-14:55:04.825384 7fc3a9fcb700                  Options.bottommost_compression_opts.enabled: false
2019/10/17-14:55:04.825385 7fc3a9fcb700            Options.compression_opts.window_bits: -14
2019/10/17-14:55:04.825385 7fc3a9fcb700                  Options.compression_opts.level: 32767
2019/10/17-14:55:04.825386 7fc3a9fcb700               Options.compression_opts.strategy: 0
2019/10/17-14:55:04.825387 7fc3a9fcb700         Options.compression_opts.max_dict_bytes: 0
2019/10/17-14:55:04.825387 7fc3a9fcb700         Options.compression_opts.zstd_max_train_bytes: 0
2019/10/17-14:55:04.825388 7fc3a9fcb700                  Options.compression_opts.enabled: false
2019/10/17-14:55:04.825388 7fc3a9fcb700      Options.level0_file_num_compaction_trigger: 4
2019/10/17-14:55:04.825389 7fc3a9fcb700          Options.level0_slowdown_writes_trigger: 20
2019/10/17-14:55:04.825390 7fc3a9fcb700              Options.level0_stop_writes_trigger: 36
2019/10/17-14:55:04.825390 7fc3a9fcb700                   Options.target_file_size_base: 67108864
2019/10/17-14:55:04.825391 7fc3a9fcb700             Options.target_file_size_multiplier: 1
2019/10/17-14:55:04.825392 7fc3a9fcb700                Options.max_bytes_for_level_base: 268435456
2019/10/17-14:55:04.825392 7fc3a9fcb700 Options.level_compaction_dynamic_level_bytes: 0
2019/10/17-14:55:04.825393 7fc3a9fcb700          Options.max_bytes_for_level_multiplier: 10.000000
2019/10/17-14:55:04.825394 7fc3a9fcb700 Options.max_bytes_for_level_multiplier_addtl[0]: 1
2019/10/17-14:55:04.825394 7fc3a9fcb700 Options.max_bytes_for_level_multiplier_addtl[1]: 1
2019/10/17-14:55:04.825395 7fc3a9fcb700 Options.max_bytes_for_level_multiplier_addtl[2]: 1
2019/10/17-14:55:04.825396 7fc3a9fcb700 Options.max_bytes_for_level_multiplier_addtl[3]: 1
2019/10/17-14:55:04.825396 7fc3a9fcb700 Options.max_bytes_for_level_multiplier_addtl[4]: 1
2019/10/17-14:55:04.825397 7fc3a9fcb700 Options.max_bytes_for_level_multiplier_addtl[5]: 1
2019/10/17-14:55:04.825398 7fc3a9fcb700 Options.max_bytes_for_level_multiplier_addtl[6]: 1
2019/10/17-14:55:04.825398 7fc3a9fcb700       Options.max_sequential_skip_in_iterations: 8
2019/10/17-14:55:04.825399 7fc3a9fcb700                    Options.max_compaction_bytes: 1677721600
2019/10/17-14:55:04.825399 7fc3a9fcb700                        Options.arena_block_size: 8388608
2019/10/17-14:55:04.825400 7fc3a9fcb700   Options.soft_pending_compaction_bytes_limit: 68719476736
2019/10/17-14:55:04.825401 7fc3a9fcb700   Options.hard_pending_compaction_bytes_limit: 274877906944
2019/10/17-14:55:04.825401 7fc3a9fcb700       Options.rate_limit_delay_max_milliseconds: 100
2019/10/17-14:55:04.825402 7fc3a9fcb700                Options.disable_auto_compactions: 0
2019/10/17-14:55:04.825406 7fc3a9fcb700                        Options.compaction_style: kCompactionStyleLevel
2019/10/17-14:55:04.825407 7fc3a9fcb700                          Options.compaction_pri: kByCompensatedSize
2019/10/17-14:55:04.825407 7fc3a9fcb700 Options.compaction_options_universal.size_ratio: 1
2019/10/17-14:55:04.825408 7fc3a9fcb700 Options.compaction_options_universal.min_merge_width: 2
2019/10/17-14:55:04.825408 7fc3a9fcb700 Options.compaction_options_universal.max_merge_width: 4294967295
2019/10/17-14:55:04.825409 7fc3a9fcb700 Options.compaction_options_universal.max_size_amplification_percent: 200
2019/10/17-14:55:04.825410 7fc3a9fcb700 Options.compaction_options_universal.compression_size_percent: -1
2019/10/17-14:55:04.825410 7fc3a9fcb700 Options.compaction_options_universal.stop_style: kCompactionStopStyleTotalSize
2019/10/17-14:55:04.825411 7fc3a9fcb700 Options.compaction_options_fifo.max_table_files_size: 1073741824
2019/10/17-14:55:04.825412 7fc3a9fcb700 Options.compaction_options_fifo.allow_compaction: 0
2019/10/17-14:55:04.825412 7fc3a9fcb700 Options.compaction_options_fifo.ttl: 0
2019/10/17-14:55:04.825413 7fc3a9fcb700                   Options.table_properties_collectors: 
2019/10/17-14:55:04.825414 7fc3a9fcb700                   Options.inplace_update_support: 0
2019/10/17-14:55:04.825414 7fc3a9fcb700                 Options.inplace_update_num_locks: 10000
2019/10/17-14:55:04.825415 7fc3a9fcb700               Options.memtable_prefix_bloom_size_ratio: 0.000000
2019/10/17-14:55:04.825416 7fc3a9fcb700   Options.memtable_huge_page_size: 0
2019/10/17-14:55:04.825416 7fc3a9fcb700                           Options.bloom_locality: 0
2019/10/17-14:55:04.825417 7fc3a9fcb700                    Options.max_successive_merges: 0
2019/10/17-14:55:04.825418 7fc3a9fcb700                Options.optimize_filters_for_hits: 0
2019/10/17-14:55:04.825418 7fc3a9fcb700                Options.paranoid_file_checks: 0
2019/10/17-14:55:04.825419 7fc3a9fcb700                Options.force_consistency_checks: 0
2019/10/17-14:55:04.825419 7fc3a9fcb700                Options.report_bg_io_stats: 0
2019/10/17-14:55:04.825420 7fc3a9fcb700                               Options.ttl: 0
2019/10/17-14:55:04.825429 7fc3a9fcb700 [db/column_family.cc:472] --------------- Options for column family [htlcs]:
2019/10/17-14:55:04.825430 7fc3a9fcb700               Options.comparator: leveldb.BytewiseComparator
2019/10/17-14:55:04.825431 7fc3a9fcb700           Options.merge_operator: None
2019/10/17-14:55:04.825432 7fc3a9fcb700        Options.compaction_filter: None
2019/10/17-14:55:04.825432 7fc3a9fcb700        Options.compaction_filter_factory: None
2019/10/17-14:55:04.825433 7fc3a9fcb700         Options.memtable_factory: SkipListFactory
2019/10/17-14:55:04.825434 7fc3a9fcb700            Options.table_factory: BlockBasedTable
2019/10/17-14:55:04.825441 7fc3a9fcb700            table_factory options:   flush_block_policy_factory: FlushBlockBySizePolicyFactory (0x7fc3500898c0)
