2019/10/17-14:55:04.532616 7fc3a9fcb700 RocksDB version: 5.18.3
2019/10/17-14:55:04.532646 7fc3a9fcb700 Git sha rocksdb_build_git_sha:@0@
2019/10/17-14:55:04.532648 7fc3a9fcb700 Compile date Sep 19 2019
2019/10/17-14:55:04.532649 7fc3a9fcb700 DB SUMMARY
2019/10/17-14:55:04.533403 7fc3a9fcb700 CURRENT file:  CURRENT
2019/10/17-14:55:04.533406 7fc3a9fcb700 IDENTITY file:  IDENTITY
2019/10/17-14:55:04.533445 7fc3a9fcb700 MANIFEST file:  MANIFEST-116275 size: 4114 Bytes
2019/10/17-14:55:04.533448 7fc3a9fcb700 SST files in /home/rahul/dev/blockchain-core/eqc/ledger.db dir, Total Num: 29, files: 000624.sst 000627.sst 106940.sst 108447.sst 108450.sst 109471.sst 109483.sst 109485.sst 109486.sst 
2019/10/17-14:55:04.533449 7fc3a9fcb700 Write Ahead Log file in /home/rahul/dev/blockchain-core/eqc/ledger.db: 116276.log size: 0 ; 
2019/10/17-14:55:04.533487 7fc3a9fcb700                         Options.error_if_exists: 0
2019/10/17-14:55:04.533489 7fc3a9fcb700                       Options.create_if_missing: 1
2019/10/17-14:55:04.533490 7fc3a9fcb700                         Options.paranoid_checks: 1
2019/10/17-14:55:04.533491 7fc3a9fcb700                                     Options.env: 0x7fc32ae1fc60
2019/10/17-14:55:04.533492 7fc3a9fcb700                                Options.info_log: 0x7fc3500e37d0
2019/10/17-14:55:04.533493 7fc3a9fcb700                Options.max_file_opening_threads: 16
2019/10/17-14:55:04.533494 7fc3a9fcb700                              Options.statistics: (nil)
2019/10/17-14:55:04.533495 7fc3a9fcb700                               Options.use_fsync: 0
2019/10/17-14:55:04.533496 7fc3a9fcb700                       Options.max_log_file_size: 0
2019/10/17-14:55:04.533496 7fc3a9fcb700                  Options.max_manifest_file_size: 1073741824
2019/10/17-14:55:04.533497 7fc3a9fcb700                   Options.log_file_time_to_roll: 0
2019/10/17-14:55:04.533498 7fc3a9fcb700                       Options.keep_log_file_num: 1000
2019/10/17-14:55:04.533499 7fc3a9fcb700                    Options.recycle_log_file_num: 0
2019/10/17-14:55:04.533500 7fc3a9fcb700                         Options.allow_fallocate: 1
2019/10/17-14:55:04.533501 7fc3a9fcb700                        Options.allow_mmap_reads: 0
2019/10/17-14:55:04.533502 7fc3a9fcb700                       Options.allow_mmap_writes: 0
2019/10/17-14:55:04.533503 7fc3a9fcb700                        Options.use_direct_reads: 0
2019/10/17-14:55:04.533504 7fc3a9fcb700                        Options.use_direct_io_for_flush_and_compaction: 0
2019/10/17-14:55:04.533505 7fc3a9fcb700          Options.create_missing_column_families: 0
2019/10/17-14:55:04.533506 7fc3a9fcb700                              Options.db_log_dir: 
2019/10/17-14:55:04.533507 7fc3a9fcb700                                 Options.wal_dir: /home/rahul/dev/blockchain-core/eqc/ledger.db
2019/10/17-14:55:04.533508 7fc3a9fcb700                Options.table_cache_numshardbits: 6
2019/10/17-14:55:04.533509 7fc3a9fcb700                      Options.max_subcompactions: 1
2019/10/17-14:55:04.533510 7fc3a9fcb700                  Options.max_background_flushes: -1
2019/10/17-14:55:04.533511 7fc3a9fcb700                         Options.WAL_ttl_seconds: 0
2019/10/17-14:55:04.533512 7fc3a9fcb700                       Options.WAL_size_limit_MB: 0
2019/10/17-14:55:04.533513 7fc3a9fcb700             Options.manifest_preallocation_size: 4194304
2019/10/17-14:55:04.533514 7fc3a9fcb700                     Options.is_fd_close_on_exec: 1
2019/10/17-14:55:04.533515 7fc3a9fcb700                   Options.advise_random_on_open: 1
2019/10/17-14:55:04.533516 7fc3a9fcb700                    Options.db_write_buffer_size: 0
2019/10/17-14:55:04.533517 7fc3a9fcb700                    Options.write_buffer_manager: 0x7fc350043ac0
2019/10/17-14:55:04.533518 7fc3a9fcb700         Options.access_hint_on_compaction_start: 1
2019/10/17-14:55:04.533519 7fc3a9fcb700  Options.new_table_reader_for_compaction_inputs: 0
2019/10/17-14:55:04.533520 7fc3a9fcb700           Options.random_access_max_buffer_size: 1048576
2019/10/17-14:55:04.533521 7fc3a9fcb700                      Options.use_adaptive_mutex: 0
2019/10/17-14:55:04.533522 7fc3a9fcb700                            Options.rate_limiter: (nil)
2019/10/17-14:55:04.533532 7fc3a9fcb700     Options.sst_file_manager.rate_bytes_per_sec: 0
2019/10/17-14:55:04.533533 7fc3a9fcb700                       Options.wal_recovery_mode: 2
2019/10/17-14:55:04.533534 7fc3a9fcb700                  Options.enable_thread_tracking: 0
2019/10/17-14:55:04.533535 7fc3a9fcb700                  Options.enable_pipelined_write: 0
2019/10/17-14:55:04.533536 7fc3a9fcb700         Options.allow_concurrent_memtable_write: 1
2019/10/17-14:55:04.533537 7fc3a9fcb700      Options.enable_write_thread_adaptive_yield: 1
2019/10/17-14:55:04.533538 7fc3a9fcb700             Options.write_thread_max_yield_usec: 100
2019/10/17-14:55:04.533539 7fc3a9fcb700            Options.write_thread_slow_yield_usec: 3
2019/10/17-14:55:04.533540 7fc3a9fcb700                               Options.row_cache: None
2019/10/17-14:55:04.533542 7fc3a9fcb700                              Options.wal_filter: None
2019/10/17-14:55:04.533543 7fc3a9fcb700             Options.avoid_flush_during_recovery: 0
2019/10/17-14:55:04.533544 7fc3a9fcb700             Options.allow_ingest_behind: 0
2019/10/17-14:55:04.533545 7fc3a9fcb700             Options.preserve_deletes: 0
2019/10/17-14:55:04.533546 7fc3a9fcb700             Options.two_write_queues: 0
2019/10/17-14:55:04.533546 7fc3a9fcb700             Options.manual_wal_flush: 0
2019/10/17-14:55:04.533548 7fc3a9fcb700             Options.max_background_jobs: 2
2019/10/17-14:55:04.533549 7fc3a9fcb700             Options.max_background_compactions: -1
2019/10/17-14:55:04.533550 7fc3a9fcb700             Options.avoid_flush_during_shutdown: 0
2019/10/17-14:55:04.533551 7fc3a9fcb700           Options.writable_file_max_buffer_size: 1048576
2019/10/17-14:55:04.533551 7fc3a9fcb700             Options.delayed_write_rate : 16777216
2019/10/17-14:55:04.533552 7fc3a9fcb700             Options.max_total_wal_size: 0
2019/10/17-14:55:04.533553 7fc3a9fcb700             Options.delete_obsolete_files_period_micros: 21600000000
2019/10/17-14:55:04.533554 7fc3a9fcb700                   Options.stats_dump_period_sec: 600
2019/10/17-14:55:04.533555 7fc3a9fcb700                          Options.max_open_files: -1
2019/10/17-14:55:04.533556 7fc3a9fcb700                          Options.bytes_per_sync: 0
2019/10/17-14:55:04.533557 7fc3a9fcb700                      Options.wal_bytes_per_sync: 0
2019/10/17-14:55:04.533558 7fc3a9fcb700       Options.compaction_readahead_size: 0
2019/10/17-14:55:04.533559 7fc3a9fcb700 Compression algorithms supported:
2019/10/17-14:55:04.533560 7fc3a9fcb700 	kZSTDNotFinalCompression supported: 0
2019/10/17-14:55:04.533562 7fc3a9fcb700 	kZSTD supported: 0
2019/10/17-14:55:04.533563 7fc3a9fcb700 	kXpressCompression supported: 0
2019/10/17-14:55:04.533564 7fc3a9fcb700 	kLZ4HCCompression supported: 0
2019/10/17-14:55:04.533565 7fc3a9fcb700 	kLZ4Compression supported: 0
2019/10/17-14:55:04.533566 7fc3a9fcb700 	kBZip2Compression supported: 0
2019/10/17-14:55:04.533567 7fc3a9fcb700 	kZlibCompression supported: 0
2019/10/17-14:55:04.533568 7fc3a9fcb700 	kSnappyCompression supported: 0
2019/10/17-14:55:04.533570 7fc3a9fcb700 Fast CRC32 supported: Supported on x86
2019/10/17-14:55:04.533676 7fc3a9fcb700 [db/version_set.cc:3507] Recovering from manifest file: MANIFEST-116275
2019/10/17-14:55:04.533715 7fc3a9fcb700 [db/column_family.cc:472] --------------- Options for column family [default]:
2019/10/17-14:55:04.533718 7fc3a9fcb700               Options.comparator: leveldb.BytewiseComparator
2019/10/17-14:55:04.533719 7fc3a9fcb700           Options.merge_operator: None
2019/10/17-14:55:04.533720 7fc3a9fcb700        Options.compaction_filter: None
2019/10/17-14:55:04.533722 7fc3a9fcb700        Options.compaction_filter_factory: None
2019/10/17-14:55:04.533723 7fc3a9fcb700         Options.memtable_factory: SkipListFactory
2019/10/17-14:55:04.533724 7fc3a9fcb700            Options.table_factory: BlockBasedTable
2019/10/17-14:55:04.533742 7fc3a9fcb700            table_factory options:   flush_block_policy_factory: FlushBlockBySizePolicyFactory (0x7fc350020910)
  cache_index_and_filter_blocks: 0
  cache_index_and_filter_blocks_with_high_priority: 0
  pin_l0_filter_and_index_blocks_in_cache: 0
  pin_top_level_index_and_filter: 1
  index_type: 0
  hash_index_allow_collision: 1
  checksum: 1
  no_block_cache: 0
  block_cache: 0x7fc3500ac8b0
  block_cache_name: LRUCache
  block_cache_options:
    capacity : 8388608
    num_shard_bits : 4
    strict_capacity_limit : 0
    memory_allocator : None
    high_pri_pool_ratio: 0.000
  block_cache_compressed: (nil)
  persistent_cache: (nil)
  block_size: 4096
  block_size_deviation: 10
  block_restart_interval: 16
  index_block_restart_interval: 1
  metadata_block_size: 4096
  partition_filters: 0
  use_delta_encoding: 1
  filter_policy: nullptr
  whole_key_filtering: 1
  verify_compression: 0
  read_amp_bytes_per_bit: 0
  format_version: 2
  enable_index_compression: 1
  block_align: 0
2019/10/17-14:55:04.533752 7fc3a9fcb700        Options.write_buffer_size: 67108864
2019/10/17-14:55:04.533753 7fc3a9fcb700  Options.max_write_buffer_number: 2
2019/10/17-14:55:04.533755 7fc3a9fcb700          Options.compression: NoCompression
2019/10/17-14:55:04.533756 7fc3a9fcb700                  Options.bottommost_compression: Disabled
2019/10/17-14:55:04.533757 7fc3a9fcb700       Options.prefix_extractor: nullptr
2019/10/17-14:55:04.533758 7fc3a9fcb700   Options.memtable_insert_with_hint_prefix_extractor: nullptr
2019/10/17-14:55:04.533759 7fc3a9fcb700             Options.num_levels: 7
2019/10/17-14:55:04.533761 7fc3a9fcb700        Options.min_write_buffer_number_to_merge: 1
2019/10/17-14:55:04.533762 7fc3a9fcb700     Options.max_write_buffer_number_to_maintain: 0
2019/10/17-14:55:04.533763 7fc3a9fcb700            Options.bottommost_compression_opts.window_bits: -14
2019/10/17-14:55:04.533764 7fc3a9fcb700                  Options.bottommost_compression_opts.level: 32767
2019/10/17-14:55:04.533765 7fc3a9fcb700               Options.bottommost_compression_opts.strategy: 0
2019/10/17-14:55:04.533767 7fc3a9fcb700         Options.bottommost_compression_opts.max_dict_bytes: 0
2019/10/17-14:55:04.533768 7fc3a9fcb700         Options.bottommost_compression_opts.zstd_max_train_bytes: 0
2019/10/17-14:55:04.533769 7fc3a9fcb700                  Options.bottommost_compression_opts.enabled: false
2019/10/17-14:55:04.533770 7fc3a9fcb700            Options.compression_opts.window_bits: -14
2019/10/17-14:55:04.533771 7fc3a9fcb700                  Options.compression_opts.level: 32767
2019/10/17-14:55:04.533772 7fc3a9fcb700               Options.compression_opts.strategy: 0
2019/10/17-14:55:04.533774 7fc3a9fcb700         Options.compression_opts.max_dict_bytes: 0
2019/10/17-14:55:04.533775 7fc3a9fcb700         Options.compression_opts.zstd_max_train_bytes: 0
2019/10/17-14:55:04.533776 7fc3a9fcb700                  Options.compression_opts.enabled: false
2019/10/17-14:55:04.533777 7fc3a9fcb700      Options.level0_file_num_compaction_trigger: 4
2019/10/17-14:55:04.533778 7fc3a9fcb700          Options.level0_slowdown_writes_trigger: 20
2019/10/17-14:55:04.533779 7fc3a9fcb700              Options.level0_stop_writes_trigger: 36
2019/10/17-14:55:04.533780 7fc3a9fcb700                   Options.target_file_size_base: 67108864
2019/10/17-14:55:04.533782 7fc3a9fcb700             Options.target_file_size_multiplier: 1
2019/10/17-14:55:04.533783 7fc3a9fcb700                Options.max_bytes_for_level_base: 268435456
2019/10/17-14:55:04.533784 7fc3a9fcb700 Options.level_compaction_dynamic_level_bytes: 0
2019/10/17-14:55:04.533785 7fc3a9fcb700          Options.max_bytes_for_level_multiplier: 10.000000
2019/10/17-14:55:04.533788 7fc3a9fcb700 Options.max_bytes_for_level_multiplier_addtl[0]: 1
2019/10/17-14:55:04.533789 7fc3a9fcb700 Options.max_bytes_for_level_multiplier_addtl[1]: 1
2019/10/17-14:55:04.533790 7fc3a9fcb700 Options.max_bytes_for_level_multiplier_addtl[2]: 1
2019/10/17-14:55:04.533792 7fc3a9fcb700 Options.max_bytes_for_level_multiplier_addtl[3]: 1
2019/10/17-14:55:04.533793 7fc3a9fcb700 Options.max_bytes_for_level_multiplier_addtl[4]: 1
2019/10/17-14:55:04.533799 7fc3a9fcb700 Options.max_bytes_for_level_multiplier_addtl[5]: 1
2019/10/17-14:55:04.533800 7fc3a9fcb700 Options.max_bytes_for_level_multiplier_addtl[6]: 1
2019/10/17-14:55:04.533801 7fc3a9fcb700       Options.max_sequential_skip_in_iterations: 8
2019/10/17-14:55:04.533802 7fc3a9fcb700                    Options.max_compaction_bytes: 1677721600
2019/10/17-14:55:04.533804 7fc3a9fcb700                        Options.arena_block_size: 8388608
2019/10/17-14:55:04.533805 7fc3a9fcb700   Options.soft_pending_compaction_bytes_limit: 68719476736
2019/10/17-14:55:04.533806 7fc3a9fcb700   Options.hard_pending_compaction_bytes_limit: 274877906944
2019/10/17-14:55:04.533807 7fc3a9fcb700       Options.rate_limit_delay_max_milliseconds: 100
2019/10/17-14:55:04.533808 7fc3a9fcb700                Options.disable_auto_compactions: 0
2019/10/17-14:55:04.533810 7fc3a9fcb700                        Options.compaction_style: kCompactionStyleLevel
2019/10/17-14:55:04.533812 7fc3a9fcb700                          Options.compaction_pri: kByCompensatedSize
2019/10/17-14:55:04.533813 7fc3a9fcb700 Options.compaction_options_universal.size_ratio: 1
2019/10/17-14:55:04.533814 7fc3a9fcb700 Options.compaction_options_universal.min_merge_width: 2
2019/10/17-14:55:04.533815 7fc3a9fcb700 Options.compaction_options_universal.max_merge_width: 4294967295
2019/10/17-14:55:04.533817 7fc3a9fcb700 Options.compaction_options_universal.max_size_amplification_percent: 200
2019/10/17-14:55:04.533818 7fc3a9fcb700 Options.compaction_options_universal.compression_size_percent: -1
2019/10/17-14:55:04.533820 7fc3a9fcb700 Options.compaction_options_universal.stop_style: kCompactionStopStyleTotalSize
2019/10/17-14:55:04.533821 7fc3a9fcb700 Options.compaction_options_fifo.max_table_files_size: 1073741824
2019/10/17-14:55:04.533822 7fc3a9fcb700 Options.compaction_options_fifo.allow_compaction: 0
2019/10/17-14:55:04.533823 7fc3a9fcb700 Options.compaction_options_fifo.ttl: 0
2019/10/17-14:55:04.533824 7fc3a9fcb700                   Options.table_properties_collectors: 
2019/10/17-14:55:04.533826 7fc3a9fcb700                   Options.inplace_update_support: 0
2019/10/17-14:55:04.533827 7fc3a9fcb700                 Options.inplace_update_num_locks: 10000
2019/10/17-14:55:04.533828 7fc3a9fcb700               Options.memtable_prefix_bloom_size_ratio: 0.000000
2019/10/17-14:55:04.533830 7fc3a9fcb700   Options.memtable_huge_page_size: 0
2019/10/17-14:55:04.533831 7fc3a9fcb700                           Options.bloom_locality: 0
2019/10/17-14:55:04.533832 7fc3a9fcb700                    Options.max_successive_merges: 0
2019/10/17-14:55:04.533833 7fc3a9fcb700                Options.optimize_filters_for_hits: 0
2019/10/17-14:55:04.533835 7fc3a9fcb700                Options.paranoid_file_checks: 0
2019/10/17-14:55:04.533836 7fc3a9fcb700                Options.force_consistency_checks: 0
2019/10/17-14:55:04.533837 7fc3a9fcb700                Options.report_bg_io_stats: 0
2019/10/17-14:55:04.533838 7fc3a9fcb700                               Options.ttl: 0
2019/10/17-14:55:04.533893 7fc3a9fcb700 [db/column_family.cc:472] --------------- Options for column family [active_gateways]:
2019/10/17-14:55:04.533895 7fc3a9fcb700               Options.comparator: leveldb.BytewiseComparator
2019/10/17-14:55:04.533896 7fc3a9fcb700           Options.merge_operator: None
2019/10/17-14:55:04.533898 7fc3a9fcb700        Options.compaction_filter: None
2019/10/17-14:55:04.533899 7fc3a9fcb700        Options.compaction_filter_factory: None
2019/10/17-14:55:04.533900 7fc3a9fcb700         Options.memtable_factory: SkipListFactory
2019/10/17-14:55:04.533901 7fc3a9fcb700            Options.table_factory: BlockBasedTable
2019/10/17-14:55:04.533917 7fc3a9fcb700            table_factory options:   flush_block_policy_factory: FlushBlockBySizePolicyFactory (0x7fc350000c50)
  cache_index_and_filter_blocks: 0
  cache_index_and_filter_blocks_with_high_priority: 0
  pin_l0_filter_and_index_blocks_in_cache: 0
  pin_top_level_index_and_filter: 1
  index_type: 0
  hash_index_allow_collision: 1
  checksum: 1
  no_block_cache: 0
  block_cache: 0x7fc3501031a0
  block_cache_name: LRUCache
  block_cache_options:
    capacity : 8388608
    num_shard_bits : 4
    strict_capacity_limit : 0
    memory_allocator : None
    high_pri_pool_ratio: 0.000
  block_cache_compressed: (nil)
  persistent_cache: (nil)
  block_size: 4096
  block_size_deviation: 10
  block_restart_interval: 16
  index_block_restart_interval: 1
  metadata_block_size: 4096
  partition_filters: 0
  use_delta_encoding: 1
  filter_policy: nullptr
  whole_key_filtering: 1
  verify_compression: 0
  read_amp_bytes_per_bit: 0
  format_version: 2
  enable_index_compression: 1
  block_align: 0
2019/10/17-14:55:04.533926 7fc3a9fcb700        Options.write_buffer_size: 67108864
2019/10/17-14:55:04.533927 7fc3a9fcb700  Options.max_write_buffer_number: 2
2019/10/17-14:55:04.533929 7fc3a9fcb700          Options.compression: NoCompression
2019/10/17-14:55:04.533930 7fc3a9fcb700                  Options.bottommost_compression: Disabled
2019/10/17-14:55:04.533931 7fc3a9fcb700       Options.prefix_extractor: nullptr
2019/10/17-14:55:04.533932 7fc3a9fcb700   Options.memtable_insert_with_hint_prefix_extractor: nullptr
2019/10/17-14:55:04.533933 7fc3a9fcb700             Options.num_levels: 7
2019/10/17-14:55:04.533934 7fc3a9fcb700        Options.min_write_buffer_number_to_merge: 1
2019/10/17-14:55:04.533936 7fc3a9fcb700     Options.max_write_buffer_number_to_maintain: 0
2019/10/17-14:55:04.533937 7fc3a9fcb700            Options.bottommost_compression_opts.window_bits: -14
2019/10/17-14:55:04.533938 7fc3a9fcb700                  Options.bottommost_compression_opts.level: 32767
2019/10/17-14:55:04.533939 7fc3a9fcb700               Options.bottommost_compression_opts.strategy: 0
2019/10/17-14:55:04.533940 7fc3a9fcb700         Options.bottommost_compression_opts.max_dict_bytes: 0
2019/10/17-14:55:04.533942 7fc3a9fcb700         Options.bottommost_compression_opts.zstd_max_train_bytes: 0
2019/10/17-14:55:04.533943 7fc3a9fcb700                  Options.bottommost_compression_opts.enabled: false
2019/10/17-14:55:04.533944 7fc3a9fcb700            Options.compression_opts.window_bits: -14
2019/10/17-14:55:04.533945 7fc3a9fcb700                  Options.compression_opts.level: 32767
2019/10/17-14:55:04.533947 7fc3a9fcb700               Options.compression_opts.strategy: 0
2019/10/17-14:55:04.533948 7fc3a9fcb700         Options.compression_opts.max_dict_bytes: 0
2019/10/17-14:55:04.533949 7fc3a9fcb700         Options.compression_opts.zstd_max_train_bytes: 0
2019/10/17-14:55:04.533950 7fc3a9fcb700                  Options.compression_opts.enabled: false
2019/10/17-14:55:04.533951 7fc3a9fcb700      Options.level0_file_num_compaction_trigger: 4
2019/10/17-14:55:04.533953 7fc3a9fcb700          Options.level0_slowdown_writes_trigger: 20
2019/10/17-14:55:04.533954 7fc3a9fcb700              Options.level0_stop_writes_trigger: 36
2019/10/17-14:55:04.533955 7fc3a9fcb700                   Options.target_file_size_base: 67108864
2019/10/17-14:55:04.533956 7fc3a9fcb700             Options.target_file_size_multiplier: 1
2019/10/17-14:55:04.533957 7fc3a9fcb700                Options.max_bytes_for_level_base: 268435456
2019/10/17-14:55:04.533959 7fc3a9fcb700 Options.level_compaction_dynamic_level_bytes: 0
2019/10/17-14:55:04.533960 7fc3a9fcb700          Options.max_bytes_for_level_multiplier: 10.000000
2019/10/17-14:55:04.533962 7fc3a9fcb700 Options.max_bytes_for_level_multiplier_addtl[0]: 1
2019/10/17-14:55:04.533963 7fc3a9fcb700 Options.max_bytes_for_level_multiplier_addtl[1]: 1
2019/10/17-14:55:04.533964 7fc3a9fcb700 Options.max_bytes_for_level_multiplier_addtl[2]: 1
2019/10/17-14:55:04.533966 7fc3a9fcb700 Options.max_bytes_for_level_multiplier_addtl[3]: 1
2019/10/17-14:55:04.533967 7fc3a9fcb700 Options.max_bytes_for_level_multiplier_addtl[4]: 1
2019/10/17-14:55:04.533968 7fc3a9fcb700 Options.max_bytes_for_level_multiplier_addtl[5]: 1
2019/10/17-14:55:04.533969 7fc3a9fcb700 Options.max_bytes_for_level_multiplier_addtl[6]: 1
2019/10/17-14:55:04.533971 7fc3a9fcb700       Options.max_sequential_skip_in_iterations: 8
2019/10/17-14:55:04.533977 7fc3a9fcb700                    Options.max_compaction_bytes: 1677721600
2019/10/17-14:55:04.533978 7fc3a9fcb700                        Options.arena_block_size: 8388608
2019/10/17-14:55:04.533979 7fc3a9fcb700   Options.soft_pending_compaction_bytes_limit: 68719476736
2019/10/17-14:55:04.533981 7fc3a9fcb700   Options.hard_pending_compaction_bytes_limit: 274877906944
2019/10/17-14:55:04.533982 7fc3a9fcb700       Options.rate_limit_delay_max_milliseconds: 100
2019/10/17-14:55:04.533983 7fc3a9fcb700                Options.disable_auto_compactions: 0
2019/10/17-14:55:04.533985 7fc3a9fcb700                        Options.compaction_style: kCompactionStyleLevel
2019/10/17-14:55:04.533986 7fc3a9fcb700                          Options.compaction_pri: kByCompensatedSize
2019/10/17-14:55:04.533987 7fc3a9fcb700 Options.compaction_options_universal.size_ratio: 1
2019/10/17-14:55:04.533988 7fc3a9fcb700 Options.compaction_options_universal.min_merge_width: 2
2019/10/17-14:55:04.533989 7fc3a9fcb700 Options.compaction_options_universal.max_merge_width: 4294967295
2019/10/17-14:55:04.533991 7fc3a9fcb700 Options.compaction_options_universal.max_size_amplification_percent: 200
2019/10/17-14:55:04.533992 7fc3a9fcb700 Options.compaction_options_universal.compression_size_percent: -1
2019/10/17-14:55:04.533993 7fc3a9fcb700 Options.compaction_options_universal.stop_style: kCompactionStopStyleTotalSize
2019/10/17-14:55:04.533995 7fc3a9fcb700 Options.compaction_options_fifo.max_table_files_size: 1073741824
2019/10/17-14:55:04.533995 7fc3a9fcb700 Options.compaction_options_fifo.allow_compaction: 0
2019/10/17-14:55:04.533997 7fc3a9fcb700 Options.compaction_options_fifo.ttl: 0
2019/10/17-14:55:04.533998 7fc3a9fcb700                   Options.table_properties_collectors: 
2019/10/17-14:55:04.533999 7fc3a9fcb700                   Options.inplace_update_support: 0
2019/10/17-14:55:04.534000 7fc3a9fcb700                 Options.inplace_update_num_locks: 10000
2019/10/17-14:55:04.534001 7fc3a9fcb700               Options.memtable_prefix_bloom_size_ratio: 0.000000
2019/10/17-14:55:04.534002 7fc3a9fcb700   Options.memtable_huge_page_size: 0
2019/10/17-14:55:04.534004 7fc3a9fcb700                           Options.bloom_locality: 0
2019/10/17-14:55:04.534005 7fc3a9fcb700                    Options.max_successive_merges: 0
2019/10/17-14:55:04.534006 7fc3a9fcb700                Options.optimize_filters_for_hits: 0
2019/10/17-14:55:04.534007 7fc3a9fcb700                Options.paranoid_file_checks: 0
2019/10/17-14:55:04.534008 7fc3a9fcb700                Options.force_consistency_checks: 0
2019/10/17-14:55:04.534010 7fc3a9fcb700                Options.report_bg_io_stats: 0
2019/10/17-14:55:04.534011 7fc3a9fcb700                               Options.ttl: 0
2019/10/17-14:55:04.534031 7fc3a9fcb700 [db/column_family.cc:472] --------------- Options for column family [entries]:
2019/10/17-14:55:04.534033 7fc3a9fcb700               Options.comparator: leveldb.BytewiseComparator
2019/10/17-14:55:04.534035 7fc3a9fcb700           Options.merge_operator: None
2019/10/17-14:55:04.534036 7fc3a9fcb700        Options.compaction_filter: None
2019/10/17-14:55:04.534037 7fc3a9fcb700        Options.compaction_filter_factory: None
2019/10/17-14:55:04.534038 7fc3a9fcb700         Options.memtable_factory: SkipListFactory
2019/10/17-14:55:04.534039 7fc3a9fcb700            Options.table_factory: BlockBasedTable
2019/10/17-14:55:04.534054 7fc3a9fcb700            table_factory options:   flush_block_policy_factory: FlushBlockBySizePolicyFactory (0x7fc35002d270)
  cache_index_and_filter_blocks: 0
  cache_index_and_filter_blocks_with_high_priority: 0
  pin_l0_filter_and_index_blocks_in_cache: 0
  pin_top_level_index_and_filter: 1
  index_type: 0
  hash_index_allow_collision: 1
  checksum: 1
  no_block_cache: 0
  block_cache: 0x7fc3500894d0
  block_cache_name: LRUCache
  block_cache_options:
    capacity : 8388608
    num_shard_bits : 4
    strict_capacity_limit : 0
    memory_allocator : None
    high_pri_pool_ratio: 0.000
  block_cache_compressed: (nil)
  persistent_cache: (nil)
  block_size: 4096
  block_size_deviation: 10
  block_restart_interval: 16
  index_block_restart_interval: 1
  metadata_block_size: 4096
  partition_filters: 0
  use_delta_encoding: 1
  filter_policy: nullptr
  whole_key_filtering: 1
  verify_compression: 0
  read_amp_bytes_per_bit: 0
  format_version: 2
  enable_index_compression: 1
  block_align: 0
2019/10/17-14:55:04.534062 7fc3a9fcb700        Options.write_buffer_size: 67108864
2019/10/17-14:55:04.534063 7fc3a9fcb700  Options.max_write_buffer_number: 2
2019/10/17-14:55:04.534064 7fc3a9fcb700          Options.compression: NoCompression
2019/10/17-14:55:04.534065 7fc3a9fcb700                  Options.bottommost_compression: Disabled
2019/10/17-14:55:04.534067 7fc3a9fcb700       Options.prefix_extractor: nullptr
2019/10/17-14:55:04.534068 7fc3a9fcb700   Options.memtable_insert_with_hint_prefix_extractor: nullptr
2019/10/17-14:55:04.534069 7fc3a9fcb700             Options.num_levels: 7
2019/10/17-14:55:04.534070 7fc3a9fcb700        Options.min_write_buffer_number_to_merge: 1
2019/10/17-14:55:04.534071 7fc3a9fcb700     Options.max_write_buffer_number_to_maintain: 0
2019/10/17-14:55:04.534072 7fc3a9fcb700            Options.bottommost_compression_opts.window_bits: -14
2019/10/17-14:55:04.534074 7fc3a9fcb700                  Options.bottommost_compression_opts.level: 32767
2019/10/17-14:55:04.534075 7fc3a9fcb700               Options.bottommost_compression_opts.strategy: 0
2019/10/17-14:55:04.534076 7fc3a9fcb700         Options.bottommost_compression_opts.max_dict_bytes: 0
2019/10/17-14:55:04.534077 7fc3a9fcb700         Options.bottommost_compression_opts.zstd_max_train_bytes: 0
2019/10/17-14:55:04.534078 7fc3a9fcb700                  Options.bottommost_compression_opts.enabled: false
2019/10/17-14:55:04.534079 7fc3a9fcb700            Options.compression_opts.window_bits: -14
2019/10/17-14:55:04.534081 7fc3a9fcb700                  Options.compression_opts.level: 32767
2019/10/17-14:55:04.534082 7fc3a9fcb700               Options.compression_opts.strategy: 0
2019/10/17-14:55:04.534083 7fc3a9fcb700         Options.compression_opts.max_dict_bytes: 0
2019/10/17-14:55:04.534084 7fc3a9fcb700         Options.compression_opts.zstd_max_train_bytes: 0
2019/10/17-14:55:04.534085 7fc3a9fcb700                  Options.compression_opts.enabled: false
2019/10/17-14:55:04.534086 7fc3a9fcb700      Options.level0_file_num_compaction_trigger: 4
2019/10/17-14:55:04.534088 7fc3a9fcb700          Options.level0_slowdown_writes_trigger: 20
2019/10/17-14:55:04.534089 7fc3a9fcb700              Options.level0_stop_writes_trigger: 36
2019/10/17-14:55:04.534090 7fc3a9fcb700                   Options.target_file_size_base: 67108864
2019/10/17-14:55:04.534091 7fc3a9fcb700             Options.target_file_size_multiplier: 1
2019/10/17-14:55:04.534092 7fc3a9fcb700                Options.max_bytes_for_level_base: 268435456
2019/10/17-14:55:04.534093 7fc3a9fcb700 Options.level_compaction_dynamic_level_bytes: 0
2019/10/17-14:55:04.534094 7fc3a9fcb700          Options.max_bytes_for_level_multiplier: 10.000000
2019/10/17-14:55:04.534096 7fc3a9fcb700 Options.max_bytes_for_level_multiplier_addtl[0]: 1
2019/10/17-14:55:04.534098 7fc3a9fcb700 Options.max_bytes_for_level_multiplier_addtl[1]: 1
2019/10/17-14:55:04.534099 7fc3a9fcb700 Options.max_bytes_for_level_multiplier_addtl[2]: 1
2019/10/17-14:55:04.534100 7fc3a9fcb700 Options.max_bytes_for_level_multiplier_addtl[3]: 1
2019/10/17-14:55:04.534101 7fc3a9fcb700 Options.max_bytes_for_level_multiplier_addtl[4]: 1
2019/10/17-14:55:04.534103 7fc3a9fcb700 Options.max_bytes_for_level_multiplier_addtl[5]: 1
2019/10/17-14:55:04.534104 7fc3a9fcb700 Options.max_bytes_for_level_multiplier_addtl[6]: 1
2019/10/17-14:55:04.534105 7fc3a9fcb700       Options.max_sequential_skip_in_iterations: 8
2019/10/17-14:55:04.534106 7fc3a9fcb700                    Options.max_compaction_bytes: 1677721600
2019/10/17-14:55:04.534107 7fc3a9fcb700                        Options.arena_block_size: 8388608
2019/10/17-14:55:04.534109 7fc3a9fcb700   Options.soft_pending_compaction_bytes_limit: 68719476736
2019/10/17-14:55:04.534114 7fc3a9fcb700   Options.hard_pending_compaction_bytes_limit: 274877906944
2019/10/17-14:55:04.534116 7fc3a9fcb700       Options.rate_limit_delay_max_milliseconds: 100
2019/10/17-14:55:04.534117 7fc3a9fcb700                Options.disable_auto_compactions: 0
2019/10/17-14:55:04.534118 7fc3a9fcb700                        Options.compaction_style: kCompactionStyleLevel
2019/10/17-14:55:04.534120 7fc3a9fcb700                          Options.compaction_pri: kByCompensatedSize
2019/10/17-14:55:04.534121 7fc3a9fcb700 Options.compaction_options_universal.size_ratio: 1
2019/10/17-14:55:04.534122 7fc3a9fcb700 Options.compaction_options_universal.min_merge_width: 2
2019/10/17-14:55:04.534123 7fc3a9fcb700 Options.compaction_options_universal.max_merge_width: 4294967295
2019/10/17-14:55:04.534125 7fc3a9fcb700 Options.compaction_options_universal.max_size_amplification_percent: 200
2019/10/17-14:55:04.534126 7fc3a9fcb700 Options.compaction_options_universal.compression_size_percent: -1
2019/10/17-14:55:04.534127 7fc3a9fcb700 Options.compaction_options_universal.stop_style: kCompactionStopStyleTotalSize
2019/10/17-14:55:04.534128 7fc3a9fcb700 Options.compaction_options_fifo.max_table_files_size: 1073741824
2019/10/17-14:55:04.534130 7fc3a9fcb700 Options.compaction_options_fifo.allow_compaction: 0
2019/10/17-14:55:04.534131 7fc3a9fcb700 Options.compaction_options_fifo.ttl: 0
2019/10/17-14:55:04.534132 7fc3a9fcb700                   Options.table_properties_collectors: 
2019/10/17-14:55:04.534133 7fc3a9fcb700                   Options.inplace_update_support: 0
2019/10/17-14:55:04.534134 7fc3a9fcb700                 Options.inplace_update_num_locks: 10000
2019/10/17-14:55:04.534136 7fc3a9fcb700               Options.memtable_prefix_bloom_size_ratio: 0.000000
2019/10/17-14:55:04.534137 7fc3a9fcb700   Options.memtable_huge_page_size: 0
2019/10/17-14:55:04.534138 7fc3a9fcb700                           Options.bloom_locality: 0
2019/10/17-14:55:04.534140 7fc3a9fcb700                    Options.max_successive_merges: 0
2019/10/17-14:55:04.534141 7fc3a9fcb700                Options.optimize_filters_for_hits: 0
2019/10/17-14:55:04.534142 7fc3a9fcb700                Options.paranoid_file_checks: 0
2019/10/17-14:55:04.534143 7fc3a9fcb700                Options.force_consistency_checks: 0
2019/10/17-14:55:04.534144 7fc3a9fcb700                Options.report_bg_io_stats: 0
2019/10/17-14:55:04.534146 7fc3a9fcb700                               Options.ttl: 0
2019/10/17-14:55:04.534165 7fc3a9fcb700 [db/column_family.cc:472] --------------- Options for column family [dc_entries]:
2019/10/17-14:55:04.534167 7fc3a9fcb700               Options.comparator: leveldb.BytewiseComparator
2019/10/17-14:55:04.534168 7fc3a9fcb700           Options.merge_operator: None
2019/10/17-14:55:04.534169 7fc3a9fcb700        Options.compaction_filter: None
2019/10/17-14:55:04.534170 7fc3a9fcb700        Options.compaction_filter_factory: None
2019/10/17-14:55:04.534172 7fc3a9fcb700         Options.memtable_factory: SkipListFactory
2019/10/17-14:55:04.534173 7fc3a9fcb700            Options.table_factory: BlockBasedTable
2019/10/17-14:55:04.534187 7fc3a9fcb700            table_factory options:   flush_block_policy_factory: FlushBlockBySizePolicyFactory (0x7fc350114a90)
  cache_index_and_filter_blocks: 0
  cache_index_and_filter_blocks_with_high_priority: 0
  pin_l0_filter_and_index_blocks_in_cache: 0
  pin_top_level_index_and_filter: 1
  index_type: 0
  hash_index_allow_collision: 1
  checksum: 1
  no_block_cache: 0
  block_cache: 0x7fc35007b790
  block_cache_name: LRUCache
  block_cache_options:
    capacity : 8388608
    num_shard_bits : 4
    strict_capacity_limit : 0
    memory_allocator : None
    high_pri_pool_ratio: 0.000
  block_cache_compressed: (nil)
  persistent_cache: (nil)
  block_size: 4096
  block_size_deviation: 10
  block_restart_interval: 16
  index_block_restart_interval: 1
  metadata_block_size: 4096
  partition_filters: 0
  use_delta_encoding: 1
  filter_policy: nullptr
  whole_key_filtering: 1
  verify_compression: 0
  read_amp_bytes_per_bit: 0
  format_version: 2
  enable_index_compression: 1
  block_align: 0
2019/10/17-14:55:04.534194 7fc3a9fcb700        Options.write_buffer_size: 67108864
2019/10/17-14:55:04.534195 7fc3a9fcb700  Options.max_write_buffer_number: 2
2019/10/17-14:55:04.534197 7fc3a9fcb700          Options.compression: NoCompression
2019/10/17-14:55:04.534198 7fc3a9fcb700                  Options.bottommost_compression: Disabled
2019/10/17-14:55:04.534199 7fc3a9fcb700       Options.prefix_extractor: nullptr
2019/10/17-14:55:04.534200 7fc3a9fcb700   Options.memtable_insert_with_hint_prefix_extractor: nullptr
2019/10/17-14:55:04.534201 7fc3a9fcb700             Options.num_levels: 7
2019/10/17-14:55:04.534202 7fc3a9fcb700        Options.min_write_buffer_number_to_merge: 1
2019/10/17-14:55:04.534204 7fc3a9fcb700     Options.max_write_buffer_number_to_maintain: 0
2019/10/17-14:55:04.534205 7fc3a9fcb700            Options.bottommost_compression_opts.window_bits: -14
2019/10/17-14:55:04.534206 7fc3a9fcb700                  Options.bottommost_compression_opts.level: 32767
2019/10/17-14:55:04.534207 7fc3a9fcb700               Options.bottommost_compression_opts.strategy: 0
2019/10/17-14:55:04.534208 7fc3a9fcb700         Options.bottommost_compression_opts.max_dict_bytes: 0
2019/10/17-14:55:04.534210 7fc3a9fcb700         Options.bottommost_compression_opts.zstd_max_train_bytes: 0
2019/10/17-14:55:04.534211 7fc3a9fcb700                  Options.bottommost_compression_opts.enabled: false
2019/10/17-14:55:04.534212 7fc3a9fcb700            Options.compression_opts.window_bits: -14
2019/10/17-14:55:04.534213 7fc3a9fcb700                  Options.compression_opts.level: 32767
2019/10/17-14:55:04.534214 7fc3a9fcb700               Options.compression_opts.strategy: 0
2019/10/17-14:55:04.534215 7fc3a9fcb700         Options.compression_opts.max_dict_bytes: 0
2019/10/17-14:55:04.534217 7fc3a9fcb700         Options.compression_opts.zstd_max_train_bytes: 0
2019/10/17-14:55:04.534218 7fc3a9fcb700                  Options.compression_opts.enabled: false
2019/10/17-14:55:04.534219 7fc3a9fcb700      Options.level0_file_num_compaction_trigger: 4
2019/10/17-14:55:04.534220 7fc3a9fcb700          Options.level0_slowdown_writes_trigger: 20
2019/10/17-14:55:04.534221 7fc3a9fcb700              Options.level0_stop_writes_trigger: 36
2019/10/17-14:55:04.534222 7fc3a9fcb700                   Options.target_file_size_base: 67108864
2019/10/17-14:55:04.534224 7fc3a9fcb700             Options.target_file_size_multiplier: 1
2019/10/17-14:55:04.534225 7fc3a9fcb700                Options.max_bytes_for_level_base: 268435456
2019/10/17-14:55:04.534226 7fc3a9fcb700 Options.level_compaction_dynamic_level_bytes: 0
2019/10/17-14:55:04.534227 7fc3a9fcb700          Options.max_bytes_for_level_multiplier: 10.000000
2019/10/17-14:55:04.534229 7fc3a9fcb700 Options.max_bytes_for_level_multiplier_addtl[0]: 1
2019/10/17-14:55:04.534230 7fc3a9fcb700 Options.max_bytes_for_level_multiplier_addtl[1]: 1
2019/10/17-14:55:04.534231 7fc3a9fcb700 Options.max_bytes_for_level_multiplier_addtl[2]: 1
2019/10/17-14:55:04.534233 7fc3a9fcb700 Options.max_bytes_for_level_multiplier_addtl[3]: 1
2019/10/17-14:55:04.534234 7fc3a9fcb700 Options.max_bytes_for_level_multiplier_addtl[4]: 1
2019/10/17-14:55:04.534235 7fc3a9fcb700 Options.max_bytes_for_level_multiplier_addtl[5]: 1
2019/10/17-14:55:04.534236 7fc3a9fcb700 Options.max_bytes_for_level_multiplier_addtl[6]: 1
2019/10/17-14:55:04.534237 7fc3a9fcb700       Options.max_sequential_skip_in_iterations: 8
2019/10/17-14:55:04.534239 7fc3a9fcb700                    Options.max_compaction_bytes: 1677721600
2019/10/17-14:55:04.534240 7fc3a9fcb700                        Options.arena_block_size: 8388608
2019/10/17-14:55:04.534241 7fc3a9fcb700   Options.soft_pending_compaction_bytes_limit: 68719476736
2019/10/17-14:55:04.534242 7fc3a9fcb700   Options.hard_pending_compaction_bytes_limit: 274877906944
2019/10/17-14:55:04.534243 7fc3a9fcb700       Options.rate_limit_delay_max_milliseconds: 100
2019/10/17-14:55:04.534245 7fc3a9fcb700                Options.disable_auto_compactions: 0
2019/10/17-14:55:04.534251 7fc3a9fcb700                        Options.compaction_style: kCompactionStyleLevel
2019/10/17-14:55:04.534252 7fc3a9fcb700                          Options.compaction_pri: kByCompensatedSize
2019/10/17-14:55:04.534253 7fc3a9fcb700 Options.compaction_options_universal.size_ratio: 1
2019/10/17-14:55:04.534255 7fc3a9fcb700 Options.compaction_options_universal.min_merge_width: 2
2019/10/17-14:55:04.534256 7fc3a9fcb700 Options.compaction_options_universal.max_merge_width: 4294967295
2019/10/17-14:55:04.534257 7fc3a9fcb700 Options.compaction_options_universal.max_size_amplification_percent: 200
2019/10/17-14:55:04.534258 7fc3a9fcb700 Options.compaction_options_universal.compression_size_percent: -1
2019/10/17-14:55:04.534260 7fc3a9fcb700 Options.compaction_options_universal.stop_style: kCompactionStopStyleTotalSize
2019/10/17-14:55:04.534261 7fc3a9fcb700 Options.compaction_options_fifo.max_table_files_size: 1073741824
2019/10/17-14:55:04.534262 7fc3a9fcb700 Options.compaction_options_fifo.allow_compaction: 0
2019/10/17-14:55:04.534263 7fc3a9fcb700 Options.compaction_options_fifo.ttl: 0
2019/10/17-14:55:04.534264 7fc3a9fcb700                   Options.table_properties_collectors: 
2019/10/17-14:55:04.534265 7fc3a9fcb700                   Options.inplace_update_support: 0
2019/10/17-14:55:04.534267 7fc3a9fcb700                 Options.inplace_update_num_locks: 10000
2019/10/17-14:55:04.534268 7fc3a9fcb700               Options.memtable_prefix_bloom_size_ratio: 0.000000
2019/10/17-14:55:04.534269 7fc3a9fcb700   Options.memtable_huge_page_size: 0
2019/10/17-14:55:04.534271 7fc3a9fcb700                           Options.bloom_locality: 0
2019/10/17-14:55:04.534272 7fc3a9fcb700                    Options.max_successive_merges: 0
2019/10/17-14:55:04.534273 7fc3a9fcb700                Options.optimize_filters_for_hits: 0
2019/10/17-14:55:04.534274 7fc3a9fcb700                Options.paranoid_file_checks: 0
2019/10/17-14:55:04.534275 7fc3a9fcb700                Options.force_consistency_checks: 0
2019/10/17-14:55:04.534277 7fc3a9fcb700                Options.report_bg_io_stats: 0
2019/10/17-14:55:04.534278 7fc3a9fcb700                               Options.ttl: 0
2019/10/17-14:55:04.534295 7fc3a9fcb700 [db/column_family.cc:472] --------------- Options for column family [htlcs]:
2019/10/17-14:55:04.534296 7fc3a9fcb700               Options.comparator: leveldb.BytewiseComparator
2019/10/17-14:55:04.534298 7fc3a9fcb700           Options.merge_operator: None
2019/10/17-14:55:04.534299 7fc3a9fcb700        Options.compaction_filter: None
2019/10/17-14:55:04.534300 7fc3a9fcb700        Options.compaction_filter_factory: None
2019/10/17-14:55:04.534301 7fc3a9fcb700         Options.memtable_factory: SkipListFactory
2019/10/17-14:55:04.534302 7fc3a9fcb700            Options.table_factory: BlockBasedTable
2019/10/17-14:55:04.534316 7fc3a9fcb700            table_factory options:   flush_block_policy_factory: FlushBlockBySizePolicyFactory (0x7fc35003d220)
