2019/10/17-14:54:06.715119 7fc3a9fcb700 RocksDB version: 5.18.3
2019/10/17-14:54:06.715227 7fc3a9fcb700 Git sha rocksdb_build_git_sha:@0@
2019/10/17-14:54:06.715230 7fc3a9fcb700 Compile date Sep 19 2019
2019/10/17-14:54:06.715232 7fc3a9fcb700 DB SUMMARY
2019/10/17-14:54:06.716419 7fc3a9fcb700 CURRENT file:  CURRENT
2019/10/17-14:54:06.716422 7fc3a9fcb700 IDENTITY file:  IDENTITY
2019/10/17-14:54:06.716470 7fc3a9fcb700 MANIFEST file:  MANIFEST-114691 size: 4114 Bytes
2019/10/17-14:54:06.716473 7fc3a9fcb700 SST files in /home/rahul/dev/blockchain-core/eqc/ledger.db dir, Total Num: 29, files: 000624.sst 000627.sst 106940.sst 108447.sst 108450.sst 109471.sst 109483.sst 109485.sst 109486.sst 
2019/10/17-14:54:06.716475 7fc3a9fcb700 Write Ahead Log file in /home/rahul/dev/blockchain-core/eqc/ledger.db: 114692.log size: 0 ; 
2019/10/17-14:54:06.716531 7fc3a9fcb700                         Options.error_if_exists: 0
2019/10/17-14:54:06.716533 7fc3a9fcb700                       Options.create_if_missing: 1
2019/10/17-14:54:06.716535 7fc3a9fcb700                         Options.paranoid_checks: 1
2019/10/17-14:54:06.716536 7fc3a9fcb700                                     Options.env: 0x7fc32ae1fc60
2019/10/17-14:54:06.716537 7fc3a9fcb700                                Options.info_log: 0x7fc3500a4800
2019/10/17-14:54:06.716539 7fc3a9fcb700                Options.max_file_opening_threads: 16
2019/10/17-14:54:06.716540 7fc3a9fcb700                              Options.statistics: (nil)
2019/10/17-14:54:06.716542 7fc3a9fcb700                               Options.use_fsync: 0
2019/10/17-14:54:06.716543 7fc3a9fcb700                       Options.max_log_file_size: 0
2019/10/17-14:54:06.716544 7fc3a9fcb700                  Options.max_manifest_file_size: 1073741824
2019/10/17-14:54:06.716546 7fc3a9fcb700                   Options.log_file_time_to_roll: 0
2019/10/17-14:54:06.716547 7fc3a9fcb700                       Options.keep_log_file_num: 1000
2019/10/17-14:54:06.716549 7fc3a9fcb700                    Options.recycle_log_file_num: 0
2019/10/17-14:54:06.716550 7fc3a9fcb700                         Options.allow_fallocate: 1
2019/10/17-14:54:06.716551 7fc3a9fcb700                        Options.allow_mmap_reads: 0
2019/10/17-14:54:06.716552 7fc3a9fcb700                       Options.allow_mmap_writes: 0
2019/10/17-14:54:06.716554 7fc3a9fcb700                        Options.use_direct_reads: 0
2019/10/17-14:54:06.716555 7fc3a9fcb700                        Options.use_direct_io_for_flush_and_compaction: 0
2019/10/17-14:54:06.716556 7fc3a9fcb700          Options.create_missing_column_families: 0
2019/10/17-14:54:06.716557 7fc3a9fcb700                              Options.db_log_dir: 
2019/10/17-14:54:06.716559 7fc3a9fcb700                                 Options.wal_dir: /home/rahul/dev/blockchain-core/eqc/ledger.db
2019/10/17-14:54:06.716560 7fc3a9fcb700                Options.table_cache_numshardbits: 6
2019/10/17-14:54:06.716561 7fc3a9fcb700                      Options.max_subcompactions: 1
2019/10/17-14:54:06.716562 7fc3a9fcb700                  Options.max_background_flushes: -1
2019/10/17-14:54:06.716564 7fc3a9fcb700                         Options.WAL_ttl_seconds: 0
2019/10/17-14:54:06.716565 7fc3a9fcb700                       Options.WAL_size_limit_MB: 0
2019/10/17-14:54:06.716566 7fc3a9fcb700             Options.manifest_preallocation_size: 4194304
2019/10/17-14:54:06.716568 7fc3a9fcb700                     Options.is_fd_close_on_exec: 1
2019/10/17-14:54:06.716569 7fc3a9fcb700                   Options.advise_random_on_open: 1
2019/10/17-14:54:06.716570 7fc3a9fcb700                    Options.db_write_buffer_size: 0
2019/10/17-14:54:06.716571 7fc3a9fcb700                    Options.write_buffer_manager: 0x7fc350053e90
2019/10/17-14:54:06.716573 7fc3a9fcb700         Options.access_hint_on_compaction_start: 1
2019/10/17-14:54:06.716574 7fc3a9fcb700  Options.new_table_reader_for_compaction_inputs: 0
2019/10/17-14:54:06.716575 7fc3a9fcb700           Options.random_access_max_buffer_size: 1048576
2019/10/17-14:54:06.716576 7fc3a9fcb700                      Options.use_adaptive_mutex: 0
2019/10/17-14:54:06.716578 7fc3a9fcb700                            Options.rate_limiter: (nil)
2019/10/17-14:54:06.716592 7fc3a9fcb700     Options.sst_file_manager.rate_bytes_per_sec: 0
2019/10/17-14:54:06.716594 7fc3a9fcb700                       Options.wal_recovery_mode: 2
2019/10/17-14:54:06.716595 7fc3a9fcb700                  Options.enable_thread_tracking: 0
2019/10/17-14:54:06.716596 7fc3a9fcb700                  Options.enable_pipelined_write: 0
2019/10/17-14:54:06.716598 7fc3a9fcb700         Options.allow_concurrent_memtable_write: 1
2019/10/17-14:54:06.716599 7fc3a9fcb700      Options.enable_write_thread_adaptive_yield: 1
2019/10/17-14:54:06.716600 7fc3a9fcb700             Options.write_thread_max_yield_usec: 100
2019/10/17-14:54:06.716601 7fc3a9fcb700            Options.write_thread_slow_yield_usec: 3
2019/10/17-14:54:06.716603 7fc3a9fcb700                               Options.row_cache: None
2019/10/17-14:54:06.716604 7fc3a9fcb700                              Options.wal_filter: None
2019/10/17-14:54:06.716605 7fc3a9fcb700             Options.avoid_flush_during_recovery: 0
2019/10/17-14:54:06.716607 7fc3a9fcb700             Options.allow_ingest_behind: 0
2019/10/17-14:54:06.716608 7fc3a9fcb700             Options.preserve_deletes: 0
2019/10/17-14:54:06.716609 7fc3a9fcb700             Options.two_write_queues: 0
2019/10/17-14:54:06.716610 7fc3a9fcb700             Options.manual_wal_flush: 0
2019/10/17-14:54:06.716612 7fc3a9fcb700             Options.max_background_jobs: 2
2019/10/17-14:54:06.716613 7fc3a9fcb700             Options.max_background_compactions: -1
2019/10/17-14:54:06.716614 7fc3a9fcb700             Options.avoid_flush_during_shutdown: 0
2019/10/17-14:54:06.716615 7fc3a9fcb700           Options.writable_file_max_buffer_size: 1048576
2019/10/17-14:54:06.716617 7fc3a9fcb700             Options.delayed_write_rate : 16777216
2019/10/17-14:54:06.716618 7fc3a9fcb700             Options.max_total_wal_size: 0
2019/10/17-14:54:06.716619 7fc3a9fcb700             Options.delete_obsolete_files_period_micros: 21600000000
2019/10/17-14:54:06.716621 7fc3a9fcb700                   Options.stats_dump_period_sec: 600
2019/10/17-14:54:06.716622 7fc3a9fcb700                          Options.max_open_files: -1
2019/10/17-14:54:06.716623 7fc3a9fcb700                          Options.bytes_per_sync: 0
2019/10/17-14:54:06.716624 7fc3a9fcb700                      Options.wal_bytes_per_sync: 0
2019/10/17-14:54:06.716626 7fc3a9fcb700       Options.compaction_readahead_size: 0
2019/10/17-14:54:06.716627 7fc3a9fcb700 Compression algorithms supported:
2019/10/17-14:54:06.716628 7fc3a9fcb700 	kZSTDNotFinalCompression supported: 0
2019/10/17-14:54:06.716630 7fc3a9fcb700 	kZSTD supported: 0
2019/10/17-14:54:06.716631 7fc3a9fcb700 	kXpressCompression supported: 0
2019/10/17-14:54:06.716633 7fc3a9fcb700 	kLZ4HCCompression supported: 0
2019/10/17-14:54:06.716634 7fc3a9fcb700 	kLZ4Compression supported: 0
2019/10/17-14:54:06.716636 7fc3a9fcb700 	kBZip2Compression supported: 0
2019/10/17-14:54:06.716637 7fc3a9fcb700 	kZlibCompression supported: 0
2019/10/17-14:54:06.716638 7fc3a9fcb700 	kSnappyCompression supported: 0
2019/10/17-14:54:06.716641 7fc3a9fcb700 Fast CRC32 supported: Supported on x86
2019/10/17-14:54:06.716789 7fc3a9fcb700 [db/version_set.cc:3507] Recovering from manifest file: MANIFEST-114691
2019/10/17-14:54:06.716842 7fc3a9fcb700 [db/column_family.cc:472] --------------- Options for column family [default]:
2019/10/17-14:54:06.716844 7fc3a9fcb700               Options.comparator: leveldb.BytewiseComparator
2019/10/17-14:54:06.716846 7fc3a9fcb700           Options.merge_operator: None
2019/10/17-14:54:06.716847 7fc3a9fcb700        Options.compaction_filter: None
2019/10/17-14:54:06.716848 7fc3a9fcb700        Options.compaction_filter_factory: None
2019/10/17-14:54:06.716850 7fc3a9fcb700         Options.memtable_factory: SkipListFactory
2019/10/17-14:54:06.716851 7fc3a9fcb700            Options.table_factory: BlockBasedTable
2019/10/17-14:54:06.716874 7fc3a9fcb700            table_factory options:   flush_block_policy_factory: FlushBlockBySizePolicyFactory (0x7fc3500760f0)
  cache_index_and_filter_blocks: 0
  cache_index_and_filter_blocks_with_high_priority: 0
  pin_l0_filter_and_index_blocks_in_cache: 0
  pin_top_level_index_and_filter: 1
  index_type: 0
  hash_index_allow_collision: 1
  checksum: 1
  no_block_cache: 0
  block_cache: 0x7fc3500139b0
  block_cache_name: LRUCache
  block_cache_options:
    capacity : 8388608
    num_shard_bits : 4
    strict_capacity_limit : 0
    memory_allocator : None
    high_pri_pool_ratio: 0.000
  block_cache_compressed: (nil)
  persistent_cache: (nil)
  block_size: 4096
  block_size_deviation: 10
  block_restart_interval: 16
  index_block_restart_interval: 1
  metadata_block_size: 4096
  partition_filters: 0
  use_delta_encoding: 1
  filter_policy: nullptr
  whole_key_filtering: 1
  verify_compression: 0
  read_amp_bytes_per_bit: 0
  format_version: 2
  enable_index_compression: 1
  block_align: 0
2019/10/17-14:54:06.716888 7fc3a9fcb700        Options.write_buffer_size: 67108864
2019/10/17-14:54:06.716890 7fc3a9fcb700  Options.max_write_buffer_number: 2
2019/10/17-14:54:06.716891 7fc3a9fcb700          Options.compression: NoCompression
2019/10/17-14:54:06.716893 7fc3a9fcb700                  Options.bottommost_compression: Disabled
2019/10/17-14:54:06.716894 7fc3a9fcb700       Options.prefix_extractor: nullptr
2019/10/17-14:54:06.716895 7fc3a9fcb700   Options.memtable_insert_with_hint_prefix_extractor: nullptr
2019/10/17-14:54:06.716897 7fc3a9fcb700             Options.num_levels: 7
2019/10/17-14:54:06.716898 7fc3a9fcb700        Options.min_write_buffer_number_to_merge: 1
2019/10/17-14:54:06.716899 7fc3a9fcb700     Options.max_write_buffer_number_to_maintain: 0
2019/10/17-14:54:06.716900 7fc3a9fcb700            Options.bottommost_compression_opts.window_bits: -14
2019/10/17-14:54:06.716902 7fc3a9fcb700                  Options.bottommost_compression_opts.level: 32767
2019/10/17-14:54:06.716903 7fc3a9fcb700               Options.bottommost_compression_opts.strategy: 0
2019/10/17-14:54:06.716904 7fc3a9fcb700         Options.bottommost_compression_opts.max_dict_bytes: 0
2019/10/17-14:54:06.716905 7fc3a9fcb700         Options.bottommost_compression_opts.zstd_max_train_bytes: 0
2019/10/17-14:54:06.716907 7fc3a9fcb700                  Options.bottommost_compression_opts.enabled: false
2019/10/17-14:54:06.716908 7fc3a9fcb700            Options.compression_opts.window_bits: -14
2019/10/17-14:54:06.716909 7fc3a9fcb700                  Options.compression_opts.level: 32767
2019/10/17-14:54:06.716911 7fc3a9fcb700               Options.compression_opts.strategy: 0
2019/10/17-14:54:06.716912 7fc3a9fcb700         Options.compression_opts.max_dict_bytes: 0
2019/10/17-14:54:06.716913 7fc3a9fcb700         Options.compression_opts.zstd_max_train_bytes: 0
2019/10/17-14:54:06.716914 7fc3a9fcb700                  Options.compression_opts.enabled: false
2019/10/17-14:54:06.716916 7fc3a9fcb700      Options.level0_file_num_compaction_trigger: 4
2019/10/17-14:54:06.716917 7fc3a9fcb700          Options.level0_slowdown_writes_trigger: 20
2019/10/17-14:54:06.716918 7fc3a9fcb700              Options.level0_stop_writes_trigger: 36
2019/10/17-14:54:06.716919 7fc3a9fcb700                   Options.target_file_size_base: 67108864
2019/10/17-14:54:06.716921 7fc3a9fcb700             Options.target_file_size_multiplier: 1
2019/10/17-14:54:06.716922 7fc3a9fcb700                Options.max_bytes_for_level_base: 268435456
2019/10/17-14:54:06.716923 7fc3a9fcb700 Options.level_compaction_dynamic_level_bytes: 0
2019/10/17-14:54:06.716924 7fc3a9fcb700          Options.max_bytes_for_level_multiplier: 10.000000
2019/10/17-14:54:06.716928 7fc3a9fcb700 Options.max_bytes_for_level_multiplier_addtl[0]: 1
2019/10/17-14:54:06.716929 7fc3a9fcb700 Options.max_bytes_for_level_multiplier_addtl[1]: 1
2019/10/17-14:54:06.716930 7fc3a9fcb700 Options.max_bytes_for_level_multiplier_addtl[2]: 1
2019/10/17-14:54:06.716932 7fc3a9fcb700 Options.max_bytes_for_level_multiplier_addtl[3]: 1
2019/10/17-14:54:06.716933 7fc3a9fcb700 Options.max_bytes_for_level_multiplier_addtl[4]: 1
2019/10/17-14:54:06.716941 7fc3a9fcb700 Options.max_bytes_for_level_multiplier_addtl[5]: 1
2019/10/17-14:54:06.716942 7fc3a9fcb700 Options.max_bytes_for_level_multiplier_addtl[6]: 1
2019/10/17-14:54:06.716943 7fc3a9fcb700       Options.max_sequential_skip_in_iterations: 8
2019/10/17-14:54:06.716944 7fc3a9fcb700                    Options.max_compaction_bytes: 1677721600
2019/10/17-14:54:06.716946 7fc3a9fcb700                        Options.arena_block_size: 8388608
2019/10/17-14:54:06.716947 7fc3a9fcb700   Options.soft_pending_compaction_bytes_limit: 68719476736
2019/10/17-14:54:06.716949 7fc3a9fcb700   Options.hard_pending_compaction_bytes_limit: 274877906944
2019/10/17-14:54:06.716950 7fc3a9fcb700       Options.rate_limit_delay_max_milliseconds: 100
2019/10/17-14:54:06.716951 7fc3a9fcb700                Options.disable_auto_compactions: 0
2019/10/17-14:54:06.716953 7fc3a9fcb700                        Options.compaction_style: kCompactionStyleLevel
2019/10/17-14:54:06.716955 7fc3a9fcb700                          Options.compaction_pri: kByCompensatedSize
2019/10/17-14:54:06.716956 7fc3a9fcb700 Options.compaction_options_universal.size_ratio: 1
2019/10/17-14:54:06.716958 7fc3a9fcb700 Options.compaction_options_universal.min_merge_width: 2
2019/10/17-14:54:06.716959 7fc3a9fcb700 Options.compaction_options_universal.max_merge_width: 4294967295
2019/10/17-14:54:06.716960 7fc3a9fcb700 Options.compaction_options_universal.max_size_amplification_percent: 200
2019/10/17-14:54:06.716961 7fc3a9fcb700 Options.compaction_options_universal.compression_size_percent: -1
2019/10/17-14:54:06.716963 7fc3a9fcb700 Options.compaction_options_universal.stop_style: kCompactionStopStyleTotalSize
2019/10/17-14:54:06.716964 7fc3a9fcb700 Options.compaction_options_fifo.max_table_files_size: 1073741824
2019/10/17-14:54:06.716966 7fc3a9fcb700 Options.compaction_options_fifo.allow_compaction: 0
2019/10/17-14:54:06.716967 7fc3a9fcb700 Options.compaction_options_fifo.ttl: 0
2019/10/17-14:54:06.716968 7fc3a9fcb700                   Options.table_properties_collectors: 
2019/10/17-14:54:06.716969 7fc3a9fcb700                   Options.inplace_update_support: 0
2019/10/17-14:54:06.716971 7fc3a9fcb700                 Options.inplace_update_num_locks: 10000
2019/10/17-14:54:06.716972 7fc3a9fcb700               Options.memtable_prefix_bloom_size_ratio: 0.000000
2019/10/17-14:54:06.716974 7fc3a9fcb700   Options.memtable_huge_page_size: 0
2019/10/17-14:54:06.716975 7fc3a9fcb700                           Options.bloom_locality: 0
2019/10/17-14:54:06.716976 7fc3a9fcb700                    Options.max_successive_merges: 0
2019/10/17-14:54:06.716978 7fc3a9fcb700                Options.optimize_filters_for_hits: 0
2019/10/17-14:54:06.716979 7fc3a9fcb700                Options.paranoid_file_checks: 0
2019/10/17-14:54:06.716980 7fc3a9fcb700                Options.force_consistency_checks: 0
2019/10/17-14:54:06.716981 7fc3a9fcb700                Options.report_bg_io_stats: 0
2019/10/17-14:54:06.716983 7fc3a9fcb700                               Options.ttl: 0
2019/10/17-14:54:06.717028 7fc3a9fcb700 [db/column_family.cc:472] --------------- Options for column family [active_gateways]:
2019/10/17-14:54:06.717031 7fc3a9fcb700               Options.comparator: leveldb.BytewiseComparator
2019/10/17-14:54:06.717033 7fc3a9fcb700           Options.merge_operator: None
2019/10/17-14:54:06.717034 7fc3a9fcb700        Options.compaction_filter: None
2019/10/17-14:54:06.717035 7fc3a9fcb700        Options.compaction_filter_factory: None
2019/10/17-14:54:06.717037 7fc3a9fcb700         Options.memtable_factory: SkipListFactory
2019/10/17-14:54:06.717038 7fc3a9fcb700            Options.table_factory: BlockBasedTable
2019/10/17-14:54:06.717055 7fc3a9fcb700            table_factory options:   flush_block_policy_factory: FlushBlockBySizePolicyFactory (0x7fc350103780)
  cache_index_and_filter_blocks: 0
  cache_index_and_filter_blocks_with_high_priority: 0
  pin_l0_filter_and_index_blocks_in_cache: 0
  pin_top_level_index_and_filter: 1
  index_type: 0
  hash_index_allow_collision: 1
  checksum: 1
  no_block_cache: 0
  block_cache: 0x7fc350108a90
  block_cache_name: LRUCache
  block_cache_options:
    capacity : 8388608
    num_shard_bits : 4
    strict_capacity_limit : 0
    memory_allocator : None
    high_pri_pool_ratio: 0.000
  block_cache_compressed: (nil)
  persistent_cache: (nil)
  block_size: 4096
  block_size_deviation: 10
  block_restart_interval: 16
  index_block_restart_interval: 1
  metadata_block_size: 4096
  partition_filters: 0
  use_delta_encoding: 1
  filter_policy: nullptr
  whole_key_filtering: 1
  verify_compression: 0
  read_amp_bytes_per_bit: 0
  format_version: 2
  enable_index_compression: 1
  block_align: 0
2019/10/17-14:54:06.717066 7fc3a9fcb700        Options.write_buffer_size: 67108864
2019/10/17-14:54:06.717068 7fc3a9fcb700  Options.max_write_buffer_number: 2
2019/10/17-14:54:06.717069 7fc3a9fcb700          Options.compression: NoCompression
2019/10/17-14:54:06.717071 7fc3a9fcb700                  Options.bottommost_compression: Disabled
2019/10/17-14:54:06.717072 7fc3a9fcb700       Options.prefix_extractor: nullptr
2019/10/17-14:54:06.717073 7fc3a9fcb700   Options.memtable_insert_with_hint_prefix_extractor: nullptr
2019/10/17-14:54:06.717074 7fc3a9fcb700             Options.num_levels: 7
2019/10/17-14:54:06.717076 7fc3a9fcb700        Options.min_write_buffer_number_to_merge: 1
2019/10/17-14:54:06.717077 7fc3a9fcb700     Options.max_write_buffer_number_to_maintain: 0
2019/10/17-14:54:06.717078 7fc3a9fcb700            Options.bottommost_compression_opts.window_bits: -14
2019/10/17-14:54:06.717080 7fc3a9fcb700                  Options.bottommost_compression_opts.level: 32767
2019/10/17-14:54:06.717081 7fc3a9fcb700               Options.bottommost_compression_opts.strategy: 0
2019/10/17-14:54:06.717082 7fc3a9fcb700         Options.bottommost_compression_opts.max_dict_bytes: 0
2019/10/17-14:54:06.717083 7fc3a9fcb700         Options.bottommost_compression_opts.zstd_max_train_bytes: 0
2019/10/17-14:54:06.717084 7fc3a9fcb700                  Options.bottommost_compression_opts.enabled: false
2019/10/17-14:54:06.717086 7fc3a9fcb700            Options.compression_opts.window_bits: -14
2019/10/17-14:54:06.717087 7fc3a9fcb700                  Options.compression_opts.level: 32767
2019/10/17-14:54:06.717088 7fc3a9fcb700               Options.compression_opts.strategy: 0
2019/10/17-14:54:06.717089 7fc3a9fcb700         Options.compression_opts.max_dict_bytes: 0
2019/10/17-14:54:06.717091 7fc3a9fcb700         Options.compression_opts.zstd_max_train_bytes: 0
2019/10/17-14:54:06.717092 7fc3a9fcb700                  Options.compression_opts.enabled: false
2019/10/17-14:54:06.717093 7fc3a9fcb700      Options.level0_file_num_compaction_trigger: 4
2019/10/17-14:54:06.717094 7fc3a9fcb700          Options.level0_slowdown_writes_trigger: 20
2019/10/17-14:54:06.717096 7fc3a9fcb700              Options.level0_stop_writes_trigger: 36
2019/10/17-14:54:06.717097 7fc3a9fcb700                   Options.target_file_size_base: 67108864
2019/10/17-14:54:06.717098 7fc3a9fcb700             Options.target_file_size_multiplier: 1
2019/10/17-14:54:06.717100 7fc3a9fcb700                Options.max_bytes_for_level_base: 268435456
2019/10/17-14:54:06.717101 7fc3a9fcb700 Options.level_compaction_dynamic_level_bytes: 0
2019/10/17-14:54:06.717102 7fc3a9fcb700          Options.max_bytes_for_level_multiplier: 10.000000
2019/10/17-14:54:06.717104 7fc3a9fcb700 Options.max_bytes_for_level_multiplier_addtl[0]: 1
2019/10/17-14:54:06.717106 7fc3a9fcb700 Options.max_bytes_for_level_multiplier_addtl[1]: 1
2019/10/17-14:54:06.717107 7fc3a9fcb700 Options.max_bytes_for_level_multiplier_addtl[2]: 1
2019/10/17-14:54:06.717108 7fc3a9fcb700 Options.max_bytes_for_level_multiplier_addtl[3]: 1
2019/10/17-14:54:06.717110 7fc3a9fcb700 Options.max_bytes_for_level_multiplier_addtl[4]: 1
2019/10/17-14:54:06.717111 7fc3a9fcb700 Options.max_bytes_for_level_multiplier_addtl[5]: 1
2019/10/17-14:54:06.717112 7fc3a9fcb700 Options.max_bytes_for_level_multiplier_addtl[6]: 1
2019/10/17-14:54:06.717113 7fc3a9fcb700       Options.max_sequential_skip_in_iterations: 8
2019/10/17-14:54:06.717121 7fc3a9fcb700                    Options.max_compaction_bytes: 1677721600
2019/10/17-14:54:06.717122 7fc3a9fcb700                        Options.arena_block_size: 8388608
2019/10/17-14:54:06.717123 7fc3a9fcb700   Options.soft_pending_compaction_bytes_limit: 68719476736
2019/10/17-14:54:06.717125 7fc3a9fcb700   Options.hard_pending_compaction_bytes_limit: 274877906944
2019/10/17-14:54:06.717126 7fc3a9fcb700       Options.rate_limit_delay_max_milliseconds: 100
2019/10/17-14:54:06.717127 7fc3a9fcb700                Options.disable_auto_compactions: 0
2019/10/17-14:54:06.717129 7fc3a9fcb700                        Options.compaction_style: kCompactionStyleLevel
2019/10/17-14:54:06.717130 7fc3a9fcb700                          Options.compaction_pri: kByCompensatedSize
2019/10/17-14:54:06.717132 7fc3a9fcb700 Options.compaction_options_universal.size_ratio: 1
2019/10/17-14:54:06.717133 7fc3a9fcb700 Options.compaction_options_universal.min_merge_width: 2
2019/10/17-14:54:06.717134 7fc3a9fcb700 Options.compaction_options_universal.max_merge_width: 4294967295
2019/10/17-14:54:06.717136 7fc3a9fcb700 Options.compaction_options_universal.max_size_amplification_percent: 200
2019/10/17-14:54:06.717137 7fc3a9fcb700 Options.compaction_options_universal.compression_size_percent: -1
2019/10/17-14:54:06.717138 7fc3a9fcb700 Options.compaction_options_universal.stop_style: kCompactionStopStyleTotalSize
2019/10/17-14:54:06.717140 7fc3a9fcb700 Options.compaction_options_fifo.max_table_files_size: 1073741824
2019/10/17-14:54:06.717141 7fc3a9fcb700 Options.compaction_options_fifo.allow_compaction: 0
2019/10/17-14:54:06.717142 7fc3a9fcb700 Options.compaction_options_fifo.ttl: 0
2019/10/17-14:54:06.717143 7fc3a9fcb700                   Options.table_properties_collectors: 
2019/10/17-14:54:06.717145 7fc3a9fcb700                   Options.inplace_update_support: 0
2019/10/17-14:54:06.717146 7fc3a9fcb700                 Options.inplace_update_num_locks: 10000
2019/10/17-14:54:06.717147 7fc3a9fcb700               Options.memtable_prefix_bloom_size_ratio: 0.000000
2019/10/17-14:54:06.717149 7fc3a9fcb700   Options.memtable_huge_page_size: 0
2019/10/17-14:54:06.717150 7fc3a9fcb700                           Options.bloom_locality: 0
2019/10/17-14:54:06.717152 7fc3a9fcb700                    Options.max_successive_merges: 0
2019/10/17-14:54:06.717153 7fc3a9fcb700                Options.optimize_filters_for_hits: 0
2019/10/17-14:54:06.717154 7fc3a9fcb700                Options.paranoid_file_checks: 0
2019/10/17-14:54:06.717155 7fc3a9fcb700                Options.force_consistency_checks: 0
2019/10/17-14:54:06.717157 7fc3a9fcb700                Options.report_bg_io_stats: 0
2019/10/17-14:54:06.717158 7fc3a9fcb700                               Options.ttl: 0
2019/10/17-14:54:06.717183 7fc3a9fcb700 [db/column_family.cc:472] --------------- Options for column family [entries]:
2019/10/17-14:54:06.717186 7fc3a9fcb700               Options.comparator: leveldb.BytewiseComparator
2019/10/17-14:54:06.717187 7fc3a9fcb700           Options.merge_operator: None
2019/10/17-14:54:06.717188 7fc3a9fcb700        Options.compaction_filter: None
2019/10/17-14:54:06.717190 7fc3a9fcb700        Options.compaction_filter_factory: None
2019/10/17-14:54:06.717191 7fc3a9fcb700         Options.memtable_factory: SkipListFactory
2019/10/17-14:54:06.717192 7fc3a9fcb700            Options.table_factory: BlockBasedTable
2019/10/17-14:54:06.717208 7fc3a9fcb700            table_factory options:   flush_block_policy_factory: FlushBlockBySizePolicyFactory (0x7fc3500a06b0)
  cache_index_and_filter_blocks: 0
  cache_index_and_filter_blocks_with_high_priority: 0
  pin_l0_filter_and_index_blocks_in_cache: 0
  pin_top_level_index_and_filter: 1
  index_type: 0
  hash_index_allow_collision: 1
  checksum: 1
  no_block_cache: 0
  block_cache: 0x7fc350053e00
  block_cache_name: LRUCache
  block_cache_options:
    capacity : 8388608
    num_shard_bits : 4
    strict_capacity_limit : 0
    memory_allocator : None
    high_pri_pool_ratio: 0.000
  block_cache_compressed: (nil)
  persistent_cache: (nil)
  block_size: 4096
  block_size_deviation: 10
  block_restart_interval: 16
  index_block_restart_interval: 1
  metadata_block_size: 4096
  partition_filters: 0
  use_delta_encoding: 1
  filter_policy: nullptr
  whole_key_filtering: 1
  verify_compression: 0
  read_amp_bytes_per_bit: 0
  format_version: 2
  enable_index_compression: 1
  block_align: 0
2019/10/17-14:54:06.717218 7fc3a9fcb700        Options.write_buffer_size: 67108864
2019/10/17-14:54:06.717220 7fc3a9fcb700  Options.max_write_buffer_number: 2
2019/10/17-14:54:06.717221 7fc3a9fcb700          Options.compression: NoCompression
2019/10/17-14:54:06.717223 7fc3a9fcb700                  Options.bottommost_compression: Disabled
2019/10/17-14:54:06.717224 7fc3a9fcb700       Options.prefix_extractor: nullptr
2019/10/17-14:54:06.717225 7fc3a9fcb700   Options.memtable_insert_with_hint_prefix_extractor: nullptr
2019/10/17-14:54:06.717226 7fc3a9fcb700             Options.num_levels: 7
2019/10/17-14:54:06.717228 7fc3a9fcb700        Options.min_write_buffer_number_to_merge: 1
2019/10/17-14:54:06.717229 7fc3a9fcb700     Options.max_write_buffer_number_to_maintain: 0
2019/10/17-14:54:06.717230 7fc3a9fcb700            Options.bottommost_compression_opts.window_bits: -14
2019/10/17-14:54:06.717231 7fc3a9fcb700                  Options.bottommost_compression_opts.level: 32767
2019/10/17-14:54:06.717233 7fc3a9fcb700               Options.bottommost_compression_opts.strategy: 0
2019/10/17-14:54:06.717234 7fc3a9fcb700         Options.bottommost_compression_opts.max_dict_bytes: 0
2019/10/17-14:54:06.717235 7fc3a9fcb700         Options.bottommost_compression_opts.zstd_max_train_bytes: 0
2019/10/17-14:54:06.717236 7fc3a9fcb700                  Options.bottommost_compression_opts.enabled: false
2019/10/17-14:54:06.717238 7fc3a9fcb700            Options.compression_opts.window_bits: -14
2019/10/17-14:54:06.717239 7fc3a9fcb700                  Options.compression_opts.level: 32767
2019/10/17-14:54:06.717240 7fc3a9fcb700               Options.compression_opts.strategy: 0
2019/10/17-14:54:06.717241 7fc3a9fcb700         Options.compression_opts.max_dict_bytes: 0
2019/10/17-14:54:06.717243 7fc3a9fcb700         Options.compression_opts.zstd_max_train_bytes: 0
2019/10/17-14:54:06.717244 7fc3a9fcb700                  Options.compression_opts.enabled: false
2019/10/17-14:54:06.717245 7fc3a9fcb700      Options.level0_file_num_compaction_trigger: 4
2019/10/17-14:54:06.717246 7fc3a9fcb700          Options.level0_slowdown_writes_trigger: 20
2019/10/17-14:54:06.717248 7fc3a9fcb700              Options.level0_stop_writes_trigger: 36
2019/10/17-14:54:06.717249 7fc3a9fcb700                   Options.target_file_size_base: 67108864
2019/10/17-14:54:06.717250 7fc3a9fcb700             Options.target_file_size_multiplier: 1
2019/10/17-14:54:06.717251 7fc3a9fcb700                Options.max_bytes_for_level_base: 268435456
2019/10/17-14:54:06.717253 7fc3a9fcb700 Options.level_compaction_dynamic_level_bytes: 0
2019/10/17-14:54:06.717254 7fc3a9fcb700          Options.max_bytes_for_level_multiplier: 10.000000
2019/10/17-14:54:06.717256 7fc3a9fcb700 Options.max_bytes_for_level_multiplier_addtl[0]: 1
2019/10/17-14:54:06.717257 7fc3a9fcb700 Options.max_bytes_for_level_multiplier_addtl[1]: 1
2019/10/17-14:54:06.717259 7fc3a9fcb700 Options.max_bytes_for_level_multiplier_addtl[2]: 1
2019/10/17-14:54:06.717260 7fc3a9fcb700 Options.max_bytes_for_level_multiplier_addtl[3]: 1
2019/10/17-14:54:06.717261 7fc3a9fcb700 Options.max_bytes_for_level_multiplier_addtl[4]: 1
2019/10/17-14:54:06.717262 7fc3a9fcb700 Options.max_bytes_for_level_multiplier_addtl[5]: 1
2019/10/17-14:54:06.717264 7fc3a9fcb700 Options.max_bytes_for_level_multiplier_addtl[6]: 1
2019/10/17-14:54:06.717265 7fc3a9fcb700       Options.max_sequential_skip_in_iterations: 8
2019/10/17-14:54:06.717266 7fc3a9fcb700                    Options.max_compaction_bytes: 1677721600
2019/10/17-14:54:06.717267 7fc3a9fcb700                        Options.arena_block_size: 8388608
2019/10/17-14:54:06.717269 7fc3a9fcb700   Options.soft_pending_compaction_bytes_limit: 68719476736
2019/10/17-14:54:06.717276 7fc3a9fcb700   Options.hard_pending_compaction_bytes_limit: 274877906944
2019/10/17-14:54:06.717278 7fc3a9fcb700       Options.rate_limit_delay_max_milliseconds: 100
2019/10/17-14:54:06.717279 7fc3a9fcb700                Options.disable_auto_compactions: 0
2019/10/17-14:54:06.717280 7fc3a9fcb700                        Options.compaction_style: kCompactionStyleLevel
2019/10/17-14:54:06.717282 7fc3a9fcb700                          Options.compaction_pri: kByCompensatedSize
2019/10/17-14:54:06.717283 7fc3a9fcb700 Options.compaction_options_universal.size_ratio: 1
2019/10/17-14:54:06.717285 7fc3a9fcb700 Options.compaction_options_universal.min_merge_width: 2
2019/10/17-14:54:06.717286 7fc3a9fcb700 Options.compaction_options_universal.max_merge_width: 4294967295
2019/10/17-14:54:06.717287 7fc3a9fcb700 Options.compaction_options_universal.max_size_amplification_percent: 200
2019/10/17-14:54:06.717288 7fc3a9fcb700 Options.compaction_options_universal.compression_size_percent: -1
2019/10/17-14:54:06.717290 7fc3a9fcb700 Options.compaction_options_universal.stop_style: kCompactionStopStyleTotalSize
2019/10/17-14:54:06.717291 7fc3a9fcb700 Options.compaction_options_fifo.max_table_files_size: 1073741824
2019/10/17-14:54:06.717292 7fc3a9fcb700 Options.compaction_options_fifo.allow_compaction: 0
2019/10/17-14:54:06.717293 7fc3a9fcb700 Options.compaction_options_fifo.ttl: 0
2019/10/17-14:54:06.717295 7fc3a9fcb700                   Options.table_properties_collectors: 
2019/10/17-14:54:06.717296 7fc3a9fcb700                   Options.inplace_update_support: 0
2019/10/17-14:54:06.717297 7fc3a9fcb700                 Options.inplace_update_num_locks: 10000
2019/10/17-14:54:06.717299 7fc3a9fcb700               Options.memtable_prefix_bloom_size_ratio: 0.000000
2019/10/17-14:54:06.717300 7fc3a9fcb700   Options.memtable_huge_page_size: 0
2019/10/17-14:54:06.717302 7fc3a9fcb700                           Options.bloom_locality: 0
2019/10/17-14:54:06.717303 7fc3a9fcb700                    Options.max_successive_merges: 0
2019/10/17-14:54:06.717304 7fc3a9fcb700                Options.optimize_filters_for_hits: 0
2019/10/17-14:54:06.717305 7fc3a9fcb700                Options.paranoid_file_checks: 0
2019/10/17-14:54:06.717307 7fc3a9fcb700                Options.force_consistency_checks: 0
2019/10/17-14:54:06.717308 7fc3a9fcb700                Options.report_bg_io_stats: 0
2019/10/17-14:54:06.717309 7fc3a9fcb700                               Options.ttl: 0
2019/10/17-14:54:06.717333 7fc3a9fcb700 [db/column_family.cc:472] --------------- Options for column family [dc_entries]:
2019/10/17-14:54:06.717335 7fc3a9fcb700               Options.comparator: leveldb.BytewiseComparator
2019/10/17-14:54:06.717336 7fc3a9fcb700           Options.merge_operator: None
2019/10/17-14:54:06.717337 7fc3a9fcb700        Options.compaction_filter: None
2019/10/17-14:54:06.717339 7fc3a9fcb700        Options.compaction_filter_factory: None
2019/10/17-14:54:06.717340 7fc3a9fcb700         Options.memtable_factory: SkipListFactory
2019/10/17-14:54:06.717341 7fc3a9fcb700            Options.table_factory: BlockBasedTable
2019/10/17-14:54:06.717356 7fc3a9fcb700            table_factory options:   flush_block_policy_factory: FlushBlockBySizePolicyFactory (0x7fc3500d7ce0)
  cache_index_and_filter_blocks: 0
  cache_index_and_filter_blocks_with_high_priority: 0
  pin_l0_filter_and_index_blocks_in_cache: 0
  pin_top_level_index_and_filter: 1
  index_type: 0
  hash_index_allow_collision: 1
  checksum: 1
  no_block_cache: 0
  block_cache: 0x7fc3500956c0
  block_cache_name: LRUCache
  block_cache_options:
    capacity : 8388608
    num_shard_bits : 4
    strict_capacity_limit : 0
    memory_allocator : None
    high_pri_pool_ratio: 0.000
  block_cache_compressed: (nil)
  persistent_cache: (nil)
  block_size: 4096
  block_size_deviation: 10
  block_restart_interval: 16
  index_block_restart_interval: 1
  metadata_block_size: 4096
  partition_filters: 0
  use_delta_encoding: 1
  filter_policy: nullptr
  whole_key_filtering: 1
  verify_compression: 0
  read_amp_bytes_per_bit: 0
  format_version: 2
  enable_index_compression: 1
  block_align: 0
2019/10/17-14:54:06.717381 7fc3a9fcb700        Options.write_buffer_size: 67108864
2019/10/17-14:54:06.717382 7fc3a9fcb700  Options.max_write_buffer_number: 2
2019/10/17-14:54:06.717383 7fc3a9fcb700          Options.compression: NoCompression
2019/10/17-14:54:06.717384 7fc3a9fcb700                  Options.bottommost_compression: Disabled
2019/10/17-14:54:06.717385 7fc3a9fcb700       Options.prefix_extractor: nullptr
2019/10/17-14:54:06.717386 7fc3a9fcb700   Options.memtable_insert_with_hint_prefix_extractor: nullptr
2019/10/17-14:54:06.717387 7fc3a9fcb700             Options.num_levels: 7
2019/10/17-14:54:06.717388 7fc3a9fcb700        Options.min_write_buffer_number_to_merge: 1
2019/10/17-14:54:06.717389 7fc3a9fcb700     Options.max_write_buffer_number_to_maintain: 0
2019/10/17-14:54:06.717390 7fc3a9fcb700            Options.bottommost_compression_opts.window_bits: -14
2019/10/17-14:54:06.717391 7fc3a9fcb700                  Options.bottommost_compression_opts.level: 32767
2019/10/17-14:54:06.717392 7fc3a9fcb700               Options.bottommost_compression_opts.strategy: 0
2019/10/17-14:54:06.717393 7fc3a9fcb700         Options.bottommost_compression_opts.max_dict_bytes: 0
2019/10/17-14:54:06.717394 7fc3a9fcb700         Options.bottommost_compression_opts.zstd_max_train_bytes: 0
2019/10/17-14:54:06.717395 7fc3a9fcb700                  Options.bottommost_compression_opts.enabled: false
2019/10/17-14:54:06.717396 7fc3a9fcb700            Options.compression_opts.window_bits: -14
2019/10/17-14:54:06.717397 7fc3a9fcb700                  Options.compression_opts.level: 32767
2019/10/17-14:54:06.717398 7fc3a9fcb700               Options.compression_opts.strategy: 0
2019/10/17-14:54:06.717399 7fc3a9fcb700         Options.compression_opts.max_dict_bytes: 0
2019/10/17-14:54:06.717400 7fc3a9fcb700         Options.compression_opts.zstd_max_train_bytes: 0
2019/10/17-14:54:06.717401 7fc3a9fcb700                  Options.compression_opts.enabled: false
2019/10/17-14:54:06.717402 7fc3a9fcb700      Options.level0_file_num_compaction_trigger: 4
2019/10/17-14:54:06.717403 7fc3a9fcb700          Options.level0_slowdown_writes_trigger: 20
2019/10/17-14:54:06.717404 7fc3a9fcb700              Options.level0_stop_writes_trigger: 36
2019/10/17-14:54:06.717405 7fc3a9fcb700                   Options.target_file_size_base: 67108864
2019/10/17-14:54:06.717406 7fc3a9fcb700             Options.target_file_size_multiplier: 1
2019/10/17-14:54:06.717407 7fc3a9fcb700                Options.max_bytes_for_level_base: 268435456
2019/10/17-14:54:06.717408 7fc3a9fcb700 Options.level_compaction_dynamic_level_bytes: 0
2019/10/17-14:54:06.717409 7fc3a9fcb700          Options.max_bytes_for_level_multiplier: 10.000000
2019/10/17-14:54:06.717411 7fc3a9fcb700 Options.max_bytes_for_level_multiplier_addtl[0]: 1
2019/10/17-14:54:06.717412 7fc3a9fcb700 Options.max_bytes_for_level_multiplier_addtl[1]: 1
2019/10/17-14:54:06.717413 7fc3a9fcb700 Options.max_bytes_for_level_multiplier_addtl[2]: 1
2019/10/17-14:54:06.717414 7fc3a9fcb700 Options.max_bytes_for_level_multiplier_addtl[3]: 1
2019/10/17-14:54:06.717415 7fc3a9fcb700 Options.max_bytes_for_level_multiplier_addtl[4]: 1
2019/10/17-14:54:06.717416 7fc3a9fcb700 Options.max_bytes_for_level_multiplier_addtl[5]: 1
2019/10/17-14:54:06.717417 7fc3a9fcb700 Options.max_bytes_for_level_multiplier_addtl[6]: 1
2019/10/17-14:54:06.717418 7fc3a9fcb700       Options.max_sequential_skip_in_iterations: 8
2019/10/17-14:54:06.717419 7fc3a9fcb700                    Options.max_compaction_bytes: 1677721600
2019/10/17-14:54:06.717420 7fc3a9fcb700                        Options.arena_block_size: 8388608
2019/10/17-14:54:06.717421 7fc3a9fcb700   Options.soft_pending_compaction_bytes_limit: 68719476736
2019/10/17-14:54:06.717422 7fc3a9fcb700   Options.hard_pending_compaction_bytes_limit: 274877906944
2019/10/17-14:54:06.717423 7fc3a9fcb700       Options.rate_limit_delay_max_milliseconds: 100
2019/10/17-14:54:06.717424 7fc3a9fcb700                Options.disable_auto_compactions: 0
2019/10/17-14:54:06.717430 7fc3a9fcb700                        Options.compaction_style: kCompactionStyleLevel
2019/10/17-14:54:06.717432 7fc3a9fcb700                          Options.compaction_pri: kByCompensatedSize
2019/10/17-14:54:06.717433 7fc3a9fcb700 Options.compaction_options_universal.size_ratio: 1
2019/10/17-14:54:06.717434 7fc3a9fcb700 Options.compaction_options_universal.min_merge_width: 2
2019/10/17-14:54:06.717435 7fc3a9fcb700 Options.compaction_options_universal.max_merge_width: 4294967295
2019/10/17-14:54:06.717436 7fc3a9fcb700 Options.compaction_options_universal.max_size_amplification_percent: 200
2019/10/17-14:54:06.717437 7fc3a9fcb700 Options.compaction_options_universal.compression_size_percent: -1
2019/10/17-14:54:06.717438 7fc3a9fcb700 Options.compaction_options_universal.stop_style: kCompactionStopStyleTotalSize
2019/10/17-14:54:06.717439 7fc3a9fcb700 Options.compaction_options_fifo.max_table_files_size: 1073741824
2019/10/17-14:54:06.717440 7fc3a9fcb700 Options.compaction_options_fifo.allow_compaction: 0
2019/10/17-14:54:06.717441 7fc3a9fcb700 Options.compaction_options_fifo.ttl: 0
2019/10/17-14:54:06.717442 7fc3a9fcb700                   Options.table_properties_collectors: 
2019/10/17-14:54:06.717443 7fc3a9fcb700                   Options.inplace_update_support: 0
2019/10/17-14:54:06.717444 7fc3a9fcb700                 Options.inplace_update_num_locks: 10000
2019/10/17-14:54:06.717445 7fc3a9fcb700               Options.memtable_prefix_bloom_size_ratio: 0.000000
2019/10/17-14:54:06.717446 7fc3a9fcb700   Options.memtable_huge_page_size: 0
2019/10/17-14:54:06.717447 7fc3a9fcb700                           Options.bloom_locality: 0
2019/10/17-14:54:06.717448 7fc3a9fcb700                    Options.max_successive_merges: 0
2019/10/17-14:54:06.717449 7fc3a9fcb700                Options.optimize_filters_for_hits: 0
2019/10/17-14:54:06.717450 7fc3a9fcb700                Options.paranoid_file_checks: 0
2019/10/17-14:54:06.717451 7fc3a9fcb700                Options.force_consistency_checks: 0
2019/10/17-14:54:06.717452 7fc3a9fcb700                Options.report_bg_io_stats: 0
2019/10/17-14:54:06.717453 7fc3a9fcb700                               Options.ttl: 0
2019/10/17-14:54:06.717468 7fc3a9fcb700 [db/column_family.cc:472] --------------- Options for column family [htlcs]:
2019/10/17-14:54:06.717470 7fc3a9fcb700               Options.comparator: leveldb.BytewiseComparator
2019/10/17-14:54:06.717471 7fc3a9fcb700           Options.merge_operator: None
2019/10/17-14:54:06.717472 7fc3a9fcb700        Options.compaction_filter: None
2019/10/17-14:54:06.717473 7fc3a9fcb700        Options.compaction_filter_factory: None
2019/10/17-14:54:06.717474 7fc3a9fcb700         Options.memtable_factory: SkipListFactory
2019/10/17-14:54:06.717475 7fc3a9fcb700            Options.table_factory: BlockBasedTable
2019/10/17-14:54:06.717487 7fc3a9fcb700            table_factory options:   flush_block_policy_factory: FlushBlockBySizePolicyFactory (0x7fc3500898e0)
