2019/10/17-14:55:04.683417 7fc3a9fcb700 RocksDB version: 5.18.3
2019/10/17-14:55:04.683442 7fc3a9fcb700 Git sha rocksdb_build_git_sha:@0@
2019/10/17-14:55:04.683443 7fc3a9fcb700 Compile date Sep 19 2019
2019/10/17-14:55:04.683444 7fc3a9fcb700 DB SUMMARY
2019/10/17-14:55:04.683993 7fc3a9fcb700 CURRENT file:  CURRENT
2019/10/17-14:55:04.683995 7fc3a9fcb700 IDENTITY file:  IDENTITY
2019/10/17-14:55:04.684016 7fc3a9fcb700 MANIFEST file:  MANIFEST-116281 size: 4114 Bytes
2019/10/17-14:55:04.684018 7fc3a9fcb700 SST files in /home/rahul/dev/blockchain-core/eqc/ledger.db dir, Total Num: 29, files: 000624.sst 000627.sst 106940.sst 108447.sst 108450.sst 109471.sst 109483.sst 109485.sst 109486.sst 
2019/10/17-14:55:04.684018 7fc3a9fcb700 Write Ahead Log file in /home/rahul/dev/blockchain-core/eqc/ledger.db: 116282.log size: 0 ; 
2019/10/17-14:55:04.684043 7fc3a9fcb700                         Options.error_if_exists: 0
2019/10/17-14:55:04.684044 7fc3a9fcb700                       Options.create_if_missing: 1
2019/10/17-14:55:04.684045 7fc3a9fcb700                         Options.paranoid_checks: 1
2019/10/17-14:55:04.684046 7fc3a9fcb700                                     Options.env: 0x7fc32ae1fc60
2019/10/17-14:55:04.684046 7fc3a9fcb700                                Options.info_log: 0x7fc35006d350
2019/10/17-14:55:04.684047 7fc3a9fcb700                Options.max_file_opening_threads: 16
2019/10/17-14:55:04.684047 7fc3a9fcb700                              Options.statistics: (nil)
2019/10/17-14:55:04.684048 7fc3a9fcb700                               Options.use_fsync: 0
2019/10/17-14:55:04.684049 7fc3a9fcb700                       Options.max_log_file_size: 0
2019/10/17-14:55:04.684049 7fc3a9fcb700                  Options.max_manifest_file_size: 1073741824
2019/10/17-14:55:04.684050 7fc3a9fcb700                   Options.log_file_time_to_roll: 0
2019/10/17-14:55:04.684050 7fc3a9fcb700                       Options.keep_log_file_num: 1000
2019/10/17-14:55:04.684051 7fc3a9fcb700                    Options.recycle_log_file_num: 0
2019/10/17-14:55:04.684052 7fc3a9fcb700                         Options.allow_fallocate: 1
2019/10/17-14:55:04.684052 7fc3a9fcb700                        Options.allow_mmap_reads: 0
2019/10/17-14:55:04.684053 7fc3a9fcb700                       Options.allow_mmap_writes: 0
2019/10/17-14:55:04.684053 7fc3a9fcb700                        Options.use_direct_reads: 0
2019/10/17-14:55:04.684054 7fc3a9fcb700                        Options.use_direct_io_for_flush_and_compaction: 0
2019/10/17-14:55:04.684054 7fc3a9fcb700          Options.create_missing_column_families: 0
2019/10/17-14:55:04.684055 7fc3a9fcb700                              Options.db_log_dir: 
2019/10/17-14:55:04.684055 7fc3a9fcb700                                 Options.wal_dir: /home/rahul/dev/blockchain-core/eqc/ledger.db
2019/10/17-14:55:04.684056 7fc3a9fcb700                Options.table_cache_numshardbits: 6
2019/10/17-14:55:04.684057 7fc3a9fcb700                      Options.max_subcompactions: 1
2019/10/17-14:55:04.684057 7fc3a9fcb700                  Options.max_background_flushes: -1
2019/10/17-14:55:04.684058 7fc3a9fcb700                         Options.WAL_ttl_seconds: 0
2019/10/17-14:55:04.684058 7fc3a9fcb700                       Options.WAL_size_limit_MB: 0
2019/10/17-14:55:04.684059 7fc3a9fcb700             Options.manifest_preallocation_size: 4194304
2019/10/17-14:55:04.684059 7fc3a9fcb700                     Options.is_fd_close_on_exec: 1
2019/10/17-14:55:04.684060 7fc3a9fcb700                   Options.advise_random_on_open: 1
2019/10/17-14:55:04.684060 7fc3a9fcb700                    Options.db_write_buffer_size: 0
2019/10/17-14:55:04.684061 7fc3a9fcb700                    Options.write_buffer_manager: 0x7fc350102ae0
2019/10/17-14:55:04.684061 7fc3a9fcb700         Options.access_hint_on_compaction_start: 1
2019/10/17-14:55:04.684062 7fc3a9fcb700  Options.new_table_reader_for_compaction_inputs: 0
2019/10/17-14:55:04.684063 7fc3a9fcb700           Options.random_access_max_buffer_size: 1048576
2019/10/17-14:55:04.684063 7fc3a9fcb700                      Options.use_adaptive_mutex: 0
2019/10/17-14:55:04.684064 7fc3a9fcb700                            Options.rate_limiter: (nil)
2019/10/17-14:55:04.684072 7fc3a9fcb700     Options.sst_file_manager.rate_bytes_per_sec: 0
2019/10/17-14:55:04.684072 7fc3a9fcb700                       Options.wal_recovery_mode: 2
2019/10/17-14:55:04.684073 7fc3a9fcb700                  Options.enable_thread_tracking: 0
2019/10/17-14:55:04.684073 7fc3a9fcb700                  Options.enable_pipelined_write: 0
2019/10/17-14:55:04.684074 7fc3a9fcb700         Options.allow_concurrent_memtable_write: 1
2019/10/17-14:55:04.684074 7fc3a9fcb700      Options.enable_write_thread_adaptive_yield: 1
2019/10/17-14:55:04.684075 7fc3a9fcb700             Options.write_thread_max_yield_usec: 100
2019/10/17-14:55:04.684076 7fc3a9fcb700            Options.write_thread_slow_yield_usec: 3
2019/10/17-14:55:04.684076 7fc3a9fcb700                               Options.row_cache: None
2019/10/17-14:55:04.684077 7fc3a9fcb700                              Options.wal_filter: None
2019/10/17-14:55:04.684077 7fc3a9fcb700             Options.avoid_flush_during_recovery: 0
2019/10/17-14:55:04.684078 7fc3a9fcb700             Options.allow_ingest_behind: 0
2019/10/17-14:55:04.684078 7fc3a9fcb700             Options.preserve_deletes: 0
2019/10/17-14:55:04.684079 7fc3a9fcb700             Options.two_write_queues: 0
2019/10/17-14:55:04.684079 7fc3a9fcb700             Options.manual_wal_flush: 0
2019/10/17-14:55:04.684080 7fc3a9fcb700             Options.max_background_jobs: 2
2019/10/17-14:55:04.684081 7fc3a9fcb700             Options.max_background_compactions: -1
2019/10/17-14:55:04.684081 7fc3a9fcb700             Options.avoid_flush_during_shutdown: 0
2019/10/17-14:55:04.684082 7fc3a9fcb700           Options.writable_file_max_buffer_size: 1048576
2019/10/17-14:55:04.684082 7fc3a9fcb700             Options.delayed_write_rate : 16777216
2019/10/17-14:55:04.684083 7fc3a9fcb700             Options.max_total_wal_size: 0
2019/10/17-14:55:04.684083 7fc3a9fcb700             Options.delete_obsolete_files_period_micros: 21600000000
2019/10/17-14:55:04.684084 7fc3a9fcb700                   Options.stats_dump_period_sec: 600
2019/10/17-14:55:04.684084 7fc3a9fcb700                          Options.max_open_files: -1
2019/10/17-14:55:04.684085 7fc3a9fcb700                          Options.bytes_per_sync: 0
2019/10/17-14:55:04.684086 7fc3a9fcb700                      Options.wal_bytes_per_sync: 0
2019/10/17-14:55:04.684086 7fc3a9fcb700       Options.compaction_readahead_size: 0
2019/10/17-14:55:04.684087 7fc3a9fcb700 Compression algorithms supported:
2019/10/17-14:55:04.684087 7fc3a9fcb700 	kZSTDNotFinalCompression supported: 0
2019/10/17-14:55:04.684088 7fc3a9fcb700 	kZSTD supported: 0
2019/10/17-14:55:04.684089 7fc3a9fcb700 	kXpressCompression supported: 0
2019/10/17-14:55:04.684090 7fc3a9fcb700 	kLZ4HCCompression supported: 0
2019/10/17-14:55:04.684090 7fc3a9fcb700 	kLZ4Compression supported: 0
2019/10/17-14:55:04.684091 7fc3a9fcb700 	kBZip2Compression supported: 0
2019/10/17-14:55:04.684091 7fc3a9fcb700 	kZlibCompression supported: 0
2019/10/17-14:55:04.684092 7fc3a9fcb700 	kSnappyCompression supported: 0
2019/10/17-14:55:04.684093 7fc3a9fcb700 Fast CRC32 supported: Supported on x86
2019/10/17-14:55:04.684163 7fc3a9fcb700 [db/version_set.cc:3507] Recovering from manifest file: MANIFEST-116281
2019/10/17-14:55:04.684187 7fc3a9fcb700 [db/column_family.cc:472] --------------- Options for column family [default]:
2019/10/17-14:55:04.684188 7fc3a9fcb700               Options.comparator: leveldb.BytewiseComparator
2019/10/17-14:55:04.684189 7fc3a9fcb700           Options.merge_operator: None
2019/10/17-14:55:04.684190 7fc3a9fcb700        Options.compaction_filter: None
2019/10/17-14:55:04.684190 7fc3a9fcb700        Options.compaction_filter_factory: None
2019/10/17-14:55:04.684191 7fc3a9fcb700         Options.memtable_factory: SkipListFactory
2019/10/17-14:55:04.684191 7fc3a9fcb700            Options.table_factory: BlockBasedTable
2019/10/17-14:55:04.684202 7fc3a9fcb700            table_factory options:   flush_block_policy_factory: FlushBlockBySizePolicyFactory (0x7fc350034e50)
  cache_index_and_filter_blocks: 0
  cache_index_and_filter_blocks_with_high_priority: 0
  pin_l0_filter_and_index_blocks_in_cache: 0
  pin_top_level_index_and_filter: 1
  index_type: 0
  hash_index_allow_collision: 1
  checksum: 1
  no_block_cache: 0
  block_cache: 0x7fc3500293b0
  block_cache_name: LRUCache
  block_cache_options:
    capacity : 8388608
    num_shard_bits : 4
    strict_capacity_limit : 0
    memory_allocator : None
    high_pri_pool_ratio: 0.000
  block_cache_compressed: (nil)
  persistent_cache: (nil)
  block_size: 4096
  block_size_deviation: 10
  block_restart_interval: 16
  index_block_restart_interval: 1
  metadata_block_size: 4096
  partition_filters: 0
  use_delta_encoding: 1
  filter_policy: nullptr
  whole_key_filtering: 1
  verify_compression: 0
  read_amp_bytes_per_bit: 0
  format_version: 2
  enable_index_compression: 1
  block_align: 0
2019/10/17-14:55:04.684208 7fc3a9fcb700        Options.write_buffer_size: 67108864
2019/10/17-14:55:04.684209 7fc3a9fcb700  Options.max_write_buffer_number: 2
2019/10/17-14:55:04.684210 7fc3a9fcb700          Options.compression: NoCompression
2019/10/17-14:55:04.684210 7fc3a9fcb700                  Options.bottommost_compression: Disabled
2019/10/17-14:55:04.684211 7fc3a9fcb700       Options.prefix_extractor: nullptr
2019/10/17-14:55:04.684211 7fc3a9fcb700   Options.memtable_insert_with_hint_prefix_extractor: nullptr
2019/10/17-14:55:04.684212 7fc3a9fcb700             Options.num_levels: 7
2019/10/17-14:55:04.684212 7fc3a9fcb700        Options.min_write_buffer_number_to_merge: 1
2019/10/17-14:55:04.684213 7fc3a9fcb700     Options.max_write_buffer_number_to_maintain: 0
2019/10/17-14:55:04.684213 7fc3a9fcb700            Options.bottommost_compression_opts.window_bits: -14
2019/10/17-14:55:04.684214 7fc3a9fcb700                  Options.bottommost_compression_opts.level: 32767
2019/10/17-14:55:04.684215 7fc3a9fcb700               Options.bottommost_compression_opts.strategy: 0
2019/10/17-14:55:04.684215 7fc3a9fcb700         Options.bottommost_compression_opts.max_dict_bytes: 0
2019/10/17-14:55:04.684216 7fc3a9fcb700         Options.bottommost_compression_opts.zstd_max_train_bytes: 0
2019/10/17-14:55:04.684216 7fc3a9fcb700                  Options.bottommost_compression_opts.enabled: false
2019/10/17-14:55:04.684217 7fc3a9fcb700            Options.compression_opts.window_bits: -14
2019/10/17-14:55:04.684217 7fc3a9fcb700                  Options.compression_opts.level: 32767
2019/10/17-14:55:04.684218 7fc3a9fcb700               Options.compression_opts.strategy: 0
2019/10/17-14:55:04.684218 7fc3a9fcb700         Options.compression_opts.max_dict_bytes: 0
2019/10/17-14:55:04.684219 7fc3a9fcb700         Options.compression_opts.zstd_max_train_bytes: 0
2019/10/17-14:55:04.684219 7fc3a9fcb700                  Options.compression_opts.enabled: false
2019/10/17-14:55:04.684220 7fc3a9fcb700      Options.level0_file_num_compaction_trigger: 4
2019/10/17-14:55:04.684221 7fc3a9fcb700          Options.level0_slowdown_writes_trigger: 20
2019/10/17-14:55:04.684221 7fc3a9fcb700              Options.level0_stop_writes_trigger: 36
2019/10/17-14:55:04.684222 7fc3a9fcb700                   Options.target_file_size_base: 67108864
2019/10/17-14:55:04.684222 7fc3a9fcb700             Options.target_file_size_multiplier: 1
2019/10/17-14:55:04.684223 7fc3a9fcb700                Options.max_bytes_for_level_base: 268435456
2019/10/17-14:55:04.684223 7fc3a9fcb700 Options.level_compaction_dynamic_level_bytes: 0
2019/10/17-14:55:04.684224 7fc3a9fcb700          Options.max_bytes_for_level_multiplier: 10.000000
2019/10/17-14:55:04.684225 7fc3a9fcb700 Options.max_bytes_for_level_multiplier_addtl[0]: 1
2019/10/17-14:55:04.684226 7fc3a9fcb700 Options.max_bytes_for_level_multiplier_addtl[1]: 1
2019/10/17-14:55:04.684227 7fc3a9fcb700 Options.max_bytes_for_level_multiplier_addtl[2]: 1
2019/10/17-14:55:04.684227 7fc3a9fcb700 Options.max_bytes_for_level_multiplier_addtl[3]: 1
2019/10/17-14:55:04.684228 7fc3a9fcb700 Options.max_bytes_for_level_multiplier_addtl[4]: 1
2019/10/17-14:55:04.684231 7fc3a9fcb700 Options.max_bytes_for_level_multiplier_addtl[5]: 1
2019/10/17-14:55:04.684232 7fc3a9fcb700 Options.max_bytes_for_level_multiplier_addtl[6]: 1
2019/10/17-14:55:04.684232 7fc3a9fcb700       Options.max_sequential_skip_in_iterations: 8
2019/10/17-14:55:04.684233 7fc3a9fcb700                    Options.max_compaction_bytes: 1677721600
2019/10/17-14:55:04.684233 7fc3a9fcb700                        Options.arena_block_size: 8388608
2019/10/17-14:55:04.684234 7fc3a9fcb700   Options.soft_pending_compaction_bytes_limit: 68719476736
2019/10/17-14:55:04.684234 7fc3a9fcb700   Options.hard_pending_compaction_bytes_limit: 274877906944
2019/10/17-14:55:04.684235 7fc3a9fcb700       Options.rate_limit_delay_max_milliseconds: 100
2019/10/17-14:55:04.684235 7fc3a9fcb700                Options.disable_auto_compactions: 0
2019/10/17-14:55:04.684236 7fc3a9fcb700                        Options.compaction_style: kCompactionStyleLevel
2019/10/17-14:55:04.684238 7fc3a9fcb700                          Options.compaction_pri: kByCompensatedSize
2019/10/17-14:55:04.684238 7fc3a9fcb700 Options.compaction_options_universal.size_ratio: 1
2019/10/17-14:55:04.684239 7fc3a9fcb700 Options.compaction_options_universal.min_merge_width: 2
2019/10/17-14:55:04.684239 7fc3a9fcb700 Options.compaction_options_universal.max_merge_width: 4294967295
2019/10/17-14:55:04.684240 7fc3a9fcb700 Options.compaction_options_universal.max_size_amplification_percent: 200
2019/10/17-14:55:04.684240 7fc3a9fcb700 Options.compaction_options_universal.compression_size_percent: -1
2019/10/17-14:55:04.684241 7fc3a9fcb700 Options.compaction_options_universal.stop_style: kCompactionStopStyleTotalSize
2019/10/17-14:55:04.684242 7fc3a9fcb700 Options.compaction_options_fifo.max_table_files_size: 1073741824
2019/10/17-14:55:04.684242 7fc3a9fcb700 Options.compaction_options_fifo.allow_compaction: 0
2019/10/17-14:55:04.684243 7fc3a9fcb700 Options.compaction_options_fifo.ttl: 0
2019/10/17-14:55:04.684243 7fc3a9fcb700                   Options.table_properties_collectors: 
2019/10/17-14:55:04.684244 7fc3a9fcb700                   Options.inplace_update_support: 0
2019/10/17-14:55:04.684244 7fc3a9fcb700                 Options.inplace_update_num_locks: 10000
2019/10/17-14:55:04.684245 7fc3a9fcb700               Options.memtable_prefix_bloom_size_ratio: 0.000000
2019/10/17-14:55:04.684246 7fc3a9fcb700   Options.memtable_huge_page_size: 0
2019/10/17-14:55:04.684246 7fc3a9fcb700                           Options.bloom_locality: 0
2019/10/17-14:55:04.684247 7fc3a9fcb700                    Options.max_successive_merges: 0
2019/10/17-14:55:04.684247 7fc3a9fcb700                Options.optimize_filters_for_hits: 0
2019/10/17-14:55:04.684248 7fc3a9fcb700                Options.paranoid_file_checks: 0
2019/10/17-14:55:04.684248 7fc3a9fcb700                Options.force_consistency_checks: 0
2019/10/17-14:55:04.684249 7fc3a9fcb700                Options.report_bg_io_stats: 0
2019/10/17-14:55:04.684249 7fc3a9fcb700                               Options.ttl: 0
2019/10/17-14:55:04.684272 7fc3a9fcb700 [db/column_family.cc:472] --------------- Options for column family [active_gateways]:
2019/10/17-14:55:04.684274 7fc3a9fcb700               Options.comparator: leveldb.BytewiseComparator
2019/10/17-14:55:04.684274 7fc3a9fcb700           Options.merge_operator: None
2019/10/17-14:55:04.684275 7fc3a9fcb700        Options.compaction_filter: None
2019/10/17-14:55:04.684275 7fc3a9fcb700        Options.compaction_filter_factory: None
2019/10/17-14:55:04.684276 7fc3a9fcb700         Options.memtable_factory: SkipListFactory
2019/10/17-14:55:04.684276 7fc3a9fcb700            Options.table_factory: BlockBasedTable
2019/10/17-14:55:04.684284 7fc3a9fcb700            table_factory options:   flush_block_policy_factory: FlushBlockBySizePolicyFactory (0x7fc35000a6f0)
  cache_index_and_filter_blocks: 0
  cache_index_and_filter_blocks_with_high_priority: 0
  pin_l0_filter_and_index_blocks_in_cache: 0
  pin_top_level_index_and_filter: 1
  index_type: 0
  hash_index_allow_collision: 1
  checksum: 1
  no_block_cache: 0
  block_cache: 0x7fc35010a7d0
  block_cache_name: LRUCache
  block_cache_options:
    capacity : 8388608
    num_shard_bits : 4
    strict_capacity_limit : 0
    memory_allocator : None
    high_pri_pool_ratio: 0.000
  block_cache_compressed: (nil)
  persistent_cache: (nil)
  block_size: 4096
  block_size_deviation: 10
  block_restart_interval: 16
  index_block_restart_interval: 1
  metadata_block_size: 4096
  partition_filters: 0
  use_delta_encoding: 1
  filter_policy: nullptr
  whole_key_filtering: 1
  verify_compression: 0
  read_amp_bytes_per_bit: 0
  format_version: 2
  enable_index_compression: 1
  block_align: 0
2019/10/17-14:55:04.684289 7fc3a9fcb700        Options.write_buffer_size: 67108864
2019/10/17-14:55:04.684289 7fc3a9fcb700  Options.max_write_buffer_number: 2
2019/10/17-14:55:04.684290 7fc3a9fcb700          Options.compression: NoCompression
2019/10/17-14:55:04.684290 7fc3a9fcb700                  Options.bottommost_compression: Disabled
2019/10/17-14:55:04.684291 7fc3a9fcb700       Options.prefix_extractor: nullptr
2019/10/17-14:55:04.684291 7fc3a9fcb700   Options.memtable_insert_with_hint_prefix_extractor: nullptr
2019/10/17-14:55:04.684292 7fc3a9fcb700             Options.num_levels: 7
2019/10/17-14:55:04.684293 7fc3a9fcb700        Options.min_write_buffer_number_to_merge: 1
2019/10/17-14:55:04.684293 7fc3a9fcb700     Options.max_write_buffer_number_to_maintain: 0
2019/10/17-14:55:04.684294 7fc3a9fcb700            Options.bottommost_compression_opts.window_bits: -14
2019/10/17-14:55:04.684294 7fc3a9fcb700                  Options.bottommost_compression_opts.level: 32767
2019/10/17-14:55:04.684295 7fc3a9fcb700               Options.bottommost_compression_opts.strategy: 0
2019/10/17-14:55:04.684295 7fc3a9fcb700         Options.bottommost_compression_opts.max_dict_bytes: 0
2019/10/17-14:55:04.684296 7fc3a9fcb700         Options.bottommost_compression_opts.zstd_max_train_bytes: 0
2019/10/17-14:55:04.684296 7fc3a9fcb700                  Options.bottommost_compression_opts.enabled: false
2019/10/17-14:55:04.684297 7fc3a9fcb700            Options.compression_opts.window_bits: -14
2019/10/17-14:55:04.684297 7fc3a9fcb700                  Options.compression_opts.level: 32767
2019/10/17-14:55:04.684298 7fc3a9fcb700               Options.compression_opts.strategy: 0
2019/10/17-14:55:04.684299 7fc3a9fcb700         Options.compression_opts.max_dict_bytes: 0
2019/10/17-14:55:04.684299 7fc3a9fcb700         Options.compression_opts.zstd_max_train_bytes: 0
2019/10/17-14:55:04.684300 7fc3a9fcb700                  Options.compression_opts.enabled: false
2019/10/17-14:55:04.684300 7fc3a9fcb700      Options.level0_file_num_compaction_trigger: 4
2019/10/17-14:55:04.684301 7fc3a9fcb700          Options.level0_slowdown_writes_trigger: 20
2019/10/17-14:55:04.684301 7fc3a9fcb700              Options.level0_stop_writes_trigger: 36
2019/10/17-14:55:04.684302 7fc3a9fcb700                   Options.target_file_size_base: 67108864
2019/10/17-14:55:04.684302 7fc3a9fcb700             Options.target_file_size_multiplier: 1
2019/10/17-14:55:04.684303 7fc3a9fcb700                Options.max_bytes_for_level_base: 268435456
2019/10/17-14:55:04.684303 7fc3a9fcb700 Options.level_compaction_dynamic_level_bytes: 0
2019/10/17-14:55:04.684304 7fc3a9fcb700          Options.max_bytes_for_level_multiplier: 10.000000
2019/10/17-14:55:04.684305 7fc3a9fcb700 Options.max_bytes_for_level_multiplier_addtl[0]: 1
2019/10/17-14:55:04.684306 7fc3a9fcb700 Options.max_bytes_for_level_multiplier_addtl[1]: 1
2019/10/17-14:55:04.684306 7fc3a9fcb700 Options.max_bytes_for_level_multiplier_addtl[2]: 1
2019/10/17-14:55:04.684307 7fc3a9fcb700 Options.max_bytes_for_level_multiplier_addtl[3]: 1
2019/10/17-14:55:04.684307 7fc3a9fcb700 Options.max_bytes_for_level_multiplier_addtl[4]: 1
2019/10/17-14:55:04.684308 7fc3a9fcb700 Options.max_bytes_for_level_multiplier_addtl[5]: 1
2019/10/17-14:55:04.684308 7fc3a9fcb700 Options.max_bytes_for_level_multiplier_addtl[6]: 1
2019/10/17-14:55:04.684309 7fc3a9fcb700       Options.max_sequential_skip_in_iterations: 8
2019/10/17-14:55:04.684312 7fc3a9fcb700                    Options.max_compaction_bytes: 1677721600
2019/10/17-14:55:04.684313 7fc3a9fcb700                        Options.arena_block_size: 8388608
2019/10/17-14:55:04.684313 7fc3a9fcb700   Options.soft_pending_compaction_bytes_limit: 68719476736
2019/10/17-14:55:04.684314 7fc3a9fcb700   Options.hard_pending_compaction_bytes_limit: 274877906944
2019/10/17-14:55:04.684314 7fc3a9fcb700       Options.rate_limit_delay_max_milliseconds: 100
2019/10/17-14:55:04.684315 7fc3a9fcb700                Options.disable_auto_compactions: 0
2019/10/17-14:55:04.684315 7fc3a9fcb700                        Options.compaction_style: kCompactionStyleLevel
2019/10/17-14:55:04.684316 7fc3a9fcb700                          Options.compaction_pri: kByCompensatedSize
2019/10/17-14:55:04.684317 7fc3a9fcb700 Options.compaction_options_universal.size_ratio: 1
2019/10/17-14:55:04.684317 7fc3a9fcb700 Options.compaction_options_universal.min_merge_width: 2
2019/10/17-14:55:04.684318 7fc3a9fcb700 Options.compaction_options_universal.max_merge_width: 4294967295
2019/10/17-14:55:04.684318 7fc3a9fcb700 Options.compaction_options_universal.max_size_amplification_percent: 200
2019/10/17-14:55:04.684319 7fc3a9fcb700 Options.compaction_options_universal.compression_size_percent: -1
2019/10/17-14:55:04.684320 7fc3a9fcb700 Options.compaction_options_universal.stop_style: kCompactionStopStyleTotalSize
2019/10/17-14:55:04.684320 7fc3a9fcb700 Options.compaction_options_fifo.max_table_files_size: 1073741824
2019/10/17-14:55:04.684321 7fc3a9fcb700 Options.compaction_options_fifo.allow_compaction: 0
2019/10/17-14:55:04.684321 7fc3a9fcb700 Options.compaction_options_fifo.ttl: 0
2019/10/17-14:55:04.684322 7fc3a9fcb700                   Options.table_properties_collectors: 
2019/10/17-14:55:04.684322 7fc3a9fcb700                   Options.inplace_update_support: 0
2019/10/17-14:55:04.684323 7fc3a9fcb700                 Options.inplace_update_num_locks: 10000
2019/10/17-14:55:04.684323 7fc3a9fcb700               Options.memtable_prefix_bloom_size_ratio: 0.000000
2019/10/17-14:55:04.684324 7fc3a9fcb700   Options.memtable_huge_page_size: 0
2019/10/17-14:55:04.684325 7fc3a9fcb700                           Options.bloom_locality: 0
2019/10/17-14:55:04.684325 7fc3a9fcb700                    Options.max_successive_merges: 0
2019/10/17-14:55:04.684326 7fc3a9fcb700                Options.optimize_filters_for_hits: 0
2019/10/17-14:55:04.684326 7fc3a9fcb700                Options.paranoid_file_checks: 0
2019/10/17-14:55:04.684327 7fc3a9fcb700                Options.force_consistency_checks: 0
2019/10/17-14:55:04.684327 7fc3a9fcb700                Options.report_bg_io_stats: 0
2019/10/17-14:55:04.684328 7fc3a9fcb700                               Options.ttl: 0
2019/10/17-14:55:04.684339 7fc3a9fcb700 [db/column_family.cc:472] --------------- Options for column family [entries]:
2019/10/17-14:55:04.684340 7fc3a9fcb700               Options.comparator: leveldb.BytewiseComparator
2019/10/17-14:55:04.684341 7fc3a9fcb700           Options.merge_operator: None
2019/10/17-14:55:04.684341 7fc3a9fcb700        Options.compaction_filter: None
2019/10/17-14:55:04.684342 7fc3a9fcb700        Options.compaction_filter_factory: None
2019/10/17-14:55:04.684342 7fc3a9fcb700         Options.memtable_factory: SkipListFactory
2019/10/17-14:55:04.684343 7fc3a9fcb700            Options.table_factory: BlockBasedTable
2019/10/17-14:55:04.684350 7fc3a9fcb700            table_factory options:   flush_block_policy_factory: FlushBlockBySizePolicyFactory (0x7fc3500712d0)
  cache_index_and_filter_blocks: 0
  cache_index_and_filter_blocks_with_high_priority: 0
  pin_l0_filter_and_index_blocks_in_cache: 0
  pin_top_level_index_and_filter: 1
  index_type: 0
  hash_index_allow_collision: 1
  checksum: 1
  no_block_cache: 0
  block_cache: 0x7fc350058410
  block_cache_name: LRUCache
  block_cache_options:
    capacity : 8388608
    num_shard_bits : 4
    strict_capacity_limit : 0
    memory_allocator : None
    high_pri_pool_ratio: 0.000
  block_cache_compressed: (nil)
  persistent_cache: (nil)
  block_size: 4096
  block_size_deviation: 10
  block_restart_interval: 16
  index_block_restart_interval: 1
  metadata_block_size: 4096
  partition_filters: 0
  use_delta_encoding: 1
  filter_policy: nullptr
  whole_key_filtering: 1
  verify_compression: 0
  read_amp_bytes_per_bit: 0
  format_version: 2
  enable_index_compression: 1
  block_align: 0
2019/10/17-14:55:04.684354 7fc3a9fcb700        Options.write_buffer_size: 67108864
2019/10/17-14:55:04.684354 7fc3a9fcb700  Options.max_write_buffer_number: 2
2019/10/17-14:55:04.684355 7fc3a9fcb700          Options.compression: NoCompression
2019/10/17-14:55:04.684356 7fc3a9fcb700                  Options.bottommost_compression: Disabled
2019/10/17-14:55:04.684356 7fc3a9fcb700       Options.prefix_extractor: nullptr
2019/10/17-14:55:04.684357 7fc3a9fcb700   Options.memtable_insert_with_hint_prefix_extractor: nullptr
2019/10/17-14:55:04.684357 7fc3a9fcb700             Options.num_levels: 7
2019/10/17-14:55:04.684358 7fc3a9fcb700        Options.min_write_buffer_number_to_merge: 1
2019/10/17-14:55:04.684358 7fc3a9fcb700     Options.max_write_buffer_number_to_maintain: 0
2019/10/17-14:55:04.684359 7fc3a9fcb700            Options.bottommost_compression_opts.window_bits: -14
2019/10/17-14:55:04.684359 7fc3a9fcb700                  Options.bottommost_compression_opts.level: 32767
2019/10/17-14:55:04.684360 7fc3a9fcb700               Options.bottommost_compression_opts.strategy: 0
2019/10/17-14:55:04.684360 7fc3a9fcb700         Options.bottommost_compression_opts.max_dict_bytes: 0
2019/10/17-14:55:04.684361 7fc3a9fcb700         Options.bottommost_compression_opts.zstd_max_train_bytes: 0
2019/10/17-14:55:04.684362 7fc3a9fcb700                  Options.bottommost_compression_opts.enabled: false
2019/10/17-14:55:04.684362 7fc3a9fcb700            Options.compression_opts.window_bits: -14
2019/10/17-14:55:04.684363 7fc3a9fcb700                  Options.compression_opts.level: 32767
2019/10/17-14:55:04.684363 7fc3a9fcb700               Options.compression_opts.strategy: 0
2019/10/17-14:55:04.684364 7fc3a9fcb700         Options.compression_opts.max_dict_bytes: 0
2019/10/17-14:55:04.684364 7fc3a9fcb700         Options.compression_opts.zstd_max_train_bytes: 0
2019/10/17-14:55:04.684365 7fc3a9fcb700                  Options.compression_opts.enabled: false
2019/10/17-14:55:04.684365 7fc3a9fcb700      Options.level0_file_num_compaction_trigger: 4
2019/10/17-14:55:04.684366 7fc3a9fcb700          Options.level0_slowdown_writes_trigger: 20
2019/10/17-14:55:04.684366 7fc3a9fcb700              Options.level0_stop_writes_trigger: 36
2019/10/17-14:55:04.684367 7fc3a9fcb700                   Options.target_file_size_base: 67108864
2019/10/17-14:55:04.684367 7fc3a9fcb700             Options.target_file_size_multiplier: 1
2019/10/17-14:55:04.684368 7fc3a9fcb700                Options.max_bytes_for_level_base: 268435456
2019/10/17-14:55:04.684368 7fc3a9fcb700 Options.level_compaction_dynamic_level_bytes: 0
2019/10/17-14:55:04.684369 7fc3a9fcb700          Options.max_bytes_for_level_multiplier: 10.000000
2019/10/17-14:55:04.684370 7fc3a9fcb700 Options.max_bytes_for_level_multiplier_addtl[0]: 1
2019/10/17-14:55:04.684370 7fc3a9fcb700 Options.max_bytes_for_level_multiplier_addtl[1]: 1
2019/10/17-14:55:04.684371 7fc3a9fcb700 Options.max_bytes_for_level_multiplier_addtl[2]: 1
2019/10/17-14:55:04.684372 7fc3a9fcb700 Options.max_bytes_for_level_multiplier_addtl[3]: 1
2019/10/17-14:55:04.684372 7fc3a9fcb700 Options.max_bytes_for_level_multiplier_addtl[4]: 1
2019/10/17-14:55:04.684373 7fc3a9fcb700 Options.max_bytes_for_level_multiplier_addtl[5]: 1
2019/10/17-14:55:04.684373 7fc3a9fcb700 Options.max_bytes_for_level_multiplier_addtl[6]: 1
2019/10/17-14:55:04.684374 7fc3a9fcb700       Options.max_sequential_skip_in_iterations: 8
2019/10/17-14:55:04.684374 7fc3a9fcb700                    Options.max_compaction_bytes: 1677721600
2019/10/17-14:55:04.684375 7fc3a9fcb700                        Options.arena_block_size: 8388608
2019/10/17-14:55:04.684375 7fc3a9fcb700   Options.soft_pending_compaction_bytes_limit: 68719476736
2019/10/17-14:55:04.684379 7fc3a9fcb700   Options.hard_pending_compaction_bytes_limit: 274877906944
2019/10/17-14:55:04.684379 7fc3a9fcb700       Options.rate_limit_delay_max_milliseconds: 100
2019/10/17-14:55:04.684380 7fc3a9fcb700                Options.disable_auto_compactions: 0
2019/10/17-14:55:04.684380 7fc3a9fcb700                        Options.compaction_style: kCompactionStyleLevel
2019/10/17-14:55:04.684381 7fc3a9fcb700                          Options.compaction_pri: kByCompensatedSize
2019/10/17-14:55:04.684382 7fc3a9fcb700 Options.compaction_options_universal.size_ratio: 1
2019/10/17-14:55:04.684382 7fc3a9fcb700 Options.compaction_options_universal.min_merge_width: 2
2019/10/17-14:55:04.684383 7fc3a9fcb700 Options.compaction_options_universal.max_merge_width: 4294967295
2019/10/17-14:55:04.684383 7fc3a9fcb700 Options.compaction_options_universal.max_size_amplification_percent: 200
2019/10/17-14:55:04.684384 7fc3a9fcb700 Options.compaction_options_universal.compression_size_percent: -1
2019/10/17-14:55:04.684384 7fc3a9fcb700 Options.compaction_options_universal.stop_style: kCompactionStopStyleTotalSize
2019/10/17-14:55:04.684385 7fc3a9fcb700 Options.compaction_options_fifo.max_table_files_size: 1073741824
2019/10/17-14:55:04.684385 7fc3a9fcb700 Options.compaction_options_fifo.allow_compaction: 0
2019/10/17-14:55:04.684386 7fc3a9fcb700 Options.compaction_options_fifo.ttl: 0
2019/10/17-14:55:04.684387 7fc3a9fcb700                   Options.table_properties_collectors: 
2019/10/17-14:55:04.684387 7fc3a9fcb700                   Options.inplace_update_support: 0
2019/10/17-14:55:04.684388 7fc3a9fcb700                 Options.inplace_update_num_locks: 10000
2019/10/17-14:55:04.684388 7fc3a9fcb700               Options.memtable_prefix_bloom_size_ratio: 0.000000
2019/10/17-14:55:04.684389 7fc3a9fcb700   Options.memtable_huge_page_size: 0
2019/10/17-14:55:04.684390 7fc3a9fcb700                           Options.bloom_locality: 0
2019/10/17-14:55:04.684390 7fc3a9fcb700                    Options.max_successive_merges: 0
2019/10/17-14:55:04.684391 7fc3a9fcb700                Options.optimize_filters_for_hits: 0
2019/10/17-14:55:04.684391 7fc3a9fcb700                Options.paranoid_file_checks: 0
2019/10/17-14:55:04.684392 7fc3a9fcb700                Options.force_consistency_checks: 0
2019/10/17-14:55:04.684392 7fc3a9fcb700                Options.report_bg_io_stats: 0
2019/10/17-14:55:04.684393 7fc3a9fcb700                               Options.ttl: 0
2019/10/17-14:55:04.684403 7fc3a9fcb700 [db/column_family.cc:472] --------------- Options for column family [dc_entries]:
2019/10/17-14:55:04.684404 7fc3a9fcb700               Options.comparator: leveldb.BytewiseComparator
2019/10/17-14:55:04.684405 7fc3a9fcb700           Options.merge_operator: None
2019/10/17-14:55:04.684405 7fc3a9fcb700        Options.compaction_filter: None
2019/10/17-14:55:04.684406 7fc3a9fcb700        Options.compaction_filter_factory: None
2019/10/17-14:55:04.684406 7fc3a9fcb700         Options.memtable_factory: SkipListFactory
2019/10/17-14:55:04.684407 7fc3a9fcb700            Options.table_factory: BlockBasedTable
2019/10/17-14:55:04.684413 7fc3a9fcb700            table_factory options:   flush_block_policy_factory: FlushBlockBySizePolicyFactory (0x7fc3500955e0)
  cache_index_and_filter_blocks: 0
  cache_index_and_filter_blocks_with_high_priority: 0
  pin_l0_filter_and_index_blocks_in_cache: 0
  pin_top_level_index_and_filter: 1
  index_type: 0
  hash_index_allow_collision: 1
  checksum: 1
  no_block_cache: 0
  block_cache: 0x7fc35003d0d0
  block_cache_name: LRUCache
  block_cache_options:
    capacity : 8388608
    num_shard_bits : 4
    strict_capacity_limit : 0
    memory_allocator : None
    high_pri_pool_ratio: 0.000
  block_cache_compressed: (nil)
  persistent_cache: (nil)
  block_size: 4096
  block_size_deviation: 10
  block_restart_interval: 16
  index_block_restart_interval: 1
  metadata_block_size: 4096
  partition_filters: 0
  use_delta_encoding: 1
  filter_policy: nullptr
  whole_key_filtering: 1
  verify_compression: 0
  read_amp_bytes_per_bit: 0
  format_version: 2
  enable_index_compression: 1
  block_align: 0
2019/10/17-14:55:04.684418 7fc3a9fcb700        Options.write_buffer_size: 67108864
2019/10/17-14:55:04.684418 7fc3a9fcb700  Options.max_write_buffer_number: 2
2019/10/17-14:55:04.684419 7fc3a9fcb700          Options.compression: NoCompression
2019/10/17-14:55:04.684419 7fc3a9fcb700                  Options.bottommost_compression: Disabled
2019/10/17-14:55:04.684420 7fc3a9fcb700       Options.prefix_extractor: nullptr
2019/10/17-14:55:04.684421 7fc3a9fcb700   Options.memtable_insert_with_hint_prefix_extractor: nullptr
2019/10/17-14:55:04.684421 7fc3a9fcb700             Options.num_levels: 7
2019/10/17-14:55:04.684422 7fc3a9fcb700        Options.min_write_buffer_number_to_merge: 1
2019/10/17-14:55:04.684422 7fc3a9fcb700     Options.max_write_buffer_number_to_maintain: 0
2019/10/17-14:55:04.684423 7fc3a9fcb700            Options.bottommost_compression_opts.window_bits: -14
2019/10/17-14:55:04.684423 7fc3a9fcb700                  Options.bottommost_compression_opts.level: 32767
2019/10/17-14:55:04.684424 7fc3a9fcb700               Options.bottommost_compression_opts.strategy: 0
2019/10/17-14:55:04.684424 7fc3a9fcb700         Options.bottommost_compression_opts.max_dict_bytes: 0
2019/10/17-14:55:04.684425 7fc3a9fcb700         Options.bottommost_compression_opts.zstd_max_train_bytes: 0
2019/10/17-14:55:04.684425 7fc3a9fcb700                  Options.bottommost_compression_opts.enabled: false
2019/10/17-14:55:04.684426 7fc3a9fcb700            Options.compression_opts.window_bits: -14
2019/10/17-14:55:04.684426 7fc3a9fcb700                  Options.compression_opts.level: 32767
2019/10/17-14:55:04.684427 7fc3a9fcb700               Options.compression_opts.strategy: 0
2019/10/17-14:55:04.684428 7fc3a9fcb700         Options.compression_opts.max_dict_bytes: 0
2019/10/17-14:55:04.684428 7fc3a9fcb700         Options.compression_opts.zstd_max_train_bytes: 0
2019/10/17-14:55:04.684429 7fc3a9fcb700                  Options.compression_opts.enabled: false
2019/10/17-14:55:04.684429 7fc3a9fcb700      Options.level0_file_num_compaction_trigger: 4
2019/10/17-14:55:04.684430 7fc3a9fcb700          Options.level0_slowdown_writes_trigger: 20
2019/10/17-14:55:04.684430 7fc3a9fcb700              Options.level0_stop_writes_trigger: 36
2019/10/17-14:55:04.684431 7fc3a9fcb700                   Options.target_file_size_base: 67108864
2019/10/17-14:55:04.684431 7fc3a9fcb700             Options.target_file_size_multiplier: 1
2019/10/17-14:55:04.684432 7fc3a9fcb700                Options.max_bytes_for_level_base: 268435456
2019/10/17-14:55:04.684432 7fc3a9fcb700 Options.level_compaction_dynamic_level_bytes: 0
2019/10/17-14:55:04.684433 7fc3a9fcb700          Options.max_bytes_for_level_multiplier: 10.000000
2019/10/17-14:55:04.684434 7fc3a9fcb700 Options.max_bytes_for_level_multiplier_addtl[0]: 1
2019/10/17-14:55:04.684434 7fc3a9fcb700 Options.max_bytes_for_level_multiplier_addtl[1]: 1
2019/10/17-14:55:04.684435 7fc3a9fcb700 Options.max_bytes_for_level_multiplier_addtl[2]: 1
2019/10/17-14:55:04.684435 7fc3a9fcb700 Options.max_bytes_for_level_multiplier_addtl[3]: 1
2019/10/17-14:55:04.684436 7fc3a9fcb700 Options.max_bytes_for_level_multiplier_addtl[4]: 1
2019/10/17-14:55:04.684436 7fc3a9fcb700 Options.max_bytes_for_level_multiplier_addtl[5]: 1
2019/10/17-14:55:04.684437 7fc3a9fcb700 Options.max_bytes_for_level_multiplier_addtl[6]: 1
2019/10/17-14:55:04.684438 7fc3a9fcb700       Options.max_sequential_skip_in_iterations: 8
2019/10/17-14:55:04.684438 7fc3a9fcb700                    Options.max_compaction_bytes: 1677721600
2019/10/17-14:55:04.684439 7fc3a9fcb700                        Options.arena_block_size: 8388608
2019/10/17-14:55:04.684439 7fc3a9fcb700   Options.soft_pending_compaction_bytes_limit: 68719476736
2019/10/17-14:55:04.684440 7fc3a9fcb700   Options.hard_pending_compaction_bytes_limit: 274877906944
2019/10/17-14:55:04.684440 7fc3a9fcb700       Options.rate_limit_delay_max_milliseconds: 100
2019/10/17-14:55:04.684441 7fc3a9fcb700                Options.disable_auto_compactions: 0
2019/10/17-14:55:04.684444 7fc3a9fcb700                        Options.compaction_style: kCompactionStyleLevel
2019/10/17-14:55:04.684445 7fc3a9fcb700                          Options.compaction_pri: kByCompensatedSize
2019/10/17-14:55:04.684445 7fc3a9fcb700 Options.compaction_options_universal.size_ratio: 1
2019/10/17-14:55:04.684446 7fc3a9fcb700 Options.compaction_options_universal.min_merge_width: 2
2019/10/17-14:55:04.684446 7fc3a9fcb700 Options.compaction_options_universal.max_merge_width: 4294967295
2019/10/17-14:55:04.684447 7fc3a9fcb700 Options.compaction_options_universal.max_size_amplification_percent: 200
2019/10/17-14:55:04.684448 7fc3a9fcb700 Options.compaction_options_universal.compression_size_percent: -1
2019/10/17-14:55:04.684448 7fc3a9fcb700 Options.compaction_options_universal.stop_style: kCompactionStopStyleTotalSize
2019/10/17-14:55:04.684449 7fc3a9fcb700 Options.compaction_options_fifo.max_table_files_size: 1073741824
2019/10/17-14:55:04.684449 7fc3a9fcb700 Options.compaction_options_fifo.allow_compaction: 0
2019/10/17-14:55:04.684450 7fc3a9fcb700 Options.compaction_options_fifo.ttl: 0
2019/10/17-14:55:04.684450 7fc3a9fcb700                   Options.table_properties_collectors: 
2019/10/17-14:55:04.684451 7fc3a9fcb700                   Options.inplace_update_support: 0
2019/10/17-14:55:04.684451 7fc3a9fcb700                 Options.inplace_update_num_locks: 10000
2019/10/17-14:55:04.684452 7fc3a9fcb700               Options.memtable_prefix_bloom_size_ratio: 0.000000
2019/10/17-14:55:04.684453 7fc3a9fcb700   Options.memtable_huge_page_size: 0
2019/10/17-14:55:04.684453 7fc3a9fcb700                           Options.bloom_locality: 0
2019/10/17-14:55:04.684454 7fc3a9fcb700                    Options.max_successive_merges: 0
2019/10/17-14:55:04.684454 7fc3a9fcb700                Options.optimize_filters_for_hits: 0
2019/10/17-14:55:04.684455 7fc3a9fcb700                Options.paranoid_file_checks: 0
2019/10/17-14:55:04.684455 7fc3a9fcb700                Options.force_consistency_checks: 0
2019/10/17-14:55:04.684456 7fc3a9fcb700                Options.report_bg_io_stats: 0
2019/10/17-14:55:04.684456 7fc3a9fcb700                               Options.ttl: 0
2019/10/17-14:55:04.684465 7fc3a9fcb700 [db/column_family.cc:472] --------------- Options for column family [htlcs]:
2019/10/17-14:55:04.684466 7fc3a9fcb700               Options.comparator: leveldb.BytewiseComparator
2019/10/17-14:55:04.684467 7fc3a9fcb700           Options.merge_operator: None
2019/10/17-14:55:04.684467 7fc3a9fcb700        Options.compaction_filter: None
2019/10/17-14:55:04.684468 7fc3a9fcb700        Options.compaction_filter_factory: None
2019/10/17-14:55:04.684468 7fc3a9fcb700         Options.memtable_factory: SkipListFactory
2019/10/17-14:55:04.684469 7fc3a9fcb700            Options.table_factory: BlockBasedTable
2019/10/17-14:55:04.684475 7fc3a9fcb700            table_factory options:   flush_block_policy_factory: FlushBlockBySizePolicyFactory (0x7fc3500e35e0)
