2019/10/17-14:55:02.500036 7fc3a9fcb700 RocksDB version: 5.18.3
2019/10/17-14:55:02.500080 7fc3a9fcb700 Git sha rocksdb_build_git_sha:@0@
2019/10/17-14:55:02.500083 7fc3a9fcb700 Compile date Sep 19 2019
2019/10/17-14:55:02.500086 7fc3a9fcb700 DB SUMMARY
2019/10/17-14:55:02.501263 7fc3a9fcb700 CURRENT file:  CURRENT
2019/10/17-14:55:02.501266 7fc3a9fcb700 IDENTITY file:  IDENTITY
2019/10/17-14:55:02.501314 7fc3a9fcb700 MANIFEST file:  MANIFEST-116209 size: 4114 Bytes
2019/10/17-14:55:02.501317 7fc3a9fcb700 SST files in /home/rahul/dev/blockchain-core/eqc/ledger.db dir, Total Num: 29, files: 000624.sst 000627.sst 106940.sst 108447.sst 108450.sst 109471.sst 109483.sst 109485.sst 109486.sst 
2019/10/17-14:55:02.501319 7fc3a9fcb700 Write Ahead Log file in /home/rahul/dev/blockchain-core/eqc/ledger.db: 116210.log size: 0 ; 
2019/10/17-14:55:02.501377 7fc3a9fcb700                         Options.error_if_exists: 0
2019/10/17-14:55:02.501379 7fc3a9fcb700                       Options.create_if_missing: 1
2019/10/17-14:55:02.501381 7fc3a9fcb700                         Options.paranoid_checks: 1
2019/10/17-14:55:02.501382 7fc3a9fcb700                                     Options.env: 0x7fc32ae1fc60
2019/10/17-14:55:02.501383 7fc3a9fcb700                                Options.info_log: 0x7fc3500a2c50
2019/10/17-14:55:02.501385 7fc3a9fcb700                Options.max_file_opening_threads: 16
2019/10/17-14:55:02.501386 7fc3a9fcb700                              Options.statistics: (nil)
2019/10/17-14:55:02.501388 7fc3a9fcb700                               Options.use_fsync: 0
2019/10/17-14:55:02.501389 7fc3a9fcb700                       Options.max_log_file_size: 0
2019/10/17-14:55:02.501390 7fc3a9fcb700                  Options.max_manifest_file_size: 1073741824
2019/10/17-14:55:02.501392 7fc3a9fcb700                   Options.log_file_time_to_roll: 0
2019/10/17-14:55:02.501393 7fc3a9fcb700                       Options.keep_log_file_num: 1000
2019/10/17-14:55:02.501394 7fc3a9fcb700                    Options.recycle_log_file_num: 0
2019/10/17-14:55:02.501396 7fc3a9fcb700                         Options.allow_fallocate: 1
2019/10/17-14:55:02.501397 7fc3a9fcb700                        Options.allow_mmap_reads: 0
2019/10/17-14:55:02.501398 7fc3a9fcb700                       Options.allow_mmap_writes: 0
2019/10/17-14:55:02.501414 7fc3a9fcb700                        Options.use_direct_reads: 0
2019/10/17-14:55:02.501415 7fc3a9fcb700                        Options.use_direct_io_for_flush_and_compaction: 0
2019/10/17-14:55:02.501416 7fc3a9fcb700          Options.create_missing_column_families: 0
2019/10/17-14:55:02.501417 7fc3a9fcb700                              Options.db_log_dir: 
2019/10/17-14:55:02.501418 7fc3a9fcb700                                 Options.wal_dir: /home/rahul/dev/blockchain-core/eqc/ledger.db
2019/10/17-14:55:02.501419 7fc3a9fcb700                Options.table_cache_numshardbits: 6
2019/10/17-14:55:02.501420 7fc3a9fcb700                      Options.max_subcompactions: 1
2019/10/17-14:55:02.501421 7fc3a9fcb700                  Options.max_background_flushes: -1
2019/10/17-14:55:02.501422 7fc3a9fcb700                         Options.WAL_ttl_seconds: 0
2019/10/17-14:55:02.501423 7fc3a9fcb700                       Options.WAL_size_limit_MB: 0
2019/10/17-14:55:02.501424 7fc3a9fcb700             Options.manifest_preallocation_size: 4194304
2019/10/17-14:55:02.501425 7fc3a9fcb700                     Options.is_fd_close_on_exec: 1
2019/10/17-14:55:02.501426 7fc3a9fcb700                   Options.advise_random_on_open: 1
2019/10/17-14:55:02.501427 7fc3a9fcb700                    Options.db_write_buffer_size: 0
2019/10/17-14:55:02.501428 7fc3a9fcb700                    Options.write_buffer_manager: 0x7fc3500a4460
2019/10/17-14:55:02.501429 7fc3a9fcb700         Options.access_hint_on_compaction_start: 1
2019/10/17-14:55:02.501430 7fc3a9fcb700  Options.new_table_reader_for_compaction_inputs: 0
2019/10/17-14:55:02.501431 7fc3a9fcb700           Options.random_access_max_buffer_size: 1048576
2019/10/17-14:55:02.501432 7fc3a9fcb700                      Options.use_adaptive_mutex: 0
2019/10/17-14:55:02.501433 7fc3a9fcb700                            Options.rate_limiter: (nil)
2019/10/17-14:55:02.501445 7fc3a9fcb700     Options.sst_file_manager.rate_bytes_per_sec: 0
2019/10/17-14:55:02.501447 7fc3a9fcb700                       Options.wal_recovery_mode: 2
2019/10/17-14:55:02.501448 7fc3a9fcb700                  Options.enable_thread_tracking: 0
2019/10/17-14:55:02.501449 7fc3a9fcb700                  Options.enable_pipelined_write: 0
2019/10/17-14:55:02.501450 7fc3a9fcb700         Options.allow_concurrent_memtable_write: 1
2019/10/17-14:55:02.501451 7fc3a9fcb700      Options.enable_write_thread_adaptive_yield: 1
2019/10/17-14:55:02.501452 7fc3a9fcb700             Options.write_thread_max_yield_usec: 100
2019/10/17-14:55:02.501453 7fc3a9fcb700            Options.write_thread_slow_yield_usec: 3
2019/10/17-14:55:02.501454 7fc3a9fcb700                               Options.row_cache: None
2019/10/17-14:55:02.501455 7fc3a9fcb700                              Options.wal_filter: None
2019/10/17-14:55:02.501456 7fc3a9fcb700             Options.avoid_flush_during_recovery: 0
2019/10/17-14:55:02.501457 7fc3a9fcb700             Options.allow_ingest_behind: 0
2019/10/17-14:55:02.501458 7fc3a9fcb700             Options.preserve_deletes: 0
2019/10/17-14:55:02.501459 7fc3a9fcb700             Options.two_write_queues: 0
2019/10/17-14:55:02.501460 7fc3a9fcb700             Options.manual_wal_flush: 0
2019/10/17-14:55:02.501461 7fc3a9fcb700             Options.max_background_jobs: 2
2019/10/17-14:55:02.501462 7fc3a9fcb700             Options.max_background_compactions: -1
2019/10/17-14:55:02.501463 7fc3a9fcb700             Options.avoid_flush_during_shutdown: 0
2019/10/17-14:55:02.501464 7fc3a9fcb700           Options.writable_file_max_buffer_size: 1048576
2019/10/17-14:55:02.501465 7fc3a9fcb700             Options.delayed_write_rate : 16777216
2019/10/17-14:55:02.501466 7fc3a9fcb700             Options.max_total_wal_size: 0
2019/10/17-14:55:02.501467 7fc3a9fcb700             Options.delete_obsolete_files_period_micros: 21600000000
2019/10/17-14:55:02.501468 7fc3a9fcb700                   Options.stats_dump_period_sec: 600
2019/10/17-14:55:02.501469 7fc3a9fcb700                          Options.max_open_files: -1
2019/10/17-14:55:02.501470 7fc3a9fcb700                          Options.bytes_per_sync: 0
2019/10/17-14:55:02.501471 7fc3a9fcb700                      Options.wal_bytes_per_sync: 0
2019/10/17-14:55:02.501472 7fc3a9fcb700       Options.compaction_readahead_size: 0
2019/10/17-14:55:02.501473 7fc3a9fcb700 Compression algorithms supported:
2019/10/17-14:55:02.501475 7fc3a9fcb700 	kZSTDNotFinalCompression supported: 0
2019/10/17-14:55:02.501476 7fc3a9fcb700 	kZSTD supported: 0
2019/10/17-14:55:02.501477 7fc3a9fcb700 	kXpressCompression supported: 0
2019/10/17-14:55:02.501478 7fc3a9fcb700 	kLZ4HCCompression supported: 0
2019/10/17-14:55:02.501479 7fc3a9fcb700 	kLZ4Compression supported: 0
2019/10/17-14:55:02.501480 7fc3a9fcb700 	kBZip2Compression supported: 0
2019/10/17-14:55:02.501481 7fc3a9fcb700 	kZlibCompression supported: 0
2019/10/17-14:55:02.501482 7fc3a9fcb700 	kSnappyCompression supported: 0
2019/10/17-14:55:02.501485 7fc3a9fcb700 Fast CRC32 supported: Supported on x86
2019/10/17-14:55:02.501604 7fc3a9fcb700 [db/version_set.cc:3507] Recovering from manifest file: MANIFEST-116209
2019/10/17-14:55:02.501645 7fc3a9fcb700 [db/column_family.cc:472] --------------- Options for column family [default]:
2019/10/17-14:55:02.501648 7fc3a9fcb700               Options.comparator: leveldb.BytewiseComparator
2019/10/17-14:55:02.501649 7fc3a9fcb700           Options.merge_operator: None
2019/10/17-14:55:02.501650 7fc3a9fcb700        Options.compaction_filter: None
2019/10/17-14:55:02.501651 7fc3a9fcb700        Options.compaction_filter_factory: None
2019/10/17-14:55:02.501652 7fc3a9fcb700         Options.memtable_factory: SkipListFactory
2019/10/17-14:55:02.501653 7fc3a9fcb700            Options.table_factory: BlockBasedTable
2019/10/17-14:55:02.501671 7fc3a9fcb700            table_factory options:   flush_block_policy_factory: FlushBlockBySizePolicyFactory (0x7fc3500dc320)
  cache_index_and_filter_blocks: 0
  cache_index_and_filter_blocks_with_high_priority: 0
  pin_l0_filter_and_index_blocks_in_cache: 0
  pin_top_level_index_and_filter: 1
  index_type: 0
  hash_index_allow_collision: 1
  checksum: 1
  no_block_cache: 0
  block_cache: 0x7fc3500b1820
  block_cache_name: LRUCache
  block_cache_options:
    capacity : 8388608
    num_shard_bits : 4
    strict_capacity_limit : 0
    memory_allocator : None
    high_pri_pool_ratio: 0.000
  block_cache_compressed: (nil)
  persistent_cache: (nil)
  block_size: 4096
  block_size_deviation: 10
  block_restart_interval: 16
  index_block_restart_interval: 1
  metadata_block_size: 4096
  partition_filters: 0
  use_delta_encoding: 1
  filter_policy: nullptr
  whole_key_filtering: 1
  verify_compression: 0
  read_amp_bytes_per_bit: 0
  format_version: 2
  enable_index_compression: 1
  block_align: 0
2019/10/17-14:55:02.501683 7fc3a9fcb700        Options.write_buffer_size: 67108864
2019/10/17-14:55:02.501684 7fc3a9fcb700  Options.max_write_buffer_number: 2
2019/10/17-14:55:02.501685 7fc3a9fcb700          Options.compression: NoCompression
2019/10/17-14:55:02.501687 7fc3a9fcb700                  Options.bottommost_compression: Disabled
2019/10/17-14:55:02.501688 7fc3a9fcb700       Options.prefix_extractor: nullptr
2019/10/17-14:55:02.501689 7fc3a9fcb700   Options.memtable_insert_with_hint_prefix_extractor: nullptr
2019/10/17-14:55:02.501690 7fc3a9fcb700             Options.num_levels: 7
2019/10/17-14:55:02.501691 7fc3a9fcb700        Options.min_write_buffer_number_to_merge: 1
2019/10/17-14:55:02.501692 7fc3a9fcb700     Options.max_write_buffer_number_to_maintain: 0
2019/10/17-14:55:02.501693 7fc3a9fcb700            Options.bottommost_compression_opts.window_bits: -14
2019/10/17-14:55:02.501694 7fc3a9fcb700                  Options.bottommost_compression_opts.level: 32767
2019/10/17-14:55:02.501695 7fc3a9fcb700               Options.bottommost_compression_opts.strategy: 0
2019/10/17-14:55:02.501696 7fc3a9fcb700         Options.bottommost_compression_opts.max_dict_bytes: 0
2019/10/17-14:55:02.501697 7fc3a9fcb700         Options.bottommost_compression_opts.zstd_max_train_bytes: 0
2019/10/17-14:55:02.501698 7fc3a9fcb700                  Options.bottommost_compression_opts.enabled: false
2019/10/17-14:55:02.501699 7fc3a9fcb700            Options.compression_opts.window_bits: -14
2019/10/17-14:55:02.501700 7fc3a9fcb700                  Options.compression_opts.level: 32767
2019/10/17-14:55:02.501701 7fc3a9fcb700               Options.compression_opts.strategy: 0
2019/10/17-14:55:02.501702 7fc3a9fcb700         Options.compression_opts.max_dict_bytes: 0
2019/10/17-14:55:02.501703 7fc3a9fcb700         Options.compression_opts.zstd_max_train_bytes: 0
2019/10/17-14:55:02.501704 7fc3a9fcb700                  Options.compression_opts.enabled: false
2019/10/17-14:55:02.501705 7fc3a9fcb700      Options.level0_file_num_compaction_trigger: 4
2019/10/17-14:55:02.501706 7fc3a9fcb700          Options.level0_slowdown_writes_trigger: 20
2019/10/17-14:55:02.501707 7fc3a9fcb700              Options.level0_stop_writes_trigger: 36
2019/10/17-14:55:02.501708 7fc3a9fcb700                   Options.target_file_size_base: 67108864
2019/10/17-14:55:02.501709 7fc3a9fcb700             Options.target_file_size_multiplier: 1
2019/10/17-14:55:02.501710 7fc3a9fcb700                Options.max_bytes_for_level_base: 268435456
2019/10/17-14:55:02.501711 7fc3a9fcb700 Options.level_compaction_dynamic_level_bytes: 0
2019/10/17-14:55:02.501712 7fc3a9fcb700          Options.max_bytes_for_level_multiplier: 10.000000
2019/10/17-14:55:02.501715 7fc3a9fcb700 Options.max_bytes_for_level_multiplier_addtl[0]: 1
2019/10/17-14:55:02.501716 7fc3a9fcb700 Options.max_bytes_for_level_multiplier_addtl[1]: 1
2019/10/17-14:55:02.501717 7fc3a9fcb700 Options.max_bytes_for_level_multiplier_addtl[2]: 1
2019/10/17-14:55:02.501718 7fc3a9fcb700 Options.max_bytes_for_level_multiplier_addtl[3]: 1
2019/10/17-14:55:02.501719 7fc3a9fcb700 Options.max_bytes_for_level_multiplier_addtl[4]: 1
2019/10/17-14:55:02.501725 7fc3a9fcb700 Options.max_bytes_for_level_multiplier_addtl[5]: 1
2019/10/17-14:55:02.501726 7fc3a9fcb700 Options.max_bytes_for_level_multiplier_addtl[6]: 1
2019/10/17-14:55:02.501727 7fc3a9fcb700       Options.max_sequential_skip_in_iterations: 8
2019/10/17-14:55:02.501728 7fc3a9fcb700                    Options.max_compaction_bytes: 1677721600
2019/10/17-14:55:02.501729 7fc3a9fcb700                        Options.arena_block_size: 8388608
2019/10/17-14:55:02.501730 7fc3a9fcb700   Options.soft_pending_compaction_bytes_limit: 68719476736
2019/10/17-14:55:02.501731 7fc3a9fcb700   Options.hard_pending_compaction_bytes_limit: 274877906944
2019/10/17-14:55:02.501732 7fc3a9fcb700       Options.rate_limit_delay_max_milliseconds: 100
2019/10/17-14:55:02.501733 7fc3a9fcb700                Options.disable_auto_compactions: 0
2019/10/17-14:55:02.501735 7fc3a9fcb700                        Options.compaction_style: kCompactionStyleLevel
2019/10/17-14:55:02.501737 7fc3a9fcb700                          Options.compaction_pri: kByCompensatedSize
2019/10/17-14:55:02.501738 7fc3a9fcb700 Options.compaction_options_universal.size_ratio: 1
2019/10/17-14:55:02.501739 7fc3a9fcb700 Options.compaction_options_universal.min_merge_width: 2
2019/10/17-14:55:02.501740 7fc3a9fcb700 Options.compaction_options_universal.max_merge_width: 4294967295
2019/10/17-14:55:02.501741 7fc3a9fcb700 Options.compaction_options_universal.max_size_amplification_percent: 200
2019/10/17-14:55:02.501742 7fc3a9fcb700 Options.compaction_options_universal.compression_size_percent: -1
2019/10/17-14:55:02.501743 7fc3a9fcb700 Options.compaction_options_universal.stop_style: kCompactionStopStyleTotalSize
2019/10/17-14:55:02.501744 7fc3a9fcb700 Options.compaction_options_fifo.max_table_files_size: 1073741824
2019/10/17-14:55:02.501745 7fc3a9fcb700 Options.compaction_options_fifo.allow_compaction: 0
2019/10/17-14:55:02.501746 7fc3a9fcb700 Options.compaction_options_fifo.ttl: 0
2019/10/17-14:55:02.501747 7fc3a9fcb700                   Options.table_properties_collectors: 
2019/10/17-14:55:02.501748 7fc3a9fcb700                   Options.inplace_update_support: 0
2019/10/17-14:55:02.501749 7fc3a9fcb700                 Options.inplace_update_num_locks: 10000
2019/10/17-14:55:02.501750 7fc3a9fcb700               Options.memtable_prefix_bloom_size_ratio: 0.000000
2019/10/17-14:55:02.501752 7fc3a9fcb700   Options.memtable_huge_page_size: 0
2019/10/17-14:55:02.501753 7fc3a9fcb700                           Options.bloom_locality: 0
2019/10/17-14:55:02.501754 7fc3a9fcb700                    Options.max_successive_merges: 0
2019/10/17-14:55:02.501755 7fc3a9fcb700                Options.optimize_filters_for_hits: 0
2019/10/17-14:55:02.501756 7fc3a9fcb700                Options.paranoid_file_checks: 0
2019/10/17-14:55:02.501757 7fc3a9fcb700                Options.force_consistency_checks: 0
2019/10/17-14:55:02.501758 7fc3a9fcb700                Options.report_bg_io_stats: 0
2019/10/17-14:55:02.501759 7fc3a9fcb700                               Options.ttl: 0
2019/10/17-14:55:02.501794 7fc3a9fcb700 [db/column_family.cc:472] --------------- Options for column family [active_gateways]:
2019/10/17-14:55:02.501796 7fc3a9fcb700               Options.comparator: leveldb.BytewiseComparator
2019/10/17-14:55:02.501797 7fc3a9fcb700           Options.merge_operator: None
2019/10/17-14:55:02.501798 7fc3a9fcb700        Options.compaction_filter: None
2019/10/17-14:55:02.501799 7fc3a9fcb700        Options.compaction_filter_factory: None
2019/10/17-14:55:02.501800 7fc3a9fcb700         Options.memtable_factory: SkipListFactory
2019/10/17-14:55:02.501801 7fc3a9fcb700            Options.table_factory: BlockBasedTable
2019/10/17-14:55:02.501815 7fc3a9fcb700            table_factory options:   flush_block_policy_factory: FlushBlockBySizePolicyFactory (0x7fc3500675f0)
  cache_index_and_filter_blocks: 0
  cache_index_and_filter_blocks_with_high_priority: 0
  pin_l0_filter_and_index_blocks_in_cache: 0
  pin_top_level_index_and_filter: 1
  index_type: 0
  hash_index_allow_collision: 1
  checksum: 1
  no_block_cache: 0
  block_cache: 0x7fc350001600
  block_cache_name: LRUCache
  block_cache_options:
    capacity : 8388608
    num_shard_bits : 4
    strict_capacity_limit : 0
    memory_allocator : None
    high_pri_pool_ratio: 0.000
  block_cache_compressed: (nil)
  persistent_cache: (nil)
  block_size: 4096
  block_size_deviation: 10
  block_restart_interval: 16
  index_block_restart_interval: 1
  metadata_block_size: 4096
  partition_filters: 0
  use_delta_encoding: 1
  filter_policy: nullptr
  whole_key_filtering: 1
  verify_compression: 0
  read_amp_bytes_per_bit: 0
  format_version: 2
  enable_index_compression: 1
  block_align: 0
2019/10/17-14:55:02.501824 7fc3a9fcb700        Options.write_buffer_size: 67108864
2019/10/17-14:55:02.501825 7fc3a9fcb700  Options.max_write_buffer_number: 2
2019/10/17-14:55:02.501826 7fc3a9fcb700          Options.compression: NoCompression
2019/10/17-14:55:02.501827 7fc3a9fcb700                  Options.bottommost_compression: Disabled
2019/10/17-14:55:02.501828 7fc3a9fcb700       Options.prefix_extractor: nullptr
2019/10/17-14:55:02.501829 7fc3a9fcb700   Options.memtable_insert_with_hint_prefix_extractor: nullptr
2019/10/17-14:55:02.501830 7fc3a9fcb700             Options.num_levels: 7
2019/10/17-14:55:02.501831 7fc3a9fcb700        Options.min_write_buffer_number_to_merge: 1
2019/10/17-14:55:02.501832 7fc3a9fcb700     Options.max_write_buffer_number_to_maintain: 0
2019/10/17-14:55:02.501833 7fc3a9fcb700            Options.bottommost_compression_opts.window_bits: -14
2019/10/17-14:55:02.501834 7fc3a9fcb700                  Options.bottommost_compression_opts.level: 32767
2019/10/17-14:55:02.501835 7fc3a9fcb700               Options.bottommost_compression_opts.strategy: 0
2019/10/17-14:55:02.501836 7fc3a9fcb700         Options.bottommost_compression_opts.max_dict_bytes: 0
2019/10/17-14:55:02.501837 7fc3a9fcb700         Options.bottommost_compression_opts.zstd_max_train_bytes: 0
2019/10/17-14:55:02.501838 7fc3a9fcb700                  Options.bottommost_compression_opts.enabled: false
2019/10/17-14:55:02.501839 7fc3a9fcb700            Options.compression_opts.window_bits: -14
2019/10/17-14:55:02.501840 7fc3a9fcb700                  Options.compression_opts.level: 32767
2019/10/17-14:55:02.501841 7fc3a9fcb700               Options.compression_opts.strategy: 0
2019/10/17-14:55:02.501842 7fc3a9fcb700         Options.compression_opts.max_dict_bytes: 0
2019/10/17-14:55:02.501843 7fc3a9fcb700         Options.compression_opts.zstd_max_train_bytes: 0
2019/10/17-14:55:02.501844 7fc3a9fcb700                  Options.compression_opts.enabled: false
2019/10/17-14:55:02.501845 7fc3a9fcb700      Options.level0_file_num_compaction_trigger: 4
2019/10/17-14:55:02.501846 7fc3a9fcb700          Options.level0_slowdown_writes_trigger: 20
2019/10/17-14:55:02.501847 7fc3a9fcb700              Options.level0_stop_writes_trigger: 36
2019/10/17-14:55:02.501848 7fc3a9fcb700                   Options.target_file_size_base: 67108864
2019/10/17-14:55:02.501849 7fc3a9fcb700             Options.target_file_size_multiplier: 1
2019/10/17-14:55:02.501850 7fc3a9fcb700                Options.max_bytes_for_level_base: 268435456
2019/10/17-14:55:02.501851 7fc3a9fcb700 Options.level_compaction_dynamic_level_bytes: 0
2019/10/17-14:55:02.501852 7fc3a9fcb700          Options.max_bytes_for_level_multiplier: 10.000000
2019/10/17-14:55:02.501854 7fc3a9fcb700 Options.max_bytes_for_level_multiplier_addtl[0]: 1
2019/10/17-14:55:02.501855 7fc3a9fcb700 Options.max_bytes_for_level_multiplier_addtl[1]: 1
2019/10/17-14:55:02.501856 7fc3a9fcb700 Options.max_bytes_for_level_multiplier_addtl[2]: 1
2019/10/17-14:55:02.501857 7fc3a9fcb700 Options.max_bytes_for_level_multiplier_addtl[3]: 1
2019/10/17-14:55:02.501858 7fc3a9fcb700 Options.max_bytes_for_level_multiplier_addtl[4]: 1
2019/10/17-14:55:02.501859 7fc3a9fcb700 Options.max_bytes_for_level_multiplier_addtl[5]: 1
2019/10/17-14:55:02.501860 7fc3a9fcb700 Options.max_bytes_for_level_multiplier_addtl[6]: 1
2019/10/17-14:55:02.501861 7fc3a9fcb700       Options.max_sequential_skip_in_iterations: 8
2019/10/17-14:55:02.501867 7fc3a9fcb700                    Options.max_compaction_bytes: 1677721600
2019/10/17-14:55:02.501868 7fc3a9fcb700                        Options.arena_block_size: 8388608
2019/10/17-14:55:02.501869 7fc3a9fcb700   Options.soft_pending_compaction_bytes_limit: 68719476736
2019/10/17-14:55:02.501870 7fc3a9fcb700   Options.hard_pending_compaction_bytes_limit: 274877906944
2019/10/17-14:55:02.501871 7fc3a9fcb700       Options.rate_limit_delay_max_milliseconds: 100
2019/10/17-14:55:02.501872 7fc3a9fcb700                Options.disable_auto_compactions: 0
2019/10/17-14:55:02.501873 7fc3a9fcb700                        Options.compaction_style: kCompactionStyleLevel
2019/10/17-14:55:02.501875 7fc3a9fcb700                          Options.compaction_pri: kByCompensatedSize
2019/10/17-14:55:02.501876 7fc3a9fcb700 Options.compaction_options_universal.size_ratio: 1
2019/10/17-14:55:02.501877 7fc3a9fcb700 Options.compaction_options_universal.min_merge_width: 2
2019/10/17-14:55:02.501878 7fc3a9fcb700 Options.compaction_options_universal.max_merge_width: 4294967295
2019/10/17-14:55:02.501879 7fc3a9fcb700 Options.compaction_options_universal.max_size_amplification_percent: 200
2019/10/17-14:55:02.501880 7fc3a9fcb700 Options.compaction_options_universal.compression_size_percent: -1
2019/10/17-14:55:02.501881 7fc3a9fcb700 Options.compaction_options_universal.stop_style: kCompactionStopStyleTotalSize
2019/10/17-14:55:02.501882 7fc3a9fcb700 Options.compaction_options_fifo.max_table_files_size: 1073741824
2019/10/17-14:55:02.501883 7fc3a9fcb700 Options.compaction_options_fifo.allow_compaction: 0
2019/10/17-14:55:02.501884 7fc3a9fcb700 Options.compaction_options_fifo.ttl: 0
2019/10/17-14:55:02.501885 7fc3a9fcb700                   Options.table_properties_collectors: 
2019/10/17-14:55:02.501886 7fc3a9fcb700                   Options.inplace_update_support: 0
2019/10/17-14:55:02.501887 7fc3a9fcb700                 Options.inplace_update_num_locks: 10000
2019/10/17-14:55:02.501888 7fc3a9fcb700               Options.memtable_prefix_bloom_size_ratio: 0.000000
2019/10/17-14:55:02.501889 7fc3a9fcb700   Options.memtable_huge_page_size: 0
2019/10/17-14:55:02.501890 7fc3a9fcb700                           Options.bloom_locality: 0
2019/10/17-14:55:02.501891 7fc3a9fcb700                    Options.max_successive_merges: 0
2019/10/17-14:55:02.501892 7fc3a9fcb700                Options.optimize_filters_for_hits: 0
2019/10/17-14:55:02.501893 7fc3a9fcb700                Options.paranoid_file_checks: 0
2019/10/17-14:55:02.501894 7fc3a9fcb700                Options.force_consistency_checks: 0
2019/10/17-14:55:02.501895 7fc3a9fcb700                Options.report_bg_io_stats: 0
2019/10/17-14:55:02.501896 7fc3a9fcb700                               Options.ttl: 0
2019/10/17-14:55:02.501917 7fc3a9fcb700 [db/column_family.cc:472] --------------- Options for column family [entries]:
2019/10/17-14:55:02.501919 7fc3a9fcb700               Options.comparator: leveldb.BytewiseComparator
2019/10/17-14:55:02.501920 7fc3a9fcb700           Options.merge_operator: None
2019/10/17-14:55:02.501921 7fc3a9fcb700        Options.compaction_filter: None
2019/10/17-14:55:02.501922 7fc3a9fcb700        Options.compaction_filter_factory: None
2019/10/17-14:55:02.501923 7fc3a9fcb700         Options.memtable_factory: SkipListFactory
2019/10/17-14:55:02.501924 7fc3a9fcb700            Options.table_factory: BlockBasedTable
2019/10/17-14:55:02.501937 7fc3a9fcb700            table_factory options:   flush_block_policy_factory: FlushBlockBySizePolicyFactory (0x7fc350037eb0)
  cache_index_and_filter_blocks: 0
  cache_index_and_filter_blocks_with_high_priority: 0
  pin_l0_filter_and_index_blocks_in_cache: 0
  pin_top_level_index_and_filter: 1
  index_type: 0
  hash_index_allow_collision: 1
  checksum: 1
  no_block_cache: 0
  block_cache: 0x7fc35003cc50
  block_cache_name: LRUCache
  block_cache_options:
    capacity : 8388608
    num_shard_bits : 4
    strict_capacity_limit : 0
    memory_allocator : None
    high_pri_pool_ratio: 0.000
  block_cache_compressed: (nil)
  persistent_cache: (nil)
  block_size: 4096
  block_size_deviation: 10
  block_restart_interval: 16
  index_block_restart_interval: 1
  metadata_block_size: 4096
  partition_filters: 0
  use_delta_encoding: 1
  filter_policy: nullptr
  whole_key_filtering: 1
  verify_compression: 0
  read_amp_bytes_per_bit: 0
  format_version: 2
  enable_index_compression: 1
  block_align: 0
2019/10/17-14:55:02.501944 7fc3a9fcb700        Options.write_buffer_size: 67108864
2019/10/17-14:55:02.501946 7fc3a9fcb700  Options.max_write_buffer_number: 2
2019/10/17-14:55:02.501947 7fc3a9fcb700          Options.compression: NoCompression
2019/10/17-14:55:02.501948 7fc3a9fcb700                  Options.bottommost_compression: Disabled
2019/10/17-14:55:02.501949 7fc3a9fcb700       Options.prefix_extractor: nullptr
2019/10/17-14:55:02.501950 7fc3a9fcb700   Options.memtable_insert_with_hint_prefix_extractor: nullptr
2019/10/17-14:55:02.501951 7fc3a9fcb700             Options.num_levels: 7
2019/10/17-14:55:02.501952 7fc3a9fcb700        Options.min_write_buffer_number_to_merge: 1
2019/10/17-14:55:02.501953 7fc3a9fcb700     Options.max_write_buffer_number_to_maintain: 0
2019/10/17-14:55:02.501954 7fc3a9fcb700            Options.bottommost_compression_opts.window_bits: -14
2019/10/17-14:55:02.501955 7fc3a9fcb700                  Options.bottommost_compression_opts.level: 32767
2019/10/17-14:55:02.501956 7fc3a9fcb700               Options.bottommost_compression_opts.strategy: 0
2019/10/17-14:55:02.501957 7fc3a9fcb700         Options.bottommost_compression_opts.max_dict_bytes: 0
2019/10/17-14:55:02.501958 7fc3a9fcb700         Options.bottommost_compression_opts.zstd_max_train_bytes: 0
2019/10/17-14:55:02.501959 7fc3a9fcb700                  Options.bottommost_compression_opts.enabled: false
2019/10/17-14:55:02.501960 7fc3a9fcb700            Options.compression_opts.window_bits: -14
2019/10/17-14:55:02.501961 7fc3a9fcb700                  Options.compression_opts.level: 32767
2019/10/17-14:55:02.501962 7fc3a9fcb700               Options.compression_opts.strategy: 0
2019/10/17-14:55:02.501963 7fc3a9fcb700         Options.compression_opts.max_dict_bytes: 0
2019/10/17-14:55:02.501964 7fc3a9fcb700         Options.compression_opts.zstd_max_train_bytes: 0
2019/10/17-14:55:02.501965 7fc3a9fcb700                  Options.compression_opts.enabled: false
2019/10/17-14:55:02.501966 7fc3a9fcb700      Options.level0_file_num_compaction_trigger: 4
2019/10/17-14:55:02.501967 7fc3a9fcb700          Options.level0_slowdown_writes_trigger: 20
2019/10/17-14:55:02.501968 7fc3a9fcb700              Options.level0_stop_writes_trigger: 36
2019/10/17-14:55:02.501969 7fc3a9fcb700                   Options.target_file_size_base: 67108864
2019/10/17-14:55:02.501970 7fc3a9fcb700             Options.target_file_size_multiplier: 1
2019/10/17-14:55:02.501971 7fc3a9fcb700                Options.max_bytes_for_level_base: 268435456
2019/10/17-14:55:02.501972 7fc3a9fcb700 Options.level_compaction_dynamic_level_bytes: 0
2019/10/17-14:55:02.501973 7fc3a9fcb700          Options.max_bytes_for_level_multiplier: 10.000000
2019/10/17-14:55:02.501974 7fc3a9fcb700 Options.max_bytes_for_level_multiplier_addtl[0]: 1
2019/10/17-14:55:02.501975 7fc3a9fcb700 Options.max_bytes_for_level_multiplier_addtl[1]: 1
2019/10/17-14:55:02.501976 7fc3a9fcb700 Options.max_bytes_for_level_multiplier_addtl[2]: 1
2019/10/17-14:55:02.501977 7fc3a9fcb700 Options.max_bytes_for_level_multiplier_addtl[3]: 1
2019/10/17-14:55:02.501979 7fc3a9fcb700 Options.max_bytes_for_level_multiplier_addtl[4]: 1
2019/10/17-14:55:02.501980 7fc3a9fcb700 Options.max_bytes_for_level_multiplier_addtl[5]: 1
2019/10/17-14:55:02.501981 7fc3a9fcb700 Options.max_bytes_for_level_multiplier_addtl[6]: 1
2019/10/17-14:55:02.501982 7fc3a9fcb700       Options.max_sequential_skip_in_iterations: 8
2019/10/17-14:55:02.501982 7fc3a9fcb700                    Options.max_compaction_bytes: 1677721600
2019/10/17-14:55:02.501983 7fc3a9fcb700                        Options.arena_block_size: 8388608
2019/10/17-14:55:02.501984 7fc3a9fcb700   Options.soft_pending_compaction_bytes_limit: 68719476736
2019/10/17-14:55:02.501990 7fc3a9fcb700   Options.hard_pending_compaction_bytes_limit: 274877906944
2019/10/17-14:55:02.501991 7fc3a9fcb700       Options.rate_limit_delay_max_milliseconds: 100
2019/10/17-14:55:02.501992 7fc3a9fcb700                Options.disable_auto_compactions: 0
2019/10/17-14:55:02.501993 7fc3a9fcb700                        Options.compaction_style: kCompactionStyleLevel
2019/10/17-14:55:02.501995 7fc3a9fcb700                          Options.compaction_pri: kByCompensatedSize
2019/10/17-14:55:02.501996 7fc3a9fcb700 Options.compaction_options_universal.size_ratio: 1
2019/10/17-14:55:02.501997 7fc3a9fcb700 Options.compaction_options_universal.min_merge_width: 2
2019/10/17-14:55:02.501998 7fc3a9fcb700 Options.compaction_options_universal.max_merge_width: 4294967295
2019/10/17-14:55:02.501999 7fc3a9fcb700 Options.compaction_options_universal.max_size_amplification_percent: 200
2019/10/17-14:55:02.502000 7fc3a9fcb700 Options.compaction_options_universal.compression_size_percent: -1
2019/10/17-14:55:02.502001 7fc3a9fcb700 Options.compaction_options_universal.stop_style: kCompactionStopStyleTotalSize
2019/10/17-14:55:02.502002 7fc3a9fcb700 Options.compaction_options_fifo.max_table_files_size: 1073741824
2019/10/17-14:55:02.502003 7fc3a9fcb700 Options.compaction_options_fifo.allow_compaction: 0
2019/10/17-14:55:02.502004 7fc3a9fcb700 Options.compaction_options_fifo.ttl: 0
2019/10/17-14:55:02.502005 7fc3a9fcb700                   Options.table_properties_collectors: 
2019/10/17-14:55:02.502006 7fc3a9fcb700                   Options.inplace_update_support: 0
2019/10/17-14:55:02.502007 7fc3a9fcb700                 Options.inplace_update_num_locks: 10000
2019/10/17-14:55:02.502008 7fc3a9fcb700               Options.memtable_prefix_bloom_size_ratio: 0.000000
2019/10/17-14:55:02.502009 7fc3a9fcb700   Options.memtable_huge_page_size: 0
2019/10/17-14:55:02.502010 7fc3a9fcb700                           Options.bloom_locality: 0
2019/10/17-14:55:02.502011 7fc3a9fcb700                    Options.max_successive_merges: 0
2019/10/17-14:55:02.502012 7fc3a9fcb700                Options.optimize_filters_for_hits: 0
2019/10/17-14:55:02.502013 7fc3a9fcb700                Options.paranoid_file_checks: 0
2019/10/17-14:55:02.502014 7fc3a9fcb700                Options.force_consistency_checks: 0
2019/10/17-14:55:02.502015 7fc3a9fcb700                Options.report_bg_io_stats: 0
2019/10/17-14:55:02.502016 7fc3a9fcb700                               Options.ttl: 0
2019/10/17-14:55:02.502035 7fc3a9fcb700 [db/column_family.cc:472] --------------- Options for column family [dc_entries]:
2019/10/17-14:55:02.502037 7fc3a9fcb700               Options.comparator: leveldb.BytewiseComparator
2019/10/17-14:55:02.502038 7fc3a9fcb700           Options.merge_operator: None
2019/10/17-14:55:02.502039 7fc3a9fcb700        Options.compaction_filter: None
2019/10/17-14:55:02.502040 7fc3a9fcb700        Options.compaction_filter_factory: None
2019/10/17-14:55:02.502041 7fc3a9fcb700         Options.memtable_factory: SkipListFactory
2019/10/17-14:55:02.502042 7fc3a9fcb700            Options.table_factory: BlockBasedTable
2019/10/17-14:55:02.502054 7fc3a9fcb700            table_factory options:   flush_block_policy_factory: FlushBlockBySizePolicyFactory (0x7fc3500014e0)
  cache_index_and_filter_blocks: 0
  cache_index_and_filter_blocks_with_high_priority: 0
  pin_l0_filter_and_index_blocks_in_cache: 0
  pin_top_level_index_and_filter: 1
  index_type: 0
  hash_index_allow_collision: 1
  checksum: 1
  no_block_cache: 0
  block_cache: 0x7fc350052890
  block_cache_name: LRUCache
  block_cache_options:
    capacity : 8388608
    num_shard_bits : 4
    strict_capacity_limit : 0
    memory_allocator : None
    high_pri_pool_ratio: 0.000
  block_cache_compressed: (nil)
  persistent_cache: (nil)
  block_size: 4096
  block_size_deviation: 10
  block_restart_interval: 16
  index_block_restart_interval: 1
  metadata_block_size: 4096
  partition_filters: 0
  use_delta_encoding: 1
  filter_policy: nullptr
  whole_key_filtering: 1
  verify_compression: 0
  read_amp_bytes_per_bit: 0
  format_version: 2
  enable_index_compression: 1
  block_align: 0
2019/10/17-14:55:02.502062 7fc3a9fcb700        Options.write_buffer_size: 67108864
2019/10/17-14:55:02.502063 7fc3a9fcb700  Options.max_write_buffer_number: 2
2019/10/17-14:55:02.502064 7fc3a9fcb700          Options.compression: NoCompression
2019/10/17-14:55:02.502065 7fc3a9fcb700                  Options.bottommost_compression: Disabled
2019/10/17-14:55:02.502066 7fc3a9fcb700       Options.prefix_extractor: nullptr
2019/10/17-14:55:02.502067 7fc3a9fcb700   Options.memtable_insert_with_hint_prefix_extractor: nullptr
2019/10/17-14:55:02.502068 7fc3a9fcb700             Options.num_levels: 7
2019/10/17-14:55:02.502069 7fc3a9fcb700        Options.min_write_buffer_number_to_merge: 1
2019/10/17-14:55:02.502070 7fc3a9fcb700     Options.max_write_buffer_number_to_maintain: 0
2019/10/17-14:55:02.502071 7fc3a9fcb700            Options.bottommost_compression_opts.window_bits: -14
2019/10/17-14:55:02.502072 7fc3a9fcb700                  Options.bottommost_compression_opts.level: 32767
2019/10/17-14:55:02.502073 7fc3a9fcb700               Options.bottommost_compression_opts.strategy: 0
2019/10/17-14:55:02.502074 7fc3a9fcb700         Options.bottommost_compression_opts.max_dict_bytes: 0
2019/10/17-14:55:02.502075 7fc3a9fcb700         Options.bottommost_compression_opts.zstd_max_train_bytes: 0
2019/10/17-14:55:02.502076 7fc3a9fcb700                  Options.bottommost_compression_opts.enabled: false
2019/10/17-14:55:02.502077 7fc3a9fcb700            Options.compression_opts.window_bits: -14
2019/10/17-14:55:02.502078 7fc3a9fcb700                  Options.compression_opts.level: 32767
2019/10/17-14:55:02.502079 7fc3a9fcb700               Options.compression_opts.strategy: 0
2019/10/17-14:55:02.502080 7fc3a9fcb700         Options.compression_opts.max_dict_bytes: 0
2019/10/17-14:55:02.502081 7fc3a9fcb700         Options.compression_opts.zstd_max_train_bytes: 0
2019/10/17-14:55:02.502082 7fc3a9fcb700                  Options.compression_opts.enabled: false
2019/10/17-14:55:02.502083 7fc3a9fcb700      Options.level0_file_num_compaction_trigger: 4
2019/10/17-14:55:02.502084 7fc3a9fcb700          Options.level0_slowdown_writes_trigger: 20
2019/10/17-14:55:02.502085 7fc3a9fcb700              Options.level0_stop_writes_trigger: 36
2019/10/17-14:55:02.502086 7fc3a9fcb700                   Options.target_file_size_base: 67108864
2019/10/17-14:55:02.502087 7fc3a9fcb700             Options.target_file_size_multiplier: 1
2019/10/17-14:55:02.502088 7fc3a9fcb700                Options.max_bytes_for_level_base: 268435456
2019/10/17-14:55:02.502089 7fc3a9fcb700 Options.level_compaction_dynamic_level_bytes: 0
2019/10/17-14:55:02.502090 7fc3a9fcb700          Options.max_bytes_for_level_multiplier: 10.000000
2019/10/17-14:55:02.502091 7fc3a9fcb700 Options.max_bytes_for_level_multiplier_addtl[0]: 1
2019/10/17-14:55:02.502092 7fc3a9fcb700 Options.max_bytes_for_level_multiplier_addtl[1]: 1
2019/10/17-14:55:02.502093 7fc3a9fcb700 Options.max_bytes_for_level_multiplier_addtl[2]: 1
2019/10/17-14:55:02.502094 7fc3a9fcb700 Options.max_bytes_for_level_multiplier_addtl[3]: 1
2019/10/17-14:55:02.502095 7fc3a9fcb700 Options.max_bytes_for_level_multiplier_addtl[4]: 1
2019/10/17-14:55:02.502096 7fc3a9fcb700 Options.max_bytes_for_level_multiplier_addtl[5]: 1
2019/10/17-14:55:02.502097 7fc3a9fcb700 Options.max_bytes_for_level_multiplier_addtl[6]: 1
2019/10/17-14:55:02.502098 7fc3a9fcb700       Options.max_sequential_skip_in_iterations: 8
2019/10/17-14:55:02.502099 7fc3a9fcb700                    Options.max_compaction_bytes: 1677721600
2019/10/17-14:55:02.502100 7fc3a9fcb700                        Options.arena_block_size: 8388608
2019/10/17-14:55:02.502101 7fc3a9fcb700   Options.soft_pending_compaction_bytes_limit: 68719476736
2019/10/17-14:55:02.502102 7fc3a9fcb700   Options.hard_pending_compaction_bytes_limit: 274877906944
2019/10/17-14:55:02.502103 7fc3a9fcb700       Options.rate_limit_delay_max_milliseconds: 100
2019/10/17-14:55:02.502104 7fc3a9fcb700                Options.disable_auto_compactions: 0
2019/10/17-14:55:02.502110 7fc3a9fcb700                        Options.compaction_style: kCompactionStyleLevel
2019/10/17-14:55:02.502112 7fc3a9fcb700                          Options.compaction_pri: kByCompensatedSize
2019/10/17-14:55:02.502113 7fc3a9fcb700 Options.compaction_options_universal.size_ratio: 1
2019/10/17-14:55:02.502114 7fc3a9fcb700 Options.compaction_options_universal.min_merge_width: 2
2019/10/17-14:55:02.502115 7fc3a9fcb700 Options.compaction_options_universal.max_merge_width: 4294967295
2019/10/17-14:55:02.502116 7fc3a9fcb700 Options.compaction_options_universal.max_size_amplification_percent: 200
2019/10/17-14:55:02.502117 7fc3a9fcb700 Options.compaction_options_universal.compression_size_percent: -1
2019/10/17-14:55:02.502118 7fc3a9fcb700 Options.compaction_options_universal.stop_style: kCompactionStopStyleTotalSize
2019/10/17-14:55:02.502119 7fc3a9fcb700 Options.compaction_options_fifo.max_table_files_size: 1073741824
2019/10/17-14:55:02.502120 7fc3a9fcb700 Options.compaction_options_fifo.allow_compaction: 0
2019/10/17-14:55:02.502121 7fc3a9fcb700 Options.compaction_options_fifo.ttl: 0
2019/10/17-14:55:02.502122 7fc3a9fcb700                   Options.table_properties_collectors: 
2019/10/17-14:55:02.502123 7fc3a9fcb700                   Options.inplace_update_support: 0
2019/10/17-14:55:02.502124 7fc3a9fcb700                 Options.inplace_update_num_locks: 10000
2019/10/17-14:55:02.502125 7fc3a9fcb700               Options.memtable_prefix_bloom_size_ratio: 0.000000
2019/10/17-14:55:02.502126 7fc3a9fcb700   Options.memtable_huge_page_size: 0
2019/10/17-14:55:02.502127 7fc3a9fcb700                           Options.bloom_locality: 0
2019/10/17-14:55:02.502128 7fc3a9fcb700                    Options.max_successive_merges: 0
2019/10/17-14:55:02.502129 7fc3a9fcb700                Options.optimize_filters_for_hits: 0
2019/10/17-14:55:02.502130 7fc3a9fcb700                Options.paranoid_file_checks: 0
2019/10/17-14:55:02.502131 7fc3a9fcb700                Options.force_consistency_checks: 0
2019/10/17-14:55:02.502132 7fc3a9fcb700                Options.report_bg_io_stats: 0
2019/10/17-14:55:02.502133 7fc3a9fcb700                               Options.ttl: 0
2019/10/17-14:55:02.502148 7fc3a9fcb700 [db/column_family.cc:472] --------------- Options for column family [htlcs]:
2019/10/17-14:55:02.502150 7fc3a9fcb700               Options.comparator: leveldb.BytewiseComparator
2019/10/17-14:55:02.502151 7fc3a9fcb700           Options.merge_operator: None
2019/10/17-14:55:02.502152 7fc3a9fcb700        Options.compaction_filter: None
2019/10/17-14:55:02.502153 7fc3a9fcb700        Options.compaction_filter_factory: None
2019/10/17-14:55:02.502154 7fc3a9fcb700         Options.memtable_factory: SkipListFactory
2019/10/17-14:55:02.502155 7fc3a9fcb700            Options.table_factory: BlockBasedTable
2019/10/17-14:55:02.502167 7fc3a9fcb700            table_factory options:   flush_block_policy_factory: FlushBlockBySizePolicyFactory (0x7fc35002cbf0)
