2019/10/17-14:55:04.755922 7fc3a9fcb700 RocksDB version: 5.18.3
2019/10/17-14:55:04.755947 7fc3a9fcb700 Git sha rocksdb_build_git_sha:@0@
2019/10/17-14:55:04.755948 7fc3a9fcb700 Compile date Sep 19 2019
2019/10/17-14:55:04.755949 7fc3a9fcb700 DB SUMMARY
2019/10/17-14:55:04.756462 7fc3a9fcb700 CURRENT file:  CURRENT
2019/10/17-14:55:04.756463 7fc3a9fcb700 IDENTITY file:  IDENTITY
2019/10/17-14:55:04.756485 7fc3a9fcb700 MANIFEST file:  MANIFEST-116284 size: 4114 Bytes
2019/10/17-14:55:04.756486 7fc3a9fcb700 SST files in /home/rahul/dev/blockchain-core/eqc/ledger.db dir, Total Num: 29, files: 000624.sst 000627.sst 106940.sst 108447.sst 108450.sst 109471.sst 109483.sst 109485.sst 109486.sst 
2019/10/17-14:55:04.756487 7fc3a9fcb700 Write Ahead Log file in /home/rahul/dev/blockchain-core/eqc/ledger.db: 116285.log size: 0 ; 
2019/10/17-14:55:04.756512 7fc3a9fcb700                         Options.error_if_exists: 0
2019/10/17-14:55:04.756513 7fc3a9fcb700                       Options.create_if_missing: 1
2019/10/17-14:55:04.756513 7fc3a9fcb700                         Options.paranoid_checks: 1
2019/10/17-14:55:04.756514 7fc3a9fcb700                                     Options.env: 0x7fc32ae1fc60
2019/10/17-14:55:04.756515 7fc3a9fcb700                                Options.info_log: 0x7fc35009f230
2019/10/17-14:55:04.756515 7fc3a9fcb700                Options.max_file_opening_threads: 16
2019/10/17-14:55:04.756516 7fc3a9fcb700                              Options.statistics: (nil)
2019/10/17-14:55:04.756516 7fc3a9fcb700                               Options.use_fsync: 0
2019/10/17-14:55:04.756517 7fc3a9fcb700                       Options.max_log_file_size: 0
2019/10/17-14:55:04.756518 7fc3a9fcb700                  Options.max_manifest_file_size: 1073741824
2019/10/17-14:55:04.756518 7fc3a9fcb700                   Options.log_file_time_to_roll: 0
2019/10/17-14:55:04.756519 7fc3a9fcb700                       Options.keep_log_file_num: 1000
2019/10/17-14:55:04.756519 7fc3a9fcb700                    Options.recycle_log_file_num: 0
2019/10/17-14:55:04.756520 7fc3a9fcb700                         Options.allow_fallocate: 1
2019/10/17-14:55:04.756521 7fc3a9fcb700                        Options.allow_mmap_reads: 0
2019/10/17-14:55:04.756521 7fc3a9fcb700                       Options.allow_mmap_writes: 0
2019/10/17-14:55:04.756522 7fc3a9fcb700                        Options.use_direct_reads: 0
2019/10/17-14:55:04.756522 7fc3a9fcb700                        Options.use_direct_io_for_flush_and_compaction: 0
2019/10/17-14:55:04.756523 7fc3a9fcb700          Options.create_missing_column_families: 0
2019/10/17-14:55:04.756523 7fc3a9fcb700                              Options.db_log_dir: 
2019/10/17-14:55:04.756524 7fc3a9fcb700                                 Options.wal_dir: /home/rahul/dev/blockchain-core/eqc/ledger.db
2019/10/17-14:55:04.756524 7fc3a9fcb700                Options.table_cache_numshardbits: 6
2019/10/17-14:55:04.756525 7fc3a9fcb700                      Options.max_subcompactions: 1
2019/10/17-14:55:04.756526 7fc3a9fcb700                  Options.max_background_flushes: -1
2019/10/17-14:55:04.756526 7fc3a9fcb700                         Options.WAL_ttl_seconds: 0
2019/10/17-14:55:04.756527 7fc3a9fcb700                       Options.WAL_size_limit_MB: 0
2019/10/17-14:55:04.756527 7fc3a9fcb700             Options.manifest_preallocation_size: 4194304
2019/10/17-14:55:04.756528 7fc3a9fcb700                     Options.is_fd_close_on_exec: 1
2019/10/17-14:55:04.756528 7fc3a9fcb700                   Options.advise_random_on_open: 1
2019/10/17-14:55:04.756529 7fc3a9fcb700                    Options.db_write_buffer_size: 0
2019/10/17-14:55:04.756529 7fc3a9fcb700                    Options.write_buffer_manager: 0x7fc3500b8d90
2019/10/17-14:55:04.756530 7fc3a9fcb700         Options.access_hint_on_compaction_start: 1
2019/10/17-14:55:04.756531 7fc3a9fcb700  Options.new_table_reader_for_compaction_inputs: 0
2019/10/17-14:55:04.756531 7fc3a9fcb700           Options.random_access_max_buffer_size: 1048576
2019/10/17-14:55:04.756532 7fc3a9fcb700                      Options.use_adaptive_mutex: 0
2019/10/17-14:55:04.756532 7fc3a9fcb700                            Options.rate_limiter: (nil)
2019/10/17-14:55:04.756539 7fc3a9fcb700     Options.sst_file_manager.rate_bytes_per_sec: 0
2019/10/17-14:55:04.756539 7fc3a9fcb700                       Options.wal_recovery_mode: 2
2019/10/17-14:55:04.756540 7fc3a9fcb700                  Options.enable_thread_tracking: 0
2019/10/17-14:55:04.756540 7fc3a9fcb700                  Options.enable_pipelined_write: 0
2019/10/17-14:55:04.756541 7fc3a9fcb700         Options.allow_concurrent_memtable_write: 1
2019/10/17-14:55:04.756542 7fc3a9fcb700      Options.enable_write_thread_adaptive_yield: 1
2019/10/17-14:55:04.756542 7fc3a9fcb700             Options.write_thread_max_yield_usec: 100
2019/10/17-14:55:04.756543 7fc3a9fcb700            Options.write_thread_slow_yield_usec: 3
2019/10/17-14:55:04.756543 7fc3a9fcb700                               Options.row_cache: None
2019/10/17-14:55:04.756544 7fc3a9fcb700                              Options.wal_filter: None
2019/10/17-14:55:04.756545 7fc3a9fcb700             Options.avoid_flush_during_recovery: 0
2019/10/17-14:55:04.756545 7fc3a9fcb700             Options.allow_ingest_behind: 0
2019/10/17-14:55:04.756546 7fc3a9fcb700             Options.preserve_deletes: 0
2019/10/17-14:55:04.756546 7fc3a9fcb700             Options.two_write_queues: 0
2019/10/17-14:55:04.756547 7fc3a9fcb700             Options.manual_wal_flush: 0
2019/10/17-14:55:04.756547 7fc3a9fcb700             Options.max_background_jobs: 2
2019/10/17-14:55:04.756548 7fc3a9fcb700             Options.max_background_compactions: -1
2019/10/17-14:55:04.756548 7fc3a9fcb700             Options.avoid_flush_during_shutdown: 0
2019/10/17-14:55:04.756549 7fc3a9fcb700           Options.writable_file_max_buffer_size: 1048576
2019/10/17-14:55:04.756550 7fc3a9fcb700             Options.delayed_write_rate : 16777216
2019/10/17-14:55:04.756550 7fc3a9fcb700             Options.max_total_wal_size: 0
2019/10/17-14:55:04.756551 7fc3a9fcb700             Options.delete_obsolete_files_period_micros: 21600000000
2019/10/17-14:55:04.756551 7fc3a9fcb700                   Options.stats_dump_period_sec: 600
2019/10/17-14:55:04.756552 7fc3a9fcb700                          Options.max_open_files: -1
2019/10/17-14:55:04.756552 7fc3a9fcb700                          Options.bytes_per_sync: 0
2019/10/17-14:55:04.756553 7fc3a9fcb700                      Options.wal_bytes_per_sync: 0
2019/10/17-14:55:04.756553 7fc3a9fcb700       Options.compaction_readahead_size: 0
2019/10/17-14:55:04.756554 7fc3a9fcb700 Compression algorithms supported:
2019/10/17-14:55:04.756555 7fc3a9fcb700 	kZSTDNotFinalCompression supported: 0
2019/10/17-14:55:04.756556 7fc3a9fcb700 	kZSTD supported: 0
2019/10/17-14:55:04.756557 7fc3a9fcb700 	kXpressCompression supported: 0
2019/10/17-14:55:04.756557 7fc3a9fcb700 	kLZ4HCCompression supported: 0
2019/10/17-14:55:04.756558 7fc3a9fcb700 	kLZ4Compression supported: 0
2019/10/17-14:55:04.756558 7fc3a9fcb700 	kBZip2Compression supported: 0
2019/10/17-14:55:04.756559 7fc3a9fcb700 	kZlibCompression supported: 0
2019/10/17-14:55:04.756560 7fc3a9fcb700 	kSnappyCompression supported: 0
2019/10/17-14:55:04.756561 7fc3a9fcb700 Fast CRC32 supported: Supported on x86
2019/10/17-14:55:04.756630 7fc3a9fcb700 [db/version_set.cc:3507] Recovering from manifest file: MANIFEST-116284
2019/10/17-14:55:04.756655 7fc3a9fcb700 [db/column_family.cc:472] --------------- Options for column family [default]:
2019/10/17-14:55:04.756656 7fc3a9fcb700               Options.comparator: leveldb.BytewiseComparator
2019/10/17-14:55:04.756656 7fc3a9fcb700           Options.merge_operator: None
2019/10/17-14:55:04.756657 7fc3a9fcb700        Options.compaction_filter: None
2019/10/17-14:55:04.756658 7fc3a9fcb700        Options.compaction_filter_factory: None
2019/10/17-14:55:04.756658 7fc3a9fcb700         Options.memtable_factory: SkipListFactory
2019/10/17-14:55:04.756659 7fc3a9fcb700            Options.table_factory: BlockBasedTable
2019/10/17-14:55:04.756670 7fc3a9fcb700            table_factory options:   flush_block_policy_factory: FlushBlockBySizePolicyFactory (0x7fc35000a2b0)
  cache_index_and_filter_blocks: 0
  cache_index_and_filter_blocks_with_high_priority: 0
  pin_l0_filter_and_index_blocks_in_cache: 0
  pin_top_level_index_and_filter: 1
  index_type: 0
  hash_index_allow_collision: 1
  checksum: 1
  no_block_cache: 0
  block_cache: 0x7fc35001d540
  block_cache_name: LRUCache
  block_cache_options:
    capacity : 8388608
    num_shard_bits : 4
    strict_capacity_limit : 0
    memory_allocator : None
    high_pri_pool_ratio: 0.000
  block_cache_compressed: (nil)
  persistent_cache: (nil)
  block_size: 4096
  block_size_deviation: 10
  block_restart_interval: 16
  index_block_restart_interval: 1
  metadata_block_size: 4096
  partition_filters: 0
  use_delta_encoding: 1
  filter_policy: nullptr
  whole_key_filtering: 1
  verify_compression: 0
  read_amp_bytes_per_bit: 0
  format_version: 2
  enable_index_compression: 1
  block_align: 0
2019/10/17-14:55:04.756677 7fc3a9fcb700        Options.write_buffer_size: 67108864
2019/10/17-14:55:04.756677 7fc3a9fcb700  Options.max_write_buffer_number: 2
2019/10/17-14:55:04.756678 7fc3a9fcb700          Options.compression: NoCompression
2019/10/17-14:55:04.756679 7fc3a9fcb700                  Options.bottommost_compression: Disabled
2019/10/17-14:55:04.756679 7fc3a9fcb700       Options.prefix_extractor: nullptr
2019/10/17-14:55:04.756680 7fc3a9fcb700   Options.memtable_insert_with_hint_prefix_extractor: nullptr
2019/10/17-14:55:04.756680 7fc3a9fcb700             Options.num_levels: 7
2019/10/17-14:55:04.756681 7fc3a9fcb700        Options.min_write_buffer_number_to_merge: 1
2019/10/17-14:55:04.756681 7fc3a9fcb700     Options.max_write_buffer_number_to_maintain: 0
2019/10/17-14:55:04.756682 7fc3a9fcb700            Options.bottommost_compression_opts.window_bits: -14
2019/10/17-14:55:04.756683 7fc3a9fcb700                  Options.bottommost_compression_opts.level: 32767
2019/10/17-14:55:04.756683 7fc3a9fcb700               Options.bottommost_compression_opts.strategy: 0
2019/10/17-14:55:04.756684 7fc3a9fcb700         Options.bottommost_compression_opts.max_dict_bytes: 0
2019/10/17-14:55:04.756684 7fc3a9fcb700         Options.bottommost_compression_opts.zstd_max_train_bytes: 0
2019/10/17-14:55:04.756685 7fc3a9fcb700                  Options.bottommost_compression_opts.enabled: false
2019/10/17-14:55:04.756685 7fc3a9fcb700            Options.compression_opts.window_bits: -14
2019/10/17-14:55:04.756686 7fc3a9fcb700                  Options.compression_opts.level: 32767
2019/10/17-14:55:04.756687 7fc3a9fcb700               Options.compression_opts.strategy: 0
2019/10/17-14:55:04.756687 7fc3a9fcb700         Options.compression_opts.max_dict_bytes: 0
2019/10/17-14:55:04.756688 7fc3a9fcb700         Options.compression_opts.zstd_max_train_bytes: 0
2019/10/17-14:55:04.756688 7fc3a9fcb700                  Options.compression_opts.enabled: false
2019/10/17-14:55:04.756689 7fc3a9fcb700      Options.level0_file_num_compaction_trigger: 4
2019/10/17-14:55:04.756689 7fc3a9fcb700          Options.level0_slowdown_writes_trigger: 20
2019/10/17-14:55:04.756690 7fc3a9fcb700              Options.level0_stop_writes_trigger: 36
2019/10/17-14:55:04.756690 7fc3a9fcb700                   Options.target_file_size_base: 67108864
2019/10/17-14:55:04.756691 7fc3a9fcb700             Options.target_file_size_multiplier: 1
2019/10/17-14:55:04.756691 7fc3a9fcb700                Options.max_bytes_for_level_base: 268435456
2019/10/17-14:55:04.756692 7fc3a9fcb700 Options.level_compaction_dynamic_level_bytes: 0
2019/10/17-14:55:04.756693 7fc3a9fcb700          Options.max_bytes_for_level_multiplier: 10.000000
2019/10/17-14:55:04.756694 7fc3a9fcb700 Options.max_bytes_for_level_multiplier_addtl[0]: 1
2019/10/17-14:55:04.756695 7fc3a9fcb700 Options.max_bytes_for_level_multiplier_addtl[1]: 1
2019/10/17-14:55:04.756695 7fc3a9fcb700 Options.max_bytes_for_level_multiplier_addtl[2]: 1
2019/10/17-14:55:04.756696 7fc3a9fcb700 Options.max_bytes_for_level_multiplier_addtl[3]: 1
2019/10/17-14:55:04.756696 7fc3a9fcb700 Options.max_bytes_for_level_multiplier_addtl[4]: 1
2019/10/17-14:55:04.756700 7fc3a9fcb700 Options.max_bytes_for_level_multiplier_addtl[5]: 1
2019/10/17-14:55:04.756700 7fc3a9fcb700 Options.max_bytes_for_level_multiplier_addtl[6]: 1
2019/10/17-14:55:04.756701 7fc3a9fcb700       Options.max_sequential_skip_in_iterations: 8
2019/10/17-14:55:04.756701 7fc3a9fcb700                    Options.max_compaction_bytes: 1677721600
2019/10/17-14:55:04.756702 7fc3a9fcb700                        Options.arena_block_size: 8388608
2019/10/17-14:55:04.756703 7fc3a9fcb700   Options.soft_pending_compaction_bytes_limit: 68719476736
2019/10/17-14:55:04.756703 7fc3a9fcb700   Options.hard_pending_compaction_bytes_limit: 274877906944
2019/10/17-14:55:04.756704 7fc3a9fcb700       Options.rate_limit_delay_max_milliseconds: 100
2019/10/17-14:55:04.756704 7fc3a9fcb700                Options.disable_auto_compactions: 0
2019/10/17-14:55:04.756705 7fc3a9fcb700                        Options.compaction_style: kCompactionStyleLevel
2019/10/17-14:55:04.756706 7fc3a9fcb700                          Options.compaction_pri: kByCompensatedSize
2019/10/17-14:55:04.756707 7fc3a9fcb700 Options.compaction_options_universal.size_ratio: 1
2019/10/17-14:55:04.756708 7fc3a9fcb700 Options.compaction_options_universal.min_merge_width: 2
2019/10/17-14:55:04.756708 7fc3a9fcb700 Options.compaction_options_universal.max_merge_width: 4294967295
2019/10/17-14:55:04.756709 7fc3a9fcb700 Options.compaction_options_universal.max_size_amplification_percent: 200
2019/10/17-14:55:04.756709 7fc3a9fcb700 Options.compaction_options_universal.compression_size_percent: -1
2019/10/17-14:55:04.756710 7fc3a9fcb700 Options.compaction_options_universal.stop_style: kCompactionStopStyleTotalSize
2019/10/17-14:55:04.756711 7fc3a9fcb700 Options.compaction_options_fifo.max_table_files_size: 1073741824
2019/10/17-14:55:04.756711 7fc3a9fcb700 Options.compaction_options_fifo.allow_compaction: 0
2019/10/17-14:55:04.756712 7fc3a9fcb700 Options.compaction_options_fifo.ttl: 0
2019/10/17-14:55:04.756713 7fc3a9fcb700                   Options.table_properties_collectors: 
2019/10/17-14:55:04.756713 7fc3a9fcb700                   Options.inplace_update_support: 0
2019/10/17-14:55:04.756714 7fc3a9fcb700                 Options.inplace_update_num_locks: 10000
2019/10/17-14:55:04.756714 7fc3a9fcb700               Options.memtable_prefix_bloom_size_ratio: 0.000000
2019/10/17-14:55:04.756715 7fc3a9fcb700   Options.memtable_huge_page_size: 0
2019/10/17-14:55:04.756716 7fc3a9fcb700                           Options.bloom_locality: 0
2019/10/17-14:55:04.756716 7fc3a9fcb700                    Options.max_successive_merges: 0
2019/10/17-14:55:04.756717 7fc3a9fcb700                Options.optimize_filters_for_hits: 0
2019/10/17-14:55:04.756717 7fc3a9fcb700                Options.paranoid_file_checks: 0
2019/10/17-14:55:04.756718 7fc3a9fcb700                Options.force_consistency_checks: 0
2019/10/17-14:55:04.756718 7fc3a9fcb700                Options.report_bg_io_stats: 0
2019/10/17-14:55:04.756719 7fc3a9fcb700                               Options.ttl: 0
2019/10/17-14:55:04.756741 7fc3a9fcb700 [db/column_family.cc:472] --------------- Options for column family [active_gateways]:
2019/10/17-14:55:04.756742 7fc3a9fcb700               Options.comparator: leveldb.BytewiseComparator
2019/10/17-14:55:04.756742 7fc3a9fcb700           Options.merge_operator: None
2019/10/17-14:55:04.756743 7fc3a9fcb700        Options.compaction_filter: None
2019/10/17-14:55:04.756743 7fc3a9fcb700        Options.compaction_filter_factory: None
2019/10/17-14:55:04.756744 7fc3a9fcb700         Options.memtable_factory: SkipListFactory
2019/10/17-14:55:04.756745 7fc3a9fcb700            Options.table_factory: BlockBasedTable
2019/10/17-14:55:04.756752 7fc3a9fcb700            table_factory options:   flush_block_policy_factory: FlushBlockBySizePolicyFactory (0x7fc35009a9e0)
  cache_index_and_filter_blocks: 0
  cache_index_and_filter_blocks_with_high_priority: 0
  pin_l0_filter_and_index_blocks_in_cache: 0
  pin_top_level_index_and_filter: 1
  index_type: 0
  hash_index_allow_collision: 1
  checksum: 1
  no_block_cache: 0
  block_cache: 0x7fc3500633e0
  block_cache_name: LRUCache
  block_cache_options:
    capacity : 8388608
    num_shard_bits : 4
    strict_capacity_limit : 0
    memory_allocator : None
    high_pri_pool_ratio: 0.000
  block_cache_compressed: (nil)
  persistent_cache: (nil)
  block_size: 4096
  block_size_deviation: 10
  block_restart_interval: 16
  index_block_restart_interval: 1
  metadata_block_size: 4096
  partition_filters: 0
  use_delta_encoding: 1
  filter_policy: nullptr
  whole_key_filtering: 1
  verify_compression: 0
  read_amp_bytes_per_bit: 0
  format_version: 2
  enable_index_compression: 1
  block_align: 0
2019/10/17-14:55:04.756757 7fc3a9fcb700        Options.write_buffer_size: 67108864
2019/10/17-14:55:04.756757 7fc3a9fcb700  Options.max_write_buffer_number: 2
2019/10/17-14:55:04.756758 7fc3a9fcb700          Options.compression: NoCompression
2019/10/17-14:55:04.756759 7fc3a9fcb700                  Options.bottommost_compression: Disabled
2019/10/17-14:55:04.756759 7fc3a9fcb700       Options.prefix_extractor: nullptr
2019/10/17-14:55:04.756760 7fc3a9fcb700   Options.memtable_insert_with_hint_prefix_extractor: nullptr
2019/10/17-14:55:04.756760 7fc3a9fcb700             Options.num_levels: 7
2019/10/17-14:55:04.756761 7fc3a9fcb700        Options.min_write_buffer_number_to_merge: 1
2019/10/17-14:55:04.756761 7fc3a9fcb700     Options.max_write_buffer_number_to_maintain: 0
2019/10/17-14:55:04.756762 7fc3a9fcb700            Options.bottommost_compression_opts.window_bits: -14
2019/10/17-14:55:04.756762 7fc3a9fcb700                  Options.bottommost_compression_opts.level: 32767
2019/10/17-14:55:04.756763 7fc3a9fcb700               Options.bottommost_compression_opts.strategy: 0
2019/10/17-14:55:04.756763 7fc3a9fcb700         Options.bottommost_compression_opts.max_dict_bytes: 0
2019/10/17-14:55:04.756764 7fc3a9fcb700         Options.bottommost_compression_opts.zstd_max_train_bytes: 0
2019/10/17-14:55:04.756764 7fc3a9fcb700                  Options.bottommost_compression_opts.enabled: false
2019/10/17-14:55:04.756765 7fc3a9fcb700            Options.compression_opts.window_bits: -14
2019/10/17-14:55:04.756766 7fc3a9fcb700                  Options.compression_opts.level: 32767
2019/10/17-14:55:04.756766 7fc3a9fcb700               Options.compression_opts.strategy: 0
2019/10/17-14:55:04.756767 7fc3a9fcb700         Options.compression_opts.max_dict_bytes: 0
2019/10/17-14:55:04.756767 7fc3a9fcb700         Options.compression_opts.zstd_max_train_bytes: 0
2019/10/17-14:55:04.756768 7fc3a9fcb700                  Options.compression_opts.enabled: false
2019/10/17-14:55:04.756768 7fc3a9fcb700      Options.level0_file_num_compaction_trigger: 4
2019/10/17-14:55:04.756769 7fc3a9fcb700          Options.level0_slowdown_writes_trigger: 20
2019/10/17-14:55:04.756769 7fc3a9fcb700              Options.level0_stop_writes_trigger: 36
2019/10/17-14:55:04.756770 7fc3a9fcb700                   Options.target_file_size_base: 67108864
2019/10/17-14:55:04.756770 7fc3a9fcb700             Options.target_file_size_multiplier: 1
2019/10/17-14:55:04.756771 7fc3a9fcb700                Options.max_bytes_for_level_base: 268435456
2019/10/17-14:55:04.756771 7fc3a9fcb700 Options.level_compaction_dynamic_level_bytes: 0
2019/10/17-14:55:04.756772 7fc3a9fcb700          Options.max_bytes_for_level_multiplier: 10.000000
2019/10/17-14:55:04.756773 7fc3a9fcb700 Options.max_bytes_for_level_multiplier_addtl[0]: 1
2019/10/17-14:55:04.756774 7fc3a9fcb700 Options.max_bytes_for_level_multiplier_addtl[1]: 1
2019/10/17-14:55:04.756774 7fc3a9fcb700 Options.max_bytes_for_level_multiplier_addtl[2]: 1
2019/10/17-14:55:04.756775 7fc3a9fcb700 Options.max_bytes_for_level_multiplier_addtl[3]: 1
2019/10/17-14:55:04.756775 7fc3a9fcb700 Options.max_bytes_for_level_multiplier_addtl[4]: 1
2019/10/17-14:55:04.756776 7fc3a9fcb700 Options.max_bytes_for_level_multiplier_addtl[5]: 1
2019/10/17-14:55:04.756776 7fc3a9fcb700 Options.max_bytes_for_level_multiplier_addtl[6]: 1
2019/10/17-14:55:04.756777 7fc3a9fcb700       Options.max_sequential_skip_in_iterations: 8
2019/10/17-14:55:04.756780 7fc3a9fcb700                    Options.max_compaction_bytes: 1677721600
2019/10/17-14:55:04.756781 7fc3a9fcb700                        Options.arena_block_size: 8388608
2019/10/17-14:55:04.756781 7fc3a9fcb700   Options.soft_pending_compaction_bytes_limit: 68719476736
2019/10/17-14:55:04.756782 7fc3a9fcb700   Options.hard_pending_compaction_bytes_limit: 274877906944
2019/10/17-14:55:04.756783 7fc3a9fcb700       Options.rate_limit_delay_max_milliseconds: 100
2019/10/17-14:55:04.756783 7fc3a9fcb700                Options.disable_auto_compactions: 0
2019/10/17-14:55:04.756784 7fc3a9fcb700                        Options.compaction_style: kCompactionStyleLevel
2019/10/17-14:55:04.756784 7fc3a9fcb700                          Options.compaction_pri: kByCompensatedSize
2019/10/17-14:55:04.756785 7fc3a9fcb700 Options.compaction_options_universal.size_ratio: 1
2019/10/17-14:55:04.756786 7fc3a9fcb700 Options.compaction_options_universal.min_merge_width: 2
2019/10/17-14:55:04.756786 7fc3a9fcb700 Options.compaction_options_universal.max_merge_width: 4294967295
2019/10/17-14:55:04.756787 7fc3a9fcb700 Options.compaction_options_universal.max_size_amplification_percent: 200
2019/10/17-14:55:04.756787 7fc3a9fcb700 Options.compaction_options_universal.compression_size_percent: -1
2019/10/17-14:55:04.756788 7fc3a9fcb700 Options.compaction_options_universal.stop_style: kCompactionStopStyleTotalSize
2019/10/17-14:55:04.756788 7fc3a9fcb700 Options.compaction_options_fifo.max_table_files_size: 1073741824
2019/10/17-14:55:04.756789 7fc3a9fcb700 Options.compaction_options_fifo.allow_compaction: 0
2019/10/17-14:55:04.756789 7fc3a9fcb700 Options.compaction_options_fifo.ttl: 0
2019/10/17-14:55:04.756790 7fc3a9fcb700                   Options.table_properties_collectors: 
2019/10/17-14:55:04.756791 7fc3a9fcb700                   Options.inplace_update_support: 0
2019/10/17-14:55:04.756791 7fc3a9fcb700                 Options.inplace_update_num_locks: 10000
2019/10/17-14:55:04.756792 7fc3a9fcb700               Options.memtable_prefix_bloom_size_ratio: 0.000000
2019/10/17-14:55:04.756792 7fc3a9fcb700   Options.memtable_huge_page_size: 0
2019/10/17-14:55:04.756793 7fc3a9fcb700                           Options.bloom_locality: 0
2019/10/17-14:55:04.756793 7fc3a9fcb700                    Options.max_successive_merges: 0
2019/10/17-14:55:04.756794 7fc3a9fcb700                Options.optimize_filters_for_hits: 0
2019/10/17-14:55:04.756795 7fc3a9fcb700                Options.paranoid_file_checks: 0
2019/10/17-14:55:04.756795 7fc3a9fcb700                Options.force_consistency_checks: 0
2019/10/17-14:55:04.756796 7fc3a9fcb700                Options.report_bg_io_stats: 0
2019/10/17-14:55:04.756796 7fc3a9fcb700                               Options.ttl: 0
2019/10/17-14:55:04.756808 7fc3a9fcb700 [db/column_family.cc:472] --------------- Options for column family [entries]:
2019/10/17-14:55:04.756809 7fc3a9fcb700               Options.comparator: leveldb.BytewiseComparator
2019/10/17-14:55:04.756809 7fc3a9fcb700           Options.merge_operator: None
2019/10/17-14:55:04.756810 7fc3a9fcb700        Options.compaction_filter: None
2019/10/17-14:55:04.756810 7fc3a9fcb700        Options.compaction_filter_factory: None
2019/10/17-14:55:04.756811 7fc3a9fcb700         Options.memtable_factory: SkipListFactory
2019/10/17-14:55:04.756811 7fc3a9fcb700            Options.table_factory: BlockBasedTable
2019/10/17-14:55:04.756818 7fc3a9fcb700            table_factory options:   flush_block_policy_factory: FlushBlockBySizePolicyFactory (0x7fc350081ce0)
  cache_index_and_filter_blocks: 0
  cache_index_and_filter_blocks_with_high_priority: 0
  pin_l0_filter_and_index_blocks_in_cache: 0
  pin_top_level_index_and_filter: 1
  index_type: 0
  hash_index_allow_collision: 1
  checksum: 1
  no_block_cache: 0
  block_cache: 0x7fc35007af10
  block_cache_name: LRUCache
  block_cache_options:
    capacity : 8388608
    num_shard_bits : 4
    strict_capacity_limit : 0
    memory_allocator : None
    high_pri_pool_ratio: 0.000
  block_cache_compressed: (nil)
  persistent_cache: (nil)
  block_size: 4096
  block_size_deviation: 10
  block_restart_interval: 16
  index_block_restart_interval: 1
  metadata_block_size: 4096
  partition_filters: 0
  use_delta_encoding: 1
  filter_policy: nullptr
  whole_key_filtering: 1
  verify_compression: 0
  read_amp_bytes_per_bit: 0
  format_version: 2
  enable_index_compression: 1
  block_align: 0
2019/10/17-14:55:04.756823 7fc3a9fcb700        Options.write_buffer_size: 67108864
2019/10/17-14:55:04.756823 7fc3a9fcb700  Options.max_write_buffer_number: 2
2019/10/17-14:55:04.756824 7fc3a9fcb700          Options.compression: NoCompression
2019/10/17-14:55:04.756824 7fc3a9fcb700                  Options.bottommost_compression: Disabled
2019/10/17-14:55:04.756825 7fc3a9fcb700       Options.prefix_extractor: nullptr
2019/10/17-14:55:04.756825 7fc3a9fcb700   Options.memtable_insert_with_hint_prefix_extractor: nullptr
2019/10/17-14:55:04.756826 7fc3a9fcb700             Options.num_levels: 7
2019/10/17-14:55:04.756826 7fc3a9fcb700        Options.min_write_buffer_number_to_merge: 1
2019/10/17-14:55:04.756827 7fc3a9fcb700     Options.max_write_buffer_number_to_maintain: 0
2019/10/17-14:55:04.756828 7fc3a9fcb700            Options.bottommost_compression_opts.window_bits: -14
2019/10/17-14:55:04.756828 7fc3a9fcb700                  Options.bottommost_compression_opts.level: 32767
2019/10/17-14:55:04.756829 7fc3a9fcb700               Options.bottommost_compression_opts.strategy: 0
2019/10/17-14:55:04.756829 7fc3a9fcb700         Options.bottommost_compression_opts.max_dict_bytes: 0
2019/10/17-14:55:04.756830 7fc3a9fcb700         Options.bottommost_compression_opts.zstd_max_train_bytes: 0
2019/10/17-14:55:04.756830 7fc3a9fcb700                  Options.bottommost_compression_opts.enabled: false
2019/10/17-14:55:04.756831 7fc3a9fcb700            Options.compression_opts.window_bits: -14
2019/10/17-14:55:04.756831 7fc3a9fcb700                  Options.compression_opts.level: 32767
2019/10/17-14:55:04.756832 7fc3a9fcb700               Options.compression_opts.strategy: 0
2019/10/17-14:55:04.756832 7fc3a9fcb700         Options.compression_opts.max_dict_bytes: 0
2019/10/17-14:55:04.756833 7fc3a9fcb700         Options.compression_opts.zstd_max_train_bytes: 0
2019/10/17-14:55:04.756833 7fc3a9fcb700                  Options.compression_opts.enabled: false
2019/10/17-14:55:04.756834 7fc3a9fcb700      Options.level0_file_num_compaction_trigger: 4
2019/10/17-14:55:04.756834 7fc3a9fcb700          Options.level0_slowdown_writes_trigger: 20
2019/10/17-14:55:04.756835 7fc3a9fcb700              Options.level0_stop_writes_trigger: 36
2019/10/17-14:55:04.756836 7fc3a9fcb700                   Options.target_file_size_base: 67108864
2019/10/17-14:55:04.756836 7fc3a9fcb700             Options.target_file_size_multiplier: 1
2019/10/17-14:55:04.756837 7fc3a9fcb700                Options.max_bytes_for_level_base: 268435456
2019/10/17-14:55:04.756837 7fc3a9fcb700 Options.level_compaction_dynamic_level_bytes: 0
2019/10/17-14:55:04.756838 7fc3a9fcb700          Options.max_bytes_for_level_multiplier: 10.000000
2019/10/17-14:55:04.756839 7fc3a9fcb700 Options.max_bytes_for_level_multiplier_addtl[0]: 1
2019/10/17-14:55:04.756839 7fc3a9fcb700 Options.max_bytes_for_level_multiplier_addtl[1]: 1
2019/10/17-14:55:04.756840 7fc3a9fcb700 Options.max_bytes_for_level_multiplier_addtl[2]: 1
2019/10/17-14:55:04.756840 7fc3a9fcb700 Options.max_bytes_for_level_multiplier_addtl[3]: 1
2019/10/17-14:55:04.756841 7fc3a9fcb700 Options.max_bytes_for_level_multiplier_addtl[4]: 1
2019/10/17-14:55:04.756841 7fc3a9fcb700 Options.max_bytes_for_level_multiplier_addtl[5]: 1
2019/10/17-14:55:04.756842 7fc3a9fcb700 Options.max_bytes_for_level_multiplier_addtl[6]: 1
2019/10/17-14:55:04.756842 7fc3a9fcb700       Options.max_sequential_skip_in_iterations: 8
2019/10/17-14:55:04.756843 7fc3a9fcb700                    Options.max_compaction_bytes: 1677721600
2019/10/17-14:55:04.756844 7fc3a9fcb700                        Options.arena_block_size: 8388608
2019/10/17-14:55:04.756844 7fc3a9fcb700   Options.soft_pending_compaction_bytes_limit: 68719476736
2019/10/17-14:55:04.756847 7fc3a9fcb700   Options.hard_pending_compaction_bytes_limit: 274877906944
2019/10/17-14:55:04.756848 7fc3a9fcb700       Options.rate_limit_delay_max_milliseconds: 100
2019/10/17-14:55:04.756848 7fc3a9fcb700                Options.disable_auto_compactions: 0
2019/10/17-14:55:04.756849 7fc3a9fcb700                        Options.compaction_style: kCompactionStyleLevel
2019/10/17-14:55:04.756850 7fc3a9fcb700                          Options.compaction_pri: kByCompensatedSize
2019/10/17-14:55:04.756850 7fc3a9fcb700 Options.compaction_options_universal.size_ratio: 1
2019/10/17-14:55:04.756851 7fc3a9fcb700 Options.compaction_options_universal.min_merge_width: 2
2019/10/17-14:55:04.756851 7fc3a9fcb700 Options.compaction_options_universal.max_merge_width: 4294967295
2019/10/17-14:55:04.756852 7fc3a9fcb700 Options.compaction_options_universal.max_size_amplification_percent: 200
2019/10/17-14:55:04.756853 7fc3a9fcb700 Options.compaction_options_universal.compression_size_percent: -1
2019/10/17-14:55:04.756853 7fc3a9fcb700 Options.compaction_options_universal.stop_style: kCompactionStopStyleTotalSize
2019/10/17-14:55:04.756854 7fc3a9fcb700 Options.compaction_options_fifo.max_table_files_size: 1073741824
2019/10/17-14:55:04.756854 7fc3a9fcb700 Options.compaction_options_fifo.allow_compaction: 0
2019/10/17-14:55:04.756855 7fc3a9fcb700 Options.compaction_options_fifo.ttl: 0
2019/10/17-14:55:04.756855 7fc3a9fcb700                   Options.table_properties_collectors: 
2019/10/17-14:55:04.756856 7fc3a9fcb700                   Options.inplace_update_support: 0
2019/10/17-14:55:04.756856 7fc3a9fcb700                 Options.inplace_update_num_locks: 10000
2019/10/17-14:55:04.756857 7fc3a9fcb700               Options.memtable_prefix_bloom_size_ratio: 0.000000
2019/10/17-14:55:04.756858 7fc3a9fcb700   Options.memtable_huge_page_size: 0
2019/10/17-14:55:04.756858 7fc3a9fcb700                           Options.bloom_locality: 0
2019/10/17-14:55:04.756859 7fc3a9fcb700                    Options.max_successive_merges: 0
2019/10/17-14:55:04.756859 7fc3a9fcb700                Options.optimize_filters_for_hits: 0
2019/10/17-14:55:04.756860 7fc3a9fcb700                Options.paranoid_file_checks: 0
2019/10/17-14:55:04.756860 7fc3a9fcb700                Options.force_consistency_checks: 0
2019/10/17-14:55:04.756861 7fc3a9fcb700                Options.report_bg_io_stats: 0
2019/10/17-14:55:04.756861 7fc3a9fcb700                               Options.ttl: 0
2019/10/17-14:55:04.756872 7fc3a9fcb700 [db/column_family.cc:472] --------------- Options for column family [dc_entries]:
2019/10/17-14:55:04.756873 7fc3a9fcb700               Options.comparator: leveldb.BytewiseComparator
2019/10/17-14:55:04.756873 7fc3a9fcb700           Options.merge_operator: None
2019/10/17-14:55:04.756874 7fc3a9fcb700        Options.compaction_filter: None
2019/10/17-14:55:04.756875 7fc3a9fcb700        Options.compaction_filter_factory: None
2019/10/17-14:55:04.756875 7fc3a9fcb700         Options.memtable_factory: SkipListFactory
2019/10/17-14:55:04.756876 7fc3a9fcb700            Options.table_factory: BlockBasedTable
2019/10/17-14:55:04.756882 7fc3a9fcb700            table_factory options:   flush_block_policy_factory: FlushBlockBySizePolicyFactory (0x7fc3501029f0)
  cache_index_and_filter_blocks: 0
  cache_index_and_filter_blocks_with_high_priority: 0
  pin_l0_filter_and_index_blocks_in_cache: 0
  pin_top_level_index_and_filter: 1
  index_type: 0
  hash_index_allow_collision: 1
  checksum: 1
  no_block_cache: 0
  block_cache: 0x7fc350073130
  block_cache_name: LRUCache
  block_cache_options:
    capacity : 8388608
    num_shard_bits : 4
    strict_capacity_limit : 0
    memory_allocator : None
    high_pri_pool_ratio: 0.000
  block_cache_compressed: (nil)
  persistent_cache: (nil)
  block_size: 4096
  block_size_deviation: 10
  block_restart_interval: 16
  index_block_restart_interval: 1
  metadata_block_size: 4096
  partition_filters: 0
  use_delta_encoding: 1
  filter_policy: nullptr
  whole_key_filtering: 1
  verify_compression: 0
  read_amp_bytes_per_bit: 0
  format_version: 2
  enable_index_compression: 1
  block_align: 0
2019/10/17-14:55:04.756887 7fc3a9fcb700        Options.write_buffer_size: 67108864
2019/10/17-14:55:04.756887 7fc3a9fcb700  Options.max_write_buffer_number: 2
2019/10/17-14:55:04.756888 7fc3a9fcb700          Options.compression: NoCompression
2019/10/17-14:55:04.756888 7fc3a9fcb700                  Options.bottommost_compression: Disabled
2019/10/17-14:55:04.756889 7fc3a9fcb700       Options.prefix_extractor: nullptr
2019/10/17-14:55:04.756889 7fc3a9fcb700   Options.memtable_insert_with_hint_prefix_extractor: nullptr
2019/10/17-14:55:04.756890 7fc3a9fcb700             Options.num_levels: 7
2019/10/17-14:55:04.756890 7fc3a9fcb700        Options.min_write_buffer_number_to_merge: 1
2019/10/17-14:55:04.756891 7fc3a9fcb700     Options.max_write_buffer_number_to_maintain: 0
2019/10/17-14:55:04.756891 7fc3a9fcb700            Options.bottommost_compression_opts.window_bits: -14
2019/10/17-14:55:04.756892 7fc3a9fcb700                  Options.bottommost_compression_opts.level: 32767
2019/10/17-14:55:04.756892 7fc3a9fcb700               Options.bottommost_compression_opts.strategy: 0
2019/10/17-14:55:04.756893 7fc3a9fcb700         Options.bottommost_compression_opts.max_dict_bytes: 0
2019/10/17-14:55:04.756893 7fc3a9fcb700         Options.bottommost_compression_opts.zstd_max_train_bytes: 0
2019/10/17-14:55:04.756894 7fc3a9fcb700                  Options.bottommost_compression_opts.enabled: false
2019/10/17-14:55:04.756895 7fc3a9fcb700            Options.compression_opts.window_bits: -14
2019/10/17-14:55:04.756895 7fc3a9fcb700                  Options.compression_opts.level: 32767
2019/10/17-14:55:04.756896 7fc3a9fcb700               Options.compression_opts.strategy: 0
2019/10/17-14:55:04.756896 7fc3a9fcb700         Options.compression_opts.max_dict_bytes: 0
2019/10/17-14:55:04.756897 7fc3a9fcb700         Options.compression_opts.zstd_max_train_bytes: 0
2019/10/17-14:55:04.756897 7fc3a9fcb700                  Options.compression_opts.enabled: false
2019/10/17-14:55:04.756898 7fc3a9fcb700      Options.level0_file_num_compaction_trigger: 4
2019/10/17-14:55:04.756898 7fc3a9fcb700          Options.level0_slowdown_writes_trigger: 20
2019/10/17-14:55:04.756899 7fc3a9fcb700              Options.level0_stop_writes_trigger: 36
2019/10/17-14:55:04.756899 7fc3a9fcb700                   Options.target_file_size_base: 67108864
2019/10/17-14:55:04.756900 7fc3a9fcb700             Options.target_file_size_multiplier: 1
2019/10/17-14:55:04.756900 7fc3a9fcb700                Options.max_bytes_for_level_base: 268435456
2019/10/17-14:55:04.756901 7fc3a9fcb700 Options.level_compaction_dynamic_level_bytes: 0
2019/10/17-14:55:04.756901 7fc3a9fcb700          Options.max_bytes_for_level_multiplier: 10.000000
2019/10/17-14:55:04.756902 7fc3a9fcb700 Options.max_bytes_for_level_multiplier_addtl[0]: 1
2019/10/17-14:55:04.756903 7fc3a9fcb700 Options.max_bytes_for_level_multiplier_addtl[1]: 1
2019/10/17-14:55:04.756904 7fc3a9fcb700 Options.max_bytes_for_level_multiplier_addtl[2]: 1
2019/10/17-14:55:04.756904 7fc3a9fcb700 Options.max_bytes_for_level_multiplier_addtl[3]: 1
2019/10/17-14:55:04.756905 7fc3a9fcb700 Options.max_bytes_for_level_multiplier_addtl[4]: 1
2019/10/17-14:55:04.756905 7fc3a9fcb700 Options.max_bytes_for_level_multiplier_addtl[5]: 1
2019/10/17-14:55:04.756906 7fc3a9fcb700 Options.max_bytes_for_level_multiplier_addtl[6]: 1
2019/10/17-14:55:04.756906 7fc3a9fcb700       Options.max_sequential_skip_in_iterations: 8
2019/10/17-14:55:04.756907 7fc3a9fcb700                    Options.max_compaction_bytes: 1677721600
2019/10/17-14:55:04.756907 7fc3a9fcb700                        Options.arena_block_size: 8388608
2019/10/17-14:55:04.756908 7fc3a9fcb700   Options.soft_pending_compaction_bytes_limit: 68719476736
2019/10/17-14:55:04.756908 7fc3a9fcb700   Options.hard_pending_compaction_bytes_limit: 274877906944
2019/10/17-14:55:04.756909 7fc3a9fcb700       Options.rate_limit_delay_max_milliseconds: 100
2019/10/17-14:55:04.756909 7fc3a9fcb700                Options.disable_auto_compactions: 0
2019/10/17-14:55:04.756913 7fc3a9fcb700                        Options.compaction_style: kCompactionStyleLevel
2019/10/17-14:55:04.756913 7fc3a9fcb700                          Options.compaction_pri: kByCompensatedSize
2019/10/17-14:55:04.756914 7fc3a9fcb700 Options.compaction_options_universal.size_ratio: 1
2019/10/17-14:55:04.756914 7fc3a9fcb700 Options.compaction_options_universal.min_merge_width: 2
2019/10/17-14:55:04.756915 7fc3a9fcb700 Options.compaction_options_universal.max_merge_width: 4294967295
2019/10/17-14:55:04.756915 7fc3a9fcb700 Options.compaction_options_universal.max_size_amplification_percent: 200
2019/10/17-14:55:04.756916 7fc3a9fcb700 Options.compaction_options_universal.compression_size_percent: -1
2019/10/17-14:55:04.756917 7fc3a9fcb700 Options.compaction_options_universal.stop_style: kCompactionStopStyleTotalSize
2019/10/17-14:55:04.756917 7fc3a9fcb700 Options.compaction_options_fifo.max_table_files_size: 1073741824
2019/10/17-14:55:04.756918 7fc3a9fcb700 Options.compaction_options_fifo.allow_compaction: 0
2019/10/17-14:55:04.756918 7fc3a9fcb700 Options.compaction_options_fifo.ttl: 0
2019/10/17-14:55:04.756919 7fc3a9fcb700                   Options.table_properties_collectors: 
2019/10/17-14:55:04.756919 7fc3a9fcb700                   Options.inplace_update_support: 0
2019/10/17-14:55:04.756920 7fc3a9fcb700                 Options.inplace_update_num_locks: 10000
2019/10/17-14:55:04.756920 7fc3a9fcb700               Options.memtable_prefix_bloom_size_ratio: 0.000000
2019/10/17-14:55:04.756921 7fc3a9fcb700   Options.memtable_huge_page_size: 0
2019/10/17-14:55:04.756922 7fc3a9fcb700                           Options.bloom_locality: 0
2019/10/17-14:55:04.756922 7fc3a9fcb700                    Options.max_successive_merges: 0
2019/10/17-14:55:04.756923 7fc3a9fcb700                Options.optimize_filters_for_hits: 0
2019/10/17-14:55:04.756923 7fc3a9fcb700                Options.paranoid_file_checks: 0
2019/10/17-14:55:04.756924 7fc3a9fcb700                Options.force_consistency_checks: 0
2019/10/17-14:55:04.756924 7fc3a9fcb700                Options.report_bg_io_stats: 0
2019/10/17-14:55:04.756925 7fc3a9fcb700                               Options.ttl: 0
2019/10/17-14:55:04.756933 7fc3a9fcb700 [db/column_family.cc:472] --------------- Options for column family [htlcs]:
2019/10/17-14:55:04.756934 7fc3a9fcb700               Options.comparator: leveldb.BytewiseComparator
2019/10/17-14:55:04.756935 7fc3a9fcb700           Options.merge_operator: None
2019/10/17-14:55:04.756935 7fc3a9fcb700        Options.compaction_filter: None
2019/10/17-14:55:04.756936 7fc3a9fcb700        Options.compaction_filter_factory: None
2019/10/17-14:55:04.756936 7fc3a9fcb700         Options.memtable_factory: SkipListFactory
2019/10/17-14:55:04.756937 7fc3a9fcb700            Options.table_factory: BlockBasedTable
2019/10/17-14:55:04.756943 7fc3a9fcb700            table_factory options:   flush_block_policy_factory: FlushBlockBySizePolicyFactory (0x7fc3500898a0)
