2019/10/17-14:54:04.195482 7fc3a9fcb700 RocksDB version: 5.18.3
2019/10/17-14:54:04.195624 7fc3a9fcb700 Git sha rocksdb_build_git_sha:@0@
2019/10/17-14:54:04.195628 7fc3a9fcb700 Compile date Sep 19 2019
2019/10/17-14:54:04.195631 7fc3a9fcb700 DB SUMMARY
2019/10/17-14:54:04.197214 7fc3a9fcb700 CURRENT file:  CURRENT
2019/10/17-14:54:04.197218 7fc3a9fcb700 IDENTITY file:  IDENTITY
2019/10/17-14:54:04.197282 7fc3a9fcb700 MANIFEST file:  MANIFEST-114628 size: 4114 Bytes
2019/10/17-14:54:04.197286 7fc3a9fcb700 SST files in /home/rahul/dev/blockchain-core/eqc/ledger.db dir, Total Num: 29, files: 000624.sst 000627.sst 106940.sst 108447.sst 108450.sst 109471.sst 109483.sst 109485.sst 109486.sst 
2019/10/17-14:54:04.197289 7fc3a9fcb700 Write Ahead Log file in /home/rahul/dev/blockchain-core/eqc/ledger.db: 114629.log size: 0 ; 
2019/10/17-14:54:04.197365 7fc3a9fcb700                         Options.error_if_exists: 0
2019/10/17-14:54:04.197368 7fc3a9fcb700                       Options.create_if_missing: 1
2019/10/17-14:54:04.197370 7fc3a9fcb700                         Options.paranoid_checks: 1
2019/10/17-14:54:04.197371 7fc3a9fcb700                                     Options.env: 0x7fc32ae1fc60
2019/10/17-14:54:04.197373 7fc3a9fcb700                                Options.info_log: 0x7fc35007db50
2019/10/17-14:54:04.197375 7fc3a9fcb700                Options.max_file_opening_threads: 16
2019/10/17-14:54:04.197377 7fc3a9fcb700                              Options.statistics: (nil)
2019/10/17-14:54:04.197379 7fc3a9fcb700                               Options.use_fsync: 0
2019/10/17-14:54:04.197381 7fc3a9fcb700                       Options.max_log_file_size: 0
2019/10/17-14:54:04.197383 7fc3a9fcb700                  Options.max_manifest_file_size: 1073741824
2019/10/17-14:54:04.197384 7fc3a9fcb700                   Options.log_file_time_to_roll: 0
2019/10/17-14:54:04.197386 7fc3a9fcb700                       Options.keep_log_file_num: 1000
2019/10/17-14:54:04.197388 7fc3a9fcb700                    Options.recycle_log_file_num: 0
2019/10/17-14:54:04.197390 7fc3a9fcb700                         Options.allow_fallocate: 1
2019/10/17-14:54:04.197391 7fc3a9fcb700                        Options.allow_mmap_reads: 0
2019/10/17-14:54:04.197393 7fc3a9fcb700                       Options.allow_mmap_writes: 0
2019/10/17-14:54:04.197395 7fc3a9fcb700                        Options.use_direct_reads: 0
2019/10/17-14:54:04.197396 7fc3a9fcb700                        Options.use_direct_io_for_flush_and_compaction: 0
2019/10/17-14:54:04.197398 7fc3a9fcb700          Options.create_missing_column_families: 0
2019/10/17-14:54:04.197399 7fc3a9fcb700                              Options.db_log_dir: 
2019/10/17-14:54:04.197401 7fc3a9fcb700                                 Options.wal_dir: /home/rahul/dev/blockchain-core/eqc/ledger.db
2019/10/17-14:54:04.197403 7fc3a9fcb700                Options.table_cache_numshardbits: 6
2019/10/17-14:54:04.197405 7fc3a9fcb700                      Options.max_subcompactions: 1
2019/10/17-14:54:04.197406 7fc3a9fcb700                  Options.max_background_flushes: -1
2019/10/17-14:54:04.197408 7fc3a9fcb700                         Options.WAL_ttl_seconds: 0
2019/10/17-14:54:04.197410 7fc3a9fcb700                       Options.WAL_size_limit_MB: 0
2019/10/17-14:54:04.197412 7fc3a9fcb700             Options.manifest_preallocation_size: 4194304
2019/10/17-14:54:04.197414 7fc3a9fcb700                     Options.is_fd_close_on_exec: 1
2019/10/17-14:54:04.197415 7fc3a9fcb700                   Options.advise_random_on_open: 1
2019/10/17-14:54:04.197417 7fc3a9fcb700                    Options.db_write_buffer_size: 0
2019/10/17-14:54:04.197419 7fc3a9fcb700                    Options.write_buffer_manager: 0x7fc3500481e0
2019/10/17-14:54:04.197420 7fc3a9fcb700         Options.access_hint_on_compaction_start: 1
2019/10/17-14:54:04.197422 7fc3a9fcb700  Options.new_table_reader_for_compaction_inputs: 0
2019/10/17-14:54:04.197424 7fc3a9fcb700           Options.random_access_max_buffer_size: 1048576
2019/10/17-14:54:04.197425 7fc3a9fcb700                      Options.use_adaptive_mutex: 0
2019/10/17-14:54:04.197427 7fc3a9fcb700                            Options.rate_limiter: (nil)
2019/10/17-14:54:04.197446 7fc3a9fcb700     Options.sst_file_manager.rate_bytes_per_sec: 0
2019/10/17-14:54:04.197448 7fc3a9fcb700                       Options.wal_recovery_mode: 2
2019/10/17-14:54:04.197450 7fc3a9fcb700                  Options.enable_thread_tracking: 0
2019/10/17-14:54:04.197452 7fc3a9fcb700                  Options.enable_pipelined_write: 0
2019/10/17-14:54:04.197453 7fc3a9fcb700         Options.allow_concurrent_memtable_write: 1
2019/10/17-14:54:04.197455 7fc3a9fcb700      Options.enable_write_thread_adaptive_yield: 1
2019/10/17-14:54:04.197456 7fc3a9fcb700             Options.write_thread_max_yield_usec: 100
2019/10/17-14:54:04.197458 7fc3a9fcb700            Options.write_thread_slow_yield_usec: 3
2019/10/17-14:54:04.197460 7fc3a9fcb700                               Options.row_cache: None
2019/10/17-14:54:04.197462 7fc3a9fcb700                              Options.wal_filter: None
2019/10/17-14:54:04.197464 7fc3a9fcb700             Options.avoid_flush_during_recovery: 0
2019/10/17-14:54:04.197465 7fc3a9fcb700             Options.allow_ingest_behind: 0
2019/10/17-14:54:04.197467 7fc3a9fcb700             Options.preserve_deletes: 0
2019/10/17-14:54:04.197468 7fc3a9fcb700             Options.two_write_queues: 0
2019/10/17-14:54:04.197470 7fc3a9fcb700             Options.manual_wal_flush: 0
2019/10/17-14:54:04.197472 7fc3a9fcb700             Options.max_background_jobs: 2
2019/10/17-14:54:04.197473 7fc3a9fcb700             Options.max_background_compactions: -1
2019/10/17-14:54:04.197475 7fc3a9fcb700             Options.avoid_flush_during_shutdown: 0
2019/10/17-14:54:04.197477 7fc3a9fcb700           Options.writable_file_max_buffer_size: 1048576
2019/10/17-14:54:04.197478 7fc3a9fcb700             Options.delayed_write_rate : 16777216
2019/10/17-14:54:04.197480 7fc3a9fcb700             Options.max_total_wal_size: 0
2019/10/17-14:54:04.197482 7fc3a9fcb700             Options.delete_obsolete_files_period_micros: 21600000000
2019/10/17-14:54:04.197484 7fc3a9fcb700                   Options.stats_dump_period_sec: 600
2019/10/17-14:54:04.197485 7fc3a9fcb700                          Options.max_open_files: -1
2019/10/17-14:54:04.197487 7fc3a9fcb700                          Options.bytes_per_sync: 0
2019/10/17-14:54:04.197489 7fc3a9fcb700                      Options.wal_bytes_per_sync: 0
2019/10/17-14:54:04.197490 7fc3a9fcb700       Options.compaction_readahead_size: 0
2019/10/17-14:54:04.197492 7fc3a9fcb700 Compression algorithms supported:
2019/10/17-14:54:04.197494 7fc3a9fcb700 	kZSTDNotFinalCompression supported: 0
2019/10/17-14:54:04.197496 7fc3a9fcb700 	kZSTD supported: 0
2019/10/17-14:54:04.197498 7fc3a9fcb700 	kXpressCompression supported: 0
2019/10/17-14:54:04.197500 7fc3a9fcb700 	kLZ4HCCompression supported: 0
2019/10/17-14:54:04.197502 7fc3a9fcb700 	kLZ4Compression supported: 0
2019/10/17-14:54:04.197503 7fc3a9fcb700 	kBZip2Compression supported: 0
2019/10/17-14:54:04.197505 7fc3a9fcb700 	kZlibCompression supported: 0
2019/10/17-14:54:04.197507 7fc3a9fcb700 	kSnappyCompression supported: 0
2019/10/17-14:54:04.197511 7fc3a9fcb700 Fast CRC32 supported: Supported on x86
2019/10/17-14:54:04.197711 7fc3a9fcb700 [db/version_set.cc:3507] Recovering from manifest file: MANIFEST-114628
2019/10/17-14:54:04.197780 7fc3a9fcb700 [db/column_family.cc:472] --------------- Options for column family [default]:
2019/10/17-14:54:04.197783 7fc3a9fcb700               Options.comparator: leveldb.BytewiseComparator
2019/10/17-14:54:04.197785 7fc3a9fcb700           Options.merge_operator: None
2019/10/17-14:54:04.197787 7fc3a9fcb700        Options.compaction_filter: None
2019/10/17-14:54:04.197789 7fc3a9fcb700        Options.compaction_filter_factory: None
2019/10/17-14:54:04.197791 7fc3a9fcb700         Options.memtable_factory: SkipListFactory
2019/10/17-14:54:04.197792 7fc3a9fcb700            Options.table_factory: BlockBasedTable
2019/10/17-14:54:04.197822 7fc3a9fcb700            table_factory options:   flush_block_policy_factory: FlushBlockBySizePolicyFactory (0x7fc350000c50)
  cache_index_and_filter_blocks: 0
  cache_index_and_filter_blocks_with_high_priority: 0
  pin_l0_filter_and_index_blocks_in_cache: 0
  pin_top_level_index_and_filter: 1
  index_type: 0
  hash_index_allow_collision: 1
  checksum: 1
  no_block_cache: 0
  block_cache: 0x7fc3500cce10
  block_cache_name: LRUCache
  block_cache_options:
    capacity : 8388608
    num_shard_bits : 4
    strict_capacity_limit : 0
    memory_allocator : None
    high_pri_pool_ratio: 0.000
  block_cache_compressed: (nil)
  persistent_cache: (nil)
  block_size: 4096
  block_size_deviation: 10
  block_restart_interval: 16
  index_block_restart_interval: 1
  metadata_block_size: 4096
  partition_filters: 0
  use_delta_encoding: 1
  filter_policy: nullptr
  whole_key_filtering: 1
  verify_compression: 0
  read_amp_bytes_per_bit: 0
  format_version: 2
  enable_index_compression: 1
  block_align: 0
2019/10/17-14:54:04.197842 7fc3a9fcb700        Options.write_buffer_size: 67108864
2019/10/17-14:54:04.197844 7fc3a9fcb700  Options.max_write_buffer_number: 2
2019/10/17-14:54:04.197847 7fc3a9fcb700          Options.compression: NoCompression
2019/10/17-14:54:04.197849 7fc3a9fcb700                  Options.bottommost_compression: Disabled
2019/10/17-14:54:04.197850 7fc3a9fcb700       Options.prefix_extractor: nullptr
2019/10/17-14:54:04.197852 7fc3a9fcb700   Options.memtable_insert_with_hint_prefix_extractor: nullptr
2019/10/17-14:54:04.197854 7fc3a9fcb700             Options.num_levels: 7
2019/10/17-14:54:04.197855 7fc3a9fcb700        Options.min_write_buffer_number_to_merge: 1
2019/10/17-14:54:04.197857 7fc3a9fcb700     Options.max_write_buffer_number_to_maintain: 0
2019/10/17-14:54:04.197859 7fc3a9fcb700            Options.bottommost_compression_opts.window_bits: -14
2019/10/17-14:54:04.197860 7fc3a9fcb700                  Options.bottommost_compression_opts.level: 32767
2019/10/17-14:54:04.197862 7fc3a9fcb700               Options.bottommost_compression_opts.strategy: 0
2019/10/17-14:54:04.197864 7fc3a9fcb700         Options.bottommost_compression_opts.max_dict_bytes: 0
2019/10/17-14:54:04.197865 7fc3a9fcb700         Options.bottommost_compression_opts.zstd_max_train_bytes: 0
2019/10/17-14:54:04.197867 7fc3a9fcb700                  Options.bottommost_compression_opts.enabled: false
2019/10/17-14:54:04.197869 7fc3a9fcb700            Options.compression_opts.window_bits: -14
2019/10/17-14:54:04.197871 7fc3a9fcb700                  Options.compression_opts.level: 32767
2019/10/17-14:54:04.197872 7fc3a9fcb700               Options.compression_opts.strategy: 0
2019/10/17-14:54:04.197874 7fc3a9fcb700         Options.compression_opts.max_dict_bytes: 0
2019/10/17-14:54:04.197876 7fc3a9fcb700         Options.compression_opts.zstd_max_train_bytes: 0
2019/10/17-14:54:04.197877 7fc3a9fcb700                  Options.compression_opts.enabled: false
2019/10/17-14:54:04.197879 7fc3a9fcb700      Options.level0_file_num_compaction_trigger: 4
2019/10/17-14:54:04.197881 7fc3a9fcb700          Options.level0_slowdown_writes_trigger: 20
2019/10/17-14:54:04.197882 7fc3a9fcb700              Options.level0_stop_writes_trigger: 36
2019/10/17-14:54:04.197884 7fc3a9fcb700                   Options.target_file_size_base: 67108864
2019/10/17-14:54:04.197886 7fc3a9fcb700             Options.target_file_size_multiplier: 1
2019/10/17-14:54:04.197887 7fc3a9fcb700                Options.max_bytes_for_level_base: 268435456
2019/10/17-14:54:04.197889 7fc3a9fcb700 Options.level_compaction_dynamic_level_bytes: 0
2019/10/17-14:54:04.197891 7fc3a9fcb700          Options.max_bytes_for_level_multiplier: 10.000000
2019/10/17-14:54:04.197895 7fc3a9fcb700 Options.max_bytes_for_level_multiplier_addtl[0]: 1
2019/10/17-14:54:04.197897 7fc3a9fcb700 Options.max_bytes_for_level_multiplier_addtl[1]: 1
2019/10/17-14:54:04.197899 7fc3a9fcb700 Options.max_bytes_for_level_multiplier_addtl[2]: 1
2019/10/17-14:54:04.197900 7fc3a9fcb700 Options.max_bytes_for_level_multiplier_addtl[3]: 1
2019/10/17-14:54:04.197902 7fc3a9fcb700 Options.max_bytes_for_level_multiplier_addtl[4]: 1
2019/10/17-14:54:04.197912 7fc3a9fcb700 Options.max_bytes_for_level_multiplier_addtl[5]: 1
2019/10/17-14:54:04.197914 7fc3a9fcb700 Options.max_bytes_for_level_multiplier_addtl[6]: 1
2019/10/17-14:54:04.197916 7fc3a9fcb700       Options.max_sequential_skip_in_iterations: 8
2019/10/17-14:54:04.197917 7fc3a9fcb700                    Options.max_compaction_bytes: 1677721600
2019/10/17-14:54:04.197919 7fc3a9fcb700                        Options.arena_block_size: 8388608
2019/10/17-14:54:04.197921 7fc3a9fcb700   Options.soft_pending_compaction_bytes_limit: 68719476736
2019/10/17-14:54:04.197923 7fc3a9fcb700   Options.hard_pending_compaction_bytes_limit: 274877906944
2019/10/17-14:54:04.197924 7fc3a9fcb700       Options.rate_limit_delay_max_milliseconds: 100
2019/10/17-14:54:04.197926 7fc3a9fcb700                Options.disable_auto_compactions: 0
2019/10/17-14:54:04.197928 7fc3a9fcb700                        Options.compaction_style: kCompactionStyleLevel
2019/10/17-14:54:04.197931 7fc3a9fcb700                          Options.compaction_pri: kByCompensatedSize
2019/10/17-14:54:04.197933 7fc3a9fcb700 Options.compaction_options_universal.size_ratio: 1
2019/10/17-14:54:04.197935 7fc3a9fcb700 Options.compaction_options_universal.min_merge_width: 2
2019/10/17-14:54:04.197936 7fc3a9fcb700 Options.compaction_options_universal.max_merge_width: 4294967295
2019/10/17-14:54:04.197938 7fc3a9fcb700 Options.compaction_options_universal.max_size_amplification_percent: 200
2019/10/17-14:54:04.197940 7fc3a9fcb700 Options.compaction_options_universal.compression_size_percent: -1
2019/10/17-14:54:04.197942 7fc3a9fcb700 Options.compaction_options_universal.stop_style: kCompactionStopStyleTotalSize
2019/10/17-14:54:04.197943 7fc3a9fcb700 Options.compaction_options_fifo.max_table_files_size: 1073741824
2019/10/17-14:54:04.197945 7fc3a9fcb700 Options.compaction_options_fifo.allow_compaction: 0
2019/10/17-14:54:04.197947 7fc3a9fcb700 Options.compaction_options_fifo.ttl: 0
2019/10/17-14:54:04.197949 7fc3a9fcb700                   Options.table_properties_collectors: 
2019/10/17-14:54:04.197950 7fc3a9fcb700                   Options.inplace_update_support: 0
2019/10/17-14:54:04.197952 7fc3a9fcb700                 Options.inplace_update_num_locks: 10000
2019/10/17-14:54:04.197954 7fc3a9fcb700               Options.memtable_prefix_bloom_size_ratio: 0.000000
2019/10/17-14:54:04.197956 7fc3a9fcb700   Options.memtable_huge_page_size: 0
2019/10/17-14:54:04.197958 7fc3a9fcb700                           Options.bloom_locality: 0
2019/10/17-14:54:04.197960 7fc3a9fcb700                    Options.max_successive_merges: 0
2019/10/17-14:54:04.197961 7fc3a9fcb700                Options.optimize_filters_for_hits: 0
2019/10/17-14:54:04.197963 7fc3a9fcb700                Options.paranoid_file_checks: 0
2019/10/17-14:54:04.197965 7fc3a9fcb700                Options.force_consistency_checks: 0
2019/10/17-14:54:04.197966 7fc3a9fcb700                Options.report_bg_io_stats: 0
2019/10/17-14:54:04.197968 7fc3a9fcb700                               Options.ttl: 0
2019/10/17-14:54:04.198028 7fc3a9fcb700 [db/column_family.cc:472] --------------- Options for column family [active_gateways]:
2019/10/17-14:54:04.198032 7fc3a9fcb700               Options.comparator: leveldb.BytewiseComparator
2019/10/17-14:54:04.198034 7fc3a9fcb700           Options.merge_operator: None
2019/10/17-14:54:04.198035 7fc3a9fcb700        Options.compaction_filter: None
2019/10/17-14:54:04.198037 7fc3a9fcb700        Options.compaction_filter_factory: None
2019/10/17-14:54:04.198039 7fc3a9fcb700         Options.memtable_factory: SkipListFactory
2019/10/17-14:54:04.198041 7fc3a9fcb700            Options.table_factory: BlockBasedTable
2019/10/17-14:54:04.198064 7fc3a9fcb700            table_factory options:   flush_block_policy_factory: FlushBlockBySizePolicyFactory (0x7fc35009ebc0)
  cache_index_and_filter_blocks: 0
  cache_index_and_filter_blocks_with_high_priority: 0
  pin_l0_filter_and_index_blocks_in_cache: 0
  pin_top_level_index_and_filter: 1
  index_type: 0
  hash_index_allow_collision: 1
  checksum: 1
  no_block_cache: 0
  block_cache: 0x7fc35004d6f0
  block_cache_name: LRUCache
  block_cache_options:
    capacity : 8388608
    num_shard_bits : 4
    strict_capacity_limit : 0
    memory_allocator : None
    high_pri_pool_ratio: 0.000
  block_cache_compressed: (nil)
  persistent_cache: (nil)
  block_size: 4096
  block_size_deviation: 10
  block_restart_interval: 16
  index_block_restart_interval: 1
  metadata_block_size: 4096
  partition_filters: 0
  use_delta_encoding: 1
  filter_policy: nullptr
  whole_key_filtering: 1
  verify_compression: 0
  read_amp_bytes_per_bit: 0
  format_version: 2
  enable_index_compression: 1
  block_align: 0
2019/10/17-14:54:04.198078 7fc3a9fcb700        Options.write_buffer_size: 67108864
2019/10/17-14:54:04.198080 7fc3a9fcb700  Options.max_write_buffer_number: 2
2019/10/17-14:54:04.198082 7fc3a9fcb700          Options.compression: NoCompression
2019/10/17-14:54:04.198084 7fc3a9fcb700                  Options.bottommost_compression: Disabled
2019/10/17-14:54:04.198086 7fc3a9fcb700       Options.prefix_extractor: nullptr
2019/10/17-14:54:04.198087 7fc3a9fcb700   Options.memtable_insert_with_hint_prefix_extractor: nullptr
2019/10/17-14:54:04.198089 7fc3a9fcb700             Options.num_levels: 7
2019/10/17-14:54:04.198090 7fc3a9fcb700        Options.min_write_buffer_number_to_merge: 1
2019/10/17-14:54:04.198092 7fc3a9fcb700     Options.max_write_buffer_number_to_maintain: 0
2019/10/17-14:54:04.198094 7fc3a9fcb700            Options.bottommost_compression_opts.window_bits: -14
2019/10/17-14:54:04.198095 7fc3a9fcb700                  Options.bottommost_compression_opts.level: 32767
2019/10/17-14:54:04.198097 7fc3a9fcb700               Options.bottommost_compression_opts.strategy: 0
2019/10/17-14:54:04.198099 7fc3a9fcb700         Options.bottommost_compression_opts.max_dict_bytes: 0
2019/10/17-14:54:04.198100 7fc3a9fcb700         Options.bottommost_compression_opts.zstd_max_train_bytes: 0
2019/10/17-14:54:04.198102 7fc3a9fcb700                  Options.bottommost_compression_opts.enabled: false
2019/10/17-14:54:04.198104 7fc3a9fcb700            Options.compression_opts.window_bits: -14
2019/10/17-14:54:04.198105 7fc3a9fcb700                  Options.compression_opts.level: 32767
2019/10/17-14:54:04.198107 7fc3a9fcb700               Options.compression_opts.strategy: 0
2019/10/17-14:54:04.198109 7fc3a9fcb700         Options.compression_opts.max_dict_bytes: 0
2019/10/17-14:54:04.198110 7fc3a9fcb700         Options.compression_opts.zstd_max_train_bytes: 0
2019/10/17-14:54:04.198112 7fc3a9fcb700                  Options.compression_opts.enabled: false
2019/10/17-14:54:04.198113 7fc3a9fcb700      Options.level0_file_num_compaction_trigger: 4
2019/10/17-14:54:04.198115 7fc3a9fcb700          Options.level0_slowdown_writes_trigger: 20
2019/10/17-14:54:04.198117 7fc3a9fcb700              Options.level0_stop_writes_trigger: 36
2019/10/17-14:54:04.198118 7fc3a9fcb700                   Options.target_file_size_base: 67108864
2019/10/17-14:54:04.198120 7fc3a9fcb700             Options.target_file_size_multiplier: 1
2019/10/17-14:54:04.198122 7fc3a9fcb700                Options.max_bytes_for_level_base: 268435456
2019/10/17-14:54:04.198124 7fc3a9fcb700 Options.level_compaction_dynamic_level_bytes: 0
2019/10/17-14:54:04.198125 7fc3a9fcb700          Options.max_bytes_for_level_multiplier: 10.000000
2019/10/17-14:54:04.198128 7fc3a9fcb700 Options.max_bytes_for_level_multiplier_addtl[0]: 1
2019/10/17-14:54:04.198130 7fc3a9fcb700 Options.max_bytes_for_level_multiplier_addtl[1]: 1
2019/10/17-14:54:04.198132 7fc3a9fcb700 Options.max_bytes_for_level_multiplier_addtl[2]: 1
2019/10/17-14:54:04.198134 7fc3a9fcb700 Options.max_bytes_for_level_multiplier_addtl[3]: 1
2019/10/17-14:54:04.198135 7fc3a9fcb700 Options.max_bytes_for_level_multiplier_addtl[4]: 1
2019/10/17-14:54:04.198137 7fc3a9fcb700 Options.max_bytes_for_level_multiplier_addtl[5]: 1
2019/10/17-14:54:04.198138 7fc3a9fcb700 Options.max_bytes_for_level_multiplier_addtl[6]: 1
2019/10/17-14:54:04.198140 7fc3a9fcb700       Options.max_sequential_skip_in_iterations: 8
2019/10/17-14:54:04.198149 7fc3a9fcb700                    Options.max_compaction_bytes: 1677721600
2019/10/17-14:54:04.198151 7fc3a9fcb700                        Options.arena_block_size: 8388608
2019/10/17-14:54:04.198153 7fc3a9fcb700   Options.soft_pending_compaction_bytes_limit: 68719476736
2019/10/17-14:54:04.198155 7fc3a9fcb700   Options.hard_pending_compaction_bytes_limit: 274877906944
2019/10/17-14:54:04.198157 7fc3a9fcb700       Options.rate_limit_delay_max_milliseconds: 100
2019/10/17-14:54:04.198158 7fc3a9fcb700                Options.disable_auto_compactions: 0
2019/10/17-14:54:04.198160 7fc3a9fcb700                        Options.compaction_style: kCompactionStyleLevel
2019/10/17-14:54:04.198162 7fc3a9fcb700                          Options.compaction_pri: kByCompensatedSize
2019/10/17-14:54:04.198164 7fc3a9fcb700 Options.compaction_options_universal.size_ratio: 1
2019/10/17-14:54:04.198166 7fc3a9fcb700 Options.compaction_options_universal.min_merge_width: 2
2019/10/17-14:54:04.198167 7fc3a9fcb700 Options.compaction_options_universal.max_merge_width: 4294967295
2019/10/17-14:54:04.198169 7fc3a9fcb700 Options.compaction_options_universal.max_size_amplification_percent: 200
2019/10/17-14:54:04.198171 7fc3a9fcb700 Options.compaction_options_universal.compression_size_percent: -1
2019/10/17-14:54:04.198172 7fc3a9fcb700 Options.compaction_options_universal.stop_style: kCompactionStopStyleTotalSize
2019/10/17-14:54:04.198174 7fc3a9fcb700 Options.compaction_options_fifo.max_table_files_size: 1073741824
2019/10/17-14:54:04.198176 7fc3a9fcb700 Options.compaction_options_fifo.allow_compaction: 0
2019/10/17-14:54:04.198177 7fc3a9fcb700 Options.compaction_options_fifo.ttl: 0
2019/10/17-14:54:04.198179 7fc3a9fcb700                   Options.table_properties_collectors: 
2019/10/17-14:54:04.198181 7fc3a9fcb700                   Options.inplace_update_support: 0
2019/10/17-14:54:04.198182 7fc3a9fcb700                 Options.inplace_update_num_locks: 10000
2019/10/17-14:54:04.198184 7fc3a9fcb700               Options.memtable_prefix_bloom_size_ratio: 0.000000
2019/10/17-14:54:04.198186 7fc3a9fcb700   Options.memtable_huge_page_size: 0
2019/10/17-14:54:04.198188 7fc3a9fcb700                           Options.bloom_locality: 0
2019/10/17-14:54:04.198190 7fc3a9fcb700                    Options.max_successive_merges: 0
2019/10/17-14:54:04.198191 7fc3a9fcb700                Options.optimize_filters_for_hits: 0
2019/10/17-14:54:04.198193 7fc3a9fcb700                Options.paranoid_file_checks: 0
2019/10/17-14:54:04.198195 7fc3a9fcb700                Options.force_consistency_checks: 0
2019/10/17-14:54:04.198196 7fc3a9fcb700                Options.report_bg_io_stats: 0
2019/10/17-14:54:04.198198 7fc3a9fcb700                               Options.ttl: 0
2019/10/17-14:54:04.198234 7fc3a9fcb700 [db/column_family.cc:472] --------------- Options for column family [entries]:
2019/10/17-14:54:04.198237 7fc3a9fcb700               Options.comparator: leveldb.BytewiseComparator
2019/10/17-14:54:04.198238 7fc3a9fcb700           Options.merge_operator: None
2019/10/17-14:54:04.198240 7fc3a9fcb700        Options.compaction_filter: None
2019/10/17-14:54:04.198242 7fc3a9fcb700        Options.compaction_filter_factory: None
2019/10/17-14:54:04.198243 7fc3a9fcb700         Options.memtable_factory: SkipListFactory
2019/10/17-14:54:04.198245 7fc3a9fcb700            Options.table_factory: BlockBasedTable
2019/10/17-14:54:04.198266 7fc3a9fcb700            table_factory options:   flush_block_policy_factory: FlushBlockBySizePolicyFactory (0x7fc350033b40)
  cache_index_and_filter_blocks: 0
  cache_index_and_filter_blocks_with_high_priority: 0
  pin_l0_filter_and_index_blocks_in_cache: 0
  pin_top_level_index_and_filter: 1
  index_type: 0
  hash_index_allow_collision: 1
  checksum: 1
  no_block_cache: 0
  block_cache: 0x7fc35004d160
  block_cache_name: LRUCache
  block_cache_options:
    capacity : 8388608
    num_shard_bits : 4
    strict_capacity_limit : 0
    memory_allocator : None
    high_pri_pool_ratio: 0.000
  block_cache_compressed: (nil)
  persistent_cache: (nil)
  block_size: 4096
  block_size_deviation: 10
  block_restart_interval: 16
  index_block_restart_interval: 1
  metadata_block_size: 4096
  partition_filters: 0
  use_delta_encoding: 1
  filter_policy: nullptr
  whole_key_filtering: 1
  verify_compression: 0
  read_amp_bytes_per_bit: 0
  format_version: 2
  enable_index_compression: 1
  block_align: 0
2019/10/17-14:54:04.198279 7fc3a9fcb700        Options.write_buffer_size: 67108864
2019/10/17-14:54:04.198281 7fc3a9fcb700  Options.max_write_buffer_number: 2
2019/10/17-14:54:04.198283 7fc3a9fcb700          Options.compression: NoCompression
2019/10/17-14:54:04.198284 7fc3a9fcb700                  Options.bottommost_compression: Disabled
2019/10/17-14:54:04.198286 7fc3a9fcb700       Options.prefix_extractor: nullptr
2019/10/17-14:54:04.198288 7fc3a9fcb700   Options.memtable_insert_with_hint_prefix_extractor: nullptr
2019/10/17-14:54:04.198289 7fc3a9fcb700             Options.num_levels: 7
2019/10/17-14:54:04.198291 7fc3a9fcb700        Options.min_write_buffer_number_to_merge: 1
2019/10/17-14:54:04.198293 7fc3a9fcb700     Options.max_write_buffer_number_to_maintain: 0
2019/10/17-14:54:04.198294 7fc3a9fcb700            Options.bottommost_compression_opts.window_bits: -14
2019/10/17-14:54:04.198296 7fc3a9fcb700                  Options.bottommost_compression_opts.level: 32767
2019/10/17-14:54:04.198297 7fc3a9fcb700               Options.bottommost_compression_opts.strategy: 0
2019/10/17-14:54:04.198299 7fc3a9fcb700         Options.bottommost_compression_opts.max_dict_bytes: 0
2019/10/17-14:54:04.198301 7fc3a9fcb700         Options.bottommost_compression_opts.zstd_max_train_bytes: 0
2019/10/17-14:54:04.198302 7fc3a9fcb700                  Options.bottommost_compression_opts.enabled: false
2019/10/17-14:54:04.198304 7fc3a9fcb700            Options.compression_opts.window_bits: -14
2019/10/17-14:54:04.198306 7fc3a9fcb700                  Options.compression_opts.level: 32767
2019/10/17-14:54:04.198307 7fc3a9fcb700               Options.compression_opts.strategy: 0
2019/10/17-14:54:04.198309 7fc3a9fcb700         Options.compression_opts.max_dict_bytes: 0
2019/10/17-14:54:04.198310 7fc3a9fcb700         Options.compression_opts.zstd_max_train_bytes: 0
2019/10/17-14:54:04.198312 7fc3a9fcb700                  Options.compression_opts.enabled: false
2019/10/17-14:54:04.198314 7fc3a9fcb700      Options.level0_file_num_compaction_trigger: 4
2019/10/17-14:54:04.198315 7fc3a9fcb700          Options.level0_slowdown_writes_trigger: 20
2019/10/17-14:54:04.198317 7fc3a9fcb700              Options.level0_stop_writes_trigger: 36
2019/10/17-14:54:04.198319 7fc3a9fcb700                   Options.target_file_size_base: 67108864
2019/10/17-14:54:04.198320 7fc3a9fcb700             Options.target_file_size_multiplier: 1
2019/10/17-14:54:04.198322 7fc3a9fcb700                Options.max_bytes_for_level_base: 268435456
2019/10/17-14:54:04.198324 7fc3a9fcb700 Options.level_compaction_dynamic_level_bytes: 0
2019/10/17-14:54:04.198325 7fc3a9fcb700          Options.max_bytes_for_level_multiplier: 10.000000
2019/10/17-14:54:04.198328 7fc3a9fcb700 Options.max_bytes_for_level_multiplier_addtl[0]: 1
2019/10/17-14:54:04.198330 7fc3a9fcb700 Options.max_bytes_for_level_multiplier_addtl[1]: 1
2019/10/17-14:54:04.198332 7fc3a9fcb700 Options.max_bytes_for_level_multiplier_addtl[2]: 1
2019/10/17-14:54:04.198333 7fc3a9fcb700 Options.max_bytes_for_level_multiplier_addtl[3]: 1
2019/10/17-14:54:04.198335 7fc3a9fcb700 Options.max_bytes_for_level_multiplier_addtl[4]: 1
2019/10/17-14:54:04.198337 7fc3a9fcb700 Options.max_bytes_for_level_multiplier_addtl[5]: 1
2019/10/17-14:54:04.198338 7fc3a9fcb700 Options.max_bytes_for_level_multiplier_addtl[6]: 1
2019/10/17-14:54:04.198340 7fc3a9fcb700       Options.max_sequential_skip_in_iterations: 8
2019/10/17-14:54:04.198342 7fc3a9fcb700                    Options.max_compaction_bytes: 1677721600
2019/10/17-14:54:04.198343 7fc3a9fcb700                        Options.arena_block_size: 8388608
2019/10/17-14:54:04.198345 7fc3a9fcb700   Options.soft_pending_compaction_bytes_limit: 68719476736
2019/10/17-14:54:04.198355 7fc3a9fcb700   Options.hard_pending_compaction_bytes_limit: 274877906944
2019/10/17-14:54:04.198357 7fc3a9fcb700       Options.rate_limit_delay_max_milliseconds: 100
2019/10/17-14:54:04.198358 7fc3a9fcb700                Options.disable_auto_compactions: 0
2019/10/17-14:54:04.198360 7fc3a9fcb700                        Options.compaction_style: kCompactionStyleLevel
2019/10/17-14:54:04.198362 7fc3a9fcb700                          Options.compaction_pri: kByCompensatedSize
2019/10/17-14:54:04.198364 7fc3a9fcb700 Options.compaction_options_universal.size_ratio: 1
2019/10/17-14:54:04.198366 7fc3a9fcb700 Options.compaction_options_universal.min_merge_width: 2
2019/10/17-14:54:04.198367 7fc3a9fcb700 Options.compaction_options_universal.max_merge_width: 4294967295
2019/10/17-14:54:04.198369 7fc3a9fcb700 Options.compaction_options_universal.max_size_amplification_percent: 200
2019/10/17-14:54:04.198371 7fc3a9fcb700 Options.compaction_options_universal.compression_size_percent: -1
2019/10/17-14:54:04.198373 7fc3a9fcb700 Options.compaction_options_universal.stop_style: kCompactionStopStyleTotalSize
2019/10/17-14:54:04.198374 7fc3a9fcb700 Options.compaction_options_fifo.max_table_files_size: 1073741824
2019/10/17-14:54:04.198376 7fc3a9fcb700 Options.compaction_options_fifo.allow_compaction: 0
2019/10/17-14:54:04.198378 7fc3a9fcb700 Options.compaction_options_fifo.ttl: 0
2019/10/17-14:54:04.198379 7fc3a9fcb700                   Options.table_properties_collectors: 
2019/10/17-14:54:04.198381 7fc3a9fcb700                   Options.inplace_update_support: 0
2019/10/17-14:54:04.198383 7fc3a9fcb700                 Options.inplace_update_num_locks: 10000
2019/10/17-14:54:04.198384 7fc3a9fcb700               Options.memtable_prefix_bloom_size_ratio: 0.000000
2019/10/17-14:54:04.198386 7fc3a9fcb700   Options.memtable_huge_page_size: 0
2019/10/17-14:54:04.198388 7fc3a9fcb700                           Options.bloom_locality: 0
2019/10/17-14:54:04.198390 7fc3a9fcb700                    Options.max_successive_merges: 0
2019/10/17-14:54:04.198391 7fc3a9fcb700                Options.optimize_filters_for_hits: 0
2019/10/17-14:54:04.198393 7fc3a9fcb700                Options.paranoid_file_checks: 0
2019/10/17-14:54:04.198395 7fc3a9fcb700                Options.force_consistency_checks: 0
2019/10/17-14:54:04.198396 7fc3a9fcb700                Options.report_bg_io_stats: 0
2019/10/17-14:54:04.198398 7fc3a9fcb700                               Options.ttl: 0
2019/10/17-14:54:04.198430 7fc3a9fcb700 [db/column_family.cc:472] --------------- Options for column family [dc_entries]:
2019/10/17-14:54:04.198432 7fc3a9fcb700               Options.comparator: leveldb.BytewiseComparator
2019/10/17-14:54:04.198434 7fc3a9fcb700           Options.merge_operator: None
2019/10/17-14:54:04.198436 7fc3a9fcb700        Options.compaction_filter: None
2019/10/17-14:54:04.198437 7fc3a9fcb700        Options.compaction_filter_factory: None
2019/10/17-14:54:04.198439 7fc3a9fcb700         Options.memtable_factory: SkipListFactory
2019/10/17-14:54:04.198441 7fc3a9fcb700            Options.table_factory: BlockBasedTable
2019/10/17-14:54:04.198462 7fc3a9fcb700            table_factory options:   flush_block_policy_factory: FlushBlockBySizePolicyFactory (0x7fc350038050)
  cache_index_and_filter_blocks: 0
  cache_index_and_filter_blocks_with_high_priority: 0
  pin_l0_filter_and_index_blocks_in_cache: 0
  pin_top_level_index_and_filter: 1
  index_type: 0
  hash_index_allow_collision: 1
  checksum: 1
  no_block_cache: 0
  block_cache: 0x7fc350095fb0
  block_cache_name: LRUCache
  block_cache_options:
    capacity : 8388608
    num_shard_bits : 4
    strict_capacity_limit : 0
    memory_allocator : None
    high_pri_pool_ratio: 0.000
  block_cache_compressed: (nil)
  persistent_cache: (nil)
  block_size: 4096
  block_size_deviation: 10
  block_restart_interval: 16
  index_block_restart_interval: 1
  metadata_block_size: 4096
  partition_filters: 0
  use_delta_encoding: 1
  filter_policy: nullptr
  whole_key_filtering: 1
  verify_compression: 0
  read_amp_bytes_per_bit: 0
  format_version: 2
  enable_index_compression: 1
  block_align: 0
2019/10/17-14:54:04.198475 7fc3a9fcb700        Options.write_buffer_size: 67108864
2019/10/17-14:54:04.198477 7fc3a9fcb700  Options.max_write_buffer_number: 2
2019/10/17-14:54:04.198479 7fc3a9fcb700          Options.compression: NoCompression
2019/10/17-14:54:04.198481 7fc3a9fcb700                  Options.bottommost_compression: Disabled
2019/10/17-14:54:04.198482 7fc3a9fcb700       Options.prefix_extractor: nullptr
2019/10/17-14:54:04.198484 7fc3a9fcb700   Options.memtable_insert_with_hint_prefix_extractor: nullptr
2019/10/17-14:54:04.198485 7fc3a9fcb700             Options.num_levels: 7
2019/10/17-14:54:04.198487 7fc3a9fcb700        Options.min_write_buffer_number_to_merge: 1
2019/10/17-14:54:04.198489 7fc3a9fcb700     Options.max_write_buffer_number_to_maintain: 0
2019/10/17-14:54:04.198490 7fc3a9fcb700            Options.bottommost_compression_opts.window_bits: -14
2019/10/17-14:54:04.198492 7fc3a9fcb700                  Options.bottommost_compression_opts.level: 32767
2019/10/17-14:54:04.198494 7fc3a9fcb700               Options.bottommost_compression_opts.strategy: 0
2019/10/17-14:54:04.198495 7fc3a9fcb700         Options.bottommost_compression_opts.max_dict_bytes: 0
2019/10/17-14:54:04.198497 7fc3a9fcb700         Options.bottommost_compression_opts.zstd_max_train_bytes: 0
2019/10/17-14:54:04.198498 7fc3a9fcb700                  Options.bottommost_compression_opts.enabled: false
2019/10/17-14:54:04.198500 7fc3a9fcb700            Options.compression_opts.window_bits: -14
2019/10/17-14:54:04.198502 7fc3a9fcb700                  Options.compression_opts.level: 32767
2019/10/17-14:54:04.198504 7fc3a9fcb700               Options.compression_opts.strategy: 0
2019/10/17-14:54:04.198505 7fc3a9fcb700         Options.compression_opts.max_dict_bytes: 0
2019/10/17-14:54:04.198507 7fc3a9fcb700         Options.compression_opts.zstd_max_train_bytes: 0
2019/10/17-14:54:04.198508 7fc3a9fcb700                  Options.compression_opts.enabled: false
2019/10/17-14:54:04.198510 7fc3a9fcb700      Options.level0_file_num_compaction_trigger: 4
2019/10/17-14:54:04.198512 7fc3a9fcb700          Options.level0_slowdown_writes_trigger: 20
2019/10/17-14:54:04.198513 7fc3a9fcb700              Options.level0_stop_writes_trigger: 36
2019/10/17-14:54:04.198515 7fc3a9fcb700                   Options.target_file_size_base: 67108864
2019/10/17-14:54:04.198517 7fc3a9fcb700             Options.target_file_size_multiplier: 1
2019/10/17-14:54:04.198518 7fc3a9fcb700                Options.max_bytes_for_level_base: 268435456
2019/10/17-14:54:04.198520 7fc3a9fcb700 Options.level_compaction_dynamic_level_bytes: 0
2019/10/17-14:54:04.198522 7fc3a9fcb700          Options.max_bytes_for_level_multiplier: 10.000000
2019/10/17-14:54:04.198524 7fc3a9fcb700 Options.max_bytes_for_level_multiplier_addtl[0]: 1
2019/10/17-14:54:04.198526 7fc3a9fcb700 Options.max_bytes_for_level_multiplier_addtl[1]: 1
2019/10/17-14:54:04.198528 7fc3a9fcb700 Options.max_bytes_for_level_multiplier_addtl[2]: 1
2019/10/17-14:54:04.198530 7fc3a9fcb700 Options.max_bytes_for_level_multiplier_addtl[3]: 1
2019/10/17-14:54:04.198531 7fc3a9fcb700 Options.max_bytes_for_level_multiplier_addtl[4]: 1
2019/10/17-14:54:04.198533 7fc3a9fcb700 Options.max_bytes_for_level_multiplier_addtl[5]: 1
2019/10/17-14:54:04.198535 7fc3a9fcb700 Options.max_bytes_for_level_multiplier_addtl[6]: 1
2019/10/17-14:54:04.198536 7fc3a9fcb700       Options.max_sequential_skip_in_iterations: 8
2019/10/17-14:54:04.198538 7fc3a9fcb700                    Options.max_compaction_bytes: 1677721600
2019/10/17-14:54:04.198539 7fc3a9fcb700                        Options.arena_block_size: 8388608
2019/10/17-14:54:04.198541 7fc3a9fcb700   Options.soft_pending_compaction_bytes_limit: 68719476736
2019/10/17-14:54:04.198543 7fc3a9fcb700   Options.hard_pending_compaction_bytes_limit: 274877906944
2019/10/17-14:54:04.198545 7fc3a9fcb700       Options.rate_limit_delay_max_milliseconds: 100
2019/10/17-14:54:04.198546 7fc3a9fcb700                Options.disable_auto_compactions: 0
2019/10/17-14:54:04.198555 7fc3a9fcb700                        Options.compaction_style: kCompactionStyleLevel
2019/10/17-14:54:04.198558 7fc3a9fcb700                          Options.compaction_pri: kByCompensatedSize
2019/10/17-14:54:04.198560 7fc3a9fcb700 Options.compaction_options_universal.size_ratio: 1
2019/10/17-14:54:04.198561 7fc3a9fcb700 Options.compaction_options_universal.min_merge_width: 2
2019/10/17-14:54:04.198563 7fc3a9fcb700 Options.compaction_options_universal.max_merge_width: 4294967295
2019/10/17-14:54:04.198565 7fc3a9fcb700 Options.compaction_options_universal.max_size_amplification_percent: 200
2019/10/17-14:54:04.198566 7fc3a9fcb700 Options.compaction_options_universal.compression_size_percent: -1
2019/10/17-14:54:04.198568 7fc3a9fcb700 Options.compaction_options_universal.stop_style: kCompactionStopStyleTotalSize
2019/10/17-14:54:04.198570 7fc3a9fcb700 Options.compaction_options_fifo.max_table_files_size: 1073741824
2019/10/17-14:54:04.198571 7fc3a9fcb700 Options.compaction_options_fifo.allow_compaction: 0
2019/10/17-14:54:04.198573 7fc3a9fcb700 Options.compaction_options_fifo.ttl: 0
2019/10/17-14:54:04.198575 7fc3a9fcb700                   Options.table_properties_collectors: 
2019/10/17-14:54:04.198576 7fc3a9fcb700                   Options.inplace_update_support: 0
2019/10/17-14:54:04.198578 7fc3a9fcb700                 Options.inplace_update_num_locks: 10000
2019/10/17-14:54:04.198579 7fc3a9fcb700               Options.memtable_prefix_bloom_size_ratio: 0.000000
2019/10/17-14:54:04.198582 7fc3a9fcb700   Options.memtable_huge_page_size: 0
2019/10/17-14:54:04.198583 7fc3a9fcb700                           Options.bloom_locality: 0
2019/10/17-14:54:04.198585 7fc3a9fcb700                    Options.max_successive_merges: 0
2019/10/17-14:54:04.198587 7fc3a9fcb700                Options.optimize_filters_for_hits: 0
2019/10/17-14:54:04.198588 7fc3a9fcb700                Options.paranoid_file_checks: 0
2019/10/17-14:54:04.198590 7fc3a9fcb700                Options.force_consistency_checks: 0
2019/10/17-14:54:04.198592 7fc3a9fcb700                Options.report_bg_io_stats: 0
2019/10/17-14:54:04.198593 7fc3a9fcb700                               Options.ttl: 0
2019/10/17-14:54:04.198619 7fc3a9fcb700 [db/column_family.cc:472] --------------- Options for column family [htlcs]:
2019/10/17-14:54:04.198622 7fc3a9fcb700               Options.comparator: leveldb.BytewiseComparator
2019/10/17-14:54:04.198623 7fc3a9fcb700           Options.merge_operator: None
2019/10/17-14:54:04.198625 7fc3a9fcb700        Options.compaction_filter: None
2019/10/17-14:54:04.198627 7fc3a9fcb700        Options.compaction_filter_factory: None
2019/10/17-14:54:04.198628 7fc3a9fcb700         Options.memtable_factory: SkipListFactory
2019/10/17-14:54:04.198630 7fc3a9fcb700            Options.table_factory: BlockBasedTable
2019/10/17-14:54:04.198650 7fc3a9fcb700            table_factory options:   flush_block_policy_factory: FlushBlockBySizePolicyFactory (0x7fc350090270)
