2019/10/17-14:56:01.420781 7fbc2cd30700 RocksDB version: 5.18.3
2019/10/17-14:56:01.420807 7fbc2cd30700 Git sha rocksdb_build_git_sha:@0@
2019/10/17-14:56:01.420808 7fbc2cd30700 Compile date Sep 19 2019
2019/10/17-14:56:01.420809 7fbc2cd30700 DB SUMMARY
2019/10/17-14:56:01.421387 7fbc2cd30700 CURRENT file:  CURRENT
2019/10/17-14:56:01.421388 7fbc2cd30700 IDENTITY file:  IDENTITY
2019/10/17-14:56:01.421412 7fbc2cd30700 MANIFEST file:  MANIFEST-116674 size: 4114 Bytes
2019/10/17-14:56:01.421413 7fbc2cd30700 SST files in /home/rahul/dev/blockchain-core/eqc/ledger.db dir, Total Num: 29, files: 000624.sst 000627.sst 106940.sst 108447.sst 108450.sst 109471.sst 109483.sst 109485.sst 109486.sst 
2019/10/17-14:56:01.421414 7fbc2cd30700 Write Ahead Log file in /home/rahul/dev/blockchain-core/eqc/ledger.db: 116675.log size: 0 ; 
2019/10/17-14:56:01.421441 7fbc2cd30700                         Options.error_if_exists: 0
2019/10/17-14:56:01.421443 7fbc2cd30700                       Options.create_if_missing: 1
2019/10/17-14:56:01.421443 7fbc2cd30700                         Options.paranoid_checks: 1
2019/10/17-14:56:01.421444 7fbc2cd30700                                     Options.env: 0x7fbbafa7bc60
2019/10/17-14:56:01.421445 7fbc2cd30700                                Options.info_log: 0x7fbbb8009510
2019/10/17-14:56:01.421445 7fbc2cd30700                Options.max_file_opening_threads: 16
2019/10/17-14:56:01.421446 7fbc2cd30700                              Options.statistics: (nil)
2019/10/17-14:56:01.421447 7fbc2cd30700                               Options.use_fsync: 0
2019/10/17-14:56:01.421448 7fbc2cd30700                       Options.max_log_file_size: 0
2019/10/17-14:56:01.421448 7fbc2cd30700                  Options.max_manifest_file_size: 1073741824
2019/10/17-14:56:01.421449 7fbc2cd30700                   Options.log_file_time_to_roll: 0
2019/10/17-14:56:01.421450 7fbc2cd30700                       Options.keep_log_file_num: 1000
2019/10/17-14:56:01.421450 7fbc2cd30700                    Options.recycle_log_file_num: 0
2019/10/17-14:56:01.421451 7fbc2cd30700                         Options.allow_fallocate: 1
2019/10/17-14:56:01.421451 7fbc2cd30700                        Options.allow_mmap_reads: 0
2019/10/17-14:56:01.421452 7fbc2cd30700                       Options.allow_mmap_writes: 0
2019/10/17-14:56:01.421453 7fbc2cd30700                        Options.use_direct_reads: 0
2019/10/17-14:56:01.421453 7fbc2cd30700                        Options.use_direct_io_for_flush_and_compaction: 0
2019/10/17-14:56:01.421454 7fbc2cd30700          Options.create_missing_column_families: 0
2019/10/17-14:56:01.421454 7fbc2cd30700                              Options.db_log_dir: 
2019/10/17-14:56:01.421455 7fbc2cd30700                                 Options.wal_dir: /home/rahul/dev/blockchain-core/eqc/ledger.db
2019/10/17-14:56:01.421456 7fbc2cd30700                Options.table_cache_numshardbits: 6
2019/10/17-14:56:01.421456 7fbc2cd30700                      Options.max_subcompactions: 1
2019/10/17-14:56:01.421457 7fbc2cd30700                  Options.max_background_flushes: -1
2019/10/17-14:56:01.421458 7fbc2cd30700                         Options.WAL_ttl_seconds: 0
2019/10/17-14:56:01.421458 7fbc2cd30700                       Options.WAL_size_limit_MB: 0
2019/10/17-14:56:01.421459 7fbc2cd30700             Options.manifest_preallocation_size: 4194304
2019/10/17-14:56:01.421459 7fbc2cd30700                     Options.is_fd_close_on_exec: 1
2019/10/17-14:56:01.421460 7fbc2cd30700                   Options.advise_random_on_open: 1
2019/10/17-14:56:01.421461 7fbc2cd30700                    Options.db_write_buffer_size: 0
2019/10/17-14:56:01.421461 7fbc2cd30700                    Options.write_buffer_manager: 0x7fbbb80273f0
2019/10/17-14:56:01.421462 7fbc2cd30700         Options.access_hint_on_compaction_start: 1
2019/10/17-14:56:01.421463 7fbc2cd30700  Options.new_table_reader_for_compaction_inputs: 0
2019/10/17-14:56:01.421463 7fbc2cd30700           Options.random_access_max_buffer_size: 1048576
2019/10/17-14:56:01.421464 7fbc2cd30700                      Options.use_adaptive_mutex: 0
2019/10/17-14:56:01.421464 7fbc2cd30700                            Options.rate_limiter: (nil)
2019/10/17-14:56:01.421486 7fbc2cd30700     Options.sst_file_manager.rate_bytes_per_sec: 0
2019/10/17-14:56:01.421487 7fbc2cd30700                       Options.wal_recovery_mode: 2
2019/10/17-14:56:01.421487 7fbc2cd30700                  Options.enable_thread_tracking: 0
2019/10/17-14:56:01.421488 7fbc2cd30700                  Options.enable_pipelined_write: 0
2019/10/17-14:56:01.421488 7fbc2cd30700         Options.allow_concurrent_memtable_write: 1
2019/10/17-14:56:01.421489 7fbc2cd30700      Options.enable_write_thread_adaptive_yield: 1
2019/10/17-14:56:01.421489 7fbc2cd30700             Options.write_thread_max_yield_usec: 100
2019/10/17-14:56:01.421490 7fbc2cd30700            Options.write_thread_slow_yield_usec: 3
2019/10/17-14:56:01.421491 7fbc2cd30700                               Options.row_cache: None
2019/10/17-14:56:01.421491 7fbc2cd30700                              Options.wal_filter: None
2019/10/17-14:56:01.421492 7fbc2cd30700             Options.avoid_flush_during_recovery: 0
2019/10/17-14:56:01.421492 7fbc2cd30700             Options.allow_ingest_behind: 0
2019/10/17-14:56:01.421493 7fbc2cd30700             Options.preserve_deletes: 0
2019/10/17-14:56:01.421494 7fbc2cd30700             Options.two_write_queues: 0
2019/10/17-14:56:01.421494 7fbc2cd30700             Options.manual_wal_flush: 0
2019/10/17-14:56:01.421495 7fbc2cd30700             Options.max_background_jobs: 2
2019/10/17-14:56:01.421495 7fbc2cd30700             Options.max_background_compactions: -1
2019/10/17-14:56:01.421496 7fbc2cd30700             Options.avoid_flush_during_shutdown: 0
2019/10/17-14:56:01.421496 7fbc2cd30700           Options.writable_file_max_buffer_size: 1048576
2019/10/17-14:56:01.421497 7fbc2cd30700             Options.delayed_write_rate : 16777216
2019/10/17-14:56:01.421498 7fbc2cd30700             Options.max_total_wal_size: 0
2019/10/17-14:56:01.421498 7fbc2cd30700             Options.delete_obsolete_files_period_micros: 21600000000
2019/10/17-14:56:01.421499 7fbc2cd30700                   Options.stats_dump_period_sec: 600
2019/10/17-14:56:01.421499 7fbc2cd30700                          Options.max_open_files: -1
2019/10/17-14:56:01.421500 7fbc2cd30700                          Options.bytes_per_sync: 0
2019/10/17-14:56:01.421501 7fbc2cd30700                      Options.wal_bytes_per_sync: 0
2019/10/17-14:56:01.421501 7fbc2cd30700       Options.compaction_readahead_size: 0
2019/10/17-14:56:01.421502 7fbc2cd30700 Compression algorithms supported:
2019/10/17-14:56:01.421503 7fbc2cd30700 	kZSTDNotFinalCompression supported: 0
2019/10/17-14:56:01.421504 7fbc2cd30700 	kZSTD supported: 0
2019/10/17-14:56:01.421504 7fbc2cd30700 	kXpressCompression supported: 0
2019/10/17-14:56:01.421505 7fbc2cd30700 	kLZ4HCCompression supported: 0
2019/10/17-14:56:01.421505 7fbc2cd30700 	kLZ4Compression supported: 0
2019/10/17-14:56:01.421506 7fbc2cd30700 	kBZip2Compression supported: 0
2019/10/17-14:56:01.421507 7fbc2cd30700 	kZlibCompression supported: 0
2019/10/17-14:56:01.421507 7fbc2cd30700 	kSnappyCompression supported: 0
2019/10/17-14:56:01.421509 7fbc2cd30700 Fast CRC32 supported: Supported on x86
2019/10/17-14:56:01.421581 7fbc2cd30700 [db/version_set.cc:3507] Recovering from manifest file: MANIFEST-116674
2019/10/17-14:56:01.421606 7fbc2cd30700 [db/column_family.cc:472] --------------- Options for column family [default]:
2019/10/17-14:56:01.421607 7fbc2cd30700               Options.comparator: leveldb.BytewiseComparator
2019/10/17-14:56:01.421608 7fbc2cd30700           Options.merge_operator: None
2019/10/17-14:56:01.421608 7fbc2cd30700        Options.compaction_filter: None
2019/10/17-14:56:01.421609 7fbc2cd30700        Options.compaction_filter_factory: None
2019/10/17-14:56:01.421610 7fbc2cd30700         Options.memtable_factory: SkipListFactory
2019/10/17-14:56:01.421610 7fbc2cd30700            Options.table_factory: BlockBasedTable
2019/10/17-14:56:01.421623 7fbc2cd30700            table_factory options:   flush_block_policy_factory: FlushBlockBySizePolicyFactory (0x7fbbb84a6f50)
  cache_index_and_filter_blocks: 0
  cache_index_and_filter_blocks_with_high_priority: 0
  pin_l0_filter_and_index_blocks_in_cache: 0
  pin_top_level_index_and_filter: 1
  index_type: 0
  hash_index_allow_collision: 1
  checksum: 1
  no_block_cache: 0
  block_cache: 0x7fbbb8511010
  block_cache_name: LRUCache
  block_cache_options:
    capacity : 8388608
    num_shard_bits : 4
    strict_capacity_limit : 0
    memory_allocator : None
    high_pri_pool_ratio: 0.000
  block_cache_compressed: (nil)
  persistent_cache: (nil)
  block_size: 4096
  block_size_deviation: 10
  block_restart_interval: 16
  index_block_restart_interval: 1
  metadata_block_size: 4096
  partition_filters: 0
  use_delta_encoding: 1
  filter_policy: nullptr
  whole_key_filtering: 1
  verify_compression: 0
  read_amp_bytes_per_bit: 0
  format_version: 2
  enable_index_compression: 1
  block_align: 0
2019/10/17-14:56:01.421629 7fbc2cd30700        Options.write_buffer_size: 67108864
2019/10/17-14:56:01.421630 7fbc2cd30700  Options.max_write_buffer_number: 2
2019/10/17-14:56:01.421631 7fbc2cd30700          Options.compression: NoCompression
2019/10/17-14:56:01.421631 7fbc2cd30700                  Options.bottommost_compression: Disabled
2019/10/17-14:56:01.421632 7fbc2cd30700       Options.prefix_extractor: nullptr
2019/10/17-14:56:01.421633 7fbc2cd30700   Options.memtable_insert_with_hint_prefix_extractor: nullptr
2019/10/17-14:56:01.421633 7fbc2cd30700             Options.num_levels: 7
2019/10/17-14:56:01.421634 7fbc2cd30700        Options.min_write_buffer_number_to_merge: 1
2019/10/17-14:56:01.421634 7fbc2cd30700     Options.max_write_buffer_number_to_maintain: 0
2019/10/17-14:56:01.421635 7fbc2cd30700            Options.bottommost_compression_opts.window_bits: -14
2019/10/17-14:56:01.421636 7fbc2cd30700                  Options.bottommost_compression_opts.level: 32767
2019/10/17-14:56:01.421636 7fbc2cd30700               Options.bottommost_compression_opts.strategy: 0
2019/10/17-14:56:01.421637 7fbc2cd30700         Options.bottommost_compression_opts.max_dict_bytes: 0
2019/10/17-14:56:01.421637 7fbc2cd30700         Options.bottommost_compression_opts.zstd_max_train_bytes: 0
2019/10/17-14:56:01.421638 7fbc2cd30700                  Options.bottommost_compression_opts.enabled: false
2019/10/17-14:56:01.421639 7fbc2cd30700            Options.compression_opts.window_bits: -14
2019/10/17-14:56:01.421639 7fbc2cd30700                  Options.compression_opts.level: 32767
2019/10/17-14:56:01.421640 7fbc2cd30700               Options.compression_opts.strategy: 0
2019/10/17-14:56:01.421640 7fbc2cd30700         Options.compression_opts.max_dict_bytes: 0
2019/10/17-14:56:01.421641 7fbc2cd30700         Options.compression_opts.zstd_max_train_bytes: 0
2019/10/17-14:56:01.421642 7fbc2cd30700                  Options.compression_opts.enabled: false
2019/10/17-14:56:01.421642 7fbc2cd30700      Options.level0_file_num_compaction_trigger: 4
2019/10/17-14:56:01.421643 7fbc2cd30700          Options.level0_slowdown_writes_trigger: 20
2019/10/17-14:56:01.421643 7fbc2cd30700              Options.level0_stop_writes_trigger: 36
2019/10/17-14:56:01.421644 7fbc2cd30700                   Options.target_file_size_base: 67108864
2019/10/17-14:56:01.421645 7fbc2cd30700             Options.target_file_size_multiplier: 1
2019/10/17-14:56:01.421645 7fbc2cd30700                Options.max_bytes_for_level_base: 268435456
2019/10/17-14:56:01.421646 7fbc2cd30700 Options.level_compaction_dynamic_level_bytes: 0
2019/10/17-14:56:01.421646 7fbc2cd30700          Options.max_bytes_for_level_multiplier: 10.000000
2019/10/17-14:56:01.421648 7fbc2cd30700 Options.max_bytes_for_level_multiplier_addtl[0]: 1
2019/10/17-14:56:01.421649 7fbc2cd30700 Options.max_bytes_for_level_multiplier_addtl[1]: 1
2019/10/17-14:56:01.421649 7fbc2cd30700 Options.max_bytes_for_level_multiplier_addtl[2]: 1
2019/10/17-14:56:01.421650 7fbc2cd30700 Options.max_bytes_for_level_multiplier_addtl[3]: 1
2019/10/17-14:56:01.421650 7fbc2cd30700 Options.max_bytes_for_level_multiplier_addtl[4]: 1
2019/10/17-14:56:01.421654 7fbc2cd30700 Options.max_bytes_for_level_multiplier_addtl[5]: 1
2019/10/17-14:56:01.421654 7fbc2cd30700 Options.max_bytes_for_level_multiplier_addtl[6]: 1
2019/10/17-14:56:01.421655 7fbc2cd30700       Options.max_sequential_skip_in_iterations: 8
2019/10/17-14:56:01.421656 7fbc2cd30700                    Options.max_compaction_bytes: 1677721600
2019/10/17-14:56:01.421656 7fbc2cd30700                        Options.arena_block_size: 8388608
2019/10/17-14:56:01.421657 7fbc2cd30700   Options.soft_pending_compaction_bytes_limit: 68719476736
2019/10/17-14:56:01.421657 7fbc2cd30700   Options.hard_pending_compaction_bytes_limit: 274877906944
2019/10/17-14:56:01.421658 7fbc2cd30700       Options.rate_limit_delay_max_milliseconds: 100
2019/10/17-14:56:01.421659 7fbc2cd30700                Options.disable_auto_compactions: 0
2019/10/17-14:56:01.421660 7fbc2cd30700                        Options.compaction_style: kCompactionStyleLevel
2019/10/17-14:56:01.421661 7fbc2cd30700                          Options.compaction_pri: kByCompensatedSize
2019/10/17-14:56:01.421661 7fbc2cd30700 Options.compaction_options_universal.size_ratio: 1
2019/10/17-14:56:01.421662 7fbc2cd30700 Options.compaction_options_universal.min_merge_width: 2
2019/10/17-14:56:01.421663 7fbc2cd30700 Options.compaction_options_universal.max_merge_width: 4294967295
2019/10/17-14:56:01.421663 7fbc2cd30700 Options.compaction_options_universal.max_size_amplification_percent: 200
2019/10/17-14:56:01.421664 7fbc2cd30700 Options.compaction_options_universal.compression_size_percent: -1
2019/10/17-14:56:01.421665 7fbc2cd30700 Options.compaction_options_universal.stop_style: kCompactionStopStyleTotalSize
2019/10/17-14:56:01.421665 7fbc2cd30700 Options.compaction_options_fifo.max_table_files_size: 1073741824
2019/10/17-14:56:01.421666 7fbc2cd30700 Options.compaction_options_fifo.allow_compaction: 0
2019/10/17-14:56:01.421667 7fbc2cd30700 Options.compaction_options_fifo.ttl: 0
2019/10/17-14:56:01.421667 7fbc2cd30700                   Options.table_properties_collectors: 
2019/10/17-14:56:01.421668 7fbc2cd30700                   Options.inplace_update_support: 0
2019/10/17-14:56:01.421668 7fbc2cd30700                 Options.inplace_update_num_locks: 10000
2019/10/17-14:56:01.421669 7fbc2cd30700               Options.memtable_prefix_bloom_size_ratio: 0.000000
2019/10/17-14:56:01.421670 7fbc2cd30700   Options.memtable_huge_page_size: 0
2019/10/17-14:56:01.421671 7fbc2cd30700                           Options.bloom_locality: 0
2019/10/17-14:56:01.421671 7fbc2cd30700                    Options.max_successive_merges: 0
2019/10/17-14:56:01.421672 7fbc2cd30700                Options.optimize_filters_for_hits: 0
2019/10/17-14:56:01.421672 7fbc2cd30700                Options.paranoid_file_checks: 0
2019/10/17-14:56:01.421673 7fbc2cd30700                Options.force_consistency_checks: 0
2019/10/17-14:56:01.421674 7fbc2cd30700                Options.report_bg_io_stats: 0
2019/10/17-14:56:01.421674 7fbc2cd30700                               Options.ttl: 0
2019/10/17-14:56:01.421695 7fbc2cd30700 [db/column_family.cc:472] --------------- Options for column family [active_gateways]:
2019/10/17-14:56:01.421696 7fbc2cd30700               Options.comparator: leveldb.BytewiseComparator
2019/10/17-14:56:01.421697 7fbc2cd30700           Options.merge_operator: None
2019/10/17-14:56:01.421698 7fbc2cd30700        Options.compaction_filter: None
2019/10/17-14:56:01.421698 7fbc2cd30700        Options.compaction_filter_factory: None
2019/10/17-14:56:01.421699 7fbc2cd30700         Options.memtable_factory: SkipListFactory
2019/10/17-14:56:01.421700 7fbc2cd30700            Options.table_factory: BlockBasedTable
2019/10/17-14:56:01.421708 7fbc2cd30700            table_factory options:   flush_block_policy_factory: FlushBlockBySizePolicyFactory (0x7fbbb80224e0)
  cache_index_and_filter_blocks: 0
  cache_index_and_filter_blocks_with_high_priority: 0
  pin_l0_filter_and_index_blocks_in_cache: 0
  pin_top_level_index_and_filter: 1
  index_type: 0
  hash_index_allow_collision: 1
  checksum: 1
  no_block_cache: 0
  block_cache: 0x7fbbb8006fe0
  block_cache_name: LRUCache
  block_cache_options:
    capacity : 8388608
    num_shard_bits : 4
    strict_capacity_limit : 0
    memory_allocator : None
    high_pri_pool_ratio: 0.000
  block_cache_compressed: (nil)
  persistent_cache: (nil)
  block_size: 4096
  block_size_deviation: 10
  block_restart_interval: 16
  index_block_restart_interval: 1
  metadata_block_size: 4096
  partition_filters: 0
  use_delta_encoding: 1
  filter_policy: nullptr
  whole_key_filtering: 1
  verify_compression: 0
  read_amp_bytes_per_bit: 0
  format_version: 2
  enable_index_compression: 1
  block_align: 0
2019/10/17-14:56:01.421713 7fbc2cd30700        Options.write_buffer_size: 67108864
2019/10/17-14:56:01.421713 7fbc2cd30700  Options.max_write_buffer_number: 2
2019/10/17-14:56:01.421714 7fbc2cd30700          Options.compression: NoCompression
2019/10/17-14:56:01.421715 7fbc2cd30700                  Options.bottommost_compression: Disabled
2019/10/17-14:56:01.421715 7fbc2cd30700       Options.prefix_extractor: nullptr
2019/10/17-14:56:01.421716 7fbc2cd30700   Options.memtable_insert_with_hint_prefix_extractor: nullptr
2019/10/17-14:56:01.421716 7fbc2cd30700             Options.num_levels: 7
2019/10/17-14:56:01.421717 7fbc2cd30700        Options.min_write_buffer_number_to_merge: 1
2019/10/17-14:56:01.421718 7fbc2cd30700     Options.max_write_buffer_number_to_maintain: 0
2019/10/17-14:56:01.421718 7fbc2cd30700            Options.bottommost_compression_opts.window_bits: -14
2019/10/17-14:56:01.421719 7fbc2cd30700                  Options.bottommost_compression_opts.level: 32767
2019/10/17-14:56:01.421719 7fbc2cd30700               Options.bottommost_compression_opts.strategy: 0
2019/10/17-14:56:01.421720 7fbc2cd30700         Options.bottommost_compression_opts.max_dict_bytes: 0
2019/10/17-14:56:01.421721 7fbc2cd30700         Options.bottommost_compression_opts.zstd_max_train_bytes: 0
2019/10/17-14:56:01.421721 7fbc2cd30700                  Options.bottommost_compression_opts.enabled: false
2019/10/17-14:56:01.421722 7fbc2cd30700            Options.compression_opts.window_bits: -14
2019/10/17-14:56:01.421722 7fbc2cd30700                  Options.compression_opts.level: 32767
2019/10/17-14:56:01.421723 7fbc2cd30700               Options.compression_opts.strategy: 0
2019/10/17-14:56:01.421723 7fbc2cd30700         Options.compression_opts.max_dict_bytes: 0
2019/10/17-14:56:01.421724 7fbc2cd30700         Options.compression_opts.zstd_max_train_bytes: 0
2019/10/17-14:56:01.421725 7fbc2cd30700                  Options.compression_opts.enabled: false
2019/10/17-14:56:01.421725 7fbc2cd30700      Options.level0_file_num_compaction_trigger: 4
2019/10/17-14:56:01.421726 7fbc2cd30700          Options.level0_slowdown_writes_trigger: 20
2019/10/17-14:56:01.421726 7fbc2cd30700              Options.level0_stop_writes_trigger: 36
2019/10/17-14:56:01.421727 7fbc2cd30700                   Options.target_file_size_base: 67108864
2019/10/17-14:56:01.421727 7fbc2cd30700             Options.target_file_size_multiplier: 1
2019/10/17-14:56:01.421728 7fbc2cd30700                Options.max_bytes_for_level_base: 268435456
2019/10/17-14:56:01.421729 7fbc2cd30700 Options.level_compaction_dynamic_level_bytes: 0
2019/10/17-14:56:01.421729 7fbc2cd30700          Options.max_bytes_for_level_multiplier: 10.000000
2019/10/17-14:56:01.421730 7fbc2cd30700 Options.max_bytes_for_level_multiplier_addtl[0]: 1
2019/10/17-14:56:01.421731 7fbc2cd30700 Options.max_bytes_for_level_multiplier_addtl[1]: 1
2019/10/17-14:56:01.421732 7fbc2cd30700 Options.max_bytes_for_level_multiplier_addtl[2]: 1
2019/10/17-14:56:01.421732 7fbc2cd30700 Options.max_bytes_for_level_multiplier_addtl[3]: 1
2019/10/17-14:56:01.421733 7fbc2cd30700 Options.max_bytes_for_level_multiplier_addtl[4]: 1
2019/10/17-14:56:01.421733 7fbc2cd30700 Options.max_bytes_for_level_multiplier_addtl[5]: 1
2019/10/17-14:56:01.421734 7fbc2cd30700 Options.max_bytes_for_level_multiplier_addtl[6]: 1
2019/10/17-14:56:01.421735 7fbc2cd30700       Options.max_sequential_skip_in_iterations: 8
2019/10/17-14:56:01.421738 7fbc2cd30700                    Options.max_compaction_bytes: 1677721600
2019/10/17-14:56:01.421738 7fbc2cd30700                        Options.arena_block_size: 8388608
2019/10/17-14:56:01.421739 7fbc2cd30700   Options.soft_pending_compaction_bytes_limit: 68719476736
2019/10/17-14:56:01.421740 7fbc2cd30700   Options.hard_pending_compaction_bytes_limit: 274877906944
2019/10/17-14:56:01.421740 7fbc2cd30700       Options.rate_limit_delay_max_milliseconds: 100
2019/10/17-14:56:01.421741 7fbc2cd30700                Options.disable_auto_compactions: 0
2019/10/17-14:56:01.421742 7fbc2cd30700                        Options.compaction_style: kCompactionStyleLevel
2019/10/17-14:56:01.421742 7fbc2cd30700                          Options.compaction_pri: kByCompensatedSize
2019/10/17-14:56:01.421743 7fbc2cd30700 Options.compaction_options_universal.size_ratio: 1
2019/10/17-14:56:01.421744 7fbc2cd30700 Options.compaction_options_universal.min_merge_width: 2
2019/10/17-14:56:01.421744 7fbc2cd30700 Options.compaction_options_universal.max_merge_width: 4294967295
2019/10/17-14:56:01.421745 7fbc2cd30700 Options.compaction_options_universal.max_size_amplification_percent: 200
2019/10/17-14:56:01.421745 7fbc2cd30700 Options.compaction_options_universal.compression_size_percent: -1
2019/10/17-14:56:01.421746 7fbc2cd30700 Options.compaction_options_universal.stop_style: kCompactionStopStyleTotalSize
2019/10/17-14:56:01.421747 7fbc2cd30700 Options.compaction_options_fifo.max_table_files_size: 1073741824
2019/10/17-14:56:01.421747 7fbc2cd30700 Options.compaction_options_fifo.allow_compaction: 0
2019/10/17-14:56:01.421748 7fbc2cd30700 Options.compaction_options_fifo.ttl: 0
2019/10/17-14:56:01.421749 7fbc2cd30700                   Options.table_properties_collectors: 
2019/10/17-14:56:01.421749 7fbc2cd30700                   Options.inplace_update_support: 0
2019/10/17-14:56:01.421750 7fbc2cd30700                 Options.inplace_update_num_locks: 10000
2019/10/17-14:56:01.421750 7fbc2cd30700               Options.memtable_prefix_bloom_size_ratio: 0.000000
2019/10/17-14:56:01.421751 7fbc2cd30700   Options.memtable_huge_page_size: 0
2019/10/17-14:56:01.421752 7fbc2cd30700                           Options.bloom_locality: 0
2019/10/17-14:56:01.421752 7fbc2cd30700                    Options.max_successive_merges: 0
2019/10/17-14:56:01.421753 7fbc2cd30700                Options.optimize_filters_for_hits: 0
2019/10/17-14:56:01.421754 7fbc2cd30700                Options.paranoid_file_checks: 0
2019/10/17-14:56:01.421754 7fbc2cd30700                Options.force_consistency_checks: 0
2019/10/17-14:56:01.421755 7fbc2cd30700                Options.report_bg_io_stats: 0
2019/10/17-14:56:01.421755 7fbc2cd30700                               Options.ttl: 0
2019/10/17-14:56:01.421768 7fbc2cd30700 [db/column_family.cc:472] --------------- Options for column family [entries]:
2019/10/17-14:56:01.421769 7fbc2cd30700               Options.comparator: leveldb.BytewiseComparator
2019/10/17-14:56:01.421769 7fbc2cd30700           Options.merge_operator: None
2019/10/17-14:56:01.421770 7fbc2cd30700        Options.compaction_filter: None
2019/10/17-14:56:01.421770 7fbc2cd30700        Options.compaction_filter_factory: None
2019/10/17-14:56:01.421771 7fbc2cd30700         Options.memtable_factory: SkipListFactory
2019/10/17-14:56:01.421771 7fbc2cd30700            Options.table_factory: BlockBasedTable
2019/10/17-14:56:01.421779 7fbc2cd30700            table_factory options:   flush_block_policy_factory: FlushBlockBySizePolicyFactory (0x7fbbb803c950)
  cache_index_and_filter_blocks: 0
  cache_index_and_filter_blocks_with_high_priority: 0
  pin_l0_filter_and_index_blocks_in_cache: 0
  pin_top_level_index_and_filter: 1
  index_type: 0
  hash_index_allow_collision: 1
  checksum: 1
  no_block_cache: 0
  block_cache: 0x7fbbb802a4a0
  block_cache_name: LRUCache
  block_cache_options:
    capacity : 8388608
    num_shard_bits : 4
    strict_capacity_limit : 0
    memory_allocator : None
    high_pri_pool_ratio: 0.000
  block_cache_compressed: (nil)
  persistent_cache: (nil)
  block_size: 4096
  block_size_deviation: 10
  block_restart_interval: 16
  index_block_restart_interval: 1
  metadata_block_size: 4096
  partition_filters: 0
  use_delta_encoding: 1
  filter_policy: nullptr
  whole_key_filtering: 1
  verify_compression: 0
  read_amp_bytes_per_bit: 0
  format_version: 2
  enable_index_compression: 1
  block_align: 0
2019/10/17-14:56:01.421784 7fbc2cd30700        Options.write_buffer_size: 67108864
2019/10/17-14:56:01.421784 7fbc2cd30700  Options.max_write_buffer_number: 2
2019/10/17-14:56:01.421785 7fbc2cd30700          Options.compression: NoCompression
2019/10/17-14:56:01.421786 7fbc2cd30700                  Options.bottommost_compression: Disabled
2019/10/17-14:56:01.421786 7fbc2cd30700       Options.prefix_extractor: nullptr
2019/10/17-14:56:01.421787 7fbc2cd30700   Options.memtable_insert_with_hint_prefix_extractor: nullptr
2019/10/17-14:56:01.421787 7fbc2cd30700             Options.num_levels: 7
2019/10/17-14:56:01.421788 7fbc2cd30700        Options.min_write_buffer_number_to_merge: 1
2019/10/17-14:56:01.421788 7fbc2cd30700     Options.max_write_buffer_number_to_maintain: 0
2019/10/17-14:56:01.421789 7fbc2cd30700            Options.bottommost_compression_opts.window_bits: -14
2019/10/17-14:56:01.421790 7fbc2cd30700                  Options.bottommost_compression_opts.level: 32767
2019/10/17-14:56:01.421790 7fbc2cd30700               Options.bottommost_compression_opts.strategy: 0
2019/10/17-14:56:01.421791 7fbc2cd30700         Options.bottommost_compression_opts.max_dict_bytes: 0
2019/10/17-14:56:01.421791 7fbc2cd30700         Options.bottommost_compression_opts.zstd_max_train_bytes: 0
2019/10/17-14:56:01.421792 7fbc2cd30700                  Options.bottommost_compression_opts.enabled: false
2019/10/17-14:56:01.421792 7fbc2cd30700            Options.compression_opts.window_bits: -14
2019/10/17-14:56:01.421793 7fbc2cd30700                  Options.compression_opts.level: 32767
2019/10/17-14:56:01.421794 7fbc2cd30700               Options.compression_opts.strategy: 0
2019/10/17-14:56:01.421794 7fbc2cd30700         Options.compression_opts.max_dict_bytes: 0
2019/10/17-14:56:01.421795 7fbc2cd30700         Options.compression_opts.zstd_max_train_bytes: 0
2019/10/17-14:56:01.421795 7fbc2cd30700                  Options.compression_opts.enabled: false
2019/10/17-14:56:01.421796 7fbc2cd30700      Options.level0_file_num_compaction_trigger: 4
2019/10/17-14:56:01.421796 7fbc2cd30700          Options.level0_slowdown_writes_trigger: 20
2019/10/17-14:56:01.421797 7fbc2cd30700              Options.level0_stop_writes_trigger: 36
2019/10/17-14:56:01.421798 7fbc2cd30700                   Options.target_file_size_base: 67108864
2019/10/17-14:56:01.421798 7fbc2cd30700             Options.target_file_size_multiplier: 1
2019/10/17-14:56:01.421799 7fbc2cd30700                Options.max_bytes_for_level_base: 268435456
2019/10/17-14:56:01.421799 7fbc2cd30700 Options.level_compaction_dynamic_level_bytes: 0
2019/10/17-14:56:01.421800 7fbc2cd30700          Options.max_bytes_for_level_multiplier: 10.000000
2019/10/17-14:56:01.421801 7fbc2cd30700 Options.max_bytes_for_level_multiplier_addtl[0]: 1
2019/10/17-14:56:01.421801 7fbc2cd30700 Options.max_bytes_for_level_multiplier_addtl[1]: 1
2019/10/17-14:56:01.421802 7fbc2cd30700 Options.max_bytes_for_level_multiplier_addtl[2]: 1
2019/10/17-14:56:01.421803 7fbc2cd30700 Options.max_bytes_for_level_multiplier_addtl[3]: 1
2019/10/17-14:56:01.421803 7fbc2cd30700 Options.max_bytes_for_level_multiplier_addtl[4]: 1
2019/10/17-14:56:01.421804 7fbc2cd30700 Options.max_bytes_for_level_multiplier_addtl[5]: 1
2019/10/17-14:56:01.421804 7fbc2cd30700 Options.max_bytes_for_level_multiplier_addtl[6]: 1
2019/10/17-14:56:01.421805 7fbc2cd30700       Options.max_sequential_skip_in_iterations: 8
2019/10/17-14:56:01.421805 7fbc2cd30700                    Options.max_compaction_bytes: 1677721600
2019/10/17-14:56:01.421806 7fbc2cd30700                        Options.arena_block_size: 8388608
2019/10/17-14:56:01.421807 7fbc2cd30700   Options.soft_pending_compaction_bytes_limit: 68719476736
2019/10/17-14:56:01.421810 7fbc2cd30700   Options.hard_pending_compaction_bytes_limit: 274877906944
2019/10/17-14:56:01.421810 7fbc2cd30700       Options.rate_limit_delay_max_milliseconds: 100
2019/10/17-14:56:01.421811 7fbc2cd30700                Options.disable_auto_compactions: 0
2019/10/17-14:56:01.421812 7fbc2cd30700                        Options.compaction_style: kCompactionStyleLevel
2019/10/17-14:56:01.421812 7fbc2cd30700                          Options.compaction_pri: kByCompensatedSize
2019/10/17-14:56:01.421813 7fbc2cd30700 Options.compaction_options_universal.size_ratio: 1
2019/10/17-14:56:01.421814 7fbc2cd30700 Options.compaction_options_universal.min_merge_width: 2
2019/10/17-14:56:01.421814 7fbc2cd30700 Options.compaction_options_universal.max_merge_width: 4294967295
2019/10/17-14:56:01.421815 7fbc2cd30700 Options.compaction_options_universal.max_size_amplification_percent: 200
2019/10/17-14:56:01.421815 7fbc2cd30700 Options.compaction_options_universal.compression_size_percent: -1
2019/10/17-14:56:01.421816 7fbc2cd30700 Options.compaction_options_universal.stop_style: kCompactionStopStyleTotalSize
2019/10/17-14:56:01.421817 7fbc2cd30700 Options.compaction_options_fifo.max_table_files_size: 1073741824
2019/10/17-14:56:01.421817 7fbc2cd30700 Options.compaction_options_fifo.allow_compaction: 0
2019/10/17-14:56:01.421818 7fbc2cd30700 Options.compaction_options_fifo.ttl: 0
2019/10/17-14:56:01.421818 7fbc2cd30700                   Options.table_properties_collectors: 
2019/10/17-14:56:01.421819 7fbc2cd30700                   Options.inplace_update_support: 0
2019/10/17-14:56:01.421819 7fbc2cd30700                 Options.inplace_update_num_locks: 10000
2019/10/17-14:56:01.421820 7fbc2cd30700               Options.memtable_prefix_bloom_size_ratio: 0.000000
2019/10/17-14:56:01.421821 7fbc2cd30700   Options.memtable_huge_page_size: 0
2019/10/17-14:56:01.421821 7fbc2cd30700                           Options.bloom_locality: 0
2019/10/17-14:56:01.421822 7fbc2cd30700                    Options.max_successive_merges: 0
2019/10/17-14:56:01.421823 7fbc2cd30700                Options.optimize_filters_for_hits: 0
2019/10/17-14:56:01.421823 7fbc2cd30700                Options.paranoid_file_checks: 0
2019/10/17-14:56:01.421824 7fbc2cd30700                Options.force_consistency_checks: 0
2019/10/17-14:56:01.421824 7fbc2cd30700                Options.report_bg_io_stats: 0
2019/10/17-14:56:01.421825 7fbc2cd30700                               Options.ttl: 0
2019/10/17-14:56:01.421835 7fbc2cd30700 [db/column_family.cc:472] --------------- Options for column family [dc_entries]:
2019/10/17-14:56:01.421836 7fbc2cd30700               Options.comparator: leveldb.BytewiseComparator
2019/10/17-14:56:01.421837 7fbc2cd30700           Options.merge_operator: None
2019/10/17-14:56:01.421838 7fbc2cd30700        Options.compaction_filter: None
2019/10/17-14:56:01.421838 7fbc2cd30700        Options.compaction_filter_factory: None
2019/10/17-14:56:01.421839 7fbc2cd30700         Options.memtable_factory: SkipListFactory
2019/10/17-14:56:01.421839 7fbc2cd30700            Options.table_factory: BlockBasedTable
2019/10/17-14:56:01.421846 7fbc2cd30700            table_factory options:   flush_block_policy_factory: FlushBlockBySizePolicyFactory (0x7fbbb8057cc0)
  cache_index_and_filter_blocks: 0
  cache_index_and_filter_blocks_with_high_priority: 0
  pin_l0_filter_and_index_blocks_in_cache: 0
  pin_top_level_index_and_filter: 1
  index_type: 0
  hash_index_allow_collision: 1
  checksum: 1
  no_block_cache: 0
  block_cache: 0x7fbbb80489b0
  block_cache_name: LRUCache
  block_cache_options:
    capacity : 8388608
    num_shard_bits : 4
    strict_capacity_limit : 0
    memory_allocator : None
    high_pri_pool_ratio: 0.000
  block_cache_compressed: (nil)
  persistent_cache: (nil)
  block_size: 4096
  block_size_deviation: 10
  block_restart_interval: 16
  index_block_restart_interval: 1
  metadata_block_size: 4096
  partition_filters: 0
  use_delta_encoding: 1
  filter_policy: nullptr
  whole_key_filtering: 1
  verify_compression: 0
  read_amp_bytes_per_bit: 0
  format_version: 2
  enable_index_compression: 1
  block_align: 0
2019/10/17-14:56:01.421851 7fbc2cd30700        Options.write_buffer_size: 67108864
2019/10/17-14:56:01.421851 7fbc2cd30700  Options.max_write_buffer_number: 2
2019/10/17-14:56:01.421852 7fbc2cd30700          Options.compression: NoCompression
2019/10/17-14:56:01.421853 7fbc2cd30700                  Options.bottommost_compression: Disabled
2019/10/17-14:56:01.421853 7fbc2cd30700       Options.prefix_extractor: nullptr
2019/10/17-14:56:01.421854 7fbc2cd30700   Options.memtable_insert_with_hint_prefix_extractor: nullptr
2019/10/17-14:56:01.421854 7fbc2cd30700             Options.num_levels: 7
2019/10/17-14:56:01.421855 7fbc2cd30700        Options.min_write_buffer_number_to_merge: 1
2019/10/17-14:56:01.421855 7fbc2cd30700     Options.max_write_buffer_number_to_maintain: 0
2019/10/17-14:56:01.421856 7fbc2cd30700            Options.bottommost_compression_opts.window_bits: -14
2019/10/17-14:56:01.421856 7fbc2cd30700                  Options.bottommost_compression_opts.level: 32767
2019/10/17-14:56:01.421857 7fbc2cd30700               Options.bottommost_compression_opts.strategy: 0
2019/10/17-14:56:01.421858 7fbc2cd30700         Options.bottommost_compression_opts.max_dict_bytes: 0
2019/10/17-14:56:01.421858 7fbc2cd30700         Options.bottommost_compression_opts.zstd_max_train_bytes: 0
2019/10/17-14:56:01.421859 7fbc2cd30700                  Options.bottommost_compression_opts.enabled: false
2019/10/17-14:56:01.421859 7fbc2cd30700            Options.compression_opts.window_bits: -14
2019/10/17-14:56:01.421860 7fbc2cd30700                  Options.compression_opts.level: 32767
2019/10/17-14:56:01.421860 7fbc2cd30700               Options.compression_opts.strategy: 0
2019/10/17-14:56:01.421861 7fbc2cd30700         Options.compression_opts.max_dict_bytes: 0
2019/10/17-14:56:01.421862 7fbc2cd30700         Options.compression_opts.zstd_max_train_bytes: 0
2019/10/17-14:56:01.421862 7fbc2cd30700                  Options.compression_opts.enabled: false
2019/10/17-14:56:01.421863 7fbc2cd30700      Options.level0_file_num_compaction_trigger: 4
2019/10/17-14:56:01.421863 7fbc2cd30700          Options.level0_slowdown_writes_trigger: 20
2019/10/17-14:56:01.421864 7fbc2cd30700              Options.level0_stop_writes_trigger: 36
2019/10/17-14:56:01.421864 7fbc2cd30700                   Options.target_file_size_base: 67108864
2019/10/17-14:56:01.421865 7fbc2cd30700             Options.target_file_size_multiplier: 1
2019/10/17-14:56:01.421866 7fbc2cd30700                Options.max_bytes_for_level_base: 268435456
2019/10/17-14:56:01.421866 7fbc2cd30700 Options.level_compaction_dynamic_level_bytes: 0
2019/10/17-14:56:01.421867 7fbc2cd30700          Options.max_bytes_for_level_multiplier: 10.000000
2019/10/17-14:56:01.421868 7fbc2cd30700 Options.max_bytes_for_level_multiplier_addtl[0]: 1
2019/10/17-14:56:01.421868 7fbc2cd30700 Options.max_bytes_for_level_multiplier_addtl[1]: 1
2019/10/17-14:56:01.421869 7fbc2cd30700 Options.max_bytes_for_level_multiplier_addtl[2]: 1
2019/10/17-14:56:01.421869 7fbc2cd30700 Options.max_bytes_for_level_multiplier_addtl[3]: 1
2019/10/17-14:56:01.421870 7fbc2cd30700 Options.max_bytes_for_level_multiplier_addtl[4]: 1
2019/10/17-14:56:01.421870 7fbc2cd30700 Options.max_bytes_for_level_multiplier_addtl[5]: 1
2019/10/17-14:56:01.421871 7fbc2cd30700 Options.max_bytes_for_level_multiplier_addtl[6]: 1
2019/10/17-14:56:01.421872 7fbc2cd30700       Options.max_sequential_skip_in_iterations: 8
2019/10/17-14:56:01.421872 7fbc2cd30700                    Options.max_compaction_bytes: 1677721600
2019/10/17-14:56:01.421873 7fbc2cd30700                        Options.arena_block_size: 8388608
2019/10/17-14:56:01.421873 7fbc2cd30700   Options.soft_pending_compaction_bytes_limit: 68719476736
2019/10/17-14:56:01.421874 7fbc2cd30700   Options.hard_pending_compaction_bytes_limit: 274877906944
2019/10/17-14:56:01.421875 7fbc2cd30700       Options.rate_limit_delay_max_milliseconds: 100
2019/10/17-14:56:01.421875 7fbc2cd30700                Options.disable_auto_compactions: 0
2019/10/17-14:56:01.421879 7fbc2cd30700                        Options.compaction_style: kCompactionStyleLevel
2019/10/17-14:56:01.421879 7fbc2cd30700                          Options.compaction_pri: kByCompensatedSize
2019/10/17-14:56:01.421880 7fbc2cd30700 Options.compaction_options_universal.size_ratio: 1
2019/10/17-14:56:01.421881 7fbc2cd30700 Options.compaction_options_universal.min_merge_width: 2
2019/10/17-14:56:01.421881 7fbc2cd30700 Options.compaction_options_universal.max_merge_width: 4294967295
2019/10/17-14:56:01.421882 7fbc2cd30700 Options.compaction_options_universal.max_size_amplification_percent: 200
2019/10/17-14:56:01.421882 7fbc2cd30700 Options.compaction_options_universal.compression_size_percent: -1
2019/10/17-14:56:01.421883 7fbc2cd30700 Options.compaction_options_universal.stop_style: kCompactionStopStyleTotalSize
2019/10/17-14:56:01.421883 7fbc2cd30700 Options.compaction_options_fifo.max_table_files_size: 1073741824
2019/10/17-14:56:01.421884 7fbc2cd30700 Options.compaction_options_fifo.allow_compaction: 0
2019/10/17-14:56:01.421885 7fbc2cd30700 Options.compaction_options_fifo.ttl: 0
2019/10/17-14:56:01.421885 7fbc2cd30700                   Options.table_properties_collectors: 
2019/10/17-14:56:01.421886 7fbc2cd30700                   Options.inplace_update_support: 0
2019/10/17-14:56:01.421886 7fbc2cd30700                 Options.inplace_update_num_locks: 10000
2019/10/17-14:56:01.421887 7fbc2cd30700               Options.memtable_prefix_bloom_size_ratio: 0.000000
2019/10/17-14:56:01.421888 7fbc2cd30700   Options.memtable_huge_page_size: 0
2019/10/17-14:56:01.421888 7fbc2cd30700                           Options.bloom_locality: 0
2019/10/17-14:56:01.421889 7fbc2cd30700                    Options.max_successive_merges: 0
2019/10/17-14:56:01.421889 7fbc2cd30700                Options.optimize_filters_for_hits: 0
2019/10/17-14:56:01.421890 7fbc2cd30700                Options.paranoid_file_checks: 0
2019/10/17-14:56:01.421890 7fbc2cd30700                Options.force_consistency_checks: 0
2019/10/17-14:56:01.421891 7fbc2cd30700                Options.report_bg_io_stats: 0
2019/10/17-14:56:01.421892 7fbc2cd30700                               Options.ttl: 0
2019/10/17-14:56:01.421901 7fbc2cd30700 [db/column_family.cc:472] --------------- Options for column family [htlcs]:
2019/10/17-14:56:01.421902 7fbc2cd30700               Options.comparator: leveldb.BytewiseComparator
2019/10/17-14:56:01.421902 7fbc2cd30700           Options.merge_operator: None
2019/10/17-14:56:01.421903 7fbc2cd30700        Options.compaction_filter: None
2019/10/17-14:56:01.421904 7fbc2cd30700        Options.compaction_filter_factory: None
2019/10/17-14:56:01.421904 7fbc2cd30700         Options.memtable_factory: SkipListFactory
2019/10/17-14:56:01.421905 7fbc2cd30700            Options.table_factory: BlockBasedTable
2019/10/17-14:56:01.421912 7fbc2cd30700            table_factory options:   flush_block_policy_factory: FlushBlockBySizePolicyFactory (0x7fbbb80952a0)
