2019/10/17-14:56:13.024789 7fbc2cd30700 RocksDB version: 5.18.3
2019/10/17-14:56:13.024823 7fbc2cd30700 Git sha rocksdb_build_git_sha:@0@
2019/10/17-14:56:13.024824 7fbc2cd30700 Compile date Sep 19 2019
2019/10/17-14:56:13.024825 7fbc2cd30700 DB SUMMARY
2019/10/17-14:56:13.025474 7fbc2cd30700 CURRENT file:  CURRENT
2019/10/17-14:56:13.025476 7fbc2cd30700 IDENTITY file:  IDENTITY
2019/10/17-14:56:13.025502 7fbc2cd30700 MANIFEST file:  MANIFEST-116929 size: 4114 Bytes
2019/10/17-14:56:13.025503 7fbc2cd30700 SST files in /home/rahul/dev/blockchain-core/eqc/ledger.db dir, Total Num: 29, files: 000624.sst 000627.sst 106940.sst 108447.sst 108450.sst 109471.sst 109483.sst 109485.sst 109486.sst 
2019/10/17-14:56:13.025505 7fbc2cd30700 Write Ahead Log file in /home/rahul/dev/blockchain-core/eqc/ledger.db: 116930.log size: 0 ; 
2019/10/17-14:56:13.025535 7fbc2cd30700                         Options.error_if_exists: 0
2019/10/17-14:56:13.025537 7fbc2cd30700                       Options.create_if_missing: 1
2019/10/17-14:56:13.025537 7fbc2cd30700                         Options.paranoid_checks: 1
2019/10/17-14:56:13.025538 7fbc2cd30700                                     Options.env: 0x7fbbafa7bc60
2019/10/17-14:56:13.025539 7fbc2cd30700                                Options.info_log: 0x7fbbb8517360
2019/10/17-14:56:13.025540 7fbc2cd30700                Options.max_file_opening_threads: 16
2019/10/17-14:56:13.025540 7fbc2cd30700                              Options.statistics: (nil)
2019/10/17-14:56:13.025541 7fbc2cd30700                               Options.use_fsync: 0
2019/10/17-14:56:13.025542 7fbc2cd30700                       Options.max_log_file_size: 0
2019/10/17-14:56:13.025543 7fbc2cd30700                  Options.max_manifest_file_size: 1073741824
2019/10/17-14:56:13.025543 7fbc2cd30700                   Options.log_file_time_to_roll: 0
2019/10/17-14:56:13.025544 7fbc2cd30700                       Options.keep_log_file_num: 1000
2019/10/17-14:56:13.025545 7fbc2cd30700                    Options.recycle_log_file_num: 0
2019/10/17-14:56:13.025546 7fbc2cd30700                         Options.allow_fallocate: 1
2019/10/17-14:56:13.025546 7fbc2cd30700                        Options.allow_mmap_reads: 0
2019/10/17-14:56:13.025547 7fbc2cd30700                       Options.allow_mmap_writes: 0
2019/10/17-14:56:13.025548 7fbc2cd30700                        Options.use_direct_reads: 0
2019/10/17-14:56:13.025548 7fbc2cd30700                        Options.use_direct_io_for_flush_and_compaction: 0
2019/10/17-14:56:13.025549 7fbc2cd30700          Options.create_missing_column_families: 0
2019/10/17-14:56:13.025550 7fbc2cd30700                              Options.db_log_dir: 
2019/10/17-14:56:13.025551 7fbc2cd30700                                 Options.wal_dir: /home/rahul/dev/blockchain-core/eqc/ledger.db
2019/10/17-14:56:13.025551 7fbc2cd30700                Options.table_cache_numshardbits: 6
2019/10/17-14:56:13.025552 7fbc2cd30700                      Options.max_subcompactions: 1
2019/10/17-14:56:13.025553 7fbc2cd30700                  Options.max_background_flushes: -1
2019/10/17-14:56:13.025553 7fbc2cd30700                         Options.WAL_ttl_seconds: 0
2019/10/17-14:56:13.025554 7fbc2cd30700                       Options.WAL_size_limit_MB: 0
2019/10/17-14:56:13.025555 7fbc2cd30700             Options.manifest_preallocation_size: 4194304
2019/10/17-14:56:13.025555 7fbc2cd30700                     Options.is_fd_close_on_exec: 1
2019/10/17-14:56:13.025556 7fbc2cd30700                   Options.advise_random_on_open: 1
2019/10/17-14:56:13.025557 7fbc2cd30700                    Options.db_write_buffer_size: 0
2019/10/17-14:56:13.025557 7fbc2cd30700                    Options.write_buffer_manager: 0x7fbbb84d4cc0
2019/10/17-14:56:13.025558 7fbc2cd30700         Options.access_hint_on_compaction_start: 1
2019/10/17-14:56:13.025559 7fbc2cd30700  Options.new_table_reader_for_compaction_inputs: 0
2019/10/17-14:56:13.025560 7fbc2cd30700           Options.random_access_max_buffer_size: 1048576
2019/10/17-14:56:13.025560 7fbc2cd30700                      Options.use_adaptive_mutex: 0
2019/10/17-14:56:13.025561 7fbc2cd30700                            Options.rate_limiter: (nil)
2019/10/17-14:56:13.025569 7fbc2cd30700     Options.sst_file_manager.rate_bytes_per_sec: 0
2019/10/17-14:56:13.025570 7fbc2cd30700                       Options.wal_recovery_mode: 2
2019/10/17-14:56:13.025571 7fbc2cd30700                  Options.enable_thread_tracking: 0
2019/10/17-14:56:13.025572 7fbc2cd30700                  Options.enable_pipelined_write: 0
2019/10/17-14:56:13.025572 7fbc2cd30700         Options.allow_concurrent_memtable_write: 1
2019/10/17-14:56:13.025573 7fbc2cd30700      Options.enable_write_thread_adaptive_yield: 1
2019/10/17-14:56:13.025574 7fbc2cd30700             Options.write_thread_max_yield_usec: 100
2019/10/17-14:56:13.025574 7fbc2cd30700            Options.write_thread_slow_yield_usec: 3
2019/10/17-14:56:13.025575 7fbc2cd30700                               Options.row_cache: None
2019/10/17-14:56:13.025576 7fbc2cd30700                              Options.wal_filter: None
2019/10/17-14:56:13.025577 7fbc2cd30700             Options.avoid_flush_during_recovery: 0
2019/10/17-14:56:13.025577 7fbc2cd30700             Options.allow_ingest_behind: 0
2019/10/17-14:56:13.025578 7fbc2cd30700             Options.preserve_deletes: 0
2019/10/17-14:56:13.025579 7fbc2cd30700             Options.two_write_queues: 0
2019/10/17-14:56:13.025579 7fbc2cd30700             Options.manual_wal_flush: 0
2019/10/17-14:56:13.025580 7fbc2cd30700             Options.max_background_jobs: 2
2019/10/17-14:56:13.025581 7fbc2cd30700             Options.max_background_compactions: -1
2019/10/17-14:56:13.025582 7fbc2cd30700             Options.avoid_flush_during_shutdown: 0
2019/10/17-14:56:13.025582 7fbc2cd30700           Options.writable_file_max_buffer_size: 1048576
2019/10/17-14:56:13.025583 7fbc2cd30700             Options.delayed_write_rate : 16777216
2019/10/17-14:56:13.025584 7fbc2cd30700             Options.max_total_wal_size: 0
2019/10/17-14:56:13.025584 7fbc2cd30700             Options.delete_obsolete_files_period_micros: 21600000000
2019/10/17-14:56:13.025585 7fbc2cd30700                   Options.stats_dump_period_sec: 600
2019/10/17-14:56:13.025586 7fbc2cd30700                          Options.max_open_files: -1
2019/10/17-14:56:13.025587 7fbc2cd30700                          Options.bytes_per_sync: 0
2019/10/17-14:56:13.025587 7fbc2cd30700                      Options.wal_bytes_per_sync: 0
2019/10/17-14:56:13.025588 7fbc2cd30700       Options.compaction_readahead_size: 0
2019/10/17-14:56:13.025589 7fbc2cd30700 Compression algorithms supported:
2019/10/17-14:56:13.025590 7fbc2cd30700 	kZSTDNotFinalCompression supported: 0
2019/10/17-14:56:13.025591 7fbc2cd30700 	kZSTD supported: 0
2019/10/17-14:56:13.025591 7fbc2cd30700 	kXpressCompression supported: 0
2019/10/17-14:56:13.025592 7fbc2cd30700 	kLZ4HCCompression supported: 0
2019/10/17-14:56:13.025593 7fbc2cd30700 	kLZ4Compression supported: 0
2019/10/17-14:56:13.025594 7fbc2cd30700 	kBZip2Compression supported: 0
2019/10/17-14:56:13.025594 7fbc2cd30700 	kZlibCompression supported: 0
2019/10/17-14:56:13.025595 7fbc2cd30700 	kSnappyCompression supported: 0
2019/10/17-14:56:13.025597 7fbc2cd30700 Fast CRC32 supported: Supported on x86
2019/10/17-14:56:13.025693 7fbc2cd30700 [db/version_set.cc:3507] Recovering from manifest file: MANIFEST-116929
2019/10/17-14:56:13.025722 7fbc2cd30700 [db/column_family.cc:472] --------------- Options for column family [default]:
2019/10/17-14:56:13.025723 7fbc2cd30700               Options.comparator: leveldb.BytewiseComparator
2019/10/17-14:56:13.025724 7fbc2cd30700           Options.merge_operator: None
2019/10/17-14:56:13.025725 7fbc2cd30700        Options.compaction_filter: None
2019/10/17-14:56:13.025725 7fbc2cd30700        Options.compaction_filter_factory: None
2019/10/17-14:56:13.025726 7fbc2cd30700         Options.memtable_factory: SkipListFactory
2019/10/17-14:56:13.025727 7fbc2cd30700            Options.table_factory: BlockBasedTable
2019/10/17-14:56:13.025740 7fbc2cd30700            table_factory options:   flush_block_policy_factory: FlushBlockBySizePolicyFactory (0x7fbbb8046d00)
  cache_index_and_filter_blocks: 0
  cache_index_and_filter_blocks_with_high_priority: 0
  pin_l0_filter_and_index_blocks_in_cache: 0
  pin_top_level_index_and_filter: 1
  index_type: 0
  hash_index_allow_collision: 1
  checksum: 1
  no_block_cache: 0
  block_cache: 0x7fbbb80e6030
  block_cache_name: LRUCache
  block_cache_options:
    capacity : 8388608
    num_shard_bits : 4
    strict_capacity_limit : 0
    memory_allocator : None
    high_pri_pool_ratio: 0.000
  block_cache_compressed: (nil)
  persistent_cache: (nil)
  block_size: 4096
  block_size_deviation: 10
  block_restart_interval: 16
  index_block_restart_interval: 1
  metadata_block_size: 4096
  partition_filters: 0
  use_delta_encoding: 1
  filter_policy: nullptr
  whole_key_filtering: 1
  verify_compression: 0
  read_amp_bytes_per_bit: 0
  format_version: 2
  enable_index_compression: 1
  block_align: 0
2019/10/17-14:56:13.025748 7fbc2cd30700        Options.write_buffer_size: 67108864
2019/10/17-14:56:13.025749 7fbc2cd30700  Options.max_write_buffer_number: 2
2019/10/17-14:56:13.025749 7fbc2cd30700          Options.compression: NoCompression
2019/10/17-14:56:13.025750 7fbc2cd30700                  Options.bottommost_compression: Disabled
2019/10/17-14:56:13.025751 7fbc2cd30700       Options.prefix_extractor: nullptr
2019/10/17-14:56:13.025752 7fbc2cd30700   Options.memtable_insert_with_hint_prefix_extractor: nullptr
2019/10/17-14:56:13.025752 7fbc2cd30700             Options.num_levels: 7
2019/10/17-14:56:13.025753 7fbc2cd30700        Options.min_write_buffer_number_to_merge: 1
2019/10/17-14:56:13.025754 7fbc2cd30700     Options.max_write_buffer_number_to_maintain: 0
2019/10/17-14:56:13.025754 7fbc2cd30700            Options.bottommost_compression_opts.window_bits: -14
2019/10/17-14:56:13.025755 7fbc2cd30700                  Options.bottommost_compression_opts.level: 32767
2019/10/17-14:56:13.025756 7fbc2cd30700               Options.bottommost_compression_opts.strategy: 0
2019/10/17-14:56:13.025756 7fbc2cd30700         Options.bottommost_compression_opts.max_dict_bytes: 0
2019/10/17-14:56:13.025757 7fbc2cd30700         Options.bottommost_compression_opts.zstd_max_train_bytes: 0
2019/10/17-14:56:13.025758 7fbc2cd30700                  Options.bottommost_compression_opts.enabled: false
2019/10/17-14:56:13.025758 7fbc2cd30700            Options.compression_opts.window_bits: -14
2019/10/17-14:56:13.025759 7fbc2cd30700                  Options.compression_opts.level: 32767
2019/10/17-14:56:13.025760 7fbc2cd30700               Options.compression_opts.strategy: 0
2019/10/17-14:56:13.025760 7fbc2cd30700         Options.compression_opts.max_dict_bytes: 0
2019/10/17-14:56:13.025761 7fbc2cd30700         Options.compression_opts.zstd_max_train_bytes: 0
2019/10/17-14:56:13.025762 7fbc2cd30700                  Options.compression_opts.enabled: false
2019/10/17-14:56:13.025762 7fbc2cd30700      Options.level0_file_num_compaction_trigger: 4
2019/10/17-14:56:13.025763 7fbc2cd30700          Options.level0_slowdown_writes_trigger: 20
2019/10/17-14:56:13.025764 7fbc2cd30700              Options.level0_stop_writes_trigger: 36
2019/10/17-14:56:13.025764 7fbc2cd30700                   Options.target_file_size_base: 67108864
2019/10/17-14:56:13.025765 7fbc2cd30700             Options.target_file_size_multiplier: 1
2019/10/17-14:56:13.025766 7fbc2cd30700                Options.max_bytes_for_level_base: 268435456
2019/10/17-14:56:13.025766 7fbc2cd30700 Options.level_compaction_dynamic_level_bytes: 0
2019/10/17-14:56:13.025767 7fbc2cd30700          Options.max_bytes_for_level_multiplier: 10.000000
2019/10/17-14:56:13.025769 7fbc2cd30700 Options.max_bytes_for_level_multiplier_addtl[0]: 1
2019/10/17-14:56:13.025770 7fbc2cd30700 Options.max_bytes_for_level_multiplier_addtl[1]: 1
2019/10/17-14:56:13.025771 7fbc2cd30700 Options.max_bytes_for_level_multiplier_addtl[2]: 1
2019/10/17-14:56:13.025771 7fbc2cd30700 Options.max_bytes_for_level_multiplier_addtl[3]: 1
2019/10/17-14:56:13.025772 7fbc2cd30700 Options.max_bytes_for_level_multiplier_addtl[4]: 1
2019/10/17-14:56:13.025776 7fbc2cd30700 Options.max_bytes_for_level_multiplier_addtl[5]: 1
2019/10/17-14:56:13.025777 7fbc2cd30700 Options.max_bytes_for_level_multiplier_addtl[6]: 1
2019/10/17-14:56:13.025778 7fbc2cd30700       Options.max_sequential_skip_in_iterations: 8
2019/10/17-14:56:13.025778 7fbc2cd30700                    Options.max_compaction_bytes: 1677721600
2019/10/17-14:56:13.025779 7fbc2cd30700                        Options.arena_block_size: 8388608
2019/10/17-14:56:13.025780 7fbc2cd30700   Options.soft_pending_compaction_bytes_limit: 68719476736
2019/10/17-14:56:13.025781 7fbc2cd30700   Options.hard_pending_compaction_bytes_limit: 274877906944
2019/10/17-14:56:13.025781 7fbc2cd30700       Options.rate_limit_delay_max_milliseconds: 100
2019/10/17-14:56:13.025782 7fbc2cd30700                Options.disable_auto_compactions: 0
2019/10/17-14:56:13.025783 7fbc2cd30700                        Options.compaction_style: kCompactionStyleLevel
2019/10/17-14:56:13.025784 7fbc2cd30700                          Options.compaction_pri: kByCompensatedSize
2019/10/17-14:56:13.025785 7fbc2cd30700 Options.compaction_options_universal.size_ratio: 1
2019/10/17-14:56:13.025786 7fbc2cd30700 Options.compaction_options_universal.min_merge_width: 2
2019/10/17-14:56:13.025786 7fbc2cd30700 Options.compaction_options_universal.max_merge_width: 4294967295
2019/10/17-14:56:13.025787 7fbc2cd30700 Options.compaction_options_universal.max_size_amplification_percent: 200
2019/10/17-14:56:13.025788 7fbc2cd30700 Options.compaction_options_universal.compression_size_percent: -1
2019/10/17-14:56:13.025789 7fbc2cd30700 Options.compaction_options_universal.stop_style: kCompactionStopStyleTotalSize
2019/10/17-14:56:13.025789 7fbc2cd30700 Options.compaction_options_fifo.max_table_files_size: 1073741824
2019/10/17-14:56:13.025790 7fbc2cd30700 Options.compaction_options_fifo.allow_compaction: 0
2019/10/17-14:56:13.025791 7fbc2cd30700 Options.compaction_options_fifo.ttl: 0
2019/10/17-14:56:13.025792 7fbc2cd30700                   Options.table_properties_collectors: 
2019/10/17-14:56:13.025792 7fbc2cd30700                   Options.inplace_update_support: 0
2019/10/17-14:56:13.025793 7fbc2cd30700                 Options.inplace_update_num_locks: 10000
2019/10/17-14:56:13.025794 7fbc2cd30700               Options.memtable_prefix_bloom_size_ratio: 0.000000
2019/10/17-14:56:13.025795 7fbc2cd30700   Options.memtable_huge_page_size: 0
2019/10/17-14:56:13.025795 7fbc2cd30700                           Options.bloom_locality: 0
2019/10/17-14:56:13.025796 7fbc2cd30700                    Options.max_successive_merges: 0
2019/10/17-14:56:13.025797 7fbc2cd30700                Options.optimize_filters_for_hits: 0
2019/10/17-14:56:13.025797 7fbc2cd30700                Options.paranoid_file_checks: 0
2019/10/17-14:56:13.025798 7fbc2cd30700                Options.force_consistency_checks: 0
2019/10/17-14:56:13.025799 7fbc2cd30700                Options.report_bg_io_stats: 0
2019/10/17-14:56:13.025799 7fbc2cd30700                               Options.ttl: 0
2019/10/17-14:56:13.025832 7fbc2cd30700 [db/column_family.cc:472] --------------- Options for column family [active_gateways]:
2019/10/17-14:56:13.025833 7fbc2cd30700               Options.comparator: leveldb.BytewiseComparator
2019/10/17-14:56:13.025834 7fbc2cd30700           Options.merge_operator: None
2019/10/17-14:56:13.025834 7fbc2cd30700        Options.compaction_filter: None
2019/10/17-14:56:13.025835 7fbc2cd30700        Options.compaction_filter_factory: None
2019/10/17-14:56:13.025836 7fbc2cd30700         Options.memtable_factory: SkipListFactory
2019/10/17-14:56:13.025836 7fbc2cd30700            Options.table_factory: BlockBasedTable
2019/10/17-14:56:13.025846 7fbc2cd30700            table_factory options:   flush_block_policy_factory: FlushBlockBySizePolicyFactory (0x7fbbb804d2a0)
  cache_index_and_filter_blocks: 0
  cache_index_and_filter_blocks_with_high_priority: 0
  pin_l0_filter_and_index_blocks_in_cache: 0
  pin_top_level_index_and_filter: 1
  index_type: 0
  hash_index_allow_collision: 1
  checksum: 1
  no_block_cache: 0
  block_cache: 0x7fbbb806bdd0
  block_cache_name: LRUCache
  block_cache_options:
    capacity : 8388608
    num_shard_bits : 4
    strict_capacity_limit : 0
    memory_allocator : None
    high_pri_pool_ratio: 0.000
  block_cache_compressed: (nil)
  persistent_cache: (nil)
  block_size: 4096
  block_size_deviation: 10
  block_restart_interval: 16
  index_block_restart_interval: 1
  metadata_block_size: 4096
  partition_filters: 0
  use_delta_encoding: 1
  filter_policy: nullptr
  whole_key_filtering: 1
  verify_compression: 0
  read_amp_bytes_per_bit: 0
  format_version: 2
  enable_index_compression: 1
  block_align: 0
2019/10/17-14:56:13.025853 7fbc2cd30700        Options.write_buffer_size: 67108864
2019/10/17-14:56:13.025854 7fbc2cd30700  Options.max_write_buffer_number: 2
2019/10/17-14:56:13.025854 7fbc2cd30700          Options.compression: NoCompression
2019/10/17-14:56:13.025855 7fbc2cd30700                  Options.bottommost_compression: Disabled
2019/10/17-14:56:13.025856 7fbc2cd30700       Options.prefix_extractor: nullptr
2019/10/17-14:56:13.025857 7fbc2cd30700   Options.memtable_insert_with_hint_prefix_extractor: nullptr
2019/10/17-14:56:13.025857 7fbc2cd30700             Options.num_levels: 7
2019/10/17-14:56:13.025858 7fbc2cd30700        Options.min_write_buffer_number_to_merge: 1
2019/10/17-14:56:13.025859 7fbc2cd30700     Options.max_write_buffer_number_to_maintain: 0
2019/10/17-14:56:13.025859 7fbc2cd30700            Options.bottommost_compression_opts.window_bits: -14
2019/10/17-14:56:13.025860 7fbc2cd30700                  Options.bottommost_compression_opts.level: 32767
2019/10/17-14:56:13.025861 7fbc2cd30700               Options.bottommost_compression_opts.strategy: 0
2019/10/17-14:56:13.025861 7fbc2cd30700         Options.bottommost_compression_opts.max_dict_bytes: 0
2019/10/17-14:56:13.025862 7fbc2cd30700         Options.bottommost_compression_opts.zstd_max_train_bytes: 0
2019/10/17-14:56:13.025863 7fbc2cd30700                  Options.bottommost_compression_opts.enabled: false
2019/10/17-14:56:13.025863 7fbc2cd30700            Options.compression_opts.window_bits: -14
2019/10/17-14:56:13.025864 7fbc2cd30700                  Options.compression_opts.level: 32767
2019/10/17-14:56:13.025865 7fbc2cd30700               Options.compression_opts.strategy: 0
2019/10/17-14:56:13.025865 7fbc2cd30700         Options.compression_opts.max_dict_bytes: 0
2019/10/17-14:56:13.025866 7fbc2cd30700         Options.compression_opts.zstd_max_train_bytes: 0
2019/10/17-14:56:13.025866 7fbc2cd30700                  Options.compression_opts.enabled: false
2019/10/17-14:56:13.025867 7fbc2cd30700      Options.level0_file_num_compaction_trigger: 4
2019/10/17-14:56:13.025868 7fbc2cd30700          Options.level0_slowdown_writes_trigger: 20
2019/10/17-14:56:13.025868 7fbc2cd30700              Options.level0_stop_writes_trigger: 36
2019/10/17-14:56:13.025869 7fbc2cd30700                   Options.target_file_size_base: 67108864
2019/10/17-14:56:13.025870 7fbc2cd30700             Options.target_file_size_multiplier: 1
2019/10/17-14:56:13.025870 7fbc2cd30700                Options.max_bytes_for_level_base: 268435456
2019/10/17-14:56:13.025871 7fbc2cd30700 Options.level_compaction_dynamic_level_bytes: 0
2019/10/17-14:56:13.025872 7fbc2cd30700          Options.max_bytes_for_level_multiplier: 10.000000
2019/10/17-14:56:13.025873 7fbc2cd30700 Options.max_bytes_for_level_multiplier_addtl[0]: 1
2019/10/17-14:56:13.025874 7fbc2cd30700 Options.max_bytes_for_level_multiplier_addtl[1]: 1
2019/10/17-14:56:13.025874 7fbc2cd30700 Options.max_bytes_for_level_multiplier_addtl[2]: 1
2019/10/17-14:56:13.025875 7fbc2cd30700 Options.max_bytes_for_level_multiplier_addtl[3]: 1
2019/10/17-14:56:13.025876 7fbc2cd30700 Options.max_bytes_for_level_multiplier_addtl[4]: 1
2019/10/17-14:56:13.025876 7fbc2cd30700 Options.max_bytes_for_level_multiplier_addtl[5]: 1
2019/10/17-14:56:13.025877 7fbc2cd30700 Options.max_bytes_for_level_multiplier_addtl[6]: 1
2019/10/17-14:56:13.025878 7fbc2cd30700       Options.max_sequential_skip_in_iterations: 8
2019/10/17-14:56:13.025882 7fbc2cd30700                    Options.max_compaction_bytes: 1677721600
2019/10/17-14:56:13.025882 7fbc2cd30700                        Options.arena_block_size: 8388608
2019/10/17-14:56:13.025883 7fbc2cd30700   Options.soft_pending_compaction_bytes_limit: 68719476736
2019/10/17-14:56:13.025884 7fbc2cd30700   Options.hard_pending_compaction_bytes_limit: 274877906944
2019/10/17-14:56:13.025884 7fbc2cd30700       Options.rate_limit_delay_max_milliseconds: 100
2019/10/17-14:56:13.025885 7fbc2cd30700                Options.disable_auto_compactions: 0
2019/10/17-14:56:13.025886 7fbc2cd30700                        Options.compaction_style: kCompactionStyleLevel
2019/10/17-14:56:13.025887 7fbc2cd30700                          Options.compaction_pri: kByCompensatedSize
2019/10/17-14:56:13.025887 7fbc2cd30700 Options.compaction_options_universal.size_ratio: 1
2019/10/17-14:56:13.025888 7fbc2cd30700 Options.compaction_options_universal.min_merge_width: 2
2019/10/17-14:56:13.025889 7fbc2cd30700 Options.compaction_options_universal.max_merge_width: 4294967295
2019/10/17-14:56:13.025889 7fbc2cd30700 Options.compaction_options_universal.max_size_amplification_percent: 200
2019/10/17-14:56:13.025890 7fbc2cd30700 Options.compaction_options_universal.compression_size_percent: -1
2019/10/17-14:56:13.025891 7fbc2cd30700 Options.compaction_options_universal.stop_style: kCompactionStopStyleTotalSize
2019/10/17-14:56:13.025892 7fbc2cd30700 Options.compaction_options_fifo.max_table_files_size: 1073741824
2019/10/17-14:56:13.025892 7fbc2cd30700 Options.compaction_options_fifo.allow_compaction: 0
2019/10/17-14:56:13.025893 7fbc2cd30700 Options.compaction_options_fifo.ttl: 0
2019/10/17-14:56:13.025894 7fbc2cd30700                   Options.table_properties_collectors: 
2019/10/17-14:56:13.025894 7fbc2cd30700                   Options.inplace_update_support: 0
2019/10/17-14:56:13.025895 7fbc2cd30700                 Options.inplace_update_num_locks: 10000
2019/10/17-14:56:13.025896 7fbc2cd30700               Options.memtable_prefix_bloom_size_ratio: 0.000000
2019/10/17-14:56:13.025897 7fbc2cd30700   Options.memtable_huge_page_size: 0
2019/10/17-14:56:13.025897 7fbc2cd30700                           Options.bloom_locality: 0
2019/10/17-14:56:13.025898 7fbc2cd30700                    Options.max_successive_merges: 0
2019/10/17-14:56:13.025899 7fbc2cd30700                Options.optimize_filters_for_hits: 0
2019/10/17-14:56:13.025899 7fbc2cd30700                Options.paranoid_file_checks: 0
2019/10/17-14:56:13.025900 7fbc2cd30700                Options.force_consistency_checks: 0
2019/10/17-14:56:13.025901 7fbc2cd30700                Options.report_bg_io_stats: 0
2019/10/17-14:56:13.025901 7fbc2cd30700                               Options.ttl: 0
2019/10/17-14:56:13.025915 7fbc2cd30700 [db/column_family.cc:472] --------------- Options for column family [entries]:
2019/10/17-14:56:13.025916 7fbc2cd30700               Options.comparator: leveldb.BytewiseComparator
2019/10/17-14:56:13.025917 7fbc2cd30700           Options.merge_operator: None
2019/10/17-14:56:13.025918 7fbc2cd30700        Options.compaction_filter: None
2019/10/17-14:56:13.025919 7fbc2cd30700        Options.compaction_filter_factory: None
2019/10/17-14:56:13.025919 7fbc2cd30700         Options.memtable_factory: SkipListFactory
2019/10/17-14:56:13.025920 7fbc2cd30700            Options.table_factory: BlockBasedTable
2019/10/17-14:56:13.025928 7fbc2cd30700            table_factory options:   flush_block_policy_factory: FlushBlockBySizePolicyFactory (0x7fbbb8022180)
  cache_index_and_filter_blocks: 0
  cache_index_and_filter_blocks_with_high_priority: 0
  pin_l0_filter_and_index_blocks_in_cache: 0
  pin_top_level_index_and_filter: 1
  index_type: 0
  hash_index_allow_collision: 1
  checksum: 1
  no_block_cache: 0
  block_cache: 0x7fbbb8298560
  block_cache_name: LRUCache
  block_cache_options:
    capacity : 8388608
    num_shard_bits : 4
    strict_capacity_limit : 0
    memory_allocator : None
    high_pri_pool_ratio: 0.000
  block_cache_compressed: (nil)
  persistent_cache: (nil)
  block_size: 4096
  block_size_deviation: 10
  block_restart_interval: 16
  index_block_restart_interval: 1
  metadata_block_size: 4096
  partition_filters: 0
  use_delta_encoding: 1
  filter_policy: nullptr
  whole_key_filtering: 1
  verify_compression: 0
  read_amp_bytes_per_bit: 0
  format_version: 2
  enable_index_compression: 1
  block_align: 0
2019/10/17-14:56:13.025934 7fbc2cd30700        Options.write_buffer_size: 67108864
2019/10/17-14:56:13.025935 7fbc2cd30700  Options.max_write_buffer_number: 2
2019/10/17-14:56:13.025935 7fbc2cd30700          Options.compression: NoCompression
2019/10/17-14:56:13.025936 7fbc2cd30700                  Options.bottommost_compression: Disabled
2019/10/17-14:56:13.025937 7fbc2cd30700       Options.prefix_extractor: nullptr
2019/10/17-14:56:13.025937 7fbc2cd30700   Options.memtable_insert_with_hint_prefix_extractor: nullptr
2019/10/17-14:56:13.025938 7fbc2cd30700             Options.num_levels: 7
2019/10/17-14:56:13.025939 7fbc2cd30700        Options.min_write_buffer_number_to_merge: 1
2019/10/17-14:56:13.025939 7fbc2cd30700     Options.max_write_buffer_number_to_maintain: 0
2019/10/17-14:56:13.025940 7fbc2cd30700            Options.bottommost_compression_opts.window_bits: -14
2019/10/17-14:56:13.025941 7fbc2cd30700                  Options.bottommost_compression_opts.level: 32767
2019/10/17-14:56:13.025941 7fbc2cd30700               Options.bottommost_compression_opts.strategy: 0
2019/10/17-14:56:13.025942 7fbc2cd30700         Options.bottommost_compression_opts.max_dict_bytes: 0
2019/10/17-14:56:13.025943 7fbc2cd30700         Options.bottommost_compression_opts.zstd_max_train_bytes: 0
2019/10/17-14:56:13.025943 7fbc2cd30700                  Options.bottommost_compression_opts.enabled: false
2019/10/17-14:56:13.025944 7fbc2cd30700            Options.compression_opts.window_bits: -14
2019/10/17-14:56:13.025945 7fbc2cd30700                  Options.compression_opts.level: 32767
2019/10/17-14:56:13.025945 7fbc2cd30700               Options.compression_opts.strategy: 0
2019/10/17-14:56:13.025946 7fbc2cd30700         Options.compression_opts.max_dict_bytes: 0
2019/10/17-14:56:13.025947 7fbc2cd30700         Options.compression_opts.zstd_max_train_bytes: 0
2019/10/17-14:56:13.025947 7fbc2cd30700                  Options.compression_opts.enabled: false
2019/10/17-14:56:13.025948 7fbc2cd30700      Options.level0_file_num_compaction_trigger: 4
2019/10/17-14:56:13.025948 7fbc2cd30700          Options.level0_slowdown_writes_trigger: 20
2019/10/17-14:56:13.025949 7fbc2cd30700              Options.level0_stop_writes_trigger: 36
2019/10/17-14:56:13.025950 7fbc2cd30700                   Options.target_file_size_base: 67108864
2019/10/17-14:56:13.025950 7fbc2cd30700             Options.target_file_size_multiplier: 1
2019/10/17-14:56:13.025951 7fbc2cd30700                Options.max_bytes_for_level_base: 268435456
2019/10/17-14:56:13.025952 7fbc2cd30700 Options.level_compaction_dynamic_level_bytes: 0
2019/10/17-14:56:13.025952 7fbc2cd30700          Options.max_bytes_for_level_multiplier: 10.000000
2019/10/17-14:56:13.025953 7fbc2cd30700 Options.max_bytes_for_level_multiplier_addtl[0]: 1
2019/10/17-14:56:13.025954 7fbc2cd30700 Options.max_bytes_for_level_multiplier_addtl[1]: 1
2019/10/17-14:56:13.025955 7fbc2cd30700 Options.max_bytes_for_level_multiplier_addtl[2]: 1
2019/10/17-14:56:13.025956 7fbc2cd30700 Options.max_bytes_for_level_multiplier_addtl[3]: 1
2019/10/17-14:56:13.025956 7fbc2cd30700 Options.max_bytes_for_level_multiplier_addtl[4]: 1
2019/10/17-14:56:13.025957 7fbc2cd30700 Options.max_bytes_for_level_multiplier_addtl[5]: 1
2019/10/17-14:56:13.025957 7fbc2cd30700 Options.max_bytes_for_level_multiplier_addtl[6]: 1
2019/10/17-14:56:13.025958 7fbc2cd30700       Options.max_sequential_skip_in_iterations: 8
2019/10/17-14:56:13.025959 7fbc2cd30700                    Options.max_compaction_bytes: 1677721600
2019/10/17-14:56:13.025959 7fbc2cd30700                        Options.arena_block_size: 8388608
2019/10/17-14:56:13.025960 7fbc2cd30700   Options.soft_pending_compaction_bytes_limit: 68719476736
2019/10/17-14:56:13.025964 7fbc2cd30700   Options.hard_pending_compaction_bytes_limit: 274877906944
2019/10/17-14:56:13.025965 7fbc2cd30700       Options.rate_limit_delay_max_milliseconds: 100
2019/10/17-14:56:13.025966 7fbc2cd30700                Options.disable_auto_compactions: 0
2019/10/17-14:56:13.025966 7fbc2cd30700                        Options.compaction_style: kCompactionStyleLevel
2019/10/17-14:56:13.025967 7fbc2cd30700                          Options.compaction_pri: kByCompensatedSize
2019/10/17-14:56:13.025968 7fbc2cd30700 Options.compaction_options_universal.size_ratio: 1
2019/10/17-14:56:13.025969 7fbc2cd30700 Options.compaction_options_universal.min_merge_width: 2
2019/10/17-14:56:13.025969 7fbc2cd30700 Options.compaction_options_universal.max_merge_width: 4294967295
2019/10/17-14:56:13.025970 7fbc2cd30700 Options.compaction_options_universal.max_size_amplification_percent: 200
2019/10/17-14:56:13.025971 7fbc2cd30700 Options.compaction_options_universal.compression_size_percent: -1
2019/10/17-14:56:13.025971 7fbc2cd30700 Options.compaction_options_universal.stop_style: kCompactionStopStyleTotalSize
2019/10/17-14:56:13.025972 7fbc2cd30700 Options.compaction_options_fifo.max_table_files_size: 1073741824
2019/10/17-14:56:13.025973 7fbc2cd30700 Options.compaction_options_fifo.allow_compaction: 0
2019/10/17-14:56:13.025973 7fbc2cd30700 Options.compaction_options_fifo.ttl: 0
2019/10/17-14:56:13.025974 7fbc2cd30700                   Options.table_properties_collectors: 
2019/10/17-14:56:13.025975 7fbc2cd30700                   Options.inplace_update_support: 0
2019/10/17-14:56:13.025975 7fbc2cd30700                 Options.inplace_update_num_locks: 10000
2019/10/17-14:56:13.025976 7fbc2cd30700               Options.memtable_prefix_bloom_size_ratio: 0.000000
2019/10/17-14:56:13.025977 7fbc2cd30700   Options.memtable_huge_page_size: 0
2019/10/17-14:56:13.025978 7fbc2cd30700                           Options.bloom_locality: 0
2019/10/17-14:56:13.025978 7fbc2cd30700                    Options.max_successive_merges: 0
2019/10/17-14:56:13.025979 7fbc2cd30700                Options.optimize_filters_for_hits: 0
2019/10/17-14:56:13.025980 7fbc2cd30700                Options.paranoid_file_checks: 0
2019/10/17-14:56:13.025980 7fbc2cd30700                Options.force_consistency_checks: 0
2019/10/17-14:56:13.025981 7fbc2cd30700                Options.report_bg_io_stats: 0
2019/10/17-14:56:13.025981 7fbc2cd30700                               Options.ttl: 0
2019/10/17-14:56:13.025994 7fbc2cd30700 [db/column_family.cc:472] --------------- Options for column family [dc_entries]:
2019/10/17-14:56:13.025995 7fbc2cd30700               Options.comparator: leveldb.BytewiseComparator
2019/10/17-14:56:13.025996 7fbc2cd30700           Options.merge_operator: None
2019/10/17-14:56:13.025996 7fbc2cd30700        Options.compaction_filter: None
2019/10/17-14:56:13.025997 7fbc2cd30700        Options.compaction_filter_factory: None
2019/10/17-14:56:13.025998 7fbc2cd30700         Options.memtable_factory: SkipListFactory
2019/10/17-14:56:13.025998 7fbc2cd30700            Options.table_factory: BlockBasedTable
2019/10/17-14:56:13.026007 7fbc2cd30700            table_factory options:   flush_block_policy_factory: FlushBlockBySizePolicyFactory (0x7fbbb809c6c0)
  cache_index_and_filter_blocks: 0
  cache_index_and_filter_blocks_with_high_priority: 0
  pin_l0_filter_and_index_blocks_in_cache: 0
  pin_top_level_index_and_filter: 1
  index_type: 0
  hash_index_allow_collision: 1
  checksum: 1
  no_block_cache: 0
  block_cache: 0x7fbbb802bbf0
  block_cache_name: LRUCache
  block_cache_options:
    capacity : 8388608
    num_shard_bits : 4
    strict_capacity_limit : 0
    memory_allocator : None
    high_pri_pool_ratio: 0.000
  block_cache_compressed: (nil)
  persistent_cache: (nil)
  block_size: 4096
  block_size_deviation: 10
  block_restart_interval: 16
  index_block_restart_interval: 1
  metadata_block_size: 4096
  partition_filters: 0
  use_delta_encoding: 1
  filter_policy: nullptr
  whole_key_filtering: 1
  verify_compression: 0
  read_amp_bytes_per_bit: 0
  format_version: 2
  enable_index_compression: 1
  block_align: 0
2019/10/17-14:56:13.026012 7fbc2cd30700        Options.write_buffer_size: 67108864
2019/10/17-14:56:13.026013 7fbc2cd30700  Options.max_write_buffer_number: 2
2019/10/17-14:56:13.026014 7fbc2cd30700          Options.compression: NoCompression
2019/10/17-14:56:13.026014 7fbc2cd30700                  Options.bottommost_compression: Disabled
2019/10/17-14:56:13.026015 7fbc2cd30700       Options.prefix_extractor: nullptr
2019/10/17-14:56:13.026016 7fbc2cd30700   Options.memtable_insert_with_hint_prefix_extractor: nullptr
2019/10/17-14:56:13.026016 7fbc2cd30700             Options.num_levels: 7
2019/10/17-14:56:13.026017 7fbc2cd30700        Options.min_write_buffer_number_to_merge: 1
2019/10/17-14:56:13.026018 7fbc2cd30700     Options.max_write_buffer_number_to_maintain: 0
2019/10/17-14:56:13.026018 7fbc2cd30700            Options.bottommost_compression_opts.window_bits: -14
2019/10/17-14:56:13.026019 7fbc2cd30700                  Options.bottommost_compression_opts.level: 32767
2019/10/17-14:56:13.026020 7fbc2cd30700               Options.bottommost_compression_opts.strategy: 0
2019/10/17-14:56:13.026020 7fbc2cd30700         Options.bottommost_compression_opts.max_dict_bytes: 0
2019/10/17-14:56:13.026021 7fbc2cd30700         Options.bottommost_compression_opts.zstd_max_train_bytes: 0
2019/10/17-14:56:13.026022 7fbc2cd30700                  Options.bottommost_compression_opts.enabled: false
2019/10/17-14:56:13.026022 7fbc2cd30700            Options.compression_opts.window_bits: -14
2019/10/17-14:56:13.026023 7fbc2cd30700                  Options.compression_opts.level: 32767
2019/10/17-14:56:13.026024 7fbc2cd30700               Options.compression_opts.strategy: 0
2019/10/17-14:56:13.026024 7fbc2cd30700         Options.compression_opts.max_dict_bytes: 0
2019/10/17-14:56:13.026025 7fbc2cd30700         Options.compression_opts.zstd_max_train_bytes: 0
2019/10/17-14:56:13.026025 7fbc2cd30700                  Options.compression_opts.enabled: false
2019/10/17-14:56:13.026026 7fbc2cd30700      Options.level0_file_num_compaction_trigger: 4
2019/10/17-14:56:13.026027 7fbc2cd30700          Options.level0_slowdown_writes_trigger: 20
2019/10/17-14:56:13.026027 7fbc2cd30700              Options.level0_stop_writes_trigger: 36
2019/10/17-14:56:13.026028 7fbc2cd30700                   Options.target_file_size_base: 67108864
2019/10/17-14:56:13.026029 7fbc2cd30700             Options.target_file_size_multiplier: 1
2019/10/17-14:56:13.026029 7fbc2cd30700                Options.max_bytes_for_level_base: 268435456
2019/10/17-14:56:13.026030 7fbc2cd30700 Options.level_compaction_dynamic_level_bytes: 0
2019/10/17-14:56:13.026031 7fbc2cd30700          Options.max_bytes_for_level_multiplier: 10.000000
2019/10/17-14:56:13.026032 7fbc2cd30700 Options.max_bytes_for_level_multiplier_addtl[0]: 1
2019/10/17-14:56:13.026033 7fbc2cd30700 Options.max_bytes_for_level_multiplier_addtl[1]: 1
2019/10/17-14:56:13.026033 7fbc2cd30700 Options.max_bytes_for_level_multiplier_addtl[2]: 1
2019/10/17-14:56:13.026034 7fbc2cd30700 Options.max_bytes_for_level_multiplier_addtl[3]: 1
2019/10/17-14:56:13.026035 7fbc2cd30700 Options.max_bytes_for_level_multiplier_addtl[4]: 1
2019/10/17-14:56:13.026035 7fbc2cd30700 Options.max_bytes_for_level_multiplier_addtl[5]: 1
2019/10/17-14:56:13.026036 7fbc2cd30700 Options.max_bytes_for_level_multiplier_addtl[6]: 1
2019/10/17-14:56:13.026037 7fbc2cd30700       Options.max_sequential_skip_in_iterations: 8
2019/10/17-14:56:13.026037 7fbc2cd30700                    Options.max_compaction_bytes: 1677721600
2019/10/17-14:56:13.026038 7fbc2cd30700                        Options.arena_block_size: 8388608
2019/10/17-14:56:13.026039 7fbc2cd30700   Options.soft_pending_compaction_bytes_limit: 68719476736
2019/10/17-14:56:13.026039 7fbc2cd30700   Options.hard_pending_compaction_bytes_limit: 274877906944
2019/10/17-14:56:13.026040 7fbc2cd30700       Options.rate_limit_delay_max_milliseconds: 100
2019/10/17-14:56:13.026041 7fbc2cd30700                Options.disable_auto_compactions: 0
2019/10/17-14:56:13.026044 7fbc2cd30700                        Options.compaction_style: kCompactionStyleLevel
2019/10/17-14:56:13.026045 7fbc2cd30700                          Options.compaction_pri: kByCompensatedSize
2019/10/17-14:56:13.026046 7fbc2cd30700 Options.compaction_options_universal.size_ratio: 1
2019/10/17-14:56:13.026047 7fbc2cd30700 Options.compaction_options_universal.min_merge_width: 2
2019/10/17-14:56:13.026047 7fbc2cd30700 Options.compaction_options_universal.max_merge_width: 4294967295
2019/10/17-14:56:13.026048 7fbc2cd30700 Options.compaction_options_universal.max_size_amplification_percent: 200
2019/10/17-14:56:13.026049 7fbc2cd30700 Options.compaction_options_universal.compression_size_percent: -1
2019/10/17-14:56:13.026049 7fbc2cd30700 Options.compaction_options_universal.stop_style: kCompactionStopStyleTotalSize
2019/10/17-14:56:13.026050 7fbc2cd30700 Options.compaction_options_fifo.max_table_files_size: 1073741824
2019/10/17-14:56:13.026051 7fbc2cd30700 Options.compaction_options_fifo.allow_compaction: 0
2019/10/17-14:56:13.026051 7fbc2cd30700 Options.compaction_options_fifo.ttl: 0
2019/10/17-14:56:13.026052 7fbc2cd30700                   Options.table_properties_collectors: 
2019/10/17-14:56:13.026053 7fbc2cd30700                   Options.inplace_update_support: 0
2019/10/17-14:56:13.026053 7fbc2cd30700                 Options.inplace_update_num_locks: 10000
2019/10/17-14:56:13.026054 7fbc2cd30700               Options.memtable_prefix_bloom_size_ratio: 0.000000
2019/10/17-14:56:13.026055 7fbc2cd30700   Options.memtable_huge_page_size: 0
2019/10/17-14:56:13.026056 7fbc2cd30700                           Options.bloom_locality: 0
2019/10/17-14:56:13.026056 7fbc2cd30700                    Options.max_successive_merges: 0
2019/10/17-14:56:13.026057 7fbc2cd30700                Options.optimize_filters_for_hits: 0
2019/10/17-14:56:13.026058 7fbc2cd30700                Options.paranoid_file_checks: 0
2019/10/17-14:56:13.026058 7fbc2cd30700                Options.force_consistency_checks: 0
2019/10/17-14:56:13.026059 7fbc2cd30700                Options.report_bg_io_stats: 0
2019/10/17-14:56:13.026060 7fbc2cd30700                               Options.ttl: 0
2019/10/17-14:56:13.026070 7fbc2cd30700 [db/column_family.cc:472] --------------- Options for column family [htlcs]:
2019/10/17-14:56:13.026071 7fbc2cd30700               Options.comparator: leveldb.BytewiseComparator
2019/10/17-14:56:13.026071 7fbc2cd30700           Options.merge_operator: None
2019/10/17-14:56:13.026072 7fbc2cd30700        Options.compaction_filter: None
2019/10/17-14:56:13.026073 7fbc2cd30700        Options.compaction_filter_factory: None
2019/10/17-14:56:13.026073 7fbc2cd30700         Options.memtable_factory: SkipListFactory
2019/10/17-14:56:13.026074 7fbc2cd30700            Options.table_factory: BlockBasedTable
2019/10/17-14:56:13.026082 7fbc2cd30700            table_factory options:   flush_block_policy_factory: FlushBlockBySizePolicyFactory (0x7fbbb8061c80)
