2019/10/17-14:54:16.428098 7fc3a9fcb700 RocksDB version: 5.18.3
2019/10/17-14:54:16.428118 7fc3a9fcb700 Git sha rocksdb_build_git_sha:@0@
2019/10/17-14:54:16.428120 7fc3a9fcb700 Compile date Sep 19 2019
2019/10/17-14:54:16.428121 7fc3a9fcb700 DB SUMMARY
2019/10/17-14:54:16.428668 7fc3a9fcb700 CURRENT file:  CURRENT
2019/10/17-14:54:16.428670 7fc3a9fcb700 IDENTITY file:  IDENTITY
2019/10/17-14:54:16.428692 7fc3a9fcb700 MANIFEST file:  MANIFEST-114958 size: 4114 Bytes
2019/10/17-14:54:16.428693 7fc3a9fcb700 SST files in /home/rahul/dev/blockchain-core/eqc/ledger.db dir, Total Num: 29, files: 000624.sst 000627.sst 106940.sst 108447.sst 108450.sst 109471.sst 109483.sst 109485.sst 109486.sst 
2019/10/17-14:54:16.428694 7fc3a9fcb700 Write Ahead Log file in /home/rahul/dev/blockchain-core/eqc/ledger.db: 114959.log size: 0 ; 
2019/10/17-14:54:16.428720 7fc3a9fcb700                         Options.error_if_exists: 0
2019/10/17-14:54:16.428721 7fc3a9fcb700                       Options.create_if_missing: 1
2019/10/17-14:54:16.428721 7fc3a9fcb700                         Options.paranoid_checks: 1
2019/10/17-14:54:16.428722 7fc3a9fcb700                                     Options.env: 0x7fc32ae1fc60
2019/10/17-14:54:16.428722 7fc3a9fcb700                                Options.info_log: 0x7fc35006ce90
2019/10/17-14:54:16.428723 7fc3a9fcb700                Options.max_file_opening_threads: 16
2019/10/17-14:54:16.428724 7fc3a9fcb700                              Options.statistics: (nil)
2019/10/17-14:54:16.428724 7fc3a9fcb700                               Options.use_fsync: 0
2019/10/17-14:54:16.428725 7fc3a9fcb700                       Options.max_log_file_size: 0
2019/10/17-14:54:16.428726 7fc3a9fcb700                  Options.max_manifest_file_size: 1073741824
2019/10/17-14:54:16.428726 7fc3a9fcb700                   Options.log_file_time_to_roll: 0
2019/10/17-14:54:16.428727 7fc3a9fcb700                       Options.keep_log_file_num: 1000
2019/10/17-14:54:16.428728 7fc3a9fcb700                    Options.recycle_log_file_num: 0
2019/10/17-14:54:16.428728 7fc3a9fcb700                         Options.allow_fallocate: 1
2019/10/17-14:54:16.428729 7fc3a9fcb700                        Options.allow_mmap_reads: 0
2019/10/17-14:54:16.428729 7fc3a9fcb700                       Options.allow_mmap_writes: 0
2019/10/17-14:54:16.428730 7fc3a9fcb700                        Options.use_direct_reads: 0
2019/10/17-14:54:16.428730 7fc3a9fcb700                        Options.use_direct_io_for_flush_and_compaction: 0
2019/10/17-14:54:16.428731 7fc3a9fcb700          Options.create_missing_column_families: 0
2019/10/17-14:54:16.428731 7fc3a9fcb700                              Options.db_log_dir: 
2019/10/17-14:54:16.428732 7fc3a9fcb700                                 Options.wal_dir: /home/rahul/dev/blockchain-core/eqc/ledger.db
2019/10/17-14:54:16.428733 7fc3a9fcb700                Options.table_cache_numshardbits: 6
2019/10/17-14:54:16.428733 7fc3a9fcb700                      Options.max_subcompactions: 1
2019/10/17-14:54:16.428734 7fc3a9fcb700                  Options.max_background_flushes: -1
2019/10/17-14:54:16.428734 7fc3a9fcb700                         Options.WAL_ttl_seconds: 0
2019/10/17-14:54:16.428735 7fc3a9fcb700                       Options.WAL_size_limit_MB: 0
2019/10/17-14:54:16.428736 7fc3a9fcb700             Options.manifest_preallocation_size: 4194304
2019/10/17-14:54:16.428736 7fc3a9fcb700                     Options.is_fd_close_on_exec: 1
2019/10/17-14:54:16.428737 7fc3a9fcb700                   Options.advise_random_on_open: 1
2019/10/17-14:54:16.428737 7fc3a9fcb700                    Options.db_write_buffer_size: 0
2019/10/17-14:54:16.428738 7fc3a9fcb700                    Options.write_buffer_manager: 0x7fc350025330
2019/10/17-14:54:16.428738 7fc3a9fcb700         Options.access_hint_on_compaction_start: 1
2019/10/17-14:54:16.428739 7fc3a9fcb700  Options.new_table_reader_for_compaction_inputs: 0
2019/10/17-14:54:16.428740 7fc3a9fcb700           Options.random_access_max_buffer_size: 1048576
2019/10/17-14:54:16.428740 7fc3a9fcb700                      Options.use_adaptive_mutex: 0
2019/10/17-14:54:16.428741 7fc3a9fcb700                            Options.rate_limiter: (nil)
2019/10/17-14:54:16.428748 7fc3a9fcb700     Options.sst_file_manager.rate_bytes_per_sec: 0
2019/10/17-14:54:16.428748 7fc3a9fcb700                       Options.wal_recovery_mode: 2
2019/10/17-14:54:16.428749 7fc3a9fcb700                  Options.enable_thread_tracking: 0
2019/10/17-14:54:16.428749 7fc3a9fcb700                  Options.enable_pipelined_write: 0
2019/10/17-14:54:16.428750 7fc3a9fcb700         Options.allow_concurrent_memtable_write: 1
2019/10/17-14:54:16.428750 7fc3a9fcb700      Options.enable_write_thread_adaptive_yield: 1
2019/10/17-14:54:16.428751 7fc3a9fcb700             Options.write_thread_max_yield_usec: 100
2019/10/17-14:54:16.428752 7fc3a9fcb700            Options.write_thread_slow_yield_usec: 3
2019/10/17-14:54:16.428752 7fc3a9fcb700                               Options.row_cache: None
2019/10/17-14:54:16.428753 7fc3a9fcb700                              Options.wal_filter: None
2019/10/17-14:54:16.428754 7fc3a9fcb700             Options.avoid_flush_during_recovery: 0
2019/10/17-14:54:16.428754 7fc3a9fcb700             Options.allow_ingest_behind: 0
2019/10/17-14:54:16.428755 7fc3a9fcb700             Options.preserve_deletes: 0
2019/10/17-14:54:16.428755 7fc3a9fcb700             Options.two_write_queues: 0
2019/10/17-14:54:16.428756 7fc3a9fcb700             Options.manual_wal_flush: 0
2019/10/17-14:54:16.428756 7fc3a9fcb700             Options.max_background_jobs: 2
2019/10/17-14:54:16.428757 7fc3a9fcb700             Options.max_background_compactions: -1
2019/10/17-14:54:16.428758 7fc3a9fcb700             Options.avoid_flush_during_shutdown: 0
2019/10/17-14:54:16.428758 7fc3a9fcb700           Options.writable_file_max_buffer_size: 1048576
2019/10/17-14:54:16.428759 7fc3a9fcb700             Options.delayed_write_rate : 16777216
2019/10/17-14:54:16.428759 7fc3a9fcb700             Options.max_total_wal_size: 0
2019/10/17-14:54:16.428760 7fc3a9fcb700             Options.delete_obsolete_files_period_micros: 21600000000
2019/10/17-14:54:16.428760 7fc3a9fcb700                   Options.stats_dump_period_sec: 600
2019/10/17-14:54:16.428761 7fc3a9fcb700                          Options.max_open_files: -1
2019/10/17-14:54:16.428762 7fc3a9fcb700                          Options.bytes_per_sync: 0
2019/10/17-14:54:16.428762 7fc3a9fcb700                      Options.wal_bytes_per_sync: 0
2019/10/17-14:54:16.428763 7fc3a9fcb700       Options.compaction_readahead_size: 0
2019/10/17-14:54:16.428763 7fc3a9fcb700 Compression algorithms supported:
2019/10/17-14:54:16.428764 7fc3a9fcb700 	kZSTDNotFinalCompression supported: 0
2019/10/17-14:54:16.428765 7fc3a9fcb700 	kZSTD supported: 0
2019/10/17-14:54:16.428766 7fc3a9fcb700 	kXpressCompression supported: 0
2019/10/17-14:54:16.428766 7fc3a9fcb700 	kLZ4HCCompression supported: 0
2019/10/17-14:54:16.428767 7fc3a9fcb700 	kLZ4Compression supported: 0
2019/10/17-14:54:16.428767 7fc3a9fcb700 	kBZip2Compression supported: 0
2019/10/17-14:54:16.428768 7fc3a9fcb700 	kZlibCompression supported: 0
2019/10/17-14:54:16.428769 7fc3a9fcb700 	kSnappyCompression supported: 0
2019/10/17-14:54:16.428770 7fc3a9fcb700 Fast CRC32 supported: Supported on x86
2019/10/17-14:54:16.428841 7fc3a9fcb700 [db/version_set.cc:3507] Recovering from manifest file: MANIFEST-114958
2019/10/17-14:54:16.428866 7fc3a9fcb700 [db/column_family.cc:472] --------------- Options for column family [default]:
2019/10/17-14:54:16.428867 7fc3a9fcb700               Options.comparator: leveldb.BytewiseComparator
2019/10/17-14:54:16.428868 7fc3a9fcb700           Options.merge_operator: None
2019/10/17-14:54:16.428868 7fc3a9fcb700        Options.compaction_filter: None
2019/10/17-14:54:16.428869 7fc3a9fcb700        Options.compaction_filter_factory: None
2019/10/17-14:54:16.428870 7fc3a9fcb700         Options.memtable_factory: SkipListFactory
2019/10/17-14:54:16.428870 7fc3a9fcb700            Options.table_factory: BlockBasedTable
2019/10/17-14:54:16.428881 7fc3a9fcb700            table_factory options:   flush_block_policy_factory: FlushBlockBySizePolicyFactory (0x7fc3500a2b10)
  cache_index_and_filter_blocks: 0
  cache_index_and_filter_blocks_with_high_priority: 0
  pin_l0_filter_and_index_blocks_in_cache: 0
  pin_top_level_index_and_filter: 1
  index_type: 0
  hash_index_allow_collision: 1
  checksum: 1
  no_block_cache: 0
  block_cache: 0x7fc3500ea910
  block_cache_name: LRUCache
  block_cache_options:
    capacity : 8388608
    num_shard_bits : 4
    strict_capacity_limit : 0
    memory_allocator : None
    high_pri_pool_ratio: 0.000
  block_cache_compressed: (nil)
  persistent_cache: (nil)
  block_size: 4096
  block_size_deviation: 10
  block_restart_interval: 16
  index_block_restart_interval: 1
  metadata_block_size: 4096
  partition_filters: 0
  use_delta_encoding: 1
  filter_policy: nullptr
  whole_key_filtering: 1
  verify_compression: 0
  read_amp_bytes_per_bit: 0
  format_version: 2
  enable_index_compression: 1
  block_align: 0
2019/10/17-14:54:16.428887 7fc3a9fcb700        Options.write_buffer_size: 67108864
2019/10/17-14:54:16.428888 7fc3a9fcb700  Options.max_write_buffer_number: 2
2019/10/17-14:54:16.428889 7fc3a9fcb700          Options.compression: NoCompression
2019/10/17-14:54:16.428890 7fc3a9fcb700                  Options.bottommost_compression: Disabled
2019/10/17-14:54:16.428890 7fc3a9fcb700       Options.prefix_extractor: nullptr
2019/10/17-14:54:16.428891 7fc3a9fcb700   Options.memtable_insert_with_hint_prefix_extractor: nullptr
2019/10/17-14:54:16.428891 7fc3a9fcb700             Options.num_levels: 7
2019/10/17-14:54:16.428892 7fc3a9fcb700        Options.min_write_buffer_number_to_merge: 1
2019/10/17-14:54:16.428892 7fc3a9fcb700     Options.max_write_buffer_number_to_maintain: 0
2019/10/17-14:54:16.428893 7fc3a9fcb700            Options.bottommost_compression_opts.window_bits: -14
2019/10/17-14:54:16.428894 7fc3a9fcb700                  Options.bottommost_compression_opts.level: 32767
2019/10/17-14:54:16.428894 7fc3a9fcb700               Options.bottommost_compression_opts.strategy: 0
2019/10/17-14:54:16.428895 7fc3a9fcb700         Options.bottommost_compression_opts.max_dict_bytes: 0
2019/10/17-14:54:16.428895 7fc3a9fcb700         Options.bottommost_compression_opts.zstd_max_train_bytes: 0
2019/10/17-14:54:16.428896 7fc3a9fcb700                  Options.bottommost_compression_opts.enabled: false
2019/10/17-14:54:16.428896 7fc3a9fcb700            Options.compression_opts.window_bits: -14
2019/10/17-14:54:16.428897 7fc3a9fcb700                  Options.compression_opts.level: 32767
2019/10/17-14:54:16.428898 7fc3a9fcb700               Options.compression_opts.strategy: 0
2019/10/17-14:54:16.428898 7fc3a9fcb700         Options.compression_opts.max_dict_bytes: 0
2019/10/17-14:54:16.428899 7fc3a9fcb700         Options.compression_opts.zstd_max_train_bytes: 0
2019/10/17-14:54:16.428899 7fc3a9fcb700                  Options.compression_opts.enabled: false
2019/10/17-14:54:16.428900 7fc3a9fcb700      Options.level0_file_num_compaction_trigger: 4
2019/10/17-14:54:16.428900 7fc3a9fcb700          Options.level0_slowdown_writes_trigger: 20
2019/10/17-14:54:16.428901 7fc3a9fcb700              Options.level0_stop_writes_trigger: 36
2019/10/17-14:54:16.428902 7fc3a9fcb700                   Options.target_file_size_base: 67108864
2019/10/17-14:54:16.428902 7fc3a9fcb700             Options.target_file_size_multiplier: 1
2019/10/17-14:54:16.428903 7fc3a9fcb700                Options.max_bytes_for_level_base: 268435456
2019/10/17-14:54:16.428903 7fc3a9fcb700 Options.level_compaction_dynamic_level_bytes: 0
2019/10/17-14:54:16.428904 7fc3a9fcb700          Options.max_bytes_for_level_multiplier: 10.000000
2019/10/17-14:54:16.428905 7fc3a9fcb700 Options.max_bytes_for_level_multiplier_addtl[0]: 1
2019/10/17-14:54:16.428906 7fc3a9fcb700 Options.max_bytes_for_level_multiplier_addtl[1]: 1
2019/10/17-14:54:16.428906 7fc3a9fcb700 Options.max_bytes_for_level_multiplier_addtl[2]: 1
2019/10/17-14:54:16.428907 7fc3a9fcb700 Options.max_bytes_for_level_multiplier_addtl[3]: 1
2019/10/17-14:54:16.428908 7fc3a9fcb700 Options.max_bytes_for_level_multiplier_addtl[4]: 1
2019/10/17-14:54:16.428911 7fc3a9fcb700 Options.max_bytes_for_level_multiplier_addtl[5]: 1
2019/10/17-14:54:16.428912 7fc3a9fcb700 Options.max_bytes_for_level_multiplier_addtl[6]: 1
2019/10/17-14:54:16.428912 7fc3a9fcb700       Options.max_sequential_skip_in_iterations: 8
2019/10/17-14:54:16.428913 7fc3a9fcb700                    Options.max_compaction_bytes: 1677721600
2019/10/17-14:54:16.428913 7fc3a9fcb700                        Options.arena_block_size: 8388608
2019/10/17-14:54:16.428914 7fc3a9fcb700   Options.soft_pending_compaction_bytes_limit: 68719476736
2019/10/17-14:54:16.428915 7fc3a9fcb700   Options.hard_pending_compaction_bytes_limit: 274877906944
2019/10/17-14:54:16.428915 7fc3a9fcb700       Options.rate_limit_delay_max_milliseconds: 100
2019/10/17-14:54:16.428916 7fc3a9fcb700                Options.disable_auto_compactions: 0
2019/10/17-14:54:16.428917 7fc3a9fcb700                        Options.compaction_style: kCompactionStyleLevel
2019/10/17-14:54:16.428918 7fc3a9fcb700                          Options.compaction_pri: kByCompensatedSize
2019/10/17-14:54:16.428918 7fc3a9fcb700 Options.compaction_options_universal.size_ratio: 1
2019/10/17-14:54:16.428919 7fc3a9fcb700 Options.compaction_options_universal.min_merge_width: 2
2019/10/17-14:54:16.428920 7fc3a9fcb700 Options.compaction_options_universal.max_merge_width: 4294967295
2019/10/17-14:54:16.428920 7fc3a9fcb700 Options.compaction_options_universal.max_size_amplification_percent: 200
2019/10/17-14:54:16.428921 7fc3a9fcb700 Options.compaction_options_universal.compression_size_percent: -1
2019/10/17-14:54:16.428922 7fc3a9fcb700 Options.compaction_options_universal.stop_style: kCompactionStopStyleTotalSize
2019/10/17-14:54:16.428922 7fc3a9fcb700 Options.compaction_options_fifo.max_table_files_size: 1073741824
2019/10/17-14:54:16.428923 7fc3a9fcb700 Options.compaction_options_fifo.allow_compaction: 0
2019/10/17-14:54:16.428923 7fc3a9fcb700 Options.compaction_options_fifo.ttl: 0
2019/10/17-14:54:16.428924 7fc3a9fcb700                   Options.table_properties_collectors: 
2019/10/17-14:54:16.428924 7fc3a9fcb700                   Options.inplace_update_support: 0
2019/10/17-14:54:16.428925 7fc3a9fcb700                 Options.inplace_update_num_locks: 10000
2019/10/17-14:54:16.428926 7fc3a9fcb700               Options.memtable_prefix_bloom_size_ratio: 0.000000
2019/10/17-14:54:16.428926 7fc3a9fcb700   Options.memtable_huge_page_size: 0
2019/10/17-14:54:16.428927 7fc3a9fcb700                           Options.bloom_locality: 0
2019/10/17-14:54:16.428928 7fc3a9fcb700                    Options.max_successive_merges: 0
2019/10/17-14:54:16.428928 7fc3a9fcb700                Options.optimize_filters_for_hits: 0
2019/10/17-14:54:16.428929 7fc3a9fcb700                Options.paranoid_file_checks: 0
2019/10/17-14:54:16.428929 7fc3a9fcb700                Options.force_consistency_checks: 0
2019/10/17-14:54:16.428930 7fc3a9fcb700                Options.report_bg_io_stats: 0
2019/10/17-14:54:16.428930 7fc3a9fcb700                               Options.ttl: 0
2019/10/17-14:54:16.428952 7fc3a9fcb700 [db/column_family.cc:472] --------------- Options for column family [active_gateways]:
2019/10/17-14:54:16.428954 7fc3a9fcb700               Options.comparator: leveldb.BytewiseComparator
2019/10/17-14:54:16.428954 7fc3a9fcb700           Options.merge_operator: None
2019/10/17-14:54:16.428955 7fc3a9fcb700        Options.compaction_filter: None
2019/10/17-14:54:16.428955 7fc3a9fcb700        Options.compaction_filter_factory: None
2019/10/17-14:54:16.428956 7fc3a9fcb700         Options.memtable_factory: SkipListFactory
2019/10/17-14:54:16.428957 7fc3a9fcb700            Options.table_factory: BlockBasedTable
2019/10/17-14:54:16.428964 7fc3a9fcb700            table_factory options:   flush_block_policy_factory: FlushBlockBySizePolicyFactory (0x7fc35007a1f0)
  cache_index_and_filter_blocks: 0
  cache_index_and_filter_blocks_with_high_priority: 0
  pin_l0_filter_and_index_blocks_in_cache: 0
  pin_top_level_index_and_filter: 1
  index_type: 0
  hash_index_allow_collision: 1
  checksum: 1
  no_block_cache: 0
  block_cache: 0x7fc350094cc0
  block_cache_name: LRUCache
  block_cache_options:
    capacity : 8388608
    num_shard_bits : 4
    strict_capacity_limit : 0
    memory_allocator : None
    high_pri_pool_ratio: 0.000
  block_cache_compressed: (nil)
  persistent_cache: (nil)
  block_size: 4096
  block_size_deviation: 10
  block_restart_interval: 16
  index_block_restart_interval: 1
  metadata_block_size: 4096
  partition_filters: 0
  use_delta_encoding: 1
  filter_policy: nullptr
  whole_key_filtering: 1
  verify_compression: 0
  read_amp_bytes_per_bit: 0
  format_version: 2
  enable_index_compression: 1
  block_align: 0
2019/10/17-14:54:16.428969 7fc3a9fcb700        Options.write_buffer_size: 67108864
2019/10/17-14:54:16.428970 7fc3a9fcb700  Options.max_write_buffer_number: 2
2019/10/17-14:54:16.428970 7fc3a9fcb700          Options.compression: NoCompression
2019/10/17-14:54:16.428971 7fc3a9fcb700                  Options.bottommost_compression: Disabled
2019/10/17-14:54:16.428971 7fc3a9fcb700       Options.prefix_extractor: nullptr
2019/10/17-14:54:16.428972 7fc3a9fcb700   Options.memtable_insert_with_hint_prefix_extractor: nullptr
2019/10/17-14:54:16.428973 7fc3a9fcb700             Options.num_levels: 7
2019/10/17-14:54:16.428973 7fc3a9fcb700        Options.min_write_buffer_number_to_merge: 1
2019/10/17-14:54:16.428974 7fc3a9fcb700     Options.max_write_buffer_number_to_maintain: 0
2019/10/17-14:54:16.428974 7fc3a9fcb700            Options.bottommost_compression_opts.window_bits: -14
2019/10/17-14:54:16.428975 7fc3a9fcb700                  Options.bottommost_compression_opts.level: 32767
2019/10/17-14:54:16.428975 7fc3a9fcb700               Options.bottommost_compression_opts.strategy: 0
2019/10/17-14:54:16.428976 7fc3a9fcb700         Options.bottommost_compression_opts.max_dict_bytes: 0
2019/10/17-14:54:16.428976 7fc3a9fcb700         Options.bottommost_compression_opts.zstd_max_train_bytes: 0
2019/10/17-14:54:16.428977 7fc3a9fcb700                  Options.bottommost_compression_opts.enabled: false
2019/10/17-14:54:16.428978 7fc3a9fcb700            Options.compression_opts.window_bits: -14
2019/10/17-14:54:16.428978 7fc3a9fcb700                  Options.compression_opts.level: 32767
2019/10/17-14:54:16.428979 7fc3a9fcb700               Options.compression_opts.strategy: 0
2019/10/17-14:54:16.428979 7fc3a9fcb700         Options.compression_opts.max_dict_bytes: 0
2019/10/17-14:54:16.428980 7fc3a9fcb700         Options.compression_opts.zstd_max_train_bytes: 0
2019/10/17-14:54:16.428980 7fc3a9fcb700                  Options.compression_opts.enabled: false
2019/10/17-14:54:16.428981 7fc3a9fcb700      Options.level0_file_num_compaction_trigger: 4
2019/10/17-14:54:16.428981 7fc3a9fcb700          Options.level0_slowdown_writes_trigger: 20
2019/10/17-14:54:16.428982 7fc3a9fcb700              Options.level0_stop_writes_trigger: 36
2019/10/17-14:54:16.428983 7fc3a9fcb700                   Options.target_file_size_base: 67108864
2019/10/17-14:54:16.428983 7fc3a9fcb700             Options.target_file_size_multiplier: 1
2019/10/17-14:54:16.428984 7fc3a9fcb700                Options.max_bytes_for_level_base: 268435456
2019/10/17-14:54:16.428984 7fc3a9fcb700 Options.level_compaction_dynamic_level_bytes: 0
2019/10/17-14:54:16.428985 7fc3a9fcb700          Options.max_bytes_for_level_multiplier: 10.000000
2019/10/17-14:54:16.428986 7fc3a9fcb700 Options.max_bytes_for_level_multiplier_addtl[0]: 1
2019/10/17-14:54:16.428987 7fc3a9fcb700 Options.max_bytes_for_level_multiplier_addtl[1]: 1
2019/10/17-14:54:16.428987 7fc3a9fcb700 Options.max_bytes_for_level_multiplier_addtl[2]: 1
2019/10/17-14:54:16.428988 7fc3a9fcb700 Options.max_bytes_for_level_multiplier_addtl[3]: 1
2019/10/17-14:54:16.428988 7fc3a9fcb700 Options.max_bytes_for_level_multiplier_addtl[4]: 1
2019/10/17-14:54:16.428989 7fc3a9fcb700 Options.max_bytes_for_level_multiplier_addtl[5]: 1
2019/10/17-14:54:16.428989 7fc3a9fcb700 Options.max_bytes_for_level_multiplier_addtl[6]: 1
2019/10/17-14:54:16.428990 7fc3a9fcb700       Options.max_sequential_skip_in_iterations: 8
2019/10/17-14:54:16.428993 7fc3a9fcb700                    Options.max_compaction_bytes: 1677721600
2019/10/17-14:54:16.428994 7fc3a9fcb700                        Options.arena_block_size: 8388608
2019/10/17-14:54:16.428994 7fc3a9fcb700   Options.soft_pending_compaction_bytes_limit: 68719476736
2019/10/17-14:54:16.428995 7fc3a9fcb700   Options.hard_pending_compaction_bytes_limit: 274877906944
2019/10/17-14:54:16.428996 7fc3a9fcb700       Options.rate_limit_delay_max_milliseconds: 100
2019/10/17-14:54:16.428996 7fc3a9fcb700                Options.disable_auto_compactions: 0
2019/10/17-14:54:16.428997 7fc3a9fcb700                        Options.compaction_style: kCompactionStyleLevel
2019/10/17-14:54:16.428998 7fc3a9fcb700                          Options.compaction_pri: kByCompensatedSize
2019/10/17-14:54:16.428998 7fc3a9fcb700 Options.compaction_options_universal.size_ratio: 1
2019/10/17-14:54:16.428999 7fc3a9fcb700 Options.compaction_options_universal.min_merge_width: 2
2019/10/17-14:54:16.428999 7fc3a9fcb700 Options.compaction_options_universal.max_merge_width: 4294967295
2019/10/17-14:54:16.429000 7fc3a9fcb700 Options.compaction_options_universal.max_size_amplification_percent: 200
2019/10/17-14:54:16.429001 7fc3a9fcb700 Options.compaction_options_universal.compression_size_percent: -1
2019/10/17-14:54:16.429001 7fc3a9fcb700 Options.compaction_options_universal.stop_style: kCompactionStopStyleTotalSize
2019/10/17-14:54:16.429002 7fc3a9fcb700 Options.compaction_options_fifo.max_table_files_size: 1073741824
2019/10/17-14:54:16.429002 7fc3a9fcb700 Options.compaction_options_fifo.allow_compaction: 0
2019/10/17-14:54:16.429003 7fc3a9fcb700 Options.compaction_options_fifo.ttl: 0
2019/10/17-14:54:16.429003 7fc3a9fcb700                   Options.table_properties_collectors: 
2019/10/17-14:54:16.429004 7fc3a9fcb700                   Options.inplace_update_support: 0
2019/10/17-14:54:16.429005 7fc3a9fcb700                 Options.inplace_update_num_locks: 10000
2019/10/17-14:54:16.429005 7fc3a9fcb700               Options.memtable_prefix_bloom_size_ratio: 0.000000
2019/10/17-14:54:16.429006 7fc3a9fcb700   Options.memtable_huge_page_size: 0
2019/10/17-14:54:16.429007 7fc3a9fcb700                           Options.bloom_locality: 0
2019/10/17-14:54:16.429007 7fc3a9fcb700                    Options.max_successive_merges: 0
2019/10/17-14:54:16.429008 7fc3a9fcb700                Options.optimize_filters_for_hits: 0
2019/10/17-14:54:16.429008 7fc3a9fcb700                Options.paranoid_file_checks: 0
2019/10/17-14:54:16.429009 7fc3a9fcb700                Options.force_consistency_checks: 0
2019/10/17-14:54:16.429009 7fc3a9fcb700                Options.report_bg_io_stats: 0
2019/10/17-14:54:16.429010 7fc3a9fcb700                               Options.ttl: 0
2019/10/17-14:54:16.429022 7fc3a9fcb700 [db/column_family.cc:472] --------------- Options for column family [entries]:
2019/10/17-14:54:16.429023 7fc3a9fcb700               Options.comparator: leveldb.BytewiseComparator
2019/10/17-14:54:16.429023 7fc3a9fcb700           Options.merge_operator: None
2019/10/17-14:54:16.429024 7fc3a9fcb700        Options.compaction_filter: None
2019/10/17-14:54:16.429024 7fc3a9fcb700        Options.compaction_filter_factory: None
2019/10/17-14:54:16.429025 7fc3a9fcb700         Options.memtable_factory: SkipListFactory
2019/10/17-14:54:16.429026 7fc3a9fcb700            Options.table_factory: BlockBasedTable
2019/10/17-14:54:16.429033 7fc3a9fcb700            table_factory options:   flush_block_policy_factory: FlushBlockBySizePolicyFactory (0x7fc3500a14f0)
  cache_index_and_filter_blocks: 0
  cache_index_and_filter_blocks_with_high_priority: 0
  pin_l0_filter_and_index_blocks_in_cache: 0
  pin_top_level_index_and_filter: 1
  index_type: 0
  hash_index_allow_collision: 1
  checksum: 1
  no_block_cache: 0
  block_cache: 0x7fc35007cb50
  block_cache_name: LRUCache
  block_cache_options:
    capacity : 8388608
    num_shard_bits : 4
    strict_capacity_limit : 0
    memory_allocator : None
    high_pri_pool_ratio: 0.000
  block_cache_compressed: (nil)
  persistent_cache: (nil)
  block_size: 4096
  block_size_deviation: 10
  block_restart_interval: 16
  index_block_restart_interval: 1
  metadata_block_size: 4096
  partition_filters: 0
  use_delta_encoding: 1
  filter_policy: nullptr
  whole_key_filtering: 1
  verify_compression: 0
  read_amp_bytes_per_bit: 0
  format_version: 2
  enable_index_compression: 1
  block_align: 0
2019/10/17-14:54:16.429037 7fc3a9fcb700        Options.write_buffer_size: 67108864
2019/10/17-14:54:16.429038 7fc3a9fcb700  Options.max_write_buffer_number: 2
2019/10/17-14:54:16.429038 7fc3a9fcb700          Options.compression: NoCompression
2019/10/17-14:54:16.429039 7fc3a9fcb700                  Options.bottommost_compression: Disabled
2019/10/17-14:54:16.429039 7fc3a9fcb700       Options.prefix_extractor: nullptr
2019/10/17-14:54:16.429040 7fc3a9fcb700   Options.memtable_insert_with_hint_prefix_extractor: nullptr
2019/10/17-14:54:16.429040 7fc3a9fcb700             Options.num_levels: 7
2019/10/17-14:54:16.429041 7fc3a9fcb700        Options.min_write_buffer_number_to_merge: 1
2019/10/17-14:54:16.429042 7fc3a9fcb700     Options.max_write_buffer_number_to_maintain: 0
2019/10/17-14:54:16.429042 7fc3a9fcb700            Options.bottommost_compression_opts.window_bits: -14
2019/10/17-14:54:16.429043 7fc3a9fcb700                  Options.bottommost_compression_opts.level: 32767
2019/10/17-14:54:16.429043 7fc3a9fcb700               Options.bottommost_compression_opts.strategy: 0
2019/10/17-14:54:16.429044 7fc3a9fcb700         Options.bottommost_compression_opts.max_dict_bytes: 0
2019/10/17-14:54:16.429044 7fc3a9fcb700         Options.bottommost_compression_opts.zstd_max_train_bytes: 0
2019/10/17-14:54:16.429045 7fc3a9fcb700                  Options.bottommost_compression_opts.enabled: false
2019/10/17-14:54:16.429045 7fc3a9fcb700            Options.compression_opts.window_bits: -14
2019/10/17-14:54:16.429046 7fc3a9fcb700                  Options.compression_opts.level: 32767
2019/10/17-14:54:16.429046 7fc3a9fcb700               Options.compression_opts.strategy: 0
2019/10/17-14:54:16.429047 7fc3a9fcb700         Options.compression_opts.max_dict_bytes: 0
2019/10/17-14:54:16.429048 7fc3a9fcb700         Options.compression_opts.zstd_max_train_bytes: 0
2019/10/17-14:54:16.429048 7fc3a9fcb700                  Options.compression_opts.enabled: false
2019/10/17-14:54:16.429049 7fc3a9fcb700      Options.level0_file_num_compaction_trigger: 4
2019/10/17-14:54:16.429049 7fc3a9fcb700          Options.level0_slowdown_writes_trigger: 20
2019/10/17-14:54:16.429050 7fc3a9fcb700              Options.level0_stop_writes_trigger: 36
2019/10/17-14:54:16.429050 7fc3a9fcb700                   Options.target_file_size_base: 67108864
2019/10/17-14:54:16.429051 7fc3a9fcb700             Options.target_file_size_multiplier: 1
2019/10/17-14:54:16.429052 7fc3a9fcb700                Options.max_bytes_for_level_base: 268435456
2019/10/17-14:54:16.429052 7fc3a9fcb700 Options.level_compaction_dynamic_level_bytes: 0
2019/10/17-14:54:16.429053 7fc3a9fcb700          Options.max_bytes_for_level_multiplier: 10.000000
2019/10/17-14:54:16.429054 7fc3a9fcb700 Options.max_bytes_for_level_multiplier_addtl[0]: 1
2019/10/17-14:54:16.429054 7fc3a9fcb700 Options.max_bytes_for_level_multiplier_addtl[1]: 1
2019/10/17-14:54:16.429055 7fc3a9fcb700 Options.max_bytes_for_level_multiplier_addtl[2]: 1
2019/10/17-14:54:16.429055 7fc3a9fcb700 Options.max_bytes_for_level_multiplier_addtl[3]: 1
2019/10/17-14:54:16.429056 7fc3a9fcb700 Options.max_bytes_for_level_multiplier_addtl[4]: 1
2019/10/17-14:54:16.429056 7fc3a9fcb700 Options.max_bytes_for_level_multiplier_addtl[5]: 1
2019/10/17-14:54:16.429057 7fc3a9fcb700 Options.max_bytes_for_level_multiplier_addtl[6]: 1
2019/10/17-14:54:16.429058 7fc3a9fcb700       Options.max_sequential_skip_in_iterations: 8
2019/10/17-14:54:16.429058 7fc3a9fcb700                    Options.max_compaction_bytes: 1677721600
2019/10/17-14:54:16.429059 7fc3a9fcb700                        Options.arena_block_size: 8388608
2019/10/17-14:54:16.429059 7fc3a9fcb700   Options.soft_pending_compaction_bytes_limit: 68719476736
2019/10/17-14:54:16.429062 7fc3a9fcb700   Options.hard_pending_compaction_bytes_limit: 274877906944
2019/10/17-14:54:16.429063 7fc3a9fcb700       Options.rate_limit_delay_max_milliseconds: 100
2019/10/17-14:54:16.429064 7fc3a9fcb700                Options.disable_auto_compactions: 0
2019/10/17-14:54:16.429064 7fc3a9fcb700                        Options.compaction_style: kCompactionStyleLevel
2019/10/17-14:54:16.429065 7fc3a9fcb700                          Options.compaction_pri: kByCompensatedSize
2019/10/17-14:54:16.429066 7fc3a9fcb700 Options.compaction_options_universal.size_ratio: 1
2019/10/17-14:54:16.429066 7fc3a9fcb700 Options.compaction_options_universal.min_merge_width: 2
2019/10/17-14:54:16.429067 7fc3a9fcb700 Options.compaction_options_universal.max_merge_width: 4294967295
2019/10/17-14:54:16.429067 7fc3a9fcb700 Options.compaction_options_universal.max_size_amplification_percent: 200
2019/10/17-14:54:16.429068 7fc3a9fcb700 Options.compaction_options_universal.compression_size_percent: -1
2019/10/17-14:54:16.429068 7fc3a9fcb700 Options.compaction_options_universal.stop_style: kCompactionStopStyleTotalSize
2019/10/17-14:54:16.429069 7fc3a9fcb700 Options.compaction_options_fifo.max_table_files_size: 1073741824
2019/10/17-14:54:16.429070 7fc3a9fcb700 Options.compaction_options_fifo.allow_compaction: 0
2019/10/17-14:54:16.429070 7fc3a9fcb700 Options.compaction_options_fifo.ttl: 0
2019/10/17-14:54:16.429071 7fc3a9fcb700                   Options.table_properties_collectors: 
2019/10/17-14:54:16.429071 7fc3a9fcb700                   Options.inplace_update_support: 0
2019/10/17-14:54:16.429072 7fc3a9fcb700                 Options.inplace_update_num_locks: 10000
2019/10/17-14:54:16.429072 7fc3a9fcb700               Options.memtable_prefix_bloom_size_ratio: 0.000000
2019/10/17-14:54:16.429073 7fc3a9fcb700   Options.memtable_huge_page_size: 0
2019/10/17-14:54:16.429074 7fc3a9fcb700                           Options.bloom_locality: 0
2019/10/17-14:54:16.429074 7fc3a9fcb700                    Options.max_successive_merges: 0
2019/10/17-14:54:16.429075 7fc3a9fcb700                Options.optimize_filters_for_hits: 0
2019/10/17-14:54:16.429075 7fc3a9fcb700                Options.paranoid_file_checks: 0
2019/10/17-14:54:16.429076 7fc3a9fcb700                Options.force_consistency_checks: 0
2019/10/17-14:54:16.429076 7fc3a9fcb700                Options.report_bg_io_stats: 0
2019/10/17-14:54:16.429077 7fc3a9fcb700                               Options.ttl: 0
2019/10/17-14:54:16.429088 7fc3a9fcb700 [db/column_family.cc:472] --------------- Options for column family [dc_entries]:
2019/10/17-14:54:16.429089 7fc3a9fcb700               Options.comparator: leveldb.BytewiseComparator
2019/10/17-14:54:16.429089 7fc3a9fcb700           Options.merge_operator: None
2019/10/17-14:54:16.429090 7fc3a9fcb700        Options.compaction_filter: None
2019/10/17-14:54:16.429090 7fc3a9fcb700        Options.compaction_filter_factory: None
2019/10/17-14:54:16.429091 7fc3a9fcb700         Options.memtable_factory: SkipListFactory
2019/10/17-14:54:16.429092 7fc3a9fcb700            Options.table_factory: BlockBasedTable
2019/10/17-14:54:16.429098 7fc3a9fcb700            table_factory options:   flush_block_policy_factory: FlushBlockBySizePolicyFactory (0x7fc3500895e0)
  cache_index_and_filter_blocks: 0
  cache_index_and_filter_blocks_with_high_priority: 0
  pin_l0_filter_and_index_blocks_in_cache: 0
  pin_top_level_index_and_filter: 1
  index_type: 0
  hash_index_allow_collision: 1
  checksum: 1
  no_block_cache: 0
  block_cache: 0x7fc3500785c0
  block_cache_name: LRUCache
  block_cache_options:
    capacity : 8388608
    num_shard_bits : 4
    strict_capacity_limit : 0
    memory_allocator : None
    high_pri_pool_ratio: 0.000
  block_cache_compressed: (nil)
  persistent_cache: (nil)
  block_size: 4096
  block_size_deviation: 10
  block_restart_interval: 16
  index_block_restart_interval: 1
  metadata_block_size: 4096
  partition_filters: 0
  use_delta_encoding: 1
  filter_policy: nullptr
  whole_key_filtering: 1
  verify_compression: 0
  read_amp_bytes_per_bit: 0
  format_version: 2
  enable_index_compression: 1
  block_align: 0
2019/10/17-14:54:16.429102 7fc3a9fcb700        Options.write_buffer_size: 67108864
2019/10/17-14:54:16.429103 7fc3a9fcb700  Options.max_write_buffer_number: 2
2019/10/17-14:54:16.429104 7fc3a9fcb700          Options.compression: NoCompression
2019/10/17-14:54:16.429104 7fc3a9fcb700                  Options.bottommost_compression: Disabled
2019/10/17-14:54:16.429105 7fc3a9fcb700       Options.prefix_extractor: nullptr
2019/10/17-14:54:16.429105 7fc3a9fcb700   Options.memtable_insert_with_hint_prefix_extractor: nullptr
2019/10/17-14:54:16.429106 7fc3a9fcb700             Options.num_levels: 7
2019/10/17-14:54:16.429106 7fc3a9fcb700        Options.min_write_buffer_number_to_merge: 1
2019/10/17-14:54:16.429107 7fc3a9fcb700     Options.max_write_buffer_number_to_maintain: 0
2019/10/17-14:54:16.429107 7fc3a9fcb700            Options.bottommost_compression_opts.window_bits: -14
2019/10/17-14:54:16.429108 7fc3a9fcb700                  Options.bottommost_compression_opts.level: 32767
2019/10/17-14:54:16.429109 7fc3a9fcb700               Options.bottommost_compression_opts.strategy: 0
2019/10/17-14:54:16.429109 7fc3a9fcb700         Options.bottommost_compression_opts.max_dict_bytes: 0
2019/10/17-14:54:16.429110 7fc3a9fcb700         Options.bottommost_compression_opts.zstd_max_train_bytes: 0
2019/10/17-14:54:16.429110 7fc3a9fcb700                  Options.bottommost_compression_opts.enabled: false
2019/10/17-14:54:16.429111 7fc3a9fcb700            Options.compression_opts.window_bits: -14
2019/10/17-14:54:16.429111 7fc3a9fcb700                  Options.compression_opts.level: 32767
2019/10/17-14:54:16.429112 7fc3a9fcb700               Options.compression_opts.strategy: 0
2019/10/17-14:54:16.429112 7fc3a9fcb700         Options.compression_opts.max_dict_bytes: 0
2019/10/17-14:54:16.429113 7fc3a9fcb700         Options.compression_opts.zstd_max_train_bytes: 0
2019/10/17-14:54:16.429113 7fc3a9fcb700                  Options.compression_opts.enabled: false
2019/10/17-14:54:16.429114 7fc3a9fcb700      Options.level0_file_num_compaction_trigger: 4
2019/10/17-14:54:16.429115 7fc3a9fcb700          Options.level0_slowdown_writes_trigger: 20
2019/10/17-14:54:16.429115 7fc3a9fcb700              Options.level0_stop_writes_trigger: 36
2019/10/17-14:54:16.429116 7fc3a9fcb700                   Options.target_file_size_base: 67108864
2019/10/17-14:54:16.429116 7fc3a9fcb700             Options.target_file_size_multiplier: 1
2019/10/17-14:54:16.429117 7fc3a9fcb700                Options.max_bytes_for_level_base: 268435456
2019/10/17-14:54:16.429117 7fc3a9fcb700 Options.level_compaction_dynamic_level_bytes: 0
2019/10/17-14:54:16.429118 7fc3a9fcb700          Options.max_bytes_for_level_multiplier: 10.000000
2019/10/17-14:54:16.429119 7fc3a9fcb700 Options.max_bytes_for_level_multiplier_addtl[0]: 1
2019/10/17-14:54:16.429120 7fc3a9fcb700 Options.max_bytes_for_level_multiplier_addtl[1]: 1
2019/10/17-14:54:16.429120 7fc3a9fcb700 Options.max_bytes_for_level_multiplier_addtl[2]: 1
2019/10/17-14:54:16.429121 7fc3a9fcb700 Options.max_bytes_for_level_multiplier_addtl[3]: 1
2019/10/17-14:54:16.429121 7fc3a9fcb700 Options.max_bytes_for_level_multiplier_addtl[4]: 1
2019/10/17-14:54:16.429122 7fc3a9fcb700 Options.max_bytes_for_level_multiplier_addtl[5]: 1
2019/10/17-14:54:16.429122 7fc3a9fcb700 Options.max_bytes_for_level_multiplier_addtl[6]: 1
2019/10/17-14:54:16.429123 7fc3a9fcb700       Options.max_sequential_skip_in_iterations: 8
2019/10/17-14:54:16.429123 7fc3a9fcb700                    Options.max_compaction_bytes: 1677721600
2019/10/17-14:54:16.429124 7fc3a9fcb700                        Options.arena_block_size: 8388608
2019/10/17-14:54:16.429125 7fc3a9fcb700   Options.soft_pending_compaction_bytes_limit: 68719476736
2019/10/17-14:54:16.429125 7fc3a9fcb700   Options.hard_pending_compaction_bytes_limit: 274877906944
2019/10/17-14:54:16.429126 7fc3a9fcb700       Options.rate_limit_delay_max_milliseconds: 100
2019/10/17-14:54:16.429126 7fc3a9fcb700                Options.disable_auto_compactions: 0
2019/10/17-14:54:16.429130 7fc3a9fcb700                        Options.compaction_style: kCompactionStyleLevel
2019/10/17-14:54:16.429130 7fc3a9fcb700                          Options.compaction_pri: kByCompensatedSize
2019/10/17-14:54:16.429131 7fc3a9fcb700 Options.compaction_options_universal.size_ratio: 1
2019/10/17-14:54:16.429131 7fc3a9fcb700 Options.compaction_options_universal.min_merge_width: 2
2019/10/17-14:54:16.429132 7fc3a9fcb700 Options.compaction_options_universal.max_merge_width: 4294967295
2019/10/17-14:54:16.429133 7fc3a9fcb700 Options.compaction_options_universal.max_size_amplification_percent: 200
2019/10/17-14:54:16.429133 7fc3a9fcb700 Options.compaction_options_universal.compression_size_percent: -1
2019/10/17-14:54:16.429134 7fc3a9fcb700 Options.compaction_options_universal.stop_style: kCompactionStopStyleTotalSize
2019/10/17-14:54:16.429134 7fc3a9fcb700 Options.compaction_options_fifo.max_table_files_size: 1073741824
2019/10/17-14:54:16.429135 7fc3a9fcb700 Options.compaction_options_fifo.allow_compaction: 0
2019/10/17-14:54:16.429135 7fc3a9fcb700 Options.compaction_options_fifo.ttl: 0
2019/10/17-14:54:16.429136 7fc3a9fcb700                   Options.table_properties_collectors: 
2019/10/17-14:54:16.429137 7fc3a9fcb700                   Options.inplace_update_support: 0
2019/10/17-14:54:16.429137 7fc3a9fcb700                 Options.inplace_update_num_locks: 10000
2019/10/17-14:54:16.429138 7fc3a9fcb700               Options.memtable_prefix_bloom_size_ratio: 0.000000
2019/10/17-14:54:16.429138 7fc3a9fcb700   Options.memtable_huge_page_size: 0
2019/10/17-14:54:16.429139 7fc3a9fcb700                           Options.bloom_locality: 0
2019/10/17-14:54:16.429140 7fc3a9fcb700                    Options.max_successive_merges: 0
2019/10/17-14:54:16.429140 7fc3a9fcb700                Options.optimize_filters_for_hits: 0
2019/10/17-14:54:16.429141 7fc3a9fcb700                Options.paranoid_file_checks: 0
2019/10/17-14:54:16.429141 7fc3a9fcb700                Options.force_consistency_checks: 0
2019/10/17-14:54:16.429142 7fc3a9fcb700                Options.report_bg_io_stats: 0
2019/10/17-14:54:16.429142 7fc3a9fcb700                               Options.ttl: 0
2019/10/17-14:54:16.429152 7fc3a9fcb700 [db/column_family.cc:472] --------------- Options for column family [htlcs]:
2019/10/17-14:54:16.429153 7fc3a9fcb700               Options.comparator: leveldb.BytewiseComparator
2019/10/17-14:54:16.429154 7fc3a9fcb700           Options.merge_operator: None
2019/10/17-14:54:16.429154 7fc3a9fcb700        Options.compaction_filter: None
2019/10/17-14:54:16.429155 7fc3a9fcb700        Options.compaction_filter_factory: None
2019/10/17-14:54:16.429155 7fc3a9fcb700         Options.memtable_factory: SkipListFactory
2019/10/17-14:54:16.429156 7fc3a9fcb700            Options.table_factory: BlockBasedTable
2019/10/17-14:54:16.429162 7fc3a9fcb700            table_factory options:   flush_block_policy_factory: FlushBlockBySizePolicyFactory (0x7fc3500633b0)
