2019/10/17-14:55:05.580541 7fc3a9fcb700 RocksDB version: 5.18.3
2019/10/17-14:55:05.580590 7fc3a9fcb700 Git sha rocksdb_build_git_sha:@0@
2019/10/17-14:55:05.580593 7fc3a9fcb700 Compile date Sep 19 2019
2019/10/17-14:55:05.580595 7fc3a9fcb700 DB SUMMARY
2019/10/17-14:55:05.581689 7fc3a9fcb700 CURRENT file:  CURRENT
2019/10/17-14:55:05.581691 7fc3a9fcb700 IDENTITY file:  IDENTITY
2019/10/17-14:55:05.581736 7fc3a9fcb700 MANIFEST file:  MANIFEST-116308 size: 4114 Bytes
2019/10/17-14:55:05.581739 7fc3a9fcb700 SST files in /home/rahul/dev/blockchain-core/eqc/ledger.db dir, Total Num: 29, files: 000624.sst 000627.sst 106940.sst 108447.sst 108450.sst 109471.sst 109483.sst 109485.sst 109486.sst 
2019/10/17-14:55:05.581741 7fc3a9fcb700 Write Ahead Log file in /home/rahul/dev/blockchain-core/eqc/ledger.db: 116309.log size: 0 ; 
2019/10/17-14:55:05.581794 7fc3a9fcb700                         Options.error_if_exists: 0
2019/10/17-14:55:05.581797 7fc3a9fcb700                       Options.create_if_missing: 1
2019/10/17-14:55:05.581798 7fc3a9fcb700                         Options.paranoid_checks: 1
2019/10/17-14:55:05.581799 7fc3a9fcb700                                     Options.env: 0x7fc32ae1fc60
2019/10/17-14:55:05.581800 7fc3a9fcb700                                Options.info_log: 0x7fc350037ac0
2019/10/17-14:55:05.581802 7fc3a9fcb700                Options.max_file_opening_threads: 16
2019/10/17-14:55:05.581803 7fc3a9fcb700                              Options.statistics: (nil)
2019/10/17-14:55:05.581804 7fc3a9fcb700                               Options.use_fsync: 0
2019/10/17-14:55:05.581806 7fc3a9fcb700                       Options.max_log_file_size: 0
2019/10/17-14:55:05.581807 7fc3a9fcb700                  Options.max_manifest_file_size: 1073741824
2019/10/17-14:55:05.581808 7fc3a9fcb700                   Options.log_file_time_to_roll: 0
2019/10/17-14:55:05.581810 7fc3a9fcb700                       Options.keep_log_file_num: 1000
2019/10/17-14:55:05.581811 7fc3a9fcb700                    Options.recycle_log_file_num: 0
2019/10/17-14:55:05.581812 7fc3a9fcb700                         Options.allow_fallocate: 1
2019/10/17-14:55:05.581813 7fc3a9fcb700                        Options.allow_mmap_reads: 0
2019/10/17-14:55:05.581814 7fc3a9fcb700                       Options.allow_mmap_writes: 0
2019/10/17-14:55:05.581816 7fc3a9fcb700                        Options.use_direct_reads: 0
2019/10/17-14:55:05.581817 7fc3a9fcb700                        Options.use_direct_io_for_flush_and_compaction: 0
2019/10/17-14:55:05.581818 7fc3a9fcb700          Options.create_missing_column_families: 0
2019/10/17-14:55:05.581819 7fc3a9fcb700                              Options.db_log_dir: 
2019/10/17-14:55:05.581820 7fc3a9fcb700                                 Options.wal_dir: /home/rahul/dev/blockchain-core/eqc/ledger.db
2019/10/17-14:55:05.581821 7fc3a9fcb700                Options.table_cache_numshardbits: 6
2019/10/17-14:55:05.581823 7fc3a9fcb700                      Options.max_subcompactions: 1
2019/10/17-14:55:05.581824 7fc3a9fcb700                  Options.max_background_flushes: -1
2019/10/17-14:55:05.581825 7fc3a9fcb700                         Options.WAL_ttl_seconds: 0
2019/10/17-14:55:05.581826 7fc3a9fcb700                       Options.WAL_size_limit_MB: 0
2019/10/17-14:55:05.581828 7fc3a9fcb700             Options.manifest_preallocation_size: 4194304
2019/10/17-14:55:05.581829 7fc3a9fcb700                     Options.is_fd_close_on_exec: 1
2019/10/17-14:55:05.581830 7fc3a9fcb700                   Options.advise_random_on_open: 1
2019/10/17-14:55:05.581831 7fc3a9fcb700                    Options.db_write_buffer_size: 0
2019/10/17-14:55:05.581832 7fc3a9fcb700                    Options.write_buffer_manager: 0x7fc350015410
2019/10/17-14:55:05.581834 7fc3a9fcb700         Options.access_hint_on_compaction_start: 1
2019/10/17-14:55:05.581835 7fc3a9fcb700  Options.new_table_reader_for_compaction_inputs: 0
2019/10/17-14:55:05.581836 7fc3a9fcb700           Options.random_access_max_buffer_size: 1048576
2019/10/17-14:55:05.581837 7fc3a9fcb700                      Options.use_adaptive_mutex: 0
2019/10/17-14:55:05.581838 7fc3a9fcb700                            Options.rate_limiter: (nil)
2019/10/17-14:55:05.581852 7fc3a9fcb700     Options.sst_file_manager.rate_bytes_per_sec: 0
2019/10/17-14:55:05.581854 7fc3a9fcb700                       Options.wal_recovery_mode: 2
2019/10/17-14:55:05.581855 7fc3a9fcb700                  Options.enable_thread_tracking: 0
2019/10/17-14:55:05.581856 7fc3a9fcb700                  Options.enable_pipelined_write: 0
2019/10/17-14:55:05.581857 7fc3a9fcb700         Options.allow_concurrent_memtable_write: 1
2019/10/17-14:55:05.581858 7fc3a9fcb700      Options.enable_write_thread_adaptive_yield: 1
2019/10/17-14:55:05.581859 7fc3a9fcb700             Options.write_thread_max_yield_usec: 100
2019/10/17-14:55:05.581861 7fc3a9fcb700            Options.write_thread_slow_yield_usec: 3
2019/10/17-14:55:05.581862 7fc3a9fcb700                               Options.row_cache: None
2019/10/17-14:55:05.581863 7fc3a9fcb700                              Options.wal_filter: None
2019/10/17-14:55:05.581865 7fc3a9fcb700             Options.avoid_flush_during_recovery: 0
2019/10/17-14:55:05.581866 7fc3a9fcb700             Options.allow_ingest_behind: 0
2019/10/17-14:55:05.581867 7fc3a9fcb700             Options.preserve_deletes: 0
2019/10/17-14:55:05.581868 7fc3a9fcb700             Options.two_write_queues: 0
2019/10/17-14:55:05.581869 7fc3a9fcb700             Options.manual_wal_flush: 0
2019/10/17-14:55:05.581871 7fc3a9fcb700             Options.max_background_jobs: 2
2019/10/17-14:55:05.581872 7fc3a9fcb700             Options.max_background_compactions: -1
2019/10/17-14:55:05.581873 7fc3a9fcb700             Options.avoid_flush_during_shutdown: 0
2019/10/17-14:55:05.581874 7fc3a9fcb700           Options.writable_file_max_buffer_size: 1048576
2019/10/17-14:55:05.581875 7fc3a9fcb700             Options.delayed_write_rate : 16777216
2019/10/17-14:55:05.581877 7fc3a9fcb700             Options.max_total_wal_size: 0
2019/10/17-14:55:05.581878 7fc3a9fcb700             Options.delete_obsolete_files_period_micros: 21600000000
2019/10/17-14:55:05.581879 7fc3a9fcb700                   Options.stats_dump_period_sec: 600
2019/10/17-14:55:05.581880 7fc3a9fcb700                          Options.max_open_files: -1
2019/10/17-14:55:05.581881 7fc3a9fcb700                          Options.bytes_per_sync: 0
2019/10/17-14:55:05.581883 7fc3a9fcb700                      Options.wal_bytes_per_sync: 0
2019/10/17-14:55:05.581884 7fc3a9fcb700       Options.compaction_readahead_size: 0
2019/10/17-14:55:05.581885 7fc3a9fcb700 Compression algorithms supported:
2019/10/17-14:55:05.581886 7fc3a9fcb700 	kZSTDNotFinalCompression supported: 0
2019/10/17-14:55:05.581888 7fc3a9fcb700 	kZSTD supported: 0
2019/10/17-14:55:05.581889 7fc3a9fcb700 	kXpressCompression supported: 0
2019/10/17-14:55:05.581891 7fc3a9fcb700 	kLZ4HCCompression supported: 0
2019/10/17-14:55:05.581892 7fc3a9fcb700 	kLZ4Compression supported: 0
2019/10/17-14:55:05.581893 7fc3a9fcb700 	kBZip2Compression supported: 0
2019/10/17-14:55:05.581895 7fc3a9fcb700 	kZlibCompression supported: 0
2019/10/17-14:55:05.581896 7fc3a9fcb700 	kSnappyCompression supported: 0
2019/10/17-14:55:05.581899 7fc3a9fcb700 Fast CRC32 supported: Supported on x86
2019/10/17-14:55:05.582039 7fc3a9fcb700 [db/version_set.cc:3507] Recovering from manifest file: MANIFEST-116308
2019/10/17-14:55:05.582088 7fc3a9fcb700 [db/column_family.cc:472] --------------- Options for column family [default]:
2019/10/17-14:55:05.582091 7fc3a9fcb700               Options.comparator: leveldb.BytewiseComparator
2019/10/17-14:55:05.582092 7fc3a9fcb700           Options.merge_operator: None
2019/10/17-14:55:05.582094 7fc3a9fcb700        Options.compaction_filter: None
2019/10/17-14:55:05.582095 7fc3a9fcb700        Options.compaction_filter_factory: None
2019/10/17-14:55:05.582096 7fc3a9fcb700         Options.memtable_factory: SkipListFactory
2019/10/17-14:55:05.582097 7fc3a9fcb700            Options.table_factory: BlockBasedTable
2019/10/17-14:55:05.582119 7fc3a9fcb700            table_factory options:   flush_block_policy_factory: FlushBlockBySizePolicyFactory (0x7fc35002e990)
  cache_index_and_filter_blocks: 0
  cache_index_and_filter_blocks_with_high_priority: 0
  pin_l0_filter_and_index_blocks_in_cache: 0
  pin_top_level_index_and_filter: 1
  index_type: 0
  hash_index_allow_collision: 1
  checksum: 1
  no_block_cache: 0
  block_cache: 0x7fc3500b0eb0
  block_cache_name: LRUCache
  block_cache_options:
    capacity : 8388608
    num_shard_bits : 4
    strict_capacity_limit : 0
    memory_allocator : None
    high_pri_pool_ratio: 0.000
  block_cache_compressed: (nil)
  persistent_cache: (nil)
  block_size: 4096
  block_size_deviation: 10
  block_restart_interval: 16
  index_block_restart_interval: 1
  metadata_block_size: 4096
  partition_filters: 0
  use_delta_encoding: 1
  filter_policy: nullptr
  whole_key_filtering: 1
  verify_compression: 0
  read_amp_bytes_per_bit: 0
  format_version: 2
  enable_index_compression: 1
  block_align: 0
2019/10/17-14:55:05.582133 7fc3a9fcb700        Options.write_buffer_size: 67108864
2019/10/17-14:55:05.582134 7fc3a9fcb700  Options.max_write_buffer_number: 2
2019/10/17-14:55:05.582136 7fc3a9fcb700          Options.compression: NoCompression
2019/10/17-14:55:05.582137 7fc3a9fcb700                  Options.bottommost_compression: Disabled
2019/10/17-14:55:05.582139 7fc3a9fcb700       Options.prefix_extractor: nullptr
2019/10/17-14:55:05.582140 7fc3a9fcb700   Options.memtable_insert_with_hint_prefix_extractor: nullptr
2019/10/17-14:55:05.582141 7fc3a9fcb700             Options.num_levels: 7
2019/10/17-14:55:05.582142 7fc3a9fcb700        Options.min_write_buffer_number_to_merge: 1
2019/10/17-14:55:05.582143 7fc3a9fcb700     Options.max_write_buffer_number_to_maintain: 0
2019/10/17-14:55:05.582145 7fc3a9fcb700            Options.bottommost_compression_opts.window_bits: -14
2019/10/17-14:55:05.582146 7fc3a9fcb700                  Options.bottommost_compression_opts.level: 32767
2019/10/17-14:55:05.582147 7fc3a9fcb700               Options.bottommost_compression_opts.strategy: 0
2019/10/17-14:55:05.582148 7fc3a9fcb700         Options.bottommost_compression_opts.max_dict_bytes: 0
2019/10/17-14:55:05.582149 7fc3a9fcb700         Options.bottommost_compression_opts.zstd_max_train_bytes: 0
2019/10/17-14:55:05.582151 7fc3a9fcb700                  Options.bottommost_compression_opts.enabled: false
2019/10/17-14:55:05.582152 7fc3a9fcb700            Options.compression_opts.window_bits: -14
2019/10/17-14:55:05.582153 7fc3a9fcb700                  Options.compression_opts.level: 32767
2019/10/17-14:55:05.582154 7fc3a9fcb700               Options.compression_opts.strategy: 0
2019/10/17-14:55:05.582155 7fc3a9fcb700         Options.compression_opts.max_dict_bytes: 0
2019/10/17-14:55:05.582157 7fc3a9fcb700         Options.compression_opts.zstd_max_train_bytes: 0
2019/10/17-14:55:05.582158 7fc3a9fcb700                  Options.compression_opts.enabled: false
2019/10/17-14:55:05.582159 7fc3a9fcb700      Options.level0_file_num_compaction_trigger: 4
2019/10/17-14:55:05.582160 7fc3a9fcb700          Options.level0_slowdown_writes_trigger: 20
2019/10/17-14:55:05.582161 7fc3a9fcb700              Options.level0_stop_writes_trigger: 36
2019/10/17-14:55:05.582162 7fc3a9fcb700                   Options.target_file_size_base: 67108864
2019/10/17-14:55:05.582164 7fc3a9fcb700             Options.target_file_size_multiplier: 1
2019/10/17-14:55:05.582165 7fc3a9fcb700                Options.max_bytes_for_level_base: 268435456
2019/10/17-14:55:05.582166 7fc3a9fcb700 Options.level_compaction_dynamic_level_bytes: 0
2019/10/17-14:55:05.582167 7fc3a9fcb700          Options.max_bytes_for_level_multiplier: 10.000000
2019/10/17-14:55:05.582170 7fc3a9fcb700 Options.max_bytes_for_level_multiplier_addtl[0]: 1
2019/10/17-14:55:05.582172 7fc3a9fcb700 Options.max_bytes_for_level_multiplier_addtl[1]: 1
2019/10/17-14:55:05.582173 7fc3a9fcb700 Options.max_bytes_for_level_multiplier_addtl[2]: 1
2019/10/17-14:55:05.582174 7fc3a9fcb700 Options.max_bytes_for_level_multiplier_addtl[3]: 1
2019/10/17-14:55:05.582175 7fc3a9fcb700 Options.max_bytes_for_level_multiplier_addtl[4]: 1
2019/10/17-14:55:05.582182 7fc3a9fcb700 Options.max_bytes_for_level_multiplier_addtl[5]: 1
2019/10/17-14:55:05.582184 7fc3a9fcb700 Options.max_bytes_for_level_multiplier_addtl[6]: 1
2019/10/17-14:55:05.582185 7fc3a9fcb700       Options.max_sequential_skip_in_iterations: 8
2019/10/17-14:55:05.582186 7fc3a9fcb700                    Options.max_compaction_bytes: 1677721600
2019/10/17-14:55:05.582187 7fc3a9fcb700                        Options.arena_block_size: 8388608
2019/10/17-14:55:05.582189 7fc3a9fcb700   Options.soft_pending_compaction_bytes_limit: 68719476736
2019/10/17-14:55:05.582190 7fc3a9fcb700   Options.hard_pending_compaction_bytes_limit: 274877906944
2019/10/17-14:55:05.582191 7fc3a9fcb700       Options.rate_limit_delay_max_milliseconds: 100
2019/10/17-14:55:05.582192 7fc3a9fcb700                Options.disable_auto_compactions: 0
2019/10/17-14:55:05.582194 7fc3a9fcb700                        Options.compaction_style: kCompactionStyleLevel
2019/10/17-14:55:05.582196 7fc3a9fcb700                          Options.compaction_pri: kByCompensatedSize
2019/10/17-14:55:05.582197 7fc3a9fcb700 Options.compaction_options_universal.size_ratio: 1
2019/10/17-14:55:05.582198 7fc3a9fcb700 Options.compaction_options_universal.min_merge_width: 2
2019/10/17-14:55:05.582200 7fc3a9fcb700 Options.compaction_options_universal.max_merge_width: 4294967295
2019/10/17-14:55:05.582201 7fc3a9fcb700 Options.compaction_options_universal.max_size_amplification_percent: 200
2019/10/17-14:55:05.582202 7fc3a9fcb700 Options.compaction_options_universal.compression_size_percent: -1
2019/10/17-14:55:05.582204 7fc3a9fcb700 Options.compaction_options_universal.stop_style: kCompactionStopStyleTotalSize
2019/10/17-14:55:05.582205 7fc3a9fcb700 Options.compaction_options_fifo.max_table_files_size: 1073741824
2019/10/17-14:55:05.582206 7fc3a9fcb700 Options.compaction_options_fifo.allow_compaction: 0
2019/10/17-14:55:05.582207 7fc3a9fcb700 Options.compaction_options_fifo.ttl: 0
2019/10/17-14:55:05.582208 7fc3a9fcb700                   Options.table_properties_collectors: 
2019/10/17-14:55:05.582209 7fc3a9fcb700                   Options.inplace_update_support: 0
2019/10/17-14:55:05.582211 7fc3a9fcb700                 Options.inplace_update_num_locks: 10000
2019/10/17-14:55:05.582212 7fc3a9fcb700               Options.memtable_prefix_bloom_size_ratio: 0.000000
2019/10/17-14:55:05.582214 7fc3a9fcb700   Options.memtable_huge_page_size: 0
2019/10/17-14:55:05.582215 7fc3a9fcb700                           Options.bloom_locality: 0
2019/10/17-14:55:05.582216 7fc3a9fcb700                    Options.max_successive_merges: 0
2019/10/17-14:55:05.582217 7fc3a9fcb700                Options.optimize_filters_for_hits: 0
2019/10/17-14:55:05.582219 7fc3a9fcb700                Options.paranoid_file_checks: 0
2019/10/17-14:55:05.582220 7fc3a9fcb700                Options.force_consistency_checks: 0
2019/10/17-14:55:05.582221 7fc3a9fcb700                Options.report_bg_io_stats: 0
2019/10/17-14:55:05.582222 7fc3a9fcb700                               Options.ttl: 0
2019/10/17-14:55:05.582262 7fc3a9fcb700 [db/column_family.cc:472] --------------- Options for column family [active_gateways]:
2019/10/17-14:55:05.582265 7fc3a9fcb700               Options.comparator: leveldb.BytewiseComparator
2019/10/17-14:55:05.582266 7fc3a9fcb700           Options.merge_operator: None
2019/10/17-14:55:05.582267 7fc3a9fcb700        Options.compaction_filter: None
2019/10/17-14:55:05.582268 7fc3a9fcb700        Options.compaction_filter_factory: None
2019/10/17-14:55:05.582270 7fc3a9fcb700         Options.memtable_factory: SkipListFactory
2019/10/17-14:55:05.582271 7fc3a9fcb700            Options.table_factory: BlockBasedTable
2019/10/17-14:55:05.582287 7fc3a9fcb700            table_factory options:   flush_block_policy_factory: FlushBlockBySizePolicyFactory (0x7fc3500a06b0)
  cache_index_and_filter_blocks: 0
  cache_index_and_filter_blocks_with_high_priority: 0
  pin_l0_filter_and_index_blocks_in_cache: 0
  pin_top_level_index_and_filter: 1
  index_type: 0
  hash_index_allow_collision: 1
  checksum: 1
  no_block_cache: 0
  block_cache: 0x7fc35007be60
  block_cache_name: LRUCache
  block_cache_options:
    capacity : 8388608
    num_shard_bits : 4
    strict_capacity_limit : 0
    memory_allocator : None
    high_pri_pool_ratio: 0.000
  block_cache_compressed: (nil)
  persistent_cache: (nil)
  block_size: 4096
  block_size_deviation: 10
  block_restart_interval: 16
  index_block_restart_interval: 1
  metadata_block_size: 4096
  partition_filters: 0
  use_delta_encoding: 1
  filter_policy: nullptr
  whole_key_filtering: 1
  verify_compression: 0
  read_amp_bytes_per_bit: 0
  format_version: 2
  enable_index_compression: 1
  block_align: 0
2019/10/17-14:55:05.582297 7fc3a9fcb700        Options.write_buffer_size: 67108864
2019/10/17-14:55:05.582299 7fc3a9fcb700  Options.max_write_buffer_number: 2
2019/10/17-14:55:05.582300 7fc3a9fcb700          Options.compression: NoCompression
2019/10/17-14:55:05.582302 7fc3a9fcb700                  Options.bottommost_compression: Disabled
2019/10/17-14:55:05.582303 7fc3a9fcb700       Options.prefix_extractor: nullptr
2019/10/17-14:55:05.582304 7fc3a9fcb700   Options.memtable_insert_with_hint_prefix_extractor: nullptr
2019/10/17-14:55:05.582305 7fc3a9fcb700             Options.num_levels: 7
2019/10/17-14:55:05.582306 7fc3a9fcb700        Options.min_write_buffer_number_to_merge: 1
2019/10/17-14:55:05.582307 7fc3a9fcb700     Options.max_write_buffer_number_to_maintain: 0
2019/10/17-14:55:05.582309 7fc3a9fcb700            Options.bottommost_compression_opts.window_bits: -14
2019/10/17-14:55:05.582310 7fc3a9fcb700                  Options.bottommost_compression_opts.level: 32767
2019/10/17-14:55:05.582311 7fc3a9fcb700               Options.bottommost_compression_opts.strategy: 0
2019/10/17-14:55:05.582312 7fc3a9fcb700         Options.bottommost_compression_opts.max_dict_bytes: 0
2019/10/17-14:55:05.582313 7fc3a9fcb700         Options.bottommost_compression_opts.zstd_max_train_bytes: 0
2019/10/17-14:55:05.582314 7fc3a9fcb700                  Options.bottommost_compression_opts.enabled: false
2019/10/17-14:55:05.582316 7fc3a9fcb700            Options.compression_opts.window_bits: -14
2019/10/17-14:55:05.582317 7fc3a9fcb700                  Options.compression_opts.level: 32767
2019/10/17-14:55:05.582318 7fc3a9fcb700               Options.compression_opts.strategy: 0
2019/10/17-14:55:05.582319 7fc3a9fcb700         Options.compression_opts.max_dict_bytes: 0
2019/10/17-14:55:05.582320 7fc3a9fcb700         Options.compression_opts.zstd_max_train_bytes: 0
2019/10/17-14:55:05.582321 7fc3a9fcb700                  Options.compression_opts.enabled: false
2019/10/17-14:55:05.582323 7fc3a9fcb700      Options.level0_file_num_compaction_trigger: 4
2019/10/17-14:55:05.582324 7fc3a9fcb700          Options.level0_slowdown_writes_trigger: 20
2019/10/17-14:55:05.582325 7fc3a9fcb700              Options.level0_stop_writes_trigger: 36
2019/10/17-14:55:05.582326 7fc3a9fcb700                   Options.target_file_size_base: 67108864
2019/10/17-14:55:05.582327 7fc3a9fcb700             Options.target_file_size_multiplier: 1
2019/10/17-14:55:05.582328 7fc3a9fcb700                Options.max_bytes_for_level_base: 268435456
2019/10/17-14:55:05.582330 7fc3a9fcb700 Options.level_compaction_dynamic_level_bytes: 0
2019/10/17-14:55:05.582331 7fc3a9fcb700          Options.max_bytes_for_level_multiplier: 10.000000
2019/10/17-14:55:05.582333 7fc3a9fcb700 Options.max_bytes_for_level_multiplier_addtl[0]: 1
2019/10/17-14:55:05.582334 7fc3a9fcb700 Options.max_bytes_for_level_multiplier_addtl[1]: 1
2019/10/17-14:55:05.582336 7fc3a9fcb700 Options.max_bytes_for_level_multiplier_addtl[2]: 1
2019/10/17-14:55:05.582337 7fc3a9fcb700 Options.max_bytes_for_level_multiplier_addtl[3]: 1
2019/10/17-14:55:05.582338 7fc3a9fcb700 Options.max_bytes_for_level_multiplier_addtl[4]: 1
2019/10/17-14:55:05.582339 7fc3a9fcb700 Options.max_bytes_for_level_multiplier_addtl[5]: 1
2019/10/17-14:55:05.582340 7fc3a9fcb700 Options.max_bytes_for_level_multiplier_addtl[6]: 1
2019/10/17-14:55:05.582342 7fc3a9fcb700       Options.max_sequential_skip_in_iterations: 8
2019/10/17-14:55:05.582348 7fc3a9fcb700                    Options.max_compaction_bytes: 1677721600
2019/10/17-14:55:05.582350 7fc3a9fcb700                        Options.arena_block_size: 8388608
2019/10/17-14:55:05.582351 7fc3a9fcb700   Options.soft_pending_compaction_bytes_limit: 68719476736
2019/10/17-14:55:05.582352 7fc3a9fcb700   Options.hard_pending_compaction_bytes_limit: 274877906944
2019/10/17-14:55:05.582353 7fc3a9fcb700       Options.rate_limit_delay_max_milliseconds: 100
2019/10/17-14:55:05.582354 7fc3a9fcb700                Options.disable_auto_compactions: 0
2019/10/17-14:55:05.582356 7fc3a9fcb700                        Options.compaction_style: kCompactionStyleLevel
2019/10/17-14:55:05.582357 7fc3a9fcb700                          Options.compaction_pri: kByCompensatedSize
2019/10/17-14:55:05.582359 7fc3a9fcb700 Options.compaction_options_universal.size_ratio: 1
2019/10/17-14:55:05.582360 7fc3a9fcb700 Options.compaction_options_universal.min_merge_width: 2
2019/10/17-14:55:05.582361 7fc3a9fcb700 Options.compaction_options_universal.max_merge_width: 4294967295
2019/10/17-14:55:05.582362 7fc3a9fcb700 Options.compaction_options_universal.max_size_amplification_percent: 200
2019/10/17-14:55:05.582363 7fc3a9fcb700 Options.compaction_options_universal.compression_size_percent: -1
2019/10/17-14:55:05.582365 7fc3a9fcb700 Options.compaction_options_universal.stop_style: kCompactionStopStyleTotalSize
2019/10/17-14:55:05.582366 7fc3a9fcb700 Options.compaction_options_fifo.max_table_files_size: 1073741824
2019/10/17-14:55:05.582367 7fc3a9fcb700 Options.compaction_options_fifo.allow_compaction: 0
2019/10/17-14:55:05.582368 7fc3a9fcb700 Options.compaction_options_fifo.ttl: 0
2019/10/17-14:55:05.582369 7fc3a9fcb700                   Options.table_properties_collectors: 
2019/10/17-14:55:05.582370 7fc3a9fcb700                   Options.inplace_update_support: 0
2019/10/17-14:55:05.582372 7fc3a9fcb700                 Options.inplace_update_num_locks: 10000
2019/10/17-14:55:05.582373 7fc3a9fcb700               Options.memtable_prefix_bloom_size_ratio: 0.000000
2019/10/17-14:55:05.582374 7fc3a9fcb700   Options.memtable_huge_page_size: 0
2019/10/17-14:55:05.582376 7fc3a9fcb700                           Options.bloom_locality: 0
2019/10/17-14:55:05.582377 7fc3a9fcb700                    Options.max_successive_merges: 0
2019/10/17-14:55:05.582378 7fc3a9fcb700                Options.optimize_filters_for_hits: 0
2019/10/17-14:55:05.582379 7fc3a9fcb700                Options.paranoid_file_checks: 0
2019/10/17-14:55:05.582380 7fc3a9fcb700                Options.force_consistency_checks: 0
2019/10/17-14:55:05.582381 7fc3a9fcb700                Options.report_bg_io_stats: 0
2019/10/17-14:55:05.582383 7fc3a9fcb700                               Options.ttl: 0
2019/10/17-14:55:05.582406 7fc3a9fcb700 [db/column_family.cc:472] --------------- Options for column family [entries]:
2019/10/17-14:55:05.582408 7fc3a9fcb700               Options.comparator: leveldb.BytewiseComparator
2019/10/17-14:55:05.582410 7fc3a9fcb700           Options.merge_operator: None
2019/10/17-14:55:05.582411 7fc3a9fcb700        Options.compaction_filter: None
2019/10/17-14:55:05.582412 7fc3a9fcb700        Options.compaction_filter_factory: None
2019/10/17-14:55:05.582413 7fc3a9fcb700         Options.memtable_factory: SkipListFactory
2019/10/17-14:55:05.582414 7fc3a9fcb700            Options.table_factory: BlockBasedTable
2019/10/17-14:55:05.582429 7fc3a9fcb700            table_factory options:   flush_block_policy_factory: FlushBlockBySizePolicyFactory (0x7fc35005c8c0)
  cache_index_and_filter_blocks: 0
  cache_index_and_filter_blocks_with_high_priority: 0
  pin_l0_filter_and_index_blocks_in_cache: 0
  pin_top_level_index_and_filter: 1
  index_type: 0
  hash_index_allow_collision: 1
  checksum: 1
  no_block_cache: 0
  block_cache: 0x7fc3500894d0
  block_cache_name: LRUCache
  block_cache_options:
    capacity : 8388608
    num_shard_bits : 4
    strict_capacity_limit : 0
    memory_allocator : None
    high_pri_pool_ratio: 0.000
  block_cache_compressed: (nil)
  persistent_cache: (nil)
  block_size: 4096
  block_size_deviation: 10
  block_restart_interval: 16
  index_block_restart_interval: 1
  metadata_block_size: 4096
  partition_filters: 0
  use_delta_encoding: 1
  filter_policy: nullptr
  whole_key_filtering: 1
  verify_compression: 0
  read_amp_bytes_per_bit: 0
  format_version: 2
  enable_index_compression: 1
  block_align: 0
2019/10/17-14:55:05.582438 7fc3a9fcb700        Options.write_buffer_size: 67108864
2019/10/17-14:55:05.582440 7fc3a9fcb700  Options.max_write_buffer_number: 2
2019/10/17-14:55:05.582441 7fc3a9fcb700          Options.compression: NoCompression
2019/10/17-14:55:05.582442 7fc3a9fcb700                  Options.bottommost_compression: Disabled
2019/10/17-14:55:05.582443 7fc3a9fcb700       Options.prefix_extractor: nullptr
2019/10/17-14:55:05.582444 7fc3a9fcb700   Options.memtable_insert_with_hint_prefix_extractor: nullptr
2019/10/17-14:55:05.582446 7fc3a9fcb700             Options.num_levels: 7
2019/10/17-14:55:05.582447 7fc3a9fcb700        Options.min_write_buffer_number_to_merge: 1
2019/10/17-14:55:05.582448 7fc3a9fcb700     Options.max_write_buffer_number_to_maintain: 0
2019/10/17-14:55:05.582449 7fc3a9fcb700            Options.bottommost_compression_opts.window_bits: -14
2019/10/17-14:55:05.582450 7fc3a9fcb700                  Options.bottommost_compression_opts.level: 32767
2019/10/17-14:55:05.582451 7fc3a9fcb700               Options.bottommost_compression_opts.strategy: 0
2019/10/17-14:55:05.582452 7fc3a9fcb700         Options.bottommost_compression_opts.max_dict_bytes: 0
2019/10/17-14:55:05.582454 7fc3a9fcb700         Options.bottommost_compression_opts.zstd_max_train_bytes: 0
2019/10/17-14:55:05.582455 7fc3a9fcb700                  Options.bottommost_compression_opts.enabled: false
2019/10/17-14:55:05.582456 7fc3a9fcb700            Options.compression_opts.window_bits: -14
2019/10/17-14:55:05.582457 7fc3a9fcb700                  Options.compression_opts.level: 32767
2019/10/17-14:55:05.582458 7fc3a9fcb700               Options.compression_opts.strategy: 0
2019/10/17-14:55:05.582459 7fc3a9fcb700         Options.compression_opts.max_dict_bytes: 0
2019/10/17-14:55:05.582461 7fc3a9fcb700         Options.compression_opts.zstd_max_train_bytes: 0
2019/10/17-14:55:05.582462 7fc3a9fcb700                  Options.compression_opts.enabled: false
2019/10/17-14:55:05.582463 7fc3a9fcb700      Options.level0_file_num_compaction_trigger: 4
2019/10/17-14:55:05.582464 7fc3a9fcb700          Options.level0_slowdown_writes_trigger: 20
2019/10/17-14:55:05.582465 7fc3a9fcb700              Options.level0_stop_writes_trigger: 36
2019/10/17-14:55:05.582466 7fc3a9fcb700                   Options.target_file_size_base: 67108864
2019/10/17-14:55:05.582468 7fc3a9fcb700             Options.target_file_size_multiplier: 1
2019/10/17-14:55:05.582469 7fc3a9fcb700                Options.max_bytes_for_level_base: 268435456
2019/10/17-14:55:05.582470 7fc3a9fcb700 Options.level_compaction_dynamic_level_bytes: 0
2019/10/17-14:55:05.582471 7fc3a9fcb700          Options.max_bytes_for_level_multiplier: 10.000000
2019/10/17-14:55:05.582473 7fc3a9fcb700 Options.max_bytes_for_level_multiplier_addtl[0]: 1
2019/10/17-14:55:05.582475 7fc3a9fcb700 Options.max_bytes_for_level_multiplier_addtl[1]: 1
2019/10/17-14:55:05.582476 7fc3a9fcb700 Options.max_bytes_for_level_multiplier_addtl[2]: 1
2019/10/17-14:55:05.582477 7fc3a9fcb700 Options.max_bytes_for_level_multiplier_addtl[3]: 1
2019/10/17-14:55:05.582478 7fc3a9fcb700 Options.max_bytes_for_level_multiplier_addtl[4]: 1
2019/10/17-14:55:05.582479 7fc3a9fcb700 Options.max_bytes_for_level_multiplier_addtl[5]: 1
2019/10/17-14:55:05.582480 7fc3a9fcb700 Options.max_bytes_for_level_multiplier_addtl[6]: 1
2019/10/17-14:55:05.582482 7fc3a9fcb700       Options.max_sequential_skip_in_iterations: 8
2019/10/17-14:55:05.582483 7fc3a9fcb700                    Options.max_compaction_bytes: 1677721600
2019/10/17-14:55:05.582484 7fc3a9fcb700                        Options.arena_block_size: 8388608
2019/10/17-14:55:05.582485 7fc3a9fcb700   Options.soft_pending_compaction_bytes_limit: 68719476736
2019/10/17-14:55:05.582492 7fc3a9fcb700   Options.hard_pending_compaction_bytes_limit: 274877906944
2019/10/17-14:55:05.582493 7fc3a9fcb700       Options.rate_limit_delay_max_milliseconds: 100
2019/10/17-14:55:05.582494 7fc3a9fcb700                Options.disable_auto_compactions: 0
2019/10/17-14:55:05.582496 7fc3a9fcb700                        Options.compaction_style: kCompactionStyleLevel
2019/10/17-14:55:05.582497 7fc3a9fcb700                          Options.compaction_pri: kByCompensatedSize
2019/10/17-14:55:05.582498 7fc3a9fcb700 Options.compaction_options_universal.size_ratio: 1
2019/10/17-14:55:05.582499 7fc3a9fcb700 Options.compaction_options_universal.min_merge_width: 2
2019/10/17-14:55:05.582501 7fc3a9fcb700 Options.compaction_options_universal.max_merge_width: 4294967295
2019/10/17-14:55:05.582502 7fc3a9fcb700 Options.compaction_options_universal.max_size_amplification_percent: 200
2019/10/17-14:55:05.582503 7fc3a9fcb700 Options.compaction_options_universal.compression_size_percent: -1
2019/10/17-14:55:05.582504 7fc3a9fcb700 Options.compaction_options_universal.stop_style: kCompactionStopStyleTotalSize
2019/10/17-14:55:05.582505 7fc3a9fcb700 Options.compaction_options_fifo.max_table_files_size: 1073741824
2019/10/17-14:55:05.582507 7fc3a9fcb700 Options.compaction_options_fifo.allow_compaction: 0
2019/10/17-14:55:05.582508 7fc3a9fcb700 Options.compaction_options_fifo.ttl: 0
2019/10/17-14:55:05.582509 7fc3a9fcb700                   Options.table_properties_collectors: 
2019/10/17-14:55:05.582510 7fc3a9fcb700                   Options.inplace_update_support: 0
2019/10/17-14:55:05.582511 7fc3a9fcb700                 Options.inplace_update_num_locks: 10000
2019/10/17-14:55:05.582512 7fc3a9fcb700               Options.memtable_prefix_bloom_size_ratio: 0.000000
2019/10/17-14:55:05.582514 7fc3a9fcb700   Options.memtable_huge_page_size: 0
2019/10/17-14:55:05.582515 7fc3a9fcb700                           Options.bloom_locality: 0
2019/10/17-14:55:05.582517 7fc3a9fcb700                    Options.max_successive_merges: 0
2019/10/17-14:55:05.582518 7fc3a9fcb700                Options.optimize_filters_for_hits: 0
2019/10/17-14:55:05.582519 7fc3a9fcb700                Options.paranoid_file_checks: 0
2019/10/17-14:55:05.582520 7fc3a9fcb700                Options.force_consistency_checks: 0
2019/10/17-14:55:05.582521 7fc3a9fcb700                Options.report_bg_io_stats: 0
2019/10/17-14:55:05.582522 7fc3a9fcb700                               Options.ttl: 0
2019/10/17-14:55:05.582545 7fc3a9fcb700 [db/column_family.cc:472] --------------- Options for column family [dc_entries]:
2019/10/17-14:55:05.582547 7fc3a9fcb700               Options.comparator: leveldb.BytewiseComparator
2019/10/17-14:55:05.582548 7fc3a9fcb700           Options.merge_operator: None
2019/10/17-14:55:05.582549 7fc3a9fcb700        Options.compaction_filter: None
2019/10/17-14:55:05.582550 7fc3a9fcb700        Options.compaction_filter_factory: None
2019/10/17-14:55:05.582552 7fc3a9fcb700         Options.memtable_factory: SkipListFactory
2019/10/17-14:55:05.582553 7fc3a9fcb700            Options.table_factory: BlockBasedTable
2019/10/17-14:55:05.582567 7fc3a9fcb700            table_factory options:   flush_block_policy_factory: FlushBlockBySizePolicyFactory (0x7fc350063490)
  cache_index_and_filter_blocks: 0
  cache_index_and_filter_blocks_with_high_priority: 0
  pin_l0_filter_and_index_blocks_in_cache: 0
  pin_top_level_index_and_filter: 1
  index_type: 0
  hash_index_allow_collision: 1
  checksum: 1
  no_block_cache: 0
  block_cache: 0x7fc3500742a0
  block_cache_name: LRUCache
  block_cache_options:
    capacity : 8388608
    num_shard_bits : 4
    strict_capacity_limit : 0
    memory_allocator : None
    high_pri_pool_ratio: 0.000
  block_cache_compressed: (nil)
  persistent_cache: (nil)
  block_size: 4096
  block_size_deviation: 10
  block_restart_interval: 16
  index_block_restart_interval: 1
  metadata_block_size: 4096
  partition_filters: 0
  use_delta_encoding: 1
  filter_policy: nullptr
  whole_key_filtering: 1
  verify_compression: 0
  read_amp_bytes_per_bit: 0
  format_version: 2
  enable_index_compression: 1
  block_align: 0
2019/10/17-14:55:05.582576 7fc3a9fcb700        Options.write_buffer_size: 67108864
2019/10/17-14:55:05.582577 7fc3a9fcb700  Options.max_write_buffer_number: 2
2019/10/17-14:55:05.582578 7fc3a9fcb700          Options.compression: NoCompression
2019/10/17-14:55:05.582580 7fc3a9fcb700                  Options.bottommost_compression: Disabled
2019/10/17-14:55:05.582581 7fc3a9fcb700       Options.prefix_extractor: nullptr
2019/10/17-14:55:05.582582 7fc3a9fcb700   Options.memtable_insert_with_hint_prefix_extractor: nullptr
2019/10/17-14:55:05.582583 7fc3a9fcb700             Options.num_levels: 7
2019/10/17-14:55:05.582584 7fc3a9fcb700        Options.min_write_buffer_number_to_merge: 1
2019/10/17-14:55:05.582585 7fc3a9fcb700     Options.max_write_buffer_number_to_maintain: 0
2019/10/17-14:55:05.582587 7fc3a9fcb700            Options.bottommost_compression_opts.window_bits: -14
2019/10/17-14:55:05.582588 7fc3a9fcb700                  Options.bottommost_compression_opts.level: 32767
2019/10/17-14:55:05.582589 7fc3a9fcb700               Options.bottommost_compression_opts.strategy: 0
2019/10/17-14:55:05.582590 7fc3a9fcb700         Options.bottommost_compression_opts.max_dict_bytes: 0
2019/10/17-14:55:05.582591 7fc3a9fcb700         Options.bottommost_compression_opts.zstd_max_train_bytes: 0
2019/10/17-14:55:05.582592 7fc3a9fcb700                  Options.bottommost_compression_opts.enabled: false
2019/10/17-14:55:05.582594 7fc3a9fcb700            Options.compression_opts.window_bits: -14
2019/10/17-14:55:05.582595 7fc3a9fcb700                  Options.compression_opts.level: 32767
2019/10/17-14:55:05.582596 7fc3a9fcb700               Options.compression_opts.strategy: 0
2019/10/17-14:55:05.582597 7fc3a9fcb700         Options.compression_opts.max_dict_bytes: 0
2019/10/17-14:55:05.582598 7fc3a9fcb700         Options.compression_opts.zstd_max_train_bytes: 0
2019/10/17-14:55:05.582599 7fc3a9fcb700                  Options.compression_opts.enabled: false
2019/10/17-14:55:05.582601 7fc3a9fcb700      Options.level0_file_num_compaction_trigger: 4
2019/10/17-14:55:05.582602 7fc3a9fcb700          Options.level0_slowdown_writes_trigger: 20
2019/10/17-14:55:05.582603 7fc3a9fcb700              Options.level0_stop_writes_trigger: 36
2019/10/17-14:55:05.582604 7fc3a9fcb700                   Options.target_file_size_base: 67108864
2019/10/17-14:55:05.582605 7fc3a9fcb700             Options.target_file_size_multiplier: 1
2019/10/17-14:55:05.582606 7fc3a9fcb700                Options.max_bytes_for_level_base: 268435456
2019/10/17-14:55:05.582608 7fc3a9fcb700 Options.level_compaction_dynamic_level_bytes: 0
2019/10/17-14:55:05.582609 7fc3a9fcb700          Options.max_bytes_for_level_multiplier: 10.000000
2019/10/17-14:55:05.582611 7fc3a9fcb700 Options.max_bytes_for_level_multiplier_addtl[0]: 1
2019/10/17-14:55:05.582612 7fc3a9fcb700 Options.max_bytes_for_level_multiplier_addtl[1]: 1
2019/10/17-14:55:05.582613 7fc3a9fcb700 Options.max_bytes_for_level_multiplier_addtl[2]: 1
2019/10/17-14:55:05.582614 7fc3a9fcb700 Options.max_bytes_for_level_multiplier_addtl[3]: 1
2019/10/17-14:55:05.582616 7fc3a9fcb700 Options.max_bytes_for_level_multiplier_addtl[4]: 1
2019/10/17-14:55:05.582617 7fc3a9fcb700 Options.max_bytes_for_level_multiplier_addtl[5]: 1
2019/10/17-14:55:05.582618 7fc3a9fcb700 Options.max_bytes_for_level_multiplier_addtl[6]: 1
2019/10/17-14:55:05.582619 7fc3a9fcb700       Options.max_sequential_skip_in_iterations: 8
2019/10/17-14:55:05.582620 7fc3a9fcb700                    Options.max_compaction_bytes: 1677721600
2019/10/17-14:55:05.582621 7fc3a9fcb700                        Options.arena_block_size: 8388608
2019/10/17-14:55:05.582623 7fc3a9fcb700   Options.soft_pending_compaction_bytes_limit: 68719476736
2019/10/17-14:55:05.582624 7fc3a9fcb700   Options.hard_pending_compaction_bytes_limit: 274877906944
2019/10/17-14:55:05.582625 7fc3a9fcb700       Options.rate_limit_delay_max_milliseconds: 100
2019/10/17-14:55:05.582626 7fc3a9fcb700                Options.disable_auto_compactions: 0
2019/10/17-14:55:05.582633 7fc3a9fcb700                        Options.compaction_style: kCompactionStyleLevel
2019/10/17-14:55:05.582635 7fc3a9fcb700                          Options.compaction_pri: kByCompensatedSize
2019/10/17-14:55:05.582636 7fc3a9fcb700 Options.compaction_options_universal.size_ratio: 1
2019/10/17-14:55:05.582638 7fc3a9fcb700 Options.compaction_options_universal.min_merge_width: 2
2019/10/17-14:55:05.582639 7fc3a9fcb700 Options.compaction_options_universal.max_merge_width: 4294967295
2019/10/17-14:55:05.582640 7fc3a9fcb700 Options.compaction_options_universal.max_size_amplification_percent: 200
2019/10/17-14:55:05.582641 7fc3a9fcb700 Options.compaction_options_universal.compression_size_percent: -1
2019/10/17-14:55:05.582642 7fc3a9fcb700 Options.compaction_options_universal.stop_style: kCompactionStopStyleTotalSize
2019/10/17-14:55:05.582644 7fc3a9fcb700 Options.compaction_options_fifo.max_table_files_size: 1073741824
2019/10/17-14:55:05.582645 7fc3a9fcb700 Options.compaction_options_fifo.allow_compaction: 0
2019/10/17-14:55:05.582646 7fc3a9fcb700 Options.compaction_options_fifo.ttl: 0
2019/10/17-14:55:05.582647 7fc3a9fcb700                   Options.table_properties_collectors: 
2019/10/17-14:55:05.582648 7fc3a9fcb700                   Options.inplace_update_support: 0
2019/10/17-14:55:05.582649 7fc3a9fcb700                 Options.inplace_update_num_locks: 10000
2019/10/17-14:55:05.582650 7fc3a9fcb700               Options.memtable_prefix_bloom_size_ratio: 0.000000
2019/10/17-14:55:05.582652 7fc3a9fcb700   Options.memtable_huge_page_size: 0
2019/10/17-14:55:05.582653 7fc3a9fcb700                           Options.bloom_locality: 0
2019/10/17-14:55:05.582654 7fc3a9fcb700                    Options.max_successive_merges: 0
2019/10/17-14:55:05.582656 7fc3a9fcb700                Options.optimize_filters_for_hits: 0
2019/10/17-14:55:05.582657 7fc3a9fcb700                Options.paranoid_file_checks: 0
2019/10/17-14:55:05.582658 7fc3a9fcb700                Options.force_consistency_checks: 0
2019/10/17-14:55:05.582659 7fc3a9fcb700                Options.report_bg_io_stats: 0
2019/10/17-14:55:05.582660 7fc3a9fcb700                               Options.ttl: 0
2019/10/17-14:55:05.582679 7fc3a9fcb700 [db/column_family.cc:472] --------------- Options for column family [htlcs]:
2019/10/17-14:55:05.582681 7fc3a9fcb700               Options.comparator: leveldb.BytewiseComparator
2019/10/17-14:55:05.582682 7fc3a9fcb700           Options.merge_operator: None
2019/10/17-14:55:05.582683 7fc3a9fcb700        Options.compaction_filter: None
2019/10/17-14:55:05.582684 7fc3a9fcb700        Options.compaction_filter_factory: None
2019/10/17-14:55:05.582685 7fc3a9fcb700         Options.memtable_factory: SkipListFactory
2019/10/17-14:55:05.582686 7fc3a9fcb700            Options.table_factory: BlockBasedTable
2019/10/17-14:55:05.582700 7fc3a9fcb700            table_factory options:   flush_block_policy_factory: FlushBlockBySizePolicyFactory (0x7fc35000af10)
