2019/10/17-14:54:15.228022 7fc3a9fcb700 RocksDB version: 5.18.3
2019/10/17-14:54:15.228075 7fc3a9fcb700 Git sha rocksdb_build_git_sha:@0@
2019/10/17-14:54:15.228077 7fc3a9fcb700 Compile date Sep 19 2019
2019/10/17-14:54:15.228079 7fc3a9fcb700 DB SUMMARY
2019/10/17-14:54:15.228826 7fc3a9fcb700 CURRENT file:  CURRENT
2019/10/17-14:54:15.228828 7fc3a9fcb700 IDENTITY file:  IDENTITY
2019/10/17-14:54:15.228866 7fc3a9fcb700 MANIFEST file:  MANIFEST-114916 size: 4114 Bytes
2019/10/17-14:54:15.228868 7fc3a9fcb700 SST files in /home/rahul/dev/blockchain-core/eqc/ledger.db dir, Total Num: 29, files: 000624.sst 000627.sst 106940.sst 108447.sst 108450.sst 109471.sst 109483.sst 109485.sst 109486.sst 
2019/10/17-14:54:15.228870 7fc3a9fcb700 Write Ahead Log file in /home/rahul/dev/blockchain-core/eqc/ledger.db: 114917.log size: 0 ; 
2019/10/17-14:54:15.228905 7fc3a9fcb700                         Options.error_if_exists: 0
2019/10/17-14:54:15.228906 7fc3a9fcb700                       Options.create_if_missing: 1
2019/10/17-14:54:15.228907 7fc3a9fcb700                         Options.paranoid_checks: 1
2019/10/17-14:54:15.228908 7fc3a9fcb700                                     Options.env: 0x7fc32ae1fc60
2019/10/17-14:54:15.228910 7fc3a9fcb700                                Options.info_log: 0x7fc3500426e0
2019/10/17-14:54:15.228911 7fc3a9fcb700                Options.max_file_opening_threads: 16
2019/10/17-14:54:15.228912 7fc3a9fcb700                              Options.statistics: (nil)
2019/10/17-14:54:15.228913 7fc3a9fcb700                               Options.use_fsync: 0
2019/10/17-14:54:15.228914 7fc3a9fcb700                       Options.max_log_file_size: 0
2019/10/17-14:54:15.228915 7fc3a9fcb700                  Options.max_manifest_file_size: 1073741824
2019/10/17-14:54:15.228916 7fc3a9fcb700                   Options.log_file_time_to_roll: 0
2019/10/17-14:54:15.228917 7fc3a9fcb700                       Options.keep_log_file_num: 1000
2019/10/17-14:54:15.228919 7fc3a9fcb700                    Options.recycle_log_file_num: 0
2019/10/17-14:54:15.228920 7fc3a9fcb700                         Options.allow_fallocate: 1
2019/10/17-14:54:15.228921 7fc3a9fcb700                        Options.allow_mmap_reads: 0
2019/10/17-14:54:15.228922 7fc3a9fcb700                       Options.allow_mmap_writes: 0
2019/10/17-14:54:15.228923 7fc3a9fcb700                        Options.use_direct_reads: 0
2019/10/17-14:54:15.228924 7fc3a9fcb700                        Options.use_direct_io_for_flush_and_compaction: 0
2019/10/17-14:54:15.228925 7fc3a9fcb700          Options.create_missing_column_families: 0
2019/10/17-14:54:15.228926 7fc3a9fcb700                              Options.db_log_dir: 
2019/10/17-14:54:15.228927 7fc3a9fcb700                                 Options.wal_dir: /home/rahul/dev/blockchain-core/eqc/ledger.db
2019/10/17-14:54:15.228928 7fc3a9fcb700                Options.table_cache_numshardbits: 6
2019/10/17-14:54:15.228929 7fc3a9fcb700                      Options.max_subcompactions: 1
2019/10/17-14:54:15.228930 7fc3a9fcb700                  Options.max_background_flushes: -1
2019/10/17-14:54:15.228931 7fc3a9fcb700                         Options.WAL_ttl_seconds: 0
2019/10/17-14:54:15.228933 7fc3a9fcb700                       Options.WAL_size_limit_MB: 0
2019/10/17-14:54:15.228934 7fc3a9fcb700             Options.manifest_preallocation_size: 4194304
2019/10/17-14:54:15.228935 7fc3a9fcb700                     Options.is_fd_close_on_exec: 1
2019/10/17-14:54:15.228936 7fc3a9fcb700                   Options.advise_random_on_open: 1
2019/10/17-14:54:15.228937 7fc3a9fcb700                    Options.db_write_buffer_size: 0
2019/10/17-14:54:15.228938 7fc3a9fcb700                    Options.write_buffer_manager: 0x7fc3500a8020
2019/10/17-14:54:15.228939 7fc3a9fcb700         Options.access_hint_on_compaction_start: 1
2019/10/17-14:54:15.228940 7fc3a9fcb700  Options.new_table_reader_for_compaction_inputs: 0
2019/10/17-14:54:15.228941 7fc3a9fcb700           Options.random_access_max_buffer_size: 1048576
2019/10/17-14:54:15.228942 7fc3a9fcb700                      Options.use_adaptive_mutex: 0
2019/10/17-14:54:15.228943 7fc3a9fcb700                            Options.rate_limiter: (nil)
2019/10/17-14:54:15.228952 7fc3a9fcb700     Options.sst_file_manager.rate_bytes_per_sec: 0
2019/10/17-14:54:15.228954 7fc3a9fcb700                       Options.wal_recovery_mode: 2
2019/10/17-14:54:15.228955 7fc3a9fcb700                  Options.enable_thread_tracking: 0
2019/10/17-14:54:15.228956 7fc3a9fcb700                  Options.enable_pipelined_write: 0
2019/10/17-14:54:15.228957 7fc3a9fcb700         Options.allow_concurrent_memtable_write: 1
2019/10/17-14:54:15.228958 7fc3a9fcb700      Options.enable_write_thread_adaptive_yield: 1
2019/10/17-14:54:15.228959 7fc3a9fcb700             Options.write_thread_max_yield_usec: 100
2019/10/17-14:54:15.228960 7fc3a9fcb700            Options.write_thread_slow_yield_usec: 3
2019/10/17-14:54:15.228961 7fc3a9fcb700                               Options.row_cache: None
2019/10/17-14:54:15.228962 7fc3a9fcb700                              Options.wal_filter: None
2019/10/17-14:54:15.228963 7fc3a9fcb700             Options.avoid_flush_during_recovery: 0
2019/10/17-14:54:15.228964 7fc3a9fcb700             Options.allow_ingest_behind: 0
2019/10/17-14:54:15.228965 7fc3a9fcb700             Options.preserve_deletes: 0
2019/10/17-14:54:15.228966 7fc3a9fcb700             Options.two_write_queues: 0
2019/10/17-14:54:15.228968 7fc3a9fcb700             Options.manual_wal_flush: 0
2019/10/17-14:54:15.228969 7fc3a9fcb700             Options.max_background_jobs: 2
2019/10/17-14:54:15.228970 7fc3a9fcb700             Options.max_background_compactions: -1
2019/10/17-14:54:15.228971 7fc3a9fcb700             Options.avoid_flush_during_shutdown: 0
2019/10/17-14:54:15.228972 7fc3a9fcb700           Options.writable_file_max_buffer_size: 1048576
2019/10/17-14:54:15.228973 7fc3a9fcb700             Options.delayed_write_rate : 16777216
2019/10/17-14:54:15.228974 7fc3a9fcb700             Options.max_total_wal_size: 0
2019/10/17-14:54:15.228975 7fc3a9fcb700             Options.delete_obsolete_files_period_micros: 21600000000
2019/10/17-14:54:15.228976 7fc3a9fcb700                   Options.stats_dump_period_sec: 600
2019/10/17-14:54:15.228977 7fc3a9fcb700                          Options.max_open_files: -1
2019/10/17-14:54:15.228978 7fc3a9fcb700                          Options.bytes_per_sync: 0
2019/10/17-14:54:15.228979 7fc3a9fcb700                      Options.wal_bytes_per_sync: 0
2019/10/17-14:54:15.228980 7fc3a9fcb700       Options.compaction_readahead_size: 0
2019/10/17-14:54:15.228981 7fc3a9fcb700 Compression algorithms supported:
2019/10/17-14:54:15.228983 7fc3a9fcb700 	kZSTDNotFinalCompression supported: 0
2019/10/17-14:54:15.228984 7fc3a9fcb700 	kZSTD supported: 0
2019/10/17-14:54:15.228985 7fc3a9fcb700 	kXpressCompression supported: 0
2019/10/17-14:54:15.228986 7fc3a9fcb700 	kLZ4HCCompression supported: 0
2019/10/17-14:54:15.228987 7fc3a9fcb700 	kLZ4Compression supported: 0
2019/10/17-14:54:15.228989 7fc3a9fcb700 	kBZip2Compression supported: 0
2019/10/17-14:54:15.228990 7fc3a9fcb700 	kZlibCompression supported: 0
2019/10/17-14:54:15.228991 7fc3a9fcb700 	kSnappyCompression supported: 0
2019/10/17-14:54:15.228993 7fc3a9fcb700 Fast CRC32 supported: Supported on x86
2019/10/17-14:54:15.229085 7fc3a9fcb700 [db/version_set.cc:3507] Recovering from manifest file: MANIFEST-114916
2019/10/17-14:54:15.229120 7fc3a9fcb700 [db/column_family.cc:472] --------------- Options for column family [default]:
2019/10/17-14:54:15.229121 7fc3a9fcb700               Options.comparator: leveldb.BytewiseComparator
2019/10/17-14:54:15.229123 7fc3a9fcb700           Options.merge_operator: None
2019/10/17-14:54:15.229124 7fc3a9fcb700        Options.compaction_filter: None
2019/10/17-14:54:15.229125 7fc3a9fcb700        Options.compaction_filter_factory: None
2019/10/17-14:54:15.229126 7fc3a9fcb700         Options.memtable_factory: SkipListFactory
2019/10/17-14:54:15.229127 7fc3a9fcb700            Options.table_factory: BlockBasedTable
2019/10/17-14:54:15.229145 7fc3a9fcb700            table_factory options:   flush_block_policy_factory: FlushBlockBySizePolicyFactory (0x7fc350043320)
  cache_index_and_filter_blocks: 0
  cache_index_and_filter_blocks_with_high_priority: 0
  pin_l0_filter_and_index_blocks_in_cache: 0
  pin_top_level_index_and_filter: 1
  index_type: 0
  hash_index_allow_collision: 1
  checksum: 1
  no_block_cache: 0
  block_cache: 0x7fc3500e2dd0
  block_cache_name: LRUCache
  block_cache_options:
    capacity : 8388608
    num_shard_bits : 4
    strict_capacity_limit : 0
    memory_allocator : None
    high_pri_pool_ratio: 0.000
  block_cache_compressed: (nil)
  persistent_cache: (nil)
  block_size: 4096
  block_size_deviation: 10
  block_restart_interval: 16
  index_block_restart_interval: 1
  metadata_block_size: 4096
  partition_filters: 0
  use_delta_encoding: 1
  filter_policy: nullptr
  whole_key_filtering: 1
  verify_compression: 0
  read_amp_bytes_per_bit: 0
  format_version: 2
  enable_index_compression: 1
  block_align: 0
2019/10/17-14:54:15.229153 7fc3a9fcb700        Options.write_buffer_size: 67108864
2019/10/17-14:54:15.229154 7fc3a9fcb700  Options.max_write_buffer_number: 2
2019/10/17-14:54:15.229155 7fc3a9fcb700          Options.compression: NoCompression
2019/10/17-14:54:15.229156 7fc3a9fcb700                  Options.bottommost_compression: Disabled
2019/10/17-14:54:15.229157 7fc3a9fcb700       Options.prefix_extractor: nullptr
2019/10/17-14:54:15.229158 7fc3a9fcb700   Options.memtable_insert_with_hint_prefix_extractor: nullptr
2019/10/17-14:54:15.229159 7fc3a9fcb700             Options.num_levels: 7
2019/10/17-14:54:15.229161 7fc3a9fcb700        Options.min_write_buffer_number_to_merge: 1
2019/10/17-14:54:15.229162 7fc3a9fcb700     Options.max_write_buffer_number_to_maintain: 0
2019/10/17-14:54:15.229163 7fc3a9fcb700            Options.bottommost_compression_opts.window_bits: -14
2019/10/17-14:54:15.229164 7fc3a9fcb700                  Options.bottommost_compression_opts.level: 32767
2019/10/17-14:54:15.229165 7fc3a9fcb700               Options.bottommost_compression_opts.strategy: 0
2019/10/17-14:54:15.229166 7fc3a9fcb700         Options.bottommost_compression_opts.max_dict_bytes: 0
2019/10/17-14:54:15.229167 7fc3a9fcb700         Options.bottommost_compression_opts.zstd_max_train_bytes: 0
2019/10/17-14:54:15.229168 7fc3a9fcb700                  Options.bottommost_compression_opts.enabled: false
2019/10/17-14:54:15.229169 7fc3a9fcb700            Options.compression_opts.window_bits: -14
2019/10/17-14:54:15.229170 7fc3a9fcb700                  Options.compression_opts.level: 32767
2019/10/17-14:54:15.229171 7fc3a9fcb700               Options.compression_opts.strategy: 0
2019/10/17-14:54:15.229173 7fc3a9fcb700         Options.compression_opts.max_dict_bytes: 0
2019/10/17-14:54:15.229174 7fc3a9fcb700         Options.compression_opts.zstd_max_train_bytes: 0
2019/10/17-14:54:15.229175 7fc3a9fcb700                  Options.compression_opts.enabled: false
2019/10/17-14:54:15.229176 7fc3a9fcb700      Options.level0_file_num_compaction_trigger: 4
2019/10/17-14:54:15.229177 7fc3a9fcb700          Options.level0_slowdown_writes_trigger: 20
2019/10/17-14:54:15.229178 7fc3a9fcb700              Options.level0_stop_writes_trigger: 36
2019/10/17-14:54:15.229179 7fc3a9fcb700                   Options.target_file_size_base: 67108864
2019/10/17-14:54:15.229180 7fc3a9fcb700             Options.target_file_size_multiplier: 1
2019/10/17-14:54:15.229181 7fc3a9fcb700                Options.max_bytes_for_level_base: 268435456
2019/10/17-14:54:15.229182 7fc3a9fcb700 Options.level_compaction_dynamic_level_bytes: 0
2019/10/17-14:54:15.229183 7fc3a9fcb700          Options.max_bytes_for_level_multiplier: 10.000000
2019/10/17-14:54:15.229185 7fc3a9fcb700 Options.max_bytes_for_level_multiplier_addtl[0]: 1
2019/10/17-14:54:15.229187 7fc3a9fcb700 Options.max_bytes_for_level_multiplier_addtl[1]: 1
2019/10/17-14:54:15.229188 7fc3a9fcb700 Options.max_bytes_for_level_multiplier_addtl[2]: 1
2019/10/17-14:54:15.229189 7fc3a9fcb700 Options.max_bytes_for_level_multiplier_addtl[3]: 1
2019/10/17-14:54:15.229190 7fc3a9fcb700 Options.max_bytes_for_level_multiplier_addtl[4]: 1
2019/10/17-14:54:15.229195 7fc3a9fcb700 Options.max_bytes_for_level_multiplier_addtl[5]: 1
2019/10/17-14:54:15.229196 7fc3a9fcb700 Options.max_bytes_for_level_multiplier_addtl[6]: 1
2019/10/17-14:54:15.229197 7fc3a9fcb700       Options.max_sequential_skip_in_iterations: 8
2019/10/17-14:54:15.229198 7fc3a9fcb700                    Options.max_compaction_bytes: 1677721600
2019/10/17-14:54:15.229199 7fc3a9fcb700                        Options.arena_block_size: 8388608
2019/10/17-14:54:15.229200 7fc3a9fcb700   Options.soft_pending_compaction_bytes_limit: 68719476736
2019/10/17-14:54:15.229201 7fc3a9fcb700   Options.hard_pending_compaction_bytes_limit: 274877906944
2019/10/17-14:54:15.229203 7fc3a9fcb700       Options.rate_limit_delay_max_milliseconds: 100
2019/10/17-14:54:15.229204 7fc3a9fcb700                Options.disable_auto_compactions: 0
2019/10/17-14:54:15.229205 7fc3a9fcb700                        Options.compaction_style: kCompactionStyleLevel
2019/10/17-14:54:15.229207 7fc3a9fcb700                          Options.compaction_pri: kByCompensatedSize
2019/10/17-14:54:15.229208 7fc3a9fcb700 Options.compaction_options_universal.size_ratio: 1
2019/10/17-14:54:15.229209 7fc3a9fcb700 Options.compaction_options_universal.min_merge_width: 2
2019/10/17-14:54:15.229210 7fc3a9fcb700 Options.compaction_options_universal.max_merge_width: 4294967295
2019/10/17-14:54:15.229211 7fc3a9fcb700 Options.compaction_options_universal.max_size_amplification_percent: 200
2019/10/17-14:54:15.229212 7fc3a9fcb700 Options.compaction_options_universal.compression_size_percent: -1
2019/10/17-14:54:15.229214 7fc3a9fcb700 Options.compaction_options_universal.stop_style: kCompactionStopStyleTotalSize
2019/10/17-14:54:15.229215 7fc3a9fcb700 Options.compaction_options_fifo.max_table_files_size: 1073741824
2019/10/17-14:54:15.229216 7fc3a9fcb700 Options.compaction_options_fifo.allow_compaction: 0
2019/10/17-14:54:15.229217 7fc3a9fcb700 Options.compaction_options_fifo.ttl: 0
2019/10/17-14:54:15.229218 7fc3a9fcb700                   Options.table_properties_collectors: 
2019/10/17-14:54:15.229219 7fc3a9fcb700                   Options.inplace_update_support: 0
2019/10/17-14:54:15.229220 7fc3a9fcb700                 Options.inplace_update_num_locks: 10000
2019/10/17-14:54:15.229221 7fc3a9fcb700               Options.memtable_prefix_bloom_size_ratio: 0.000000
2019/10/17-14:54:15.229223 7fc3a9fcb700   Options.memtable_huge_page_size: 0
2019/10/17-14:54:15.229224 7fc3a9fcb700                           Options.bloom_locality: 0
2019/10/17-14:54:15.229225 7fc3a9fcb700                    Options.max_successive_merges: 0
2019/10/17-14:54:15.229226 7fc3a9fcb700                Options.optimize_filters_for_hits: 0
2019/10/17-14:54:15.229227 7fc3a9fcb700                Options.paranoid_file_checks: 0
2019/10/17-14:54:15.229228 7fc3a9fcb700                Options.force_consistency_checks: 0
2019/10/17-14:54:15.229229 7fc3a9fcb700                Options.report_bg_io_stats: 0
2019/10/17-14:54:15.229230 7fc3a9fcb700                               Options.ttl: 0
2019/10/17-14:54:15.229257 7fc3a9fcb700 [db/column_family.cc:472] --------------- Options for column family [active_gateways]:
2019/10/17-14:54:15.229259 7fc3a9fcb700               Options.comparator: leveldb.BytewiseComparator
2019/10/17-14:54:15.229260 7fc3a9fcb700           Options.merge_operator: None
2019/10/17-14:54:15.229261 7fc3a9fcb700        Options.compaction_filter: None
2019/10/17-14:54:15.229262 7fc3a9fcb700        Options.compaction_filter_factory: None
2019/10/17-14:54:15.229263 7fc3a9fcb700         Options.memtable_factory: SkipListFactory
2019/10/17-14:54:15.229265 7fc3a9fcb700            Options.table_factory: BlockBasedTable
2019/10/17-14:54:15.229277 7fc3a9fcb700            table_factory options:   flush_block_policy_factory: FlushBlockBySizePolicyFactory (0x7fc3501064c0)
  cache_index_and_filter_blocks: 0
  cache_index_and_filter_blocks_with_high_priority: 0
  pin_l0_filter_and_index_blocks_in_cache: 0
  pin_top_level_index_and_filter: 1
  index_type: 0
  hash_index_allow_collision: 1
  checksum: 1
  no_block_cache: 0
  block_cache: 0x7fc3501122c0
  block_cache_name: LRUCache
  block_cache_options:
    capacity : 8388608
    num_shard_bits : 4
    strict_capacity_limit : 0
    memory_allocator : None
    high_pri_pool_ratio: 0.000
  block_cache_compressed: (nil)
  persistent_cache: (nil)
  block_size: 4096
  block_size_deviation: 10
  block_restart_interval: 16
  index_block_restart_interval: 1
  metadata_block_size: 4096
  partition_filters: 0
  use_delta_encoding: 1
  filter_policy: nullptr
  whole_key_filtering: 1
  verify_compression: 0
  read_amp_bytes_per_bit: 0
  format_version: 2
  enable_index_compression: 1
  block_align: 0
2019/10/17-14:54:15.229284 7fc3a9fcb700        Options.write_buffer_size: 67108864
2019/10/17-14:54:15.229285 7fc3a9fcb700  Options.max_write_buffer_number: 2
2019/10/17-14:54:15.229286 7fc3a9fcb700          Options.compression: NoCompression
2019/10/17-14:54:15.229287 7fc3a9fcb700                  Options.bottommost_compression: Disabled
2019/10/17-14:54:15.229288 7fc3a9fcb700       Options.prefix_extractor: nullptr
2019/10/17-14:54:15.229289 7fc3a9fcb700   Options.memtable_insert_with_hint_prefix_extractor: nullptr
2019/10/17-14:54:15.229290 7fc3a9fcb700             Options.num_levels: 7
2019/10/17-14:54:15.229291 7fc3a9fcb700        Options.min_write_buffer_number_to_merge: 1
2019/10/17-14:54:15.229292 7fc3a9fcb700     Options.max_write_buffer_number_to_maintain: 0
2019/10/17-14:54:15.229293 7fc3a9fcb700            Options.bottommost_compression_opts.window_bits: -14
2019/10/17-14:54:15.229295 7fc3a9fcb700                  Options.bottommost_compression_opts.level: 32767
2019/10/17-14:54:15.229296 7fc3a9fcb700               Options.bottommost_compression_opts.strategy: 0
2019/10/17-14:54:15.229297 7fc3a9fcb700         Options.bottommost_compression_opts.max_dict_bytes: 0
2019/10/17-14:54:15.229298 7fc3a9fcb700         Options.bottommost_compression_opts.zstd_max_train_bytes: 0
2019/10/17-14:54:15.229299 7fc3a9fcb700                  Options.bottommost_compression_opts.enabled: false
2019/10/17-14:54:15.229300 7fc3a9fcb700            Options.compression_opts.window_bits: -14
2019/10/17-14:54:15.229301 7fc3a9fcb700                  Options.compression_opts.level: 32767
2019/10/17-14:54:15.229302 7fc3a9fcb700               Options.compression_opts.strategy: 0
2019/10/17-14:54:15.229303 7fc3a9fcb700         Options.compression_opts.max_dict_bytes: 0
2019/10/17-14:54:15.229304 7fc3a9fcb700         Options.compression_opts.zstd_max_train_bytes: 0
2019/10/17-14:54:15.229305 7fc3a9fcb700                  Options.compression_opts.enabled: false
2019/10/17-14:54:15.229306 7fc3a9fcb700      Options.level0_file_num_compaction_trigger: 4
2019/10/17-14:54:15.229307 7fc3a9fcb700          Options.level0_slowdown_writes_trigger: 20
2019/10/17-14:54:15.229308 7fc3a9fcb700              Options.level0_stop_writes_trigger: 36
2019/10/17-14:54:15.229309 7fc3a9fcb700                   Options.target_file_size_base: 67108864
2019/10/17-14:54:15.229310 7fc3a9fcb700             Options.target_file_size_multiplier: 1
2019/10/17-14:54:15.229311 7fc3a9fcb700                Options.max_bytes_for_level_base: 268435456
2019/10/17-14:54:15.229312 7fc3a9fcb700 Options.level_compaction_dynamic_level_bytes: 0
2019/10/17-14:54:15.229314 7fc3a9fcb700          Options.max_bytes_for_level_multiplier: 10.000000
2019/10/17-14:54:15.229315 7fc3a9fcb700 Options.max_bytes_for_level_multiplier_addtl[0]: 1
2019/10/17-14:54:15.229316 7fc3a9fcb700 Options.max_bytes_for_level_multiplier_addtl[1]: 1
2019/10/17-14:54:15.229317 7fc3a9fcb700 Options.max_bytes_for_level_multiplier_addtl[2]: 1
2019/10/17-14:54:15.229318 7fc3a9fcb700 Options.max_bytes_for_level_multiplier_addtl[3]: 1
2019/10/17-14:54:15.229319 7fc3a9fcb700 Options.max_bytes_for_level_multiplier_addtl[4]: 1
2019/10/17-14:54:15.229320 7fc3a9fcb700 Options.max_bytes_for_level_multiplier_addtl[5]: 1
2019/10/17-14:54:15.229321 7fc3a9fcb700 Options.max_bytes_for_level_multiplier_addtl[6]: 1
2019/10/17-14:54:15.229322 7fc3a9fcb700       Options.max_sequential_skip_in_iterations: 8
2019/10/17-14:54:15.229327 7fc3a9fcb700                    Options.max_compaction_bytes: 1677721600
2019/10/17-14:54:15.229328 7fc3a9fcb700                        Options.arena_block_size: 8388608
2019/10/17-14:54:15.229329 7fc3a9fcb700   Options.soft_pending_compaction_bytes_limit: 68719476736
2019/10/17-14:54:15.229330 7fc3a9fcb700   Options.hard_pending_compaction_bytes_limit: 274877906944
2019/10/17-14:54:15.229331 7fc3a9fcb700       Options.rate_limit_delay_max_milliseconds: 100
2019/10/17-14:54:15.229332 7fc3a9fcb700                Options.disable_auto_compactions: 0
2019/10/17-14:54:15.229333 7fc3a9fcb700                        Options.compaction_style: kCompactionStyleLevel
2019/10/17-14:54:15.229334 7fc3a9fcb700                          Options.compaction_pri: kByCompensatedSize
2019/10/17-14:54:15.229335 7fc3a9fcb700 Options.compaction_options_universal.size_ratio: 1
2019/10/17-14:54:15.229337 7fc3a9fcb700 Options.compaction_options_universal.min_merge_width: 2
2019/10/17-14:54:15.229338 7fc3a9fcb700 Options.compaction_options_universal.max_merge_width: 4294967295
2019/10/17-14:54:15.229339 7fc3a9fcb700 Options.compaction_options_universal.max_size_amplification_percent: 200
2019/10/17-14:54:15.229340 7fc3a9fcb700 Options.compaction_options_universal.compression_size_percent: -1
2019/10/17-14:54:15.229341 7fc3a9fcb700 Options.compaction_options_universal.stop_style: kCompactionStopStyleTotalSize
2019/10/17-14:54:15.229342 7fc3a9fcb700 Options.compaction_options_fifo.max_table_files_size: 1073741824
2019/10/17-14:54:15.229343 7fc3a9fcb700 Options.compaction_options_fifo.allow_compaction: 0
2019/10/17-14:54:15.229344 7fc3a9fcb700 Options.compaction_options_fifo.ttl: 0
2019/10/17-14:54:15.229345 7fc3a9fcb700                   Options.table_properties_collectors: 
2019/10/17-14:54:15.229346 7fc3a9fcb700                   Options.inplace_update_support: 0
2019/10/17-14:54:15.229347 7fc3a9fcb700                 Options.inplace_update_num_locks: 10000
2019/10/17-14:54:15.229349 7fc3a9fcb700               Options.memtable_prefix_bloom_size_ratio: 0.000000
2019/10/17-14:54:15.229350 7fc3a9fcb700   Options.memtable_huge_page_size: 0
2019/10/17-14:54:15.229351 7fc3a9fcb700                           Options.bloom_locality: 0
2019/10/17-14:54:15.229352 7fc3a9fcb700                    Options.max_successive_merges: 0
2019/10/17-14:54:15.229353 7fc3a9fcb700                Options.optimize_filters_for_hits: 0
2019/10/17-14:54:15.229354 7fc3a9fcb700                Options.paranoid_file_checks: 0
2019/10/17-14:54:15.229355 7fc3a9fcb700                Options.force_consistency_checks: 0
2019/10/17-14:54:15.229356 7fc3a9fcb700                Options.report_bg_io_stats: 0
2019/10/17-14:54:15.229357 7fc3a9fcb700                               Options.ttl: 0
2019/10/17-14:54:15.229375 7fc3a9fcb700 [db/column_family.cc:472] --------------- Options for column family [entries]:
2019/10/17-14:54:15.229376 7fc3a9fcb700               Options.comparator: leveldb.BytewiseComparator
2019/10/17-14:54:15.229377 7fc3a9fcb700           Options.merge_operator: None
2019/10/17-14:54:15.229378 7fc3a9fcb700        Options.compaction_filter: None
2019/10/17-14:54:15.229379 7fc3a9fcb700        Options.compaction_filter_factory: None
2019/10/17-14:54:15.229380 7fc3a9fcb700         Options.memtable_factory: SkipListFactory
2019/10/17-14:54:15.229382 7fc3a9fcb700            Options.table_factory: BlockBasedTable
2019/10/17-14:54:15.229394 7fc3a9fcb700            table_factory options:   flush_block_policy_factory: FlushBlockBySizePolicyFactory (0x7fc3500a06b0)
  cache_index_and_filter_blocks: 0
  cache_index_and_filter_blocks_with_high_priority: 0
  pin_l0_filter_and_index_blocks_in_cache: 0
  pin_top_level_index_and_filter: 1
  index_type: 0
  hash_index_allow_collision: 1
  checksum: 1
  no_block_cache: 0
  block_cache: 0x7fc35004ac30
  block_cache_name: LRUCache
  block_cache_options:
    capacity : 8388608
    num_shard_bits : 4
    strict_capacity_limit : 0
    memory_allocator : None
    high_pri_pool_ratio: 0.000
  block_cache_compressed: (nil)
  persistent_cache: (nil)
  block_size: 4096
  block_size_deviation: 10
  block_restart_interval: 16
  index_block_restart_interval: 1
  metadata_block_size: 4096
  partition_filters: 0
  use_delta_encoding: 1
  filter_policy: nullptr
  whole_key_filtering: 1
  verify_compression: 0
  read_amp_bytes_per_bit: 0
  format_version: 2
  enable_index_compression: 1
  block_align: 0
2019/10/17-14:54:15.229400 7fc3a9fcb700        Options.write_buffer_size: 67108864
2019/10/17-14:54:15.229401 7fc3a9fcb700  Options.max_write_buffer_number: 2
2019/10/17-14:54:15.229402 7fc3a9fcb700          Options.compression: NoCompression
2019/10/17-14:54:15.229403 7fc3a9fcb700                  Options.bottommost_compression: Disabled
2019/10/17-14:54:15.229404 7fc3a9fcb700       Options.prefix_extractor: nullptr
2019/10/17-14:54:15.229405 7fc3a9fcb700   Options.memtable_insert_with_hint_prefix_extractor: nullptr
2019/10/17-14:54:15.229406 7fc3a9fcb700             Options.num_levels: 7
2019/10/17-14:54:15.229407 7fc3a9fcb700        Options.min_write_buffer_number_to_merge: 1
2019/10/17-14:54:15.229409 7fc3a9fcb700     Options.max_write_buffer_number_to_maintain: 0
2019/10/17-14:54:15.229410 7fc3a9fcb700            Options.bottommost_compression_opts.window_bits: -14
2019/10/17-14:54:15.229411 7fc3a9fcb700                  Options.bottommost_compression_opts.level: 32767
2019/10/17-14:54:15.229412 7fc3a9fcb700               Options.bottommost_compression_opts.strategy: 0
2019/10/17-14:54:15.229413 7fc3a9fcb700         Options.bottommost_compression_opts.max_dict_bytes: 0
2019/10/17-14:54:15.229414 7fc3a9fcb700         Options.bottommost_compression_opts.zstd_max_train_bytes: 0
2019/10/17-14:54:15.229415 7fc3a9fcb700                  Options.bottommost_compression_opts.enabled: false
2019/10/17-14:54:15.229416 7fc3a9fcb700            Options.compression_opts.window_bits: -14
2019/10/17-14:54:15.229417 7fc3a9fcb700                  Options.compression_opts.level: 32767
2019/10/17-14:54:15.229418 7fc3a9fcb700               Options.compression_opts.strategy: 0
2019/10/17-14:54:15.229419 7fc3a9fcb700         Options.compression_opts.max_dict_bytes: 0
2019/10/17-14:54:15.229420 7fc3a9fcb700         Options.compression_opts.zstd_max_train_bytes: 0
2019/10/17-14:54:15.229421 7fc3a9fcb700                  Options.compression_opts.enabled: false
2019/10/17-14:54:15.229422 7fc3a9fcb700      Options.level0_file_num_compaction_trigger: 4
2019/10/17-14:54:15.229423 7fc3a9fcb700          Options.level0_slowdown_writes_trigger: 20
2019/10/17-14:54:15.229424 7fc3a9fcb700              Options.level0_stop_writes_trigger: 36
2019/10/17-14:54:15.229425 7fc3a9fcb700                   Options.target_file_size_base: 67108864
2019/10/17-14:54:15.229426 7fc3a9fcb700             Options.target_file_size_multiplier: 1
2019/10/17-14:54:15.229427 7fc3a9fcb700                Options.max_bytes_for_level_base: 268435456
2019/10/17-14:54:15.229428 7fc3a9fcb700 Options.level_compaction_dynamic_level_bytes: 0
2019/10/17-14:54:15.229429 7fc3a9fcb700          Options.max_bytes_for_level_multiplier: 10.000000
2019/10/17-14:54:15.229431 7fc3a9fcb700 Options.max_bytes_for_level_multiplier_addtl[0]: 1
2019/10/17-14:54:15.229432 7fc3a9fcb700 Options.max_bytes_for_level_multiplier_addtl[1]: 1
2019/10/17-14:54:15.229433 7fc3a9fcb700 Options.max_bytes_for_level_multiplier_addtl[2]: 1
2019/10/17-14:54:15.229434 7fc3a9fcb700 Options.max_bytes_for_level_multiplier_addtl[3]: 1
2019/10/17-14:54:15.229435 7fc3a9fcb700 Options.max_bytes_for_level_multiplier_addtl[4]: 1
2019/10/17-14:54:15.229437 7fc3a9fcb700 Options.max_bytes_for_level_multiplier_addtl[5]: 1
2019/10/17-14:54:15.229438 7fc3a9fcb700 Options.max_bytes_for_level_multiplier_addtl[6]: 1
2019/10/17-14:54:15.229439 7fc3a9fcb700       Options.max_sequential_skip_in_iterations: 8
2019/10/17-14:54:15.229440 7fc3a9fcb700                    Options.max_compaction_bytes: 1677721600
2019/10/17-14:54:15.229441 7fc3a9fcb700                        Options.arena_block_size: 8388608
2019/10/17-14:54:15.229442 7fc3a9fcb700   Options.soft_pending_compaction_bytes_limit: 68719476736
2019/10/17-14:54:15.229447 7fc3a9fcb700   Options.hard_pending_compaction_bytes_limit: 274877906944
2019/10/17-14:54:15.229448 7fc3a9fcb700       Options.rate_limit_delay_max_milliseconds: 100
2019/10/17-14:54:15.229449 7fc3a9fcb700                Options.disable_auto_compactions: 0
2019/10/17-14:54:15.229450 7fc3a9fcb700                        Options.compaction_style: kCompactionStyleLevel
2019/10/17-14:54:15.229451 7fc3a9fcb700                          Options.compaction_pri: kByCompensatedSize
2019/10/17-14:54:15.229452 7fc3a9fcb700 Options.compaction_options_universal.size_ratio: 1
2019/10/17-14:54:15.229453 7fc3a9fcb700 Options.compaction_options_universal.min_merge_width: 2
2019/10/17-14:54:15.229454 7fc3a9fcb700 Options.compaction_options_universal.max_merge_width: 4294967295
2019/10/17-14:54:15.229455 7fc3a9fcb700 Options.compaction_options_universal.max_size_amplification_percent: 200
2019/10/17-14:54:15.229456 7fc3a9fcb700 Options.compaction_options_universal.compression_size_percent: -1
2019/10/17-14:54:15.229457 7fc3a9fcb700 Options.compaction_options_universal.stop_style: kCompactionStopStyleTotalSize
2019/10/17-14:54:15.229459 7fc3a9fcb700 Options.compaction_options_fifo.max_table_files_size: 1073741824
2019/10/17-14:54:15.229460 7fc3a9fcb700 Options.compaction_options_fifo.allow_compaction: 0
2019/10/17-14:54:15.229461 7fc3a9fcb700 Options.compaction_options_fifo.ttl: 0
2019/10/17-14:54:15.229462 7fc3a9fcb700                   Options.table_properties_collectors: 
2019/10/17-14:54:15.229463 7fc3a9fcb700                   Options.inplace_update_support: 0
2019/10/17-14:54:15.229464 7fc3a9fcb700                 Options.inplace_update_num_locks: 10000
2019/10/17-14:54:15.229465 7fc3a9fcb700               Options.memtable_prefix_bloom_size_ratio: 0.000000
2019/10/17-14:54:15.229466 7fc3a9fcb700   Options.memtable_huge_page_size: 0
2019/10/17-14:54:15.229467 7fc3a9fcb700                           Options.bloom_locality: 0
2019/10/17-14:54:15.229468 7fc3a9fcb700                    Options.max_successive_merges: 0
2019/10/17-14:54:15.229469 7fc3a9fcb700                Options.optimize_filters_for_hits: 0
2019/10/17-14:54:15.229470 7fc3a9fcb700                Options.paranoid_file_checks: 0
2019/10/17-14:54:15.229471 7fc3a9fcb700                Options.force_consistency_checks: 0
2019/10/17-14:54:15.229473 7fc3a9fcb700                Options.report_bg_io_stats: 0
2019/10/17-14:54:15.229474 7fc3a9fcb700                               Options.ttl: 0
2019/10/17-14:54:15.229490 7fc3a9fcb700 [db/column_family.cc:472] --------------- Options for column family [dc_entries]:
2019/10/17-14:54:15.229491 7fc3a9fcb700               Options.comparator: leveldb.BytewiseComparator
2019/10/17-14:54:15.229492 7fc3a9fcb700           Options.merge_operator: None
2019/10/17-14:54:15.229493 7fc3a9fcb700        Options.compaction_filter: None
2019/10/17-14:54:15.229494 7fc3a9fcb700        Options.compaction_filter_factory: None
2019/10/17-14:54:15.229495 7fc3a9fcb700         Options.memtable_factory: SkipListFactory
2019/10/17-14:54:15.229496 7fc3a9fcb700            Options.table_factory: BlockBasedTable
2019/10/17-14:54:15.229509 7fc3a9fcb700            table_factory options:   flush_block_policy_factory: FlushBlockBySizePolicyFactory (0x7fc35004af50)
  cache_index_and_filter_blocks: 0
  cache_index_and_filter_blocks_with_high_priority: 0
  pin_l0_filter_and_index_blocks_in_cache: 0
  pin_top_level_index_and_filter: 1
  index_type: 0
  hash_index_allow_collision: 1
  checksum: 1
  no_block_cache: 0
  block_cache: 0x7fc350089820
  block_cache_name: LRUCache
  block_cache_options:
    capacity : 8388608
    num_shard_bits : 4
    strict_capacity_limit : 0
    memory_allocator : None
    high_pri_pool_ratio: 0.000
  block_cache_compressed: (nil)
  persistent_cache: (nil)
  block_size: 4096
  block_size_deviation: 10
  block_restart_interval: 16
  index_block_restart_interval: 1
  metadata_block_size: 4096
  partition_filters: 0
  use_delta_encoding: 1
  filter_policy: nullptr
  whole_key_filtering: 1
  verify_compression: 0
  read_amp_bytes_per_bit: 0
  format_version: 2
  enable_index_compression: 1
  block_align: 0
2019/10/17-14:54:15.229515 7fc3a9fcb700        Options.write_buffer_size: 67108864
2019/10/17-14:54:15.229516 7fc3a9fcb700  Options.max_write_buffer_number: 2
2019/10/17-14:54:15.229517 7fc3a9fcb700          Options.compression: NoCompression
2019/10/17-14:54:15.229518 7fc3a9fcb700                  Options.bottommost_compression: Disabled
2019/10/17-14:54:15.229519 7fc3a9fcb700       Options.prefix_extractor: nullptr
2019/10/17-14:54:15.229520 7fc3a9fcb700   Options.memtable_insert_with_hint_prefix_extractor: nullptr
2019/10/17-14:54:15.229521 7fc3a9fcb700             Options.num_levels: 7
2019/10/17-14:54:15.229522 7fc3a9fcb700        Options.min_write_buffer_number_to_merge: 1
2019/10/17-14:54:15.229523 7fc3a9fcb700     Options.max_write_buffer_number_to_maintain: 0
2019/10/17-14:54:15.229524 7fc3a9fcb700            Options.bottommost_compression_opts.window_bits: -14
2019/10/17-14:54:15.229525 7fc3a9fcb700                  Options.bottommost_compression_opts.level: 32767
2019/10/17-14:54:15.229526 7fc3a9fcb700               Options.bottommost_compression_opts.strategy: 0
2019/10/17-14:54:15.229527 7fc3a9fcb700         Options.bottommost_compression_opts.max_dict_bytes: 0
2019/10/17-14:54:15.229528 7fc3a9fcb700         Options.bottommost_compression_opts.zstd_max_train_bytes: 0
2019/10/17-14:54:15.229529 7fc3a9fcb700                  Options.bottommost_compression_opts.enabled: false
2019/10/17-14:54:15.229530 7fc3a9fcb700            Options.compression_opts.window_bits: -14
2019/10/17-14:54:15.229532 7fc3a9fcb700                  Options.compression_opts.level: 32767
2019/10/17-14:54:15.229533 7fc3a9fcb700               Options.compression_opts.strategy: 0
2019/10/17-14:54:15.229534 7fc3a9fcb700         Options.compression_opts.max_dict_bytes: 0
2019/10/17-14:54:15.229535 7fc3a9fcb700         Options.compression_opts.zstd_max_train_bytes: 0
2019/10/17-14:54:15.229536 7fc3a9fcb700                  Options.compression_opts.enabled: false
2019/10/17-14:54:15.229537 7fc3a9fcb700      Options.level0_file_num_compaction_trigger: 4
2019/10/17-14:54:15.229538 7fc3a9fcb700          Options.level0_slowdown_writes_trigger: 20
2019/10/17-14:54:15.229539 7fc3a9fcb700              Options.level0_stop_writes_trigger: 36
2019/10/17-14:54:15.229540 7fc3a9fcb700                   Options.target_file_size_base: 67108864
2019/10/17-14:54:15.229541 7fc3a9fcb700             Options.target_file_size_multiplier: 1
2019/10/17-14:54:15.229542 7fc3a9fcb700                Options.max_bytes_for_level_base: 268435456
2019/10/17-14:54:15.229543 7fc3a9fcb700 Options.level_compaction_dynamic_level_bytes: 0
2019/10/17-14:54:15.229544 7fc3a9fcb700          Options.max_bytes_for_level_multiplier: 10.000000
2019/10/17-14:54:15.229546 7fc3a9fcb700 Options.max_bytes_for_level_multiplier_addtl[0]: 1
2019/10/17-14:54:15.229547 7fc3a9fcb700 Options.max_bytes_for_level_multiplier_addtl[1]: 1
2019/10/17-14:54:15.229548 7fc3a9fcb700 Options.max_bytes_for_level_multiplier_addtl[2]: 1
2019/10/17-14:54:15.229549 7fc3a9fcb700 Options.max_bytes_for_level_multiplier_addtl[3]: 1
2019/10/17-14:54:15.229550 7fc3a9fcb700 Options.max_bytes_for_level_multiplier_addtl[4]: 1
2019/10/17-14:54:15.229551 7fc3a9fcb700 Options.max_bytes_for_level_multiplier_addtl[5]: 1
2019/10/17-14:54:15.229552 7fc3a9fcb700 Options.max_bytes_for_level_multiplier_addtl[6]: 1
2019/10/17-14:54:15.229554 7fc3a9fcb700       Options.max_sequential_skip_in_iterations: 8
2019/10/17-14:54:15.229555 7fc3a9fcb700                    Options.max_compaction_bytes: 1677721600
2019/10/17-14:54:15.229556 7fc3a9fcb700                        Options.arena_block_size: 8388608
2019/10/17-14:54:15.229557 7fc3a9fcb700   Options.soft_pending_compaction_bytes_limit: 68719476736
2019/10/17-14:54:15.229558 7fc3a9fcb700   Options.hard_pending_compaction_bytes_limit: 274877906944
2019/10/17-14:54:15.229559 7fc3a9fcb700       Options.rate_limit_delay_max_milliseconds: 100
2019/10/17-14:54:15.229560 7fc3a9fcb700                Options.disable_auto_compactions: 0
2019/10/17-14:54:15.229565 7fc3a9fcb700                        Options.compaction_style: kCompactionStyleLevel
2019/10/17-14:54:15.229566 7fc3a9fcb700                          Options.compaction_pri: kByCompensatedSize
2019/10/17-14:54:15.229567 7fc3a9fcb700 Options.compaction_options_universal.size_ratio: 1
2019/10/17-14:54:15.229569 7fc3a9fcb700 Options.compaction_options_universal.min_merge_width: 2
2019/10/17-14:54:15.229570 7fc3a9fcb700 Options.compaction_options_universal.max_merge_width: 4294967295
2019/10/17-14:54:15.229571 7fc3a9fcb700 Options.compaction_options_universal.max_size_amplification_percent: 200
2019/10/17-14:54:15.229572 7fc3a9fcb700 Options.compaction_options_universal.compression_size_percent: -1
2019/10/17-14:54:15.229573 7fc3a9fcb700 Options.compaction_options_universal.stop_style: kCompactionStopStyleTotalSize
2019/10/17-14:54:15.229574 7fc3a9fcb700 Options.compaction_options_fifo.max_table_files_size: 1073741824
2019/10/17-14:54:15.229575 7fc3a9fcb700 Options.compaction_options_fifo.allow_compaction: 0
2019/10/17-14:54:15.229576 7fc3a9fcb700 Options.compaction_options_fifo.ttl: 0
2019/10/17-14:54:15.229577 7fc3a9fcb700                   Options.table_properties_collectors: 
2019/10/17-14:54:15.229578 7fc3a9fcb700                   Options.inplace_update_support: 0
2019/10/17-14:54:15.229579 7fc3a9fcb700                 Options.inplace_update_num_locks: 10000
2019/10/17-14:54:15.229580 7fc3a9fcb700               Options.memtable_prefix_bloom_size_ratio: 0.000000
2019/10/17-14:54:15.229582 7fc3a9fcb700   Options.memtable_huge_page_size: 0
2019/10/17-14:54:15.229583 7fc3a9fcb700                           Options.bloom_locality: 0
2019/10/17-14:54:15.229584 7fc3a9fcb700                    Options.max_successive_merges: 0
2019/10/17-14:54:15.229585 7fc3a9fcb700                Options.optimize_filters_for_hits: 0
2019/10/17-14:54:15.229586 7fc3a9fcb700                Options.paranoid_file_checks: 0
2019/10/17-14:54:15.229587 7fc3a9fcb700                Options.force_consistency_checks: 0
2019/10/17-14:54:15.229588 7fc3a9fcb700                Options.report_bg_io_stats: 0
2019/10/17-14:54:15.229589 7fc3a9fcb700                               Options.ttl: 0
2019/10/17-14:54:15.229602 7fc3a9fcb700 [db/column_family.cc:472] --------------- Options for column family [htlcs]:
2019/10/17-14:54:15.229604 7fc3a9fcb700               Options.comparator: leveldb.BytewiseComparator
2019/10/17-14:54:15.229605 7fc3a9fcb700           Options.merge_operator: None
2019/10/17-14:54:15.229606 7fc3a9fcb700        Options.compaction_filter: None
2019/10/17-14:54:15.229607 7fc3a9fcb700        Options.compaction_filter_factory: None
2019/10/17-14:54:15.229608 7fc3a9fcb700         Options.memtable_factory: SkipListFactory
2019/10/17-14:54:15.229609 7fc3a9fcb700            Options.table_factory: BlockBasedTable
2019/10/17-14:54:15.229621 7fc3a9fcb700            table_factory options:   flush_block_policy_factory: FlushBlockBySizePolicyFactory (0x7fc35002a990)
