2019/10/17-14:55:03.478295 7fc3a9fcb700 RocksDB version: 5.18.3
2019/10/17-14:55:03.478318 7fc3a9fcb700 Git sha rocksdb_build_git_sha:@0@
2019/10/17-14:55:03.478319 7fc3a9fcb700 Compile date Sep 19 2019
2019/10/17-14:55:03.478320 7fc3a9fcb700 DB SUMMARY
2019/10/17-14:55:03.478844 7fc3a9fcb700 CURRENT file:  CURRENT
2019/10/17-14:55:03.478845 7fc3a9fcb700 IDENTITY file:  IDENTITY
2019/10/17-14:55:03.478867 7fc3a9fcb700 MANIFEST file:  MANIFEST-116236 size: 4114 Bytes
2019/10/17-14:55:03.478868 7fc3a9fcb700 SST files in /home/rahul/dev/blockchain-core/eqc/ledger.db dir, Total Num: 29, files: 000624.sst 000627.sst 106940.sst 108447.sst 108450.sst 109471.sst 109483.sst 109485.sst 109486.sst 
2019/10/17-14:55:03.478869 7fc3a9fcb700 Write Ahead Log file in /home/rahul/dev/blockchain-core/eqc/ledger.db: 116237.log size: 0 ; 
2019/10/17-14:55:03.478894 7fc3a9fcb700                         Options.error_if_exists: 0
2019/10/17-14:55:03.478895 7fc3a9fcb700                       Options.create_if_missing: 1
2019/10/17-14:55:03.478896 7fc3a9fcb700                         Options.paranoid_checks: 1
2019/10/17-14:55:03.478896 7fc3a9fcb700                                     Options.env: 0x7fc32ae1fc60
2019/10/17-14:55:03.478897 7fc3a9fcb700                                Options.info_log: 0x7fc3500ffaf0
2019/10/17-14:55:03.478898 7fc3a9fcb700                Options.max_file_opening_threads: 16
2019/10/17-14:55:03.478898 7fc3a9fcb700                              Options.statistics: (nil)
2019/10/17-14:55:03.478899 7fc3a9fcb700                               Options.use_fsync: 0
2019/10/17-14:55:03.478900 7fc3a9fcb700                       Options.max_log_file_size: 0
2019/10/17-14:55:03.478900 7fc3a9fcb700                  Options.max_manifest_file_size: 1073741824
2019/10/17-14:55:03.478901 7fc3a9fcb700                   Options.log_file_time_to_roll: 0
2019/10/17-14:55:03.478901 7fc3a9fcb700                       Options.keep_log_file_num: 1000
2019/10/17-14:55:03.478902 7fc3a9fcb700                    Options.recycle_log_file_num: 0
2019/10/17-14:55:03.478903 7fc3a9fcb700                         Options.allow_fallocate: 1
2019/10/17-14:55:03.478903 7fc3a9fcb700                        Options.allow_mmap_reads: 0
2019/10/17-14:55:03.478904 7fc3a9fcb700                       Options.allow_mmap_writes: 0
2019/10/17-14:55:03.478904 7fc3a9fcb700                        Options.use_direct_reads: 0
2019/10/17-14:55:03.478905 7fc3a9fcb700                        Options.use_direct_io_for_flush_and_compaction: 0
2019/10/17-14:55:03.478905 7fc3a9fcb700          Options.create_missing_column_families: 0
2019/10/17-14:55:03.478906 7fc3a9fcb700                              Options.db_log_dir: 
2019/10/17-14:55:03.478906 7fc3a9fcb700                                 Options.wal_dir: /home/rahul/dev/blockchain-core/eqc/ledger.db
2019/10/17-14:55:03.478907 7fc3a9fcb700                Options.table_cache_numshardbits: 6
2019/10/17-14:55:03.478908 7fc3a9fcb700                      Options.max_subcompactions: 1
2019/10/17-14:55:03.478908 7fc3a9fcb700                  Options.max_background_flushes: -1
2019/10/17-14:55:03.478909 7fc3a9fcb700                         Options.WAL_ttl_seconds: 0
2019/10/17-14:55:03.478909 7fc3a9fcb700                       Options.WAL_size_limit_MB: 0
2019/10/17-14:55:03.478910 7fc3a9fcb700             Options.manifest_preallocation_size: 4194304
2019/10/17-14:55:03.478911 7fc3a9fcb700                     Options.is_fd_close_on_exec: 1
2019/10/17-14:55:03.478911 7fc3a9fcb700                   Options.advise_random_on_open: 1
2019/10/17-14:55:03.478912 7fc3a9fcb700                    Options.db_write_buffer_size: 0
2019/10/17-14:55:03.478912 7fc3a9fcb700                    Options.write_buffer_manager: 0x7fc35008ea10
2019/10/17-14:55:03.478913 7fc3a9fcb700         Options.access_hint_on_compaction_start: 1
2019/10/17-14:55:03.478913 7fc3a9fcb700  Options.new_table_reader_for_compaction_inputs: 0
2019/10/17-14:55:03.478914 7fc3a9fcb700           Options.random_access_max_buffer_size: 1048576
2019/10/17-14:55:03.478914 7fc3a9fcb700                      Options.use_adaptive_mutex: 0
2019/10/17-14:55:03.478915 7fc3a9fcb700                            Options.rate_limiter: (nil)
2019/10/17-14:55:03.478922 7fc3a9fcb700     Options.sst_file_manager.rate_bytes_per_sec: 0
2019/10/17-14:55:03.478922 7fc3a9fcb700                       Options.wal_recovery_mode: 2
2019/10/17-14:55:03.478923 7fc3a9fcb700                  Options.enable_thread_tracking: 0
2019/10/17-14:55:03.478924 7fc3a9fcb700                  Options.enable_pipelined_write: 0
2019/10/17-14:55:03.478924 7fc3a9fcb700         Options.allow_concurrent_memtable_write: 1
2019/10/17-14:55:03.478925 7fc3a9fcb700      Options.enable_write_thread_adaptive_yield: 1
2019/10/17-14:55:03.478925 7fc3a9fcb700             Options.write_thread_max_yield_usec: 100
2019/10/17-14:55:03.478926 7fc3a9fcb700            Options.write_thread_slow_yield_usec: 3
2019/10/17-14:55:03.478926 7fc3a9fcb700                               Options.row_cache: None
2019/10/17-14:55:03.478927 7fc3a9fcb700                              Options.wal_filter: None
2019/10/17-14:55:03.478928 7fc3a9fcb700             Options.avoid_flush_during_recovery: 0
2019/10/17-14:55:03.478928 7fc3a9fcb700             Options.allow_ingest_behind: 0
2019/10/17-14:55:03.478929 7fc3a9fcb700             Options.preserve_deletes: 0
2019/10/17-14:55:03.478929 7fc3a9fcb700             Options.two_write_queues: 0
2019/10/17-14:55:03.478930 7fc3a9fcb700             Options.manual_wal_flush: 0
2019/10/17-14:55:03.478930 7fc3a9fcb700             Options.max_background_jobs: 2
2019/10/17-14:55:03.478931 7fc3a9fcb700             Options.max_background_compactions: -1
2019/10/17-14:55:03.478932 7fc3a9fcb700             Options.avoid_flush_during_shutdown: 0
2019/10/17-14:55:03.478932 7fc3a9fcb700           Options.writable_file_max_buffer_size: 1048576
2019/10/17-14:55:03.478933 7fc3a9fcb700             Options.delayed_write_rate : 16777216
2019/10/17-14:55:03.478933 7fc3a9fcb700             Options.max_total_wal_size: 0
2019/10/17-14:55:03.478934 7fc3a9fcb700             Options.delete_obsolete_files_period_micros: 21600000000
2019/10/17-14:55:03.478935 7fc3a9fcb700                   Options.stats_dump_period_sec: 600
2019/10/17-14:55:03.478935 7fc3a9fcb700                          Options.max_open_files: -1
2019/10/17-14:55:03.478936 7fc3a9fcb700                          Options.bytes_per_sync: 0
2019/10/17-14:55:03.478936 7fc3a9fcb700                      Options.wal_bytes_per_sync: 0
2019/10/17-14:55:03.478937 7fc3a9fcb700       Options.compaction_readahead_size: 0
2019/10/17-14:55:03.478937 7fc3a9fcb700 Compression algorithms supported:
2019/10/17-14:55:03.478938 7fc3a9fcb700 	kZSTDNotFinalCompression supported: 0
2019/10/17-14:55:03.478939 7fc3a9fcb700 	kZSTD supported: 0
2019/10/17-14:55:03.478940 7fc3a9fcb700 	kXpressCompression supported: 0
2019/10/17-14:55:03.478941 7fc3a9fcb700 	kLZ4HCCompression supported: 0
2019/10/17-14:55:03.478941 7fc3a9fcb700 	kLZ4Compression supported: 0
2019/10/17-14:55:03.478942 7fc3a9fcb700 	kBZip2Compression supported: 0
2019/10/17-14:55:03.478942 7fc3a9fcb700 	kZlibCompression supported: 0
2019/10/17-14:55:03.478943 7fc3a9fcb700 	kSnappyCompression supported: 0
2019/10/17-14:55:03.478944 7fc3a9fcb700 Fast CRC32 supported: Supported on x86
2019/10/17-14:55:03.479013 7fc3a9fcb700 [db/version_set.cc:3507] Recovering from manifest file: MANIFEST-116236
2019/10/17-14:55:03.479038 7fc3a9fcb700 [db/column_family.cc:472] --------------- Options for column family [default]:
2019/10/17-14:55:03.479040 7fc3a9fcb700               Options.comparator: leveldb.BytewiseComparator
2019/10/17-14:55:03.479040 7fc3a9fcb700           Options.merge_operator: None
2019/10/17-14:55:03.479041 7fc3a9fcb700        Options.compaction_filter: None
2019/10/17-14:55:03.479041 7fc3a9fcb700        Options.compaction_filter_factory: None
2019/10/17-14:55:03.479042 7fc3a9fcb700         Options.memtable_factory: SkipListFactory
2019/10/17-14:55:03.479043 7fc3a9fcb700            Options.table_factory: BlockBasedTable
2019/10/17-14:55:03.479054 7fc3a9fcb700            table_factory options:   flush_block_policy_factory: FlushBlockBySizePolicyFactory (0x7fc35007ba00)
  cache_index_and_filter_blocks: 0
  cache_index_and_filter_blocks_with_high_priority: 0
  pin_l0_filter_and_index_blocks_in_cache: 0
  pin_top_level_index_and_filter: 1
  index_type: 0
  hash_index_allow_collision: 1
  checksum: 1
  no_block_cache: 0
  block_cache: 0x7fc3500efc20
  block_cache_name: LRUCache
  block_cache_options:
    capacity : 8388608
    num_shard_bits : 4
    strict_capacity_limit : 0
    memory_allocator : None
    high_pri_pool_ratio: 0.000
  block_cache_compressed: (nil)
  persistent_cache: (nil)
  block_size: 4096
  block_size_deviation: 10
  block_restart_interval: 16
  index_block_restart_interval: 1
  metadata_block_size: 4096
  partition_filters: 0
  use_delta_encoding: 1
  filter_policy: nullptr
  whole_key_filtering: 1
  verify_compression: 0
  read_amp_bytes_per_bit: 0
  format_version: 2
  enable_index_compression: 1
  block_align: 0
2019/10/17-14:55:03.479060 7fc3a9fcb700        Options.write_buffer_size: 67108864
2019/10/17-14:55:03.479061 7fc3a9fcb700  Options.max_write_buffer_number: 2
2019/10/17-14:55:03.479062 7fc3a9fcb700          Options.compression: NoCompression
2019/10/17-14:55:03.479062 7fc3a9fcb700                  Options.bottommost_compression: Disabled
2019/10/17-14:55:03.479063 7fc3a9fcb700       Options.prefix_extractor: nullptr
2019/10/17-14:55:03.479064 7fc3a9fcb700   Options.memtable_insert_with_hint_prefix_extractor: nullptr
2019/10/17-14:55:03.479064 7fc3a9fcb700             Options.num_levels: 7
2019/10/17-14:55:03.479065 7fc3a9fcb700        Options.min_write_buffer_number_to_merge: 1
2019/10/17-14:55:03.479065 7fc3a9fcb700     Options.max_write_buffer_number_to_maintain: 0
2019/10/17-14:55:03.479066 7fc3a9fcb700            Options.bottommost_compression_opts.window_bits: -14
2019/10/17-14:55:03.479066 7fc3a9fcb700                  Options.bottommost_compression_opts.level: 32767
2019/10/17-14:55:03.479067 7fc3a9fcb700               Options.bottommost_compression_opts.strategy: 0
2019/10/17-14:55:03.479068 7fc3a9fcb700         Options.bottommost_compression_opts.max_dict_bytes: 0
2019/10/17-14:55:03.479068 7fc3a9fcb700         Options.bottommost_compression_opts.zstd_max_train_bytes: 0
2019/10/17-14:55:03.479069 7fc3a9fcb700                  Options.bottommost_compression_opts.enabled: false
2019/10/17-14:55:03.479069 7fc3a9fcb700            Options.compression_opts.window_bits: -14
2019/10/17-14:55:03.479070 7fc3a9fcb700                  Options.compression_opts.level: 32767
2019/10/17-14:55:03.479070 7fc3a9fcb700               Options.compression_opts.strategy: 0
2019/10/17-14:55:03.479071 7fc3a9fcb700         Options.compression_opts.max_dict_bytes: 0
2019/10/17-14:55:03.479072 7fc3a9fcb700         Options.compression_opts.zstd_max_train_bytes: 0
2019/10/17-14:55:03.479072 7fc3a9fcb700                  Options.compression_opts.enabled: false
2019/10/17-14:55:03.479073 7fc3a9fcb700      Options.level0_file_num_compaction_trigger: 4
2019/10/17-14:55:03.479073 7fc3a9fcb700          Options.level0_slowdown_writes_trigger: 20
2019/10/17-14:55:03.479074 7fc3a9fcb700              Options.level0_stop_writes_trigger: 36
2019/10/17-14:55:03.479074 7fc3a9fcb700                   Options.target_file_size_base: 67108864
2019/10/17-14:55:03.479075 7fc3a9fcb700             Options.target_file_size_multiplier: 1
2019/10/17-14:55:03.479076 7fc3a9fcb700                Options.max_bytes_for_level_base: 268435456
2019/10/17-14:55:03.479076 7fc3a9fcb700 Options.level_compaction_dynamic_level_bytes: 0
2019/10/17-14:55:03.479077 7fc3a9fcb700          Options.max_bytes_for_level_multiplier: 10.000000
2019/10/17-14:55:03.479078 7fc3a9fcb700 Options.max_bytes_for_level_multiplier_addtl[0]: 1
2019/10/17-14:55:03.479079 7fc3a9fcb700 Options.max_bytes_for_level_multiplier_addtl[1]: 1
2019/10/17-14:55:03.479079 7fc3a9fcb700 Options.max_bytes_for_level_multiplier_addtl[2]: 1
2019/10/17-14:55:03.479080 7fc3a9fcb700 Options.max_bytes_for_level_multiplier_addtl[3]: 1
2019/10/17-14:55:03.479081 7fc3a9fcb700 Options.max_bytes_for_level_multiplier_addtl[4]: 1
2019/10/17-14:55:03.479084 7fc3a9fcb700 Options.max_bytes_for_level_multiplier_addtl[5]: 1
2019/10/17-14:55:03.479084 7fc3a9fcb700 Options.max_bytes_for_level_multiplier_addtl[6]: 1
2019/10/17-14:55:03.479085 7fc3a9fcb700       Options.max_sequential_skip_in_iterations: 8
2019/10/17-14:55:03.479086 7fc3a9fcb700                    Options.max_compaction_bytes: 1677721600
2019/10/17-14:55:03.479086 7fc3a9fcb700                        Options.arena_block_size: 8388608
2019/10/17-14:55:03.479087 7fc3a9fcb700   Options.soft_pending_compaction_bytes_limit: 68719476736
2019/10/17-14:55:03.479087 7fc3a9fcb700   Options.hard_pending_compaction_bytes_limit: 274877906944
2019/10/17-14:55:03.479088 7fc3a9fcb700       Options.rate_limit_delay_max_milliseconds: 100
2019/10/17-14:55:03.479088 7fc3a9fcb700                Options.disable_auto_compactions: 0
2019/10/17-14:55:03.479090 7fc3a9fcb700                        Options.compaction_style: kCompactionStyleLevel
2019/10/17-14:55:03.479091 7fc3a9fcb700                          Options.compaction_pri: kByCompensatedSize
2019/10/17-14:55:03.479091 7fc3a9fcb700 Options.compaction_options_universal.size_ratio: 1
2019/10/17-14:55:03.479092 7fc3a9fcb700 Options.compaction_options_universal.min_merge_width: 2
2019/10/17-14:55:03.479092 7fc3a9fcb700 Options.compaction_options_universal.max_merge_width: 4294967295
2019/10/17-14:55:03.479093 7fc3a9fcb700 Options.compaction_options_universal.max_size_amplification_percent: 200
2019/10/17-14:55:03.479094 7fc3a9fcb700 Options.compaction_options_universal.compression_size_percent: -1
2019/10/17-14:55:03.479095 7fc3a9fcb700 Options.compaction_options_universal.stop_style: kCompactionStopStyleTotalSize
2019/10/17-14:55:03.479095 7fc3a9fcb700 Options.compaction_options_fifo.max_table_files_size: 1073741824
2019/10/17-14:55:03.479096 7fc3a9fcb700 Options.compaction_options_fifo.allow_compaction: 0
2019/10/17-14:55:03.479096 7fc3a9fcb700 Options.compaction_options_fifo.ttl: 0
2019/10/17-14:55:03.479097 7fc3a9fcb700                   Options.table_properties_collectors: 
2019/10/17-14:55:03.479097 7fc3a9fcb700                   Options.inplace_update_support: 0
2019/10/17-14:55:03.479098 7fc3a9fcb700                 Options.inplace_update_num_locks: 10000
2019/10/17-14:55:03.479099 7fc3a9fcb700               Options.memtable_prefix_bloom_size_ratio: 0.000000
2019/10/17-14:55:03.479099 7fc3a9fcb700   Options.memtable_huge_page_size: 0
2019/10/17-14:55:03.479100 7fc3a9fcb700                           Options.bloom_locality: 0
2019/10/17-14:55:03.479101 7fc3a9fcb700                    Options.max_successive_merges: 0
2019/10/17-14:55:03.479101 7fc3a9fcb700                Options.optimize_filters_for_hits: 0
2019/10/17-14:55:03.479102 7fc3a9fcb700                Options.paranoid_file_checks: 0
2019/10/17-14:55:03.479102 7fc3a9fcb700                Options.force_consistency_checks: 0
2019/10/17-14:55:03.479103 7fc3a9fcb700                Options.report_bg_io_stats: 0
2019/10/17-14:55:03.479103 7fc3a9fcb700                               Options.ttl: 0
2019/10/17-14:55:03.479125 7fc3a9fcb700 [db/column_family.cc:472] --------------- Options for column family [active_gateways]:
2019/10/17-14:55:03.479126 7fc3a9fcb700               Options.comparator: leveldb.BytewiseComparator
2019/10/17-14:55:03.479126 7fc3a9fcb700           Options.merge_operator: None
2019/10/17-14:55:03.479127 7fc3a9fcb700        Options.compaction_filter: None
2019/10/17-14:55:03.479128 7fc3a9fcb700        Options.compaction_filter_factory: None
2019/10/17-14:55:03.479128 7fc3a9fcb700         Options.memtable_factory: SkipListFactory
2019/10/17-14:55:03.479129 7fc3a9fcb700            Options.table_factory: BlockBasedTable
2019/10/17-14:55:03.479137 7fc3a9fcb700            table_factory options:   flush_block_policy_factory: FlushBlockBySizePolicyFactory (0x7fc3500fd8f0)
  cache_index_and_filter_blocks: 0
  cache_index_and_filter_blocks_with_high_priority: 0
  pin_l0_filter_and_index_blocks_in_cache: 0
  pin_top_level_index_and_filter: 1
  index_type: 0
  hash_index_allow_collision: 1
  checksum: 1
  no_block_cache: 0
  block_cache: 0x7fc350000f80
  block_cache_name: LRUCache
  block_cache_options:
    capacity : 8388608
    num_shard_bits : 4
    strict_capacity_limit : 0
    memory_allocator : None
    high_pri_pool_ratio: 0.000
  block_cache_compressed: (nil)
  persistent_cache: (nil)
  block_size: 4096
  block_size_deviation: 10
  block_restart_interval: 16
  index_block_restart_interval: 1
  metadata_block_size: 4096
  partition_filters: 0
  use_delta_encoding: 1
  filter_policy: nullptr
  whole_key_filtering: 1
  verify_compression: 0
  read_amp_bytes_per_bit: 0
  format_version: 2
  enable_index_compression: 1
  block_align: 0
2019/10/17-14:55:03.479141 7fc3a9fcb700        Options.write_buffer_size: 67108864
2019/10/17-14:55:03.479142 7fc3a9fcb700  Options.max_write_buffer_number: 2
2019/10/17-14:55:03.479143 7fc3a9fcb700          Options.compression: NoCompression
2019/10/17-14:55:03.479143 7fc3a9fcb700                  Options.bottommost_compression: Disabled
2019/10/17-14:55:03.479144 7fc3a9fcb700       Options.prefix_extractor: nullptr
2019/10/17-14:55:03.479144 7fc3a9fcb700   Options.memtable_insert_with_hint_prefix_extractor: nullptr
2019/10/17-14:55:03.479145 7fc3a9fcb700             Options.num_levels: 7
2019/10/17-14:55:03.479145 7fc3a9fcb700        Options.min_write_buffer_number_to_merge: 1
2019/10/17-14:55:03.479146 7fc3a9fcb700     Options.max_write_buffer_number_to_maintain: 0
2019/10/17-14:55:03.479146 7fc3a9fcb700            Options.bottommost_compression_opts.window_bits: -14
2019/10/17-14:55:03.479147 7fc3a9fcb700                  Options.bottommost_compression_opts.level: 32767
2019/10/17-14:55:03.479148 7fc3a9fcb700               Options.bottommost_compression_opts.strategy: 0
2019/10/17-14:55:03.479148 7fc3a9fcb700         Options.bottommost_compression_opts.max_dict_bytes: 0
2019/10/17-14:55:03.479149 7fc3a9fcb700         Options.bottommost_compression_opts.zstd_max_train_bytes: 0
2019/10/17-14:55:03.479149 7fc3a9fcb700                  Options.bottommost_compression_opts.enabled: false
2019/10/17-14:55:03.479150 7fc3a9fcb700            Options.compression_opts.window_bits: -14
2019/10/17-14:55:03.479150 7fc3a9fcb700                  Options.compression_opts.level: 32767
2019/10/17-14:55:03.479151 7fc3a9fcb700               Options.compression_opts.strategy: 0
2019/10/17-14:55:03.479151 7fc3a9fcb700         Options.compression_opts.max_dict_bytes: 0
2019/10/17-14:55:03.479152 7fc3a9fcb700         Options.compression_opts.zstd_max_train_bytes: 0
2019/10/17-14:55:03.479153 7fc3a9fcb700                  Options.compression_opts.enabled: false
2019/10/17-14:55:03.479153 7fc3a9fcb700      Options.level0_file_num_compaction_trigger: 4
2019/10/17-14:55:03.479154 7fc3a9fcb700          Options.level0_slowdown_writes_trigger: 20
2019/10/17-14:55:03.479154 7fc3a9fcb700              Options.level0_stop_writes_trigger: 36
2019/10/17-14:55:03.479155 7fc3a9fcb700                   Options.target_file_size_base: 67108864
2019/10/17-14:55:03.479155 7fc3a9fcb700             Options.target_file_size_multiplier: 1
2019/10/17-14:55:03.479156 7fc3a9fcb700                Options.max_bytes_for_level_base: 268435456
2019/10/17-14:55:03.479157 7fc3a9fcb700 Options.level_compaction_dynamic_level_bytes: 0
2019/10/17-14:55:03.479157 7fc3a9fcb700          Options.max_bytes_for_level_multiplier: 10.000000
2019/10/17-14:55:03.479158 7fc3a9fcb700 Options.max_bytes_for_level_multiplier_addtl[0]: 1
2019/10/17-14:55:03.479159 7fc3a9fcb700 Options.max_bytes_for_level_multiplier_addtl[1]: 1
2019/10/17-14:55:03.479159 7fc3a9fcb700 Options.max_bytes_for_level_multiplier_addtl[2]: 1
2019/10/17-14:55:03.479160 7fc3a9fcb700 Options.max_bytes_for_level_multiplier_addtl[3]: 1
2019/10/17-14:55:03.479160 7fc3a9fcb700 Options.max_bytes_for_level_multiplier_addtl[4]: 1
2019/10/17-14:55:03.479161 7fc3a9fcb700 Options.max_bytes_for_level_multiplier_addtl[5]: 1
2019/10/17-14:55:03.479161 7fc3a9fcb700 Options.max_bytes_for_level_multiplier_addtl[6]: 1
2019/10/17-14:55:03.479162 7fc3a9fcb700       Options.max_sequential_skip_in_iterations: 8
2019/10/17-14:55:03.479165 7fc3a9fcb700                    Options.max_compaction_bytes: 1677721600
2019/10/17-14:55:03.479166 7fc3a9fcb700                        Options.arena_block_size: 8388608
2019/10/17-14:55:03.479166 7fc3a9fcb700   Options.soft_pending_compaction_bytes_limit: 68719476736
2019/10/17-14:55:03.479167 7fc3a9fcb700   Options.hard_pending_compaction_bytes_limit: 274877906944
2019/10/17-14:55:03.479168 7fc3a9fcb700       Options.rate_limit_delay_max_milliseconds: 100
2019/10/17-14:55:03.479168 7fc3a9fcb700                Options.disable_auto_compactions: 0
2019/10/17-14:55:03.479169 7fc3a9fcb700                        Options.compaction_style: kCompactionStyleLevel
2019/10/17-14:55:03.479170 7fc3a9fcb700                          Options.compaction_pri: kByCompensatedSize
2019/10/17-14:55:03.479170 7fc3a9fcb700 Options.compaction_options_universal.size_ratio: 1
2019/10/17-14:55:03.479171 7fc3a9fcb700 Options.compaction_options_universal.min_merge_width: 2
2019/10/17-14:55:03.479171 7fc3a9fcb700 Options.compaction_options_universal.max_merge_width: 4294967295
2019/10/17-14:55:03.479172 7fc3a9fcb700 Options.compaction_options_universal.max_size_amplification_percent: 200
2019/10/17-14:55:03.479172 7fc3a9fcb700 Options.compaction_options_universal.compression_size_percent: -1
2019/10/17-14:55:03.479173 7fc3a9fcb700 Options.compaction_options_universal.stop_style: kCompactionStopStyleTotalSize
2019/10/17-14:55:03.479174 7fc3a9fcb700 Options.compaction_options_fifo.max_table_files_size: 1073741824
2019/10/17-14:55:03.479174 7fc3a9fcb700 Options.compaction_options_fifo.allow_compaction: 0
2019/10/17-14:55:03.479175 7fc3a9fcb700 Options.compaction_options_fifo.ttl: 0
2019/10/17-14:55:03.479175 7fc3a9fcb700                   Options.table_properties_collectors: 
2019/10/17-14:55:03.479176 7fc3a9fcb700                   Options.inplace_update_support: 0
2019/10/17-14:55:03.479176 7fc3a9fcb700                 Options.inplace_update_num_locks: 10000
2019/10/17-14:55:03.479177 7fc3a9fcb700               Options.memtable_prefix_bloom_size_ratio: 0.000000
2019/10/17-14:55:03.479178 7fc3a9fcb700   Options.memtable_huge_page_size: 0
2019/10/17-14:55:03.479178 7fc3a9fcb700                           Options.bloom_locality: 0
2019/10/17-14:55:03.479179 7fc3a9fcb700                    Options.max_successive_merges: 0
2019/10/17-14:55:03.479179 7fc3a9fcb700                Options.optimize_filters_for_hits: 0
2019/10/17-14:55:03.479180 7fc3a9fcb700                Options.paranoid_file_checks: 0
2019/10/17-14:55:03.479180 7fc3a9fcb700                Options.force_consistency_checks: 0
2019/10/17-14:55:03.479181 7fc3a9fcb700                Options.report_bg_io_stats: 0
2019/10/17-14:55:03.479181 7fc3a9fcb700                               Options.ttl: 0
2019/10/17-14:55:03.479193 7fc3a9fcb700 [db/column_family.cc:472] --------------- Options for column family [entries]:
2019/10/17-14:55:03.479194 7fc3a9fcb700               Options.comparator: leveldb.BytewiseComparator
2019/10/17-14:55:03.479195 7fc3a9fcb700           Options.merge_operator: None
2019/10/17-14:55:03.479195 7fc3a9fcb700        Options.compaction_filter: None
2019/10/17-14:55:03.479196 7fc3a9fcb700        Options.compaction_filter_factory: None
2019/10/17-14:55:03.479197 7fc3a9fcb700         Options.memtable_factory: SkipListFactory
2019/10/17-14:55:03.479197 7fc3a9fcb700            Options.table_factory: BlockBasedTable
2019/10/17-14:55:03.479204 7fc3a9fcb700            table_factory options:   flush_block_policy_factory: FlushBlockBySizePolicyFactory (0x7fc3500a06b0)
  cache_index_and_filter_blocks: 0
  cache_index_and_filter_blocks_with_high_priority: 0
  pin_l0_filter_and_index_blocks_in_cache: 0
  pin_top_level_index_and_filter: 1
  index_type: 0
  hash_index_allow_collision: 1
  checksum: 1
  no_block_cache: 0
  block_cache: 0x7fc3500368d0
  block_cache_name: LRUCache
  block_cache_options:
    capacity : 8388608
    num_shard_bits : 4
    strict_capacity_limit : 0
    memory_allocator : None
    high_pri_pool_ratio: 0.000
  block_cache_compressed: (nil)
  persistent_cache: (nil)
  block_size: 4096
  block_size_deviation: 10
  block_restart_interval: 16
  index_block_restart_interval: 1
  metadata_block_size: 4096
  partition_filters: 0
  use_delta_encoding: 1
  filter_policy: nullptr
  whole_key_filtering: 1
  verify_compression: 0
  read_amp_bytes_per_bit: 0
  format_version: 2
  enable_index_compression: 1
  block_align: 0
2019/10/17-14:55:03.479209 7fc3a9fcb700        Options.write_buffer_size: 67108864
2019/10/17-14:55:03.479210 7fc3a9fcb700  Options.max_write_buffer_number: 2
2019/10/17-14:55:03.479210 7fc3a9fcb700          Options.compression: NoCompression
2019/10/17-14:55:03.479211 7fc3a9fcb700                  Options.bottommost_compression: Disabled
2019/10/17-14:55:03.479211 7fc3a9fcb700       Options.prefix_extractor: nullptr
2019/10/17-14:55:03.479212 7fc3a9fcb700   Options.memtable_insert_with_hint_prefix_extractor: nullptr
2019/10/17-14:55:03.479212 7fc3a9fcb700             Options.num_levels: 7
2019/10/17-14:55:03.479213 7fc3a9fcb700        Options.min_write_buffer_number_to_merge: 1
2019/10/17-14:55:03.479214 7fc3a9fcb700     Options.max_write_buffer_number_to_maintain: 0
2019/10/17-14:55:03.479214 7fc3a9fcb700            Options.bottommost_compression_opts.window_bits: -14
2019/10/17-14:55:03.479215 7fc3a9fcb700                  Options.bottommost_compression_opts.level: 32767
2019/10/17-14:55:03.479215 7fc3a9fcb700               Options.bottommost_compression_opts.strategy: 0
2019/10/17-14:55:03.479216 7fc3a9fcb700         Options.bottommost_compression_opts.max_dict_bytes: 0
2019/10/17-14:55:03.479216 7fc3a9fcb700         Options.bottommost_compression_opts.zstd_max_train_bytes: 0
2019/10/17-14:55:03.479217 7fc3a9fcb700                  Options.bottommost_compression_opts.enabled: false
2019/10/17-14:55:03.479217 7fc3a9fcb700            Options.compression_opts.window_bits: -14
2019/10/17-14:55:03.479218 7fc3a9fcb700                  Options.compression_opts.level: 32767
2019/10/17-14:55:03.479219 7fc3a9fcb700               Options.compression_opts.strategy: 0
2019/10/17-14:55:03.479219 7fc3a9fcb700         Options.compression_opts.max_dict_bytes: 0
2019/10/17-14:55:03.479220 7fc3a9fcb700         Options.compression_opts.zstd_max_train_bytes: 0
2019/10/17-14:55:03.479220 7fc3a9fcb700                  Options.compression_opts.enabled: false
2019/10/17-14:55:03.479221 7fc3a9fcb700      Options.level0_file_num_compaction_trigger: 4
2019/10/17-14:55:03.479221 7fc3a9fcb700          Options.level0_slowdown_writes_trigger: 20
2019/10/17-14:55:03.479222 7fc3a9fcb700              Options.level0_stop_writes_trigger: 36
2019/10/17-14:55:03.479222 7fc3a9fcb700                   Options.target_file_size_base: 67108864
2019/10/17-14:55:03.479223 7fc3a9fcb700             Options.target_file_size_multiplier: 1
2019/10/17-14:55:03.479224 7fc3a9fcb700                Options.max_bytes_for_level_base: 268435456
2019/10/17-14:55:03.479224 7fc3a9fcb700 Options.level_compaction_dynamic_level_bytes: 0
2019/10/17-14:55:03.479225 7fc3a9fcb700          Options.max_bytes_for_level_multiplier: 10.000000
2019/10/17-14:55:03.479226 7fc3a9fcb700 Options.max_bytes_for_level_multiplier_addtl[0]: 1
2019/10/17-14:55:03.479226 7fc3a9fcb700 Options.max_bytes_for_level_multiplier_addtl[1]: 1
2019/10/17-14:55:03.479227 7fc3a9fcb700 Options.max_bytes_for_level_multiplier_addtl[2]: 1
2019/10/17-14:55:03.479227 7fc3a9fcb700 Options.max_bytes_for_level_multiplier_addtl[3]: 1
2019/10/17-14:55:03.479228 7fc3a9fcb700 Options.max_bytes_for_level_multiplier_addtl[4]: 1
2019/10/17-14:55:03.479228 7fc3a9fcb700 Options.max_bytes_for_level_multiplier_addtl[5]: 1
2019/10/17-14:55:03.479229 7fc3a9fcb700 Options.max_bytes_for_level_multiplier_addtl[6]: 1
2019/10/17-14:55:03.479230 7fc3a9fcb700       Options.max_sequential_skip_in_iterations: 8
2019/10/17-14:55:03.479230 7fc3a9fcb700                    Options.max_compaction_bytes: 1677721600
2019/10/17-14:55:03.479231 7fc3a9fcb700                        Options.arena_block_size: 8388608
2019/10/17-14:55:03.479231 7fc3a9fcb700   Options.soft_pending_compaction_bytes_limit: 68719476736
2019/10/17-14:55:03.479234 7fc3a9fcb700   Options.hard_pending_compaction_bytes_limit: 274877906944
2019/10/17-14:55:03.479235 7fc3a9fcb700       Options.rate_limit_delay_max_milliseconds: 100
2019/10/17-14:55:03.479236 7fc3a9fcb700                Options.disable_auto_compactions: 0
2019/10/17-14:55:03.479236 7fc3a9fcb700                        Options.compaction_style: kCompactionStyleLevel
2019/10/17-14:55:03.479237 7fc3a9fcb700                          Options.compaction_pri: kByCompensatedSize
2019/10/17-14:55:03.479238 7fc3a9fcb700 Options.compaction_options_universal.size_ratio: 1
2019/10/17-14:55:03.479238 7fc3a9fcb700 Options.compaction_options_universal.min_merge_width: 2
2019/10/17-14:55:03.479239 7fc3a9fcb700 Options.compaction_options_universal.max_merge_width: 4294967295
2019/10/17-14:55:03.479239 7fc3a9fcb700 Options.compaction_options_universal.max_size_amplification_percent: 200
2019/10/17-14:55:03.479240 7fc3a9fcb700 Options.compaction_options_universal.compression_size_percent: -1
2019/10/17-14:55:03.479240 7fc3a9fcb700 Options.compaction_options_universal.stop_style: kCompactionStopStyleTotalSize
2019/10/17-14:55:03.479241 7fc3a9fcb700 Options.compaction_options_fifo.max_table_files_size: 1073741824
2019/10/17-14:55:03.479241 7fc3a9fcb700 Options.compaction_options_fifo.allow_compaction: 0
2019/10/17-14:55:03.479242 7fc3a9fcb700 Options.compaction_options_fifo.ttl: 0
2019/10/17-14:55:03.479243 7fc3a9fcb700                   Options.table_properties_collectors: 
2019/10/17-14:55:03.479243 7fc3a9fcb700                   Options.inplace_update_support: 0
2019/10/17-14:55:03.479244 7fc3a9fcb700                 Options.inplace_update_num_locks: 10000
2019/10/17-14:55:03.479244 7fc3a9fcb700               Options.memtable_prefix_bloom_size_ratio: 0.000000
2019/10/17-14:55:03.479245 7fc3a9fcb700   Options.memtable_huge_page_size: 0
2019/10/17-14:55:03.479246 7fc3a9fcb700                           Options.bloom_locality: 0
2019/10/17-14:55:03.479246 7fc3a9fcb700                    Options.max_successive_merges: 0
2019/10/17-14:55:03.479247 7fc3a9fcb700                Options.optimize_filters_for_hits: 0
2019/10/17-14:55:03.479247 7fc3a9fcb700                Options.paranoid_file_checks: 0
2019/10/17-14:55:03.479248 7fc3a9fcb700                Options.force_consistency_checks: 0
2019/10/17-14:55:03.479248 7fc3a9fcb700                Options.report_bg_io_stats: 0
2019/10/17-14:55:03.479249 7fc3a9fcb700                               Options.ttl: 0
2019/10/17-14:55:03.479259 7fc3a9fcb700 [db/column_family.cc:472] --------------- Options for column family [dc_entries]:
2019/10/17-14:55:03.479260 7fc3a9fcb700               Options.comparator: leveldb.BytewiseComparator
2019/10/17-14:55:03.479261 7fc3a9fcb700           Options.merge_operator: None
2019/10/17-14:55:03.479261 7fc3a9fcb700        Options.compaction_filter: None
2019/10/17-14:55:03.479262 7fc3a9fcb700        Options.compaction_filter_factory: None
2019/10/17-14:55:03.479262 7fc3a9fcb700         Options.memtable_factory: SkipListFactory
2019/10/17-14:55:03.479263 7fc3a9fcb700            Options.table_factory: BlockBasedTable
2019/10/17-14:55:03.479269 7fc3a9fcb700            table_factory options:   flush_block_policy_factory: FlushBlockBySizePolicyFactory (0x7fc35002cbf0)
  cache_index_and_filter_blocks: 0
  cache_index_and_filter_blocks_with_high_priority: 0
  pin_l0_filter_and_index_blocks_in_cache: 0
  pin_top_level_index_and_filter: 1
  index_type: 0
  hash_index_allow_collision: 1
  checksum: 1
  no_block_cache: 0
  block_cache: 0x7fc350009740
  block_cache_name: LRUCache
  block_cache_options:
    capacity : 8388608
    num_shard_bits : 4
    strict_capacity_limit : 0
    memory_allocator : None
    high_pri_pool_ratio: 0.000
  block_cache_compressed: (nil)
  persistent_cache: (nil)
  block_size: 4096
  block_size_deviation: 10
  block_restart_interval: 16
  index_block_restart_interval: 1
  metadata_block_size: 4096
  partition_filters: 0
  use_delta_encoding: 1
  filter_policy: nullptr
  whole_key_filtering: 1
  verify_compression: 0
  read_amp_bytes_per_bit: 0
  format_version: 2
  enable_index_compression: 1
  block_align: 0
2019/10/17-14:55:03.479274 7fc3a9fcb700        Options.write_buffer_size: 67108864
2019/10/17-14:55:03.479274 7fc3a9fcb700  Options.max_write_buffer_number: 2
2019/10/17-14:55:03.479275 7fc3a9fcb700          Options.compression: NoCompression
2019/10/17-14:55:03.479276 7fc3a9fcb700                  Options.bottommost_compression: Disabled
2019/10/17-14:55:03.479276 7fc3a9fcb700       Options.prefix_extractor: nullptr
2019/10/17-14:55:03.479277 7fc3a9fcb700   Options.memtable_insert_with_hint_prefix_extractor: nullptr
2019/10/17-14:55:03.479277 7fc3a9fcb700             Options.num_levels: 7
2019/10/17-14:55:03.479278 7fc3a9fcb700        Options.min_write_buffer_number_to_merge: 1
2019/10/17-14:55:03.479278 7fc3a9fcb700     Options.max_write_buffer_number_to_maintain: 0
2019/10/17-14:55:03.479279 7fc3a9fcb700            Options.bottommost_compression_opts.window_bits: -14
2019/10/17-14:55:03.479279 7fc3a9fcb700                  Options.bottommost_compression_opts.level: 32767
2019/10/17-14:55:03.479280 7fc3a9fcb700               Options.bottommost_compression_opts.strategy: 0
2019/10/17-14:55:03.479280 7fc3a9fcb700         Options.bottommost_compression_opts.max_dict_bytes: 0
2019/10/17-14:55:03.479281 7fc3a9fcb700         Options.bottommost_compression_opts.zstd_max_train_bytes: 0
2019/10/17-14:55:03.479282 7fc3a9fcb700                  Options.bottommost_compression_opts.enabled: false
2019/10/17-14:55:03.479282 7fc3a9fcb700            Options.compression_opts.window_bits: -14
2019/10/17-14:55:03.479283 7fc3a9fcb700                  Options.compression_opts.level: 32767
2019/10/17-14:55:03.479283 7fc3a9fcb700               Options.compression_opts.strategy: 0
2019/10/17-14:55:03.479284 7fc3a9fcb700         Options.compression_opts.max_dict_bytes: 0
2019/10/17-14:55:03.479284 7fc3a9fcb700         Options.compression_opts.zstd_max_train_bytes: 0
2019/10/17-14:55:03.479285 7fc3a9fcb700                  Options.compression_opts.enabled: false
2019/10/17-14:55:03.479285 7fc3a9fcb700      Options.level0_file_num_compaction_trigger: 4
2019/10/17-14:55:03.479286 7fc3a9fcb700          Options.level0_slowdown_writes_trigger: 20
2019/10/17-14:55:03.479287 7fc3a9fcb700              Options.level0_stop_writes_trigger: 36
2019/10/17-14:55:03.479287 7fc3a9fcb700                   Options.target_file_size_base: 67108864
2019/10/17-14:55:03.479288 7fc3a9fcb700             Options.target_file_size_multiplier: 1
2019/10/17-14:55:03.479288 7fc3a9fcb700                Options.max_bytes_for_level_base: 268435456
2019/10/17-14:55:03.479289 7fc3a9fcb700 Options.level_compaction_dynamic_level_bytes: 0
2019/10/17-14:55:03.479289 7fc3a9fcb700          Options.max_bytes_for_level_multiplier: 10.000000
2019/10/17-14:55:03.479290 7fc3a9fcb700 Options.max_bytes_for_level_multiplier_addtl[0]: 1
2019/10/17-14:55:03.479291 7fc3a9fcb700 Options.max_bytes_for_level_multiplier_addtl[1]: 1
2019/10/17-14:55:03.479291 7fc3a9fcb700 Options.max_bytes_for_level_multiplier_addtl[2]: 1
2019/10/17-14:55:03.479292 7fc3a9fcb700 Options.max_bytes_for_level_multiplier_addtl[3]: 1
2019/10/17-14:55:03.479293 7fc3a9fcb700 Options.max_bytes_for_level_multiplier_addtl[4]: 1
2019/10/17-14:55:03.479293 7fc3a9fcb700 Options.max_bytes_for_level_multiplier_addtl[5]: 1
2019/10/17-14:55:03.479294 7fc3a9fcb700 Options.max_bytes_for_level_multiplier_addtl[6]: 1
2019/10/17-14:55:03.479294 7fc3a9fcb700       Options.max_sequential_skip_in_iterations: 8
2019/10/17-14:55:03.479295 7fc3a9fcb700                    Options.max_compaction_bytes: 1677721600
2019/10/17-14:55:03.479295 7fc3a9fcb700                        Options.arena_block_size: 8388608
2019/10/17-14:55:03.479296 7fc3a9fcb700   Options.soft_pending_compaction_bytes_limit: 68719476736
2019/10/17-14:55:03.479296 7fc3a9fcb700   Options.hard_pending_compaction_bytes_limit: 274877906944
2019/10/17-14:55:03.479297 7fc3a9fcb700       Options.rate_limit_delay_max_milliseconds: 100
2019/10/17-14:55:03.479298 7fc3a9fcb700                Options.disable_auto_compactions: 0
2019/10/17-14:55:03.479301 7fc3a9fcb700                        Options.compaction_style: kCompactionStyleLevel
2019/10/17-14:55:03.479302 7fc3a9fcb700                          Options.compaction_pri: kByCompensatedSize
2019/10/17-14:55:03.479302 7fc3a9fcb700 Options.compaction_options_universal.size_ratio: 1
2019/10/17-14:55:03.479303 7fc3a9fcb700 Options.compaction_options_universal.min_merge_width: 2
2019/10/17-14:55:03.479303 7fc3a9fcb700 Options.compaction_options_universal.max_merge_width: 4294967295
2019/10/17-14:55:03.479304 7fc3a9fcb700 Options.compaction_options_universal.max_size_amplification_percent: 200
2019/10/17-14:55:03.479304 7fc3a9fcb700 Options.compaction_options_universal.compression_size_percent: -1
2019/10/17-14:55:03.479305 7fc3a9fcb700 Options.compaction_options_universal.stop_style: kCompactionStopStyleTotalSize
2019/10/17-14:55:03.479306 7fc3a9fcb700 Options.compaction_options_fifo.max_table_files_size: 1073741824
2019/10/17-14:55:03.479306 7fc3a9fcb700 Options.compaction_options_fifo.allow_compaction: 0
2019/10/17-14:55:03.479307 7fc3a9fcb700 Options.compaction_options_fifo.ttl: 0
2019/10/17-14:55:03.479307 7fc3a9fcb700                   Options.table_properties_collectors: 
2019/10/17-14:55:03.479308 7fc3a9fcb700                   Options.inplace_update_support: 0
2019/10/17-14:55:03.479308 7fc3a9fcb700                 Options.inplace_update_num_locks: 10000
2019/10/17-14:55:03.479309 7fc3a9fcb700               Options.memtable_prefix_bloom_size_ratio: 0.000000
2019/10/17-14:55:03.479310 7fc3a9fcb700   Options.memtable_huge_page_size: 0
2019/10/17-14:55:03.479310 7fc3a9fcb700                           Options.bloom_locality: 0
2019/10/17-14:55:03.479311 7fc3a9fcb700                    Options.max_successive_merges: 0
2019/10/17-14:55:03.479311 7fc3a9fcb700                Options.optimize_filters_for_hits: 0
2019/10/17-14:55:03.479312 7fc3a9fcb700                Options.paranoid_file_checks: 0
2019/10/17-14:55:03.479313 7fc3a9fcb700                Options.force_consistency_checks: 0
2019/10/17-14:55:03.479313 7fc3a9fcb700                Options.report_bg_io_stats: 0
2019/10/17-14:55:03.479314 7fc3a9fcb700                               Options.ttl: 0
2019/10/17-14:55:03.479322 7fc3a9fcb700 [db/column_family.cc:472] --------------- Options for column family [htlcs]:
2019/10/17-14:55:03.479323 7fc3a9fcb700               Options.comparator: leveldb.BytewiseComparator
2019/10/17-14:55:03.479324 7fc3a9fcb700           Options.merge_operator: None
2019/10/17-14:55:03.479324 7fc3a9fcb700        Options.compaction_filter: None
2019/10/17-14:55:03.479325 7fc3a9fcb700        Options.compaction_filter_factory: None
2019/10/17-14:55:03.479326 7fc3a9fcb700         Options.memtable_factory: SkipListFactory
2019/10/17-14:55:03.479326 7fc3a9fcb700            Options.table_factory: BlockBasedTable
2019/10/17-14:55:03.479333 7fc3a9fcb700            table_factory options:   flush_block_policy_factory: FlushBlockBySizePolicyFactory (0x7fc350001bd0)
