2019/10/17-14:54:05.599031 7fc3a9fcb700 RocksDB version: 5.18.3
2019/10/17-14:54:05.599138 7fc3a9fcb700 Git sha rocksdb_build_git_sha:@0@
2019/10/17-14:54:05.599141 7fc3a9fcb700 Compile date Sep 19 2019
2019/10/17-14:54:05.599143 7fc3a9fcb700 DB SUMMARY
2019/10/17-14:54:05.600348 7fc3a9fcb700 CURRENT file:  CURRENT
2019/10/17-14:54:05.600351 7fc3a9fcb700 IDENTITY file:  IDENTITY
2019/10/17-14:54:05.600400 7fc3a9fcb700 MANIFEST file:  MANIFEST-114664 size: 4114 Bytes
2019/10/17-14:54:05.600403 7fc3a9fcb700 SST files in /home/rahul/dev/blockchain-core/eqc/ledger.db dir, Total Num: 29, files: 000624.sst 000627.sst 106940.sst 108447.sst 108450.sst 109471.sst 109483.sst 109485.sst 109486.sst 
2019/10/17-14:54:05.600405 7fc3a9fcb700 Write Ahead Log file in /home/rahul/dev/blockchain-core/eqc/ledger.db: 114665.log size: 0 ; 
2019/10/17-14:54:05.600461 7fc3a9fcb700                         Options.error_if_exists: 0
2019/10/17-14:54:05.600464 7fc3a9fcb700                       Options.create_if_missing: 1
2019/10/17-14:54:05.600465 7fc3a9fcb700                         Options.paranoid_checks: 1
2019/10/17-14:54:05.600466 7fc3a9fcb700                                     Options.env: 0x7fc32ae1fc60
2019/10/17-14:54:05.600468 7fc3a9fcb700                                Options.info_log: 0x7fc35007bb00
2019/10/17-14:54:05.600469 7fc3a9fcb700                Options.max_file_opening_threads: 16
2019/10/17-14:54:05.600471 7fc3a9fcb700                              Options.statistics: (nil)
2019/10/17-14:54:05.600472 7fc3a9fcb700                               Options.use_fsync: 0
2019/10/17-14:54:05.600473 7fc3a9fcb700                       Options.max_log_file_size: 0
2019/10/17-14:54:05.600475 7fc3a9fcb700                  Options.max_manifest_file_size: 1073741824
2019/10/17-14:54:05.600476 7fc3a9fcb700                   Options.log_file_time_to_roll: 0
2019/10/17-14:54:05.600477 7fc3a9fcb700                       Options.keep_log_file_num: 1000
2019/10/17-14:54:05.600479 7fc3a9fcb700                    Options.recycle_log_file_num: 0
2019/10/17-14:54:05.600480 7fc3a9fcb700                         Options.allow_fallocate: 1
2019/10/17-14:54:05.600481 7fc3a9fcb700                        Options.allow_mmap_reads: 0
2019/10/17-14:54:05.600483 7fc3a9fcb700                       Options.allow_mmap_writes: 0
2019/10/17-14:54:05.600484 7fc3a9fcb700                        Options.use_direct_reads: 0
2019/10/17-14:54:05.600485 7fc3a9fcb700                        Options.use_direct_io_for_flush_and_compaction: 0
2019/10/17-14:54:05.600486 7fc3a9fcb700          Options.create_missing_column_families: 0
2019/10/17-14:54:05.600487 7fc3a9fcb700                              Options.db_log_dir: 
2019/10/17-14:54:05.600489 7fc3a9fcb700                                 Options.wal_dir: /home/rahul/dev/blockchain-core/eqc/ledger.db
2019/10/17-14:54:05.600490 7fc3a9fcb700                Options.table_cache_numshardbits: 6
2019/10/17-14:54:05.600491 7fc3a9fcb700                      Options.max_subcompactions: 1
2019/10/17-14:54:05.600493 7fc3a9fcb700                  Options.max_background_flushes: -1
2019/10/17-14:54:05.600494 7fc3a9fcb700                         Options.WAL_ttl_seconds: 0
2019/10/17-14:54:05.600495 7fc3a9fcb700                       Options.WAL_size_limit_MB: 0
2019/10/17-14:54:05.600497 7fc3a9fcb700             Options.manifest_preallocation_size: 4194304
2019/10/17-14:54:05.600498 7fc3a9fcb700                     Options.is_fd_close_on_exec: 1
2019/10/17-14:54:05.600499 7fc3a9fcb700                   Options.advise_random_on_open: 1
2019/10/17-14:54:05.600516 7fc3a9fcb700                    Options.db_write_buffer_size: 0
2019/10/17-14:54:05.600517 7fc3a9fcb700                    Options.write_buffer_manager: 0x7fc3500d2480
2019/10/17-14:54:05.600518 7fc3a9fcb700         Options.access_hint_on_compaction_start: 1
2019/10/17-14:54:05.600519 7fc3a9fcb700  Options.new_table_reader_for_compaction_inputs: 0
2019/10/17-14:54:05.600520 7fc3a9fcb700           Options.random_access_max_buffer_size: 1048576
2019/10/17-14:54:05.600521 7fc3a9fcb700                      Options.use_adaptive_mutex: 0
2019/10/17-14:54:05.600522 7fc3a9fcb700                            Options.rate_limiter: (nil)
2019/10/17-14:54:05.600533 7fc3a9fcb700     Options.sst_file_manager.rate_bytes_per_sec: 0
2019/10/17-14:54:05.600534 7fc3a9fcb700                       Options.wal_recovery_mode: 2
2019/10/17-14:54:05.600535 7fc3a9fcb700                  Options.enable_thread_tracking: 0
2019/10/17-14:54:05.600536 7fc3a9fcb700                  Options.enable_pipelined_write: 0
2019/10/17-14:54:05.600537 7fc3a9fcb700         Options.allow_concurrent_memtable_write: 1
2019/10/17-14:54:05.600538 7fc3a9fcb700      Options.enable_write_thread_adaptive_yield: 1
2019/10/17-14:54:05.600539 7fc3a9fcb700             Options.write_thread_max_yield_usec: 100
2019/10/17-14:54:05.600540 7fc3a9fcb700            Options.write_thread_slow_yield_usec: 3
2019/10/17-14:54:05.600541 7fc3a9fcb700                               Options.row_cache: None
2019/10/17-14:54:05.600542 7fc3a9fcb700                              Options.wal_filter: None
2019/10/17-14:54:05.600544 7fc3a9fcb700             Options.avoid_flush_during_recovery: 0
2019/10/17-14:54:05.600544 7fc3a9fcb700             Options.allow_ingest_behind: 0
2019/10/17-14:54:05.600545 7fc3a9fcb700             Options.preserve_deletes: 0
2019/10/17-14:54:05.600546 7fc3a9fcb700             Options.two_write_queues: 0
2019/10/17-14:54:05.600547 7fc3a9fcb700             Options.manual_wal_flush: 0
2019/10/17-14:54:05.600549 7fc3a9fcb700             Options.max_background_jobs: 2
2019/10/17-14:54:05.600550 7fc3a9fcb700             Options.max_background_compactions: -1
2019/10/17-14:54:05.600551 7fc3a9fcb700             Options.avoid_flush_during_shutdown: 0
2019/10/17-14:54:05.600552 7fc3a9fcb700           Options.writable_file_max_buffer_size: 1048576
2019/10/17-14:54:05.600553 7fc3a9fcb700             Options.delayed_write_rate : 16777216
2019/10/17-14:54:05.600554 7fc3a9fcb700             Options.max_total_wal_size: 0
2019/10/17-14:54:05.600555 7fc3a9fcb700             Options.delete_obsolete_files_period_micros: 21600000000
2019/10/17-14:54:05.600556 7fc3a9fcb700                   Options.stats_dump_period_sec: 600
2019/10/17-14:54:05.600557 7fc3a9fcb700                          Options.max_open_files: -1
2019/10/17-14:54:05.600558 7fc3a9fcb700                          Options.bytes_per_sync: 0
2019/10/17-14:54:05.600559 7fc3a9fcb700                      Options.wal_bytes_per_sync: 0
2019/10/17-14:54:05.600560 7fc3a9fcb700       Options.compaction_readahead_size: 0
2019/10/17-14:54:05.600561 7fc3a9fcb700 Compression algorithms supported:
2019/10/17-14:54:05.600562 7fc3a9fcb700 	kZSTDNotFinalCompression supported: 0
2019/10/17-14:54:05.600563 7fc3a9fcb700 	kZSTD supported: 0
2019/10/17-14:54:05.600564 7fc3a9fcb700 	kXpressCompression supported: 0
2019/10/17-14:54:05.600566 7fc3a9fcb700 	kLZ4HCCompression supported: 0
2019/10/17-14:54:05.600567 7fc3a9fcb700 	kLZ4Compression supported: 0
2019/10/17-14:54:05.600568 7fc3a9fcb700 	kBZip2Compression supported: 0
2019/10/17-14:54:05.600569 7fc3a9fcb700 	kZlibCompression supported: 0
2019/10/17-14:54:05.600570 7fc3a9fcb700 	kSnappyCompression supported: 0
2019/10/17-14:54:05.600572 7fc3a9fcb700 Fast CRC32 supported: Supported on x86
2019/10/17-14:54:05.600691 7fc3a9fcb700 [db/version_set.cc:3507] Recovering from manifest file: MANIFEST-114664
2019/10/17-14:54:05.600732 7fc3a9fcb700 [db/column_family.cc:472] --------------- Options for column family [default]:
2019/10/17-14:54:05.600734 7fc3a9fcb700               Options.comparator: leveldb.BytewiseComparator
2019/10/17-14:54:05.600735 7fc3a9fcb700           Options.merge_operator: None
2019/10/17-14:54:05.600736 7fc3a9fcb700        Options.compaction_filter: None
2019/10/17-14:54:05.600737 7fc3a9fcb700        Options.compaction_filter_factory: None
2019/10/17-14:54:05.600738 7fc3a9fcb700         Options.memtable_factory: SkipListFactory
2019/10/17-14:54:05.600739 7fc3a9fcb700            Options.table_factory: BlockBasedTable
2019/10/17-14:54:05.600757 7fc3a9fcb700            table_factory options:   flush_block_policy_factory: FlushBlockBySizePolicyFactory (0x7fc35007d970)
  cache_index_and_filter_blocks: 0
  cache_index_and_filter_blocks_with_high_priority: 0
  pin_l0_filter_and_index_blocks_in_cache: 0
  pin_top_level_index_and_filter: 1
  index_type: 0
  hash_index_allow_collision: 1
  checksum: 1
  no_block_cache: 0
  block_cache: 0x7fc3500bd400
  block_cache_name: LRUCache
  block_cache_options:
    capacity : 8388608
    num_shard_bits : 4
    strict_capacity_limit : 0
    memory_allocator : None
    high_pri_pool_ratio: 0.000
  block_cache_compressed: (nil)
  persistent_cache: (nil)
  block_size: 4096
  block_size_deviation: 10
  block_restart_interval: 16
  index_block_restart_interval: 1
  metadata_block_size: 4096
  partition_filters: 0
  use_delta_encoding: 1
  filter_policy: nullptr
  whole_key_filtering: 1
  verify_compression: 0
  read_amp_bytes_per_bit: 0
  format_version: 2
  enable_index_compression: 1
  block_align: 0
2019/10/17-14:54:05.600769 7fc3a9fcb700        Options.write_buffer_size: 67108864
2019/10/17-14:54:05.600770 7fc3a9fcb700  Options.max_write_buffer_number: 2
2019/10/17-14:54:05.600771 7fc3a9fcb700          Options.compression: NoCompression
2019/10/17-14:54:05.600772 7fc3a9fcb700                  Options.bottommost_compression: Disabled
2019/10/17-14:54:05.600773 7fc3a9fcb700       Options.prefix_extractor: nullptr
2019/10/17-14:54:05.600774 7fc3a9fcb700   Options.memtable_insert_with_hint_prefix_extractor: nullptr
2019/10/17-14:54:05.600775 7fc3a9fcb700             Options.num_levels: 7
2019/10/17-14:54:05.600776 7fc3a9fcb700        Options.min_write_buffer_number_to_merge: 1
2019/10/17-14:54:05.600777 7fc3a9fcb700     Options.max_write_buffer_number_to_maintain: 0
2019/10/17-14:54:05.600778 7fc3a9fcb700            Options.bottommost_compression_opts.window_bits: -14
2019/10/17-14:54:05.600779 7fc3a9fcb700                  Options.bottommost_compression_opts.level: 32767
2019/10/17-14:54:05.600780 7fc3a9fcb700               Options.bottommost_compression_opts.strategy: 0
2019/10/17-14:54:05.600781 7fc3a9fcb700         Options.bottommost_compression_opts.max_dict_bytes: 0
2019/10/17-14:54:05.600782 7fc3a9fcb700         Options.bottommost_compression_opts.zstd_max_train_bytes: 0
2019/10/17-14:54:05.600783 7fc3a9fcb700                  Options.bottommost_compression_opts.enabled: false
2019/10/17-14:54:05.600784 7fc3a9fcb700            Options.compression_opts.window_bits: -14
2019/10/17-14:54:05.600786 7fc3a9fcb700                  Options.compression_opts.level: 32767
2019/10/17-14:54:05.600786 7fc3a9fcb700               Options.compression_opts.strategy: 0
2019/10/17-14:54:05.600787 7fc3a9fcb700         Options.compression_opts.max_dict_bytes: 0
2019/10/17-14:54:05.600788 7fc3a9fcb700         Options.compression_opts.zstd_max_train_bytes: 0
2019/10/17-14:54:05.600789 7fc3a9fcb700                  Options.compression_opts.enabled: false
2019/10/17-14:54:05.600790 7fc3a9fcb700      Options.level0_file_num_compaction_trigger: 4
2019/10/17-14:54:05.600791 7fc3a9fcb700          Options.level0_slowdown_writes_trigger: 20
2019/10/17-14:54:05.600792 7fc3a9fcb700              Options.level0_stop_writes_trigger: 36
2019/10/17-14:54:05.600793 7fc3a9fcb700                   Options.target_file_size_base: 67108864
2019/10/17-14:54:05.600795 7fc3a9fcb700             Options.target_file_size_multiplier: 1
2019/10/17-14:54:05.600795 7fc3a9fcb700                Options.max_bytes_for_level_base: 268435456
2019/10/17-14:54:05.600797 7fc3a9fcb700 Options.level_compaction_dynamic_level_bytes: 0
2019/10/17-14:54:05.600798 7fc3a9fcb700          Options.max_bytes_for_level_multiplier: 10.000000
2019/10/17-14:54:05.600800 7fc3a9fcb700 Options.max_bytes_for_level_multiplier_addtl[0]: 1
2019/10/17-14:54:05.600801 7fc3a9fcb700 Options.max_bytes_for_level_multiplier_addtl[1]: 1
2019/10/17-14:54:05.600802 7fc3a9fcb700 Options.max_bytes_for_level_multiplier_addtl[2]: 1
2019/10/17-14:54:05.600803 7fc3a9fcb700 Options.max_bytes_for_level_multiplier_addtl[3]: 1
2019/10/17-14:54:05.600804 7fc3a9fcb700 Options.max_bytes_for_level_multiplier_addtl[4]: 1
2019/10/17-14:54:05.600810 7fc3a9fcb700 Options.max_bytes_for_level_multiplier_addtl[5]: 1
2019/10/17-14:54:05.600811 7fc3a9fcb700 Options.max_bytes_for_level_multiplier_addtl[6]: 1
2019/10/17-14:54:05.600812 7fc3a9fcb700       Options.max_sequential_skip_in_iterations: 8
2019/10/17-14:54:05.600813 7fc3a9fcb700                    Options.max_compaction_bytes: 1677721600
2019/10/17-14:54:05.600814 7fc3a9fcb700                        Options.arena_block_size: 8388608
2019/10/17-14:54:05.600815 7fc3a9fcb700   Options.soft_pending_compaction_bytes_limit: 68719476736
2019/10/17-14:54:05.600816 7fc3a9fcb700   Options.hard_pending_compaction_bytes_limit: 274877906944
2019/10/17-14:54:05.600817 7fc3a9fcb700       Options.rate_limit_delay_max_milliseconds: 100
2019/10/17-14:54:05.600818 7fc3a9fcb700                Options.disable_auto_compactions: 0
2019/10/17-14:54:05.600820 7fc3a9fcb700                        Options.compaction_style: kCompactionStyleLevel
2019/10/17-14:54:05.600821 7fc3a9fcb700                          Options.compaction_pri: kByCompensatedSize
2019/10/17-14:54:05.600822 7fc3a9fcb700 Options.compaction_options_universal.size_ratio: 1
2019/10/17-14:54:05.600823 7fc3a9fcb700 Options.compaction_options_universal.min_merge_width: 2
2019/10/17-14:54:05.600824 7fc3a9fcb700 Options.compaction_options_universal.max_merge_width: 4294967295
2019/10/17-14:54:05.600825 7fc3a9fcb700 Options.compaction_options_universal.max_size_amplification_percent: 200
2019/10/17-14:54:05.600826 7fc3a9fcb700 Options.compaction_options_universal.compression_size_percent: -1
2019/10/17-14:54:05.600828 7fc3a9fcb700 Options.compaction_options_universal.stop_style: kCompactionStopStyleTotalSize
2019/10/17-14:54:05.600829 7fc3a9fcb700 Options.compaction_options_fifo.max_table_files_size: 1073741824
2019/10/17-14:54:05.600830 7fc3a9fcb700 Options.compaction_options_fifo.allow_compaction: 0
2019/10/17-14:54:05.600831 7fc3a9fcb700 Options.compaction_options_fifo.ttl: 0
2019/10/17-14:54:05.600832 7fc3a9fcb700                   Options.table_properties_collectors: 
2019/10/17-14:54:05.600833 7fc3a9fcb700                   Options.inplace_update_support: 0
2019/10/17-14:54:05.600834 7fc3a9fcb700                 Options.inplace_update_num_locks: 10000
2019/10/17-14:54:05.600835 7fc3a9fcb700               Options.memtable_prefix_bloom_size_ratio: 0.000000
2019/10/17-14:54:05.600836 7fc3a9fcb700   Options.memtable_huge_page_size: 0
2019/10/17-14:54:05.600838 7fc3a9fcb700                           Options.bloom_locality: 0
2019/10/17-14:54:05.600839 7fc3a9fcb700                    Options.max_successive_merges: 0
2019/10/17-14:54:05.600840 7fc3a9fcb700                Options.optimize_filters_for_hits: 0
2019/10/17-14:54:05.600841 7fc3a9fcb700                Options.paranoid_file_checks: 0
2019/10/17-14:54:05.600841 7fc3a9fcb700                Options.force_consistency_checks: 0
2019/10/17-14:54:05.600842 7fc3a9fcb700                Options.report_bg_io_stats: 0
2019/10/17-14:54:05.600843 7fc3a9fcb700                               Options.ttl: 0
2019/10/17-14:54:05.600878 7fc3a9fcb700 [db/column_family.cc:472] --------------- Options for column family [active_gateways]:
2019/10/17-14:54:05.600880 7fc3a9fcb700               Options.comparator: leveldb.BytewiseComparator
2019/10/17-14:54:05.600881 7fc3a9fcb700           Options.merge_operator: None
2019/10/17-14:54:05.600882 7fc3a9fcb700        Options.compaction_filter: None
2019/10/17-14:54:05.600883 7fc3a9fcb700        Options.compaction_filter_factory: None
2019/10/17-14:54:05.600884 7fc3a9fcb700         Options.memtable_factory: SkipListFactory
2019/10/17-14:54:05.600885 7fc3a9fcb700            Options.table_factory: BlockBasedTable
2019/10/17-14:54:05.600899 7fc3a9fcb700            table_factory options:   flush_block_policy_factory: FlushBlockBySizePolicyFactory (0x7fc3500dbc70)
  cache_index_and_filter_blocks: 0
  cache_index_and_filter_blocks_with_high_priority: 0
  pin_l0_filter_and_index_blocks_in_cache: 0
  pin_top_level_index_and_filter: 1
  index_type: 0
  hash_index_allow_collision: 1
  checksum: 1
  no_block_cache: 0
  block_cache: 0x7fc35004d6a0
  block_cache_name: LRUCache
  block_cache_options:
    capacity : 8388608
    num_shard_bits : 4
    strict_capacity_limit : 0
    memory_allocator : None
    high_pri_pool_ratio: 0.000
  block_cache_compressed: (nil)
  persistent_cache: (nil)
  block_size: 4096
  block_size_deviation: 10
  block_restart_interval: 16
  index_block_restart_interval: 1
  metadata_block_size: 4096
  partition_filters: 0
  use_delta_encoding: 1
  filter_policy: nullptr
  whole_key_filtering: 1
  verify_compression: 0
  read_amp_bytes_per_bit: 0
  format_version: 2
  enable_index_compression: 1
  block_align: 0
2019/10/17-14:54:05.600908 7fc3a9fcb700        Options.write_buffer_size: 67108864
2019/10/17-14:54:05.600909 7fc3a9fcb700  Options.max_write_buffer_number: 2
2019/10/17-14:54:05.600910 7fc3a9fcb700          Options.compression: NoCompression
2019/10/17-14:54:05.600911 7fc3a9fcb700                  Options.bottommost_compression: Disabled
2019/10/17-14:54:05.600912 7fc3a9fcb700       Options.prefix_extractor: nullptr
2019/10/17-14:54:05.600913 7fc3a9fcb700   Options.memtable_insert_with_hint_prefix_extractor: nullptr
2019/10/17-14:54:05.600914 7fc3a9fcb700             Options.num_levels: 7
2019/10/17-14:54:05.600915 7fc3a9fcb700        Options.min_write_buffer_number_to_merge: 1
2019/10/17-14:54:05.600916 7fc3a9fcb700     Options.max_write_buffer_number_to_maintain: 0
2019/10/17-14:54:05.600917 7fc3a9fcb700            Options.bottommost_compression_opts.window_bits: -14
2019/10/17-14:54:05.600918 7fc3a9fcb700                  Options.bottommost_compression_opts.level: 32767
2019/10/17-14:54:05.600919 7fc3a9fcb700               Options.bottommost_compression_opts.strategy: 0
2019/10/17-14:54:05.600920 7fc3a9fcb700         Options.bottommost_compression_opts.max_dict_bytes: 0
2019/10/17-14:54:05.600921 7fc3a9fcb700         Options.bottommost_compression_opts.zstd_max_train_bytes: 0
2019/10/17-14:54:05.600922 7fc3a9fcb700                  Options.bottommost_compression_opts.enabled: false
2019/10/17-14:54:05.600923 7fc3a9fcb700            Options.compression_opts.window_bits: -14
2019/10/17-14:54:05.600924 7fc3a9fcb700                  Options.compression_opts.level: 32767
2019/10/17-14:54:05.600925 7fc3a9fcb700               Options.compression_opts.strategy: 0
2019/10/17-14:54:05.600926 7fc3a9fcb700         Options.compression_opts.max_dict_bytes: 0
2019/10/17-14:54:05.600927 7fc3a9fcb700         Options.compression_opts.zstd_max_train_bytes: 0
2019/10/17-14:54:05.600928 7fc3a9fcb700                  Options.compression_opts.enabled: false
2019/10/17-14:54:05.600929 7fc3a9fcb700      Options.level0_file_num_compaction_trigger: 4
2019/10/17-14:54:05.600930 7fc3a9fcb700          Options.level0_slowdown_writes_trigger: 20
2019/10/17-14:54:05.600931 7fc3a9fcb700              Options.level0_stop_writes_trigger: 36
2019/10/17-14:54:05.600932 7fc3a9fcb700                   Options.target_file_size_base: 67108864
2019/10/17-14:54:05.600933 7fc3a9fcb700             Options.target_file_size_multiplier: 1
2019/10/17-14:54:05.600934 7fc3a9fcb700                Options.max_bytes_for_level_base: 268435456
2019/10/17-14:54:05.600935 7fc3a9fcb700 Options.level_compaction_dynamic_level_bytes: 0
2019/10/17-14:54:05.600936 7fc3a9fcb700          Options.max_bytes_for_level_multiplier: 10.000000
2019/10/17-14:54:05.600938 7fc3a9fcb700 Options.max_bytes_for_level_multiplier_addtl[0]: 1
2019/10/17-14:54:05.600939 7fc3a9fcb700 Options.max_bytes_for_level_multiplier_addtl[1]: 1
2019/10/17-14:54:05.600940 7fc3a9fcb700 Options.max_bytes_for_level_multiplier_addtl[2]: 1
2019/10/17-14:54:05.600941 7fc3a9fcb700 Options.max_bytes_for_level_multiplier_addtl[3]: 1
2019/10/17-14:54:05.600942 7fc3a9fcb700 Options.max_bytes_for_level_multiplier_addtl[4]: 1
2019/10/17-14:54:05.600943 7fc3a9fcb700 Options.max_bytes_for_level_multiplier_addtl[5]: 1
2019/10/17-14:54:05.600944 7fc3a9fcb700 Options.max_bytes_for_level_multiplier_addtl[6]: 1
2019/10/17-14:54:05.600945 7fc3a9fcb700       Options.max_sequential_skip_in_iterations: 8
2019/10/17-14:54:05.600950 7fc3a9fcb700                    Options.max_compaction_bytes: 1677721600
2019/10/17-14:54:05.600951 7fc3a9fcb700                        Options.arena_block_size: 8388608
2019/10/17-14:54:05.600953 7fc3a9fcb700   Options.soft_pending_compaction_bytes_limit: 68719476736
2019/10/17-14:54:05.600954 7fc3a9fcb700   Options.hard_pending_compaction_bytes_limit: 274877906944
2019/10/17-14:54:05.600955 7fc3a9fcb700       Options.rate_limit_delay_max_milliseconds: 100
2019/10/17-14:54:05.600956 7fc3a9fcb700                Options.disable_auto_compactions: 0
2019/10/17-14:54:05.600957 7fc3a9fcb700                        Options.compaction_style: kCompactionStyleLevel
2019/10/17-14:54:05.600958 7fc3a9fcb700                          Options.compaction_pri: kByCompensatedSize
2019/10/17-14:54:05.600959 7fc3a9fcb700 Options.compaction_options_universal.size_ratio: 1
2019/10/17-14:54:05.600960 7fc3a9fcb700 Options.compaction_options_universal.min_merge_width: 2
2019/10/17-14:54:05.600961 7fc3a9fcb700 Options.compaction_options_universal.max_merge_width: 4294967295
2019/10/17-14:54:05.600962 7fc3a9fcb700 Options.compaction_options_universal.max_size_amplification_percent: 200
2019/10/17-14:54:05.600963 7fc3a9fcb700 Options.compaction_options_universal.compression_size_percent: -1
2019/10/17-14:54:05.600964 7fc3a9fcb700 Options.compaction_options_universal.stop_style: kCompactionStopStyleTotalSize
2019/10/17-14:54:05.600965 7fc3a9fcb700 Options.compaction_options_fifo.max_table_files_size: 1073741824
2019/10/17-14:54:05.600966 7fc3a9fcb700 Options.compaction_options_fifo.allow_compaction: 0
2019/10/17-14:54:05.600967 7fc3a9fcb700 Options.compaction_options_fifo.ttl: 0
2019/10/17-14:54:05.600968 7fc3a9fcb700                   Options.table_properties_collectors: 
2019/10/17-14:54:05.600969 7fc3a9fcb700                   Options.inplace_update_support: 0
2019/10/17-14:54:05.600970 7fc3a9fcb700                 Options.inplace_update_num_locks: 10000
2019/10/17-14:54:05.600971 7fc3a9fcb700               Options.memtable_prefix_bloom_size_ratio: 0.000000
2019/10/17-14:54:05.600973 7fc3a9fcb700   Options.memtable_huge_page_size: 0
2019/10/17-14:54:05.600974 7fc3a9fcb700                           Options.bloom_locality: 0
2019/10/17-14:54:05.600975 7fc3a9fcb700                    Options.max_successive_merges: 0
2019/10/17-14:54:05.600976 7fc3a9fcb700                Options.optimize_filters_for_hits: 0
2019/10/17-14:54:05.600977 7fc3a9fcb700                Options.paranoid_file_checks: 0
2019/10/17-14:54:05.600978 7fc3a9fcb700                Options.force_consistency_checks: 0
2019/10/17-14:54:05.600979 7fc3a9fcb700                Options.report_bg_io_stats: 0
2019/10/17-14:54:05.600980 7fc3a9fcb700                               Options.ttl: 0
2019/10/17-14:54:05.601001 7fc3a9fcb700 [db/column_family.cc:472] --------------- Options for column family [entries]:
2019/10/17-14:54:05.601003 7fc3a9fcb700               Options.comparator: leveldb.BytewiseComparator
2019/10/17-14:54:05.601004 7fc3a9fcb700           Options.merge_operator: None
2019/10/17-14:54:05.601005 7fc3a9fcb700        Options.compaction_filter: None
2019/10/17-14:54:05.601006 7fc3a9fcb700        Options.compaction_filter_factory: None
2019/10/17-14:54:05.601007 7fc3a9fcb700         Options.memtable_factory: SkipListFactory
2019/10/17-14:54:05.601008 7fc3a9fcb700            Options.table_factory: BlockBasedTable
2019/10/17-14:54:05.601021 7fc3a9fcb700            table_factory options:   flush_block_policy_factory: FlushBlockBySizePolicyFactory (0x7fc3500a06b0)
  cache_index_and_filter_blocks: 0
  cache_index_and_filter_blocks_with_high_priority: 0
  pin_l0_filter_and_index_blocks_in_cache: 0
  pin_top_level_index_and_filter: 1
  index_type: 0
  hash_index_allow_collision: 1
  checksum: 1
  no_block_cache: 0
  block_cache: 0x7fc3500dbd30
  block_cache_name: LRUCache
  block_cache_options:
    capacity : 8388608
    num_shard_bits : 4
    strict_capacity_limit : 0
    memory_allocator : None
    high_pri_pool_ratio: 0.000
  block_cache_compressed: (nil)
  persistent_cache: (nil)
  block_size: 4096
  block_size_deviation: 10
  block_restart_interval: 16
  index_block_restart_interval: 1
  metadata_block_size: 4096
  partition_filters: 0
  use_delta_encoding: 1
  filter_policy: nullptr
  whole_key_filtering: 1
  verify_compression: 0
  read_amp_bytes_per_bit: 0
  format_version: 2
  enable_index_compression: 1
  block_align: 0
2019/10/17-14:54:05.601029 7fc3a9fcb700        Options.write_buffer_size: 67108864
2019/10/17-14:54:05.601030 7fc3a9fcb700  Options.max_write_buffer_number: 2
2019/10/17-14:54:05.601031 7fc3a9fcb700          Options.compression: NoCompression
2019/10/17-14:54:05.601032 7fc3a9fcb700                  Options.bottommost_compression: Disabled
2019/10/17-14:54:05.601033 7fc3a9fcb700       Options.prefix_extractor: nullptr
2019/10/17-14:54:05.601034 7fc3a9fcb700   Options.memtable_insert_with_hint_prefix_extractor: nullptr
2019/10/17-14:54:05.601035 7fc3a9fcb700             Options.num_levels: 7
2019/10/17-14:54:05.601036 7fc3a9fcb700        Options.min_write_buffer_number_to_merge: 1
2019/10/17-14:54:05.601037 7fc3a9fcb700     Options.max_write_buffer_number_to_maintain: 0
2019/10/17-14:54:05.601038 7fc3a9fcb700            Options.bottommost_compression_opts.window_bits: -14
2019/10/17-14:54:05.601039 7fc3a9fcb700                  Options.bottommost_compression_opts.level: 32767
2019/10/17-14:54:05.601040 7fc3a9fcb700               Options.bottommost_compression_opts.strategy: 0
2019/10/17-14:54:05.601041 7fc3a9fcb700         Options.bottommost_compression_opts.max_dict_bytes: 0
2019/10/17-14:54:05.601042 7fc3a9fcb700         Options.bottommost_compression_opts.zstd_max_train_bytes: 0
2019/10/17-14:54:05.601043 7fc3a9fcb700                  Options.bottommost_compression_opts.enabled: false
2019/10/17-14:54:05.601044 7fc3a9fcb700            Options.compression_opts.window_bits: -14
2019/10/17-14:54:05.601045 7fc3a9fcb700                  Options.compression_opts.level: 32767
2019/10/17-14:54:05.601046 7fc3a9fcb700               Options.compression_opts.strategy: 0
2019/10/17-14:54:05.601047 7fc3a9fcb700         Options.compression_opts.max_dict_bytes: 0
2019/10/17-14:54:05.601048 7fc3a9fcb700         Options.compression_opts.zstd_max_train_bytes: 0
2019/10/17-14:54:05.601049 7fc3a9fcb700                  Options.compression_opts.enabled: false
2019/10/17-14:54:05.601050 7fc3a9fcb700      Options.level0_file_num_compaction_trigger: 4
2019/10/17-14:54:05.601051 7fc3a9fcb700          Options.level0_slowdown_writes_trigger: 20
2019/10/17-14:54:05.601052 7fc3a9fcb700              Options.level0_stop_writes_trigger: 36
2019/10/17-14:54:05.601053 7fc3a9fcb700                   Options.target_file_size_base: 67108864
2019/10/17-14:54:05.601054 7fc3a9fcb700             Options.target_file_size_multiplier: 1
2019/10/17-14:54:05.601055 7fc3a9fcb700                Options.max_bytes_for_level_base: 268435456
2019/10/17-14:54:05.601056 7fc3a9fcb700 Options.level_compaction_dynamic_level_bytes: 0
2019/10/17-14:54:05.601057 7fc3a9fcb700          Options.max_bytes_for_level_multiplier: 10.000000
2019/10/17-14:54:05.601059 7fc3a9fcb700 Options.max_bytes_for_level_multiplier_addtl[0]: 1
2019/10/17-14:54:05.601060 7fc3a9fcb700 Options.max_bytes_for_level_multiplier_addtl[1]: 1
2019/10/17-14:54:05.601061 7fc3a9fcb700 Options.max_bytes_for_level_multiplier_addtl[2]: 1
2019/10/17-14:54:05.601062 7fc3a9fcb700 Options.max_bytes_for_level_multiplier_addtl[3]: 1
2019/10/17-14:54:05.601063 7fc3a9fcb700 Options.max_bytes_for_level_multiplier_addtl[4]: 1
2019/10/17-14:54:05.601064 7fc3a9fcb700 Options.max_bytes_for_level_multiplier_addtl[5]: 1
2019/10/17-14:54:05.601065 7fc3a9fcb700 Options.max_bytes_for_level_multiplier_addtl[6]: 1
2019/10/17-14:54:05.601066 7fc3a9fcb700       Options.max_sequential_skip_in_iterations: 8
2019/10/17-14:54:05.601067 7fc3a9fcb700                    Options.max_compaction_bytes: 1677721600
2019/10/17-14:54:05.601068 7fc3a9fcb700                        Options.arena_block_size: 8388608
2019/10/17-14:54:05.601069 7fc3a9fcb700   Options.soft_pending_compaction_bytes_limit: 68719476736
2019/10/17-14:54:05.601074 7fc3a9fcb700   Options.hard_pending_compaction_bytes_limit: 274877906944
2019/10/17-14:54:05.601076 7fc3a9fcb700       Options.rate_limit_delay_max_milliseconds: 100
2019/10/17-14:54:05.601077 7fc3a9fcb700                Options.disable_auto_compactions: 0
2019/10/17-14:54:05.601078 7fc3a9fcb700                        Options.compaction_style: kCompactionStyleLevel
2019/10/17-14:54:05.601079 7fc3a9fcb700                          Options.compaction_pri: kByCompensatedSize
2019/10/17-14:54:05.601080 7fc3a9fcb700 Options.compaction_options_universal.size_ratio: 1
2019/10/17-14:54:05.601081 7fc3a9fcb700 Options.compaction_options_universal.min_merge_width: 2
2019/10/17-14:54:05.601082 7fc3a9fcb700 Options.compaction_options_universal.max_merge_width: 4294967295
2019/10/17-14:54:05.601083 7fc3a9fcb700 Options.compaction_options_universal.max_size_amplification_percent: 200
2019/10/17-14:54:05.601084 7fc3a9fcb700 Options.compaction_options_universal.compression_size_percent: -1
2019/10/17-14:54:05.601085 7fc3a9fcb700 Options.compaction_options_universal.stop_style: kCompactionStopStyleTotalSize
2019/10/17-14:54:05.601086 7fc3a9fcb700 Options.compaction_options_fifo.max_table_files_size: 1073741824
2019/10/17-14:54:05.601087 7fc3a9fcb700 Options.compaction_options_fifo.allow_compaction: 0
2019/10/17-14:54:05.601088 7fc3a9fcb700 Options.compaction_options_fifo.ttl: 0
2019/10/17-14:54:05.601089 7fc3a9fcb700                   Options.table_properties_collectors: 
2019/10/17-14:54:05.601090 7fc3a9fcb700                   Options.inplace_update_support: 0
2019/10/17-14:54:05.601091 7fc3a9fcb700                 Options.inplace_update_num_locks: 10000
2019/10/17-14:54:05.601092 7fc3a9fcb700               Options.memtable_prefix_bloom_size_ratio: 0.000000
2019/10/17-14:54:05.601093 7fc3a9fcb700   Options.memtable_huge_page_size: 0
2019/10/17-14:54:05.601095 7fc3a9fcb700                           Options.bloom_locality: 0
2019/10/17-14:54:05.601096 7fc3a9fcb700                    Options.max_successive_merges: 0
2019/10/17-14:54:05.601097 7fc3a9fcb700                Options.optimize_filters_for_hits: 0
2019/10/17-14:54:05.601098 7fc3a9fcb700                Options.paranoid_file_checks: 0
2019/10/17-14:54:05.601099 7fc3a9fcb700                Options.force_consistency_checks: 0
2019/10/17-14:54:05.601099 7fc3a9fcb700                Options.report_bg_io_stats: 0
2019/10/17-14:54:05.601100 7fc3a9fcb700                               Options.ttl: 0
2019/10/17-14:54:05.601119 7fc3a9fcb700 [db/column_family.cc:472] --------------- Options for column family [dc_entries]:
2019/10/17-14:54:05.601121 7fc3a9fcb700               Options.comparator: leveldb.BytewiseComparator
2019/10/17-14:54:05.601122 7fc3a9fcb700           Options.merge_operator: None
2019/10/17-14:54:05.601123 7fc3a9fcb700        Options.compaction_filter: None
2019/10/17-14:54:05.601124 7fc3a9fcb700        Options.compaction_filter_factory: None
2019/10/17-14:54:05.601125 7fc3a9fcb700         Options.memtable_factory: SkipListFactory
2019/10/17-14:54:05.601126 7fc3a9fcb700            Options.table_factory: BlockBasedTable
2019/10/17-14:54:05.601138 7fc3a9fcb700            table_factory options:   flush_block_policy_factory: FlushBlockBySizePolicyFactory (0x7fc3500955e0)
  cache_index_and_filter_blocks: 0
  cache_index_and_filter_blocks_with_high_priority: 0
  pin_l0_filter_and_index_blocks_in_cache: 0
  pin_top_level_index_and_filter: 1
  index_type: 0
  hash_index_allow_collision: 1
  checksum: 1
  no_block_cache: 0
  block_cache: 0x7fc350044230
  block_cache_name: LRUCache
  block_cache_options:
    capacity : 8388608
    num_shard_bits : 4
    strict_capacity_limit : 0
    memory_allocator : None
    high_pri_pool_ratio: 0.000
  block_cache_compressed: (nil)
  persistent_cache: (nil)
  block_size: 4096
  block_size_deviation: 10
  block_restart_interval: 16
  index_block_restart_interval: 1
  metadata_block_size: 4096
  partition_filters: 0
  use_delta_encoding: 1
  filter_policy: nullptr
  whole_key_filtering: 1
  verify_compression: 0
  read_amp_bytes_per_bit: 0
  format_version: 2
  enable_index_compression: 1
  block_align: 0
2019/10/17-14:54:05.601146 7fc3a9fcb700        Options.write_buffer_size: 67108864
2019/10/17-14:54:05.601147 7fc3a9fcb700  Options.max_write_buffer_number: 2
2019/10/17-14:54:05.601148 7fc3a9fcb700          Options.compression: NoCompression
2019/10/17-14:54:05.601149 7fc3a9fcb700                  Options.bottommost_compression: Disabled
2019/10/17-14:54:05.601150 7fc3a9fcb700       Options.prefix_extractor: nullptr
2019/10/17-14:54:05.601151 7fc3a9fcb700   Options.memtable_insert_with_hint_prefix_extractor: nullptr
2019/10/17-14:54:05.601152 7fc3a9fcb700             Options.num_levels: 7
2019/10/17-14:54:05.601153 7fc3a9fcb700        Options.min_write_buffer_number_to_merge: 1
2019/10/17-14:54:05.601154 7fc3a9fcb700     Options.max_write_buffer_number_to_maintain: 0
2019/10/17-14:54:05.601155 7fc3a9fcb700            Options.bottommost_compression_opts.window_bits: -14
2019/10/17-14:54:05.601156 7fc3a9fcb700                  Options.bottommost_compression_opts.level: 32767
2019/10/17-14:54:05.601157 7fc3a9fcb700               Options.bottommost_compression_opts.strategy: 0
2019/10/17-14:54:05.601158 7fc3a9fcb700         Options.bottommost_compression_opts.max_dict_bytes: 0
2019/10/17-14:54:05.601159 7fc3a9fcb700         Options.bottommost_compression_opts.zstd_max_train_bytes: 0
2019/10/17-14:54:05.601160 7fc3a9fcb700                  Options.bottommost_compression_opts.enabled: false
2019/10/17-14:54:05.601161 7fc3a9fcb700            Options.compression_opts.window_bits: -14
2019/10/17-14:54:05.601162 7fc3a9fcb700                  Options.compression_opts.level: 32767
2019/10/17-14:54:05.601163 7fc3a9fcb700               Options.compression_opts.strategy: 0
2019/10/17-14:54:05.601164 7fc3a9fcb700         Options.compression_opts.max_dict_bytes: 0
2019/10/17-14:54:05.601165 7fc3a9fcb700         Options.compression_opts.zstd_max_train_bytes: 0
2019/10/17-14:54:05.601166 7fc3a9fcb700                  Options.compression_opts.enabled: false
2019/10/17-14:54:05.601167 7fc3a9fcb700      Options.level0_file_num_compaction_trigger: 4
2019/10/17-14:54:05.601168 7fc3a9fcb700          Options.level0_slowdown_writes_trigger: 20
2019/10/17-14:54:05.601169 7fc3a9fcb700              Options.level0_stop_writes_trigger: 36
2019/10/17-14:54:05.601170 7fc3a9fcb700                   Options.target_file_size_base: 67108864
2019/10/17-14:54:05.601171 7fc3a9fcb700             Options.target_file_size_multiplier: 1
2019/10/17-14:54:05.601172 7fc3a9fcb700                Options.max_bytes_for_level_base: 268435456
2019/10/17-14:54:05.601173 7fc3a9fcb700 Options.level_compaction_dynamic_level_bytes: 0
2019/10/17-14:54:05.601174 7fc3a9fcb700          Options.max_bytes_for_level_multiplier: 10.000000
2019/10/17-14:54:05.601175 7fc3a9fcb700 Options.max_bytes_for_level_multiplier_addtl[0]: 1
2019/10/17-14:54:05.601176 7fc3a9fcb700 Options.max_bytes_for_level_multiplier_addtl[1]: 1
2019/10/17-14:54:05.601178 7fc3a9fcb700 Options.max_bytes_for_level_multiplier_addtl[2]: 1
2019/10/17-14:54:05.601179 7fc3a9fcb700 Options.max_bytes_for_level_multiplier_addtl[3]: 1
2019/10/17-14:54:05.601180 7fc3a9fcb700 Options.max_bytes_for_level_multiplier_addtl[4]: 1
2019/10/17-14:54:05.601181 7fc3a9fcb700 Options.max_bytes_for_level_multiplier_addtl[5]: 1
2019/10/17-14:54:05.601182 7fc3a9fcb700 Options.max_bytes_for_level_multiplier_addtl[6]: 1
2019/10/17-14:54:05.601183 7fc3a9fcb700       Options.max_sequential_skip_in_iterations: 8
2019/10/17-14:54:05.601184 7fc3a9fcb700                    Options.max_compaction_bytes: 1677721600
2019/10/17-14:54:05.601185 7fc3a9fcb700                        Options.arena_block_size: 8388608
2019/10/17-14:54:05.601186 7fc3a9fcb700   Options.soft_pending_compaction_bytes_limit: 68719476736
2019/10/17-14:54:05.601187 7fc3a9fcb700   Options.hard_pending_compaction_bytes_limit: 274877906944
2019/10/17-14:54:05.601188 7fc3a9fcb700       Options.rate_limit_delay_max_milliseconds: 100
2019/10/17-14:54:05.601189 7fc3a9fcb700                Options.disable_auto_compactions: 0
2019/10/17-14:54:05.601194 7fc3a9fcb700                        Options.compaction_style: kCompactionStyleLevel
2019/10/17-14:54:05.601196 7fc3a9fcb700                          Options.compaction_pri: kByCompensatedSize
2019/10/17-14:54:05.601197 7fc3a9fcb700 Options.compaction_options_universal.size_ratio: 1
2019/10/17-14:54:05.601198 7fc3a9fcb700 Options.compaction_options_universal.min_merge_width: 2
2019/10/17-14:54:05.601199 7fc3a9fcb700 Options.compaction_options_universal.max_merge_width: 4294967295
2019/10/17-14:54:05.601200 7fc3a9fcb700 Options.compaction_options_universal.max_size_amplification_percent: 200
2019/10/17-14:54:05.601201 7fc3a9fcb700 Options.compaction_options_universal.compression_size_percent: -1
2019/10/17-14:54:05.601202 7fc3a9fcb700 Options.compaction_options_universal.stop_style: kCompactionStopStyleTotalSize
2019/10/17-14:54:05.601203 7fc3a9fcb700 Options.compaction_options_fifo.max_table_files_size: 1073741824
2019/10/17-14:54:05.601204 7fc3a9fcb700 Options.compaction_options_fifo.allow_compaction: 0
2019/10/17-14:54:05.601205 7fc3a9fcb700 Options.compaction_options_fifo.ttl: 0
2019/10/17-14:54:05.601206 7fc3a9fcb700                   Options.table_properties_collectors: 
2019/10/17-14:54:05.601207 7fc3a9fcb700                   Options.inplace_update_support: 0
2019/10/17-14:54:05.601208 7fc3a9fcb700                 Options.inplace_update_num_locks: 10000
2019/10/17-14:54:05.601209 7fc3a9fcb700               Options.memtable_prefix_bloom_size_ratio: 0.000000
2019/10/17-14:54:05.601210 7fc3a9fcb700   Options.memtable_huge_page_size: 0
2019/10/17-14:54:05.601211 7fc3a9fcb700                           Options.bloom_locality: 0
2019/10/17-14:54:05.601212 7fc3a9fcb700                    Options.max_successive_merges: 0
2019/10/17-14:54:05.601213 7fc3a9fcb700                Options.optimize_filters_for_hits: 0
2019/10/17-14:54:05.601214 7fc3a9fcb700                Options.paranoid_file_checks: 0
2019/10/17-14:54:05.601215 7fc3a9fcb700                Options.force_consistency_checks: 0
2019/10/17-14:54:05.601216 7fc3a9fcb700                Options.report_bg_io_stats: 0
2019/10/17-14:54:05.601217 7fc3a9fcb700                               Options.ttl: 0
2019/10/17-14:54:05.601233 7fc3a9fcb700 [db/column_family.cc:472] --------------- Options for column family [htlcs]:
2019/10/17-14:54:05.601234 7fc3a9fcb700               Options.comparator: leveldb.BytewiseComparator
2019/10/17-14:54:05.601235 7fc3a9fcb700           Options.merge_operator: None
2019/10/17-14:54:05.601236 7fc3a9fcb700        Options.compaction_filter: None
2019/10/17-14:54:05.601237 7fc3a9fcb700        Options.compaction_filter_factory: None
2019/10/17-14:54:05.601238 7fc3a9fcb700         Options.memtable_factory: SkipListFactory
2019/10/17-14:54:05.601239 7fc3a9fcb700            Options.table_factory: BlockBasedTable
2019/10/17-14:54:05.601251 7fc3a9fcb700            table_factory options:   flush_block_policy_factory: FlushBlockBySizePolicyFactory (0x7fc350062fe0)
