2019/10/17-14:56:03.158154 7fbc2cd30700 RocksDB version: 5.18.3
2019/10/17-14:56:03.158183 7fbc2cd30700 Git sha rocksdb_build_git_sha:@0@
2019/10/17-14:56:03.158185 7fbc2cd30700 Compile date Sep 19 2019
2019/10/17-14:56:03.158186 7fbc2cd30700 DB SUMMARY
2019/10/17-14:56:03.158837 7fbc2cd30700 CURRENT file:  CURRENT
2019/10/17-14:56:03.158838 7fbc2cd30700 IDENTITY file:  IDENTITY
2019/10/17-14:56:03.158865 7fbc2cd30700 MANIFEST file:  MANIFEST-116713 size: 4114 Bytes
2019/10/17-14:56:03.158866 7fbc2cd30700 SST files in /home/rahul/dev/blockchain-core/eqc/ledger.db dir, Total Num: 29, files: 000624.sst 000627.sst 106940.sst 108447.sst 108450.sst 109471.sst 109483.sst 109485.sst 109486.sst 
2019/10/17-14:56:03.158867 7fbc2cd30700 Write Ahead Log file in /home/rahul/dev/blockchain-core/eqc/ledger.db: 116714.log size: 0 ; 
2019/10/17-14:56:03.158897 7fbc2cd30700                         Options.error_if_exists: 0
2019/10/17-14:56:03.158899 7fbc2cd30700                       Options.create_if_missing: 1
2019/10/17-14:56:03.158899 7fbc2cd30700                         Options.paranoid_checks: 1
2019/10/17-14:56:03.158900 7fbc2cd30700                                     Options.env: 0x7fbbafa7bc60
2019/10/17-14:56:03.158901 7fbc2cd30700                                Options.info_log: 0x7fbbb80a32d0
2019/10/17-14:56:03.158902 7fbc2cd30700                Options.max_file_opening_threads: 16
2019/10/17-14:56:03.158902 7fbc2cd30700                              Options.statistics: (nil)
2019/10/17-14:56:03.158903 7fbc2cd30700                               Options.use_fsync: 0
2019/10/17-14:56:03.158904 7fbc2cd30700                       Options.max_log_file_size: 0
2019/10/17-14:56:03.158905 7fbc2cd30700                  Options.max_manifest_file_size: 1073741824
2019/10/17-14:56:03.158905 7fbc2cd30700                   Options.log_file_time_to_roll: 0
2019/10/17-14:56:03.158906 7fbc2cd30700                       Options.keep_log_file_num: 1000
2019/10/17-14:56:03.158907 7fbc2cd30700                    Options.recycle_log_file_num: 0
2019/10/17-14:56:03.158908 7fbc2cd30700                         Options.allow_fallocate: 1
2019/10/17-14:56:03.158908 7fbc2cd30700                        Options.allow_mmap_reads: 0
2019/10/17-14:56:03.158909 7fbc2cd30700                       Options.allow_mmap_writes: 0
2019/10/17-14:56:03.158910 7fbc2cd30700                        Options.use_direct_reads: 0
2019/10/17-14:56:03.158910 7fbc2cd30700                        Options.use_direct_io_for_flush_and_compaction: 0
2019/10/17-14:56:03.158911 7fbc2cd30700          Options.create_missing_column_families: 0
2019/10/17-14:56:03.158911 7fbc2cd30700                              Options.db_log_dir: 
2019/10/17-14:56:03.158912 7fbc2cd30700                                 Options.wal_dir: /home/rahul/dev/blockchain-core/eqc/ledger.db
2019/10/17-14:56:03.158913 7fbc2cd30700                Options.table_cache_numshardbits: 6
2019/10/17-14:56:03.158914 7fbc2cd30700                      Options.max_subcompactions: 1
2019/10/17-14:56:03.158914 7fbc2cd30700                  Options.max_background_flushes: -1
2019/10/17-14:56:03.158915 7fbc2cd30700                         Options.WAL_ttl_seconds: 0
2019/10/17-14:56:03.158916 7fbc2cd30700                       Options.WAL_size_limit_MB: 0
2019/10/17-14:56:03.158916 7fbc2cd30700             Options.manifest_preallocation_size: 4194304
2019/10/17-14:56:03.158917 7fbc2cd30700                     Options.is_fd_close_on_exec: 1
2019/10/17-14:56:03.158918 7fbc2cd30700                   Options.advise_random_on_open: 1
2019/10/17-14:56:03.158918 7fbc2cd30700                    Options.db_write_buffer_size: 0
2019/10/17-14:56:03.158919 7fbc2cd30700                    Options.write_buffer_manager: 0x7fbbb80708f0
2019/10/17-14:56:03.158920 7fbc2cd30700         Options.access_hint_on_compaction_start: 1
2019/10/17-14:56:03.158920 7fbc2cd30700  Options.new_table_reader_for_compaction_inputs: 0
2019/10/17-14:56:03.158921 7fbc2cd30700           Options.random_access_max_buffer_size: 1048576
2019/10/17-14:56:03.158922 7fbc2cd30700                      Options.use_adaptive_mutex: 0
2019/10/17-14:56:03.158922 7fbc2cd30700                            Options.rate_limiter: (nil)
2019/10/17-14:56:03.158930 7fbc2cd30700     Options.sst_file_manager.rate_bytes_per_sec: 0
2019/10/17-14:56:03.158931 7fbc2cd30700                       Options.wal_recovery_mode: 2
2019/10/17-14:56:03.158932 7fbc2cd30700                  Options.enable_thread_tracking: 0
2019/10/17-14:56:03.158933 7fbc2cd30700                  Options.enable_pipelined_write: 0
2019/10/17-14:56:03.158933 7fbc2cd30700         Options.allow_concurrent_memtable_write: 1
2019/10/17-14:56:03.158934 7fbc2cd30700      Options.enable_write_thread_adaptive_yield: 1
2019/10/17-14:56:03.158935 7fbc2cd30700             Options.write_thread_max_yield_usec: 100
2019/10/17-14:56:03.158935 7fbc2cd30700            Options.write_thread_slow_yield_usec: 3
2019/10/17-14:56:03.158936 7fbc2cd30700                               Options.row_cache: None
2019/10/17-14:56:03.158937 7fbc2cd30700                              Options.wal_filter: None
2019/10/17-14:56:03.158938 7fbc2cd30700             Options.avoid_flush_during_recovery: 0
2019/10/17-14:56:03.158938 7fbc2cd30700             Options.allow_ingest_behind: 0
2019/10/17-14:56:03.158939 7fbc2cd30700             Options.preserve_deletes: 0
2019/10/17-14:56:03.158940 7fbc2cd30700             Options.two_write_queues: 0
2019/10/17-14:56:03.158940 7fbc2cd30700             Options.manual_wal_flush: 0
2019/10/17-14:56:03.158941 7fbc2cd30700             Options.max_background_jobs: 2
2019/10/17-14:56:03.158942 7fbc2cd30700             Options.max_background_compactions: -1
2019/10/17-14:56:03.158942 7fbc2cd30700             Options.avoid_flush_during_shutdown: 0
2019/10/17-14:56:03.158943 7fbc2cd30700           Options.writable_file_max_buffer_size: 1048576
2019/10/17-14:56:03.158944 7fbc2cd30700             Options.delayed_write_rate : 16777216
2019/10/17-14:56:03.158944 7fbc2cd30700             Options.max_total_wal_size: 0
2019/10/17-14:56:03.158945 7fbc2cd30700             Options.delete_obsolete_files_period_micros: 21600000000
2019/10/17-14:56:03.158946 7fbc2cd30700                   Options.stats_dump_period_sec: 600
2019/10/17-14:56:03.158946 7fbc2cd30700                          Options.max_open_files: -1
2019/10/17-14:56:03.158947 7fbc2cd30700                          Options.bytes_per_sync: 0
2019/10/17-14:56:03.158948 7fbc2cd30700                      Options.wal_bytes_per_sync: 0
2019/10/17-14:56:03.158948 7fbc2cd30700       Options.compaction_readahead_size: 0
2019/10/17-14:56:03.158949 7fbc2cd30700 Compression algorithms supported:
2019/10/17-14:56:03.158950 7fbc2cd30700 	kZSTDNotFinalCompression supported: 0
2019/10/17-14:56:03.158951 7fbc2cd30700 	kZSTD supported: 0
2019/10/17-14:56:03.158952 7fbc2cd30700 	kXpressCompression supported: 0
2019/10/17-14:56:03.158953 7fbc2cd30700 	kLZ4HCCompression supported: 0
2019/10/17-14:56:03.158953 7fbc2cd30700 	kLZ4Compression supported: 0
2019/10/17-14:56:03.158954 7fbc2cd30700 	kBZip2Compression supported: 0
2019/10/17-14:56:03.158955 7fbc2cd30700 	kZlibCompression supported: 0
2019/10/17-14:56:03.158956 7fbc2cd30700 	kSnappyCompression supported: 0
2019/10/17-14:56:03.158957 7fbc2cd30700 Fast CRC32 supported: Supported on x86
2019/10/17-14:56:03.159040 7fbc2cd30700 [db/version_set.cc:3507] Recovering from manifest file: MANIFEST-116713
2019/10/17-14:56:03.159069 7fbc2cd30700 [db/column_family.cc:472] --------------- Options for column family [default]:
2019/10/17-14:56:03.159070 7fbc2cd30700               Options.comparator: leveldb.BytewiseComparator
2019/10/17-14:56:03.159071 7fbc2cd30700           Options.merge_operator: None
2019/10/17-14:56:03.159072 7fbc2cd30700        Options.compaction_filter: None
2019/10/17-14:56:03.159072 7fbc2cd30700        Options.compaction_filter_factory: None
2019/10/17-14:56:03.159073 7fbc2cd30700         Options.memtable_factory: SkipListFactory
2019/10/17-14:56:03.159074 7fbc2cd30700            Options.table_factory: BlockBasedTable
2019/10/17-14:56:03.159088 7fbc2cd30700            table_factory options:   flush_block_policy_factory: FlushBlockBySizePolicyFactory (0x7fbbb80f1d80)
  cache_index_and_filter_blocks: 0
  cache_index_and_filter_blocks_with_high_priority: 0
  pin_l0_filter_and_index_blocks_in_cache: 0
  pin_top_level_index_and_filter: 1
  index_type: 0
  hash_index_allow_collision: 1
  checksum: 1
  no_block_cache: 0
  block_cache: 0x7fbbb843c420
  block_cache_name: LRUCache
  block_cache_options:
    capacity : 8388608
    num_shard_bits : 4
    strict_capacity_limit : 0
    memory_allocator : None
    high_pri_pool_ratio: 0.000
  block_cache_compressed: (nil)
  persistent_cache: (nil)
  block_size: 4096
  block_size_deviation: 10
  block_restart_interval: 16
  index_block_restart_interval: 1
  metadata_block_size: 4096
  partition_filters: 0
  use_delta_encoding: 1
  filter_policy: nullptr
  whole_key_filtering: 1
  verify_compression: 0
  read_amp_bytes_per_bit: 0
  format_version: 2
  enable_index_compression: 1
  block_align: 0
2019/10/17-14:56:03.159096 7fbc2cd30700        Options.write_buffer_size: 67108864
2019/10/17-14:56:03.159097 7fbc2cd30700  Options.max_write_buffer_number: 2
2019/10/17-14:56:03.159098 7fbc2cd30700          Options.compression: NoCompression
2019/10/17-14:56:03.159098 7fbc2cd30700                  Options.bottommost_compression: Disabled
2019/10/17-14:56:03.159099 7fbc2cd30700       Options.prefix_extractor: nullptr
2019/10/17-14:56:03.159100 7fbc2cd30700   Options.memtable_insert_with_hint_prefix_extractor: nullptr
2019/10/17-14:56:03.159101 7fbc2cd30700             Options.num_levels: 7
2019/10/17-14:56:03.159101 7fbc2cd30700        Options.min_write_buffer_number_to_merge: 1
2019/10/17-14:56:03.159102 7fbc2cd30700     Options.max_write_buffer_number_to_maintain: 0
2019/10/17-14:56:03.159103 7fbc2cd30700            Options.bottommost_compression_opts.window_bits: -14
2019/10/17-14:56:03.159103 7fbc2cd30700                  Options.bottommost_compression_opts.level: 32767
2019/10/17-14:56:03.159104 7fbc2cd30700               Options.bottommost_compression_opts.strategy: 0
2019/10/17-14:56:03.159105 7fbc2cd30700         Options.bottommost_compression_opts.max_dict_bytes: 0
2019/10/17-14:56:03.159105 7fbc2cd30700         Options.bottommost_compression_opts.zstd_max_train_bytes: 0
2019/10/17-14:56:03.159106 7fbc2cd30700                  Options.bottommost_compression_opts.enabled: false
2019/10/17-14:56:03.159107 7fbc2cd30700            Options.compression_opts.window_bits: -14
2019/10/17-14:56:03.159107 7fbc2cd30700                  Options.compression_opts.level: 32767
2019/10/17-14:56:03.159108 7fbc2cd30700               Options.compression_opts.strategy: 0
2019/10/17-14:56:03.159109 7fbc2cd30700         Options.compression_opts.max_dict_bytes: 0
2019/10/17-14:56:03.159109 7fbc2cd30700         Options.compression_opts.zstd_max_train_bytes: 0
2019/10/17-14:56:03.159110 7fbc2cd30700                  Options.compression_opts.enabled: false
2019/10/17-14:56:03.159111 7fbc2cd30700      Options.level0_file_num_compaction_trigger: 4
2019/10/17-14:56:03.159111 7fbc2cd30700          Options.level0_slowdown_writes_trigger: 20
2019/10/17-14:56:03.159112 7fbc2cd30700              Options.level0_stop_writes_trigger: 36
2019/10/17-14:56:03.159113 7fbc2cd30700                   Options.target_file_size_base: 67108864
2019/10/17-14:56:03.159114 7fbc2cd30700             Options.target_file_size_multiplier: 1
2019/10/17-14:56:03.159114 7fbc2cd30700                Options.max_bytes_for_level_base: 268435456
2019/10/17-14:56:03.159115 7fbc2cd30700 Options.level_compaction_dynamic_level_bytes: 0
2019/10/17-14:56:03.159116 7fbc2cd30700          Options.max_bytes_for_level_multiplier: 10.000000
2019/10/17-14:56:03.159117 7fbc2cd30700 Options.max_bytes_for_level_multiplier_addtl[0]: 1
2019/10/17-14:56:03.159118 7fbc2cd30700 Options.max_bytes_for_level_multiplier_addtl[1]: 1
2019/10/17-14:56:03.159119 7fbc2cd30700 Options.max_bytes_for_level_multiplier_addtl[2]: 1
2019/10/17-14:56:03.159120 7fbc2cd30700 Options.max_bytes_for_level_multiplier_addtl[3]: 1
2019/10/17-14:56:03.159120 7fbc2cd30700 Options.max_bytes_for_level_multiplier_addtl[4]: 1
2019/10/17-14:56:03.159124 7fbc2cd30700 Options.max_bytes_for_level_multiplier_addtl[5]: 1
2019/10/17-14:56:03.159125 7fbc2cd30700 Options.max_bytes_for_level_multiplier_addtl[6]: 1
2019/10/17-14:56:03.159126 7fbc2cd30700       Options.max_sequential_skip_in_iterations: 8
2019/10/17-14:56:03.159126 7fbc2cd30700                    Options.max_compaction_bytes: 1677721600
2019/10/17-14:56:03.159127 7fbc2cd30700                        Options.arena_block_size: 8388608
2019/10/17-14:56:03.159128 7fbc2cd30700   Options.soft_pending_compaction_bytes_limit: 68719476736
2019/10/17-14:56:03.159128 7fbc2cd30700   Options.hard_pending_compaction_bytes_limit: 274877906944
2019/10/17-14:56:03.159129 7fbc2cd30700       Options.rate_limit_delay_max_milliseconds: 100
2019/10/17-14:56:03.159130 7fbc2cd30700                Options.disable_auto_compactions: 0
2019/10/17-14:56:03.159131 7fbc2cd30700                        Options.compaction_style: kCompactionStyleLevel
2019/10/17-14:56:03.159132 7fbc2cd30700                          Options.compaction_pri: kByCompensatedSize
2019/10/17-14:56:03.159133 7fbc2cd30700 Options.compaction_options_universal.size_ratio: 1
2019/10/17-14:56:03.159133 7fbc2cd30700 Options.compaction_options_universal.min_merge_width: 2
2019/10/17-14:56:03.159134 7fbc2cd30700 Options.compaction_options_universal.max_merge_width: 4294967295
2019/10/17-14:56:03.159135 7fbc2cd30700 Options.compaction_options_universal.max_size_amplification_percent: 200
2019/10/17-14:56:03.159135 7fbc2cd30700 Options.compaction_options_universal.compression_size_percent: -1
2019/10/17-14:56:03.159137 7fbc2cd30700 Options.compaction_options_universal.stop_style: kCompactionStopStyleTotalSize
2019/10/17-14:56:03.159137 7fbc2cd30700 Options.compaction_options_fifo.max_table_files_size: 1073741824
2019/10/17-14:56:03.159138 7fbc2cd30700 Options.compaction_options_fifo.allow_compaction: 0
2019/10/17-14:56:03.159139 7fbc2cd30700 Options.compaction_options_fifo.ttl: 0
2019/10/17-14:56:03.159139 7fbc2cd30700                   Options.table_properties_collectors: 
2019/10/17-14:56:03.159140 7fbc2cd30700                   Options.inplace_update_support: 0
2019/10/17-14:56:03.159141 7fbc2cd30700                 Options.inplace_update_num_locks: 10000
2019/10/17-14:56:03.159141 7fbc2cd30700               Options.memtable_prefix_bloom_size_ratio: 0.000000
2019/10/17-14:56:03.159142 7fbc2cd30700   Options.memtable_huge_page_size: 0
2019/10/17-14:56:03.159143 7fbc2cd30700                           Options.bloom_locality: 0
2019/10/17-14:56:03.159144 7fbc2cd30700                    Options.max_successive_merges: 0
2019/10/17-14:56:03.159145 7fbc2cd30700                Options.optimize_filters_for_hits: 0
2019/10/17-14:56:03.159145 7fbc2cd30700                Options.paranoid_file_checks: 0
2019/10/17-14:56:03.159146 7fbc2cd30700                Options.force_consistency_checks: 0
2019/10/17-14:56:03.159147 7fbc2cd30700                Options.report_bg_io_stats: 0
2019/10/17-14:56:03.159147 7fbc2cd30700                               Options.ttl: 0
2019/10/17-14:56:03.159171 7fbc2cd30700 [db/column_family.cc:472] --------------- Options for column family [active_gateways]:
2019/10/17-14:56:03.159172 7fbc2cd30700               Options.comparator: leveldb.BytewiseComparator
2019/10/17-14:56:03.159173 7fbc2cd30700           Options.merge_operator: None
2019/10/17-14:56:03.159174 7fbc2cd30700        Options.compaction_filter: None
2019/10/17-14:56:03.159174 7fbc2cd30700        Options.compaction_filter_factory: None
2019/10/17-14:56:03.159175 7fbc2cd30700         Options.memtable_factory: SkipListFactory
2019/10/17-14:56:03.159176 7fbc2cd30700            Options.table_factory: BlockBasedTable
2019/10/17-14:56:03.159185 7fbc2cd30700            table_factory options:   flush_block_policy_factory: FlushBlockBySizePolicyFactory (0x7fbbb80a72a0)
  cache_index_and_filter_blocks: 0
  cache_index_and_filter_blocks_with_high_priority: 0
  pin_l0_filter_and_index_blocks_in_cache: 0
  pin_top_level_index_and_filter: 1
  index_type: 0
  hash_index_allow_collision: 1
  checksum: 1
  no_block_cache: 0
  block_cache: 0x7fbbb8092a90
  block_cache_name: LRUCache
  block_cache_options:
    capacity : 8388608
    num_shard_bits : 4
    strict_capacity_limit : 0
    memory_allocator : None
    high_pri_pool_ratio: 0.000
  block_cache_compressed: (nil)
  persistent_cache: (nil)
  block_size: 4096
  block_size_deviation: 10
  block_restart_interval: 16
  index_block_restart_interval: 1
  metadata_block_size: 4096
  partition_filters: 0
  use_delta_encoding: 1
  filter_policy: nullptr
  whole_key_filtering: 1
  verify_compression: 0
  read_amp_bytes_per_bit: 0
  format_version: 2
  enable_index_compression: 1
  block_align: 0
2019/10/17-14:56:03.159191 7fbc2cd30700        Options.write_buffer_size: 67108864
2019/10/17-14:56:03.159192 7fbc2cd30700  Options.max_write_buffer_number: 2
2019/10/17-14:56:03.159192 7fbc2cd30700          Options.compression: NoCompression
2019/10/17-14:56:03.159193 7fbc2cd30700                  Options.bottommost_compression: Disabled
2019/10/17-14:56:03.159194 7fbc2cd30700       Options.prefix_extractor: nullptr
2019/10/17-14:56:03.159195 7fbc2cd30700   Options.memtable_insert_with_hint_prefix_extractor: nullptr
2019/10/17-14:56:03.159195 7fbc2cd30700             Options.num_levels: 7
2019/10/17-14:56:03.159196 7fbc2cd30700        Options.min_write_buffer_number_to_merge: 1
2019/10/17-14:56:03.159197 7fbc2cd30700     Options.max_write_buffer_number_to_maintain: 0
2019/10/17-14:56:03.159197 7fbc2cd30700            Options.bottommost_compression_opts.window_bits: -14
2019/10/17-14:56:03.159198 7fbc2cd30700                  Options.bottommost_compression_opts.level: 32767
2019/10/17-14:56:03.159199 7fbc2cd30700               Options.bottommost_compression_opts.strategy: 0
2019/10/17-14:56:03.159199 7fbc2cd30700         Options.bottommost_compression_opts.max_dict_bytes: 0
2019/10/17-14:56:03.159200 7fbc2cd30700         Options.bottommost_compression_opts.zstd_max_train_bytes: 0
2019/10/17-14:56:03.159201 7fbc2cd30700                  Options.bottommost_compression_opts.enabled: false
2019/10/17-14:56:03.159201 7fbc2cd30700            Options.compression_opts.window_bits: -14
2019/10/17-14:56:03.159202 7fbc2cd30700                  Options.compression_opts.level: 32767
2019/10/17-14:56:03.159203 7fbc2cd30700               Options.compression_opts.strategy: 0
2019/10/17-14:56:03.159203 7fbc2cd30700         Options.compression_opts.max_dict_bytes: 0
2019/10/17-14:56:03.159204 7fbc2cd30700         Options.compression_opts.zstd_max_train_bytes: 0
2019/10/17-14:56:03.159205 7fbc2cd30700                  Options.compression_opts.enabled: false
2019/10/17-14:56:03.159205 7fbc2cd30700      Options.level0_file_num_compaction_trigger: 4
2019/10/17-14:56:03.159206 7fbc2cd30700          Options.level0_slowdown_writes_trigger: 20
2019/10/17-14:56:03.159207 7fbc2cd30700              Options.level0_stop_writes_trigger: 36
2019/10/17-14:56:03.159207 7fbc2cd30700                   Options.target_file_size_base: 67108864
2019/10/17-14:56:03.159208 7fbc2cd30700             Options.target_file_size_multiplier: 1
2019/10/17-14:56:03.159209 7fbc2cd30700                Options.max_bytes_for_level_base: 268435456
2019/10/17-14:56:03.159209 7fbc2cd30700 Options.level_compaction_dynamic_level_bytes: 0
2019/10/17-14:56:03.159210 7fbc2cd30700          Options.max_bytes_for_level_multiplier: 10.000000
2019/10/17-14:56:03.159211 7fbc2cd30700 Options.max_bytes_for_level_multiplier_addtl[0]: 1
2019/10/17-14:56:03.159212 7fbc2cd30700 Options.max_bytes_for_level_multiplier_addtl[1]: 1
2019/10/17-14:56:03.159213 7fbc2cd30700 Options.max_bytes_for_level_multiplier_addtl[2]: 1
2019/10/17-14:56:03.159213 7fbc2cd30700 Options.max_bytes_for_level_multiplier_addtl[3]: 1
2019/10/17-14:56:03.159214 7fbc2cd30700 Options.max_bytes_for_level_multiplier_addtl[4]: 1
2019/10/17-14:56:03.159215 7fbc2cd30700 Options.max_bytes_for_level_multiplier_addtl[5]: 1
2019/10/17-14:56:03.159215 7fbc2cd30700 Options.max_bytes_for_level_multiplier_addtl[6]: 1
2019/10/17-14:56:03.159216 7fbc2cd30700       Options.max_sequential_skip_in_iterations: 8
2019/10/17-14:56:03.159220 7fbc2cd30700                    Options.max_compaction_bytes: 1677721600
2019/10/17-14:56:03.159221 7fbc2cd30700                        Options.arena_block_size: 8388608
2019/10/17-14:56:03.159221 7fbc2cd30700   Options.soft_pending_compaction_bytes_limit: 68719476736
2019/10/17-14:56:03.159222 7fbc2cd30700   Options.hard_pending_compaction_bytes_limit: 274877906944
2019/10/17-14:56:03.159223 7fbc2cd30700       Options.rate_limit_delay_max_milliseconds: 100
2019/10/17-14:56:03.159223 7fbc2cd30700                Options.disable_auto_compactions: 0
2019/10/17-14:56:03.159224 7fbc2cd30700                        Options.compaction_style: kCompactionStyleLevel
2019/10/17-14:56:03.159225 7fbc2cd30700                          Options.compaction_pri: kByCompensatedSize
2019/10/17-14:56:03.159226 7fbc2cd30700 Options.compaction_options_universal.size_ratio: 1
2019/10/17-14:56:03.159226 7fbc2cd30700 Options.compaction_options_universal.min_merge_width: 2
2019/10/17-14:56:03.159227 7fbc2cd30700 Options.compaction_options_universal.max_merge_width: 4294967295
2019/10/17-14:56:03.159228 7fbc2cd30700 Options.compaction_options_universal.max_size_amplification_percent: 200
2019/10/17-14:56:03.159228 7fbc2cd30700 Options.compaction_options_universal.compression_size_percent: -1
2019/10/17-14:56:03.159229 7fbc2cd30700 Options.compaction_options_universal.stop_style: kCompactionStopStyleTotalSize
2019/10/17-14:56:03.159230 7fbc2cd30700 Options.compaction_options_fifo.max_table_files_size: 1073741824
2019/10/17-14:56:03.159230 7fbc2cd30700 Options.compaction_options_fifo.allow_compaction: 0
2019/10/17-14:56:03.159231 7fbc2cd30700 Options.compaction_options_fifo.ttl: 0
2019/10/17-14:56:03.159232 7fbc2cd30700                   Options.table_properties_collectors: 
2019/10/17-14:56:03.159232 7fbc2cd30700                   Options.inplace_update_support: 0
2019/10/17-14:56:03.159233 7fbc2cd30700                 Options.inplace_update_num_locks: 10000
2019/10/17-14:56:03.159234 7fbc2cd30700               Options.memtable_prefix_bloom_size_ratio: 0.000000
2019/10/17-14:56:03.159235 7fbc2cd30700   Options.memtable_huge_page_size: 0
2019/10/17-14:56:03.159235 7fbc2cd30700                           Options.bloom_locality: 0
2019/10/17-14:56:03.159236 7fbc2cd30700                    Options.max_successive_merges: 0
2019/10/17-14:56:03.159237 7fbc2cd30700                Options.optimize_filters_for_hits: 0
2019/10/17-14:56:03.159237 7fbc2cd30700                Options.paranoid_file_checks: 0
2019/10/17-14:56:03.159238 7fbc2cd30700                Options.force_consistency_checks: 0
2019/10/17-14:56:03.159239 7fbc2cd30700                Options.report_bg_io_stats: 0
2019/10/17-14:56:03.159239 7fbc2cd30700                               Options.ttl: 0
2019/10/17-14:56:03.159268 7fbc2cd30700 [db/column_family.cc:472] --------------- Options for column family [entries]:
2019/10/17-14:56:03.159269 7fbc2cd30700               Options.comparator: leveldb.BytewiseComparator
2019/10/17-14:56:03.159270 7fbc2cd30700           Options.merge_operator: None
2019/10/17-14:56:03.159271 7fbc2cd30700        Options.compaction_filter: None
2019/10/17-14:56:03.159271 7fbc2cd30700        Options.compaction_filter_factory: None
2019/10/17-14:56:03.159272 7fbc2cd30700         Options.memtable_factory: SkipListFactory
2019/10/17-14:56:03.159273 7fbc2cd30700            Options.table_factory: BlockBasedTable
2019/10/17-14:56:03.159281 7fbc2cd30700            table_factory options:   flush_block_policy_factory: FlushBlockBySizePolicyFactory (0x7fbbb809bd10)
  cache_index_and_filter_blocks: 0
  cache_index_and_filter_blocks_with_high_priority: 0
  pin_l0_filter_and_index_blocks_in_cache: 0
  pin_top_level_index_and_filter: 1
  index_type: 0
  hash_index_allow_collision: 1
  checksum: 1
  no_block_cache: 0
  block_cache: 0x7fbbb802a380
  block_cache_name: LRUCache
  block_cache_options:
    capacity : 8388608
    num_shard_bits : 4
    strict_capacity_limit : 0
    memory_allocator : None
    high_pri_pool_ratio: 0.000
  block_cache_compressed: (nil)
  persistent_cache: (nil)
  block_size: 4096
  block_size_deviation: 10
  block_restart_interval: 16
  index_block_restart_interval: 1
  metadata_block_size: 4096
  partition_filters: 0
  use_delta_encoding: 1
  filter_policy: nullptr
  whole_key_filtering: 1
  verify_compression: 0
  read_amp_bytes_per_bit: 0
  format_version: 2
  enable_index_compression: 1
  block_align: 0
2019/10/17-14:56:03.159286 7fbc2cd30700        Options.write_buffer_size: 67108864
2019/10/17-14:56:03.159287 7fbc2cd30700  Options.max_write_buffer_number: 2
2019/10/17-14:56:03.159287 7fbc2cd30700          Options.compression: NoCompression
2019/10/17-14:56:03.159288 7fbc2cd30700                  Options.bottommost_compression: Disabled
2019/10/17-14:56:03.159289 7fbc2cd30700       Options.prefix_extractor: nullptr
2019/10/17-14:56:03.159289 7fbc2cd30700   Options.memtable_insert_with_hint_prefix_extractor: nullptr
2019/10/17-14:56:03.159290 7fbc2cd30700             Options.num_levels: 7
2019/10/17-14:56:03.159290 7fbc2cd30700        Options.min_write_buffer_number_to_merge: 1
2019/10/17-14:56:03.159291 7fbc2cd30700     Options.max_write_buffer_number_to_maintain: 0
2019/10/17-14:56:03.159292 7fbc2cd30700            Options.bottommost_compression_opts.window_bits: -14
2019/10/17-14:56:03.159292 7fbc2cd30700                  Options.bottommost_compression_opts.level: 32767
2019/10/17-14:56:03.159293 7fbc2cd30700               Options.bottommost_compression_opts.strategy: 0
2019/10/17-14:56:03.159294 7fbc2cd30700         Options.bottommost_compression_opts.max_dict_bytes: 0
2019/10/17-14:56:03.159294 7fbc2cd30700         Options.bottommost_compression_opts.zstd_max_train_bytes: 0
2019/10/17-14:56:03.159295 7fbc2cd30700                  Options.bottommost_compression_opts.enabled: false
2019/10/17-14:56:03.159296 7fbc2cd30700            Options.compression_opts.window_bits: -14
2019/10/17-14:56:03.159296 7fbc2cd30700                  Options.compression_opts.level: 32767
2019/10/17-14:56:03.159297 7fbc2cd30700               Options.compression_opts.strategy: 0
2019/10/17-14:56:03.159298 7fbc2cd30700         Options.compression_opts.max_dict_bytes: 0
2019/10/17-14:56:03.159298 7fbc2cd30700         Options.compression_opts.zstd_max_train_bytes: 0
2019/10/17-14:56:03.159299 7fbc2cd30700                  Options.compression_opts.enabled: false
2019/10/17-14:56:03.159300 7fbc2cd30700      Options.level0_file_num_compaction_trigger: 4
2019/10/17-14:56:03.159300 7fbc2cd30700          Options.level0_slowdown_writes_trigger: 20
2019/10/17-14:56:03.159301 7fbc2cd30700              Options.level0_stop_writes_trigger: 36
2019/10/17-14:56:03.159301 7fbc2cd30700                   Options.target_file_size_base: 67108864
2019/10/17-14:56:03.159302 7fbc2cd30700             Options.target_file_size_multiplier: 1
2019/10/17-14:56:03.159303 7fbc2cd30700                Options.max_bytes_for_level_base: 268435456
2019/10/17-14:56:03.159303 7fbc2cd30700 Options.level_compaction_dynamic_level_bytes: 0
2019/10/17-14:56:03.159304 7fbc2cd30700          Options.max_bytes_for_level_multiplier: 10.000000
2019/10/17-14:56:03.159305 7fbc2cd30700 Options.max_bytes_for_level_multiplier_addtl[0]: 1
2019/10/17-14:56:03.159306 7fbc2cd30700 Options.max_bytes_for_level_multiplier_addtl[1]: 1
2019/10/17-14:56:03.159306 7fbc2cd30700 Options.max_bytes_for_level_multiplier_addtl[2]: 1
2019/10/17-14:56:03.159307 7fbc2cd30700 Options.max_bytes_for_level_multiplier_addtl[3]: 1
2019/10/17-14:56:03.159308 7fbc2cd30700 Options.max_bytes_for_level_multiplier_addtl[4]: 1
2019/10/17-14:56:03.159308 7fbc2cd30700 Options.max_bytes_for_level_multiplier_addtl[5]: 1
2019/10/17-14:56:03.159309 7fbc2cd30700 Options.max_bytes_for_level_multiplier_addtl[6]: 1
2019/10/17-14:56:03.159310 7fbc2cd30700       Options.max_sequential_skip_in_iterations: 8
2019/10/17-14:56:03.159310 7fbc2cd30700                    Options.max_compaction_bytes: 1677721600
2019/10/17-14:56:03.159311 7fbc2cd30700                        Options.arena_block_size: 8388608
2019/10/17-14:56:03.159312 7fbc2cd30700   Options.soft_pending_compaction_bytes_limit: 68719476736
2019/10/17-14:56:03.159315 7fbc2cd30700   Options.hard_pending_compaction_bytes_limit: 274877906944
2019/10/17-14:56:03.159316 7fbc2cd30700       Options.rate_limit_delay_max_milliseconds: 100
2019/10/17-14:56:03.159317 7fbc2cd30700                Options.disable_auto_compactions: 0
2019/10/17-14:56:03.159318 7fbc2cd30700                        Options.compaction_style: kCompactionStyleLevel
2019/10/17-14:56:03.159318 7fbc2cd30700                          Options.compaction_pri: kByCompensatedSize
2019/10/17-14:56:03.159319 7fbc2cd30700 Options.compaction_options_universal.size_ratio: 1
2019/10/17-14:56:03.159320 7fbc2cd30700 Options.compaction_options_universal.min_merge_width: 2
2019/10/17-14:56:03.159320 7fbc2cd30700 Options.compaction_options_universal.max_merge_width: 4294967295
2019/10/17-14:56:03.159321 7fbc2cd30700 Options.compaction_options_universal.max_size_amplification_percent: 200
2019/10/17-14:56:03.159322 7fbc2cd30700 Options.compaction_options_universal.compression_size_percent: -1
2019/10/17-14:56:03.159323 7fbc2cd30700 Options.compaction_options_universal.stop_style: kCompactionStopStyleTotalSize
2019/10/17-14:56:03.159323 7fbc2cd30700 Options.compaction_options_fifo.max_table_files_size: 1073741824
2019/10/17-14:56:03.159324 7fbc2cd30700 Options.compaction_options_fifo.allow_compaction: 0
2019/10/17-14:56:03.159324 7fbc2cd30700 Options.compaction_options_fifo.ttl: 0
2019/10/17-14:56:03.159325 7fbc2cd30700                   Options.table_properties_collectors: 
2019/10/17-14:56:03.159326 7fbc2cd30700                   Options.inplace_update_support: 0
2019/10/17-14:56:03.159326 7fbc2cd30700                 Options.inplace_update_num_locks: 10000
2019/10/17-14:56:03.159327 7fbc2cd30700               Options.memtable_prefix_bloom_size_ratio: 0.000000
2019/10/17-14:56:03.159328 7fbc2cd30700   Options.memtable_huge_page_size: 0
2019/10/17-14:56:03.159329 7fbc2cd30700                           Options.bloom_locality: 0
2019/10/17-14:56:03.159329 7fbc2cd30700                    Options.max_successive_merges: 0
2019/10/17-14:56:03.159330 7fbc2cd30700                Options.optimize_filters_for_hits: 0
2019/10/17-14:56:03.159331 7fbc2cd30700                Options.paranoid_file_checks: 0
2019/10/17-14:56:03.159331 7fbc2cd30700                Options.force_consistency_checks: 0
2019/10/17-14:56:03.159332 7fbc2cd30700                Options.report_bg_io_stats: 0
2019/10/17-14:56:03.159332 7fbc2cd30700                               Options.ttl: 0
2019/10/17-14:56:03.159345 7fbc2cd30700 [db/column_family.cc:472] --------------- Options for column family [dc_entries]:
2019/10/17-14:56:03.159346 7fbc2cd30700               Options.comparator: leveldb.BytewiseComparator
2019/10/17-14:56:03.159347 7fbc2cd30700           Options.merge_operator: None
2019/10/17-14:56:03.159348 7fbc2cd30700        Options.compaction_filter: None
2019/10/17-14:56:03.159348 7fbc2cd30700        Options.compaction_filter_factory: None
2019/10/17-14:56:03.159349 7fbc2cd30700         Options.memtable_factory: SkipListFactory
2019/10/17-14:56:03.159350 7fbc2cd30700            Options.table_factory: BlockBasedTable
2019/10/17-14:56:03.159358 7fbc2cd30700            table_factory options:   flush_block_policy_factory: FlushBlockBySizePolicyFactory (0x7fbbb808ebf0)
  cache_index_and_filter_blocks: 0
  cache_index_and_filter_blocks_with_high_priority: 0
  pin_l0_filter_and_index_blocks_in_cache: 0
  pin_top_level_index_and_filter: 1
  index_type: 0
  hash_index_allow_collision: 1
  checksum: 1
  no_block_cache: 0
  block_cache: 0x7fbbb843a2d0
  block_cache_name: LRUCache
  block_cache_options:
    capacity : 8388608
    num_shard_bits : 4
    strict_capacity_limit : 0
    memory_allocator : None
    high_pri_pool_ratio: 0.000
  block_cache_compressed: (nil)
  persistent_cache: (nil)
  block_size: 4096
  block_size_deviation: 10
  block_restart_interval: 16
  index_block_restart_interval: 1
  metadata_block_size: 4096
  partition_filters: 0
  use_delta_encoding: 1
  filter_policy: nullptr
  whole_key_filtering: 1
  verify_compression: 0
  read_amp_bytes_per_bit: 0
  format_version: 2
  enable_index_compression: 1
  block_align: 0
2019/10/17-14:56:03.159363 7fbc2cd30700        Options.write_buffer_size: 67108864
2019/10/17-14:56:03.159363 7fbc2cd30700  Options.max_write_buffer_number: 2
2019/10/17-14:56:03.159364 7fbc2cd30700          Options.compression: NoCompression
2019/10/17-14:56:03.159365 7fbc2cd30700                  Options.bottommost_compression: Disabled
2019/10/17-14:56:03.159365 7fbc2cd30700       Options.prefix_extractor: nullptr
2019/10/17-14:56:03.159366 7fbc2cd30700   Options.memtable_insert_with_hint_prefix_extractor: nullptr
2019/10/17-14:56:03.159367 7fbc2cd30700             Options.num_levels: 7
2019/10/17-14:56:03.159367 7fbc2cd30700        Options.min_write_buffer_number_to_merge: 1
2019/10/17-14:56:03.159368 7fbc2cd30700     Options.max_write_buffer_number_to_maintain: 0
2019/10/17-14:56:03.159369 7fbc2cd30700            Options.bottommost_compression_opts.window_bits: -14
2019/10/17-14:56:03.159369 7fbc2cd30700                  Options.bottommost_compression_opts.level: 32767
2019/10/17-14:56:03.159370 7fbc2cd30700               Options.bottommost_compression_opts.strategy: 0
2019/10/17-14:56:03.159370 7fbc2cd30700         Options.bottommost_compression_opts.max_dict_bytes: 0
2019/10/17-14:56:03.159371 7fbc2cd30700         Options.bottommost_compression_opts.zstd_max_train_bytes: 0
2019/10/17-14:56:03.159372 7fbc2cd30700                  Options.bottommost_compression_opts.enabled: false
2019/10/17-14:56:03.159372 7fbc2cd30700            Options.compression_opts.window_bits: -14
2019/10/17-14:56:03.159373 7fbc2cd30700                  Options.compression_opts.level: 32767
2019/10/17-14:56:03.159374 7fbc2cd30700               Options.compression_opts.strategy: 0
2019/10/17-14:56:03.159374 7fbc2cd30700         Options.compression_opts.max_dict_bytes: 0
2019/10/17-14:56:03.159375 7fbc2cd30700         Options.compression_opts.zstd_max_train_bytes: 0
2019/10/17-14:56:03.159376 7fbc2cd30700                  Options.compression_opts.enabled: false
2019/10/17-14:56:03.159376 7fbc2cd30700      Options.level0_file_num_compaction_trigger: 4
2019/10/17-14:56:03.159377 7fbc2cd30700          Options.level0_slowdown_writes_trigger: 20
2019/10/17-14:56:03.159377 7fbc2cd30700              Options.level0_stop_writes_trigger: 36
2019/10/17-14:56:03.159378 7fbc2cd30700                   Options.target_file_size_base: 67108864
2019/10/17-14:56:03.159379 7fbc2cd30700             Options.target_file_size_multiplier: 1
2019/10/17-14:56:03.159379 7fbc2cd30700                Options.max_bytes_for_level_base: 268435456
2019/10/17-14:56:03.159380 7fbc2cd30700 Options.level_compaction_dynamic_level_bytes: 0
2019/10/17-14:56:03.159381 7fbc2cd30700          Options.max_bytes_for_level_multiplier: 10.000000
2019/10/17-14:56:03.159382 7fbc2cd30700 Options.max_bytes_for_level_multiplier_addtl[0]: 1
2019/10/17-14:56:03.159383 7fbc2cd30700 Options.max_bytes_for_level_multiplier_addtl[1]: 1
2019/10/17-14:56:03.159383 7fbc2cd30700 Options.max_bytes_for_level_multiplier_addtl[2]: 1
2019/10/17-14:56:03.159384 7fbc2cd30700 Options.max_bytes_for_level_multiplier_addtl[3]: 1
2019/10/17-14:56:03.159384 7fbc2cd30700 Options.max_bytes_for_level_multiplier_addtl[4]: 1
2019/10/17-14:56:03.159385 7fbc2cd30700 Options.max_bytes_for_level_multiplier_addtl[5]: 1
2019/10/17-14:56:03.159386 7fbc2cd30700 Options.max_bytes_for_level_multiplier_addtl[6]: 1
2019/10/17-14:56:03.159386 7fbc2cd30700       Options.max_sequential_skip_in_iterations: 8
2019/10/17-14:56:03.159387 7fbc2cd30700                    Options.max_compaction_bytes: 1677721600
2019/10/17-14:56:03.159388 7fbc2cd30700                        Options.arena_block_size: 8388608
2019/10/17-14:56:03.159388 7fbc2cd30700   Options.soft_pending_compaction_bytes_limit: 68719476736
2019/10/17-14:56:03.159389 7fbc2cd30700   Options.hard_pending_compaction_bytes_limit: 274877906944
2019/10/17-14:56:03.159390 7fbc2cd30700       Options.rate_limit_delay_max_milliseconds: 100
2019/10/17-14:56:03.159390 7fbc2cd30700                Options.disable_auto_compactions: 0
2019/10/17-14:56:03.159394 7fbc2cd30700                        Options.compaction_style: kCompactionStyleLevel
2019/10/17-14:56:03.159395 7fbc2cd30700                          Options.compaction_pri: kByCompensatedSize
2019/10/17-14:56:03.159396 7fbc2cd30700 Options.compaction_options_universal.size_ratio: 1
2019/10/17-14:56:03.159396 7fbc2cd30700 Options.compaction_options_universal.min_merge_width: 2
2019/10/17-14:56:03.159397 7fbc2cd30700 Options.compaction_options_universal.max_merge_width: 4294967295
2019/10/17-14:56:03.159398 7fbc2cd30700 Options.compaction_options_universal.max_size_amplification_percent: 200
2019/10/17-14:56:03.159398 7fbc2cd30700 Options.compaction_options_universal.compression_size_percent: -1
2019/10/17-14:56:03.159399 7fbc2cd30700 Options.compaction_options_universal.stop_style: kCompactionStopStyleTotalSize
2019/10/17-14:56:03.159400 7fbc2cd30700 Options.compaction_options_fifo.max_table_files_size: 1073741824
2019/10/17-14:56:03.159400 7fbc2cd30700 Options.compaction_options_fifo.allow_compaction: 0
2019/10/17-14:56:03.159401 7fbc2cd30700 Options.compaction_options_fifo.ttl: 0
2019/10/17-14:56:03.159402 7fbc2cd30700                   Options.table_properties_collectors: 
2019/10/17-14:56:03.159402 7fbc2cd30700                   Options.inplace_update_support: 0
2019/10/17-14:56:03.159403 7fbc2cd30700                 Options.inplace_update_num_locks: 10000
2019/10/17-14:56:03.159404 7fbc2cd30700               Options.memtable_prefix_bloom_size_ratio: 0.000000
2019/10/17-14:56:03.159404 7fbc2cd30700   Options.memtable_huge_page_size: 0
2019/10/17-14:56:03.159405 7fbc2cd30700                           Options.bloom_locality: 0
2019/10/17-14:56:03.159406 7fbc2cd30700                    Options.max_successive_merges: 0
2019/10/17-14:56:03.159406 7fbc2cd30700                Options.optimize_filters_for_hits: 0
2019/10/17-14:56:03.159407 7fbc2cd30700                Options.paranoid_file_checks: 0
2019/10/17-14:56:03.159408 7fbc2cd30700                Options.force_consistency_checks: 0
2019/10/17-14:56:03.159408 7fbc2cd30700                Options.report_bg_io_stats: 0
2019/10/17-14:56:03.159409 7fbc2cd30700                               Options.ttl: 0
2019/10/17-14:56:03.159419 7fbc2cd30700 [db/column_family.cc:472] --------------- Options for column family [htlcs]:
2019/10/17-14:56:03.159420 7fbc2cd30700               Options.comparator: leveldb.BytewiseComparator
2019/10/17-14:56:03.159421 7fbc2cd30700           Options.merge_operator: None
2019/10/17-14:56:03.159422 7fbc2cd30700        Options.compaction_filter: None
2019/10/17-14:56:03.159422 7fbc2cd30700        Options.compaction_filter_factory: None
2019/10/17-14:56:03.159423 7fbc2cd30700         Options.memtable_factory: SkipListFactory
2019/10/17-14:56:03.159424 7fbc2cd30700            Options.table_factory: BlockBasedTable
2019/10/17-14:56:03.159431 7fbc2cd30700            table_factory options:   flush_block_policy_factory: FlushBlockBySizePolicyFactory (0x7fbbb80953a0)
