2019/10/17-14:56:12.444127 7fbc2cd30700 RocksDB version: 5.18.3
2019/10/17-14:56:12.444163 7fbc2cd30700 Git sha rocksdb_build_git_sha:@0@
2019/10/17-14:56:12.444164 7fbc2cd30700 Compile date Sep 19 2019
2019/10/17-14:56:12.444166 7fbc2cd30700 DB SUMMARY
2019/10/17-14:56:12.444845 7fbc2cd30700 CURRENT file:  CURRENT
2019/10/17-14:56:12.444846 7fbc2cd30700 IDENTITY file:  IDENTITY
2019/10/17-14:56:12.444874 7fbc2cd30700 MANIFEST file:  MANIFEST-116917 size: 4114 Bytes
2019/10/17-14:56:12.444876 7fbc2cd30700 SST files in /home/rahul/dev/blockchain-core/eqc/ledger.db dir, Total Num: 29, files: 000624.sst 000627.sst 106940.sst 108447.sst 108450.sst 109471.sst 109483.sst 109485.sst 109486.sst 
2019/10/17-14:56:12.444877 7fbc2cd30700 Write Ahead Log file in /home/rahul/dev/blockchain-core/eqc/ledger.db: 116918.log size: 0 ; 
2019/10/17-14:56:12.444909 7fbc2cd30700                         Options.error_if_exists: 0
2019/10/17-14:56:12.444910 7fbc2cd30700                       Options.create_if_missing: 1
2019/10/17-14:56:12.444911 7fbc2cd30700                         Options.paranoid_checks: 1
2019/10/17-14:56:12.444912 7fbc2cd30700                                     Options.env: 0x7fbbafa7bc60
2019/10/17-14:56:12.444913 7fbc2cd30700                                Options.info_log: 0x7fbbb80a3260
2019/10/17-14:56:12.444913 7fbc2cd30700                Options.max_file_opening_threads: 16
2019/10/17-14:56:12.444914 7fbc2cd30700                              Options.statistics: (nil)
2019/10/17-14:56:12.444915 7fbc2cd30700                               Options.use_fsync: 0
2019/10/17-14:56:12.444916 7fbc2cd30700                       Options.max_log_file_size: 0
2019/10/17-14:56:12.444916 7fbc2cd30700                  Options.max_manifest_file_size: 1073741824
2019/10/17-14:56:12.444917 7fbc2cd30700                   Options.log_file_time_to_roll: 0
2019/10/17-14:56:12.444918 7fbc2cd30700                       Options.keep_log_file_num: 1000
2019/10/17-14:56:12.444919 7fbc2cd30700                    Options.recycle_log_file_num: 0
2019/10/17-14:56:12.444919 7fbc2cd30700                         Options.allow_fallocate: 1
2019/10/17-14:56:12.444920 7fbc2cd30700                        Options.allow_mmap_reads: 0
2019/10/17-14:56:12.444921 7fbc2cd30700                       Options.allow_mmap_writes: 0
2019/10/17-14:56:12.444922 7fbc2cd30700                        Options.use_direct_reads: 0
2019/10/17-14:56:12.444922 7fbc2cd30700                        Options.use_direct_io_for_flush_and_compaction: 0
2019/10/17-14:56:12.444923 7fbc2cd30700          Options.create_missing_column_families: 0
2019/10/17-14:56:12.444924 7fbc2cd30700                              Options.db_log_dir: 
2019/10/17-14:56:12.444924 7fbc2cd30700                                 Options.wal_dir: /home/rahul/dev/blockchain-core/eqc/ledger.db
2019/10/17-14:56:12.444925 7fbc2cd30700                Options.table_cache_numshardbits: 6
2019/10/17-14:56:12.444926 7fbc2cd30700                      Options.max_subcompactions: 1
2019/10/17-14:56:12.444927 7fbc2cd30700                  Options.max_background_flushes: -1
2019/10/17-14:56:12.444927 7fbc2cd30700                         Options.WAL_ttl_seconds: 0
2019/10/17-14:56:12.444928 7fbc2cd30700                       Options.WAL_size_limit_MB: 0
2019/10/17-14:56:12.444929 7fbc2cd30700             Options.manifest_preallocation_size: 4194304
2019/10/17-14:56:12.444929 7fbc2cd30700                     Options.is_fd_close_on_exec: 1
2019/10/17-14:56:12.444930 7fbc2cd30700                   Options.advise_random_on_open: 1
2019/10/17-14:56:12.444931 7fbc2cd30700                    Options.db_write_buffer_size: 0
2019/10/17-14:56:12.444932 7fbc2cd30700                    Options.write_buffer_manager: 0x7fbbb8038c20
2019/10/17-14:56:12.444932 7fbc2cd30700         Options.access_hint_on_compaction_start: 1
2019/10/17-14:56:12.444933 7fbc2cd30700  Options.new_table_reader_for_compaction_inputs: 0
2019/10/17-14:56:12.444934 7fbc2cd30700           Options.random_access_max_buffer_size: 1048576
2019/10/17-14:56:12.444934 7fbc2cd30700                      Options.use_adaptive_mutex: 0
2019/10/17-14:56:12.444935 7fbc2cd30700                            Options.rate_limiter: (nil)
2019/10/17-14:56:12.444944 7fbc2cd30700     Options.sst_file_manager.rate_bytes_per_sec: 0
2019/10/17-14:56:12.444945 7fbc2cd30700                       Options.wal_recovery_mode: 2
2019/10/17-14:56:12.444946 7fbc2cd30700                  Options.enable_thread_tracking: 0
2019/10/17-14:56:12.444946 7fbc2cd30700                  Options.enable_pipelined_write: 0
2019/10/17-14:56:12.444947 7fbc2cd30700         Options.allow_concurrent_memtable_write: 1
2019/10/17-14:56:12.444948 7fbc2cd30700      Options.enable_write_thread_adaptive_yield: 1
2019/10/17-14:56:12.444948 7fbc2cd30700             Options.write_thread_max_yield_usec: 100
2019/10/17-14:56:12.444949 7fbc2cd30700            Options.write_thread_slow_yield_usec: 3
2019/10/17-14:56:12.444950 7fbc2cd30700                               Options.row_cache: None
2019/10/17-14:56:12.444950 7fbc2cd30700                              Options.wal_filter: None
2019/10/17-14:56:12.444951 7fbc2cd30700             Options.avoid_flush_during_recovery: 0
2019/10/17-14:56:12.444952 7fbc2cd30700             Options.allow_ingest_behind: 0
2019/10/17-14:56:12.444953 7fbc2cd30700             Options.preserve_deletes: 0
2019/10/17-14:56:12.444953 7fbc2cd30700             Options.two_write_queues: 0
2019/10/17-14:56:12.444954 7fbc2cd30700             Options.manual_wal_flush: 0
2019/10/17-14:56:12.444955 7fbc2cd30700             Options.max_background_jobs: 2
2019/10/17-14:56:12.444956 7fbc2cd30700             Options.max_background_compactions: -1
2019/10/17-14:56:12.444956 7fbc2cd30700             Options.avoid_flush_during_shutdown: 0
2019/10/17-14:56:12.444957 7fbc2cd30700           Options.writable_file_max_buffer_size: 1048576
2019/10/17-14:56:12.444958 7fbc2cd30700             Options.delayed_write_rate : 16777216
2019/10/17-14:56:12.444958 7fbc2cd30700             Options.max_total_wal_size: 0
2019/10/17-14:56:12.444959 7fbc2cd30700             Options.delete_obsolete_files_period_micros: 21600000000
2019/10/17-14:56:12.444960 7fbc2cd30700                   Options.stats_dump_period_sec: 600
2019/10/17-14:56:12.444961 7fbc2cd30700                          Options.max_open_files: -1
2019/10/17-14:56:12.444961 7fbc2cd30700                          Options.bytes_per_sync: 0
2019/10/17-14:56:12.444962 7fbc2cd30700                      Options.wal_bytes_per_sync: 0
2019/10/17-14:56:12.444963 7fbc2cd30700       Options.compaction_readahead_size: 0
2019/10/17-14:56:12.444963 7fbc2cd30700 Compression algorithms supported:
2019/10/17-14:56:12.444965 7fbc2cd30700 	kZSTDNotFinalCompression supported: 0
2019/10/17-14:56:12.444966 7fbc2cd30700 	kZSTD supported: 0
2019/10/17-14:56:12.444966 7fbc2cd30700 	kXpressCompression supported: 0
2019/10/17-14:56:12.444967 7fbc2cd30700 	kLZ4HCCompression supported: 0
2019/10/17-14:56:12.444968 7fbc2cd30700 	kLZ4Compression supported: 0
2019/10/17-14:56:12.444969 7fbc2cd30700 	kBZip2Compression supported: 0
2019/10/17-14:56:12.444969 7fbc2cd30700 	kZlibCompression supported: 0
2019/10/17-14:56:12.444970 7fbc2cd30700 	kSnappyCompression supported: 0
2019/10/17-14:56:12.444972 7fbc2cd30700 Fast CRC32 supported: Supported on x86
2019/10/17-14:56:12.445060 7fbc2cd30700 [db/version_set.cc:3507] Recovering from manifest file: MANIFEST-116917
2019/10/17-14:56:12.445091 7fbc2cd30700 [db/column_family.cc:472] --------------- Options for column family [default]:
2019/10/17-14:56:12.445093 7fbc2cd30700               Options.comparator: leveldb.BytewiseComparator
2019/10/17-14:56:12.445094 7fbc2cd30700           Options.merge_operator: None
2019/10/17-14:56:12.445094 7fbc2cd30700        Options.compaction_filter: None
2019/10/17-14:56:12.445095 7fbc2cd30700        Options.compaction_filter_factory: None
2019/10/17-14:56:12.445096 7fbc2cd30700         Options.memtable_factory: SkipListFactory
2019/10/17-14:56:12.445097 7fbc2cd30700            Options.table_factory: BlockBasedTable
2019/10/17-14:56:12.445112 7fbc2cd30700            table_factory options:   flush_block_policy_factory: FlushBlockBySizePolicyFactory (0x7fbbb801e260)
  cache_index_and_filter_blocks: 0
  cache_index_and_filter_blocks_with_high_priority: 0
  pin_l0_filter_and_index_blocks_in_cache: 0
  pin_top_level_index_and_filter: 1
  index_type: 0
  hash_index_allow_collision: 1
  checksum: 1
  no_block_cache: 0
  block_cache: 0x7fbbb80cf390
  block_cache_name: LRUCache
  block_cache_options:
    capacity : 8388608
    num_shard_bits : 4
    strict_capacity_limit : 0
    memory_allocator : None
    high_pri_pool_ratio: 0.000
  block_cache_compressed: (nil)
  persistent_cache: (nil)
  block_size: 4096
  block_size_deviation: 10
  block_restart_interval: 16
  index_block_restart_interval: 1
  metadata_block_size: 4096
  partition_filters: 0
  use_delta_encoding: 1
  filter_policy: nullptr
  whole_key_filtering: 1
  verify_compression: 0
  read_amp_bytes_per_bit: 0
  format_version: 2
  enable_index_compression: 1
  block_align: 0
2019/10/17-14:56:12.445120 7fbc2cd30700        Options.write_buffer_size: 67108864
2019/10/17-14:56:12.445121 7fbc2cd30700  Options.max_write_buffer_number: 2
2019/10/17-14:56:12.445122 7fbc2cd30700          Options.compression: NoCompression
2019/10/17-14:56:12.445123 7fbc2cd30700                  Options.bottommost_compression: Disabled
2019/10/17-14:56:12.445123 7fbc2cd30700       Options.prefix_extractor: nullptr
2019/10/17-14:56:12.445124 7fbc2cd30700   Options.memtable_insert_with_hint_prefix_extractor: nullptr
2019/10/17-14:56:12.445125 7fbc2cd30700             Options.num_levels: 7
2019/10/17-14:56:12.445125 7fbc2cd30700        Options.min_write_buffer_number_to_merge: 1
2019/10/17-14:56:12.445126 7fbc2cd30700     Options.max_write_buffer_number_to_maintain: 0
2019/10/17-14:56:12.445127 7fbc2cd30700            Options.bottommost_compression_opts.window_bits: -14
2019/10/17-14:56:12.445128 7fbc2cd30700                  Options.bottommost_compression_opts.level: 32767
2019/10/17-14:56:12.445128 7fbc2cd30700               Options.bottommost_compression_opts.strategy: 0
2019/10/17-14:56:12.445129 7fbc2cd30700         Options.bottommost_compression_opts.max_dict_bytes: 0
2019/10/17-14:56:12.445130 7fbc2cd30700         Options.bottommost_compression_opts.zstd_max_train_bytes: 0
2019/10/17-14:56:12.445131 7fbc2cd30700                  Options.bottommost_compression_opts.enabled: false
2019/10/17-14:56:12.445131 7fbc2cd30700            Options.compression_opts.window_bits: -14
2019/10/17-14:56:12.445132 7fbc2cd30700                  Options.compression_opts.level: 32767
2019/10/17-14:56:12.445133 7fbc2cd30700               Options.compression_opts.strategy: 0
2019/10/17-14:56:12.445133 7fbc2cd30700         Options.compression_opts.max_dict_bytes: 0
2019/10/17-14:56:12.445134 7fbc2cd30700         Options.compression_opts.zstd_max_train_bytes: 0
2019/10/17-14:56:12.445135 7fbc2cd30700                  Options.compression_opts.enabled: false
2019/10/17-14:56:12.445135 7fbc2cd30700      Options.level0_file_num_compaction_trigger: 4
2019/10/17-14:56:12.445136 7fbc2cd30700          Options.level0_slowdown_writes_trigger: 20
2019/10/17-14:56:12.445137 7fbc2cd30700              Options.level0_stop_writes_trigger: 36
2019/10/17-14:56:12.445138 7fbc2cd30700                   Options.target_file_size_base: 67108864
2019/10/17-14:56:12.445138 7fbc2cd30700             Options.target_file_size_multiplier: 1
2019/10/17-14:56:12.445139 7fbc2cd30700                Options.max_bytes_for_level_base: 268435456
2019/10/17-14:56:12.445140 7fbc2cd30700 Options.level_compaction_dynamic_level_bytes: 0
2019/10/17-14:56:12.445140 7fbc2cd30700          Options.max_bytes_for_level_multiplier: 10.000000
2019/10/17-14:56:12.445142 7fbc2cd30700 Options.max_bytes_for_level_multiplier_addtl[0]: 1
2019/10/17-14:56:12.445143 7fbc2cd30700 Options.max_bytes_for_level_multiplier_addtl[1]: 1
2019/10/17-14:56:12.445144 7fbc2cd30700 Options.max_bytes_for_level_multiplier_addtl[2]: 1
2019/10/17-14:56:12.445145 7fbc2cd30700 Options.max_bytes_for_level_multiplier_addtl[3]: 1
2019/10/17-14:56:12.445145 7fbc2cd30700 Options.max_bytes_for_level_multiplier_addtl[4]: 1
2019/10/17-14:56:12.445151 7fbc2cd30700 Options.max_bytes_for_level_multiplier_addtl[5]: 1
2019/10/17-14:56:12.445152 7fbc2cd30700 Options.max_bytes_for_level_multiplier_addtl[6]: 1
2019/10/17-14:56:12.445152 7fbc2cd30700       Options.max_sequential_skip_in_iterations: 8
2019/10/17-14:56:12.445153 7fbc2cd30700                    Options.max_compaction_bytes: 1677721600
2019/10/17-14:56:12.445154 7fbc2cd30700                        Options.arena_block_size: 8388608
2019/10/17-14:56:12.445154 7fbc2cd30700   Options.soft_pending_compaction_bytes_limit: 68719476736
2019/10/17-14:56:12.445155 7fbc2cd30700   Options.hard_pending_compaction_bytes_limit: 274877906944
2019/10/17-14:56:12.445156 7fbc2cd30700       Options.rate_limit_delay_max_milliseconds: 100
2019/10/17-14:56:12.445157 7fbc2cd30700                Options.disable_auto_compactions: 0
2019/10/17-14:56:12.445158 7fbc2cd30700                        Options.compaction_style: kCompactionStyleLevel
2019/10/17-14:56:12.445159 7fbc2cd30700                          Options.compaction_pri: kByCompensatedSize
2019/10/17-14:56:12.445160 7fbc2cd30700 Options.compaction_options_universal.size_ratio: 1
2019/10/17-14:56:12.445161 7fbc2cd30700 Options.compaction_options_universal.min_merge_width: 2
2019/10/17-14:56:12.445161 7fbc2cd30700 Options.compaction_options_universal.max_merge_width: 4294967295
2019/10/17-14:56:12.445162 7fbc2cd30700 Options.compaction_options_universal.max_size_amplification_percent: 200
2019/10/17-14:56:12.445163 7fbc2cd30700 Options.compaction_options_universal.compression_size_percent: -1
2019/10/17-14:56:12.445164 7fbc2cd30700 Options.compaction_options_universal.stop_style: kCompactionStopStyleTotalSize
2019/10/17-14:56:12.445165 7fbc2cd30700 Options.compaction_options_fifo.max_table_files_size: 1073741824
2019/10/17-14:56:12.445165 7fbc2cd30700 Options.compaction_options_fifo.allow_compaction: 0
2019/10/17-14:56:12.445166 7fbc2cd30700 Options.compaction_options_fifo.ttl: 0
2019/10/17-14:56:12.445167 7fbc2cd30700                   Options.table_properties_collectors: 
2019/10/17-14:56:12.445168 7fbc2cd30700                   Options.inplace_update_support: 0
2019/10/17-14:56:12.445168 7fbc2cd30700                 Options.inplace_update_num_locks: 10000
2019/10/17-14:56:12.445169 7fbc2cd30700               Options.memtable_prefix_bloom_size_ratio: 0.000000
2019/10/17-14:56:12.445170 7fbc2cd30700   Options.memtable_huge_page_size: 0
2019/10/17-14:56:12.445171 7fbc2cd30700                           Options.bloom_locality: 0
2019/10/17-14:56:12.445172 7fbc2cd30700                    Options.max_successive_merges: 0
2019/10/17-14:56:12.445172 7fbc2cd30700                Options.optimize_filters_for_hits: 0
2019/10/17-14:56:12.445173 7fbc2cd30700                Options.paranoid_file_checks: 0
2019/10/17-14:56:12.445174 7fbc2cd30700                Options.force_consistency_checks: 0
2019/10/17-14:56:12.445174 7fbc2cd30700                Options.report_bg_io_stats: 0
2019/10/17-14:56:12.445175 7fbc2cd30700                               Options.ttl: 0
2019/10/17-14:56:12.445202 7fbc2cd30700 [db/column_family.cc:472] --------------- Options for column family [active_gateways]:
2019/10/17-14:56:12.445204 7fbc2cd30700               Options.comparator: leveldb.BytewiseComparator
2019/10/17-14:56:12.445204 7fbc2cd30700           Options.merge_operator: None
2019/10/17-14:56:12.445205 7fbc2cd30700        Options.compaction_filter: None
2019/10/17-14:56:12.445206 7fbc2cd30700        Options.compaction_filter_factory: None
2019/10/17-14:56:12.445207 7fbc2cd30700         Options.memtable_factory: SkipListFactory
2019/10/17-14:56:12.445207 7fbc2cd30700            Options.table_factory: BlockBasedTable
2019/10/17-14:56:12.445217 7fbc2cd30700            table_factory options:   flush_block_policy_factory: FlushBlockBySizePolicyFactory (0x7fbbb80224e0)
  cache_index_and_filter_blocks: 0
  cache_index_and_filter_blocks_with_high_priority: 0
  pin_l0_filter_and_index_blocks_in_cache: 0
  pin_top_level_index_and_filter: 1
  index_type: 0
  hash_index_allow_collision: 1
  checksum: 1
  no_block_cache: 0
  block_cache: 0x7fbbb80a37b0
  block_cache_name: LRUCache
  block_cache_options:
    capacity : 8388608
    num_shard_bits : 4
    strict_capacity_limit : 0
    memory_allocator : None
    high_pri_pool_ratio: 0.000
  block_cache_compressed: (nil)
  persistent_cache: (nil)
  block_size: 4096
  block_size_deviation: 10
  block_restart_interval: 16
  index_block_restart_interval: 1
  metadata_block_size: 4096
  partition_filters: 0
  use_delta_encoding: 1
  filter_policy: nullptr
  whole_key_filtering: 1
  verify_compression: 0
  read_amp_bytes_per_bit: 0
  format_version: 2
  enable_index_compression: 1
  block_align: 0
2019/10/17-14:56:12.445224 7fbc2cd30700        Options.write_buffer_size: 67108864
2019/10/17-14:56:12.445224 7fbc2cd30700  Options.max_write_buffer_number: 2
2019/10/17-14:56:12.445225 7fbc2cd30700          Options.compression: NoCompression
2019/10/17-14:56:12.445226 7fbc2cd30700                  Options.bottommost_compression: Disabled
2019/10/17-14:56:12.445227 7fbc2cd30700       Options.prefix_extractor: nullptr
2019/10/17-14:56:12.445227 7fbc2cd30700   Options.memtable_insert_with_hint_prefix_extractor: nullptr
2019/10/17-14:56:12.445228 7fbc2cd30700             Options.num_levels: 7
2019/10/17-14:56:12.445229 7fbc2cd30700        Options.min_write_buffer_number_to_merge: 1
2019/10/17-14:56:12.445229 7fbc2cd30700     Options.max_write_buffer_number_to_maintain: 0
2019/10/17-14:56:12.445230 7fbc2cd30700            Options.bottommost_compression_opts.window_bits: -14
2019/10/17-14:56:12.445231 7fbc2cd30700                  Options.bottommost_compression_opts.level: 32767
2019/10/17-14:56:12.445232 7fbc2cd30700               Options.bottommost_compression_opts.strategy: 0
2019/10/17-14:56:12.445232 7fbc2cd30700         Options.bottommost_compression_opts.max_dict_bytes: 0
2019/10/17-14:56:12.445233 7fbc2cd30700         Options.bottommost_compression_opts.zstd_max_train_bytes: 0
2019/10/17-14:56:12.445234 7fbc2cd30700                  Options.bottommost_compression_opts.enabled: false
2019/10/17-14:56:12.445234 7fbc2cd30700            Options.compression_opts.window_bits: -14
2019/10/17-14:56:12.445235 7fbc2cd30700                  Options.compression_opts.level: 32767
2019/10/17-14:56:12.445236 7fbc2cd30700               Options.compression_opts.strategy: 0
2019/10/17-14:56:12.445236 7fbc2cd30700         Options.compression_opts.max_dict_bytes: 0
2019/10/17-14:56:12.445237 7fbc2cd30700         Options.compression_opts.zstd_max_train_bytes: 0
2019/10/17-14:56:12.445238 7fbc2cd30700                  Options.compression_opts.enabled: false
2019/10/17-14:56:12.445239 7fbc2cd30700      Options.level0_file_num_compaction_trigger: 4
2019/10/17-14:56:12.445239 7fbc2cd30700          Options.level0_slowdown_writes_trigger: 20
2019/10/17-14:56:12.445240 7fbc2cd30700              Options.level0_stop_writes_trigger: 36
2019/10/17-14:56:12.445241 7fbc2cd30700                   Options.target_file_size_base: 67108864
2019/10/17-14:56:12.445241 7fbc2cd30700             Options.target_file_size_multiplier: 1
2019/10/17-14:56:12.445242 7fbc2cd30700                Options.max_bytes_for_level_base: 268435456
2019/10/17-14:56:12.445243 7fbc2cd30700 Options.level_compaction_dynamic_level_bytes: 0
2019/10/17-14:56:12.445243 7fbc2cd30700          Options.max_bytes_for_level_multiplier: 10.000000
2019/10/17-14:56:12.445245 7fbc2cd30700 Options.max_bytes_for_level_multiplier_addtl[0]: 1
2019/10/17-14:56:12.445246 7fbc2cd30700 Options.max_bytes_for_level_multiplier_addtl[1]: 1
2019/10/17-14:56:12.445246 7fbc2cd30700 Options.max_bytes_for_level_multiplier_addtl[2]: 1
2019/10/17-14:56:12.445247 7fbc2cd30700 Options.max_bytes_for_level_multiplier_addtl[3]: 1
2019/10/17-14:56:12.445248 7fbc2cd30700 Options.max_bytes_for_level_multiplier_addtl[4]: 1
2019/10/17-14:56:12.445248 7fbc2cd30700 Options.max_bytes_for_level_multiplier_addtl[5]: 1
2019/10/17-14:56:12.445249 7fbc2cd30700 Options.max_bytes_for_level_multiplier_addtl[6]: 1
2019/10/17-14:56:12.445250 7fbc2cd30700       Options.max_sequential_skip_in_iterations: 8
2019/10/17-14:56:12.445254 7fbc2cd30700                    Options.max_compaction_bytes: 1677721600
2019/10/17-14:56:12.445255 7fbc2cd30700                        Options.arena_block_size: 8388608
2019/10/17-14:56:12.445255 7fbc2cd30700   Options.soft_pending_compaction_bytes_limit: 68719476736
2019/10/17-14:56:12.445256 7fbc2cd30700   Options.hard_pending_compaction_bytes_limit: 274877906944
2019/10/17-14:56:12.445257 7fbc2cd30700       Options.rate_limit_delay_max_milliseconds: 100
2019/10/17-14:56:12.445258 7fbc2cd30700                Options.disable_auto_compactions: 0
2019/10/17-14:56:12.445258 7fbc2cd30700                        Options.compaction_style: kCompactionStyleLevel
2019/10/17-14:56:12.445259 7fbc2cd30700                          Options.compaction_pri: kByCompensatedSize
2019/10/17-14:56:12.445260 7fbc2cd30700 Options.compaction_options_universal.size_ratio: 1
2019/10/17-14:56:12.445261 7fbc2cd30700 Options.compaction_options_universal.min_merge_width: 2
2019/10/17-14:56:12.445261 7fbc2cd30700 Options.compaction_options_universal.max_merge_width: 4294967295
2019/10/17-14:56:12.445262 7fbc2cd30700 Options.compaction_options_universal.max_size_amplification_percent: 200
2019/10/17-14:56:12.445263 7fbc2cd30700 Options.compaction_options_universal.compression_size_percent: -1
2019/10/17-14:56:12.445264 7fbc2cd30700 Options.compaction_options_universal.stop_style: kCompactionStopStyleTotalSize
2019/10/17-14:56:12.445265 7fbc2cd30700 Options.compaction_options_fifo.max_table_files_size: 1073741824
2019/10/17-14:56:12.445265 7fbc2cd30700 Options.compaction_options_fifo.allow_compaction: 0
2019/10/17-14:56:12.445266 7fbc2cd30700 Options.compaction_options_fifo.ttl: 0
2019/10/17-14:56:12.445267 7fbc2cd30700                   Options.table_properties_collectors: 
2019/10/17-14:56:12.445267 7fbc2cd30700                   Options.inplace_update_support: 0
2019/10/17-14:56:12.445268 7fbc2cd30700                 Options.inplace_update_num_locks: 10000
2019/10/17-14:56:12.445269 7fbc2cd30700               Options.memtable_prefix_bloom_size_ratio: 0.000000
2019/10/17-14:56:12.445270 7fbc2cd30700   Options.memtable_huge_page_size: 0
2019/10/17-14:56:12.445271 7fbc2cd30700                           Options.bloom_locality: 0
2019/10/17-14:56:12.445271 7fbc2cd30700                    Options.max_successive_merges: 0
2019/10/17-14:56:12.445272 7fbc2cd30700                Options.optimize_filters_for_hits: 0
2019/10/17-14:56:12.445273 7fbc2cd30700                Options.paranoid_file_checks: 0
2019/10/17-14:56:12.445273 7fbc2cd30700                Options.force_consistency_checks: 0
2019/10/17-14:56:12.445274 7fbc2cd30700                Options.report_bg_io_stats: 0
2019/10/17-14:56:12.445275 7fbc2cd30700                               Options.ttl: 0
2019/10/17-14:56:12.445289 7fbc2cd30700 [db/column_family.cc:472] --------------- Options for column family [entries]:
2019/10/17-14:56:12.445291 7fbc2cd30700               Options.comparator: leveldb.BytewiseComparator
2019/10/17-14:56:12.445291 7fbc2cd30700           Options.merge_operator: None
2019/10/17-14:56:12.445292 7fbc2cd30700        Options.compaction_filter: None
2019/10/17-14:56:12.445293 7fbc2cd30700        Options.compaction_filter_factory: None
2019/10/17-14:56:12.445294 7fbc2cd30700         Options.memtable_factory: SkipListFactory
2019/10/17-14:56:12.445294 7fbc2cd30700            Options.table_factory: BlockBasedTable
2019/10/17-14:56:12.445304 7fbc2cd30700            table_factory options:   flush_block_policy_factory: FlushBlockBySizePolicyFactory (0x7fbbb809bd10)
  cache_index_and_filter_blocks: 0
  cache_index_and_filter_blocks_with_high_priority: 0
  pin_l0_filter_and_index_blocks_in_cache: 0
  pin_top_level_index_and_filter: 1
  index_type: 0
  hash_index_allow_collision: 1
  checksum: 1
  no_block_cache: 0
  block_cache: 0x7fbbb8094fa0
  block_cache_name: LRUCache
  block_cache_options:
    capacity : 8388608
    num_shard_bits : 4
    strict_capacity_limit : 0
    memory_allocator : None
    high_pri_pool_ratio: 0.000
  block_cache_compressed: (nil)
  persistent_cache: (nil)
  block_size: 4096
  block_size_deviation: 10
  block_restart_interval: 16
  index_block_restart_interval: 1
  metadata_block_size: 4096
  partition_filters: 0
  use_delta_encoding: 1
  filter_policy: nullptr
  whole_key_filtering: 1
  verify_compression: 0
  read_amp_bytes_per_bit: 0
  format_version: 2
  enable_index_compression: 1
  block_align: 0
2019/10/17-14:56:12.445309 7fbc2cd30700        Options.write_buffer_size: 67108864
2019/10/17-14:56:12.445310 7fbc2cd30700  Options.max_write_buffer_number: 2
2019/10/17-14:56:12.445311 7fbc2cd30700          Options.compression: NoCompression
2019/10/17-14:56:12.445312 7fbc2cd30700                  Options.bottommost_compression: Disabled
2019/10/17-14:56:12.445312 7fbc2cd30700       Options.prefix_extractor: nullptr
2019/10/17-14:56:12.445313 7fbc2cd30700   Options.memtable_insert_with_hint_prefix_extractor: nullptr
2019/10/17-14:56:12.445314 7fbc2cd30700             Options.num_levels: 7
2019/10/17-14:56:12.445314 7fbc2cd30700        Options.min_write_buffer_number_to_merge: 1
2019/10/17-14:56:12.445315 7fbc2cd30700     Options.max_write_buffer_number_to_maintain: 0
2019/10/17-14:56:12.445316 7fbc2cd30700            Options.bottommost_compression_opts.window_bits: -14
2019/10/17-14:56:12.445317 7fbc2cd30700                  Options.bottommost_compression_opts.level: 32767
2019/10/17-14:56:12.445317 7fbc2cd30700               Options.bottommost_compression_opts.strategy: 0
2019/10/17-14:56:12.445318 7fbc2cd30700         Options.bottommost_compression_opts.max_dict_bytes: 0
2019/10/17-14:56:12.445319 7fbc2cd30700         Options.bottommost_compression_opts.zstd_max_train_bytes: 0
2019/10/17-14:56:12.445319 7fbc2cd30700                  Options.bottommost_compression_opts.enabled: false
2019/10/17-14:56:12.445320 7fbc2cd30700            Options.compression_opts.window_bits: -14
2019/10/17-14:56:12.445321 7fbc2cd30700                  Options.compression_opts.level: 32767
2019/10/17-14:56:12.445321 7fbc2cd30700               Options.compression_opts.strategy: 0
2019/10/17-14:56:12.445322 7fbc2cd30700         Options.compression_opts.max_dict_bytes: 0
2019/10/17-14:56:12.445323 7fbc2cd30700         Options.compression_opts.zstd_max_train_bytes: 0
2019/10/17-14:56:12.445323 7fbc2cd30700                  Options.compression_opts.enabled: false
2019/10/17-14:56:12.445324 7fbc2cd30700      Options.level0_file_num_compaction_trigger: 4
2019/10/17-14:56:12.445325 7fbc2cd30700          Options.level0_slowdown_writes_trigger: 20
2019/10/17-14:56:12.445325 7fbc2cd30700              Options.level0_stop_writes_trigger: 36
2019/10/17-14:56:12.445326 7fbc2cd30700                   Options.target_file_size_base: 67108864
2019/10/17-14:56:12.445327 7fbc2cd30700             Options.target_file_size_multiplier: 1
2019/10/17-14:56:12.445327 7fbc2cd30700                Options.max_bytes_for_level_base: 268435456
2019/10/17-14:56:12.445328 7fbc2cd30700 Options.level_compaction_dynamic_level_bytes: 0
2019/10/17-14:56:12.445329 7fbc2cd30700          Options.max_bytes_for_level_multiplier: 10.000000
2019/10/17-14:56:12.445330 7fbc2cd30700 Options.max_bytes_for_level_multiplier_addtl[0]: 1
2019/10/17-14:56:12.445331 7fbc2cd30700 Options.max_bytes_for_level_multiplier_addtl[1]: 1
2019/10/17-14:56:12.445332 7fbc2cd30700 Options.max_bytes_for_level_multiplier_addtl[2]: 1
2019/10/17-14:56:12.445332 7fbc2cd30700 Options.max_bytes_for_level_multiplier_addtl[3]: 1
2019/10/17-14:56:12.445333 7fbc2cd30700 Options.max_bytes_for_level_multiplier_addtl[4]: 1
2019/10/17-14:56:12.445334 7fbc2cd30700 Options.max_bytes_for_level_multiplier_addtl[5]: 1
2019/10/17-14:56:12.445334 7fbc2cd30700 Options.max_bytes_for_level_multiplier_addtl[6]: 1
2019/10/17-14:56:12.445335 7fbc2cd30700       Options.max_sequential_skip_in_iterations: 8
2019/10/17-14:56:12.445336 7fbc2cd30700                    Options.max_compaction_bytes: 1677721600
2019/10/17-14:56:12.445336 7fbc2cd30700                        Options.arena_block_size: 8388608
2019/10/17-14:56:12.445337 7fbc2cd30700   Options.soft_pending_compaction_bytes_limit: 68719476736
2019/10/17-14:56:12.445341 7fbc2cd30700   Options.hard_pending_compaction_bytes_limit: 274877906944
2019/10/17-14:56:12.445342 7fbc2cd30700       Options.rate_limit_delay_max_milliseconds: 100
2019/10/17-14:56:12.445343 7fbc2cd30700                Options.disable_auto_compactions: 0
2019/10/17-14:56:12.445343 7fbc2cd30700                        Options.compaction_style: kCompactionStyleLevel
2019/10/17-14:56:12.445344 7fbc2cd30700                          Options.compaction_pri: kByCompensatedSize
2019/10/17-14:56:12.445345 7fbc2cd30700 Options.compaction_options_universal.size_ratio: 1
2019/10/17-14:56:12.445346 7fbc2cd30700 Options.compaction_options_universal.min_merge_width: 2
2019/10/17-14:56:12.445346 7fbc2cd30700 Options.compaction_options_universal.max_merge_width: 4294967295
2019/10/17-14:56:12.445347 7fbc2cd30700 Options.compaction_options_universal.max_size_amplification_percent: 200
2019/10/17-14:56:12.445348 7fbc2cd30700 Options.compaction_options_universal.compression_size_percent: -1
2019/10/17-14:56:12.445349 7fbc2cd30700 Options.compaction_options_universal.stop_style: kCompactionStopStyleTotalSize
2019/10/17-14:56:12.445349 7fbc2cd30700 Options.compaction_options_fifo.max_table_files_size: 1073741824
2019/10/17-14:56:12.445350 7fbc2cd30700 Options.compaction_options_fifo.allow_compaction: 0
2019/10/17-14:56:12.445351 7fbc2cd30700 Options.compaction_options_fifo.ttl: 0
2019/10/17-14:56:12.445352 7fbc2cd30700                   Options.table_properties_collectors: 
2019/10/17-14:56:12.445352 7fbc2cd30700                   Options.inplace_update_support: 0
2019/10/17-14:56:12.445353 7fbc2cd30700                 Options.inplace_update_num_locks: 10000
2019/10/17-14:56:12.445354 7fbc2cd30700               Options.memtable_prefix_bloom_size_ratio: 0.000000
2019/10/17-14:56:12.445355 7fbc2cd30700   Options.memtable_huge_page_size: 0
2019/10/17-14:56:12.445355 7fbc2cd30700                           Options.bloom_locality: 0
2019/10/17-14:56:12.445356 7fbc2cd30700                    Options.max_successive_merges: 0
2019/10/17-14:56:12.445357 7fbc2cd30700                Options.optimize_filters_for_hits: 0
2019/10/17-14:56:12.445357 7fbc2cd30700                Options.paranoid_file_checks: 0
2019/10/17-14:56:12.445358 7fbc2cd30700                Options.force_consistency_checks: 0
2019/10/17-14:56:12.445359 7fbc2cd30700                Options.report_bg_io_stats: 0
2019/10/17-14:56:12.445359 7fbc2cd30700                               Options.ttl: 0
2019/10/17-14:56:12.445373 7fbc2cd30700 [db/column_family.cc:472] --------------- Options for column family [dc_entries]:
2019/10/17-14:56:12.445374 7fbc2cd30700               Options.comparator: leveldb.BytewiseComparator
2019/10/17-14:56:12.445375 7fbc2cd30700           Options.merge_operator: None
2019/10/17-14:56:12.445375 7fbc2cd30700        Options.compaction_filter: None
2019/10/17-14:56:12.445376 7fbc2cd30700        Options.compaction_filter_factory: None
2019/10/17-14:56:12.445377 7fbc2cd30700         Options.memtable_factory: SkipListFactory
2019/10/17-14:56:12.445377 7fbc2cd30700            Options.table_factory: BlockBasedTable
2019/10/17-14:56:12.445386 7fbc2cd30700            table_factory options:   flush_block_policy_factory: FlushBlockBySizePolicyFactory (0x7fbbb804cd10)
  cache_index_and_filter_blocks: 0
  cache_index_and_filter_blocks_with_high_priority: 0
  pin_l0_filter_and_index_blocks_in_cache: 0
  pin_top_level_index_and_filter: 1
  index_type: 0
  hash_index_allow_collision: 1
  checksum: 1
  no_block_cache: 0
  block_cache: 0x7fbbb805fd40
  block_cache_name: LRUCache
  block_cache_options:
    capacity : 8388608
    num_shard_bits : 4
    strict_capacity_limit : 0
    memory_allocator : None
    high_pri_pool_ratio: 0.000
  block_cache_compressed: (nil)
  persistent_cache: (nil)
  block_size: 4096
  block_size_deviation: 10
  block_restart_interval: 16
  index_block_restart_interval: 1
  metadata_block_size: 4096
  partition_filters: 0
  use_delta_encoding: 1
  filter_policy: nullptr
  whole_key_filtering: 1
  verify_compression: 0
  read_amp_bytes_per_bit: 0
  format_version: 2
  enable_index_compression: 1
  block_align: 0
2019/10/17-14:56:12.445392 7fbc2cd30700        Options.write_buffer_size: 67108864
2019/10/17-14:56:12.445393 7fbc2cd30700  Options.max_write_buffer_number: 2
2019/10/17-14:56:12.445393 7fbc2cd30700          Options.compression: NoCompression
2019/10/17-14:56:12.445394 7fbc2cd30700                  Options.bottommost_compression: Disabled
2019/10/17-14:56:12.445395 7fbc2cd30700       Options.prefix_extractor: nullptr
2019/10/17-14:56:12.445396 7fbc2cd30700   Options.memtable_insert_with_hint_prefix_extractor: nullptr
2019/10/17-14:56:12.445396 7fbc2cd30700             Options.num_levels: 7
2019/10/17-14:56:12.445397 7fbc2cd30700        Options.min_write_buffer_number_to_merge: 1
2019/10/17-14:56:12.445398 7fbc2cd30700     Options.max_write_buffer_number_to_maintain: 0
2019/10/17-14:56:12.445398 7fbc2cd30700            Options.bottommost_compression_opts.window_bits: -14
2019/10/17-14:56:12.445399 7fbc2cd30700                  Options.bottommost_compression_opts.level: 32767
2019/10/17-14:56:12.445400 7fbc2cd30700               Options.bottommost_compression_opts.strategy: 0
2019/10/17-14:56:12.445400 7fbc2cd30700         Options.bottommost_compression_opts.max_dict_bytes: 0
2019/10/17-14:56:12.445401 7fbc2cd30700         Options.bottommost_compression_opts.zstd_max_train_bytes: 0
2019/10/17-14:56:12.445402 7fbc2cd30700                  Options.bottommost_compression_opts.enabled: false
2019/10/17-14:56:12.445402 7fbc2cd30700            Options.compression_opts.window_bits: -14
2019/10/17-14:56:12.445403 7fbc2cd30700                  Options.compression_opts.level: 32767
2019/10/17-14:56:12.445404 7fbc2cd30700               Options.compression_opts.strategy: 0
2019/10/17-14:56:12.445405 7fbc2cd30700         Options.compression_opts.max_dict_bytes: 0
2019/10/17-14:56:12.445405 7fbc2cd30700         Options.compression_opts.zstd_max_train_bytes: 0
2019/10/17-14:56:12.445406 7fbc2cd30700                  Options.compression_opts.enabled: false
2019/10/17-14:56:12.445407 7fbc2cd30700      Options.level0_file_num_compaction_trigger: 4
2019/10/17-14:56:12.445407 7fbc2cd30700          Options.level0_slowdown_writes_trigger: 20
2019/10/17-14:56:12.445408 7fbc2cd30700              Options.level0_stop_writes_trigger: 36
2019/10/17-14:56:12.445409 7fbc2cd30700                   Options.target_file_size_base: 67108864
2019/10/17-14:56:12.445409 7fbc2cd30700             Options.target_file_size_multiplier: 1
2019/10/17-14:56:12.445410 7fbc2cd30700                Options.max_bytes_for_level_base: 268435456
2019/10/17-14:56:12.445411 7fbc2cd30700 Options.level_compaction_dynamic_level_bytes: 0
2019/10/17-14:56:12.445411 7fbc2cd30700          Options.max_bytes_for_level_multiplier: 10.000000
2019/10/17-14:56:12.445413 7fbc2cd30700 Options.max_bytes_for_level_multiplier_addtl[0]: 1
2019/10/17-14:56:12.445413 7fbc2cd30700 Options.max_bytes_for_level_multiplier_addtl[1]: 1
2019/10/17-14:56:12.445414 7fbc2cd30700 Options.max_bytes_for_level_multiplier_addtl[2]: 1
2019/10/17-14:56:12.445415 7fbc2cd30700 Options.max_bytes_for_level_multiplier_addtl[3]: 1
2019/10/17-14:56:12.445416 7fbc2cd30700 Options.max_bytes_for_level_multiplier_addtl[4]: 1
2019/10/17-14:56:12.445416 7fbc2cd30700 Options.max_bytes_for_level_multiplier_addtl[5]: 1
2019/10/17-14:56:12.445417 7fbc2cd30700 Options.max_bytes_for_level_multiplier_addtl[6]: 1
2019/10/17-14:56:12.445418 7fbc2cd30700       Options.max_sequential_skip_in_iterations: 8
2019/10/17-14:56:12.445418 7fbc2cd30700                    Options.max_compaction_bytes: 1677721600
2019/10/17-14:56:12.445419 7fbc2cd30700                        Options.arena_block_size: 8388608
2019/10/17-14:56:12.445420 7fbc2cd30700   Options.soft_pending_compaction_bytes_limit: 68719476736
2019/10/17-14:56:12.445420 7fbc2cd30700   Options.hard_pending_compaction_bytes_limit: 274877906944
2019/10/17-14:56:12.445421 7fbc2cd30700       Options.rate_limit_delay_max_milliseconds: 100
2019/10/17-14:56:12.445422 7fbc2cd30700                Options.disable_auto_compactions: 0
2019/10/17-14:56:12.445426 7fbc2cd30700                        Options.compaction_style: kCompactionStyleLevel
2019/10/17-14:56:12.445427 7fbc2cd30700                          Options.compaction_pri: kByCompensatedSize
2019/10/17-14:56:12.445428 7fbc2cd30700 Options.compaction_options_universal.size_ratio: 1
2019/10/17-14:56:12.445428 7fbc2cd30700 Options.compaction_options_universal.min_merge_width: 2
2019/10/17-14:56:12.445429 7fbc2cd30700 Options.compaction_options_universal.max_merge_width: 4294967295
2019/10/17-14:56:12.445430 7fbc2cd30700 Options.compaction_options_universal.max_size_amplification_percent: 200
2019/10/17-14:56:12.445431 7fbc2cd30700 Options.compaction_options_universal.compression_size_percent: -1
2019/10/17-14:56:12.445431 7fbc2cd30700 Options.compaction_options_universal.stop_style: kCompactionStopStyleTotalSize
2019/10/17-14:56:12.445432 7fbc2cd30700 Options.compaction_options_fifo.max_table_files_size: 1073741824
2019/10/17-14:56:12.445433 7fbc2cd30700 Options.compaction_options_fifo.allow_compaction: 0
2019/10/17-14:56:12.445433 7fbc2cd30700 Options.compaction_options_fifo.ttl: 0
2019/10/17-14:56:12.445434 7fbc2cd30700                   Options.table_properties_collectors: 
2019/10/17-14:56:12.445435 7fbc2cd30700                   Options.inplace_update_support: 0
2019/10/17-14:56:12.445436 7fbc2cd30700                 Options.inplace_update_num_locks: 10000
2019/10/17-14:56:12.445436 7fbc2cd30700               Options.memtable_prefix_bloom_size_ratio: 0.000000
2019/10/17-14:56:12.445437 7fbc2cd30700   Options.memtable_huge_page_size: 0
2019/10/17-14:56:12.445438 7fbc2cd30700                           Options.bloom_locality: 0
2019/10/17-14:56:12.445439 7fbc2cd30700                    Options.max_successive_merges: 0
2019/10/17-14:56:12.445439 7fbc2cd30700                Options.optimize_filters_for_hits: 0
2019/10/17-14:56:12.445440 7fbc2cd30700                Options.paranoid_file_checks: 0
2019/10/17-14:56:12.445441 7fbc2cd30700                Options.force_consistency_checks: 0
2019/10/17-14:56:12.445441 7fbc2cd30700                Options.report_bg_io_stats: 0
2019/10/17-14:56:12.445442 7fbc2cd30700                               Options.ttl: 0
2019/10/17-14:56:12.445453 7fbc2cd30700 [db/column_family.cc:472] --------------- Options for column family [htlcs]:
2019/10/17-14:56:12.445454 7fbc2cd30700               Options.comparator: leveldb.BytewiseComparator
2019/10/17-14:56:12.445455 7fbc2cd30700           Options.merge_operator: None
2019/10/17-14:56:12.445456 7fbc2cd30700        Options.compaction_filter: None
2019/10/17-14:56:12.445457 7fbc2cd30700        Options.compaction_filter_factory: None
2019/10/17-14:56:12.445457 7fbc2cd30700         Options.memtable_factory: SkipListFactory
2019/10/17-14:56:12.445458 7fbc2cd30700            Options.table_factory: BlockBasedTable
2019/10/17-14:56:12.445466 7fbc2cd30700            table_factory options:   flush_block_policy_factory: FlushBlockBySizePolicyFactory (0x7fbbb8095210)
