2019/10/17-14:54:15.579899 7fc3a9fcb700 RocksDB version: 5.18.3
2019/10/17-14:54:15.579919 7fc3a9fcb700 Git sha rocksdb_build_git_sha:@0@
2019/10/17-14:54:15.579920 7fc3a9fcb700 Compile date Sep 19 2019
2019/10/17-14:54:15.579921 7fc3a9fcb700 DB SUMMARY
2019/10/17-14:54:15.580430 7fc3a9fcb700 CURRENT file:  CURRENT
2019/10/17-14:54:15.580431 7fc3a9fcb700 IDENTITY file:  IDENTITY
2019/10/17-14:54:15.580452 7fc3a9fcb700 MANIFEST file:  MANIFEST-114928 size: 4114 Bytes
2019/10/17-14:54:15.580453 7fc3a9fcb700 SST files in /home/rahul/dev/blockchain-core/eqc/ledger.db dir, Total Num: 29, files: 000624.sst 000627.sst 106940.sst 108447.sst 108450.sst 109471.sst 109483.sst 109485.sst 109486.sst 
2019/10/17-14:54:15.580454 7fc3a9fcb700 Write Ahead Log file in /home/rahul/dev/blockchain-core/eqc/ledger.db: 114929.log size: 0 ; 
2019/10/17-14:54:15.580478 7fc3a9fcb700                         Options.error_if_exists: 0
2019/10/17-14:54:15.580479 7fc3a9fcb700                       Options.create_if_missing: 1
2019/10/17-14:54:15.580479 7fc3a9fcb700                         Options.paranoid_checks: 1
2019/10/17-14:54:15.580480 7fc3a9fcb700                                     Options.env: 0x7fc32ae1fc60
2019/10/17-14:54:15.580481 7fc3a9fcb700                                Options.info_log: 0x7fc3500902d0
2019/10/17-14:54:15.580481 7fc3a9fcb700                Options.max_file_opening_threads: 16
2019/10/17-14:54:15.580482 7fc3a9fcb700                              Options.statistics: (nil)
2019/10/17-14:54:15.580482 7fc3a9fcb700                               Options.use_fsync: 0
2019/10/17-14:54:15.580483 7fc3a9fcb700                       Options.max_log_file_size: 0
2019/10/17-14:54:15.580484 7fc3a9fcb700                  Options.max_manifest_file_size: 1073741824
2019/10/17-14:54:15.580484 7fc3a9fcb700                   Options.log_file_time_to_roll: 0
2019/10/17-14:54:15.580485 7fc3a9fcb700                       Options.keep_log_file_num: 1000
2019/10/17-14:54:15.580485 7fc3a9fcb700                    Options.recycle_log_file_num: 0
2019/10/17-14:54:15.580486 7fc3a9fcb700                         Options.allow_fallocate: 1
2019/10/17-14:54:15.580486 7fc3a9fcb700                        Options.allow_mmap_reads: 0
2019/10/17-14:54:15.580487 7fc3a9fcb700                       Options.allow_mmap_writes: 0
2019/10/17-14:54:15.580487 7fc3a9fcb700                        Options.use_direct_reads: 0
2019/10/17-14:54:15.580488 7fc3a9fcb700                        Options.use_direct_io_for_flush_and_compaction: 0
2019/10/17-14:54:15.580489 7fc3a9fcb700          Options.create_missing_column_families: 0
2019/10/17-14:54:15.580489 7fc3a9fcb700                              Options.db_log_dir: 
2019/10/17-14:54:15.580490 7fc3a9fcb700                                 Options.wal_dir: /home/rahul/dev/blockchain-core/eqc/ledger.db
2019/10/17-14:54:15.580490 7fc3a9fcb700                Options.table_cache_numshardbits: 6
2019/10/17-14:54:15.580491 7fc3a9fcb700                      Options.max_subcompactions: 1
2019/10/17-14:54:15.580491 7fc3a9fcb700                  Options.max_background_flushes: -1
2019/10/17-14:54:15.580492 7fc3a9fcb700                         Options.WAL_ttl_seconds: 0
2019/10/17-14:54:15.580492 7fc3a9fcb700                       Options.WAL_size_limit_MB: 0
2019/10/17-14:54:15.580493 7fc3a9fcb700             Options.manifest_preallocation_size: 4194304
2019/10/17-14:54:15.580493 7fc3a9fcb700                     Options.is_fd_close_on_exec: 1
2019/10/17-14:54:15.580494 7fc3a9fcb700                   Options.advise_random_on_open: 1
2019/10/17-14:54:15.580495 7fc3a9fcb700                    Options.db_write_buffer_size: 0
2019/10/17-14:54:15.580495 7fc3a9fcb700                    Options.write_buffer_manager: 0x7fc3500d60e0
2019/10/17-14:54:15.580496 7fc3a9fcb700         Options.access_hint_on_compaction_start: 1
2019/10/17-14:54:15.580496 7fc3a9fcb700  Options.new_table_reader_for_compaction_inputs: 0
2019/10/17-14:54:15.580497 7fc3a9fcb700           Options.random_access_max_buffer_size: 1048576
2019/10/17-14:54:15.580497 7fc3a9fcb700                      Options.use_adaptive_mutex: 0
2019/10/17-14:54:15.580498 7fc3a9fcb700                            Options.rate_limiter: (nil)
2019/10/17-14:54:15.580505 7fc3a9fcb700     Options.sst_file_manager.rate_bytes_per_sec: 0
2019/10/17-14:54:15.580505 7fc3a9fcb700                       Options.wal_recovery_mode: 2
2019/10/17-14:54:15.580506 7fc3a9fcb700                  Options.enable_thread_tracking: 0
2019/10/17-14:54:15.580506 7fc3a9fcb700                  Options.enable_pipelined_write: 0
2019/10/17-14:54:15.580507 7fc3a9fcb700         Options.allow_concurrent_memtable_write: 1
2019/10/17-14:54:15.580508 7fc3a9fcb700      Options.enable_write_thread_adaptive_yield: 1
2019/10/17-14:54:15.580508 7fc3a9fcb700             Options.write_thread_max_yield_usec: 100
2019/10/17-14:54:15.580509 7fc3a9fcb700            Options.write_thread_slow_yield_usec: 3
2019/10/17-14:54:15.580509 7fc3a9fcb700                               Options.row_cache: None
2019/10/17-14:54:15.580510 7fc3a9fcb700                              Options.wal_filter: None
2019/10/17-14:54:15.580511 7fc3a9fcb700             Options.avoid_flush_during_recovery: 0
2019/10/17-14:54:15.580511 7fc3a9fcb700             Options.allow_ingest_behind: 0
2019/10/17-14:54:15.580512 7fc3a9fcb700             Options.preserve_deletes: 0
2019/10/17-14:54:15.580512 7fc3a9fcb700             Options.two_write_queues: 0
2019/10/17-14:54:15.580513 7fc3a9fcb700             Options.manual_wal_flush: 0
2019/10/17-14:54:15.580513 7fc3a9fcb700             Options.max_background_jobs: 2
2019/10/17-14:54:15.580514 7fc3a9fcb700             Options.max_background_compactions: -1
2019/10/17-14:54:15.580514 7fc3a9fcb700             Options.avoid_flush_during_shutdown: 0
2019/10/17-14:54:15.580515 7fc3a9fcb700           Options.writable_file_max_buffer_size: 1048576
2019/10/17-14:54:15.580515 7fc3a9fcb700             Options.delayed_write_rate : 16777216
2019/10/17-14:54:15.580516 7fc3a9fcb700             Options.max_total_wal_size: 0
2019/10/17-14:54:15.580516 7fc3a9fcb700             Options.delete_obsolete_files_period_micros: 21600000000
2019/10/17-14:54:15.580517 7fc3a9fcb700                   Options.stats_dump_period_sec: 600
2019/10/17-14:54:15.580518 7fc3a9fcb700                          Options.max_open_files: -1
2019/10/17-14:54:15.580518 7fc3a9fcb700                          Options.bytes_per_sync: 0
2019/10/17-14:54:15.580519 7fc3a9fcb700                      Options.wal_bytes_per_sync: 0
2019/10/17-14:54:15.580519 7fc3a9fcb700       Options.compaction_readahead_size: 0
2019/10/17-14:54:15.580520 7fc3a9fcb700 Compression algorithms supported:
2019/10/17-14:54:15.580521 7fc3a9fcb700 	kZSTDNotFinalCompression supported: 0
2019/10/17-14:54:15.580521 7fc3a9fcb700 	kZSTD supported: 0
2019/10/17-14:54:15.580522 7fc3a9fcb700 	kXpressCompression supported: 0
2019/10/17-14:54:15.580523 7fc3a9fcb700 	kLZ4HCCompression supported: 0
2019/10/17-14:54:15.580523 7fc3a9fcb700 	kLZ4Compression supported: 0
2019/10/17-14:54:15.580524 7fc3a9fcb700 	kBZip2Compression supported: 0
2019/10/17-14:54:15.580524 7fc3a9fcb700 	kZlibCompression supported: 0
2019/10/17-14:54:15.580525 7fc3a9fcb700 	kSnappyCompression supported: 0
2019/10/17-14:54:15.580526 7fc3a9fcb700 Fast CRC32 supported: Supported on x86
2019/10/17-14:54:15.580593 7fc3a9fcb700 [db/version_set.cc:3507] Recovering from manifest file: MANIFEST-114928
2019/10/17-14:54:15.580617 7fc3a9fcb700 [db/column_family.cc:472] --------------- Options for column family [default]:
2019/10/17-14:54:15.580618 7fc3a9fcb700               Options.comparator: leveldb.BytewiseComparator
2019/10/17-14:54:15.580619 7fc3a9fcb700           Options.merge_operator: None
2019/10/17-14:54:15.580619 7fc3a9fcb700        Options.compaction_filter: None
2019/10/17-14:54:15.580620 7fc3a9fcb700        Options.compaction_filter_factory: None
2019/10/17-14:54:15.580621 7fc3a9fcb700         Options.memtable_factory: SkipListFactory
2019/10/17-14:54:15.580621 7fc3a9fcb700            Options.table_factory: BlockBasedTable
2019/10/17-14:54:15.580631 7fc3a9fcb700            table_factory options:   flush_block_policy_factory: FlushBlockBySizePolicyFactory (0x7fc35007fcc0)
  cache_index_and_filter_blocks: 0
  cache_index_and_filter_blocks_with_high_priority: 0
  pin_l0_filter_and_index_blocks_in_cache: 0
  pin_top_level_index_and_filter: 1
  index_type: 0
  hash_index_allow_collision: 1
  checksum: 1
  no_block_cache: 0
  block_cache: 0x7fc3500ad330
  block_cache_name: LRUCache
  block_cache_options:
    capacity : 8388608
    num_shard_bits : 4
    strict_capacity_limit : 0
    memory_allocator : None
    high_pri_pool_ratio: 0.000
  block_cache_compressed: (nil)
  persistent_cache: (nil)
  block_size: 4096
  block_size_deviation: 10
  block_restart_interval: 16
  index_block_restart_interval: 1
  metadata_block_size: 4096
  partition_filters: 0
  use_delta_encoding: 1
  filter_policy: nullptr
  whole_key_filtering: 1
  verify_compression: 0
  read_amp_bytes_per_bit: 0
  format_version: 2
  enable_index_compression: 1
  block_align: 0
2019/10/17-14:54:15.580637 7fc3a9fcb700        Options.write_buffer_size: 67108864
2019/10/17-14:54:15.580638 7fc3a9fcb700  Options.max_write_buffer_number: 2
2019/10/17-14:54:15.580639 7fc3a9fcb700          Options.compression: NoCompression
2019/10/17-14:54:15.580639 7fc3a9fcb700                  Options.bottommost_compression: Disabled
2019/10/17-14:54:15.580640 7fc3a9fcb700       Options.prefix_extractor: nullptr
2019/10/17-14:54:15.580640 7fc3a9fcb700   Options.memtable_insert_with_hint_prefix_extractor: nullptr
2019/10/17-14:54:15.580641 7fc3a9fcb700             Options.num_levels: 7
2019/10/17-14:54:15.580642 7fc3a9fcb700        Options.min_write_buffer_number_to_merge: 1
2019/10/17-14:54:15.580642 7fc3a9fcb700     Options.max_write_buffer_number_to_maintain: 0
2019/10/17-14:54:15.580643 7fc3a9fcb700            Options.bottommost_compression_opts.window_bits: -14
2019/10/17-14:54:15.580643 7fc3a9fcb700                  Options.bottommost_compression_opts.level: 32767
2019/10/17-14:54:15.580644 7fc3a9fcb700               Options.bottommost_compression_opts.strategy: 0
2019/10/17-14:54:15.580645 7fc3a9fcb700         Options.bottommost_compression_opts.max_dict_bytes: 0
2019/10/17-14:54:15.580645 7fc3a9fcb700         Options.bottommost_compression_opts.zstd_max_train_bytes: 0
2019/10/17-14:54:15.580646 7fc3a9fcb700                  Options.bottommost_compression_opts.enabled: false
2019/10/17-14:54:15.580646 7fc3a9fcb700            Options.compression_opts.window_bits: -14
2019/10/17-14:54:15.580647 7fc3a9fcb700                  Options.compression_opts.level: 32767
2019/10/17-14:54:15.580647 7fc3a9fcb700               Options.compression_opts.strategy: 0
2019/10/17-14:54:15.580648 7fc3a9fcb700         Options.compression_opts.max_dict_bytes: 0
2019/10/17-14:54:15.580648 7fc3a9fcb700         Options.compression_opts.zstd_max_train_bytes: 0
2019/10/17-14:54:15.580649 7fc3a9fcb700                  Options.compression_opts.enabled: false
2019/10/17-14:54:15.580649 7fc3a9fcb700      Options.level0_file_num_compaction_trigger: 4
2019/10/17-14:54:15.580650 7fc3a9fcb700          Options.level0_slowdown_writes_trigger: 20
2019/10/17-14:54:15.580650 7fc3a9fcb700              Options.level0_stop_writes_trigger: 36
2019/10/17-14:54:15.580651 7fc3a9fcb700                   Options.target_file_size_base: 67108864
2019/10/17-14:54:15.580652 7fc3a9fcb700             Options.target_file_size_multiplier: 1
2019/10/17-14:54:15.580652 7fc3a9fcb700                Options.max_bytes_for_level_base: 268435456
2019/10/17-14:54:15.580653 7fc3a9fcb700 Options.level_compaction_dynamic_level_bytes: 0
2019/10/17-14:54:15.580653 7fc3a9fcb700          Options.max_bytes_for_level_multiplier: 10.000000
2019/10/17-14:54:15.580654 7fc3a9fcb700 Options.max_bytes_for_level_multiplier_addtl[0]: 1
2019/10/17-14:54:15.580655 7fc3a9fcb700 Options.max_bytes_for_level_multiplier_addtl[1]: 1
2019/10/17-14:54:15.580656 7fc3a9fcb700 Options.max_bytes_for_level_multiplier_addtl[2]: 1
2019/10/17-14:54:15.580656 7fc3a9fcb700 Options.max_bytes_for_level_multiplier_addtl[3]: 1
2019/10/17-14:54:15.580657 7fc3a9fcb700 Options.max_bytes_for_level_multiplier_addtl[4]: 1
2019/10/17-14:54:15.580660 7fc3a9fcb700 Options.max_bytes_for_level_multiplier_addtl[5]: 1
2019/10/17-14:54:15.580660 7fc3a9fcb700 Options.max_bytes_for_level_multiplier_addtl[6]: 1
2019/10/17-14:54:15.580661 7fc3a9fcb700       Options.max_sequential_skip_in_iterations: 8
2019/10/17-14:54:15.580662 7fc3a9fcb700                    Options.max_compaction_bytes: 1677721600
2019/10/17-14:54:15.580662 7fc3a9fcb700                        Options.arena_block_size: 8388608
2019/10/17-14:54:15.580663 7fc3a9fcb700   Options.soft_pending_compaction_bytes_limit: 68719476736
2019/10/17-14:54:15.580663 7fc3a9fcb700   Options.hard_pending_compaction_bytes_limit: 274877906944
2019/10/17-14:54:15.580664 7fc3a9fcb700       Options.rate_limit_delay_max_milliseconds: 100
2019/10/17-14:54:15.580664 7fc3a9fcb700                Options.disable_auto_compactions: 0
2019/10/17-14:54:15.580665 7fc3a9fcb700                        Options.compaction_style: kCompactionStyleLevel
2019/10/17-14:54:15.580666 7fc3a9fcb700                          Options.compaction_pri: kByCompensatedSize
2019/10/17-14:54:15.580667 7fc3a9fcb700 Options.compaction_options_universal.size_ratio: 1
2019/10/17-14:54:15.580667 7fc3a9fcb700 Options.compaction_options_universal.min_merge_width: 2
2019/10/17-14:54:15.580668 7fc3a9fcb700 Options.compaction_options_universal.max_merge_width: 4294967295
2019/10/17-14:54:15.580668 7fc3a9fcb700 Options.compaction_options_universal.max_size_amplification_percent: 200
2019/10/17-14:54:15.580669 7fc3a9fcb700 Options.compaction_options_universal.compression_size_percent: -1
2019/10/17-14:54:15.580670 7fc3a9fcb700 Options.compaction_options_universal.stop_style: kCompactionStopStyleTotalSize
2019/10/17-14:54:15.580670 7fc3a9fcb700 Options.compaction_options_fifo.max_table_files_size: 1073741824
2019/10/17-14:54:15.580671 7fc3a9fcb700 Options.compaction_options_fifo.allow_compaction: 0
2019/10/17-14:54:15.580671 7fc3a9fcb700 Options.compaction_options_fifo.ttl: 0
2019/10/17-14:54:15.580672 7fc3a9fcb700                   Options.table_properties_collectors: 
2019/10/17-14:54:15.580673 7fc3a9fcb700                   Options.inplace_update_support: 0
2019/10/17-14:54:15.580673 7fc3a9fcb700                 Options.inplace_update_num_locks: 10000
2019/10/17-14:54:15.580674 7fc3a9fcb700               Options.memtable_prefix_bloom_size_ratio: 0.000000
2019/10/17-14:54:15.580674 7fc3a9fcb700   Options.memtable_huge_page_size: 0
2019/10/17-14:54:15.580675 7fc3a9fcb700                           Options.bloom_locality: 0
2019/10/17-14:54:15.580676 7fc3a9fcb700                    Options.max_successive_merges: 0
2019/10/17-14:54:15.580676 7fc3a9fcb700                Options.optimize_filters_for_hits: 0
2019/10/17-14:54:15.580677 7fc3a9fcb700                Options.paranoid_file_checks: 0
2019/10/17-14:54:15.580677 7fc3a9fcb700                Options.force_consistency_checks: 0
2019/10/17-14:54:15.580678 7fc3a9fcb700                Options.report_bg_io_stats: 0
2019/10/17-14:54:15.580678 7fc3a9fcb700                               Options.ttl: 0
2019/10/17-14:54:15.580699 7fc3a9fcb700 [db/column_family.cc:472] --------------- Options for column family [active_gateways]:
2019/10/17-14:54:15.580700 7fc3a9fcb700               Options.comparator: leveldb.BytewiseComparator
2019/10/17-14:54:15.580700 7fc3a9fcb700           Options.merge_operator: None
2019/10/17-14:54:15.580701 7fc3a9fcb700        Options.compaction_filter: None
2019/10/17-14:54:15.580701 7fc3a9fcb700        Options.compaction_filter_factory: None
2019/10/17-14:54:15.580702 7fc3a9fcb700         Options.memtable_factory: SkipListFactory
2019/10/17-14:54:15.580703 7fc3a9fcb700            Options.table_factory: BlockBasedTable
2019/10/17-14:54:15.580710 7fc3a9fcb700            table_factory options:   flush_block_policy_factory: FlushBlockBySizePolicyFactory (0x7fc3500830a0)
  cache_index_and_filter_blocks: 0
  cache_index_and_filter_blocks_with_high_priority: 0
  pin_l0_filter_and_index_blocks_in_cache: 0
  pin_top_level_index_and_filter: 1
  index_type: 0
  hash_index_allow_collision: 1
  checksum: 1
  no_block_cache: 0
  block_cache: 0x7fc35007a870
  block_cache_name: LRUCache
  block_cache_options:
    capacity : 8388608
    num_shard_bits : 4
    strict_capacity_limit : 0
    memory_allocator : None
    high_pri_pool_ratio: 0.000
  block_cache_compressed: (nil)
  persistent_cache: (nil)
  block_size: 4096
  block_size_deviation: 10
  block_restart_interval: 16
  index_block_restart_interval: 1
  metadata_block_size: 4096
  partition_filters: 0
  use_delta_encoding: 1
  filter_policy: nullptr
  whole_key_filtering: 1
  verify_compression: 0
  read_amp_bytes_per_bit: 0
  format_version: 2
  enable_index_compression: 1
  block_align: 0
2019/10/17-14:54:15.580715 7fc3a9fcb700        Options.write_buffer_size: 67108864
2019/10/17-14:54:15.580715 7fc3a9fcb700  Options.max_write_buffer_number: 2
2019/10/17-14:54:15.580716 7fc3a9fcb700          Options.compression: NoCompression
2019/10/17-14:54:15.580717 7fc3a9fcb700                  Options.bottommost_compression: Disabled
2019/10/17-14:54:15.580717 7fc3a9fcb700       Options.prefix_extractor: nullptr
2019/10/17-14:54:15.580718 7fc3a9fcb700   Options.memtable_insert_with_hint_prefix_extractor: nullptr
2019/10/17-14:54:15.580718 7fc3a9fcb700             Options.num_levels: 7
2019/10/17-14:54:15.580719 7fc3a9fcb700        Options.min_write_buffer_number_to_merge: 1
2019/10/17-14:54:15.580719 7fc3a9fcb700     Options.max_write_buffer_number_to_maintain: 0
2019/10/17-14:54:15.580720 7fc3a9fcb700            Options.bottommost_compression_opts.window_bits: -14
2019/10/17-14:54:15.580720 7fc3a9fcb700                  Options.bottommost_compression_opts.level: 32767
2019/10/17-14:54:15.580721 7fc3a9fcb700               Options.bottommost_compression_opts.strategy: 0
2019/10/17-14:54:15.580721 7fc3a9fcb700         Options.bottommost_compression_opts.max_dict_bytes: 0
2019/10/17-14:54:15.580722 7fc3a9fcb700         Options.bottommost_compression_opts.zstd_max_train_bytes: 0
2019/10/17-14:54:15.580722 7fc3a9fcb700                  Options.bottommost_compression_opts.enabled: false
2019/10/17-14:54:15.580723 7fc3a9fcb700            Options.compression_opts.window_bits: -14
2019/10/17-14:54:15.580724 7fc3a9fcb700                  Options.compression_opts.level: 32767
2019/10/17-14:54:15.580724 7fc3a9fcb700               Options.compression_opts.strategy: 0
2019/10/17-14:54:15.580725 7fc3a9fcb700         Options.compression_opts.max_dict_bytes: 0
2019/10/17-14:54:15.580725 7fc3a9fcb700         Options.compression_opts.zstd_max_train_bytes: 0
2019/10/17-14:54:15.580726 7fc3a9fcb700                  Options.compression_opts.enabled: false
2019/10/17-14:54:15.580726 7fc3a9fcb700      Options.level0_file_num_compaction_trigger: 4
2019/10/17-14:54:15.580727 7fc3a9fcb700          Options.level0_slowdown_writes_trigger: 20
2019/10/17-14:54:15.580727 7fc3a9fcb700              Options.level0_stop_writes_trigger: 36
2019/10/17-14:54:15.580728 7fc3a9fcb700                   Options.target_file_size_base: 67108864
2019/10/17-14:54:15.580728 7fc3a9fcb700             Options.target_file_size_multiplier: 1
2019/10/17-14:54:15.580729 7fc3a9fcb700                Options.max_bytes_for_level_base: 268435456
2019/10/17-14:54:15.580729 7fc3a9fcb700 Options.level_compaction_dynamic_level_bytes: 0
2019/10/17-14:54:15.580730 7fc3a9fcb700          Options.max_bytes_for_level_multiplier: 10.000000
2019/10/17-14:54:15.580731 7fc3a9fcb700 Options.max_bytes_for_level_multiplier_addtl[0]: 1
2019/10/17-14:54:15.580731 7fc3a9fcb700 Options.max_bytes_for_level_multiplier_addtl[1]: 1
2019/10/17-14:54:15.580732 7fc3a9fcb700 Options.max_bytes_for_level_multiplier_addtl[2]: 1
2019/10/17-14:54:15.580733 7fc3a9fcb700 Options.max_bytes_for_level_multiplier_addtl[3]: 1
2019/10/17-14:54:15.580733 7fc3a9fcb700 Options.max_bytes_for_level_multiplier_addtl[4]: 1
2019/10/17-14:54:15.580734 7fc3a9fcb700 Options.max_bytes_for_level_multiplier_addtl[5]: 1
2019/10/17-14:54:15.580734 7fc3a9fcb700 Options.max_bytes_for_level_multiplier_addtl[6]: 1
2019/10/17-14:54:15.580735 7fc3a9fcb700       Options.max_sequential_skip_in_iterations: 8
2019/10/17-14:54:15.580738 7fc3a9fcb700                    Options.max_compaction_bytes: 1677721600
2019/10/17-14:54:15.580738 7fc3a9fcb700                        Options.arena_block_size: 8388608
2019/10/17-14:54:15.580739 7fc3a9fcb700   Options.soft_pending_compaction_bytes_limit: 68719476736
2019/10/17-14:54:15.580739 7fc3a9fcb700   Options.hard_pending_compaction_bytes_limit: 274877906944
2019/10/17-14:54:15.580740 7fc3a9fcb700       Options.rate_limit_delay_max_milliseconds: 100
2019/10/17-14:54:15.580741 7fc3a9fcb700                Options.disable_auto_compactions: 0
2019/10/17-14:54:15.580741 7fc3a9fcb700                        Options.compaction_style: kCompactionStyleLevel
2019/10/17-14:54:15.580742 7fc3a9fcb700                          Options.compaction_pri: kByCompensatedSize
2019/10/17-14:54:15.580742 7fc3a9fcb700 Options.compaction_options_universal.size_ratio: 1
2019/10/17-14:54:15.580743 7fc3a9fcb700 Options.compaction_options_universal.min_merge_width: 2
2019/10/17-14:54:15.580743 7fc3a9fcb700 Options.compaction_options_universal.max_merge_width: 4294967295
2019/10/17-14:54:15.580744 7fc3a9fcb700 Options.compaction_options_universal.max_size_amplification_percent: 200
2019/10/17-14:54:15.580745 7fc3a9fcb700 Options.compaction_options_universal.compression_size_percent: -1
2019/10/17-14:54:15.580745 7fc3a9fcb700 Options.compaction_options_universal.stop_style: kCompactionStopStyleTotalSize
2019/10/17-14:54:15.580746 7fc3a9fcb700 Options.compaction_options_fifo.max_table_files_size: 1073741824
2019/10/17-14:54:15.580746 7fc3a9fcb700 Options.compaction_options_fifo.allow_compaction: 0
2019/10/17-14:54:15.580747 7fc3a9fcb700 Options.compaction_options_fifo.ttl: 0
2019/10/17-14:54:15.580747 7fc3a9fcb700                   Options.table_properties_collectors: 
2019/10/17-14:54:15.580748 7fc3a9fcb700                   Options.inplace_update_support: 0
2019/10/17-14:54:15.580748 7fc3a9fcb700                 Options.inplace_update_num_locks: 10000
2019/10/17-14:54:15.580749 7fc3a9fcb700               Options.memtable_prefix_bloom_size_ratio: 0.000000
2019/10/17-14:54:15.580750 7fc3a9fcb700   Options.memtable_huge_page_size: 0
2019/10/17-14:54:15.580750 7fc3a9fcb700                           Options.bloom_locality: 0
2019/10/17-14:54:15.580751 7fc3a9fcb700                    Options.max_successive_merges: 0
2019/10/17-14:54:15.580751 7fc3a9fcb700                Options.optimize_filters_for_hits: 0
2019/10/17-14:54:15.580752 7fc3a9fcb700                Options.paranoid_file_checks: 0
2019/10/17-14:54:15.580752 7fc3a9fcb700                Options.force_consistency_checks: 0
2019/10/17-14:54:15.580753 7fc3a9fcb700                Options.report_bg_io_stats: 0
2019/10/17-14:54:15.580753 7fc3a9fcb700                               Options.ttl: 0
2019/10/17-14:54:15.580764 7fc3a9fcb700 [db/column_family.cc:472] --------------- Options for column family [entries]:
2019/10/17-14:54:15.580765 7fc3a9fcb700               Options.comparator: leveldb.BytewiseComparator
2019/10/17-14:54:15.580766 7fc3a9fcb700           Options.merge_operator: None
2019/10/17-14:54:15.580766 7fc3a9fcb700        Options.compaction_filter: None
2019/10/17-14:54:15.580767 7fc3a9fcb700        Options.compaction_filter_factory: None
2019/10/17-14:54:15.580767 7fc3a9fcb700         Options.memtable_factory: SkipListFactory
2019/10/17-14:54:15.580768 7fc3a9fcb700            Options.table_factory: BlockBasedTable
2019/10/17-14:54:15.580775 7fc3a9fcb700            table_factory options:   flush_block_policy_factory: FlushBlockBySizePolicyFactory (0x7fc3500a06b0)
  cache_index_and_filter_blocks: 0
  cache_index_and_filter_blocks_with_high_priority: 0
  pin_l0_filter_and_index_blocks_in_cache: 0
  pin_top_level_index_and_filter: 1
  index_type: 0
  hash_index_allow_collision: 1
  checksum: 1
  no_block_cache: 0
  block_cache: 0x7fc350004900
  block_cache_name: LRUCache
  block_cache_options:
    capacity : 8388608
    num_shard_bits : 4
    strict_capacity_limit : 0
    memory_allocator : None
    high_pri_pool_ratio: 0.000
  block_cache_compressed: (nil)
  persistent_cache: (nil)
  block_size: 4096
  block_size_deviation: 10
  block_restart_interval: 16
  index_block_restart_interval: 1
  metadata_block_size: 4096
  partition_filters: 0
  use_delta_encoding: 1
  filter_policy: nullptr
  whole_key_filtering: 1
  verify_compression: 0
  read_amp_bytes_per_bit: 0
  format_version: 2
  enable_index_compression: 1
  block_align: 0
2019/10/17-14:54:15.580779 7fc3a9fcb700        Options.write_buffer_size: 67108864
2019/10/17-14:54:15.580779 7fc3a9fcb700  Options.max_write_buffer_number: 2
2019/10/17-14:54:15.580780 7fc3a9fcb700          Options.compression: NoCompression
2019/10/17-14:54:15.580780 7fc3a9fcb700                  Options.bottommost_compression: Disabled
2019/10/17-14:54:15.580781 7fc3a9fcb700       Options.prefix_extractor: nullptr
2019/10/17-14:54:15.580782 7fc3a9fcb700   Options.memtable_insert_with_hint_prefix_extractor: nullptr
2019/10/17-14:54:15.580782 7fc3a9fcb700             Options.num_levels: 7
2019/10/17-14:54:15.580783 7fc3a9fcb700        Options.min_write_buffer_number_to_merge: 1
2019/10/17-14:54:15.580783 7fc3a9fcb700     Options.max_write_buffer_number_to_maintain: 0
2019/10/17-14:54:15.580784 7fc3a9fcb700            Options.bottommost_compression_opts.window_bits: -14
2019/10/17-14:54:15.580784 7fc3a9fcb700                  Options.bottommost_compression_opts.level: 32767
2019/10/17-14:54:15.580785 7fc3a9fcb700               Options.bottommost_compression_opts.strategy: 0
2019/10/17-14:54:15.580785 7fc3a9fcb700         Options.bottommost_compression_opts.max_dict_bytes: 0
2019/10/17-14:54:15.580786 7fc3a9fcb700         Options.bottommost_compression_opts.zstd_max_train_bytes: 0
2019/10/17-14:54:15.580786 7fc3a9fcb700                  Options.bottommost_compression_opts.enabled: false
2019/10/17-14:54:15.580787 7fc3a9fcb700            Options.compression_opts.window_bits: -14
2019/10/17-14:54:15.580787 7fc3a9fcb700                  Options.compression_opts.level: 32767
2019/10/17-14:54:15.580788 7fc3a9fcb700               Options.compression_opts.strategy: 0
2019/10/17-14:54:15.580788 7fc3a9fcb700         Options.compression_opts.max_dict_bytes: 0
2019/10/17-14:54:15.580789 7fc3a9fcb700         Options.compression_opts.zstd_max_train_bytes: 0
2019/10/17-14:54:15.580789 7fc3a9fcb700                  Options.compression_opts.enabled: false
2019/10/17-14:54:15.580790 7fc3a9fcb700      Options.level0_file_num_compaction_trigger: 4
2019/10/17-14:54:15.580790 7fc3a9fcb700          Options.level0_slowdown_writes_trigger: 20
2019/10/17-14:54:15.580791 7fc3a9fcb700              Options.level0_stop_writes_trigger: 36
2019/10/17-14:54:15.580791 7fc3a9fcb700                   Options.target_file_size_base: 67108864
2019/10/17-14:54:15.580792 7fc3a9fcb700             Options.target_file_size_multiplier: 1
2019/10/17-14:54:15.580793 7fc3a9fcb700                Options.max_bytes_for_level_base: 268435456
2019/10/17-14:54:15.580793 7fc3a9fcb700 Options.level_compaction_dynamic_level_bytes: 0
2019/10/17-14:54:15.580794 7fc3a9fcb700          Options.max_bytes_for_level_multiplier: 10.000000
2019/10/17-14:54:15.580795 7fc3a9fcb700 Options.max_bytes_for_level_multiplier_addtl[0]: 1
2019/10/17-14:54:15.580795 7fc3a9fcb700 Options.max_bytes_for_level_multiplier_addtl[1]: 1
2019/10/17-14:54:15.580796 7fc3a9fcb700 Options.max_bytes_for_level_multiplier_addtl[2]: 1
2019/10/17-14:54:15.580796 7fc3a9fcb700 Options.max_bytes_for_level_multiplier_addtl[3]: 1
2019/10/17-14:54:15.580797 7fc3a9fcb700 Options.max_bytes_for_level_multiplier_addtl[4]: 1
2019/10/17-14:54:15.580797 7fc3a9fcb700 Options.max_bytes_for_level_multiplier_addtl[5]: 1
2019/10/17-14:54:15.580798 7fc3a9fcb700 Options.max_bytes_for_level_multiplier_addtl[6]: 1
2019/10/17-14:54:15.580798 7fc3a9fcb700       Options.max_sequential_skip_in_iterations: 8
2019/10/17-14:54:15.580799 7fc3a9fcb700                    Options.max_compaction_bytes: 1677721600
2019/10/17-14:54:15.580799 7fc3a9fcb700                        Options.arena_block_size: 8388608
2019/10/17-14:54:15.580800 7fc3a9fcb700   Options.soft_pending_compaction_bytes_limit: 68719476736
2019/10/17-14:54:15.580803 7fc3a9fcb700   Options.hard_pending_compaction_bytes_limit: 274877906944
2019/10/17-14:54:15.580804 7fc3a9fcb700       Options.rate_limit_delay_max_milliseconds: 100
2019/10/17-14:54:15.580804 7fc3a9fcb700                Options.disable_auto_compactions: 0
2019/10/17-14:54:15.580805 7fc3a9fcb700                        Options.compaction_style: kCompactionStyleLevel
2019/10/17-14:54:15.580806 7fc3a9fcb700                          Options.compaction_pri: kByCompensatedSize
2019/10/17-14:54:15.580806 7fc3a9fcb700 Options.compaction_options_universal.size_ratio: 1
2019/10/17-14:54:15.580807 7fc3a9fcb700 Options.compaction_options_universal.min_merge_width: 2
2019/10/17-14:54:15.580807 7fc3a9fcb700 Options.compaction_options_universal.max_merge_width: 4294967295
2019/10/17-14:54:15.580808 7fc3a9fcb700 Options.compaction_options_universal.max_size_amplification_percent: 200
2019/10/17-14:54:15.580808 7fc3a9fcb700 Options.compaction_options_universal.compression_size_percent: -1
2019/10/17-14:54:15.580809 7fc3a9fcb700 Options.compaction_options_universal.stop_style: kCompactionStopStyleTotalSize
2019/10/17-14:54:15.580809 7fc3a9fcb700 Options.compaction_options_fifo.max_table_files_size: 1073741824
2019/10/17-14:54:15.580810 7fc3a9fcb700 Options.compaction_options_fifo.allow_compaction: 0
2019/10/17-14:54:15.580810 7fc3a9fcb700 Options.compaction_options_fifo.ttl: 0
2019/10/17-14:54:15.580811 7fc3a9fcb700                   Options.table_properties_collectors: 
2019/10/17-14:54:15.580811 7fc3a9fcb700                   Options.inplace_update_support: 0
2019/10/17-14:54:15.580812 7fc3a9fcb700                 Options.inplace_update_num_locks: 10000
2019/10/17-14:54:15.580813 7fc3a9fcb700               Options.memtable_prefix_bloom_size_ratio: 0.000000
2019/10/17-14:54:15.580813 7fc3a9fcb700   Options.memtable_huge_page_size: 0
2019/10/17-14:54:15.580814 7fc3a9fcb700                           Options.bloom_locality: 0
2019/10/17-14:54:15.580814 7fc3a9fcb700                    Options.max_successive_merges: 0
2019/10/17-14:54:15.580815 7fc3a9fcb700                Options.optimize_filters_for_hits: 0
2019/10/17-14:54:15.580815 7fc3a9fcb700                Options.paranoid_file_checks: 0
2019/10/17-14:54:15.580816 7fc3a9fcb700                Options.force_consistency_checks: 0
2019/10/17-14:54:15.580816 7fc3a9fcb700                Options.report_bg_io_stats: 0
2019/10/17-14:54:15.580817 7fc3a9fcb700                               Options.ttl: 0
2019/10/17-14:54:15.580827 7fc3a9fcb700 [db/column_family.cc:472] --------------- Options for column family [dc_entries]:
2019/10/17-14:54:15.580828 7fc3a9fcb700               Options.comparator: leveldb.BytewiseComparator
2019/10/17-14:54:15.580828 7fc3a9fcb700           Options.merge_operator: None
2019/10/17-14:54:15.580829 7fc3a9fcb700        Options.compaction_filter: None
2019/10/17-14:54:15.580829 7fc3a9fcb700        Options.compaction_filter_factory: None
2019/10/17-14:54:15.580830 7fc3a9fcb700         Options.memtable_factory: SkipListFactory
2019/10/17-14:54:15.580830 7fc3a9fcb700            Options.table_factory: BlockBasedTable
2019/10/17-14:54:15.580837 7fc3a9fcb700            table_factory options:   flush_block_policy_factory: FlushBlockBySizePolicyFactory (0x7fc350078ad0)
  cache_index_and_filter_blocks: 0
  cache_index_and_filter_blocks_with_high_priority: 0
  pin_l0_filter_and_index_blocks_in_cache: 0
  pin_top_level_index_and_filter: 1
  index_type: 0
  hash_index_allow_collision: 1
  checksum: 1
  no_block_cache: 0
  block_cache: 0x7fc3500898b0
  block_cache_name: LRUCache
  block_cache_options:
    capacity : 8388608
    num_shard_bits : 4
    strict_capacity_limit : 0
    memory_allocator : None
    high_pri_pool_ratio: 0.000
  block_cache_compressed: (nil)
  persistent_cache: (nil)
  block_size: 4096
  block_size_deviation: 10
  block_restart_interval: 16
  index_block_restart_interval: 1
  metadata_block_size: 4096
  partition_filters: 0
  use_delta_encoding: 1
  filter_policy: nullptr
  whole_key_filtering: 1
  verify_compression: 0
  read_amp_bytes_per_bit: 0
  format_version: 2
  enable_index_compression: 1
  block_align: 0
2019/10/17-14:54:15.580841 7fc3a9fcb700        Options.write_buffer_size: 67108864
2019/10/17-14:54:15.580842 7fc3a9fcb700  Options.max_write_buffer_number: 2
2019/10/17-14:54:15.580842 7fc3a9fcb700          Options.compression: NoCompression
2019/10/17-14:54:15.580843 7fc3a9fcb700                  Options.bottommost_compression: Disabled
2019/10/17-14:54:15.580843 7fc3a9fcb700       Options.prefix_extractor: nullptr
2019/10/17-14:54:15.580844 7fc3a9fcb700   Options.memtable_insert_with_hint_prefix_extractor: nullptr
2019/10/17-14:54:15.580844 7fc3a9fcb700             Options.num_levels: 7
2019/10/17-14:54:15.580845 7fc3a9fcb700        Options.min_write_buffer_number_to_merge: 1
2019/10/17-14:54:15.580845 7fc3a9fcb700     Options.max_write_buffer_number_to_maintain: 0
2019/10/17-14:54:15.580846 7fc3a9fcb700            Options.bottommost_compression_opts.window_bits: -14
2019/10/17-14:54:15.580846 7fc3a9fcb700                  Options.bottommost_compression_opts.level: 32767
2019/10/17-14:54:15.580847 7fc3a9fcb700               Options.bottommost_compression_opts.strategy: 0
2019/10/17-14:54:15.580847 7fc3a9fcb700         Options.bottommost_compression_opts.max_dict_bytes: 0
2019/10/17-14:54:15.580848 7fc3a9fcb700         Options.bottommost_compression_opts.zstd_max_train_bytes: 0
2019/10/17-14:54:15.580849 7fc3a9fcb700                  Options.bottommost_compression_opts.enabled: false
2019/10/17-14:54:15.580849 7fc3a9fcb700            Options.compression_opts.window_bits: -14
2019/10/17-14:54:15.580850 7fc3a9fcb700                  Options.compression_opts.level: 32767
2019/10/17-14:54:15.580850 7fc3a9fcb700               Options.compression_opts.strategy: 0
2019/10/17-14:54:15.580851 7fc3a9fcb700         Options.compression_opts.max_dict_bytes: 0
2019/10/17-14:54:15.580851 7fc3a9fcb700         Options.compression_opts.zstd_max_train_bytes: 0
2019/10/17-14:54:15.580852 7fc3a9fcb700                  Options.compression_opts.enabled: false
2019/10/17-14:54:15.580852 7fc3a9fcb700      Options.level0_file_num_compaction_trigger: 4
2019/10/17-14:54:15.580853 7fc3a9fcb700          Options.level0_slowdown_writes_trigger: 20
2019/10/17-14:54:15.580853 7fc3a9fcb700              Options.level0_stop_writes_trigger: 36
2019/10/17-14:54:15.580854 7fc3a9fcb700                   Options.target_file_size_base: 67108864
2019/10/17-14:54:15.580854 7fc3a9fcb700             Options.target_file_size_multiplier: 1
2019/10/17-14:54:15.580855 7fc3a9fcb700                Options.max_bytes_for_level_base: 268435456
2019/10/17-14:54:15.580855 7fc3a9fcb700 Options.level_compaction_dynamic_level_bytes: 0
2019/10/17-14:54:15.580856 7fc3a9fcb700          Options.max_bytes_for_level_multiplier: 10.000000
2019/10/17-14:54:15.580857 7fc3a9fcb700 Options.max_bytes_for_level_multiplier_addtl[0]: 1
2019/10/17-14:54:15.580857 7fc3a9fcb700 Options.max_bytes_for_level_multiplier_addtl[1]: 1
2019/10/17-14:54:15.580858 7fc3a9fcb700 Options.max_bytes_for_level_multiplier_addtl[2]: 1
2019/10/17-14:54:15.580858 7fc3a9fcb700 Options.max_bytes_for_level_multiplier_addtl[3]: 1
2019/10/17-14:54:15.580859 7fc3a9fcb700 Options.max_bytes_for_level_multiplier_addtl[4]: 1
2019/10/17-14:54:15.580859 7fc3a9fcb700 Options.max_bytes_for_level_multiplier_addtl[5]: 1
2019/10/17-14:54:15.580860 7fc3a9fcb700 Options.max_bytes_for_level_multiplier_addtl[6]: 1
2019/10/17-14:54:15.580860 7fc3a9fcb700       Options.max_sequential_skip_in_iterations: 8
2019/10/17-14:54:15.580861 7fc3a9fcb700                    Options.max_compaction_bytes: 1677721600
2019/10/17-14:54:15.580862 7fc3a9fcb700                        Options.arena_block_size: 8388608
2019/10/17-14:54:15.580862 7fc3a9fcb700   Options.soft_pending_compaction_bytes_limit: 68719476736
2019/10/17-14:54:15.580863 7fc3a9fcb700   Options.hard_pending_compaction_bytes_limit: 274877906944
2019/10/17-14:54:15.580863 7fc3a9fcb700       Options.rate_limit_delay_max_milliseconds: 100
2019/10/17-14:54:15.580864 7fc3a9fcb700                Options.disable_auto_compactions: 0
2019/10/17-14:54:15.580867 7fc3a9fcb700                        Options.compaction_style: kCompactionStyleLevel
2019/10/17-14:54:15.580867 7fc3a9fcb700                          Options.compaction_pri: kByCompensatedSize
2019/10/17-14:54:15.580868 7fc3a9fcb700 Options.compaction_options_universal.size_ratio: 1
2019/10/17-14:54:15.580869 7fc3a9fcb700 Options.compaction_options_universal.min_merge_width: 2
2019/10/17-14:54:15.580869 7fc3a9fcb700 Options.compaction_options_universal.max_merge_width: 4294967295
2019/10/17-14:54:15.580870 7fc3a9fcb700 Options.compaction_options_universal.max_size_amplification_percent: 200
2019/10/17-14:54:15.580870 7fc3a9fcb700 Options.compaction_options_universal.compression_size_percent: -1
2019/10/17-14:54:15.580871 7fc3a9fcb700 Options.compaction_options_universal.stop_style: kCompactionStopStyleTotalSize
2019/10/17-14:54:15.580871 7fc3a9fcb700 Options.compaction_options_fifo.max_table_files_size: 1073741824
2019/10/17-14:54:15.580872 7fc3a9fcb700 Options.compaction_options_fifo.allow_compaction: 0
2019/10/17-14:54:15.580872 7fc3a9fcb700 Options.compaction_options_fifo.ttl: 0
2019/10/17-14:54:15.580873 7fc3a9fcb700                   Options.table_properties_collectors: 
2019/10/17-14:54:15.580873 7fc3a9fcb700                   Options.inplace_update_support: 0
2019/10/17-14:54:15.580874 7fc3a9fcb700                 Options.inplace_update_num_locks: 10000
2019/10/17-14:54:15.580874 7fc3a9fcb700               Options.memtable_prefix_bloom_size_ratio: 0.000000
2019/10/17-14:54:15.580875 7fc3a9fcb700   Options.memtable_huge_page_size: 0
2019/10/17-14:54:15.580876 7fc3a9fcb700                           Options.bloom_locality: 0
2019/10/17-14:54:15.580876 7fc3a9fcb700                    Options.max_successive_merges: 0
2019/10/17-14:54:15.580877 7fc3a9fcb700                Options.optimize_filters_for_hits: 0
2019/10/17-14:54:15.580877 7fc3a9fcb700                Options.paranoid_file_checks: 0
2019/10/17-14:54:15.580878 7fc3a9fcb700                Options.force_consistency_checks: 0
2019/10/17-14:54:15.580878 7fc3a9fcb700                Options.report_bg_io_stats: 0
2019/10/17-14:54:15.580879 7fc3a9fcb700                               Options.ttl: 0
2019/10/17-14:54:15.580887 7fc3a9fcb700 [db/column_family.cc:472] --------------- Options for column family [htlcs]:
2019/10/17-14:54:15.580888 7fc3a9fcb700               Options.comparator: leveldb.BytewiseComparator
2019/10/17-14:54:15.580889 7fc3a9fcb700           Options.merge_operator: None
2019/10/17-14:54:15.580889 7fc3a9fcb700        Options.compaction_filter: None
2019/10/17-14:54:15.580890 7fc3a9fcb700        Options.compaction_filter_factory: None
2019/10/17-14:54:15.580890 7fc3a9fcb700         Options.memtable_factory: SkipListFactory
2019/10/17-14:54:15.580891 7fc3a9fcb700            Options.table_factory: BlockBasedTable
2019/10/17-14:54:15.580897 7fc3a9fcb700            table_factory options:   flush_block_policy_factory: FlushBlockBySizePolicyFactory (0x7fc35002eea0)
