2019/10/17-14:54:04.319193 7fc3a9fcb700 RocksDB version: 5.18.3
2019/10/17-14:54:04.319301 7fc3a9fcb700 Git sha rocksdb_build_git_sha:@0@
2019/10/17-14:54:04.319304 7fc3a9fcb700 Compile date Sep 19 2019
2019/10/17-14:54:04.319307 7fc3a9fcb700 DB SUMMARY
2019/10/17-14:54:04.320511 7fc3a9fcb700 CURRENT file:  CURRENT
2019/10/17-14:54:04.320513 7fc3a9fcb700 IDENTITY file:  IDENTITY
2019/10/17-14:54:04.320561 7fc3a9fcb700 MANIFEST file:  MANIFEST-114631 size: 4114 Bytes
2019/10/17-14:54:04.320563 7fc3a9fcb700 SST files in /home/rahul/dev/blockchain-core/eqc/ledger.db dir, Total Num: 29, files: 000624.sst 000627.sst 106940.sst 108447.sst 108450.sst 109471.sst 109483.sst 109485.sst 109486.sst 
2019/10/17-14:54:04.320565 7fc3a9fcb700 Write Ahead Log file in /home/rahul/dev/blockchain-core/eqc/ledger.db: 114632.log size: 0 ; 
2019/10/17-14:54:04.320610 7fc3a9fcb700                         Options.error_if_exists: 0
2019/10/17-14:54:04.320612 7fc3a9fcb700                       Options.create_if_missing: 1
2019/10/17-14:54:04.320613 7fc3a9fcb700                         Options.paranoid_checks: 1
2019/10/17-14:54:04.320614 7fc3a9fcb700                                     Options.env: 0x7fc32ae1fc60
2019/10/17-14:54:04.320616 7fc3a9fcb700                                Options.info_log: 0x7fc350046870
2019/10/17-14:54:04.320617 7fc3a9fcb700                Options.max_file_opening_threads: 16
2019/10/17-14:54:04.320618 7fc3a9fcb700                              Options.statistics: (nil)
2019/10/17-14:54:04.320619 7fc3a9fcb700                               Options.use_fsync: 0
2019/10/17-14:54:04.320620 7fc3a9fcb700                       Options.max_log_file_size: 0
2019/10/17-14:54:04.320621 7fc3a9fcb700                  Options.max_manifest_file_size: 1073741824
2019/10/17-14:54:04.320622 7fc3a9fcb700                   Options.log_file_time_to_roll: 0
2019/10/17-14:54:04.320623 7fc3a9fcb700                       Options.keep_log_file_num: 1000
2019/10/17-14:54:04.320624 7fc3a9fcb700                    Options.recycle_log_file_num: 0
2019/10/17-14:54:04.320625 7fc3a9fcb700                         Options.allow_fallocate: 1
2019/10/17-14:54:04.320627 7fc3a9fcb700                        Options.allow_mmap_reads: 0
2019/10/17-14:54:04.320627 7fc3a9fcb700                       Options.allow_mmap_writes: 0
2019/10/17-14:54:04.320628 7fc3a9fcb700                        Options.use_direct_reads: 0
2019/10/17-14:54:04.320629 7fc3a9fcb700                        Options.use_direct_io_for_flush_and_compaction: 0
2019/10/17-14:54:04.320630 7fc3a9fcb700          Options.create_missing_column_families: 0
2019/10/17-14:54:04.320631 7fc3a9fcb700                              Options.db_log_dir: 
2019/10/17-14:54:04.320632 7fc3a9fcb700                                 Options.wal_dir: /home/rahul/dev/blockchain-core/eqc/ledger.db
2019/10/17-14:54:04.320634 7fc3a9fcb700                Options.table_cache_numshardbits: 6
2019/10/17-14:54:04.320635 7fc3a9fcb700                      Options.max_subcompactions: 1
2019/10/17-14:54:04.320636 7fc3a9fcb700                  Options.max_background_flushes: -1
2019/10/17-14:54:04.320637 7fc3a9fcb700                         Options.WAL_ttl_seconds: 0
2019/10/17-14:54:04.320638 7fc3a9fcb700                       Options.WAL_size_limit_MB: 0
2019/10/17-14:54:04.320639 7fc3a9fcb700             Options.manifest_preallocation_size: 4194304
2019/10/17-14:54:04.320640 7fc3a9fcb700                     Options.is_fd_close_on_exec: 1
2019/10/17-14:54:04.320641 7fc3a9fcb700                   Options.advise_random_on_open: 1
2019/10/17-14:54:04.320642 7fc3a9fcb700                    Options.db_write_buffer_size: 0
2019/10/17-14:54:04.320643 7fc3a9fcb700                    Options.write_buffer_manager: 0x7fc35006eb30
2019/10/17-14:54:04.320644 7fc3a9fcb700         Options.access_hint_on_compaction_start: 1
2019/10/17-14:54:04.320645 7fc3a9fcb700  Options.new_table_reader_for_compaction_inputs: 0
2019/10/17-14:54:04.320646 7fc3a9fcb700           Options.random_access_max_buffer_size: 1048576
2019/10/17-14:54:04.320647 7fc3a9fcb700                      Options.use_adaptive_mutex: 0
2019/10/17-14:54:04.320648 7fc3a9fcb700                            Options.rate_limiter: (nil)
2019/10/17-14:54:04.320660 7fc3a9fcb700     Options.sst_file_manager.rate_bytes_per_sec: 0
2019/10/17-14:54:04.320661 7fc3a9fcb700                       Options.wal_recovery_mode: 2
2019/10/17-14:54:04.320662 7fc3a9fcb700                  Options.enable_thread_tracking: 0
2019/10/17-14:54:04.320663 7fc3a9fcb700                  Options.enable_pipelined_write: 0
2019/10/17-14:54:04.320664 7fc3a9fcb700         Options.allow_concurrent_memtable_write: 1
2019/10/17-14:54:04.320665 7fc3a9fcb700      Options.enable_write_thread_adaptive_yield: 1
2019/10/17-14:54:04.320666 7fc3a9fcb700             Options.write_thread_max_yield_usec: 100
2019/10/17-14:54:04.320667 7fc3a9fcb700            Options.write_thread_slow_yield_usec: 3
2019/10/17-14:54:04.320668 7fc3a9fcb700                               Options.row_cache: None
2019/10/17-14:54:04.320669 7fc3a9fcb700                              Options.wal_filter: None
2019/10/17-14:54:04.320671 7fc3a9fcb700             Options.avoid_flush_during_recovery: 0
2019/10/17-14:54:04.320672 7fc3a9fcb700             Options.allow_ingest_behind: 0
2019/10/17-14:54:04.320673 7fc3a9fcb700             Options.preserve_deletes: 0
2019/10/17-14:54:04.320674 7fc3a9fcb700             Options.two_write_queues: 0
2019/10/17-14:54:04.320675 7fc3a9fcb700             Options.manual_wal_flush: 0
2019/10/17-14:54:04.320676 7fc3a9fcb700             Options.max_background_jobs: 2
2019/10/17-14:54:04.320677 7fc3a9fcb700             Options.max_background_compactions: -1
2019/10/17-14:54:04.320678 7fc3a9fcb700             Options.avoid_flush_during_shutdown: 0
2019/10/17-14:54:04.320679 7fc3a9fcb700           Options.writable_file_max_buffer_size: 1048576
2019/10/17-14:54:04.320680 7fc3a9fcb700             Options.delayed_write_rate : 16777216
2019/10/17-14:54:04.320681 7fc3a9fcb700             Options.max_total_wal_size: 0
2019/10/17-14:54:04.320682 7fc3a9fcb700             Options.delete_obsolete_files_period_micros: 21600000000
2019/10/17-14:54:04.320683 7fc3a9fcb700                   Options.stats_dump_period_sec: 600
2019/10/17-14:54:04.320684 7fc3a9fcb700                          Options.max_open_files: -1
2019/10/17-14:54:04.320685 7fc3a9fcb700                          Options.bytes_per_sync: 0
2019/10/17-14:54:04.320686 7fc3a9fcb700                      Options.wal_bytes_per_sync: 0
2019/10/17-14:54:04.320687 7fc3a9fcb700       Options.compaction_readahead_size: 0
2019/10/17-14:54:04.320688 7fc3a9fcb700 Compression algorithms supported:
2019/10/17-14:54:04.320689 7fc3a9fcb700 	kZSTDNotFinalCompression supported: 0
2019/10/17-14:54:04.320691 7fc3a9fcb700 	kZSTD supported: 0
2019/10/17-14:54:04.320692 7fc3a9fcb700 	kXpressCompression supported: 0
2019/10/17-14:54:04.320693 7fc3a9fcb700 	kLZ4HCCompression supported: 0
2019/10/17-14:54:04.320694 7fc3a9fcb700 	kLZ4Compression supported: 0
2019/10/17-14:54:04.320695 7fc3a9fcb700 	kBZip2Compression supported: 0
2019/10/17-14:54:04.320696 7fc3a9fcb700 	kZlibCompression supported: 0
2019/10/17-14:54:04.320697 7fc3a9fcb700 	kSnappyCompression supported: 0
2019/10/17-14:54:04.320700 7fc3a9fcb700 Fast CRC32 supported: Supported on x86
2019/10/17-14:54:04.320819 7fc3a9fcb700 [db/version_set.cc:3507] Recovering from manifest file: MANIFEST-114631
2019/10/17-14:54:04.320862 7fc3a9fcb700 [db/column_family.cc:472] --------------- Options for column family [default]:
2019/10/17-14:54:04.320864 7fc3a9fcb700               Options.comparator: leveldb.BytewiseComparator
2019/10/17-14:54:04.320865 7fc3a9fcb700           Options.merge_operator: None
2019/10/17-14:54:04.320866 7fc3a9fcb700        Options.compaction_filter: None
2019/10/17-14:54:04.320867 7fc3a9fcb700        Options.compaction_filter_factory: None
2019/10/17-14:54:04.320868 7fc3a9fcb700         Options.memtable_factory: SkipListFactory
2019/10/17-14:54:04.320869 7fc3a9fcb700            Options.table_factory: BlockBasedTable
2019/10/17-14:54:04.320888 7fc3a9fcb700            table_factory options:   flush_block_policy_factory: FlushBlockBySizePolicyFactory (0x7fc35007bca0)
  cache_index_and_filter_blocks: 0
  cache_index_and_filter_blocks_with_high_priority: 0
  pin_l0_filter_and_index_blocks_in_cache: 0
  pin_top_level_index_and_filter: 1
  index_type: 0
  hash_index_allow_collision: 1
  checksum: 1
  no_block_cache: 0
  block_cache: 0x7fc350027b70
  block_cache_name: LRUCache
  block_cache_options:
    capacity : 8388608
    num_shard_bits : 4
    strict_capacity_limit : 0
    memory_allocator : None
    high_pri_pool_ratio: 0.000
  block_cache_compressed: (nil)
  persistent_cache: (nil)
  block_size: 4096
  block_size_deviation: 10
  block_restart_interval: 16
  index_block_restart_interval: 1
  metadata_block_size: 4096
  partition_filters: 0
  use_delta_encoding: 1
  filter_policy: nullptr
  whole_key_filtering: 1
  verify_compression: 0
  read_amp_bytes_per_bit: 0
  format_version: 2
  enable_index_compression: 1
  block_align: 0
2019/10/17-14:54:04.320900 7fc3a9fcb700        Options.write_buffer_size: 67108864
2019/10/17-14:54:04.320901 7fc3a9fcb700  Options.max_write_buffer_number: 2
2019/10/17-14:54:04.320902 7fc3a9fcb700          Options.compression: NoCompression
2019/10/17-14:54:04.320904 7fc3a9fcb700                  Options.bottommost_compression: Disabled
2019/10/17-14:54:04.320905 7fc3a9fcb700       Options.prefix_extractor: nullptr
2019/10/17-14:54:04.320906 7fc3a9fcb700   Options.memtable_insert_with_hint_prefix_extractor: nullptr
2019/10/17-14:54:04.320907 7fc3a9fcb700             Options.num_levels: 7
2019/10/17-14:54:04.320908 7fc3a9fcb700        Options.min_write_buffer_number_to_merge: 1
2019/10/17-14:54:04.320909 7fc3a9fcb700     Options.max_write_buffer_number_to_maintain: 0
2019/10/17-14:54:04.320910 7fc3a9fcb700            Options.bottommost_compression_opts.window_bits: -14
2019/10/17-14:54:04.320911 7fc3a9fcb700                  Options.bottommost_compression_opts.level: 32767
2019/10/17-14:54:04.320912 7fc3a9fcb700               Options.bottommost_compression_opts.strategy: 0
2019/10/17-14:54:04.320913 7fc3a9fcb700         Options.bottommost_compression_opts.max_dict_bytes: 0
2019/10/17-14:54:04.320914 7fc3a9fcb700         Options.bottommost_compression_opts.zstd_max_train_bytes: 0
2019/10/17-14:54:04.320915 7fc3a9fcb700                  Options.bottommost_compression_opts.enabled: false
2019/10/17-14:54:04.320916 7fc3a9fcb700            Options.compression_opts.window_bits: -14
2019/10/17-14:54:04.320917 7fc3a9fcb700                  Options.compression_opts.level: 32767
2019/10/17-14:54:04.320918 7fc3a9fcb700               Options.compression_opts.strategy: 0
2019/10/17-14:54:04.320919 7fc3a9fcb700         Options.compression_opts.max_dict_bytes: 0
2019/10/17-14:54:04.320920 7fc3a9fcb700         Options.compression_opts.zstd_max_train_bytes: 0
2019/10/17-14:54:04.320921 7fc3a9fcb700                  Options.compression_opts.enabled: false
2019/10/17-14:54:04.320922 7fc3a9fcb700      Options.level0_file_num_compaction_trigger: 4
2019/10/17-14:54:04.320923 7fc3a9fcb700          Options.level0_slowdown_writes_trigger: 20
2019/10/17-14:54:04.320924 7fc3a9fcb700              Options.level0_stop_writes_trigger: 36
2019/10/17-14:54:04.320925 7fc3a9fcb700                   Options.target_file_size_base: 67108864
2019/10/17-14:54:04.320926 7fc3a9fcb700             Options.target_file_size_multiplier: 1
2019/10/17-14:54:04.320927 7fc3a9fcb700                Options.max_bytes_for_level_base: 268435456
2019/10/17-14:54:04.320928 7fc3a9fcb700 Options.level_compaction_dynamic_level_bytes: 0
2019/10/17-14:54:04.320929 7fc3a9fcb700          Options.max_bytes_for_level_multiplier: 10.000000
2019/10/17-14:54:04.320931 7fc3a9fcb700 Options.max_bytes_for_level_multiplier_addtl[0]: 1
2019/10/17-14:54:04.320932 7fc3a9fcb700 Options.max_bytes_for_level_multiplier_addtl[1]: 1
2019/10/17-14:54:04.320934 7fc3a9fcb700 Options.max_bytes_for_level_multiplier_addtl[2]: 1
2019/10/17-14:54:04.320935 7fc3a9fcb700 Options.max_bytes_for_level_multiplier_addtl[3]: 1
2019/10/17-14:54:04.320936 7fc3a9fcb700 Options.max_bytes_for_level_multiplier_addtl[4]: 1
2019/10/17-14:54:04.320941 7fc3a9fcb700 Options.max_bytes_for_level_multiplier_addtl[5]: 1
2019/10/17-14:54:04.320943 7fc3a9fcb700 Options.max_bytes_for_level_multiplier_addtl[6]: 1
2019/10/17-14:54:04.320944 7fc3a9fcb700       Options.max_sequential_skip_in_iterations: 8
2019/10/17-14:54:04.320945 7fc3a9fcb700                    Options.max_compaction_bytes: 1677721600
2019/10/17-14:54:04.320946 7fc3a9fcb700                        Options.arena_block_size: 8388608
2019/10/17-14:54:04.320947 7fc3a9fcb700   Options.soft_pending_compaction_bytes_limit: 68719476736
2019/10/17-14:54:04.320948 7fc3a9fcb700   Options.hard_pending_compaction_bytes_limit: 274877906944
2019/10/17-14:54:04.320949 7fc3a9fcb700       Options.rate_limit_delay_max_milliseconds: 100
2019/10/17-14:54:04.320950 7fc3a9fcb700                Options.disable_auto_compactions: 0
2019/10/17-14:54:04.320952 7fc3a9fcb700                        Options.compaction_style: kCompactionStyleLevel
2019/10/17-14:54:04.320953 7fc3a9fcb700                          Options.compaction_pri: kByCompensatedSize
2019/10/17-14:54:04.320954 7fc3a9fcb700 Options.compaction_options_universal.size_ratio: 1
2019/10/17-14:54:04.320955 7fc3a9fcb700 Options.compaction_options_universal.min_merge_width: 2
2019/10/17-14:54:04.320956 7fc3a9fcb700 Options.compaction_options_universal.max_merge_width: 4294967295
2019/10/17-14:54:04.320957 7fc3a9fcb700 Options.compaction_options_universal.max_size_amplification_percent: 200
2019/10/17-14:54:04.320958 7fc3a9fcb700 Options.compaction_options_universal.compression_size_percent: -1
2019/10/17-14:54:04.320960 7fc3a9fcb700 Options.compaction_options_universal.stop_style: kCompactionStopStyleTotalSize
2019/10/17-14:54:04.320961 7fc3a9fcb700 Options.compaction_options_fifo.max_table_files_size: 1073741824
2019/10/17-14:54:04.320962 7fc3a9fcb700 Options.compaction_options_fifo.allow_compaction: 0
2019/10/17-14:54:04.320963 7fc3a9fcb700 Options.compaction_options_fifo.ttl: 0
2019/10/17-14:54:04.320964 7fc3a9fcb700                   Options.table_properties_collectors: 
2019/10/17-14:54:04.320965 7fc3a9fcb700                   Options.inplace_update_support: 0
2019/10/17-14:54:04.320966 7fc3a9fcb700                 Options.inplace_update_num_locks: 10000
2019/10/17-14:54:04.320967 7fc3a9fcb700               Options.memtable_prefix_bloom_size_ratio: 0.000000
2019/10/17-14:54:04.320969 7fc3a9fcb700   Options.memtable_huge_page_size: 0
2019/10/17-14:54:04.320970 7fc3a9fcb700                           Options.bloom_locality: 0
2019/10/17-14:54:04.320971 7fc3a9fcb700                    Options.max_successive_merges: 0
2019/10/17-14:54:04.320972 7fc3a9fcb700                Options.optimize_filters_for_hits: 0
2019/10/17-14:54:04.320973 7fc3a9fcb700                Options.paranoid_file_checks: 0
2019/10/17-14:54:04.320974 7fc3a9fcb700                Options.force_consistency_checks: 0
2019/10/17-14:54:04.320975 7fc3a9fcb700                Options.report_bg_io_stats: 0
2019/10/17-14:54:04.320975 7fc3a9fcb700                               Options.ttl: 0
2019/10/17-14:54:04.321010 7fc3a9fcb700 [db/column_family.cc:472] --------------- Options for column family [active_gateways]:
2019/10/17-14:54:04.321012 7fc3a9fcb700               Options.comparator: leveldb.BytewiseComparator
2019/10/17-14:54:04.321014 7fc3a9fcb700           Options.merge_operator: None
2019/10/17-14:54:04.321015 7fc3a9fcb700        Options.compaction_filter: None
2019/10/17-14:54:04.321016 7fc3a9fcb700        Options.compaction_filter_factory: None
2019/10/17-14:54:04.321017 7fc3a9fcb700         Options.memtable_factory: SkipListFactory
2019/10/17-14:54:04.321018 7fc3a9fcb700            Options.table_factory: BlockBasedTable
2019/10/17-14:54:04.321031 7fc3a9fcb700            table_factory options:   flush_block_policy_factory: FlushBlockBySizePolicyFactory (0x7fc350084520)
  cache_index_and_filter_blocks: 0
  cache_index_and_filter_blocks_with_high_priority: 0
  pin_l0_filter_and_index_blocks_in_cache: 0
  pin_top_level_index_and_filter: 1
  index_type: 0
  hash_index_allow_collision: 1
  checksum: 1
  no_block_cache: 0
  block_cache: 0x7fc3500dbad0
  block_cache_name: LRUCache
  block_cache_options:
    capacity : 8388608
    num_shard_bits : 4
    strict_capacity_limit : 0
    memory_allocator : None
    high_pri_pool_ratio: 0.000
  block_cache_compressed: (nil)
  persistent_cache: (nil)
  block_size: 4096
  block_size_deviation: 10
  block_restart_interval: 16
  index_block_restart_interval: 1
  metadata_block_size: 4096
  partition_filters: 0
  use_delta_encoding: 1
  filter_policy: nullptr
  whole_key_filtering: 1
  verify_compression: 0
  read_amp_bytes_per_bit: 0
  format_version: 2
  enable_index_compression: 1
  block_align: 0
2019/10/17-14:54:04.321040 7fc3a9fcb700        Options.write_buffer_size: 67108864
2019/10/17-14:54:04.321041 7fc3a9fcb700  Options.max_write_buffer_number: 2
2019/10/17-14:54:04.321042 7fc3a9fcb700          Options.compression: NoCompression
2019/10/17-14:54:04.321043 7fc3a9fcb700                  Options.bottommost_compression: Disabled
2019/10/17-14:54:04.321044 7fc3a9fcb700       Options.prefix_extractor: nullptr
2019/10/17-14:54:04.321045 7fc3a9fcb700   Options.memtable_insert_with_hint_prefix_extractor: nullptr
2019/10/17-14:54:04.321046 7fc3a9fcb700             Options.num_levels: 7
2019/10/17-14:54:04.321047 7fc3a9fcb700        Options.min_write_buffer_number_to_merge: 1
2019/10/17-14:54:04.321048 7fc3a9fcb700     Options.max_write_buffer_number_to_maintain: 0
2019/10/17-14:54:04.321049 7fc3a9fcb700            Options.bottommost_compression_opts.window_bits: -14
2019/10/17-14:54:04.321050 7fc3a9fcb700                  Options.bottommost_compression_opts.level: 32767
2019/10/17-14:54:04.321051 7fc3a9fcb700               Options.bottommost_compression_opts.strategy: 0
2019/10/17-14:54:04.321052 7fc3a9fcb700         Options.bottommost_compression_opts.max_dict_bytes: 0
2019/10/17-14:54:04.321053 7fc3a9fcb700         Options.bottommost_compression_opts.zstd_max_train_bytes: 0
2019/10/17-14:54:04.321054 7fc3a9fcb700                  Options.bottommost_compression_opts.enabled: false
2019/10/17-14:54:04.321055 7fc3a9fcb700            Options.compression_opts.window_bits: -14
2019/10/17-14:54:04.321056 7fc3a9fcb700                  Options.compression_opts.level: 32767
2019/10/17-14:54:04.321057 7fc3a9fcb700               Options.compression_opts.strategy: 0
2019/10/17-14:54:04.321058 7fc3a9fcb700         Options.compression_opts.max_dict_bytes: 0
2019/10/17-14:54:04.321059 7fc3a9fcb700         Options.compression_opts.zstd_max_train_bytes: 0
2019/10/17-14:54:04.321060 7fc3a9fcb700                  Options.compression_opts.enabled: false
2019/10/17-14:54:04.321061 7fc3a9fcb700      Options.level0_file_num_compaction_trigger: 4
2019/10/17-14:54:04.321062 7fc3a9fcb700          Options.level0_slowdown_writes_trigger: 20
2019/10/17-14:54:04.321063 7fc3a9fcb700              Options.level0_stop_writes_trigger: 36
2019/10/17-14:54:04.321064 7fc3a9fcb700                   Options.target_file_size_base: 67108864
2019/10/17-14:54:04.321065 7fc3a9fcb700             Options.target_file_size_multiplier: 1
2019/10/17-14:54:04.321066 7fc3a9fcb700                Options.max_bytes_for_level_base: 268435456
2019/10/17-14:54:04.321067 7fc3a9fcb700 Options.level_compaction_dynamic_level_bytes: 0
2019/10/17-14:54:04.321068 7fc3a9fcb700          Options.max_bytes_for_level_multiplier: 10.000000
2019/10/17-14:54:04.321070 7fc3a9fcb700 Options.max_bytes_for_level_multiplier_addtl[0]: 1
2019/10/17-14:54:04.321071 7fc3a9fcb700 Options.max_bytes_for_level_multiplier_addtl[1]: 1
2019/10/17-14:54:04.321072 7fc3a9fcb700 Options.max_bytes_for_level_multiplier_addtl[2]: 1
2019/10/17-14:54:04.321073 7fc3a9fcb700 Options.max_bytes_for_level_multiplier_addtl[3]: 1
2019/10/17-14:54:04.321074 7fc3a9fcb700 Options.max_bytes_for_level_multiplier_addtl[4]: 1
2019/10/17-14:54:04.321075 7fc3a9fcb700 Options.max_bytes_for_level_multiplier_addtl[5]: 1
2019/10/17-14:54:04.321076 7fc3a9fcb700 Options.max_bytes_for_level_multiplier_addtl[6]: 1
2019/10/17-14:54:04.321077 7fc3a9fcb700       Options.max_sequential_skip_in_iterations: 8
2019/10/17-14:54:04.321083 7fc3a9fcb700                    Options.max_compaction_bytes: 1677721600
2019/10/17-14:54:04.321084 7fc3a9fcb700                        Options.arena_block_size: 8388608
2019/10/17-14:54:04.321085 7fc3a9fcb700   Options.soft_pending_compaction_bytes_limit: 68719476736
2019/10/17-14:54:04.321086 7fc3a9fcb700   Options.hard_pending_compaction_bytes_limit: 274877906944
2019/10/17-14:54:04.321087 7fc3a9fcb700       Options.rate_limit_delay_max_milliseconds: 100
2019/10/17-14:54:04.321088 7fc3a9fcb700                Options.disable_auto_compactions: 0
2019/10/17-14:54:04.321089 7fc3a9fcb700                        Options.compaction_style: kCompactionStyleLevel
2019/10/17-14:54:04.321091 7fc3a9fcb700                          Options.compaction_pri: kByCompensatedSize
2019/10/17-14:54:04.321092 7fc3a9fcb700 Options.compaction_options_universal.size_ratio: 1
2019/10/17-14:54:04.321093 7fc3a9fcb700 Options.compaction_options_universal.min_merge_width: 2
2019/10/17-14:54:04.321094 7fc3a9fcb700 Options.compaction_options_universal.max_merge_width: 4294967295
2019/10/17-14:54:04.321095 7fc3a9fcb700 Options.compaction_options_universal.max_size_amplification_percent: 200
2019/10/17-14:54:04.321096 7fc3a9fcb700 Options.compaction_options_universal.compression_size_percent: -1
2019/10/17-14:54:04.321097 7fc3a9fcb700 Options.compaction_options_universal.stop_style: kCompactionStopStyleTotalSize
2019/10/17-14:54:04.321098 7fc3a9fcb700 Options.compaction_options_fifo.max_table_files_size: 1073741824
2019/10/17-14:54:04.321099 7fc3a9fcb700 Options.compaction_options_fifo.allow_compaction: 0
2019/10/17-14:54:04.321100 7fc3a9fcb700 Options.compaction_options_fifo.ttl: 0
2019/10/17-14:54:04.321101 7fc3a9fcb700                   Options.table_properties_collectors: 
2019/10/17-14:54:04.321102 7fc3a9fcb700                   Options.inplace_update_support: 0
2019/10/17-14:54:04.321103 7fc3a9fcb700                 Options.inplace_update_num_locks: 10000
2019/10/17-14:54:04.321104 7fc3a9fcb700               Options.memtable_prefix_bloom_size_ratio: 0.000000
2019/10/17-14:54:04.321106 7fc3a9fcb700   Options.memtable_huge_page_size: 0
2019/10/17-14:54:04.321107 7fc3a9fcb700                           Options.bloom_locality: 0
2019/10/17-14:54:04.321108 7fc3a9fcb700                    Options.max_successive_merges: 0
2019/10/17-14:54:04.321109 7fc3a9fcb700                Options.optimize_filters_for_hits: 0
2019/10/17-14:54:04.321110 7fc3a9fcb700                Options.paranoid_file_checks: 0
2019/10/17-14:54:04.321111 7fc3a9fcb700                Options.force_consistency_checks: 0
2019/10/17-14:54:04.321112 7fc3a9fcb700                Options.report_bg_io_stats: 0
2019/10/17-14:54:04.321113 7fc3a9fcb700                               Options.ttl: 0
2019/10/17-14:54:04.321133 7fc3a9fcb700 [db/column_family.cc:472] --------------- Options for column family [entries]:
2019/10/17-14:54:04.321135 7fc3a9fcb700               Options.comparator: leveldb.BytewiseComparator
2019/10/17-14:54:04.321136 7fc3a9fcb700           Options.merge_operator: None
2019/10/17-14:54:04.321137 7fc3a9fcb700        Options.compaction_filter: None
2019/10/17-14:54:04.321138 7fc3a9fcb700        Options.compaction_filter_factory: None
2019/10/17-14:54:04.321139 7fc3a9fcb700         Options.memtable_factory: SkipListFactory
2019/10/17-14:54:04.321140 7fc3a9fcb700            Options.table_factory: BlockBasedTable
2019/10/17-14:54:04.321153 7fc3a9fcb700            table_factory options:   flush_block_policy_factory: FlushBlockBySizePolicyFactory (0x7fc3500a06b0)
  cache_index_and_filter_blocks: 0
  cache_index_and_filter_blocks_with_high_priority: 0
  pin_l0_filter_and_index_blocks_in_cache: 0
  pin_top_level_index_and_filter: 1
  index_type: 0
  hash_index_allow_collision: 1
  checksum: 1
  no_block_cache: 0
  block_cache: 0x7fc3500dbcb0
  block_cache_name: LRUCache
  block_cache_options:
    capacity : 8388608
    num_shard_bits : 4
    strict_capacity_limit : 0
    memory_allocator : None
    high_pri_pool_ratio: 0.000
  block_cache_compressed: (nil)
  persistent_cache: (nil)
  block_size: 4096
  block_size_deviation: 10
  block_restart_interval: 16
  index_block_restart_interval: 1
  metadata_block_size: 4096
  partition_filters: 0
  use_delta_encoding: 1
  filter_policy: nullptr
  whole_key_filtering: 1
  verify_compression: 0
  read_amp_bytes_per_bit: 0
  format_version: 2
  enable_index_compression: 1
  block_align: 0
2019/10/17-14:54:04.321161 7fc3a9fcb700        Options.write_buffer_size: 67108864
2019/10/17-14:54:04.321162 7fc3a9fcb700  Options.max_write_buffer_number: 2
2019/10/17-14:54:04.321163 7fc3a9fcb700          Options.compression: NoCompression
2019/10/17-14:54:04.321164 7fc3a9fcb700                  Options.bottommost_compression: Disabled
2019/10/17-14:54:04.321165 7fc3a9fcb700       Options.prefix_extractor: nullptr
2019/10/17-14:54:04.321166 7fc3a9fcb700   Options.memtable_insert_with_hint_prefix_extractor: nullptr
2019/10/17-14:54:04.321167 7fc3a9fcb700             Options.num_levels: 7
2019/10/17-14:54:04.321168 7fc3a9fcb700        Options.min_write_buffer_number_to_merge: 1
2019/10/17-14:54:04.321169 7fc3a9fcb700     Options.max_write_buffer_number_to_maintain: 0
2019/10/17-14:54:04.321170 7fc3a9fcb700            Options.bottommost_compression_opts.window_bits: -14
2019/10/17-14:54:04.321171 7fc3a9fcb700                  Options.bottommost_compression_opts.level: 32767
2019/10/17-14:54:04.321172 7fc3a9fcb700               Options.bottommost_compression_opts.strategy: 0
2019/10/17-14:54:04.321173 7fc3a9fcb700         Options.bottommost_compression_opts.max_dict_bytes: 0
2019/10/17-14:54:04.321174 7fc3a9fcb700         Options.bottommost_compression_opts.zstd_max_train_bytes: 0
2019/10/17-14:54:04.321175 7fc3a9fcb700                  Options.bottommost_compression_opts.enabled: false
2019/10/17-14:54:04.321176 7fc3a9fcb700            Options.compression_opts.window_bits: -14
2019/10/17-14:54:04.321177 7fc3a9fcb700                  Options.compression_opts.level: 32767
2019/10/17-14:54:04.321178 7fc3a9fcb700               Options.compression_opts.strategy: 0
2019/10/17-14:54:04.321179 7fc3a9fcb700         Options.compression_opts.max_dict_bytes: 0
2019/10/17-14:54:04.321180 7fc3a9fcb700         Options.compression_opts.zstd_max_train_bytes: 0
2019/10/17-14:54:04.321181 7fc3a9fcb700                  Options.compression_opts.enabled: false
2019/10/17-14:54:04.321182 7fc3a9fcb700      Options.level0_file_num_compaction_trigger: 4
2019/10/17-14:54:04.321183 7fc3a9fcb700          Options.level0_slowdown_writes_trigger: 20
2019/10/17-14:54:04.321184 7fc3a9fcb700              Options.level0_stop_writes_trigger: 36
2019/10/17-14:54:04.321185 7fc3a9fcb700                   Options.target_file_size_base: 67108864
2019/10/17-14:54:04.321186 7fc3a9fcb700             Options.target_file_size_multiplier: 1
2019/10/17-14:54:04.321187 7fc3a9fcb700                Options.max_bytes_for_level_base: 268435456
2019/10/17-14:54:04.321188 7fc3a9fcb700 Options.level_compaction_dynamic_level_bytes: 0
2019/10/17-14:54:04.321189 7fc3a9fcb700          Options.max_bytes_for_level_multiplier: 10.000000
2019/10/17-14:54:04.321190 7fc3a9fcb700 Options.max_bytes_for_level_multiplier_addtl[0]: 1
2019/10/17-14:54:04.321192 7fc3a9fcb700 Options.max_bytes_for_level_multiplier_addtl[1]: 1
2019/10/17-14:54:04.321193 7fc3a9fcb700 Options.max_bytes_for_level_multiplier_addtl[2]: 1
2019/10/17-14:54:04.321194 7fc3a9fcb700 Options.max_bytes_for_level_multiplier_addtl[3]: 1
2019/10/17-14:54:04.321195 7fc3a9fcb700 Options.max_bytes_for_level_multiplier_addtl[4]: 1
2019/10/17-14:54:04.321196 7fc3a9fcb700 Options.max_bytes_for_level_multiplier_addtl[5]: 1
2019/10/17-14:54:04.321197 7fc3a9fcb700 Options.max_bytes_for_level_multiplier_addtl[6]: 1
2019/10/17-14:54:04.321198 7fc3a9fcb700       Options.max_sequential_skip_in_iterations: 8
2019/10/17-14:54:04.321199 7fc3a9fcb700                    Options.max_compaction_bytes: 1677721600
2019/10/17-14:54:04.321200 7fc3a9fcb700                        Options.arena_block_size: 8388608
2019/10/17-14:54:04.321201 7fc3a9fcb700   Options.soft_pending_compaction_bytes_limit: 68719476736
2019/10/17-14:54:04.321206 7fc3a9fcb700   Options.hard_pending_compaction_bytes_limit: 274877906944
2019/10/17-14:54:04.321207 7fc3a9fcb700       Options.rate_limit_delay_max_milliseconds: 100
2019/10/17-14:54:04.321208 7fc3a9fcb700                Options.disable_auto_compactions: 0
2019/10/17-14:54:04.321210 7fc3a9fcb700                        Options.compaction_style: kCompactionStyleLevel
2019/10/17-14:54:04.321211 7fc3a9fcb700                          Options.compaction_pri: kByCompensatedSize
2019/10/17-14:54:04.321212 7fc3a9fcb700 Options.compaction_options_universal.size_ratio: 1
2019/10/17-14:54:04.321213 7fc3a9fcb700 Options.compaction_options_universal.min_merge_width: 2
2019/10/17-14:54:04.321214 7fc3a9fcb700 Options.compaction_options_universal.max_merge_width: 4294967295
2019/10/17-14:54:04.321215 7fc3a9fcb700 Options.compaction_options_universal.max_size_amplification_percent: 200
2019/10/17-14:54:04.321216 7fc3a9fcb700 Options.compaction_options_universal.compression_size_percent: -1
2019/10/17-14:54:04.321217 7fc3a9fcb700 Options.compaction_options_universal.stop_style: kCompactionStopStyleTotalSize
2019/10/17-14:54:04.321218 7fc3a9fcb700 Options.compaction_options_fifo.max_table_files_size: 1073741824
2019/10/17-14:54:04.321219 7fc3a9fcb700 Options.compaction_options_fifo.allow_compaction: 0
2019/10/17-14:54:04.321220 7fc3a9fcb700 Options.compaction_options_fifo.ttl: 0
2019/10/17-14:54:04.321221 7fc3a9fcb700                   Options.table_properties_collectors: 
2019/10/17-14:54:04.321222 7fc3a9fcb700                   Options.inplace_update_support: 0
2019/10/17-14:54:04.321223 7fc3a9fcb700                 Options.inplace_update_num_locks: 10000
2019/10/17-14:54:04.321224 7fc3a9fcb700               Options.memtable_prefix_bloom_size_ratio: 0.000000
2019/10/17-14:54:04.321225 7fc3a9fcb700   Options.memtable_huge_page_size: 0
2019/10/17-14:54:04.321226 7fc3a9fcb700                           Options.bloom_locality: 0
2019/10/17-14:54:04.321227 7fc3a9fcb700                    Options.max_successive_merges: 0
2019/10/17-14:54:04.321228 7fc3a9fcb700                Options.optimize_filters_for_hits: 0
2019/10/17-14:54:04.321229 7fc3a9fcb700                Options.paranoid_file_checks: 0
2019/10/17-14:54:04.321230 7fc3a9fcb700                Options.force_consistency_checks: 0
2019/10/17-14:54:04.321231 7fc3a9fcb700                Options.report_bg_io_stats: 0
2019/10/17-14:54:04.321232 7fc3a9fcb700                               Options.ttl: 0
2019/10/17-14:54:04.321251 7fc3a9fcb700 [db/column_family.cc:472] --------------- Options for column family [dc_entries]:
2019/10/17-14:54:04.321252 7fc3a9fcb700               Options.comparator: leveldb.BytewiseComparator
2019/10/17-14:54:04.321253 7fc3a9fcb700           Options.merge_operator: None
2019/10/17-14:54:04.321254 7fc3a9fcb700        Options.compaction_filter: None
2019/10/17-14:54:04.321255 7fc3a9fcb700        Options.compaction_filter_factory: None
2019/10/17-14:54:04.321256 7fc3a9fcb700         Options.memtable_factory: SkipListFactory
2019/10/17-14:54:04.321257 7fc3a9fcb700            Options.table_factory: BlockBasedTable
2019/10/17-14:54:04.321270 7fc3a9fcb700            table_factory options:   flush_block_policy_factory: FlushBlockBySizePolicyFactory (0x7fc3500a7c20)
  cache_index_and_filter_blocks: 0
  cache_index_and_filter_blocks_with_high_priority: 0
  pin_l0_filter_and_index_blocks_in_cache: 0
  pin_top_level_index_and_filter: 1
  index_type: 0
  hash_index_allow_collision: 1
  checksum: 1
  no_block_cache: 0
  block_cache: 0x7fc3500448f0
  block_cache_name: LRUCache
  block_cache_options:
    capacity : 8388608
    num_shard_bits : 4
    strict_capacity_limit : 0
    memory_allocator : None
    high_pri_pool_ratio: 0.000
  block_cache_compressed: (nil)
  persistent_cache: (nil)
  block_size: 4096
  block_size_deviation: 10
  block_restart_interval: 16
  index_block_restart_interval: 1
  metadata_block_size: 4096
  partition_filters: 0
  use_delta_encoding: 1
  filter_policy: nullptr
  whole_key_filtering: 1
  verify_compression: 0
  read_amp_bytes_per_bit: 0
  format_version: 2
  enable_index_compression: 1
  block_align: 0
2019/10/17-14:54:04.321278 7fc3a9fcb700        Options.write_buffer_size: 67108864
2019/10/17-14:54:04.321279 7fc3a9fcb700  Options.max_write_buffer_number: 2
2019/10/17-14:54:04.321280 7fc3a9fcb700          Options.compression: NoCompression
2019/10/17-14:54:04.321281 7fc3a9fcb700                  Options.bottommost_compression: Disabled
2019/10/17-14:54:04.321282 7fc3a9fcb700       Options.prefix_extractor: nullptr
2019/10/17-14:54:04.321283 7fc3a9fcb700   Options.memtable_insert_with_hint_prefix_extractor: nullptr
2019/10/17-14:54:04.321284 7fc3a9fcb700             Options.num_levels: 7
2019/10/17-14:54:04.321285 7fc3a9fcb700        Options.min_write_buffer_number_to_merge: 1
2019/10/17-14:54:04.321286 7fc3a9fcb700     Options.max_write_buffer_number_to_maintain: 0
2019/10/17-14:54:04.321287 7fc3a9fcb700            Options.bottommost_compression_opts.window_bits: -14
2019/10/17-14:54:04.321288 7fc3a9fcb700                  Options.bottommost_compression_opts.level: 32767
2019/10/17-14:54:04.321289 7fc3a9fcb700               Options.bottommost_compression_opts.strategy: 0
2019/10/17-14:54:04.321290 7fc3a9fcb700         Options.bottommost_compression_opts.max_dict_bytes: 0
2019/10/17-14:54:04.321291 7fc3a9fcb700         Options.bottommost_compression_opts.zstd_max_train_bytes: 0
2019/10/17-14:54:04.321292 7fc3a9fcb700                  Options.bottommost_compression_opts.enabled: false
2019/10/17-14:54:04.321293 7fc3a9fcb700            Options.compression_opts.window_bits: -14
2019/10/17-14:54:04.321294 7fc3a9fcb700                  Options.compression_opts.level: 32767
2019/10/17-14:54:04.321295 7fc3a9fcb700               Options.compression_opts.strategy: 0
2019/10/17-14:54:04.321296 7fc3a9fcb700         Options.compression_opts.max_dict_bytes: 0
2019/10/17-14:54:04.321297 7fc3a9fcb700         Options.compression_opts.zstd_max_train_bytes: 0
2019/10/17-14:54:04.321298 7fc3a9fcb700                  Options.compression_opts.enabled: false
2019/10/17-14:54:04.321299 7fc3a9fcb700      Options.level0_file_num_compaction_trigger: 4
2019/10/17-14:54:04.321300 7fc3a9fcb700          Options.level0_slowdown_writes_trigger: 20
2019/10/17-14:54:04.321301 7fc3a9fcb700              Options.level0_stop_writes_trigger: 36
2019/10/17-14:54:04.321302 7fc3a9fcb700                   Options.target_file_size_base: 67108864
2019/10/17-14:54:04.321303 7fc3a9fcb700             Options.target_file_size_multiplier: 1
2019/10/17-14:54:04.321304 7fc3a9fcb700                Options.max_bytes_for_level_base: 268435456
2019/10/17-14:54:04.321305 7fc3a9fcb700 Options.level_compaction_dynamic_level_bytes: 0
2019/10/17-14:54:04.321306 7fc3a9fcb700          Options.max_bytes_for_level_multiplier: 10.000000
2019/10/17-14:54:04.321307 7fc3a9fcb700 Options.max_bytes_for_level_multiplier_addtl[0]: 1
2019/10/17-14:54:04.321309 7fc3a9fcb700 Options.max_bytes_for_level_multiplier_addtl[1]: 1
2019/10/17-14:54:04.321310 7fc3a9fcb700 Options.max_bytes_for_level_multiplier_addtl[2]: 1
2019/10/17-14:54:04.321311 7fc3a9fcb700 Options.max_bytes_for_level_multiplier_addtl[3]: 1
2019/10/17-14:54:04.321312 7fc3a9fcb700 Options.max_bytes_for_level_multiplier_addtl[4]: 1
2019/10/17-14:54:04.321313 7fc3a9fcb700 Options.max_bytes_for_level_multiplier_addtl[5]: 1
2019/10/17-14:54:04.321314 7fc3a9fcb700 Options.max_bytes_for_level_multiplier_addtl[6]: 1
2019/10/17-14:54:04.321315 7fc3a9fcb700       Options.max_sequential_skip_in_iterations: 8
2019/10/17-14:54:04.321315 7fc3a9fcb700                    Options.max_compaction_bytes: 1677721600
2019/10/17-14:54:04.321316 7fc3a9fcb700                        Options.arena_block_size: 8388608
2019/10/17-14:54:04.321318 7fc3a9fcb700   Options.soft_pending_compaction_bytes_limit: 68719476736
2019/10/17-14:54:04.321319 7fc3a9fcb700   Options.hard_pending_compaction_bytes_limit: 274877906944
2019/10/17-14:54:04.321320 7fc3a9fcb700       Options.rate_limit_delay_max_milliseconds: 100
2019/10/17-14:54:04.321321 7fc3a9fcb700                Options.disable_auto_compactions: 0
2019/10/17-14:54:04.321326 7fc3a9fcb700                        Options.compaction_style: kCompactionStyleLevel
2019/10/17-14:54:04.321328 7fc3a9fcb700                          Options.compaction_pri: kByCompensatedSize
2019/10/17-14:54:04.321329 7fc3a9fcb700 Options.compaction_options_universal.size_ratio: 1
2019/10/17-14:54:04.321330 7fc3a9fcb700 Options.compaction_options_universal.min_merge_width: 2
2019/10/17-14:54:04.321331 7fc3a9fcb700 Options.compaction_options_universal.max_merge_width: 4294967295
2019/10/17-14:54:04.321332 7fc3a9fcb700 Options.compaction_options_universal.max_size_amplification_percent: 200
2019/10/17-14:54:04.321333 7fc3a9fcb700 Options.compaction_options_universal.compression_size_percent: -1
2019/10/17-14:54:04.321334 7fc3a9fcb700 Options.compaction_options_universal.stop_style: kCompactionStopStyleTotalSize
2019/10/17-14:54:04.321335 7fc3a9fcb700 Options.compaction_options_fifo.max_table_files_size: 1073741824
2019/10/17-14:54:04.321336 7fc3a9fcb700 Options.compaction_options_fifo.allow_compaction: 0
2019/10/17-14:54:04.321337 7fc3a9fcb700 Options.compaction_options_fifo.ttl: 0
2019/10/17-14:54:04.321338 7fc3a9fcb700                   Options.table_properties_collectors: 
2019/10/17-14:54:04.321339 7fc3a9fcb700                   Options.inplace_update_support: 0
2019/10/17-14:54:04.321340 7fc3a9fcb700                 Options.inplace_update_num_locks: 10000
2019/10/17-14:54:04.321341 7fc3a9fcb700               Options.memtable_prefix_bloom_size_ratio: 0.000000
2019/10/17-14:54:04.321342 7fc3a9fcb700   Options.memtable_huge_page_size: 0
2019/10/17-14:54:04.321343 7fc3a9fcb700                           Options.bloom_locality: 0
2019/10/17-14:54:04.321344 7fc3a9fcb700                    Options.max_successive_merges: 0
2019/10/17-14:54:04.321345 7fc3a9fcb700                Options.optimize_filters_for_hits: 0
2019/10/17-14:54:04.321346 7fc3a9fcb700                Options.paranoid_file_checks: 0
2019/10/17-14:54:04.321347 7fc3a9fcb700                Options.force_consistency_checks: 0
2019/10/17-14:54:04.321348 7fc3a9fcb700                Options.report_bg_io_stats: 0
2019/10/17-14:54:04.321349 7fc3a9fcb700                               Options.ttl: 0
2019/10/17-14:54:04.321364 7fc3a9fcb700 [db/column_family.cc:472] --------------- Options for column family [htlcs]:
2019/10/17-14:54:04.321366 7fc3a9fcb700               Options.comparator: leveldb.BytewiseComparator
2019/10/17-14:54:04.321367 7fc3a9fcb700           Options.merge_operator: None
2019/10/17-14:54:04.321368 7fc3a9fcb700        Options.compaction_filter: None
2019/10/17-14:54:04.321369 7fc3a9fcb700        Options.compaction_filter_factory: None
2019/10/17-14:54:04.321370 7fc3a9fcb700         Options.memtable_factory: SkipListFactory
2019/10/17-14:54:04.321371 7fc3a9fcb700            Options.table_factory: BlockBasedTable
2019/10/17-14:54:04.321383 7fc3a9fcb700            table_factory options:   flush_block_policy_factory: FlushBlockBySizePolicyFactory (0x7fc350036290)
