2019/10/17-14:54:05.960041 7fc3a9fcb700 RocksDB version: 5.18.3
2019/10/17-14:54:05.960184 7fc3a9fcb700 Git sha rocksdb_build_git_sha:@0@
2019/10/17-14:54:05.960187 7fc3a9fcb700 Compile date Sep 19 2019
2019/10/17-14:54:05.960189 7fc3a9fcb700 DB SUMMARY
2019/10/17-14:54:05.961403 7fc3a9fcb700 CURRENT file:  CURRENT
2019/10/17-14:54:05.961406 7fc3a9fcb700 IDENTITY file:  IDENTITY
2019/10/17-14:54:05.961461 7fc3a9fcb700 MANIFEST file:  MANIFEST-114673 size: 4114 Bytes
2019/10/17-14:54:05.961464 7fc3a9fcb700 SST files in /home/rahul/dev/blockchain-core/eqc/ledger.db dir, Total Num: 29, files: 000624.sst 000627.sst 106940.sst 108447.sst 108450.sst 109471.sst 109483.sst 109485.sst 109486.sst 
2019/10/17-14:54:05.961465 7fc3a9fcb700 Write Ahead Log file in /home/rahul/dev/blockchain-core/eqc/ledger.db: 114674.log size: 0 ; 
2019/10/17-14:54:05.961510 7fc3a9fcb700                         Options.error_if_exists: 0
2019/10/17-14:54:05.961512 7fc3a9fcb700                       Options.create_if_missing: 1
2019/10/17-14:54:05.961513 7fc3a9fcb700                         Options.paranoid_checks: 1
2019/10/17-14:54:05.961514 7fc3a9fcb700                                     Options.env: 0x7fc32ae1fc60
2019/10/17-14:54:05.961516 7fc3a9fcb700                                Options.info_log: 0x7fc35004a830
2019/10/17-14:54:05.961517 7fc3a9fcb700                Options.max_file_opening_threads: 16
2019/10/17-14:54:05.961518 7fc3a9fcb700                              Options.statistics: (nil)
2019/10/17-14:54:05.961519 7fc3a9fcb700                               Options.use_fsync: 0
2019/10/17-14:54:05.961520 7fc3a9fcb700                       Options.max_log_file_size: 0
2019/10/17-14:54:05.961521 7fc3a9fcb700                  Options.max_manifest_file_size: 1073741824
2019/10/17-14:54:05.961522 7fc3a9fcb700                   Options.log_file_time_to_roll: 0
2019/10/17-14:54:05.961523 7fc3a9fcb700                       Options.keep_log_file_num: 1000
2019/10/17-14:54:05.961524 7fc3a9fcb700                    Options.recycle_log_file_num: 0
2019/10/17-14:54:05.961525 7fc3a9fcb700                         Options.allow_fallocate: 1
2019/10/17-14:54:05.961526 7fc3a9fcb700                        Options.allow_mmap_reads: 0
2019/10/17-14:54:05.961527 7fc3a9fcb700                       Options.allow_mmap_writes: 0
2019/10/17-14:54:05.961528 7fc3a9fcb700                        Options.use_direct_reads: 0
2019/10/17-14:54:05.961529 7fc3a9fcb700                        Options.use_direct_io_for_flush_and_compaction: 0
2019/10/17-14:54:05.961530 7fc3a9fcb700          Options.create_missing_column_families: 0
2019/10/17-14:54:05.961531 7fc3a9fcb700                              Options.db_log_dir: 
2019/10/17-14:54:05.961532 7fc3a9fcb700                                 Options.wal_dir: /home/rahul/dev/blockchain-core/eqc/ledger.db
2019/10/17-14:54:05.961534 7fc3a9fcb700                Options.table_cache_numshardbits: 6
2019/10/17-14:54:05.961534 7fc3a9fcb700                      Options.max_subcompactions: 1
2019/10/17-14:54:05.961536 7fc3a9fcb700                  Options.max_background_flushes: -1
2019/10/17-14:54:05.961537 7fc3a9fcb700                         Options.WAL_ttl_seconds: 0
2019/10/17-14:54:05.961538 7fc3a9fcb700                       Options.WAL_size_limit_MB: 0
2019/10/17-14:54:05.961539 7fc3a9fcb700             Options.manifest_preallocation_size: 4194304
2019/10/17-14:54:05.961540 7fc3a9fcb700                     Options.is_fd_close_on_exec: 1
2019/10/17-14:54:05.961541 7fc3a9fcb700                   Options.advise_random_on_open: 1
2019/10/17-14:54:05.961542 7fc3a9fcb700                    Options.db_write_buffer_size: 0
2019/10/17-14:54:05.961543 7fc3a9fcb700                    Options.write_buffer_manager: 0x7fc350071dd0
2019/10/17-14:54:05.961544 7fc3a9fcb700         Options.access_hint_on_compaction_start: 1
2019/10/17-14:54:05.961545 7fc3a9fcb700  Options.new_table_reader_for_compaction_inputs: 0
2019/10/17-14:54:05.961546 7fc3a9fcb700           Options.random_access_max_buffer_size: 1048576
2019/10/17-14:54:05.961547 7fc3a9fcb700                      Options.use_adaptive_mutex: 0
2019/10/17-14:54:05.961548 7fc3a9fcb700                            Options.rate_limiter: (nil)
2019/10/17-14:54:05.961559 7fc3a9fcb700     Options.sst_file_manager.rate_bytes_per_sec: 0
2019/10/17-14:54:05.961560 7fc3a9fcb700                       Options.wal_recovery_mode: 2
2019/10/17-14:54:05.961561 7fc3a9fcb700                  Options.enable_thread_tracking: 0
2019/10/17-14:54:05.961562 7fc3a9fcb700                  Options.enable_pipelined_write: 0
2019/10/17-14:54:05.961563 7fc3a9fcb700         Options.allow_concurrent_memtable_write: 1
2019/10/17-14:54:05.961564 7fc3a9fcb700      Options.enable_write_thread_adaptive_yield: 1
2019/10/17-14:54:05.961565 7fc3a9fcb700             Options.write_thread_max_yield_usec: 100
2019/10/17-14:54:05.961566 7fc3a9fcb700            Options.write_thread_slow_yield_usec: 3
2019/10/17-14:54:05.961567 7fc3a9fcb700                               Options.row_cache: None
2019/10/17-14:54:05.961568 7fc3a9fcb700                              Options.wal_filter: None
2019/10/17-14:54:05.961569 7fc3a9fcb700             Options.avoid_flush_during_recovery: 0
2019/10/17-14:54:05.961570 7fc3a9fcb700             Options.allow_ingest_behind: 0
2019/10/17-14:54:05.961571 7fc3a9fcb700             Options.preserve_deletes: 0
2019/10/17-14:54:05.961572 7fc3a9fcb700             Options.two_write_queues: 0
2019/10/17-14:54:05.961573 7fc3a9fcb700             Options.manual_wal_flush: 0
2019/10/17-14:54:05.961574 7fc3a9fcb700             Options.max_background_jobs: 2
2019/10/17-14:54:05.961575 7fc3a9fcb700             Options.max_background_compactions: -1
2019/10/17-14:54:05.961576 7fc3a9fcb700             Options.avoid_flush_during_shutdown: 0
2019/10/17-14:54:05.961577 7fc3a9fcb700           Options.writable_file_max_buffer_size: 1048576
2019/10/17-14:54:05.961578 7fc3a9fcb700             Options.delayed_write_rate : 16777216
2019/10/17-14:54:05.961580 7fc3a9fcb700             Options.max_total_wal_size: 0
2019/10/17-14:54:05.961581 7fc3a9fcb700             Options.delete_obsolete_files_period_micros: 21600000000
2019/10/17-14:54:05.961582 7fc3a9fcb700                   Options.stats_dump_period_sec: 600
2019/10/17-14:54:05.961583 7fc3a9fcb700                          Options.max_open_files: -1
2019/10/17-14:54:05.961584 7fc3a9fcb700                          Options.bytes_per_sync: 0
2019/10/17-14:54:05.961585 7fc3a9fcb700                      Options.wal_bytes_per_sync: 0
2019/10/17-14:54:05.961586 7fc3a9fcb700       Options.compaction_readahead_size: 0
2019/10/17-14:54:05.961587 7fc3a9fcb700 Compression algorithms supported:
2019/10/17-14:54:05.961588 7fc3a9fcb700 	kZSTDNotFinalCompression supported: 0
2019/10/17-14:54:05.961589 7fc3a9fcb700 	kZSTD supported: 0
2019/10/17-14:54:05.961590 7fc3a9fcb700 	kXpressCompression supported: 0
2019/10/17-14:54:05.961592 7fc3a9fcb700 	kLZ4HCCompression supported: 0
2019/10/17-14:54:05.961593 7fc3a9fcb700 	kLZ4Compression supported: 0
2019/10/17-14:54:05.961594 7fc3a9fcb700 	kBZip2Compression supported: 0
2019/10/17-14:54:05.961595 7fc3a9fcb700 	kZlibCompression supported: 0
2019/10/17-14:54:05.961596 7fc3a9fcb700 	kSnappyCompression supported: 0
2019/10/17-14:54:05.961598 7fc3a9fcb700 Fast CRC32 supported: Supported on x86
2019/10/17-14:54:05.961720 7fc3a9fcb700 [db/version_set.cc:3507] Recovering from manifest file: MANIFEST-114673
2019/10/17-14:54:05.961762 7fc3a9fcb700 [db/column_family.cc:472] --------------- Options for column family [default]:
2019/10/17-14:54:05.961764 7fc3a9fcb700               Options.comparator: leveldb.BytewiseComparator
2019/10/17-14:54:05.961765 7fc3a9fcb700           Options.merge_operator: None
2019/10/17-14:54:05.961766 7fc3a9fcb700        Options.compaction_filter: None
2019/10/17-14:54:05.961767 7fc3a9fcb700        Options.compaction_filter_factory: None
2019/10/17-14:54:05.961768 7fc3a9fcb700         Options.memtable_factory: SkipListFactory
2019/10/17-14:54:05.961770 7fc3a9fcb700            Options.table_factory: BlockBasedTable
2019/10/17-14:54:05.961788 7fc3a9fcb700            table_factory options:   flush_block_policy_factory: FlushBlockBySizePolicyFactory (0x7fc350068860)
  cache_index_and_filter_blocks: 0
  cache_index_and_filter_blocks_with_high_priority: 0
  pin_l0_filter_and_index_blocks_in_cache: 0
  pin_top_level_index_and_filter: 1
  index_type: 0
  hash_index_allow_collision: 1
  checksum: 1
  no_block_cache: 0
  block_cache: 0x7fc350118210
  block_cache_name: LRUCache
  block_cache_options:
    capacity : 8388608
    num_shard_bits : 4
    strict_capacity_limit : 0
    memory_allocator : None
    high_pri_pool_ratio: 0.000
  block_cache_compressed: (nil)
  persistent_cache: (nil)
  block_size: 4096
  block_size_deviation: 10
  block_restart_interval: 16
  index_block_restart_interval: 1
  metadata_block_size: 4096
  partition_filters: 0
  use_delta_encoding: 1
  filter_policy: nullptr
  whole_key_filtering: 1
  verify_compression: 0
  read_amp_bytes_per_bit: 0
  format_version: 2
  enable_index_compression: 1
  block_align: 0
2019/10/17-14:54:05.961799 7fc3a9fcb700        Options.write_buffer_size: 67108864
2019/10/17-14:54:05.961800 7fc3a9fcb700  Options.max_write_buffer_number: 2
2019/10/17-14:54:05.961802 7fc3a9fcb700          Options.compression: NoCompression
2019/10/17-14:54:05.961803 7fc3a9fcb700                  Options.bottommost_compression: Disabled
2019/10/17-14:54:05.961804 7fc3a9fcb700       Options.prefix_extractor: nullptr
2019/10/17-14:54:05.961805 7fc3a9fcb700   Options.memtable_insert_with_hint_prefix_extractor: nullptr
2019/10/17-14:54:05.961806 7fc3a9fcb700             Options.num_levels: 7
2019/10/17-14:54:05.961807 7fc3a9fcb700        Options.min_write_buffer_number_to_merge: 1
2019/10/17-14:54:05.961808 7fc3a9fcb700     Options.max_write_buffer_number_to_maintain: 0
2019/10/17-14:54:05.961809 7fc3a9fcb700            Options.bottommost_compression_opts.window_bits: -14
2019/10/17-14:54:05.961810 7fc3a9fcb700                  Options.bottommost_compression_opts.level: 32767
2019/10/17-14:54:05.961811 7fc3a9fcb700               Options.bottommost_compression_opts.strategy: 0
2019/10/17-14:54:05.961812 7fc3a9fcb700         Options.bottommost_compression_opts.max_dict_bytes: 0
2019/10/17-14:54:05.961813 7fc3a9fcb700         Options.bottommost_compression_opts.zstd_max_train_bytes: 0
2019/10/17-14:54:05.961814 7fc3a9fcb700                  Options.bottommost_compression_opts.enabled: false
2019/10/17-14:54:05.961815 7fc3a9fcb700            Options.compression_opts.window_bits: -14
2019/10/17-14:54:05.961816 7fc3a9fcb700                  Options.compression_opts.level: 32767
2019/10/17-14:54:05.961817 7fc3a9fcb700               Options.compression_opts.strategy: 0
2019/10/17-14:54:05.961818 7fc3a9fcb700         Options.compression_opts.max_dict_bytes: 0
2019/10/17-14:54:05.961819 7fc3a9fcb700         Options.compression_opts.zstd_max_train_bytes: 0
2019/10/17-14:54:05.961820 7fc3a9fcb700                  Options.compression_opts.enabled: false
2019/10/17-14:54:05.961821 7fc3a9fcb700      Options.level0_file_num_compaction_trigger: 4
2019/10/17-14:54:05.961822 7fc3a9fcb700          Options.level0_slowdown_writes_trigger: 20
2019/10/17-14:54:05.961823 7fc3a9fcb700              Options.level0_stop_writes_trigger: 36
2019/10/17-14:54:05.961824 7fc3a9fcb700                   Options.target_file_size_base: 67108864
2019/10/17-14:54:05.961825 7fc3a9fcb700             Options.target_file_size_multiplier: 1
2019/10/17-14:54:05.961826 7fc3a9fcb700                Options.max_bytes_for_level_base: 268435456
2019/10/17-14:54:05.961827 7fc3a9fcb700 Options.level_compaction_dynamic_level_bytes: 0
2019/10/17-14:54:05.961828 7fc3a9fcb700          Options.max_bytes_for_level_multiplier: 10.000000
2019/10/17-14:54:05.961831 7fc3a9fcb700 Options.max_bytes_for_level_multiplier_addtl[0]: 1
2019/10/17-14:54:05.961832 7fc3a9fcb700 Options.max_bytes_for_level_multiplier_addtl[1]: 1
2019/10/17-14:54:05.961833 7fc3a9fcb700 Options.max_bytes_for_level_multiplier_addtl[2]: 1
2019/10/17-14:54:05.961834 7fc3a9fcb700 Options.max_bytes_for_level_multiplier_addtl[3]: 1
2019/10/17-14:54:05.961835 7fc3a9fcb700 Options.max_bytes_for_level_multiplier_addtl[4]: 1
2019/10/17-14:54:05.961841 7fc3a9fcb700 Options.max_bytes_for_level_multiplier_addtl[5]: 1
2019/10/17-14:54:05.961842 7fc3a9fcb700 Options.max_bytes_for_level_multiplier_addtl[6]: 1
2019/10/17-14:54:05.961843 7fc3a9fcb700       Options.max_sequential_skip_in_iterations: 8
2019/10/17-14:54:05.961844 7fc3a9fcb700                    Options.max_compaction_bytes: 1677721600
2019/10/17-14:54:05.961845 7fc3a9fcb700                        Options.arena_block_size: 8388608
2019/10/17-14:54:05.961846 7fc3a9fcb700   Options.soft_pending_compaction_bytes_limit: 68719476736
2019/10/17-14:54:05.961847 7fc3a9fcb700   Options.hard_pending_compaction_bytes_limit: 274877906944
2019/10/17-14:54:05.961848 7fc3a9fcb700       Options.rate_limit_delay_max_milliseconds: 100
2019/10/17-14:54:05.961849 7fc3a9fcb700                Options.disable_auto_compactions: 0
2019/10/17-14:54:05.961851 7fc3a9fcb700                        Options.compaction_style: kCompactionStyleLevel
2019/10/17-14:54:05.961852 7fc3a9fcb700                          Options.compaction_pri: kByCompensatedSize
2019/10/17-14:54:05.961853 7fc3a9fcb700 Options.compaction_options_universal.size_ratio: 1
2019/10/17-14:54:05.961854 7fc3a9fcb700 Options.compaction_options_universal.min_merge_width: 2
2019/10/17-14:54:05.961855 7fc3a9fcb700 Options.compaction_options_universal.max_merge_width: 4294967295
2019/10/17-14:54:05.961856 7fc3a9fcb700 Options.compaction_options_universal.max_size_amplification_percent: 200
2019/10/17-14:54:05.961857 7fc3a9fcb700 Options.compaction_options_universal.compression_size_percent: -1
2019/10/17-14:54:05.961859 7fc3a9fcb700 Options.compaction_options_universal.stop_style: kCompactionStopStyleTotalSize
2019/10/17-14:54:05.961860 7fc3a9fcb700 Options.compaction_options_fifo.max_table_files_size: 1073741824
2019/10/17-14:54:05.961861 7fc3a9fcb700 Options.compaction_options_fifo.allow_compaction: 0
2019/10/17-14:54:05.961862 7fc3a9fcb700 Options.compaction_options_fifo.ttl: 0
2019/10/17-14:54:05.961863 7fc3a9fcb700                   Options.table_properties_collectors: 
2019/10/17-14:54:05.961864 7fc3a9fcb700                   Options.inplace_update_support: 0
2019/10/17-14:54:05.961865 7fc3a9fcb700                 Options.inplace_update_num_locks: 10000
2019/10/17-14:54:05.961866 7fc3a9fcb700               Options.memtable_prefix_bloom_size_ratio: 0.000000
2019/10/17-14:54:05.961867 7fc3a9fcb700   Options.memtable_huge_page_size: 0
2019/10/17-14:54:05.961868 7fc3a9fcb700                           Options.bloom_locality: 0
2019/10/17-14:54:05.961869 7fc3a9fcb700                    Options.max_successive_merges: 0
2019/10/17-14:54:05.961870 7fc3a9fcb700                Options.optimize_filters_for_hits: 0
2019/10/17-14:54:05.961871 7fc3a9fcb700                Options.paranoid_file_checks: 0
2019/10/17-14:54:05.961872 7fc3a9fcb700                Options.force_consistency_checks: 0
2019/10/17-14:54:05.961873 7fc3a9fcb700                Options.report_bg_io_stats: 0
2019/10/17-14:54:05.961874 7fc3a9fcb700                               Options.ttl: 0
2019/10/17-14:54:05.961908 7fc3a9fcb700 [db/column_family.cc:472] --------------- Options for column family [active_gateways]:
2019/10/17-14:54:05.961910 7fc3a9fcb700               Options.comparator: leveldb.BytewiseComparator
2019/10/17-14:54:05.961911 7fc3a9fcb700           Options.merge_operator: None
2019/10/17-14:54:05.961912 7fc3a9fcb700        Options.compaction_filter: None
2019/10/17-14:54:05.961913 7fc3a9fcb700        Options.compaction_filter_factory: None
2019/10/17-14:54:05.961914 7fc3a9fcb700         Options.memtable_factory: SkipListFactory
2019/10/17-14:54:05.961915 7fc3a9fcb700            Options.table_factory: BlockBasedTable
2019/10/17-14:54:05.961929 7fc3a9fcb700            table_factory options:   flush_block_policy_factory: FlushBlockBySizePolicyFactory (0x7fc3500a06b0)
  cache_index_and_filter_blocks: 0
  cache_index_and_filter_blocks_with_high_priority: 0
  pin_l0_filter_and_index_blocks_in_cache: 0
  pin_top_level_index_and_filter: 1
  index_type: 0
  hash_index_allow_collision: 1
  checksum: 1
  no_block_cache: 0
  block_cache: 0x7fc350004cb0
  block_cache_name: LRUCache
  block_cache_options:
    capacity : 8388608
    num_shard_bits : 4
    strict_capacity_limit : 0
    memory_allocator : None
    high_pri_pool_ratio: 0.000
  block_cache_compressed: (nil)
  persistent_cache: (nil)
  block_size: 4096
  block_size_deviation: 10
  block_restart_interval: 16
  index_block_restart_interval: 1
  metadata_block_size: 4096
  partition_filters: 0
  use_delta_encoding: 1
  filter_policy: nullptr
  whole_key_filtering: 1
  verify_compression: 0
  read_amp_bytes_per_bit: 0
  format_version: 2
  enable_index_compression: 1
  block_align: 0
2019/10/17-14:54:05.961937 7fc3a9fcb700        Options.write_buffer_size: 67108864
2019/10/17-14:54:05.961939 7fc3a9fcb700  Options.max_write_buffer_number: 2
2019/10/17-14:54:05.961940 7fc3a9fcb700          Options.compression: NoCompression
2019/10/17-14:54:05.961941 7fc3a9fcb700                  Options.bottommost_compression: Disabled
2019/10/17-14:54:05.961942 7fc3a9fcb700       Options.prefix_extractor: nullptr
2019/10/17-14:54:05.961943 7fc3a9fcb700   Options.memtable_insert_with_hint_prefix_extractor: nullptr
2019/10/17-14:54:05.961944 7fc3a9fcb700             Options.num_levels: 7
2019/10/17-14:54:05.961945 7fc3a9fcb700        Options.min_write_buffer_number_to_merge: 1
2019/10/17-14:54:05.961946 7fc3a9fcb700     Options.max_write_buffer_number_to_maintain: 0
2019/10/17-14:54:05.961947 7fc3a9fcb700            Options.bottommost_compression_opts.window_bits: -14
2019/10/17-14:54:05.961948 7fc3a9fcb700                  Options.bottommost_compression_opts.level: 32767
2019/10/17-14:54:05.961949 7fc3a9fcb700               Options.bottommost_compression_opts.strategy: 0
2019/10/17-14:54:05.961950 7fc3a9fcb700         Options.bottommost_compression_opts.max_dict_bytes: 0
2019/10/17-14:54:05.961951 7fc3a9fcb700         Options.bottommost_compression_opts.zstd_max_train_bytes: 0
2019/10/17-14:54:05.961952 7fc3a9fcb700                  Options.bottommost_compression_opts.enabled: false
2019/10/17-14:54:05.961953 7fc3a9fcb700            Options.compression_opts.window_bits: -14
2019/10/17-14:54:05.961954 7fc3a9fcb700                  Options.compression_opts.level: 32767
2019/10/17-14:54:05.961955 7fc3a9fcb700               Options.compression_opts.strategy: 0
2019/10/17-14:54:05.961956 7fc3a9fcb700         Options.compression_opts.max_dict_bytes: 0
2019/10/17-14:54:05.961957 7fc3a9fcb700         Options.compression_opts.zstd_max_train_bytes: 0
2019/10/17-14:54:05.961958 7fc3a9fcb700                  Options.compression_opts.enabled: false
2019/10/17-14:54:05.961959 7fc3a9fcb700      Options.level0_file_num_compaction_trigger: 4
2019/10/17-14:54:05.961960 7fc3a9fcb700          Options.level0_slowdown_writes_trigger: 20
2019/10/17-14:54:05.961961 7fc3a9fcb700              Options.level0_stop_writes_trigger: 36
2019/10/17-14:54:05.961962 7fc3a9fcb700                   Options.target_file_size_base: 67108864
2019/10/17-14:54:05.961963 7fc3a9fcb700             Options.target_file_size_multiplier: 1
2019/10/17-14:54:05.961964 7fc3a9fcb700                Options.max_bytes_for_level_base: 268435456
2019/10/17-14:54:05.961965 7fc3a9fcb700 Options.level_compaction_dynamic_level_bytes: 0
2019/10/17-14:54:05.961966 7fc3a9fcb700          Options.max_bytes_for_level_multiplier: 10.000000
2019/10/17-14:54:05.961968 7fc3a9fcb700 Options.max_bytes_for_level_multiplier_addtl[0]: 1
2019/10/17-14:54:05.961969 7fc3a9fcb700 Options.max_bytes_for_level_multiplier_addtl[1]: 1
2019/10/17-14:54:05.961970 7fc3a9fcb700 Options.max_bytes_for_level_multiplier_addtl[2]: 1
2019/10/17-14:54:05.961971 7fc3a9fcb700 Options.max_bytes_for_level_multiplier_addtl[3]: 1
2019/10/17-14:54:05.961972 7fc3a9fcb700 Options.max_bytes_for_level_multiplier_addtl[4]: 1
2019/10/17-14:54:05.961973 7fc3a9fcb700 Options.max_bytes_for_level_multiplier_addtl[5]: 1
2019/10/17-14:54:05.961974 7fc3a9fcb700 Options.max_bytes_for_level_multiplier_addtl[6]: 1
2019/10/17-14:54:05.961975 7fc3a9fcb700       Options.max_sequential_skip_in_iterations: 8
2019/10/17-14:54:05.961980 7fc3a9fcb700                    Options.max_compaction_bytes: 1677721600
2019/10/17-14:54:05.961982 7fc3a9fcb700                        Options.arena_block_size: 8388608
2019/10/17-14:54:05.961983 7fc3a9fcb700   Options.soft_pending_compaction_bytes_limit: 68719476736
2019/10/17-14:54:05.961984 7fc3a9fcb700   Options.hard_pending_compaction_bytes_limit: 274877906944
2019/10/17-14:54:05.961985 7fc3a9fcb700       Options.rate_limit_delay_max_milliseconds: 100
2019/10/17-14:54:05.961986 7fc3a9fcb700                Options.disable_auto_compactions: 0
2019/10/17-14:54:05.961987 7fc3a9fcb700                        Options.compaction_style: kCompactionStyleLevel
2019/10/17-14:54:05.961988 7fc3a9fcb700                          Options.compaction_pri: kByCompensatedSize
2019/10/17-14:54:05.961989 7fc3a9fcb700 Options.compaction_options_universal.size_ratio: 1
2019/10/17-14:54:05.961990 7fc3a9fcb700 Options.compaction_options_universal.min_merge_width: 2
2019/10/17-14:54:05.961991 7fc3a9fcb700 Options.compaction_options_universal.max_merge_width: 4294967295
2019/10/17-14:54:05.961992 7fc3a9fcb700 Options.compaction_options_universal.max_size_amplification_percent: 200
2019/10/17-14:54:05.961993 7fc3a9fcb700 Options.compaction_options_universal.compression_size_percent: -1
2019/10/17-14:54:05.961994 7fc3a9fcb700 Options.compaction_options_universal.stop_style: kCompactionStopStyleTotalSize
2019/10/17-14:54:05.961995 7fc3a9fcb700 Options.compaction_options_fifo.max_table_files_size: 1073741824
2019/10/17-14:54:05.961996 7fc3a9fcb700 Options.compaction_options_fifo.allow_compaction: 0
2019/10/17-14:54:05.961997 7fc3a9fcb700 Options.compaction_options_fifo.ttl: 0
2019/10/17-14:54:05.961998 7fc3a9fcb700                   Options.table_properties_collectors: 
2019/10/17-14:54:05.961999 7fc3a9fcb700                   Options.inplace_update_support: 0
2019/10/17-14:54:05.962000 7fc3a9fcb700                 Options.inplace_update_num_locks: 10000
2019/10/17-14:54:05.962001 7fc3a9fcb700               Options.memtable_prefix_bloom_size_ratio: 0.000000
2019/10/17-14:54:05.962003 7fc3a9fcb700   Options.memtable_huge_page_size: 0
2019/10/17-14:54:05.962004 7fc3a9fcb700                           Options.bloom_locality: 0
2019/10/17-14:54:05.962005 7fc3a9fcb700                    Options.max_successive_merges: 0
2019/10/17-14:54:05.962006 7fc3a9fcb700                Options.optimize_filters_for_hits: 0
2019/10/17-14:54:05.962007 7fc3a9fcb700                Options.paranoid_file_checks: 0
2019/10/17-14:54:05.962008 7fc3a9fcb700                Options.force_consistency_checks: 0
2019/10/17-14:54:05.962009 7fc3a9fcb700                Options.report_bg_io_stats: 0
2019/10/17-14:54:05.962010 7fc3a9fcb700                               Options.ttl: 0
2019/10/17-14:54:05.962030 7fc3a9fcb700 [db/column_family.cc:472] --------------- Options for column family [entries]:
2019/10/17-14:54:05.962032 7fc3a9fcb700               Options.comparator: leveldb.BytewiseComparator
2019/10/17-14:54:05.962033 7fc3a9fcb700           Options.merge_operator: None
2019/10/17-14:54:05.962034 7fc3a9fcb700        Options.compaction_filter: None
2019/10/17-14:54:05.962035 7fc3a9fcb700        Options.compaction_filter_factory: None
2019/10/17-14:54:05.962036 7fc3a9fcb700         Options.memtable_factory: SkipListFactory
2019/10/17-14:54:05.962037 7fc3a9fcb700            Options.table_factory: BlockBasedTable
2019/10/17-14:54:05.962049 7fc3a9fcb700            table_factory options:   flush_block_policy_factory: FlushBlockBySizePolicyFactory (0x7fc3500895e0)
  cache_index_and_filter_blocks: 0
  cache_index_and_filter_blocks_with_high_priority: 0
  pin_l0_filter_and_index_blocks_in_cache: 0
  pin_top_level_index_and_filter: 1
  index_type: 0
  hash_index_allow_collision: 1
  checksum: 1
  no_block_cache: 0
  block_cache: 0x7fc3500926f0
  block_cache_name: LRUCache
  block_cache_options:
    capacity : 8388608
    num_shard_bits : 4
    strict_capacity_limit : 0
    memory_allocator : None
    high_pri_pool_ratio: 0.000
  block_cache_compressed: (nil)
  persistent_cache: (nil)
  block_size: 4096
  block_size_deviation: 10
  block_restart_interval: 16
  index_block_restart_interval: 1
  metadata_block_size: 4096
  partition_filters: 0
  use_delta_encoding: 1
  filter_policy: nullptr
  whole_key_filtering: 1
  verify_compression: 0
  read_amp_bytes_per_bit: 0
  format_version: 2
  enable_index_compression: 1
  block_align: 0
2019/10/17-14:54:05.962058 7fc3a9fcb700        Options.write_buffer_size: 67108864
2019/10/17-14:54:05.962059 7fc3a9fcb700  Options.max_write_buffer_number: 2
2019/10/17-14:54:05.962060 7fc3a9fcb700          Options.compression: NoCompression
2019/10/17-14:54:05.962061 7fc3a9fcb700                  Options.bottommost_compression: Disabled
2019/10/17-14:54:05.962062 7fc3a9fcb700       Options.prefix_extractor: nullptr
2019/10/17-14:54:05.962063 7fc3a9fcb700   Options.memtable_insert_with_hint_prefix_extractor: nullptr
2019/10/17-14:54:05.962064 7fc3a9fcb700             Options.num_levels: 7
2019/10/17-14:54:05.962065 7fc3a9fcb700        Options.min_write_buffer_number_to_merge: 1
2019/10/17-14:54:05.962066 7fc3a9fcb700     Options.max_write_buffer_number_to_maintain: 0
2019/10/17-14:54:05.962067 7fc3a9fcb700            Options.bottommost_compression_opts.window_bits: -14
2019/10/17-14:54:05.962068 7fc3a9fcb700                  Options.bottommost_compression_opts.level: 32767
2019/10/17-14:54:05.962069 7fc3a9fcb700               Options.bottommost_compression_opts.strategy: 0
2019/10/17-14:54:05.962070 7fc3a9fcb700         Options.bottommost_compression_opts.max_dict_bytes: 0
2019/10/17-14:54:05.962071 7fc3a9fcb700         Options.bottommost_compression_opts.zstd_max_train_bytes: 0
2019/10/17-14:54:05.962072 7fc3a9fcb700                  Options.bottommost_compression_opts.enabled: false
2019/10/17-14:54:05.962073 7fc3a9fcb700            Options.compression_opts.window_bits: -14
2019/10/17-14:54:05.962074 7fc3a9fcb700                  Options.compression_opts.level: 32767
2019/10/17-14:54:05.962075 7fc3a9fcb700               Options.compression_opts.strategy: 0
2019/10/17-14:54:05.962076 7fc3a9fcb700         Options.compression_opts.max_dict_bytes: 0
2019/10/17-14:54:05.962077 7fc3a9fcb700         Options.compression_opts.zstd_max_train_bytes: 0
2019/10/17-14:54:05.962078 7fc3a9fcb700                  Options.compression_opts.enabled: false
2019/10/17-14:54:05.962079 7fc3a9fcb700      Options.level0_file_num_compaction_trigger: 4
2019/10/17-14:54:05.962080 7fc3a9fcb700          Options.level0_slowdown_writes_trigger: 20
2019/10/17-14:54:05.962081 7fc3a9fcb700              Options.level0_stop_writes_trigger: 36
2019/10/17-14:54:05.962081 7fc3a9fcb700                   Options.target_file_size_base: 67108864
2019/10/17-14:54:05.962082 7fc3a9fcb700             Options.target_file_size_multiplier: 1
2019/10/17-14:54:05.962083 7fc3a9fcb700                Options.max_bytes_for_level_base: 268435456
2019/10/17-14:54:05.962084 7fc3a9fcb700 Options.level_compaction_dynamic_level_bytes: 0
2019/10/17-14:54:05.962085 7fc3a9fcb700          Options.max_bytes_for_level_multiplier: 10.000000
2019/10/17-14:54:05.962087 7fc3a9fcb700 Options.max_bytes_for_level_multiplier_addtl[0]: 1
2019/10/17-14:54:05.962088 7fc3a9fcb700 Options.max_bytes_for_level_multiplier_addtl[1]: 1
2019/10/17-14:54:05.962089 7fc3a9fcb700 Options.max_bytes_for_level_multiplier_addtl[2]: 1
2019/10/17-14:54:05.962090 7fc3a9fcb700 Options.max_bytes_for_level_multiplier_addtl[3]: 1
2019/10/17-14:54:05.962091 7fc3a9fcb700 Options.max_bytes_for_level_multiplier_addtl[4]: 1
2019/10/17-14:54:05.962092 7fc3a9fcb700 Options.max_bytes_for_level_multiplier_addtl[5]: 1
2019/10/17-14:54:05.962093 7fc3a9fcb700 Options.max_bytes_for_level_multiplier_addtl[6]: 1
2019/10/17-14:54:05.962094 7fc3a9fcb700       Options.max_sequential_skip_in_iterations: 8
2019/10/17-14:54:05.962095 7fc3a9fcb700                    Options.max_compaction_bytes: 1677721600
2019/10/17-14:54:05.962096 7fc3a9fcb700                        Options.arena_block_size: 8388608
2019/10/17-14:54:05.962097 7fc3a9fcb700   Options.soft_pending_compaction_bytes_limit: 68719476736
2019/10/17-14:54:05.962103 7fc3a9fcb700   Options.hard_pending_compaction_bytes_limit: 274877906944
2019/10/17-14:54:05.962104 7fc3a9fcb700       Options.rate_limit_delay_max_milliseconds: 100
2019/10/17-14:54:05.962105 7fc3a9fcb700                Options.disable_auto_compactions: 0
2019/10/17-14:54:05.962106 7fc3a9fcb700                        Options.compaction_style: kCompactionStyleLevel
2019/10/17-14:54:05.962107 7fc3a9fcb700                          Options.compaction_pri: kByCompensatedSize
2019/10/17-14:54:05.962108 7fc3a9fcb700 Options.compaction_options_universal.size_ratio: 1
2019/10/17-14:54:05.962109 7fc3a9fcb700 Options.compaction_options_universal.min_merge_width: 2
2019/10/17-14:54:05.962110 7fc3a9fcb700 Options.compaction_options_universal.max_merge_width: 4294967295
2019/10/17-14:54:05.962111 7fc3a9fcb700 Options.compaction_options_universal.max_size_amplification_percent: 200
2019/10/17-14:54:05.962112 7fc3a9fcb700 Options.compaction_options_universal.compression_size_percent: -1
2019/10/17-14:54:05.962114 7fc3a9fcb700 Options.compaction_options_universal.stop_style: kCompactionStopStyleTotalSize
2019/10/17-14:54:05.962115 7fc3a9fcb700 Options.compaction_options_fifo.max_table_files_size: 1073741824
2019/10/17-14:54:05.962116 7fc3a9fcb700 Options.compaction_options_fifo.allow_compaction: 0
2019/10/17-14:54:05.962117 7fc3a9fcb700 Options.compaction_options_fifo.ttl: 0
2019/10/17-14:54:05.962118 7fc3a9fcb700                   Options.table_properties_collectors: 
2019/10/17-14:54:05.962119 7fc3a9fcb700                   Options.inplace_update_support: 0
2019/10/17-14:54:05.962120 7fc3a9fcb700                 Options.inplace_update_num_locks: 10000
2019/10/17-14:54:05.962121 7fc3a9fcb700               Options.memtable_prefix_bloom_size_ratio: 0.000000
2019/10/17-14:54:05.962122 7fc3a9fcb700   Options.memtable_huge_page_size: 0
2019/10/17-14:54:05.962123 7fc3a9fcb700                           Options.bloom_locality: 0
2019/10/17-14:54:05.962124 7fc3a9fcb700                    Options.max_successive_merges: 0
2019/10/17-14:54:05.962125 7fc3a9fcb700                Options.optimize_filters_for_hits: 0
2019/10/17-14:54:05.962126 7fc3a9fcb700                Options.paranoid_file_checks: 0
2019/10/17-14:54:05.962127 7fc3a9fcb700                Options.force_consistency_checks: 0
2019/10/17-14:54:05.962128 7fc3a9fcb700                Options.report_bg_io_stats: 0
2019/10/17-14:54:05.962129 7fc3a9fcb700                               Options.ttl: 0
2019/10/17-14:54:05.962148 7fc3a9fcb700 [db/column_family.cc:472] --------------- Options for column family [dc_entries]:
2019/10/17-14:54:05.962149 7fc3a9fcb700               Options.comparator: leveldb.BytewiseComparator
2019/10/17-14:54:05.962150 7fc3a9fcb700           Options.merge_operator: None
2019/10/17-14:54:05.962151 7fc3a9fcb700        Options.compaction_filter: None
2019/10/17-14:54:05.962152 7fc3a9fcb700        Options.compaction_filter_factory: None
2019/10/17-14:54:05.962153 7fc3a9fcb700         Options.memtable_factory: SkipListFactory
2019/10/17-14:54:05.962154 7fc3a9fcb700            Options.table_factory: BlockBasedTable
2019/10/17-14:54:05.962167 7fc3a9fcb700            table_factory options:   flush_block_policy_factory: FlushBlockBySizePolicyFactory (0x7fc35007d640)
  cache_index_and_filter_blocks: 0
  cache_index_and_filter_blocks_with_high_priority: 0
  pin_l0_filter_and_index_blocks_in_cache: 0
  pin_top_level_index_and_filter: 1
  index_type: 0
  hash_index_allow_collision: 1
  checksum: 1
  no_block_cache: 0
  block_cache: 0x7fc350044860
  block_cache_name: LRUCache
  block_cache_options:
    capacity : 8388608
    num_shard_bits : 4
    strict_capacity_limit : 0
    memory_allocator : None
    high_pri_pool_ratio: 0.000
  block_cache_compressed: (nil)
  persistent_cache: (nil)
  block_size: 4096
  block_size_deviation: 10
  block_restart_interval: 16
  index_block_restart_interval: 1
  metadata_block_size: 4096
  partition_filters: 0
  use_delta_encoding: 1
  filter_policy: nullptr
  whole_key_filtering: 1
  verify_compression: 0
  read_amp_bytes_per_bit: 0
  format_version: 2
  enable_index_compression: 1
  block_align: 0
2019/10/17-14:54:05.962174 7fc3a9fcb700        Options.write_buffer_size: 67108864
2019/10/17-14:54:05.962175 7fc3a9fcb700  Options.max_write_buffer_number: 2
2019/10/17-14:54:05.962176 7fc3a9fcb700          Options.compression: NoCompression
2019/10/17-14:54:05.962178 7fc3a9fcb700                  Options.bottommost_compression: Disabled
2019/10/17-14:54:05.962179 7fc3a9fcb700       Options.prefix_extractor: nullptr
2019/10/17-14:54:05.962180 7fc3a9fcb700   Options.memtable_insert_with_hint_prefix_extractor: nullptr
2019/10/17-14:54:05.962180 7fc3a9fcb700             Options.num_levels: 7
2019/10/17-14:54:05.962181 7fc3a9fcb700        Options.min_write_buffer_number_to_merge: 1
2019/10/17-14:54:05.962182 7fc3a9fcb700     Options.max_write_buffer_number_to_maintain: 0
2019/10/17-14:54:05.962183 7fc3a9fcb700            Options.bottommost_compression_opts.window_bits: -14
2019/10/17-14:54:05.962184 7fc3a9fcb700                  Options.bottommost_compression_opts.level: 32767
2019/10/17-14:54:05.962185 7fc3a9fcb700               Options.bottommost_compression_opts.strategy: 0
2019/10/17-14:54:05.962186 7fc3a9fcb700         Options.bottommost_compression_opts.max_dict_bytes: 0
2019/10/17-14:54:05.962187 7fc3a9fcb700         Options.bottommost_compression_opts.zstd_max_train_bytes: 0
2019/10/17-14:54:05.962188 7fc3a9fcb700                  Options.bottommost_compression_opts.enabled: false
2019/10/17-14:54:05.962189 7fc3a9fcb700            Options.compression_opts.window_bits: -14
2019/10/17-14:54:05.962190 7fc3a9fcb700                  Options.compression_opts.level: 32767
2019/10/17-14:54:05.962191 7fc3a9fcb700               Options.compression_opts.strategy: 0
2019/10/17-14:54:05.962192 7fc3a9fcb700         Options.compression_opts.max_dict_bytes: 0
2019/10/17-14:54:05.962193 7fc3a9fcb700         Options.compression_opts.zstd_max_train_bytes: 0
2019/10/17-14:54:05.962194 7fc3a9fcb700                  Options.compression_opts.enabled: false
2019/10/17-14:54:05.962195 7fc3a9fcb700      Options.level0_file_num_compaction_trigger: 4
2019/10/17-14:54:05.962196 7fc3a9fcb700          Options.level0_slowdown_writes_trigger: 20
2019/10/17-14:54:05.962197 7fc3a9fcb700              Options.level0_stop_writes_trigger: 36
2019/10/17-14:54:05.962198 7fc3a9fcb700                   Options.target_file_size_base: 67108864
2019/10/17-14:54:05.962199 7fc3a9fcb700             Options.target_file_size_multiplier: 1
2019/10/17-14:54:05.962200 7fc3a9fcb700                Options.max_bytes_for_level_base: 268435456
2019/10/17-14:54:05.962201 7fc3a9fcb700 Options.level_compaction_dynamic_level_bytes: 0
2019/10/17-14:54:05.962202 7fc3a9fcb700          Options.max_bytes_for_level_multiplier: 10.000000
2019/10/17-14:54:05.962204 7fc3a9fcb700 Options.max_bytes_for_level_multiplier_addtl[0]: 1
2019/10/17-14:54:05.962205 7fc3a9fcb700 Options.max_bytes_for_level_multiplier_addtl[1]: 1
2019/10/17-14:54:05.962206 7fc3a9fcb700 Options.max_bytes_for_level_multiplier_addtl[2]: 1
2019/10/17-14:54:05.962207 7fc3a9fcb700 Options.max_bytes_for_level_multiplier_addtl[3]: 1
2019/10/17-14:54:05.962208 7fc3a9fcb700 Options.max_bytes_for_level_multiplier_addtl[4]: 1
2019/10/17-14:54:05.962209 7fc3a9fcb700 Options.max_bytes_for_level_multiplier_addtl[5]: 1
2019/10/17-14:54:05.962210 7fc3a9fcb700 Options.max_bytes_for_level_multiplier_addtl[6]: 1
2019/10/17-14:54:05.962211 7fc3a9fcb700       Options.max_sequential_skip_in_iterations: 8
2019/10/17-14:54:05.962212 7fc3a9fcb700                    Options.max_compaction_bytes: 1677721600
2019/10/17-14:54:05.962213 7fc3a9fcb700                        Options.arena_block_size: 8388608
2019/10/17-14:54:05.962214 7fc3a9fcb700   Options.soft_pending_compaction_bytes_limit: 68719476736
2019/10/17-14:54:05.962215 7fc3a9fcb700   Options.hard_pending_compaction_bytes_limit: 274877906944
2019/10/17-14:54:05.962216 7fc3a9fcb700       Options.rate_limit_delay_max_milliseconds: 100
2019/10/17-14:54:05.962217 7fc3a9fcb700                Options.disable_auto_compactions: 0
2019/10/17-14:54:05.962222 7fc3a9fcb700                        Options.compaction_style: kCompactionStyleLevel
2019/10/17-14:54:05.962224 7fc3a9fcb700                          Options.compaction_pri: kByCompensatedSize
2019/10/17-14:54:05.962225 7fc3a9fcb700 Options.compaction_options_universal.size_ratio: 1
2019/10/17-14:54:05.962226 7fc3a9fcb700 Options.compaction_options_universal.min_merge_width: 2
2019/10/17-14:54:05.962227 7fc3a9fcb700 Options.compaction_options_universal.max_merge_width: 4294967295
2019/10/17-14:54:05.962228 7fc3a9fcb700 Options.compaction_options_universal.max_size_amplification_percent: 200
2019/10/17-14:54:05.962229 7fc3a9fcb700 Options.compaction_options_universal.compression_size_percent: -1
2019/10/17-14:54:05.962230 7fc3a9fcb700 Options.compaction_options_universal.stop_style: kCompactionStopStyleTotalSize
2019/10/17-14:54:05.962231 7fc3a9fcb700 Options.compaction_options_fifo.max_table_files_size: 1073741824
2019/10/17-14:54:05.962232 7fc3a9fcb700 Options.compaction_options_fifo.allow_compaction: 0
2019/10/17-14:54:05.962233 7fc3a9fcb700 Options.compaction_options_fifo.ttl: 0
2019/10/17-14:54:05.962234 7fc3a9fcb700                   Options.table_properties_collectors: 
2019/10/17-14:54:05.962235 7fc3a9fcb700                   Options.inplace_update_support: 0
2019/10/17-14:54:05.962236 7fc3a9fcb700                 Options.inplace_update_num_locks: 10000
2019/10/17-14:54:05.962237 7fc3a9fcb700               Options.memtable_prefix_bloom_size_ratio: 0.000000
2019/10/17-14:54:05.962238 7fc3a9fcb700   Options.memtable_huge_page_size: 0
2019/10/17-14:54:05.962239 7fc3a9fcb700                           Options.bloom_locality: 0
2019/10/17-14:54:05.962240 7fc3a9fcb700                    Options.max_successive_merges: 0
2019/10/17-14:54:05.962241 7fc3a9fcb700                Options.optimize_filters_for_hits: 0
2019/10/17-14:54:05.962242 7fc3a9fcb700                Options.paranoid_file_checks: 0
2019/10/17-14:54:05.962243 7fc3a9fcb700                Options.force_consistency_checks: 0
2019/10/17-14:54:05.962244 7fc3a9fcb700                Options.report_bg_io_stats: 0
2019/10/17-14:54:05.962245 7fc3a9fcb700                               Options.ttl: 0
2019/10/17-14:54:05.962261 7fc3a9fcb700 [db/column_family.cc:472] --------------- Options for column family [htlcs]:
2019/10/17-14:54:05.962262 7fc3a9fcb700               Options.comparator: leveldb.BytewiseComparator
2019/10/17-14:54:05.962263 7fc3a9fcb700           Options.merge_operator: None
2019/10/17-14:54:05.962265 7fc3a9fcb700        Options.compaction_filter: None
2019/10/17-14:54:05.962266 7fc3a9fcb700        Options.compaction_filter_factory: None
2019/10/17-14:54:05.962266 7fc3a9fcb700         Options.memtable_factory: SkipListFactory
2019/10/17-14:54:05.962267 7fc3a9fcb700            Options.table_factory: BlockBasedTable
2019/10/17-14:54:05.962279 7fc3a9fcb700            table_factory options:   flush_block_policy_factory: FlushBlockBySizePolicyFactory (0x7fc350089850)
