2019/10/17-14:56:04.510187 7fbc2cd30700 RocksDB version: 5.18.3
2019/10/17-14:56:04.510218 7fbc2cd30700 Git sha rocksdb_build_git_sha:@0@
2019/10/17-14:56:04.510219 7fbc2cd30700 Compile date Sep 19 2019
2019/10/17-14:56:04.510221 7fbc2cd30700 DB SUMMARY
2019/10/17-14:56:04.510870 7fbc2cd30700 CURRENT file:  CURRENT
2019/10/17-14:56:04.510872 7fbc2cd30700 IDENTITY file:  IDENTITY
2019/10/17-14:56:04.510899 7fbc2cd30700 MANIFEST file:  MANIFEST-116743 size: 4114 Bytes
2019/10/17-14:56:04.510901 7fbc2cd30700 SST files in /home/rahul/dev/blockchain-core/eqc/ledger.db dir, Total Num: 29, files: 000624.sst 000627.sst 106940.sst 108447.sst 108450.sst 109471.sst 109483.sst 109485.sst 109486.sst 
2019/10/17-14:56:04.510902 7fbc2cd30700 Write Ahead Log file in /home/rahul/dev/blockchain-core/eqc/ledger.db: 116744.log size: 0 ; 
2019/10/17-14:56:04.510933 7fbc2cd30700                         Options.error_if_exists: 0
2019/10/17-14:56:04.510934 7fbc2cd30700                       Options.create_if_missing: 1
2019/10/17-14:56:04.510935 7fbc2cd30700                         Options.paranoid_checks: 1
2019/10/17-14:56:04.510935 7fbc2cd30700                                     Options.env: 0x7fbbafa7bc60
2019/10/17-14:56:04.510936 7fbc2cd30700                                Options.info_log: 0x7fbbb80e0500
2019/10/17-14:56:04.510937 7fbc2cd30700                Options.max_file_opening_threads: 16
2019/10/17-14:56:04.510938 7fbc2cd30700                              Options.statistics: (nil)
2019/10/17-14:56:04.510939 7fbc2cd30700                               Options.use_fsync: 0
2019/10/17-14:56:04.510939 7fbc2cd30700                       Options.max_log_file_size: 0
2019/10/17-14:56:04.510940 7fbc2cd30700                  Options.max_manifest_file_size: 1073741824
2019/10/17-14:56:04.510941 7fbc2cd30700                   Options.log_file_time_to_roll: 0
2019/10/17-14:56:04.510942 7fbc2cd30700                       Options.keep_log_file_num: 1000
2019/10/17-14:56:04.510942 7fbc2cd30700                    Options.recycle_log_file_num: 0
2019/10/17-14:56:04.510943 7fbc2cd30700                         Options.allow_fallocate: 1
2019/10/17-14:56:04.510944 7fbc2cd30700                        Options.allow_mmap_reads: 0
2019/10/17-14:56:04.510945 7fbc2cd30700                       Options.allow_mmap_writes: 0
2019/10/17-14:56:04.510945 7fbc2cd30700                        Options.use_direct_reads: 0
2019/10/17-14:56:04.510946 7fbc2cd30700                        Options.use_direct_io_for_flush_and_compaction: 0
2019/10/17-14:56:04.510947 7fbc2cd30700          Options.create_missing_column_families: 0
2019/10/17-14:56:04.510947 7fbc2cd30700                              Options.db_log_dir: 
2019/10/17-14:56:04.510948 7fbc2cd30700                                 Options.wal_dir: /home/rahul/dev/blockchain-core/eqc/ledger.db
2019/10/17-14:56:04.510949 7fbc2cd30700                Options.table_cache_numshardbits: 6
2019/10/17-14:56:04.510949 7fbc2cd30700                      Options.max_subcompactions: 1
2019/10/17-14:56:04.510950 7fbc2cd30700                  Options.max_background_flushes: -1
2019/10/17-14:56:04.510951 7fbc2cd30700                         Options.WAL_ttl_seconds: 0
2019/10/17-14:56:04.510952 7fbc2cd30700                       Options.WAL_size_limit_MB: 0
2019/10/17-14:56:04.510952 7fbc2cd30700             Options.manifest_preallocation_size: 4194304
2019/10/17-14:56:04.510953 7fbc2cd30700                     Options.is_fd_close_on_exec: 1
2019/10/17-14:56:04.510954 7fbc2cd30700                   Options.advise_random_on_open: 1
2019/10/17-14:56:04.510954 7fbc2cd30700                    Options.db_write_buffer_size: 0
2019/10/17-14:56:04.510955 7fbc2cd30700                    Options.write_buffer_manager: 0x7fbbb8036800
2019/10/17-14:56:04.510956 7fbc2cd30700         Options.access_hint_on_compaction_start: 1
2019/10/17-14:56:04.510956 7fbc2cd30700  Options.new_table_reader_for_compaction_inputs: 0
2019/10/17-14:56:04.510957 7fbc2cd30700           Options.random_access_max_buffer_size: 1048576
2019/10/17-14:56:04.510958 7fbc2cd30700                      Options.use_adaptive_mutex: 0
2019/10/17-14:56:04.510959 7fbc2cd30700                            Options.rate_limiter: (nil)
2019/10/17-14:56:04.510967 7fbc2cd30700     Options.sst_file_manager.rate_bytes_per_sec: 0
2019/10/17-14:56:04.510968 7fbc2cd30700                       Options.wal_recovery_mode: 2
2019/10/17-14:56:04.510969 7fbc2cd30700                  Options.enable_thread_tracking: 0
2019/10/17-14:56:04.510969 7fbc2cd30700                  Options.enable_pipelined_write: 0
2019/10/17-14:56:04.510970 7fbc2cd30700         Options.allow_concurrent_memtable_write: 1
2019/10/17-14:56:04.510971 7fbc2cd30700      Options.enable_write_thread_adaptive_yield: 1
2019/10/17-14:56:04.510971 7fbc2cd30700             Options.write_thread_max_yield_usec: 100
2019/10/17-14:56:04.510972 7fbc2cd30700            Options.write_thread_slow_yield_usec: 3
2019/10/17-14:56:04.510973 7fbc2cd30700                               Options.row_cache: None
2019/10/17-14:56:04.510974 7fbc2cd30700                              Options.wal_filter: None
2019/10/17-14:56:04.510974 7fbc2cd30700             Options.avoid_flush_during_recovery: 0
2019/10/17-14:56:04.510975 7fbc2cd30700             Options.allow_ingest_behind: 0
2019/10/17-14:56:04.510976 7fbc2cd30700             Options.preserve_deletes: 0
2019/10/17-14:56:04.510977 7fbc2cd30700             Options.two_write_queues: 0
2019/10/17-14:56:04.510977 7fbc2cd30700             Options.manual_wal_flush: 0
2019/10/17-14:56:04.510978 7fbc2cd30700             Options.max_background_jobs: 2
2019/10/17-14:56:04.510979 7fbc2cd30700             Options.max_background_compactions: -1
2019/10/17-14:56:04.510979 7fbc2cd30700             Options.avoid_flush_during_shutdown: 0
2019/10/17-14:56:04.510980 7fbc2cd30700           Options.writable_file_max_buffer_size: 1048576
2019/10/17-14:56:04.510981 7fbc2cd30700             Options.delayed_write_rate : 16777216
2019/10/17-14:56:04.510981 7fbc2cd30700             Options.max_total_wal_size: 0
2019/10/17-14:56:04.510982 7fbc2cd30700             Options.delete_obsolete_files_period_micros: 21600000000
2019/10/17-14:56:04.510983 7fbc2cd30700                   Options.stats_dump_period_sec: 600
2019/10/17-14:56:04.510984 7fbc2cd30700                          Options.max_open_files: -1
2019/10/17-14:56:04.510984 7fbc2cd30700                          Options.bytes_per_sync: 0
2019/10/17-14:56:04.510985 7fbc2cd30700                      Options.wal_bytes_per_sync: 0
2019/10/17-14:56:04.510986 7fbc2cd30700       Options.compaction_readahead_size: 0
2019/10/17-14:56:04.510986 7fbc2cd30700 Compression algorithms supported:
2019/10/17-14:56:04.510988 7fbc2cd30700 	kZSTDNotFinalCompression supported: 0
2019/10/17-14:56:04.510988 7fbc2cd30700 	kZSTD supported: 0
2019/10/17-14:56:04.510989 7fbc2cd30700 	kXpressCompression supported: 0
2019/10/17-14:56:04.510990 7fbc2cd30700 	kLZ4HCCompression supported: 0
2019/10/17-14:56:04.510991 7fbc2cd30700 	kLZ4Compression supported: 0
2019/10/17-14:56:04.510991 7fbc2cd30700 	kBZip2Compression supported: 0
2019/10/17-14:56:04.510992 7fbc2cd30700 	kZlibCompression supported: 0
2019/10/17-14:56:04.510993 7fbc2cd30700 	kSnappyCompression supported: 0
2019/10/17-14:56:04.510995 7fbc2cd30700 Fast CRC32 supported: Supported on x86
2019/10/17-14:56:04.511080 7fbc2cd30700 [db/version_set.cc:3507] Recovering from manifest file: MANIFEST-116743
2019/10/17-14:56:04.511110 7fbc2cd30700 [db/column_family.cc:472] --------------- Options for column family [default]:
2019/10/17-14:56:04.511111 7fbc2cd30700               Options.comparator: leveldb.BytewiseComparator
2019/10/17-14:56:04.511112 7fbc2cd30700           Options.merge_operator: None
2019/10/17-14:56:04.511113 7fbc2cd30700        Options.compaction_filter: None
2019/10/17-14:56:04.511113 7fbc2cd30700        Options.compaction_filter_factory: None
2019/10/17-14:56:04.511114 7fbc2cd30700         Options.memtable_factory: SkipListFactory
2019/10/17-14:56:04.511115 7fbc2cd30700            Options.table_factory: BlockBasedTable
2019/10/17-14:56:04.511130 7fbc2cd30700            table_factory options:   flush_block_policy_factory: FlushBlockBySizePolicyFactory (0x7fbbb8046b80)
  cache_index_and_filter_blocks: 0
  cache_index_and_filter_blocks_with_high_priority: 0
  pin_l0_filter_and_index_blocks_in_cache: 0
  pin_top_level_index_and_filter: 1
  index_type: 0
  hash_index_allow_collision: 1
  checksum: 1
  no_block_cache: 0
  block_cache: 0x7fbbb8372420
  block_cache_name: LRUCache
  block_cache_options:
    capacity : 8388608
    num_shard_bits : 4
    strict_capacity_limit : 0
    memory_allocator : None
    high_pri_pool_ratio: 0.000
  block_cache_compressed: (nil)
  persistent_cache: (nil)
  block_size: 4096
  block_size_deviation: 10
  block_restart_interval: 16
  index_block_restart_interval: 1
  metadata_block_size: 4096
  partition_filters: 0
  use_delta_encoding: 1
  filter_policy: nullptr
  whole_key_filtering: 1
  verify_compression: 0
  read_amp_bytes_per_bit: 0
  format_version: 2
  enable_index_compression: 1
  block_align: 0
2019/10/17-14:56:04.511138 7fbc2cd30700        Options.write_buffer_size: 67108864
2019/10/17-14:56:04.511139 7fbc2cd30700  Options.max_write_buffer_number: 2
2019/10/17-14:56:04.511140 7fbc2cd30700          Options.compression: NoCompression
2019/10/17-14:56:04.511141 7fbc2cd30700                  Options.bottommost_compression: Disabled
2019/10/17-14:56:04.511141 7fbc2cd30700       Options.prefix_extractor: nullptr
2019/10/17-14:56:04.511142 7fbc2cd30700   Options.memtable_insert_with_hint_prefix_extractor: nullptr
2019/10/17-14:56:04.511143 7fbc2cd30700             Options.num_levels: 7
2019/10/17-14:56:04.511144 7fbc2cd30700        Options.min_write_buffer_number_to_merge: 1
2019/10/17-14:56:04.511144 7fbc2cd30700     Options.max_write_buffer_number_to_maintain: 0
2019/10/17-14:56:04.511145 7fbc2cd30700            Options.bottommost_compression_opts.window_bits: -14
2019/10/17-14:56:04.511146 7fbc2cd30700                  Options.bottommost_compression_opts.level: 32767
2019/10/17-14:56:04.511146 7fbc2cd30700               Options.bottommost_compression_opts.strategy: 0
2019/10/17-14:56:04.511147 7fbc2cd30700         Options.bottommost_compression_opts.max_dict_bytes: 0
2019/10/17-14:56:04.511148 7fbc2cd30700         Options.bottommost_compression_opts.zstd_max_train_bytes: 0
2019/10/17-14:56:04.511149 7fbc2cd30700                  Options.bottommost_compression_opts.enabled: false
2019/10/17-14:56:04.511149 7fbc2cd30700            Options.compression_opts.window_bits: -14
2019/10/17-14:56:04.511150 7fbc2cd30700                  Options.compression_opts.level: 32767
2019/10/17-14:56:04.511151 7fbc2cd30700               Options.compression_opts.strategy: 0
2019/10/17-14:56:04.511151 7fbc2cd30700         Options.compression_opts.max_dict_bytes: 0
2019/10/17-14:56:04.511152 7fbc2cd30700         Options.compression_opts.zstd_max_train_bytes: 0
2019/10/17-14:56:04.511153 7fbc2cd30700                  Options.compression_opts.enabled: false
2019/10/17-14:56:04.511154 7fbc2cd30700      Options.level0_file_num_compaction_trigger: 4
2019/10/17-14:56:04.511154 7fbc2cd30700          Options.level0_slowdown_writes_trigger: 20
2019/10/17-14:56:04.511155 7fbc2cd30700              Options.level0_stop_writes_trigger: 36
2019/10/17-14:56:04.511156 7fbc2cd30700                   Options.target_file_size_base: 67108864
2019/10/17-14:56:04.511156 7fbc2cd30700             Options.target_file_size_multiplier: 1
2019/10/17-14:56:04.511157 7fbc2cd30700                Options.max_bytes_for_level_base: 268435456
2019/10/17-14:56:04.511158 7fbc2cd30700 Options.level_compaction_dynamic_level_bytes: 0
2019/10/17-14:56:04.511158 7fbc2cd30700          Options.max_bytes_for_level_multiplier: 10.000000
2019/10/17-14:56:04.511160 7fbc2cd30700 Options.max_bytes_for_level_multiplier_addtl[0]: 1
2019/10/17-14:56:04.511161 7fbc2cd30700 Options.max_bytes_for_level_multiplier_addtl[1]: 1
2019/10/17-14:56:04.511162 7fbc2cd30700 Options.max_bytes_for_level_multiplier_addtl[2]: 1
2019/10/17-14:56:04.511163 7fbc2cd30700 Options.max_bytes_for_level_multiplier_addtl[3]: 1
2019/10/17-14:56:04.511163 7fbc2cd30700 Options.max_bytes_for_level_multiplier_addtl[4]: 1
2019/10/17-14:56:04.511167 7fbc2cd30700 Options.max_bytes_for_level_multiplier_addtl[5]: 1
2019/10/17-14:56:04.511168 7fbc2cd30700 Options.max_bytes_for_level_multiplier_addtl[6]: 1
2019/10/17-14:56:04.511169 7fbc2cd30700       Options.max_sequential_skip_in_iterations: 8
2019/10/17-14:56:04.511170 7fbc2cd30700                    Options.max_compaction_bytes: 1677721600
2019/10/17-14:56:04.511170 7fbc2cd30700                        Options.arena_block_size: 8388608
2019/10/17-14:56:04.511171 7fbc2cd30700   Options.soft_pending_compaction_bytes_limit: 68719476736
2019/10/17-14:56:04.511172 7fbc2cd30700   Options.hard_pending_compaction_bytes_limit: 274877906944
2019/10/17-14:56:04.511173 7fbc2cd30700       Options.rate_limit_delay_max_milliseconds: 100
2019/10/17-14:56:04.511173 7fbc2cd30700                Options.disable_auto_compactions: 0
2019/10/17-14:56:04.511175 7fbc2cd30700                        Options.compaction_style: kCompactionStyleLevel
2019/10/17-14:56:04.511176 7fbc2cd30700                          Options.compaction_pri: kByCompensatedSize
2019/10/17-14:56:04.511177 7fbc2cd30700 Options.compaction_options_universal.size_ratio: 1
2019/10/17-14:56:04.511177 7fbc2cd30700 Options.compaction_options_universal.min_merge_width: 2
2019/10/17-14:56:04.511178 7fbc2cd30700 Options.compaction_options_universal.max_merge_width: 4294967295
2019/10/17-14:56:04.511179 7fbc2cd30700 Options.compaction_options_universal.max_size_amplification_percent: 200
2019/10/17-14:56:04.511180 7fbc2cd30700 Options.compaction_options_universal.compression_size_percent: -1
2019/10/17-14:56:04.511181 7fbc2cd30700 Options.compaction_options_universal.stop_style: kCompactionStopStyleTotalSize
2019/10/17-14:56:04.511181 7fbc2cd30700 Options.compaction_options_fifo.max_table_files_size: 1073741824
2019/10/17-14:56:04.511182 7fbc2cd30700 Options.compaction_options_fifo.allow_compaction: 0
2019/10/17-14:56:04.511183 7fbc2cd30700 Options.compaction_options_fifo.ttl: 0
2019/10/17-14:56:04.511183 7fbc2cd30700                   Options.table_properties_collectors: 
2019/10/17-14:56:04.511184 7fbc2cd30700                   Options.inplace_update_support: 0
2019/10/17-14:56:04.511185 7fbc2cd30700                 Options.inplace_update_num_locks: 10000
2019/10/17-14:56:04.511186 7fbc2cd30700               Options.memtable_prefix_bloom_size_ratio: 0.000000
2019/10/17-14:56:04.511187 7fbc2cd30700   Options.memtable_huge_page_size: 0
2019/10/17-14:56:04.511187 7fbc2cd30700                           Options.bloom_locality: 0
2019/10/17-14:56:04.511188 7fbc2cd30700                    Options.max_successive_merges: 0
2019/10/17-14:56:04.511189 7fbc2cd30700                Options.optimize_filters_for_hits: 0
2019/10/17-14:56:04.511190 7fbc2cd30700                Options.paranoid_file_checks: 0
2019/10/17-14:56:04.511190 7fbc2cd30700                Options.force_consistency_checks: 0
2019/10/17-14:56:04.511191 7fbc2cd30700                Options.report_bg_io_stats: 0
2019/10/17-14:56:04.511192 7fbc2cd30700                               Options.ttl: 0
2019/10/17-14:56:04.511216 7fbc2cd30700 [db/column_family.cc:472] --------------- Options for column family [active_gateways]:
2019/10/17-14:56:04.511217 7fbc2cd30700               Options.comparator: leveldb.BytewiseComparator
2019/10/17-14:56:04.511218 7fbc2cd30700           Options.merge_operator: None
2019/10/17-14:56:04.511218 7fbc2cd30700        Options.compaction_filter: None
2019/10/17-14:56:04.511219 7fbc2cd30700        Options.compaction_filter_factory: None
2019/10/17-14:56:04.511220 7fbc2cd30700         Options.memtable_factory: SkipListFactory
2019/10/17-14:56:04.511221 7fbc2cd30700            Options.table_factory: BlockBasedTable
2019/10/17-14:56:04.511230 7fbc2cd30700            table_factory options:   flush_block_policy_factory: FlushBlockBySizePolicyFactory (0x7fbbb80868e0)
  cache_index_and_filter_blocks: 0
  cache_index_and_filter_blocks_with_high_priority: 0
  pin_l0_filter_and_index_blocks_in_cache: 0
  pin_top_level_index_and_filter: 1
  index_type: 0
  hash_index_allow_collision: 1
  checksum: 1
  no_block_cache: 0
  block_cache: 0x7fbbb8024db0
  block_cache_name: LRUCache
  block_cache_options:
    capacity : 8388608
    num_shard_bits : 4
    strict_capacity_limit : 0
    memory_allocator : None
    high_pri_pool_ratio: 0.000
  block_cache_compressed: (nil)
  persistent_cache: (nil)
  block_size: 4096
  block_size_deviation: 10
  block_restart_interval: 16
  index_block_restart_interval: 1
  metadata_block_size: 4096
  partition_filters: 0
  use_delta_encoding: 1
  filter_policy: nullptr
  whole_key_filtering: 1
  verify_compression: 0
  read_amp_bytes_per_bit: 0
  format_version: 2
  enable_index_compression: 1
  block_align: 0
2019/10/17-14:56:04.511236 7fbc2cd30700        Options.write_buffer_size: 67108864
2019/10/17-14:56:04.511237 7fbc2cd30700  Options.max_write_buffer_number: 2
2019/10/17-14:56:04.511238 7fbc2cd30700          Options.compression: NoCompression
2019/10/17-14:56:04.511253 7fbc2cd30700                  Options.bottommost_compression: Disabled
2019/10/17-14:56:04.511254 7fbc2cd30700       Options.prefix_extractor: nullptr
2019/10/17-14:56:04.511254 7fbc2cd30700   Options.memtable_insert_with_hint_prefix_extractor: nullptr
2019/10/17-14:56:04.511255 7fbc2cd30700             Options.num_levels: 7
2019/10/17-14:56:04.511256 7fbc2cd30700        Options.min_write_buffer_number_to_merge: 1
2019/10/17-14:56:04.511256 7fbc2cd30700     Options.max_write_buffer_number_to_maintain: 0
2019/10/17-14:56:04.511257 7fbc2cd30700            Options.bottommost_compression_opts.window_bits: -14
2019/10/17-14:56:04.511258 7fbc2cd30700                  Options.bottommost_compression_opts.level: 32767
2019/10/17-14:56:04.511258 7fbc2cd30700               Options.bottommost_compression_opts.strategy: 0
2019/10/17-14:56:04.511259 7fbc2cd30700         Options.bottommost_compression_opts.max_dict_bytes: 0
2019/10/17-14:56:04.511260 7fbc2cd30700         Options.bottommost_compression_opts.zstd_max_train_bytes: 0
2019/10/17-14:56:04.511260 7fbc2cd30700                  Options.bottommost_compression_opts.enabled: false
2019/10/17-14:56:04.511261 7fbc2cd30700            Options.compression_opts.window_bits: -14
2019/10/17-14:56:04.511262 7fbc2cd30700                  Options.compression_opts.level: 32767
2019/10/17-14:56:04.511262 7fbc2cd30700               Options.compression_opts.strategy: 0
2019/10/17-14:56:04.511263 7fbc2cd30700         Options.compression_opts.max_dict_bytes: 0
2019/10/17-14:56:04.511264 7fbc2cd30700         Options.compression_opts.zstd_max_train_bytes: 0
2019/10/17-14:56:04.511264 7fbc2cd30700                  Options.compression_opts.enabled: false
2019/10/17-14:56:04.511265 7fbc2cd30700      Options.level0_file_num_compaction_trigger: 4
2019/10/17-14:56:04.511266 7fbc2cd30700          Options.level0_slowdown_writes_trigger: 20
2019/10/17-14:56:04.511266 7fbc2cd30700              Options.level0_stop_writes_trigger: 36
2019/10/17-14:56:04.511267 7fbc2cd30700                   Options.target_file_size_base: 67108864
2019/10/17-14:56:04.511268 7fbc2cd30700             Options.target_file_size_multiplier: 1
2019/10/17-14:56:04.511268 7fbc2cd30700                Options.max_bytes_for_level_base: 268435456
2019/10/17-14:56:04.511269 7fbc2cd30700 Options.level_compaction_dynamic_level_bytes: 0
2019/10/17-14:56:04.511270 7fbc2cd30700          Options.max_bytes_for_level_multiplier: 10.000000
2019/10/17-14:56:04.511271 7fbc2cd30700 Options.max_bytes_for_level_multiplier_addtl[0]: 1
2019/10/17-14:56:04.511272 7fbc2cd30700 Options.max_bytes_for_level_multiplier_addtl[1]: 1
2019/10/17-14:56:04.511272 7fbc2cd30700 Options.max_bytes_for_level_multiplier_addtl[2]: 1
2019/10/17-14:56:04.511273 7fbc2cd30700 Options.max_bytes_for_level_multiplier_addtl[3]: 1
2019/10/17-14:56:04.511274 7fbc2cd30700 Options.max_bytes_for_level_multiplier_addtl[4]: 1
2019/10/17-14:56:04.511274 7fbc2cd30700 Options.max_bytes_for_level_multiplier_addtl[5]: 1
2019/10/17-14:56:04.511275 7fbc2cd30700 Options.max_bytes_for_level_multiplier_addtl[6]: 1
2019/10/17-14:56:04.511276 7fbc2cd30700       Options.max_sequential_skip_in_iterations: 8
2019/10/17-14:56:04.511280 7fbc2cd30700                    Options.max_compaction_bytes: 1677721600
2019/10/17-14:56:04.511280 7fbc2cd30700                        Options.arena_block_size: 8388608
2019/10/17-14:56:04.511281 7fbc2cd30700   Options.soft_pending_compaction_bytes_limit: 68719476736
2019/10/17-14:56:04.511282 7fbc2cd30700   Options.hard_pending_compaction_bytes_limit: 274877906944
2019/10/17-14:56:04.511283 7fbc2cd30700       Options.rate_limit_delay_max_milliseconds: 100
2019/10/17-14:56:04.511283 7fbc2cd30700                Options.disable_auto_compactions: 0
2019/10/17-14:56:04.511284 7fbc2cd30700                        Options.compaction_style: kCompactionStyleLevel
2019/10/17-14:56:04.511285 7fbc2cd30700                          Options.compaction_pri: kByCompensatedSize
2019/10/17-14:56:04.511286 7fbc2cd30700 Options.compaction_options_universal.size_ratio: 1
2019/10/17-14:56:04.511286 7fbc2cd30700 Options.compaction_options_universal.min_merge_width: 2
2019/10/17-14:56:04.511287 7fbc2cd30700 Options.compaction_options_universal.max_merge_width: 4294967295
2019/10/17-14:56:04.511288 7fbc2cd30700 Options.compaction_options_universal.max_size_amplification_percent: 200
2019/10/17-14:56:04.511288 7fbc2cd30700 Options.compaction_options_universal.compression_size_percent: -1
2019/10/17-14:56:04.511289 7fbc2cd30700 Options.compaction_options_universal.stop_style: kCompactionStopStyleTotalSize
2019/10/17-14:56:04.511290 7fbc2cd30700 Options.compaction_options_fifo.max_table_files_size: 1073741824
2019/10/17-14:56:04.511290 7fbc2cd30700 Options.compaction_options_fifo.allow_compaction: 0
2019/10/17-14:56:04.511291 7fbc2cd30700 Options.compaction_options_fifo.ttl: 0
2019/10/17-14:56:04.511292 7fbc2cd30700                   Options.table_properties_collectors: 
2019/10/17-14:56:04.511293 7fbc2cd30700                   Options.inplace_update_support: 0
2019/10/17-14:56:04.511293 7fbc2cd30700                 Options.inplace_update_num_locks: 10000
2019/10/17-14:56:04.511294 7fbc2cd30700               Options.memtable_prefix_bloom_size_ratio: 0.000000
2019/10/17-14:56:04.511295 7fbc2cd30700   Options.memtable_huge_page_size: 0
2019/10/17-14:56:04.511295 7fbc2cd30700                           Options.bloom_locality: 0
2019/10/17-14:56:04.511296 7fbc2cd30700                    Options.max_successive_merges: 0
2019/10/17-14:56:04.511297 7fbc2cd30700                Options.optimize_filters_for_hits: 0
2019/10/17-14:56:04.511297 7fbc2cd30700                Options.paranoid_file_checks: 0
2019/10/17-14:56:04.511298 7fbc2cd30700                Options.force_consistency_checks: 0
2019/10/17-14:56:04.511299 7fbc2cd30700                Options.report_bg_io_stats: 0
2019/10/17-14:56:04.511299 7fbc2cd30700                               Options.ttl: 0
2019/10/17-14:56:04.511314 7fbc2cd30700 [db/column_family.cc:472] --------------- Options for column family [entries]:
2019/10/17-14:56:04.511315 7fbc2cd30700               Options.comparator: leveldb.BytewiseComparator
2019/10/17-14:56:04.511315 7fbc2cd30700           Options.merge_operator: None
2019/10/17-14:56:04.511316 7fbc2cd30700        Options.compaction_filter: None
2019/10/17-14:56:04.511317 7fbc2cd30700        Options.compaction_filter_factory: None
2019/10/17-14:56:04.511317 7fbc2cd30700         Options.memtable_factory: SkipListFactory
2019/10/17-14:56:04.511318 7fbc2cd30700            Options.table_factory: BlockBasedTable
2019/10/17-14:56:04.511327 7fbc2cd30700            table_factory options:   flush_block_policy_factory: FlushBlockBySizePolicyFactory (0x7fbbb8006900)
  cache_index_and_filter_blocks: 0
  cache_index_and_filter_blocks_with_high_priority: 0
  pin_l0_filter_and_index_blocks_in_cache: 0
  pin_top_level_index_and_filter: 1
  index_type: 0
  hash_index_allow_collision: 1
  checksum: 1
  no_block_cache: 0
  block_cache: 0x7fbbb802a380
  block_cache_name: LRUCache
  block_cache_options:
    capacity : 8388608
    num_shard_bits : 4
    strict_capacity_limit : 0
    memory_allocator : None
    high_pri_pool_ratio: 0.000
  block_cache_compressed: (nil)
  persistent_cache: (nil)
  block_size: 4096
  block_size_deviation: 10
  block_restart_interval: 16
  index_block_restart_interval: 1
  metadata_block_size: 4096
  partition_filters: 0
  use_delta_encoding: 1
  filter_policy: nullptr
  whole_key_filtering: 1
  verify_compression: 0
  read_amp_bytes_per_bit: 0
  format_version: 2
  enable_index_compression: 1
  block_align: 0
2019/10/17-14:56:04.511332 7fbc2cd30700        Options.write_buffer_size: 67108864
2019/10/17-14:56:04.511333 7fbc2cd30700  Options.max_write_buffer_number: 2
2019/10/17-14:56:04.511334 7fbc2cd30700          Options.compression: NoCompression
2019/10/17-14:56:04.511334 7fbc2cd30700                  Options.bottommost_compression: Disabled
2019/10/17-14:56:04.511335 7fbc2cd30700       Options.prefix_extractor: nullptr
2019/10/17-14:56:04.511336 7fbc2cd30700   Options.memtable_insert_with_hint_prefix_extractor: nullptr
2019/10/17-14:56:04.511336 7fbc2cd30700             Options.num_levels: 7
2019/10/17-14:56:04.511337 7fbc2cd30700        Options.min_write_buffer_number_to_merge: 1
2019/10/17-14:56:04.511338 7fbc2cd30700     Options.max_write_buffer_number_to_maintain: 0
2019/10/17-14:56:04.511338 7fbc2cd30700            Options.bottommost_compression_opts.window_bits: -14
2019/10/17-14:56:04.511339 7fbc2cd30700                  Options.bottommost_compression_opts.level: 32767
2019/10/17-14:56:04.511340 7fbc2cd30700               Options.bottommost_compression_opts.strategy: 0
2019/10/17-14:56:04.511340 7fbc2cd30700         Options.bottommost_compression_opts.max_dict_bytes: 0
2019/10/17-14:56:04.511341 7fbc2cd30700         Options.bottommost_compression_opts.zstd_max_train_bytes: 0
2019/10/17-14:56:04.511342 7fbc2cd30700                  Options.bottommost_compression_opts.enabled: false
2019/10/17-14:56:04.511342 7fbc2cd30700            Options.compression_opts.window_bits: -14
2019/10/17-14:56:04.511343 7fbc2cd30700                  Options.compression_opts.level: 32767
2019/10/17-14:56:04.511344 7fbc2cd30700               Options.compression_opts.strategy: 0
2019/10/17-14:56:04.511344 7fbc2cd30700         Options.compression_opts.max_dict_bytes: 0
2019/10/17-14:56:04.511345 7fbc2cd30700         Options.compression_opts.zstd_max_train_bytes: 0
2019/10/17-14:56:04.511346 7fbc2cd30700                  Options.compression_opts.enabled: false
2019/10/17-14:56:04.511346 7fbc2cd30700      Options.level0_file_num_compaction_trigger: 4
2019/10/17-14:56:04.511347 7fbc2cd30700          Options.level0_slowdown_writes_trigger: 20
2019/10/17-14:56:04.511348 7fbc2cd30700              Options.level0_stop_writes_trigger: 36
2019/10/17-14:56:04.511348 7fbc2cd30700                   Options.target_file_size_base: 67108864
2019/10/17-14:56:04.511349 7fbc2cd30700             Options.target_file_size_multiplier: 1
2019/10/17-14:56:04.511350 7fbc2cd30700                Options.max_bytes_for_level_base: 268435456
2019/10/17-14:56:04.511350 7fbc2cd30700 Options.level_compaction_dynamic_level_bytes: 0
2019/10/17-14:56:04.511351 7fbc2cd30700          Options.max_bytes_for_level_multiplier: 10.000000
2019/10/17-14:56:04.511352 7fbc2cd30700 Options.max_bytes_for_level_multiplier_addtl[0]: 1
2019/10/17-14:56:04.511353 7fbc2cd30700 Options.max_bytes_for_level_multiplier_addtl[1]: 1
2019/10/17-14:56:04.511353 7fbc2cd30700 Options.max_bytes_for_level_multiplier_addtl[2]: 1
2019/10/17-14:56:04.511354 7fbc2cd30700 Options.max_bytes_for_level_multiplier_addtl[3]: 1
2019/10/17-14:56:04.511355 7fbc2cd30700 Options.max_bytes_for_level_multiplier_addtl[4]: 1
2019/10/17-14:56:04.511355 7fbc2cd30700 Options.max_bytes_for_level_multiplier_addtl[5]: 1
2019/10/17-14:56:04.511356 7fbc2cd30700 Options.max_bytes_for_level_multiplier_addtl[6]: 1
2019/10/17-14:56:04.511357 7fbc2cd30700       Options.max_sequential_skip_in_iterations: 8
2019/10/17-14:56:04.511357 7fbc2cd30700                    Options.max_compaction_bytes: 1677721600
2019/10/17-14:56:04.511358 7fbc2cd30700                        Options.arena_block_size: 8388608
2019/10/17-14:56:04.511359 7fbc2cd30700   Options.soft_pending_compaction_bytes_limit: 68719476736
2019/10/17-14:56:04.511363 7fbc2cd30700   Options.hard_pending_compaction_bytes_limit: 274877906944
2019/10/17-14:56:04.511363 7fbc2cd30700       Options.rate_limit_delay_max_milliseconds: 100
2019/10/17-14:56:04.511364 7fbc2cd30700                Options.disable_auto_compactions: 0
2019/10/17-14:56:04.511365 7fbc2cd30700                        Options.compaction_style: kCompactionStyleLevel
2019/10/17-14:56:04.511366 7fbc2cd30700                          Options.compaction_pri: kByCompensatedSize
2019/10/17-14:56:04.511367 7fbc2cd30700 Options.compaction_options_universal.size_ratio: 1
2019/10/17-14:56:04.511367 7fbc2cd30700 Options.compaction_options_universal.min_merge_width: 2
2019/10/17-14:56:04.511368 7fbc2cd30700 Options.compaction_options_universal.max_merge_width: 4294967295
2019/10/17-14:56:04.511369 7fbc2cd30700 Options.compaction_options_universal.max_size_amplification_percent: 200
2019/10/17-14:56:04.511369 7fbc2cd30700 Options.compaction_options_universal.compression_size_percent: -1
2019/10/17-14:56:04.511370 7fbc2cd30700 Options.compaction_options_universal.stop_style: kCompactionStopStyleTotalSize
2019/10/17-14:56:04.511371 7fbc2cd30700 Options.compaction_options_fifo.max_table_files_size: 1073741824
2019/10/17-14:56:04.511372 7fbc2cd30700 Options.compaction_options_fifo.allow_compaction: 0
2019/10/17-14:56:04.511372 7fbc2cd30700 Options.compaction_options_fifo.ttl: 0
2019/10/17-14:56:04.511373 7fbc2cd30700                   Options.table_properties_collectors: 
2019/10/17-14:56:04.511374 7fbc2cd30700                   Options.inplace_update_support: 0
2019/10/17-14:56:04.511374 7fbc2cd30700                 Options.inplace_update_num_locks: 10000
2019/10/17-14:56:04.511375 7fbc2cd30700               Options.memtable_prefix_bloom_size_ratio: 0.000000
2019/10/17-14:56:04.511376 7fbc2cd30700   Options.memtable_huge_page_size: 0
2019/10/17-14:56:04.511377 7fbc2cd30700                           Options.bloom_locality: 0
2019/10/17-14:56:04.511377 7fbc2cd30700                    Options.max_successive_merges: 0
2019/10/17-14:56:04.511378 7fbc2cd30700                Options.optimize_filters_for_hits: 0
2019/10/17-14:56:04.511379 7fbc2cd30700                Options.paranoid_file_checks: 0
2019/10/17-14:56:04.511379 7fbc2cd30700                Options.force_consistency_checks: 0
2019/10/17-14:56:04.511380 7fbc2cd30700                Options.report_bg_io_stats: 0
2019/10/17-14:56:04.511380 7fbc2cd30700                               Options.ttl: 0
2019/10/17-14:56:04.511393 7fbc2cd30700 [db/column_family.cc:472] --------------- Options for column family [dc_entries]:
2019/10/17-14:56:04.511394 7fbc2cd30700               Options.comparator: leveldb.BytewiseComparator
2019/10/17-14:56:04.511395 7fbc2cd30700           Options.merge_operator: None
2019/10/17-14:56:04.511395 7fbc2cd30700        Options.compaction_filter: None
2019/10/17-14:56:04.511396 7fbc2cd30700        Options.compaction_filter_factory: None
2019/10/17-14:56:04.511397 7fbc2cd30700         Options.memtable_factory: SkipListFactory
2019/10/17-14:56:04.511397 7fbc2cd30700            Options.table_factory: BlockBasedTable
2019/10/17-14:56:04.511406 7fbc2cd30700            table_factory options:   flush_block_policy_factory: FlushBlockBySizePolicyFactory (0x7fbbb8022180)
  cache_index_and_filter_blocks: 0
  cache_index_and_filter_blocks_with_high_priority: 0
  pin_l0_filter_and_index_blocks_in_cache: 0
  pin_top_level_index_and_filter: 1
  index_type: 0
  hash_index_allow_collision: 1
  checksum: 1
  no_block_cache: 0
  block_cache: 0x7fbbb809e7d0
  block_cache_name: LRUCache
  block_cache_options:
    capacity : 8388608
    num_shard_bits : 4
    strict_capacity_limit : 0
    memory_allocator : None
    high_pri_pool_ratio: 0.000
  block_cache_compressed: (nil)
  persistent_cache: (nil)
  block_size: 4096
  block_size_deviation: 10
  block_restart_interval: 16
  index_block_restart_interval: 1
  metadata_block_size: 4096
  partition_filters: 0
  use_delta_encoding: 1
  filter_policy: nullptr
  whole_key_filtering: 1
  verify_compression: 0
  read_amp_bytes_per_bit: 0
  format_version: 2
  enable_index_compression: 1
  block_align: 0
2019/10/17-14:56:04.511411 7fbc2cd30700        Options.write_buffer_size: 67108864
2019/10/17-14:56:04.511412 7fbc2cd30700  Options.max_write_buffer_number: 2
2019/10/17-14:56:04.511413 7fbc2cd30700          Options.compression: NoCompression
2019/10/17-14:56:04.511414 7fbc2cd30700                  Options.bottommost_compression: Disabled
2019/10/17-14:56:04.511414 7fbc2cd30700       Options.prefix_extractor: nullptr
2019/10/17-14:56:04.511415 7fbc2cd30700   Options.memtable_insert_with_hint_prefix_extractor: nullptr
2019/10/17-14:56:04.511416 7fbc2cd30700             Options.num_levels: 7
2019/10/17-14:56:04.511416 7fbc2cd30700        Options.min_write_buffer_number_to_merge: 1
2019/10/17-14:56:04.511417 7fbc2cd30700     Options.max_write_buffer_number_to_maintain: 0
2019/10/17-14:56:04.511418 7fbc2cd30700            Options.bottommost_compression_opts.window_bits: -14
2019/10/17-14:56:04.511418 7fbc2cd30700                  Options.bottommost_compression_opts.level: 32767
2019/10/17-14:56:04.511419 7fbc2cd30700               Options.bottommost_compression_opts.strategy: 0
2019/10/17-14:56:04.511420 7fbc2cd30700         Options.bottommost_compression_opts.max_dict_bytes: 0
2019/10/17-14:56:04.511420 7fbc2cd30700         Options.bottommost_compression_opts.zstd_max_train_bytes: 0
2019/10/17-14:56:04.511421 7fbc2cd30700                  Options.bottommost_compression_opts.enabled: false
2019/10/17-14:56:04.511422 7fbc2cd30700            Options.compression_opts.window_bits: -14
2019/10/17-14:56:04.511422 7fbc2cd30700                  Options.compression_opts.level: 32767
2019/10/17-14:56:04.511423 7fbc2cd30700               Options.compression_opts.strategy: 0
2019/10/17-14:56:04.511424 7fbc2cd30700         Options.compression_opts.max_dict_bytes: 0
2019/10/17-14:56:04.511424 7fbc2cd30700         Options.compression_opts.zstd_max_train_bytes: 0
2019/10/17-14:56:04.511425 7fbc2cd30700                  Options.compression_opts.enabled: false
2019/10/17-14:56:04.511425 7fbc2cd30700      Options.level0_file_num_compaction_trigger: 4
2019/10/17-14:56:04.511426 7fbc2cd30700          Options.level0_slowdown_writes_trigger: 20
2019/10/17-14:56:04.511427 7fbc2cd30700              Options.level0_stop_writes_trigger: 36
2019/10/17-14:56:04.511427 7fbc2cd30700                   Options.target_file_size_base: 67108864
2019/10/17-14:56:04.511428 7fbc2cd30700             Options.target_file_size_multiplier: 1
2019/10/17-14:56:04.511429 7fbc2cd30700                Options.max_bytes_for_level_base: 268435456
2019/10/17-14:56:04.511429 7fbc2cd30700 Options.level_compaction_dynamic_level_bytes: 0
2019/10/17-14:56:04.511430 7fbc2cd30700          Options.max_bytes_for_level_multiplier: 10.000000
2019/10/17-14:56:04.511431 7fbc2cd30700 Options.max_bytes_for_level_multiplier_addtl[0]: 1
2019/10/17-14:56:04.511432 7fbc2cd30700 Options.max_bytes_for_level_multiplier_addtl[1]: 1
2019/10/17-14:56:04.511433 7fbc2cd30700 Options.max_bytes_for_level_multiplier_addtl[2]: 1
2019/10/17-14:56:04.511433 7fbc2cd30700 Options.max_bytes_for_level_multiplier_addtl[3]: 1
2019/10/17-14:56:04.511434 7fbc2cd30700 Options.max_bytes_for_level_multiplier_addtl[4]: 1
2019/10/17-14:56:04.511435 7fbc2cd30700 Options.max_bytes_for_level_multiplier_addtl[5]: 1
2019/10/17-14:56:04.511435 7fbc2cd30700 Options.max_bytes_for_level_multiplier_addtl[6]: 1
2019/10/17-14:56:04.511436 7fbc2cd30700       Options.max_sequential_skip_in_iterations: 8
2019/10/17-14:56:04.511437 7fbc2cd30700                    Options.max_compaction_bytes: 1677721600
2019/10/17-14:56:04.511437 7fbc2cd30700                        Options.arena_block_size: 8388608
2019/10/17-14:56:04.511438 7fbc2cd30700   Options.soft_pending_compaction_bytes_limit: 68719476736
2019/10/17-14:56:04.511439 7fbc2cd30700   Options.hard_pending_compaction_bytes_limit: 274877906944
2019/10/17-14:56:04.511439 7fbc2cd30700       Options.rate_limit_delay_max_milliseconds: 100
2019/10/17-14:56:04.511440 7fbc2cd30700                Options.disable_auto_compactions: 0
2019/10/17-14:56:04.511444 7fbc2cd30700                        Options.compaction_style: kCompactionStyleLevel
2019/10/17-14:56:04.511445 7fbc2cd30700                          Options.compaction_pri: kByCompensatedSize
2019/10/17-14:56:04.511446 7fbc2cd30700 Options.compaction_options_universal.size_ratio: 1
2019/10/17-14:56:04.511446 7fbc2cd30700 Options.compaction_options_universal.min_merge_width: 2
2019/10/17-14:56:04.511447 7fbc2cd30700 Options.compaction_options_universal.max_merge_width: 4294967295
2019/10/17-14:56:04.511448 7fbc2cd30700 Options.compaction_options_universal.max_size_amplification_percent: 200
2019/10/17-14:56:04.511448 7fbc2cd30700 Options.compaction_options_universal.compression_size_percent: -1
2019/10/17-14:56:04.511449 7fbc2cd30700 Options.compaction_options_universal.stop_style: kCompactionStopStyleTotalSize
2019/10/17-14:56:04.511450 7fbc2cd30700 Options.compaction_options_fifo.max_table_files_size: 1073741824
2019/10/17-14:56:04.511451 7fbc2cd30700 Options.compaction_options_fifo.allow_compaction: 0
2019/10/17-14:56:04.511451 7fbc2cd30700 Options.compaction_options_fifo.ttl: 0
2019/10/17-14:56:04.511452 7fbc2cd30700                   Options.table_properties_collectors: 
2019/10/17-14:56:04.511453 7fbc2cd30700                   Options.inplace_update_support: 0
2019/10/17-14:56:04.511453 7fbc2cd30700                 Options.inplace_update_num_locks: 10000
2019/10/17-14:56:04.511454 7fbc2cd30700               Options.memtable_prefix_bloom_size_ratio: 0.000000
2019/10/17-14:56:04.511455 7fbc2cd30700   Options.memtable_huge_page_size: 0
2019/10/17-14:56:04.511456 7fbc2cd30700                           Options.bloom_locality: 0
2019/10/17-14:56:04.511456 7fbc2cd30700                    Options.max_successive_merges: 0
2019/10/17-14:56:04.511457 7fbc2cd30700                Options.optimize_filters_for_hits: 0
2019/10/17-14:56:04.511458 7fbc2cd30700                Options.paranoid_file_checks: 0
2019/10/17-14:56:04.511458 7fbc2cd30700                Options.force_consistency_checks: 0
2019/10/17-14:56:04.511459 7fbc2cd30700                Options.report_bg_io_stats: 0
2019/10/17-14:56:04.511459 7fbc2cd30700                               Options.ttl: 0
2019/10/17-14:56:04.511470 7fbc2cd30700 [db/column_family.cc:472] --------------- Options for column family [htlcs]:
2019/10/17-14:56:04.511471 7fbc2cd30700               Options.comparator: leveldb.BytewiseComparator
2019/10/17-14:56:04.511471 7fbc2cd30700           Options.merge_operator: None
2019/10/17-14:56:04.511472 7fbc2cd30700        Options.compaction_filter: None
2019/10/17-14:56:04.511473 7fbc2cd30700        Options.compaction_filter_factory: None
2019/10/17-14:56:04.511473 7fbc2cd30700         Options.memtable_factory: SkipListFactory
2019/10/17-14:56:04.511474 7fbc2cd30700            Options.table_factory: BlockBasedTable
2019/10/17-14:56:04.511482 7fbc2cd30700            table_factory options:   flush_block_policy_factory: FlushBlockBySizePolicyFactory (0x7fbbb80ed280)
