2019/10/17-14:54:06.462163 7fc3a9fcb700 RocksDB version: 5.18.3
2019/10/17-14:54:06.462308 7fc3a9fcb700 Git sha rocksdb_build_git_sha:@0@
2019/10/17-14:54:06.462312 7fc3a9fcb700 Compile date Sep 19 2019
2019/10/17-14:54:06.462315 7fc3a9fcb700 DB SUMMARY
2019/10/17-14:54:06.463956 7fc3a9fcb700 CURRENT file:  CURRENT
2019/10/17-14:54:06.463961 7fc3a9fcb700 IDENTITY file:  IDENTITY
2019/10/17-14:54:06.464026 7fc3a9fcb700 MANIFEST file:  MANIFEST-114685 size: 4114 Bytes
2019/10/17-14:54:06.464030 7fc3a9fcb700 SST files in /home/rahul/dev/blockchain-core/eqc/ledger.db dir, Total Num: 29, files: 000624.sst 000627.sst 106940.sst 108447.sst 108450.sst 109471.sst 109483.sst 109485.sst 109486.sst 
2019/10/17-14:54:06.464033 7fc3a9fcb700 Write Ahead Log file in /home/rahul/dev/blockchain-core/eqc/ledger.db: 114686.log size: 0 ; 
2019/10/17-14:54:06.464107 7fc3a9fcb700                         Options.error_if_exists: 0
2019/10/17-14:54:06.464110 7fc3a9fcb700                       Options.create_if_missing: 1
2019/10/17-14:54:06.464112 7fc3a9fcb700                         Options.paranoid_checks: 1
2019/10/17-14:54:06.464113 7fc3a9fcb700                                     Options.env: 0x7fc32ae1fc60
2019/10/17-14:54:06.464115 7fc3a9fcb700                                Options.info_log: 0x7fc350028580
2019/10/17-14:54:06.464117 7fc3a9fcb700                Options.max_file_opening_threads: 16
2019/10/17-14:54:06.464119 7fc3a9fcb700                              Options.statistics: (nil)
2019/10/17-14:54:06.464121 7fc3a9fcb700                               Options.use_fsync: 0
2019/10/17-14:54:06.464123 7fc3a9fcb700                       Options.max_log_file_size: 0
2019/10/17-14:54:06.464124 7fc3a9fcb700                  Options.max_manifest_file_size: 1073741824
2019/10/17-14:54:06.464126 7fc3a9fcb700                   Options.log_file_time_to_roll: 0
2019/10/17-14:54:06.464128 7fc3a9fcb700                       Options.keep_log_file_num: 1000
2019/10/17-14:54:06.464130 7fc3a9fcb700                    Options.recycle_log_file_num: 0
2019/10/17-14:54:06.464131 7fc3a9fcb700                         Options.allow_fallocate: 1
2019/10/17-14:54:06.464133 7fc3a9fcb700                        Options.allow_mmap_reads: 0
2019/10/17-14:54:06.464135 7fc3a9fcb700                       Options.allow_mmap_writes: 0
2019/10/17-14:54:06.464136 7fc3a9fcb700                        Options.use_direct_reads: 0
2019/10/17-14:54:06.464138 7fc3a9fcb700                        Options.use_direct_io_for_flush_and_compaction: 0
2019/10/17-14:54:06.464140 7fc3a9fcb700          Options.create_missing_column_families: 0
2019/10/17-14:54:06.464141 7fc3a9fcb700                              Options.db_log_dir: 
2019/10/17-14:54:06.464143 7fc3a9fcb700                                 Options.wal_dir: /home/rahul/dev/blockchain-core/eqc/ledger.db
2019/10/17-14:54:06.464145 7fc3a9fcb700                Options.table_cache_numshardbits: 6
2019/10/17-14:54:06.464147 7fc3a9fcb700                      Options.max_subcompactions: 1
2019/10/17-14:54:06.464148 7fc3a9fcb700                  Options.max_background_flushes: -1
2019/10/17-14:54:06.464150 7fc3a9fcb700                         Options.WAL_ttl_seconds: 0
2019/10/17-14:54:06.464152 7fc3a9fcb700                       Options.WAL_size_limit_MB: 0
2019/10/17-14:54:06.464154 7fc3a9fcb700             Options.manifest_preallocation_size: 4194304
2019/10/17-14:54:06.464155 7fc3a9fcb700                     Options.is_fd_close_on_exec: 1
2019/10/17-14:54:06.464157 7fc3a9fcb700                   Options.advise_random_on_open: 1
2019/10/17-14:54:06.464159 7fc3a9fcb700                    Options.db_write_buffer_size: 0
2019/10/17-14:54:06.464160 7fc3a9fcb700                    Options.write_buffer_manager: 0x7fc3500a81b0
2019/10/17-14:54:06.464162 7fc3a9fcb700         Options.access_hint_on_compaction_start: 1
2019/10/17-14:54:06.464164 7fc3a9fcb700  Options.new_table_reader_for_compaction_inputs: 0
2019/10/17-14:54:06.464166 7fc3a9fcb700           Options.random_access_max_buffer_size: 1048576
2019/10/17-14:54:06.464167 7fc3a9fcb700                      Options.use_adaptive_mutex: 0
2019/10/17-14:54:06.464169 7fc3a9fcb700                            Options.rate_limiter: (nil)
2019/10/17-14:54:06.464193 7fc3a9fcb700     Options.sst_file_manager.rate_bytes_per_sec: 0
2019/10/17-14:54:06.464195 7fc3a9fcb700                       Options.wal_recovery_mode: 2
2019/10/17-14:54:06.464197 7fc3a9fcb700                  Options.enable_thread_tracking: 0
2019/10/17-14:54:06.464198 7fc3a9fcb700                  Options.enable_pipelined_write: 0
2019/10/17-14:54:06.464200 7fc3a9fcb700         Options.allow_concurrent_memtable_write: 1
2019/10/17-14:54:06.464202 7fc3a9fcb700      Options.enable_write_thread_adaptive_yield: 1
2019/10/17-14:54:06.464203 7fc3a9fcb700             Options.write_thread_max_yield_usec: 100
2019/10/17-14:54:06.464205 7fc3a9fcb700            Options.write_thread_slow_yield_usec: 3
2019/10/17-14:54:06.464207 7fc3a9fcb700                               Options.row_cache: None
2019/10/17-14:54:06.464208 7fc3a9fcb700                              Options.wal_filter: None
2019/10/17-14:54:06.464210 7fc3a9fcb700             Options.avoid_flush_during_recovery: 0
2019/10/17-14:54:06.464212 7fc3a9fcb700             Options.allow_ingest_behind: 0
2019/10/17-14:54:06.464213 7fc3a9fcb700             Options.preserve_deletes: 0
2019/10/17-14:54:06.464215 7fc3a9fcb700             Options.two_write_queues: 0
2019/10/17-14:54:06.464217 7fc3a9fcb700             Options.manual_wal_flush: 0
2019/10/17-14:54:06.464218 7fc3a9fcb700             Options.max_background_jobs: 2
2019/10/17-14:54:06.464220 7fc3a9fcb700             Options.max_background_compactions: -1
2019/10/17-14:54:06.464222 7fc3a9fcb700             Options.avoid_flush_during_shutdown: 0
2019/10/17-14:54:06.464223 7fc3a9fcb700           Options.writable_file_max_buffer_size: 1048576
2019/10/17-14:54:06.464225 7fc3a9fcb700             Options.delayed_write_rate : 16777216
2019/10/17-14:54:06.464227 7fc3a9fcb700             Options.max_total_wal_size: 0
2019/10/17-14:54:06.464229 7fc3a9fcb700             Options.delete_obsolete_files_period_micros: 21600000000
2019/10/17-14:54:06.464230 7fc3a9fcb700                   Options.stats_dump_period_sec: 600
2019/10/17-14:54:06.464232 7fc3a9fcb700                          Options.max_open_files: -1
2019/10/17-14:54:06.464234 7fc3a9fcb700                          Options.bytes_per_sync: 0
2019/10/17-14:54:06.464235 7fc3a9fcb700                      Options.wal_bytes_per_sync: 0
2019/10/17-14:54:06.464237 7fc3a9fcb700       Options.compaction_readahead_size: 0
2019/10/17-14:54:06.464239 7fc3a9fcb700 Compression algorithms supported:
2019/10/17-14:54:06.464241 7fc3a9fcb700 	kZSTDNotFinalCompression supported: 0
2019/10/17-14:54:06.464243 7fc3a9fcb700 	kZSTD supported: 0
2019/10/17-14:54:06.464245 7fc3a9fcb700 	kXpressCompression supported: 0
2019/10/17-14:54:06.464247 7fc3a9fcb700 	kLZ4HCCompression supported: 0
2019/10/17-14:54:06.464248 7fc3a9fcb700 	kLZ4Compression supported: 0
2019/10/17-14:54:06.464250 7fc3a9fcb700 	kBZip2Compression supported: 0
2019/10/17-14:54:06.464252 7fc3a9fcb700 	kZlibCompression supported: 0
2019/10/17-14:54:06.464254 7fc3a9fcb700 	kSnappyCompression supported: 0
2019/10/17-14:54:06.464257 7fc3a9fcb700 Fast CRC32 supported: Supported on x86
2019/10/17-14:54:06.464461 7fc3a9fcb700 [db/version_set.cc:3507] Recovering from manifest file: MANIFEST-114685
2019/10/17-14:54:06.464512 7fc3a9fcb700 [db/column_family.cc:472] --------------- Options for column family [default]:
2019/10/17-14:54:06.464515 7fc3a9fcb700               Options.comparator: leveldb.BytewiseComparator
2019/10/17-14:54:06.464517 7fc3a9fcb700           Options.merge_operator: None
2019/10/17-14:54:06.464518 7fc3a9fcb700        Options.compaction_filter: None
2019/10/17-14:54:06.464519 7fc3a9fcb700        Options.compaction_filter_factory: None
2019/10/17-14:54:06.464521 7fc3a9fcb700         Options.memtable_factory: SkipListFactory
2019/10/17-14:54:06.464522 7fc3a9fcb700            Options.table_factory: BlockBasedTable
2019/10/17-14:54:06.464545 7fc3a9fcb700            table_factory options:   flush_block_policy_factory: FlushBlockBySizePolicyFactory (0x7fc3500249a0)
  cache_index_and_filter_blocks: 0
  cache_index_and_filter_blocks_with_high_priority: 0
  pin_l0_filter_and_index_blocks_in_cache: 0
  pin_top_level_index_and_filter: 1
  index_type: 0
  hash_index_allow_collision: 1
  checksum: 1
  no_block_cache: 0
  block_cache: 0x7fc3500f3660
  block_cache_name: LRUCache
  block_cache_options:
    capacity : 8388608
    num_shard_bits : 4
    strict_capacity_limit : 0
    memory_allocator : None
    high_pri_pool_ratio: 0.000
  block_cache_compressed: (nil)
  persistent_cache: (nil)
  block_size: 4096
  block_size_deviation: 10
  block_restart_interval: 16
  index_block_restart_interval: 1
  metadata_block_size: 4096
  partition_filters: 0
  use_delta_encoding: 1
  filter_policy: nullptr
  whole_key_filtering: 1
  verify_compression: 0
  read_amp_bytes_per_bit: 0
  format_version: 2
  enable_index_compression: 1
  block_align: 0
2019/10/17-14:54:06.464559 7fc3a9fcb700        Options.write_buffer_size: 67108864
2019/10/17-14:54:06.464561 7fc3a9fcb700  Options.max_write_buffer_number: 2
2019/10/17-14:54:06.464563 7fc3a9fcb700          Options.compression: NoCompression
2019/10/17-14:54:06.464564 7fc3a9fcb700                  Options.bottommost_compression: Disabled
2019/10/17-14:54:06.464565 7fc3a9fcb700       Options.prefix_extractor: nullptr
2019/10/17-14:54:06.464567 7fc3a9fcb700   Options.memtable_insert_with_hint_prefix_extractor: nullptr
2019/10/17-14:54:06.464568 7fc3a9fcb700             Options.num_levels: 7
2019/10/17-14:54:06.464569 7fc3a9fcb700        Options.min_write_buffer_number_to_merge: 1
2019/10/17-14:54:06.464570 7fc3a9fcb700     Options.max_write_buffer_number_to_maintain: 0
2019/10/17-14:54:06.464572 7fc3a9fcb700            Options.bottommost_compression_opts.window_bits: -14
2019/10/17-14:54:06.464573 7fc3a9fcb700                  Options.bottommost_compression_opts.level: 32767
2019/10/17-14:54:06.464574 7fc3a9fcb700               Options.bottommost_compression_opts.strategy: 0
2019/10/17-14:54:06.464575 7fc3a9fcb700         Options.bottommost_compression_opts.max_dict_bytes: 0
2019/10/17-14:54:06.464577 7fc3a9fcb700         Options.bottommost_compression_opts.zstd_max_train_bytes: 0
2019/10/17-14:54:06.464578 7fc3a9fcb700                  Options.bottommost_compression_opts.enabled: false
2019/10/17-14:54:06.464579 7fc3a9fcb700            Options.compression_opts.window_bits: -14
2019/10/17-14:54:06.464581 7fc3a9fcb700                  Options.compression_opts.level: 32767
2019/10/17-14:54:06.464582 7fc3a9fcb700               Options.compression_opts.strategy: 0
2019/10/17-14:54:06.464583 7fc3a9fcb700         Options.compression_opts.max_dict_bytes: 0
2019/10/17-14:54:06.464584 7fc3a9fcb700         Options.compression_opts.zstd_max_train_bytes: 0
2019/10/17-14:54:06.464586 7fc3a9fcb700                  Options.compression_opts.enabled: false
2019/10/17-14:54:06.464587 7fc3a9fcb700      Options.level0_file_num_compaction_trigger: 4
2019/10/17-14:54:06.464588 7fc3a9fcb700          Options.level0_slowdown_writes_trigger: 20
2019/10/17-14:54:06.464589 7fc3a9fcb700              Options.level0_stop_writes_trigger: 36
2019/10/17-14:54:06.464591 7fc3a9fcb700                   Options.target_file_size_base: 67108864
2019/10/17-14:54:06.464592 7fc3a9fcb700             Options.target_file_size_multiplier: 1
2019/10/17-14:54:06.464593 7fc3a9fcb700                Options.max_bytes_for_level_base: 268435456
2019/10/17-14:54:06.464595 7fc3a9fcb700 Options.level_compaction_dynamic_level_bytes: 0
2019/10/17-14:54:06.464596 7fc3a9fcb700          Options.max_bytes_for_level_multiplier: 10.000000
2019/10/17-14:54:06.464599 7fc3a9fcb700 Options.max_bytes_for_level_multiplier_addtl[0]: 1
2019/10/17-14:54:06.464600 7fc3a9fcb700 Options.max_bytes_for_level_multiplier_addtl[1]: 1
2019/10/17-14:54:06.464602 7fc3a9fcb700 Options.max_bytes_for_level_multiplier_addtl[2]: 1
2019/10/17-14:54:06.464603 7fc3a9fcb700 Options.max_bytes_for_level_multiplier_addtl[3]: 1
2019/10/17-14:54:06.464604 7fc3a9fcb700 Options.max_bytes_for_level_multiplier_addtl[4]: 1
2019/10/17-14:54:06.464612 7fc3a9fcb700 Options.max_bytes_for_level_multiplier_addtl[5]: 1
2019/10/17-14:54:06.464613 7fc3a9fcb700 Options.max_bytes_for_level_multiplier_addtl[6]: 1
2019/10/17-14:54:06.464614 7fc3a9fcb700       Options.max_sequential_skip_in_iterations: 8
2019/10/17-14:54:06.464616 7fc3a9fcb700                    Options.max_compaction_bytes: 1677721600
2019/10/17-14:54:06.464617 7fc3a9fcb700                        Options.arena_block_size: 8388608
2019/10/17-14:54:06.464618 7fc3a9fcb700   Options.soft_pending_compaction_bytes_limit: 68719476736
2019/10/17-14:54:06.464620 7fc3a9fcb700   Options.hard_pending_compaction_bytes_limit: 274877906944
2019/10/17-14:54:06.464621 7fc3a9fcb700       Options.rate_limit_delay_max_milliseconds: 100
2019/10/17-14:54:06.464622 7fc3a9fcb700                Options.disable_auto_compactions: 0
2019/10/17-14:54:06.464624 7fc3a9fcb700                        Options.compaction_style: kCompactionStyleLevel
2019/10/17-14:54:06.464626 7fc3a9fcb700                          Options.compaction_pri: kByCompensatedSize
2019/10/17-14:54:06.464627 7fc3a9fcb700 Options.compaction_options_universal.size_ratio: 1
2019/10/17-14:54:06.464628 7fc3a9fcb700 Options.compaction_options_universal.min_merge_width: 2
2019/10/17-14:54:06.464629 7fc3a9fcb700 Options.compaction_options_universal.max_merge_width: 4294967295
2019/10/17-14:54:06.464631 7fc3a9fcb700 Options.compaction_options_universal.max_size_amplification_percent: 200
2019/10/17-14:54:06.464632 7fc3a9fcb700 Options.compaction_options_universal.compression_size_percent: -1
2019/10/17-14:54:06.464634 7fc3a9fcb700 Options.compaction_options_universal.stop_style: kCompactionStopStyleTotalSize
2019/10/17-14:54:06.464635 7fc3a9fcb700 Options.compaction_options_fifo.max_table_files_size: 1073741824
2019/10/17-14:54:06.464637 7fc3a9fcb700 Options.compaction_options_fifo.allow_compaction: 0
2019/10/17-14:54:06.464638 7fc3a9fcb700 Options.compaction_options_fifo.ttl: 0
2019/10/17-14:54:06.464639 7fc3a9fcb700                   Options.table_properties_collectors: 
2019/10/17-14:54:06.464640 7fc3a9fcb700                   Options.inplace_update_support: 0
2019/10/17-14:54:06.464642 7fc3a9fcb700                 Options.inplace_update_num_locks: 10000
2019/10/17-14:54:06.464643 7fc3a9fcb700               Options.memtable_prefix_bloom_size_ratio: 0.000000
2019/10/17-14:54:06.464645 7fc3a9fcb700   Options.memtable_huge_page_size: 0
2019/10/17-14:54:06.464646 7fc3a9fcb700                           Options.bloom_locality: 0
2019/10/17-14:54:06.464647 7fc3a9fcb700                    Options.max_successive_merges: 0
2019/10/17-14:54:06.464649 7fc3a9fcb700                Options.optimize_filters_for_hits: 0
2019/10/17-14:54:06.464650 7fc3a9fcb700                Options.paranoid_file_checks: 0
2019/10/17-14:54:06.464651 7fc3a9fcb700                Options.force_consistency_checks: 0
2019/10/17-14:54:06.464652 7fc3a9fcb700                Options.report_bg_io_stats: 0
2019/10/17-14:54:06.464653 7fc3a9fcb700                               Options.ttl: 0
2019/10/17-14:54:06.464699 7fc3a9fcb700 [db/column_family.cc:472] --------------- Options for column family [active_gateways]:
2019/10/17-14:54:06.464702 7fc3a9fcb700               Options.comparator: leveldb.BytewiseComparator
2019/10/17-14:54:06.464703 7fc3a9fcb700           Options.merge_operator: None
2019/10/17-14:54:06.464704 7fc3a9fcb700        Options.compaction_filter: None
2019/10/17-14:54:06.464706 7fc3a9fcb700        Options.compaction_filter_factory: None
2019/10/17-14:54:06.464707 7fc3a9fcb700         Options.memtable_factory: SkipListFactory
2019/10/17-14:54:06.464708 7fc3a9fcb700            Options.table_factory: BlockBasedTable
2019/10/17-14:54:06.464726 7fc3a9fcb700            table_factory options:   flush_block_policy_factory: FlushBlockBySizePolicyFactory (0x7fc350024c00)
  cache_index_and_filter_blocks: 0
  cache_index_and_filter_blocks_with_high_priority: 0
  pin_l0_filter_and_index_blocks_in_cache: 0
  pin_top_level_index_and_filter: 1
  index_type: 0
  hash_index_allow_collision: 1
  checksum: 1
  no_block_cache: 0
  block_cache: 0x7fc3500db720
  block_cache_name: LRUCache
  block_cache_options:
    capacity : 8388608
    num_shard_bits : 4
    strict_capacity_limit : 0
    memory_allocator : None
    high_pri_pool_ratio: 0.000
  block_cache_compressed: (nil)
  persistent_cache: (nil)
  block_size: 4096
  block_size_deviation: 10
  block_restart_interval: 16
  index_block_restart_interval: 1
  metadata_block_size: 4096
  partition_filters: 0
  use_delta_encoding: 1
  filter_policy: nullptr
  whole_key_filtering: 1
  verify_compression: 0
  read_amp_bytes_per_bit: 0
  format_version: 2
  enable_index_compression: 1
  block_align: 0
2019/10/17-14:54:06.464737 7fc3a9fcb700        Options.write_buffer_size: 67108864
2019/10/17-14:54:06.464739 7fc3a9fcb700  Options.max_write_buffer_number: 2
2019/10/17-14:54:06.464740 7fc3a9fcb700          Options.compression: NoCompression
2019/10/17-14:54:06.464741 7fc3a9fcb700                  Options.bottommost_compression: Disabled
2019/10/17-14:54:06.464743 7fc3a9fcb700       Options.prefix_extractor: nullptr
2019/10/17-14:54:06.464744 7fc3a9fcb700   Options.memtable_insert_with_hint_prefix_extractor: nullptr
2019/10/17-14:54:06.464745 7fc3a9fcb700             Options.num_levels: 7
2019/10/17-14:54:06.464746 7fc3a9fcb700        Options.min_write_buffer_number_to_merge: 1
2019/10/17-14:54:06.464747 7fc3a9fcb700     Options.max_write_buffer_number_to_maintain: 0
2019/10/17-14:54:06.464749 7fc3a9fcb700            Options.bottommost_compression_opts.window_bits: -14
2019/10/17-14:54:06.464750 7fc3a9fcb700                  Options.bottommost_compression_opts.level: 32767
2019/10/17-14:54:06.464751 7fc3a9fcb700               Options.bottommost_compression_opts.strategy: 0
2019/10/17-14:54:06.464752 7fc3a9fcb700         Options.bottommost_compression_opts.max_dict_bytes: 0
2019/10/17-14:54:06.464754 7fc3a9fcb700         Options.bottommost_compression_opts.zstd_max_train_bytes: 0
2019/10/17-14:54:06.464755 7fc3a9fcb700                  Options.bottommost_compression_opts.enabled: false
2019/10/17-14:54:06.464756 7fc3a9fcb700            Options.compression_opts.window_bits: -14
2019/10/17-14:54:06.464758 7fc3a9fcb700                  Options.compression_opts.level: 32767
2019/10/17-14:54:06.464759 7fc3a9fcb700               Options.compression_opts.strategy: 0
2019/10/17-14:54:06.464760 7fc3a9fcb700         Options.compression_opts.max_dict_bytes: 0
2019/10/17-14:54:06.464761 7fc3a9fcb700         Options.compression_opts.zstd_max_train_bytes: 0
2019/10/17-14:54:06.464762 7fc3a9fcb700                  Options.compression_opts.enabled: false
2019/10/17-14:54:06.464764 7fc3a9fcb700      Options.level0_file_num_compaction_trigger: 4
2019/10/17-14:54:06.464765 7fc3a9fcb700          Options.level0_slowdown_writes_trigger: 20
2019/10/17-14:54:06.464766 7fc3a9fcb700              Options.level0_stop_writes_trigger: 36
2019/10/17-14:54:06.464767 7fc3a9fcb700                   Options.target_file_size_base: 67108864
2019/10/17-14:54:06.464769 7fc3a9fcb700             Options.target_file_size_multiplier: 1
2019/10/17-14:54:06.464770 7fc3a9fcb700                Options.max_bytes_for_level_base: 268435456
2019/10/17-14:54:06.464771 7fc3a9fcb700 Options.level_compaction_dynamic_level_bytes: 0
2019/10/17-14:54:06.464772 7fc3a9fcb700          Options.max_bytes_for_level_multiplier: 10.000000
2019/10/17-14:54:06.464775 7fc3a9fcb700 Options.max_bytes_for_level_multiplier_addtl[0]: 1
2019/10/17-14:54:06.464776 7fc3a9fcb700 Options.max_bytes_for_level_multiplier_addtl[1]: 1
2019/10/17-14:54:06.464777 7fc3a9fcb700 Options.max_bytes_for_level_multiplier_addtl[2]: 1
2019/10/17-14:54:06.464779 7fc3a9fcb700 Options.max_bytes_for_level_multiplier_addtl[3]: 1
2019/10/17-14:54:06.464780 7fc3a9fcb700 Options.max_bytes_for_level_multiplier_addtl[4]: 1
2019/10/17-14:54:06.464781 7fc3a9fcb700 Options.max_bytes_for_level_multiplier_addtl[5]: 1
2019/10/17-14:54:06.464782 7fc3a9fcb700 Options.max_bytes_for_level_multiplier_addtl[6]: 1
2019/10/17-14:54:06.464784 7fc3a9fcb700       Options.max_sequential_skip_in_iterations: 8
2019/10/17-14:54:06.464791 7fc3a9fcb700                    Options.max_compaction_bytes: 1677721600
2019/10/17-14:54:06.464793 7fc3a9fcb700                        Options.arena_block_size: 8388608
2019/10/17-14:54:06.464794 7fc3a9fcb700   Options.soft_pending_compaction_bytes_limit: 68719476736
2019/10/17-14:54:06.464795 7fc3a9fcb700   Options.hard_pending_compaction_bytes_limit: 274877906944
2019/10/17-14:54:06.464797 7fc3a9fcb700       Options.rate_limit_delay_max_milliseconds: 100
2019/10/17-14:54:06.464798 7fc3a9fcb700                Options.disable_auto_compactions: 0
2019/10/17-14:54:06.464799 7fc3a9fcb700                        Options.compaction_style: kCompactionStyleLevel
2019/10/17-14:54:06.464801 7fc3a9fcb700                          Options.compaction_pri: kByCompensatedSize
2019/10/17-14:54:06.464802 7fc3a9fcb700 Options.compaction_options_universal.size_ratio: 1
2019/10/17-14:54:06.464804 7fc3a9fcb700 Options.compaction_options_universal.min_merge_width: 2
2019/10/17-14:54:06.464805 7fc3a9fcb700 Options.compaction_options_universal.max_merge_width: 4294967295
2019/10/17-14:54:06.464806 7fc3a9fcb700 Options.compaction_options_universal.max_size_amplification_percent: 200
2019/10/17-14:54:06.464807 7fc3a9fcb700 Options.compaction_options_universal.compression_size_percent: -1
2019/10/17-14:54:06.464809 7fc3a9fcb700 Options.compaction_options_universal.stop_style: kCompactionStopStyleTotalSize
2019/10/17-14:54:06.464810 7fc3a9fcb700 Options.compaction_options_fifo.max_table_files_size: 1073741824
2019/10/17-14:54:06.464811 7fc3a9fcb700 Options.compaction_options_fifo.allow_compaction: 0
2019/10/17-14:54:06.464813 7fc3a9fcb700 Options.compaction_options_fifo.ttl: 0
2019/10/17-14:54:06.464814 7fc3a9fcb700                   Options.table_properties_collectors: 
2019/10/17-14:54:06.464815 7fc3a9fcb700                   Options.inplace_update_support: 0
2019/10/17-14:54:06.464816 7fc3a9fcb700                 Options.inplace_update_num_locks: 10000
2019/10/17-14:54:06.464818 7fc3a9fcb700               Options.memtable_prefix_bloom_size_ratio: 0.000000
2019/10/17-14:54:06.464819 7fc3a9fcb700   Options.memtable_huge_page_size: 0
2019/10/17-14:54:06.464820 7fc3a9fcb700                           Options.bloom_locality: 0
2019/10/17-14:54:06.464822 7fc3a9fcb700                    Options.max_successive_merges: 0
2019/10/17-14:54:06.464823 7fc3a9fcb700                Options.optimize_filters_for_hits: 0
2019/10/17-14:54:06.464824 7fc3a9fcb700                Options.paranoid_file_checks: 0
2019/10/17-14:54:06.464825 7fc3a9fcb700                Options.force_consistency_checks: 0
2019/10/17-14:54:06.464826 7fc3a9fcb700                Options.report_bg_io_stats: 0
2019/10/17-14:54:06.464828 7fc3a9fcb700                               Options.ttl: 0
2019/10/17-14:54:06.464853 7fc3a9fcb700 [db/column_family.cc:472] --------------- Options for column family [entries]:
2019/10/17-14:54:06.464856 7fc3a9fcb700               Options.comparator: leveldb.BytewiseComparator
2019/10/17-14:54:06.464857 7fc3a9fcb700           Options.merge_operator: None
2019/10/17-14:54:06.464858 7fc3a9fcb700        Options.compaction_filter: None
2019/10/17-14:54:06.464860 7fc3a9fcb700        Options.compaction_filter_factory: None
2019/10/17-14:54:06.464861 7fc3a9fcb700         Options.memtable_factory: SkipListFactory
2019/10/17-14:54:06.464862 7fc3a9fcb700            Options.table_factory: BlockBasedTable
2019/10/17-14:54:06.464878 7fc3a9fcb700            table_factory options:   flush_block_policy_factory: FlushBlockBySizePolicyFactory (0x7fc35007a6f0)
  cache_index_and_filter_blocks: 0
  cache_index_and_filter_blocks_with_high_priority: 0
  pin_l0_filter_and_index_blocks_in_cache: 0
  pin_top_level_index_and_filter: 1
  index_type: 0
  hash_index_allow_collision: 1
  checksum: 1
  no_block_cache: 0
  block_cache: 0x7fc350036960
  block_cache_name: LRUCache
  block_cache_options:
    capacity : 8388608
    num_shard_bits : 4
    strict_capacity_limit : 0
    memory_allocator : None
    high_pri_pool_ratio: 0.000
  block_cache_compressed: (nil)
  persistent_cache: (nil)
  block_size: 4096
  block_size_deviation: 10
  block_restart_interval: 16
  index_block_restart_interval: 1
  metadata_block_size: 4096
  partition_filters: 0
  use_delta_encoding: 1
  filter_policy: nullptr
  whole_key_filtering: 1
  verify_compression: 0
  read_amp_bytes_per_bit: 0
  format_version: 2
  enable_index_compression: 1
  block_align: 0
2019/10/17-14:54:06.464888 7fc3a9fcb700        Options.write_buffer_size: 67108864
2019/10/17-14:54:06.464889 7fc3a9fcb700  Options.max_write_buffer_number: 2
2019/10/17-14:54:06.464891 7fc3a9fcb700          Options.compression: NoCompression
2019/10/17-14:54:06.464892 7fc3a9fcb700                  Options.bottommost_compression: Disabled
2019/10/17-14:54:06.464893 7fc3a9fcb700       Options.prefix_extractor: nullptr
2019/10/17-14:54:06.464895 7fc3a9fcb700   Options.memtable_insert_with_hint_prefix_extractor: nullptr
2019/10/17-14:54:06.464896 7fc3a9fcb700             Options.num_levels: 7
2019/10/17-14:54:06.464897 7fc3a9fcb700        Options.min_write_buffer_number_to_merge: 1
2019/10/17-14:54:06.464898 7fc3a9fcb700     Options.max_write_buffer_number_to_maintain: 0
2019/10/17-14:54:06.464899 7fc3a9fcb700            Options.bottommost_compression_opts.window_bits: -14
2019/10/17-14:54:06.464901 7fc3a9fcb700                  Options.bottommost_compression_opts.level: 32767
2019/10/17-14:54:06.464902 7fc3a9fcb700               Options.bottommost_compression_opts.strategy: 0
2019/10/17-14:54:06.464903 7fc3a9fcb700         Options.bottommost_compression_opts.max_dict_bytes: 0
2019/10/17-14:54:06.464904 7fc3a9fcb700         Options.bottommost_compression_opts.zstd_max_train_bytes: 0
2019/10/17-14:54:06.464906 7fc3a9fcb700                  Options.bottommost_compression_opts.enabled: false
2019/10/17-14:54:06.464907 7fc3a9fcb700            Options.compression_opts.window_bits: -14
2019/10/17-14:54:06.464908 7fc3a9fcb700                  Options.compression_opts.level: 32767
2019/10/17-14:54:06.464909 7fc3a9fcb700               Options.compression_opts.strategy: 0
2019/10/17-14:54:06.464910 7fc3a9fcb700         Options.compression_opts.max_dict_bytes: 0
2019/10/17-14:54:06.464912 7fc3a9fcb700         Options.compression_opts.zstd_max_train_bytes: 0
2019/10/17-14:54:06.464913 7fc3a9fcb700                  Options.compression_opts.enabled: false
2019/10/17-14:54:06.464914 7fc3a9fcb700      Options.level0_file_num_compaction_trigger: 4
2019/10/17-14:54:06.464915 7fc3a9fcb700          Options.level0_slowdown_writes_trigger: 20
2019/10/17-14:54:06.464917 7fc3a9fcb700              Options.level0_stop_writes_trigger: 36
2019/10/17-14:54:06.464918 7fc3a9fcb700                   Options.target_file_size_base: 67108864
2019/10/17-14:54:06.464919 7fc3a9fcb700             Options.target_file_size_multiplier: 1
2019/10/17-14:54:06.464920 7fc3a9fcb700                Options.max_bytes_for_level_base: 268435456
2019/10/17-14:54:06.464922 7fc3a9fcb700 Options.level_compaction_dynamic_level_bytes: 0
2019/10/17-14:54:06.464923 7fc3a9fcb700          Options.max_bytes_for_level_multiplier: 10.000000
2019/10/17-14:54:06.464925 7fc3a9fcb700 Options.max_bytes_for_level_multiplier_addtl[0]: 1
2019/10/17-14:54:06.464926 7fc3a9fcb700 Options.max_bytes_for_level_multiplier_addtl[1]: 1
2019/10/17-14:54:06.464928 7fc3a9fcb700 Options.max_bytes_for_level_multiplier_addtl[2]: 1
2019/10/17-14:54:06.464929 7fc3a9fcb700 Options.max_bytes_for_level_multiplier_addtl[3]: 1
2019/10/17-14:54:06.464930 7fc3a9fcb700 Options.max_bytes_for_level_multiplier_addtl[4]: 1
2019/10/17-14:54:06.464932 7fc3a9fcb700 Options.max_bytes_for_level_multiplier_addtl[5]: 1
2019/10/17-14:54:06.464933 7fc3a9fcb700 Options.max_bytes_for_level_multiplier_addtl[6]: 1
2019/10/17-14:54:06.464934 7fc3a9fcb700       Options.max_sequential_skip_in_iterations: 8
2019/10/17-14:54:06.464935 7fc3a9fcb700                    Options.max_compaction_bytes: 1677721600
2019/10/17-14:54:06.464937 7fc3a9fcb700                        Options.arena_block_size: 8388608
2019/10/17-14:54:06.464938 7fc3a9fcb700   Options.soft_pending_compaction_bytes_limit: 68719476736
2019/10/17-14:54:06.464945 7fc3a9fcb700   Options.hard_pending_compaction_bytes_limit: 274877906944
2019/10/17-14:54:06.464947 7fc3a9fcb700       Options.rate_limit_delay_max_milliseconds: 100
2019/10/17-14:54:06.464948 7fc3a9fcb700                Options.disable_auto_compactions: 0
2019/10/17-14:54:06.464950 7fc3a9fcb700                        Options.compaction_style: kCompactionStyleLevel
2019/10/17-14:54:06.464951 7fc3a9fcb700                          Options.compaction_pri: kByCompensatedSize
2019/10/17-14:54:06.464952 7fc3a9fcb700 Options.compaction_options_universal.size_ratio: 1
2019/10/17-14:54:06.464954 7fc3a9fcb700 Options.compaction_options_universal.min_merge_width: 2
2019/10/17-14:54:06.464955 7fc3a9fcb700 Options.compaction_options_universal.max_merge_width: 4294967295
2019/10/17-14:54:06.464956 7fc3a9fcb700 Options.compaction_options_universal.max_size_amplification_percent: 200
2019/10/17-14:54:06.464957 7fc3a9fcb700 Options.compaction_options_universal.compression_size_percent: -1
2019/10/17-14:54:06.464959 7fc3a9fcb700 Options.compaction_options_universal.stop_style: kCompactionStopStyleTotalSize
2019/10/17-14:54:06.464960 7fc3a9fcb700 Options.compaction_options_fifo.max_table_files_size: 1073741824
2019/10/17-14:54:06.464961 7fc3a9fcb700 Options.compaction_options_fifo.allow_compaction: 0
2019/10/17-14:54:06.464962 7fc3a9fcb700 Options.compaction_options_fifo.ttl: 0
2019/10/17-14:54:06.464964 7fc3a9fcb700                   Options.table_properties_collectors: 
2019/10/17-14:54:06.464965 7fc3a9fcb700                   Options.inplace_update_support: 0
2019/10/17-14:54:06.464966 7fc3a9fcb700                 Options.inplace_update_num_locks: 10000
2019/10/17-14:54:06.464967 7fc3a9fcb700               Options.memtable_prefix_bloom_size_ratio: 0.000000
2019/10/17-14:54:06.464969 7fc3a9fcb700   Options.memtable_huge_page_size: 0
2019/10/17-14:54:06.464970 7fc3a9fcb700                           Options.bloom_locality: 0
2019/10/17-14:54:06.464972 7fc3a9fcb700                    Options.max_successive_merges: 0
2019/10/17-14:54:06.464973 7fc3a9fcb700                Options.optimize_filters_for_hits: 0
2019/10/17-14:54:06.464974 7fc3a9fcb700                Options.paranoid_file_checks: 0
2019/10/17-14:54:06.464975 7fc3a9fcb700                Options.force_consistency_checks: 0
2019/10/17-14:54:06.464976 7fc3a9fcb700                Options.report_bg_io_stats: 0
2019/10/17-14:54:06.464978 7fc3a9fcb700                               Options.ttl: 0
2019/10/17-14:54:06.465001 7fc3a9fcb700 [db/column_family.cc:472] --------------- Options for column family [dc_entries]:
2019/10/17-14:54:06.465003 7fc3a9fcb700               Options.comparator: leveldb.BytewiseComparator
2019/10/17-14:54:06.465004 7fc3a9fcb700           Options.merge_operator: None
2019/10/17-14:54:06.465006 7fc3a9fcb700        Options.compaction_filter: None
2019/10/17-14:54:06.465007 7fc3a9fcb700        Options.compaction_filter_factory: None
2019/10/17-14:54:06.465008 7fc3a9fcb700         Options.memtable_factory: SkipListFactory
2019/10/17-14:54:06.465009 7fc3a9fcb700            Options.table_factory: BlockBasedTable
2019/10/17-14:54:06.465025 7fc3a9fcb700            table_factory options:   flush_block_policy_factory: FlushBlockBySizePolicyFactory (0x7fc350101ca0)
  cache_index_and_filter_blocks: 0
  cache_index_and_filter_blocks_with_high_priority: 0
  pin_l0_filter_and_index_blocks_in_cache: 0
  pin_top_level_index_and_filter: 1
  index_type: 0
  hash_index_allow_collision: 1
  checksum: 1
  no_block_cache: 0
  block_cache: 0x7fc350095fe0
  block_cache_name: LRUCache
  block_cache_options:
    capacity : 8388608
    num_shard_bits : 4
    strict_capacity_limit : 0
    memory_allocator : None
    high_pri_pool_ratio: 0.000
  block_cache_compressed: (nil)
  persistent_cache: (nil)
  block_size: 4096
  block_size_deviation: 10
  block_restart_interval: 16
  index_block_restart_interval: 1
  metadata_block_size: 4096
  partition_filters: 0
  use_delta_encoding: 1
  filter_policy: nullptr
  whole_key_filtering: 1
  verify_compression: 0
  read_amp_bytes_per_bit: 0
  format_version: 2
  enable_index_compression: 1
  block_align: 0
2019/10/17-14:54:06.465034 7fc3a9fcb700        Options.write_buffer_size: 67108864
2019/10/17-14:54:06.465036 7fc3a9fcb700  Options.max_write_buffer_number: 2
2019/10/17-14:54:06.465037 7fc3a9fcb700          Options.compression: NoCompression
2019/10/17-14:54:06.465039 7fc3a9fcb700                  Options.bottommost_compression: Disabled
2019/10/17-14:54:06.465040 7fc3a9fcb700       Options.prefix_extractor: nullptr
2019/10/17-14:54:06.465041 7fc3a9fcb700   Options.memtable_insert_with_hint_prefix_extractor: nullptr
2019/10/17-14:54:06.465042 7fc3a9fcb700             Options.num_levels: 7
2019/10/17-14:54:06.465043 7fc3a9fcb700        Options.min_write_buffer_number_to_merge: 1
2019/10/17-14:54:06.465045 7fc3a9fcb700     Options.max_write_buffer_number_to_maintain: 0
2019/10/17-14:54:06.465046 7fc3a9fcb700            Options.bottommost_compression_opts.window_bits: -14
2019/10/17-14:54:06.465047 7fc3a9fcb700                  Options.bottommost_compression_opts.level: 32767
2019/10/17-14:54:06.465048 7fc3a9fcb700               Options.bottommost_compression_opts.strategy: 0
2019/10/17-14:54:06.465050 7fc3a9fcb700         Options.bottommost_compression_opts.max_dict_bytes: 0
2019/10/17-14:54:06.465051 7fc3a9fcb700         Options.bottommost_compression_opts.zstd_max_train_bytes: 0
2019/10/17-14:54:06.465052 7fc3a9fcb700                  Options.bottommost_compression_opts.enabled: false
2019/10/17-14:54:06.465053 7fc3a9fcb700            Options.compression_opts.window_bits: -14
2019/10/17-14:54:06.465054 7fc3a9fcb700                  Options.compression_opts.level: 32767
2019/10/17-14:54:06.465056 7fc3a9fcb700               Options.compression_opts.strategy: 0
2019/10/17-14:54:06.465057 7fc3a9fcb700         Options.compression_opts.max_dict_bytes: 0
2019/10/17-14:54:06.465058 7fc3a9fcb700         Options.compression_opts.zstd_max_train_bytes: 0
2019/10/17-14:54:06.465059 7fc3a9fcb700                  Options.compression_opts.enabled: false
2019/10/17-14:54:06.465061 7fc3a9fcb700      Options.level0_file_num_compaction_trigger: 4
2019/10/17-14:54:06.465062 7fc3a9fcb700          Options.level0_slowdown_writes_trigger: 20
2019/10/17-14:54:06.465063 7fc3a9fcb700              Options.level0_stop_writes_trigger: 36
2019/10/17-14:54:06.465064 7fc3a9fcb700                   Options.target_file_size_base: 67108864
2019/10/17-14:54:06.465066 7fc3a9fcb700             Options.target_file_size_multiplier: 1
2019/10/17-14:54:06.465067 7fc3a9fcb700                Options.max_bytes_for_level_base: 268435456
2019/10/17-14:54:06.465068 7fc3a9fcb700 Options.level_compaction_dynamic_level_bytes: 0
2019/10/17-14:54:06.465069 7fc3a9fcb700          Options.max_bytes_for_level_multiplier: 10.000000
2019/10/17-14:54:06.465071 7fc3a9fcb700 Options.max_bytes_for_level_multiplier_addtl[0]: 1
2019/10/17-14:54:06.465073 7fc3a9fcb700 Options.max_bytes_for_level_multiplier_addtl[1]: 1
2019/10/17-14:54:06.465074 7fc3a9fcb700 Options.max_bytes_for_level_multiplier_addtl[2]: 1
2019/10/17-14:54:06.465075 7fc3a9fcb700 Options.max_bytes_for_level_multiplier_addtl[3]: 1
2019/10/17-14:54:06.465076 7fc3a9fcb700 Options.max_bytes_for_level_multiplier_addtl[4]: 1
2019/10/17-14:54:06.465078 7fc3a9fcb700 Options.max_bytes_for_level_multiplier_addtl[5]: 1
2019/10/17-14:54:06.465079 7fc3a9fcb700 Options.max_bytes_for_level_multiplier_addtl[6]: 1
2019/10/17-14:54:06.465080 7fc3a9fcb700       Options.max_sequential_skip_in_iterations: 8
2019/10/17-14:54:06.465081 7fc3a9fcb700                    Options.max_compaction_bytes: 1677721600
2019/10/17-14:54:06.465083 7fc3a9fcb700                        Options.arena_block_size: 8388608
2019/10/17-14:54:06.465084 7fc3a9fcb700   Options.soft_pending_compaction_bytes_limit: 68719476736
2019/10/17-14:54:06.465085 7fc3a9fcb700   Options.hard_pending_compaction_bytes_limit: 274877906944
2019/10/17-14:54:06.465087 7fc3a9fcb700       Options.rate_limit_delay_max_milliseconds: 100
2019/10/17-14:54:06.465088 7fc3a9fcb700                Options.disable_auto_compactions: 0
2019/10/17-14:54:06.465095 7fc3a9fcb700                        Options.compaction_style: kCompactionStyleLevel
2019/10/17-14:54:06.465097 7fc3a9fcb700                          Options.compaction_pri: kByCompensatedSize
2019/10/17-14:54:06.465098 7fc3a9fcb700 Options.compaction_options_universal.size_ratio: 1
2019/10/17-14:54:06.465100 7fc3a9fcb700 Options.compaction_options_universal.min_merge_width: 2
2019/10/17-14:54:06.465101 7fc3a9fcb700 Options.compaction_options_universal.max_merge_width: 4294967295
2019/10/17-14:54:06.465102 7fc3a9fcb700 Options.compaction_options_universal.max_size_amplification_percent: 200
2019/10/17-14:54:06.465103 7fc3a9fcb700 Options.compaction_options_universal.compression_size_percent: -1
2019/10/17-14:54:06.465105 7fc3a9fcb700 Options.compaction_options_universal.stop_style: kCompactionStopStyleTotalSize
2019/10/17-14:54:06.465106 7fc3a9fcb700 Options.compaction_options_fifo.max_table_files_size: 1073741824
2019/10/17-14:54:06.465107 7fc3a9fcb700 Options.compaction_options_fifo.allow_compaction: 0
2019/10/17-14:54:06.465108 7fc3a9fcb700 Options.compaction_options_fifo.ttl: 0
2019/10/17-14:54:06.465110 7fc3a9fcb700                   Options.table_properties_collectors: 
2019/10/17-14:54:06.465111 7fc3a9fcb700                   Options.inplace_update_support: 0
2019/10/17-14:54:06.465112 7fc3a9fcb700                 Options.inplace_update_num_locks: 10000
2019/10/17-14:54:06.465113 7fc3a9fcb700               Options.memtable_prefix_bloom_size_ratio: 0.000000
2019/10/17-14:54:06.465115 7fc3a9fcb700   Options.memtable_huge_page_size: 0
2019/10/17-14:54:06.465116 7fc3a9fcb700                           Options.bloom_locality: 0
2019/10/17-14:54:06.465117 7fc3a9fcb700                    Options.max_successive_merges: 0
2019/10/17-14:54:06.465119 7fc3a9fcb700                Options.optimize_filters_for_hits: 0
2019/10/17-14:54:06.465120 7fc3a9fcb700                Options.paranoid_file_checks: 0
2019/10/17-14:54:06.465121 7fc3a9fcb700                Options.force_consistency_checks: 0
2019/10/17-14:54:06.465122 7fc3a9fcb700                Options.report_bg_io_stats: 0
2019/10/17-14:54:06.465124 7fc3a9fcb700                               Options.ttl: 0
2019/10/17-14:54:06.465144 7fc3a9fcb700 [db/column_family.cc:472] --------------- Options for column family [htlcs]:
2019/10/17-14:54:06.465146 7fc3a9fcb700               Options.comparator: leveldb.BytewiseComparator
2019/10/17-14:54:06.465147 7fc3a9fcb700           Options.merge_operator: None
2019/10/17-14:54:06.465148 7fc3a9fcb700        Options.compaction_filter: None
2019/10/17-14:54:06.465150 7fc3a9fcb700        Options.compaction_filter_factory: None
2019/10/17-14:54:06.465151 7fc3a9fcb700         Options.memtable_factory: SkipListFactory
2019/10/17-14:54:06.465152 7fc3a9fcb700            Options.table_factory: BlockBasedTable
2019/10/17-14:54:06.465167 7fc3a9fcb700            table_factory options:   flush_block_policy_factory: FlushBlockBySizePolicyFactory (0x7fc3500169c0)
