2019/10/17-14:56:04.080247 7fbc2cd30700 RocksDB version: 5.18.3
2019/10/17-14:56:04.080275 7fbc2cd30700 Git sha rocksdb_build_git_sha:@0@
2019/10/17-14:56:04.080277 7fbc2cd30700 Compile date Sep 19 2019
2019/10/17-14:56:04.080278 7fbc2cd30700 DB SUMMARY
2019/10/17-14:56:04.080866 7fbc2cd30700 CURRENT file:  CURRENT
2019/10/17-14:56:04.080867 7fbc2cd30700 IDENTITY file:  IDENTITY
2019/10/17-14:56:04.080891 7fbc2cd30700 MANIFEST file:  MANIFEST-116734 size: 4114 Bytes
2019/10/17-14:56:04.080892 7fbc2cd30700 SST files in /home/rahul/dev/blockchain-core/eqc/ledger.db dir, Total Num: 29, files: 000624.sst 000627.sst 106940.sst 108447.sst 108450.sst 109471.sst 109483.sst 109485.sst 109486.sst 
2019/10/17-14:56:04.080893 7fbc2cd30700 Write Ahead Log file in /home/rahul/dev/blockchain-core/eqc/ledger.db: 116735.log size: 0 ; 
2019/10/17-14:56:04.080922 7fbc2cd30700                         Options.error_if_exists: 0
2019/10/17-14:56:04.080923 7fbc2cd30700                       Options.create_if_missing: 1
2019/10/17-14:56:04.080924 7fbc2cd30700                         Options.paranoid_checks: 1
2019/10/17-14:56:04.080924 7fbc2cd30700                                     Options.env: 0x7fbbafa7bc60
2019/10/17-14:56:04.080925 7fbc2cd30700                                Options.info_log: 0x7fbbb809b3f0
2019/10/17-14:56:04.080926 7fbc2cd30700                Options.max_file_opening_threads: 16
2019/10/17-14:56:04.080926 7fbc2cd30700                              Options.statistics: (nil)
2019/10/17-14:56:04.080927 7fbc2cd30700                               Options.use_fsync: 0
2019/10/17-14:56:04.080928 7fbc2cd30700                       Options.max_log_file_size: 0
2019/10/17-14:56:04.080929 7fbc2cd30700                  Options.max_manifest_file_size: 1073741824
2019/10/17-14:56:04.080929 7fbc2cd30700                   Options.log_file_time_to_roll: 0
2019/10/17-14:56:04.080930 7fbc2cd30700                       Options.keep_log_file_num: 1000
2019/10/17-14:56:04.080931 7fbc2cd30700                    Options.recycle_log_file_num: 0
2019/10/17-14:56:04.080931 7fbc2cd30700                         Options.allow_fallocate: 1
2019/10/17-14:56:04.080932 7fbc2cd30700                        Options.allow_mmap_reads: 0
2019/10/17-14:56:04.080933 7fbc2cd30700                       Options.allow_mmap_writes: 0
2019/10/17-14:56:04.080933 7fbc2cd30700                        Options.use_direct_reads: 0
2019/10/17-14:56:04.080934 7fbc2cd30700                        Options.use_direct_io_for_flush_and_compaction: 0
2019/10/17-14:56:04.080934 7fbc2cd30700          Options.create_missing_column_families: 0
2019/10/17-14:56:04.080935 7fbc2cd30700                              Options.db_log_dir: 
2019/10/17-14:56:04.080936 7fbc2cd30700                                 Options.wal_dir: /home/rahul/dev/blockchain-core/eqc/ledger.db
2019/10/17-14:56:04.080936 7fbc2cd30700                Options.table_cache_numshardbits: 6
2019/10/17-14:56:04.080937 7fbc2cd30700                      Options.max_subcompactions: 1
2019/10/17-14:56:04.080938 7fbc2cd30700                  Options.max_background_flushes: -1
2019/10/17-14:56:04.080938 7fbc2cd30700                         Options.WAL_ttl_seconds: 0
2019/10/17-14:56:04.080939 7fbc2cd30700                       Options.WAL_size_limit_MB: 0
2019/10/17-14:56:04.080940 7fbc2cd30700             Options.manifest_preallocation_size: 4194304
2019/10/17-14:56:04.080940 7fbc2cd30700                     Options.is_fd_close_on_exec: 1
2019/10/17-14:56:04.080941 7fbc2cd30700                   Options.advise_random_on_open: 1
2019/10/17-14:56:04.080942 7fbc2cd30700                    Options.db_write_buffer_size: 0
2019/10/17-14:56:04.080942 7fbc2cd30700                    Options.write_buffer_manager: 0x7fbbb80e4c00
2019/10/17-14:56:04.080943 7fbc2cd30700         Options.access_hint_on_compaction_start: 1
2019/10/17-14:56:04.080944 7fbc2cd30700  Options.new_table_reader_for_compaction_inputs: 0
2019/10/17-14:56:04.080944 7fbc2cd30700           Options.random_access_max_buffer_size: 1048576
2019/10/17-14:56:04.080945 7fbc2cd30700                      Options.use_adaptive_mutex: 0
2019/10/17-14:56:04.080946 7fbc2cd30700                            Options.rate_limiter: (nil)
2019/10/17-14:56:04.080953 7fbc2cd30700     Options.sst_file_manager.rate_bytes_per_sec: 0
2019/10/17-14:56:04.080954 7fbc2cd30700                       Options.wal_recovery_mode: 2
2019/10/17-14:56:04.080955 7fbc2cd30700                  Options.enable_thread_tracking: 0
2019/10/17-14:56:04.080955 7fbc2cd30700                  Options.enable_pipelined_write: 0
2019/10/17-14:56:04.080956 7fbc2cd30700         Options.allow_concurrent_memtable_write: 1
2019/10/17-14:56:04.080957 7fbc2cd30700      Options.enable_write_thread_adaptive_yield: 1
2019/10/17-14:56:04.080957 7fbc2cd30700             Options.write_thread_max_yield_usec: 100
2019/10/17-14:56:04.080958 7fbc2cd30700            Options.write_thread_slow_yield_usec: 3
2019/10/17-14:56:04.080959 7fbc2cd30700                               Options.row_cache: None
2019/10/17-14:56:04.080959 7fbc2cd30700                              Options.wal_filter: None
2019/10/17-14:56:04.080960 7fbc2cd30700             Options.avoid_flush_during_recovery: 0
2019/10/17-14:56:04.080961 7fbc2cd30700             Options.allow_ingest_behind: 0
2019/10/17-14:56:04.080961 7fbc2cd30700             Options.preserve_deletes: 0
2019/10/17-14:56:04.080962 7fbc2cd30700             Options.two_write_queues: 0
2019/10/17-14:56:04.080962 7fbc2cd30700             Options.manual_wal_flush: 0
2019/10/17-14:56:04.080963 7fbc2cd30700             Options.max_background_jobs: 2
2019/10/17-14:56:04.080964 7fbc2cd30700             Options.max_background_compactions: -1
2019/10/17-14:56:04.080964 7fbc2cd30700             Options.avoid_flush_during_shutdown: 0
2019/10/17-14:56:04.080965 7fbc2cd30700           Options.writable_file_max_buffer_size: 1048576
2019/10/17-14:56:04.080966 7fbc2cd30700             Options.delayed_write_rate : 16777216
2019/10/17-14:56:04.080966 7fbc2cd30700             Options.max_total_wal_size: 0
2019/10/17-14:56:04.080967 7fbc2cd30700             Options.delete_obsolete_files_period_micros: 21600000000
2019/10/17-14:56:04.080968 7fbc2cd30700                   Options.stats_dump_period_sec: 600
2019/10/17-14:56:04.080968 7fbc2cd30700                          Options.max_open_files: -1
2019/10/17-14:56:04.080969 7fbc2cd30700                          Options.bytes_per_sync: 0
2019/10/17-14:56:04.080970 7fbc2cd30700                      Options.wal_bytes_per_sync: 0
2019/10/17-14:56:04.080970 7fbc2cd30700       Options.compaction_readahead_size: 0
2019/10/17-14:56:04.080971 7fbc2cd30700 Compression algorithms supported:
2019/10/17-14:56:04.080972 7fbc2cd30700 	kZSTDNotFinalCompression supported: 0
2019/10/17-14:56:04.080973 7fbc2cd30700 	kZSTD supported: 0
2019/10/17-14:56:04.080974 7fbc2cd30700 	kXpressCompression supported: 0
2019/10/17-14:56:04.080974 7fbc2cd30700 	kLZ4HCCompression supported: 0
2019/10/17-14:56:04.080975 7fbc2cd30700 	kLZ4Compression supported: 0
2019/10/17-14:56:04.080976 7fbc2cd30700 	kBZip2Compression supported: 0
2019/10/17-14:56:04.080976 7fbc2cd30700 	kZlibCompression supported: 0
2019/10/17-14:56:04.080977 7fbc2cd30700 	kSnappyCompression supported: 0
2019/10/17-14:56:04.080979 7fbc2cd30700 Fast CRC32 supported: Supported on x86
2019/10/17-14:56:04.081056 7fbc2cd30700 [db/version_set.cc:3507] Recovering from manifest file: MANIFEST-116734
2019/10/17-14:56:04.081083 7fbc2cd30700 [db/column_family.cc:472] --------------- Options for column family [default]:
2019/10/17-14:56:04.081085 7fbc2cd30700               Options.comparator: leveldb.BytewiseComparator
2019/10/17-14:56:04.081085 7fbc2cd30700           Options.merge_operator: None
2019/10/17-14:56:04.081086 7fbc2cd30700        Options.compaction_filter: None
2019/10/17-14:56:04.081087 7fbc2cd30700        Options.compaction_filter_factory: None
2019/10/17-14:56:04.081087 7fbc2cd30700         Options.memtable_factory: SkipListFactory
2019/10/17-14:56:04.081088 7fbc2cd30700            Options.table_factory: BlockBasedTable
2019/10/17-14:56:04.081101 7fbc2cd30700            table_factory options:   flush_block_policy_factory: FlushBlockBySizePolicyFactory (0x7fbbb8309a70)
  cache_index_and_filter_blocks: 0
  cache_index_and_filter_blocks_with_high_priority: 0
  pin_l0_filter_and_index_blocks_in_cache: 0
  pin_top_level_index_and_filter: 1
  index_type: 0
  hash_index_allow_collision: 1
  checksum: 1
  no_block_cache: 0
  block_cache: 0x7fbbb81097d0
  block_cache_name: LRUCache
  block_cache_options:
    capacity : 8388608
    num_shard_bits : 4
    strict_capacity_limit : 0
    memory_allocator : None
    high_pri_pool_ratio: 0.000
  block_cache_compressed: (nil)
  persistent_cache: (nil)
  block_size: 4096
  block_size_deviation: 10
  block_restart_interval: 16
  index_block_restart_interval: 1
  metadata_block_size: 4096
  partition_filters: 0
  use_delta_encoding: 1
  filter_policy: nullptr
  whole_key_filtering: 1
  verify_compression: 0
  read_amp_bytes_per_bit: 0
  format_version: 2
  enable_index_compression: 1
  block_align: 0
2019/10/17-14:56:04.081108 7fbc2cd30700        Options.write_buffer_size: 67108864
2019/10/17-14:56:04.081109 7fbc2cd30700  Options.max_write_buffer_number: 2
2019/10/17-14:56:04.081110 7fbc2cd30700          Options.compression: NoCompression
2019/10/17-14:56:04.081111 7fbc2cd30700                  Options.bottommost_compression: Disabled
2019/10/17-14:56:04.081112 7fbc2cd30700       Options.prefix_extractor: nullptr
2019/10/17-14:56:04.081112 7fbc2cd30700   Options.memtable_insert_with_hint_prefix_extractor: nullptr
2019/10/17-14:56:04.081113 7fbc2cd30700             Options.num_levels: 7
2019/10/17-14:56:04.081113 7fbc2cd30700        Options.min_write_buffer_number_to_merge: 1
2019/10/17-14:56:04.081114 7fbc2cd30700     Options.max_write_buffer_number_to_maintain: 0
2019/10/17-14:56:04.081115 7fbc2cd30700            Options.bottommost_compression_opts.window_bits: -14
2019/10/17-14:56:04.081115 7fbc2cd30700                  Options.bottommost_compression_opts.level: 32767
2019/10/17-14:56:04.081116 7fbc2cd30700               Options.bottommost_compression_opts.strategy: 0
2019/10/17-14:56:04.081117 7fbc2cd30700         Options.bottommost_compression_opts.max_dict_bytes: 0
2019/10/17-14:56:04.081117 7fbc2cd30700         Options.bottommost_compression_opts.zstd_max_train_bytes: 0
2019/10/17-14:56:04.081118 7fbc2cd30700                  Options.bottommost_compression_opts.enabled: false
2019/10/17-14:56:04.081119 7fbc2cd30700            Options.compression_opts.window_bits: -14
2019/10/17-14:56:04.081119 7fbc2cd30700                  Options.compression_opts.level: 32767
2019/10/17-14:56:04.081120 7fbc2cd30700               Options.compression_opts.strategy: 0
2019/10/17-14:56:04.081121 7fbc2cd30700         Options.compression_opts.max_dict_bytes: 0
2019/10/17-14:56:04.081121 7fbc2cd30700         Options.compression_opts.zstd_max_train_bytes: 0
2019/10/17-14:56:04.081122 7fbc2cd30700                  Options.compression_opts.enabled: false
2019/10/17-14:56:04.081122 7fbc2cd30700      Options.level0_file_num_compaction_trigger: 4
2019/10/17-14:56:04.081123 7fbc2cd30700          Options.level0_slowdown_writes_trigger: 20
2019/10/17-14:56:04.081124 7fbc2cd30700              Options.level0_stop_writes_trigger: 36
2019/10/17-14:56:04.081124 7fbc2cd30700                   Options.target_file_size_base: 67108864
2019/10/17-14:56:04.081125 7fbc2cd30700             Options.target_file_size_multiplier: 1
2019/10/17-14:56:04.081126 7fbc2cd30700                Options.max_bytes_for_level_base: 268435456
2019/10/17-14:56:04.081126 7fbc2cd30700 Options.level_compaction_dynamic_level_bytes: 0
2019/10/17-14:56:04.081127 7fbc2cd30700          Options.max_bytes_for_level_multiplier: 10.000000
2019/10/17-14:56:04.081129 7fbc2cd30700 Options.max_bytes_for_level_multiplier_addtl[0]: 1
2019/10/17-14:56:04.081129 7fbc2cd30700 Options.max_bytes_for_level_multiplier_addtl[1]: 1
2019/10/17-14:56:04.081130 7fbc2cd30700 Options.max_bytes_for_level_multiplier_addtl[2]: 1
2019/10/17-14:56:04.081131 7fbc2cd30700 Options.max_bytes_for_level_multiplier_addtl[3]: 1
2019/10/17-14:56:04.081131 7fbc2cd30700 Options.max_bytes_for_level_multiplier_addtl[4]: 1
2019/10/17-14:56:04.081135 7fbc2cd30700 Options.max_bytes_for_level_multiplier_addtl[5]: 1
2019/10/17-14:56:04.081136 7fbc2cd30700 Options.max_bytes_for_level_multiplier_addtl[6]: 1
2019/10/17-14:56:04.081137 7fbc2cd30700       Options.max_sequential_skip_in_iterations: 8
2019/10/17-14:56:04.081137 7fbc2cd30700                    Options.max_compaction_bytes: 1677721600
2019/10/17-14:56:04.081138 7fbc2cd30700                        Options.arena_block_size: 8388608
2019/10/17-14:56:04.081139 7fbc2cd30700   Options.soft_pending_compaction_bytes_limit: 68719476736
2019/10/17-14:56:04.081139 7fbc2cd30700   Options.hard_pending_compaction_bytes_limit: 274877906944
2019/10/17-14:56:04.081140 7fbc2cd30700       Options.rate_limit_delay_max_milliseconds: 100
2019/10/17-14:56:04.081141 7fbc2cd30700                Options.disable_auto_compactions: 0
2019/10/17-14:56:04.081142 7fbc2cd30700                        Options.compaction_style: kCompactionStyleLevel
2019/10/17-14:56:04.081143 7fbc2cd30700                          Options.compaction_pri: kByCompensatedSize
2019/10/17-14:56:04.081144 7fbc2cd30700 Options.compaction_options_universal.size_ratio: 1
2019/10/17-14:56:04.081144 7fbc2cd30700 Options.compaction_options_universal.min_merge_width: 2
2019/10/17-14:56:04.081145 7fbc2cd30700 Options.compaction_options_universal.max_merge_width: 4294967295
2019/10/17-14:56:04.081146 7fbc2cd30700 Options.compaction_options_universal.max_size_amplification_percent: 200
2019/10/17-14:56:04.081146 7fbc2cd30700 Options.compaction_options_universal.compression_size_percent: -1
2019/10/17-14:56:04.081147 7fbc2cd30700 Options.compaction_options_universal.stop_style: kCompactionStopStyleTotalSize
2019/10/17-14:56:04.081148 7fbc2cd30700 Options.compaction_options_fifo.max_table_files_size: 1073741824
2019/10/17-14:56:04.081148 7fbc2cd30700 Options.compaction_options_fifo.allow_compaction: 0
2019/10/17-14:56:04.081149 7fbc2cd30700 Options.compaction_options_fifo.ttl: 0
2019/10/17-14:56:04.081150 7fbc2cd30700                   Options.table_properties_collectors: 
2019/10/17-14:56:04.081150 7fbc2cd30700                   Options.inplace_update_support: 0
2019/10/17-14:56:04.081151 7fbc2cd30700                 Options.inplace_update_num_locks: 10000
2019/10/17-14:56:04.081152 7fbc2cd30700               Options.memtable_prefix_bloom_size_ratio: 0.000000
2019/10/17-14:56:04.081153 7fbc2cd30700   Options.memtable_huge_page_size: 0
2019/10/17-14:56:04.081153 7fbc2cd30700                           Options.bloom_locality: 0
2019/10/17-14:56:04.081154 7fbc2cd30700                    Options.max_successive_merges: 0
2019/10/17-14:56:04.081154 7fbc2cd30700                Options.optimize_filters_for_hits: 0
2019/10/17-14:56:04.081155 7fbc2cd30700                Options.paranoid_file_checks: 0
2019/10/17-14:56:04.081156 7fbc2cd30700                Options.force_consistency_checks: 0
2019/10/17-14:56:04.081156 7fbc2cd30700                Options.report_bg_io_stats: 0
2019/10/17-14:56:04.081157 7fbc2cd30700                               Options.ttl: 0
2019/10/17-14:56:04.081189 7fbc2cd30700 [db/column_family.cc:472] --------------- Options for column family [active_gateways]:
2019/10/17-14:56:04.081190 7fbc2cd30700               Options.comparator: leveldb.BytewiseComparator
2019/10/17-14:56:04.081191 7fbc2cd30700           Options.merge_operator: None
2019/10/17-14:56:04.081192 7fbc2cd30700        Options.compaction_filter: None
2019/10/17-14:56:04.081192 7fbc2cd30700        Options.compaction_filter_factory: None
2019/10/17-14:56:04.081193 7fbc2cd30700         Options.memtable_factory: SkipListFactory
2019/10/17-14:56:04.081194 7fbc2cd30700            Options.table_factory: BlockBasedTable
2019/10/17-14:56:04.081203 7fbc2cd30700            table_factory options:   flush_block_policy_factory: FlushBlockBySizePolicyFactory (0x7fbbb80224e0)
  cache_index_and_filter_blocks: 0
  cache_index_and_filter_blocks_with_high_priority: 0
  pin_l0_filter_and_index_blocks_in_cache: 0
  pin_top_level_index_and_filter: 1
  index_type: 0
  hash_index_allow_collision: 1
  checksum: 1
  no_block_cache: 0
  block_cache: 0x7fbbb84de820
  block_cache_name: LRUCache
  block_cache_options:
    capacity : 8388608
    num_shard_bits : 4
    strict_capacity_limit : 0
    memory_allocator : None
    high_pri_pool_ratio: 0.000
  block_cache_compressed: (nil)
  persistent_cache: (nil)
  block_size: 4096
  block_size_deviation: 10
  block_restart_interval: 16
  index_block_restart_interval: 1
  metadata_block_size: 4096
  partition_filters: 0
  use_delta_encoding: 1
  filter_policy: nullptr
  whole_key_filtering: 1
  verify_compression: 0
  read_amp_bytes_per_bit: 0
  format_version: 2
  enable_index_compression: 1
  block_align: 0
2019/10/17-14:56:04.081209 7fbc2cd30700        Options.write_buffer_size: 67108864
2019/10/17-14:56:04.081209 7fbc2cd30700  Options.max_write_buffer_number: 2
2019/10/17-14:56:04.081210 7fbc2cd30700          Options.compression: NoCompression
2019/10/17-14:56:04.081211 7fbc2cd30700                  Options.bottommost_compression: Disabled
2019/10/17-14:56:04.081211 7fbc2cd30700       Options.prefix_extractor: nullptr
2019/10/17-14:56:04.081212 7fbc2cd30700   Options.memtable_insert_with_hint_prefix_extractor: nullptr
2019/10/17-14:56:04.081213 7fbc2cd30700             Options.num_levels: 7
2019/10/17-14:56:04.081213 7fbc2cd30700        Options.min_write_buffer_number_to_merge: 1
2019/10/17-14:56:04.081214 7fbc2cd30700     Options.max_write_buffer_number_to_maintain: 0
2019/10/17-14:56:04.081214 7fbc2cd30700            Options.bottommost_compression_opts.window_bits: -14
2019/10/17-14:56:04.081215 7fbc2cd30700                  Options.bottommost_compression_opts.level: 32767
2019/10/17-14:56:04.081216 7fbc2cd30700               Options.bottommost_compression_opts.strategy: 0
2019/10/17-14:56:04.081216 7fbc2cd30700         Options.bottommost_compression_opts.max_dict_bytes: 0
2019/10/17-14:56:04.081217 7fbc2cd30700         Options.bottommost_compression_opts.zstd_max_train_bytes: 0
2019/10/17-14:56:04.081218 7fbc2cd30700                  Options.bottommost_compression_opts.enabled: false
2019/10/17-14:56:04.081218 7fbc2cd30700            Options.compression_opts.window_bits: -14
2019/10/17-14:56:04.081219 7fbc2cd30700                  Options.compression_opts.level: 32767
2019/10/17-14:56:04.081220 7fbc2cd30700               Options.compression_opts.strategy: 0
2019/10/17-14:56:04.081220 7fbc2cd30700         Options.compression_opts.max_dict_bytes: 0
2019/10/17-14:56:04.081221 7fbc2cd30700         Options.compression_opts.zstd_max_train_bytes: 0
2019/10/17-14:56:04.081221 7fbc2cd30700                  Options.compression_opts.enabled: false
2019/10/17-14:56:04.081222 7fbc2cd30700      Options.level0_file_num_compaction_trigger: 4
2019/10/17-14:56:04.081223 7fbc2cd30700          Options.level0_slowdown_writes_trigger: 20
2019/10/17-14:56:04.081223 7fbc2cd30700              Options.level0_stop_writes_trigger: 36
2019/10/17-14:56:04.081224 7fbc2cd30700                   Options.target_file_size_base: 67108864
2019/10/17-14:56:04.081225 7fbc2cd30700             Options.target_file_size_multiplier: 1
2019/10/17-14:56:04.081225 7fbc2cd30700                Options.max_bytes_for_level_base: 268435456
2019/10/17-14:56:04.081226 7fbc2cd30700 Options.level_compaction_dynamic_level_bytes: 0
2019/10/17-14:56:04.081226 7fbc2cd30700          Options.max_bytes_for_level_multiplier: 10.000000
2019/10/17-14:56:04.081228 7fbc2cd30700 Options.max_bytes_for_level_multiplier_addtl[0]: 1
2019/10/17-14:56:04.081228 7fbc2cd30700 Options.max_bytes_for_level_multiplier_addtl[1]: 1
2019/10/17-14:56:04.081229 7fbc2cd30700 Options.max_bytes_for_level_multiplier_addtl[2]: 1
2019/10/17-14:56:04.081243 7fbc2cd30700 Options.max_bytes_for_level_multiplier_addtl[3]: 1
2019/10/17-14:56:04.081244 7fbc2cd30700 Options.max_bytes_for_level_multiplier_addtl[4]: 1
2019/10/17-14:56:04.081245 7fbc2cd30700 Options.max_bytes_for_level_multiplier_addtl[5]: 1
2019/10/17-14:56:04.081245 7fbc2cd30700 Options.max_bytes_for_level_multiplier_addtl[6]: 1
2019/10/17-14:56:04.081246 7fbc2cd30700       Options.max_sequential_skip_in_iterations: 8
2019/10/17-14:56:04.081249 7fbc2cd30700                    Options.max_compaction_bytes: 1677721600
2019/10/17-14:56:04.081250 7fbc2cd30700                        Options.arena_block_size: 8388608
2019/10/17-14:56:04.081251 7fbc2cd30700   Options.soft_pending_compaction_bytes_limit: 68719476736
2019/10/17-14:56:04.081251 7fbc2cd30700   Options.hard_pending_compaction_bytes_limit: 274877906944
2019/10/17-14:56:04.081252 7fbc2cd30700       Options.rate_limit_delay_max_milliseconds: 100
2019/10/17-14:56:04.081253 7fbc2cd30700                Options.disable_auto_compactions: 0
2019/10/17-14:56:04.081253 7fbc2cd30700                        Options.compaction_style: kCompactionStyleLevel
2019/10/17-14:56:04.081254 7fbc2cd30700                          Options.compaction_pri: kByCompensatedSize
2019/10/17-14:56:04.081255 7fbc2cd30700 Options.compaction_options_universal.size_ratio: 1
2019/10/17-14:56:04.081255 7fbc2cd30700 Options.compaction_options_universal.min_merge_width: 2
2019/10/17-14:56:04.081256 7fbc2cd30700 Options.compaction_options_universal.max_merge_width: 4294967295
2019/10/17-14:56:04.081257 7fbc2cd30700 Options.compaction_options_universal.max_size_amplification_percent: 200
2019/10/17-14:56:04.081257 7fbc2cd30700 Options.compaction_options_universal.compression_size_percent: -1
2019/10/17-14:56:04.081258 7fbc2cd30700 Options.compaction_options_universal.stop_style: kCompactionStopStyleTotalSize
2019/10/17-14:56:04.081259 7fbc2cd30700 Options.compaction_options_fifo.max_table_files_size: 1073741824
2019/10/17-14:56:04.081259 7fbc2cd30700 Options.compaction_options_fifo.allow_compaction: 0
2019/10/17-14:56:04.081260 7fbc2cd30700 Options.compaction_options_fifo.ttl: 0
2019/10/17-14:56:04.081260 7fbc2cd30700                   Options.table_properties_collectors: 
2019/10/17-14:56:04.081261 7fbc2cd30700                   Options.inplace_update_support: 0
2019/10/17-14:56:04.081262 7fbc2cd30700                 Options.inplace_update_num_locks: 10000
2019/10/17-14:56:04.081262 7fbc2cd30700               Options.memtable_prefix_bloom_size_ratio: 0.000000
2019/10/17-14:56:04.081263 7fbc2cd30700   Options.memtable_huge_page_size: 0
2019/10/17-14:56:04.081264 7fbc2cd30700                           Options.bloom_locality: 0
2019/10/17-14:56:04.081264 7fbc2cd30700                    Options.max_successive_merges: 0
2019/10/17-14:56:04.081265 7fbc2cd30700                Options.optimize_filters_for_hits: 0
2019/10/17-14:56:04.081266 7fbc2cd30700                Options.paranoid_file_checks: 0
2019/10/17-14:56:04.081266 7fbc2cd30700                Options.force_consistency_checks: 0
2019/10/17-14:56:04.081267 7fbc2cd30700                Options.report_bg_io_stats: 0
2019/10/17-14:56:04.081267 7fbc2cd30700                               Options.ttl: 0
2019/10/17-14:56:04.081281 7fbc2cd30700 [db/column_family.cc:472] --------------- Options for column family [entries]:
2019/10/17-14:56:04.081282 7fbc2cd30700               Options.comparator: leveldb.BytewiseComparator
2019/10/17-14:56:04.081282 7fbc2cd30700           Options.merge_operator: None
2019/10/17-14:56:04.081283 7fbc2cd30700        Options.compaction_filter: None
2019/10/17-14:56:04.081284 7fbc2cd30700        Options.compaction_filter_factory: None
2019/10/17-14:56:04.081284 7fbc2cd30700         Options.memtable_factory: SkipListFactory
2019/10/17-14:56:04.081285 7fbc2cd30700            Options.table_factory: BlockBasedTable
2019/10/17-14:56:04.081292 7fbc2cd30700            table_factory options:   flush_block_policy_factory: FlushBlockBySizePolicyFactory (0x7fbbb8057e80)
  cache_index_and_filter_blocks: 0
  cache_index_and_filter_blocks_with_high_priority: 0
  pin_l0_filter_and_index_blocks_in_cache: 0
  pin_top_level_index_and_filter: 1
  index_type: 0
  hash_index_allow_collision: 1
  checksum: 1
  no_block_cache: 0
  block_cache: 0x7fbbb803b0f0
  block_cache_name: LRUCache
  block_cache_options:
    capacity : 8388608
    num_shard_bits : 4
    strict_capacity_limit : 0
    memory_allocator : None
    high_pri_pool_ratio: 0.000
  block_cache_compressed: (nil)
  persistent_cache: (nil)
  block_size: 4096
  block_size_deviation: 10
  block_restart_interval: 16
  index_block_restart_interval: 1
  metadata_block_size: 4096
  partition_filters: 0
  use_delta_encoding: 1
  filter_policy: nullptr
  whole_key_filtering: 1
  verify_compression: 0
  read_amp_bytes_per_bit: 0
  format_version: 2
  enable_index_compression: 1
  block_align: 0
2019/10/17-14:56:04.081297 7fbc2cd30700        Options.write_buffer_size: 67108864
2019/10/17-14:56:04.081298 7fbc2cd30700  Options.max_write_buffer_number: 2
2019/10/17-14:56:04.081299 7fbc2cd30700          Options.compression: NoCompression
2019/10/17-14:56:04.081299 7fbc2cd30700                  Options.bottommost_compression: Disabled
2019/10/17-14:56:04.081300 7fbc2cd30700       Options.prefix_extractor: nullptr
2019/10/17-14:56:04.081300 7fbc2cd30700   Options.memtable_insert_with_hint_prefix_extractor: nullptr
2019/10/17-14:56:04.081301 7fbc2cd30700             Options.num_levels: 7
2019/10/17-14:56:04.081302 7fbc2cd30700        Options.min_write_buffer_number_to_merge: 1
2019/10/17-14:56:04.081302 7fbc2cd30700     Options.max_write_buffer_number_to_maintain: 0
2019/10/17-14:56:04.081303 7fbc2cd30700            Options.bottommost_compression_opts.window_bits: -14
2019/10/17-14:56:04.081303 7fbc2cd30700                  Options.bottommost_compression_opts.level: 32767
2019/10/17-14:56:04.081304 7fbc2cd30700               Options.bottommost_compression_opts.strategy: 0
2019/10/17-14:56:04.081305 7fbc2cd30700         Options.bottommost_compression_opts.max_dict_bytes: 0
2019/10/17-14:56:04.081305 7fbc2cd30700         Options.bottommost_compression_opts.zstd_max_train_bytes: 0
2019/10/17-14:56:04.081306 7fbc2cd30700                  Options.bottommost_compression_opts.enabled: false
2019/10/17-14:56:04.081306 7fbc2cd30700            Options.compression_opts.window_bits: -14
2019/10/17-14:56:04.081307 7fbc2cd30700                  Options.compression_opts.level: 32767
2019/10/17-14:56:04.081308 7fbc2cd30700               Options.compression_opts.strategy: 0
2019/10/17-14:56:04.081308 7fbc2cd30700         Options.compression_opts.max_dict_bytes: 0
2019/10/17-14:56:04.081309 7fbc2cd30700         Options.compression_opts.zstd_max_train_bytes: 0
2019/10/17-14:56:04.081309 7fbc2cd30700                  Options.compression_opts.enabled: false
2019/10/17-14:56:04.081310 7fbc2cd30700      Options.level0_file_num_compaction_trigger: 4
2019/10/17-14:56:04.081311 7fbc2cd30700          Options.level0_slowdown_writes_trigger: 20
2019/10/17-14:56:04.081311 7fbc2cd30700              Options.level0_stop_writes_trigger: 36
2019/10/17-14:56:04.081312 7fbc2cd30700                   Options.target_file_size_base: 67108864
2019/10/17-14:56:04.081313 7fbc2cd30700             Options.target_file_size_multiplier: 1
2019/10/17-14:56:04.081313 7fbc2cd30700                Options.max_bytes_for_level_base: 268435456
2019/10/17-14:56:04.081314 7fbc2cd30700 Options.level_compaction_dynamic_level_bytes: 0
2019/10/17-14:56:04.081314 7fbc2cd30700          Options.max_bytes_for_level_multiplier: 10.000000
2019/10/17-14:56:04.081315 7fbc2cd30700 Options.max_bytes_for_level_multiplier_addtl[0]: 1
2019/10/17-14:56:04.081316 7fbc2cd30700 Options.max_bytes_for_level_multiplier_addtl[1]: 1
2019/10/17-14:56:04.081317 7fbc2cd30700 Options.max_bytes_for_level_multiplier_addtl[2]: 1
2019/10/17-14:56:04.081317 7fbc2cd30700 Options.max_bytes_for_level_multiplier_addtl[3]: 1
2019/10/17-14:56:04.081318 7fbc2cd30700 Options.max_bytes_for_level_multiplier_addtl[4]: 1
2019/10/17-14:56:04.081318 7fbc2cd30700 Options.max_bytes_for_level_multiplier_addtl[5]: 1
2019/10/17-14:56:04.081319 7fbc2cd30700 Options.max_bytes_for_level_multiplier_addtl[6]: 1
2019/10/17-14:56:04.081320 7fbc2cd30700       Options.max_sequential_skip_in_iterations: 8
2019/10/17-14:56:04.081320 7fbc2cd30700                    Options.max_compaction_bytes: 1677721600
2019/10/17-14:56:04.081321 7fbc2cd30700                        Options.arena_block_size: 8388608
2019/10/17-14:56:04.081322 7fbc2cd30700   Options.soft_pending_compaction_bytes_limit: 68719476736
2019/10/17-14:56:04.081325 7fbc2cd30700   Options.hard_pending_compaction_bytes_limit: 274877906944
2019/10/17-14:56:04.081326 7fbc2cd30700       Options.rate_limit_delay_max_milliseconds: 100
2019/10/17-14:56:04.081326 7fbc2cd30700                Options.disable_auto_compactions: 0
2019/10/17-14:56:04.081327 7fbc2cd30700                        Options.compaction_style: kCompactionStyleLevel
2019/10/17-14:56:04.081328 7fbc2cd30700                          Options.compaction_pri: kByCompensatedSize
2019/10/17-14:56:04.081328 7fbc2cd30700 Options.compaction_options_universal.size_ratio: 1
2019/10/17-14:56:04.081329 7fbc2cd30700 Options.compaction_options_universal.min_merge_width: 2
2019/10/17-14:56:04.081330 7fbc2cd30700 Options.compaction_options_universal.max_merge_width: 4294967295
2019/10/17-14:56:04.081330 7fbc2cd30700 Options.compaction_options_universal.max_size_amplification_percent: 200
2019/10/17-14:56:04.081331 7fbc2cd30700 Options.compaction_options_universal.compression_size_percent: -1
2019/10/17-14:56:04.081332 7fbc2cd30700 Options.compaction_options_universal.stop_style: kCompactionStopStyleTotalSize
2019/10/17-14:56:04.081332 7fbc2cd30700 Options.compaction_options_fifo.max_table_files_size: 1073741824
2019/10/17-14:56:04.081333 7fbc2cd30700 Options.compaction_options_fifo.allow_compaction: 0
2019/10/17-14:56:04.081334 7fbc2cd30700 Options.compaction_options_fifo.ttl: 0
2019/10/17-14:56:04.081334 7fbc2cd30700                   Options.table_properties_collectors: 
2019/10/17-14:56:04.081335 7fbc2cd30700                   Options.inplace_update_support: 0
2019/10/17-14:56:04.081335 7fbc2cd30700                 Options.inplace_update_num_locks: 10000
2019/10/17-14:56:04.081336 7fbc2cd30700               Options.memtable_prefix_bloom_size_ratio: 0.000000
2019/10/17-14:56:04.081337 7fbc2cd30700   Options.memtable_huge_page_size: 0
2019/10/17-14:56:04.081337 7fbc2cd30700                           Options.bloom_locality: 0
2019/10/17-14:56:04.081338 7fbc2cd30700                    Options.max_successive_merges: 0
2019/10/17-14:56:04.081339 7fbc2cd30700                Options.optimize_filters_for_hits: 0
2019/10/17-14:56:04.081339 7fbc2cd30700                Options.paranoid_file_checks: 0
2019/10/17-14:56:04.081340 7fbc2cd30700                Options.force_consistency_checks: 0
2019/10/17-14:56:04.081340 7fbc2cd30700                Options.report_bg_io_stats: 0
2019/10/17-14:56:04.081341 7fbc2cd30700                               Options.ttl: 0
2019/10/17-14:56:04.081352 7fbc2cd30700 [db/column_family.cc:472] --------------- Options for column family [dc_entries]:
2019/10/17-14:56:04.081353 7fbc2cd30700               Options.comparator: leveldb.BytewiseComparator
2019/10/17-14:56:04.081354 7fbc2cd30700           Options.merge_operator: None
2019/10/17-14:56:04.081354 7fbc2cd30700        Options.compaction_filter: None
2019/10/17-14:56:04.081355 7fbc2cd30700        Options.compaction_filter_factory: None
2019/10/17-14:56:04.081356 7fbc2cd30700         Options.memtable_factory: SkipListFactory
2019/10/17-14:56:04.081356 7fbc2cd30700            Options.table_factory: BlockBasedTable
2019/10/17-14:56:04.081364 7fbc2cd30700            table_factory options:   flush_block_policy_factory: FlushBlockBySizePolicyFactory (0x7fbbb809f3f0)
  cache_index_and_filter_blocks: 0
  cache_index_and_filter_blocks_with_high_priority: 0
  pin_l0_filter_and_index_blocks_in_cache: 0
  pin_top_level_index_and_filter: 1
  index_type: 0
  hash_index_allow_collision: 1
  checksum: 1
  no_block_cache: 0
  block_cache: 0x7fbbb8089ee0
  block_cache_name: LRUCache
  block_cache_options:
    capacity : 8388608
    num_shard_bits : 4
    strict_capacity_limit : 0
    memory_allocator : None
    high_pri_pool_ratio: 0.000
  block_cache_compressed: (nil)
  persistent_cache: (nil)
  block_size: 4096
  block_size_deviation: 10
  block_restart_interval: 16
  index_block_restart_interval: 1
  metadata_block_size: 4096
  partition_filters: 0
  use_delta_encoding: 1
  filter_policy: nullptr
  whole_key_filtering: 1
  verify_compression: 0
  read_amp_bytes_per_bit: 0
  format_version: 2
  enable_index_compression: 1
  block_align: 0
2019/10/17-14:56:04.081368 7fbc2cd30700        Options.write_buffer_size: 67108864
2019/10/17-14:56:04.081369 7fbc2cd30700  Options.max_write_buffer_number: 2
2019/10/17-14:56:04.081370 7fbc2cd30700          Options.compression: NoCompression
2019/10/17-14:56:04.081370 7fbc2cd30700                  Options.bottommost_compression: Disabled
2019/10/17-14:56:04.081371 7fbc2cd30700       Options.prefix_extractor: nullptr
2019/10/17-14:56:04.081371 7fbc2cd30700   Options.memtable_insert_with_hint_prefix_extractor: nullptr
2019/10/17-14:56:04.081372 7fbc2cd30700             Options.num_levels: 7
2019/10/17-14:56:04.081373 7fbc2cd30700        Options.min_write_buffer_number_to_merge: 1
2019/10/17-14:56:04.081373 7fbc2cd30700     Options.max_write_buffer_number_to_maintain: 0
2019/10/17-14:56:04.081374 7fbc2cd30700            Options.bottommost_compression_opts.window_bits: -14
2019/10/17-14:56:04.081374 7fbc2cd30700                  Options.bottommost_compression_opts.level: 32767
2019/10/17-14:56:04.081375 7fbc2cd30700               Options.bottommost_compression_opts.strategy: 0
2019/10/17-14:56:04.081376 7fbc2cd30700         Options.bottommost_compression_opts.max_dict_bytes: 0
2019/10/17-14:56:04.081376 7fbc2cd30700         Options.bottommost_compression_opts.zstd_max_train_bytes: 0
2019/10/17-14:56:04.081377 7fbc2cd30700                  Options.bottommost_compression_opts.enabled: false
2019/10/17-14:56:04.081377 7fbc2cd30700            Options.compression_opts.window_bits: -14
2019/10/17-14:56:04.081378 7fbc2cd30700                  Options.compression_opts.level: 32767
2019/10/17-14:56:04.081379 7fbc2cd30700               Options.compression_opts.strategy: 0
2019/10/17-14:56:04.081379 7fbc2cd30700         Options.compression_opts.max_dict_bytes: 0
2019/10/17-14:56:04.081380 7fbc2cd30700         Options.compression_opts.zstd_max_train_bytes: 0
2019/10/17-14:56:04.081381 7fbc2cd30700                  Options.compression_opts.enabled: false
2019/10/17-14:56:04.081381 7fbc2cd30700      Options.level0_file_num_compaction_trigger: 4
2019/10/17-14:56:04.081382 7fbc2cd30700          Options.level0_slowdown_writes_trigger: 20
2019/10/17-14:56:04.081382 7fbc2cd30700              Options.level0_stop_writes_trigger: 36
2019/10/17-14:56:04.081383 7fbc2cd30700                   Options.target_file_size_base: 67108864
2019/10/17-14:56:04.081384 7fbc2cd30700             Options.target_file_size_multiplier: 1
2019/10/17-14:56:04.081384 7fbc2cd30700                Options.max_bytes_for_level_base: 268435456
2019/10/17-14:56:04.081385 7fbc2cd30700 Options.level_compaction_dynamic_level_bytes: 0
2019/10/17-14:56:04.081385 7fbc2cd30700          Options.max_bytes_for_level_multiplier: 10.000000
2019/10/17-14:56:04.081386 7fbc2cd30700 Options.max_bytes_for_level_multiplier_addtl[0]: 1
2019/10/17-14:56:04.081387 7fbc2cd30700 Options.max_bytes_for_level_multiplier_addtl[1]: 1
2019/10/17-14:56:04.081388 7fbc2cd30700 Options.max_bytes_for_level_multiplier_addtl[2]: 1
2019/10/17-14:56:04.081388 7fbc2cd30700 Options.max_bytes_for_level_multiplier_addtl[3]: 1
2019/10/17-14:56:04.081389 7fbc2cd30700 Options.max_bytes_for_level_multiplier_addtl[4]: 1
2019/10/17-14:56:04.081389 7fbc2cd30700 Options.max_bytes_for_level_multiplier_addtl[5]: 1
2019/10/17-14:56:04.081390 7fbc2cd30700 Options.max_bytes_for_level_multiplier_addtl[6]: 1
2019/10/17-14:56:04.081391 7fbc2cd30700       Options.max_sequential_skip_in_iterations: 8
2019/10/17-14:56:04.081391 7fbc2cd30700                    Options.max_compaction_bytes: 1677721600
2019/10/17-14:56:04.081392 7fbc2cd30700                        Options.arena_block_size: 8388608
2019/10/17-14:56:04.081393 7fbc2cd30700   Options.soft_pending_compaction_bytes_limit: 68719476736
2019/10/17-14:56:04.081393 7fbc2cd30700   Options.hard_pending_compaction_bytes_limit: 274877906944
2019/10/17-14:56:04.081394 7fbc2cd30700       Options.rate_limit_delay_max_milliseconds: 100
2019/10/17-14:56:04.081394 7fbc2cd30700                Options.disable_auto_compactions: 0
2019/10/17-14:56:04.081399 7fbc2cd30700                        Options.compaction_style: kCompactionStyleLevel
2019/10/17-14:56:04.081399 7fbc2cd30700                          Options.compaction_pri: kByCompensatedSize
2019/10/17-14:56:04.081400 7fbc2cd30700 Options.compaction_options_universal.size_ratio: 1
2019/10/17-14:56:04.081401 7fbc2cd30700 Options.compaction_options_universal.min_merge_width: 2
2019/10/17-14:56:04.081401 7fbc2cd30700 Options.compaction_options_universal.max_merge_width: 4294967295
2019/10/17-14:56:04.081402 7fbc2cd30700 Options.compaction_options_universal.max_size_amplification_percent: 200
2019/10/17-14:56:04.081402 7fbc2cd30700 Options.compaction_options_universal.compression_size_percent: -1
2019/10/17-14:56:04.081403 7fbc2cd30700 Options.compaction_options_universal.stop_style: kCompactionStopStyleTotalSize
2019/10/17-14:56:04.081404 7fbc2cd30700 Options.compaction_options_fifo.max_table_files_size: 1073741824
2019/10/17-14:56:04.081404 7fbc2cd30700 Options.compaction_options_fifo.allow_compaction: 0
2019/10/17-14:56:04.081405 7fbc2cd30700 Options.compaction_options_fifo.ttl: 0
2019/10/17-14:56:04.081406 7fbc2cd30700                   Options.table_properties_collectors: 
2019/10/17-14:56:04.081406 7fbc2cd30700                   Options.inplace_update_support: 0
2019/10/17-14:56:04.081407 7fbc2cd30700                 Options.inplace_update_num_locks: 10000
2019/10/17-14:56:04.081407 7fbc2cd30700               Options.memtable_prefix_bloom_size_ratio: 0.000000
2019/10/17-14:56:04.081408 7fbc2cd30700   Options.memtable_huge_page_size: 0
2019/10/17-14:56:04.081409 7fbc2cd30700                           Options.bloom_locality: 0
2019/10/17-14:56:04.081409 7fbc2cd30700                    Options.max_successive_merges: 0
2019/10/17-14:56:04.081410 7fbc2cd30700                Options.optimize_filters_for_hits: 0
2019/10/17-14:56:04.081411 7fbc2cd30700                Options.paranoid_file_checks: 0
2019/10/17-14:56:04.081411 7fbc2cd30700                Options.force_consistency_checks: 0
2019/10/17-14:56:04.081412 7fbc2cd30700                Options.report_bg_io_stats: 0
2019/10/17-14:56:04.081412 7fbc2cd30700                               Options.ttl: 0
2019/10/17-14:56:04.081422 7fbc2cd30700 [db/column_family.cc:472] --------------- Options for column family [htlcs]:
2019/10/17-14:56:04.081422 7fbc2cd30700               Options.comparator: leveldb.BytewiseComparator
2019/10/17-14:56:04.081423 7fbc2cd30700           Options.merge_operator: None
2019/10/17-14:56:04.081424 7fbc2cd30700        Options.compaction_filter: None
2019/10/17-14:56:04.081424 7fbc2cd30700        Options.compaction_filter_factory: None
2019/10/17-14:56:04.081425 7fbc2cd30700         Options.memtable_factory: SkipListFactory
2019/10/17-14:56:04.081426 7fbc2cd30700            Options.table_factory: BlockBasedTable
2019/10/17-14:56:04.081433 7fbc2cd30700            table_factory options:   flush_block_policy_factory: FlushBlockBySizePolicyFactory (0x7fbbb800a930)
