2019/10/17-14:54:16.081068 7fc3a9fcb700 RocksDB version: 5.18.3
2019/10/17-14:54:16.081107 7fc3a9fcb700 Git sha rocksdb_build_git_sha:@0@
2019/10/17-14:54:16.081110 7fc3a9fcb700 Compile date Sep 19 2019
2019/10/17-14:54:16.081111 7fc3a9fcb700 DB SUMMARY
2019/10/17-14:54:16.082034 7fc3a9fcb700 CURRENT file:  CURRENT
2019/10/17-14:54:16.082036 7fc3a9fcb700 IDENTITY file:  IDENTITY
2019/10/17-14:54:16.082072 7fc3a9fcb700 MANIFEST file:  MANIFEST-114946 size: 4114 Bytes
2019/10/17-14:54:16.082075 7fc3a9fcb700 SST files in /home/rahul/dev/blockchain-core/eqc/ledger.db dir, Total Num: 29, files: 000624.sst 000627.sst 106940.sst 108447.sst 108450.sst 109471.sst 109483.sst 109485.sst 109486.sst 
2019/10/17-14:54:16.082076 7fc3a9fcb700 Write Ahead Log file in /home/rahul/dev/blockchain-core/eqc/ledger.db: 114947.log size: 0 ; 
2019/10/17-14:54:16.082120 7fc3a9fcb700                         Options.error_if_exists: 0
2019/10/17-14:54:16.082121 7fc3a9fcb700                       Options.create_if_missing: 1
2019/10/17-14:54:16.082122 7fc3a9fcb700                         Options.paranoid_checks: 1
2019/10/17-14:54:16.082123 7fc3a9fcb700                                     Options.env: 0x7fc32ae1fc60
2019/10/17-14:54:16.082124 7fc3a9fcb700                                Options.info_log: 0x7fc350043630
2019/10/17-14:54:16.082126 7fc3a9fcb700                Options.max_file_opening_threads: 16
2019/10/17-14:54:16.082127 7fc3a9fcb700                              Options.statistics: (nil)
2019/10/17-14:54:16.082128 7fc3a9fcb700                               Options.use_fsync: 0
2019/10/17-14:54:16.082129 7fc3a9fcb700                       Options.max_log_file_size: 0
2019/10/17-14:54:16.082130 7fc3a9fcb700                  Options.max_manifest_file_size: 1073741824
2019/10/17-14:54:16.082131 7fc3a9fcb700                   Options.log_file_time_to_roll: 0
2019/10/17-14:54:16.082132 7fc3a9fcb700                       Options.keep_log_file_num: 1000
2019/10/17-14:54:16.082133 7fc3a9fcb700                    Options.recycle_log_file_num: 0
2019/10/17-14:54:16.082134 7fc3a9fcb700                         Options.allow_fallocate: 1
2019/10/17-14:54:16.082135 7fc3a9fcb700                        Options.allow_mmap_reads: 0
2019/10/17-14:54:16.082136 7fc3a9fcb700                       Options.allow_mmap_writes: 0
2019/10/17-14:54:16.082137 7fc3a9fcb700                        Options.use_direct_reads: 0
2019/10/17-14:54:16.082138 7fc3a9fcb700                        Options.use_direct_io_for_flush_and_compaction: 0
2019/10/17-14:54:16.082139 7fc3a9fcb700          Options.create_missing_column_families: 0
2019/10/17-14:54:16.082140 7fc3a9fcb700                              Options.db_log_dir: 
2019/10/17-14:54:16.082141 7fc3a9fcb700                                 Options.wal_dir: /home/rahul/dev/blockchain-core/eqc/ledger.db
2019/10/17-14:54:16.082142 7fc3a9fcb700                Options.table_cache_numshardbits: 6
2019/10/17-14:54:16.082143 7fc3a9fcb700                      Options.max_subcompactions: 1
2019/10/17-14:54:16.082144 7fc3a9fcb700                  Options.max_background_flushes: -1
2019/10/17-14:54:16.082145 7fc3a9fcb700                         Options.WAL_ttl_seconds: 0
2019/10/17-14:54:16.082146 7fc3a9fcb700                       Options.WAL_size_limit_MB: 0
2019/10/17-14:54:16.082147 7fc3a9fcb700             Options.manifest_preallocation_size: 4194304
2019/10/17-14:54:16.082148 7fc3a9fcb700                     Options.is_fd_close_on_exec: 1
2019/10/17-14:54:16.082149 7fc3a9fcb700                   Options.advise_random_on_open: 1
2019/10/17-14:54:16.082150 7fc3a9fcb700                    Options.db_write_buffer_size: 0
2019/10/17-14:54:16.082150 7fc3a9fcb700                    Options.write_buffer_manager: 0x7fc3500d6d70
2019/10/17-14:54:16.082151 7fc3a9fcb700         Options.access_hint_on_compaction_start: 1
2019/10/17-14:54:16.082152 7fc3a9fcb700  Options.new_table_reader_for_compaction_inputs: 0
2019/10/17-14:54:16.082153 7fc3a9fcb700           Options.random_access_max_buffer_size: 1048576
2019/10/17-14:54:16.082154 7fc3a9fcb700                      Options.use_adaptive_mutex: 0
2019/10/17-14:54:16.082155 7fc3a9fcb700                            Options.rate_limiter: (nil)
2019/10/17-14:54:16.082167 7fc3a9fcb700     Options.sst_file_manager.rate_bytes_per_sec: 0
2019/10/17-14:54:16.082168 7fc3a9fcb700                       Options.wal_recovery_mode: 2
2019/10/17-14:54:16.082169 7fc3a9fcb700                  Options.enable_thread_tracking: 0
2019/10/17-14:54:16.082170 7fc3a9fcb700                  Options.enable_pipelined_write: 0
2019/10/17-14:54:16.082171 7fc3a9fcb700         Options.allow_concurrent_memtable_write: 1
2019/10/17-14:54:16.082172 7fc3a9fcb700      Options.enable_write_thread_adaptive_yield: 1
2019/10/17-14:54:16.082173 7fc3a9fcb700             Options.write_thread_max_yield_usec: 100
2019/10/17-14:54:16.082174 7fc3a9fcb700            Options.write_thread_slow_yield_usec: 3
2019/10/17-14:54:16.082175 7fc3a9fcb700                               Options.row_cache: None
2019/10/17-14:54:16.082176 7fc3a9fcb700                              Options.wal_filter: None
2019/10/17-14:54:16.082177 7fc3a9fcb700             Options.avoid_flush_during_recovery: 0
2019/10/17-14:54:16.082178 7fc3a9fcb700             Options.allow_ingest_behind: 0
2019/10/17-14:54:16.082179 7fc3a9fcb700             Options.preserve_deletes: 0
2019/10/17-14:54:16.082180 7fc3a9fcb700             Options.two_write_queues: 0
2019/10/17-14:54:16.082181 7fc3a9fcb700             Options.manual_wal_flush: 0
2019/10/17-14:54:16.082182 7fc3a9fcb700             Options.max_background_jobs: 2
2019/10/17-14:54:16.082183 7fc3a9fcb700             Options.max_background_compactions: -1
2019/10/17-14:54:16.082184 7fc3a9fcb700             Options.avoid_flush_during_shutdown: 0
2019/10/17-14:54:16.082184 7fc3a9fcb700           Options.writable_file_max_buffer_size: 1048576
2019/10/17-14:54:16.082185 7fc3a9fcb700             Options.delayed_write_rate : 16777216
2019/10/17-14:54:16.082186 7fc3a9fcb700             Options.max_total_wal_size: 0
2019/10/17-14:54:16.082187 7fc3a9fcb700             Options.delete_obsolete_files_period_micros: 21600000000
2019/10/17-14:54:16.082188 7fc3a9fcb700                   Options.stats_dump_period_sec: 600
2019/10/17-14:54:16.082189 7fc3a9fcb700                          Options.max_open_files: -1
2019/10/17-14:54:16.082190 7fc3a9fcb700                          Options.bytes_per_sync: 0
2019/10/17-14:54:16.082191 7fc3a9fcb700                      Options.wal_bytes_per_sync: 0
2019/10/17-14:54:16.082192 7fc3a9fcb700       Options.compaction_readahead_size: 0
2019/10/17-14:54:16.082193 7fc3a9fcb700 Compression algorithms supported:
2019/10/17-14:54:16.082195 7fc3a9fcb700 	kZSTDNotFinalCompression supported: 0
2019/10/17-14:54:16.082196 7fc3a9fcb700 	kZSTD supported: 0
2019/10/17-14:54:16.082197 7fc3a9fcb700 	kXpressCompression supported: 0
2019/10/17-14:54:16.082198 7fc3a9fcb700 	kLZ4HCCompression supported: 0
2019/10/17-14:54:16.082199 7fc3a9fcb700 	kLZ4Compression supported: 0
2019/10/17-14:54:16.082200 7fc3a9fcb700 	kBZip2Compression supported: 0
2019/10/17-14:54:16.082201 7fc3a9fcb700 	kZlibCompression supported: 0
2019/10/17-14:54:16.082202 7fc3a9fcb700 	kSnappyCompression supported: 0
2019/10/17-14:54:16.082204 7fc3a9fcb700 Fast CRC32 supported: Supported on x86
2019/10/17-14:54:16.082325 7fc3a9fcb700 [db/version_set.cc:3507] Recovering from manifest file: MANIFEST-114946
2019/10/17-14:54:16.082366 7fc3a9fcb700 [db/column_family.cc:472] --------------- Options for column family [default]:
2019/10/17-14:54:16.082368 7fc3a9fcb700               Options.comparator: leveldb.BytewiseComparator
2019/10/17-14:54:16.082369 7fc3a9fcb700           Options.merge_operator: None
2019/10/17-14:54:16.082370 7fc3a9fcb700        Options.compaction_filter: None
2019/10/17-14:54:16.082371 7fc3a9fcb700        Options.compaction_filter_factory: None
2019/10/17-14:54:16.082372 7fc3a9fcb700         Options.memtable_factory: SkipListFactory
2019/10/17-14:54:16.082373 7fc3a9fcb700            Options.table_factory: BlockBasedTable
2019/10/17-14:54:16.082392 7fc3a9fcb700            table_factory options:   flush_block_policy_factory: FlushBlockBySizePolicyFactory (0x7fc3500d7920)
  cache_index_and_filter_blocks: 0
  cache_index_and_filter_blocks_with_high_priority: 0
  pin_l0_filter_and_index_blocks_in_cache: 0
  pin_top_level_index_and_filter: 1
  index_type: 0
  hash_index_allow_collision: 1
  checksum: 1
  no_block_cache: 0
  block_cache: 0x7fc3500e2270
  block_cache_name: LRUCache
  block_cache_options:
    capacity : 8388608
    num_shard_bits : 4
    strict_capacity_limit : 0
    memory_allocator : None
    high_pri_pool_ratio: 0.000
  block_cache_compressed: (nil)
  persistent_cache: (nil)
  block_size: 4096
  block_size_deviation: 10
  block_restart_interval: 16
  index_block_restart_interval: 1
  metadata_block_size: 4096
  partition_filters: 0
  use_delta_encoding: 1
  filter_policy: nullptr
  whole_key_filtering: 1
  verify_compression: 0
  read_amp_bytes_per_bit: 0
  format_version: 2
  enable_index_compression: 1
  block_align: 0
2019/10/17-14:54:16.082403 7fc3a9fcb700        Options.write_buffer_size: 67108864
2019/10/17-14:54:16.082405 7fc3a9fcb700  Options.max_write_buffer_number: 2
2019/10/17-14:54:16.082406 7fc3a9fcb700          Options.compression: NoCompression
2019/10/17-14:54:16.082407 7fc3a9fcb700                  Options.bottommost_compression: Disabled
2019/10/17-14:54:16.082408 7fc3a9fcb700       Options.prefix_extractor: nullptr
2019/10/17-14:54:16.082409 7fc3a9fcb700   Options.memtable_insert_with_hint_prefix_extractor: nullptr
2019/10/17-14:54:16.082410 7fc3a9fcb700             Options.num_levels: 7
2019/10/17-14:54:16.082411 7fc3a9fcb700        Options.min_write_buffer_number_to_merge: 1
2019/10/17-14:54:16.082412 7fc3a9fcb700     Options.max_write_buffer_number_to_maintain: 0
2019/10/17-14:54:16.082413 7fc3a9fcb700            Options.bottommost_compression_opts.window_bits: -14
2019/10/17-14:54:16.082414 7fc3a9fcb700                  Options.bottommost_compression_opts.level: 32767
2019/10/17-14:54:16.082415 7fc3a9fcb700               Options.bottommost_compression_opts.strategy: 0
2019/10/17-14:54:16.082416 7fc3a9fcb700         Options.bottommost_compression_opts.max_dict_bytes: 0
2019/10/17-14:54:16.082417 7fc3a9fcb700         Options.bottommost_compression_opts.zstd_max_train_bytes: 0
2019/10/17-14:54:16.082418 7fc3a9fcb700                  Options.bottommost_compression_opts.enabled: false
2019/10/17-14:54:16.082419 7fc3a9fcb700            Options.compression_opts.window_bits: -14
2019/10/17-14:54:16.082420 7fc3a9fcb700                  Options.compression_opts.level: 32767
2019/10/17-14:54:16.082421 7fc3a9fcb700               Options.compression_opts.strategy: 0
2019/10/17-14:54:16.082422 7fc3a9fcb700         Options.compression_opts.max_dict_bytes: 0
2019/10/17-14:54:16.082422 7fc3a9fcb700         Options.compression_opts.zstd_max_train_bytes: 0
2019/10/17-14:54:16.082423 7fc3a9fcb700                  Options.compression_opts.enabled: false
2019/10/17-14:54:16.082424 7fc3a9fcb700      Options.level0_file_num_compaction_trigger: 4
2019/10/17-14:54:16.082425 7fc3a9fcb700          Options.level0_slowdown_writes_trigger: 20
2019/10/17-14:54:16.082426 7fc3a9fcb700              Options.level0_stop_writes_trigger: 36
2019/10/17-14:54:16.082427 7fc3a9fcb700                   Options.target_file_size_base: 67108864
2019/10/17-14:54:16.082428 7fc3a9fcb700             Options.target_file_size_multiplier: 1
2019/10/17-14:54:16.082429 7fc3a9fcb700                Options.max_bytes_for_level_base: 268435456
2019/10/17-14:54:16.082430 7fc3a9fcb700 Options.level_compaction_dynamic_level_bytes: 0
2019/10/17-14:54:16.082431 7fc3a9fcb700          Options.max_bytes_for_level_multiplier: 10.000000
2019/10/17-14:54:16.082434 7fc3a9fcb700 Options.max_bytes_for_level_multiplier_addtl[0]: 1
2019/10/17-14:54:16.082435 7fc3a9fcb700 Options.max_bytes_for_level_multiplier_addtl[1]: 1
2019/10/17-14:54:16.082436 7fc3a9fcb700 Options.max_bytes_for_level_multiplier_addtl[2]: 1
2019/10/17-14:54:16.082437 7fc3a9fcb700 Options.max_bytes_for_level_multiplier_addtl[3]: 1
2019/10/17-14:54:16.082438 7fc3a9fcb700 Options.max_bytes_for_level_multiplier_addtl[4]: 1
2019/10/17-14:54:16.082443 7fc3a9fcb700 Options.max_bytes_for_level_multiplier_addtl[5]: 1
2019/10/17-14:54:16.082444 7fc3a9fcb700 Options.max_bytes_for_level_multiplier_addtl[6]: 1
2019/10/17-14:54:16.082445 7fc3a9fcb700       Options.max_sequential_skip_in_iterations: 8
2019/10/17-14:54:16.082446 7fc3a9fcb700                    Options.max_compaction_bytes: 1677721600
2019/10/17-14:54:16.082447 7fc3a9fcb700                        Options.arena_block_size: 8388608
2019/10/17-14:54:16.082448 7fc3a9fcb700   Options.soft_pending_compaction_bytes_limit: 68719476736
2019/10/17-14:54:16.082449 7fc3a9fcb700   Options.hard_pending_compaction_bytes_limit: 274877906944
2019/10/17-14:54:16.082450 7fc3a9fcb700       Options.rate_limit_delay_max_milliseconds: 100
2019/10/17-14:54:16.082451 7fc3a9fcb700                Options.disable_auto_compactions: 0
2019/10/17-14:54:16.082453 7fc3a9fcb700                        Options.compaction_style: kCompactionStyleLevel
2019/10/17-14:54:16.082454 7fc3a9fcb700                          Options.compaction_pri: kByCompensatedSize
2019/10/17-14:54:16.082455 7fc3a9fcb700 Options.compaction_options_universal.size_ratio: 1
2019/10/17-14:54:16.082456 7fc3a9fcb700 Options.compaction_options_universal.min_merge_width: 2
2019/10/17-14:54:16.082457 7fc3a9fcb700 Options.compaction_options_universal.max_merge_width: 4294967295
2019/10/17-14:54:16.082458 7fc3a9fcb700 Options.compaction_options_universal.max_size_amplification_percent: 200
2019/10/17-14:54:16.082459 7fc3a9fcb700 Options.compaction_options_universal.compression_size_percent: -1
2019/10/17-14:54:16.082461 7fc3a9fcb700 Options.compaction_options_universal.stop_style: kCompactionStopStyleTotalSize
2019/10/17-14:54:16.082462 7fc3a9fcb700 Options.compaction_options_fifo.max_table_files_size: 1073741824
2019/10/17-14:54:16.082463 7fc3a9fcb700 Options.compaction_options_fifo.allow_compaction: 0
2019/10/17-14:54:16.082464 7fc3a9fcb700 Options.compaction_options_fifo.ttl: 0
2019/10/17-14:54:16.082465 7fc3a9fcb700                   Options.table_properties_collectors: 
2019/10/17-14:54:16.082466 7fc3a9fcb700                   Options.inplace_update_support: 0
2019/10/17-14:54:16.082467 7fc3a9fcb700                 Options.inplace_update_num_locks: 10000
2019/10/17-14:54:16.082468 7fc3a9fcb700               Options.memtable_prefix_bloom_size_ratio: 0.000000
2019/10/17-14:54:16.082469 7fc3a9fcb700   Options.memtable_huge_page_size: 0
2019/10/17-14:54:16.082470 7fc3a9fcb700                           Options.bloom_locality: 0
2019/10/17-14:54:16.082471 7fc3a9fcb700                    Options.max_successive_merges: 0
2019/10/17-14:54:16.082472 7fc3a9fcb700                Options.optimize_filters_for_hits: 0
2019/10/17-14:54:16.082473 7fc3a9fcb700                Options.paranoid_file_checks: 0
2019/10/17-14:54:16.082474 7fc3a9fcb700                Options.force_consistency_checks: 0
2019/10/17-14:54:16.082475 7fc3a9fcb700                Options.report_bg_io_stats: 0
2019/10/17-14:54:16.082476 7fc3a9fcb700                               Options.ttl: 0
2019/10/17-14:54:16.082524 7fc3a9fcb700 [db/column_family.cc:472] --------------- Options for column family [active_gateways]:
2019/10/17-14:54:16.082526 7fc3a9fcb700               Options.comparator: leveldb.BytewiseComparator
2019/10/17-14:54:16.082527 7fc3a9fcb700           Options.merge_operator: None
2019/10/17-14:54:16.082528 7fc3a9fcb700        Options.compaction_filter: None
2019/10/17-14:54:16.082529 7fc3a9fcb700        Options.compaction_filter_factory: None
2019/10/17-14:54:16.082530 7fc3a9fcb700         Options.memtable_factory: SkipListFactory
2019/10/17-14:54:16.082531 7fc3a9fcb700            Options.table_factory: BlockBasedTable
2019/10/17-14:54:16.082545 7fc3a9fcb700            table_factory options:   flush_block_policy_factory: FlushBlockBySizePolicyFactory (0x7fc3500a06b0)
  cache_index_and_filter_blocks: 0
  cache_index_and_filter_blocks_with_high_priority: 0
  pin_l0_filter_and_index_blocks_in_cache: 0
  pin_top_level_index_and_filter: 1
  index_type: 0
  hash_index_allow_collision: 1
  checksum: 1
  no_block_cache: 0
  block_cache: 0x7fc35005daf0
  block_cache_name: LRUCache
  block_cache_options:
    capacity : 8388608
    num_shard_bits : 4
    strict_capacity_limit : 0
    memory_allocator : None
    high_pri_pool_ratio: 0.000
  block_cache_compressed: (nil)
  persistent_cache: (nil)
  block_size: 4096
  block_size_deviation: 10
  block_restart_interval: 16
  index_block_restart_interval: 1
  metadata_block_size: 4096
  partition_filters: 0
  use_delta_encoding: 1
  filter_policy: nullptr
  whole_key_filtering: 1
  verify_compression: 0
  read_amp_bytes_per_bit: 0
  format_version: 2
  enable_index_compression: 1
  block_align: 0
2019/10/17-14:54:16.082554 7fc3a9fcb700        Options.write_buffer_size: 67108864
2019/10/17-14:54:16.082555 7fc3a9fcb700  Options.max_write_buffer_number: 2
2019/10/17-14:54:16.082556 7fc3a9fcb700          Options.compression: NoCompression
2019/10/17-14:54:16.082557 7fc3a9fcb700                  Options.bottommost_compression: Disabled
2019/10/17-14:54:16.082558 7fc3a9fcb700       Options.prefix_extractor: nullptr
2019/10/17-14:54:16.082559 7fc3a9fcb700   Options.memtable_insert_with_hint_prefix_extractor: nullptr
2019/10/17-14:54:16.082560 7fc3a9fcb700             Options.num_levels: 7
2019/10/17-14:54:16.082561 7fc3a9fcb700        Options.min_write_buffer_number_to_merge: 1
2019/10/17-14:54:16.082562 7fc3a9fcb700     Options.max_write_buffer_number_to_maintain: 0
2019/10/17-14:54:16.082563 7fc3a9fcb700            Options.bottommost_compression_opts.window_bits: -14
2019/10/17-14:54:16.082564 7fc3a9fcb700                  Options.bottommost_compression_opts.level: 32767
2019/10/17-14:54:16.082565 7fc3a9fcb700               Options.bottommost_compression_opts.strategy: 0
2019/10/17-14:54:16.082565 7fc3a9fcb700         Options.bottommost_compression_opts.max_dict_bytes: 0
2019/10/17-14:54:16.082566 7fc3a9fcb700         Options.bottommost_compression_opts.zstd_max_train_bytes: 0
2019/10/17-14:54:16.082567 7fc3a9fcb700                  Options.bottommost_compression_opts.enabled: false
2019/10/17-14:54:16.082568 7fc3a9fcb700            Options.compression_opts.window_bits: -14
2019/10/17-14:54:16.082569 7fc3a9fcb700                  Options.compression_opts.level: 32767
2019/10/17-14:54:16.082570 7fc3a9fcb700               Options.compression_opts.strategy: 0
2019/10/17-14:54:16.082571 7fc3a9fcb700         Options.compression_opts.max_dict_bytes: 0
2019/10/17-14:54:16.082572 7fc3a9fcb700         Options.compression_opts.zstd_max_train_bytes: 0
2019/10/17-14:54:16.082573 7fc3a9fcb700                  Options.compression_opts.enabled: false
2019/10/17-14:54:16.082574 7fc3a9fcb700      Options.level0_file_num_compaction_trigger: 4
2019/10/17-14:54:16.082575 7fc3a9fcb700          Options.level0_slowdown_writes_trigger: 20
2019/10/17-14:54:16.082576 7fc3a9fcb700              Options.level0_stop_writes_trigger: 36
2019/10/17-14:54:16.082577 7fc3a9fcb700                   Options.target_file_size_base: 67108864
2019/10/17-14:54:16.082578 7fc3a9fcb700             Options.target_file_size_multiplier: 1
2019/10/17-14:54:16.082579 7fc3a9fcb700                Options.max_bytes_for_level_base: 268435456
2019/10/17-14:54:16.082580 7fc3a9fcb700 Options.level_compaction_dynamic_level_bytes: 0
2019/10/17-14:54:16.082581 7fc3a9fcb700          Options.max_bytes_for_level_multiplier: 10.000000
2019/10/17-14:54:16.082582 7fc3a9fcb700 Options.max_bytes_for_level_multiplier_addtl[0]: 1
2019/10/17-14:54:16.082584 7fc3a9fcb700 Options.max_bytes_for_level_multiplier_addtl[1]: 1
2019/10/17-14:54:16.082585 7fc3a9fcb700 Options.max_bytes_for_level_multiplier_addtl[2]: 1
2019/10/17-14:54:16.082585 7fc3a9fcb700 Options.max_bytes_for_level_multiplier_addtl[3]: 1
2019/10/17-14:54:16.082586 7fc3a9fcb700 Options.max_bytes_for_level_multiplier_addtl[4]: 1
2019/10/17-14:54:16.082587 7fc3a9fcb700 Options.max_bytes_for_level_multiplier_addtl[5]: 1
2019/10/17-14:54:16.082588 7fc3a9fcb700 Options.max_bytes_for_level_multiplier_addtl[6]: 1
2019/10/17-14:54:16.082589 7fc3a9fcb700       Options.max_sequential_skip_in_iterations: 8
2019/10/17-14:54:16.082595 7fc3a9fcb700                    Options.max_compaction_bytes: 1677721600
2019/10/17-14:54:16.082596 7fc3a9fcb700                        Options.arena_block_size: 8388608
2019/10/17-14:54:16.082597 7fc3a9fcb700   Options.soft_pending_compaction_bytes_limit: 68719476736
2019/10/17-14:54:16.082598 7fc3a9fcb700   Options.hard_pending_compaction_bytes_limit: 274877906944
2019/10/17-14:54:16.082599 7fc3a9fcb700       Options.rate_limit_delay_max_milliseconds: 100
2019/10/17-14:54:16.082600 7fc3a9fcb700                Options.disable_auto_compactions: 0
2019/10/17-14:54:16.082601 7fc3a9fcb700                        Options.compaction_style: kCompactionStyleLevel
2019/10/17-14:54:16.082602 7fc3a9fcb700                          Options.compaction_pri: kByCompensatedSize
2019/10/17-14:54:16.082603 7fc3a9fcb700 Options.compaction_options_universal.size_ratio: 1
2019/10/17-14:54:16.082604 7fc3a9fcb700 Options.compaction_options_universal.min_merge_width: 2
2019/10/17-14:54:16.082605 7fc3a9fcb700 Options.compaction_options_universal.max_merge_width: 4294967295
2019/10/17-14:54:16.082606 7fc3a9fcb700 Options.compaction_options_universal.max_size_amplification_percent: 200
2019/10/17-14:54:16.082607 7fc3a9fcb700 Options.compaction_options_universal.compression_size_percent: -1
2019/10/17-14:54:16.082608 7fc3a9fcb700 Options.compaction_options_universal.stop_style: kCompactionStopStyleTotalSize
2019/10/17-14:54:16.082609 7fc3a9fcb700 Options.compaction_options_fifo.max_table_files_size: 1073741824
2019/10/17-14:54:16.082610 7fc3a9fcb700 Options.compaction_options_fifo.allow_compaction: 0
2019/10/17-14:54:16.082611 7fc3a9fcb700 Options.compaction_options_fifo.ttl: 0
2019/10/17-14:54:16.082612 7fc3a9fcb700                   Options.table_properties_collectors: 
2019/10/17-14:54:16.082613 7fc3a9fcb700                   Options.inplace_update_support: 0
2019/10/17-14:54:16.082614 7fc3a9fcb700                 Options.inplace_update_num_locks: 10000
2019/10/17-14:54:16.082615 7fc3a9fcb700               Options.memtable_prefix_bloom_size_ratio: 0.000000
2019/10/17-14:54:16.082616 7fc3a9fcb700   Options.memtable_huge_page_size: 0
2019/10/17-14:54:16.082617 7fc3a9fcb700                           Options.bloom_locality: 0
2019/10/17-14:54:16.082618 7fc3a9fcb700                    Options.max_successive_merges: 0
2019/10/17-14:54:16.082619 7fc3a9fcb700                Options.optimize_filters_for_hits: 0
2019/10/17-14:54:16.082620 7fc3a9fcb700                Options.paranoid_file_checks: 0
2019/10/17-14:54:16.082621 7fc3a9fcb700                Options.force_consistency_checks: 0
2019/10/17-14:54:16.082622 7fc3a9fcb700                Options.report_bg_io_stats: 0
2019/10/17-14:54:16.082623 7fc3a9fcb700                               Options.ttl: 0
2019/10/17-14:54:16.082643 7fc3a9fcb700 [db/column_family.cc:472] --------------- Options for column family [entries]:
2019/10/17-14:54:16.082644 7fc3a9fcb700               Options.comparator: leveldb.BytewiseComparator
2019/10/17-14:54:16.082646 7fc3a9fcb700           Options.merge_operator: None
2019/10/17-14:54:16.082646 7fc3a9fcb700        Options.compaction_filter: None
2019/10/17-14:54:16.082647 7fc3a9fcb700        Options.compaction_filter_factory: None
2019/10/17-14:54:16.082648 7fc3a9fcb700         Options.memtable_factory: SkipListFactory
2019/10/17-14:54:16.082649 7fc3a9fcb700            Options.table_factory: BlockBasedTable
2019/10/17-14:54:16.082661 7fc3a9fcb700            table_factory options:   flush_block_policy_factory: FlushBlockBySizePolicyFactory (0x7fc35002d270)
  cache_index_and_filter_blocks: 0
  cache_index_and_filter_blocks_with_high_priority: 0
  pin_l0_filter_and_index_blocks_in_cache: 0
  pin_top_level_index_and_filter: 1
  index_type: 0
  hash_index_allow_collision: 1
  checksum: 1
  no_block_cache: 0
  block_cache: 0x7fc350101bf0
  block_cache_name: LRUCache
  block_cache_options:
    capacity : 8388608
    num_shard_bits : 4
    strict_capacity_limit : 0
    memory_allocator : None
    high_pri_pool_ratio: 0.000
  block_cache_compressed: (nil)
  persistent_cache: (nil)
  block_size: 4096
  block_size_deviation: 10
  block_restart_interval: 16
  index_block_restart_interval: 1
  metadata_block_size: 4096
  partition_filters: 0
  use_delta_encoding: 1
  filter_policy: nullptr
  whole_key_filtering: 1
  verify_compression: 0
  read_amp_bytes_per_bit: 0
  format_version: 2
  enable_index_compression: 1
  block_align: 0
2019/10/17-14:54:16.082669 7fc3a9fcb700        Options.write_buffer_size: 67108864
2019/10/17-14:54:16.082671 7fc3a9fcb700  Options.max_write_buffer_number: 2
2019/10/17-14:54:16.082672 7fc3a9fcb700          Options.compression: NoCompression
2019/10/17-14:54:16.082673 7fc3a9fcb700                  Options.bottommost_compression: Disabled
2019/10/17-14:54:16.082674 7fc3a9fcb700       Options.prefix_extractor: nullptr
2019/10/17-14:54:16.082674 7fc3a9fcb700   Options.memtable_insert_with_hint_prefix_extractor: nullptr
2019/10/17-14:54:16.082675 7fc3a9fcb700             Options.num_levels: 7
2019/10/17-14:54:16.082676 7fc3a9fcb700        Options.min_write_buffer_number_to_merge: 1
2019/10/17-14:54:16.082677 7fc3a9fcb700     Options.max_write_buffer_number_to_maintain: 0
2019/10/17-14:54:16.082678 7fc3a9fcb700            Options.bottommost_compression_opts.window_bits: -14
2019/10/17-14:54:16.082679 7fc3a9fcb700                  Options.bottommost_compression_opts.level: 32767
2019/10/17-14:54:16.082680 7fc3a9fcb700               Options.bottommost_compression_opts.strategy: 0
2019/10/17-14:54:16.082681 7fc3a9fcb700         Options.bottommost_compression_opts.max_dict_bytes: 0
2019/10/17-14:54:16.082682 7fc3a9fcb700         Options.bottommost_compression_opts.zstd_max_train_bytes: 0
2019/10/17-14:54:16.082683 7fc3a9fcb700                  Options.bottommost_compression_opts.enabled: false
2019/10/17-14:54:16.082684 7fc3a9fcb700            Options.compression_opts.window_bits: -14
2019/10/17-14:54:16.082685 7fc3a9fcb700                  Options.compression_opts.level: 32767
2019/10/17-14:54:16.082686 7fc3a9fcb700               Options.compression_opts.strategy: 0
2019/10/17-14:54:16.082687 7fc3a9fcb700         Options.compression_opts.max_dict_bytes: 0
2019/10/17-14:54:16.082688 7fc3a9fcb700         Options.compression_opts.zstd_max_train_bytes: 0
2019/10/17-14:54:16.082688 7fc3a9fcb700                  Options.compression_opts.enabled: false
2019/10/17-14:54:16.082689 7fc3a9fcb700      Options.level0_file_num_compaction_trigger: 4
2019/10/17-14:54:16.082690 7fc3a9fcb700          Options.level0_slowdown_writes_trigger: 20
2019/10/17-14:54:16.082691 7fc3a9fcb700              Options.level0_stop_writes_trigger: 36
2019/10/17-14:54:16.082692 7fc3a9fcb700                   Options.target_file_size_base: 67108864
2019/10/17-14:54:16.082693 7fc3a9fcb700             Options.target_file_size_multiplier: 1
2019/10/17-14:54:16.082694 7fc3a9fcb700                Options.max_bytes_for_level_base: 268435456
2019/10/17-14:54:16.082695 7fc3a9fcb700 Options.level_compaction_dynamic_level_bytes: 0
2019/10/17-14:54:16.082696 7fc3a9fcb700          Options.max_bytes_for_level_multiplier: 10.000000
2019/10/17-14:54:16.082698 7fc3a9fcb700 Options.max_bytes_for_level_multiplier_addtl[0]: 1
2019/10/17-14:54:16.082699 7fc3a9fcb700 Options.max_bytes_for_level_multiplier_addtl[1]: 1
2019/10/17-14:54:16.082700 7fc3a9fcb700 Options.max_bytes_for_level_multiplier_addtl[2]: 1
2019/10/17-14:54:16.082701 7fc3a9fcb700 Options.max_bytes_for_level_multiplier_addtl[3]: 1
2019/10/17-14:54:16.082702 7fc3a9fcb700 Options.max_bytes_for_level_multiplier_addtl[4]: 1
2019/10/17-14:54:16.082702 7fc3a9fcb700 Options.max_bytes_for_level_multiplier_addtl[5]: 1
2019/10/17-14:54:16.082703 7fc3a9fcb700 Options.max_bytes_for_level_multiplier_addtl[6]: 1
2019/10/17-14:54:16.082704 7fc3a9fcb700       Options.max_sequential_skip_in_iterations: 8
2019/10/17-14:54:16.082705 7fc3a9fcb700                    Options.max_compaction_bytes: 1677721600
2019/10/17-14:54:16.082706 7fc3a9fcb700                        Options.arena_block_size: 8388608
2019/10/17-14:54:16.082707 7fc3a9fcb700   Options.soft_pending_compaction_bytes_limit: 68719476736
2019/10/17-14:54:16.082713 7fc3a9fcb700   Options.hard_pending_compaction_bytes_limit: 274877906944
2019/10/17-14:54:16.082714 7fc3a9fcb700       Options.rate_limit_delay_max_milliseconds: 100
2019/10/17-14:54:16.082715 7fc3a9fcb700                Options.disable_auto_compactions: 0
2019/10/17-14:54:16.082716 7fc3a9fcb700                        Options.compaction_style: kCompactionStyleLevel
2019/10/17-14:54:16.082717 7fc3a9fcb700                          Options.compaction_pri: kByCompensatedSize
2019/10/17-14:54:16.082718 7fc3a9fcb700 Options.compaction_options_universal.size_ratio: 1
2019/10/17-14:54:16.082719 7fc3a9fcb700 Options.compaction_options_universal.min_merge_width: 2
2019/10/17-14:54:16.082720 7fc3a9fcb700 Options.compaction_options_universal.max_merge_width: 4294967295
2019/10/17-14:54:16.082721 7fc3a9fcb700 Options.compaction_options_universal.max_size_amplification_percent: 200
2019/10/17-14:54:16.082722 7fc3a9fcb700 Options.compaction_options_universal.compression_size_percent: -1
2019/10/17-14:54:16.082723 7fc3a9fcb700 Options.compaction_options_universal.stop_style: kCompactionStopStyleTotalSize
2019/10/17-14:54:16.082724 7fc3a9fcb700 Options.compaction_options_fifo.max_table_files_size: 1073741824
2019/10/17-14:54:16.082725 7fc3a9fcb700 Options.compaction_options_fifo.allow_compaction: 0
2019/10/17-14:54:16.082726 7fc3a9fcb700 Options.compaction_options_fifo.ttl: 0
2019/10/17-14:54:16.082727 7fc3a9fcb700                   Options.table_properties_collectors: 
2019/10/17-14:54:16.082728 7fc3a9fcb700                   Options.inplace_update_support: 0
2019/10/17-14:54:16.082729 7fc3a9fcb700                 Options.inplace_update_num_locks: 10000
2019/10/17-14:54:16.082730 7fc3a9fcb700               Options.memtable_prefix_bloom_size_ratio: 0.000000
2019/10/17-14:54:16.082731 7fc3a9fcb700   Options.memtable_huge_page_size: 0
2019/10/17-14:54:16.082732 7fc3a9fcb700                           Options.bloom_locality: 0
2019/10/17-14:54:16.082733 7fc3a9fcb700                    Options.max_successive_merges: 0
2019/10/17-14:54:16.082734 7fc3a9fcb700                Options.optimize_filters_for_hits: 0
2019/10/17-14:54:16.082735 7fc3a9fcb700                Options.paranoid_file_checks: 0
2019/10/17-14:54:16.082736 7fc3a9fcb700                Options.force_consistency_checks: 0
2019/10/17-14:54:16.082737 7fc3a9fcb700                Options.report_bg_io_stats: 0
2019/10/17-14:54:16.082738 7fc3a9fcb700                               Options.ttl: 0
2019/10/17-14:54:16.082755 7fc3a9fcb700 [db/column_family.cc:472] --------------- Options for column family [dc_entries]:
2019/10/17-14:54:16.082757 7fc3a9fcb700               Options.comparator: leveldb.BytewiseComparator
2019/10/17-14:54:16.082758 7fc3a9fcb700           Options.merge_operator: None
2019/10/17-14:54:16.082759 7fc3a9fcb700        Options.compaction_filter: None
2019/10/17-14:54:16.082760 7fc3a9fcb700        Options.compaction_filter_factory: None
2019/10/17-14:54:16.082761 7fc3a9fcb700         Options.memtable_factory: SkipListFactory
2019/10/17-14:54:16.082762 7fc3a9fcb700            Options.table_factory: BlockBasedTable
2019/10/17-14:54:16.082774 7fc3a9fcb700            table_factory options:   flush_block_policy_factory: FlushBlockBySizePolicyFactory (0x7fc3500955e0)
  cache_index_and_filter_blocks: 0
  cache_index_and_filter_blocks_with_high_priority: 0
  pin_l0_filter_and_index_blocks_in_cache: 0
  pin_top_level_index_and_filter: 1
  index_type: 0
  hash_index_allow_collision: 1
  checksum: 1
  no_block_cache: 0
  block_cache: 0x7fc350057da0
  block_cache_name: LRUCache
  block_cache_options:
    capacity : 8388608
    num_shard_bits : 4
    strict_capacity_limit : 0
    memory_allocator : None
    high_pri_pool_ratio: 0.000
  block_cache_compressed: (nil)
  persistent_cache: (nil)
  block_size: 4096
  block_size_deviation: 10
  block_restart_interval: 16
  index_block_restart_interval: 1
  metadata_block_size: 4096
  partition_filters: 0
  use_delta_encoding: 1
  filter_policy: nullptr
  whole_key_filtering: 1
  verify_compression: 0
  read_amp_bytes_per_bit: 0
  format_version: 2
  enable_index_compression: 1
  block_align: 0
2019/10/17-14:54:16.082782 7fc3a9fcb700        Options.write_buffer_size: 67108864
2019/10/17-14:54:16.082783 7fc3a9fcb700  Options.max_write_buffer_number: 2
2019/10/17-14:54:16.082784 7fc3a9fcb700          Options.compression: NoCompression
2019/10/17-14:54:16.082785 7fc3a9fcb700                  Options.bottommost_compression: Disabled
2019/10/17-14:54:16.082786 7fc3a9fcb700       Options.prefix_extractor: nullptr
2019/10/17-14:54:16.082787 7fc3a9fcb700   Options.memtable_insert_with_hint_prefix_extractor: nullptr
2019/10/17-14:54:16.082788 7fc3a9fcb700             Options.num_levels: 7
2019/10/17-14:54:16.082789 7fc3a9fcb700        Options.min_write_buffer_number_to_merge: 1
2019/10/17-14:54:16.082790 7fc3a9fcb700     Options.max_write_buffer_number_to_maintain: 0
2019/10/17-14:54:16.082791 7fc3a9fcb700            Options.bottommost_compression_opts.window_bits: -14
2019/10/17-14:54:16.082791 7fc3a9fcb700                  Options.bottommost_compression_opts.level: 32767
2019/10/17-14:54:16.082792 7fc3a9fcb700               Options.bottommost_compression_opts.strategy: 0
2019/10/17-14:54:16.082793 7fc3a9fcb700         Options.bottommost_compression_opts.max_dict_bytes: 0
2019/10/17-14:54:16.082794 7fc3a9fcb700         Options.bottommost_compression_opts.zstd_max_train_bytes: 0
2019/10/17-14:54:16.082795 7fc3a9fcb700                  Options.bottommost_compression_opts.enabled: false
2019/10/17-14:54:16.082796 7fc3a9fcb700            Options.compression_opts.window_bits: -14
2019/10/17-14:54:16.082797 7fc3a9fcb700                  Options.compression_opts.level: 32767
2019/10/17-14:54:16.082798 7fc3a9fcb700               Options.compression_opts.strategy: 0
2019/10/17-14:54:16.082799 7fc3a9fcb700         Options.compression_opts.max_dict_bytes: 0
2019/10/17-14:54:16.082800 7fc3a9fcb700         Options.compression_opts.zstd_max_train_bytes: 0
2019/10/17-14:54:16.082801 7fc3a9fcb700                  Options.compression_opts.enabled: false
2019/10/17-14:54:16.082802 7fc3a9fcb700      Options.level0_file_num_compaction_trigger: 4
2019/10/17-14:54:16.082803 7fc3a9fcb700          Options.level0_slowdown_writes_trigger: 20
2019/10/17-14:54:16.082804 7fc3a9fcb700              Options.level0_stop_writes_trigger: 36
2019/10/17-14:54:16.082804 7fc3a9fcb700                   Options.target_file_size_base: 67108864
2019/10/17-14:54:16.082805 7fc3a9fcb700             Options.target_file_size_multiplier: 1
2019/10/17-14:54:16.082806 7fc3a9fcb700                Options.max_bytes_for_level_base: 268435456
2019/10/17-14:54:16.082807 7fc3a9fcb700 Options.level_compaction_dynamic_level_bytes: 0
2019/10/17-14:54:16.082808 7fc3a9fcb700          Options.max_bytes_for_level_multiplier: 10.000000
2019/10/17-14:54:16.082810 7fc3a9fcb700 Options.max_bytes_for_level_multiplier_addtl[0]: 1
2019/10/17-14:54:16.082811 7fc3a9fcb700 Options.max_bytes_for_level_multiplier_addtl[1]: 1
2019/10/17-14:54:16.082812 7fc3a9fcb700 Options.max_bytes_for_level_multiplier_addtl[2]: 1
2019/10/17-14:54:16.082813 7fc3a9fcb700 Options.max_bytes_for_level_multiplier_addtl[3]: 1
2019/10/17-14:54:16.082814 7fc3a9fcb700 Options.max_bytes_for_level_multiplier_addtl[4]: 1
2019/10/17-14:54:16.082815 7fc3a9fcb700 Options.max_bytes_for_level_multiplier_addtl[5]: 1
2019/10/17-14:54:16.082816 7fc3a9fcb700 Options.max_bytes_for_level_multiplier_addtl[6]: 1
2019/10/17-14:54:16.082817 7fc3a9fcb700       Options.max_sequential_skip_in_iterations: 8
2019/10/17-14:54:16.082817 7fc3a9fcb700                    Options.max_compaction_bytes: 1677721600
2019/10/17-14:54:16.082818 7fc3a9fcb700                        Options.arena_block_size: 8388608
2019/10/17-14:54:16.082819 7fc3a9fcb700   Options.soft_pending_compaction_bytes_limit: 68719476736
2019/10/17-14:54:16.082820 7fc3a9fcb700   Options.hard_pending_compaction_bytes_limit: 274877906944
2019/10/17-14:54:16.082821 7fc3a9fcb700       Options.rate_limit_delay_max_milliseconds: 100
2019/10/17-14:54:16.082822 7fc3a9fcb700                Options.disable_auto_compactions: 0
2019/10/17-14:54:16.082828 7fc3a9fcb700                        Options.compaction_style: kCompactionStyleLevel
2019/10/17-14:54:16.082830 7fc3a9fcb700                          Options.compaction_pri: kByCompensatedSize
2019/10/17-14:54:16.082830 7fc3a9fcb700 Options.compaction_options_universal.size_ratio: 1
2019/10/17-14:54:16.082831 7fc3a9fcb700 Options.compaction_options_universal.min_merge_width: 2
2019/10/17-14:54:16.082832 7fc3a9fcb700 Options.compaction_options_universal.max_merge_width: 4294967295
2019/10/17-14:54:16.082833 7fc3a9fcb700 Options.compaction_options_universal.max_size_amplification_percent: 200
2019/10/17-14:54:16.082834 7fc3a9fcb700 Options.compaction_options_universal.compression_size_percent: -1
2019/10/17-14:54:16.082835 7fc3a9fcb700 Options.compaction_options_universal.stop_style: kCompactionStopStyleTotalSize
2019/10/17-14:54:16.082836 7fc3a9fcb700 Options.compaction_options_fifo.max_table_files_size: 1073741824
2019/10/17-14:54:16.082837 7fc3a9fcb700 Options.compaction_options_fifo.allow_compaction: 0
2019/10/17-14:54:16.082838 7fc3a9fcb700 Options.compaction_options_fifo.ttl: 0
2019/10/17-14:54:16.082839 7fc3a9fcb700                   Options.table_properties_collectors: 
2019/10/17-14:54:16.082840 7fc3a9fcb700                   Options.inplace_update_support: 0
2019/10/17-14:54:16.082841 7fc3a9fcb700                 Options.inplace_update_num_locks: 10000
2019/10/17-14:54:16.082842 7fc3a9fcb700               Options.memtable_prefix_bloom_size_ratio: 0.000000
2019/10/17-14:54:16.082843 7fc3a9fcb700   Options.memtable_huge_page_size: 0
2019/10/17-14:54:16.082844 7fc3a9fcb700                           Options.bloom_locality: 0
2019/10/17-14:54:16.082845 7fc3a9fcb700                    Options.max_successive_merges: 0
2019/10/17-14:54:16.082846 7fc3a9fcb700                Options.optimize_filters_for_hits: 0
2019/10/17-14:54:16.082847 7fc3a9fcb700                Options.paranoid_file_checks: 0
2019/10/17-14:54:16.082848 7fc3a9fcb700                Options.force_consistency_checks: 0
2019/10/17-14:54:16.082849 7fc3a9fcb700                Options.report_bg_io_stats: 0
2019/10/17-14:54:16.082850 7fc3a9fcb700                               Options.ttl: 0
2019/10/17-14:54:16.082865 7fc3a9fcb700 [db/column_family.cc:472] --------------- Options for column family [htlcs]:
2019/10/17-14:54:16.082866 7fc3a9fcb700               Options.comparator: leveldb.BytewiseComparator
2019/10/17-14:54:16.082867 7fc3a9fcb700           Options.merge_operator: None
2019/10/17-14:54:16.082868 7fc3a9fcb700        Options.compaction_filter: None
2019/10/17-14:54:16.082869 7fc3a9fcb700        Options.compaction_filter_factory: None
2019/10/17-14:54:16.082870 7fc3a9fcb700         Options.memtable_factory: SkipListFactory
2019/10/17-14:54:16.082871 7fc3a9fcb700            Options.table_factory: BlockBasedTable
2019/10/17-14:54:16.082882 7fc3a9fcb700            table_factory options:   flush_block_policy_factory: FlushBlockBySizePolicyFactory (0x7fc3500296a0)
