2019/10/17-14:56:12.715504 7fbc2cd30700 RocksDB version: 5.18.3
2019/10/17-14:56:12.715540 7fbc2cd30700 Git sha rocksdb_build_git_sha:@0@
2019/10/17-14:56:12.715542 7fbc2cd30700 Compile date Sep 19 2019
2019/10/17-14:56:12.715543 7fbc2cd30700 DB SUMMARY
2019/10/17-14:56:12.716220 7fbc2cd30700 CURRENT file:  CURRENT
2019/10/17-14:56:12.716221 7fbc2cd30700 IDENTITY file:  IDENTITY
2019/10/17-14:56:12.716249 7fbc2cd30700 MANIFEST file:  MANIFEST-116923 size: 4114 Bytes
2019/10/17-14:56:12.716251 7fbc2cd30700 SST files in /home/rahul/dev/blockchain-core/eqc/ledger.db dir, Total Num: 29, files: 000624.sst 000627.sst 106940.sst 108447.sst 108450.sst 109471.sst 109483.sst 109485.sst 109486.sst 
2019/10/17-14:56:12.716252 7fbc2cd30700 Write Ahead Log file in /home/rahul/dev/blockchain-core/eqc/ledger.db: 116924.log size: 0 ; 
2019/10/17-14:56:12.716284 7fbc2cd30700                         Options.error_if_exists: 0
2019/10/17-14:56:12.716285 7fbc2cd30700                       Options.create_if_missing: 1
2019/10/17-14:56:12.716286 7fbc2cd30700                         Options.paranoid_checks: 1
2019/10/17-14:56:12.716287 7fbc2cd30700                                     Options.env: 0x7fbbafa7bc60
2019/10/17-14:56:12.716288 7fbc2cd30700                                Options.info_log: 0x7fbbb8033320
2019/10/17-14:56:12.716289 7fbc2cd30700                Options.max_file_opening_threads: 16
2019/10/17-14:56:12.716289 7fbc2cd30700                              Options.statistics: (nil)
2019/10/17-14:56:12.716290 7fbc2cd30700                               Options.use_fsync: 0
2019/10/17-14:56:12.716291 7fbc2cd30700                       Options.max_log_file_size: 0
2019/10/17-14:56:12.716292 7fbc2cd30700                  Options.max_manifest_file_size: 1073741824
2019/10/17-14:56:12.716292 7fbc2cd30700                   Options.log_file_time_to_roll: 0
2019/10/17-14:56:12.716293 7fbc2cd30700                       Options.keep_log_file_num: 1000
2019/10/17-14:56:12.716294 7fbc2cd30700                    Options.recycle_log_file_num: 0
2019/10/17-14:56:12.716295 7fbc2cd30700                         Options.allow_fallocate: 1
2019/10/17-14:56:12.716295 7fbc2cd30700                        Options.allow_mmap_reads: 0
2019/10/17-14:56:12.716296 7fbc2cd30700                       Options.allow_mmap_writes: 0
2019/10/17-14:56:12.716297 7fbc2cd30700                        Options.use_direct_reads: 0
2019/10/17-14:56:12.716297 7fbc2cd30700                        Options.use_direct_io_for_flush_and_compaction: 0
2019/10/17-14:56:12.716298 7fbc2cd30700          Options.create_missing_column_families: 0
2019/10/17-14:56:12.716299 7fbc2cd30700                              Options.db_log_dir: 
2019/10/17-14:56:12.716300 7fbc2cd30700                                 Options.wal_dir: /home/rahul/dev/blockchain-core/eqc/ledger.db
2019/10/17-14:56:12.716300 7fbc2cd30700                Options.table_cache_numshardbits: 6
2019/10/17-14:56:12.716301 7fbc2cd30700                      Options.max_subcompactions: 1
2019/10/17-14:56:12.716302 7fbc2cd30700                  Options.max_background_flushes: -1
2019/10/17-14:56:12.716303 7fbc2cd30700                         Options.WAL_ttl_seconds: 0
2019/10/17-14:56:12.716303 7fbc2cd30700                       Options.WAL_size_limit_MB: 0
2019/10/17-14:56:12.716304 7fbc2cd30700             Options.manifest_preallocation_size: 4194304
2019/10/17-14:56:12.716305 7fbc2cd30700                     Options.is_fd_close_on_exec: 1
2019/10/17-14:56:12.716305 7fbc2cd30700                   Options.advise_random_on_open: 1
2019/10/17-14:56:12.716306 7fbc2cd30700                    Options.db_write_buffer_size: 0
2019/10/17-14:56:12.716307 7fbc2cd30700                    Options.write_buffer_manager: 0x7fbbb805c5a0
2019/10/17-14:56:12.716308 7fbc2cd30700         Options.access_hint_on_compaction_start: 1
2019/10/17-14:56:12.716308 7fbc2cd30700  Options.new_table_reader_for_compaction_inputs: 0
2019/10/17-14:56:12.716309 7fbc2cd30700           Options.random_access_max_buffer_size: 1048576
2019/10/17-14:56:12.716310 7fbc2cd30700                      Options.use_adaptive_mutex: 0
2019/10/17-14:56:12.716310 7fbc2cd30700                            Options.rate_limiter: (nil)
2019/10/17-14:56:12.716319 7fbc2cd30700     Options.sst_file_manager.rate_bytes_per_sec: 0
2019/10/17-14:56:12.716320 7fbc2cd30700                       Options.wal_recovery_mode: 2
2019/10/17-14:56:12.716321 7fbc2cd30700                  Options.enable_thread_tracking: 0
2019/10/17-14:56:12.716321 7fbc2cd30700                  Options.enable_pipelined_write: 0
2019/10/17-14:56:12.716322 7fbc2cd30700         Options.allow_concurrent_memtable_write: 1
2019/10/17-14:56:12.716323 7fbc2cd30700      Options.enable_write_thread_adaptive_yield: 1
2019/10/17-14:56:12.716324 7fbc2cd30700             Options.write_thread_max_yield_usec: 100
2019/10/17-14:56:12.716324 7fbc2cd30700            Options.write_thread_slow_yield_usec: 3
2019/10/17-14:56:12.716325 7fbc2cd30700                               Options.row_cache: None
2019/10/17-14:56:12.716326 7fbc2cd30700                              Options.wal_filter: None
2019/10/17-14:56:12.716327 7fbc2cd30700             Options.avoid_flush_during_recovery: 0
2019/10/17-14:56:12.716327 7fbc2cd30700             Options.allow_ingest_behind: 0
2019/10/17-14:56:12.716328 7fbc2cd30700             Options.preserve_deletes: 0
2019/10/17-14:56:12.716329 7fbc2cd30700             Options.two_write_queues: 0
2019/10/17-14:56:12.716329 7fbc2cd30700             Options.manual_wal_flush: 0
2019/10/17-14:56:12.716330 7fbc2cd30700             Options.max_background_jobs: 2
2019/10/17-14:56:12.716331 7fbc2cd30700             Options.max_background_compactions: -1
2019/10/17-14:56:12.716332 7fbc2cd30700             Options.avoid_flush_during_shutdown: 0
2019/10/17-14:56:12.716332 7fbc2cd30700           Options.writable_file_max_buffer_size: 1048576
2019/10/17-14:56:12.716333 7fbc2cd30700             Options.delayed_write_rate : 16777216
2019/10/17-14:56:12.716334 7fbc2cd30700             Options.max_total_wal_size: 0
2019/10/17-14:56:12.716334 7fbc2cd30700             Options.delete_obsolete_files_period_micros: 21600000000
2019/10/17-14:56:12.716335 7fbc2cd30700                   Options.stats_dump_period_sec: 600
2019/10/17-14:56:12.716336 7fbc2cd30700                          Options.max_open_files: -1
2019/10/17-14:56:12.716337 7fbc2cd30700                          Options.bytes_per_sync: 0
2019/10/17-14:56:12.716337 7fbc2cd30700                      Options.wal_bytes_per_sync: 0
2019/10/17-14:56:12.716338 7fbc2cd30700       Options.compaction_readahead_size: 0
2019/10/17-14:56:12.716339 7fbc2cd30700 Compression algorithms supported:
2019/10/17-14:56:12.716340 7fbc2cd30700 	kZSTDNotFinalCompression supported: 0
2019/10/17-14:56:12.716341 7fbc2cd30700 	kZSTD supported: 0
2019/10/17-14:56:12.716341 7fbc2cd30700 	kXpressCompression supported: 0
2019/10/17-14:56:12.716342 7fbc2cd30700 	kLZ4HCCompression supported: 0
2019/10/17-14:56:12.716343 7fbc2cd30700 	kLZ4Compression supported: 0
2019/10/17-14:56:12.716344 7fbc2cd30700 	kBZip2Compression supported: 0
2019/10/17-14:56:12.716344 7fbc2cd30700 	kZlibCompression supported: 0
2019/10/17-14:56:12.716345 7fbc2cd30700 	kSnappyCompression supported: 0
2019/10/17-14:56:12.716347 7fbc2cd30700 Fast CRC32 supported: Supported on x86
2019/10/17-14:56:12.716436 7fbc2cd30700 [db/version_set.cc:3507] Recovering from manifest file: MANIFEST-116923
2019/10/17-14:56:12.716466 7fbc2cd30700 [db/column_family.cc:472] --------------- Options for column family [default]:
2019/10/17-14:56:12.716468 7fbc2cd30700               Options.comparator: leveldb.BytewiseComparator
2019/10/17-14:56:12.716469 7fbc2cd30700           Options.merge_operator: None
2019/10/17-14:56:12.716470 7fbc2cd30700        Options.compaction_filter: None
2019/10/17-14:56:12.716470 7fbc2cd30700        Options.compaction_filter_factory: None
2019/10/17-14:56:12.716471 7fbc2cd30700         Options.memtable_factory: SkipListFactory
2019/10/17-14:56:12.716472 7fbc2cd30700            Options.table_factory: BlockBasedTable
2019/10/17-14:56:12.716486 7fbc2cd30700            table_factory options:   flush_block_policy_factory: FlushBlockBySizePolicyFactory (0x7fbbb8298af0)
  cache_index_and_filter_blocks: 0
  cache_index_and_filter_blocks_with_high_priority: 0
  pin_l0_filter_and_index_blocks_in_cache: 0
  pin_top_level_index_and_filter: 1
  index_type: 0
  hash_index_allow_collision: 1
  checksum: 1
  no_block_cache: 0
  block_cache: 0x7fbbb80ac230
  block_cache_name: LRUCache
  block_cache_options:
    capacity : 8388608
    num_shard_bits : 4
    strict_capacity_limit : 0
    memory_allocator : None
    high_pri_pool_ratio: 0.000
  block_cache_compressed: (nil)
  persistent_cache: (nil)
  block_size: 4096
  block_size_deviation: 10
  block_restart_interval: 16
  index_block_restart_interval: 1
  metadata_block_size: 4096
  partition_filters: 0
  use_delta_encoding: 1
  filter_policy: nullptr
  whole_key_filtering: 1
  verify_compression: 0
  read_amp_bytes_per_bit: 0
  format_version: 2
  enable_index_compression: 1
  block_align: 0
2019/10/17-14:56:12.716495 7fbc2cd30700        Options.write_buffer_size: 67108864
2019/10/17-14:56:12.716496 7fbc2cd30700  Options.max_write_buffer_number: 2
2019/10/17-14:56:12.716497 7fbc2cd30700          Options.compression: NoCompression
2019/10/17-14:56:12.716497 7fbc2cd30700                  Options.bottommost_compression: Disabled
2019/10/17-14:56:12.716498 7fbc2cd30700       Options.prefix_extractor: nullptr
2019/10/17-14:56:12.716499 7fbc2cd30700   Options.memtable_insert_with_hint_prefix_extractor: nullptr
2019/10/17-14:56:12.716500 7fbc2cd30700             Options.num_levels: 7
2019/10/17-14:56:12.716500 7fbc2cd30700        Options.min_write_buffer_number_to_merge: 1
2019/10/17-14:56:12.716501 7fbc2cd30700     Options.max_write_buffer_number_to_maintain: 0
2019/10/17-14:56:12.716502 7fbc2cd30700            Options.bottommost_compression_opts.window_bits: -14
2019/10/17-14:56:12.716502 7fbc2cd30700                  Options.bottommost_compression_opts.level: 32767
2019/10/17-14:56:12.716503 7fbc2cd30700               Options.bottommost_compression_opts.strategy: 0
2019/10/17-14:56:12.716504 7fbc2cd30700         Options.bottommost_compression_opts.max_dict_bytes: 0
2019/10/17-14:56:12.716505 7fbc2cd30700         Options.bottommost_compression_opts.zstd_max_train_bytes: 0
2019/10/17-14:56:12.716505 7fbc2cd30700                  Options.bottommost_compression_opts.enabled: false
2019/10/17-14:56:12.716506 7fbc2cd30700            Options.compression_opts.window_bits: -14
2019/10/17-14:56:12.716507 7fbc2cd30700                  Options.compression_opts.level: 32767
2019/10/17-14:56:12.716508 7fbc2cd30700               Options.compression_opts.strategy: 0
2019/10/17-14:56:12.716508 7fbc2cd30700         Options.compression_opts.max_dict_bytes: 0
2019/10/17-14:56:12.716509 7fbc2cd30700         Options.compression_opts.zstd_max_train_bytes: 0
2019/10/17-14:56:12.716510 7fbc2cd30700                  Options.compression_opts.enabled: false
2019/10/17-14:56:12.716510 7fbc2cd30700      Options.level0_file_num_compaction_trigger: 4
2019/10/17-14:56:12.716511 7fbc2cd30700          Options.level0_slowdown_writes_trigger: 20
2019/10/17-14:56:12.716512 7fbc2cd30700              Options.level0_stop_writes_trigger: 36
2019/10/17-14:56:12.716512 7fbc2cd30700                   Options.target_file_size_base: 67108864
2019/10/17-14:56:12.716513 7fbc2cd30700             Options.target_file_size_multiplier: 1
2019/10/17-14:56:12.716514 7fbc2cd30700                Options.max_bytes_for_level_base: 268435456
2019/10/17-14:56:12.716515 7fbc2cd30700 Options.level_compaction_dynamic_level_bytes: 0
2019/10/17-14:56:12.716515 7fbc2cd30700          Options.max_bytes_for_level_multiplier: 10.000000
2019/10/17-14:56:12.716517 7fbc2cd30700 Options.max_bytes_for_level_multiplier_addtl[0]: 1
2019/10/17-14:56:12.716518 7fbc2cd30700 Options.max_bytes_for_level_multiplier_addtl[1]: 1
2019/10/17-14:56:12.716519 7fbc2cd30700 Options.max_bytes_for_level_multiplier_addtl[2]: 1
2019/10/17-14:56:12.716520 7fbc2cd30700 Options.max_bytes_for_level_multiplier_addtl[3]: 1
2019/10/17-14:56:12.716520 7fbc2cd30700 Options.max_bytes_for_level_multiplier_addtl[4]: 1
2019/10/17-14:56:12.716525 7fbc2cd30700 Options.max_bytes_for_level_multiplier_addtl[5]: 1
2019/10/17-14:56:12.716526 7fbc2cd30700 Options.max_bytes_for_level_multiplier_addtl[6]: 1
2019/10/17-14:56:12.716526 7fbc2cd30700       Options.max_sequential_skip_in_iterations: 8
2019/10/17-14:56:12.716527 7fbc2cd30700                    Options.max_compaction_bytes: 1677721600
2019/10/17-14:56:12.716528 7fbc2cd30700                        Options.arena_block_size: 8388608
2019/10/17-14:56:12.716529 7fbc2cd30700   Options.soft_pending_compaction_bytes_limit: 68719476736
2019/10/17-14:56:12.716529 7fbc2cd30700   Options.hard_pending_compaction_bytes_limit: 274877906944
2019/10/17-14:56:12.716530 7fbc2cd30700       Options.rate_limit_delay_max_milliseconds: 100
2019/10/17-14:56:12.716531 7fbc2cd30700                Options.disable_auto_compactions: 0
2019/10/17-14:56:12.716532 7fbc2cd30700                        Options.compaction_style: kCompactionStyleLevel
2019/10/17-14:56:12.716533 7fbc2cd30700                          Options.compaction_pri: kByCompensatedSize
2019/10/17-14:56:12.716534 7fbc2cd30700 Options.compaction_options_universal.size_ratio: 1
2019/10/17-14:56:12.716535 7fbc2cd30700 Options.compaction_options_universal.min_merge_width: 2
2019/10/17-14:56:12.716535 7fbc2cd30700 Options.compaction_options_universal.max_merge_width: 4294967295
2019/10/17-14:56:12.716536 7fbc2cd30700 Options.compaction_options_universal.max_size_amplification_percent: 200
2019/10/17-14:56:12.716537 7fbc2cd30700 Options.compaction_options_universal.compression_size_percent: -1
2019/10/17-14:56:12.716538 7fbc2cd30700 Options.compaction_options_universal.stop_style: kCompactionStopStyleTotalSize
2019/10/17-14:56:12.716539 7fbc2cd30700 Options.compaction_options_fifo.max_table_files_size: 1073741824
2019/10/17-14:56:12.716539 7fbc2cd30700 Options.compaction_options_fifo.allow_compaction: 0
2019/10/17-14:56:12.716540 7fbc2cd30700 Options.compaction_options_fifo.ttl: 0
2019/10/17-14:56:12.716541 7fbc2cd30700                   Options.table_properties_collectors: 
2019/10/17-14:56:12.716541 7fbc2cd30700                   Options.inplace_update_support: 0
2019/10/17-14:56:12.716542 7fbc2cd30700                 Options.inplace_update_num_locks: 10000
2019/10/17-14:56:12.716543 7fbc2cd30700               Options.memtable_prefix_bloom_size_ratio: 0.000000
2019/10/17-14:56:12.716544 7fbc2cd30700   Options.memtable_huge_page_size: 0
2019/10/17-14:56:12.716545 7fbc2cd30700                           Options.bloom_locality: 0
2019/10/17-14:56:12.716545 7fbc2cd30700                    Options.max_successive_merges: 0
2019/10/17-14:56:12.716546 7fbc2cd30700                Options.optimize_filters_for_hits: 0
2019/10/17-14:56:12.716547 7fbc2cd30700                Options.paranoid_file_checks: 0
2019/10/17-14:56:12.716547 7fbc2cd30700                Options.force_consistency_checks: 0
2019/10/17-14:56:12.716548 7fbc2cd30700                Options.report_bg_io_stats: 0
2019/10/17-14:56:12.716549 7fbc2cd30700                               Options.ttl: 0
2019/10/17-14:56:12.716574 7fbc2cd30700 [db/column_family.cc:472] --------------- Options for column family [active_gateways]:
2019/10/17-14:56:12.716575 7fbc2cd30700               Options.comparator: leveldb.BytewiseComparator
2019/10/17-14:56:12.716576 7fbc2cd30700           Options.merge_operator: None
2019/10/17-14:56:12.716577 7fbc2cd30700        Options.compaction_filter: None
2019/10/17-14:56:12.716578 7fbc2cd30700        Options.compaction_filter_factory: None
2019/10/17-14:56:12.716578 7fbc2cd30700         Options.memtable_factory: SkipListFactory
2019/10/17-14:56:12.716579 7fbc2cd30700            Options.table_factory: BlockBasedTable
2019/10/17-14:56:12.716589 7fbc2cd30700            table_factory options:   flush_block_policy_factory: FlushBlockBySizePolicyFactory (0x7fbbb80c0b70)
  cache_index_and_filter_blocks: 0
  cache_index_and_filter_blocks_with_high_priority: 0
  pin_l0_filter_and_index_blocks_in_cache: 0
  pin_top_level_index_and_filter: 1
  index_type: 0
  hash_index_allow_collision: 1
  checksum: 1
  no_block_cache: 0
  block_cache: 0x7fbbb8033850
  block_cache_name: LRUCache
  block_cache_options:
    capacity : 8388608
    num_shard_bits : 4
    strict_capacity_limit : 0
    memory_allocator : None
    high_pri_pool_ratio: 0.000
  block_cache_compressed: (nil)
  persistent_cache: (nil)
  block_size: 4096
  block_size_deviation: 10
  block_restart_interval: 16
  index_block_restart_interval: 1
  metadata_block_size: 4096
  partition_filters: 0
  use_delta_encoding: 1
  filter_policy: nullptr
  whole_key_filtering: 1
  verify_compression: 0
  read_amp_bytes_per_bit: 0
  format_version: 2
  enable_index_compression: 1
  block_align: 0
2019/10/17-14:56:12.716595 7fbc2cd30700        Options.write_buffer_size: 67108864
2019/10/17-14:56:12.716596 7fbc2cd30700  Options.max_write_buffer_number: 2
2019/10/17-14:56:12.716597 7fbc2cd30700          Options.compression: NoCompression
2019/10/17-14:56:12.716598 7fbc2cd30700                  Options.bottommost_compression: Disabled
2019/10/17-14:56:12.716598 7fbc2cd30700       Options.prefix_extractor: nullptr
2019/10/17-14:56:12.716599 7fbc2cd30700   Options.memtable_insert_with_hint_prefix_extractor: nullptr
2019/10/17-14:56:12.716600 7fbc2cd30700             Options.num_levels: 7
2019/10/17-14:56:12.716601 7fbc2cd30700        Options.min_write_buffer_number_to_merge: 1
2019/10/17-14:56:12.716601 7fbc2cd30700     Options.max_write_buffer_number_to_maintain: 0
2019/10/17-14:56:12.716602 7fbc2cd30700            Options.bottommost_compression_opts.window_bits: -14
2019/10/17-14:56:12.716603 7fbc2cd30700                  Options.bottommost_compression_opts.level: 32767
2019/10/17-14:56:12.716603 7fbc2cd30700               Options.bottommost_compression_opts.strategy: 0
2019/10/17-14:56:12.716604 7fbc2cd30700         Options.bottommost_compression_opts.max_dict_bytes: 0
2019/10/17-14:56:12.716605 7fbc2cd30700         Options.bottommost_compression_opts.zstd_max_train_bytes: 0
2019/10/17-14:56:12.716605 7fbc2cd30700                  Options.bottommost_compression_opts.enabled: false
2019/10/17-14:56:12.716606 7fbc2cd30700            Options.compression_opts.window_bits: -14
2019/10/17-14:56:12.716607 7fbc2cd30700                  Options.compression_opts.level: 32767
2019/10/17-14:56:12.716608 7fbc2cd30700               Options.compression_opts.strategy: 0
2019/10/17-14:56:12.716608 7fbc2cd30700         Options.compression_opts.max_dict_bytes: 0
2019/10/17-14:56:12.716609 7fbc2cd30700         Options.compression_opts.zstd_max_train_bytes: 0
2019/10/17-14:56:12.716610 7fbc2cd30700                  Options.compression_opts.enabled: false
2019/10/17-14:56:12.716610 7fbc2cd30700      Options.level0_file_num_compaction_trigger: 4
2019/10/17-14:56:12.716611 7fbc2cd30700          Options.level0_slowdown_writes_trigger: 20
2019/10/17-14:56:12.716612 7fbc2cd30700              Options.level0_stop_writes_trigger: 36
2019/10/17-14:56:12.716612 7fbc2cd30700                   Options.target_file_size_base: 67108864
2019/10/17-14:56:12.716613 7fbc2cd30700             Options.target_file_size_multiplier: 1
2019/10/17-14:56:12.716614 7fbc2cd30700                Options.max_bytes_for_level_base: 268435456
2019/10/17-14:56:12.716615 7fbc2cd30700 Options.level_compaction_dynamic_level_bytes: 0
2019/10/17-14:56:12.716615 7fbc2cd30700          Options.max_bytes_for_level_multiplier: 10.000000
2019/10/17-14:56:12.716617 7fbc2cd30700 Options.max_bytes_for_level_multiplier_addtl[0]: 1
2019/10/17-14:56:12.716617 7fbc2cd30700 Options.max_bytes_for_level_multiplier_addtl[1]: 1
2019/10/17-14:56:12.716618 7fbc2cd30700 Options.max_bytes_for_level_multiplier_addtl[2]: 1
2019/10/17-14:56:12.716619 7fbc2cd30700 Options.max_bytes_for_level_multiplier_addtl[3]: 1
2019/10/17-14:56:12.716619 7fbc2cd30700 Options.max_bytes_for_level_multiplier_addtl[4]: 1
2019/10/17-14:56:12.716620 7fbc2cd30700 Options.max_bytes_for_level_multiplier_addtl[5]: 1
2019/10/17-14:56:12.716621 7fbc2cd30700 Options.max_bytes_for_level_multiplier_addtl[6]: 1
2019/10/17-14:56:12.716622 7fbc2cd30700       Options.max_sequential_skip_in_iterations: 8
2019/10/17-14:56:12.716626 7fbc2cd30700                    Options.max_compaction_bytes: 1677721600
2019/10/17-14:56:12.716627 7fbc2cd30700                        Options.arena_block_size: 8388608
2019/10/17-14:56:12.716627 7fbc2cd30700   Options.soft_pending_compaction_bytes_limit: 68719476736
2019/10/17-14:56:12.716628 7fbc2cd30700   Options.hard_pending_compaction_bytes_limit: 274877906944
2019/10/17-14:56:12.716629 7fbc2cd30700       Options.rate_limit_delay_max_milliseconds: 100
2019/10/17-14:56:12.716629 7fbc2cd30700                Options.disable_auto_compactions: 0
2019/10/17-14:56:12.716630 7fbc2cd30700                        Options.compaction_style: kCompactionStyleLevel
2019/10/17-14:56:12.716631 7fbc2cd30700                          Options.compaction_pri: kByCompensatedSize
2019/10/17-14:56:12.716632 7fbc2cd30700 Options.compaction_options_universal.size_ratio: 1
2019/10/17-14:56:12.716633 7fbc2cd30700 Options.compaction_options_universal.min_merge_width: 2
2019/10/17-14:56:12.716633 7fbc2cd30700 Options.compaction_options_universal.max_merge_width: 4294967295
2019/10/17-14:56:12.716634 7fbc2cd30700 Options.compaction_options_universal.max_size_amplification_percent: 200
2019/10/17-14:56:12.716635 7fbc2cd30700 Options.compaction_options_universal.compression_size_percent: -1
2019/10/17-14:56:12.716636 7fbc2cd30700 Options.compaction_options_universal.stop_style: kCompactionStopStyleTotalSize
2019/10/17-14:56:12.716636 7fbc2cd30700 Options.compaction_options_fifo.max_table_files_size: 1073741824
2019/10/17-14:56:12.716637 7fbc2cd30700 Options.compaction_options_fifo.allow_compaction: 0
2019/10/17-14:56:12.716638 7fbc2cd30700 Options.compaction_options_fifo.ttl: 0
2019/10/17-14:56:12.716638 7fbc2cd30700                   Options.table_properties_collectors: 
2019/10/17-14:56:12.716639 7fbc2cd30700                   Options.inplace_update_support: 0
2019/10/17-14:56:12.716640 7fbc2cd30700                 Options.inplace_update_num_locks: 10000
2019/10/17-14:56:12.716641 7fbc2cd30700               Options.memtable_prefix_bloom_size_ratio: 0.000000
2019/10/17-14:56:12.716642 7fbc2cd30700   Options.memtable_huge_page_size: 0
2019/10/17-14:56:12.716642 7fbc2cd30700                           Options.bloom_locality: 0
2019/10/17-14:56:12.716643 7fbc2cd30700                    Options.max_successive_merges: 0
2019/10/17-14:56:12.716644 7fbc2cd30700                Options.optimize_filters_for_hits: 0
2019/10/17-14:56:12.716644 7fbc2cd30700                Options.paranoid_file_checks: 0
2019/10/17-14:56:12.716645 7fbc2cd30700                Options.force_consistency_checks: 0
2019/10/17-14:56:12.716646 7fbc2cd30700                Options.report_bg_io_stats: 0
2019/10/17-14:56:12.716646 7fbc2cd30700                               Options.ttl: 0
2019/10/17-14:56:12.716661 7fbc2cd30700 [db/column_family.cc:472] --------------- Options for column family [entries]:
2019/10/17-14:56:12.716663 7fbc2cd30700               Options.comparator: leveldb.BytewiseComparator
2019/10/17-14:56:12.716663 7fbc2cd30700           Options.merge_operator: None
2019/10/17-14:56:12.716664 7fbc2cd30700        Options.compaction_filter: None
2019/10/17-14:56:12.716665 7fbc2cd30700        Options.compaction_filter_factory: None
2019/10/17-14:56:12.716665 7fbc2cd30700         Options.memtable_factory: SkipListFactory
2019/10/17-14:56:12.716666 7fbc2cd30700            Options.table_factory: BlockBasedTable
2019/10/17-14:56:12.716675 7fbc2cd30700            table_factory options:   flush_block_policy_factory: FlushBlockBySizePolicyFactory (0x7fbbb8094af0)
  cache_index_and_filter_blocks: 0
  cache_index_and_filter_blocks_with_high_priority: 0
  pin_l0_filter_and_index_blocks_in_cache: 0
  pin_top_level_index_and_filter: 1
  index_type: 0
  hash_index_allow_collision: 1
  checksum: 1
  no_block_cache: 0
  block_cache: 0x7fbbb84daff0
  block_cache_name: LRUCache
  block_cache_options:
    capacity : 8388608
    num_shard_bits : 4
    strict_capacity_limit : 0
    memory_allocator : None
    high_pri_pool_ratio: 0.000
  block_cache_compressed: (nil)
  persistent_cache: (nil)
  block_size: 4096
  block_size_deviation: 10
  block_restart_interval: 16
  index_block_restart_interval: 1
  metadata_block_size: 4096
  partition_filters: 0
  use_delta_encoding: 1
  filter_policy: nullptr
  whole_key_filtering: 1
  verify_compression: 0
  read_amp_bytes_per_bit: 0
  format_version: 2
  enable_index_compression: 1
  block_align: 0
2019/10/17-14:56:12.716681 7fbc2cd30700        Options.write_buffer_size: 67108864
2019/10/17-14:56:12.716682 7fbc2cd30700  Options.max_write_buffer_number: 2
2019/10/17-14:56:12.716682 7fbc2cd30700          Options.compression: NoCompression
2019/10/17-14:56:12.716683 7fbc2cd30700                  Options.bottommost_compression: Disabled
2019/10/17-14:56:12.716684 7fbc2cd30700       Options.prefix_extractor: nullptr
2019/10/17-14:56:12.716685 7fbc2cd30700   Options.memtable_insert_with_hint_prefix_extractor: nullptr
2019/10/17-14:56:12.716685 7fbc2cd30700             Options.num_levels: 7
2019/10/17-14:56:12.716686 7fbc2cd30700        Options.min_write_buffer_number_to_merge: 1
2019/10/17-14:56:12.716687 7fbc2cd30700     Options.max_write_buffer_number_to_maintain: 0
2019/10/17-14:56:12.716687 7fbc2cd30700            Options.bottommost_compression_opts.window_bits: -14
2019/10/17-14:56:12.716688 7fbc2cd30700                  Options.bottommost_compression_opts.level: 32767
2019/10/17-14:56:12.716689 7fbc2cd30700               Options.bottommost_compression_opts.strategy: 0
2019/10/17-14:56:12.716689 7fbc2cd30700         Options.bottommost_compression_opts.max_dict_bytes: 0
2019/10/17-14:56:12.716690 7fbc2cd30700         Options.bottommost_compression_opts.zstd_max_train_bytes: 0
2019/10/17-14:56:12.716691 7fbc2cd30700                  Options.bottommost_compression_opts.enabled: false
2019/10/17-14:56:12.716692 7fbc2cd30700            Options.compression_opts.window_bits: -14
2019/10/17-14:56:12.716692 7fbc2cd30700                  Options.compression_opts.level: 32767
2019/10/17-14:56:12.716693 7fbc2cd30700               Options.compression_opts.strategy: 0
2019/10/17-14:56:12.716694 7fbc2cd30700         Options.compression_opts.max_dict_bytes: 0
2019/10/17-14:56:12.716694 7fbc2cd30700         Options.compression_opts.zstd_max_train_bytes: 0
2019/10/17-14:56:12.716695 7fbc2cd30700                  Options.compression_opts.enabled: false
2019/10/17-14:56:12.716696 7fbc2cd30700      Options.level0_file_num_compaction_trigger: 4
2019/10/17-14:56:12.716697 7fbc2cd30700          Options.level0_slowdown_writes_trigger: 20
2019/10/17-14:56:12.716697 7fbc2cd30700              Options.level0_stop_writes_trigger: 36
2019/10/17-14:56:12.716698 7fbc2cd30700                   Options.target_file_size_base: 67108864
2019/10/17-14:56:12.716699 7fbc2cd30700             Options.target_file_size_multiplier: 1
2019/10/17-14:56:12.716699 7fbc2cd30700                Options.max_bytes_for_level_base: 268435456
2019/10/17-14:56:12.716700 7fbc2cd30700 Options.level_compaction_dynamic_level_bytes: 0
2019/10/17-14:56:12.716701 7fbc2cd30700          Options.max_bytes_for_level_multiplier: 10.000000
2019/10/17-14:56:12.716702 7fbc2cd30700 Options.max_bytes_for_level_multiplier_addtl[0]: 1
2019/10/17-14:56:12.716703 7fbc2cd30700 Options.max_bytes_for_level_multiplier_addtl[1]: 1
2019/10/17-14:56:12.716703 7fbc2cd30700 Options.max_bytes_for_level_multiplier_addtl[2]: 1
2019/10/17-14:56:12.716704 7fbc2cd30700 Options.max_bytes_for_level_multiplier_addtl[3]: 1
2019/10/17-14:56:12.716705 7fbc2cd30700 Options.max_bytes_for_level_multiplier_addtl[4]: 1
2019/10/17-14:56:12.716706 7fbc2cd30700 Options.max_bytes_for_level_multiplier_addtl[5]: 1
2019/10/17-14:56:12.716706 7fbc2cd30700 Options.max_bytes_for_level_multiplier_addtl[6]: 1
2019/10/17-14:56:12.716707 7fbc2cd30700       Options.max_sequential_skip_in_iterations: 8
2019/10/17-14:56:12.716708 7fbc2cd30700                    Options.max_compaction_bytes: 1677721600
2019/10/17-14:56:12.716708 7fbc2cd30700                        Options.arena_block_size: 8388608
2019/10/17-14:56:12.716709 7fbc2cd30700   Options.soft_pending_compaction_bytes_limit: 68719476736
2019/10/17-14:56:12.716714 7fbc2cd30700   Options.hard_pending_compaction_bytes_limit: 274877906944
2019/10/17-14:56:12.716715 7fbc2cd30700       Options.rate_limit_delay_max_milliseconds: 100
2019/10/17-14:56:12.716715 7fbc2cd30700                Options.disable_auto_compactions: 0
2019/10/17-14:56:12.716716 7fbc2cd30700                        Options.compaction_style: kCompactionStyleLevel
2019/10/17-14:56:12.716717 7fbc2cd30700                          Options.compaction_pri: kByCompensatedSize
2019/10/17-14:56:12.716718 7fbc2cd30700 Options.compaction_options_universal.size_ratio: 1
2019/10/17-14:56:12.716718 7fbc2cd30700 Options.compaction_options_universal.min_merge_width: 2
2019/10/17-14:56:12.716719 7fbc2cd30700 Options.compaction_options_universal.max_merge_width: 4294967295
2019/10/17-14:56:12.716720 7fbc2cd30700 Options.compaction_options_universal.max_size_amplification_percent: 200
2019/10/17-14:56:12.716721 7fbc2cd30700 Options.compaction_options_universal.compression_size_percent: -1
2019/10/17-14:56:12.716721 7fbc2cd30700 Options.compaction_options_universal.stop_style: kCompactionStopStyleTotalSize
2019/10/17-14:56:12.716722 7fbc2cd30700 Options.compaction_options_fifo.max_table_files_size: 1073741824
2019/10/17-14:56:12.716723 7fbc2cd30700 Options.compaction_options_fifo.allow_compaction: 0
2019/10/17-14:56:12.716724 7fbc2cd30700 Options.compaction_options_fifo.ttl: 0
2019/10/17-14:56:12.716724 7fbc2cd30700                   Options.table_properties_collectors: 
2019/10/17-14:56:12.716725 7fbc2cd30700                   Options.inplace_update_support: 0
2019/10/17-14:56:12.716726 7fbc2cd30700                 Options.inplace_update_num_locks: 10000
2019/10/17-14:56:12.716726 7fbc2cd30700               Options.memtable_prefix_bloom_size_ratio: 0.000000
2019/10/17-14:56:12.716727 7fbc2cd30700   Options.memtable_huge_page_size: 0
2019/10/17-14:56:12.716728 7fbc2cd30700                           Options.bloom_locality: 0
2019/10/17-14:56:12.716729 7fbc2cd30700                    Options.max_successive_merges: 0
2019/10/17-14:56:12.716730 7fbc2cd30700                Options.optimize_filters_for_hits: 0
2019/10/17-14:56:12.716730 7fbc2cd30700                Options.paranoid_file_checks: 0
2019/10/17-14:56:12.716731 7fbc2cd30700                Options.force_consistency_checks: 0
2019/10/17-14:56:12.716732 7fbc2cd30700                Options.report_bg_io_stats: 0
2019/10/17-14:56:12.716732 7fbc2cd30700                               Options.ttl: 0
2019/10/17-14:56:12.716745 7fbc2cd30700 [db/column_family.cc:472] --------------- Options for column family [dc_entries]:
2019/10/17-14:56:12.716746 7fbc2cd30700               Options.comparator: leveldb.BytewiseComparator
2019/10/17-14:56:12.716747 7fbc2cd30700           Options.merge_operator: None
2019/10/17-14:56:12.716748 7fbc2cd30700        Options.compaction_filter: None
2019/10/17-14:56:12.716749 7fbc2cd30700        Options.compaction_filter_factory: None
2019/10/17-14:56:12.716749 7fbc2cd30700         Options.memtable_factory: SkipListFactory
2019/10/17-14:56:12.716750 7fbc2cd30700            Options.table_factory: BlockBasedTable
2019/10/17-14:56:12.716759 7fbc2cd30700            table_factory options:   flush_block_policy_factory: FlushBlockBySizePolicyFactory (0x7fbbb8004cb0)
  cache_index_and_filter_blocks: 0
  cache_index_and_filter_blocks_with_high_priority: 0
  pin_l0_filter_and_index_blocks_in_cache: 0
  pin_top_level_index_and_filter: 1
  index_type: 0
  hash_index_allow_collision: 1
  checksum: 1
  no_block_cache: 0
  block_cache: 0x7fbbb8061350
  block_cache_name: LRUCache
  block_cache_options:
    capacity : 8388608
    num_shard_bits : 4
    strict_capacity_limit : 0
    memory_allocator : None
    high_pri_pool_ratio: 0.000
  block_cache_compressed: (nil)
  persistent_cache: (nil)
  block_size: 4096
  block_size_deviation: 10
  block_restart_interval: 16
  index_block_restart_interval: 1
  metadata_block_size: 4096
  partition_filters: 0
  use_delta_encoding: 1
  filter_policy: nullptr
  whole_key_filtering: 1
  verify_compression: 0
  read_amp_bytes_per_bit: 0
  format_version: 2
  enable_index_compression: 1
  block_align: 0
2019/10/17-14:56:12.716765 7fbc2cd30700        Options.write_buffer_size: 67108864
2019/10/17-14:56:12.716766 7fbc2cd30700  Options.max_write_buffer_number: 2
2019/10/17-14:56:12.716766 7fbc2cd30700          Options.compression: NoCompression
2019/10/17-14:56:12.716767 7fbc2cd30700                  Options.bottommost_compression: Disabled
2019/10/17-14:56:12.716768 7fbc2cd30700       Options.prefix_extractor: nullptr
2019/10/17-14:56:12.716783 7fbc2cd30700   Options.memtable_insert_with_hint_prefix_extractor: nullptr
2019/10/17-14:56:12.716783 7fbc2cd30700             Options.num_levels: 7
2019/10/17-14:56:12.716784 7fbc2cd30700        Options.min_write_buffer_number_to_merge: 1
2019/10/17-14:56:12.716785 7fbc2cd30700     Options.max_write_buffer_number_to_maintain: 0
2019/10/17-14:56:12.716785 7fbc2cd30700            Options.bottommost_compression_opts.window_bits: -14
2019/10/17-14:56:12.716786 7fbc2cd30700                  Options.bottommost_compression_opts.level: 32767
2019/10/17-14:56:12.716787 7fbc2cd30700               Options.bottommost_compression_opts.strategy: 0
2019/10/17-14:56:12.716787 7fbc2cd30700         Options.bottommost_compression_opts.max_dict_bytes: 0
2019/10/17-14:56:12.716788 7fbc2cd30700         Options.bottommost_compression_opts.zstd_max_train_bytes: 0
2019/10/17-14:56:12.716789 7fbc2cd30700                  Options.bottommost_compression_opts.enabled: false
2019/10/17-14:56:12.716789 7fbc2cd30700            Options.compression_opts.window_bits: -14
2019/10/17-14:56:12.716790 7fbc2cd30700                  Options.compression_opts.level: 32767
2019/10/17-14:56:12.716791 7fbc2cd30700               Options.compression_opts.strategy: 0
2019/10/17-14:56:12.716791 7fbc2cd30700         Options.compression_opts.max_dict_bytes: 0
2019/10/17-14:56:12.716792 7fbc2cd30700         Options.compression_opts.zstd_max_train_bytes: 0
2019/10/17-14:56:12.716793 7fbc2cd30700                  Options.compression_opts.enabled: false
2019/10/17-14:56:12.716793 7fbc2cd30700      Options.level0_file_num_compaction_trigger: 4
2019/10/17-14:56:12.716794 7fbc2cd30700          Options.level0_slowdown_writes_trigger: 20
2019/10/17-14:56:12.716795 7fbc2cd30700              Options.level0_stop_writes_trigger: 36
2019/10/17-14:56:12.716795 7fbc2cd30700                   Options.target_file_size_base: 67108864
2019/10/17-14:56:12.716796 7fbc2cd30700             Options.target_file_size_multiplier: 1
2019/10/17-14:56:12.716796 7fbc2cd30700                Options.max_bytes_for_level_base: 268435456
2019/10/17-14:56:12.716797 7fbc2cd30700 Options.level_compaction_dynamic_level_bytes: 0
2019/10/17-14:56:12.716798 7fbc2cd30700          Options.max_bytes_for_level_multiplier: 10.000000
2019/10/17-14:56:12.716799 7fbc2cd30700 Options.max_bytes_for_level_multiplier_addtl[0]: 1
2019/10/17-14:56:12.716800 7fbc2cd30700 Options.max_bytes_for_level_multiplier_addtl[1]: 1
2019/10/17-14:56:12.716800 7fbc2cd30700 Options.max_bytes_for_level_multiplier_addtl[2]: 1
2019/10/17-14:56:12.716801 7fbc2cd30700 Options.max_bytes_for_level_multiplier_addtl[3]: 1
2019/10/17-14:56:12.716802 7fbc2cd30700 Options.max_bytes_for_level_multiplier_addtl[4]: 1
2019/10/17-14:56:12.716802 7fbc2cd30700 Options.max_bytes_for_level_multiplier_addtl[5]: 1
2019/10/17-14:56:12.716803 7fbc2cd30700 Options.max_bytes_for_level_multiplier_addtl[6]: 1
2019/10/17-14:56:12.716804 7fbc2cd30700       Options.max_sequential_skip_in_iterations: 8
2019/10/17-14:56:12.716804 7fbc2cd30700                    Options.max_compaction_bytes: 1677721600
2019/10/17-14:56:12.716805 7fbc2cd30700                        Options.arena_block_size: 8388608
2019/10/17-14:56:12.716806 7fbc2cd30700   Options.soft_pending_compaction_bytes_limit: 68719476736
2019/10/17-14:56:12.716806 7fbc2cd30700   Options.hard_pending_compaction_bytes_limit: 274877906944
2019/10/17-14:56:12.716807 7fbc2cd30700       Options.rate_limit_delay_max_milliseconds: 100
2019/10/17-14:56:12.716808 7fbc2cd30700                Options.disable_auto_compactions: 0
2019/10/17-14:56:12.716812 7fbc2cd30700                        Options.compaction_style: kCompactionStyleLevel
2019/10/17-14:56:12.716813 7fbc2cd30700                          Options.compaction_pri: kByCompensatedSize
2019/10/17-14:56:12.716814 7fbc2cd30700 Options.compaction_options_universal.size_ratio: 1
2019/10/17-14:56:12.716814 7fbc2cd30700 Options.compaction_options_universal.min_merge_width: 2
2019/10/17-14:56:12.716815 7fbc2cd30700 Options.compaction_options_universal.max_merge_width: 4294967295
2019/10/17-14:56:12.716816 7fbc2cd30700 Options.compaction_options_universal.max_size_amplification_percent: 200
2019/10/17-14:56:12.716816 7fbc2cd30700 Options.compaction_options_universal.compression_size_percent: -1
2019/10/17-14:56:12.716817 7fbc2cd30700 Options.compaction_options_universal.stop_style: kCompactionStopStyleTotalSize
2019/10/17-14:56:12.716818 7fbc2cd30700 Options.compaction_options_fifo.max_table_files_size: 1073741824
2019/10/17-14:56:12.716819 7fbc2cd30700 Options.compaction_options_fifo.allow_compaction: 0
2019/10/17-14:56:12.716819 7fbc2cd30700 Options.compaction_options_fifo.ttl: 0
2019/10/17-14:56:12.716820 7fbc2cd30700                   Options.table_properties_collectors: 
2019/10/17-14:56:12.716820 7fbc2cd30700                   Options.inplace_update_support: 0
2019/10/17-14:56:12.716821 7fbc2cd30700                 Options.inplace_update_num_locks: 10000
2019/10/17-14:56:12.716822 7fbc2cd30700               Options.memtable_prefix_bloom_size_ratio: 0.000000
2019/10/17-14:56:12.716823 7fbc2cd30700   Options.memtable_huge_page_size: 0
2019/10/17-14:56:12.716823 7fbc2cd30700                           Options.bloom_locality: 0
2019/10/17-14:56:12.716824 7fbc2cd30700                    Options.max_successive_merges: 0
2019/10/17-14:56:12.716825 7fbc2cd30700                Options.optimize_filters_for_hits: 0
2019/10/17-14:56:12.716825 7fbc2cd30700                Options.paranoid_file_checks: 0
2019/10/17-14:56:12.716826 7fbc2cd30700                Options.force_consistency_checks: 0
2019/10/17-14:56:12.716827 7fbc2cd30700                Options.report_bg_io_stats: 0
2019/10/17-14:56:12.716827 7fbc2cd30700                               Options.ttl: 0
2019/10/17-14:56:12.716838 7fbc2cd30700 [db/column_family.cc:472] --------------- Options for column family [htlcs]:
2019/10/17-14:56:12.716839 7fbc2cd30700               Options.comparator: leveldb.BytewiseComparator
2019/10/17-14:56:12.716840 7fbc2cd30700           Options.merge_operator: None
2019/10/17-14:56:12.716841 7fbc2cd30700        Options.compaction_filter: None
2019/10/17-14:56:12.716841 7fbc2cd30700        Options.compaction_filter_factory: None
2019/10/17-14:56:12.716842 7fbc2cd30700         Options.memtable_factory: SkipListFactory
2019/10/17-14:56:12.716842 7fbc2cd30700            Options.table_factory: BlockBasedTable
2019/10/17-14:56:12.716850 7fbc2cd30700            table_factory options:   flush_block_policy_factory: FlushBlockBySizePolicyFactory (0x7fbbb80958f0)
