2019/10/17-14:56:01.274164 7fbc2cd30700 RocksDB version: 5.18.3
2019/10/17-14:56:01.274196 7fbc2cd30700 Git sha rocksdb_build_git_sha:@0@
2019/10/17-14:56:01.274198 7fbc2cd30700 Compile date Sep 19 2019
2019/10/17-14:56:01.274199 7fbc2cd30700 DB SUMMARY
2019/10/17-14:56:01.274897 7fbc2cd30700 CURRENT file:  CURRENT
2019/10/17-14:56:01.274898 7fbc2cd30700 IDENTITY file:  IDENTITY
2019/10/17-14:56:01.274927 7fbc2cd30700 MANIFEST file:  MANIFEST-116671 size: 4114 Bytes
2019/10/17-14:56:01.274929 7fbc2cd30700 SST files in /home/rahul/dev/blockchain-core/eqc/ledger.db dir, Total Num: 29, files: 000624.sst 000627.sst 106940.sst 108447.sst 108450.sst 109471.sst 109483.sst 109485.sst 109486.sst 
2019/10/17-14:56:01.274930 7fbc2cd30700 Write Ahead Log file in /home/rahul/dev/blockchain-core/eqc/ledger.db: 116672.log size: 0 ; 
2019/10/17-14:56:01.274964 7fbc2cd30700                         Options.error_if_exists: 0
2019/10/17-14:56:01.274965 7fbc2cd30700                       Options.create_if_missing: 1
2019/10/17-14:56:01.274966 7fbc2cd30700                         Options.paranoid_checks: 1
2019/10/17-14:56:01.274967 7fbc2cd30700                                     Options.env: 0x7fbbafa7bc60
2019/10/17-14:56:01.274967 7fbc2cd30700                                Options.info_log: 0x7fbbb8077370
2019/10/17-14:56:01.274968 7fbc2cd30700                Options.max_file_opening_threads: 16
2019/10/17-14:56:01.274969 7fbc2cd30700                              Options.statistics: (nil)
2019/10/17-14:56:01.274970 7fbc2cd30700                               Options.use_fsync: 0
2019/10/17-14:56:01.274971 7fbc2cd30700                       Options.max_log_file_size: 0
2019/10/17-14:56:01.274971 7fbc2cd30700                  Options.max_manifest_file_size: 1073741824
2019/10/17-14:56:01.274972 7fbc2cd30700                   Options.log_file_time_to_roll: 0
2019/10/17-14:56:01.274973 7fbc2cd30700                       Options.keep_log_file_num: 1000
2019/10/17-14:56:01.274974 7fbc2cd30700                    Options.recycle_log_file_num: 0
2019/10/17-14:56:01.274975 7fbc2cd30700                         Options.allow_fallocate: 1
2019/10/17-14:56:01.274975 7fbc2cd30700                        Options.allow_mmap_reads: 0
2019/10/17-14:56:01.274976 7fbc2cd30700                       Options.allow_mmap_writes: 0
2019/10/17-14:56:01.274977 7fbc2cd30700                        Options.use_direct_reads: 0
2019/10/17-14:56:01.274978 7fbc2cd30700                        Options.use_direct_io_for_flush_and_compaction: 0
2019/10/17-14:56:01.274978 7fbc2cd30700          Options.create_missing_column_families: 0
2019/10/17-14:56:01.274979 7fbc2cd30700                              Options.db_log_dir: 
2019/10/17-14:56:01.274980 7fbc2cd30700                                 Options.wal_dir: /home/rahul/dev/blockchain-core/eqc/ledger.db
2019/10/17-14:56:01.274980 7fbc2cd30700                Options.table_cache_numshardbits: 6
2019/10/17-14:56:01.274981 7fbc2cd30700                      Options.max_subcompactions: 1
2019/10/17-14:56:01.274982 7fbc2cd30700                  Options.max_background_flushes: -1
2019/10/17-14:56:01.274983 7fbc2cd30700                         Options.WAL_ttl_seconds: 0
2019/10/17-14:56:01.274984 7fbc2cd30700                       Options.WAL_size_limit_MB: 0
2019/10/17-14:56:01.274984 7fbc2cd30700             Options.manifest_preallocation_size: 4194304
2019/10/17-14:56:01.274985 7fbc2cd30700                     Options.is_fd_close_on_exec: 1
2019/10/17-14:56:01.274986 7fbc2cd30700                   Options.advise_random_on_open: 1
2019/10/17-14:56:01.274987 7fbc2cd30700                    Options.db_write_buffer_size: 0
2019/10/17-14:56:01.274987 7fbc2cd30700                    Options.write_buffer_manager: 0x7fbbb80457f0
2019/10/17-14:56:01.274988 7fbc2cd30700         Options.access_hint_on_compaction_start: 1
2019/10/17-14:56:01.274989 7fbc2cd30700  Options.new_table_reader_for_compaction_inputs: 0
2019/10/17-14:56:01.274990 7fbc2cd30700           Options.random_access_max_buffer_size: 1048576
2019/10/17-14:56:01.274990 7fbc2cd30700                      Options.use_adaptive_mutex: 0
2019/10/17-14:56:01.274991 7fbc2cd30700                            Options.rate_limiter: (nil)
2019/10/17-14:56:01.275000 7fbc2cd30700     Options.sst_file_manager.rate_bytes_per_sec: 0
2019/10/17-14:56:01.275001 7fbc2cd30700                       Options.wal_recovery_mode: 2
2019/10/17-14:56:01.275002 7fbc2cd30700                  Options.enable_thread_tracking: 0
2019/10/17-14:56:01.275003 7fbc2cd30700                  Options.enable_pipelined_write: 0
2019/10/17-14:56:01.275003 7fbc2cd30700         Options.allow_concurrent_memtable_write: 1
2019/10/17-14:56:01.275004 7fbc2cd30700      Options.enable_write_thread_adaptive_yield: 1
2019/10/17-14:56:01.275005 7fbc2cd30700             Options.write_thread_max_yield_usec: 100
2019/10/17-14:56:01.275006 7fbc2cd30700            Options.write_thread_slow_yield_usec: 3
2019/10/17-14:56:01.275007 7fbc2cd30700                               Options.row_cache: None
2019/10/17-14:56:01.275007 7fbc2cd30700                              Options.wal_filter: None
2019/10/17-14:56:01.275008 7fbc2cd30700             Options.avoid_flush_during_recovery: 0
2019/10/17-14:56:01.275009 7fbc2cd30700             Options.allow_ingest_behind: 0
2019/10/17-14:56:01.275010 7fbc2cd30700             Options.preserve_deletes: 0
2019/10/17-14:56:01.275010 7fbc2cd30700             Options.two_write_queues: 0
2019/10/17-14:56:01.275011 7fbc2cd30700             Options.manual_wal_flush: 0
2019/10/17-14:56:01.275012 7fbc2cd30700             Options.max_background_jobs: 2
2019/10/17-14:56:01.275013 7fbc2cd30700             Options.max_background_compactions: -1
2019/10/17-14:56:01.275013 7fbc2cd30700             Options.avoid_flush_during_shutdown: 0
2019/10/17-14:56:01.275014 7fbc2cd30700           Options.writable_file_max_buffer_size: 1048576
2019/10/17-14:56:01.275015 7fbc2cd30700             Options.delayed_write_rate : 16777216
2019/10/17-14:56:01.275016 7fbc2cd30700             Options.max_total_wal_size: 0
2019/10/17-14:56:01.275016 7fbc2cd30700             Options.delete_obsolete_files_period_micros: 21600000000
2019/10/17-14:56:01.275017 7fbc2cd30700                   Options.stats_dump_period_sec: 600
2019/10/17-14:56:01.275018 7fbc2cd30700                          Options.max_open_files: -1
2019/10/17-14:56:01.275019 7fbc2cd30700                          Options.bytes_per_sync: 0
2019/10/17-14:56:01.275019 7fbc2cd30700                      Options.wal_bytes_per_sync: 0
2019/10/17-14:56:01.275020 7fbc2cd30700       Options.compaction_readahead_size: 0
2019/10/17-14:56:01.275021 7fbc2cd30700 Compression algorithms supported:
2019/10/17-14:56:01.275022 7fbc2cd30700 	kZSTDNotFinalCompression supported: 0
2019/10/17-14:56:01.275023 7fbc2cd30700 	kZSTD supported: 0
2019/10/17-14:56:01.275024 7fbc2cd30700 	kXpressCompression supported: 0
2019/10/17-14:56:01.275025 7fbc2cd30700 	kLZ4HCCompression supported: 0
2019/10/17-14:56:01.275025 7fbc2cd30700 	kLZ4Compression supported: 0
2019/10/17-14:56:01.275026 7fbc2cd30700 	kBZip2Compression supported: 0
2019/10/17-14:56:01.275027 7fbc2cd30700 	kZlibCompression supported: 0
2019/10/17-14:56:01.275028 7fbc2cd30700 	kSnappyCompression supported: 0
2019/10/17-14:56:01.275030 7fbc2cd30700 Fast CRC32 supported: Supported on x86
2019/10/17-14:56:01.275122 7fbc2cd30700 [db/version_set.cc:3507] Recovering from manifest file: MANIFEST-116671
2019/10/17-14:56:01.275154 7fbc2cd30700 [db/column_family.cc:472] --------------- Options for column family [default]:
2019/10/17-14:56:01.275155 7fbc2cd30700               Options.comparator: leveldb.BytewiseComparator
2019/10/17-14:56:01.275156 7fbc2cd30700           Options.merge_operator: None
2019/10/17-14:56:01.275157 7fbc2cd30700        Options.compaction_filter: None
2019/10/17-14:56:01.275158 7fbc2cd30700        Options.compaction_filter_factory: None
2019/10/17-14:56:01.275158 7fbc2cd30700         Options.memtable_factory: SkipListFactory
2019/10/17-14:56:01.275159 7fbc2cd30700            Options.table_factory: BlockBasedTable
2019/10/17-14:56:01.275175 7fbc2cd30700            table_factory options:   flush_block_policy_factory: FlushBlockBySizePolicyFactory (0x7fbbb810abe0)
  cache_index_and_filter_blocks: 0
  cache_index_and_filter_blocks_with_high_priority: 0
  pin_l0_filter_and_index_blocks_in_cache: 0
  pin_top_level_index_and_filter: 1
  index_type: 0
  hash_index_allow_collision: 1
  checksum: 1
  no_block_cache: 0
  block_cache: 0x7fbbb85055e0
  block_cache_name: LRUCache
  block_cache_options:
    capacity : 8388608
    num_shard_bits : 4
    strict_capacity_limit : 0
    memory_allocator : None
    high_pri_pool_ratio: 0.000
  block_cache_compressed: (nil)
  persistent_cache: (nil)
  block_size: 4096
  block_size_deviation: 10
  block_restart_interval: 16
  index_block_restart_interval: 1
  metadata_block_size: 4096
  partition_filters: 0
  use_delta_encoding: 1
  filter_policy: nullptr
  whole_key_filtering: 1
  verify_compression: 0
  read_amp_bytes_per_bit: 0
  format_version: 2
  enable_index_compression: 1
  block_align: 0
2019/10/17-14:56:01.275184 7fbc2cd30700        Options.write_buffer_size: 67108864
2019/10/17-14:56:01.275185 7fbc2cd30700  Options.max_write_buffer_number: 2
2019/10/17-14:56:01.275186 7fbc2cd30700          Options.compression: NoCompression
2019/10/17-14:56:01.275186 7fbc2cd30700                  Options.bottommost_compression: Disabled
2019/10/17-14:56:01.275187 7fbc2cd30700       Options.prefix_extractor: nullptr
2019/10/17-14:56:01.275188 7fbc2cd30700   Options.memtable_insert_with_hint_prefix_extractor: nullptr
2019/10/17-14:56:01.275189 7fbc2cd30700             Options.num_levels: 7
2019/10/17-14:56:01.275189 7fbc2cd30700        Options.min_write_buffer_number_to_merge: 1
2019/10/17-14:56:01.275190 7fbc2cd30700     Options.max_write_buffer_number_to_maintain: 0
2019/10/17-14:56:01.275191 7fbc2cd30700            Options.bottommost_compression_opts.window_bits: -14
2019/10/17-14:56:01.275192 7fbc2cd30700                  Options.bottommost_compression_opts.level: 32767
2019/10/17-14:56:01.275192 7fbc2cd30700               Options.bottommost_compression_opts.strategy: 0
2019/10/17-14:56:01.275193 7fbc2cd30700         Options.bottommost_compression_opts.max_dict_bytes: 0
2019/10/17-14:56:01.275194 7fbc2cd30700         Options.bottommost_compression_opts.zstd_max_train_bytes: 0
2019/10/17-14:56:01.275195 7fbc2cd30700                  Options.bottommost_compression_opts.enabled: false
2019/10/17-14:56:01.275195 7fbc2cd30700            Options.compression_opts.window_bits: -14
2019/10/17-14:56:01.275196 7fbc2cd30700                  Options.compression_opts.level: 32767
2019/10/17-14:56:01.275197 7fbc2cd30700               Options.compression_opts.strategy: 0
2019/10/17-14:56:01.275198 7fbc2cd30700         Options.compression_opts.max_dict_bytes: 0
2019/10/17-14:56:01.275199 7fbc2cd30700         Options.compression_opts.zstd_max_train_bytes: 0
2019/10/17-14:56:01.275199 7fbc2cd30700                  Options.compression_opts.enabled: false
2019/10/17-14:56:01.275200 7fbc2cd30700      Options.level0_file_num_compaction_trigger: 4
2019/10/17-14:56:01.275201 7fbc2cd30700          Options.level0_slowdown_writes_trigger: 20
2019/10/17-14:56:01.275202 7fbc2cd30700              Options.level0_stop_writes_trigger: 36
2019/10/17-14:56:01.275202 7fbc2cd30700                   Options.target_file_size_base: 67108864
2019/10/17-14:56:01.275203 7fbc2cd30700             Options.target_file_size_multiplier: 1
2019/10/17-14:56:01.275204 7fbc2cd30700                Options.max_bytes_for_level_base: 268435456
2019/10/17-14:56:01.275205 7fbc2cd30700 Options.level_compaction_dynamic_level_bytes: 0
2019/10/17-14:56:01.275205 7fbc2cd30700          Options.max_bytes_for_level_multiplier: 10.000000
2019/10/17-14:56:01.275207 7fbc2cd30700 Options.max_bytes_for_level_multiplier_addtl[0]: 1
2019/10/17-14:56:01.275208 7fbc2cd30700 Options.max_bytes_for_level_multiplier_addtl[1]: 1
2019/10/17-14:56:01.275209 7fbc2cd30700 Options.max_bytes_for_level_multiplier_addtl[2]: 1
2019/10/17-14:56:01.275210 7fbc2cd30700 Options.max_bytes_for_level_multiplier_addtl[3]: 1
2019/10/17-14:56:01.275211 7fbc2cd30700 Options.max_bytes_for_level_multiplier_addtl[4]: 1
2019/10/17-14:56:01.275215 7fbc2cd30700 Options.max_bytes_for_level_multiplier_addtl[5]: 1
2019/10/17-14:56:01.275216 7fbc2cd30700 Options.max_bytes_for_level_multiplier_addtl[6]: 1
2019/10/17-14:56:01.275217 7fbc2cd30700       Options.max_sequential_skip_in_iterations: 8
2019/10/17-14:56:01.275218 7fbc2cd30700                    Options.max_compaction_bytes: 1677721600
2019/10/17-14:56:01.275218 7fbc2cd30700                        Options.arena_block_size: 8388608
2019/10/17-14:56:01.275219 7fbc2cd30700   Options.soft_pending_compaction_bytes_limit: 68719476736
2019/10/17-14:56:01.275220 7fbc2cd30700   Options.hard_pending_compaction_bytes_limit: 274877906944
2019/10/17-14:56:01.275221 7fbc2cd30700       Options.rate_limit_delay_max_milliseconds: 100
2019/10/17-14:56:01.275222 7fbc2cd30700                Options.disable_auto_compactions: 0
2019/10/17-14:56:01.275223 7fbc2cd30700                        Options.compaction_style: kCompactionStyleLevel
2019/10/17-14:56:01.275224 7fbc2cd30700                          Options.compaction_pri: kByCompensatedSize
2019/10/17-14:56:01.275225 7fbc2cd30700 Options.compaction_options_universal.size_ratio: 1
2019/10/17-14:56:01.275226 7fbc2cd30700 Options.compaction_options_universal.min_merge_width: 2
2019/10/17-14:56:01.275227 7fbc2cd30700 Options.compaction_options_universal.max_merge_width: 4294967295
2019/10/17-14:56:01.275228 7fbc2cd30700 Options.compaction_options_universal.max_size_amplification_percent: 200
2019/10/17-14:56:01.275228 7fbc2cd30700 Options.compaction_options_universal.compression_size_percent: -1
2019/10/17-14:56:01.275229 7fbc2cd30700 Options.compaction_options_universal.stop_style: kCompactionStopStyleTotalSize
2019/10/17-14:56:01.275230 7fbc2cd30700 Options.compaction_options_fifo.max_table_files_size: 1073741824
2019/10/17-14:56:01.275231 7fbc2cd30700 Options.compaction_options_fifo.allow_compaction: 0
2019/10/17-14:56:01.275232 7fbc2cd30700 Options.compaction_options_fifo.ttl: 0
2019/10/17-14:56:01.275232 7fbc2cd30700                   Options.table_properties_collectors: 
2019/10/17-14:56:01.275233 7fbc2cd30700                   Options.inplace_update_support: 0
2019/10/17-14:56:01.275234 7fbc2cd30700                 Options.inplace_update_num_locks: 10000
2019/10/17-14:56:01.275235 7fbc2cd30700               Options.memtable_prefix_bloom_size_ratio: 0.000000
2019/10/17-14:56:01.275236 7fbc2cd30700   Options.memtable_huge_page_size: 0
2019/10/17-14:56:01.275237 7fbc2cd30700                           Options.bloom_locality: 0
2019/10/17-14:56:01.275237 7fbc2cd30700                    Options.max_successive_merges: 0
2019/10/17-14:56:01.275238 7fbc2cd30700                Options.optimize_filters_for_hits: 0
2019/10/17-14:56:01.275239 7fbc2cd30700                Options.paranoid_file_checks: 0
2019/10/17-14:56:01.275239 7fbc2cd30700                Options.force_consistency_checks: 0
2019/10/17-14:56:01.275240 7fbc2cd30700                Options.report_bg_io_stats: 0
2019/10/17-14:56:01.275241 7fbc2cd30700                               Options.ttl: 0
2019/10/17-14:56:01.275269 7fbc2cd30700 [db/column_family.cc:472] --------------- Options for column family [active_gateways]:
2019/10/17-14:56:01.275270 7fbc2cd30700               Options.comparator: leveldb.BytewiseComparator
2019/10/17-14:56:01.275271 7fbc2cd30700           Options.merge_operator: None
2019/10/17-14:56:01.275272 7fbc2cd30700        Options.compaction_filter: None
2019/10/17-14:56:01.275273 7fbc2cd30700        Options.compaction_filter_factory: None
2019/10/17-14:56:01.275274 7fbc2cd30700         Options.memtable_factory: SkipListFactory
2019/10/17-14:56:01.275274 7fbc2cd30700            Options.table_factory: BlockBasedTable
2019/10/17-14:56:01.275285 7fbc2cd30700            table_factory options:   flush_block_policy_factory: FlushBlockBySizePolicyFactory (0x7fbbb80224e0)
  cache_index_and_filter_blocks: 0
  cache_index_and_filter_blocks_with_high_priority: 0
  pin_l0_filter_and_index_blocks_in_cache: 0
  pin_top_level_index_and_filter: 1
  index_type: 0
  hash_index_allow_collision: 1
  checksum: 1
  no_block_cache: 0
  block_cache: 0x7fbbb8077830
  block_cache_name: LRUCache
  block_cache_options:
    capacity : 8388608
    num_shard_bits : 4
    strict_capacity_limit : 0
    memory_allocator : None
    high_pri_pool_ratio: 0.000
  block_cache_compressed: (nil)
  persistent_cache: (nil)
  block_size: 4096
  block_size_deviation: 10
  block_restart_interval: 16
  index_block_restart_interval: 1
  metadata_block_size: 4096
  partition_filters: 0
  use_delta_encoding: 1
  filter_policy: nullptr
  whole_key_filtering: 1
  verify_compression: 0
  read_amp_bytes_per_bit: 0
  format_version: 2
  enable_index_compression: 1
  block_align: 0
2019/10/17-14:56:01.275291 7fbc2cd30700        Options.write_buffer_size: 67108864
2019/10/17-14:56:01.275292 7fbc2cd30700  Options.max_write_buffer_number: 2
2019/10/17-14:56:01.275293 7fbc2cd30700          Options.compression: NoCompression
2019/10/17-14:56:01.275294 7fbc2cd30700                  Options.bottommost_compression: Disabled
2019/10/17-14:56:01.275295 7fbc2cd30700       Options.prefix_extractor: nullptr
2019/10/17-14:56:01.275295 7fbc2cd30700   Options.memtable_insert_with_hint_prefix_extractor: nullptr
2019/10/17-14:56:01.275296 7fbc2cd30700             Options.num_levels: 7
2019/10/17-14:56:01.275297 7fbc2cd30700        Options.min_write_buffer_number_to_merge: 1
2019/10/17-14:56:01.275298 7fbc2cd30700     Options.max_write_buffer_number_to_maintain: 0
2019/10/17-14:56:01.275298 7fbc2cd30700            Options.bottommost_compression_opts.window_bits: -14
2019/10/17-14:56:01.275299 7fbc2cd30700                  Options.bottommost_compression_opts.level: 32767
2019/10/17-14:56:01.275300 7fbc2cd30700               Options.bottommost_compression_opts.strategy: 0
2019/10/17-14:56:01.275301 7fbc2cd30700         Options.bottommost_compression_opts.max_dict_bytes: 0
2019/10/17-14:56:01.275301 7fbc2cd30700         Options.bottommost_compression_opts.zstd_max_train_bytes: 0
2019/10/17-14:56:01.275302 7fbc2cd30700                  Options.bottommost_compression_opts.enabled: false
2019/10/17-14:56:01.275303 7fbc2cd30700            Options.compression_opts.window_bits: -14
2019/10/17-14:56:01.275304 7fbc2cd30700                  Options.compression_opts.level: 32767
2019/10/17-14:56:01.275304 7fbc2cd30700               Options.compression_opts.strategy: 0
2019/10/17-14:56:01.275305 7fbc2cd30700         Options.compression_opts.max_dict_bytes: 0
2019/10/17-14:56:01.275306 7fbc2cd30700         Options.compression_opts.zstd_max_train_bytes: 0
2019/10/17-14:56:01.275306 7fbc2cd30700                  Options.compression_opts.enabled: false
2019/10/17-14:56:01.275307 7fbc2cd30700      Options.level0_file_num_compaction_trigger: 4
2019/10/17-14:56:01.275308 7fbc2cd30700          Options.level0_slowdown_writes_trigger: 20
2019/10/17-14:56:01.275309 7fbc2cd30700              Options.level0_stop_writes_trigger: 36
2019/10/17-14:56:01.275309 7fbc2cd30700                   Options.target_file_size_base: 67108864
2019/10/17-14:56:01.275310 7fbc2cd30700             Options.target_file_size_multiplier: 1
2019/10/17-14:56:01.275311 7fbc2cd30700                Options.max_bytes_for_level_base: 268435456
2019/10/17-14:56:01.275312 7fbc2cd30700 Options.level_compaction_dynamic_level_bytes: 0
2019/10/17-14:56:01.275312 7fbc2cd30700          Options.max_bytes_for_level_multiplier: 10.000000
2019/10/17-14:56:01.275314 7fbc2cd30700 Options.max_bytes_for_level_multiplier_addtl[0]: 1
2019/10/17-14:56:01.275315 7fbc2cd30700 Options.max_bytes_for_level_multiplier_addtl[1]: 1
2019/10/17-14:56:01.275315 7fbc2cd30700 Options.max_bytes_for_level_multiplier_addtl[2]: 1
2019/10/17-14:56:01.275316 7fbc2cd30700 Options.max_bytes_for_level_multiplier_addtl[3]: 1
2019/10/17-14:56:01.275317 7fbc2cd30700 Options.max_bytes_for_level_multiplier_addtl[4]: 1
2019/10/17-14:56:01.275318 7fbc2cd30700 Options.max_bytes_for_level_multiplier_addtl[5]: 1
2019/10/17-14:56:01.275318 7fbc2cd30700 Options.max_bytes_for_level_multiplier_addtl[6]: 1
2019/10/17-14:56:01.275319 7fbc2cd30700       Options.max_sequential_skip_in_iterations: 8
2019/10/17-14:56:01.275323 7fbc2cd30700                    Options.max_compaction_bytes: 1677721600
2019/10/17-14:56:01.275324 7fbc2cd30700                        Options.arena_block_size: 8388608
2019/10/17-14:56:01.275325 7fbc2cd30700   Options.soft_pending_compaction_bytes_limit: 68719476736
2019/10/17-14:56:01.275326 7fbc2cd30700   Options.hard_pending_compaction_bytes_limit: 274877906944
2019/10/17-14:56:01.275326 7fbc2cd30700       Options.rate_limit_delay_max_milliseconds: 100
2019/10/17-14:56:01.275327 7fbc2cd30700                Options.disable_auto_compactions: 0
2019/10/17-14:56:01.275328 7fbc2cd30700                        Options.compaction_style: kCompactionStyleLevel
2019/10/17-14:56:01.275329 7fbc2cd30700                          Options.compaction_pri: kByCompensatedSize
2019/10/17-14:56:01.275330 7fbc2cd30700 Options.compaction_options_universal.size_ratio: 1
2019/10/17-14:56:01.275331 7fbc2cd30700 Options.compaction_options_universal.min_merge_width: 2
2019/10/17-14:56:01.275332 7fbc2cd30700 Options.compaction_options_universal.max_merge_width: 4294967295
2019/10/17-14:56:01.275332 7fbc2cd30700 Options.compaction_options_universal.max_size_amplification_percent: 200
2019/10/17-14:56:01.275333 7fbc2cd30700 Options.compaction_options_universal.compression_size_percent: -1
2019/10/17-14:56:01.275334 7fbc2cd30700 Options.compaction_options_universal.stop_style: kCompactionStopStyleTotalSize
2019/10/17-14:56:01.275335 7fbc2cd30700 Options.compaction_options_fifo.max_table_files_size: 1073741824
2019/10/17-14:56:01.275336 7fbc2cd30700 Options.compaction_options_fifo.allow_compaction: 0
2019/10/17-14:56:01.275336 7fbc2cd30700 Options.compaction_options_fifo.ttl: 0
2019/10/17-14:56:01.275337 7fbc2cd30700                   Options.table_properties_collectors: 
2019/10/17-14:56:01.275338 7fbc2cd30700                   Options.inplace_update_support: 0
2019/10/17-14:56:01.275339 7fbc2cd30700                 Options.inplace_update_num_locks: 10000
2019/10/17-14:56:01.275339 7fbc2cd30700               Options.memtable_prefix_bloom_size_ratio: 0.000000
2019/10/17-14:56:01.275340 7fbc2cd30700   Options.memtable_huge_page_size: 0
2019/10/17-14:56:01.275341 7fbc2cd30700                           Options.bloom_locality: 0
2019/10/17-14:56:01.275342 7fbc2cd30700                    Options.max_successive_merges: 0
2019/10/17-14:56:01.275343 7fbc2cd30700                Options.optimize_filters_for_hits: 0
2019/10/17-14:56:01.275343 7fbc2cd30700                Options.paranoid_file_checks: 0
2019/10/17-14:56:01.275344 7fbc2cd30700                Options.force_consistency_checks: 0
2019/10/17-14:56:01.275345 7fbc2cd30700                Options.report_bg_io_stats: 0
2019/10/17-14:56:01.275346 7fbc2cd30700                               Options.ttl: 0
2019/10/17-14:56:01.275361 7fbc2cd30700 [db/column_family.cc:472] --------------- Options for column family [entries]:
2019/10/17-14:56:01.275363 7fbc2cd30700               Options.comparator: leveldb.BytewiseComparator
2019/10/17-14:56:01.275363 7fbc2cd30700           Options.merge_operator: None
2019/10/17-14:56:01.275364 7fbc2cd30700        Options.compaction_filter: None
2019/10/17-14:56:01.275365 7fbc2cd30700        Options.compaction_filter_factory: None
2019/10/17-14:56:01.275366 7fbc2cd30700         Options.memtable_factory: SkipListFactory
2019/10/17-14:56:01.275366 7fbc2cd30700            Options.table_factory: BlockBasedTable
2019/10/17-14:56:01.275376 7fbc2cd30700            table_factory options:   flush_block_policy_factory: FlushBlockBySizePolicyFactory (0x7fbbb809bd10)
  cache_index_and_filter_blocks: 0
  cache_index_and_filter_blocks_with_high_priority: 0
  pin_l0_filter_and_index_blocks_in_cache: 0
  pin_top_level_index_and_filter: 1
  index_type: 0
  hash_index_allow_collision: 1
  checksum: 1
  no_block_cache: 0
  block_cache: 0x7fbbb803e640
  block_cache_name: LRUCache
  block_cache_options:
    capacity : 8388608
    num_shard_bits : 4
    strict_capacity_limit : 0
    memory_allocator : None
    high_pri_pool_ratio: 0.000
  block_cache_compressed: (nil)
  persistent_cache: (nil)
  block_size: 4096
  block_size_deviation: 10
  block_restart_interval: 16
  index_block_restart_interval: 1
  metadata_block_size: 4096
  partition_filters: 0
  use_delta_encoding: 1
  filter_policy: nullptr
  whole_key_filtering: 1
  verify_compression: 0
  read_amp_bytes_per_bit: 0
  format_version: 2
  enable_index_compression: 1
  block_align: 0
2019/10/17-14:56:01.275382 7fbc2cd30700        Options.write_buffer_size: 67108864
2019/10/17-14:56:01.275383 7fbc2cd30700  Options.max_write_buffer_number: 2
2019/10/17-14:56:01.275384 7fbc2cd30700          Options.compression: NoCompression
2019/10/17-14:56:01.275384 7fbc2cd30700                  Options.bottommost_compression: Disabled
2019/10/17-14:56:01.275385 7fbc2cd30700       Options.prefix_extractor: nullptr
2019/10/17-14:56:01.275386 7fbc2cd30700   Options.memtable_insert_with_hint_prefix_extractor: nullptr
2019/10/17-14:56:01.275387 7fbc2cd30700             Options.num_levels: 7
2019/10/17-14:56:01.275387 7fbc2cd30700        Options.min_write_buffer_number_to_merge: 1
2019/10/17-14:56:01.275388 7fbc2cd30700     Options.max_write_buffer_number_to_maintain: 0
2019/10/17-14:56:01.275389 7fbc2cd30700            Options.bottommost_compression_opts.window_bits: -14
2019/10/17-14:56:01.275390 7fbc2cd30700                  Options.bottommost_compression_opts.level: 32767
2019/10/17-14:56:01.275390 7fbc2cd30700               Options.bottommost_compression_opts.strategy: 0
2019/10/17-14:56:01.275391 7fbc2cd30700         Options.bottommost_compression_opts.max_dict_bytes: 0
2019/10/17-14:56:01.275392 7fbc2cd30700         Options.bottommost_compression_opts.zstd_max_train_bytes: 0
2019/10/17-14:56:01.275393 7fbc2cd30700                  Options.bottommost_compression_opts.enabled: false
2019/10/17-14:56:01.275393 7fbc2cd30700            Options.compression_opts.window_bits: -14
2019/10/17-14:56:01.275394 7fbc2cd30700                  Options.compression_opts.level: 32767
2019/10/17-14:56:01.275395 7fbc2cd30700               Options.compression_opts.strategy: 0
2019/10/17-14:56:01.275396 7fbc2cd30700         Options.compression_opts.max_dict_bytes: 0
2019/10/17-14:56:01.275396 7fbc2cd30700         Options.compression_opts.zstd_max_train_bytes: 0
2019/10/17-14:56:01.275397 7fbc2cd30700                  Options.compression_opts.enabled: false
2019/10/17-14:56:01.275398 7fbc2cd30700      Options.level0_file_num_compaction_trigger: 4
2019/10/17-14:56:01.275398 7fbc2cd30700          Options.level0_slowdown_writes_trigger: 20
2019/10/17-14:56:01.275399 7fbc2cd30700              Options.level0_stop_writes_trigger: 36
2019/10/17-14:56:01.275400 7fbc2cd30700                   Options.target_file_size_base: 67108864
2019/10/17-14:56:01.275401 7fbc2cd30700             Options.target_file_size_multiplier: 1
2019/10/17-14:56:01.275401 7fbc2cd30700                Options.max_bytes_for_level_base: 268435456
2019/10/17-14:56:01.275402 7fbc2cd30700 Options.level_compaction_dynamic_level_bytes: 0
2019/10/17-14:56:01.275403 7fbc2cd30700          Options.max_bytes_for_level_multiplier: 10.000000
2019/10/17-14:56:01.275404 7fbc2cd30700 Options.max_bytes_for_level_multiplier_addtl[0]: 1
2019/10/17-14:56:01.275405 7fbc2cd30700 Options.max_bytes_for_level_multiplier_addtl[1]: 1
2019/10/17-14:56:01.275406 7fbc2cd30700 Options.max_bytes_for_level_multiplier_addtl[2]: 1
2019/10/17-14:56:01.275407 7fbc2cd30700 Options.max_bytes_for_level_multiplier_addtl[3]: 1
2019/10/17-14:56:01.275407 7fbc2cd30700 Options.max_bytes_for_level_multiplier_addtl[4]: 1
2019/10/17-14:56:01.275408 7fbc2cd30700 Options.max_bytes_for_level_multiplier_addtl[5]: 1
2019/10/17-14:56:01.275409 7fbc2cd30700 Options.max_bytes_for_level_multiplier_addtl[6]: 1
2019/10/17-14:56:01.275409 7fbc2cd30700       Options.max_sequential_skip_in_iterations: 8
2019/10/17-14:56:01.275410 7fbc2cd30700                    Options.max_compaction_bytes: 1677721600
2019/10/17-14:56:01.275411 7fbc2cd30700                        Options.arena_block_size: 8388608
2019/10/17-14:56:01.275412 7fbc2cd30700   Options.soft_pending_compaction_bytes_limit: 68719476736
2019/10/17-14:56:01.275416 7fbc2cd30700   Options.hard_pending_compaction_bytes_limit: 274877906944
2019/10/17-14:56:01.275417 7fbc2cd30700       Options.rate_limit_delay_max_milliseconds: 100
2019/10/17-14:56:01.275418 7fbc2cd30700                Options.disable_auto_compactions: 0
2019/10/17-14:56:01.275419 7fbc2cd30700                        Options.compaction_style: kCompactionStyleLevel
2019/10/17-14:56:01.275420 7fbc2cd30700                          Options.compaction_pri: kByCompensatedSize
2019/10/17-14:56:01.275420 7fbc2cd30700 Options.compaction_options_universal.size_ratio: 1
2019/10/17-14:56:01.275421 7fbc2cd30700 Options.compaction_options_universal.min_merge_width: 2
2019/10/17-14:56:01.275422 7fbc2cd30700 Options.compaction_options_universal.max_merge_width: 4294967295
2019/10/17-14:56:01.275423 7fbc2cd30700 Options.compaction_options_universal.max_size_amplification_percent: 200
2019/10/17-14:56:01.275423 7fbc2cd30700 Options.compaction_options_universal.compression_size_percent: -1
2019/10/17-14:56:01.275424 7fbc2cd30700 Options.compaction_options_universal.stop_style: kCompactionStopStyleTotalSize
2019/10/17-14:56:01.275425 7fbc2cd30700 Options.compaction_options_fifo.max_table_files_size: 1073741824
2019/10/17-14:56:01.275426 7fbc2cd30700 Options.compaction_options_fifo.allow_compaction: 0
2019/10/17-14:56:01.275426 7fbc2cd30700 Options.compaction_options_fifo.ttl: 0
2019/10/17-14:56:01.275427 7fbc2cd30700                   Options.table_properties_collectors: 
2019/10/17-14:56:01.275428 7fbc2cd30700                   Options.inplace_update_support: 0
2019/10/17-14:56:01.275429 7fbc2cd30700                 Options.inplace_update_num_locks: 10000
2019/10/17-14:56:01.275429 7fbc2cd30700               Options.memtable_prefix_bloom_size_ratio: 0.000000
2019/10/17-14:56:01.275430 7fbc2cd30700   Options.memtable_huge_page_size: 0
2019/10/17-14:56:01.275431 7fbc2cd30700                           Options.bloom_locality: 0
2019/10/17-14:56:01.275432 7fbc2cd30700                    Options.max_successive_merges: 0
2019/10/17-14:56:01.275433 7fbc2cd30700                Options.optimize_filters_for_hits: 0
2019/10/17-14:56:01.275433 7fbc2cd30700                Options.paranoid_file_checks: 0
2019/10/17-14:56:01.275434 7fbc2cd30700                Options.force_consistency_checks: 0
2019/10/17-14:56:01.275435 7fbc2cd30700                Options.report_bg_io_stats: 0
2019/10/17-14:56:01.275436 7fbc2cd30700                               Options.ttl: 0
2019/10/17-14:56:01.275449 7fbc2cd30700 [db/column_family.cc:472] --------------- Options for column family [dc_entries]:
2019/10/17-14:56:01.275450 7fbc2cd30700               Options.comparator: leveldb.BytewiseComparator
2019/10/17-14:56:01.275451 7fbc2cd30700           Options.merge_operator: None
2019/10/17-14:56:01.275452 7fbc2cd30700        Options.compaction_filter: None
2019/10/17-14:56:01.275453 7fbc2cd30700        Options.compaction_filter_factory: None
2019/10/17-14:56:01.275453 7fbc2cd30700         Options.memtable_factory: SkipListFactory
2019/10/17-14:56:01.275454 7fbc2cd30700            Options.table_factory: BlockBasedTable
2019/10/17-14:56:01.275463 7fbc2cd30700            table_factory options:   flush_block_policy_factory: FlushBlockBySizePolicyFactory (0x7fbbb807b500)
  cache_index_and_filter_blocks: 0
  cache_index_and_filter_blocks_with_high_priority: 0
  pin_l0_filter_and_index_blocks_in_cache: 0
  pin_top_level_index_and_filter: 1
  index_type: 0
  hash_index_allow_collision: 1
  checksum: 1
  no_block_cache: 0
  block_cache: 0x7fbbb808e8c0
  block_cache_name: LRUCache
  block_cache_options:
    capacity : 8388608
    num_shard_bits : 4
    strict_capacity_limit : 0
    memory_allocator : None
    high_pri_pool_ratio: 0.000
  block_cache_compressed: (nil)
  persistent_cache: (nil)
  block_size: 4096
  block_size_deviation: 10
  block_restart_interval: 16
  index_block_restart_interval: 1
  metadata_block_size: 4096
  partition_filters: 0
  use_delta_encoding: 1
  filter_policy: nullptr
  whole_key_filtering: 1
  verify_compression: 0
  read_amp_bytes_per_bit: 0
  format_version: 2
  enable_index_compression: 1
  block_align: 0
2019/10/17-14:56:01.275469 7fbc2cd30700        Options.write_buffer_size: 67108864
2019/10/17-14:56:01.275470 7fbc2cd30700  Options.max_write_buffer_number: 2
2019/10/17-14:56:01.275471 7fbc2cd30700          Options.compression: NoCompression
2019/10/17-14:56:01.275472 7fbc2cd30700                  Options.bottommost_compression: Disabled
2019/10/17-14:56:01.275472 7fbc2cd30700       Options.prefix_extractor: nullptr
2019/10/17-14:56:01.275473 7fbc2cd30700   Options.memtable_insert_with_hint_prefix_extractor: nullptr
2019/10/17-14:56:01.275474 7fbc2cd30700             Options.num_levels: 7
2019/10/17-14:56:01.275474 7fbc2cd30700        Options.min_write_buffer_number_to_merge: 1
2019/10/17-14:56:01.275475 7fbc2cd30700     Options.max_write_buffer_number_to_maintain: 0
2019/10/17-14:56:01.275476 7fbc2cd30700            Options.bottommost_compression_opts.window_bits: -14
2019/10/17-14:56:01.275477 7fbc2cd30700                  Options.bottommost_compression_opts.level: 32767
2019/10/17-14:56:01.275477 7fbc2cd30700               Options.bottommost_compression_opts.strategy: 0
2019/10/17-14:56:01.275478 7fbc2cd30700         Options.bottommost_compression_opts.max_dict_bytes: 0
2019/10/17-14:56:01.275479 7fbc2cd30700         Options.bottommost_compression_opts.zstd_max_train_bytes: 0
2019/10/17-14:56:01.275480 7fbc2cd30700                  Options.bottommost_compression_opts.enabled: false
2019/10/17-14:56:01.275480 7fbc2cd30700            Options.compression_opts.window_bits: -14
2019/10/17-14:56:01.275481 7fbc2cd30700                  Options.compression_opts.level: 32767
2019/10/17-14:56:01.275482 7fbc2cd30700               Options.compression_opts.strategy: 0
2019/10/17-14:56:01.275483 7fbc2cd30700         Options.compression_opts.max_dict_bytes: 0
2019/10/17-14:56:01.275483 7fbc2cd30700         Options.compression_opts.zstd_max_train_bytes: 0
2019/10/17-14:56:01.275484 7fbc2cd30700                  Options.compression_opts.enabled: false
2019/10/17-14:56:01.275485 7fbc2cd30700      Options.level0_file_num_compaction_trigger: 4
2019/10/17-14:56:01.275485 7fbc2cd30700          Options.level0_slowdown_writes_trigger: 20
2019/10/17-14:56:01.275486 7fbc2cd30700              Options.level0_stop_writes_trigger: 36
2019/10/17-14:56:01.275487 7fbc2cd30700                   Options.target_file_size_base: 67108864
2019/10/17-14:56:01.275488 7fbc2cd30700             Options.target_file_size_multiplier: 1
2019/10/17-14:56:01.275488 7fbc2cd30700                Options.max_bytes_for_level_base: 268435456
2019/10/17-14:56:01.275489 7fbc2cd30700 Options.level_compaction_dynamic_level_bytes: 0
2019/10/17-14:56:01.275490 7fbc2cd30700          Options.max_bytes_for_level_multiplier: 10.000000
2019/10/17-14:56:01.275491 7fbc2cd30700 Options.max_bytes_for_level_multiplier_addtl[0]: 1
2019/10/17-14:56:01.275492 7fbc2cd30700 Options.max_bytes_for_level_multiplier_addtl[1]: 1
2019/10/17-14:56:01.275493 7fbc2cd30700 Options.max_bytes_for_level_multiplier_addtl[2]: 1
2019/10/17-14:56:01.275493 7fbc2cd30700 Options.max_bytes_for_level_multiplier_addtl[3]: 1
2019/10/17-14:56:01.275494 7fbc2cd30700 Options.max_bytes_for_level_multiplier_addtl[4]: 1
2019/10/17-14:56:01.275495 7fbc2cd30700 Options.max_bytes_for_level_multiplier_addtl[5]: 1
2019/10/17-14:56:01.275496 7fbc2cd30700 Options.max_bytes_for_level_multiplier_addtl[6]: 1
2019/10/17-14:56:01.275496 7fbc2cd30700       Options.max_sequential_skip_in_iterations: 8
2019/10/17-14:56:01.275497 7fbc2cd30700                    Options.max_compaction_bytes: 1677721600
2019/10/17-14:56:01.275498 7fbc2cd30700                        Options.arena_block_size: 8388608
2019/10/17-14:56:01.275499 7fbc2cd30700   Options.soft_pending_compaction_bytes_limit: 68719476736
2019/10/17-14:56:01.275499 7fbc2cd30700   Options.hard_pending_compaction_bytes_limit: 274877906944
2019/10/17-14:56:01.275500 7fbc2cd30700       Options.rate_limit_delay_max_milliseconds: 100
2019/10/17-14:56:01.275501 7fbc2cd30700                Options.disable_auto_compactions: 0
2019/10/17-14:56:01.275505 7fbc2cd30700                        Options.compaction_style: kCompactionStyleLevel
2019/10/17-14:56:01.275506 7fbc2cd30700                          Options.compaction_pri: kByCompensatedSize
2019/10/17-14:56:01.275507 7fbc2cd30700 Options.compaction_options_universal.size_ratio: 1
2019/10/17-14:56:01.275508 7fbc2cd30700 Options.compaction_options_universal.min_merge_width: 2
2019/10/17-14:56:01.275508 7fbc2cd30700 Options.compaction_options_universal.max_merge_width: 4294967295
2019/10/17-14:56:01.275509 7fbc2cd30700 Options.compaction_options_universal.max_size_amplification_percent: 200
2019/10/17-14:56:01.275510 7fbc2cd30700 Options.compaction_options_universal.compression_size_percent: -1
2019/10/17-14:56:01.275511 7fbc2cd30700 Options.compaction_options_universal.stop_style: kCompactionStopStyleTotalSize
2019/10/17-14:56:01.275512 7fbc2cd30700 Options.compaction_options_fifo.max_table_files_size: 1073741824
2019/10/17-14:56:01.275512 7fbc2cd30700 Options.compaction_options_fifo.allow_compaction: 0
2019/10/17-14:56:01.275513 7fbc2cd30700 Options.compaction_options_fifo.ttl: 0
2019/10/17-14:56:01.275514 7fbc2cd30700                   Options.table_properties_collectors: 
2019/10/17-14:56:01.275514 7fbc2cd30700                   Options.inplace_update_support: 0
2019/10/17-14:56:01.275515 7fbc2cd30700                 Options.inplace_update_num_locks: 10000
2019/10/17-14:56:01.275516 7fbc2cd30700               Options.memtable_prefix_bloom_size_ratio: 0.000000
2019/10/17-14:56:01.275517 7fbc2cd30700   Options.memtable_huge_page_size: 0
2019/10/17-14:56:01.275518 7fbc2cd30700                           Options.bloom_locality: 0
2019/10/17-14:56:01.275518 7fbc2cd30700                    Options.max_successive_merges: 0
2019/10/17-14:56:01.275519 7fbc2cd30700                Options.optimize_filters_for_hits: 0
2019/10/17-14:56:01.275520 7fbc2cd30700                Options.paranoid_file_checks: 0
2019/10/17-14:56:01.275521 7fbc2cd30700                Options.force_consistency_checks: 0
2019/10/17-14:56:01.275521 7fbc2cd30700                Options.report_bg_io_stats: 0
2019/10/17-14:56:01.275522 7fbc2cd30700                               Options.ttl: 0
2019/10/17-14:56:01.275534 7fbc2cd30700 [db/column_family.cc:472] --------------- Options for column family [htlcs]:
2019/10/17-14:56:01.275535 7fbc2cd30700               Options.comparator: leveldb.BytewiseComparator
2019/10/17-14:56:01.275535 7fbc2cd30700           Options.merge_operator: None
2019/10/17-14:56:01.275536 7fbc2cd30700        Options.compaction_filter: None
2019/10/17-14:56:01.275537 7fbc2cd30700        Options.compaction_filter_factory: None
2019/10/17-14:56:01.275538 7fbc2cd30700         Options.memtable_factory: SkipListFactory
2019/10/17-14:56:01.275538 7fbc2cd30700            Options.table_factory: BlockBasedTable
2019/10/17-14:56:01.275547 7fbc2cd30700            table_factory options:   flush_block_policy_factory: FlushBlockBySizePolicyFactory (0x7fbbb8095330)
