2019/10/17-14:56:13.183471 7fbc2cd30700 RocksDB version: 5.18.3
2019/10/17-14:56:13.183506 7fbc2cd30700 Git sha rocksdb_build_git_sha:@0@
2019/10/17-14:56:13.183508 7fbc2cd30700 Compile date Sep 19 2019
2019/10/17-14:56:13.183510 7fbc2cd30700 DB SUMMARY
2019/10/17-14:56:13.184216 7fbc2cd30700 CURRENT file:  CURRENT
2019/10/17-14:56:13.184217 7fbc2cd30700 IDENTITY file:  IDENTITY
2019/10/17-14:56:13.184246 7fbc2cd30700 MANIFEST file:  MANIFEST-116932 size: 4114 Bytes
2019/10/17-14:56:13.184247 7fbc2cd30700 SST files in /home/rahul/dev/blockchain-core/eqc/ledger.db dir, Total Num: 29, files: 000624.sst 000627.sst 106940.sst 108447.sst 108450.sst 109471.sst 109483.sst 109485.sst 109486.sst 
2019/10/17-14:56:13.184248 7fbc2cd30700 Write Ahead Log file in /home/rahul/dev/blockchain-core/eqc/ledger.db: 116933.log size: 0 ; 
2019/10/17-14:56:13.184281 7fbc2cd30700                         Options.error_if_exists: 0
2019/10/17-14:56:13.184282 7fbc2cd30700                       Options.create_if_missing: 1
2019/10/17-14:56:13.184283 7fbc2cd30700                         Options.paranoid_checks: 1
2019/10/17-14:56:13.184283 7fbc2cd30700                                     Options.env: 0x7fbbafa7bc60
2019/10/17-14:56:13.184284 7fbc2cd30700                                Options.info_log: 0x7fbbb80a3490
2019/10/17-14:56:13.184285 7fbc2cd30700                Options.max_file_opening_threads: 16
2019/10/17-14:56:13.184286 7fbc2cd30700                              Options.statistics: (nil)
2019/10/17-14:56:13.184287 7fbc2cd30700                               Options.use_fsync: 0
2019/10/17-14:56:13.184287 7fbc2cd30700                       Options.max_log_file_size: 0
2019/10/17-14:56:13.184288 7fbc2cd30700                  Options.max_manifest_file_size: 1073741824
2019/10/17-14:56:13.184289 7fbc2cd30700                   Options.log_file_time_to_roll: 0
2019/10/17-14:56:13.184290 7fbc2cd30700                       Options.keep_log_file_num: 1000
2019/10/17-14:56:13.184290 7fbc2cd30700                    Options.recycle_log_file_num: 0
2019/10/17-14:56:13.184291 7fbc2cd30700                         Options.allow_fallocate: 1
2019/10/17-14:56:13.184292 7fbc2cd30700                        Options.allow_mmap_reads: 0
2019/10/17-14:56:13.184293 7fbc2cd30700                       Options.allow_mmap_writes: 0
2019/10/17-14:56:13.184293 7fbc2cd30700                        Options.use_direct_reads: 0
2019/10/17-14:56:13.184294 7fbc2cd30700                        Options.use_direct_io_for_flush_and_compaction: 0
2019/10/17-14:56:13.184295 7fbc2cd30700          Options.create_missing_column_families: 0
2019/10/17-14:56:13.184295 7fbc2cd30700                              Options.db_log_dir: 
2019/10/17-14:56:13.184296 7fbc2cd30700                                 Options.wal_dir: /home/rahul/dev/blockchain-core/eqc/ledger.db
2019/10/17-14:56:13.184297 7fbc2cd30700                Options.table_cache_numshardbits: 6
2019/10/17-14:56:13.184298 7fbc2cd30700                      Options.max_subcompactions: 1
2019/10/17-14:56:13.184298 7fbc2cd30700                  Options.max_background_flushes: -1
2019/10/17-14:56:13.184299 7fbc2cd30700                         Options.WAL_ttl_seconds: 0
2019/10/17-14:56:13.184300 7fbc2cd30700                       Options.WAL_size_limit_MB: 0
2019/10/17-14:56:13.184301 7fbc2cd30700             Options.manifest_preallocation_size: 4194304
2019/10/17-14:56:13.184301 7fbc2cd30700                     Options.is_fd_close_on_exec: 1
2019/10/17-14:56:13.184302 7fbc2cd30700                   Options.advise_random_on_open: 1
2019/10/17-14:56:13.184303 7fbc2cd30700                    Options.db_write_buffer_size: 0
2019/10/17-14:56:13.184303 7fbc2cd30700                    Options.write_buffer_manager: 0x7fbbb82a5590
2019/10/17-14:56:13.184304 7fbc2cd30700         Options.access_hint_on_compaction_start: 1
2019/10/17-14:56:13.184305 7fbc2cd30700  Options.new_table_reader_for_compaction_inputs: 0
2019/10/17-14:56:13.184306 7fbc2cd30700           Options.random_access_max_buffer_size: 1048576
2019/10/17-14:56:13.184306 7fbc2cd30700                      Options.use_adaptive_mutex: 0
2019/10/17-14:56:13.184307 7fbc2cd30700                            Options.rate_limiter: (nil)
2019/10/17-14:56:13.184316 7fbc2cd30700     Options.sst_file_manager.rate_bytes_per_sec: 0
2019/10/17-14:56:13.184317 7fbc2cd30700                       Options.wal_recovery_mode: 2
2019/10/17-14:56:13.184317 7fbc2cd30700                  Options.enable_thread_tracking: 0
2019/10/17-14:56:13.184318 7fbc2cd30700                  Options.enable_pipelined_write: 0
2019/10/17-14:56:13.184319 7fbc2cd30700         Options.allow_concurrent_memtable_write: 1
2019/10/17-14:56:13.184319 7fbc2cd30700      Options.enable_write_thread_adaptive_yield: 1
2019/10/17-14:56:13.184320 7fbc2cd30700             Options.write_thread_max_yield_usec: 100
2019/10/17-14:56:13.184321 7fbc2cd30700            Options.write_thread_slow_yield_usec: 3
2019/10/17-14:56:13.184322 7fbc2cd30700                               Options.row_cache: None
2019/10/17-14:56:13.184322 7fbc2cd30700                              Options.wal_filter: None
2019/10/17-14:56:13.184323 7fbc2cd30700             Options.avoid_flush_during_recovery: 0
2019/10/17-14:56:13.184324 7fbc2cd30700             Options.allow_ingest_behind: 0
2019/10/17-14:56:13.184325 7fbc2cd30700             Options.preserve_deletes: 0
2019/10/17-14:56:13.184325 7fbc2cd30700             Options.two_write_queues: 0
2019/10/17-14:56:13.184326 7fbc2cd30700             Options.manual_wal_flush: 0
2019/10/17-14:56:13.184327 7fbc2cd30700             Options.max_background_jobs: 2
2019/10/17-14:56:13.184327 7fbc2cd30700             Options.max_background_compactions: -1
2019/10/17-14:56:13.184328 7fbc2cd30700             Options.avoid_flush_during_shutdown: 0
2019/10/17-14:56:13.184329 7fbc2cd30700           Options.writable_file_max_buffer_size: 1048576
2019/10/17-14:56:13.184330 7fbc2cd30700             Options.delayed_write_rate : 16777216
2019/10/17-14:56:13.184330 7fbc2cd30700             Options.max_total_wal_size: 0
2019/10/17-14:56:13.184331 7fbc2cd30700             Options.delete_obsolete_files_period_micros: 21600000000
2019/10/17-14:56:13.184332 7fbc2cd30700                   Options.stats_dump_period_sec: 600
2019/10/17-14:56:13.184333 7fbc2cd30700                          Options.max_open_files: -1
2019/10/17-14:56:13.184333 7fbc2cd30700                          Options.bytes_per_sync: 0
2019/10/17-14:56:13.184334 7fbc2cd30700                      Options.wal_bytes_per_sync: 0
2019/10/17-14:56:13.184335 7fbc2cd30700       Options.compaction_readahead_size: 0
2019/10/17-14:56:13.184335 7fbc2cd30700 Compression algorithms supported:
2019/10/17-14:56:13.184337 7fbc2cd30700 	kZSTDNotFinalCompression supported: 0
2019/10/17-14:56:13.184338 7fbc2cd30700 	kZSTD supported: 0
2019/10/17-14:56:13.184338 7fbc2cd30700 	kXpressCompression supported: 0
2019/10/17-14:56:13.184339 7fbc2cd30700 	kLZ4HCCompression supported: 0
2019/10/17-14:56:13.184340 7fbc2cd30700 	kLZ4Compression supported: 0
2019/10/17-14:56:13.184341 7fbc2cd30700 	kBZip2Compression supported: 0
2019/10/17-14:56:13.184341 7fbc2cd30700 	kZlibCompression supported: 0
2019/10/17-14:56:13.184342 7fbc2cd30700 	kSnappyCompression supported: 0
2019/10/17-14:56:13.184344 7fbc2cd30700 Fast CRC32 supported: Supported on x86
2019/10/17-14:56:13.184432 7fbc2cd30700 [db/version_set.cc:3507] Recovering from manifest file: MANIFEST-116932
2019/10/17-14:56:13.184463 7fbc2cd30700 [db/column_family.cc:472] --------------- Options for column family [default]:
2019/10/17-14:56:13.184464 7fbc2cd30700               Options.comparator: leveldb.BytewiseComparator
2019/10/17-14:56:13.184465 7fbc2cd30700           Options.merge_operator: None
2019/10/17-14:56:13.184466 7fbc2cd30700        Options.compaction_filter: None
2019/10/17-14:56:13.184467 7fbc2cd30700        Options.compaction_filter_factory: None
2019/10/17-14:56:13.184467 7fbc2cd30700         Options.memtable_factory: SkipListFactory
2019/10/17-14:56:13.184468 7fbc2cd30700            Options.table_factory: BlockBasedTable
2019/10/17-14:56:13.184484 7fbc2cd30700            table_factory options:   flush_block_policy_factory: FlushBlockBySizePolicyFactory (0x7fbbb806f4e0)
  cache_index_and_filter_blocks: 0
  cache_index_and_filter_blocks_with_high_priority: 0
  pin_l0_filter_and_index_blocks_in_cache: 0
  pin_top_level_index_and_filter: 1
  index_type: 0
  hash_index_allow_collision: 1
  checksum: 1
  no_block_cache: 0
  block_cache: 0x7fbbb844b130
  block_cache_name: LRUCache
  block_cache_options:
    capacity : 8388608
    num_shard_bits : 4
    strict_capacity_limit : 0
    memory_allocator : None
    high_pri_pool_ratio: 0.000
  block_cache_compressed: (nil)
  persistent_cache: (nil)
  block_size: 4096
  block_size_deviation: 10
  block_restart_interval: 16
  index_block_restart_interval: 1
  metadata_block_size: 4096
  partition_filters: 0
  use_delta_encoding: 1
  filter_policy: nullptr
  whole_key_filtering: 1
  verify_compression: 0
  read_amp_bytes_per_bit: 0
  format_version: 2
  enable_index_compression: 1
  block_align: 0
2019/10/17-14:56:13.184492 7fbc2cd30700        Options.write_buffer_size: 67108864
2019/10/17-14:56:13.184493 7fbc2cd30700  Options.max_write_buffer_number: 2
2019/10/17-14:56:13.184494 7fbc2cd30700          Options.compression: NoCompression
2019/10/17-14:56:13.184495 7fbc2cd30700                  Options.bottommost_compression: Disabled
2019/10/17-14:56:13.184495 7fbc2cd30700       Options.prefix_extractor: nullptr
2019/10/17-14:56:13.184496 7fbc2cd30700   Options.memtable_insert_with_hint_prefix_extractor: nullptr
2019/10/17-14:56:13.184497 7fbc2cd30700             Options.num_levels: 7
2019/10/17-14:56:13.184497 7fbc2cd30700        Options.min_write_buffer_number_to_merge: 1
2019/10/17-14:56:13.184498 7fbc2cd30700     Options.max_write_buffer_number_to_maintain: 0
2019/10/17-14:56:13.184499 7fbc2cd30700            Options.bottommost_compression_opts.window_bits: -14
2019/10/17-14:56:13.184500 7fbc2cd30700                  Options.bottommost_compression_opts.level: 32767
2019/10/17-14:56:13.184500 7fbc2cd30700               Options.bottommost_compression_opts.strategy: 0
2019/10/17-14:56:13.184501 7fbc2cd30700         Options.bottommost_compression_opts.max_dict_bytes: 0
2019/10/17-14:56:13.184502 7fbc2cd30700         Options.bottommost_compression_opts.zstd_max_train_bytes: 0
2019/10/17-14:56:13.184503 7fbc2cd30700                  Options.bottommost_compression_opts.enabled: false
2019/10/17-14:56:13.184503 7fbc2cd30700            Options.compression_opts.window_bits: -14
2019/10/17-14:56:13.184504 7fbc2cd30700                  Options.compression_opts.level: 32767
2019/10/17-14:56:13.184505 7fbc2cd30700               Options.compression_opts.strategy: 0
2019/10/17-14:56:13.184506 7fbc2cd30700         Options.compression_opts.max_dict_bytes: 0
2019/10/17-14:56:13.184506 7fbc2cd30700         Options.compression_opts.zstd_max_train_bytes: 0
2019/10/17-14:56:13.184507 7fbc2cd30700                  Options.compression_opts.enabled: false
2019/10/17-14:56:13.184508 7fbc2cd30700      Options.level0_file_num_compaction_trigger: 4
2019/10/17-14:56:13.184508 7fbc2cd30700          Options.level0_slowdown_writes_trigger: 20
2019/10/17-14:56:13.184509 7fbc2cd30700              Options.level0_stop_writes_trigger: 36
2019/10/17-14:56:13.184510 7fbc2cd30700                   Options.target_file_size_base: 67108864
2019/10/17-14:56:13.184511 7fbc2cd30700             Options.target_file_size_multiplier: 1
2019/10/17-14:56:13.184511 7fbc2cd30700                Options.max_bytes_for_level_base: 268435456
2019/10/17-14:56:13.184512 7fbc2cd30700 Options.level_compaction_dynamic_level_bytes: 0
2019/10/17-14:56:13.184513 7fbc2cd30700          Options.max_bytes_for_level_multiplier: 10.000000
2019/10/17-14:56:13.184515 7fbc2cd30700 Options.max_bytes_for_level_multiplier_addtl[0]: 1
2019/10/17-14:56:13.184515 7fbc2cd30700 Options.max_bytes_for_level_multiplier_addtl[1]: 1
2019/10/17-14:56:13.184516 7fbc2cd30700 Options.max_bytes_for_level_multiplier_addtl[2]: 1
2019/10/17-14:56:13.184517 7fbc2cd30700 Options.max_bytes_for_level_multiplier_addtl[3]: 1
2019/10/17-14:56:13.184518 7fbc2cd30700 Options.max_bytes_for_level_multiplier_addtl[4]: 1
2019/10/17-14:56:13.184522 7fbc2cd30700 Options.max_bytes_for_level_multiplier_addtl[5]: 1
2019/10/17-14:56:13.184523 7fbc2cd30700 Options.max_bytes_for_level_multiplier_addtl[6]: 1
2019/10/17-14:56:13.184523 7fbc2cd30700       Options.max_sequential_skip_in_iterations: 8
2019/10/17-14:56:13.184524 7fbc2cd30700                    Options.max_compaction_bytes: 1677721600
2019/10/17-14:56:13.184525 7fbc2cd30700                        Options.arena_block_size: 8388608
2019/10/17-14:56:13.184526 7fbc2cd30700   Options.soft_pending_compaction_bytes_limit: 68719476736
2019/10/17-14:56:13.184526 7fbc2cd30700   Options.hard_pending_compaction_bytes_limit: 274877906944
2019/10/17-14:56:13.184527 7fbc2cd30700       Options.rate_limit_delay_max_milliseconds: 100
2019/10/17-14:56:13.184528 7fbc2cd30700                Options.disable_auto_compactions: 0
2019/10/17-14:56:13.184529 7fbc2cd30700                        Options.compaction_style: kCompactionStyleLevel
2019/10/17-14:56:13.184530 7fbc2cd30700                          Options.compaction_pri: kByCompensatedSize
2019/10/17-14:56:13.184531 7fbc2cd30700 Options.compaction_options_universal.size_ratio: 1
2019/10/17-14:56:13.184532 7fbc2cd30700 Options.compaction_options_universal.min_merge_width: 2
2019/10/17-14:56:13.184532 7fbc2cd30700 Options.compaction_options_universal.max_merge_width: 4294967295
2019/10/17-14:56:13.184533 7fbc2cd30700 Options.compaction_options_universal.max_size_amplification_percent: 200
2019/10/17-14:56:13.184534 7fbc2cd30700 Options.compaction_options_universal.compression_size_percent: -1
2019/10/17-14:56:13.184535 7fbc2cd30700 Options.compaction_options_universal.stop_style: kCompactionStopStyleTotalSize
2019/10/17-14:56:13.184535 7fbc2cd30700 Options.compaction_options_fifo.max_table_files_size: 1073741824
2019/10/17-14:56:13.184536 7fbc2cd30700 Options.compaction_options_fifo.allow_compaction: 0
2019/10/17-14:56:13.184537 7fbc2cd30700 Options.compaction_options_fifo.ttl: 0
2019/10/17-14:56:13.184538 7fbc2cd30700                   Options.table_properties_collectors: 
2019/10/17-14:56:13.184538 7fbc2cd30700                   Options.inplace_update_support: 0
2019/10/17-14:56:13.184539 7fbc2cd30700                 Options.inplace_update_num_locks: 10000
2019/10/17-14:56:13.184540 7fbc2cd30700               Options.memtable_prefix_bloom_size_ratio: 0.000000
2019/10/17-14:56:13.184541 7fbc2cd30700   Options.memtable_huge_page_size: 0
2019/10/17-14:56:13.184542 7fbc2cd30700                           Options.bloom_locality: 0
2019/10/17-14:56:13.184542 7fbc2cd30700                    Options.max_successive_merges: 0
2019/10/17-14:56:13.184543 7fbc2cd30700                Options.optimize_filters_for_hits: 0
2019/10/17-14:56:13.184544 7fbc2cd30700                Options.paranoid_file_checks: 0
2019/10/17-14:56:13.184544 7fbc2cd30700                Options.force_consistency_checks: 0
2019/10/17-14:56:13.184545 7fbc2cd30700                Options.report_bg_io_stats: 0
2019/10/17-14:56:13.184546 7fbc2cd30700                               Options.ttl: 0
2019/10/17-14:56:13.184572 7fbc2cd30700 [db/column_family.cc:472] --------------- Options for column family [active_gateways]:
2019/10/17-14:56:13.184573 7fbc2cd30700               Options.comparator: leveldb.BytewiseComparator
2019/10/17-14:56:13.184574 7fbc2cd30700           Options.merge_operator: None
2019/10/17-14:56:13.184575 7fbc2cd30700        Options.compaction_filter: None
2019/10/17-14:56:13.184575 7fbc2cd30700        Options.compaction_filter_factory: None
2019/10/17-14:56:13.184576 7fbc2cd30700         Options.memtable_factory: SkipListFactory
2019/10/17-14:56:13.184577 7fbc2cd30700            Options.table_factory: BlockBasedTable
2019/10/17-14:56:13.184587 7fbc2cd30700            table_factory options:   flush_block_policy_factory: FlushBlockBySizePolicyFactory (0x7fbbb80224e0)
  cache_index_and_filter_blocks: 0
  cache_index_and_filter_blocks_with_high_priority: 0
  pin_l0_filter_and_index_blocks_in_cache: 0
  pin_top_level_index_and_filter: 1
  index_type: 0
  hash_index_allow_collision: 1
  checksum: 1
  no_block_cache: 0
  block_cache: 0x7fbbb800a580
  block_cache_name: LRUCache
  block_cache_options:
    capacity : 8388608
    num_shard_bits : 4
    strict_capacity_limit : 0
    memory_allocator : None
    high_pri_pool_ratio: 0.000
  block_cache_compressed: (nil)
  persistent_cache: (nil)
  block_size: 4096
  block_size_deviation: 10
  block_restart_interval: 16
  index_block_restart_interval: 1
  metadata_block_size: 4096
  partition_filters: 0
  use_delta_encoding: 1
  filter_policy: nullptr
  whole_key_filtering: 1
  verify_compression: 0
  read_amp_bytes_per_bit: 0
  format_version: 2
  enable_index_compression: 1
  block_align: 0
2019/10/17-14:56:13.184593 7fbc2cd30700        Options.write_buffer_size: 67108864
2019/10/17-14:56:13.184594 7fbc2cd30700  Options.max_write_buffer_number: 2
2019/10/17-14:56:13.184595 7fbc2cd30700          Options.compression: NoCompression
2019/10/17-14:56:13.184596 7fbc2cd30700                  Options.bottommost_compression: Disabled
2019/10/17-14:56:13.184596 7fbc2cd30700       Options.prefix_extractor: nullptr
2019/10/17-14:56:13.184597 7fbc2cd30700   Options.memtable_insert_with_hint_prefix_extractor: nullptr
2019/10/17-14:56:13.184598 7fbc2cd30700             Options.num_levels: 7
2019/10/17-14:56:13.184598 7fbc2cd30700        Options.min_write_buffer_number_to_merge: 1
2019/10/17-14:56:13.184599 7fbc2cd30700     Options.max_write_buffer_number_to_maintain: 0
2019/10/17-14:56:13.184600 7fbc2cd30700            Options.bottommost_compression_opts.window_bits: -14
2019/10/17-14:56:13.184600 7fbc2cd30700                  Options.bottommost_compression_opts.level: 32767
2019/10/17-14:56:13.184601 7fbc2cd30700               Options.bottommost_compression_opts.strategy: 0
2019/10/17-14:56:13.184602 7fbc2cd30700         Options.bottommost_compression_opts.max_dict_bytes: 0
2019/10/17-14:56:13.184602 7fbc2cd30700         Options.bottommost_compression_opts.zstd_max_train_bytes: 0
2019/10/17-14:56:13.184603 7fbc2cd30700                  Options.bottommost_compression_opts.enabled: false
2019/10/17-14:56:13.184604 7fbc2cd30700            Options.compression_opts.window_bits: -14
2019/10/17-14:56:13.184605 7fbc2cd30700                  Options.compression_opts.level: 32767
2019/10/17-14:56:13.184605 7fbc2cd30700               Options.compression_opts.strategy: 0
2019/10/17-14:56:13.184606 7fbc2cd30700         Options.compression_opts.max_dict_bytes: 0
2019/10/17-14:56:13.184607 7fbc2cd30700         Options.compression_opts.zstd_max_train_bytes: 0
2019/10/17-14:56:13.184607 7fbc2cd30700                  Options.compression_opts.enabled: false
2019/10/17-14:56:13.184608 7fbc2cd30700      Options.level0_file_num_compaction_trigger: 4
2019/10/17-14:56:13.184609 7fbc2cd30700          Options.level0_slowdown_writes_trigger: 20
2019/10/17-14:56:13.184609 7fbc2cd30700              Options.level0_stop_writes_trigger: 36
2019/10/17-14:56:13.184610 7fbc2cd30700                   Options.target_file_size_base: 67108864
2019/10/17-14:56:13.184611 7fbc2cd30700             Options.target_file_size_multiplier: 1
2019/10/17-14:56:13.184612 7fbc2cd30700                Options.max_bytes_for_level_base: 268435456
2019/10/17-14:56:13.184612 7fbc2cd30700 Options.level_compaction_dynamic_level_bytes: 0
2019/10/17-14:56:13.184613 7fbc2cd30700          Options.max_bytes_for_level_multiplier: 10.000000
2019/10/17-14:56:13.184614 7fbc2cd30700 Options.max_bytes_for_level_multiplier_addtl[0]: 1
2019/10/17-14:56:13.184615 7fbc2cd30700 Options.max_bytes_for_level_multiplier_addtl[1]: 1
2019/10/17-14:56:13.184616 7fbc2cd30700 Options.max_bytes_for_level_multiplier_addtl[2]: 1
2019/10/17-14:56:13.184617 7fbc2cd30700 Options.max_bytes_for_level_multiplier_addtl[3]: 1
2019/10/17-14:56:13.184617 7fbc2cd30700 Options.max_bytes_for_level_multiplier_addtl[4]: 1
2019/10/17-14:56:13.184618 7fbc2cd30700 Options.max_bytes_for_level_multiplier_addtl[5]: 1
2019/10/17-14:56:13.184619 7fbc2cd30700 Options.max_bytes_for_level_multiplier_addtl[6]: 1
2019/10/17-14:56:13.184619 7fbc2cd30700       Options.max_sequential_skip_in_iterations: 8
2019/10/17-14:56:13.184624 7fbc2cd30700                    Options.max_compaction_bytes: 1677721600
2019/10/17-14:56:13.184625 7fbc2cd30700                        Options.arena_block_size: 8388608
2019/10/17-14:56:13.184625 7fbc2cd30700   Options.soft_pending_compaction_bytes_limit: 68719476736
2019/10/17-14:56:13.184626 7fbc2cd30700   Options.hard_pending_compaction_bytes_limit: 274877906944
2019/10/17-14:56:13.184627 7fbc2cd30700       Options.rate_limit_delay_max_milliseconds: 100
2019/10/17-14:56:13.184627 7fbc2cd30700                Options.disable_auto_compactions: 0
2019/10/17-14:56:13.184628 7fbc2cd30700                        Options.compaction_style: kCompactionStyleLevel
2019/10/17-14:56:13.184629 7fbc2cd30700                          Options.compaction_pri: kByCompensatedSize
2019/10/17-14:56:13.184630 7fbc2cd30700 Options.compaction_options_universal.size_ratio: 1
2019/10/17-14:56:13.184631 7fbc2cd30700 Options.compaction_options_universal.min_merge_width: 2
2019/10/17-14:56:13.184631 7fbc2cd30700 Options.compaction_options_universal.max_merge_width: 4294967295
2019/10/17-14:56:13.184632 7fbc2cd30700 Options.compaction_options_universal.max_size_amplification_percent: 200
2019/10/17-14:56:13.184633 7fbc2cd30700 Options.compaction_options_universal.compression_size_percent: -1
2019/10/17-14:56:13.184633 7fbc2cd30700 Options.compaction_options_universal.stop_style: kCompactionStopStyleTotalSize
2019/10/17-14:56:13.184634 7fbc2cd30700 Options.compaction_options_fifo.max_table_files_size: 1073741824
2019/10/17-14:56:13.184635 7fbc2cd30700 Options.compaction_options_fifo.allow_compaction: 0
2019/10/17-14:56:13.184635 7fbc2cd30700 Options.compaction_options_fifo.ttl: 0
2019/10/17-14:56:13.184636 7fbc2cd30700                   Options.table_properties_collectors: 
2019/10/17-14:56:13.184637 7fbc2cd30700                   Options.inplace_update_support: 0
2019/10/17-14:56:13.184637 7fbc2cd30700                 Options.inplace_update_num_locks: 10000
2019/10/17-14:56:13.184638 7fbc2cd30700               Options.memtable_prefix_bloom_size_ratio: 0.000000
2019/10/17-14:56:13.184639 7fbc2cd30700   Options.memtable_huge_page_size: 0
2019/10/17-14:56:13.184640 7fbc2cd30700                           Options.bloom_locality: 0
2019/10/17-14:56:13.184641 7fbc2cd30700                    Options.max_successive_merges: 0
2019/10/17-14:56:13.184641 7fbc2cd30700                Options.optimize_filters_for_hits: 0
2019/10/17-14:56:13.184642 7fbc2cd30700                Options.paranoid_file_checks: 0
2019/10/17-14:56:13.184643 7fbc2cd30700                Options.force_consistency_checks: 0
2019/10/17-14:56:13.184643 7fbc2cd30700                Options.report_bg_io_stats: 0
2019/10/17-14:56:13.184644 7fbc2cd30700                               Options.ttl: 0
2019/10/17-14:56:13.184659 7fbc2cd30700 [db/column_family.cc:472] --------------- Options for column family [entries]:
2019/10/17-14:56:13.184660 7fbc2cd30700               Options.comparator: leveldb.BytewiseComparator
2019/10/17-14:56:13.184661 7fbc2cd30700           Options.merge_operator: None
2019/10/17-14:56:13.184662 7fbc2cd30700        Options.compaction_filter: None
2019/10/17-14:56:13.184663 7fbc2cd30700        Options.compaction_filter_factory: None
2019/10/17-14:56:13.184663 7fbc2cd30700         Options.memtable_factory: SkipListFactory
2019/10/17-14:56:13.184664 7fbc2cd30700            Options.table_factory: BlockBasedTable
2019/10/17-14:56:13.184673 7fbc2cd30700            table_factory options:   flush_block_policy_factory: FlushBlockBySizePolicyFactory (0x7fbbb80229e0)
  cache_index_and_filter_blocks: 0
  cache_index_and_filter_blocks_with_high_priority: 0
  pin_l0_filter_and_index_blocks_in_cache: 0
  pin_top_level_index_and_filter: 1
  index_type: 0
  hash_index_allow_collision: 1
  checksum: 1
  no_block_cache: 0
  block_cache: 0x7fbbb8098300
  block_cache_name: LRUCache
  block_cache_options:
    capacity : 8388608
    num_shard_bits : 4
    strict_capacity_limit : 0
    memory_allocator : None
    high_pri_pool_ratio: 0.000
  block_cache_compressed: (nil)
  persistent_cache: (nil)
  block_size: 4096
  block_size_deviation: 10
  block_restart_interval: 16
  index_block_restart_interval: 1
  metadata_block_size: 4096
  partition_filters: 0
  use_delta_encoding: 1
  filter_policy: nullptr
  whole_key_filtering: 1
  verify_compression: 0
  read_amp_bytes_per_bit: 0
  format_version: 2
  enable_index_compression: 1
  block_align: 0
2019/10/17-14:56:13.184679 7fbc2cd30700        Options.write_buffer_size: 67108864
2019/10/17-14:56:13.184680 7fbc2cd30700  Options.max_write_buffer_number: 2
2019/10/17-14:56:13.184680 7fbc2cd30700          Options.compression: NoCompression
2019/10/17-14:56:13.184681 7fbc2cd30700                  Options.bottommost_compression: Disabled
2019/10/17-14:56:13.184682 7fbc2cd30700       Options.prefix_extractor: nullptr
2019/10/17-14:56:13.184682 7fbc2cd30700   Options.memtable_insert_with_hint_prefix_extractor: nullptr
2019/10/17-14:56:13.184683 7fbc2cd30700             Options.num_levels: 7
2019/10/17-14:56:13.184684 7fbc2cd30700        Options.min_write_buffer_number_to_merge: 1
2019/10/17-14:56:13.184684 7fbc2cd30700     Options.max_write_buffer_number_to_maintain: 0
2019/10/17-14:56:13.184685 7fbc2cd30700            Options.bottommost_compression_opts.window_bits: -14
2019/10/17-14:56:13.184686 7fbc2cd30700                  Options.bottommost_compression_opts.level: 32767
2019/10/17-14:56:13.184687 7fbc2cd30700               Options.bottommost_compression_opts.strategy: 0
2019/10/17-14:56:13.184687 7fbc2cd30700         Options.bottommost_compression_opts.max_dict_bytes: 0
2019/10/17-14:56:13.184688 7fbc2cd30700         Options.bottommost_compression_opts.zstd_max_train_bytes: 0
2019/10/17-14:56:13.184689 7fbc2cd30700                  Options.bottommost_compression_opts.enabled: false
2019/10/17-14:56:13.184689 7fbc2cd30700            Options.compression_opts.window_bits: -14
2019/10/17-14:56:13.184690 7fbc2cd30700                  Options.compression_opts.level: 32767
2019/10/17-14:56:13.184691 7fbc2cd30700               Options.compression_opts.strategy: 0
2019/10/17-14:56:13.184691 7fbc2cd30700         Options.compression_opts.max_dict_bytes: 0
2019/10/17-14:56:13.184692 7fbc2cd30700         Options.compression_opts.zstd_max_train_bytes: 0
2019/10/17-14:56:13.184693 7fbc2cd30700                  Options.compression_opts.enabled: false
2019/10/17-14:56:13.184693 7fbc2cd30700      Options.level0_file_num_compaction_trigger: 4
2019/10/17-14:56:13.184694 7fbc2cd30700          Options.level0_slowdown_writes_trigger: 20
2019/10/17-14:56:13.184695 7fbc2cd30700              Options.level0_stop_writes_trigger: 36
2019/10/17-14:56:13.184696 7fbc2cd30700                   Options.target_file_size_base: 67108864
2019/10/17-14:56:13.184696 7fbc2cd30700             Options.target_file_size_multiplier: 1
2019/10/17-14:56:13.184697 7fbc2cd30700                Options.max_bytes_for_level_base: 268435456
2019/10/17-14:56:13.184698 7fbc2cd30700 Options.level_compaction_dynamic_level_bytes: 0
2019/10/17-14:56:13.184698 7fbc2cd30700          Options.max_bytes_for_level_multiplier: 10.000000
2019/10/17-14:56:13.184699 7fbc2cd30700 Options.max_bytes_for_level_multiplier_addtl[0]: 1
2019/10/17-14:56:13.184700 7fbc2cd30700 Options.max_bytes_for_level_multiplier_addtl[1]: 1
2019/10/17-14:56:13.184701 7fbc2cd30700 Options.max_bytes_for_level_multiplier_addtl[2]: 1
2019/10/17-14:56:13.184702 7fbc2cd30700 Options.max_bytes_for_level_multiplier_addtl[3]: 1
2019/10/17-14:56:13.184702 7fbc2cd30700 Options.max_bytes_for_level_multiplier_addtl[4]: 1
2019/10/17-14:56:13.184703 7fbc2cd30700 Options.max_bytes_for_level_multiplier_addtl[5]: 1
2019/10/17-14:56:13.184704 7fbc2cd30700 Options.max_bytes_for_level_multiplier_addtl[6]: 1
2019/10/17-14:56:13.184704 7fbc2cd30700       Options.max_sequential_skip_in_iterations: 8
2019/10/17-14:56:13.184705 7fbc2cd30700                    Options.max_compaction_bytes: 1677721600
2019/10/17-14:56:13.184706 7fbc2cd30700                        Options.arena_block_size: 8388608
2019/10/17-14:56:13.184707 7fbc2cd30700   Options.soft_pending_compaction_bytes_limit: 68719476736
2019/10/17-14:56:13.184710 7fbc2cd30700   Options.hard_pending_compaction_bytes_limit: 274877906944
2019/10/17-14:56:13.184711 7fbc2cd30700       Options.rate_limit_delay_max_milliseconds: 100
2019/10/17-14:56:13.184712 7fbc2cd30700                Options.disable_auto_compactions: 0
2019/10/17-14:56:13.184713 7fbc2cd30700                        Options.compaction_style: kCompactionStyleLevel
2019/10/17-14:56:13.184714 7fbc2cd30700                          Options.compaction_pri: kByCompensatedSize
2019/10/17-14:56:13.184715 7fbc2cd30700 Options.compaction_options_universal.size_ratio: 1
2019/10/17-14:56:13.184715 7fbc2cd30700 Options.compaction_options_universal.min_merge_width: 2
2019/10/17-14:56:13.184716 7fbc2cd30700 Options.compaction_options_universal.max_merge_width: 4294967295
2019/10/17-14:56:13.184717 7fbc2cd30700 Options.compaction_options_universal.max_size_amplification_percent: 200
2019/10/17-14:56:13.184717 7fbc2cd30700 Options.compaction_options_universal.compression_size_percent: -1
2019/10/17-14:56:13.184718 7fbc2cd30700 Options.compaction_options_universal.stop_style: kCompactionStopStyleTotalSize
2019/10/17-14:56:13.184719 7fbc2cd30700 Options.compaction_options_fifo.max_table_files_size: 1073741824
2019/10/17-14:56:13.184720 7fbc2cd30700 Options.compaction_options_fifo.allow_compaction: 0
2019/10/17-14:56:13.184720 7fbc2cd30700 Options.compaction_options_fifo.ttl: 0
2019/10/17-14:56:13.184721 7fbc2cd30700                   Options.table_properties_collectors: 
2019/10/17-14:56:13.184722 7fbc2cd30700                   Options.inplace_update_support: 0
2019/10/17-14:56:13.184722 7fbc2cd30700                 Options.inplace_update_num_locks: 10000
2019/10/17-14:56:13.184723 7fbc2cd30700               Options.memtable_prefix_bloom_size_ratio: 0.000000
2019/10/17-14:56:13.184724 7fbc2cd30700   Options.memtable_huge_page_size: 0
2019/10/17-14:56:13.184725 7fbc2cd30700                           Options.bloom_locality: 0
2019/10/17-14:56:13.184726 7fbc2cd30700                    Options.max_successive_merges: 0
2019/10/17-14:56:13.184726 7fbc2cd30700                Options.optimize_filters_for_hits: 0
2019/10/17-14:56:13.184727 7fbc2cd30700                Options.paranoid_file_checks: 0
2019/10/17-14:56:13.184728 7fbc2cd30700                Options.force_consistency_checks: 0
2019/10/17-14:56:13.184728 7fbc2cd30700                Options.report_bg_io_stats: 0
2019/10/17-14:56:13.184729 7fbc2cd30700                               Options.ttl: 0
2019/10/17-14:56:13.184742 7fbc2cd30700 [db/column_family.cc:472] --------------- Options for column family [dc_entries]:
2019/10/17-14:56:13.184743 7fbc2cd30700               Options.comparator: leveldb.BytewiseComparator
2019/10/17-14:56:13.184744 7fbc2cd30700           Options.merge_operator: None
2019/10/17-14:56:13.184745 7fbc2cd30700        Options.compaction_filter: None
2019/10/17-14:56:13.184746 7fbc2cd30700        Options.compaction_filter_factory: None
2019/10/17-14:56:13.184746 7fbc2cd30700         Options.memtable_factory: SkipListFactory
2019/10/17-14:56:13.184747 7fbc2cd30700            Options.table_factory: BlockBasedTable
2019/10/17-14:56:13.184756 7fbc2cd30700            table_factory options:   flush_block_policy_factory: FlushBlockBySizePolicyFactory (0x7fbbb8029890)
  cache_index_and_filter_blocks: 0
  cache_index_and_filter_blocks_with_high_priority: 0
  pin_l0_filter_and_index_blocks_in_cache: 0
  pin_top_level_index_and_filter: 1
  index_type: 0
  hash_index_allow_collision: 1
  checksum: 1
  no_block_cache: 0
  block_cache: 0x7fbbb807a650
  block_cache_name: LRUCache
  block_cache_options:
    capacity : 8388608
    num_shard_bits : 4
    strict_capacity_limit : 0
    memory_allocator : None
    high_pri_pool_ratio: 0.000
  block_cache_compressed: (nil)
  persistent_cache: (nil)
  block_size: 4096
  block_size_deviation: 10
  block_restart_interval: 16
  index_block_restart_interval: 1
  metadata_block_size: 4096
  partition_filters: 0
  use_delta_encoding: 1
  filter_policy: nullptr
  whole_key_filtering: 1
  verify_compression: 0
  read_amp_bytes_per_bit: 0
  format_version: 2
  enable_index_compression: 1
  block_align: 0
2019/10/17-14:56:13.184761 7fbc2cd30700        Options.write_buffer_size: 67108864
2019/10/17-14:56:13.184762 7fbc2cd30700  Options.max_write_buffer_number: 2
2019/10/17-14:56:13.184763 7fbc2cd30700          Options.compression: NoCompression
2019/10/17-14:56:13.184764 7fbc2cd30700                  Options.bottommost_compression: Disabled
2019/10/17-14:56:13.184764 7fbc2cd30700       Options.prefix_extractor: nullptr
2019/10/17-14:56:13.184765 7fbc2cd30700   Options.memtable_insert_with_hint_prefix_extractor: nullptr
2019/10/17-14:56:13.184766 7fbc2cd30700             Options.num_levels: 7
2019/10/17-14:56:13.184766 7fbc2cd30700        Options.min_write_buffer_number_to_merge: 1
2019/10/17-14:56:13.184767 7fbc2cd30700     Options.max_write_buffer_number_to_maintain: 0
2019/10/17-14:56:13.184768 7fbc2cd30700            Options.bottommost_compression_opts.window_bits: -14
2019/10/17-14:56:13.184769 7fbc2cd30700                  Options.bottommost_compression_opts.level: 32767
2019/10/17-14:56:13.184769 7fbc2cd30700               Options.bottommost_compression_opts.strategy: 0
2019/10/17-14:56:13.184770 7fbc2cd30700         Options.bottommost_compression_opts.max_dict_bytes: 0
2019/10/17-14:56:13.184771 7fbc2cd30700         Options.bottommost_compression_opts.zstd_max_train_bytes: 0
2019/10/17-14:56:13.184771 7fbc2cd30700                  Options.bottommost_compression_opts.enabled: false
2019/10/17-14:56:13.184772 7fbc2cd30700            Options.compression_opts.window_bits: -14
2019/10/17-14:56:13.184773 7fbc2cd30700                  Options.compression_opts.level: 32767
2019/10/17-14:56:13.184773 7fbc2cd30700               Options.compression_opts.strategy: 0
2019/10/17-14:56:13.184774 7fbc2cd30700         Options.compression_opts.max_dict_bytes: 0
2019/10/17-14:56:13.184775 7fbc2cd30700         Options.compression_opts.zstd_max_train_bytes: 0
2019/10/17-14:56:13.184775 7fbc2cd30700                  Options.compression_opts.enabled: false
2019/10/17-14:56:13.184776 7fbc2cd30700      Options.level0_file_num_compaction_trigger: 4
2019/10/17-14:56:13.184777 7fbc2cd30700          Options.level0_slowdown_writes_trigger: 20
2019/10/17-14:56:13.184777 7fbc2cd30700              Options.level0_stop_writes_trigger: 36
2019/10/17-14:56:13.184778 7fbc2cd30700                   Options.target_file_size_base: 67108864
2019/10/17-14:56:13.184779 7fbc2cd30700             Options.target_file_size_multiplier: 1
2019/10/17-14:56:13.184780 7fbc2cd30700                Options.max_bytes_for_level_base: 268435456
2019/10/17-14:56:13.184780 7fbc2cd30700 Options.level_compaction_dynamic_level_bytes: 0
2019/10/17-14:56:13.184781 7fbc2cd30700          Options.max_bytes_for_level_multiplier: 10.000000
2019/10/17-14:56:13.184782 7fbc2cd30700 Options.max_bytes_for_level_multiplier_addtl[0]: 1
2019/10/17-14:56:13.184783 7fbc2cd30700 Options.max_bytes_for_level_multiplier_addtl[1]: 1
2019/10/17-14:56:13.184784 7fbc2cd30700 Options.max_bytes_for_level_multiplier_addtl[2]: 1
2019/10/17-14:56:13.184784 7fbc2cd30700 Options.max_bytes_for_level_multiplier_addtl[3]: 1
2019/10/17-14:56:13.184785 7fbc2cd30700 Options.max_bytes_for_level_multiplier_addtl[4]: 1
2019/10/17-14:56:13.184786 7fbc2cd30700 Options.max_bytes_for_level_multiplier_addtl[5]: 1
2019/10/17-14:56:13.184787 7fbc2cd30700 Options.max_bytes_for_level_multiplier_addtl[6]: 1
2019/10/17-14:56:13.184787 7fbc2cd30700       Options.max_sequential_skip_in_iterations: 8
2019/10/17-14:56:13.184788 7fbc2cd30700                    Options.max_compaction_bytes: 1677721600
2019/10/17-14:56:13.184789 7fbc2cd30700                        Options.arena_block_size: 8388608
2019/10/17-14:56:13.184789 7fbc2cd30700   Options.soft_pending_compaction_bytes_limit: 68719476736
2019/10/17-14:56:13.184790 7fbc2cd30700   Options.hard_pending_compaction_bytes_limit: 274877906944
2019/10/17-14:56:13.184791 7fbc2cd30700       Options.rate_limit_delay_max_milliseconds: 100
2019/10/17-14:56:13.184792 7fbc2cd30700                Options.disable_auto_compactions: 0
2019/10/17-14:56:13.184796 7fbc2cd30700                        Options.compaction_style: kCompactionStyleLevel
2019/10/17-14:56:13.184797 7fbc2cd30700                          Options.compaction_pri: kByCompensatedSize
2019/10/17-14:56:13.184797 7fbc2cd30700 Options.compaction_options_universal.size_ratio: 1
2019/10/17-14:56:13.184798 7fbc2cd30700 Options.compaction_options_universal.min_merge_width: 2
2019/10/17-14:56:13.184799 7fbc2cd30700 Options.compaction_options_universal.max_merge_width: 4294967295
2019/10/17-14:56:13.184799 7fbc2cd30700 Options.compaction_options_universal.max_size_amplification_percent: 200
2019/10/17-14:56:13.184800 7fbc2cd30700 Options.compaction_options_universal.compression_size_percent: -1
2019/10/17-14:56:13.184801 7fbc2cd30700 Options.compaction_options_universal.stop_style: kCompactionStopStyleTotalSize
2019/10/17-14:56:13.184802 7fbc2cd30700 Options.compaction_options_fifo.max_table_files_size: 1073741824
2019/10/17-14:56:13.184802 7fbc2cd30700 Options.compaction_options_fifo.allow_compaction: 0
2019/10/17-14:56:13.184803 7fbc2cd30700 Options.compaction_options_fifo.ttl: 0
2019/10/17-14:56:13.184804 7fbc2cd30700                   Options.table_properties_collectors: 
2019/10/17-14:56:13.184804 7fbc2cd30700                   Options.inplace_update_support: 0
2019/10/17-14:56:13.184805 7fbc2cd30700                 Options.inplace_update_num_locks: 10000
2019/10/17-14:56:13.184806 7fbc2cd30700               Options.memtable_prefix_bloom_size_ratio: 0.000000
2019/10/17-14:56:13.184807 7fbc2cd30700   Options.memtable_huge_page_size: 0
2019/10/17-14:56:13.184808 7fbc2cd30700                           Options.bloom_locality: 0
2019/10/17-14:56:13.184808 7fbc2cd30700                    Options.max_successive_merges: 0
2019/10/17-14:56:13.184809 7fbc2cd30700                Options.optimize_filters_for_hits: 0
2019/10/17-14:56:13.184810 7fbc2cd30700                Options.paranoid_file_checks: 0
2019/10/17-14:56:13.184810 7fbc2cd30700                Options.force_consistency_checks: 0
2019/10/17-14:56:13.184811 7fbc2cd30700                Options.report_bg_io_stats: 0
2019/10/17-14:56:13.184812 7fbc2cd30700                               Options.ttl: 0
2019/10/17-14:56:13.184823 7fbc2cd30700 [db/column_family.cc:472] --------------- Options for column family [htlcs]:
2019/10/17-14:56:13.184824 7fbc2cd30700               Options.comparator: leveldb.BytewiseComparator
2019/10/17-14:56:13.184825 7fbc2cd30700           Options.merge_operator: None
2019/10/17-14:56:13.184826 7fbc2cd30700        Options.compaction_filter: None
2019/10/17-14:56:13.184827 7fbc2cd30700        Options.compaction_filter_factory: None
2019/10/17-14:56:13.184827 7fbc2cd30700         Options.memtable_factory: SkipListFactory
2019/10/17-14:56:13.184828 7fbc2cd30700            Options.table_factory: BlockBasedTable
2019/10/17-14:56:13.184836 7fbc2cd30700            table_factory options:   flush_block_policy_factory: FlushBlockBySizePolicyFactory (0x7fbbb804d1b0)
