2019/10/17-14:55:04.367392 7fc3a9fcb700 RocksDB version: 5.18.3
2019/10/17-14:55:04.367424 7fc3a9fcb700 Git sha rocksdb_build_git_sha:@0@
2019/10/17-14:55:04.367426 7fc3a9fcb700 Compile date Sep 19 2019
2019/10/17-14:55:04.367427 7fc3a9fcb700 DB SUMMARY
2019/10/17-14:55:04.368115 7fc3a9fcb700 CURRENT file:  CURRENT
2019/10/17-14:55:04.368116 7fc3a9fcb700 IDENTITY file:  IDENTITY
2019/10/17-14:55:04.368144 7fc3a9fcb700 MANIFEST file:  MANIFEST-116269 size: 4114 Bytes
2019/10/17-14:55:04.368145 7fc3a9fcb700 SST files in /home/rahul/dev/blockchain-core/eqc/ledger.db dir, Total Num: 29, files: 000624.sst 000627.sst 106940.sst 108447.sst 108450.sst 109471.sst 109483.sst 109485.sst 109486.sst 
2019/10/17-14:55:04.368146 7fc3a9fcb700 Write Ahead Log file in /home/rahul/dev/blockchain-core/eqc/ledger.db: 116270.log size: 0 ; 
2019/10/17-14:55:04.368179 7fc3a9fcb700                         Options.error_if_exists: 0
2019/10/17-14:55:04.368180 7fc3a9fcb700                       Options.create_if_missing: 1
2019/10/17-14:55:04.368181 7fc3a9fcb700                         Options.paranoid_checks: 1
2019/10/17-14:55:04.368182 7fc3a9fcb700                                     Options.env: 0x7fc32ae1fc60
2019/10/17-14:55:04.368183 7fc3a9fcb700                                Options.info_log: 0x7fc350050cd0
2019/10/17-14:55:04.368184 7fc3a9fcb700                Options.max_file_opening_threads: 16
2019/10/17-14:55:04.368184 7fc3a9fcb700                              Options.statistics: (nil)
2019/10/17-14:55:04.368185 7fc3a9fcb700                               Options.use_fsync: 0
2019/10/17-14:55:04.368186 7fc3a9fcb700                       Options.max_log_file_size: 0
2019/10/17-14:55:04.368187 7fc3a9fcb700                  Options.max_manifest_file_size: 1073741824
2019/10/17-14:55:04.368187 7fc3a9fcb700                   Options.log_file_time_to_roll: 0
2019/10/17-14:55:04.368188 7fc3a9fcb700                       Options.keep_log_file_num: 1000
2019/10/17-14:55:04.368189 7fc3a9fcb700                    Options.recycle_log_file_num: 0
2019/10/17-14:55:04.368190 7fc3a9fcb700                         Options.allow_fallocate: 1
2019/10/17-14:55:04.368190 7fc3a9fcb700                        Options.allow_mmap_reads: 0
2019/10/17-14:55:04.368191 7fc3a9fcb700                       Options.allow_mmap_writes: 0
2019/10/17-14:55:04.368192 7fc3a9fcb700                        Options.use_direct_reads: 0
2019/10/17-14:55:04.368193 7fc3a9fcb700                        Options.use_direct_io_for_flush_and_compaction: 0
2019/10/17-14:55:04.368193 7fc3a9fcb700          Options.create_missing_column_families: 0
2019/10/17-14:55:04.368194 7fc3a9fcb700                              Options.db_log_dir: 
2019/10/17-14:55:04.368195 7fc3a9fcb700                                 Options.wal_dir: /home/rahul/dev/blockchain-core/eqc/ledger.db
2019/10/17-14:55:04.368196 7fc3a9fcb700                Options.table_cache_numshardbits: 6
2019/10/17-14:55:04.368196 7fc3a9fcb700                      Options.max_subcompactions: 1
2019/10/17-14:55:04.368197 7fc3a9fcb700                  Options.max_background_flushes: -1
2019/10/17-14:55:04.368198 7fc3a9fcb700                         Options.WAL_ttl_seconds: 0
2019/10/17-14:55:04.368198 7fc3a9fcb700                       Options.WAL_size_limit_MB: 0
2019/10/17-14:55:04.368199 7fc3a9fcb700             Options.manifest_preallocation_size: 4194304
2019/10/17-14:55:04.368200 7fc3a9fcb700                     Options.is_fd_close_on_exec: 1
2019/10/17-14:55:04.368201 7fc3a9fcb700                   Options.advise_random_on_open: 1
2019/10/17-14:55:04.368201 7fc3a9fcb700                    Options.db_write_buffer_size: 0
2019/10/17-14:55:04.368202 7fc3a9fcb700                    Options.write_buffer_manager: 0x7fc3501165a0
2019/10/17-14:55:04.368203 7fc3a9fcb700         Options.access_hint_on_compaction_start: 1
2019/10/17-14:55:04.368204 7fc3a9fcb700  Options.new_table_reader_for_compaction_inputs: 0
2019/10/17-14:55:04.368204 7fc3a9fcb700           Options.random_access_max_buffer_size: 1048576
2019/10/17-14:55:04.368205 7fc3a9fcb700                      Options.use_adaptive_mutex: 0
2019/10/17-14:55:04.368206 7fc3a9fcb700                            Options.rate_limiter: (nil)
2019/10/17-14:55:04.368214 7fc3a9fcb700     Options.sst_file_manager.rate_bytes_per_sec: 0
2019/10/17-14:55:04.368215 7fc3a9fcb700                       Options.wal_recovery_mode: 2
2019/10/17-14:55:04.368216 7fc3a9fcb700                  Options.enable_thread_tracking: 0
2019/10/17-14:55:04.368217 7fc3a9fcb700                  Options.enable_pipelined_write: 0
2019/10/17-14:55:04.368218 7fc3a9fcb700         Options.allow_concurrent_memtable_write: 1
2019/10/17-14:55:04.368218 7fc3a9fcb700      Options.enable_write_thread_adaptive_yield: 1
2019/10/17-14:55:04.368219 7fc3a9fcb700             Options.write_thread_max_yield_usec: 100
2019/10/17-14:55:04.368220 7fc3a9fcb700            Options.write_thread_slow_yield_usec: 3
2019/10/17-14:55:04.368220 7fc3a9fcb700                               Options.row_cache: None
2019/10/17-14:55:04.368221 7fc3a9fcb700                              Options.wal_filter: None
2019/10/17-14:55:04.368222 7fc3a9fcb700             Options.avoid_flush_during_recovery: 0
2019/10/17-14:55:04.368223 7fc3a9fcb700             Options.allow_ingest_behind: 0
2019/10/17-14:55:04.368223 7fc3a9fcb700             Options.preserve_deletes: 0
2019/10/17-14:55:04.368224 7fc3a9fcb700             Options.two_write_queues: 0
2019/10/17-14:55:04.368225 7fc3a9fcb700             Options.manual_wal_flush: 0
2019/10/17-14:55:04.368226 7fc3a9fcb700             Options.max_background_jobs: 2
2019/10/17-14:55:04.368226 7fc3a9fcb700             Options.max_background_compactions: -1
2019/10/17-14:55:04.368227 7fc3a9fcb700             Options.avoid_flush_during_shutdown: 0
2019/10/17-14:55:04.368228 7fc3a9fcb700           Options.writable_file_max_buffer_size: 1048576
2019/10/17-14:55:04.368229 7fc3a9fcb700             Options.delayed_write_rate : 16777216
2019/10/17-14:55:04.368229 7fc3a9fcb700             Options.max_total_wal_size: 0
2019/10/17-14:55:04.368230 7fc3a9fcb700             Options.delete_obsolete_files_period_micros: 21600000000
2019/10/17-14:55:04.368231 7fc3a9fcb700                   Options.stats_dump_period_sec: 600
2019/10/17-14:55:04.368232 7fc3a9fcb700                          Options.max_open_files: -1
2019/10/17-14:55:04.368232 7fc3a9fcb700                          Options.bytes_per_sync: 0
2019/10/17-14:55:04.368233 7fc3a9fcb700                      Options.wal_bytes_per_sync: 0
2019/10/17-14:55:04.368234 7fc3a9fcb700       Options.compaction_readahead_size: 0
2019/10/17-14:55:04.368234 7fc3a9fcb700 Compression algorithms supported:
2019/10/17-14:55:04.368236 7fc3a9fcb700 	kZSTDNotFinalCompression supported: 0
2019/10/17-14:55:04.368237 7fc3a9fcb700 	kZSTD supported: 0
2019/10/17-14:55:04.368237 7fc3a9fcb700 	kXpressCompression supported: 0
2019/10/17-14:55:04.368238 7fc3a9fcb700 	kLZ4HCCompression supported: 0
2019/10/17-14:55:04.368239 7fc3a9fcb700 	kLZ4Compression supported: 0
2019/10/17-14:55:04.368240 7fc3a9fcb700 	kBZip2Compression supported: 0
2019/10/17-14:55:04.368241 7fc3a9fcb700 	kZlibCompression supported: 0
2019/10/17-14:55:04.368241 7fc3a9fcb700 	kSnappyCompression supported: 0
2019/10/17-14:55:04.368243 7fc3a9fcb700 Fast CRC32 supported: Supported on x86
2019/10/17-14:55:04.368331 7fc3a9fcb700 [db/version_set.cc:3507] Recovering from manifest file: MANIFEST-116269
2019/10/17-14:55:04.368362 7fc3a9fcb700 [db/column_family.cc:472] --------------- Options for column family [default]:
2019/10/17-14:55:04.368364 7fc3a9fcb700               Options.comparator: leveldb.BytewiseComparator
2019/10/17-14:55:04.368365 7fc3a9fcb700           Options.merge_operator: None
2019/10/17-14:55:04.368365 7fc3a9fcb700        Options.compaction_filter: None
2019/10/17-14:55:04.368366 7fc3a9fcb700        Options.compaction_filter_factory: None
2019/10/17-14:55:04.368367 7fc3a9fcb700         Options.memtable_factory: SkipListFactory
2019/10/17-14:55:04.368368 7fc3a9fcb700            Options.table_factory: BlockBasedTable
2019/10/17-14:55:04.368382 7fc3a9fcb700            table_factory options:   flush_block_policy_factory: FlushBlockBySizePolicyFactory (0x7fc350055070)
  cache_index_and_filter_blocks: 0
  cache_index_and_filter_blocks_with_high_priority: 0
  pin_l0_filter_and_index_blocks_in_cache: 0
  pin_top_level_index_and_filter: 1
  index_type: 0
  hash_index_allow_collision: 1
  checksum: 1
  no_block_cache: 0
  block_cache: 0x7fc35001aff0
  block_cache_name: LRUCache
  block_cache_options:
    capacity : 8388608
    num_shard_bits : 4
    strict_capacity_limit : 0
    memory_allocator : None
    high_pri_pool_ratio: 0.000
  block_cache_compressed: (nil)
  persistent_cache: (nil)
  block_size: 4096
  block_size_deviation: 10
  block_restart_interval: 16
  index_block_restart_interval: 1
  metadata_block_size: 4096
  partition_filters: 0
  use_delta_encoding: 1
  filter_policy: nullptr
  whole_key_filtering: 1
  verify_compression: 0
  read_amp_bytes_per_bit: 0
  format_version: 2
  enable_index_compression: 1
  block_align: 0
2019/10/17-14:55:04.368390 7fc3a9fcb700        Options.write_buffer_size: 67108864
2019/10/17-14:55:04.368391 7fc3a9fcb700  Options.max_write_buffer_number: 2
2019/10/17-14:55:04.368392 7fc3a9fcb700          Options.compression: NoCompression
2019/10/17-14:55:04.368393 7fc3a9fcb700                  Options.bottommost_compression: Disabled
2019/10/17-14:55:04.368394 7fc3a9fcb700       Options.prefix_extractor: nullptr
2019/10/17-14:55:04.368395 7fc3a9fcb700   Options.memtable_insert_with_hint_prefix_extractor: nullptr
2019/10/17-14:55:04.368395 7fc3a9fcb700             Options.num_levels: 7
2019/10/17-14:55:04.368396 7fc3a9fcb700        Options.min_write_buffer_number_to_merge: 1
2019/10/17-14:55:04.368397 7fc3a9fcb700     Options.max_write_buffer_number_to_maintain: 0
2019/10/17-14:55:04.368397 7fc3a9fcb700            Options.bottommost_compression_opts.window_bits: -14
2019/10/17-14:55:04.368398 7fc3a9fcb700                  Options.bottommost_compression_opts.level: 32767
2019/10/17-14:55:04.368399 7fc3a9fcb700               Options.bottommost_compression_opts.strategy: 0
2019/10/17-14:55:04.368400 7fc3a9fcb700         Options.bottommost_compression_opts.max_dict_bytes: 0
2019/10/17-14:55:04.368400 7fc3a9fcb700         Options.bottommost_compression_opts.zstd_max_train_bytes: 0
2019/10/17-14:55:04.368401 7fc3a9fcb700                  Options.bottommost_compression_opts.enabled: false
2019/10/17-14:55:04.368402 7fc3a9fcb700            Options.compression_opts.window_bits: -14
2019/10/17-14:55:04.368403 7fc3a9fcb700                  Options.compression_opts.level: 32767
2019/10/17-14:55:04.368403 7fc3a9fcb700               Options.compression_opts.strategy: 0
2019/10/17-14:55:04.368404 7fc3a9fcb700         Options.compression_opts.max_dict_bytes: 0
2019/10/17-14:55:04.368405 7fc3a9fcb700         Options.compression_opts.zstd_max_train_bytes: 0
2019/10/17-14:55:04.368405 7fc3a9fcb700                  Options.compression_opts.enabled: false
2019/10/17-14:55:04.368406 7fc3a9fcb700      Options.level0_file_num_compaction_trigger: 4
2019/10/17-14:55:04.368407 7fc3a9fcb700          Options.level0_slowdown_writes_trigger: 20
2019/10/17-14:55:04.368408 7fc3a9fcb700              Options.level0_stop_writes_trigger: 36
2019/10/17-14:55:04.368408 7fc3a9fcb700                   Options.target_file_size_base: 67108864
2019/10/17-14:55:04.368409 7fc3a9fcb700             Options.target_file_size_multiplier: 1
2019/10/17-14:55:04.368410 7fc3a9fcb700                Options.max_bytes_for_level_base: 268435456
2019/10/17-14:55:04.368411 7fc3a9fcb700 Options.level_compaction_dynamic_level_bytes: 0
2019/10/17-14:55:04.368411 7fc3a9fcb700          Options.max_bytes_for_level_multiplier: 10.000000
2019/10/17-14:55:04.368413 7fc3a9fcb700 Options.max_bytes_for_level_multiplier_addtl[0]: 1
2019/10/17-14:55:04.368414 7fc3a9fcb700 Options.max_bytes_for_level_multiplier_addtl[1]: 1
2019/10/17-14:55:04.368415 7fc3a9fcb700 Options.max_bytes_for_level_multiplier_addtl[2]: 1
2019/10/17-14:55:04.368415 7fc3a9fcb700 Options.max_bytes_for_level_multiplier_addtl[3]: 1
2019/10/17-14:55:04.368416 7fc3a9fcb700 Options.max_bytes_for_level_multiplier_addtl[4]: 1
2019/10/17-14:55:04.368420 7fc3a9fcb700 Options.max_bytes_for_level_multiplier_addtl[5]: 1
2019/10/17-14:55:04.368421 7fc3a9fcb700 Options.max_bytes_for_level_multiplier_addtl[6]: 1
2019/10/17-14:55:04.368422 7fc3a9fcb700       Options.max_sequential_skip_in_iterations: 8
2019/10/17-14:55:04.368423 7fc3a9fcb700                    Options.max_compaction_bytes: 1677721600
2019/10/17-14:55:04.368423 7fc3a9fcb700                        Options.arena_block_size: 8388608
2019/10/17-14:55:04.368424 7fc3a9fcb700   Options.soft_pending_compaction_bytes_limit: 68719476736
2019/10/17-14:55:04.368425 7fc3a9fcb700   Options.hard_pending_compaction_bytes_limit: 274877906944
2019/10/17-14:55:04.368426 7fc3a9fcb700       Options.rate_limit_delay_max_milliseconds: 100
2019/10/17-14:55:04.368426 7fc3a9fcb700                Options.disable_auto_compactions: 0
2019/10/17-14:55:04.368428 7fc3a9fcb700                        Options.compaction_style: kCompactionStyleLevel
2019/10/17-14:55:04.368429 7fc3a9fcb700                          Options.compaction_pri: kByCompensatedSize
2019/10/17-14:55:04.368430 7fc3a9fcb700 Options.compaction_options_universal.size_ratio: 1
2019/10/17-14:55:04.368431 7fc3a9fcb700 Options.compaction_options_universal.min_merge_width: 2
2019/10/17-14:55:04.368431 7fc3a9fcb700 Options.compaction_options_universal.max_merge_width: 4294967295
2019/10/17-14:55:04.368432 7fc3a9fcb700 Options.compaction_options_universal.max_size_amplification_percent: 200
2019/10/17-14:55:04.368433 7fc3a9fcb700 Options.compaction_options_universal.compression_size_percent: -1
2019/10/17-14:55:04.368434 7fc3a9fcb700 Options.compaction_options_universal.stop_style: kCompactionStopStyleTotalSize
2019/10/17-14:55:04.368435 7fc3a9fcb700 Options.compaction_options_fifo.max_table_files_size: 1073741824
2019/10/17-14:55:04.368435 7fc3a9fcb700 Options.compaction_options_fifo.allow_compaction: 0
2019/10/17-14:55:04.368436 7fc3a9fcb700 Options.compaction_options_fifo.ttl: 0
2019/10/17-14:55:04.368437 7fc3a9fcb700                   Options.table_properties_collectors: 
2019/10/17-14:55:04.368438 7fc3a9fcb700                   Options.inplace_update_support: 0
2019/10/17-14:55:04.368438 7fc3a9fcb700                 Options.inplace_update_num_locks: 10000
2019/10/17-14:55:04.368439 7fc3a9fcb700               Options.memtable_prefix_bloom_size_ratio: 0.000000
2019/10/17-14:55:04.368440 7fc3a9fcb700   Options.memtable_huge_page_size: 0
2019/10/17-14:55:04.368441 7fc3a9fcb700                           Options.bloom_locality: 0
2019/10/17-14:55:04.368442 7fc3a9fcb700                    Options.max_successive_merges: 0
2019/10/17-14:55:04.368442 7fc3a9fcb700                Options.optimize_filters_for_hits: 0
2019/10/17-14:55:04.368443 7fc3a9fcb700                Options.paranoid_file_checks: 0
2019/10/17-14:55:04.368444 7fc3a9fcb700                Options.force_consistency_checks: 0
2019/10/17-14:55:04.368444 7fc3a9fcb700                Options.report_bg_io_stats: 0
2019/10/17-14:55:04.368445 7fc3a9fcb700                               Options.ttl: 0
2019/10/17-14:55:04.368471 7fc3a9fcb700 [db/column_family.cc:472] --------------- Options for column family [active_gateways]:
2019/10/17-14:55:04.368473 7fc3a9fcb700               Options.comparator: leveldb.BytewiseComparator
2019/10/17-14:55:04.368474 7fc3a9fcb700           Options.merge_operator: None
2019/10/17-14:55:04.368474 7fc3a9fcb700        Options.compaction_filter: None
2019/10/17-14:55:04.368475 7fc3a9fcb700        Options.compaction_filter_factory: None
2019/10/17-14:55:04.368476 7fc3a9fcb700         Options.memtable_factory: SkipListFactory
2019/10/17-14:55:04.368476 7fc3a9fcb700            Options.table_factory: BlockBasedTable
2019/10/17-14:55:04.368486 7fc3a9fcb700            table_factory options:   flush_block_policy_factory: FlushBlockBySizePolicyFactory (0x7fc3500a06b0)
  cache_index_and_filter_blocks: 0
  cache_index_and_filter_blocks_with_high_priority: 0
  pin_l0_filter_and_index_blocks_in_cache: 0
  pin_top_level_index_and_filter: 1
  index_type: 0
  hash_index_allow_collision: 1
  checksum: 1
  no_block_cache: 0
  block_cache: 0x7fc35008ef00
  block_cache_name: LRUCache
  block_cache_options:
    capacity : 8388608
    num_shard_bits : 4
    strict_capacity_limit : 0
    memory_allocator : None
    high_pri_pool_ratio: 0.000
  block_cache_compressed: (nil)
  persistent_cache: (nil)
  block_size: 4096
  block_size_deviation: 10
  block_restart_interval: 16
  index_block_restart_interval: 1
  metadata_block_size: 4096
  partition_filters: 0
  use_delta_encoding: 1
  filter_policy: nullptr
  whole_key_filtering: 1
  verify_compression: 0
  read_amp_bytes_per_bit: 0
  format_version: 2
  enable_index_compression: 1
  block_align: 0
2019/10/17-14:55:04.368492 7fc3a9fcb700        Options.write_buffer_size: 67108864
2019/10/17-14:55:04.368493 7fc3a9fcb700  Options.max_write_buffer_number: 2
2019/10/17-14:55:04.368494 7fc3a9fcb700          Options.compression: NoCompression
2019/10/17-14:55:04.368495 7fc3a9fcb700                  Options.bottommost_compression: Disabled
2019/10/17-14:55:04.368495 7fc3a9fcb700       Options.prefix_extractor: nullptr
2019/10/17-14:55:04.368496 7fc3a9fcb700   Options.memtable_insert_with_hint_prefix_extractor: nullptr
2019/10/17-14:55:04.368497 7fc3a9fcb700             Options.num_levels: 7
2019/10/17-14:55:04.368498 7fc3a9fcb700        Options.min_write_buffer_number_to_merge: 1
2019/10/17-14:55:04.368498 7fc3a9fcb700     Options.max_write_buffer_number_to_maintain: 0
2019/10/17-14:55:04.368499 7fc3a9fcb700            Options.bottommost_compression_opts.window_bits: -14
2019/10/17-14:55:04.368500 7fc3a9fcb700                  Options.bottommost_compression_opts.level: 32767
2019/10/17-14:55:04.368500 7fc3a9fcb700               Options.bottommost_compression_opts.strategy: 0
2019/10/17-14:55:04.368501 7fc3a9fcb700         Options.bottommost_compression_opts.max_dict_bytes: 0
2019/10/17-14:55:04.368502 7fc3a9fcb700         Options.bottommost_compression_opts.zstd_max_train_bytes: 0
2019/10/17-14:55:04.368503 7fc3a9fcb700                  Options.bottommost_compression_opts.enabled: false
2019/10/17-14:55:04.368503 7fc3a9fcb700            Options.compression_opts.window_bits: -14
2019/10/17-14:55:04.368504 7fc3a9fcb700                  Options.compression_opts.level: 32767
2019/10/17-14:55:04.368505 7fc3a9fcb700               Options.compression_opts.strategy: 0
2019/10/17-14:55:04.368505 7fc3a9fcb700         Options.compression_opts.max_dict_bytes: 0
2019/10/17-14:55:04.368506 7fc3a9fcb700         Options.compression_opts.zstd_max_train_bytes: 0
2019/10/17-14:55:04.368507 7fc3a9fcb700                  Options.compression_opts.enabled: false
2019/10/17-14:55:04.368508 7fc3a9fcb700      Options.level0_file_num_compaction_trigger: 4
2019/10/17-14:55:04.368508 7fc3a9fcb700          Options.level0_slowdown_writes_trigger: 20
2019/10/17-14:55:04.368509 7fc3a9fcb700              Options.level0_stop_writes_trigger: 36
2019/10/17-14:55:04.368510 7fc3a9fcb700                   Options.target_file_size_base: 67108864
2019/10/17-14:55:04.368510 7fc3a9fcb700             Options.target_file_size_multiplier: 1
2019/10/17-14:55:04.368511 7fc3a9fcb700                Options.max_bytes_for_level_base: 268435456
2019/10/17-14:55:04.368512 7fc3a9fcb700 Options.level_compaction_dynamic_level_bytes: 0
2019/10/17-14:55:04.368513 7fc3a9fcb700          Options.max_bytes_for_level_multiplier: 10.000000
2019/10/17-14:55:04.368514 7fc3a9fcb700 Options.max_bytes_for_level_multiplier_addtl[0]: 1
2019/10/17-14:55:04.368515 7fc3a9fcb700 Options.max_bytes_for_level_multiplier_addtl[1]: 1
2019/10/17-14:55:04.368516 7fc3a9fcb700 Options.max_bytes_for_level_multiplier_addtl[2]: 1
2019/10/17-14:55:04.368516 7fc3a9fcb700 Options.max_bytes_for_level_multiplier_addtl[3]: 1
2019/10/17-14:55:04.368517 7fc3a9fcb700 Options.max_bytes_for_level_multiplier_addtl[4]: 1
2019/10/17-14:55:04.368518 7fc3a9fcb700 Options.max_bytes_for_level_multiplier_addtl[5]: 1
2019/10/17-14:55:04.368518 7fc3a9fcb700 Options.max_bytes_for_level_multiplier_addtl[6]: 1
2019/10/17-14:55:04.368519 7fc3a9fcb700       Options.max_sequential_skip_in_iterations: 8
2019/10/17-14:55:04.368523 7fc3a9fcb700                    Options.max_compaction_bytes: 1677721600
2019/10/17-14:55:04.368524 7fc3a9fcb700                        Options.arena_block_size: 8388608
2019/10/17-14:55:04.368525 7fc3a9fcb700   Options.soft_pending_compaction_bytes_limit: 68719476736
2019/10/17-14:55:04.368525 7fc3a9fcb700   Options.hard_pending_compaction_bytes_limit: 274877906944
2019/10/17-14:55:04.368526 7fc3a9fcb700       Options.rate_limit_delay_max_milliseconds: 100
2019/10/17-14:55:04.368527 7fc3a9fcb700                Options.disable_auto_compactions: 0
2019/10/17-14:55:04.368528 7fc3a9fcb700                        Options.compaction_style: kCompactionStyleLevel
2019/10/17-14:55:04.368529 7fc3a9fcb700                          Options.compaction_pri: kByCompensatedSize
2019/10/17-14:55:04.368530 7fc3a9fcb700 Options.compaction_options_universal.size_ratio: 1
2019/10/17-14:55:04.368530 7fc3a9fcb700 Options.compaction_options_universal.min_merge_width: 2
2019/10/17-14:55:04.368531 7fc3a9fcb700 Options.compaction_options_universal.max_merge_width: 4294967295
2019/10/17-14:55:04.368532 7fc3a9fcb700 Options.compaction_options_universal.max_size_amplification_percent: 200
2019/10/17-14:55:04.368532 7fc3a9fcb700 Options.compaction_options_universal.compression_size_percent: -1
2019/10/17-14:55:04.368533 7fc3a9fcb700 Options.compaction_options_universal.stop_style: kCompactionStopStyleTotalSize
2019/10/17-14:55:04.368534 7fc3a9fcb700 Options.compaction_options_fifo.max_table_files_size: 1073741824
2019/10/17-14:55:04.368535 7fc3a9fcb700 Options.compaction_options_fifo.allow_compaction: 0
2019/10/17-14:55:04.368535 7fc3a9fcb700 Options.compaction_options_fifo.ttl: 0
2019/10/17-14:55:04.368536 7fc3a9fcb700                   Options.table_properties_collectors: 
2019/10/17-14:55:04.368537 7fc3a9fcb700                   Options.inplace_update_support: 0
2019/10/17-14:55:04.368538 7fc3a9fcb700                 Options.inplace_update_num_locks: 10000
2019/10/17-14:55:04.368538 7fc3a9fcb700               Options.memtable_prefix_bloom_size_ratio: 0.000000
2019/10/17-14:55:04.368539 7fc3a9fcb700   Options.memtable_huge_page_size: 0
2019/10/17-14:55:04.368540 7fc3a9fcb700                           Options.bloom_locality: 0
2019/10/17-14:55:04.368541 7fc3a9fcb700                    Options.max_successive_merges: 0
2019/10/17-14:55:04.368542 7fc3a9fcb700                Options.optimize_filters_for_hits: 0
2019/10/17-14:55:04.368542 7fc3a9fcb700                Options.paranoid_file_checks: 0
2019/10/17-14:55:04.368543 7fc3a9fcb700                Options.force_consistency_checks: 0
2019/10/17-14:55:04.368544 7fc3a9fcb700                Options.report_bg_io_stats: 0
2019/10/17-14:55:04.368544 7fc3a9fcb700                               Options.ttl: 0
2019/10/17-14:55:04.368560 7fc3a9fcb700 [db/column_family.cc:472] --------------- Options for column family [entries]:
2019/10/17-14:55:04.368561 7fc3a9fcb700               Options.comparator: leveldb.BytewiseComparator
2019/10/17-14:55:04.368562 7fc3a9fcb700           Options.merge_operator: None
2019/10/17-14:55:04.368563 7fc3a9fcb700        Options.compaction_filter: None
2019/10/17-14:55:04.368563 7fc3a9fcb700        Options.compaction_filter_factory: None
2019/10/17-14:55:04.368564 7fc3a9fcb700         Options.memtable_factory: SkipListFactory
2019/10/17-14:55:04.368565 7fc3a9fcb700            Options.table_factory: BlockBasedTable
2019/10/17-14:55:04.368574 7fc3a9fcb700            table_factory options:   flush_block_policy_factory: FlushBlockBySizePolicyFactory (0x7fc350073210)
  cache_index_and_filter_blocks: 0
  cache_index_and_filter_blocks_with_high_priority: 0
  pin_l0_filter_and_index_blocks_in_cache: 0
  pin_top_level_index_and_filter: 1
  index_type: 0
  hash_index_allow_collision: 1
  checksum: 1
  no_block_cache: 0
  block_cache: 0x7fc350050a00
  block_cache_name: LRUCache
  block_cache_options:
    capacity : 8388608
    num_shard_bits : 4
    strict_capacity_limit : 0
    memory_allocator : None
    high_pri_pool_ratio: 0.000
  block_cache_compressed: (nil)
  persistent_cache: (nil)
  block_size: 4096
  block_size_deviation: 10
  block_restart_interval: 16
  index_block_restart_interval: 1
  metadata_block_size: 4096
  partition_filters: 0
  use_delta_encoding: 1
  filter_policy: nullptr
  whole_key_filtering: 1
  verify_compression: 0
  read_amp_bytes_per_bit: 0
  format_version: 2
  enable_index_compression: 1
  block_align: 0
2019/10/17-14:55:04.368579 7fc3a9fcb700        Options.write_buffer_size: 67108864
2019/10/17-14:55:04.368580 7fc3a9fcb700  Options.max_write_buffer_number: 2
2019/10/17-14:55:04.368581 7fc3a9fcb700          Options.compression: NoCompression
2019/10/17-14:55:04.368581 7fc3a9fcb700                  Options.bottommost_compression: Disabled
2019/10/17-14:55:04.368582 7fc3a9fcb700       Options.prefix_extractor: nullptr
2019/10/17-14:55:04.368583 7fc3a9fcb700   Options.memtable_insert_with_hint_prefix_extractor: nullptr
2019/10/17-14:55:04.368584 7fc3a9fcb700             Options.num_levels: 7
2019/10/17-14:55:04.368584 7fc3a9fcb700        Options.min_write_buffer_number_to_merge: 1
2019/10/17-14:55:04.368585 7fc3a9fcb700     Options.max_write_buffer_number_to_maintain: 0
2019/10/17-14:55:04.368586 7fc3a9fcb700            Options.bottommost_compression_opts.window_bits: -14
2019/10/17-14:55:04.368586 7fc3a9fcb700                  Options.bottommost_compression_opts.level: 32767
2019/10/17-14:55:04.368587 7fc3a9fcb700               Options.bottommost_compression_opts.strategy: 0
2019/10/17-14:55:04.368588 7fc3a9fcb700         Options.bottommost_compression_opts.max_dict_bytes: 0
2019/10/17-14:55:04.368588 7fc3a9fcb700         Options.bottommost_compression_opts.zstd_max_train_bytes: 0
2019/10/17-14:55:04.368589 7fc3a9fcb700                  Options.bottommost_compression_opts.enabled: false
2019/10/17-14:55:04.368590 7fc3a9fcb700            Options.compression_opts.window_bits: -14
2019/10/17-14:55:04.368591 7fc3a9fcb700                  Options.compression_opts.level: 32767
2019/10/17-14:55:04.368591 7fc3a9fcb700               Options.compression_opts.strategy: 0
2019/10/17-14:55:04.368592 7fc3a9fcb700         Options.compression_opts.max_dict_bytes: 0
2019/10/17-14:55:04.368593 7fc3a9fcb700         Options.compression_opts.zstd_max_train_bytes: 0
2019/10/17-14:55:04.368594 7fc3a9fcb700                  Options.compression_opts.enabled: false
2019/10/17-14:55:04.368594 7fc3a9fcb700      Options.level0_file_num_compaction_trigger: 4
2019/10/17-14:55:04.368595 7fc3a9fcb700          Options.level0_slowdown_writes_trigger: 20
2019/10/17-14:55:04.368596 7fc3a9fcb700              Options.level0_stop_writes_trigger: 36
2019/10/17-14:55:04.368596 7fc3a9fcb700                   Options.target_file_size_base: 67108864
2019/10/17-14:55:04.368597 7fc3a9fcb700             Options.target_file_size_multiplier: 1
2019/10/17-14:55:04.368598 7fc3a9fcb700                Options.max_bytes_for_level_base: 268435456
2019/10/17-14:55:04.368599 7fc3a9fcb700 Options.level_compaction_dynamic_level_bytes: 0
2019/10/17-14:55:04.368599 7fc3a9fcb700          Options.max_bytes_for_level_multiplier: 10.000000
2019/10/17-14:55:04.368600 7fc3a9fcb700 Options.max_bytes_for_level_multiplier_addtl[0]: 1
2019/10/17-14:55:04.368601 7fc3a9fcb700 Options.max_bytes_for_level_multiplier_addtl[1]: 1
2019/10/17-14:55:04.368602 7fc3a9fcb700 Options.max_bytes_for_level_multiplier_addtl[2]: 1
2019/10/17-14:55:04.368603 7fc3a9fcb700 Options.max_bytes_for_level_multiplier_addtl[3]: 1
2019/10/17-14:55:04.368603 7fc3a9fcb700 Options.max_bytes_for_level_multiplier_addtl[4]: 1
2019/10/17-14:55:04.368604 7fc3a9fcb700 Options.max_bytes_for_level_multiplier_addtl[5]: 1
2019/10/17-14:55:04.368605 7fc3a9fcb700 Options.max_bytes_for_level_multiplier_addtl[6]: 1
2019/10/17-14:55:04.368606 7fc3a9fcb700       Options.max_sequential_skip_in_iterations: 8
2019/10/17-14:55:04.368606 7fc3a9fcb700                    Options.max_compaction_bytes: 1677721600
2019/10/17-14:55:04.368607 7fc3a9fcb700                        Options.arena_block_size: 8388608
2019/10/17-14:55:04.368608 7fc3a9fcb700   Options.soft_pending_compaction_bytes_limit: 68719476736
2019/10/17-14:55:04.368612 7fc3a9fcb700   Options.hard_pending_compaction_bytes_limit: 274877906944
2019/10/17-14:55:04.368613 7fc3a9fcb700       Options.rate_limit_delay_max_milliseconds: 100
2019/10/17-14:55:04.368613 7fc3a9fcb700                Options.disable_auto_compactions: 0
2019/10/17-14:55:04.368614 7fc3a9fcb700                        Options.compaction_style: kCompactionStyleLevel
2019/10/17-14:55:04.368615 7fc3a9fcb700                          Options.compaction_pri: kByCompensatedSize
2019/10/17-14:55:04.368616 7fc3a9fcb700 Options.compaction_options_universal.size_ratio: 1
2019/10/17-14:55:04.368617 7fc3a9fcb700 Options.compaction_options_universal.min_merge_width: 2
2019/10/17-14:55:04.368617 7fc3a9fcb700 Options.compaction_options_universal.max_merge_width: 4294967295
2019/10/17-14:55:04.368618 7fc3a9fcb700 Options.compaction_options_universal.max_size_amplification_percent: 200
2019/10/17-14:55:04.368619 7fc3a9fcb700 Options.compaction_options_universal.compression_size_percent: -1
2019/10/17-14:55:04.368620 7fc3a9fcb700 Options.compaction_options_universal.stop_style: kCompactionStopStyleTotalSize
2019/10/17-14:55:04.368620 7fc3a9fcb700 Options.compaction_options_fifo.max_table_files_size: 1073741824
2019/10/17-14:55:04.368621 7fc3a9fcb700 Options.compaction_options_fifo.allow_compaction: 0
2019/10/17-14:55:04.368622 7fc3a9fcb700 Options.compaction_options_fifo.ttl: 0
2019/10/17-14:55:04.368622 7fc3a9fcb700                   Options.table_properties_collectors: 
2019/10/17-14:55:04.368623 7fc3a9fcb700                   Options.inplace_update_support: 0
2019/10/17-14:55:04.368624 7fc3a9fcb700                 Options.inplace_update_num_locks: 10000
2019/10/17-14:55:04.368625 7fc3a9fcb700               Options.memtable_prefix_bloom_size_ratio: 0.000000
2019/10/17-14:55:04.368626 7fc3a9fcb700   Options.memtable_huge_page_size: 0
2019/10/17-14:55:04.368626 7fc3a9fcb700                           Options.bloom_locality: 0
2019/10/17-14:55:04.368627 7fc3a9fcb700                    Options.max_successive_merges: 0
2019/10/17-14:55:04.368628 7fc3a9fcb700                Options.optimize_filters_for_hits: 0
2019/10/17-14:55:04.368629 7fc3a9fcb700                Options.paranoid_file_checks: 0
2019/10/17-14:55:04.368629 7fc3a9fcb700                Options.force_consistency_checks: 0
2019/10/17-14:55:04.368630 7fc3a9fcb700                Options.report_bg_io_stats: 0
2019/10/17-14:55:04.368631 7fc3a9fcb700                               Options.ttl: 0
2019/10/17-14:55:04.368644 7fc3a9fcb700 [db/column_family.cc:472] --------------- Options for column family [dc_entries]:
2019/10/17-14:55:04.368646 7fc3a9fcb700               Options.comparator: leveldb.BytewiseComparator
2019/10/17-14:55:04.368646 7fc3a9fcb700           Options.merge_operator: None
2019/10/17-14:55:04.368647 7fc3a9fcb700        Options.compaction_filter: None
2019/10/17-14:55:04.368648 7fc3a9fcb700        Options.compaction_filter_factory: None
2019/10/17-14:55:04.368649 7fc3a9fcb700         Options.memtable_factory: SkipListFactory
2019/10/17-14:55:04.368649 7fc3a9fcb700            Options.table_factory: BlockBasedTable
2019/10/17-14:55:04.368658 7fc3a9fcb700            table_factory options:   flush_block_policy_factory: FlushBlockBySizePolicyFactory (0x7fc35001ac50)
  cache_index_and_filter_blocks: 0
  cache_index_and_filter_blocks_with_high_priority: 0
  pin_l0_filter_and_index_blocks_in_cache: 0
  pin_top_level_index_and_filter: 1
  index_type: 0
  hash_index_allow_collision: 1
  checksum: 1
  no_block_cache: 0
  block_cache: 0x7fc350044690
  block_cache_name: LRUCache
  block_cache_options:
    capacity : 8388608
    num_shard_bits : 4
    strict_capacity_limit : 0
    memory_allocator : None
    high_pri_pool_ratio: 0.000
  block_cache_compressed: (nil)
  persistent_cache: (nil)
  block_size: 4096
  block_size_deviation: 10
  block_restart_interval: 16
  index_block_restart_interval: 1
  metadata_block_size: 4096
  partition_filters: 0
  use_delta_encoding: 1
  filter_policy: nullptr
  whole_key_filtering: 1
  verify_compression: 0
  read_amp_bytes_per_bit: 0
  format_version: 2
  enable_index_compression: 1
  block_align: 0
2019/10/17-14:55:04.368663 7fc3a9fcb700        Options.write_buffer_size: 67108864
2019/10/17-14:55:04.368664 7fc3a9fcb700  Options.max_write_buffer_number: 2
2019/10/17-14:55:04.368665 7fc3a9fcb700          Options.compression: NoCompression
2019/10/17-14:55:04.368666 7fc3a9fcb700                  Options.bottommost_compression: Disabled
2019/10/17-14:55:04.368667 7fc3a9fcb700       Options.prefix_extractor: nullptr
2019/10/17-14:55:04.368667 7fc3a9fcb700   Options.memtable_insert_with_hint_prefix_extractor: nullptr
2019/10/17-14:55:04.368668 7fc3a9fcb700             Options.num_levels: 7
2019/10/17-14:55:04.368669 7fc3a9fcb700        Options.min_write_buffer_number_to_merge: 1
2019/10/17-14:55:04.368669 7fc3a9fcb700     Options.max_write_buffer_number_to_maintain: 0
2019/10/17-14:55:04.368670 7fc3a9fcb700            Options.bottommost_compression_opts.window_bits: -14
2019/10/17-14:55:04.368671 7fc3a9fcb700                  Options.bottommost_compression_opts.level: 32767
2019/10/17-14:55:04.368671 7fc3a9fcb700               Options.bottommost_compression_opts.strategy: 0
2019/10/17-14:55:04.368672 7fc3a9fcb700         Options.bottommost_compression_opts.max_dict_bytes: 0
2019/10/17-14:55:04.368673 7fc3a9fcb700         Options.bottommost_compression_opts.zstd_max_train_bytes: 0
2019/10/17-14:55:04.368674 7fc3a9fcb700                  Options.bottommost_compression_opts.enabled: false
2019/10/17-14:55:04.368674 7fc3a9fcb700            Options.compression_opts.window_bits: -14
2019/10/17-14:55:04.368675 7fc3a9fcb700                  Options.compression_opts.level: 32767
2019/10/17-14:55:04.368676 7fc3a9fcb700               Options.compression_opts.strategy: 0
2019/10/17-14:55:04.368676 7fc3a9fcb700         Options.compression_opts.max_dict_bytes: 0
2019/10/17-14:55:04.368677 7fc3a9fcb700         Options.compression_opts.zstd_max_train_bytes: 0
2019/10/17-14:55:04.368678 7fc3a9fcb700                  Options.compression_opts.enabled: false
2019/10/17-14:55:04.368679 7fc3a9fcb700      Options.level0_file_num_compaction_trigger: 4
2019/10/17-14:55:04.368679 7fc3a9fcb700          Options.level0_slowdown_writes_trigger: 20
2019/10/17-14:55:04.368680 7fc3a9fcb700              Options.level0_stop_writes_trigger: 36
2019/10/17-14:55:04.368681 7fc3a9fcb700                   Options.target_file_size_base: 67108864
2019/10/17-14:55:04.368681 7fc3a9fcb700             Options.target_file_size_multiplier: 1
2019/10/17-14:55:04.368682 7fc3a9fcb700                Options.max_bytes_for_level_base: 268435456
2019/10/17-14:55:04.368683 7fc3a9fcb700 Options.level_compaction_dynamic_level_bytes: 0
2019/10/17-14:55:04.368684 7fc3a9fcb700          Options.max_bytes_for_level_multiplier: 10.000000
2019/10/17-14:55:04.368685 7fc3a9fcb700 Options.max_bytes_for_level_multiplier_addtl[0]: 1
2019/10/17-14:55:04.368686 7fc3a9fcb700 Options.max_bytes_for_level_multiplier_addtl[1]: 1
2019/10/17-14:55:04.368686 7fc3a9fcb700 Options.max_bytes_for_level_multiplier_addtl[2]: 1
2019/10/17-14:55:04.368687 7fc3a9fcb700 Options.max_bytes_for_level_multiplier_addtl[3]: 1
2019/10/17-14:55:04.368688 7fc3a9fcb700 Options.max_bytes_for_level_multiplier_addtl[4]: 1
2019/10/17-14:55:04.368688 7fc3a9fcb700 Options.max_bytes_for_level_multiplier_addtl[5]: 1
2019/10/17-14:55:04.368689 7fc3a9fcb700 Options.max_bytes_for_level_multiplier_addtl[6]: 1
2019/10/17-14:55:04.368690 7fc3a9fcb700       Options.max_sequential_skip_in_iterations: 8
2019/10/17-14:55:04.368691 7fc3a9fcb700                    Options.max_compaction_bytes: 1677721600
2019/10/17-14:55:04.368691 7fc3a9fcb700                        Options.arena_block_size: 8388608
2019/10/17-14:55:04.368692 7fc3a9fcb700   Options.soft_pending_compaction_bytes_limit: 68719476736
2019/10/17-14:55:04.368693 7fc3a9fcb700   Options.hard_pending_compaction_bytes_limit: 274877906944
2019/10/17-14:55:04.368693 7fc3a9fcb700       Options.rate_limit_delay_max_milliseconds: 100
2019/10/17-14:55:04.368694 7fc3a9fcb700                Options.disable_auto_compactions: 0
2019/10/17-14:55:04.368698 7fc3a9fcb700                        Options.compaction_style: kCompactionStyleLevel
2019/10/17-14:55:04.368699 7fc3a9fcb700                          Options.compaction_pri: kByCompensatedSize
2019/10/17-14:55:04.368700 7fc3a9fcb700 Options.compaction_options_universal.size_ratio: 1
2019/10/17-14:55:04.368701 7fc3a9fcb700 Options.compaction_options_universal.min_merge_width: 2
2019/10/17-14:55:04.368702 7fc3a9fcb700 Options.compaction_options_universal.max_merge_width: 4294967295
2019/10/17-14:55:04.368702 7fc3a9fcb700 Options.compaction_options_universal.max_size_amplification_percent: 200
2019/10/17-14:55:04.368703 7fc3a9fcb700 Options.compaction_options_universal.compression_size_percent: -1
2019/10/17-14:55:04.368704 7fc3a9fcb700 Options.compaction_options_universal.stop_style: kCompactionStopStyleTotalSize
2019/10/17-14:55:04.368704 7fc3a9fcb700 Options.compaction_options_fifo.max_table_files_size: 1073741824
2019/10/17-14:55:04.368705 7fc3a9fcb700 Options.compaction_options_fifo.allow_compaction: 0
2019/10/17-14:55:04.368706 7fc3a9fcb700 Options.compaction_options_fifo.ttl: 0
2019/10/17-14:55:04.368707 7fc3a9fcb700                   Options.table_properties_collectors: 
2019/10/17-14:55:04.368707 7fc3a9fcb700                   Options.inplace_update_support: 0
2019/10/17-14:55:04.368708 7fc3a9fcb700                 Options.inplace_update_num_locks: 10000
2019/10/17-14:55:04.368709 7fc3a9fcb700               Options.memtable_prefix_bloom_size_ratio: 0.000000
2019/10/17-14:55:04.368710 7fc3a9fcb700   Options.memtable_huge_page_size: 0
2019/10/17-14:55:04.368710 7fc3a9fcb700                           Options.bloom_locality: 0
2019/10/17-14:55:04.368711 7fc3a9fcb700                    Options.max_successive_merges: 0
2019/10/17-14:55:04.368712 7fc3a9fcb700                Options.optimize_filters_for_hits: 0
2019/10/17-14:55:04.368713 7fc3a9fcb700                Options.paranoid_file_checks: 0
2019/10/17-14:55:04.368713 7fc3a9fcb700                Options.force_consistency_checks: 0
2019/10/17-14:55:04.368714 7fc3a9fcb700                Options.report_bg_io_stats: 0
2019/10/17-14:55:04.368715 7fc3a9fcb700                               Options.ttl: 0
2019/10/17-14:55:04.368726 7fc3a9fcb700 [db/column_family.cc:472] --------------- Options for column family [htlcs]:
2019/10/17-14:55:04.368728 7fc3a9fcb700               Options.comparator: leveldb.BytewiseComparator
2019/10/17-14:55:04.368728 7fc3a9fcb700           Options.merge_operator: None
2019/10/17-14:55:04.368729 7fc3a9fcb700        Options.compaction_filter: None
2019/10/17-14:55:04.368730 7fc3a9fcb700        Options.compaction_filter_factory: None
2019/10/17-14:55:04.368730 7fc3a9fcb700         Options.memtable_factory: SkipListFactory
2019/10/17-14:55:04.368731 7fc3a9fcb700            Options.table_factory: BlockBasedTable
2019/10/17-14:55:04.368740 7fc3a9fcb700            table_factory options:   flush_block_policy_factory: FlushBlockBySizePolicyFactory (0x7fc35002aed0)
