2019/10/17-14:55:15.222955 7fc3a9fcb700 RocksDB version: 5.18.3
2019/10/17-14:55:15.223009 7fc3a9fcb700 Git sha rocksdb_build_git_sha:@0@
2019/10/17-14:55:15.223012 7fc3a9fcb700 Compile date Sep 19 2019
2019/10/17-14:55:15.223014 7fc3a9fcb700 DB SUMMARY
2019/10/17-14:55:15.224240 7fc3a9fcb700 CURRENT file:  CURRENT
2019/10/17-14:55:15.224243 7fc3a9fcb700 IDENTITY file:  IDENTITY
2019/10/17-14:55:15.224292 7fc3a9fcb700 MANIFEST file:  MANIFEST-116590 size: 4114 Bytes
2019/10/17-14:55:15.224294 7fc3a9fcb700 SST files in /home/rahul/dev/blockchain-core/eqc/ledger.db dir, Total Num: 29, files: 000624.sst 000627.sst 106940.sst 108447.sst 108450.sst 109471.sst 109483.sst 109485.sst 109486.sst 
2019/10/17-14:55:15.224297 7fc3a9fcb700 Write Ahead Log file in /home/rahul/dev/blockchain-core/eqc/ledger.db: 116591.log size: 0 ; 
2019/10/17-14:55:15.224353 7fc3a9fcb700                         Options.error_if_exists: 0
2019/10/17-14:55:15.224355 7fc3a9fcb700                       Options.create_if_missing: 1
2019/10/17-14:55:15.224356 7fc3a9fcb700                         Options.paranoid_checks: 1
2019/10/17-14:55:15.224358 7fc3a9fcb700                                     Options.env: 0x7fc32ae1fc60
2019/10/17-14:55:15.224359 7fc3a9fcb700                                Options.info_log: 0x7fc35006fdc0
2019/10/17-14:55:15.224361 7fc3a9fcb700                Options.max_file_opening_threads: 16
2019/10/17-14:55:15.224362 7fc3a9fcb700                              Options.statistics: (nil)
2019/10/17-14:55:15.224364 7fc3a9fcb700                               Options.use_fsync: 0
2019/10/17-14:55:15.224365 7fc3a9fcb700                       Options.max_log_file_size: 0
2019/10/17-14:55:15.224366 7fc3a9fcb700                  Options.max_manifest_file_size: 1073741824
2019/10/17-14:55:15.224368 7fc3a9fcb700                   Options.log_file_time_to_roll: 0
2019/10/17-14:55:15.224369 7fc3a9fcb700                       Options.keep_log_file_num: 1000
2019/10/17-14:55:15.224370 7fc3a9fcb700                    Options.recycle_log_file_num: 0
2019/10/17-14:55:15.224371 7fc3a9fcb700                         Options.allow_fallocate: 1
2019/10/17-14:55:15.224373 7fc3a9fcb700                        Options.allow_mmap_reads: 0
2019/10/17-14:55:15.224374 7fc3a9fcb700                       Options.allow_mmap_writes: 0
2019/10/17-14:55:15.224375 7fc3a9fcb700                        Options.use_direct_reads: 0
2019/10/17-14:55:15.224376 7fc3a9fcb700                        Options.use_direct_io_for_flush_and_compaction: 0
2019/10/17-14:55:15.224378 7fc3a9fcb700          Options.create_missing_column_families: 0
2019/10/17-14:55:15.224379 7fc3a9fcb700                              Options.db_log_dir: 
2019/10/17-14:55:15.224380 7fc3a9fcb700                                 Options.wal_dir: /home/rahul/dev/blockchain-core/eqc/ledger.db
2019/10/17-14:55:15.224381 7fc3a9fcb700                Options.table_cache_numshardbits: 6
2019/10/17-14:55:15.224383 7fc3a9fcb700                      Options.max_subcompactions: 1
2019/10/17-14:55:15.224384 7fc3a9fcb700                  Options.max_background_flushes: -1
2019/10/17-14:55:15.224385 7fc3a9fcb700                         Options.WAL_ttl_seconds: 0
2019/10/17-14:55:15.224387 7fc3a9fcb700                       Options.WAL_size_limit_MB: 0
2019/10/17-14:55:15.224388 7fc3a9fcb700             Options.manifest_preallocation_size: 4194304
2019/10/17-14:55:15.224389 7fc3a9fcb700                     Options.is_fd_close_on_exec: 1
2019/10/17-14:55:15.224390 7fc3a9fcb700                   Options.advise_random_on_open: 1
2019/10/17-14:55:15.224392 7fc3a9fcb700                    Options.db_write_buffer_size: 0
2019/10/17-14:55:15.224393 7fc3a9fcb700                    Options.write_buffer_manager: 0x7fc3500e2af0
2019/10/17-14:55:15.224394 7fc3a9fcb700         Options.access_hint_on_compaction_start: 1
2019/10/17-14:55:15.224395 7fc3a9fcb700  Options.new_table_reader_for_compaction_inputs: 0
2019/10/17-14:55:15.224397 7fc3a9fcb700           Options.random_access_max_buffer_size: 1048576
2019/10/17-14:55:15.224398 7fc3a9fcb700                      Options.use_adaptive_mutex: 0
2019/10/17-14:55:15.224399 7fc3a9fcb700                            Options.rate_limiter: (nil)
2019/10/17-14:55:15.224416 7fc3a9fcb700     Options.sst_file_manager.rate_bytes_per_sec: 0
2019/10/17-14:55:15.224418 7fc3a9fcb700                       Options.wal_recovery_mode: 2
2019/10/17-14:55:15.224419 7fc3a9fcb700                  Options.enable_thread_tracking: 0
2019/10/17-14:55:15.224420 7fc3a9fcb700                  Options.enable_pipelined_write: 0
2019/10/17-14:55:15.224421 7fc3a9fcb700         Options.allow_concurrent_memtable_write: 1
2019/10/17-14:55:15.224423 7fc3a9fcb700      Options.enable_write_thread_adaptive_yield: 1
2019/10/17-14:55:15.224424 7fc3a9fcb700             Options.write_thread_max_yield_usec: 100
2019/10/17-14:55:15.224425 7fc3a9fcb700            Options.write_thread_slow_yield_usec: 3
2019/10/17-14:55:15.224426 7fc3a9fcb700                               Options.row_cache: None
2019/10/17-14:55:15.224428 7fc3a9fcb700                              Options.wal_filter: None
2019/10/17-14:55:15.224429 7fc3a9fcb700             Options.avoid_flush_during_recovery: 0
2019/10/17-14:55:15.224430 7fc3a9fcb700             Options.allow_ingest_behind: 0
2019/10/17-14:55:15.224431 7fc3a9fcb700             Options.preserve_deletes: 0
2019/10/17-14:55:15.224433 7fc3a9fcb700             Options.two_write_queues: 0
2019/10/17-14:55:15.224434 7fc3a9fcb700             Options.manual_wal_flush: 0
2019/10/17-14:55:15.224435 7fc3a9fcb700             Options.max_background_jobs: 2
2019/10/17-14:55:15.224436 7fc3a9fcb700             Options.max_background_compactions: -1
2019/10/17-14:55:15.224438 7fc3a9fcb700             Options.avoid_flush_during_shutdown: 0
2019/10/17-14:55:15.224439 7fc3a9fcb700           Options.writable_file_max_buffer_size: 1048576
2019/10/17-14:55:15.224440 7fc3a9fcb700             Options.delayed_write_rate : 16777216
2019/10/17-14:55:15.224441 7fc3a9fcb700             Options.max_total_wal_size: 0
2019/10/17-14:55:15.224443 7fc3a9fcb700             Options.delete_obsolete_files_period_micros: 21600000000
2019/10/17-14:55:15.224444 7fc3a9fcb700                   Options.stats_dump_period_sec: 600
2019/10/17-14:55:15.224445 7fc3a9fcb700                          Options.max_open_files: -1
2019/10/17-14:55:15.224447 7fc3a9fcb700                          Options.bytes_per_sync: 0
2019/10/17-14:55:15.224448 7fc3a9fcb700                      Options.wal_bytes_per_sync: 0
2019/10/17-14:55:15.224449 7fc3a9fcb700       Options.compaction_readahead_size: 0
2019/10/17-14:55:15.224450 7fc3a9fcb700 Compression algorithms supported:
2019/10/17-14:55:15.224452 7fc3a9fcb700 	kZSTDNotFinalCompression supported: 0
2019/10/17-14:55:15.224453 7fc3a9fcb700 	kZSTD supported: 0
2019/10/17-14:55:15.224455 7fc3a9fcb700 	kXpressCompression supported: 0
2019/10/17-14:55:15.224456 7fc3a9fcb700 	kLZ4HCCompression supported: 0
2019/10/17-14:55:15.224457 7fc3a9fcb700 	kLZ4Compression supported: 0
2019/10/17-14:55:15.224459 7fc3a9fcb700 	kBZip2Compression supported: 0
2019/10/17-14:55:15.224460 7fc3a9fcb700 	kZlibCompression supported: 0
2019/10/17-14:55:15.224461 7fc3a9fcb700 	kSnappyCompression supported: 0
2019/10/17-14:55:15.224464 7fc3a9fcb700 Fast CRC32 supported: Supported on x86
2019/10/17-14:55:15.224618 7fc3a9fcb700 [db/version_set.cc:3507] Recovering from manifest file: MANIFEST-116590
2019/10/17-14:55:15.224671 7fc3a9fcb700 [db/column_family.cc:472] --------------- Options for column family [default]:
2019/10/17-14:55:15.224674 7fc3a9fcb700               Options.comparator: leveldb.BytewiseComparator
2019/10/17-14:55:15.224675 7fc3a9fcb700           Options.merge_operator: None
2019/10/17-14:55:15.224677 7fc3a9fcb700        Options.compaction_filter: None
2019/10/17-14:55:15.224678 7fc3a9fcb700        Options.compaction_filter_factory: None
2019/10/17-14:55:15.224679 7fc3a9fcb700         Options.memtable_factory: SkipListFactory
2019/10/17-14:55:15.224680 7fc3a9fcb700            Options.table_factory: BlockBasedTable
2019/10/17-14:55:15.224703 7fc3a9fcb700            table_factory options:   flush_block_policy_factory: FlushBlockBySizePolicyFactory (0x7fc350107ee0)
  cache_index_and_filter_blocks: 0
  cache_index_and_filter_blocks_with_high_priority: 0
  pin_l0_filter_and_index_blocks_in_cache: 0
  pin_top_level_index_and_filter: 1
  index_type: 0
  hash_index_allow_collision: 1
  checksum: 1
  no_block_cache: 0
  block_cache: 0x7fc3500e4fe0
  block_cache_name: LRUCache
  block_cache_options:
    capacity : 8388608
    num_shard_bits : 4
    strict_capacity_limit : 0
    memory_allocator : None
    high_pri_pool_ratio: 0.000
  block_cache_compressed: (nil)
  persistent_cache: (nil)
  block_size: 4096
  block_size_deviation: 10
  block_restart_interval: 16
  index_block_restart_interval: 1
  metadata_block_size: 4096
  partition_filters: 0
  use_delta_encoding: 1
  filter_policy: nullptr
  whole_key_filtering: 1
  verify_compression: 0
  read_amp_bytes_per_bit: 0
  format_version: 2
  enable_index_compression: 1
  block_align: 0
2019/10/17-14:55:15.224718 7fc3a9fcb700        Options.write_buffer_size: 67108864
2019/10/17-14:55:15.224720 7fc3a9fcb700  Options.max_write_buffer_number: 2
2019/10/17-14:55:15.224721 7fc3a9fcb700          Options.compression: NoCompression
2019/10/17-14:55:15.224722 7fc3a9fcb700                  Options.bottommost_compression: Disabled
2019/10/17-14:55:15.224724 7fc3a9fcb700       Options.prefix_extractor: nullptr
2019/10/17-14:55:15.224725 7fc3a9fcb700   Options.memtable_insert_with_hint_prefix_extractor: nullptr
2019/10/17-14:55:15.224726 7fc3a9fcb700             Options.num_levels: 7
2019/10/17-14:55:15.224727 7fc3a9fcb700        Options.min_write_buffer_number_to_merge: 1
2019/10/17-14:55:15.224729 7fc3a9fcb700     Options.max_write_buffer_number_to_maintain: 0
2019/10/17-14:55:15.224730 7fc3a9fcb700            Options.bottommost_compression_opts.window_bits: -14
2019/10/17-14:55:15.224731 7fc3a9fcb700                  Options.bottommost_compression_opts.level: 32767
2019/10/17-14:55:15.224732 7fc3a9fcb700               Options.bottommost_compression_opts.strategy: 0
2019/10/17-14:55:15.224734 7fc3a9fcb700         Options.bottommost_compression_opts.max_dict_bytes: 0
2019/10/17-14:55:15.224735 7fc3a9fcb700         Options.bottommost_compression_opts.zstd_max_train_bytes: 0
2019/10/17-14:55:15.224736 7fc3a9fcb700                  Options.bottommost_compression_opts.enabled: false
2019/10/17-14:55:15.224737 7fc3a9fcb700            Options.compression_opts.window_bits: -14
2019/10/17-14:55:15.224739 7fc3a9fcb700                  Options.compression_opts.level: 32767
2019/10/17-14:55:15.224740 7fc3a9fcb700               Options.compression_opts.strategy: 0
2019/10/17-14:55:15.224741 7fc3a9fcb700         Options.compression_opts.max_dict_bytes: 0
2019/10/17-14:55:15.224742 7fc3a9fcb700         Options.compression_opts.zstd_max_train_bytes: 0
2019/10/17-14:55:15.224743 7fc3a9fcb700                  Options.compression_opts.enabled: false
2019/10/17-14:55:15.224745 7fc3a9fcb700      Options.level0_file_num_compaction_trigger: 4
2019/10/17-14:55:15.224746 7fc3a9fcb700          Options.level0_slowdown_writes_trigger: 20
2019/10/17-14:55:15.224747 7fc3a9fcb700              Options.level0_stop_writes_trigger: 36
2019/10/17-14:55:15.224748 7fc3a9fcb700                   Options.target_file_size_base: 67108864
2019/10/17-14:55:15.224750 7fc3a9fcb700             Options.target_file_size_multiplier: 1
2019/10/17-14:55:15.224751 7fc3a9fcb700                Options.max_bytes_for_level_base: 268435456
2019/10/17-14:55:15.224752 7fc3a9fcb700 Options.level_compaction_dynamic_level_bytes: 0
2019/10/17-14:55:15.224753 7fc3a9fcb700          Options.max_bytes_for_level_multiplier: 10.000000
2019/10/17-14:55:15.224756 7fc3a9fcb700 Options.max_bytes_for_level_multiplier_addtl[0]: 1
2019/10/17-14:55:15.224758 7fc3a9fcb700 Options.max_bytes_for_level_multiplier_addtl[1]: 1
2019/10/17-14:55:15.224759 7fc3a9fcb700 Options.max_bytes_for_level_multiplier_addtl[2]: 1
2019/10/17-14:55:15.224760 7fc3a9fcb700 Options.max_bytes_for_level_multiplier_addtl[3]: 1
2019/10/17-14:55:15.224762 7fc3a9fcb700 Options.max_bytes_for_level_multiplier_addtl[4]: 1
2019/10/17-14:55:15.224769 7fc3a9fcb700 Options.max_bytes_for_level_multiplier_addtl[5]: 1
2019/10/17-14:55:15.224771 7fc3a9fcb700 Options.max_bytes_for_level_multiplier_addtl[6]: 1
2019/10/17-14:55:15.224772 7fc3a9fcb700       Options.max_sequential_skip_in_iterations: 8
2019/10/17-14:55:15.224773 7fc3a9fcb700                    Options.max_compaction_bytes: 1677721600
2019/10/17-14:55:15.224774 7fc3a9fcb700                        Options.arena_block_size: 8388608
2019/10/17-14:55:15.224776 7fc3a9fcb700   Options.soft_pending_compaction_bytes_limit: 68719476736
2019/10/17-14:55:15.224777 7fc3a9fcb700   Options.hard_pending_compaction_bytes_limit: 274877906944
2019/10/17-14:55:15.224778 7fc3a9fcb700       Options.rate_limit_delay_max_milliseconds: 100
2019/10/17-14:55:15.224780 7fc3a9fcb700                Options.disable_auto_compactions: 0
2019/10/17-14:55:15.224781 7fc3a9fcb700                        Options.compaction_style: kCompactionStyleLevel
2019/10/17-14:55:15.224783 7fc3a9fcb700                          Options.compaction_pri: kByCompensatedSize
2019/10/17-14:55:15.224785 7fc3a9fcb700 Options.compaction_options_universal.size_ratio: 1
2019/10/17-14:55:15.224786 7fc3a9fcb700 Options.compaction_options_universal.min_merge_width: 2
2019/10/17-14:55:15.224787 7fc3a9fcb700 Options.compaction_options_universal.max_merge_width: 4294967295
2019/10/17-14:55:15.224789 7fc3a9fcb700 Options.compaction_options_universal.max_size_amplification_percent: 200
2019/10/17-14:55:15.224790 7fc3a9fcb700 Options.compaction_options_universal.compression_size_percent: -1
2019/10/17-14:55:15.224791 7fc3a9fcb700 Options.compaction_options_universal.stop_style: kCompactionStopStyleTotalSize
2019/10/17-14:55:15.224793 7fc3a9fcb700 Options.compaction_options_fifo.max_table_files_size: 1073741824
2019/10/17-14:55:15.224794 7fc3a9fcb700 Options.compaction_options_fifo.allow_compaction: 0
2019/10/17-14:55:15.224795 7fc3a9fcb700 Options.compaction_options_fifo.ttl: 0
2019/10/17-14:55:15.224797 7fc3a9fcb700                   Options.table_properties_collectors: 
2019/10/17-14:55:15.224798 7fc3a9fcb700                   Options.inplace_update_support: 0
2019/10/17-14:55:15.224799 7fc3a9fcb700                 Options.inplace_update_num_locks: 10000
2019/10/17-14:55:15.224800 7fc3a9fcb700               Options.memtable_prefix_bloom_size_ratio: 0.000000
2019/10/17-14:55:15.224802 7fc3a9fcb700   Options.memtable_huge_page_size: 0
2019/10/17-14:55:15.224804 7fc3a9fcb700                           Options.bloom_locality: 0
2019/10/17-14:55:15.224805 7fc3a9fcb700                    Options.max_successive_merges: 0
2019/10/17-14:55:15.224806 7fc3a9fcb700                Options.optimize_filters_for_hits: 0
2019/10/17-14:55:15.224807 7fc3a9fcb700                Options.paranoid_file_checks: 0
2019/10/17-14:55:15.224809 7fc3a9fcb700                Options.force_consistency_checks: 0
2019/10/17-14:55:15.224810 7fc3a9fcb700                Options.report_bg_io_stats: 0
2019/10/17-14:55:15.224811 7fc3a9fcb700                               Options.ttl: 0
2019/10/17-14:55:15.224856 7fc3a9fcb700 [db/column_family.cc:472] --------------- Options for column family [active_gateways]:
2019/10/17-14:55:15.224859 7fc3a9fcb700               Options.comparator: leveldb.BytewiseComparator
2019/10/17-14:55:15.224860 7fc3a9fcb700           Options.merge_operator: None
2019/10/17-14:55:15.224861 7fc3a9fcb700        Options.compaction_filter: None
2019/10/17-14:55:15.224863 7fc3a9fcb700        Options.compaction_filter_factory: None
2019/10/17-14:55:15.224864 7fc3a9fcb700         Options.memtable_factory: SkipListFactory
2019/10/17-14:55:15.224865 7fc3a9fcb700            Options.table_factory: BlockBasedTable
2019/10/17-14:55:15.224883 7fc3a9fcb700            table_factory options:   flush_block_policy_factory: FlushBlockBySizePolicyFactory (0x7fc350047f20)
  cache_index_and_filter_blocks: 0
  cache_index_and_filter_blocks_with_high_priority: 0
  pin_l0_filter_and_index_blocks_in_cache: 0
  pin_top_level_index_and_filter: 1
  index_type: 0
  hash_index_allow_collision: 1
  checksum: 1
  no_block_cache: 0
  block_cache: 0x7fc35009db80
  block_cache_name: LRUCache
  block_cache_options:
    capacity : 8388608
    num_shard_bits : 4
    strict_capacity_limit : 0
    memory_allocator : None
    high_pri_pool_ratio: 0.000
  block_cache_compressed: (nil)
  persistent_cache: (nil)
  block_size: 4096
  block_size_deviation: 10
  block_restart_interval: 16
  index_block_restart_interval: 1
  metadata_block_size: 4096
  partition_filters: 0
  use_delta_encoding: 1
  filter_policy: nullptr
  whole_key_filtering: 1
  verify_compression: 0
  read_amp_bytes_per_bit: 0
  format_version: 2
  enable_index_compression: 1
  block_align: 0
2019/10/17-14:55:15.224894 7fc3a9fcb700        Options.write_buffer_size: 67108864
2019/10/17-14:55:15.224896 7fc3a9fcb700  Options.max_write_buffer_number: 2
2019/10/17-14:55:15.224897 7fc3a9fcb700          Options.compression: NoCompression
2019/10/17-14:55:15.224898 7fc3a9fcb700                  Options.bottommost_compression: Disabled
2019/10/17-14:55:15.224899 7fc3a9fcb700       Options.prefix_extractor: nullptr
2019/10/17-14:55:15.224901 7fc3a9fcb700   Options.memtable_insert_with_hint_prefix_extractor: nullptr
2019/10/17-14:55:15.224902 7fc3a9fcb700             Options.num_levels: 7
2019/10/17-14:55:15.224903 7fc3a9fcb700        Options.min_write_buffer_number_to_merge: 1
2019/10/17-14:55:15.224904 7fc3a9fcb700     Options.max_write_buffer_number_to_maintain: 0
2019/10/17-14:55:15.224906 7fc3a9fcb700            Options.bottommost_compression_opts.window_bits: -14
2019/10/17-14:55:15.224907 7fc3a9fcb700                  Options.bottommost_compression_opts.level: 32767
2019/10/17-14:55:15.224908 7fc3a9fcb700               Options.bottommost_compression_opts.strategy: 0
2019/10/17-14:55:15.224909 7fc3a9fcb700         Options.bottommost_compression_opts.max_dict_bytes: 0
2019/10/17-14:55:15.224910 7fc3a9fcb700         Options.bottommost_compression_opts.zstd_max_train_bytes: 0
2019/10/17-14:55:15.224912 7fc3a9fcb700                  Options.bottommost_compression_opts.enabled: false
2019/10/17-14:55:15.224913 7fc3a9fcb700            Options.compression_opts.window_bits: -14
2019/10/17-14:55:15.224914 7fc3a9fcb700                  Options.compression_opts.level: 32767
2019/10/17-14:55:15.224915 7fc3a9fcb700               Options.compression_opts.strategy: 0
2019/10/17-14:55:15.224917 7fc3a9fcb700         Options.compression_opts.max_dict_bytes: 0
2019/10/17-14:55:15.224918 7fc3a9fcb700         Options.compression_opts.zstd_max_train_bytes: 0
2019/10/17-14:55:15.224919 7fc3a9fcb700                  Options.compression_opts.enabled: false
2019/10/17-14:55:15.224920 7fc3a9fcb700      Options.level0_file_num_compaction_trigger: 4
2019/10/17-14:55:15.224921 7fc3a9fcb700          Options.level0_slowdown_writes_trigger: 20
2019/10/17-14:55:15.224923 7fc3a9fcb700              Options.level0_stop_writes_trigger: 36
2019/10/17-14:55:15.224924 7fc3a9fcb700                   Options.target_file_size_base: 67108864
2019/10/17-14:55:15.224925 7fc3a9fcb700             Options.target_file_size_multiplier: 1
2019/10/17-14:55:15.224926 7fc3a9fcb700                Options.max_bytes_for_level_base: 268435456
2019/10/17-14:55:15.224928 7fc3a9fcb700 Options.level_compaction_dynamic_level_bytes: 0
2019/10/17-14:55:15.224929 7fc3a9fcb700          Options.max_bytes_for_level_multiplier: 10.000000
2019/10/17-14:55:15.224931 7fc3a9fcb700 Options.max_bytes_for_level_multiplier_addtl[0]: 1
2019/10/17-14:55:15.224933 7fc3a9fcb700 Options.max_bytes_for_level_multiplier_addtl[1]: 1
2019/10/17-14:55:15.224934 7fc3a9fcb700 Options.max_bytes_for_level_multiplier_addtl[2]: 1
2019/10/17-14:55:15.224935 7fc3a9fcb700 Options.max_bytes_for_level_multiplier_addtl[3]: 1
2019/10/17-14:55:15.224936 7fc3a9fcb700 Options.max_bytes_for_level_multiplier_addtl[4]: 1
2019/10/17-14:55:15.224938 7fc3a9fcb700 Options.max_bytes_for_level_multiplier_addtl[5]: 1
2019/10/17-14:55:15.224939 7fc3a9fcb700 Options.max_bytes_for_level_multiplier_addtl[6]: 1
2019/10/17-14:55:15.224940 7fc3a9fcb700       Options.max_sequential_skip_in_iterations: 8
2019/10/17-14:55:15.224947 7fc3a9fcb700                    Options.max_compaction_bytes: 1677721600
2019/10/17-14:55:15.224949 7fc3a9fcb700                        Options.arena_block_size: 8388608
2019/10/17-14:55:15.224950 7fc3a9fcb700   Options.soft_pending_compaction_bytes_limit: 68719476736
2019/10/17-14:55:15.224951 7fc3a9fcb700   Options.hard_pending_compaction_bytes_limit: 274877906944
2019/10/17-14:55:15.224953 7fc3a9fcb700       Options.rate_limit_delay_max_milliseconds: 100
2019/10/17-14:55:15.224954 7fc3a9fcb700                Options.disable_auto_compactions: 0
2019/10/17-14:55:15.224956 7fc3a9fcb700                        Options.compaction_style: kCompactionStyleLevel
2019/10/17-14:55:15.224957 7fc3a9fcb700                          Options.compaction_pri: kByCompensatedSize
2019/10/17-14:55:15.224958 7fc3a9fcb700 Options.compaction_options_universal.size_ratio: 1
2019/10/17-14:55:15.224960 7fc3a9fcb700 Options.compaction_options_universal.min_merge_width: 2
2019/10/17-14:55:15.224961 7fc3a9fcb700 Options.compaction_options_universal.max_merge_width: 4294967295
2019/10/17-14:55:15.224962 7fc3a9fcb700 Options.compaction_options_universal.max_size_amplification_percent: 200
2019/10/17-14:55:15.224963 7fc3a9fcb700 Options.compaction_options_universal.compression_size_percent: -1
2019/10/17-14:55:15.224965 7fc3a9fcb700 Options.compaction_options_universal.stop_style: kCompactionStopStyleTotalSize
2019/10/17-14:55:15.224966 7fc3a9fcb700 Options.compaction_options_fifo.max_table_files_size: 1073741824
2019/10/17-14:55:15.224967 7fc3a9fcb700 Options.compaction_options_fifo.allow_compaction: 0
2019/10/17-14:55:15.224968 7fc3a9fcb700 Options.compaction_options_fifo.ttl: 0
2019/10/17-14:55:15.224970 7fc3a9fcb700                   Options.table_properties_collectors: 
2019/10/17-14:55:15.224971 7fc3a9fcb700                   Options.inplace_update_support: 0
2019/10/17-14:55:15.224972 7fc3a9fcb700                 Options.inplace_update_num_locks: 10000
2019/10/17-14:55:15.224973 7fc3a9fcb700               Options.memtable_prefix_bloom_size_ratio: 0.000000
2019/10/17-14:55:15.224975 7fc3a9fcb700   Options.memtable_huge_page_size: 0
2019/10/17-14:55:15.224976 7fc3a9fcb700                           Options.bloom_locality: 0
2019/10/17-14:55:15.224978 7fc3a9fcb700                    Options.max_successive_merges: 0
2019/10/17-14:55:15.224979 7fc3a9fcb700                Options.optimize_filters_for_hits: 0
2019/10/17-14:55:15.224980 7fc3a9fcb700                Options.paranoid_file_checks: 0
2019/10/17-14:55:15.224981 7fc3a9fcb700                Options.force_consistency_checks: 0
2019/10/17-14:55:15.224982 7fc3a9fcb700                Options.report_bg_io_stats: 0
2019/10/17-14:55:15.224984 7fc3a9fcb700                               Options.ttl: 0
2019/10/17-14:55:15.225009 7fc3a9fcb700 [db/column_family.cc:472] --------------- Options for column family [entries]:
2019/10/17-14:55:15.225011 7fc3a9fcb700               Options.comparator: leveldb.BytewiseComparator
2019/10/17-14:55:15.225013 7fc3a9fcb700           Options.merge_operator: None
2019/10/17-14:55:15.225014 7fc3a9fcb700        Options.compaction_filter: None
2019/10/17-14:55:15.225015 7fc3a9fcb700        Options.compaction_filter_factory: None
2019/10/17-14:55:15.225016 7fc3a9fcb700         Options.memtable_factory: SkipListFactory
2019/10/17-14:55:15.225018 7fc3a9fcb700            Options.table_factory: BlockBasedTable
2019/10/17-14:55:15.225033 7fc3a9fcb700            table_factory options:   flush_block_policy_factory: FlushBlockBySizePolicyFactory (0x7fc35010db60)
  cache_index_and_filter_blocks: 0
  cache_index_and_filter_blocks_with_high_priority: 0
  pin_l0_filter_and_index_blocks_in_cache: 0
  pin_top_level_index_and_filter: 1
  index_type: 0
  hash_index_allow_collision: 1
  checksum: 1
  no_block_cache: 0
  block_cache: 0x7fc3500056e0
  block_cache_name: LRUCache
  block_cache_options:
    capacity : 8388608
    num_shard_bits : 4
    strict_capacity_limit : 0
    memory_allocator : None
    high_pri_pool_ratio: 0.000
  block_cache_compressed: (nil)
  persistent_cache: (nil)
  block_size: 4096
  block_size_deviation: 10
  block_restart_interval: 16
  index_block_restart_interval: 1
  metadata_block_size: 4096
  partition_filters: 0
  use_delta_encoding: 1
  filter_policy: nullptr
  whole_key_filtering: 1
  verify_compression: 0
  read_amp_bytes_per_bit: 0
  format_version: 2
  enable_index_compression: 1
  block_align: 0
2019/10/17-14:55:15.225043 7fc3a9fcb700        Options.write_buffer_size: 67108864
2019/10/17-14:55:15.225045 7fc3a9fcb700  Options.max_write_buffer_number: 2
2019/10/17-14:55:15.225046 7fc3a9fcb700          Options.compression: NoCompression
2019/10/17-14:55:15.225047 7fc3a9fcb700                  Options.bottommost_compression: Disabled
2019/10/17-14:55:15.225048 7fc3a9fcb700       Options.prefix_extractor: nullptr
2019/10/17-14:55:15.225050 7fc3a9fcb700   Options.memtable_insert_with_hint_prefix_extractor: nullptr
2019/10/17-14:55:15.225051 7fc3a9fcb700             Options.num_levels: 7
2019/10/17-14:55:15.225052 7fc3a9fcb700        Options.min_write_buffer_number_to_merge: 1
2019/10/17-14:55:15.225053 7fc3a9fcb700     Options.max_write_buffer_number_to_maintain: 0
2019/10/17-14:55:15.225054 7fc3a9fcb700            Options.bottommost_compression_opts.window_bits: -14
2019/10/17-14:55:15.225056 7fc3a9fcb700                  Options.bottommost_compression_opts.level: 32767
2019/10/17-14:55:15.225057 7fc3a9fcb700               Options.bottommost_compression_opts.strategy: 0
2019/10/17-14:55:15.225058 7fc3a9fcb700         Options.bottommost_compression_opts.max_dict_bytes: 0
2019/10/17-14:55:15.225059 7fc3a9fcb700         Options.bottommost_compression_opts.zstd_max_train_bytes: 0
2019/10/17-14:55:15.225060 7fc3a9fcb700                  Options.bottommost_compression_opts.enabled: false
2019/10/17-14:55:15.225062 7fc3a9fcb700            Options.compression_opts.window_bits: -14
2019/10/17-14:55:15.225063 7fc3a9fcb700                  Options.compression_opts.level: 32767
2019/10/17-14:55:15.225064 7fc3a9fcb700               Options.compression_opts.strategy: 0
2019/10/17-14:55:15.225065 7fc3a9fcb700         Options.compression_opts.max_dict_bytes: 0
2019/10/17-14:55:15.225067 7fc3a9fcb700         Options.compression_opts.zstd_max_train_bytes: 0
2019/10/17-14:55:15.225068 7fc3a9fcb700                  Options.compression_opts.enabled: false
2019/10/17-14:55:15.225069 7fc3a9fcb700      Options.level0_file_num_compaction_trigger: 4
2019/10/17-14:55:15.225070 7fc3a9fcb700          Options.level0_slowdown_writes_trigger: 20
2019/10/17-14:55:15.225071 7fc3a9fcb700              Options.level0_stop_writes_trigger: 36
2019/10/17-14:55:15.225073 7fc3a9fcb700                   Options.target_file_size_base: 67108864
2019/10/17-14:55:15.225074 7fc3a9fcb700             Options.target_file_size_multiplier: 1
2019/10/17-14:55:15.225075 7fc3a9fcb700                Options.max_bytes_for_level_base: 268435456
2019/10/17-14:55:15.225076 7fc3a9fcb700 Options.level_compaction_dynamic_level_bytes: 0
2019/10/17-14:55:15.225078 7fc3a9fcb700          Options.max_bytes_for_level_multiplier: 10.000000
2019/10/17-14:55:15.225080 7fc3a9fcb700 Options.max_bytes_for_level_multiplier_addtl[0]: 1
2019/10/17-14:55:15.225081 7fc3a9fcb700 Options.max_bytes_for_level_multiplier_addtl[1]: 1
2019/10/17-14:55:15.225082 7fc3a9fcb700 Options.max_bytes_for_level_multiplier_addtl[2]: 1
2019/10/17-14:55:15.225084 7fc3a9fcb700 Options.max_bytes_for_level_multiplier_addtl[3]: 1
2019/10/17-14:55:15.225085 7fc3a9fcb700 Options.max_bytes_for_level_multiplier_addtl[4]: 1
2019/10/17-14:55:15.225086 7fc3a9fcb700 Options.max_bytes_for_level_multiplier_addtl[5]: 1
2019/10/17-14:55:15.225087 7fc3a9fcb700 Options.max_bytes_for_level_multiplier_addtl[6]: 1
2019/10/17-14:55:15.225088 7fc3a9fcb700       Options.max_sequential_skip_in_iterations: 8
2019/10/17-14:55:15.225090 7fc3a9fcb700                    Options.max_compaction_bytes: 1677721600
2019/10/17-14:55:15.225091 7fc3a9fcb700                        Options.arena_block_size: 8388608
2019/10/17-14:55:15.225092 7fc3a9fcb700   Options.soft_pending_compaction_bytes_limit: 68719476736
2019/10/17-14:55:15.225099 7fc3a9fcb700   Options.hard_pending_compaction_bytes_limit: 274877906944
2019/10/17-14:55:15.225101 7fc3a9fcb700       Options.rate_limit_delay_max_milliseconds: 100
2019/10/17-14:55:15.225102 7fc3a9fcb700                Options.disable_auto_compactions: 0
2019/10/17-14:55:15.225103 7fc3a9fcb700                        Options.compaction_style: kCompactionStyleLevel
2019/10/17-14:55:15.225105 7fc3a9fcb700                          Options.compaction_pri: kByCompensatedSize
2019/10/17-14:55:15.225106 7fc3a9fcb700 Options.compaction_options_universal.size_ratio: 1
2019/10/17-14:55:15.225107 7fc3a9fcb700 Options.compaction_options_universal.min_merge_width: 2
2019/10/17-14:55:15.225109 7fc3a9fcb700 Options.compaction_options_universal.max_merge_width: 4294967295
2019/10/17-14:55:15.225110 7fc3a9fcb700 Options.compaction_options_universal.max_size_amplification_percent: 200
2019/10/17-14:55:15.225111 7fc3a9fcb700 Options.compaction_options_universal.compression_size_percent: -1
2019/10/17-14:55:15.225112 7fc3a9fcb700 Options.compaction_options_universal.stop_style: kCompactionStopStyleTotalSize
2019/10/17-14:55:15.225114 7fc3a9fcb700 Options.compaction_options_fifo.max_table_files_size: 1073741824
2019/10/17-14:55:15.225115 7fc3a9fcb700 Options.compaction_options_fifo.allow_compaction: 0
2019/10/17-14:55:15.225116 7fc3a9fcb700 Options.compaction_options_fifo.ttl: 0
2019/10/17-14:55:15.225117 7fc3a9fcb700                   Options.table_properties_collectors: 
2019/10/17-14:55:15.225119 7fc3a9fcb700                   Options.inplace_update_support: 0
2019/10/17-14:55:15.225120 7fc3a9fcb700                 Options.inplace_update_num_locks: 10000
2019/10/17-14:55:15.225121 7fc3a9fcb700               Options.memtable_prefix_bloom_size_ratio: 0.000000
2019/10/17-14:55:15.225123 7fc3a9fcb700   Options.memtable_huge_page_size: 0
2019/10/17-14:55:15.225124 7fc3a9fcb700                           Options.bloom_locality: 0
2019/10/17-14:55:15.225125 7fc3a9fcb700                    Options.max_successive_merges: 0
2019/10/17-14:55:15.225126 7fc3a9fcb700                Options.optimize_filters_for_hits: 0
2019/10/17-14:55:15.225128 7fc3a9fcb700                Options.paranoid_file_checks: 0
2019/10/17-14:55:15.225129 7fc3a9fcb700                Options.force_consistency_checks: 0
2019/10/17-14:55:15.225130 7fc3a9fcb700                Options.report_bg_io_stats: 0
2019/10/17-14:55:15.225131 7fc3a9fcb700                               Options.ttl: 0
2019/10/17-14:55:15.225155 7fc3a9fcb700 [db/column_family.cc:472] --------------- Options for column family [dc_entries]:
2019/10/17-14:55:15.225157 7fc3a9fcb700               Options.comparator: leveldb.BytewiseComparator
2019/10/17-14:55:15.225159 7fc3a9fcb700           Options.merge_operator: None
2019/10/17-14:55:15.225160 7fc3a9fcb700        Options.compaction_filter: None
2019/10/17-14:55:15.225161 7fc3a9fcb700        Options.compaction_filter_factory: None
2019/10/17-14:55:15.225162 7fc3a9fcb700         Options.memtable_factory: SkipListFactory
2019/10/17-14:55:15.225164 7fc3a9fcb700            Options.table_factory: BlockBasedTable
2019/10/17-14:55:15.225178 7fc3a9fcb700            table_factory options:   flush_block_policy_factory: FlushBlockBySizePolicyFactory (0x7fc3500fba70)
  cache_index_and_filter_blocks: 0
  cache_index_and_filter_blocks_with_high_priority: 0
  pin_l0_filter_and_index_blocks_in_cache: 0
  pin_top_level_index_and_filter: 1
  index_type: 0
  hash_index_allow_collision: 1
  checksum: 1
  no_block_cache: 0
  block_cache: 0x7fc3500dab60
  block_cache_name: LRUCache
  block_cache_options:
    capacity : 8388608
    num_shard_bits : 4
    strict_capacity_limit : 0
    memory_allocator : None
    high_pri_pool_ratio: 0.000
  block_cache_compressed: (nil)
  persistent_cache: (nil)
  block_size: 4096
  block_size_deviation: 10
  block_restart_interval: 16
  index_block_restart_interval: 1
  metadata_block_size: 4096
  partition_filters: 0
  use_delta_encoding: 1
  filter_policy: nullptr
  whole_key_filtering: 1
  verify_compression: 0
  read_amp_bytes_per_bit: 0
  format_version: 2
  enable_index_compression: 1
  block_align: 0
2019/10/17-14:55:15.225189 7fc3a9fcb700        Options.write_buffer_size: 67108864
2019/10/17-14:55:15.225190 7fc3a9fcb700  Options.max_write_buffer_number: 2
2019/10/17-14:55:15.225192 7fc3a9fcb700          Options.compression: NoCompression
2019/10/17-14:55:15.225193 7fc3a9fcb700                  Options.bottommost_compression: Disabled
2019/10/17-14:55:15.225194 7fc3a9fcb700       Options.prefix_extractor: nullptr
2019/10/17-14:55:15.225196 7fc3a9fcb700   Options.memtable_insert_with_hint_prefix_extractor: nullptr
2019/10/17-14:55:15.225197 7fc3a9fcb700             Options.num_levels: 7
2019/10/17-14:55:15.225198 7fc3a9fcb700        Options.min_write_buffer_number_to_merge: 1
2019/10/17-14:55:15.225199 7fc3a9fcb700     Options.max_write_buffer_number_to_maintain: 0
2019/10/17-14:55:15.225200 7fc3a9fcb700            Options.bottommost_compression_opts.window_bits: -14
2019/10/17-14:55:15.225202 7fc3a9fcb700                  Options.bottommost_compression_opts.level: 32767
2019/10/17-14:55:15.225203 7fc3a9fcb700               Options.bottommost_compression_opts.strategy: 0
2019/10/17-14:55:15.225204 7fc3a9fcb700         Options.bottommost_compression_opts.max_dict_bytes: 0
2019/10/17-14:55:15.225205 7fc3a9fcb700         Options.bottommost_compression_opts.zstd_max_train_bytes: 0
2019/10/17-14:55:15.225206 7fc3a9fcb700                  Options.bottommost_compression_opts.enabled: false
2019/10/17-14:55:15.225208 7fc3a9fcb700            Options.compression_opts.window_bits: -14
2019/10/17-14:55:15.225209 7fc3a9fcb700                  Options.compression_opts.level: 32767
2019/10/17-14:55:15.225210 7fc3a9fcb700               Options.compression_opts.strategy: 0
2019/10/17-14:55:15.225211 7fc3a9fcb700         Options.compression_opts.max_dict_bytes: 0
2019/10/17-14:55:15.225212 7fc3a9fcb700         Options.compression_opts.zstd_max_train_bytes: 0
2019/10/17-14:55:15.225214 7fc3a9fcb700                  Options.compression_opts.enabled: false
2019/10/17-14:55:15.225215 7fc3a9fcb700      Options.level0_file_num_compaction_trigger: 4
2019/10/17-14:55:15.225216 7fc3a9fcb700          Options.level0_slowdown_writes_trigger: 20
2019/10/17-14:55:15.225217 7fc3a9fcb700              Options.level0_stop_writes_trigger: 36
2019/10/17-14:55:15.225219 7fc3a9fcb700                   Options.target_file_size_base: 67108864
2019/10/17-14:55:15.225220 7fc3a9fcb700             Options.target_file_size_multiplier: 1
2019/10/17-14:55:15.225221 7fc3a9fcb700                Options.max_bytes_for_level_base: 268435456
2019/10/17-14:55:15.225222 7fc3a9fcb700 Options.level_compaction_dynamic_level_bytes: 0
2019/10/17-14:55:15.225223 7fc3a9fcb700          Options.max_bytes_for_level_multiplier: 10.000000
2019/10/17-14:55:15.225225 7fc3a9fcb700 Options.max_bytes_for_level_multiplier_addtl[0]: 1
2019/10/17-14:55:15.225227 7fc3a9fcb700 Options.max_bytes_for_level_multiplier_addtl[1]: 1
2019/10/17-14:55:15.225228 7fc3a9fcb700 Options.max_bytes_for_level_multiplier_addtl[2]: 1
2019/10/17-14:55:15.225229 7fc3a9fcb700 Options.max_bytes_for_level_multiplier_addtl[3]: 1
2019/10/17-14:55:15.225230 7fc3a9fcb700 Options.max_bytes_for_level_multiplier_addtl[4]: 1
2019/10/17-14:55:15.225232 7fc3a9fcb700 Options.max_bytes_for_level_multiplier_addtl[5]: 1
2019/10/17-14:55:15.225233 7fc3a9fcb700 Options.max_bytes_for_level_multiplier_addtl[6]: 1
2019/10/17-14:55:15.225234 7fc3a9fcb700       Options.max_sequential_skip_in_iterations: 8
2019/10/17-14:55:15.225235 7fc3a9fcb700                    Options.max_compaction_bytes: 1677721600
2019/10/17-14:55:15.225237 7fc3a9fcb700                        Options.arena_block_size: 8388608
2019/10/17-14:55:15.225238 7fc3a9fcb700   Options.soft_pending_compaction_bytes_limit: 68719476736
2019/10/17-14:55:15.225239 7fc3a9fcb700   Options.hard_pending_compaction_bytes_limit: 274877906944
2019/10/17-14:55:15.225240 7fc3a9fcb700       Options.rate_limit_delay_max_milliseconds: 100
2019/10/17-14:55:15.225242 7fc3a9fcb700                Options.disable_auto_compactions: 0
2019/10/17-14:55:15.225249 7fc3a9fcb700                        Options.compaction_style: kCompactionStyleLevel
2019/10/17-14:55:15.225251 7fc3a9fcb700                          Options.compaction_pri: kByCompensatedSize
2019/10/17-14:55:15.225252 7fc3a9fcb700 Options.compaction_options_universal.size_ratio: 1
2019/10/17-14:55:15.225253 7fc3a9fcb700 Options.compaction_options_universal.min_merge_width: 2
2019/10/17-14:55:15.225255 7fc3a9fcb700 Options.compaction_options_universal.max_merge_width: 4294967295
2019/10/17-14:55:15.225256 7fc3a9fcb700 Options.compaction_options_universal.max_size_amplification_percent: 200
2019/10/17-14:55:15.225257 7fc3a9fcb700 Options.compaction_options_universal.compression_size_percent: -1
2019/10/17-14:55:15.225258 7fc3a9fcb700 Options.compaction_options_universal.stop_style: kCompactionStopStyleTotalSize
2019/10/17-14:55:15.225260 7fc3a9fcb700 Options.compaction_options_fifo.max_table_files_size: 1073741824
2019/10/17-14:55:15.225261 7fc3a9fcb700 Options.compaction_options_fifo.allow_compaction: 0
2019/10/17-14:55:15.225262 7fc3a9fcb700 Options.compaction_options_fifo.ttl: 0
2019/10/17-14:55:15.225263 7fc3a9fcb700                   Options.table_properties_collectors: 
2019/10/17-14:55:15.225264 7fc3a9fcb700                   Options.inplace_update_support: 0
2019/10/17-14:55:15.225266 7fc3a9fcb700                 Options.inplace_update_num_locks: 10000
2019/10/17-14:55:15.225267 7fc3a9fcb700               Options.memtable_prefix_bloom_size_ratio: 0.000000
2019/10/17-14:55:15.225269 7fc3a9fcb700   Options.memtable_huge_page_size: 0
2019/10/17-14:55:15.225270 7fc3a9fcb700                           Options.bloom_locality: 0
2019/10/17-14:55:15.225271 7fc3a9fcb700                    Options.max_successive_merges: 0
2019/10/17-14:55:15.225272 7fc3a9fcb700                Options.optimize_filters_for_hits: 0
2019/10/17-14:55:15.225273 7fc3a9fcb700                Options.paranoid_file_checks: 0
2019/10/17-14:55:15.225275 7fc3a9fcb700                Options.force_consistency_checks: 0
2019/10/17-14:55:15.225276 7fc3a9fcb700                Options.report_bg_io_stats: 0
2019/10/17-14:55:15.225277 7fc3a9fcb700                               Options.ttl: 0
2019/10/17-14:55:15.225296 7fc3a9fcb700 [db/column_family.cc:472] --------------- Options for column family [htlcs]:
2019/10/17-14:55:15.225298 7fc3a9fcb700               Options.comparator: leveldb.BytewiseComparator
2019/10/17-14:55:15.225299 7fc3a9fcb700           Options.merge_operator: None
2019/10/17-14:55:15.225300 7fc3a9fcb700        Options.compaction_filter: None
2019/10/17-14:55:15.225301 7fc3a9fcb700        Options.compaction_filter_factory: None
2019/10/17-14:55:15.225303 7fc3a9fcb700         Options.memtable_factory: SkipListFactory
2019/10/17-14:55:15.225304 7fc3a9fcb700            Options.table_factory: BlockBasedTable
2019/10/17-14:55:15.225319 7fc3a9fcb700            table_factory options:   flush_block_policy_factory: FlushBlockBySizePolicyFactory (0x7fc3500fc110)
