2019/10/17-14:55:14.597486 7fc3a9fcb700 RocksDB version: 5.18.3
2019/10/17-14:55:14.597538 7fc3a9fcb700 Git sha rocksdb_build_git_sha:@0@
2019/10/17-14:55:14.597541 7fc3a9fcb700 Compile date Sep 19 2019
2019/10/17-14:55:14.597543 7fc3a9fcb700 DB SUMMARY
2019/10/17-14:55:14.598739 7fc3a9fcb700 CURRENT file:  CURRENT
2019/10/17-14:55:14.598742 7fc3a9fcb700 IDENTITY file:  IDENTITY
2019/10/17-14:55:14.598791 7fc3a9fcb700 MANIFEST file:  MANIFEST-116575 size: 4114 Bytes
2019/10/17-14:55:14.598794 7fc3a9fcb700 SST files in /home/rahul/dev/blockchain-core/eqc/ledger.db dir, Total Num: 29, files: 000624.sst 000627.sst 106940.sst 108447.sst 108450.sst 109471.sst 109483.sst 109485.sst 109486.sst 
2019/10/17-14:55:14.598796 7fc3a9fcb700 Write Ahead Log file in /home/rahul/dev/blockchain-core/eqc/ledger.db: 116576.log size: 0 ; 
2019/10/17-14:55:14.598852 7fc3a9fcb700                         Options.error_if_exists: 0
2019/10/17-14:55:14.598855 7fc3a9fcb700                       Options.create_if_missing: 1
2019/10/17-14:55:14.598856 7fc3a9fcb700                         Options.paranoid_checks: 1
2019/10/17-14:55:14.598858 7fc3a9fcb700                                     Options.env: 0x7fc32ae1fc60
2019/10/17-14:55:14.598859 7fc3a9fcb700                                Options.info_log: 0x7fc350051ae0
2019/10/17-14:55:14.598860 7fc3a9fcb700                Options.max_file_opening_threads: 16
2019/10/17-14:55:14.598862 7fc3a9fcb700                              Options.statistics: (nil)
2019/10/17-14:55:14.598863 7fc3a9fcb700                               Options.use_fsync: 0
2019/10/17-14:55:14.598865 7fc3a9fcb700                       Options.max_log_file_size: 0
2019/10/17-14:55:14.598866 7fc3a9fcb700                  Options.max_manifest_file_size: 1073741824
2019/10/17-14:55:14.598867 7fc3a9fcb700                   Options.log_file_time_to_roll: 0
2019/10/17-14:55:14.598869 7fc3a9fcb700                       Options.keep_log_file_num: 1000
2019/10/17-14:55:14.598870 7fc3a9fcb700                    Options.recycle_log_file_num: 0
2019/10/17-14:55:14.598871 7fc3a9fcb700                         Options.allow_fallocate: 1
2019/10/17-14:55:14.598872 7fc3a9fcb700                        Options.allow_mmap_reads: 0
2019/10/17-14:55:14.598874 7fc3a9fcb700                       Options.allow_mmap_writes: 0
2019/10/17-14:55:14.598875 7fc3a9fcb700                        Options.use_direct_reads: 0
2019/10/17-14:55:14.598876 7fc3a9fcb700                        Options.use_direct_io_for_flush_and_compaction: 0
2019/10/17-14:55:14.598877 7fc3a9fcb700          Options.create_missing_column_families: 0
2019/10/17-14:55:14.598878 7fc3a9fcb700                              Options.db_log_dir: 
2019/10/17-14:55:14.598880 7fc3a9fcb700                                 Options.wal_dir: /home/rahul/dev/blockchain-core/eqc/ledger.db
2019/10/17-14:55:14.598881 7fc3a9fcb700                Options.table_cache_numshardbits: 6
2019/10/17-14:55:14.598882 7fc3a9fcb700                      Options.max_subcompactions: 1
2019/10/17-14:55:14.598884 7fc3a9fcb700                  Options.max_background_flushes: -1
2019/10/17-14:55:14.598885 7fc3a9fcb700                         Options.WAL_ttl_seconds: 0
2019/10/17-14:55:14.598886 7fc3a9fcb700                       Options.WAL_size_limit_MB: 0
2019/10/17-14:55:14.598887 7fc3a9fcb700             Options.manifest_preallocation_size: 4194304
2019/10/17-14:55:14.598889 7fc3a9fcb700                     Options.is_fd_close_on_exec: 1
2019/10/17-14:55:14.598890 7fc3a9fcb700                   Options.advise_random_on_open: 1
2019/10/17-14:55:14.598891 7fc3a9fcb700                    Options.db_write_buffer_size: 0
2019/10/17-14:55:14.598892 7fc3a9fcb700                    Options.write_buffer_manager: 0x7fc35001cb50
2019/10/17-14:55:14.598894 7fc3a9fcb700         Options.access_hint_on_compaction_start: 1
2019/10/17-14:55:14.598895 7fc3a9fcb700  Options.new_table_reader_for_compaction_inputs: 0
2019/10/17-14:55:14.598896 7fc3a9fcb700           Options.random_access_max_buffer_size: 1048576
2019/10/17-14:55:14.598897 7fc3a9fcb700                      Options.use_adaptive_mutex: 0
2019/10/17-14:55:14.598899 7fc3a9fcb700                            Options.rate_limiter: (nil)
2019/10/17-14:55:14.598912 7fc3a9fcb700     Options.sst_file_manager.rate_bytes_per_sec: 0
2019/10/17-14:55:14.598914 7fc3a9fcb700                       Options.wal_recovery_mode: 2
2019/10/17-14:55:14.598915 7fc3a9fcb700                  Options.enable_thread_tracking: 0
2019/10/17-14:55:14.598917 7fc3a9fcb700                  Options.enable_pipelined_write: 0
2019/10/17-14:55:14.598918 7fc3a9fcb700         Options.allow_concurrent_memtable_write: 1
2019/10/17-14:55:14.598919 7fc3a9fcb700      Options.enable_write_thread_adaptive_yield: 1
2019/10/17-14:55:14.598920 7fc3a9fcb700             Options.write_thread_max_yield_usec: 100
2019/10/17-14:55:14.598921 7fc3a9fcb700            Options.write_thread_slow_yield_usec: 3
2019/10/17-14:55:14.598923 7fc3a9fcb700                               Options.row_cache: None
2019/10/17-14:55:14.598924 7fc3a9fcb700                              Options.wal_filter: None
2019/10/17-14:55:14.598925 7fc3a9fcb700             Options.avoid_flush_during_recovery: 0
2019/10/17-14:55:14.598927 7fc3a9fcb700             Options.allow_ingest_behind: 0
2019/10/17-14:55:14.598928 7fc3a9fcb700             Options.preserve_deletes: 0
2019/10/17-14:55:14.598929 7fc3a9fcb700             Options.two_write_queues: 0
2019/10/17-14:55:14.598930 7fc3a9fcb700             Options.manual_wal_flush: 0
2019/10/17-14:55:14.598932 7fc3a9fcb700             Options.max_background_jobs: 2
2019/10/17-14:55:14.598933 7fc3a9fcb700             Options.max_background_compactions: -1
2019/10/17-14:55:14.598934 7fc3a9fcb700             Options.avoid_flush_during_shutdown: 0
2019/10/17-14:55:14.598935 7fc3a9fcb700           Options.writable_file_max_buffer_size: 1048576
2019/10/17-14:55:14.598936 7fc3a9fcb700             Options.delayed_write_rate : 16777216
2019/10/17-14:55:14.598938 7fc3a9fcb700             Options.max_total_wal_size: 0
2019/10/17-14:55:14.598939 7fc3a9fcb700             Options.delete_obsolete_files_period_micros: 21600000000
2019/10/17-14:55:14.598940 7fc3a9fcb700                   Options.stats_dump_period_sec: 600
2019/10/17-14:55:14.598942 7fc3a9fcb700                          Options.max_open_files: -1
2019/10/17-14:55:14.598943 7fc3a9fcb700                          Options.bytes_per_sync: 0
2019/10/17-14:55:14.598944 7fc3a9fcb700                      Options.wal_bytes_per_sync: 0
2019/10/17-14:55:14.598945 7fc3a9fcb700       Options.compaction_readahead_size: 0
2019/10/17-14:55:14.598946 7fc3a9fcb700 Compression algorithms supported:
2019/10/17-14:55:14.598948 7fc3a9fcb700 	kZSTDNotFinalCompression supported: 0
2019/10/17-14:55:14.598950 7fc3a9fcb700 	kZSTD supported: 0
2019/10/17-14:55:14.598951 7fc3a9fcb700 	kXpressCompression supported: 0
2019/10/17-14:55:14.598953 7fc3a9fcb700 	kLZ4HCCompression supported: 0
2019/10/17-14:55:14.598954 7fc3a9fcb700 	kLZ4Compression supported: 0
2019/10/17-14:55:14.598955 7fc3a9fcb700 	kBZip2Compression supported: 0
2019/10/17-14:55:14.598957 7fc3a9fcb700 	kZlibCompression supported: 0
2019/10/17-14:55:14.598958 7fc3a9fcb700 	kSnappyCompression supported: 0
2019/10/17-14:55:14.598961 7fc3a9fcb700 Fast CRC32 supported: Supported on x86
2019/10/17-14:55:14.599108 7fc3a9fcb700 [db/version_set.cc:3507] Recovering from manifest file: MANIFEST-116575
2019/10/17-14:55:14.599160 7fc3a9fcb700 [db/column_family.cc:472] --------------- Options for column family [default]:
2019/10/17-14:55:14.599163 7fc3a9fcb700               Options.comparator: leveldb.BytewiseComparator
2019/10/17-14:55:14.599164 7fc3a9fcb700           Options.merge_operator: None
2019/10/17-14:55:14.599165 7fc3a9fcb700        Options.compaction_filter: None
2019/10/17-14:55:14.599167 7fc3a9fcb700        Options.compaction_filter_factory: None
2019/10/17-14:55:14.599168 7fc3a9fcb700         Options.memtable_factory: SkipListFactory
2019/10/17-14:55:14.599169 7fc3a9fcb700            Options.table_factory: BlockBasedTable
2019/10/17-14:55:14.599204 7fc3a9fcb700            table_factory options:   flush_block_policy_factory: FlushBlockBySizePolicyFactory (0x7fc35010f370)
  cache_index_and_filter_blocks: 0
  cache_index_and_filter_blocks_with_high_priority: 0
  pin_l0_filter_and_index_blocks_in_cache: 0
  pin_top_level_index_and_filter: 1
  index_type: 0
  hash_index_allow_collision: 1
  checksum: 1
  no_block_cache: 0
  block_cache: 0x7fc3500bb990
  block_cache_name: LRUCache
  block_cache_options:
    capacity : 8388608
    num_shard_bits : 4
    strict_capacity_limit : 0
    memory_allocator : None
    high_pri_pool_ratio: 0.000
  block_cache_compressed: (nil)
  persistent_cache: (nil)
  block_size: 4096
  block_size_deviation: 10
  block_restart_interval: 16
  index_block_restart_interval: 1
  metadata_block_size: 4096
  partition_filters: 0
  use_delta_encoding: 1
  filter_policy: nullptr
  whole_key_filtering: 1
  verify_compression: 0
  read_amp_bytes_per_bit: 0
  format_version: 2
  enable_index_compression: 1
  block_align: 0
2019/10/17-14:55:14.599215 7fc3a9fcb700        Options.write_buffer_size: 67108864
2019/10/17-14:55:14.599217 7fc3a9fcb700  Options.max_write_buffer_number: 2
2019/10/17-14:55:14.599218 7fc3a9fcb700          Options.compression: NoCompression
2019/10/17-14:55:14.599219 7fc3a9fcb700                  Options.bottommost_compression: Disabled
2019/10/17-14:55:14.599220 7fc3a9fcb700       Options.prefix_extractor: nullptr
2019/10/17-14:55:14.599221 7fc3a9fcb700   Options.memtable_insert_with_hint_prefix_extractor: nullptr
2019/10/17-14:55:14.599222 7fc3a9fcb700             Options.num_levels: 7
2019/10/17-14:55:14.599223 7fc3a9fcb700        Options.min_write_buffer_number_to_merge: 1
2019/10/17-14:55:14.599224 7fc3a9fcb700     Options.max_write_buffer_number_to_maintain: 0
2019/10/17-14:55:14.599225 7fc3a9fcb700            Options.bottommost_compression_opts.window_bits: -14
2019/10/17-14:55:14.599226 7fc3a9fcb700                  Options.bottommost_compression_opts.level: 32767
2019/10/17-14:55:14.599227 7fc3a9fcb700               Options.bottommost_compression_opts.strategy: 0
2019/10/17-14:55:14.599228 7fc3a9fcb700         Options.bottommost_compression_opts.max_dict_bytes: 0
2019/10/17-14:55:14.599229 7fc3a9fcb700         Options.bottommost_compression_opts.zstd_max_train_bytes: 0
2019/10/17-14:55:14.599230 7fc3a9fcb700                  Options.bottommost_compression_opts.enabled: false
2019/10/17-14:55:14.599231 7fc3a9fcb700            Options.compression_opts.window_bits: -14
2019/10/17-14:55:14.599232 7fc3a9fcb700                  Options.compression_opts.level: 32767
2019/10/17-14:55:14.599233 7fc3a9fcb700               Options.compression_opts.strategy: 0
2019/10/17-14:55:14.599234 7fc3a9fcb700         Options.compression_opts.max_dict_bytes: 0
2019/10/17-14:55:14.599235 7fc3a9fcb700         Options.compression_opts.zstd_max_train_bytes: 0
2019/10/17-14:55:14.599236 7fc3a9fcb700                  Options.compression_opts.enabled: false
2019/10/17-14:55:14.599237 7fc3a9fcb700      Options.level0_file_num_compaction_trigger: 4
2019/10/17-14:55:14.599238 7fc3a9fcb700          Options.level0_slowdown_writes_trigger: 20
2019/10/17-14:55:14.599239 7fc3a9fcb700              Options.level0_stop_writes_trigger: 36
2019/10/17-14:55:14.599240 7fc3a9fcb700                   Options.target_file_size_base: 67108864
2019/10/17-14:55:14.599241 7fc3a9fcb700             Options.target_file_size_multiplier: 1
2019/10/17-14:55:14.599242 7fc3a9fcb700                Options.max_bytes_for_level_base: 268435456
2019/10/17-14:55:14.599243 7fc3a9fcb700 Options.level_compaction_dynamic_level_bytes: 0
2019/10/17-14:55:14.599244 7fc3a9fcb700          Options.max_bytes_for_level_multiplier: 10.000000
2019/10/17-14:55:14.599246 7fc3a9fcb700 Options.max_bytes_for_level_multiplier_addtl[0]: 1
2019/10/17-14:55:14.599248 7fc3a9fcb700 Options.max_bytes_for_level_multiplier_addtl[1]: 1
2019/10/17-14:55:14.599249 7fc3a9fcb700 Options.max_bytes_for_level_multiplier_addtl[2]: 1
2019/10/17-14:55:14.599250 7fc3a9fcb700 Options.max_bytes_for_level_multiplier_addtl[3]: 1
2019/10/17-14:55:14.599251 7fc3a9fcb700 Options.max_bytes_for_level_multiplier_addtl[4]: 1
2019/10/17-14:55:14.599257 7fc3a9fcb700 Options.max_bytes_for_level_multiplier_addtl[5]: 1
2019/10/17-14:55:14.599258 7fc3a9fcb700 Options.max_bytes_for_level_multiplier_addtl[6]: 1
2019/10/17-14:55:14.599259 7fc3a9fcb700       Options.max_sequential_skip_in_iterations: 8
2019/10/17-14:55:14.599260 7fc3a9fcb700                    Options.max_compaction_bytes: 1677721600
2019/10/17-14:55:14.599261 7fc3a9fcb700                        Options.arena_block_size: 8388608
2019/10/17-14:55:14.599262 7fc3a9fcb700   Options.soft_pending_compaction_bytes_limit: 68719476736
2019/10/17-14:55:14.599263 7fc3a9fcb700   Options.hard_pending_compaction_bytes_limit: 274877906944
2019/10/17-14:55:14.599264 7fc3a9fcb700       Options.rate_limit_delay_max_milliseconds: 100
2019/10/17-14:55:14.599265 7fc3a9fcb700                Options.disable_auto_compactions: 0
2019/10/17-14:55:14.599266 7fc3a9fcb700                        Options.compaction_style: kCompactionStyleLevel
2019/10/17-14:55:14.599268 7fc3a9fcb700                          Options.compaction_pri: kByCompensatedSize
2019/10/17-14:55:14.599269 7fc3a9fcb700 Options.compaction_options_universal.size_ratio: 1
2019/10/17-14:55:14.599270 7fc3a9fcb700 Options.compaction_options_universal.min_merge_width: 2
2019/10/17-14:55:14.599271 7fc3a9fcb700 Options.compaction_options_universal.max_merge_width: 4294967295
2019/10/17-14:55:14.599272 7fc3a9fcb700 Options.compaction_options_universal.max_size_amplification_percent: 200
2019/10/17-14:55:14.599273 7fc3a9fcb700 Options.compaction_options_universal.compression_size_percent: -1
2019/10/17-14:55:14.599274 7fc3a9fcb700 Options.compaction_options_universal.stop_style: kCompactionStopStyleTotalSize
2019/10/17-14:55:14.599275 7fc3a9fcb700 Options.compaction_options_fifo.max_table_files_size: 1073741824
2019/10/17-14:55:14.599276 7fc3a9fcb700 Options.compaction_options_fifo.allow_compaction: 0
2019/10/17-14:55:14.599277 7fc3a9fcb700 Options.compaction_options_fifo.ttl: 0
2019/10/17-14:55:14.599278 7fc3a9fcb700                   Options.table_properties_collectors: 
2019/10/17-14:55:14.599279 7fc3a9fcb700                   Options.inplace_update_support: 0
2019/10/17-14:55:14.599280 7fc3a9fcb700                 Options.inplace_update_num_locks: 10000
2019/10/17-14:55:14.599281 7fc3a9fcb700               Options.memtable_prefix_bloom_size_ratio: 0.000000
2019/10/17-14:55:14.599283 7fc3a9fcb700   Options.memtable_huge_page_size: 0
2019/10/17-14:55:14.599284 7fc3a9fcb700                           Options.bloom_locality: 0
2019/10/17-14:55:14.599285 7fc3a9fcb700                    Options.max_successive_merges: 0
2019/10/17-14:55:14.599286 7fc3a9fcb700                Options.optimize_filters_for_hits: 0
2019/10/17-14:55:14.599287 7fc3a9fcb700                Options.paranoid_file_checks: 0
2019/10/17-14:55:14.599288 7fc3a9fcb700                Options.force_consistency_checks: 0
2019/10/17-14:55:14.599289 7fc3a9fcb700                Options.report_bg_io_stats: 0
2019/10/17-14:55:14.599290 7fc3a9fcb700                               Options.ttl: 0
2019/10/17-14:55:14.599324 7fc3a9fcb700 [db/column_family.cc:472] --------------- Options for column family [active_gateways]:
2019/10/17-14:55:14.599326 7fc3a9fcb700               Options.comparator: leveldb.BytewiseComparator
2019/10/17-14:55:14.599327 7fc3a9fcb700           Options.merge_operator: None
2019/10/17-14:55:14.599328 7fc3a9fcb700        Options.compaction_filter: None
2019/10/17-14:55:14.599329 7fc3a9fcb700        Options.compaction_filter_factory: None
2019/10/17-14:55:14.599330 7fc3a9fcb700         Options.memtable_factory: SkipListFactory
2019/10/17-14:55:14.599331 7fc3a9fcb700            Options.table_factory: BlockBasedTable
2019/10/17-14:55:14.599344 7fc3a9fcb700            table_factory options:   flush_block_policy_factory: FlushBlockBySizePolicyFactory (0x7fc35004b830)
  cache_index_and_filter_blocks: 0
  cache_index_and_filter_blocks_with_high_priority: 0
  pin_l0_filter_and_index_blocks_in_cache: 0
  pin_top_level_index_and_filter: 1
  index_type: 0
  hash_index_allow_collision: 1
  checksum: 1
  no_block_cache: 0
  block_cache: 0x7fc35003b930
  block_cache_name: LRUCache
  block_cache_options:
    capacity : 8388608
    num_shard_bits : 4
    strict_capacity_limit : 0
    memory_allocator : None
    high_pri_pool_ratio: 0.000
  block_cache_compressed: (nil)
  persistent_cache: (nil)
  block_size: 4096
  block_size_deviation: 10
  block_restart_interval: 16
  index_block_restart_interval: 1
  metadata_block_size: 4096
  partition_filters: 0
  use_delta_encoding: 1
  filter_policy: nullptr
  whole_key_filtering: 1
  verify_compression: 0
  read_amp_bytes_per_bit: 0
  format_version: 2
  enable_index_compression: 1
  block_align: 0
2019/10/17-14:55:14.599353 7fc3a9fcb700        Options.write_buffer_size: 67108864
2019/10/17-14:55:14.599354 7fc3a9fcb700  Options.max_write_buffer_number: 2
2019/10/17-14:55:14.599355 7fc3a9fcb700          Options.compression: NoCompression
2019/10/17-14:55:14.599356 7fc3a9fcb700                  Options.bottommost_compression: Disabled
2019/10/17-14:55:14.599357 7fc3a9fcb700       Options.prefix_extractor: nullptr
2019/10/17-14:55:14.599358 7fc3a9fcb700   Options.memtable_insert_with_hint_prefix_extractor: nullptr
2019/10/17-14:55:14.599359 7fc3a9fcb700             Options.num_levels: 7
2019/10/17-14:55:14.599360 7fc3a9fcb700        Options.min_write_buffer_number_to_merge: 1
2019/10/17-14:55:14.599361 7fc3a9fcb700     Options.max_write_buffer_number_to_maintain: 0
2019/10/17-14:55:14.599362 7fc3a9fcb700            Options.bottommost_compression_opts.window_bits: -14
2019/10/17-14:55:14.599363 7fc3a9fcb700                  Options.bottommost_compression_opts.level: 32767
2019/10/17-14:55:14.599364 7fc3a9fcb700               Options.bottommost_compression_opts.strategy: 0
2019/10/17-14:55:14.599365 7fc3a9fcb700         Options.bottommost_compression_opts.max_dict_bytes: 0
2019/10/17-14:55:14.599366 7fc3a9fcb700         Options.bottommost_compression_opts.zstd_max_train_bytes: 0
2019/10/17-14:55:14.599367 7fc3a9fcb700                  Options.bottommost_compression_opts.enabled: false
2019/10/17-14:55:14.599368 7fc3a9fcb700            Options.compression_opts.window_bits: -14
2019/10/17-14:55:14.599369 7fc3a9fcb700                  Options.compression_opts.level: 32767
2019/10/17-14:55:14.599370 7fc3a9fcb700               Options.compression_opts.strategy: 0
2019/10/17-14:55:14.599371 7fc3a9fcb700         Options.compression_opts.max_dict_bytes: 0
2019/10/17-14:55:14.599372 7fc3a9fcb700         Options.compression_opts.zstd_max_train_bytes: 0
2019/10/17-14:55:14.599372 7fc3a9fcb700                  Options.compression_opts.enabled: false
2019/10/17-14:55:14.599373 7fc3a9fcb700      Options.level0_file_num_compaction_trigger: 4
2019/10/17-14:55:14.599374 7fc3a9fcb700          Options.level0_slowdown_writes_trigger: 20
2019/10/17-14:55:14.599375 7fc3a9fcb700              Options.level0_stop_writes_trigger: 36
2019/10/17-14:55:14.599376 7fc3a9fcb700                   Options.target_file_size_base: 67108864
2019/10/17-14:55:14.599378 7fc3a9fcb700             Options.target_file_size_multiplier: 1
2019/10/17-14:55:14.599378 7fc3a9fcb700                Options.max_bytes_for_level_base: 268435456
2019/10/17-14:55:14.599379 7fc3a9fcb700 Options.level_compaction_dynamic_level_bytes: 0
2019/10/17-14:55:14.599380 7fc3a9fcb700          Options.max_bytes_for_level_multiplier: 10.000000
2019/10/17-14:55:14.599382 7fc3a9fcb700 Options.max_bytes_for_level_multiplier_addtl[0]: 1
2019/10/17-14:55:14.599383 7fc3a9fcb700 Options.max_bytes_for_level_multiplier_addtl[1]: 1
2019/10/17-14:55:14.599384 7fc3a9fcb700 Options.max_bytes_for_level_multiplier_addtl[2]: 1
2019/10/17-14:55:14.599385 7fc3a9fcb700 Options.max_bytes_for_level_multiplier_addtl[3]: 1
2019/10/17-14:55:14.599386 7fc3a9fcb700 Options.max_bytes_for_level_multiplier_addtl[4]: 1
2019/10/17-14:55:14.599387 7fc3a9fcb700 Options.max_bytes_for_level_multiplier_addtl[5]: 1
2019/10/17-14:55:14.599388 7fc3a9fcb700 Options.max_bytes_for_level_multiplier_addtl[6]: 1
2019/10/17-14:55:14.599389 7fc3a9fcb700       Options.max_sequential_skip_in_iterations: 8
2019/10/17-14:55:14.599395 7fc3a9fcb700                    Options.max_compaction_bytes: 1677721600
2019/10/17-14:55:14.599396 7fc3a9fcb700                        Options.arena_block_size: 8388608
2019/10/17-14:55:14.599397 7fc3a9fcb700   Options.soft_pending_compaction_bytes_limit: 68719476736
2019/10/17-14:55:14.599398 7fc3a9fcb700   Options.hard_pending_compaction_bytes_limit: 274877906944
2019/10/17-14:55:14.599399 7fc3a9fcb700       Options.rate_limit_delay_max_milliseconds: 100
2019/10/17-14:55:14.599400 7fc3a9fcb700                Options.disable_auto_compactions: 0
2019/10/17-14:55:14.599401 7fc3a9fcb700                        Options.compaction_style: kCompactionStyleLevel
2019/10/17-14:55:14.599402 7fc3a9fcb700                          Options.compaction_pri: kByCompensatedSize
2019/10/17-14:55:14.599403 7fc3a9fcb700 Options.compaction_options_universal.size_ratio: 1
2019/10/17-14:55:14.599404 7fc3a9fcb700 Options.compaction_options_universal.min_merge_width: 2
2019/10/17-14:55:14.599405 7fc3a9fcb700 Options.compaction_options_universal.max_merge_width: 4294967295
2019/10/17-14:55:14.599406 7fc3a9fcb700 Options.compaction_options_universal.max_size_amplification_percent: 200
2019/10/17-14:55:14.599407 7fc3a9fcb700 Options.compaction_options_universal.compression_size_percent: -1
2019/10/17-14:55:14.599408 7fc3a9fcb700 Options.compaction_options_universal.stop_style: kCompactionStopStyleTotalSize
2019/10/17-14:55:14.599409 7fc3a9fcb700 Options.compaction_options_fifo.max_table_files_size: 1073741824
2019/10/17-14:55:14.599410 7fc3a9fcb700 Options.compaction_options_fifo.allow_compaction: 0
2019/10/17-14:55:14.599411 7fc3a9fcb700 Options.compaction_options_fifo.ttl: 0
2019/10/17-14:55:14.599412 7fc3a9fcb700                   Options.table_properties_collectors: 
2019/10/17-14:55:14.599413 7fc3a9fcb700                   Options.inplace_update_support: 0
2019/10/17-14:55:14.599414 7fc3a9fcb700                 Options.inplace_update_num_locks: 10000
2019/10/17-14:55:14.599415 7fc3a9fcb700               Options.memtable_prefix_bloom_size_ratio: 0.000000
2019/10/17-14:55:14.599417 7fc3a9fcb700   Options.memtable_huge_page_size: 0
2019/10/17-14:55:14.599418 7fc3a9fcb700                           Options.bloom_locality: 0
2019/10/17-14:55:14.599419 7fc3a9fcb700                    Options.max_successive_merges: 0
2019/10/17-14:55:14.599420 7fc3a9fcb700                Options.optimize_filters_for_hits: 0
2019/10/17-14:55:14.599421 7fc3a9fcb700                Options.paranoid_file_checks: 0
2019/10/17-14:55:14.599421 7fc3a9fcb700                Options.force_consistency_checks: 0
2019/10/17-14:55:14.599422 7fc3a9fcb700                Options.report_bg_io_stats: 0
2019/10/17-14:55:14.599423 7fc3a9fcb700                               Options.ttl: 0
2019/10/17-14:55:14.599443 7fc3a9fcb700 [db/column_family.cc:472] --------------- Options for column family [entries]:
2019/10/17-14:55:14.599445 7fc3a9fcb700               Options.comparator: leveldb.BytewiseComparator
2019/10/17-14:55:14.599446 7fc3a9fcb700           Options.merge_operator: None
2019/10/17-14:55:14.599447 7fc3a9fcb700        Options.compaction_filter: None
2019/10/17-14:55:14.599448 7fc3a9fcb700        Options.compaction_filter_factory: None
2019/10/17-14:55:14.599449 7fc3a9fcb700         Options.memtable_factory: SkipListFactory
2019/10/17-14:55:14.599450 7fc3a9fcb700            Options.table_factory: BlockBasedTable
2019/10/17-14:55:14.599462 7fc3a9fcb700            table_factory options:   flush_block_policy_factory: FlushBlockBySizePolicyFactory (0x7fc3500895e0)
  cache_index_and_filter_blocks: 0
  cache_index_and_filter_blocks_with_high_priority: 0
  pin_l0_filter_and_index_blocks_in_cache: 0
  pin_top_level_index_and_filter: 1
  index_type: 0
  hash_index_allow_collision: 1
  checksum: 1
  no_block_cache: 0
  block_cache: 0x7fc35007dd50
  block_cache_name: LRUCache
  block_cache_options:
    capacity : 8388608
    num_shard_bits : 4
    strict_capacity_limit : 0
    memory_allocator : None
    high_pri_pool_ratio: 0.000
  block_cache_compressed: (nil)
  persistent_cache: (nil)
  block_size: 4096
  block_size_deviation: 10
  block_restart_interval: 16
  index_block_restart_interval: 1
  metadata_block_size: 4096
  partition_filters: 0
  use_delta_encoding: 1
  filter_policy: nullptr
  whole_key_filtering: 1
  verify_compression: 0
  read_amp_bytes_per_bit: 0
  format_version: 2
  enable_index_compression: 1
  block_align: 0
2019/10/17-14:55:14.599470 7fc3a9fcb700        Options.write_buffer_size: 67108864
2019/10/17-14:55:14.599471 7fc3a9fcb700  Options.max_write_buffer_number: 2
2019/10/17-14:55:14.599472 7fc3a9fcb700          Options.compression: NoCompression
2019/10/17-14:55:14.599473 7fc3a9fcb700                  Options.bottommost_compression: Disabled
2019/10/17-14:55:14.599474 7fc3a9fcb700       Options.prefix_extractor: nullptr
2019/10/17-14:55:14.599475 7fc3a9fcb700   Options.memtable_insert_with_hint_prefix_extractor: nullptr
2019/10/17-14:55:14.599476 7fc3a9fcb700             Options.num_levels: 7
2019/10/17-14:55:14.599477 7fc3a9fcb700        Options.min_write_buffer_number_to_merge: 1
2019/10/17-14:55:14.599478 7fc3a9fcb700     Options.max_write_buffer_number_to_maintain: 0
2019/10/17-14:55:14.599479 7fc3a9fcb700            Options.bottommost_compression_opts.window_bits: -14
2019/10/17-14:55:14.599480 7fc3a9fcb700                  Options.bottommost_compression_opts.level: 32767
2019/10/17-14:55:14.599481 7fc3a9fcb700               Options.bottommost_compression_opts.strategy: 0
2019/10/17-14:55:14.599482 7fc3a9fcb700         Options.bottommost_compression_opts.max_dict_bytes: 0
2019/10/17-14:55:14.599483 7fc3a9fcb700         Options.bottommost_compression_opts.zstd_max_train_bytes: 0
2019/10/17-14:55:14.599484 7fc3a9fcb700                  Options.bottommost_compression_opts.enabled: false
2019/10/17-14:55:14.599485 7fc3a9fcb700            Options.compression_opts.window_bits: -14
2019/10/17-14:55:14.599486 7fc3a9fcb700                  Options.compression_opts.level: 32767
2019/10/17-14:55:14.599487 7fc3a9fcb700               Options.compression_opts.strategy: 0
2019/10/17-14:55:14.599488 7fc3a9fcb700         Options.compression_opts.max_dict_bytes: 0
2019/10/17-14:55:14.599488 7fc3a9fcb700         Options.compression_opts.zstd_max_train_bytes: 0
2019/10/17-14:55:14.599489 7fc3a9fcb700                  Options.compression_opts.enabled: false
2019/10/17-14:55:14.599490 7fc3a9fcb700      Options.level0_file_num_compaction_trigger: 4
2019/10/17-14:55:14.599491 7fc3a9fcb700          Options.level0_slowdown_writes_trigger: 20
2019/10/17-14:55:14.599492 7fc3a9fcb700              Options.level0_stop_writes_trigger: 36
2019/10/17-14:55:14.599493 7fc3a9fcb700                   Options.target_file_size_base: 67108864
2019/10/17-14:55:14.599494 7fc3a9fcb700             Options.target_file_size_multiplier: 1
2019/10/17-14:55:14.599495 7fc3a9fcb700                Options.max_bytes_for_level_base: 268435456
2019/10/17-14:55:14.599496 7fc3a9fcb700 Options.level_compaction_dynamic_level_bytes: 0
2019/10/17-14:55:14.599497 7fc3a9fcb700          Options.max_bytes_for_level_multiplier: 10.000000
2019/10/17-14:55:14.599499 7fc3a9fcb700 Options.max_bytes_for_level_multiplier_addtl[0]: 1
2019/10/17-14:55:14.599500 7fc3a9fcb700 Options.max_bytes_for_level_multiplier_addtl[1]: 1
2019/10/17-14:55:14.599501 7fc3a9fcb700 Options.max_bytes_for_level_multiplier_addtl[2]: 1
2019/10/17-14:55:14.599502 7fc3a9fcb700 Options.max_bytes_for_level_multiplier_addtl[3]: 1
2019/10/17-14:55:14.599503 7fc3a9fcb700 Options.max_bytes_for_level_multiplier_addtl[4]: 1
2019/10/17-14:55:14.599504 7fc3a9fcb700 Options.max_bytes_for_level_multiplier_addtl[5]: 1
2019/10/17-14:55:14.599505 7fc3a9fcb700 Options.max_bytes_for_level_multiplier_addtl[6]: 1
2019/10/17-14:55:14.599506 7fc3a9fcb700       Options.max_sequential_skip_in_iterations: 8
2019/10/17-14:55:14.599507 7fc3a9fcb700                    Options.max_compaction_bytes: 1677721600
2019/10/17-14:55:14.599508 7fc3a9fcb700                        Options.arena_block_size: 8388608
2019/10/17-14:55:14.599509 7fc3a9fcb700   Options.soft_pending_compaction_bytes_limit: 68719476736
2019/10/17-14:55:14.599515 7fc3a9fcb700   Options.hard_pending_compaction_bytes_limit: 274877906944
2019/10/17-14:55:14.599516 7fc3a9fcb700       Options.rate_limit_delay_max_milliseconds: 100
2019/10/17-14:55:14.599517 7fc3a9fcb700                Options.disable_auto_compactions: 0
2019/10/17-14:55:14.599518 7fc3a9fcb700                        Options.compaction_style: kCompactionStyleLevel
2019/10/17-14:55:14.599519 7fc3a9fcb700                          Options.compaction_pri: kByCompensatedSize
2019/10/17-14:55:14.599520 7fc3a9fcb700 Options.compaction_options_universal.size_ratio: 1
2019/10/17-14:55:14.599521 7fc3a9fcb700 Options.compaction_options_universal.min_merge_width: 2
2019/10/17-14:55:14.599522 7fc3a9fcb700 Options.compaction_options_universal.max_merge_width: 4294967295
2019/10/17-14:55:14.599523 7fc3a9fcb700 Options.compaction_options_universal.max_size_amplification_percent: 200
2019/10/17-14:55:14.599524 7fc3a9fcb700 Options.compaction_options_universal.compression_size_percent: -1
2019/10/17-14:55:14.599525 7fc3a9fcb700 Options.compaction_options_universal.stop_style: kCompactionStopStyleTotalSize
2019/10/17-14:55:14.599526 7fc3a9fcb700 Options.compaction_options_fifo.max_table_files_size: 1073741824
2019/10/17-14:55:14.599528 7fc3a9fcb700 Options.compaction_options_fifo.allow_compaction: 0
2019/10/17-14:55:14.599528 7fc3a9fcb700 Options.compaction_options_fifo.ttl: 0
2019/10/17-14:55:14.599529 7fc3a9fcb700                   Options.table_properties_collectors: 
2019/10/17-14:55:14.599530 7fc3a9fcb700                   Options.inplace_update_support: 0
2019/10/17-14:55:14.599531 7fc3a9fcb700                 Options.inplace_update_num_locks: 10000
2019/10/17-14:55:14.599532 7fc3a9fcb700               Options.memtable_prefix_bloom_size_ratio: 0.000000
2019/10/17-14:55:14.599534 7fc3a9fcb700   Options.memtable_huge_page_size: 0
2019/10/17-14:55:14.599535 7fc3a9fcb700                           Options.bloom_locality: 0
2019/10/17-14:55:14.599536 7fc3a9fcb700                    Options.max_successive_merges: 0
2019/10/17-14:55:14.599537 7fc3a9fcb700                Options.optimize_filters_for_hits: 0
2019/10/17-14:55:14.599538 7fc3a9fcb700                Options.paranoid_file_checks: 0
2019/10/17-14:55:14.599539 7fc3a9fcb700                Options.force_consistency_checks: 0
2019/10/17-14:55:14.599540 7fc3a9fcb700                Options.report_bg_io_stats: 0
2019/10/17-14:55:14.599540 7fc3a9fcb700                               Options.ttl: 0
2019/10/17-14:55:14.599558 7fc3a9fcb700 [db/column_family.cc:472] --------------- Options for column family [dc_entries]:
2019/10/17-14:55:14.599560 7fc3a9fcb700               Options.comparator: leveldb.BytewiseComparator
2019/10/17-14:55:14.599561 7fc3a9fcb700           Options.merge_operator: None
2019/10/17-14:55:14.599562 7fc3a9fcb700        Options.compaction_filter: None
2019/10/17-14:55:14.599563 7fc3a9fcb700        Options.compaction_filter_factory: None
2019/10/17-14:55:14.599564 7fc3a9fcb700         Options.memtable_factory: SkipListFactory
2019/10/17-14:55:14.599565 7fc3a9fcb700            Options.table_factory: BlockBasedTable
2019/10/17-14:55:14.599577 7fc3a9fcb700            table_factory options:   flush_block_policy_factory: FlushBlockBySizePolicyFactory (0x7fc35002cbf0)
  cache_index_and_filter_blocks: 0
  cache_index_and_filter_blocks_with_high_priority: 0
  pin_l0_filter_and_index_blocks_in_cache: 0
  pin_top_level_index_and_filter: 1
  index_type: 0
  hash_index_allow_collision: 1
  checksum: 1
  no_block_cache: 0
  block_cache: 0x7fc35003d160
  block_cache_name: LRUCache
  block_cache_options:
    capacity : 8388608
    num_shard_bits : 4
    strict_capacity_limit : 0
    memory_allocator : None
    high_pri_pool_ratio: 0.000
  block_cache_compressed: (nil)
  persistent_cache: (nil)
  block_size: 4096
  block_size_deviation: 10
  block_restart_interval: 16
  index_block_restart_interval: 1
  metadata_block_size: 4096
  partition_filters: 0
  use_delta_encoding: 1
  filter_policy: nullptr
  whole_key_filtering: 1
  verify_compression: 0
  read_amp_bytes_per_bit: 0
  format_version: 2
  enable_index_compression: 1
  block_align: 0
2019/10/17-14:55:14.599585 7fc3a9fcb700        Options.write_buffer_size: 67108864
2019/10/17-14:55:14.599586 7fc3a9fcb700  Options.max_write_buffer_number: 2
2019/10/17-14:55:14.599587 7fc3a9fcb700          Options.compression: NoCompression
2019/10/17-14:55:14.599588 7fc3a9fcb700                  Options.bottommost_compression: Disabled
2019/10/17-14:55:14.599589 7fc3a9fcb700       Options.prefix_extractor: nullptr
2019/10/17-14:55:14.599590 7fc3a9fcb700   Options.memtable_insert_with_hint_prefix_extractor: nullptr
2019/10/17-14:55:14.599591 7fc3a9fcb700             Options.num_levels: 7
2019/10/17-14:55:14.599592 7fc3a9fcb700        Options.min_write_buffer_number_to_merge: 1
2019/10/17-14:55:14.599593 7fc3a9fcb700     Options.max_write_buffer_number_to_maintain: 0
2019/10/17-14:55:14.599594 7fc3a9fcb700            Options.bottommost_compression_opts.window_bits: -14
2019/10/17-14:55:14.599595 7fc3a9fcb700                  Options.bottommost_compression_opts.level: 32767
2019/10/17-14:55:14.599596 7fc3a9fcb700               Options.bottommost_compression_opts.strategy: 0
2019/10/17-14:55:14.599597 7fc3a9fcb700         Options.bottommost_compression_opts.max_dict_bytes: 0
2019/10/17-14:55:14.599598 7fc3a9fcb700         Options.bottommost_compression_opts.zstd_max_train_bytes: 0
2019/10/17-14:55:14.599599 7fc3a9fcb700                  Options.bottommost_compression_opts.enabled: false
2019/10/17-14:55:14.599600 7fc3a9fcb700            Options.compression_opts.window_bits: -14
2019/10/17-14:55:14.599601 7fc3a9fcb700                  Options.compression_opts.level: 32767
2019/10/17-14:55:14.599602 7fc3a9fcb700               Options.compression_opts.strategy: 0
2019/10/17-14:55:14.599603 7fc3a9fcb700         Options.compression_opts.max_dict_bytes: 0
2019/10/17-14:55:14.599604 7fc3a9fcb700         Options.compression_opts.zstd_max_train_bytes: 0
2019/10/17-14:55:14.599605 7fc3a9fcb700                  Options.compression_opts.enabled: false
2019/10/17-14:55:14.599606 7fc3a9fcb700      Options.level0_file_num_compaction_trigger: 4
2019/10/17-14:55:14.599607 7fc3a9fcb700          Options.level0_slowdown_writes_trigger: 20
2019/10/17-14:55:14.599608 7fc3a9fcb700              Options.level0_stop_writes_trigger: 36
2019/10/17-14:55:14.599608 7fc3a9fcb700                   Options.target_file_size_base: 67108864
2019/10/17-14:55:14.599610 7fc3a9fcb700             Options.target_file_size_multiplier: 1
2019/10/17-14:55:14.599610 7fc3a9fcb700                Options.max_bytes_for_level_base: 268435456
2019/10/17-14:55:14.599611 7fc3a9fcb700 Options.level_compaction_dynamic_level_bytes: 0
2019/10/17-14:55:14.599612 7fc3a9fcb700          Options.max_bytes_for_level_multiplier: 10.000000
2019/10/17-14:55:14.599614 7fc3a9fcb700 Options.max_bytes_for_level_multiplier_addtl[0]: 1
2019/10/17-14:55:14.599615 7fc3a9fcb700 Options.max_bytes_for_level_multiplier_addtl[1]: 1
2019/10/17-14:55:14.599616 7fc3a9fcb700 Options.max_bytes_for_level_multiplier_addtl[2]: 1
2019/10/17-14:55:14.599617 7fc3a9fcb700 Options.max_bytes_for_level_multiplier_addtl[3]: 1
2019/10/17-14:55:14.599618 7fc3a9fcb700 Options.max_bytes_for_level_multiplier_addtl[4]: 1
2019/10/17-14:55:14.599619 7fc3a9fcb700 Options.max_bytes_for_level_multiplier_addtl[5]: 1
2019/10/17-14:55:14.599620 7fc3a9fcb700 Options.max_bytes_for_level_multiplier_addtl[6]: 1
2019/10/17-14:55:14.599621 7fc3a9fcb700       Options.max_sequential_skip_in_iterations: 8
2019/10/17-14:55:14.599622 7fc3a9fcb700                    Options.max_compaction_bytes: 1677721600
2019/10/17-14:55:14.599623 7fc3a9fcb700                        Options.arena_block_size: 8388608
2019/10/17-14:55:14.599624 7fc3a9fcb700   Options.soft_pending_compaction_bytes_limit: 68719476736
2019/10/17-14:55:14.599625 7fc3a9fcb700   Options.hard_pending_compaction_bytes_limit: 274877906944
2019/10/17-14:55:14.599626 7fc3a9fcb700       Options.rate_limit_delay_max_milliseconds: 100
2019/10/17-14:55:14.599627 7fc3a9fcb700                Options.disable_auto_compactions: 0
2019/10/17-14:55:14.599633 7fc3a9fcb700                        Options.compaction_style: kCompactionStyleLevel
2019/10/17-14:55:14.599634 7fc3a9fcb700                          Options.compaction_pri: kByCompensatedSize
2019/10/17-14:55:14.599635 7fc3a9fcb700 Options.compaction_options_universal.size_ratio: 1
2019/10/17-14:55:14.599636 7fc3a9fcb700 Options.compaction_options_universal.min_merge_width: 2
2019/10/17-14:55:14.599637 7fc3a9fcb700 Options.compaction_options_universal.max_merge_width: 4294967295
2019/10/17-14:55:14.599638 7fc3a9fcb700 Options.compaction_options_universal.max_size_amplification_percent: 200
2019/10/17-14:55:14.599639 7fc3a9fcb700 Options.compaction_options_universal.compression_size_percent: -1
2019/10/17-14:55:14.599640 7fc3a9fcb700 Options.compaction_options_universal.stop_style: kCompactionStopStyleTotalSize
2019/10/17-14:55:14.599641 7fc3a9fcb700 Options.compaction_options_fifo.max_table_files_size: 1073741824
2019/10/17-14:55:14.599642 7fc3a9fcb700 Options.compaction_options_fifo.allow_compaction: 0
2019/10/17-14:55:14.599643 7fc3a9fcb700 Options.compaction_options_fifo.ttl: 0
2019/10/17-14:55:14.599644 7fc3a9fcb700                   Options.table_properties_collectors: 
2019/10/17-14:55:14.599645 7fc3a9fcb700                   Options.inplace_update_support: 0
2019/10/17-14:55:14.599646 7fc3a9fcb700                 Options.inplace_update_num_locks: 10000
2019/10/17-14:55:14.599647 7fc3a9fcb700               Options.memtable_prefix_bloom_size_ratio: 0.000000
2019/10/17-14:55:14.599648 7fc3a9fcb700   Options.memtable_huge_page_size: 0
2019/10/17-14:55:14.599649 7fc3a9fcb700                           Options.bloom_locality: 0
2019/10/17-14:55:14.599650 7fc3a9fcb700                    Options.max_successive_merges: 0
2019/10/17-14:55:14.599651 7fc3a9fcb700                Options.optimize_filters_for_hits: 0
2019/10/17-14:55:14.599652 7fc3a9fcb700                Options.paranoid_file_checks: 0
2019/10/17-14:55:14.599653 7fc3a9fcb700                Options.force_consistency_checks: 0
2019/10/17-14:55:14.599654 7fc3a9fcb700                Options.report_bg_io_stats: 0
2019/10/17-14:55:14.599655 7fc3a9fcb700                               Options.ttl: 0
2019/10/17-14:55:14.599670 7fc3a9fcb700 [db/column_family.cc:472] --------------- Options for column family [htlcs]:
2019/10/17-14:55:14.599672 7fc3a9fcb700               Options.comparator: leveldb.BytewiseComparator
2019/10/17-14:55:14.599673 7fc3a9fcb700           Options.merge_operator: None
2019/10/17-14:55:14.599674 7fc3a9fcb700        Options.compaction_filter: None
2019/10/17-14:55:14.599675 7fc3a9fcb700        Options.compaction_filter_factory: None
2019/10/17-14:55:14.599676 7fc3a9fcb700         Options.memtable_factory: SkipListFactory
2019/10/17-14:55:14.599677 7fc3a9fcb700            Options.table_factory: BlockBasedTable
2019/10/17-14:55:14.599688 7fc3a9fcb700            table_factory options:   flush_block_policy_factory: FlushBlockBySizePolicyFactory (0x7fc350075e90)
