2019/10/17-14:56:11.513304 7fbc2cd30700 RocksDB version: 5.18.3
2019/10/17-14:56:11.513337 7fbc2cd30700 Git sha rocksdb_build_git_sha:@0@
2019/10/17-14:56:11.513339 7fbc2cd30700 Compile date Sep 19 2019
2019/10/17-14:56:11.513340 7fbc2cd30700 DB SUMMARY
2019/10/17-14:56:11.513974 7fbc2cd30700 CURRENT file:  CURRENT
2019/10/17-14:56:11.513976 7fbc2cd30700 IDENTITY file:  IDENTITY
2019/10/17-14:56:11.514001 7fbc2cd30700 MANIFEST file:  MANIFEST-116896 size: 4114 Bytes
2019/10/17-14:56:11.514002 7fbc2cd30700 SST files in /home/rahul/dev/blockchain-core/eqc/ledger.db dir, Total Num: 29, files: 000624.sst 000627.sst 106940.sst 108447.sst 108450.sst 109471.sst 109483.sst 109485.sst 109486.sst 
2019/10/17-14:56:11.514003 7fbc2cd30700 Write Ahead Log file in /home/rahul/dev/blockchain-core/eqc/ledger.db: 116897.log size: 0 ; 
2019/10/17-14:56:11.514032 7fbc2cd30700                         Options.error_if_exists: 0
2019/10/17-14:56:11.514034 7fbc2cd30700                       Options.create_if_missing: 1
2019/10/17-14:56:11.514034 7fbc2cd30700                         Options.paranoid_checks: 1
2019/10/17-14:56:11.514035 7fbc2cd30700                                     Options.env: 0x7fbbafa7bc60
2019/10/17-14:56:11.514036 7fbc2cd30700                                Options.info_log: 0x7fbbb810c7a0
2019/10/17-14:56:11.514036 7fbc2cd30700                Options.max_file_opening_threads: 16
2019/10/17-14:56:11.514037 7fbc2cd30700                              Options.statistics: (nil)
2019/10/17-14:56:11.514038 7fbc2cd30700                               Options.use_fsync: 0
2019/10/17-14:56:11.514038 7fbc2cd30700                       Options.max_log_file_size: 0
2019/10/17-14:56:11.514039 7fbc2cd30700                  Options.max_manifest_file_size: 1073741824
2019/10/17-14:56:11.514040 7fbc2cd30700                   Options.log_file_time_to_roll: 0
2019/10/17-14:56:11.514040 7fbc2cd30700                       Options.keep_log_file_num: 1000
2019/10/17-14:56:11.514041 7fbc2cd30700                    Options.recycle_log_file_num: 0
2019/10/17-14:56:11.514042 7fbc2cd30700                         Options.allow_fallocate: 1
2019/10/17-14:56:11.514043 7fbc2cd30700                        Options.allow_mmap_reads: 0
2019/10/17-14:56:11.514043 7fbc2cd30700                       Options.allow_mmap_writes: 0
2019/10/17-14:56:11.514044 7fbc2cd30700                        Options.use_direct_reads: 0
2019/10/17-14:56:11.514044 7fbc2cd30700                        Options.use_direct_io_for_flush_and_compaction: 0
2019/10/17-14:56:11.514045 7fbc2cd30700          Options.create_missing_column_families: 0
2019/10/17-14:56:11.514046 7fbc2cd30700                              Options.db_log_dir: 
2019/10/17-14:56:11.514046 7fbc2cd30700                                 Options.wal_dir: /home/rahul/dev/blockchain-core/eqc/ledger.db
2019/10/17-14:56:11.514047 7fbc2cd30700                Options.table_cache_numshardbits: 6
2019/10/17-14:56:11.514048 7fbc2cd30700                      Options.max_subcompactions: 1
2019/10/17-14:56:11.514048 7fbc2cd30700                  Options.max_background_flushes: -1
2019/10/17-14:56:11.514049 7fbc2cd30700                         Options.WAL_ttl_seconds: 0
2019/10/17-14:56:11.514050 7fbc2cd30700                       Options.WAL_size_limit_MB: 0
2019/10/17-14:56:11.514050 7fbc2cd30700             Options.manifest_preallocation_size: 4194304
2019/10/17-14:56:11.514051 7fbc2cd30700                     Options.is_fd_close_on_exec: 1
2019/10/17-14:56:11.514052 7fbc2cd30700                   Options.advise_random_on_open: 1
2019/10/17-14:56:11.514052 7fbc2cd30700                    Options.db_write_buffer_size: 0
2019/10/17-14:56:11.514053 7fbc2cd30700                    Options.write_buffer_manager: 0x7fbbb803a4f0
2019/10/17-14:56:11.514053 7fbc2cd30700         Options.access_hint_on_compaction_start: 1
2019/10/17-14:56:11.514054 7fbc2cd30700  Options.new_table_reader_for_compaction_inputs: 0
2019/10/17-14:56:11.514055 7fbc2cd30700           Options.random_access_max_buffer_size: 1048576
2019/10/17-14:56:11.514055 7fbc2cd30700                      Options.use_adaptive_mutex: 0
2019/10/17-14:56:11.514056 7fbc2cd30700                            Options.rate_limiter: (nil)
2019/10/17-14:56:11.514065 7fbc2cd30700     Options.sst_file_manager.rate_bytes_per_sec: 0
2019/10/17-14:56:11.514066 7fbc2cd30700                       Options.wal_recovery_mode: 2
2019/10/17-14:56:11.514067 7fbc2cd30700                  Options.enable_thread_tracking: 0
2019/10/17-14:56:11.514067 7fbc2cd30700                  Options.enable_pipelined_write: 0
2019/10/17-14:56:11.514068 7fbc2cd30700         Options.allow_concurrent_memtable_write: 1
2019/10/17-14:56:11.514069 7fbc2cd30700      Options.enable_write_thread_adaptive_yield: 1
2019/10/17-14:56:11.514069 7fbc2cd30700             Options.write_thread_max_yield_usec: 100
2019/10/17-14:56:11.514070 7fbc2cd30700            Options.write_thread_slow_yield_usec: 3
2019/10/17-14:56:11.514071 7fbc2cd30700                               Options.row_cache: None
2019/10/17-14:56:11.514071 7fbc2cd30700                              Options.wal_filter: None
2019/10/17-14:56:11.514072 7fbc2cd30700             Options.avoid_flush_during_recovery: 0
2019/10/17-14:56:11.514073 7fbc2cd30700             Options.allow_ingest_behind: 0
2019/10/17-14:56:11.514073 7fbc2cd30700             Options.preserve_deletes: 0
2019/10/17-14:56:11.514074 7fbc2cd30700             Options.two_write_queues: 0
2019/10/17-14:56:11.514074 7fbc2cd30700             Options.manual_wal_flush: 0
2019/10/17-14:56:11.514075 7fbc2cd30700             Options.max_background_jobs: 2
2019/10/17-14:56:11.514076 7fbc2cd30700             Options.max_background_compactions: -1
2019/10/17-14:56:11.514076 7fbc2cd30700             Options.avoid_flush_during_shutdown: 0
2019/10/17-14:56:11.514077 7fbc2cd30700           Options.writable_file_max_buffer_size: 1048576
2019/10/17-14:56:11.514078 7fbc2cd30700             Options.delayed_write_rate : 16777216
2019/10/17-14:56:11.514078 7fbc2cd30700             Options.max_total_wal_size: 0
2019/10/17-14:56:11.514079 7fbc2cd30700             Options.delete_obsolete_files_period_micros: 21600000000
2019/10/17-14:56:11.514080 7fbc2cd30700                   Options.stats_dump_period_sec: 600
2019/10/17-14:56:11.514080 7fbc2cd30700                          Options.max_open_files: -1
2019/10/17-14:56:11.514081 7fbc2cd30700                          Options.bytes_per_sync: 0
2019/10/17-14:56:11.514082 7fbc2cd30700                      Options.wal_bytes_per_sync: 0
2019/10/17-14:56:11.514082 7fbc2cd30700       Options.compaction_readahead_size: 0
2019/10/17-14:56:11.514083 7fbc2cd30700 Compression algorithms supported:
2019/10/17-14:56:11.514084 7fbc2cd30700 	kZSTDNotFinalCompression supported: 0
2019/10/17-14:56:11.514085 7fbc2cd30700 	kZSTD supported: 0
2019/10/17-14:56:11.514085 7fbc2cd30700 	kXpressCompression supported: 0
2019/10/17-14:56:11.514086 7fbc2cd30700 	kLZ4HCCompression supported: 0
2019/10/17-14:56:11.514087 7fbc2cd30700 	kLZ4Compression supported: 0
2019/10/17-14:56:11.514087 7fbc2cd30700 	kBZip2Compression supported: 0
2019/10/17-14:56:11.514088 7fbc2cd30700 	kZlibCompression supported: 0
2019/10/17-14:56:11.514089 7fbc2cd30700 	kSnappyCompression supported: 0
2019/10/17-14:56:11.514090 7fbc2cd30700 Fast CRC32 supported: Supported on x86
2019/10/17-14:56:11.514170 7fbc2cd30700 [db/version_set.cc:3507] Recovering from manifest file: MANIFEST-116896
2019/10/17-14:56:11.514198 7fbc2cd30700 [db/column_family.cc:472] --------------- Options for column family [default]:
2019/10/17-14:56:11.514199 7fbc2cd30700               Options.comparator: leveldb.BytewiseComparator
2019/10/17-14:56:11.514200 7fbc2cd30700           Options.merge_operator: None
2019/10/17-14:56:11.514201 7fbc2cd30700        Options.compaction_filter: None
2019/10/17-14:56:11.514201 7fbc2cd30700        Options.compaction_filter_factory: None
2019/10/17-14:56:11.514202 7fbc2cd30700         Options.memtable_factory: SkipListFactory
2019/10/17-14:56:11.514203 7fbc2cd30700            Options.table_factory: BlockBasedTable
2019/10/17-14:56:11.514216 7fbc2cd30700            table_factory options:   flush_block_policy_factory: FlushBlockBySizePolicyFactory (0x7fbbb8036b00)
  cache_index_and_filter_blocks: 0
  cache_index_and_filter_blocks_with_high_priority: 0
  pin_l0_filter_and_index_blocks_in_cache: 0
  pin_top_level_index_and_filter: 1
  index_type: 0
  hash_index_allow_collision: 1
  checksum: 1
  no_block_cache: 0
  block_cache: 0x7fbbb8420bd0
  block_cache_name: LRUCache
  block_cache_options:
    capacity : 8388608
    num_shard_bits : 4
    strict_capacity_limit : 0
    memory_allocator : None
    high_pri_pool_ratio: 0.000
  block_cache_compressed: (nil)
  persistent_cache: (nil)
  block_size: 4096
  block_size_deviation: 10
  block_restart_interval: 16
  index_block_restart_interval: 1
  metadata_block_size: 4096
  partition_filters: 0
  use_delta_encoding: 1
  filter_policy: nullptr
  whole_key_filtering: 1
  verify_compression: 0
  read_amp_bytes_per_bit: 0
  format_version: 2
  enable_index_compression: 1
  block_align: 0
2019/10/17-14:56:11.514224 7fbc2cd30700        Options.write_buffer_size: 67108864
2019/10/17-14:56:11.514225 7fbc2cd30700  Options.max_write_buffer_number: 2
2019/10/17-14:56:11.514226 7fbc2cd30700          Options.compression: NoCompression
2019/10/17-14:56:11.514226 7fbc2cd30700                  Options.bottommost_compression: Disabled
2019/10/17-14:56:11.514227 7fbc2cd30700       Options.prefix_extractor: nullptr
2019/10/17-14:56:11.514228 7fbc2cd30700   Options.memtable_insert_with_hint_prefix_extractor: nullptr
2019/10/17-14:56:11.514228 7fbc2cd30700             Options.num_levels: 7
2019/10/17-14:56:11.514229 7fbc2cd30700        Options.min_write_buffer_number_to_merge: 1
2019/10/17-14:56:11.514229 7fbc2cd30700     Options.max_write_buffer_number_to_maintain: 0
2019/10/17-14:56:11.514230 7fbc2cd30700            Options.bottommost_compression_opts.window_bits: -14
2019/10/17-14:56:11.514231 7fbc2cd30700                  Options.bottommost_compression_opts.level: 32767
2019/10/17-14:56:11.514232 7fbc2cd30700               Options.bottommost_compression_opts.strategy: 0
2019/10/17-14:56:11.514232 7fbc2cd30700         Options.bottommost_compression_opts.max_dict_bytes: 0
2019/10/17-14:56:11.514233 7fbc2cd30700         Options.bottommost_compression_opts.zstd_max_train_bytes: 0
2019/10/17-14:56:11.514233 7fbc2cd30700                  Options.bottommost_compression_opts.enabled: false
2019/10/17-14:56:11.514234 7fbc2cd30700            Options.compression_opts.window_bits: -14
2019/10/17-14:56:11.514235 7fbc2cd30700                  Options.compression_opts.level: 32767
2019/10/17-14:56:11.514235 7fbc2cd30700               Options.compression_opts.strategy: 0
2019/10/17-14:56:11.514236 7fbc2cd30700         Options.compression_opts.max_dict_bytes: 0
2019/10/17-14:56:11.514237 7fbc2cd30700         Options.compression_opts.zstd_max_train_bytes: 0
2019/10/17-14:56:11.514237 7fbc2cd30700                  Options.compression_opts.enabled: false
2019/10/17-14:56:11.514238 7fbc2cd30700      Options.level0_file_num_compaction_trigger: 4
2019/10/17-14:56:11.514239 7fbc2cd30700          Options.level0_slowdown_writes_trigger: 20
2019/10/17-14:56:11.514239 7fbc2cd30700              Options.level0_stop_writes_trigger: 36
2019/10/17-14:56:11.514240 7fbc2cd30700                   Options.target_file_size_base: 67108864
2019/10/17-14:56:11.514241 7fbc2cd30700             Options.target_file_size_multiplier: 1
2019/10/17-14:56:11.514241 7fbc2cd30700                Options.max_bytes_for_level_base: 268435456
2019/10/17-14:56:11.514242 7fbc2cd30700 Options.level_compaction_dynamic_level_bytes: 0
2019/10/17-14:56:11.514242 7fbc2cd30700          Options.max_bytes_for_level_multiplier: 10.000000
2019/10/17-14:56:11.514245 7fbc2cd30700 Options.max_bytes_for_level_multiplier_addtl[0]: 1
2019/10/17-14:56:11.514245 7fbc2cd30700 Options.max_bytes_for_level_multiplier_addtl[1]: 1
2019/10/17-14:56:11.514246 7fbc2cd30700 Options.max_bytes_for_level_multiplier_addtl[2]: 1
2019/10/17-14:56:11.514247 7fbc2cd30700 Options.max_bytes_for_level_multiplier_addtl[3]: 1
2019/10/17-14:56:11.514247 7fbc2cd30700 Options.max_bytes_for_level_multiplier_addtl[4]: 1
2019/10/17-14:56:11.514251 7fbc2cd30700 Options.max_bytes_for_level_multiplier_addtl[5]: 1
2019/10/17-14:56:11.514252 7fbc2cd30700 Options.max_bytes_for_level_multiplier_addtl[6]: 1
2019/10/17-14:56:11.514253 7fbc2cd30700       Options.max_sequential_skip_in_iterations: 8
2019/10/17-14:56:11.514253 7fbc2cd30700                    Options.max_compaction_bytes: 1677721600
2019/10/17-14:56:11.514254 7fbc2cd30700                        Options.arena_block_size: 8388608
2019/10/17-14:56:11.514255 7fbc2cd30700   Options.soft_pending_compaction_bytes_limit: 68719476736
2019/10/17-14:56:11.514255 7fbc2cd30700   Options.hard_pending_compaction_bytes_limit: 274877906944
2019/10/17-14:56:11.514256 7fbc2cd30700       Options.rate_limit_delay_max_milliseconds: 100
2019/10/17-14:56:11.514257 7fbc2cd30700                Options.disable_auto_compactions: 0
2019/10/17-14:56:11.514258 7fbc2cd30700                        Options.compaction_style: kCompactionStyleLevel
2019/10/17-14:56:11.514259 7fbc2cd30700                          Options.compaction_pri: kByCompensatedSize
2019/10/17-14:56:11.514260 7fbc2cd30700 Options.compaction_options_universal.size_ratio: 1
2019/10/17-14:56:11.514260 7fbc2cd30700 Options.compaction_options_universal.min_merge_width: 2
2019/10/17-14:56:11.514261 7fbc2cd30700 Options.compaction_options_universal.max_merge_width: 4294967295
2019/10/17-14:56:11.514262 7fbc2cd30700 Options.compaction_options_universal.max_size_amplification_percent: 200
2019/10/17-14:56:11.514262 7fbc2cd30700 Options.compaction_options_universal.compression_size_percent: -1
2019/10/17-14:56:11.514263 7fbc2cd30700 Options.compaction_options_universal.stop_style: kCompactionStopStyleTotalSize
2019/10/17-14:56:11.514264 7fbc2cd30700 Options.compaction_options_fifo.max_table_files_size: 1073741824
2019/10/17-14:56:11.514264 7fbc2cd30700 Options.compaction_options_fifo.allow_compaction: 0
2019/10/17-14:56:11.514265 7fbc2cd30700 Options.compaction_options_fifo.ttl: 0
2019/10/17-14:56:11.514266 7fbc2cd30700                   Options.table_properties_collectors: 
2019/10/17-14:56:11.514266 7fbc2cd30700                   Options.inplace_update_support: 0
2019/10/17-14:56:11.514267 7fbc2cd30700                 Options.inplace_update_num_locks: 10000
2019/10/17-14:56:11.514268 7fbc2cd30700               Options.memtable_prefix_bloom_size_ratio: 0.000000
2019/10/17-14:56:11.514269 7fbc2cd30700   Options.memtable_huge_page_size: 0
2019/10/17-14:56:11.514269 7fbc2cd30700                           Options.bloom_locality: 0
2019/10/17-14:56:11.514270 7fbc2cd30700                    Options.max_successive_merges: 0
2019/10/17-14:56:11.514271 7fbc2cd30700                Options.optimize_filters_for_hits: 0
2019/10/17-14:56:11.514271 7fbc2cd30700                Options.paranoid_file_checks: 0
2019/10/17-14:56:11.514272 7fbc2cd30700                Options.force_consistency_checks: 0
2019/10/17-14:56:11.514272 7fbc2cd30700                Options.report_bg_io_stats: 0
2019/10/17-14:56:11.514273 7fbc2cd30700                               Options.ttl: 0
2019/10/17-14:56:11.514298 7fbc2cd30700 [db/column_family.cc:472] --------------- Options for column family [active_gateways]:
2019/10/17-14:56:11.514299 7fbc2cd30700               Options.comparator: leveldb.BytewiseComparator
2019/10/17-14:56:11.514299 7fbc2cd30700           Options.merge_operator: None
2019/10/17-14:56:11.514300 7fbc2cd30700        Options.compaction_filter: None
2019/10/17-14:56:11.514301 7fbc2cd30700        Options.compaction_filter_factory: None
2019/10/17-14:56:11.514301 7fbc2cd30700         Options.memtable_factory: SkipListFactory
2019/10/17-14:56:11.514302 7fbc2cd30700            Options.table_factory: BlockBasedTable
2019/10/17-14:56:11.514311 7fbc2cd30700            table_factory options:   flush_block_policy_factory: FlushBlockBySizePolicyFactory (0x7fbbb8098400)
  cache_index_and_filter_blocks: 0
  cache_index_and_filter_blocks_with_high_priority: 0
  pin_l0_filter_and_index_blocks_in_cache: 0
  pin_top_level_index_and_filter: 1
  index_type: 0
  hash_index_allow_collision: 1
  checksum: 1
  no_block_cache: 0
  block_cache: 0x7fbbb80a5a50
  block_cache_name: LRUCache
  block_cache_options:
    capacity : 8388608
    num_shard_bits : 4
    strict_capacity_limit : 0
    memory_allocator : None
    high_pri_pool_ratio: 0.000
  block_cache_compressed: (nil)
  persistent_cache: (nil)
  block_size: 4096
  block_size_deviation: 10
  block_restart_interval: 16
  index_block_restart_interval: 1
  metadata_block_size: 4096
  partition_filters: 0
  use_delta_encoding: 1
  filter_policy: nullptr
  whole_key_filtering: 1
  verify_compression: 0
  read_amp_bytes_per_bit: 0
  format_version: 2
  enable_index_compression: 1
  block_align: 0
2019/10/17-14:56:11.514317 7fbc2cd30700        Options.write_buffer_size: 67108864
2019/10/17-14:56:11.514318 7fbc2cd30700  Options.max_write_buffer_number: 2
2019/10/17-14:56:11.514318 7fbc2cd30700          Options.compression: NoCompression
2019/10/17-14:56:11.514319 7fbc2cd30700                  Options.bottommost_compression: Disabled
2019/10/17-14:56:11.514320 7fbc2cd30700       Options.prefix_extractor: nullptr
2019/10/17-14:56:11.514320 7fbc2cd30700   Options.memtable_insert_with_hint_prefix_extractor: nullptr
2019/10/17-14:56:11.514321 7fbc2cd30700             Options.num_levels: 7
2019/10/17-14:56:11.514322 7fbc2cd30700        Options.min_write_buffer_number_to_merge: 1
2019/10/17-14:56:11.514322 7fbc2cd30700     Options.max_write_buffer_number_to_maintain: 0
2019/10/17-14:56:11.514323 7fbc2cd30700            Options.bottommost_compression_opts.window_bits: -14
2019/10/17-14:56:11.514323 7fbc2cd30700                  Options.bottommost_compression_opts.level: 32767
2019/10/17-14:56:11.514324 7fbc2cd30700               Options.bottommost_compression_opts.strategy: 0
2019/10/17-14:56:11.514325 7fbc2cd30700         Options.bottommost_compression_opts.max_dict_bytes: 0
2019/10/17-14:56:11.514325 7fbc2cd30700         Options.bottommost_compression_opts.zstd_max_train_bytes: 0
2019/10/17-14:56:11.514326 7fbc2cd30700                  Options.bottommost_compression_opts.enabled: false
2019/10/17-14:56:11.514327 7fbc2cd30700            Options.compression_opts.window_bits: -14
2019/10/17-14:56:11.514327 7fbc2cd30700                  Options.compression_opts.level: 32767
2019/10/17-14:56:11.514328 7fbc2cd30700               Options.compression_opts.strategy: 0
2019/10/17-14:56:11.514328 7fbc2cd30700         Options.compression_opts.max_dict_bytes: 0
2019/10/17-14:56:11.514329 7fbc2cd30700         Options.compression_opts.zstd_max_train_bytes: 0
2019/10/17-14:56:11.514330 7fbc2cd30700                  Options.compression_opts.enabled: false
2019/10/17-14:56:11.514330 7fbc2cd30700      Options.level0_file_num_compaction_trigger: 4
2019/10/17-14:56:11.514331 7fbc2cd30700          Options.level0_slowdown_writes_trigger: 20
2019/10/17-14:56:11.514332 7fbc2cd30700              Options.level0_stop_writes_trigger: 36
2019/10/17-14:56:11.514332 7fbc2cd30700                   Options.target_file_size_base: 67108864
2019/10/17-14:56:11.514333 7fbc2cd30700             Options.target_file_size_multiplier: 1
2019/10/17-14:56:11.514333 7fbc2cd30700                Options.max_bytes_for_level_base: 268435456
2019/10/17-14:56:11.514334 7fbc2cd30700 Options.level_compaction_dynamic_level_bytes: 0
2019/10/17-14:56:11.514335 7fbc2cd30700          Options.max_bytes_for_level_multiplier: 10.000000
2019/10/17-14:56:11.514336 7fbc2cd30700 Options.max_bytes_for_level_multiplier_addtl[0]: 1
2019/10/17-14:56:11.514337 7fbc2cd30700 Options.max_bytes_for_level_multiplier_addtl[1]: 1
2019/10/17-14:56:11.514337 7fbc2cd30700 Options.max_bytes_for_level_multiplier_addtl[2]: 1
2019/10/17-14:56:11.514338 7fbc2cd30700 Options.max_bytes_for_level_multiplier_addtl[3]: 1
2019/10/17-14:56:11.514339 7fbc2cd30700 Options.max_bytes_for_level_multiplier_addtl[4]: 1
2019/10/17-14:56:11.514339 7fbc2cd30700 Options.max_bytes_for_level_multiplier_addtl[5]: 1
2019/10/17-14:56:11.514340 7fbc2cd30700 Options.max_bytes_for_level_multiplier_addtl[6]: 1
2019/10/17-14:56:11.514340 7fbc2cd30700       Options.max_sequential_skip_in_iterations: 8
2019/10/17-14:56:11.514344 7fbc2cd30700                    Options.max_compaction_bytes: 1677721600
2019/10/17-14:56:11.514345 7fbc2cd30700                        Options.arena_block_size: 8388608
2019/10/17-14:56:11.514346 7fbc2cd30700   Options.soft_pending_compaction_bytes_limit: 68719476736
2019/10/17-14:56:11.514346 7fbc2cd30700   Options.hard_pending_compaction_bytes_limit: 274877906944
2019/10/17-14:56:11.514347 7fbc2cd30700       Options.rate_limit_delay_max_milliseconds: 100
2019/10/17-14:56:11.514348 7fbc2cd30700                Options.disable_auto_compactions: 0
2019/10/17-14:56:11.514348 7fbc2cd30700                        Options.compaction_style: kCompactionStyleLevel
2019/10/17-14:56:11.514349 7fbc2cd30700                          Options.compaction_pri: kByCompensatedSize
2019/10/17-14:56:11.514350 7fbc2cd30700 Options.compaction_options_universal.size_ratio: 1
2019/10/17-14:56:11.514350 7fbc2cd30700 Options.compaction_options_universal.min_merge_width: 2
2019/10/17-14:56:11.514351 7fbc2cd30700 Options.compaction_options_universal.max_merge_width: 4294967295
2019/10/17-14:56:11.514352 7fbc2cd30700 Options.compaction_options_universal.max_size_amplification_percent: 200
2019/10/17-14:56:11.514352 7fbc2cd30700 Options.compaction_options_universal.compression_size_percent: -1
2019/10/17-14:56:11.514353 7fbc2cd30700 Options.compaction_options_universal.stop_style: kCompactionStopStyleTotalSize
2019/10/17-14:56:11.514354 7fbc2cd30700 Options.compaction_options_fifo.max_table_files_size: 1073741824
2019/10/17-14:56:11.514354 7fbc2cd30700 Options.compaction_options_fifo.allow_compaction: 0
2019/10/17-14:56:11.514355 7fbc2cd30700 Options.compaction_options_fifo.ttl: 0
2019/10/17-14:56:11.514356 7fbc2cd30700                   Options.table_properties_collectors: 
2019/10/17-14:56:11.514356 7fbc2cd30700                   Options.inplace_update_support: 0
2019/10/17-14:56:11.514357 7fbc2cd30700                 Options.inplace_update_num_locks: 10000
2019/10/17-14:56:11.514358 7fbc2cd30700               Options.memtable_prefix_bloom_size_ratio: 0.000000
2019/10/17-14:56:11.514358 7fbc2cd30700   Options.memtable_huge_page_size: 0
2019/10/17-14:56:11.514359 7fbc2cd30700                           Options.bloom_locality: 0
2019/10/17-14:56:11.514360 7fbc2cd30700                    Options.max_successive_merges: 0
2019/10/17-14:56:11.514360 7fbc2cd30700                Options.optimize_filters_for_hits: 0
2019/10/17-14:56:11.514361 7fbc2cd30700                Options.paranoid_file_checks: 0
2019/10/17-14:56:11.514362 7fbc2cd30700                Options.force_consistency_checks: 0
2019/10/17-14:56:11.514362 7fbc2cd30700                Options.report_bg_io_stats: 0
2019/10/17-14:56:11.514363 7fbc2cd30700                               Options.ttl: 0
2019/10/17-14:56:11.514376 7fbc2cd30700 [db/column_family.cc:472] --------------- Options for column family [entries]:
2019/10/17-14:56:11.514377 7fbc2cd30700               Options.comparator: leveldb.BytewiseComparator
2019/10/17-14:56:11.514378 7fbc2cd30700           Options.merge_operator: None
2019/10/17-14:56:11.514378 7fbc2cd30700        Options.compaction_filter: None
2019/10/17-14:56:11.514379 7fbc2cd30700        Options.compaction_filter_factory: None
2019/10/17-14:56:11.514380 7fbc2cd30700         Options.memtable_factory: SkipListFactory
2019/10/17-14:56:11.514380 7fbc2cd30700            Options.table_factory: BlockBasedTable
2019/10/17-14:56:11.514389 7fbc2cd30700            table_factory options:   flush_block_policy_factory: FlushBlockBySizePolicyFactory (0x7fbbb8098940)
  cache_index_and_filter_blocks: 0
  cache_index_and_filter_blocks_with_high_priority: 0
  pin_l0_filter_and_index_blocks_in_cache: 0
  pin_top_level_index_and_filter: 1
  index_type: 0
  hash_index_allow_collision: 1
  checksum: 1
  no_block_cache: 0
  block_cache: 0x7fbbb8094f10
  block_cache_name: LRUCache
  block_cache_options:
    capacity : 8388608
    num_shard_bits : 4
    strict_capacity_limit : 0
    memory_allocator : None
    high_pri_pool_ratio: 0.000
  block_cache_compressed: (nil)
  persistent_cache: (nil)
  block_size: 4096
  block_size_deviation: 10
  block_restart_interval: 16
  index_block_restart_interval: 1
  metadata_block_size: 4096
  partition_filters: 0
  use_delta_encoding: 1
  filter_policy: nullptr
  whole_key_filtering: 1
  verify_compression: 0
  read_amp_bytes_per_bit: 0
  format_version: 2
  enable_index_compression: 1
  block_align: 0
2019/10/17-14:56:11.514394 7fbc2cd30700        Options.write_buffer_size: 67108864
2019/10/17-14:56:11.514395 7fbc2cd30700  Options.max_write_buffer_number: 2
2019/10/17-14:56:11.514395 7fbc2cd30700          Options.compression: NoCompression
2019/10/17-14:56:11.514396 7fbc2cd30700                  Options.bottommost_compression: Disabled
2019/10/17-14:56:11.514397 7fbc2cd30700       Options.prefix_extractor: nullptr
2019/10/17-14:56:11.514397 7fbc2cd30700   Options.memtable_insert_with_hint_prefix_extractor: nullptr
2019/10/17-14:56:11.514398 7fbc2cd30700             Options.num_levels: 7
2019/10/17-14:56:11.514398 7fbc2cd30700        Options.min_write_buffer_number_to_merge: 1
2019/10/17-14:56:11.514399 7fbc2cd30700     Options.max_write_buffer_number_to_maintain: 0
2019/10/17-14:56:11.514400 7fbc2cd30700            Options.bottommost_compression_opts.window_bits: -14
2019/10/17-14:56:11.514400 7fbc2cd30700                  Options.bottommost_compression_opts.level: 32767
2019/10/17-14:56:11.514401 7fbc2cd30700               Options.bottommost_compression_opts.strategy: 0
2019/10/17-14:56:11.514402 7fbc2cd30700         Options.bottommost_compression_opts.max_dict_bytes: 0
2019/10/17-14:56:11.514402 7fbc2cd30700         Options.bottommost_compression_opts.zstd_max_train_bytes: 0
2019/10/17-14:56:11.514403 7fbc2cd30700                  Options.bottommost_compression_opts.enabled: false
2019/10/17-14:56:11.514403 7fbc2cd30700            Options.compression_opts.window_bits: -14
2019/10/17-14:56:11.514404 7fbc2cd30700                  Options.compression_opts.level: 32767
2019/10/17-14:56:11.514405 7fbc2cd30700               Options.compression_opts.strategy: 0
2019/10/17-14:56:11.514405 7fbc2cd30700         Options.compression_opts.max_dict_bytes: 0
2019/10/17-14:56:11.514406 7fbc2cd30700         Options.compression_opts.zstd_max_train_bytes: 0
2019/10/17-14:56:11.514406 7fbc2cd30700                  Options.compression_opts.enabled: false
2019/10/17-14:56:11.514407 7fbc2cd30700      Options.level0_file_num_compaction_trigger: 4
2019/10/17-14:56:11.514408 7fbc2cd30700          Options.level0_slowdown_writes_trigger: 20
2019/10/17-14:56:11.514408 7fbc2cd30700              Options.level0_stop_writes_trigger: 36
2019/10/17-14:56:11.514409 7fbc2cd30700                   Options.target_file_size_base: 67108864
2019/10/17-14:56:11.514410 7fbc2cd30700             Options.target_file_size_multiplier: 1
2019/10/17-14:56:11.514410 7fbc2cd30700                Options.max_bytes_for_level_base: 268435456
2019/10/17-14:56:11.514411 7fbc2cd30700 Options.level_compaction_dynamic_level_bytes: 0
2019/10/17-14:56:11.514412 7fbc2cd30700          Options.max_bytes_for_level_multiplier: 10.000000
2019/10/17-14:56:11.514413 7fbc2cd30700 Options.max_bytes_for_level_multiplier_addtl[0]: 1
2019/10/17-14:56:11.514413 7fbc2cd30700 Options.max_bytes_for_level_multiplier_addtl[1]: 1
2019/10/17-14:56:11.514414 7fbc2cd30700 Options.max_bytes_for_level_multiplier_addtl[2]: 1
2019/10/17-14:56:11.514415 7fbc2cd30700 Options.max_bytes_for_level_multiplier_addtl[3]: 1
2019/10/17-14:56:11.514415 7fbc2cd30700 Options.max_bytes_for_level_multiplier_addtl[4]: 1
2019/10/17-14:56:11.514416 7fbc2cd30700 Options.max_bytes_for_level_multiplier_addtl[5]: 1
2019/10/17-14:56:11.514417 7fbc2cd30700 Options.max_bytes_for_level_multiplier_addtl[6]: 1
2019/10/17-14:56:11.514417 7fbc2cd30700       Options.max_sequential_skip_in_iterations: 8
2019/10/17-14:56:11.514418 7fbc2cd30700                    Options.max_compaction_bytes: 1677721600
2019/10/17-14:56:11.514418 7fbc2cd30700                        Options.arena_block_size: 8388608
2019/10/17-14:56:11.514419 7fbc2cd30700   Options.soft_pending_compaction_bytes_limit: 68719476736
2019/10/17-14:56:11.514423 7fbc2cd30700   Options.hard_pending_compaction_bytes_limit: 274877906944
2019/10/17-14:56:11.514424 7fbc2cd30700       Options.rate_limit_delay_max_milliseconds: 100
2019/10/17-14:56:11.514424 7fbc2cd30700                Options.disable_auto_compactions: 0
2019/10/17-14:56:11.514425 7fbc2cd30700                        Options.compaction_style: kCompactionStyleLevel
2019/10/17-14:56:11.514426 7fbc2cd30700                          Options.compaction_pri: kByCompensatedSize
2019/10/17-14:56:11.514427 7fbc2cd30700 Options.compaction_options_universal.size_ratio: 1
2019/10/17-14:56:11.514427 7fbc2cd30700 Options.compaction_options_universal.min_merge_width: 2
2019/10/17-14:56:11.514428 7fbc2cd30700 Options.compaction_options_universal.max_merge_width: 4294967295
2019/10/17-14:56:11.514428 7fbc2cd30700 Options.compaction_options_universal.max_size_amplification_percent: 200
2019/10/17-14:56:11.514429 7fbc2cd30700 Options.compaction_options_universal.compression_size_percent: -1
2019/10/17-14:56:11.514430 7fbc2cd30700 Options.compaction_options_universal.stop_style: kCompactionStopStyleTotalSize
2019/10/17-14:56:11.514430 7fbc2cd30700 Options.compaction_options_fifo.max_table_files_size: 1073741824
2019/10/17-14:56:11.514431 7fbc2cd30700 Options.compaction_options_fifo.allow_compaction: 0
2019/10/17-14:56:11.514432 7fbc2cd30700 Options.compaction_options_fifo.ttl: 0
2019/10/17-14:56:11.514432 7fbc2cd30700                   Options.table_properties_collectors: 
2019/10/17-14:56:11.514433 7fbc2cd30700                   Options.inplace_update_support: 0
2019/10/17-14:56:11.514434 7fbc2cd30700                 Options.inplace_update_num_locks: 10000
2019/10/17-14:56:11.514434 7fbc2cd30700               Options.memtable_prefix_bloom_size_ratio: 0.000000
2019/10/17-14:56:11.514435 7fbc2cd30700   Options.memtable_huge_page_size: 0
2019/10/17-14:56:11.514436 7fbc2cd30700                           Options.bloom_locality: 0
2019/10/17-14:56:11.514436 7fbc2cd30700                    Options.max_successive_merges: 0
2019/10/17-14:56:11.514437 7fbc2cd30700                Options.optimize_filters_for_hits: 0
2019/10/17-14:56:11.514438 7fbc2cd30700                Options.paranoid_file_checks: 0
2019/10/17-14:56:11.514438 7fbc2cd30700                Options.force_consistency_checks: 0
2019/10/17-14:56:11.514439 7fbc2cd30700                Options.report_bg_io_stats: 0
2019/10/17-14:56:11.514439 7fbc2cd30700                               Options.ttl: 0
2019/10/17-14:56:11.514451 7fbc2cd30700 [db/column_family.cc:472] --------------- Options for column family [dc_entries]:
2019/10/17-14:56:11.514452 7fbc2cd30700               Options.comparator: leveldb.BytewiseComparator
2019/10/17-14:56:11.514453 7fbc2cd30700           Options.merge_operator: None
2019/10/17-14:56:11.514454 7fbc2cd30700        Options.compaction_filter: None
2019/10/17-14:56:11.514454 7fbc2cd30700        Options.compaction_filter_factory: None
2019/10/17-14:56:11.514455 7fbc2cd30700         Options.memtable_factory: SkipListFactory
2019/10/17-14:56:11.514456 7fbc2cd30700            Options.table_factory: BlockBasedTable
2019/10/17-14:56:11.514463 7fbc2cd30700            table_factory options:   flush_block_policy_factory: FlushBlockBySizePolicyFactory (0x7fbbb801b0f0)
  cache_index_and_filter_blocks: 0
  cache_index_and_filter_blocks_with_high_priority: 0
  pin_l0_filter_and_index_blocks_in_cache: 0
  pin_top_level_index_and_filter: 1
  index_type: 0
  hash_index_allow_collision: 1
  checksum: 1
  no_block_cache: 0
  block_cache: 0x7fbbb802fd00
  block_cache_name: LRUCache
  block_cache_options:
    capacity : 8388608
    num_shard_bits : 4
    strict_capacity_limit : 0
    memory_allocator : None
    high_pri_pool_ratio: 0.000
  block_cache_compressed: (nil)
  persistent_cache: (nil)
  block_size: 4096
  block_size_deviation: 10
  block_restart_interval: 16
  index_block_restart_interval: 1
  metadata_block_size: 4096
  partition_filters: 0
  use_delta_encoding: 1
  filter_policy: nullptr
  whole_key_filtering: 1
  verify_compression: 0
  read_amp_bytes_per_bit: 0
  format_version: 2
  enable_index_compression: 1
  block_align: 0
2019/10/17-14:56:11.514468 7fbc2cd30700        Options.write_buffer_size: 67108864
2019/10/17-14:56:11.514469 7fbc2cd30700  Options.max_write_buffer_number: 2
2019/10/17-14:56:11.514470 7fbc2cd30700          Options.compression: NoCompression
2019/10/17-14:56:11.514471 7fbc2cd30700                  Options.bottommost_compression: Disabled
2019/10/17-14:56:11.514471 7fbc2cd30700       Options.prefix_extractor: nullptr
2019/10/17-14:56:11.514472 7fbc2cd30700   Options.memtable_insert_with_hint_prefix_extractor: nullptr
2019/10/17-14:56:11.514472 7fbc2cd30700             Options.num_levels: 7
2019/10/17-14:56:11.514473 7fbc2cd30700        Options.min_write_buffer_number_to_merge: 1
2019/10/17-14:56:11.514474 7fbc2cd30700     Options.max_write_buffer_number_to_maintain: 0
2019/10/17-14:56:11.514474 7fbc2cd30700            Options.bottommost_compression_opts.window_bits: -14
2019/10/17-14:56:11.514475 7fbc2cd30700                  Options.bottommost_compression_opts.level: 32767
2019/10/17-14:56:11.514476 7fbc2cd30700               Options.bottommost_compression_opts.strategy: 0
2019/10/17-14:56:11.514476 7fbc2cd30700         Options.bottommost_compression_opts.max_dict_bytes: 0
2019/10/17-14:56:11.514477 7fbc2cd30700         Options.bottommost_compression_opts.zstd_max_train_bytes: 0
2019/10/17-14:56:11.514477 7fbc2cd30700                  Options.bottommost_compression_opts.enabled: false
2019/10/17-14:56:11.514478 7fbc2cd30700            Options.compression_opts.window_bits: -14
2019/10/17-14:56:11.514479 7fbc2cd30700                  Options.compression_opts.level: 32767
2019/10/17-14:56:11.514479 7fbc2cd30700               Options.compression_opts.strategy: 0
2019/10/17-14:56:11.514480 7fbc2cd30700         Options.compression_opts.max_dict_bytes: 0
2019/10/17-14:56:11.514481 7fbc2cd30700         Options.compression_opts.zstd_max_train_bytes: 0
2019/10/17-14:56:11.514481 7fbc2cd30700                  Options.compression_opts.enabled: false
2019/10/17-14:56:11.514482 7fbc2cd30700      Options.level0_file_num_compaction_trigger: 4
2019/10/17-14:56:11.514482 7fbc2cd30700          Options.level0_slowdown_writes_trigger: 20
2019/10/17-14:56:11.514483 7fbc2cd30700              Options.level0_stop_writes_trigger: 36
2019/10/17-14:56:11.514484 7fbc2cd30700                   Options.target_file_size_base: 67108864
2019/10/17-14:56:11.514484 7fbc2cd30700             Options.target_file_size_multiplier: 1
2019/10/17-14:56:11.514485 7fbc2cd30700                Options.max_bytes_for_level_base: 268435456
2019/10/17-14:56:11.514486 7fbc2cd30700 Options.level_compaction_dynamic_level_bytes: 0
2019/10/17-14:56:11.514486 7fbc2cd30700          Options.max_bytes_for_level_multiplier: 10.000000
2019/10/17-14:56:11.514487 7fbc2cd30700 Options.max_bytes_for_level_multiplier_addtl[0]: 1
2019/10/17-14:56:11.514488 7fbc2cd30700 Options.max_bytes_for_level_multiplier_addtl[1]: 1
2019/10/17-14:56:11.514489 7fbc2cd30700 Options.max_bytes_for_level_multiplier_addtl[2]: 1
2019/10/17-14:56:11.514489 7fbc2cd30700 Options.max_bytes_for_level_multiplier_addtl[3]: 1
2019/10/17-14:56:11.514490 7fbc2cd30700 Options.max_bytes_for_level_multiplier_addtl[4]: 1
2019/10/17-14:56:11.514490 7fbc2cd30700 Options.max_bytes_for_level_multiplier_addtl[5]: 1
2019/10/17-14:56:11.514491 7fbc2cd30700 Options.max_bytes_for_level_multiplier_addtl[6]: 1
2019/10/17-14:56:11.514492 7fbc2cd30700       Options.max_sequential_skip_in_iterations: 8
2019/10/17-14:56:11.514492 7fbc2cd30700                    Options.max_compaction_bytes: 1677721600
2019/10/17-14:56:11.514493 7fbc2cd30700                        Options.arena_block_size: 8388608
2019/10/17-14:56:11.514494 7fbc2cd30700   Options.soft_pending_compaction_bytes_limit: 68719476736
2019/10/17-14:56:11.514494 7fbc2cd30700   Options.hard_pending_compaction_bytes_limit: 274877906944
2019/10/17-14:56:11.514495 7fbc2cd30700       Options.rate_limit_delay_max_milliseconds: 100
2019/10/17-14:56:11.514495 7fbc2cd30700                Options.disable_auto_compactions: 0
2019/10/17-14:56:11.514499 7fbc2cd30700                        Options.compaction_style: kCompactionStyleLevel
2019/10/17-14:56:11.514500 7fbc2cd30700                          Options.compaction_pri: kByCompensatedSize
2019/10/17-14:56:11.514501 7fbc2cd30700 Options.compaction_options_universal.size_ratio: 1
2019/10/17-14:56:11.514502 7fbc2cd30700 Options.compaction_options_universal.min_merge_width: 2
2019/10/17-14:56:11.514502 7fbc2cd30700 Options.compaction_options_universal.max_merge_width: 4294967295
2019/10/17-14:56:11.514503 7fbc2cd30700 Options.compaction_options_universal.max_size_amplification_percent: 200
2019/10/17-14:56:11.514503 7fbc2cd30700 Options.compaction_options_universal.compression_size_percent: -1
2019/10/17-14:56:11.514504 7fbc2cd30700 Options.compaction_options_universal.stop_style: kCompactionStopStyleTotalSize
2019/10/17-14:56:11.514505 7fbc2cd30700 Options.compaction_options_fifo.max_table_files_size: 1073741824
2019/10/17-14:56:11.514505 7fbc2cd30700 Options.compaction_options_fifo.allow_compaction: 0
2019/10/17-14:56:11.514506 7fbc2cd30700 Options.compaction_options_fifo.ttl: 0
2019/10/17-14:56:11.514507 7fbc2cd30700                   Options.table_properties_collectors: 
2019/10/17-14:56:11.514507 7fbc2cd30700                   Options.inplace_update_support: 0
2019/10/17-14:56:11.514508 7fbc2cd30700                 Options.inplace_update_num_locks: 10000
2019/10/17-14:56:11.514508 7fbc2cd30700               Options.memtable_prefix_bloom_size_ratio: 0.000000
2019/10/17-14:56:11.514509 7fbc2cd30700   Options.memtable_huge_page_size: 0
2019/10/17-14:56:11.514510 7fbc2cd30700                           Options.bloom_locality: 0
2019/10/17-14:56:11.514511 7fbc2cd30700                    Options.max_successive_merges: 0
2019/10/17-14:56:11.514511 7fbc2cd30700                Options.optimize_filters_for_hits: 0
2019/10/17-14:56:11.514512 7fbc2cd30700                Options.paranoid_file_checks: 0
2019/10/17-14:56:11.514512 7fbc2cd30700                Options.force_consistency_checks: 0
2019/10/17-14:56:11.514513 7fbc2cd30700                Options.report_bg_io_stats: 0
2019/10/17-14:56:11.514514 7fbc2cd30700                               Options.ttl: 0
2019/10/17-14:56:11.514524 7fbc2cd30700 [db/column_family.cc:472] --------------- Options for column family [htlcs]:
2019/10/17-14:56:11.514525 7fbc2cd30700               Options.comparator: leveldb.BytewiseComparator
2019/10/17-14:56:11.514526 7fbc2cd30700           Options.merge_operator: None
2019/10/17-14:56:11.514526 7fbc2cd30700        Options.compaction_filter: None
2019/10/17-14:56:11.514527 7fbc2cd30700        Options.compaction_filter_factory: None
2019/10/17-14:56:11.514527 7fbc2cd30700         Options.memtable_factory: SkipListFactory
2019/10/17-14:56:11.514528 7fbc2cd30700            Options.table_factory: BlockBasedTable
2019/10/17-14:56:11.514536 7fbc2cd30700            table_factory options:   flush_block_policy_factory: FlushBlockBySizePolicyFactory (0x7fbbb8063570)
