2019/10/17-14:56:02.223122 7fbc2cd30700 RocksDB version: 5.18.3
2019/10/17-14:56:02.223150 7fbc2cd30700 Git sha rocksdb_build_git_sha:@0@
2019/10/17-14:56:02.223151 7fbc2cd30700 Compile date Sep 19 2019
2019/10/17-14:56:02.223153 7fbc2cd30700 DB SUMMARY
2019/10/17-14:56:02.223795 7fbc2cd30700 CURRENT file:  CURRENT
2019/10/17-14:56:02.223797 7fbc2cd30700 IDENTITY file:  IDENTITY
2019/10/17-14:56:02.223824 7fbc2cd30700 MANIFEST file:  MANIFEST-116692 size: 4114 Bytes
2019/10/17-14:56:02.223825 7fbc2cd30700 SST files in /home/rahul/dev/blockchain-core/eqc/ledger.db dir, Total Num: 29, files: 000624.sst 000627.sst 106940.sst 108447.sst 108450.sst 109471.sst 109483.sst 109485.sst 109486.sst 
2019/10/17-14:56:02.223826 7fbc2cd30700 Write Ahead Log file in /home/rahul/dev/blockchain-core/eqc/ledger.db: 116693.log size: 0 ; 
2019/10/17-14:56:02.223857 7fbc2cd30700                         Options.error_if_exists: 0
2019/10/17-14:56:02.223859 7fbc2cd30700                       Options.create_if_missing: 1
2019/10/17-14:56:02.223866 7fbc2cd30700                         Options.paranoid_checks: 1
2019/10/17-14:56:02.223867 7fbc2cd30700                                     Options.env: 0x7fbbafa7bc60
2019/10/17-14:56:02.223868 7fbc2cd30700                                Options.info_log: 0x7fbbb80e14e0
2019/10/17-14:56:02.223869 7fbc2cd30700                Options.max_file_opening_threads: 16
2019/10/17-14:56:02.223870 7fbc2cd30700                              Options.statistics: (nil)
2019/10/17-14:56:02.223872 7fbc2cd30700                               Options.use_fsync: 0
2019/10/17-14:56:02.223873 7fbc2cd30700                       Options.max_log_file_size: 0
2019/10/17-14:56:02.223874 7fbc2cd30700                  Options.max_manifest_file_size: 1073741824
2019/10/17-14:56:02.223875 7fbc2cd30700                   Options.log_file_time_to_roll: 0
2019/10/17-14:56:02.223876 7fbc2cd30700                       Options.keep_log_file_num: 1000
2019/10/17-14:56:02.223877 7fbc2cd30700                    Options.recycle_log_file_num: 0
2019/10/17-14:56:02.223879 7fbc2cd30700                         Options.allow_fallocate: 1
2019/10/17-14:56:02.223880 7fbc2cd30700                        Options.allow_mmap_reads: 0
2019/10/17-14:56:02.223881 7fbc2cd30700                       Options.allow_mmap_writes: 0
2019/10/17-14:56:02.223882 7fbc2cd30700                        Options.use_direct_reads: 0
2019/10/17-14:56:02.223883 7fbc2cd30700                        Options.use_direct_io_for_flush_and_compaction: 0
2019/10/17-14:56:02.223884 7fbc2cd30700          Options.create_missing_column_families: 0
2019/10/17-14:56:02.223885 7fbc2cd30700                              Options.db_log_dir: 
2019/10/17-14:56:02.223886 7fbc2cd30700                                 Options.wal_dir: /home/rahul/dev/blockchain-core/eqc/ledger.db
2019/10/17-14:56:02.223887 7fbc2cd30700                Options.table_cache_numshardbits: 6
2019/10/17-14:56:02.223888 7fbc2cd30700                      Options.max_subcompactions: 1
2019/10/17-14:56:02.223888 7fbc2cd30700                  Options.max_background_flushes: -1
2019/10/17-14:56:02.223889 7fbc2cd30700                         Options.WAL_ttl_seconds: 0
2019/10/17-14:56:02.223890 7fbc2cd30700                       Options.WAL_size_limit_MB: 0
2019/10/17-14:56:02.223891 7fbc2cd30700             Options.manifest_preallocation_size: 4194304
2019/10/17-14:56:02.223891 7fbc2cd30700                     Options.is_fd_close_on_exec: 1
2019/10/17-14:56:02.223892 7fbc2cd30700                   Options.advise_random_on_open: 1
2019/10/17-14:56:02.223893 7fbc2cd30700                    Options.db_write_buffer_size: 0
2019/10/17-14:56:02.223893 7fbc2cd30700                    Options.write_buffer_manager: 0x7fbbb805f900
2019/10/17-14:56:02.223894 7fbc2cd30700         Options.access_hint_on_compaction_start: 1
2019/10/17-14:56:02.223895 7fbc2cd30700  Options.new_table_reader_for_compaction_inputs: 0
2019/10/17-14:56:02.223896 7fbc2cd30700           Options.random_access_max_buffer_size: 1048576
2019/10/17-14:56:02.223896 7fbc2cd30700                      Options.use_adaptive_mutex: 0
2019/10/17-14:56:02.223897 7fbc2cd30700                            Options.rate_limiter: (nil)
2019/10/17-14:56:02.223906 7fbc2cd30700     Options.sst_file_manager.rate_bytes_per_sec: 0
2019/10/17-14:56:02.223907 7fbc2cd30700                       Options.wal_recovery_mode: 2
2019/10/17-14:56:02.223908 7fbc2cd30700                  Options.enable_thread_tracking: 0
2019/10/17-14:56:02.223908 7fbc2cd30700                  Options.enable_pipelined_write: 0
2019/10/17-14:56:02.223909 7fbc2cd30700         Options.allow_concurrent_memtable_write: 1
2019/10/17-14:56:02.223910 7fbc2cd30700      Options.enable_write_thread_adaptive_yield: 1
2019/10/17-14:56:02.223910 7fbc2cd30700             Options.write_thread_max_yield_usec: 100
2019/10/17-14:56:02.223911 7fbc2cd30700            Options.write_thread_slow_yield_usec: 3
2019/10/17-14:56:02.223912 7fbc2cd30700                               Options.row_cache: None
2019/10/17-14:56:02.223913 7fbc2cd30700                              Options.wal_filter: None
2019/10/17-14:56:02.223913 7fbc2cd30700             Options.avoid_flush_during_recovery: 0
2019/10/17-14:56:02.223914 7fbc2cd30700             Options.allow_ingest_behind: 0
2019/10/17-14:56:02.223915 7fbc2cd30700             Options.preserve_deletes: 0
2019/10/17-14:56:02.223915 7fbc2cd30700             Options.two_write_queues: 0
2019/10/17-14:56:02.223916 7fbc2cd30700             Options.manual_wal_flush: 0
2019/10/17-14:56:02.223917 7fbc2cd30700             Options.max_background_jobs: 2
2019/10/17-14:56:02.223918 7fbc2cd30700             Options.max_background_compactions: -1
2019/10/17-14:56:02.223918 7fbc2cd30700             Options.avoid_flush_during_shutdown: 0
2019/10/17-14:56:02.223919 7fbc2cd30700           Options.writable_file_max_buffer_size: 1048576
2019/10/17-14:56:02.223920 7fbc2cd30700             Options.delayed_write_rate : 16777216
2019/10/17-14:56:02.223920 7fbc2cd30700             Options.max_total_wal_size: 0
2019/10/17-14:56:02.223921 7fbc2cd30700             Options.delete_obsolete_files_period_micros: 21600000000
2019/10/17-14:56:02.223922 7fbc2cd30700                   Options.stats_dump_period_sec: 600
2019/10/17-14:56:02.223923 7fbc2cd30700                          Options.max_open_files: -1
2019/10/17-14:56:02.223923 7fbc2cd30700                          Options.bytes_per_sync: 0
2019/10/17-14:56:02.223924 7fbc2cd30700                      Options.wal_bytes_per_sync: 0
2019/10/17-14:56:02.223925 7fbc2cd30700       Options.compaction_readahead_size: 0
2019/10/17-14:56:02.223925 7fbc2cd30700 Compression algorithms supported:
2019/10/17-14:56:02.223927 7fbc2cd30700 	kZSTDNotFinalCompression supported: 0
2019/10/17-14:56:02.223928 7fbc2cd30700 	kZSTD supported: 0
2019/10/17-14:56:02.223929 7fbc2cd30700 	kXpressCompression supported: 0
2019/10/17-14:56:02.223930 7fbc2cd30700 	kLZ4HCCompression supported: 0
2019/10/17-14:56:02.223931 7fbc2cd30700 	kLZ4Compression supported: 0
2019/10/17-14:56:02.223931 7fbc2cd30700 	kBZip2Compression supported: 0
2019/10/17-14:56:02.223932 7fbc2cd30700 	kZlibCompression supported: 0
2019/10/17-14:56:02.223933 7fbc2cd30700 	kSnappyCompression supported: 0
2019/10/17-14:56:02.223935 7fbc2cd30700 Fast CRC32 supported: Supported on x86
2019/10/17-14:56:02.224021 7fbc2cd30700 [db/version_set.cc:3507] Recovering from manifest file: MANIFEST-116692
2019/10/17-14:56:02.224052 7fbc2cd30700 [db/column_family.cc:472] --------------- Options for column family [default]:
2019/10/17-14:56:02.224053 7fbc2cd30700               Options.comparator: leveldb.BytewiseComparator
2019/10/17-14:56:02.224054 7fbc2cd30700           Options.merge_operator: None
2019/10/17-14:56:02.224055 7fbc2cd30700        Options.compaction_filter: None
2019/10/17-14:56:02.224055 7fbc2cd30700        Options.compaction_filter_factory: None
2019/10/17-14:56:02.224056 7fbc2cd30700         Options.memtable_factory: SkipListFactory
2019/10/17-14:56:02.224057 7fbc2cd30700            Options.table_factory: BlockBasedTable
2019/10/17-14:56:02.224072 7fbc2cd30700            table_factory options:   flush_block_policy_factory: FlushBlockBySizePolicyFactory (0x7fbbb805f7a0)
  cache_index_and_filter_blocks: 0
  cache_index_and_filter_blocks_with_high_priority: 0
  pin_l0_filter_and_index_blocks_in_cache: 0
  pin_top_level_index_and_filter: 1
  index_type: 0
  hash_index_allow_collision: 1
  checksum: 1
  no_block_cache: 0
  block_cache: 0x7fbbb81061a0
  block_cache_name: LRUCache
  block_cache_options:
    capacity : 8388608
    num_shard_bits : 4
    strict_capacity_limit : 0
    memory_allocator : None
    high_pri_pool_ratio: 0.000
  block_cache_compressed: (nil)
  persistent_cache: (nil)
  block_size: 4096
  block_size_deviation: 10
  block_restart_interval: 16
  index_block_restart_interval: 1
  metadata_block_size: 4096
  partition_filters: 0
  use_delta_encoding: 1
  filter_policy: nullptr
  whole_key_filtering: 1
  verify_compression: 0
  read_amp_bytes_per_bit: 0
  format_version: 2
  enable_index_compression: 1
  block_align: 0
2019/10/17-14:56:02.224081 7fbc2cd30700        Options.write_buffer_size: 67108864
2019/10/17-14:56:02.224082 7fbc2cd30700  Options.max_write_buffer_number: 2
2019/10/17-14:56:02.224083 7fbc2cd30700          Options.compression: NoCompression
2019/10/17-14:56:02.224083 7fbc2cd30700                  Options.bottommost_compression: Disabled
2019/10/17-14:56:02.224084 7fbc2cd30700       Options.prefix_extractor: nullptr
2019/10/17-14:56:02.224085 7fbc2cd30700   Options.memtable_insert_with_hint_prefix_extractor: nullptr
2019/10/17-14:56:02.224085 7fbc2cd30700             Options.num_levels: 7
2019/10/17-14:56:02.224086 7fbc2cd30700        Options.min_write_buffer_number_to_merge: 1
2019/10/17-14:56:02.224087 7fbc2cd30700     Options.max_write_buffer_number_to_maintain: 0
2019/10/17-14:56:02.224088 7fbc2cd30700            Options.bottommost_compression_opts.window_bits: -14
2019/10/17-14:56:02.224088 7fbc2cd30700                  Options.bottommost_compression_opts.level: 32767
2019/10/17-14:56:02.224089 7fbc2cd30700               Options.bottommost_compression_opts.strategy: 0
2019/10/17-14:56:02.224090 7fbc2cd30700         Options.bottommost_compression_opts.max_dict_bytes: 0
2019/10/17-14:56:02.224090 7fbc2cd30700         Options.bottommost_compression_opts.zstd_max_train_bytes: 0
2019/10/17-14:56:02.224091 7fbc2cd30700                  Options.bottommost_compression_opts.enabled: false
2019/10/17-14:56:02.224092 7fbc2cd30700            Options.compression_opts.window_bits: -14
2019/10/17-14:56:02.224093 7fbc2cd30700                  Options.compression_opts.level: 32767
2019/10/17-14:56:02.224093 7fbc2cd30700               Options.compression_opts.strategy: 0
2019/10/17-14:56:02.224094 7fbc2cd30700         Options.compression_opts.max_dict_bytes: 0
2019/10/17-14:56:02.224095 7fbc2cd30700         Options.compression_opts.zstd_max_train_bytes: 0
2019/10/17-14:56:02.224095 7fbc2cd30700                  Options.compression_opts.enabled: false
2019/10/17-14:56:02.224096 7fbc2cd30700      Options.level0_file_num_compaction_trigger: 4
2019/10/17-14:56:02.224097 7fbc2cd30700          Options.level0_slowdown_writes_trigger: 20
2019/10/17-14:56:02.224097 7fbc2cd30700              Options.level0_stop_writes_trigger: 36
2019/10/17-14:56:02.224098 7fbc2cd30700                   Options.target_file_size_base: 67108864
2019/10/17-14:56:02.224099 7fbc2cd30700             Options.target_file_size_multiplier: 1
2019/10/17-14:56:02.224099 7fbc2cd30700                Options.max_bytes_for_level_base: 268435456
2019/10/17-14:56:02.224100 7fbc2cd30700 Options.level_compaction_dynamic_level_bytes: 0
2019/10/17-14:56:02.224101 7fbc2cd30700          Options.max_bytes_for_level_multiplier: 10.000000
2019/10/17-14:56:02.224103 7fbc2cd30700 Options.max_bytes_for_level_multiplier_addtl[0]: 1
2019/10/17-14:56:02.224104 7fbc2cd30700 Options.max_bytes_for_level_multiplier_addtl[1]: 1
2019/10/17-14:56:02.224104 7fbc2cd30700 Options.max_bytes_for_level_multiplier_addtl[2]: 1
2019/10/17-14:56:02.224105 7fbc2cd30700 Options.max_bytes_for_level_multiplier_addtl[3]: 1
2019/10/17-14:56:02.224106 7fbc2cd30700 Options.max_bytes_for_level_multiplier_addtl[4]: 1
2019/10/17-14:56:02.224110 7fbc2cd30700 Options.max_bytes_for_level_multiplier_addtl[5]: 1
2019/10/17-14:56:02.224111 7fbc2cd30700 Options.max_bytes_for_level_multiplier_addtl[6]: 1
2019/10/17-14:56:02.224111 7fbc2cd30700       Options.max_sequential_skip_in_iterations: 8
2019/10/17-14:56:02.224112 7fbc2cd30700                    Options.max_compaction_bytes: 1677721600
2019/10/17-14:56:02.224113 7fbc2cd30700                        Options.arena_block_size: 8388608
2019/10/17-14:56:02.224113 7fbc2cd30700   Options.soft_pending_compaction_bytes_limit: 68719476736
2019/10/17-14:56:02.224114 7fbc2cd30700   Options.hard_pending_compaction_bytes_limit: 274877906944
2019/10/17-14:56:02.224115 7fbc2cd30700       Options.rate_limit_delay_max_milliseconds: 100
2019/10/17-14:56:02.224116 7fbc2cd30700                Options.disable_auto_compactions: 0
2019/10/17-14:56:02.224117 7fbc2cd30700                        Options.compaction_style: kCompactionStyleLevel
2019/10/17-14:56:02.224118 7fbc2cd30700                          Options.compaction_pri: kByCompensatedSize
2019/10/17-14:56:02.224119 7fbc2cd30700 Options.compaction_options_universal.size_ratio: 1
2019/10/17-14:56:02.224120 7fbc2cd30700 Options.compaction_options_universal.min_merge_width: 2
2019/10/17-14:56:02.224120 7fbc2cd30700 Options.compaction_options_universal.max_merge_width: 4294967295
2019/10/17-14:56:02.224121 7fbc2cd30700 Options.compaction_options_universal.max_size_amplification_percent: 200
2019/10/17-14:56:02.224122 7fbc2cd30700 Options.compaction_options_universal.compression_size_percent: -1
2019/10/17-14:56:02.224123 7fbc2cd30700 Options.compaction_options_universal.stop_style: kCompactionStopStyleTotalSize
2019/10/17-14:56:02.224124 7fbc2cd30700 Options.compaction_options_fifo.max_table_files_size: 1073741824
2019/10/17-14:56:02.224124 7fbc2cd30700 Options.compaction_options_fifo.allow_compaction: 0
2019/10/17-14:56:02.224125 7fbc2cd30700 Options.compaction_options_fifo.ttl: 0
2019/10/17-14:56:02.224126 7fbc2cd30700                   Options.table_properties_collectors: 
2019/10/17-14:56:02.224126 7fbc2cd30700                   Options.inplace_update_support: 0
2019/10/17-14:56:02.224127 7fbc2cd30700                 Options.inplace_update_num_locks: 10000
2019/10/17-14:56:02.224128 7fbc2cd30700               Options.memtable_prefix_bloom_size_ratio: 0.000000
2019/10/17-14:56:02.224129 7fbc2cd30700   Options.memtable_huge_page_size: 0
2019/10/17-14:56:02.224130 7fbc2cd30700                           Options.bloom_locality: 0
2019/10/17-14:56:02.224130 7fbc2cd30700                    Options.max_successive_merges: 0
2019/10/17-14:56:02.224131 7fbc2cd30700                Options.optimize_filters_for_hits: 0
2019/10/17-14:56:02.224132 7fbc2cd30700                Options.paranoid_file_checks: 0
2019/10/17-14:56:02.224132 7fbc2cd30700                Options.force_consistency_checks: 0
2019/10/17-14:56:02.224133 7fbc2cd30700                Options.report_bg_io_stats: 0
2019/10/17-14:56:02.224134 7fbc2cd30700                               Options.ttl: 0
2019/10/17-14:56:02.224159 7fbc2cd30700 [db/column_family.cc:472] --------------- Options for column family [active_gateways]:
2019/10/17-14:56:02.224161 7fbc2cd30700               Options.comparator: leveldb.BytewiseComparator
2019/10/17-14:56:02.224161 7fbc2cd30700           Options.merge_operator: None
2019/10/17-14:56:02.224162 7fbc2cd30700        Options.compaction_filter: None
2019/10/17-14:56:02.224163 7fbc2cd30700        Options.compaction_filter_factory: None
2019/10/17-14:56:02.224164 7fbc2cd30700         Options.memtable_factory: SkipListFactory
2019/10/17-14:56:02.224164 7fbc2cd30700            Options.table_factory: BlockBasedTable
2019/10/17-14:56:02.224174 7fbc2cd30700            table_factory options:   flush_block_policy_factory: FlushBlockBySizePolicyFactory (0x7fbbb80224e0)
  cache_index_and_filter_blocks: 0
  cache_index_and_filter_blocks_with_high_priority: 0
  pin_l0_filter_and_index_blocks_in_cache: 0
  pin_top_level_index_and_filter: 1
  index_type: 0
  hash_index_allow_collision: 1
  checksum: 1
  no_block_cache: 0
  block_cache: 0x7fbbb803a850
  block_cache_name: LRUCache
  block_cache_options:
    capacity : 8388608
    num_shard_bits : 4
    strict_capacity_limit : 0
    memory_allocator : None
    high_pri_pool_ratio: 0.000
  block_cache_compressed: (nil)
  persistent_cache: (nil)
  block_size: 4096
  block_size_deviation: 10
  block_restart_interval: 16
  index_block_restart_interval: 1
  metadata_block_size: 4096
  partition_filters: 0
  use_delta_encoding: 1
  filter_policy: nullptr
  whole_key_filtering: 1
  verify_compression: 0
  read_amp_bytes_per_bit: 0
  format_version: 2
  enable_index_compression: 1
  block_align: 0
2019/10/17-14:56:02.224180 7fbc2cd30700        Options.write_buffer_size: 67108864
2019/10/17-14:56:02.224181 7fbc2cd30700  Options.max_write_buffer_number: 2
2019/10/17-14:56:02.224182 7fbc2cd30700          Options.compression: NoCompression
2019/10/17-14:56:02.224182 7fbc2cd30700                  Options.bottommost_compression: Disabled
2019/10/17-14:56:02.224183 7fbc2cd30700       Options.prefix_extractor: nullptr
2019/10/17-14:56:02.224184 7fbc2cd30700   Options.memtable_insert_with_hint_prefix_extractor: nullptr
2019/10/17-14:56:02.224185 7fbc2cd30700             Options.num_levels: 7
2019/10/17-14:56:02.224185 7fbc2cd30700        Options.min_write_buffer_number_to_merge: 1
2019/10/17-14:56:02.224186 7fbc2cd30700     Options.max_write_buffer_number_to_maintain: 0
2019/10/17-14:56:02.224187 7fbc2cd30700            Options.bottommost_compression_opts.window_bits: -14
2019/10/17-14:56:02.224187 7fbc2cd30700                  Options.bottommost_compression_opts.level: 32767
2019/10/17-14:56:02.224188 7fbc2cd30700               Options.bottommost_compression_opts.strategy: 0
2019/10/17-14:56:02.224189 7fbc2cd30700         Options.bottommost_compression_opts.max_dict_bytes: 0
2019/10/17-14:56:02.224189 7fbc2cd30700         Options.bottommost_compression_opts.zstd_max_train_bytes: 0
2019/10/17-14:56:02.224190 7fbc2cd30700                  Options.bottommost_compression_opts.enabled: false
2019/10/17-14:56:02.224191 7fbc2cd30700            Options.compression_opts.window_bits: -14
2019/10/17-14:56:02.224191 7fbc2cd30700                  Options.compression_opts.level: 32767
2019/10/17-14:56:02.224192 7fbc2cd30700               Options.compression_opts.strategy: 0
2019/10/17-14:56:02.224193 7fbc2cd30700         Options.compression_opts.max_dict_bytes: 0
2019/10/17-14:56:02.224193 7fbc2cd30700         Options.compression_opts.zstd_max_train_bytes: 0
2019/10/17-14:56:02.224194 7fbc2cd30700                  Options.compression_opts.enabled: false
2019/10/17-14:56:02.224195 7fbc2cd30700      Options.level0_file_num_compaction_trigger: 4
2019/10/17-14:56:02.224195 7fbc2cd30700          Options.level0_slowdown_writes_trigger: 20
2019/10/17-14:56:02.224196 7fbc2cd30700              Options.level0_stop_writes_trigger: 36
2019/10/17-14:56:02.224197 7fbc2cd30700                   Options.target_file_size_base: 67108864
2019/10/17-14:56:02.224198 7fbc2cd30700             Options.target_file_size_multiplier: 1
2019/10/17-14:56:02.224198 7fbc2cd30700                Options.max_bytes_for_level_base: 268435456
2019/10/17-14:56:02.224199 7fbc2cd30700 Options.level_compaction_dynamic_level_bytes: 0
2019/10/17-14:56:02.224200 7fbc2cd30700          Options.max_bytes_for_level_multiplier: 10.000000
2019/10/17-14:56:02.224201 7fbc2cd30700 Options.max_bytes_for_level_multiplier_addtl[0]: 1
2019/10/17-14:56:02.224202 7fbc2cd30700 Options.max_bytes_for_level_multiplier_addtl[1]: 1
2019/10/17-14:56:02.224202 7fbc2cd30700 Options.max_bytes_for_level_multiplier_addtl[2]: 1
2019/10/17-14:56:02.224203 7fbc2cd30700 Options.max_bytes_for_level_multiplier_addtl[3]: 1
2019/10/17-14:56:02.224204 7fbc2cd30700 Options.max_bytes_for_level_multiplier_addtl[4]: 1
2019/10/17-14:56:02.224204 7fbc2cd30700 Options.max_bytes_for_level_multiplier_addtl[5]: 1
2019/10/17-14:56:02.224205 7fbc2cd30700 Options.max_bytes_for_level_multiplier_addtl[6]: 1
2019/10/17-14:56:02.224206 7fbc2cd30700       Options.max_sequential_skip_in_iterations: 8
2019/10/17-14:56:02.224210 7fbc2cd30700                    Options.max_compaction_bytes: 1677721600
2019/10/17-14:56:02.224211 7fbc2cd30700                        Options.arena_block_size: 8388608
2019/10/17-14:56:02.224211 7fbc2cd30700   Options.soft_pending_compaction_bytes_limit: 68719476736
2019/10/17-14:56:02.224212 7fbc2cd30700   Options.hard_pending_compaction_bytes_limit: 274877906944
2019/10/17-14:56:02.224213 7fbc2cd30700       Options.rate_limit_delay_max_milliseconds: 100
2019/10/17-14:56:02.224213 7fbc2cd30700                Options.disable_auto_compactions: 0
2019/10/17-14:56:02.224214 7fbc2cd30700                        Options.compaction_style: kCompactionStyleLevel
2019/10/17-14:56:02.224215 7fbc2cd30700                          Options.compaction_pri: kByCompensatedSize
2019/10/17-14:56:02.224216 7fbc2cd30700 Options.compaction_options_universal.size_ratio: 1
2019/10/17-14:56:02.224216 7fbc2cd30700 Options.compaction_options_universal.min_merge_width: 2
2019/10/17-14:56:02.224217 7fbc2cd30700 Options.compaction_options_universal.max_merge_width: 4294967295
2019/10/17-14:56:02.224218 7fbc2cd30700 Options.compaction_options_universal.max_size_amplification_percent: 200
2019/10/17-14:56:02.224218 7fbc2cd30700 Options.compaction_options_universal.compression_size_percent: -1
2019/10/17-14:56:02.224219 7fbc2cd30700 Options.compaction_options_universal.stop_style: kCompactionStopStyleTotalSize
2019/10/17-14:56:02.224220 7fbc2cd30700 Options.compaction_options_fifo.max_table_files_size: 1073741824
2019/10/17-14:56:02.224221 7fbc2cd30700 Options.compaction_options_fifo.allow_compaction: 0
2019/10/17-14:56:02.224221 7fbc2cd30700 Options.compaction_options_fifo.ttl: 0
2019/10/17-14:56:02.224222 7fbc2cd30700                   Options.table_properties_collectors: 
2019/10/17-14:56:02.224223 7fbc2cd30700                   Options.inplace_update_support: 0
2019/10/17-14:56:02.224223 7fbc2cd30700                 Options.inplace_update_num_locks: 10000
2019/10/17-14:56:02.224224 7fbc2cd30700               Options.memtable_prefix_bloom_size_ratio: 0.000000
2019/10/17-14:56:02.224225 7fbc2cd30700   Options.memtable_huge_page_size: 0
2019/10/17-14:56:02.224226 7fbc2cd30700                           Options.bloom_locality: 0
2019/10/17-14:56:02.224226 7fbc2cd30700                    Options.max_successive_merges: 0
2019/10/17-14:56:02.224227 7fbc2cd30700                Options.optimize_filters_for_hits: 0
2019/10/17-14:56:02.224228 7fbc2cd30700                Options.paranoid_file_checks: 0
2019/10/17-14:56:02.224228 7fbc2cd30700                Options.force_consistency_checks: 0
2019/10/17-14:56:02.224229 7fbc2cd30700                Options.report_bg_io_stats: 0
2019/10/17-14:56:02.224230 7fbc2cd30700                               Options.ttl: 0
2019/10/17-14:56:02.224244 7fbc2cd30700 [db/column_family.cc:472] --------------- Options for column family [entries]:
2019/10/17-14:56:02.224245 7fbc2cd30700               Options.comparator: leveldb.BytewiseComparator
2019/10/17-14:56:02.224246 7fbc2cd30700           Options.merge_operator: None
2019/10/17-14:56:02.224246 7fbc2cd30700        Options.compaction_filter: None
2019/10/17-14:56:02.224247 7fbc2cd30700        Options.compaction_filter_factory: None
2019/10/17-14:56:02.224248 7fbc2cd30700         Options.memtable_factory: SkipListFactory
2019/10/17-14:56:02.224249 7fbc2cd30700            Options.table_factory: BlockBasedTable
2019/10/17-14:56:02.224257 7fbc2cd30700            table_factory options:   flush_block_policy_factory: FlushBlockBySizePolicyFactory (0x7fbbb8073760)
  cache_index_and_filter_blocks: 0
  cache_index_and_filter_blocks_with_high_priority: 0
  pin_l0_filter_and_index_blocks_in_cache: 0
  pin_top_level_index_and_filter: 1
  index_type: 0
  hash_index_allow_collision: 1
  checksum: 1
  no_block_cache: 0
  block_cache: 0x7fbbb80893d0
  block_cache_name: LRUCache
  block_cache_options:
    capacity : 8388608
    num_shard_bits : 4
    strict_capacity_limit : 0
    memory_allocator : None
    high_pri_pool_ratio: 0.000
  block_cache_compressed: (nil)
  persistent_cache: (nil)
  block_size: 4096
  block_size_deviation: 10
  block_restart_interval: 16
  index_block_restart_interval: 1
  metadata_block_size: 4096
  partition_filters: 0
  use_delta_encoding: 1
  filter_policy: nullptr
  whole_key_filtering: 1
  verify_compression: 0
  read_amp_bytes_per_bit: 0
  format_version: 2
  enable_index_compression: 1
  block_align: 0
2019/10/17-14:56:02.224263 7fbc2cd30700        Options.write_buffer_size: 67108864
2019/10/17-14:56:02.224264 7fbc2cd30700  Options.max_write_buffer_number: 2
2019/10/17-14:56:02.224265 7fbc2cd30700          Options.compression: NoCompression
2019/10/17-14:56:02.224265 7fbc2cd30700                  Options.bottommost_compression: Disabled
2019/10/17-14:56:02.224266 7fbc2cd30700       Options.prefix_extractor: nullptr
2019/10/17-14:56:02.224267 7fbc2cd30700   Options.memtable_insert_with_hint_prefix_extractor: nullptr
2019/10/17-14:56:02.224267 7fbc2cd30700             Options.num_levels: 7
2019/10/17-14:56:02.224268 7fbc2cd30700        Options.min_write_buffer_number_to_merge: 1
2019/10/17-14:56:02.224269 7fbc2cd30700     Options.max_write_buffer_number_to_maintain: 0
2019/10/17-14:56:02.224269 7fbc2cd30700            Options.bottommost_compression_opts.window_bits: -14
2019/10/17-14:56:02.224270 7fbc2cd30700                  Options.bottommost_compression_opts.level: 32767
2019/10/17-14:56:02.224271 7fbc2cd30700               Options.bottommost_compression_opts.strategy: 0
2019/10/17-14:56:02.224271 7fbc2cd30700         Options.bottommost_compression_opts.max_dict_bytes: 0
2019/10/17-14:56:02.224272 7fbc2cd30700         Options.bottommost_compression_opts.zstd_max_train_bytes: 0
2019/10/17-14:56:02.224273 7fbc2cd30700                  Options.bottommost_compression_opts.enabled: false
2019/10/17-14:56:02.224273 7fbc2cd30700            Options.compression_opts.window_bits: -14
2019/10/17-14:56:02.224274 7fbc2cd30700                  Options.compression_opts.level: 32767
2019/10/17-14:56:02.224275 7fbc2cd30700               Options.compression_opts.strategy: 0
2019/10/17-14:56:02.224275 7fbc2cd30700         Options.compression_opts.max_dict_bytes: 0
2019/10/17-14:56:02.224276 7fbc2cd30700         Options.compression_opts.zstd_max_train_bytes: 0
2019/10/17-14:56:02.224277 7fbc2cd30700                  Options.compression_opts.enabled: false
2019/10/17-14:56:02.224277 7fbc2cd30700      Options.level0_file_num_compaction_trigger: 4
2019/10/17-14:56:02.224278 7fbc2cd30700          Options.level0_slowdown_writes_trigger: 20
2019/10/17-14:56:02.224279 7fbc2cd30700              Options.level0_stop_writes_trigger: 36
2019/10/17-14:56:02.224279 7fbc2cd30700                   Options.target_file_size_base: 67108864
2019/10/17-14:56:02.224280 7fbc2cd30700             Options.target_file_size_multiplier: 1
2019/10/17-14:56:02.224281 7fbc2cd30700                Options.max_bytes_for_level_base: 268435456
2019/10/17-14:56:02.224282 7fbc2cd30700 Options.level_compaction_dynamic_level_bytes: 0
2019/10/17-14:56:02.224282 7fbc2cd30700          Options.max_bytes_for_level_multiplier: 10.000000
2019/10/17-14:56:02.224283 7fbc2cd30700 Options.max_bytes_for_level_multiplier_addtl[0]: 1
2019/10/17-14:56:02.224284 7fbc2cd30700 Options.max_bytes_for_level_multiplier_addtl[1]: 1
2019/10/17-14:56:02.224285 7fbc2cd30700 Options.max_bytes_for_level_multiplier_addtl[2]: 1
2019/10/17-14:56:02.224286 7fbc2cd30700 Options.max_bytes_for_level_multiplier_addtl[3]: 1
2019/10/17-14:56:02.224286 7fbc2cd30700 Options.max_bytes_for_level_multiplier_addtl[4]: 1
2019/10/17-14:56:02.224287 7fbc2cd30700 Options.max_bytes_for_level_multiplier_addtl[5]: 1
2019/10/17-14:56:02.224288 7fbc2cd30700 Options.max_bytes_for_level_multiplier_addtl[6]: 1
2019/10/17-14:56:02.224288 7fbc2cd30700       Options.max_sequential_skip_in_iterations: 8
2019/10/17-14:56:02.224289 7fbc2cd30700                    Options.max_compaction_bytes: 1677721600
2019/10/17-14:56:02.224290 7fbc2cd30700                        Options.arena_block_size: 8388608
2019/10/17-14:56:02.224290 7fbc2cd30700   Options.soft_pending_compaction_bytes_limit: 68719476736
2019/10/17-14:56:02.224294 7fbc2cd30700   Options.hard_pending_compaction_bytes_limit: 274877906944
2019/10/17-14:56:02.224295 7fbc2cd30700       Options.rate_limit_delay_max_milliseconds: 100
2019/10/17-14:56:02.224296 7fbc2cd30700                Options.disable_auto_compactions: 0
2019/10/17-14:56:02.224297 7fbc2cd30700                        Options.compaction_style: kCompactionStyleLevel
2019/10/17-14:56:02.224298 7fbc2cd30700                          Options.compaction_pri: kByCompensatedSize
2019/10/17-14:56:02.224298 7fbc2cd30700 Options.compaction_options_universal.size_ratio: 1
2019/10/17-14:56:02.224299 7fbc2cd30700 Options.compaction_options_universal.min_merge_width: 2
2019/10/17-14:56:02.224300 7fbc2cd30700 Options.compaction_options_universal.max_merge_width: 4294967295
2019/10/17-14:56:02.224300 7fbc2cd30700 Options.compaction_options_universal.max_size_amplification_percent: 200
2019/10/17-14:56:02.224301 7fbc2cd30700 Options.compaction_options_universal.compression_size_percent: -1
2019/10/17-14:56:02.224302 7fbc2cd30700 Options.compaction_options_universal.stop_style: kCompactionStopStyleTotalSize
2019/10/17-14:56:02.224302 7fbc2cd30700 Options.compaction_options_fifo.max_table_files_size: 1073741824
2019/10/17-14:56:02.224303 7fbc2cd30700 Options.compaction_options_fifo.allow_compaction: 0
2019/10/17-14:56:02.224304 7fbc2cd30700 Options.compaction_options_fifo.ttl: 0
2019/10/17-14:56:02.224305 7fbc2cd30700                   Options.table_properties_collectors: 
2019/10/17-14:56:02.224305 7fbc2cd30700                   Options.inplace_update_support: 0
2019/10/17-14:56:02.224306 7fbc2cd30700                 Options.inplace_update_num_locks: 10000
2019/10/17-14:56:02.224307 7fbc2cd30700               Options.memtable_prefix_bloom_size_ratio: 0.000000
2019/10/17-14:56:02.224307 7fbc2cd30700   Options.memtable_huge_page_size: 0
2019/10/17-14:56:02.224308 7fbc2cd30700                           Options.bloom_locality: 0
2019/10/17-14:56:02.224309 7fbc2cd30700                    Options.max_successive_merges: 0
2019/10/17-14:56:02.224310 7fbc2cd30700                Options.optimize_filters_for_hits: 0
2019/10/17-14:56:02.224310 7fbc2cd30700                Options.paranoid_file_checks: 0
2019/10/17-14:56:02.224311 7fbc2cd30700                Options.force_consistency_checks: 0
2019/10/17-14:56:02.224312 7fbc2cd30700                Options.report_bg_io_stats: 0
2019/10/17-14:56:02.224312 7fbc2cd30700                               Options.ttl: 0
2019/10/17-14:56:02.224325 7fbc2cd30700 [db/column_family.cc:472] --------------- Options for column family [dc_entries]:
2019/10/17-14:56:02.224326 7fbc2cd30700               Options.comparator: leveldb.BytewiseComparator
2019/10/17-14:56:02.224327 7fbc2cd30700           Options.merge_operator: None
2019/10/17-14:56:02.224327 7fbc2cd30700        Options.compaction_filter: None
2019/10/17-14:56:02.224328 7fbc2cd30700        Options.compaction_filter_factory: None
2019/10/17-14:56:02.224329 7fbc2cd30700         Options.memtable_factory: SkipListFactory
2019/10/17-14:56:02.224330 7fbc2cd30700            Options.table_factory: BlockBasedTable
2019/10/17-14:56:02.224338 7fbc2cd30700            table_factory options:   flush_block_policy_factory: FlushBlockBySizePolicyFactory (0x7fbbb8022180)
  cache_index_and_filter_blocks: 0
  cache_index_and_filter_blocks_with_high_priority: 0
  pin_l0_filter_and_index_blocks_in_cache: 0
  pin_top_level_index_and_filter: 1
  index_type: 0
  hash_index_allow_collision: 1
  checksum: 1
  no_block_cache: 0
  block_cache: 0x7fbbb80e0f60
  block_cache_name: LRUCache
  block_cache_options:
    capacity : 8388608
    num_shard_bits : 4
    strict_capacity_limit : 0
    memory_allocator : None
    high_pri_pool_ratio: 0.000
  block_cache_compressed: (nil)
  persistent_cache: (nil)
  block_size: 4096
  block_size_deviation: 10
  block_restart_interval: 16
  index_block_restart_interval: 1
  metadata_block_size: 4096
  partition_filters: 0
  use_delta_encoding: 1
  filter_policy: nullptr
  whole_key_filtering: 1
  verify_compression: 0
  read_amp_bytes_per_bit: 0
  format_version: 2
  enable_index_compression: 1
  block_align: 0
2019/10/17-14:56:02.224343 7fbc2cd30700        Options.write_buffer_size: 67108864
2019/10/17-14:56:02.224344 7fbc2cd30700  Options.max_write_buffer_number: 2
2019/10/17-14:56:02.224345 7fbc2cd30700          Options.compression: NoCompression
2019/10/17-14:56:02.224345 7fbc2cd30700                  Options.bottommost_compression: Disabled
2019/10/17-14:56:02.224346 7fbc2cd30700       Options.prefix_extractor: nullptr
2019/10/17-14:56:02.224347 7fbc2cd30700   Options.memtable_insert_with_hint_prefix_extractor: nullptr
2019/10/17-14:56:02.224348 7fbc2cd30700             Options.num_levels: 7
2019/10/17-14:56:02.224348 7fbc2cd30700        Options.min_write_buffer_number_to_merge: 1
2019/10/17-14:56:02.224349 7fbc2cd30700     Options.max_write_buffer_number_to_maintain: 0
2019/10/17-14:56:02.224350 7fbc2cd30700            Options.bottommost_compression_opts.window_bits: -14
2019/10/17-14:56:02.224350 7fbc2cd30700                  Options.bottommost_compression_opts.level: 32767
2019/10/17-14:56:02.224351 7fbc2cd30700               Options.bottommost_compression_opts.strategy: 0
2019/10/17-14:56:02.224352 7fbc2cd30700         Options.bottommost_compression_opts.max_dict_bytes: 0
2019/10/17-14:56:02.224352 7fbc2cd30700         Options.bottommost_compression_opts.zstd_max_train_bytes: 0
2019/10/17-14:56:02.224353 7fbc2cd30700                  Options.bottommost_compression_opts.enabled: false
2019/10/17-14:56:02.224354 7fbc2cd30700            Options.compression_opts.window_bits: -14
2019/10/17-14:56:02.224354 7fbc2cd30700                  Options.compression_opts.level: 32767
2019/10/17-14:56:02.224355 7fbc2cd30700               Options.compression_opts.strategy: 0
2019/10/17-14:56:02.224356 7fbc2cd30700         Options.compression_opts.max_dict_bytes: 0
2019/10/17-14:56:02.224356 7fbc2cd30700         Options.compression_opts.zstd_max_train_bytes: 0
2019/10/17-14:56:02.224357 7fbc2cd30700                  Options.compression_opts.enabled: false
2019/10/17-14:56:02.224358 7fbc2cd30700      Options.level0_file_num_compaction_trigger: 4
2019/10/17-14:56:02.224358 7fbc2cd30700          Options.level0_slowdown_writes_trigger: 20
2019/10/17-14:56:02.224359 7fbc2cd30700              Options.level0_stop_writes_trigger: 36
2019/10/17-14:56:02.224360 7fbc2cd30700                   Options.target_file_size_base: 67108864
2019/10/17-14:56:02.224360 7fbc2cd30700             Options.target_file_size_multiplier: 1
2019/10/17-14:56:02.224361 7fbc2cd30700                Options.max_bytes_for_level_base: 268435456
2019/10/17-14:56:02.224362 7fbc2cd30700 Options.level_compaction_dynamic_level_bytes: 0
2019/10/17-14:56:02.224362 7fbc2cd30700          Options.max_bytes_for_level_multiplier: 10.000000
2019/10/17-14:56:02.224364 7fbc2cd30700 Options.max_bytes_for_level_multiplier_addtl[0]: 1
2019/10/17-14:56:02.224364 7fbc2cd30700 Options.max_bytes_for_level_multiplier_addtl[1]: 1
2019/10/17-14:56:02.224365 7fbc2cd30700 Options.max_bytes_for_level_multiplier_addtl[2]: 1
2019/10/17-14:56:02.224366 7fbc2cd30700 Options.max_bytes_for_level_multiplier_addtl[3]: 1
2019/10/17-14:56:02.224366 7fbc2cd30700 Options.max_bytes_for_level_multiplier_addtl[4]: 1
2019/10/17-14:56:02.224367 7fbc2cd30700 Options.max_bytes_for_level_multiplier_addtl[5]: 1
2019/10/17-14:56:02.224368 7fbc2cd30700 Options.max_bytes_for_level_multiplier_addtl[6]: 1
2019/10/17-14:56:02.224368 7fbc2cd30700       Options.max_sequential_skip_in_iterations: 8
2019/10/17-14:56:02.224369 7fbc2cd30700                    Options.max_compaction_bytes: 1677721600
2019/10/17-14:56:02.224370 7fbc2cd30700                        Options.arena_block_size: 8388608
2019/10/17-14:56:02.224371 7fbc2cd30700   Options.soft_pending_compaction_bytes_limit: 68719476736
2019/10/17-14:56:02.224371 7fbc2cd30700   Options.hard_pending_compaction_bytes_limit: 274877906944
2019/10/17-14:56:02.224372 7fbc2cd30700       Options.rate_limit_delay_max_milliseconds: 100
2019/10/17-14:56:02.224373 7fbc2cd30700                Options.disable_auto_compactions: 0
2019/10/17-14:56:02.224377 7fbc2cd30700                        Options.compaction_style: kCompactionStyleLevel
2019/10/17-14:56:02.224378 7fbc2cd30700                          Options.compaction_pri: kByCompensatedSize
2019/10/17-14:56:02.224378 7fbc2cd30700 Options.compaction_options_universal.size_ratio: 1
2019/10/17-14:56:02.224379 7fbc2cd30700 Options.compaction_options_universal.min_merge_width: 2
2019/10/17-14:56:02.224380 7fbc2cd30700 Options.compaction_options_universal.max_merge_width: 4294967295
2019/10/17-14:56:02.224380 7fbc2cd30700 Options.compaction_options_universal.max_size_amplification_percent: 200
2019/10/17-14:56:02.224381 7fbc2cd30700 Options.compaction_options_universal.compression_size_percent: -1
2019/10/17-14:56:02.224382 7fbc2cd30700 Options.compaction_options_universal.stop_style: kCompactionStopStyleTotalSize
2019/10/17-14:56:02.224383 7fbc2cd30700 Options.compaction_options_fifo.max_table_files_size: 1073741824
2019/10/17-14:56:02.224383 7fbc2cd30700 Options.compaction_options_fifo.allow_compaction: 0
2019/10/17-14:56:02.224384 7fbc2cd30700 Options.compaction_options_fifo.ttl: 0
2019/10/17-14:56:02.224385 7fbc2cd30700                   Options.table_properties_collectors: 
2019/10/17-14:56:02.224385 7fbc2cd30700                   Options.inplace_update_support: 0
2019/10/17-14:56:02.224386 7fbc2cd30700                 Options.inplace_update_num_locks: 10000
2019/10/17-14:56:02.224387 7fbc2cd30700               Options.memtable_prefix_bloom_size_ratio: 0.000000
2019/10/17-14:56:02.224388 7fbc2cd30700   Options.memtable_huge_page_size: 0
2019/10/17-14:56:02.224388 7fbc2cd30700                           Options.bloom_locality: 0
2019/10/17-14:56:02.224389 7fbc2cd30700                    Options.max_successive_merges: 0
2019/10/17-14:56:02.224390 7fbc2cd30700                Options.optimize_filters_for_hits: 0
2019/10/17-14:56:02.224390 7fbc2cd30700                Options.paranoid_file_checks: 0
2019/10/17-14:56:02.224391 7fbc2cd30700                Options.force_consistency_checks: 0
2019/10/17-14:56:02.224392 7fbc2cd30700                Options.report_bg_io_stats: 0
2019/10/17-14:56:02.224392 7fbc2cd30700                               Options.ttl: 0
2019/10/17-14:56:02.224403 7fbc2cd30700 [db/column_family.cc:472] --------------- Options for column family [htlcs]:
2019/10/17-14:56:02.224404 7fbc2cd30700               Options.comparator: leveldb.BytewiseComparator
2019/10/17-14:56:02.224405 7fbc2cd30700           Options.merge_operator: None
2019/10/17-14:56:02.224406 7fbc2cd30700        Options.compaction_filter: None
2019/10/17-14:56:02.224406 7fbc2cd30700        Options.compaction_filter_factory: None
2019/10/17-14:56:02.224407 7fbc2cd30700         Options.memtable_factory: SkipListFactory
2019/10/17-14:56:02.224408 7fbc2cd30700            Options.table_factory: BlockBasedTable
2019/10/17-14:56:02.224416 7fbc2cd30700            table_factory options:   flush_block_policy_factory: FlushBlockBySizePolicyFactory (0x7fbbb8063800)
