2019/10/17-14:56:14.375091 7fbc2cd30700 RocksDB version: 5.18.3
2019/10/17-14:56:14.375125 7fbc2cd30700 Git sha rocksdb_build_git_sha:@0@
2019/10/17-14:56:14.375127 7fbc2cd30700 Compile date Sep 19 2019
2019/10/17-14:56:14.375128 7fbc2cd30700 DB SUMMARY
2019/10/17-14:56:14.375773 7fbc2cd30700 CURRENT file:  CURRENT
2019/10/17-14:56:14.375774 7fbc2cd30700 IDENTITY file:  IDENTITY
2019/10/17-14:56:14.375799 7fbc2cd30700 MANIFEST file:  MANIFEST-116959 size: 4114 Bytes
2019/10/17-14:56:14.375800 7fbc2cd30700 SST files in /home/rahul/dev/blockchain-core/eqc/ledger.db dir, Total Num: 29, files: 000624.sst 000627.sst 106940.sst 108447.sst 108450.sst 109471.sst 109483.sst 109485.sst 109486.sst 
2019/10/17-14:56:14.375801 7fbc2cd30700 Write Ahead Log file in /home/rahul/dev/blockchain-core/eqc/ledger.db: 116960.log size: 0 ; 
2019/10/17-14:56:14.375830 7fbc2cd30700                         Options.error_if_exists: 0
2019/10/17-14:56:14.375832 7fbc2cd30700                       Options.create_if_missing: 1
2019/10/17-14:56:14.375832 7fbc2cd30700                         Options.paranoid_checks: 1
2019/10/17-14:56:14.375833 7fbc2cd30700                                     Options.env: 0x7fbbafa7bc60
2019/10/17-14:56:14.375834 7fbc2cd30700                                Options.info_log: 0x7fbbb846d420
2019/10/17-14:56:14.375834 7fbc2cd30700                Options.max_file_opening_threads: 16
2019/10/17-14:56:14.375835 7fbc2cd30700                              Options.statistics: (nil)
2019/10/17-14:56:14.375836 7fbc2cd30700                               Options.use_fsync: 0
2019/10/17-14:56:14.375837 7fbc2cd30700                       Options.max_log_file_size: 0
2019/10/17-14:56:14.375837 7fbc2cd30700                  Options.max_manifest_file_size: 1073741824
2019/10/17-14:56:14.375838 7fbc2cd30700                   Options.log_file_time_to_roll: 0
2019/10/17-14:56:14.375839 7fbc2cd30700                       Options.keep_log_file_num: 1000
2019/10/17-14:56:14.375839 7fbc2cd30700                    Options.recycle_log_file_num: 0
2019/10/17-14:56:14.375840 7fbc2cd30700                         Options.allow_fallocate: 1
2019/10/17-14:56:14.375841 7fbc2cd30700                        Options.allow_mmap_reads: 0
2019/10/17-14:56:14.375841 7fbc2cd30700                       Options.allow_mmap_writes: 0
2019/10/17-14:56:14.375842 7fbc2cd30700                        Options.use_direct_reads: 0
2019/10/17-14:56:14.375843 7fbc2cd30700                        Options.use_direct_io_for_flush_and_compaction: 0
2019/10/17-14:56:14.375843 7fbc2cd30700          Options.create_missing_column_families: 0
2019/10/17-14:56:14.375844 7fbc2cd30700                              Options.db_log_dir: 
2019/10/17-14:56:14.375844 7fbc2cd30700                                 Options.wal_dir: /home/rahul/dev/blockchain-core/eqc/ledger.db
2019/10/17-14:56:14.375845 7fbc2cd30700                Options.table_cache_numshardbits: 6
2019/10/17-14:56:14.375846 7fbc2cd30700                      Options.max_subcompactions: 1
2019/10/17-14:56:14.375846 7fbc2cd30700                  Options.max_background_flushes: -1
2019/10/17-14:56:14.375847 7fbc2cd30700                         Options.WAL_ttl_seconds: 0
2019/10/17-14:56:14.375848 7fbc2cd30700                       Options.WAL_size_limit_MB: 0
2019/10/17-14:56:14.375848 7fbc2cd30700             Options.manifest_preallocation_size: 4194304
2019/10/17-14:56:14.375849 7fbc2cd30700                     Options.is_fd_close_on_exec: 1
2019/10/17-14:56:14.375850 7fbc2cd30700                   Options.advise_random_on_open: 1
2019/10/17-14:56:14.375850 7fbc2cd30700                    Options.db_write_buffer_size: 0
2019/10/17-14:56:14.375851 7fbc2cd30700                    Options.write_buffer_manager: 0x7fbbb8007790
2019/10/17-14:56:14.375852 7fbc2cd30700         Options.access_hint_on_compaction_start: 1
2019/10/17-14:56:14.375852 7fbc2cd30700  Options.new_table_reader_for_compaction_inputs: 0
2019/10/17-14:56:14.375853 7fbc2cd30700           Options.random_access_max_buffer_size: 1048576
2019/10/17-14:56:14.375854 7fbc2cd30700                      Options.use_adaptive_mutex: 0
2019/10/17-14:56:14.375854 7fbc2cd30700                            Options.rate_limiter: (nil)
2019/10/17-14:56:14.375862 7fbc2cd30700     Options.sst_file_manager.rate_bytes_per_sec: 0
2019/10/17-14:56:14.375863 7fbc2cd30700                       Options.wal_recovery_mode: 2
2019/10/17-14:56:14.375864 7fbc2cd30700                  Options.enable_thread_tracking: 0
2019/10/17-14:56:14.375864 7fbc2cd30700                  Options.enable_pipelined_write: 0
2019/10/17-14:56:14.375865 7fbc2cd30700         Options.allow_concurrent_memtable_write: 1
2019/10/17-14:56:14.375866 7fbc2cd30700      Options.enable_write_thread_adaptive_yield: 1
2019/10/17-14:56:14.375866 7fbc2cd30700             Options.write_thread_max_yield_usec: 100
2019/10/17-14:56:14.375867 7fbc2cd30700            Options.write_thread_slow_yield_usec: 3
2019/10/17-14:56:14.375868 7fbc2cd30700                               Options.row_cache: None
2019/10/17-14:56:14.375868 7fbc2cd30700                              Options.wal_filter: None
2019/10/17-14:56:14.375869 7fbc2cd30700             Options.avoid_flush_during_recovery: 0
2019/10/17-14:56:14.375870 7fbc2cd30700             Options.allow_ingest_behind: 0
2019/10/17-14:56:14.375870 7fbc2cd30700             Options.preserve_deletes: 0
2019/10/17-14:56:14.375871 7fbc2cd30700             Options.two_write_queues: 0
2019/10/17-14:56:14.375872 7fbc2cd30700             Options.manual_wal_flush: 0
2019/10/17-14:56:14.375872 7fbc2cd30700             Options.max_background_jobs: 2
2019/10/17-14:56:14.375873 7fbc2cd30700             Options.max_background_compactions: -1
2019/10/17-14:56:14.375874 7fbc2cd30700             Options.avoid_flush_during_shutdown: 0
2019/10/17-14:56:14.375874 7fbc2cd30700           Options.writable_file_max_buffer_size: 1048576
2019/10/17-14:56:14.375875 7fbc2cd30700             Options.delayed_write_rate : 16777216
2019/10/17-14:56:14.375875 7fbc2cd30700             Options.max_total_wal_size: 0
2019/10/17-14:56:14.375876 7fbc2cd30700             Options.delete_obsolete_files_period_micros: 21600000000
2019/10/17-14:56:14.375877 7fbc2cd30700                   Options.stats_dump_period_sec: 600
2019/10/17-14:56:14.375877 7fbc2cd30700                          Options.max_open_files: -1
2019/10/17-14:56:14.375878 7fbc2cd30700                          Options.bytes_per_sync: 0
2019/10/17-14:56:14.375879 7fbc2cd30700                      Options.wal_bytes_per_sync: 0
2019/10/17-14:56:14.375879 7fbc2cd30700       Options.compaction_readahead_size: 0
2019/10/17-14:56:14.375880 7fbc2cd30700 Compression algorithms supported:
2019/10/17-14:56:14.375881 7fbc2cd30700 	kZSTDNotFinalCompression supported: 0
2019/10/17-14:56:14.375882 7fbc2cd30700 	kZSTD supported: 0
2019/10/17-14:56:14.375883 7fbc2cd30700 	kXpressCompression supported: 0
2019/10/17-14:56:14.375883 7fbc2cd30700 	kLZ4HCCompression supported: 0
2019/10/17-14:56:14.375884 7fbc2cd30700 	kLZ4Compression supported: 0
2019/10/17-14:56:14.375885 7fbc2cd30700 	kBZip2Compression supported: 0
2019/10/17-14:56:14.375885 7fbc2cd30700 	kZlibCompression supported: 0
2019/10/17-14:56:14.375886 7fbc2cd30700 	kSnappyCompression supported: 0
2019/10/17-14:56:14.375888 7fbc2cd30700 Fast CRC32 supported: Supported on x86
2019/10/17-14:56:14.375968 7fbc2cd30700 [db/version_set.cc:3507] Recovering from manifest file: MANIFEST-116959
2019/10/17-14:56:14.375996 7fbc2cd30700 [db/column_family.cc:472] --------------- Options for column family [default]:
2019/10/17-14:56:14.375997 7fbc2cd30700               Options.comparator: leveldb.BytewiseComparator
2019/10/17-14:56:14.375998 7fbc2cd30700           Options.merge_operator: None
2019/10/17-14:56:14.375999 7fbc2cd30700        Options.compaction_filter: None
2019/10/17-14:56:14.376000 7fbc2cd30700        Options.compaction_filter_factory: None
2019/10/17-14:56:14.376000 7fbc2cd30700         Options.memtable_factory: SkipListFactory
2019/10/17-14:56:14.376001 7fbc2cd30700            Options.table_factory: BlockBasedTable
2019/10/17-14:56:14.376015 7fbc2cd30700            table_factory options:   flush_block_policy_factory: FlushBlockBySizePolicyFactory (0x7fbbb84257d0)
  cache_index_and_filter_blocks: 0
  cache_index_and_filter_blocks_with_high_priority: 0
  pin_l0_filter_and_index_blocks_in_cache: 0
  pin_top_level_index_and_filter: 1
  index_type: 0
  hash_index_allow_collision: 1
  checksum: 1
  no_block_cache: 0
  block_cache: 0x7fbbb80f2060
  block_cache_name: LRUCache
  block_cache_options:
    capacity : 8388608
    num_shard_bits : 4
    strict_capacity_limit : 0
    memory_allocator : None
    high_pri_pool_ratio: 0.000
  block_cache_compressed: (nil)
  persistent_cache: (nil)
  block_size: 4096
  block_size_deviation: 10
  block_restart_interval: 16
  index_block_restart_interval: 1
  metadata_block_size: 4096
  partition_filters: 0
  use_delta_encoding: 1
  filter_policy: nullptr
  whole_key_filtering: 1
  verify_compression: 0
  read_amp_bytes_per_bit: 0
  format_version: 2
  enable_index_compression: 1
  block_align: 0
2019/10/17-14:56:14.376023 7fbc2cd30700        Options.write_buffer_size: 67108864
2019/10/17-14:56:14.376023 7fbc2cd30700  Options.max_write_buffer_number: 2
2019/10/17-14:56:14.376024 7fbc2cd30700          Options.compression: NoCompression
2019/10/17-14:56:14.376025 7fbc2cd30700                  Options.bottommost_compression: Disabled
2019/10/17-14:56:14.376026 7fbc2cd30700       Options.prefix_extractor: nullptr
2019/10/17-14:56:14.376026 7fbc2cd30700   Options.memtable_insert_with_hint_prefix_extractor: nullptr
2019/10/17-14:56:14.376027 7fbc2cd30700             Options.num_levels: 7
2019/10/17-14:56:14.376028 7fbc2cd30700        Options.min_write_buffer_number_to_merge: 1
2019/10/17-14:56:14.376028 7fbc2cd30700     Options.max_write_buffer_number_to_maintain: 0
2019/10/17-14:56:14.376029 7fbc2cd30700            Options.bottommost_compression_opts.window_bits: -14
2019/10/17-14:56:14.376030 7fbc2cd30700                  Options.bottommost_compression_opts.level: 32767
2019/10/17-14:56:14.376030 7fbc2cd30700               Options.bottommost_compression_opts.strategy: 0
2019/10/17-14:56:14.376031 7fbc2cd30700         Options.bottommost_compression_opts.max_dict_bytes: 0
2019/10/17-14:56:14.376032 7fbc2cd30700         Options.bottommost_compression_opts.zstd_max_train_bytes: 0
2019/10/17-14:56:14.376032 7fbc2cd30700                  Options.bottommost_compression_opts.enabled: false
2019/10/17-14:56:14.376033 7fbc2cd30700            Options.compression_opts.window_bits: -14
2019/10/17-14:56:14.376034 7fbc2cd30700                  Options.compression_opts.level: 32767
2019/10/17-14:56:14.376034 7fbc2cd30700               Options.compression_opts.strategy: 0
2019/10/17-14:56:14.376035 7fbc2cd30700         Options.compression_opts.max_dict_bytes: 0
2019/10/17-14:56:14.376036 7fbc2cd30700         Options.compression_opts.zstd_max_train_bytes: 0
2019/10/17-14:56:14.376036 7fbc2cd30700                  Options.compression_opts.enabled: false
2019/10/17-14:56:14.376037 7fbc2cd30700      Options.level0_file_num_compaction_trigger: 4
2019/10/17-14:56:14.376037 7fbc2cd30700          Options.level0_slowdown_writes_trigger: 20
2019/10/17-14:56:14.376038 7fbc2cd30700              Options.level0_stop_writes_trigger: 36
2019/10/17-14:56:14.376039 7fbc2cd30700                   Options.target_file_size_base: 67108864
2019/10/17-14:56:14.376039 7fbc2cd30700             Options.target_file_size_multiplier: 1
2019/10/17-14:56:14.376040 7fbc2cd30700                Options.max_bytes_for_level_base: 268435456
2019/10/17-14:56:14.376041 7fbc2cd30700 Options.level_compaction_dynamic_level_bytes: 0
2019/10/17-14:56:14.376041 7fbc2cd30700          Options.max_bytes_for_level_multiplier: 10.000000
2019/10/17-14:56:14.376043 7fbc2cd30700 Options.max_bytes_for_level_multiplier_addtl[0]: 1
2019/10/17-14:56:14.376044 7fbc2cd30700 Options.max_bytes_for_level_multiplier_addtl[1]: 1
2019/10/17-14:56:14.376045 7fbc2cd30700 Options.max_bytes_for_level_multiplier_addtl[2]: 1
2019/10/17-14:56:14.376045 7fbc2cd30700 Options.max_bytes_for_level_multiplier_addtl[3]: 1
2019/10/17-14:56:14.376046 7fbc2cd30700 Options.max_bytes_for_level_multiplier_addtl[4]: 1
2019/10/17-14:56:14.376050 7fbc2cd30700 Options.max_bytes_for_level_multiplier_addtl[5]: 1
2019/10/17-14:56:14.376050 7fbc2cd30700 Options.max_bytes_for_level_multiplier_addtl[6]: 1
2019/10/17-14:56:14.376051 7fbc2cd30700       Options.max_sequential_skip_in_iterations: 8
2019/10/17-14:56:14.376052 7fbc2cd30700                    Options.max_compaction_bytes: 1677721600
2019/10/17-14:56:14.376052 7fbc2cd30700                        Options.arena_block_size: 8388608
2019/10/17-14:56:14.376053 7fbc2cd30700   Options.soft_pending_compaction_bytes_limit: 68719476736
2019/10/17-14:56:14.376054 7fbc2cd30700   Options.hard_pending_compaction_bytes_limit: 274877906944
2019/10/17-14:56:14.376054 7fbc2cd30700       Options.rate_limit_delay_max_milliseconds: 100
2019/10/17-14:56:14.376055 7fbc2cd30700                Options.disable_auto_compactions: 0
2019/10/17-14:56:14.376056 7fbc2cd30700                        Options.compaction_style: kCompactionStyleLevel
2019/10/17-14:56:14.376058 7fbc2cd30700                          Options.compaction_pri: kByCompensatedSize
2019/10/17-14:56:14.376058 7fbc2cd30700 Options.compaction_options_universal.size_ratio: 1
2019/10/17-14:56:14.376059 7fbc2cd30700 Options.compaction_options_universal.min_merge_width: 2
2019/10/17-14:56:14.376060 7fbc2cd30700 Options.compaction_options_universal.max_merge_width: 4294967295
2019/10/17-14:56:14.376060 7fbc2cd30700 Options.compaction_options_universal.max_size_amplification_percent: 200
2019/10/17-14:56:14.376061 7fbc2cd30700 Options.compaction_options_universal.compression_size_percent: -1
2019/10/17-14:56:14.376062 7fbc2cd30700 Options.compaction_options_universal.stop_style: kCompactionStopStyleTotalSize
2019/10/17-14:56:14.376062 7fbc2cd30700 Options.compaction_options_fifo.max_table_files_size: 1073741824
2019/10/17-14:56:14.376063 7fbc2cd30700 Options.compaction_options_fifo.allow_compaction: 0
2019/10/17-14:56:14.376064 7fbc2cd30700 Options.compaction_options_fifo.ttl: 0
2019/10/17-14:56:14.376064 7fbc2cd30700                   Options.table_properties_collectors: 
2019/10/17-14:56:14.376065 7fbc2cd30700                   Options.inplace_update_support: 0
2019/10/17-14:56:14.376066 7fbc2cd30700                 Options.inplace_update_num_locks: 10000
2019/10/17-14:56:14.376066 7fbc2cd30700               Options.memtable_prefix_bloom_size_ratio: 0.000000
2019/10/17-14:56:14.376067 7fbc2cd30700   Options.memtable_huge_page_size: 0
2019/10/17-14:56:14.376068 7fbc2cd30700                           Options.bloom_locality: 0
2019/10/17-14:56:14.376069 7fbc2cd30700                    Options.max_successive_merges: 0
2019/10/17-14:56:14.376069 7fbc2cd30700                Options.optimize_filters_for_hits: 0
2019/10/17-14:56:14.376070 7fbc2cd30700                Options.paranoid_file_checks: 0
2019/10/17-14:56:14.376071 7fbc2cd30700                Options.force_consistency_checks: 0
2019/10/17-14:56:14.376071 7fbc2cd30700                Options.report_bg_io_stats: 0
2019/10/17-14:56:14.376072 7fbc2cd30700                               Options.ttl: 0
2019/10/17-14:56:14.376095 7fbc2cd30700 [db/column_family.cc:472] --------------- Options for column family [active_gateways]:
2019/10/17-14:56:14.376096 7fbc2cd30700               Options.comparator: leveldb.BytewiseComparator
2019/10/17-14:56:14.376097 7fbc2cd30700           Options.merge_operator: None
2019/10/17-14:56:14.376097 7fbc2cd30700        Options.compaction_filter: None
2019/10/17-14:56:14.376098 7fbc2cd30700        Options.compaction_filter_factory: None
2019/10/17-14:56:14.376099 7fbc2cd30700         Options.memtable_factory: SkipListFactory
2019/10/17-14:56:14.376099 7fbc2cd30700            Options.table_factory: BlockBasedTable
2019/10/17-14:56:14.376108 7fbc2cd30700            table_factory options:   flush_block_policy_factory: FlushBlockBySizePolicyFactory (0x7fbbb80201d0)
  cache_index_and_filter_blocks: 0
  cache_index_and_filter_blocks_with_high_priority: 0
  pin_l0_filter_and_index_blocks_in_cache: 0
  pin_top_level_index_and_filter: 1
  index_type: 0
  hash_index_allow_collision: 1
  checksum: 1
  no_block_cache: 0
  block_cache: 0x7fbbb805f530
  block_cache_name: LRUCache
  block_cache_options:
    capacity : 8388608
    num_shard_bits : 4
    strict_capacity_limit : 0
    memory_allocator : None
    high_pri_pool_ratio: 0.000
  block_cache_compressed: (nil)
  persistent_cache: (nil)
  block_size: 4096
  block_size_deviation: 10
  block_restart_interval: 16
  index_block_restart_interval: 1
  metadata_block_size: 4096
  partition_filters: 0
  use_delta_encoding: 1
  filter_policy: nullptr
  whole_key_filtering: 1
  verify_compression: 0
  read_amp_bytes_per_bit: 0
  format_version: 2
  enable_index_compression: 1
  block_align: 0
2019/10/17-14:56:14.376114 7fbc2cd30700        Options.write_buffer_size: 67108864
2019/10/17-14:56:14.376115 7fbc2cd30700  Options.max_write_buffer_number: 2
2019/10/17-14:56:14.376116 7fbc2cd30700          Options.compression: NoCompression
2019/10/17-14:56:14.376116 7fbc2cd30700                  Options.bottommost_compression: Disabled
2019/10/17-14:56:14.376117 7fbc2cd30700       Options.prefix_extractor: nullptr
2019/10/17-14:56:14.376118 7fbc2cd30700   Options.memtable_insert_with_hint_prefix_extractor: nullptr
2019/10/17-14:56:14.376118 7fbc2cd30700             Options.num_levels: 7
2019/10/17-14:56:14.376119 7fbc2cd30700        Options.min_write_buffer_number_to_merge: 1
2019/10/17-14:56:14.376120 7fbc2cd30700     Options.max_write_buffer_number_to_maintain: 0
2019/10/17-14:56:14.376120 7fbc2cd30700            Options.bottommost_compression_opts.window_bits: -14
2019/10/17-14:56:14.376121 7fbc2cd30700                  Options.bottommost_compression_opts.level: 32767
2019/10/17-14:56:14.376122 7fbc2cd30700               Options.bottommost_compression_opts.strategy: 0
2019/10/17-14:56:14.376122 7fbc2cd30700         Options.bottommost_compression_opts.max_dict_bytes: 0
2019/10/17-14:56:14.376123 7fbc2cd30700         Options.bottommost_compression_opts.zstd_max_train_bytes: 0
2019/10/17-14:56:14.376123 7fbc2cd30700                  Options.bottommost_compression_opts.enabled: false
2019/10/17-14:56:14.376124 7fbc2cd30700            Options.compression_opts.window_bits: -14
2019/10/17-14:56:14.376125 7fbc2cd30700                  Options.compression_opts.level: 32767
2019/10/17-14:56:14.376125 7fbc2cd30700               Options.compression_opts.strategy: 0
2019/10/17-14:56:14.376126 7fbc2cd30700         Options.compression_opts.max_dict_bytes: 0
2019/10/17-14:56:14.376127 7fbc2cd30700         Options.compression_opts.zstd_max_train_bytes: 0
2019/10/17-14:56:14.376127 7fbc2cd30700                  Options.compression_opts.enabled: false
2019/10/17-14:56:14.376128 7fbc2cd30700      Options.level0_file_num_compaction_trigger: 4
2019/10/17-14:56:14.376128 7fbc2cd30700          Options.level0_slowdown_writes_trigger: 20
2019/10/17-14:56:14.376129 7fbc2cd30700              Options.level0_stop_writes_trigger: 36
2019/10/17-14:56:14.376130 7fbc2cd30700                   Options.target_file_size_base: 67108864
2019/10/17-14:56:14.376130 7fbc2cd30700             Options.target_file_size_multiplier: 1
2019/10/17-14:56:14.376131 7fbc2cd30700                Options.max_bytes_for_level_base: 268435456
2019/10/17-14:56:14.376132 7fbc2cd30700 Options.level_compaction_dynamic_level_bytes: 0
2019/10/17-14:56:14.376132 7fbc2cd30700          Options.max_bytes_for_level_multiplier: 10.000000
2019/10/17-14:56:14.376134 7fbc2cd30700 Options.max_bytes_for_level_multiplier_addtl[0]: 1
2019/10/17-14:56:14.376134 7fbc2cd30700 Options.max_bytes_for_level_multiplier_addtl[1]: 1
2019/10/17-14:56:14.376135 7fbc2cd30700 Options.max_bytes_for_level_multiplier_addtl[2]: 1
2019/10/17-14:56:14.376136 7fbc2cd30700 Options.max_bytes_for_level_multiplier_addtl[3]: 1
2019/10/17-14:56:14.376136 7fbc2cd30700 Options.max_bytes_for_level_multiplier_addtl[4]: 1
2019/10/17-14:56:14.376137 7fbc2cd30700 Options.max_bytes_for_level_multiplier_addtl[5]: 1
2019/10/17-14:56:14.376137 7fbc2cd30700 Options.max_bytes_for_level_multiplier_addtl[6]: 1
2019/10/17-14:56:14.376138 7fbc2cd30700       Options.max_sequential_skip_in_iterations: 8
2019/10/17-14:56:14.376142 7fbc2cd30700                    Options.max_compaction_bytes: 1677721600
2019/10/17-14:56:14.376143 7fbc2cd30700                        Options.arena_block_size: 8388608
2019/10/17-14:56:14.376143 7fbc2cd30700   Options.soft_pending_compaction_bytes_limit: 68719476736
2019/10/17-14:56:14.376144 7fbc2cd30700   Options.hard_pending_compaction_bytes_limit: 274877906944
2019/10/17-14:56:14.376145 7fbc2cd30700       Options.rate_limit_delay_max_milliseconds: 100
2019/10/17-14:56:14.376145 7fbc2cd30700                Options.disable_auto_compactions: 0
2019/10/17-14:56:14.376146 7fbc2cd30700                        Options.compaction_style: kCompactionStyleLevel
2019/10/17-14:56:14.376147 7fbc2cd30700                          Options.compaction_pri: kByCompensatedSize
2019/10/17-14:56:14.376148 7fbc2cd30700 Options.compaction_options_universal.size_ratio: 1
2019/10/17-14:56:14.376148 7fbc2cd30700 Options.compaction_options_universal.min_merge_width: 2
2019/10/17-14:56:14.376149 7fbc2cd30700 Options.compaction_options_universal.max_merge_width: 4294967295
2019/10/17-14:56:14.376149 7fbc2cd30700 Options.compaction_options_universal.max_size_amplification_percent: 200
2019/10/17-14:56:14.376150 7fbc2cd30700 Options.compaction_options_universal.compression_size_percent: -1
2019/10/17-14:56:14.376151 7fbc2cd30700 Options.compaction_options_universal.stop_style: kCompactionStopStyleTotalSize
2019/10/17-14:56:14.376151 7fbc2cd30700 Options.compaction_options_fifo.max_table_files_size: 1073741824
2019/10/17-14:56:14.376152 7fbc2cd30700 Options.compaction_options_fifo.allow_compaction: 0
2019/10/17-14:56:14.376153 7fbc2cd30700 Options.compaction_options_fifo.ttl: 0
2019/10/17-14:56:14.376153 7fbc2cd30700                   Options.table_properties_collectors: 
2019/10/17-14:56:14.376154 7fbc2cd30700                   Options.inplace_update_support: 0
2019/10/17-14:56:14.376155 7fbc2cd30700                 Options.inplace_update_num_locks: 10000
2019/10/17-14:56:14.376155 7fbc2cd30700               Options.memtable_prefix_bloom_size_ratio: 0.000000
2019/10/17-14:56:14.376156 7fbc2cd30700   Options.memtable_huge_page_size: 0
2019/10/17-14:56:14.376157 7fbc2cd30700                           Options.bloom_locality: 0
2019/10/17-14:56:14.376157 7fbc2cd30700                    Options.max_successive_merges: 0
2019/10/17-14:56:14.376158 7fbc2cd30700                Options.optimize_filters_for_hits: 0
2019/10/17-14:56:14.376159 7fbc2cd30700                Options.paranoid_file_checks: 0
2019/10/17-14:56:14.376159 7fbc2cd30700                Options.force_consistency_checks: 0
2019/10/17-14:56:14.376160 7fbc2cd30700                Options.report_bg_io_stats: 0
2019/10/17-14:56:14.376161 7fbc2cd30700                               Options.ttl: 0
2019/10/17-14:56:14.376174 7fbc2cd30700 [db/column_family.cc:472] --------------- Options for column family [entries]:
2019/10/17-14:56:14.376175 7fbc2cd30700               Options.comparator: leveldb.BytewiseComparator
2019/10/17-14:56:14.376176 7fbc2cd30700           Options.merge_operator: None
2019/10/17-14:56:14.376176 7fbc2cd30700        Options.compaction_filter: None
2019/10/17-14:56:14.376177 7fbc2cd30700        Options.compaction_filter_factory: None
2019/10/17-14:56:14.376178 7fbc2cd30700         Options.memtable_factory: SkipListFactory
2019/10/17-14:56:14.376178 7fbc2cd30700            Options.table_factory: BlockBasedTable
2019/10/17-14:56:14.376187 7fbc2cd30700            table_factory options:   flush_block_policy_factory: FlushBlockBySizePolicyFactory (0x7fbbb809bd10)
  cache_index_and_filter_blocks: 0
  cache_index_and_filter_blocks_with_high_priority: 0
  pin_l0_filter_and_index_blocks_in_cache: 0
  pin_top_level_index_and_filter: 1
  index_type: 0
  hash_index_allow_collision: 1
  checksum: 1
  no_block_cache: 0
  block_cache: 0x7fbbb80a1ee0
  block_cache_name: LRUCache
  block_cache_options:
    capacity : 8388608
    num_shard_bits : 4
    strict_capacity_limit : 0
    memory_allocator : None
    high_pri_pool_ratio: 0.000
  block_cache_compressed: (nil)
  persistent_cache: (nil)
  block_size: 4096
  block_size_deviation: 10
  block_restart_interval: 16
  index_block_restart_interval: 1
  metadata_block_size: 4096
  partition_filters: 0
  use_delta_encoding: 1
  filter_policy: nullptr
  whole_key_filtering: 1
  verify_compression: 0
  read_amp_bytes_per_bit: 0
  format_version: 2
  enable_index_compression: 1
  block_align: 0
2019/10/17-14:56:14.376192 7fbc2cd30700        Options.write_buffer_size: 67108864
2019/10/17-14:56:14.376193 7fbc2cd30700  Options.max_write_buffer_number: 2
2019/10/17-14:56:14.376194 7fbc2cd30700          Options.compression: NoCompression
2019/10/17-14:56:14.376194 7fbc2cd30700                  Options.bottommost_compression: Disabled
2019/10/17-14:56:14.376195 7fbc2cd30700       Options.prefix_extractor: nullptr
2019/10/17-14:56:14.376195 7fbc2cd30700   Options.memtable_insert_with_hint_prefix_extractor: nullptr
2019/10/17-14:56:14.376196 7fbc2cd30700             Options.num_levels: 7
2019/10/17-14:56:14.376197 7fbc2cd30700        Options.min_write_buffer_number_to_merge: 1
2019/10/17-14:56:14.376197 7fbc2cd30700     Options.max_write_buffer_number_to_maintain: 0
2019/10/17-14:56:14.376198 7fbc2cd30700            Options.bottommost_compression_opts.window_bits: -14
2019/10/17-14:56:14.376199 7fbc2cd30700                  Options.bottommost_compression_opts.level: 32767
2019/10/17-14:56:14.376199 7fbc2cd30700               Options.bottommost_compression_opts.strategy: 0
2019/10/17-14:56:14.376200 7fbc2cd30700         Options.bottommost_compression_opts.max_dict_bytes: 0
2019/10/17-14:56:14.376200 7fbc2cd30700         Options.bottommost_compression_opts.zstd_max_train_bytes: 0
2019/10/17-14:56:14.376201 7fbc2cd30700                  Options.bottommost_compression_opts.enabled: false
2019/10/17-14:56:14.376202 7fbc2cd30700            Options.compression_opts.window_bits: -14
2019/10/17-14:56:14.376202 7fbc2cd30700                  Options.compression_opts.level: 32767
2019/10/17-14:56:14.376203 7fbc2cd30700               Options.compression_opts.strategy: 0
2019/10/17-14:56:14.376204 7fbc2cd30700         Options.compression_opts.max_dict_bytes: 0
2019/10/17-14:56:14.376204 7fbc2cd30700         Options.compression_opts.zstd_max_train_bytes: 0
2019/10/17-14:56:14.376205 7fbc2cd30700                  Options.compression_opts.enabled: false
2019/10/17-14:56:14.376205 7fbc2cd30700      Options.level0_file_num_compaction_trigger: 4
2019/10/17-14:56:14.376206 7fbc2cd30700          Options.level0_slowdown_writes_trigger: 20
2019/10/17-14:56:14.376207 7fbc2cd30700              Options.level0_stop_writes_trigger: 36
2019/10/17-14:56:14.376207 7fbc2cd30700                   Options.target_file_size_base: 67108864
2019/10/17-14:56:14.376208 7fbc2cd30700             Options.target_file_size_multiplier: 1
2019/10/17-14:56:14.376209 7fbc2cd30700                Options.max_bytes_for_level_base: 268435456
2019/10/17-14:56:14.376209 7fbc2cd30700 Options.level_compaction_dynamic_level_bytes: 0
2019/10/17-14:56:14.376210 7fbc2cd30700          Options.max_bytes_for_level_multiplier: 10.000000
2019/10/17-14:56:14.376211 7fbc2cd30700 Options.max_bytes_for_level_multiplier_addtl[0]: 1
2019/10/17-14:56:14.376212 7fbc2cd30700 Options.max_bytes_for_level_multiplier_addtl[1]: 1
2019/10/17-14:56:14.376212 7fbc2cd30700 Options.max_bytes_for_level_multiplier_addtl[2]: 1
2019/10/17-14:56:14.376213 7fbc2cd30700 Options.max_bytes_for_level_multiplier_addtl[3]: 1
2019/10/17-14:56:14.376214 7fbc2cd30700 Options.max_bytes_for_level_multiplier_addtl[4]: 1
2019/10/17-14:56:14.376214 7fbc2cd30700 Options.max_bytes_for_level_multiplier_addtl[5]: 1
2019/10/17-14:56:14.376215 7fbc2cd30700 Options.max_bytes_for_level_multiplier_addtl[6]: 1
2019/10/17-14:56:14.376215 7fbc2cd30700       Options.max_sequential_skip_in_iterations: 8
2019/10/17-14:56:14.376216 7fbc2cd30700                    Options.max_compaction_bytes: 1677721600
2019/10/17-14:56:14.376217 7fbc2cd30700                        Options.arena_block_size: 8388608
2019/10/17-14:56:14.376217 7fbc2cd30700   Options.soft_pending_compaction_bytes_limit: 68719476736
2019/10/17-14:56:14.376222 7fbc2cd30700   Options.hard_pending_compaction_bytes_limit: 274877906944
2019/10/17-14:56:14.376222 7fbc2cd30700       Options.rate_limit_delay_max_milliseconds: 100
2019/10/17-14:56:14.376223 7fbc2cd30700                Options.disable_auto_compactions: 0
2019/10/17-14:56:14.376224 7fbc2cd30700                        Options.compaction_style: kCompactionStyleLevel
2019/10/17-14:56:14.376225 7fbc2cd30700                          Options.compaction_pri: kByCompensatedSize
2019/10/17-14:56:14.376225 7fbc2cd30700 Options.compaction_options_universal.size_ratio: 1
2019/10/17-14:56:14.376226 7fbc2cd30700 Options.compaction_options_universal.min_merge_width: 2
2019/10/17-14:56:14.376227 7fbc2cd30700 Options.compaction_options_universal.max_merge_width: 4294967295
2019/10/17-14:56:14.376227 7fbc2cd30700 Options.compaction_options_universal.max_size_amplification_percent: 200
2019/10/17-14:56:14.376228 7fbc2cd30700 Options.compaction_options_universal.compression_size_percent: -1
2019/10/17-14:56:14.376229 7fbc2cd30700 Options.compaction_options_universal.stop_style: kCompactionStopStyleTotalSize
2019/10/17-14:56:14.376229 7fbc2cd30700 Options.compaction_options_fifo.max_table_files_size: 1073741824
2019/10/17-14:56:14.376230 7fbc2cd30700 Options.compaction_options_fifo.allow_compaction: 0
2019/10/17-14:56:14.376231 7fbc2cd30700 Options.compaction_options_fifo.ttl: 0
2019/10/17-14:56:14.376231 7fbc2cd30700                   Options.table_properties_collectors: 
2019/10/17-14:56:14.376232 7fbc2cd30700                   Options.inplace_update_support: 0
2019/10/17-14:56:14.376233 7fbc2cd30700                 Options.inplace_update_num_locks: 10000
2019/10/17-14:56:14.376233 7fbc2cd30700               Options.memtable_prefix_bloom_size_ratio: 0.000000
2019/10/17-14:56:14.376234 7fbc2cd30700   Options.memtable_huge_page_size: 0
2019/10/17-14:56:14.376235 7fbc2cd30700                           Options.bloom_locality: 0
2019/10/17-14:56:14.376235 7fbc2cd30700                    Options.max_successive_merges: 0
2019/10/17-14:56:14.376236 7fbc2cd30700                Options.optimize_filters_for_hits: 0
2019/10/17-14:56:14.376237 7fbc2cd30700                Options.paranoid_file_checks: 0
2019/10/17-14:56:14.376237 7fbc2cd30700                Options.force_consistency_checks: 0
2019/10/17-14:56:14.376238 7fbc2cd30700                Options.report_bg_io_stats: 0
2019/10/17-14:56:14.376239 7fbc2cd30700                               Options.ttl: 0
2019/10/17-14:56:14.376250 7fbc2cd30700 [db/column_family.cc:472] --------------- Options for column family [dc_entries]:
2019/10/17-14:56:14.376252 7fbc2cd30700               Options.comparator: leveldb.BytewiseComparator
2019/10/17-14:56:14.376252 7fbc2cd30700           Options.merge_operator: None
2019/10/17-14:56:14.376253 7fbc2cd30700        Options.compaction_filter: None
2019/10/17-14:56:14.376254 7fbc2cd30700        Options.compaction_filter_factory: None
2019/10/17-14:56:14.376254 7fbc2cd30700         Options.memtable_factory: SkipListFactory
2019/10/17-14:56:14.376255 7fbc2cd30700            Options.table_factory: BlockBasedTable
2019/10/17-14:56:14.376263 7fbc2cd30700            table_factory options:   flush_block_policy_factory: FlushBlockBySizePolicyFactory (0x7fbbb8072170)
  cache_index_and_filter_blocks: 0
  cache_index_and_filter_blocks_with_high_priority: 0
  pin_l0_filter_and_index_blocks_in_cache: 0
  pin_top_level_index_and_filter: 1
  index_type: 0
  hash_index_allow_collision: 1
  checksum: 1
  no_block_cache: 0
  block_cache: 0x7fbbb8072cd0
  block_cache_name: LRUCache
  block_cache_options:
    capacity : 8388608
    num_shard_bits : 4
    strict_capacity_limit : 0
    memory_allocator : None
    high_pri_pool_ratio: 0.000
  block_cache_compressed: (nil)
  persistent_cache: (nil)
  block_size: 4096
  block_size_deviation: 10
  block_restart_interval: 16
  index_block_restart_interval: 1
  metadata_block_size: 4096
  partition_filters: 0
  use_delta_encoding: 1
  filter_policy: nullptr
  whole_key_filtering: 1
  verify_compression: 0
  read_amp_bytes_per_bit: 0
  format_version: 2
  enable_index_compression: 1
  block_align: 0
2019/10/17-14:56:14.376268 7fbc2cd30700        Options.write_buffer_size: 67108864
2019/10/17-14:56:14.376269 7fbc2cd30700  Options.max_write_buffer_number: 2
2019/10/17-14:56:14.376269 7fbc2cd30700          Options.compression: NoCompression
2019/10/17-14:56:14.376270 7fbc2cd30700                  Options.bottommost_compression: Disabled
2019/10/17-14:56:14.376270 7fbc2cd30700       Options.prefix_extractor: nullptr
2019/10/17-14:56:14.376271 7fbc2cd30700   Options.memtable_insert_with_hint_prefix_extractor: nullptr
2019/10/17-14:56:14.376272 7fbc2cd30700             Options.num_levels: 7
2019/10/17-14:56:14.376272 7fbc2cd30700        Options.min_write_buffer_number_to_merge: 1
2019/10/17-14:56:14.376273 7fbc2cd30700     Options.max_write_buffer_number_to_maintain: 0
2019/10/17-14:56:14.376274 7fbc2cd30700            Options.bottommost_compression_opts.window_bits: -14
2019/10/17-14:56:14.376274 7fbc2cd30700                  Options.bottommost_compression_opts.level: 32767
2019/10/17-14:56:14.376275 7fbc2cd30700               Options.bottommost_compression_opts.strategy: 0
2019/10/17-14:56:14.376276 7fbc2cd30700         Options.bottommost_compression_opts.max_dict_bytes: 0
2019/10/17-14:56:14.376276 7fbc2cd30700         Options.bottommost_compression_opts.zstd_max_train_bytes: 0
2019/10/17-14:56:14.376277 7fbc2cd30700                  Options.bottommost_compression_opts.enabled: false
2019/10/17-14:56:14.376277 7fbc2cd30700            Options.compression_opts.window_bits: -14
2019/10/17-14:56:14.376278 7fbc2cd30700                  Options.compression_opts.level: 32767
2019/10/17-14:56:14.376279 7fbc2cd30700               Options.compression_opts.strategy: 0
2019/10/17-14:56:14.376279 7fbc2cd30700         Options.compression_opts.max_dict_bytes: 0
2019/10/17-14:56:14.376280 7fbc2cd30700         Options.compression_opts.zstd_max_train_bytes: 0
2019/10/17-14:56:14.376281 7fbc2cd30700                  Options.compression_opts.enabled: false
2019/10/17-14:56:14.376281 7fbc2cd30700      Options.level0_file_num_compaction_trigger: 4
2019/10/17-14:56:14.376282 7fbc2cd30700          Options.level0_slowdown_writes_trigger: 20
2019/10/17-14:56:14.376282 7fbc2cd30700              Options.level0_stop_writes_trigger: 36
2019/10/17-14:56:14.376283 7fbc2cd30700                   Options.target_file_size_base: 67108864
2019/10/17-14:56:14.376284 7fbc2cd30700             Options.target_file_size_multiplier: 1
2019/10/17-14:56:14.376284 7fbc2cd30700                Options.max_bytes_for_level_base: 268435456
2019/10/17-14:56:14.376285 7fbc2cd30700 Options.level_compaction_dynamic_level_bytes: 0
2019/10/17-14:56:14.376286 7fbc2cd30700          Options.max_bytes_for_level_multiplier: 10.000000
2019/10/17-14:56:14.376287 7fbc2cd30700 Options.max_bytes_for_level_multiplier_addtl[0]: 1
2019/10/17-14:56:14.376287 7fbc2cd30700 Options.max_bytes_for_level_multiplier_addtl[1]: 1
2019/10/17-14:56:14.376288 7fbc2cd30700 Options.max_bytes_for_level_multiplier_addtl[2]: 1
2019/10/17-14:56:14.376289 7fbc2cd30700 Options.max_bytes_for_level_multiplier_addtl[3]: 1
2019/10/17-14:56:14.376289 7fbc2cd30700 Options.max_bytes_for_level_multiplier_addtl[4]: 1
2019/10/17-14:56:14.376290 7fbc2cd30700 Options.max_bytes_for_level_multiplier_addtl[5]: 1
2019/10/17-14:56:14.376291 7fbc2cd30700 Options.max_bytes_for_level_multiplier_addtl[6]: 1
2019/10/17-14:56:14.376291 7fbc2cd30700       Options.max_sequential_skip_in_iterations: 8
2019/10/17-14:56:14.376292 7fbc2cd30700                    Options.max_compaction_bytes: 1677721600
2019/10/17-14:56:14.376292 7fbc2cd30700                        Options.arena_block_size: 8388608
2019/10/17-14:56:14.376293 7fbc2cd30700   Options.soft_pending_compaction_bytes_limit: 68719476736
2019/10/17-14:56:14.376294 7fbc2cd30700   Options.hard_pending_compaction_bytes_limit: 274877906944
2019/10/17-14:56:14.376294 7fbc2cd30700       Options.rate_limit_delay_max_milliseconds: 100
2019/10/17-14:56:14.376295 7fbc2cd30700                Options.disable_auto_compactions: 0
2019/10/17-14:56:14.376299 7fbc2cd30700                        Options.compaction_style: kCompactionStyleLevel
2019/10/17-14:56:14.376300 7fbc2cd30700                          Options.compaction_pri: kByCompensatedSize
2019/10/17-14:56:14.376300 7fbc2cd30700 Options.compaction_options_universal.size_ratio: 1
2019/10/17-14:56:14.376301 7fbc2cd30700 Options.compaction_options_universal.min_merge_width: 2
2019/10/17-14:56:14.376302 7fbc2cd30700 Options.compaction_options_universal.max_merge_width: 4294967295
2019/10/17-14:56:14.376302 7fbc2cd30700 Options.compaction_options_universal.max_size_amplification_percent: 200
2019/10/17-14:56:14.376303 7fbc2cd30700 Options.compaction_options_universal.compression_size_percent: -1
2019/10/17-14:56:14.376304 7fbc2cd30700 Options.compaction_options_universal.stop_style: kCompactionStopStyleTotalSize
2019/10/17-14:56:14.376304 7fbc2cd30700 Options.compaction_options_fifo.max_table_files_size: 1073741824
2019/10/17-14:56:14.376305 7fbc2cd30700 Options.compaction_options_fifo.allow_compaction: 0
2019/10/17-14:56:14.376306 7fbc2cd30700 Options.compaction_options_fifo.ttl: 0
2019/10/17-14:56:14.376306 7fbc2cd30700                   Options.table_properties_collectors: 
2019/10/17-14:56:14.376307 7fbc2cd30700                   Options.inplace_update_support: 0
2019/10/17-14:56:14.376307 7fbc2cd30700                 Options.inplace_update_num_locks: 10000
2019/10/17-14:56:14.376308 7fbc2cd30700               Options.memtable_prefix_bloom_size_ratio: 0.000000
2019/10/17-14:56:14.376309 7fbc2cd30700   Options.memtable_huge_page_size: 0
2019/10/17-14:56:14.376310 7fbc2cd30700                           Options.bloom_locality: 0
2019/10/17-14:56:14.376310 7fbc2cd30700                    Options.max_successive_merges: 0
2019/10/17-14:56:14.376311 7fbc2cd30700                Options.optimize_filters_for_hits: 0
2019/10/17-14:56:14.376312 7fbc2cd30700                Options.paranoid_file_checks: 0
2019/10/17-14:56:14.376312 7fbc2cd30700                Options.force_consistency_checks: 0
2019/10/17-14:56:14.376313 7fbc2cd30700                Options.report_bg_io_stats: 0
2019/10/17-14:56:14.376313 7fbc2cd30700                               Options.ttl: 0
2019/10/17-14:56:14.376324 7fbc2cd30700 [db/column_family.cc:472] --------------- Options for column family [htlcs]:
2019/10/17-14:56:14.376325 7fbc2cd30700               Options.comparator: leveldb.BytewiseComparator
2019/10/17-14:56:14.376325 7fbc2cd30700           Options.merge_operator: None
2019/10/17-14:56:14.376326 7fbc2cd30700        Options.compaction_filter: None
2019/10/17-14:56:14.376327 7fbc2cd30700        Options.compaction_filter_factory: None
2019/10/17-14:56:14.376327 7fbc2cd30700         Options.memtable_factory: SkipListFactory
2019/10/17-14:56:14.376328 7fbc2cd30700            Options.table_factory: BlockBasedTable
2019/10/17-14:56:14.376336 7fbc2cd30700            table_factory options:   flush_block_policy_factory: FlushBlockBySizePolicyFactory (0x7fbbb8072f10)
