2019/10/17-14:54:14.294491 7fc3a9fcb700 RocksDB version: 5.18.3
2019/10/17-14:54:14.294569 7fc3a9fcb700 Git sha rocksdb_build_git_sha:@0@
2019/10/17-14:54:14.294571 7fc3a9fcb700 Compile date Sep 19 2019
2019/10/17-14:54:14.294573 7fc3a9fcb700 DB SUMMARY
2019/10/17-14:54:14.295286 7fc3a9fcb700 CURRENT file:  CURRENT
2019/10/17-14:54:14.295287 7fc3a9fcb700 IDENTITY file:  IDENTITY
2019/10/17-14:54:14.295314 7fc3a9fcb700 MANIFEST file:  MANIFEST-114889 size: 4114 Bytes
2019/10/17-14:54:14.295316 7fc3a9fcb700 SST files in /home/rahul/dev/blockchain-core/eqc/ledger.db dir, Total Num: 29, files: 000624.sst 000627.sst 106940.sst 108447.sst 108450.sst 109471.sst 109483.sst 109485.sst 109486.sst 
2019/10/17-14:54:14.295317 7fc3a9fcb700 Write Ahead Log file in /home/rahul/dev/blockchain-core/eqc/ledger.db: 114890.log size: 0 ; 
2019/10/17-14:54:14.295348 7fc3a9fcb700                         Options.error_if_exists: 0
2019/10/17-14:54:14.295349 7fc3a9fcb700                       Options.create_if_missing: 1
2019/10/17-14:54:14.295350 7fc3a9fcb700                         Options.paranoid_checks: 1
2019/10/17-14:54:14.295351 7fc3a9fcb700                                     Options.env: 0x7fc32ae1fc60
2019/10/17-14:54:14.295351 7fc3a9fcb700                                Options.info_log: 0x7fc3501077a0
2019/10/17-14:54:14.295352 7fc3a9fcb700                Options.max_file_opening_threads: 16
2019/10/17-14:54:14.295353 7fc3a9fcb700                              Options.statistics: (nil)
2019/10/17-14:54:14.295354 7fc3a9fcb700                               Options.use_fsync: 0
2019/10/17-14:54:14.295354 7fc3a9fcb700                       Options.max_log_file_size: 0
2019/10/17-14:54:14.295355 7fc3a9fcb700                  Options.max_manifest_file_size: 1073741824
2019/10/17-14:54:14.295356 7fc3a9fcb700                   Options.log_file_time_to_roll: 0
2019/10/17-14:54:14.295357 7fc3a9fcb700                       Options.keep_log_file_num: 1000
2019/10/17-14:54:14.295357 7fc3a9fcb700                    Options.recycle_log_file_num: 0
2019/10/17-14:54:14.295358 7fc3a9fcb700                         Options.allow_fallocate: 1
2019/10/17-14:54:14.295359 7fc3a9fcb700                        Options.allow_mmap_reads: 0
2019/10/17-14:54:14.295360 7fc3a9fcb700                       Options.allow_mmap_writes: 0
2019/10/17-14:54:14.295360 7fc3a9fcb700                        Options.use_direct_reads: 0
2019/10/17-14:54:14.295361 7fc3a9fcb700                        Options.use_direct_io_for_flush_and_compaction: 0
2019/10/17-14:54:14.295361 7fc3a9fcb700          Options.create_missing_column_families: 0
2019/10/17-14:54:14.295362 7fc3a9fcb700                              Options.db_log_dir: 
2019/10/17-14:54:14.295363 7fc3a9fcb700                                 Options.wal_dir: /home/rahul/dev/blockchain-core/eqc/ledger.db
2019/10/17-14:54:14.295364 7fc3a9fcb700                Options.table_cache_numshardbits: 6
2019/10/17-14:54:14.295364 7fc3a9fcb700                      Options.max_subcompactions: 1
2019/10/17-14:54:14.295365 7fc3a9fcb700                  Options.max_background_flushes: -1
2019/10/17-14:54:14.295366 7fc3a9fcb700                         Options.WAL_ttl_seconds: 0
2019/10/17-14:54:14.295366 7fc3a9fcb700                       Options.WAL_size_limit_MB: 0
2019/10/17-14:54:14.295367 7fc3a9fcb700             Options.manifest_preallocation_size: 4194304
2019/10/17-14:54:14.295368 7fc3a9fcb700                     Options.is_fd_close_on_exec: 1
2019/10/17-14:54:14.295369 7fc3a9fcb700                   Options.advise_random_on_open: 1
2019/10/17-14:54:14.295369 7fc3a9fcb700                    Options.db_write_buffer_size: 0
2019/10/17-14:54:14.295370 7fc3a9fcb700                    Options.write_buffer_manager: 0x7fc3500227c0
2019/10/17-14:54:14.295371 7fc3a9fcb700         Options.access_hint_on_compaction_start: 1
2019/10/17-14:54:14.295371 7fc3a9fcb700  Options.new_table_reader_for_compaction_inputs: 0
2019/10/17-14:54:14.295372 7fc3a9fcb700           Options.random_access_max_buffer_size: 1048576
2019/10/17-14:54:14.295373 7fc3a9fcb700                      Options.use_adaptive_mutex: 0
2019/10/17-14:54:14.295373 7fc3a9fcb700                            Options.rate_limiter: (nil)
2019/10/17-14:54:14.295383 7fc3a9fcb700     Options.sst_file_manager.rate_bytes_per_sec: 0
2019/10/17-14:54:14.295383 7fc3a9fcb700                       Options.wal_recovery_mode: 2
2019/10/17-14:54:14.295384 7fc3a9fcb700                  Options.enable_thread_tracking: 0
2019/10/17-14:54:14.295385 7fc3a9fcb700                  Options.enable_pipelined_write: 0
2019/10/17-14:54:14.295385 7fc3a9fcb700         Options.allow_concurrent_memtable_write: 1
2019/10/17-14:54:14.295386 7fc3a9fcb700      Options.enable_write_thread_adaptive_yield: 1
2019/10/17-14:54:14.295387 7fc3a9fcb700             Options.write_thread_max_yield_usec: 100
2019/10/17-14:54:14.295387 7fc3a9fcb700            Options.write_thread_slow_yield_usec: 3
2019/10/17-14:54:14.295388 7fc3a9fcb700                               Options.row_cache: None
2019/10/17-14:54:14.295389 7fc3a9fcb700                              Options.wal_filter: None
2019/10/17-14:54:14.295390 7fc3a9fcb700             Options.avoid_flush_during_recovery: 0
2019/10/17-14:54:14.295390 7fc3a9fcb700             Options.allow_ingest_behind: 0
2019/10/17-14:54:14.295391 7fc3a9fcb700             Options.preserve_deletes: 0
2019/10/17-14:54:14.295392 7fc3a9fcb700             Options.two_write_queues: 0
2019/10/17-14:54:14.295392 7fc3a9fcb700             Options.manual_wal_flush: 0
2019/10/17-14:54:14.295393 7fc3a9fcb700             Options.max_background_jobs: 2
2019/10/17-14:54:14.295394 7fc3a9fcb700             Options.max_background_compactions: -1
2019/10/17-14:54:14.295394 7fc3a9fcb700             Options.avoid_flush_during_shutdown: 0
2019/10/17-14:54:14.295395 7fc3a9fcb700           Options.writable_file_max_buffer_size: 1048576
2019/10/17-14:54:14.295396 7fc3a9fcb700             Options.delayed_write_rate : 16777216
2019/10/17-14:54:14.295397 7fc3a9fcb700             Options.max_total_wal_size: 0
2019/10/17-14:54:14.295397 7fc3a9fcb700             Options.delete_obsolete_files_period_micros: 21600000000
2019/10/17-14:54:14.295398 7fc3a9fcb700                   Options.stats_dump_period_sec: 600
2019/10/17-14:54:14.295399 7fc3a9fcb700                          Options.max_open_files: -1
2019/10/17-14:54:14.295399 7fc3a9fcb700                          Options.bytes_per_sync: 0
2019/10/17-14:54:14.295400 7fc3a9fcb700                      Options.wal_bytes_per_sync: 0
2019/10/17-14:54:14.295401 7fc3a9fcb700       Options.compaction_readahead_size: 0
2019/10/17-14:54:14.295401 7fc3a9fcb700 Compression algorithms supported:
2019/10/17-14:54:14.295402 7fc3a9fcb700 	kZSTDNotFinalCompression supported: 0
2019/10/17-14:54:14.295403 7fc3a9fcb700 	kZSTD supported: 0
2019/10/17-14:54:14.295404 7fc3a9fcb700 	kXpressCompression supported: 0
2019/10/17-14:54:14.295405 7fc3a9fcb700 	kLZ4HCCompression supported: 0
2019/10/17-14:54:14.295406 7fc3a9fcb700 	kLZ4Compression supported: 0
2019/10/17-14:54:14.295407 7fc3a9fcb700 	kBZip2Compression supported: 0
2019/10/17-14:54:14.295407 7fc3a9fcb700 	kZlibCompression supported: 0
2019/10/17-14:54:14.295408 7fc3a9fcb700 	kSnappyCompression supported: 0
2019/10/17-14:54:14.295410 7fc3a9fcb700 Fast CRC32 supported: Supported on x86
2019/10/17-14:54:14.295499 7fc3a9fcb700 [db/version_set.cc:3507] Recovering from manifest file: MANIFEST-114889
2019/10/17-14:54:14.295529 7fc3a9fcb700 [db/column_family.cc:472] --------------- Options for column family [default]:
2019/10/17-14:54:14.295531 7fc3a9fcb700               Options.comparator: leveldb.BytewiseComparator
2019/10/17-14:54:14.295531 7fc3a9fcb700           Options.merge_operator: None
2019/10/17-14:54:14.295532 7fc3a9fcb700        Options.compaction_filter: None
2019/10/17-14:54:14.295533 7fc3a9fcb700        Options.compaction_filter_factory: None
2019/10/17-14:54:14.295534 7fc3a9fcb700         Options.memtable_factory: SkipListFactory
2019/10/17-14:54:14.295534 7fc3a9fcb700            Options.table_factory: BlockBasedTable
2019/10/17-14:54:14.295548 7fc3a9fcb700            table_factory options:   flush_block_policy_factory: FlushBlockBySizePolicyFactory (0x7fc35007b0a0)
  cache_index_and_filter_blocks: 0
  cache_index_and_filter_blocks_with_high_priority: 0
  pin_l0_filter_and_index_blocks_in_cache: 0
  pin_top_level_index_and_filter: 1
  index_type: 0
  hash_index_allow_collision: 1
  checksum: 1
  no_block_cache: 0
  block_cache: 0x7fc350118fb0
  block_cache_name: LRUCache
  block_cache_options:
    capacity : 8388608
    num_shard_bits : 4
    strict_capacity_limit : 0
    memory_allocator : None
    high_pri_pool_ratio: 0.000
  block_cache_compressed: (nil)
  persistent_cache: (nil)
  block_size: 4096
  block_size_deviation: 10
  block_restart_interval: 16
  index_block_restart_interval: 1
  metadata_block_size: 4096
  partition_filters: 0
  use_delta_encoding: 1
  filter_policy: nullptr
  whole_key_filtering: 1
  verify_compression: 0
  read_amp_bytes_per_bit: 0
  format_version: 2
  enable_index_compression: 1
  block_align: 0
2019/10/17-14:54:14.295557 7fc3a9fcb700        Options.write_buffer_size: 67108864
2019/10/17-14:54:14.295558 7fc3a9fcb700  Options.max_write_buffer_number: 2
2019/10/17-14:54:14.295559 7fc3a9fcb700          Options.compression: NoCompression
2019/10/17-14:54:14.295560 7fc3a9fcb700                  Options.bottommost_compression: Disabled
2019/10/17-14:54:14.295560 7fc3a9fcb700       Options.prefix_extractor: nullptr
2019/10/17-14:54:14.295561 7fc3a9fcb700   Options.memtable_insert_with_hint_prefix_extractor: nullptr
2019/10/17-14:54:14.295562 7fc3a9fcb700             Options.num_levels: 7
2019/10/17-14:54:14.295562 7fc3a9fcb700        Options.min_write_buffer_number_to_merge: 1
2019/10/17-14:54:14.295563 7fc3a9fcb700     Options.max_write_buffer_number_to_maintain: 0
2019/10/17-14:54:14.295564 7fc3a9fcb700            Options.bottommost_compression_opts.window_bits: -14
2019/10/17-14:54:14.295565 7fc3a9fcb700                  Options.bottommost_compression_opts.level: 32767
2019/10/17-14:54:14.295566 7fc3a9fcb700               Options.bottommost_compression_opts.strategy: 0
2019/10/17-14:54:14.295566 7fc3a9fcb700         Options.bottommost_compression_opts.max_dict_bytes: 0
2019/10/17-14:54:14.295567 7fc3a9fcb700         Options.bottommost_compression_opts.zstd_max_train_bytes: 0
2019/10/17-14:54:14.295568 7fc3a9fcb700                  Options.bottommost_compression_opts.enabled: false
2019/10/17-14:54:14.295568 7fc3a9fcb700            Options.compression_opts.window_bits: -14
2019/10/17-14:54:14.295569 7fc3a9fcb700                  Options.compression_opts.level: 32767
2019/10/17-14:54:14.295570 7fc3a9fcb700               Options.compression_opts.strategy: 0
2019/10/17-14:54:14.295570 7fc3a9fcb700         Options.compression_opts.max_dict_bytes: 0
2019/10/17-14:54:14.295571 7fc3a9fcb700         Options.compression_opts.zstd_max_train_bytes: 0
2019/10/17-14:54:14.295572 7fc3a9fcb700                  Options.compression_opts.enabled: false
2019/10/17-14:54:14.295572 7fc3a9fcb700      Options.level0_file_num_compaction_trigger: 4
2019/10/17-14:54:14.295573 7fc3a9fcb700          Options.level0_slowdown_writes_trigger: 20
2019/10/17-14:54:14.295574 7fc3a9fcb700              Options.level0_stop_writes_trigger: 36
2019/10/17-14:54:14.295574 7fc3a9fcb700                   Options.target_file_size_base: 67108864
2019/10/17-14:54:14.295575 7fc3a9fcb700             Options.target_file_size_multiplier: 1
2019/10/17-14:54:14.295576 7fc3a9fcb700                Options.max_bytes_for_level_base: 268435456
2019/10/17-14:54:14.295577 7fc3a9fcb700 Options.level_compaction_dynamic_level_bytes: 0
2019/10/17-14:54:14.295577 7fc3a9fcb700          Options.max_bytes_for_level_multiplier: 10.000000
2019/10/17-14:54:14.295579 7fc3a9fcb700 Options.max_bytes_for_level_multiplier_addtl[0]: 1
2019/10/17-14:54:14.295580 7fc3a9fcb700 Options.max_bytes_for_level_multiplier_addtl[1]: 1
2019/10/17-14:54:14.295581 7fc3a9fcb700 Options.max_bytes_for_level_multiplier_addtl[2]: 1
2019/10/17-14:54:14.295581 7fc3a9fcb700 Options.max_bytes_for_level_multiplier_addtl[3]: 1
2019/10/17-14:54:14.295582 7fc3a9fcb700 Options.max_bytes_for_level_multiplier_addtl[4]: 1
2019/10/17-14:54:14.295586 7fc3a9fcb700 Options.max_bytes_for_level_multiplier_addtl[5]: 1
2019/10/17-14:54:14.295587 7fc3a9fcb700 Options.max_bytes_for_level_multiplier_addtl[6]: 1
2019/10/17-14:54:14.295588 7fc3a9fcb700       Options.max_sequential_skip_in_iterations: 8
2019/10/17-14:54:14.295588 7fc3a9fcb700                    Options.max_compaction_bytes: 1677721600
2019/10/17-14:54:14.295589 7fc3a9fcb700                        Options.arena_block_size: 8388608
2019/10/17-14:54:14.295590 7fc3a9fcb700   Options.soft_pending_compaction_bytes_limit: 68719476736
2019/10/17-14:54:14.295590 7fc3a9fcb700   Options.hard_pending_compaction_bytes_limit: 274877906944
2019/10/17-14:54:14.295591 7fc3a9fcb700       Options.rate_limit_delay_max_milliseconds: 100
2019/10/17-14:54:14.295592 7fc3a9fcb700                Options.disable_auto_compactions: 0
2019/10/17-14:54:14.295593 7fc3a9fcb700                        Options.compaction_style: kCompactionStyleLevel
2019/10/17-14:54:14.295594 7fc3a9fcb700                          Options.compaction_pri: kByCompensatedSize
2019/10/17-14:54:14.295595 7fc3a9fcb700 Options.compaction_options_universal.size_ratio: 1
2019/10/17-14:54:14.295595 7fc3a9fcb700 Options.compaction_options_universal.min_merge_width: 2
2019/10/17-14:54:14.295596 7fc3a9fcb700 Options.compaction_options_universal.max_merge_width: 4294967295
2019/10/17-14:54:14.295597 7fc3a9fcb700 Options.compaction_options_universal.max_size_amplification_percent: 200
2019/10/17-14:54:14.295597 7fc3a9fcb700 Options.compaction_options_universal.compression_size_percent: -1
2019/10/17-14:54:14.295599 7fc3a9fcb700 Options.compaction_options_universal.stop_style: kCompactionStopStyleTotalSize
2019/10/17-14:54:14.295599 7fc3a9fcb700 Options.compaction_options_fifo.max_table_files_size: 1073741824
2019/10/17-14:54:14.295600 7fc3a9fcb700 Options.compaction_options_fifo.allow_compaction: 0
2019/10/17-14:54:14.295601 7fc3a9fcb700 Options.compaction_options_fifo.ttl: 0
2019/10/17-14:54:14.295601 7fc3a9fcb700                   Options.table_properties_collectors: 
2019/10/17-14:54:14.295602 7fc3a9fcb700                   Options.inplace_update_support: 0
2019/10/17-14:54:14.295603 7fc3a9fcb700                 Options.inplace_update_num_locks: 10000
2019/10/17-14:54:14.295604 7fc3a9fcb700               Options.memtable_prefix_bloom_size_ratio: 0.000000
2019/10/17-14:54:14.295605 7fc3a9fcb700   Options.memtable_huge_page_size: 0
2019/10/17-14:54:14.295605 7fc3a9fcb700                           Options.bloom_locality: 0
2019/10/17-14:54:14.295606 7fc3a9fcb700                    Options.max_successive_merges: 0
2019/10/17-14:54:14.295607 7fc3a9fcb700                Options.optimize_filters_for_hits: 0
2019/10/17-14:54:14.295607 7fc3a9fcb700                Options.paranoid_file_checks: 0
2019/10/17-14:54:14.295608 7fc3a9fcb700                Options.force_consistency_checks: 0
2019/10/17-14:54:14.295609 7fc3a9fcb700                Options.report_bg_io_stats: 0
2019/10/17-14:54:14.295609 7fc3a9fcb700                               Options.ttl: 0
2019/10/17-14:54:14.295636 7fc3a9fcb700 [db/column_family.cc:472] --------------- Options for column family [active_gateways]:
2019/10/17-14:54:14.295638 7fc3a9fcb700               Options.comparator: leveldb.BytewiseComparator
2019/10/17-14:54:14.295639 7fc3a9fcb700           Options.merge_operator: None
2019/10/17-14:54:14.295639 7fc3a9fcb700        Options.compaction_filter: None
2019/10/17-14:54:14.295640 7fc3a9fcb700        Options.compaction_filter_factory: None
2019/10/17-14:54:14.295641 7fc3a9fcb700         Options.memtable_factory: SkipListFactory
2019/10/17-14:54:14.295641 7fc3a9fcb700            Options.table_factory: BlockBasedTable
2019/10/17-14:54:14.295651 7fc3a9fcb700            table_factory options:   flush_block_policy_factory: FlushBlockBySizePolicyFactory (0x7fc3500379a0)
  cache_index_and_filter_blocks: 0
  cache_index_and_filter_blocks_with_high_priority: 0
  pin_l0_filter_and_index_blocks_in_cache: 0
  pin_top_level_index_and_filter: 1
  index_type: 0
  hash_index_allow_collision: 1
  checksum: 1
  no_block_cache: 0
  block_cache: 0x7fc350083ea0
  block_cache_name: LRUCache
  block_cache_options:
    capacity : 8388608
    num_shard_bits : 4
    strict_capacity_limit : 0
    memory_allocator : None
    high_pri_pool_ratio: 0.000
  block_cache_compressed: (nil)
  persistent_cache: (nil)
  block_size: 4096
  block_size_deviation: 10
  block_restart_interval: 16
  index_block_restart_interval: 1
  metadata_block_size: 4096
  partition_filters: 0
  use_delta_encoding: 1
  filter_policy: nullptr
  whole_key_filtering: 1
  verify_compression: 0
  read_amp_bytes_per_bit: 0
  format_version: 2
  enable_index_compression: 1
  block_align: 0
2019/10/17-14:54:14.295657 7fc3a9fcb700        Options.write_buffer_size: 67108864
2019/10/17-14:54:14.295658 7fc3a9fcb700  Options.max_write_buffer_number: 2
2019/10/17-14:54:14.295659 7fc3a9fcb700          Options.compression: NoCompression
2019/10/17-14:54:14.295659 7fc3a9fcb700                  Options.bottommost_compression: Disabled
2019/10/17-14:54:14.295660 7fc3a9fcb700       Options.prefix_extractor: nullptr
2019/10/17-14:54:14.295661 7fc3a9fcb700   Options.memtable_insert_with_hint_prefix_extractor: nullptr
2019/10/17-14:54:14.295661 7fc3a9fcb700             Options.num_levels: 7
2019/10/17-14:54:14.295662 7fc3a9fcb700        Options.min_write_buffer_number_to_merge: 1
2019/10/17-14:54:14.295663 7fc3a9fcb700     Options.max_write_buffer_number_to_maintain: 0
2019/10/17-14:54:14.295663 7fc3a9fcb700            Options.bottommost_compression_opts.window_bits: -14
2019/10/17-14:54:14.295664 7fc3a9fcb700                  Options.bottommost_compression_opts.level: 32767
2019/10/17-14:54:14.295665 7fc3a9fcb700               Options.bottommost_compression_opts.strategy: 0
2019/10/17-14:54:14.295665 7fc3a9fcb700         Options.bottommost_compression_opts.max_dict_bytes: 0
2019/10/17-14:54:14.295666 7fc3a9fcb700         Options.bottommost_compression_opts.zstd_max_train_bytes: 0
2019/10/17-14:54:14.295667 7fc3a9fcb700                  Options.bottommost_compression_opts.enabled: false
2019/10/17-14:54:14.295667 7fc3a9fcb700            Options.compression_opts.window_bits: -14
2019/10/17-14:54:14.295668 7fc3a9fcb700                  Options.compression_opts.level: 32767
2019/10/17-14:54:14.295669 7fc3a9fcb700               Options.compression_opts.strategy: 0
2019/10/17-14:54:14.295670 7fc3a9fcb700         Options.compression_opts.max_dict_bytes: 0
2019/10/17-14:54:14.295670 7fc3a9fcb700         Options.compression_opts.zstd_max_train_bytes: 0
2019/10/17-14:54:14.295671 7fc3a9fcb700                  Options.compression_opts.enabled: false
2019/10/17-14:54:14.295672 7fc3a9fcb700      Options.level0_file_num_compaction_trigger: 4
2019/10/17-14:54:14.295672 7fc3a9fcb700          Options.level0_slowdown_writes_trigger: 20
2019/10/17-14:54:14.295673 7fc3a9fcb700              Options.level0_stop_writes_trigger: 36
2019/10/17-14:54:14.295674 7fc3a9fcb700                   Options.target_file_size_base: 67108864
2019/10/17-14:54:14.295674 7fc3a9fcb700             Options.target_file_size_multiplier: 1
2019/10/17-14:54:14.295675 7fc3a9fcb700                Options.max_bytes_for_level_base: 268435456
2019/10/17-14:54:14.295676 7fc3a9fcb700 Options.level_compaction_dynamic_level_bytes: 0
2019/10/17-14:54:14.295676 7fc3a9fcb700          Options.max_bytes_for_level_multiplier: 10.000000
2019/10/17-14:54:14.295678 7fc3a9fcb700 Options.max_bytes_for_level_multiplier_addtl[0]: 1
2019/10/17-14:54:14.295678 7fc3a9fcb700 Options.max_bytes_for_level_multiplier_addtl[1]: 1
2019/10/17-14:54:14.295679 7fc3a9fcb700 Options.max_bytes_for_level_multiplier_addtl[2]: 1
2019/10/17-14:54:14.295680 7fc3a9fcb700 Options.max_bytes_for_level_multiplier_addtl[3]: 1
2019/10/17-14:54:14.295680 7fc3a9fcb700 Options.max_bytes_for_level_multiplier_addtl[4]: 1
2019/10/17-14:54:14.295681 7fc3a9fcb700 Options.max_bytes_for_level_multiplier_addtl[5]: 1
2019/10/17-14:54:14.295682 7fc3a9fcb700 Options.max_bytes_for_level_multiplier_addtl[6]: 1
2019/10/17-14:54:14.295682 7fc3a9fcb700       Options.max_sequential_skip_in_iterations: 8
2019/10/17-14:54:14.295686 7fc3a9fcb700                    Options.max_compaction_bytes: 1677721600
2019/10/17-14:54:14.295687 7fc3a9fcb700                        Options.arena_block_size: 8388608
2019/10/17-14:54:14.295688 7fc3a9fcb700   Options.soft_pending_compaction_bytes_limit: 68719476736
2019/10/17-14:54:14.295688 7fc3a9fcb700   Options.hard_pending_compaction_bytes_limit: 274877906944
2019/10/17-14:54:14.295689 7fc3a9fcb700       Options.rate_limit_delay_max_milliseconds: 100
2019/10/17-14:54:14.295690 7fc3a9fcb700                Options.disable_auto_compactions: 0
2019/10/17-14:54:14.295691 7fc3a9fcb700                        Options.compaction_style: kCompactionStyleLevel
2019/10/17-14:54:14.295691 7fc3a9fcb700                          Options.compaction_pri: kByCompensatedSize
2019/10/17-14:54:14.295692 7fc3a9fcb700 Options.compaction_options_universal.size_ratio: 1
2019/10/17-14:54:14.295693 7fc3a9fcb700 Options.compaction_options_universal.min_merge_width: 2
2019/10/17-14:54:14.295693 7fc3a9fcb700 Options.compaction_options_universal.max_merge_width: 4294967295
2019/10/17-14:54:14.295694 7fc3a9fcb700 Options.compaction_options_universal.max_size_amplification_percent: 200
2019/10/17-14:54:14.295695 7fc3a9fcb700 Options.compaction_options_universal.compression_size_percent: -1
2019/10/17-14:54:14.295696 7fc3a9fcb700 Options.compaction_options_universal.stop_style: kCompactionStopStyleTotalSize
2019/10/17-14:54:14.295696 7fc3a9fcb700 Options.compaction_options_fifo.max_table_files_size: 1073741824
2019/10/17-14:54:14.295697 7fc3a9fcb700 Options.compaction_options_fifo.allow_compaction: 0
2019/10/17-14:54:14.295698 7fc3a9fcb700 Options.compaction_options_fifo.ttl: 0
2019/10/17-14:54:14.295698 7fc3a9fcb700                   Options.table_properties_collectors: 
2019/10/17-14:54:14.295699 7fc3a9fcb700                   Options.inplace_update_support: 0
2019/10/17-14:54:14.295700 7fc3a9fcb700                 Options.inplace_update_num_locks: 10000
2019/10/17-14:54:14.295700 7fc3a9fcb700               Options.memtable_prefix_bloom_size_ratio: 0.000000
2019/10/17-14:54:14.295701 7fc3a9fcb700   Options.memtable_huge_page_size: 0
2019/10/17-14:54:14.295702 7fc3a9fcb700                           Options.bloom_locality: 0
2019/10/17-14:54:14.295703 7fc3a9fcb700                    Options.max_successive_merges: 0
2019/10/17-14:54:14.295703 7fc3a9fcb700                Options.optimize_filters_for_hits: 0
2019/10/17-14:54:14.295704 7fc3a9fcb700                Options.paranoid_file_checks: 0
2019/10/17-14:54:14.295705 7fc3a9fcb700                Options.force_consistency_checks: 0
2019/10/17-14:54:14.295705 7fc3a9fcb700                Options.report_bg_io_stats: 0
2019/10/17-14:54:14.295706 7fc3a9fcb700                               Options.ttl: 0
2019/10/17-14:54:14.295720 7fc3a9fcb700 [db/column_family.cc:472] --------------- Options for column family [entries]:
2019/10/17-14:54:14.295721 7fc3a9fcb700               Options.comparator: leveldb.BytewiseComparator
2019/10/17-14:54:14.295722 7fc3a9fcb700           Options.merge_operator: None
2019/10/17-14:54:14.295723 7fc3a9fcb700        Options.compaction_filter: None
2019/10/17-14:54:14.295724 7fc3a9fcb700        Options.compaction_filter_factory: None
2019/10/17-14:54:14.295724 7fc3a9fcb700         Options.memtable_factory: SkipListFactory
2019/10/17-14:54:14.295725 7fc3a9fcb700            Options.table_factory: BlockBasedTable
2019/10/17-14:54:14.295734 7fc3a9fcb700            table_factory options:   flush_block_policy_factory: FlushBlockBySizePolicyFactory (0x7fc35009c9b0)
  cache_index_and_filter_blocks: 0
  cache_index_and_filter_blocks_with_high_priority: 0
  pin_l0_filter_and_index_blocks_in_cache: 0
  pin_top_level_index_and_filter: 1
  index_type: 0
  hash_index_allow_collision: 1
  checksum: 1
  no_block_cache: 0
  block_cache: 0x7fc35001ea60
  block_cache_name: LRUCache
  block_cache_options:
    capacity : 8388608
    num_shard_bits : 4
    strict_capacity_limit : 0
    memory_allocator : None
    high_pri_pool_ratio: 0.000
  block_cache_compressed: (nil)
  persistent_cache: (nil)
  block_size: 4096
  block_size_deviation: 10
  block_restart_interval: 16
  index_block_restart_interval: 1
  metadata_block_size: 4096
  partition_filters: 0
  use_delta_encoding: 1
  filter_policy: nullptr
  whole_key_filtering: 1
  verify_compression: 0
  read_amp_bytes_per_bit: 0
  format_version: 2
  enable_index_compression: 1
  block_align: 0
2019/10/17-14:54:14.295739 7fc3a9fcb700        Options.write_buffer_size: 67108864
2019/10/17-14:54:14.295740 7fc3a9fcb700  Options.max_write_buffer_number: 2
2019/10/17-14:54:14.295741 7fc3a9fcb700          Options.compression: NoCompression
2019/10/17-14:54:14.295741 7fc3a9fcb700                  Options.bottommost_compression: Disabled
2019/10/17-14:54:14.295742 7fc3a9fcb700       Options.prefix_extractor: nullptr
2019/10/17-14:54:14.295743 7fc3a9fcb700   Options.memtable_insert_with_hint_prefix_extractor: nullptr
2019/10/17-14:54:14.295743 7fc3a9fcb700             Options.num_levels: 7
2019/10/17-14:54:14.295744 7fc3a9fcb700        Options.min_write_buffer_number_to_merge: 1
2019/10/17-14:54:14.295745 7fc3a9fcb700     Options.max_write_buffer_number_to_maintain: 0
2019/10/17-14:54:14.295745 7fc3a9fcb700            Options.bottommost_compression_opts.window_bits: -14
2019/10/17-14:54:14.295746 7fc3a9fcb700                  Options.bottommost_compression_opts.level: 32767
2019/10/17-14:54:14.295747 7fc3a9fcb700               Options.bottommost_compression_opts.strategy: 0
2019/10/17-14:54:14.295748 7fc3a9fcb700         Options.bottommost_compression_opts.max_dict_bytes: 0
2019/10/17-14:54:14.295748 7fc3a9fcb700         Options.bottommost_compression_opts.zstd_max_train_bytes: 0
2019/10/17-14:54:14.295749 7fc3a9fcb700                  Options.bottommost_compression_opts.enabled: false
2019/10/17-14:54:14.295750 7fc3a9fcb700            Options.compression_opts.window_bits: -14
2019/10/17-14:54:14.295750 7fc3a9fcb700                  Options.compression_opts.level: 32767
2019/10/17-14:54:14.295751 7fc3a9fcb700               Options.compression_opts.strategy: 0
2019/10/17-14:54:14.295752 7fc3a9fcb700         Options.compression_opts.max_dict_bytes: 0
2019/10/17-14:54:14.295752 7fc3a9fcb700         Options.compression_opts.zstd_max_train_bytes: 0
2019/10/17-14:54:14.295753 7fc3a9fcb700                  Options.compression_opts.enabled: false
2019/10/17-14:54:14.295754 7fc3a9fcb700      Options.level0_file_num_compaction_trigger: 4
2019/10/17-14:54:14.295754 7fc3a9fcb700          Options.level0_slowdown_writes_trigger: 20
2019/10/17-14:54:14.295755 7fc3a9fcb700              Options.level0_stop_writes_trigger: 36
2019/10/17-14:54:14.295756 7fc3a9fcb700                   Options.target_file_size_base: 67108864
2019/10/17-14:54:14.295756 7fc3a9fcb700             Options.target_file_size_multiplier: 1
2019/10/17-14:54:14.295757 7fc3a9fcb700                Options.max_bytes_for_level_base: 268435456
2019/10/17-14:54:14.295758 7fc3a9fcb700 Options.level_compaction_dynamic_level_bytes: 0
2019/10/17-14:54:14.295758 7fc3a9fcb700          Options.max_bytes_for_level_multiplier: 10.000000
2019/10/17-14:54:14.295759 7fc3a9fcb700 Options.max_bytes_for_level_multiplier_addtl[0]: 1
2019/10/17-14:54:14.295760 7fc3a9fcb700 Options.max_bytes_for_level_multiplier_addtl[1]: 1
2019/10/17-14:54:14.295761 7fc3a9fcb700 Options.max_bytes_for_level_multiplier_addtl[2]: 1
2019/10/17-14:54:14.295762 7fc3a9fcb700 Options.max_bytes_for_level_multiplier_addtl[3]: 1
2019/10/17-14:54:14.295762 7fc3a9fcb700 Options.max_bytes_for_level_multiplier_addtl[4]: 1
2019/10/17-14:54:14.295763 7fc3a9fcb700 Options.max_bytes_for_level_multiplier_addtl[5]: 1
2019/10/17-14:54:14.295764 7fc3a9fcb700 Options.max_bytes_for_level_multiplier_addtl[6]: 1
2019/10/17-14:54:14.295764 7fc3a9fcb700       Options.max_sequential_skip_in_iterations: 8
2019/10/17-14:54:14.295765 7fc3a9fcb700                    Options.max_compaction_bytes: 1677721600
2019/10/17-14:54:14.295766 7fc3a9fcb700                        Options.arena_block_size: 8388608
2019/10/17-14:54:14.295766 7fc3a9fcb700   Options.soft_pending_compaction_bytes_limit: 68719476736
2019/10/17-14:54:14.295770 7fc3a9fcb700   Options.hard_pending_compaction_bytes_limit: 274877906944
2019/10/17-14:54:14.295771 7fc3a9fcb700       Options.rate_limit_delay_max_milliseconds: 100
2019/10/17-14:54:14.295772 7fc3a9fcb700                Options.disable_auto_compactions: 0
2019/10/17-14:54:14.295772 7fc3a9fcb700                        Options.compaction_style: kCompactionStyleLevel
2019/10/17-14:54:14.295773 7fc3a9fcb700                          Options.compaction_pri: kByCompensatedSize
2019/10/17-14:54:14.295774 7fc3a9fcb700 Options.compaction_options_universal.size_ratio: 1
2019/10/17-14:54:14.295775 7fc3a9fcb700 Options.compaction_options_universal.min_merge_width: 2
2019/10/17-14:54:14.295775 7fc3a9fcb700 Options.compaction_options_universal.max_merge_width: 4294967295
2019/10/17-14:54:14.295776 7fc3a9fcb700 Options.compaction_options_universal.max_size_amplification_percent: 200
2019/10/17-14:54:14.295777 7fc3a9fcb700 Options.compaction_options_universal.compression_size_percent: -1
2019/10/17-14:54:14.295777 7fc3a9fcb700 Options.compaction_options_universal.stop_style: kCompactionStopStyleTotalSize
2019/10/17-14:54:14.295778 7fc3a9fcb700 Options.compaction_options_fifo.max_table_files_size: 1073741824
2019/10/17-14:54:14.295779 7fc3a9fcb700 Options.compaction_options_fifo.allow_compaction: 0
2019/10/17-14:54:14.295779 7fc3a9fcb700 Options.compaction_options_fifo.ttl: 0
2019/10/17-14:54:14.295780 7fc3a9fcb700                   Options.table_properties_collectors: 
2019/10/17-14:54:14.295781 7fc3a9fcb700                   Options.inplace_update_support: 0
2019/10/17-14:54:14.295781 7fc3a9fcb700                 Options.inplace_update_num_locks: 10000
2019/10/17-14:54:14.295782 7fc3a9fcb700               Options.memtable_prefix_bloom_size_ratio: 0.000000
2019/10/17-14:54:14.295783 7fc3a9fcb700   Options.memtable_huge_page_size: 0
2019/10/17-14:54:14.295784 7fc3a9fcb700                           Options.bloom_locality: 0
2019/10/17-14:54:14.295784 7fc3a9fcb700                    Options.max_successive_merges: 0
2019/10/17-14:54:14.295785 7fc3a9fcb700                Options.optimize_filters_for_hits: 0
2019/10/17-14:54:14.295786 7fc3a9fcb700                Options.paranoid_file_checks: 0
2019/10/17-14:54:14.295786 7fc3a9fcb700                Options.force_consistency_checks: 0
2019/10/17-14:54:14.295787 7fc3a9fcb700                Options.report_bg_io_stats: 0
2019/10/17-14:54:14.295788 7fc3a9fcb700                               Options.ttl: 0
2019/10/17-14:54:14.295801 7fc3a9fcb700 [db/column_family.cc:472] --------------- Options for column family [dc_entries]:
2019/10/17-14:54:14.295802 7fc3a9fcb700               Options.comparator: leveldb.BytewiseComparator
2019/10/17-14:54:14.295803 7fc3a9fcb700           Options.merge_operator: None
2019/10/17-14:54:14.295804 7fc3a9fcb700        Options.compaction_filter: None
2019/10/17-14:54:14.295805 7fc3a9fcb700        Options.compaction_filter_factory: None
2019/10/17-14:54:14.295805 7fc3a9fcb700         Options.memtable_factory: SkipListFactory
2019/10/17-14:54:14.295806 7fc3a9fcb700            Options.table_factory: BlockBasedTable
2019/10/17-14:54:14.295814 7fc3a9fcb700            table_factory options:   flush_block_policy_factory: FlushBlockBySizePolicyFactory (0x7fc350095cc0)
  cache_index_and_filter_blocks: 0
  cache_index_and_filter_blocks_with_high_priority: 0
  pin_l0_filter_and_index_blocks_in_cache: 0
  pin_top_level_index_and_filter: 1
  index_type: 0
  hash_index_allow_collision: 1
  checksum: 1
  no_block_cache: 0
  block_cache: 0x7fc3500613c0
  block_cache_name: LRUCache
  block_cache_options:
    capacity : 8388608
    num_shard_bits : 4
    strict_capacity_limit : 0
    memory_allocator : None
    high_pri_pool_ratio: 0.000
  block_cache_compressed: (nil)
  persistent_cache: (nil)
  block_size: 4096
  block_size_deviation: 10
  block_restart_interval: 16
  index_block_restart_interval: 1
  metadata_block_size: 4096
  partition_filters: 0
  use_delta_encoding: 1
  filter_policy: nullptr
  whole_key_filtering: 1
  verify_compression: 0
  read_amp_bytes_per_bit: 0
  format_version: 2
  enable_index_compression: 1
  block_align: 0
2019/10/17-14:54:14.295819 7fc3a9fcb700        Options.write_buffer_size: 67108864
2019/10/17-14:54:14.295820 7fc3a9fcb700  Options.max_write_buffer_number: 2
2019/10/17-14:54:14.295821 7fc3a9fcb700          Options.compression: NoCompression
2019/10/17-14:54:14.295822 7fc3a9fcb700                  Options.bottommost_compression: Disabled
2019/10/17-14:54:14.295822 7fc3a9fcb700       Options.prefix_extractor: nullptr
2019/10/17-14:54:14.295823 7fc3a9fcb700   Options.memtable_insert_with_hint_prefix_extractor: nullptr
2019/10/17-14:54:14.295824 7fc3a9fcb700             Options.num_levels: 7
2019/10/17-14:54:14.295824 7fc3a9fcb700        Options.min_write_buffer_number_to_merge: 1
2019/10/17-14:54:14.295825 7fc3a9fcb700     Options.max_write_buffer_number_to_maintain: 0
2019/10/17-14:54:14.295826 7fc3a9fcb700            Options.bottommost_compression_opts.window_bits: -14
2019/10/17-14:54:14.295826 7fc3a9fcb700                  Options.bottommost_compression_opts.level: 32767
2019/10/17-14:54:14.295827 7fc3a9fcb700               Options.bottommost_compression_opts.strategy: 0
2019/10/17-14:54:14.295828 7fc3a9fcb700         Options.bottommost_compression_opts.max_dict_bytes: 0
2019/10/17-14:54:14.295828 7fc3a9fcb700         Options.bottommost_compression_opts.zstd_max_train_bytes: 0
2019/10/17-14:54:14.295829 7fc3a9fcb700                  Options.bottommost_compression_opts.enabled: false
2019/10/17-14:54:14.295830 7fc3a9fcb700            Options.compression_opts.window_bits: -14
2019/10/17-14:54:14.295830 7fc3a9fcb700                  Options.compression_opts.level: 32767
2019/10/17-14:54:14.295831 7fc3a9fcb700               Options.compression_opts.strategy: 0
2019/10/17-14:54:14.295832 7fc3a9fcb700         Options.compression_opts.max_dict_bytes: 0
2019/10/17-14:54:14.295832 7fc3a9fcb700         Options.compression_opts.zstd_max_train_bytes: 0
2019/10/17-14:54:14.295833 7fc3a9fcb700                  Options.compression_opts.enabled: false
2019/10/17-14:54:14.295834 7fc3a9fcb700      Options.level0_file_num_compaction_trigger: 4
2019/10/17-14:54:14.295834 7fc3a9fcb700          Options.level0_slowdown_writes_trigger: 20
2019/10/17-14:54:14.295835 7fc3a9fcb700              Options.level0_stop_writes_trigger: 36
2019/10/17-14:54:14.295836 7fc3a9fcb700                   Options.target_file_size_base: 67108864
2019/10/17-14:54:14.295836 7fc3a9fcb700             Options.target_file_size_multiplier: 1
2019/10/17-14:54:14.295837 7fc3a9fcb700                Options.max_bytes_for_level_base: 268435456
2019/10/17-14:54:14.295838 7fc3a9fcb700 Options.level_compaction_dynamic_level_bytes: 0
2019/10/17-14:54:14.295838 7fc3a9fcb700          Options.max_bytes_for_level_multiplier: 10.000000
2019/10/17-14:54:14.295840 7fc3a9fcb700 Options.max_bytes_for_level_multiplier_addtl[0]: 1
2019/10/17-14:54:14.295840 7fc3a9fcb700 Options.max_bytes_for_level_multiplier_addtl[1]: 1
2019/10/17-14:54:14.295841 7fc3a9fcb700 Options.max_bytes_for_level_multiplier_addtl[2]: 1
2019/10/17-14:54:14.295842 7fc3a9fcb700 Options.max_bytes_for_level_multiplier_addtl[3]: 1
2019/10/17-14:54:14.295842 7fc3a9fcb700 Options.max_bytes_for_level_multiplier_addtl[4]: 1
2019/10/17-14:54:14.295843 7fc3a9fcb700 Options.max_bytes_for_level_multiplier_addtl[5]: 1
2019/10/17-14:54:14.295844 7fc3a9fcb700 Options.max_bytes_for_level_multiplier_addtl[6]: 1
2019/10/17-14:54:14.295844 7fc3a9fcb700       Options.max_sequential_skip_in_iterations: 8
2019/10/17-14:54:14.295845 7fc3a9fcb700                    Options.max_compaction_bytes: 1677721600
2019/10/17-14:54:14.295846 7fc3a9fcb700                        Options.arena_block_size: 8388608
2019/10/17-14:54:14.295846 7fc3a9fcb700   Options.soft_pending_compaction_bytes_limit: 68719476736
2019/10/17-14:54:14.295847 7fc3a9fcb700   Options.hard_pending_compaction_bytes_limit: 274877906944
2019/10/17-14:54:14.295848 7fc3a9fcb700       Options.rate_limit_delay_max_milliseconds: 100
2019/10/17-14:54:14.295848 7fc3a9fcb700                Options.disable_auto_compactions: 0
2019/10/17-14:54:14.295852 7fc3a9fcb700                        Options.compaction_style: kCompactionStyleLevel
2019/10/17-14:54:14.295853 7fc3a9fcb700                          Options.compaction_pri: kByCompensatedSize
2019/10/17-14:54:14.295854 7fc3a9fcb700 Options.compaction_options_universal.size_ratio: 1
2019/10/17-14:54:14.295855 7fc3a9fcb700 Options.compaction_options_universal.min_merge_width: 2
2019/10/17-14:54:14.295855 7fc3a9fcb700 Options.compaction_options_universal.max_merge_width: 4294967295
2019/10/17-14:54:14.295856 7fc3a9fcb700 Options.compaction_options_universal.max_size_amplification_percent: 200
2019/10/17-14:54:14.295857 7fc3a9fcb700 Options.compaction_options_universal.compression_size_percent: -1
2019/10/17-14:54:14.295858 7fc3a9fcb700 Options.compaction_options_universal.stop_style: kCompactionStopStyleTotalSize
2019/10/17-14:54:14.295858 7fc3a9fcb700 Options.compaction_options_fifo.max_table_files_size: 1073741824
2019/10/17-14:54:14.295859 7fc3a9fcb700 Options.compaction_options_fifo.allow_compaction: 0
2019/10/17-14:54:14.295860 7fc3a9fcb700 Options.compaction_options_fifo.ttl: 0
2019/10/17-14:54:14.295860 7fc3a9fcb700                   Options.table_properties_collectors: 
2019/10/17-14:54:14.295861 7fc3a9fcb700                   Options.inplace_update_support: 0
2019/10/17-14:54:14.295862 7fc3a9fcb700                 Options.inplace_update_num_locks: 10000
2019/10/17-14:54:14.295862 7fc3a9fcb700               Options.memtable_prefix_bloom_size_ratio: 0.000000
2019/10/17-14:54:14.295863 7fc3a9fcb700   Options.memtable_huge_page_size: 0
2019/10/17-14:54:14.295864 7fc3a9fcb700                           Options.bloom_locality: 0
2019/10/17-14:54:14.295865 7fc3a9fcb700                    Options.max_successive_merges: 0
2019/10/17-14:54:14.295865 7fc3a9fcb700                Options.optimize_filters_for_hits: 0
2019/10/17-14:54:14.295866 7fc3a9fcb700                Options.paranoid_file_checks: 0
2019/10/17-14:54:14.295867 7fc3a9fcb700                Options.force_consistency_checks: 0
2019/10/17-14:54:14.295867 7fc3a9fcb700                Options.report_bg_io_stats: 0
2019/10/17-14:54:14.295868 7fc3a9fcb700                               Options.ttl: 0
2019/10/17-14:54:14.295879 7fc3a9fcb700 [db/column_family.cc:472] --------------- Options for column family [htlcs]:
2019/10/17-14:54:14.295880 7fc3a9fcb700               Options.comparator: leveldb.BytewiseComparator
2019/10/17-14:54:14.295881 7fc3a9fcb700           Options.merge_operator: None
2019/10/17-14:54:14.295881 7fc3a9fcb700        Options.compaction_filter: None
2019/10/17-14:54:14.295882 7fc3a9fcb700        Options.compaction_filter_factory: None
2019/10/17-14:54:14.295883 7fc3a9fcb700         Options.memtable_factory: SkipListFactory
2019/10/17-14:54:14.295883 7fc3a9fcb700            Options.table_factory: BlockBasedTable
2019/10/17-14:54:14.295892 7fc3a9fcb700            table_factory options:   flush_block_policy_factory: FlushBlockBySizePolicyFactory (0x7fc3500898a0)
