2019/10/17-14:55:05.004935 7fc3a9fcb700 RocksDB version: 5.18.3
2019/10/17-14:55:05.004960 7fc3a9fcb700 Git sha rocksdb_build_git_sha:@0@
2019/10/17-14:55:05.004962 7fc3a9fcb700 Compile date Sep 19 2019
2019/10/17-14:55:05.004963 7fc3a9fcb700 DB SUMMARY
2019/10/17-14:55:05.005470 7fc3a9fcb700 CURRENT file:  CURRENT
2019/10/17-14:55:05.005472 7fc3a9fcb700 IDENTITY file:  IDENTITY
2019/10/17-14:55:05.005493 7fc3a9fcb700 MANIFEST file:  MANIFEST-116293 size: 4114 Bytes
2019/10/17-14:55:05.005494 7fc3a9fcb700 SST files in /home/rahul/dev/blockchain-core/eqc/ledger.db dir, Total Num: 29, files: 000624.sst 000627.sst 106940.sst 108447.sst 108450.sst 109471.sst 109483.sst 109485.sst 109486.sst 
2019/10/17-14:55:05.005495 7fc3a9fcb700 Write Ahead Log file in /home/rahul/dev/blockchain-core/eqc/ledger.db: 116294.log size: 0 ; 
2019/10/17-14:55:05.005520 7fc3a9fcb700                         Options.error_if_exists: 0
2019/10/17-14:55:05.005521 7fc3a9fcb700                       Options.create_if_missing: 1
2019/10/17-14:55:05.005521 7fc3a9fcb700                         Options.paranoid_checks: 1
2019/10/17-14:55:05.005522 7fc3a9fcb700                                     Options.env: 0x7fc32ae1fc60
2019/10/17-14:55:05.005522 7fc3a9fcb700                                Options.info_log: 0x7fc35006e670
2019/10/17-14:55:05.005523 7fc3a9fcb700                Options.max_file_opening_threads: 16
2019/10/17-14:55:05.005524 7fc3a9fcb700                              Options.statistics: (nil)
2019/10/17-14:55:05.005524 7fc3a9fcb700                               Options.use_fsync: 0
2019/10/17-14:55:05.005525 7fc3a9fcb700                       Options.max_log_file_size: 0
2019/10/17-14:55:05.005525 7fc3a9fcb700                  Options.max_manifest_file_size: 1073741824
2019/10/17-14:55:05.005526 7fc3a9fcb700                   Options.log_file_time_to_roll: 0
2019/10/17-14:55:05.005527 7fc3a9fcb700                       Options.keep_log_file_num: 1000
2019/10/17-14:55:05.005527 7fc3a9fcb700                    Options.recycle_log_file_num: 0
2019/10/17-14:55:05.005528 7fc3a9fcb700                         Options.allow_fallocate: 1
2019/10/17-14:55:05.005528 7fc3a9fcb700                        Options.allow_mmap_reads: 0
2019/10/17-14:55:05.005529 7fc3a9fcb700                       Options.allow_mmap_writes: 0
2019/10/17-14:55:05.005530 7fc3a9fcb700                        Options.use_direct_reads: 0
2019/10/17-14:55:05.005530 7fc3a9fcb700                        Options.use_direct_io_for_flush_and_compaction: 0
2019/10/17-14:55:05.005531 7fc3a9fcb700          Options.create_missing_column_families: 0
2019/10/17-14:55:05.005531 7fc3a9fcb700                              Options.db_log_dir: 
2019/10/17-14:55:05.005532 7fc3a9fcb700                                 Options.wal_dir: /home/rahul/dev/blockchain-core/eqc/ledger.db
2019/10/17-14:55:05.005532 7fc3a9fcb700                Options.table_cache_numshardbits: 6
2019/10/17-14:55:05.005533 7fc3a9fcb700                      Options.max_subcompactions: 1
2019/10/17-14:55:05.005533 7fc3a9fcb700                  Options.max_background_flushes: -1
2019/10/17-14:55:05.005534 7fc3a9fcb700                         Options.WAL_ttl_seconds: 0
2019/10/17-14:55:05.005535 7fc3a9fcb700                       Options.WAL_size_limit_MB: 0
2019/10/17-14:55:05.005535 7fc3a9fcb700             Options.manifest_preallocation_size: 4194304
2019/10/17-14:55:05.005536 7fc3a9fcb700                     Options.is_fd_close_on_exec: 1
2019/10/17-14:55:05.005536 7fc3a9fcb700                   Options.advise_random_on_open: 1
2019/10/17-14:55:05.005537 7fc3a9fcb700                    Options.db_write_buffer_size: 0
2019/10/17-14:55:05.005537 7fc3a9fcb700                    Options.write_buffer_manager: 0x7fc350070830
2019/10/17-14:55:05.005538 7fc3a9fcb700         Options.access_hint_on_compaction_start: 1
2019/10/17-14:55:05.005538 7fc3a9fcb700  Options.new_table_reader_for_compaction_inputs: 0
2019/10/17-14:55:05.005539 7fc3a9fcb700           Options.random_access_max_buffer_size: 1048576
2019/10/17-14:55:05.005540 7fc3a9fcb700                      Options.use_adaptive_mutex: 0
2019/10/17-14:55:05.005540 7fc3a9fcb700                            Options.rate_limiter: (nil)
2019/10/17-14:55:05.005547 7fc3a9fcb700     Options.sst_file_manager.rate_bytes_per_sec: 0
2019/10/17-14:55:05.005548 7fc3a9fcb700                       Options.wal_recovery_mode: 2
2019/10/17-14:55:05.005548 7fc3a9fcb700                  Options.enable_thread_tracking: 0
2019/10/17-14:55:05.005549 7fc3a9fcb700                  Options.enable_pipelined_write: 0
2019/10/17-14:55:05.005550 7fc3a9fcb700         Options.allow_concurrent_memtable_write: 1
2019/10/17-14:55:05.005550 7fc3a9fcb700      Options.enable_write_thread_adaptive_yield: 1
2019/10/17-14:55:05.005551 7fc3a9fcb700             Options.write_thread_max_yield_usec: 100
2019/10/17-14:55:05.005551 7fc3a9fcb700            Options.write_thread_slow_yield_usec: 3
2019/10/17-14:55:05.005552 7fc3a9fcb700                               Options.row_cache: None
2019/10/17-14:55:05.005552 7fc3a9fcb700                              Options.wal_filter: None
2019/10/17-14:55:05.005553 7fc3a9fcb700             Options.avoid_flush_during_recovery: 0
2019/10/17-14:55:05.005554 7fc3a9fcb700             Options.allow_ingest_behind: 0
2019/10/17-14:55:05.005554 7fc3a9fcb700             Options.preserve_deletes: 0
2019/10/17-14:55:05.005555 7fc3a9fcb700             Options.two_write_queues: 0
2019/10/17-14:55:05.005555 7fc3a9fcb700             Options.manual_wal_flush: 0
2019/10/17-14:55:05.005556 7fc3a9fcb700             Options.max_background_jobs: 2
2019/10/17-14:55:05.005556 7fc3a9fcb700             Options.max_background_compactions: -1
2019/10/17-14:55:05.005557 7fc3a9fcb700             Options.avoid_flush_during_shutdown: 0
2019/10/17-14:55:05.005557 7fc3a9fcb700           Options.writable_file_max_buffer_size: 1048576
2019/10/17-14:55:05.005558 7fc3a9fcb700             Options.delayed_write_rate : 16777216
2019/10/17-14:55:05.005559 7fc3a9fcb700             Options.max_total_wal_size: 0
2019/10/17-14:55:05.005559 7fc3a9fcb700             Options.delete_obsolete_files_period_micros: 21600000000
2019/10/17-14:55:05.005560 7fc3a9fcb700                   Options.stats_dump_period_sec: 600
2019/10/17-14:55:05.005560 7fc3a9fcb700                          Options.max_open_files: -1
2019/10/17-14:55:05.005561 7fc3a9fcb700                          Options.bytes_per_sync: 0
2019/10/17-14:55:05.005561 7fc3a9fcb700                      Options.wal_bytes_per_sync: 0
2019/10/17-14:55:05.005562 7fc3a9fcb700       Options.compaction_readahead_size: 0
2019/10/17-14:55:05.005562 7fc3a9fcb700 Compression algorithms supported:
2019/10/17-14:55:05.005563 7fc3a9fcb700 	kZSTDNotFinalCompression supported: 0
2019/10/17-14:55:05.005564 7fc3a9fcb700 	kZSTD supported: 0
2019/10/17-14:55:05.005565 7fc3a9fcb700 	kXpressCompression supported: 0
2019/10/17-14:55:05.005566 7fc3a9fcb700 	kLZ4HCCompression supported: 0
2019/10/17-14:55:05.005566 7fc3a9fcb700 	kLZ4Compression supported: 0
2019/10/17-14:55:05.005567 7fc3a9fcb700 	kBZip2Compression supported: 0
2019/10/17-14:55:05.005567 7fc3a9fcb700 	kZlibCompression supported: 0
2019/10/17-14:55:05.005568 7fc3a9fcb700 	kSnappyCompression supported: 0
2019/10/17-14:55:05.005569 7fc3a9fcb700 Fast CRC32 supported: Supported on x86
2019/10/17-14:55:05.005638 7fc3a9fcb700 [db/version_set.cc:3507] Recovering from manifest file: MANIFEST-116293
2019/10/17-14:55:05.005661 7fc3a9fcb700 [db/column_family.cc:472] --------------- Options for column family [default]:
2019/10/17-14:55:05.005662 7fc3a9fcb700               Options.comparator: leveldb.BytewiseComparator
2019/10/17-14:55:05.005663 7fc3a9fcb700           Options.merge_operator: None
2019/10/17-14:55:05.005664 7fc3a9fcb700        Options.compaction_filter: None
2019/10/17-14:55:05.005664 7fc3a9fcb700        Options.compaction_filter_factory: None
2019/10/17-14:55:05.005665 7fc3a9fcb700         Options.memtable_factory: SkipListFactory
2019/10/17-14:55:05.005665 7fc3a9fcb700            Options.table_factory: BlockBasedTable
2019/10/17-14:55:05.005676 7fc3a9fcb700            table_factory options:   flush_block_policy_factory: FlushBlockBySizePolicyFactory (0x7fc35005f3c0)
  cache_index_and_filter_blocks: 0
  cache_index_and_filter_blocks_with_high_priority: 0
  pin_l0_filter_and_index_blocks_in_cache: 0
  pin_top_level_index_and_filter: 1
  index_type: 0
  hash_index_allow_collision: 1
  checksum: 1
  no_block_cache: 0
  block_cache: 0x7fc350013170
  block_cache_name: LRUCache
  block_cache_options:
    capacity : 8388608
    num_shard_bits : 4
    strict_capacity_limit : 0
    memory_allocator : None
    high_pri_pool_ratio: 0.000
  block_cache_compressed: (nil)
  persistent_cache: (nil)
  block_size: 4096
  block_size_deviation: 10
  block_restart_interval: 16
  index_block_restart_interval: 1
  metadata_block_size: 4096
  partition_filters: 0
  use_delta_encoding: 1
  filter_policy: nullptr
  whole_key_filtering: 1
  verify_compression: 0
  read_amp_bytes_per_bit: 0
  format_version: 2
  enable_index_compression: 1
  block_align: 0
2019/10/17-14:55:05.005682 7fc3a9fcb700        Options.write_buffer_size: 67108864
2019/10/17-14:55:05.005683 7fc3a9fcb700  Options.max_write_buffer_number: 2
2019/10/17-14:55:05.005684 7fc3a9fcb700          Options.compression: NoCompression
2019/10/17-14:55:05.005684 7fc3a9fcb700                  Options.bottommost_compression: Disabled
2019/10/17-14:55:05.005685 7fc3a9fcb700       Options.prefix_extractor: nullptr
2019/10/17-14:55:05.005686 7fc3a9fcb700   Options.memtable_insert_with_hint_prefix_extractor: nullptr
2019/10/17-14:55:05.005686 7fc3a9fcb700             Options.num_levels: 7
2019/10/17-14:55:05.005687 7fc3a9fcb700        Options.min_write_buffer_number_to_merge: 1
2019/10/17-14:55:05.005687 7fc3a9fcb700     Options.max_write_buffer_number_to_maintain: 0
2019/10/17-14:55:05.005688 7fc3a9fcb700            Options.bottommost_compression_opts.window_bits: -14
2019/10/17-14:55:05.005688 7fc3a9fcb700                  Options.bottommost_compression_opts.level: 32767
2019/10/17-14:55:05.005689 7fc3a9fcb700               Options.bottommost_compression_opts.strategy: 0
2019/10/17-14:55:05.005690 7fc3a9fcb700         Options.bottommost_compression_opts.max_dict_bytes: 0
2019/10/17-14:55:05.005690 7fc3a9fcb700         Options.bottommost_compression_opts.zstd_max_train_bytes: 0
2019/10/17-14:55:05.005691 7fc3a9fcb700                  Options.bottommost_compression_opts.enabled: false
2019/10/17-14:55:05.005691 7fc3a9fcb700            Options.compression_opts.window_bits: -14
2019/10/17-14:55:05.005692 7fc3a9fcb700                  Options.compression_opts.level: 32767
2019/10/17-14:55:05.005692 7fc3a9fcb700               Options.compression_opts.strategy: 0
2019/10/17-14:55:05.005693 7fc3a9fcb700         Options.compression_opts.max_dict_bytes: 0
2019/10/17-14:55:05.005693 7fc3a9fcb700         Options.compression_opts.zstd_max_train_bytes: 0
2019/10/17-14:55:05.005694 7fc3a9fcb700                  Options.compression_opts.enabled: false
2019/10/17-14:55:05.005695 7fc3a9fcb700      Options.level0_file_num_compaction_trigger: 4
2019/10/17-14:55:05.005695 7fc3a9fcb700          Options.level0_slowdown_writes_trigger: 20
2019/10/17-14:55:05.005696 7fc3a9fcb700              Options.level0_stop_writes_trigger: 36
2019/10/17-14:55:05.005696 7fc3a9fcb700                   Options.target_file_size_base: 67108864
2019/10/17-14:55:05.005697 7fc3a9fcb700             Options.target_file_size_multiplier: 1
2019/10/17-14:55:05.005697 7fc3a9fcb700                Options.max_bytes_for_level_base: 268435456
2019/10/17-14:55:05.005698 7fc3a9fcb700 Options.level_compaction_dynamic_level_bytes: 0
2019/10/17-14:55:05.005698 7fc3a9fcb700          Options.max_bytes_for_level_multiplier: 10.000000
2019/10/17-14:55:05.005700 7fc3a9fcb700 Options.max_bytes_for_level_multiplier_addtl[0]: 1
2019/10/17-14:55:05.005701 7fc3a9fcb700 Options.max_bytes_for_level_multiplier_addtl[1]: 1
2019/10/17-14:55:05.005701 7fc3a9fcb700 Options.max_bytes_for_level_multiplier_addtl[2]: 1
2019/10/17-14:55:05.005702 7fc3a9fcb700 Options.max_bytes_for_level_multiplier_addtl[3]: 1
2019/10/17-14:55:05.005702 7fc3a9fcb700 Options.max_bytes_for_level_multiplier_addtl[4]: 1
2019/10/17-14:55:05.005706 7fc3a9fcb700 Options.max_bytes_for_level_multiplier_addtl[5]: 1
2019/10/17-14:55:05.005706 7fc3a9fcb700 Options.max_bytes_for_level_multiplier_addtl[6]: 1
2019/10/17-14:55:05.005707 7fc3a9fcb700       Options.max_sequential_skip_in_iterations: 8
2019/10/17-14:55:05.005707 7fc3a9fcb700                    Options.max_compaction_bytes: 1677721600
2019/10/17-14:55:05.005708 7fc3a9fcb700                        Options.arena_block_size: 8388608
2019/10/17-14:55:05.005708 7fc3a9fcb700   Options.soft_pending_compaction_bytes_limit: 68719476736
2019/10/17-14:55:05.005709 7fc3a9fcb700   Options.hard_pending_compaction_bytes_limit: 274877906944
2019/10/17-14:55:05.005710 7fc3a9fcb700       Options.rate_limit_delay_max_milliseconds: 100
2019/10/17-14:55:05.005710 7fc3a9fcb700                Options.disable_auto_compactions: 0
2019/10/17-14:55:05.005711 7fc3a9fcb700                        Options.compaction_style: kCompactionStyleLevel
2019/10/17-14:55:05.005712 7fc3a9fcb700                          Options.compaction_pri: kByCompensatedSize
2019/10/17-14:55:05.005713 7fc3a9fcb700 Options.compaction_options_universal.size_ratio: 1
2019/10/17-14:55:05.005713 7fc3a9fcb700 Options.compaction_options_universal.min_merge_width: 2
2019/10/17-14:55:05.005714 7fc3a9fcb700 Options.compaction_options_universal.max_merge_width: 4294967295
2019/10/17-14:55:05.005714 7fc3a9fcb700 Options.compaction_options_universal.max_size_amplification_percent: 200
2019/10/17-14:55:05.005715 7fc3a9fcb700 Options.compaction_options_universal.compression_size_percent: -1
2019/10/17-14:55:05.005716 7fc3a9fcb700 Options.compaction_options_universal.stop_style: kCompactionStopStyleTotalSize
2019/10/17-14:55:05.005716 7fc3a9fcb700 Options.compaction_options_fifo.max_table_files_size: 1073741824
2019/10/17-14:55:05.005717 7fc3a9fcb700 Options.compaction_options_fifo.allow_compaction: 0
2019/10/17-14:55:05.005717 7fc3a9fcb700 Options.compaction_options_fifo.ttl: 0
2019/10/17-14:55:05.005718 7fc3a9fcb700                   Options.table_properties_collectors: 
2019/10/17-14:55:05.005718 7fc3a9fcb700                   Options.inplace_update_support: 0
2019/10/17-14:55:05.005719 7fc3a9fcb700                 Options.inplace_update_num_locks: 10000
2019/10/17-14:55:05.005720 7fc3a9fcb700               Options.memtable_prefix_bloom_size_ratio: 0.000000
2019/10/17-14:55:05.005720 7fc3a9fcb700   Options.memtable_huge_page_size: 0
2019/10/17-14:55:05.005721 7fc3a9fcb700                           Options.bloom_locality: 0
2019/10/17-14:55:05.005722 7fc3a9fcb700                    Options.max_successive_merges: 0
2019/10/17-14:55:05.005722 7fc3a9fcb700                Options.optimize_filters_for_hits: 0
2019/10/17-14:55:05.005723 7fc3a9fcb700                Options.paranoid_file_checks: 0
2019/10/17-14:55:05.005723 7fc3a9fcb700                Options.force_consistency_checks: 0
2019/10/17-14:55:05.005724 7fc3a9fcb700                Options.report_bg_io_stats: 0
2019/10/17-14:55:05.005724 7fc3a9fcb700                               Options.ttl: 0
2019/10/17-14:55:05.005745 7fc3a9fcb700 [db/column_family.cc:472] --------------- Options for column family [active_gateways]:
2019/10/17-14:55:05.005746 7fc3a9fcb700               Options.comparator: leveldb.BytewiseComparator
2019/10/17-14:55:05.005747 7fc3a9fcb700           Options.merge_operator: None
2019/10/17-14:55:05.005747 7fc3a9fcb700        Options.compaction_filter: None
2019/10/17-14:55:05.005748 7fc3a9fcb700        Options.compaction_filter_factory: None
2019/10/17-14:55:05.005748 7fc3a9fcb700         Options.memtable_factory: SkipListFactory
2019/10/17-14:55:05.005749 7fc3a9fcb700            Options.table_factory: BlockBasedTable
2019/10/17-14:55:05.005756 7fc3a9fcb700            table_factory options:   flush_block_policy_factory: FlushBlockBySizePolicyFactory (0x7fc3500a06b0)
  cache_index_and_filter_blocks: 0
  cache_index_and_filter_blocks_with_high_priority: 0
  pin_l0_filter_and_index_blocks_in_cache: 0
  pin_top_level_index_and_filter: 1
  index_type: 0
  hash_index_allow_collision: 1
  checksum: 1
  no_block_cache: 0
  block_cache: 0x7fc35010aa20
  block_cache_name: LRUCache
  block_cache_options:
    capacity : 8388608
    num_shard_bits : 4
    strict_capacity_limit : 0
    memory_allocator : None
    high_pri_pool_ratio: 0.000
  block_cache_compressed: (nil)
  persistent_cache: (nil)
  block_size: 4096
  block_size_deviation: 10
  block_restart_interval: 16
  index_block_restart_interval: 1
  metadata_block_size: 4096
  partition_filters: 0
  use_delta_encoding: 1
  filter_policy: nullptr
  whole_key_filtering: 1
  verify_compression: 0
  read_amp_bytes_per_bit: 0
  format_version: 2
  enable_index_compression: 1
  block_align: 0
2019/10/17-14:55:05.005762 7fc3a9fcb700        Options.write_buffer_size: 67108864
2019/10/17-14:55:05.005762 7fc3a9fcb700  Options.max_write_buffer_number: 2
2019/10/17-14:55:05.005763 7fc3a9fcb700          Options.compression: NoCompression
2019/10/17-14:55:05.005764 7fc3a9fcb700                  Options.bottommost_compression: Disabled
2019/10/17-14:55:05.005764 7fc3a9fcb700       Options.prefix_extractor: nullptr
2019/10/17-14:55:05.005765 7fc3a9fcb700   Options.memtable_insert_with_hint_prefix_extractor: nullptr
2019/10/17-14:55:05.005765 7fc3a9fcb700             Options.num_levels: 7
2019/10/17-14:55:05.005766 7fc3a9fcb700        Options.min_write_buffer_number_to_merge: 1
2019/10/17-14:55:05.005766 7fc3a9fcb700     Options.max_write_buffer_number_to_maintain: 0
2019/10/17-14:55:05.005767 7fc3a9fcb700            Options.bottommost_compression_opts.window_bits: -14
2019/10/17-14:55:05.005767 7fc3a9fcb700                  Options.bottommost_compression_opts.level: 32767
2019/10/17-14:55:05.005768 7fc3a9fcb700               Options.bottommost_compression_opts.strategy: 0
2019/10/17-14:55:05.005769 7fc3a9fcb700         Options.bottommost_compression_opts.max_dict_bytes: 0
2019/10/17-14:55:05.005769 7fc3a9fcb700         Options.bottommost_compression_opts.zstd_max_train_bytes: 0
2019/10/17-14:55:05.005770 7fc3a9fcb700                  Options.bottommost_compression_opts.enabled: false
2019/10/17-14:55:05.005770 7fc3a9fcb700            Options.compression_opts.window_bits: -14
2019/10/17-14:55:05.005771 7fc3a9fcb700                  Options.compression_opts.level: 32767
2019/10/17-14:55:05.005771 7fc3a9fcb700               Options.compression_opts.strategy: 0
2019/10/17-14:55:05.005772 7fc3a9fcb700         Options.compression_opts.max_dict_bytes: 0
2019/10/17-14:55:05.005772 7fc3a9fcb700         Options.compression_opts.zstd_max_train_bytes: 0
2019/10/17-14:55:05.005773 7fc3a9fcb700                  Options.compression_opts.enabled: false
2019/10/17-14:55:05.005773 7fc3a9fcb700      Options.level0_file_num_compaction_trigger: 4
2019/10/17-14:55:05.005774 7fc3a9fcb700          Options.level0_slowdown_writes_trigger: 20
2019/10/17-14:55:05.005774 7fc3a9fcb700              Options.level0_stop_writes_trigger: 36
2019/10/17-14:55:05.005775 7fc3a9fcb700                   Options.target_file_size_base: 67108864
2019/10/17-14:55:05.005776 7fc3a9fcb700             Options.target_file_size_multiplier: 1
2019/10/17-14:55:05.005776 7fc3a9fcb700                Options.max_bytes_for_level_base: 268435456
2019/10/17-14:55:05.005777 7fc3a9fcb700 Options.level_compaction_dynamic_level_bytes: 0
2019/10/17-14:55:05.005777 7fc3a9fcb700          Options.max_bytes_for_level_multiplier: 10.000000
2019/10/17-14:55:05.005778 7fc3a9fcb700 Options.max_bytes_for_level_multiplier_addtl[0]: 1
2019/10/17-14:55:05.005779 7fc3a9fcb700 Options.max_bytes_for_level_multiplier_addtl[1]: 1
2019/10/17-14:55:05.005779 7fc3a9fcb700 Options.max_bytes_for_level_multiplier_addtl[2]: 1
2019/10/17-14:55:05.005780 7fc3a9fcb700 Options.max_bytes_for_level_multiplier_addtl[3]: 1
2019/10/17-14:55:05.005781 7fc3a9fcb700 Options.max_bytes_for_level_multiplier_addtl[4]: 1
2019/10/17-14:55:05.005781 7fc3a9fcb700 Options.max_bytes_for_level_multiplier_addtl[5]: 1
2019/10/17-14:55:05.005782 7fc3a9fcb700 Options.max_bytes_for_level_multiplier_addtl[6]: 1
2019/10/17-14:55:05.005782 7fc3a9fcb700       Options.max_sequential_skip_in_iterations: 8
2019/10/17-14:55:05.005785 7fc3a9fcb700                    Options.max_compaction_bytes: 1677721600
2019/10/17-14:55:05.005786 7fc3a9fcb700                        Options.arena_block_size: 8388608
2019/10/17-14:55:05.005787 7fc3a9fcb700   Options.soft_pending_compaction_bytes_limit: 68719476736
2019/10/17-14:55:05.005787 7fc3a9fcb700   Options.hard_pending_compaction_bytes_limit: 274877906944
2019/10/17-14:55:05.005788 7fc3a9fcb700       Options.rate_limit_delay_max_milliseconds: 100
2019/10/17-14:55:05.005788 7fc3a9fcb700                Options.disable_auto_compactions: 0
2019/10/17-14:55:05.005789 7fc3a9fcb700                        Options.compaction_style: kCompactionStyleLevel
2019/10/17-14:55:05.005790 7fc3a9fcb700                          Options.compaction_pri: kByCompensatedSize
2019/10/17-14:55:05.005790 7fc3a9fcb700 Options.compaction_options_universal.size_ratio: 1
2019/10/17-14:55:05.005791 7fc3a9fcb700 Options.compaction_options_universal.min_merge_width: 2
2019/10/17-14:55:05.005791 7fc3a9fcb700 Options.compaction_options_universal.max_merge_width: 4294967295
2019/10/17-14:55:05.005792 7fc3a9fcb700 Options.compaction_options_universal.max_size_amplification_percent: 200
2019/10/17-14:55:05.005792 7fc3a9fcb700 Options.compaction_options_universal.compression_size_percent: -1
2019/10/17-14:55:05.005793 7fc3a9fcb700 Options.compaction_options_universal.stop_style: kCompactionStopStyleTotalSize
2019/10/17-14:55:05.005794 7fc3a9fcb700 Options.compaction_options_fifo.max_table_files_size: 1073741824
2019/10/17-14:55:05.005794 7fc3a9fcb700 Options.compaction_options_fifo.allow_compaction: 0
2019/10/17-14:55:05.005795 7fc3a9fcb700 Options.compaction_options_fifo.ttl: 0
2019/10/17-14:55:05.005795 7fc3a9fcb700                   Options.table_properties_collectors: 
2019/10/17-14:55:05.005796 7fc3a9fcb700                   Options.inplace_update_support: 0
2019/10/17-14:55:05.005796 7fc3a9fcb700                 Options.inplace_update_num_locks: 10000
2019/10/17-14:55:05.005797 7fc3a9fcb700               Options.memtable_prefix_bloom_size_ratio: 0.000000
2019/10/17-14:55:05.005798 7fc3a9fcb700   Options.memtable_huge_page_size: 0
2019/10/17-14:55:05.005798 7fc3a9fcb700                           Options.bloom_locality: 0
2019/10/17-14:55:05.005799 7fc3a9fcb700                    Options.max_successive_merges: 0
2019/10/17-14:55:05.005799 7fc3a9fcb700                Options.optimize_filters_for_hits: 0
2019/10/17-14:55:05.005800 7fc3a9fcb700                Options.paranoid_file_checks: 0
2019/10/17-14:55:05.005800 7fc3a9fcb700                Options.force_consistency_checks: 0
2019/10/17-14:55:05.005801 7fc3a9fcb700                Options.report_bg_io_stats: 0
2019/10/17-14:55:05.005801 7fc3a9fcb700                               Options.ttl: 0
2019/10/17-14:55:05.005813 7fc3a9fcb700 [db/column_family.cc:472] --------------- Options for column family [entries]:
2019/10/17-14:55:05.005814 7fc3a9fcb700               Options.comparator: leveldb.BytewiseComparator
2019/10/17-14:55:05.005815 7fc3a9fcb700           Options.merge_operator: None
2019/10/17-14:55:05.005815 7fc3a9fcb700        Options.compaction_filter: None
2019/10/17-14:55:05.005816 7fc3a9fcb700        Options.compaction_filter_factory: None
2019/10/17-14:55:05.005816 7fc3a9fcb700         Options.memtable_factory: SkipListFactory
2019/10/17-14:55:05.005817 7fc3a9fcb700            Options.table_factory: BlockBasedTable
2019/10/17-14:55:05.005824 7fc3a9fcb700            table_factory options:   flush_block_policy_factory: FlushBlockBySizePolicyFactory (0x7fc3500895e0)
  cache_index_and_filter_blocks: 0
  cache_index_and_filter_blocks_with_high_priority: 0
  pin_l0_filter_and_index_blocks_in_cache: 0
  pin_top_level_index_and_filter: 1
  index_type: 0
  hash_index_allow_collision: 1
  checksum: 1
  no_block_cache: 0
  block_cache: 0x7fc35002cb70
  block_cache_name: LRUCache
  block_cache_options:
    capacity : 8388608
    num_shard_bits : 4
    strict_capacity_limit : 0
    memory_allocator : None
    high_pri_pool_ratio: 0.000
  block_cache_compressed: (nil)
  persistent_cache: (nil)
  block_size: 4096
  block_size_deviation: 10
  block_restart_interval: 16
  index_block_restart_interval: 1
  metadata_block_size: 4096
  partition_filters: 0
  use_delta_encoding: 1
  filter_policy: nullptr
  whole_key_filtering: 1
  verify_compression: 0
  read_amp_bytes_per_bit: 0
  format_version: 2
  enable_index_compression: 1
  block_align: 0
2019/10/17-14:55:05.005828 7fc3a9fcb700        Options.write_buffer_size: 67108864
2019/10/17-14:55:05.005829 7fc3a9fcb700  Options.max_write_buffer_number: 2
2019/10/17-14:55:05.005829 7fc3a9fcb700          Options.compression: NoCompression
2019/10/17-14:55:05.005830 7fc3a9fcb700                  Options.bottommost_compression: Disabled
2019/10/17-14:55:05.005830 7fc3a9fcb700       Options.prefix_extractor: nullptr
2019/10/17-14:55:05.005831 7fc3a9fcb700   Options.memtable_insert_with_hint_prefix_extractor: nullptr
2019/10/17-14:55:05.005832 7fc3a9fcb700             Options.num_levels: 7
2019/10/17-14:55:05.005832 7fc3a9fcb700        Options.min_write_buffer_number_to_merge: 1
2019/10/17-14:55:05.005833 7fc3a9fcb700     Options.max_write_buffer_number_to_maintain: 0
2019/10/17-14:55:05.005833 7fc3a9fcb700            Options.bottommost_compression_opts.window_bits: -14
2019/10/17-14:55:05.005834 7fc3a9fcb700                  Options.bottommost_compression_opts.level: 32767
2019/10/17-14:55:05.005834 7fc3a9fcb700               Options.bottommost_compression_opts.strategy: 0
2019/10/17-14:55:05.005835 7fc3a9fcb700         Options.bottommost_compression_opts.max_dict_bytes: 0
2019/10/17-14:55:05.005835 7fc3a9fcb700         Options.bottommost_compression_opts.zstd_max_train_bytes: 0
2019/10/17-14:55:05.005836 7fc3a9fcb700                  Options.bottommost_compression_opts.enabled: false
2019/10/17-14:55:05.005836 7fc3a9fcb700            Options.compression_opts.window_bits: -14
2019/10/17-14:55:05.005837 7fc3a9fcb700                  Options.compression_opts.level: 32767
2019/10/17-14:55:05.005838 7fc3a9fcb700               Options.compression_opts.strategy: 0
2019/10/17-14:55:05.005838 7fc3a9fcb700         Options.compression_opts.max_dict_bytes: 0
2019/10/17-14:55:05.005839 7fc3a9fcb700         Options.compression_opts.zstd_max_train_bytes: 0
2019/10/17-14:55:05.005839 7fc3a9fcb700                  Options.compression_opts.enabled: false
2019/10/17-14:55:05.005840 7fc3a9fcb700      Options.level0_file_num_compaction_trigger: 4
2019/10/17-14:55:05.005840 7fc3a9fcb700          Options.level0_slowdown_writes_trigger: 20
2019/10/17-14:55:05.005841 7fc3a9fcb700              Options.level0_stop_writes_trigger: 36
2019/10/17-14:55:05.005841 7fc3a9fcb700                   Options.target_file_size_base: 67108864
2019/10/17-14:55:05.005842 7fc3a9fcb700             Options.target_file_size_multiplier: 1
2019/10/17-14:55:05.005842 7fc3a9fcb700                Options.max_bytes_for_level_base: 268435456
2019/10/17-14:55:05.005843 7fc3a9fcb700 Options.level_compaction_dynamic_level_bytes: 0
2019/10/17-14:55:05.005843 7fc3a9fcb700          Options.max_bytes_for_level_multiplier: 10.000000
2019/10/17-14:55:05.005844 7fc3a9fcb700 Options.max_bytes_for_level_multiplier_addtl[0]: 1
2019/10/17-14:55:05.005845 7fc3a9fcb700 Options.max_bytes_for_level_multiplier_addtl[1]: 1
2019/10/17-14:55:05.005846 7fc3a9fcb700 Options.max_bytes_for_level_multiplier_addtl[2]: 1
2019/10/17-14:55:05.005846 7fc3a9fcb700 Options.max_bytes_for_level_multiplier_addtl[3]: 1
2019/10/17-14:55:05.005847 7fc3a9fcb700 Options.max_bytes_for_level_multiplier_addtl[4]: 1
2019/10/17-14:55:05.005847 7fc3a9fcb700 Options.max_bytes_for_level_multiplier_addtl[5]: 1
2019/10/17-14:55:05.005848 7fc3a9fcb700 Options.max_bytes_for_level_multiplier_addtl[6]: 1
2019/10/17-14:55:05.005848 7fc3a9fcb700       Options.max_sequential_skip_in_iterations: 8
2019/10/17-14:55:05.005849 7fc3a9fcb700                    Options.max_compaction_bytes: 1677721600
2019/10/17-14:55:05.005849 7fc3a9fcb700                        Options.arena_block_size: 8388608
2019/10/17-14:55:05.005850 7fc3a9fcb700   Options.soft_pending_compaction_bytes_limit: 68719476736
2019/10/17-14:55:05.005853 7fc3a9fcb700   Options.hard_pending_compaction_bytes_limit: 274877906944
2019/10/17-14:55:05.005854 7fc3a9fcb700       Options.rate_limit_delay_max_milliseconds: 100
2019/10/17-14:55:05.005855 7fc3a9fcb700                Options.disable_auto_compactions: 0
2019/10/17-14:55:05.005855 7fc3a9fcb700                        Options.compaction_style: kCompactionStyleLevel
2019/10/17-14:55:05.005856 7fc3a9fcb700                          Options.compaction_pri: kByCompensatedSize
2019/10/17-14:55:05.005857 7fc3a9fcb700 Options.compaction_options_universal.size_ratio: 1
2019/10/17-14:55:05.005857 7fc3a9fcb700 Options.compaction_options_universal.min_merge_width: 2
2019/10/17-14:55:05.005858 7fc3a9fcb700 Options.compaction_options_universal.max_merge_width: 4294967295
2019/10/17-14:55:05.005858 7fc3a9fcb700 Options.compaction_options_universal.max_size_amplification_percent: 200
2019/10/17-14:55:05.005859 7fc3a9fcb700 Options.compaction_options_universal.compression_size_percent: -1
2019/10/17-14:55:05.005859 7fc3a9fcb700 Options.compaction_options_universal.stop_style: kCompactionStopStyleTotalSize
2019/10/17-14:55:05.005860 7fc3a9fcb700 Options.compaction_options_fifo.max_table_files_size: 1073741824
2019/10/17-14:55:05.005860 7fc3a9fcb700 Options.compaction_options_fifo.allow_compaction: 0
2019/10/17-14:55:05.005861 7fc3a9fcb700 Options.compaction_options_fifo.ttl: 0
2019/10/17-14:55:05.005862 7fc3a9fcb700                   Options.table_properties_collectors: 
2019/10/17-14:55:05.005862 7fc3a9fcb700                   Options.inplace_update_support: 0
2019/10/17-14:55:05.005863 7fc3a9fcb700                 Options.inplace_update_num_locks: 10000
2019/10/17-14:55:05.005863 7fc3a9fcb700               Options.memtable_prefix_bloom_size_ratio: 0.000000
2019/10/17-14:55:05.005864 7fc3a9fcb700   Options.memtable_huge_page_size: 0
2019/10/17-14:55:05.005864 7fc3a9fcb700                           Options.bloom_locality: 0
2019/10/17-14:55:05.005865 7fc3a9fcb700                    Options.max_successive_merges: 0
2019/10/17-14:55:05.005866 7fc3a9fcb700                Options.optimize_filters_for_hits: 0
2019/10/17-14:55:05.005866 7fc3a9fcb700                Options.paranoid_file_checks: 0
2019/10/17-14:55:05.005867 7fc3a9fcb700                Options.force_consistency_checks: 0
2019/10/17-14:55:05.005867 7fc3a9fcb700                Options.report_bg_io_stats: 0
2019/10/17-14:55:05.005868 7fc3a9fcb700                               Options.ttl: 0
2019/10/17-14:55:05.005878 7fc3a9fcb700 [db/column_family.cc:472] --------------- Options for column family [dc_entries]:
2019/10/17-14:55:05.005879 7fc3a9fcb700               Options.comparator: leveldb.BytewiseComparator
2019/10/17-14:55:05.005880 7fc3a9fcb700           Options.merge_operator: None
2019/10/17-14:55:05.005881 7fc3a9fcb700        Options.compaction_filter: None
2019/10/17-14:55:05.005881 7fc3a9fcb700        Options.compaction_filter_factory: None
2019/10/17-14:55:05.005882 7fc3a9fcb700         Options.memtable_factory: SkipListFactory
2019/10/17-14:55:05.005882 7fc3a9fcb700            Options.table_factory: BlockBasedTable
2019/10/17-14:55:05.005889 7fc3a9fcb700            table_factory options:   flush_block_policy_factory: FlushBlockBySizePolicyFactory (0x7fc35003d940)
  cache_index_and_filter_blocks: 0
  cache_index_and_filter_blocks_with_high_priority: 0
  pin_l0_filter_and_index_blocks_in_cache: 0
  pin_top_level_index_and_filter: 1
  index_type: 0
  hash_index_allow_collision: 1
  checksum: 1
  no_block_cache: 0
  block_cache: 0x7fc35007e440
  block_cache_name: LRUCache
  block_cache_options:
    capacity : 8388608
    num_shard_bits : 4
    strict_capacity_limit : 0
    memory_allocator : None
    high_pri_pool_ratio: 0.000
  block_cache_compressed: (nil)
  persistent_cache: (nil)
  block_size: 4096
  block_size_deviation: 10
  block_restart_interval: 16
  index_block_restart_interval: 1
  metadata_block_size: 4096
  partition_filters: 0
  use_delta_encoding: 1
  filter_policy: nullptr
  whole_key_filtering: 1
  verify_compression: 0
  read_amp_bytes_per_bit: 0
  format_version: 2
  enable_index_compression: 1
  block_align: 0
2019/10/17-14:55:05.005893 7fc3a9fcb700        Options.write_buffer_size: 67108864
2019/10/17-14:55:05.005894 7fc3a9fcb700  Options.max_write_buffer_number: 2
2019/10/17-14:55:05.005894 7fc3a9fcb700          Options.compression: NoCompression
2019/10/17-14:55:05.005895 7fc3a9fcb700                  Options.bottommost_compression: Disabled
2019/10/17-14:55:05.005895 7fc3a9fcb700       Options.prefix_extractor: nullptr
2019/10/17-14:55:05.005896 7fc3a9fcb700   Options.memtable_insert_with_hint_prefix_extractor: nullptr
2019/10/17-14:55:05.005897 7fc3a9fcb700             Options.num_levels: 7
2019/10/17-14:55:05.005897 7fc3a9fcb700        Options.min_write_buffer_number_to_merge: 1
2019/10/17-14:55:05.005898 7fc3a9fcb700     Options.max_write_buffer_number_to_maintain: 0
2019/10/17-14:55:05.005898 7fc3a9fcb700            Options.bottommost_compression_opts.window_bits: -14
2019/10/17-14:55:05.005899 7fc3a9fcb700                  Options.bottommost_compression_opts.level: 32767
2019/10/17-14:55:05.005899 7fc3a9fcb700               Options.bottommost_compression_opts.strategy: 0
2019/10/17-14:55:05.005900 7fc3a9fcb700         Options.bottommost_compression_opts.max_dict_bytes: 0
2019/10/17-14:55:05.005900 7fc3a9fcb700         Options.bottommost_compression_opts.zstd_max_train_bytes: 0
2019/10/17-14:55:05.005901 7fc3a9fcb700                  Options.bottommost_compression_opts.enabled: false
2019/10/17-14:55:05.005901 7fc3a9fcb700            Options.compression_opts.window_bits: -14
2019/10/17-14:55:05.005902 7fc3a9fcb700                  Options.compression_opts.level: 32767
2019/10/17-14:55:05.005902 7fc3a9fcb700               Options.compression_opts.strategy: 0
2019/10/17-14:55:05.005903 7fc3a9fcb700         Options.compression_opts.max_dict_bytes: 0
2019/10/17-14:55:05.005904 7fc3a9fcb700         Options.compression_opts.zstd_max_train_bytes: 0
2019/10/17-14:55:05.005904 7fc3a9fcb700                  Options.compression_opts.enabled: false
2019/10/17-14:55:05.005905 7fc3a9fcb700      Options.level0_file_num_compaction_trigger: 4
2019/10/17-14:55:05.005905 7fc3a9fcb700          Options.level0_slowdown_writes_trigger: 20
2019/10/17-14:55:05.005906 7fc3a9fcb700              Options.level0_stop_writes_trigger: 36
2019/10/17-14:55:05.005906 7fc3a9fcb700                   Options.target_file_size_base: 67108864
2019/10/17-14:55:05.005907 7fc3a9fcb700             Options.target_file_size_multiplier: 1
2019/10/17-14:55:05.005907 7fc3a9fcb700                Options.max_bytes_for_level_base: 268435456
2019/10/17-14:55:05.005908 7fc3a9fcb700 Options.level_compaction_dynamic_level_bytes: 0
2019/10/17-14:55:05.005908 7fc3a9fcb700          Options.max_bytes_for_level_multiplier: 10.000000
2019/10/17-14:55:05.005909 7fc3a9fcb700 Options.max_bytes_for_level_multiplier_addtl[0]: 1
2019/10/17-14:55:05.005910 7fc3a9fcb700 Options.max_bytes_for_level_multiplier_addtl[1]: 1
2019/10/17-14:55:05.005911 7fc3a9fcb700 Options.max_bytes_for_level_multiplier_addtl[2]: 1
2019/10/17-14:55:05.005911 7fc3a9fcb700 Options.max_bytes_for_level_multiplier_addtl[3]: 1
2019/10/17-14:55:05.005912 7fc3a9fcb700 Options.max_bytes_for_level_multiplier_addtl[4]: 1
2019/10/17-14:55:05.005912 7fc3a9fcb700 Options.max_bytes_for_level_multiplier_addtl[5]: 1
2019/10/17-14:55:05.005913 7fc3a9fcb700 Options.max_bytes_for_level_multiplier_addtl[6]: 1
2019/10/17-14:55:05.005913 7fc3a9fcb700       Options.max_sequential_skip_in_iterations: 8
2019/10/17-14:55:05.005914 7fc3a9fcb700                    Options.max_compaction_bytes: 1677721600
2019/10/17-14:55:05.005914 7fc3a9fcb700                        Options.arena_block_size: 8388608
2019/10/17-14:55:05.005915 7fc3a9fcb700   Options.soft_pending_compaction_bytes_limit: 68719476736
2019/10/17-14:55:05.005915 7fc3a9fcb700   Options.hard_pending_compaction_bytes_limit: 274877906944
2019/10/17-14:55:05.005916 7fc3a9fcb700       Options.rate_limit_delay_max_milliseconds: 100
2019/10/17-14:55:05.005917 7fc3a9fcb700                Options.disable_auto_compactions: 0
2019/10/17-14:55:05.005920 7fc3a9fcb700                        Options.compaction_style: kCompactionStyleLevel
2019/10/17-14:55:05.005921 7fc3a9fcb700                          Options.compaction_pri: kByCompensatedSize
2019/10/17-14:55:05.005921 7fc3a9fcb700 Options.compaction_options_universal.size_ratio: 1
2019/10/17-14:55:05.005922 7fc3a9fcb700 Options.compaction_options_universal.min_merge_width: 2
2019/10/17-14:55:05.005922 7fc3a9fcb700 Options.compaction_options_universal.max_merge_width: 4294967295
2019/10/17-14:55:05.005923 7fc3a9fcb700 Options.compaction_options_universal.max_size_amplification_percent: 200
2019/10/17-14:55:05.005923 7fc3a9fcb700 Options.compaction_options_universal.compression_size_percent: -1
2019/10/17-14:55:05.005924 7fc3a9fcb700 Options.compaction_options_universal.stop_style: kCompactionStopStyleTotalSize
2019/10/17-14:55:05.005925 7fc3a9fcb700 Options.compaction_options_fifo.max_table_files_size: 1073741824
2019/10/17-14:55:05.005925 7fc3a9fcb700 Options.compaction_options_fifo.allow_compaction: 0
2019/10/17-14:55:05.005926 7fc3a9fcb700 Options.compaction_options_fifo.ttl: 0
2019/10/17-14:55:05.005926 7fc3a9fcb700                   Options.table_properties_collectors: 
2019/10/17-14:55:05.005927 7fc3a9fcb700                   Options.inplace_update_support: 0
2019/10/17-14:55:05.005927 7fc3a9fcb700                 Options.inplace_update_num_locks: 10000
2019/10/17-14:55:05.005928 7fc3a9fcb700               Options.memtable_prefix_bloom_size_ratio: 0.000000
2019/10/17-14:55:05.005929 7fc3a9fcb700   Options.memtable_huge_page_size: 0
2019/10/17-14:55:05.005929 7fc3a9fcb700                           Options.bloom_locality: 0
2019/10/17-14:55:05.005930 7fc3a9fcb700                    Options.max_successive_merges: 0
2019/10/17-14:55:05.005930 7fc3a9fcb700                Options.optimize_filters_for_hits: 0
2019/10/17-14:55:05.005931 7fc3a9fcb700                Options.paranoid_file_checks: 0
2019/10/17-14:55:05.005931 7fc3a9fcb700                Options.force_consistency_checks: 0
2019/10/17-14:55:05.005932 7fc3a9fcb700                Options.report_bg_io_stats: 0
2019/10/17-14:55:05.005932 7fc3a9fcb700                               Options.ttl: 0
2019/10/17-14:55:05.005941 7fc3a9fcb700 [db/column_family.cc:472] --------------- Options for column family [htlcs]:
2019/10/17-14:55:05.005942 7fc3a9fcb700               Options.comparator: leveldb.BytewiseComparator
2019/10/17-14:55:05.005942 7fc3a9fcb700           Options.merge_operator: None
2019/10/17-14:55:05.005943 7fc3a9fcb700        Options.compaction_filter: None
2019/10/17-14:55:05.005944 7fc3a9fcb700        Options.compaction_filter_factory: None
2019/10/17-14:55:05.005944 7fc3a9fcb700         Options.memtable_factory: SkipListFactory
2019/10/17-14:55:05.005945 7fc3a9fcb700            Options.table_factory: BlockBasedTable
2019/10/17-14:55:05.005951 7fc3a9fcb700            table_factory options:   flush_block_policy_factory: FlushBlockBySizePolicyFactory (0x7fc35007e5e0)
