2019/10/17-14:55:04.016115 7fc3a9fcb700 RocksDB version: 5.18.3
2019/10/17-14:55:04.016155 7fc3a9fcb700 Git sha rocksdb_build_git_sha:@0@
2019/10/17-14:55:04.016156 7fc3a9fcb700 Compile date Sep 19 2019
2019/10/17-14:55:04.016158 7fc3a9fcb700 DB SUMMARY
2019/10/17-14:55:04.016699 7fc3a9fcb700 CURRENT file:  CURRENT
2019/10/17-14:55:04.016700 7fc3a9fcb700 IDENTITY file:  IDENTITY
2019/10/17-14:55:04.016722 7fc3a9fcb700 MANIFEST file:  MANIFEST-116257 size: 4114 Bytes
2019/10/17-14:55:04.016724 7fc3a9fcb700 SST files in /home/rahul/dev/blockchain-core/eqc/ledger.db dir, Total Num: 29, files: 000624.sst 000627.sst 106940.sst 108447.sst 108450.sst 109471.sst 109483.sst 109485.sst 109486.sst 
2019/10/17-14:55:04.016725 7fc3a9fcb700 Write Ahead Log file in /home/rahul/dev/blockchain-core/eqc/ledger.db: 116258.log size: 0 ; 
2019/10/17-14:55:04.016750 7fc3a9fcb700                         Options.error_if_exists: 0
2019/10/17-14:55:04.016751 7fc3a9fcb700                       Options.create_if_missing: 1
2019/10/17-14:55:04.016752 7fc3a9fcb700                         Options.paranoid_checks: 1
2019/10/17-14:55:04.016753 7fc3a9fcb700                                     Options.env: 0x7fc32ae1fc60
2019/10/17-14:55:04.016753 7fc3a9fcb700                                Options.info_log: 0x7fc3500e3d30
2019/10/17-14:55:04.016754 7fc3a9fcb700                Options.max_file_opening_threads: 16
2019/10/17-14:55:04.016754 7fc3a9fcb700                              Options.statistics: (nil)
2019/10/17-14:55:04.016755 7fc3a9fcb700                               Options.use_fsync: 0
2019/10/17-14:55:04.016756 7fc3a9fcb700                       Options.max_log_file_size: 0
2019/10/17-14:55:04.016757 7fc3a9fcb700                  Options.max_manifest_file_size: 1073741824
2019/10/17-14:55:04.016757 7fc3a9fcb700                   Options.log_file_time_to_roll: 0
2019/10/17-14:55:04.016758 7fc3a9fcb700                       Options.keep_log_file_num: 1000
2019/10/17-14:55:04.016758 7fc3a9fcb700                    Options.recycle_log_file_num: 0
2019/10/17-14:55:04.016759 7fc3a9fcb700                         Options.allow_fallocate: 1
2019/10/17-14:55:04.016760 7fc3a9fcb700                        Options.allow_mmap_reads: 0
2019/10/17-14:55:04.016760 7fc3a9fcb700                       Options.allow_mmap_writes: 0
2019/10/17-14:55:04.016761 7fc3a9fcb700                        Options.use_direct_reads: 0
2019/10/17-14:55:04.016761 7fc3a9fcb700                        Options.use_direct_io_for_flush_and_compaction: 0
2019/10/17-14:55:04.016762 7fc3a9fcb700          Options.create_missing_column_families: 0
2019/10/17-14:55:04.016762 7fc3a9fcb700                              Options.db_log_dir: 
2019/10/17-14:55:04.016763 7fc3a9fcb700                                 Options.wal_dir: /home/rahul/dev/blockchain-core/eqc/ledger.db
2019/10/17-14:55:04.016763 7fc3a9fcb700                Options.table_cache_numshardbits: 6
2019/10/17-14:55:04.016764 7fc3a9fcb700                      Options.max_subcompactions: 1
2019/10/17-14:55:04.016765 7fc3a9fcb700                  Options.max_background_flushes: -1
2019/10/17-14:55:04.016765 7fc3a9fcb700                         Options.WAL_ttl_seconds: 0
2019/10/17-14:55:04.016766 7fc3a9fcb700                       Options.WAL_size_limit_MB: 0
2019/10/17-14:55:04.016766 7fc3a9fcb700             Options.manifest_preallocation_size: 4194304
2019/10/17-14:55:04.016767 7fc3a9fcb700                     Options.is_fd_close_on_exec: 1
2019/10/17-14:55:04.016768 7fc3a9fcb700                   Options.advise_random_on_open: 1
2019/10/17-14:55:04.016768 7fc3a9fcb700                    Options.db_write_buffer_size: 0
2019/10/17-14:55:04.016769 7fc3a9fcb700                    Options.write_buffer_manager: 0x7fc35005b440
2019/10/17-14:55:04.016769 7fc3a9fcb700         Options.access_hint_on_compaction_start: 1
2019/10/17-14:55:04.016770 7fc3a9fcb700  Options.new_table_reader_for_compaction_inputs: 0
2019/10/17-14:55:04.016770 7fc3a9fcb700           Options.random_access_max_buffer_size: 1048576
2019/10/17-14:55:04.016771 7fc3a9fcb700                      Options.use_adaptive_mutex: 0
2019/10/17-14:55:04.016771 7fc3a9fcb700                            Options.rate_limiter: (nil)
2019/10/17-14:55:04.016780 7fc3a9fcb700     Options.sst_file_manager.rate_bytes_per_sec: 0
2019/10/17-14:55:04.016780 7fc3a9fcb700                       Options.wal_recovery_mode: 2
2019/10/17-14:55:04.016781 7fc3a9fcb700                  Options.enable_thread_tracking: 0
2019/10/17-14:55:04.016781 7fc3a9fcb700                  Options.enable_pipelined_write: 0
2019/10/17-14:55:04.016782 7fc3a9fcb700         Options.allow_concurrent_memtable_write: 1
2019/10/17-14:55:04.016783 7fc3a9fcb700      Options.enable_write_thread_adaptive_yield: 1
2019/10/17-14:55:04.016783 7fc3a9fcb700             Options.write_thread_max_yield_usec: 100
2019/10/17-14:55:04.016784 7fc3a9fcb700            Options.write_thread_slow_yield_usec: 3
2019/10/17-14:55:04.016784 7fc3a9fcb700                               Options.row_cache: None
2019/10/17-14:55:04.016785 7fc3a9fcb700                              Options.wal_filter: None
2019/10/17-14:55:04.016786 7fc3a9fcb700             Options.avoid_flush_during_recovery: 0
2019/10/17-14:55:04.016786 7fc3a9fcb700             Options.allow_ingest_behind: 0
2019/10/17-14:55:04.016787 7fc3a9fcb700             Options.preserve_deletes: 0
2019/10/17-14:55:04.016787 7fc3a9fcb700             Options.two_write_queues: 0
2019/10/17-14:55:04.016788 7fc3a9fcb700             Options.manual_wal_flush: 0
2019/10/17-14:55:04.016788 7fc3a9fcb700             Options.max_background_jobs: 2
2019/10/17-14:55:04.016789 7fc3a9fcb700             Options.max_background_compactions: -1
2019/10/17-14:55:04.016790 7fc3a9fcb700             Options.avoid_flush_during_shutdown: 0
2019/10/17-14:55:04.016790 7fc3a9fcb700           Options.writable_file_max_buffer_size: 1048576
2019/10/17-14:55:04.016791 7fc3a9fcb700             Options.delayed_write_rate : 16777216
2019/10/17-14:55:04.016791 7fc3a9fcb700             Options.max_total_wal_size: 0
2019/10/17-14:55:04.016792 7fc3a9fcb700             Options.delete_obsolete_files_period_micros: 21600000000
2019/10/17-14:55:04.016792 7fc3a9fcb700                   Options.stats_dump_period_sec: 600
2019/10/17-14:55:04.016793 7fc3a9fcb700                          Options.max_open_files: -1
2019/10/17-14:55:04.016794 7fc3a9fcb700                          Options.bytes_per_sync: 0
2019/10/17-14:55:04.016794 7fc3a9fcb700                      Options.wal_bytes_per_sync: 0
2019/10/17-14:55:04.016795 7fc3a9fcb700       Options.compaction_readahead_size: 0
2019/10/17-14:55:04.016795 7fc3a9fcb700 Compression algorithms supported:
2019/10/17-14:55:04.016796 7fc3a9fcb700 	kZSTDNotFinalCompression supported: 0
2019/10/17-14:55:04.016797 7fc3a9fcb700 	kZSTD supported: 0
2019/10/17-14:55:04.016798 7fc3a9fcb700 	kXpressCompression supported: 0
2019/10/17-14:55:04.016799 7fc3a9fcb700 	kLZ4HCCompression supported: 0
2019/10/17-14:55:04.016799 7fc3a9fcb700 	kLZ4Compression supported: 0
2019/10/17-14:55:04.016800 7fc3a9fcb700 	kBZip2Compression supported: 0
2019/10/17-14:55:04.016801 7fc3a9fcb700 	kZlibCompression supported: 0
2019/10/17-14:55:04.016801 7fc3a9fcb700 	kSnappyCompression supported: 0
2019/10/17-14:55:04.016803 7fc3a9fcb700 Fast CRC32 supported: Supported on x86
2019/10/17-14:55:04.016893 7fc3a9fcb700 [db/version_set.cc:3507] Recovering from manifest file: MANIFEST-116257
2019/10/17-14:55:04.016922 7fc3a9fcb700 [db/column_family.cc:472] --------------- Options for column family [default]:
2019/10/17-14:55:04.016924 7fc3a9fcb700               Options.comparator: leveldb.BytewiseComparator
2019/10/17-14:55:04.016925 7fc3a9fcb700           Options.merge_operator: None
2019/10/17-14:55:04.016926 7fc3a9fcb700        Options.compaction_filter: None
2019/10/17-14:55:04.016926 7fc3a9fcb700        Options.compaction_filter_factory: None
2019/10/17-14:55:04.016927 7fc3a9fcb700         Options.memtable_factory: SkipListFactory
2019/10/17-14:55:04.016928 7fc3a9fcb700            Options.table_factory: BlockBasedTable
2019/10/17-14:55:04.016942 7fc3a9fcb700            table_factory options:   flush_block_policy_factory: FlushBlockBySizePolicyFactory (0x7fc350103760)
  cache_index_and_filter_blocks: 0
  cache_index_and_filter_blocks_with_high_priority: 0
  pin_l0_filter_and_index_blocks_in_cache: 0
  pin_top_level_index_and_filter: 1
  index_type: 0
  hash_index_allow_collision: 1
  checksum: 1
  no_block_cache: 0
  block_cache: 0x7fc350113710
  block_cache_name: LRUCache
  block_cache_options:
    capacity : 8388608
    num_shard_bits : 4
    strict_capacity_limit : 0
    memory_allocator : None
    high_pri_pool_ratio: 0.000
  block_cache_compressed: (nil)
  persistent_cache: (nil)
  block_size: 4096
  block_size_deviation: 10
  block_restart_interval: 16
  index_block_restart_interval: 1
  metadata_block_size: 4096
  partition_filters: 0
  use_delta_encoding: 1
  filter_policy: nullptr
  whole_key_filtering: 1
  verify_compression: 0
  read_amp_bytes_per_bit: 0
  format_version: 2
  enable_index_compression: 1
  block_align: 0
2019/10/17-14:55:04.016950 7fc3a9fcb700        Options.write_buffer_size: 67108864
2019/10/17-14:55:04.016950 7fc3a9fcb700  Options.max_write_buffer_number: 2
2019/10/17-14:55:04.016952 7fc3a9fcb700          Options.compression: NoCompression
2019/10/17-14:55:04.016952 7fc3a9fcb700                  Options.bottommost_compression: Disabled
2019/10/17-14:55:04.016953 7fc3a9fcb700       Options.prefix_extractor: nullptr
2019/10/17-14:55:04.016953 7fc3a9fcb700   Options.memtable_insert_with_hint_prefix_extractor: nullptr
2019/10/17-14:55:04.016954 7fc3a9fcb700             Options.num_levels: 7
2019/10/17-14:55:04.016954 7fc3a9fcb700        Options.min_write_buffer_number_to_merge: 1
2019/10/17-14:55:04.016955 7fc3a9fcb700     Options.max_write_buffer_number_to_maintain: 0
2019/10/17-14:55:04.016956 7fc3a9fcb700            Options.bottommost_compression_opts.window_bits: -14
2019/10/17-14:55:04.016956 7fc3a9fcb700                  Options.bottommost_compression_opts.level: 32767
2019/10/17-14:55:04.016957 7fc3a9fcb700               Options.bottommost_compression_opts.strategy: 0
2019/10/17-14:55:04.016957 7fc3a9fcb700         Options.bottommost_compression_opts.max_dict_bytes: 0
2019/10/17-14:55:04.016958 7fc3a9fcb700         Options.bottommost_compression_opts.zstd_max_train_bytes: 0
2019/10/17-14:55:04.016959 7fc3a9fcb700                  Options.bottommost_compression_opts.enabled: false
2019/10/17-14:55:04.016959 7fc3a9fcb700            Options.compression_opts.window_bits: -14
2019/10/17-14:55:04.016960 7fc3a9fcb700                  Options.compression_opts.level: 32767
2019/10/17-14:55:04.016960 7fc3a9fcb700               Options.compression_opts.strategy: 0
2019/10/17-14:55:04.016961 7fc3a9fcb700         Options.compression_opts.max_dict_bytes: 0
2019/10/17-14:55:04.016961 7fc3a9fcb700         Options.compression_opts.zstd_max_train_bytes: 0
2019/10/17-14:55:04.016962 7fc3a9fcb700                  Options.compression_opts.enabled: false
2019/10/17-14:55:04.016963 7fc3a9fcb700      Options.level0_file_num_compaction_trigger: 4
2019/10/17-14:55:04.016963 7fc3a9fcb700          Options.level0_slowdown_writes_trigger: 20
2019/10/17-14:55:04.016964 7fc3a9fcb700              Options.level0_stop_writes_trigger: 36
2019/10/17-14:55:04.016964 7fc3a9fcb700                   Options.target_file_size_base: 67108864
2019/10/17-14:55:04.016965 7fc3a9fcb700             Options.target_file_size_multiplier: 1
2019/10/17-14:55:04.016965 7fc3a9fcb700                Options.max_bytes_for_level_base: 268435456
2019/10/17-14:55:04.016966 7fc3a9fcb700 Options.level_compaction_dynamic_level_bytes: 0
2019/10/17-14:55:04.016967 7fc3a9fcb700          Options.max_bytes_for_level_multiplier: 10.000000
2019/10/17-14:55:04.016968 7fc3a9fcb700 Options.max_bytes_for_level_multiplier_addtl[0]: 1
2019/10/17-14:55:04.016969 7fc3a9fcb700 Options.max_bytes_for_level_multiplier_addtl[1]: 1
2019/10/17-14:55:04.016969 7fc3a9fcb700 Options.max_bytes_for_level_multiplier_addtl[2]: 1
2019/10/17-14:55:04.016970 7fc3a9fcb700 Options.max_bytes_for_level_multiplier_addtl[3]: 1
2019/10/17-14:55:04.016970 7fc3a9fcb700 Options.max_bytes_for_level_multiplier_addtl[4]: 1
2019/10/17-14:55:04.016975 7fc3a9fcb700 Options.max_bytes_for_level_multiplier_addtl[5]: 1
2019/10/17-14:55:04.016975 7fc3a9fcb700 Options.max_bytes_for_level_multiplier_addtl[6]: 1
2019/10/17-14:55:04.016976 7fc3a9fcb700       Options.max_sequential_skip_in_iterations: 8
2019/10/17-14:55:04.016976 7fc3a9fcb700                    Options.max_compaction_bytes: 1677721600
2019/10/17-14:55:04.016977 7fc3a9fcb700                        Options.arena_block_size: 8388608
2019/10/17-14:55:04.016978 7fc3a9fcb700   Options.soft_pending_compaction_bytes_limit: 68719476736
2019/10/17-14:55:04.016978 7fc3a9fcb700   Options.hard_pending_compaction_bytes_limit: 274877906944
2019/10/17-14:55:04.016979 7fc3a9fcb700       Options.rate_limit_delay_max_milliseconds: 100
2019/10/17-14:55:04.016979 7fc3a9fcb700                Options.disable_auto_compactions: 0
2019/10/17-14:55:04.016981 7fc3a9fcb700                        Options.compaction_style: kCompactionStyleLevel
2019/10/17-14:55:04.016982 7fc3a9fcb700                          Options.compaction_pri: kByCompensatedSize
2019/10/17-14:55:04.016983 7fc3a9fcb700 Options.compaction_options_universal.size_ratio: 1
2019/10/17-14:55:04.016983 7fc3a9fcb700 Options.compaction_options_universal.min_merge_width: 2
2019/10/17-14:55:04.016984 7fc3a9fcb700 Options.compaction_options_universal.max_merge_width: 4294967295
2019/10/17-14:55:04.016984 7fc3a9fcb700 Options.compaction_options_universal.max_size_amplification_percent: 200
2019/10/17-14:55:04.016985 7fc3a9fcb700 Options.compaction_options_universal.compression_size_percent: -1
2019/10/17-14:55:04.016986 7fc3a9fcb700 Options.compaction_options_universal.stop_style: kCompactionStopStyleTotalSize
2019/10/17-14:55:04.016986 7fc3a9fcb700 Options.compaction_options_fifo.max_table_files_size: 1073741824
2019/10/17-14:55:04.016987 7fc3a9fcb700 Options.compaction_options_fifo.allow_compaction: 0
2019/10/17-14:55:04.016987 7fc3a9fcb700 Options.compaction_options_fifo.ttl: 0
2019/10/17-14:55:04.016988 7fc3a9fcb700                   Options.table_properties_collectors: 
2019/10/17-14:55:04.016989 7fc3a9fcb700                   Options.inplace_update_support: 0
2019/10/17-14:55:04.016989 7fc3a9fcb700                 Options.inplace_update_num_locks: 10000
2019/10/17-14:55:04.016990 7fc3a9fcb700               Options.memtable_prefix_bloom_size_ratio: 0.000000
2019/10/17-14:55:04.016991 7fc3a9fcb700   Options.memtable_huge_page_size: 0
2019/10/17-14:55:04.016991 7fc3a9fcb700                           Options.bloom_locality: 0
2019/10/17-14:55:04.016992 7fc3a9fcb700                    Options.max_successive_merges: 0
2019/10/17-14:55:04.016992 7fc3a9fcb700                Options.optimize_filters_for_hits: 0
2019/10/17-14:55:04.016993 7fc3a9fcb700                Options.paranoid_file_checks: 0
2019/10/17-14:55:04.016993 7fc3a9fcb700                Options.force_consistency_checks: 0
2019/10/17-14:55:04.016994 7fc3a9fcb700                Options.report_bg_io_stats: 0
2019/10/17-14:55:04.016995 7fc3a9fcb700                               Options.ttl: 0
2019/10/17-14:55:04.017040 7fc3a9fcb700 [db/column_family.cc:472] --------------- Options for column family [active_gateways]:
2019/10/17-14:55:04.017041 7fc3a9fcb700               Options.comparator: leveldb.BytewiseComparator
2019/10/17-14:55:04.017042 7fc3a9fcb700           Options.merge_operator: None
2019/10/17-14:55:04.017042 7fc3a9fcb700        Options.compaction_filter: None
2019/10/17-14:55:04.017043 7fc3a9fcb700        Options.compaction_filter_factory: None
2019/10/17-14:55:04.017043 7fc3a9fcb700         Options.memtable_factory: SkipListFactory
2019/10/17-14:55:04.017044 7fc3a9fcb700            Options.table_factory: BlockBasedTable
2019/10/17-14:55:04.017052 7fc3a9fcb700            table_factory options:   flush_block_policy_factory: FlushBlockBySizePolicyFactory (0x7fc350103780)
  cache_index_and_filter_blocks: 0
  cache_index_and_filter_blocks_with_high_priority: 0
  pin_l0_filter_and_index_blocks_in_cache: 0
  pin_top_level_index_and_filter: 1
  index_type: 0
  hash_index_allow_collision: 1
  checksum: 1
  no_block_cache: 0
  block_cache: 0x7fc3500d5570
  block_cache_name: LRUCache
  block_cache_options:
    capacity : 8388608
    num_shard_bits : 4
    strict_capacity_limit : 0
    memory_allocator : None
    high_pri_pool_ratio: 0.000
  block_cache_compressed: (nil)
  persistent_cache: (nil)
  block_size: 4096
  block_size_deviation: 10
  block_restart_interval: 16
  index_block_restart_interval: 1
  metadata_block_size: 4096
  partition_filters: 0
  use_delta_encoding: 1
  filter_policy: nullptr
  whole_key_filtering: 1
  verify_compression: 0
  read_amp_bytes_per_bit: 0
  format_version: 2
  enable_index_compression: 1
  block_align: 0
2019/10/17-14:55:04.017058 7fc3a9fcb700        Options.write_buffer_size: 67108864
2019/10/17-14:55:04.017059 7fc3a9fcb700  Options.max_write_buffer_number: 2
2019/10/17-14:55:04.017059 7fc3a9fcb700          Options.compression: NoCompression
2019/10/17-14:55:04.017060 7fc3a9fcb700                  Options.bottommost_compression: Disabled
2019/10/17-14:55:04.017060 7fc3a9fcb700       Options.prefix_extractor: nullptr
2019/10/17-14:55:04.017061 7fc3a9fcb700   Options.memtable_insert_with_hint_prefix_extractor: nullptr
2019/10/17-14:55:04.017062 7fc3a9fcb700             Options.num_levels: 7
2019/10/17-14:55:04.017062 7fc3a9fcb700        Options.min_write_buffer_number_to_merge: 1
2019/10/17-14:55:04.017063 7fc3a9fcb700     Options.max_write_buffer_number_to_maintain: 0
2019/10/17-14:55:04.017063 7fc3a9fcb700            Options.bottommost_compression_opts.window_bits: -14
2019/10/17-14:55:04.017064 7fc3a9fcb700                  Options.bottommost_compression_opts.level: 32767
2019/10/17-14:55:04.017064 7fc3a9fcb700               Options.bottommost_compression_opts.strategy: 0
2019/10/17-14:55:04.017065 7fc3a9fcb700         Options.bottommost_compression_opts.max_dict_bytes: 0
2019/10/17-14:55:04.017065 7fc3a9fcb700         Options.bottommost_compression_opts.zstd_max_train_bytes: 0
2019/10/17-14:55:04.017066 7fc3a9fcb700                  Options.bottommost_compression_opts.enabled: false
2019/10/17-14:55:04.017067 7fc3a9fcb700            Options.compression_opts.window_bits: -14
2019/10/17-14:55:04.017067 7fc3a9fcb700                  Options.compression_opts.level: 32767
2019/10/17-14:55:04.017068 7fc3a9fcb700               Options.compression_opts.strategy: 0
2019/10/17-14:55:04.017068 7fc3a9fcb700         Options.compression_opts.max_dict_bytes: 0
2019/10/17-14:55:04.017069 7fc3a9fcb700         Options.compression_opts.zstd_max_train_bytes: 0
2019/10/17-14:55:04.017069 7fc3a9fcb700                  Options.compression_opts.enabled: false
2019/10/17-14:55:04.017070 7fc3a9fcb700      Options.level0_file_num_compaction_trigger: 4
2019/10/17-14:55:04.017071 7fc3a9fcb700          Options.level0_slowdown_writes_trigger: 20
2019/10/17-14:55:04.017071 7fc3a9fcb700              Options.level0_stop_writes_trigger: 36
2019/10/17-14:55:04.017072 7fc3a9fcb700                   Options.target_file_size_base: 67108864
2019/10/17-14:55:04.017072 7fc3a9fcb700             Options.target_file_size_multiplier: 1
2019/10/17-14:55:04.017073 7fc3a9fcb700                Options.max_bytes_for_level_base: 268435456
2019/10/17-14:55:04.017073 7fc3a9fcb700 Options.level_compaction_dynamic_level_bytes: 0
2019/10/17-14:55:04.017074 7fc3a9fcb700          Options.max_bytes_for_level_multiplier: 10.000000
2019/10/17-14:55:04.017075 7fc3a9fcb700 Options.max_bytes_for_level_multiplier_addtl[0]: 1
2019/10/17-14:55:04.017076 7fc3a9fcb700 Options.max_bytes_for_level_multiplier_addtl[1]: 1
2019/10/17-14:55:04.017076 7fc3a9fcb700 Options.max_bytes_for_level_multiplier_addtl[2]: 1
2019/10/17-14:55:04.017077 7fc3a9fcb700 Options.max_bytes_for_level_multiplier_addtl[3]: 1
2019/10/17-14:55:04.017077 7fc3a9fcb700 Options.max_bytes_for_level_multiplier_addtl[4]: 1
2019/10/17-14:55:04.017078 7fc3a9fcb700 Options.max_bytes_for_level_multiplier_addtl[5]: 1
2019/10/17-14:55:04.017079 7fc3a9fcb700 Options.max_bytes_for_level_multiplier_addtl[6]: 1
2019/10/17-14:55:04.017079 7fc3a9fcb700       Options.max_sequential_skip_in_iterations: 8
2019/10/17-14:55:04.017083 7fc3a9fcb700                    Options.max_compaction_bytes: 1677721600
2019/10/17-14:55:04.017083 7fc3a9fcb700                        Options.arena_block_size: 8388608
2019/10/17-14:55:04.017084 7fc3a9fcb700   Options.soft_pending_compaction_bytes_limit: 68719476736
2019/10/17-14:55:04.017084 7fc3a9fcb700   Options.hard_pending_compaction_bytes_limit: 274877906944
2019/10/17-14:55:04.017085 7fc3a9fcb700       Options.rate_limit_delay_max_milliseconds: 100
2019/10/17-14:55:04.017086 7fc3a9fcb700                Options.disable_auto_compactions: 0
2019/10/17-14:55:04.017086 7fc3a9fcb700                        Options.compaction_style: kCompactionStyleLevel
2019/10/17-14:55:04.017087 7fc3a9fcb700                          Options.compaction_pri: kByCompensatedSize
2019/10/17-14:55:04.017087 7fc3a9fcb700 Options.compaction_options_universal.size_ratio: 1
2019/10/17-14:55:04.017088 7fc3a9fcb700 Options.compaction_options_universal.min_merge_width: 2
2019/10/17-14:55:04.017089 7fc3a9fcb700 Options.compaction_options_universal.max_merge_width: 4294967295
2019/10/17-14:55:04.017089 7fc3a9fcb700 Options.compaction_options_universal.max_size_amplification_percent: 200
2019/10/17-14:55:04.017090 7fc3a9fcb700 Options.compaction_options_universal.compression_size_percent: -1
2019/10/17-14:55:04.017090 7fc3a9fcb700 Options.compaction_options_universal.stop_style: kCompactionStopStyleTotalSize
2019/10/17-14:55:04.017091 7fc3a9fcb700 Options.compaction_options_fifo.max_table_files_size: 1073741824
2019/10/17-14:55:04.017092 7fc3a9fcb700 Options.compaction_options_fifo.allow_compaction: 0
2019/10/17-14:55:04.017092 7fc3a9fcb700 Options.compaction_options_fifo.ttl: 0
2019/10/17-14:55:04.017093 7fc3a9fcb700                   Options.table_properties_collectors: 
2019/10/17-14:55:04.017093 7fc3a9fcb700                   Options.inplace_update_support: 0
2019/10/17-14:55:04.017094 7fc3a9fcb700                 Options.inplace_update_num_locks: 10000
2019/10/17-14:55:04.017094 7fc3a9fcb700               Options.memtable_prefix_bloom_size_ratio: 0.000000
2019/10/17-14:55:04.017095 7fc3a9fcb700   Options.memtable_huge_page_size: 0
2019/10/17-14:55:04.017096 7fc3a9fcb700                           Options.bloom_locality: 0
2019/10/17-14:55:04.017096 7fc3a9fcb700                    Options.max_successive_merges: 0
2019/10/17-14:55:04.017097 7fc3a9fcb700                Options.optimize_filters_for_hits: 0
2019/10/17-14:55:04.017097 7fc3a9fcb700                Options.paranoid_file_checks: 0
2019/10/17-14:55:04.017098 7fc3a9fcb700                Options.force_consistency_checks: 0
2019/10/17-14:55:04.017099 7fc3a9fcb700                Options.report_bg_io_stats: 0
2019/10/17-14:55:04.017099 7fc3a9fcb700                               Options.ttl: 0
2019/10/17-14:55:04.017113 7fc3a9fcb700 [db/column_family.cc:472] --------------- Options for column family [entries]:
2019/10/17-14:55:04.017114 7fc3a9fcb700               Options.comparator: leveldb.BytewiseComparator
2019/10/17-14:55:04.017115 7fc3a9fcb700           Options.merge_operator: None
2019/10/17-14:55:04.017116 7fc3a9fcb700        Options.compaction_filter: None
2019/10/17-14:55:04.017116 7fc3a9fcb700        Options.compaction_filter_factory: None
2019/10/17-14:55:04.017117 7fc3a9fcb700         Options.memtable_factory: SkipListFactory
2019/10/17-14:55:04.017117 7fc3a9fcb700            Options.table_factory: BlockBasedTable
2019/10/17-14:55:04.017124 7fc3a9fcb700            table_factory options:   flush_block_policy_factory: FlushBlockBySizePolicyFactory (0x7fc3500895e0)
  cache_index_and_filter_blocks: 0
  cache_index_and_filter_blocks_with_high_priority: 0
  pin_l0_filter_and_index_blocks_in_cache: 0
  pin_top_level_index_and_filter: 1
  index_type: 0
  hash_index_allow_collision: 1
  checksum: 1
  no_block_cache: 0
  block_cache: 0x7fc350103670
  block_cache_name: LRUCache
  block_cache_options:
    capacity : 8388608
    num_shard_bits : 4
    strict_capacity_limit : 0
    memory_allocator : None
    high_pri_pool_ratio: 0.000
  block_cache_compressed: (nil)
  persistent_cache: (nil)
  block_size: 4096
  block_size_deviation: 10
  block_restart_interval: 16
  index_block_restart_interval: 1
  metadata_block_size: 4096
  partition_filters: 0
  use_delta_encoding: 1
  filter_policy: nullptr
  whole_key_filtering: 1
  verify_compression: 0
  read_amp_bytes_per_bit: 0
  format_version: 2
  enable_index_compression: 1
  block_align: 0
2019/10/17-14:55:04.017129 7fc3a9fcb700        Options.write_buffer_size: 67108864
2019/10/17-14:55:04.017130 7fc3a9fcb700  Options.max_write_buffer_number: 2
2019/10/17-14:55:04.017130 7fc3a9fcb700          Options.compression: NoCompression
2019/10/17-14:55:04.017131 7fc3a9fcb700                  Options.bottommost_compression: Disabled
2019/10/17-14:55:04.017131 7fc3a9fcb700       Options.prefix_extractor: nullptr
2019/10/17-14:55:04.017132 7fc3a9fcb700   Options.memtable_insert_with_hint_prefix_extractor: nullptr
2019/10/17-14:55:04.017132 7fc3a9fcb700             Options.num_levels: 7
2019/10/17-14:55:04.017133 7fc3a9fcb700        Options.min_write_buffer_number_to_merge: 1
2019/10/17-14:55:04.017134 7fc3a9fcb700     Options.max_write_buffer_number_to_maintain: 0
2019/10/17-14:55:04.017134 7fc3a9fcb700            Options.bottommost_compression_opts.window_bits: -14
2019/10/17-14:55:04.017135 7fc3a9fcb700                  Options.bottommost_compression_opts.level: 32767
2019/10/17-14:55:04.017135 7fc3a9fcb700               Options.bottommost_compression_opts.strategy: 0
2019/10/17-14:55:04.017136 7fc3a9fcb700         Options.bottommost_compression_opts.max_dict_bytes: 0
2019/10/17-14:55:04.017136 7fc3a9fcb700         Options.bottommost_compression_opts.zstd_max_train_bytes: 0
2019/10/17-14:55:04.017137 7fc3a9fcb700                  Options.bottommost_compression_opts.enabled: false
2019/10/17-14:55:04.017137 7fc3a9fcb700            Options.compression_opts.window_bits: -14
2019/10/17-14:55:04.017138 7fc3a9fcb700                  Options.compression_opts.level: 32767
2019/10/17-14:55:04.017139 7fc3a9fcb700               Options.compression_opts.strategy: 0
2019/10/17-14:55:04.017139 7fc3a9fcb700         Options.compression_opts.max_dict_bytes: 0
2019/10/17-14:55:04.017140 7fc3a9fcb700         Options.compression_opts.zstd_max_train_bytes: 0
2019/10/17-14:55:04.017140 7fc3a9fcb700                  Options.compression_opts.enabled: false
2019/10/17-14:55:04.017141 7fc3a9fcb700      Options.level0_file_num_compaction_trigger: 4
2019/10/17-14:55:04.017141 7fc3a9fcb700          Options.level0_slowdown_writes_trigger: 20
2019/10/17-14:55:04.017142 7fc3a9fcb700              Options.level0_stop_writes_trigger: 36
2019/10/17-14:55:04.017143 7fc3a9fcb700                   Options.target_file_size_base: 67108864
2019/10/17-14:55:04.017143 7fc3a9fcb700             Options.target_file_size_multiplier: 1
2019/10/17-14:55:04.017144 7fc3a9fcb700                Options.max_bytes_for_level_base: 268435456
2019/10/17-14:55:04.017144 7fc3a9fcb700 Options.level_compaction_dynamic_level_bytes: 0
2019/10/17-14:55:04.017145 7fc3a9fcb700          Options.max_bytes_for_level_multiplier: 10.000000
2019/10/17-14:55:04.017146 7fc3a9fcb700 Options.max_bytes_for_level_multiplier_addtl[0]: 1
2019/10/17-14:55:04.017146 7fc3a9fcb700 Options.max_bytes_for_level_multiplier_addtl[1]: 1
2019/10/17-14:55:04.017147 7fc3a9fcb700 Options.max_bytes_for_level_multiplier_addtl[2]: 1
2019/10/17-14:55:04.017147 7fc3a9fcb700 Options.max_bytes_for_level_multiplier_addtl[3]: 1
2019/10/17-14:55:04.017148 7fc3a9fcb700 Options.max_bytes_for_level_multiplier_addtl[4]: 1
2019/10/17-14:55:04.017148 7fc3a9fcb700 Options.max_bytes_for_level_multiplier_addtl[5]: 1
2019/10/17-14:55:04.017149 7fc3a9fcb700 Options.max_bytes_for_level_multiplier_addtl[6]: 1
2019/10/17-14:55:04.017150 7fc3a9fcb700       Options.max_sequential_skip_in_iterations: 8
2019/10/17-14:55:04.017150 7fc3a9fcb700                    Options.max_compaction_bytes: 1677721600
2019/10/17-14:55:04.017151 7fc3a9fcb700                        Options.arena_block_size: 8388608
2019/10/17-14:55:04.017151 7fc3a9fcb700   Options.soft_pending_compaction_bytes_limit: 68719476736
2019/10/17-14:55:04.017155 7fc3a9fcb700   Options.hard_pending_compaction_bytes_limit: 274877906944
2019/10/17-14:55:04.017156 7fc3a9fcb700       Options.rate_limit_delay_max_milliseconds: 100
2019/10/17-14:55:04.017156 7fc3a9fcb700                Options.disable_auto_compactions: 0
2019/10/17-14:55:04.017157 7fc3a9fcb700                        Options.compaction_style: kCompactionStyleLevel
2019/10/17-14:55:04.017158 7fc3a9fcb700                          Options.compaction_pri: kByCompensatedSize
2019/10/17-14:55:04.017158 7fc3a9fcb700 Options.compaction_options_universal.size_ratio: 1
2019/10/17-14:55:04.017159 7fc3a9fcb700 Options.compaction_options_universal.min_merge_width: 2
2019/10/17-14:55:04.017159 7fc3a9fcb700 Options.compaction_options_universal.max_merge_width: 4294967295
2019/10/17-14:55:04.017160 7fc3a9fcb700 Options.compaction_options_universal.max_size_amplification_percent: 200
2019/10/17-14:55:04.017160 7fc3a9fcb700 Options.compaction_options_universal.compression_size_percent: -1
2019/10/17-14:55:04.017161 7fc3a9fcb700 Options.compaction_options_universal.stop_style: kCompactionStopStyleTotalSize
2019/10/17-14:55:04.017162 7fc3a9fcb700 Options.compaction_options_fifo.max_table_files_size: 1073741824
2019/10/17-14:55:04.017162 7fc3a9fcb700 Options.compaction_options_fifo.allow_compaction: 0
2019/10/17-14:55:04.017163 7fc3a9fcb700 Options.compaction_options_fifo.ttl: 0
2019/10/17-14:55:04.017163 7fc3a9fcb700                   Options.table_properties_collectors: 
2019/10/17-14:55:04.017164 7fc3a9fcb700                   Options.inplace_update_support: 0
2019/10/17-14:55:04.017165 7fc3a9fcb700                 Options.inplace_update_num_locks: 10000
2019/10/17-14:55:04.017165 7fc3a9fcb700               Options.memtable_prefix_bloom_size_ratio: 0.000000
2019/10/17-14:55:04.017166 7fc3a9fcb700   Options.memtable_huge_page_size: 0
2019/10/17-14:55:04.017166 7fc3a9fcb700                           Options.bloom_locality: 0
2019/10/17-14:55:04.017167 7fc3a9fcb700                    Options.max_successive_merges: 0
2019/10/17-14:55:04.017168 7fc3a9fcb700                Options.optimize_filters_for_hits: 0
2019/10/17-14:55:04.017168 7fc3a9fcb700                Options.paranoid_file_checks: 0
2019/10/17-14:55:04.017169 7fc3a9fcb700                Options.force_consistency_checks: 0
2019/10/17-14:55:04.017169 7fc3a9fcb700                Options.report_bg_io_stats: 0
2019/10/17-14:55:04.017170 7fc3a9fcb700                               Options.ttl: 0
2019/10/17-14:55:04.017181 7fc3a9fcb700 [db/column_family.cc:472] --------------- Options for column family [dc_entries]:
2019/10/17-14:55:04.017182 7fc3a9fcb700               Options.comparator: leveldb.BytewiseComparator
2019/10/17-14:55:04.017183 7fc3a9fcb700           Options.merge_operator: None
2019/10/17-14:55:04.017184 7fc3a9fcb700        Options.compaction_filter: None
2019/10/17-14:55:04.017184 7fc3a9fcb700        Options.compaction_filter_factory: None
2019/10/17-14:55:04.017185 7fc3a9fcb700         Options.memtable_factory: SkipListFactory
2019/10/17-14:55:04.017185 7fc3a9fcb700            Options.table_factory: BlockBasedTable
2019/10/17-14:55:04.017192 7fc3a9fcb700            table_factory options:   flush_block_policy_factory: FlushBlockBySizePolicyFactory (0x7fc35008c440)
  cache_index_and_filter_blocks: 0
  cache_index_and_filter_blocks_with_high_priority: 0
  pin_l0_filter_and_index_blocks_in_cache: 0
  pin_top_level_index_and_filter: 1
  index_type: 0
  hash_index_allow_collision: 1
  checksum: 1
  no_block_cache: 0
  block_cache: 0x7fc350089790
  block_cache_name: LRUCache
  block_cache_options:
    capacity : 8388608
    num_shard_bits : 4
    strict_capacity_limit : 0
    memory_allocator : None
    high_pri_pool_ratio: 0.000
  block_cache_compressed: (nil)
  persistent_cache: (nil)
  block_size: 4096
  block_size_deviation: 10
  block_restart_interval: 16
  index_block_restart_interval: 1
  metadata_block_size: 4096
  partition_filters: 0
  use_delta_encoding: 1
  filter_policy: nullptr
  whole_key_filtering: 1
  verify_compression: 0
  read_amp_bytes_per_bit: 0
  format_version: 2
  enable_index_compression: 1
  block_align: 0
2019/10/17-14:55:04.017196 7fc3a9fcb700        Options.write_buffer_size: 67108864
2019/10/17-14:55:04.017197 7fc3a9fcb700  Options.max_write_buffer_number: 2
2019/10/17-14:55:04.017198 7fc3a9fcb700          Options.compression: NoCompression
2019/10/17-14:55:04.017198 7fc3a9fcb700                  Options.bottommost_compression: Disabled
2019/10/17-14:55:04.017199 7fc3a9fcb700       Options.prefix_extractor: nullptr
2019/10/17-14:55:04.017200 7fc3a9fcb700   Options.memtable_insert_with_hint_prefix_extractor: nullptr
2019/10/17-14:55:04.017200 7fc3a9fcb700             Options.num_levels: 7
2019/10/17-14:55:04.017201 7fc3a9fcb700        Options.min_write_buffer_number_to_merge: 1
2019/10/17-14:55:04.017201 7fc3a9fcb700     Options.max_write_buffer_number_to_maintain: 0
2019/10/17-14:55:04.017202 7fc3a9fcb700            Options.bottommost_compression_opts.window_bits: -14
2019/10/17-14:55:04.017202 7fc3a9fcb700                  Options.bottommost_compression_opts.level: 32767
2019/10/17-14:55:04.017203 7fc3a9fcb700               Options.bottommost_compression_opts.strategy: 0
2019/10/17-14:55:04.017203 7fc3a9fcb700         Options.bottommost_compression_opts.max_dict_bytes: 0
2019/10/17-14:55:04.017204 7fc3a9fcb700         Options.bottommost_compression_opts.zstd_max_train_bytes: 0
2019/10/17-14:55:04.017204 7fc3a9fcb700                  Options.bottommost_compression_opts.enabled: false
2019/10/17-14:55:04.017205 7fc3a9fcb700            Options.compression_opts.window_bits: -14
2019/10/17-14:55:04.017206 7fc3a9fcb700                  Options.compression_opts.level: 32767
2019/10/17-14:55:04.017206 7fc3a9fcb700               Options.compression_opts.strategy: 0
2019/10/17-14:55:04.017207 7fc3a9fcb700         Options.compression_opts.max_dict_bytes: 0
2019/10/17-14:55:04.017207 7fc3a9fcb700         Options.compression_opts.zstd_max_train_bytes: 0
2019/10/17-14:55:04.017208 7fc3a9fcb700                  Options.compression_opts.enabled: false
2019/10/17-14:55:04.017208 7fc3a9fcb700      Options.level0_file_num_compaction_trigger: 4
2019/10/17-14:55:04.017209 7fc3a9fcb700          Options.level0_slowdown_writes_trigger: 20
2019/10/17-14:55:04.017209 7fc3a9fcb700              Options.level0_stop_writes_trigger: 36
2019/10/17-14:55:04.017210 7fc3a9fcb700                   Options.target_file_size_base: 67108864
2019/10/17-14:55:04.017211 7fc3a9fcb700             Options.target_file_size_multiplier: 1
2019/10/17-14:55:04.017211 7fc3a9fcb700                Options.max_bytes_for_level_base: 268435456
2019/10/17-14:55:04.017212 7fc3a9fcb700 Options.level_compaction_dynamic_level_bytes: 0
2019/10/17-14:55:04.017212 7fc3a9fcb700          Options.max_bytes_for_level_multiplier: 10.000000
2019/10/17-14:55:04.017213 7fc3a9fcb700 Options.max_bytes_for_level_multiplier_addtl[0]: 1
2019/10/17-14:55:04.017214 7fc3a9fcb700 Options.max_bytes_for_level_multiplier_addtl[1]: 1
2019/10/17-14:55:04.017214 7fc3a9fcb700 Options.max_bytes_for_level_multiplier_addtl[2]: 1
2019/10/17-14:55:04.017215 7fc3a9fcb700 Options.max_bytes_for_level_multiplier_addtl[3]: 1
2019/10/17-14:55:04.017215 7fc3a9fcb700 Options.max_bytes_for_level_multiplier_addtl[4]: 1
2019/10/17-14:55:04.017216 7fc3a9fcb700 Options.max_bytes_for_level_multiplier_addtl[5]: 1
2019/10/17-14:55:04.017216 7fc3a9fcb700 Options.max_bytes_for_level_multiplier_addtl[6]: 1
2019/10/17-14:55:04.017217 7fc3a9fcb700       Options.max_sequential_skip_in_iterations: 8
2019/10/17-14:55:04.017218 7fc3a9fcb700                    Options.max_compaction_bytes: 1677721600
2019/10/17-14:55:04.017218 7fc3a9fcb700                        Options.arena_block_size: 8388608
2019/10/17-14:55:04.017219 7fc3a9fcb700   Options.soft_pending_compaction_bytes_limit: 68719476736
2019/10/17-14:55:04.017219 7fc3a9fcb700   Options.hard_pending_compaction_bytes_limit: 274877906944
2019/10/17-14:55:04.017220 7fc3a9fcb700       Options.rate_limit_delay_max_milliseconds: 100
2019/10/17-14:55:04.017220 7fc3a9fcb700                Options.disable_auto_compactions: 0
2019/10/17-14:55:04.017224 7fc3a9fcb700                        Options.compaction_style: kCompactionStyleLevel
2019/10/17-14:55:04.017225 7fc3a9fcb700                          Options.compaction_pri: kByCompensatedSize
2019/10/17-14:55:04.017225 7fc3a9fcb700 Options.compaction_options_universal.size_ratio: 1
2019/10/17-14:55:04.017226 7fc3a9fcb700 Options.compaction_options_universal.min_merge_width: 2
2019/10/17-14:55:04.017226 7fc3a9fcb700 Options.compaction_options_universal.max_merge_width: 4294967295
2019/10/17-14:55:04.017227 7fc3a9fcb700 Options.compaction_options_universal.max_size_amplification_percent: 200
2019/10/17-14:55:04.017228 7fc3a9fcb700 Options.compaction_options_universal.compression_size_percent: -1
2019/10/17-14:55:04.017228 7fc3a9fcb700 Options.compaction_options_universal.stop_style: kCompactionStopStyleTotalSize
2019/10/17-14:55:04.017229 7fc3a9fcb700 Options.compaction_options_fifo.max_table_files_size: 1073741824
2019/10/17-14:55:04.017229 7fc3a9fcb700 Options.compaction_options_fifo.allow_compaction: 0
2019/10/17-14:55:04.017230 7fc3a9fcb700 Options.compaction_options_fifo.ttl: 0
2019/10/17-14:55:04.017230 7fc3a9fcb700                   Options.table_properties_collectors: 
2019/10/17-14:55:04.017231 7fc3a9fcb700                   Options.inplace_update_support: 0
2019/10/17-14:55:04.017232 7fc3a9fcb700                 Options.inplace_update_num_locks: 10000
2019/10/17-14:55:04.017232 7fc3a9fcb700               Options.memtable_prefix_bloom_size_ratio: 0.000000
2019/10/17-14:55:04.017233 7fc3a9fcb700   Options.memtable_huge_page_size: 0
2019/10/17-14:55:04.017233 7fc3a9fcb700                           Options.bloom_locality: 0
2019/10/17-14:55:04.017234 7fc3a9fcb700                    Options.max_successive_merges: 0
2019/10/17-14:55:04.017234 7fc3a9fcb700                Options.optimize_filters_for_hits: 0
2019/10/17-14:55:04.017235 7fc3a9fcb700                Options.paranoid_file_checks: 0
2019/10/17-14:55:04.017236 7fc3a9fcb700                Options.force_consistency_checks: 0
2019/10/17-14:55:04.017236 7fc3a9fcb700                Options.report_bg_io_stats: 0
2019/10/17-14:55:04.017237 7fc3a9fcb700                               Options.ttl: 0
2019/10/17-14:55:04.017246 7fc3a9fcb700 [db/column_family.cc:472] --------------- Options for column family [htlcs]:
2019/10/17-14:55:04.017247 7fc3a9fcb700               Options.comparator: leveldb.BytewiseComparator
2019/10/17-14:55:04.017248 7fc3a9fcb700           Options.merge_operator: None
2019/10/17-14:55:04.017248 7fc3a9fcb700        Options.compaction_filter: None
2019/10/17-14:55:04.017249 7fc3a9fcb700        Options.compaction_filter_factory: None
2019/10/17-14:55:04.017250 7fc3a9fcb700         Options.memtable_factory: SkipListFactory
2019/10/17-14:55:04.017250 7fc3a9fcb700            Options.table_factory: BlockBasedTable
2019/10/17-14:55:04.017257 7fc3a9fcb700            table_factory options:   flush_block_policy_factory: FlushBlockBySizePolicyFactory (0x7fc3500367e0)
