2019/10/17-14:55:03.365386 7fc3a9fcb700 RocksDB version: 5.18.3
2019/10/17-14:55:03.365410 7fc3a9fcb700 Git sha rocksdb_build_git_sha:@0@
2019/10/17-14:55:03.365411 7fc3a9fcb700 Compile date Sep 19 2019
2019/10/17-14:55:03.365412 7fc3a9fcb700 DB SUMMARY
2019/10/17-14:55:03.365923 7fc3a9fcb700 CURRENT file:  CURRENT
2019/10/17-14:55:03.365925 7fc3a9fcb700 IDENTITY file:  IDENTITY
2019/10/17-14:55:03.365946 7fc3a9fcb700 MANIFEST file:  MANIFEST-116233 size: 4114 Bytes
2019/10/17-14:55:03.365947 7fc3a9fcb700 SST files in /home/rahul/dev/blockchain-core/eqc/ledger.db dir, Total Num: 29, files: 000624.sst 000627.sst 106940.sst 108447.sst 108450.sst 109471.sst 109483.sst 109485.sst 109486.sst 
2019/10/17-14:55:03.365948 7fc3a9fcb700 Write Ahead Log file in /home/rahul/dev/blockchain-core/eqc/ledger.db: 116234.log size: 0 ; 
2019/10/17-14:55:03.365972 7fc3a9fcb700                         Options.error_if_exists: 0
2019/10/17-14:55:03.365973 7fc3a9fcb700                       Options.create_if_missing: 1
2019/10/17-14:55:03.365974 7fc3a9fcb700                         Options.paranoid_checks: 1
2019/10/17-14:55:03.365975 7fc3a9fcb700                                     Options.env: 0x7fc32ae1fc60
2019/10/17-14:55:03.365975 7fc3a9fcb700                                Options.info_log: 0x7fc3500fc850
2019/10/17-14:55:03.365976 7fc3a9fcb700                Options.max_file_opening_threads: 16
2019/10/17-14:55:03.365976 7fc3a9fcb700                              Options.statistics: (nil)
2019/10/17-14:55:03.365977 7fc3a9fcb700                               Options.use_fsync: 0
2019/10/17-14:55:03.365978 7fc3a9fcb700                       Options.max_log_file_size: 0
2019/10/17-14:55:03.365978 7fc3a9fcb700                  Options.max_manifest_file_size: 1073741824
2019/10/17-14:55:03.365979 7fc3a9fcb700                   Options.log_file_time_to_roll: 0
2019/10/17-14:55:03.365980 7fc3a9fcb700                       Options.keep_log_file_num: 1000
2019/10/17-14:55:03.365981 7fc3a9fcb700                    Options.recycle_log_file_num: 0
2019/10/17-14:55:03.365982 7fc3a9fcb700                         Options.allow_fallocate: 1
2019/10/17-14:55:03.365983 7fc3a9fcb700                        Options.allow_mmap_reads: 0
2019/10/17-14:55:03.365984 7fc3a9fcb700                       Options.allow_mmap_writes: 0
2019/10/17-14:55:03.365985 7fc3a9fcb700                        Options.use_direct_reads: 0
2019/10/17-14:55:03.365986 7fc3a9fcb700                        Options.use_direct_io_for_flush_and_compaction: 0
2019/10/17-14:55:03.365987 7fc3a9fcb700          Options.create_missing_column_families: 0
2019/10/17-14:55:03.365988 7fc3a9fcb700                              Options.db_log_dir: 
2019/10/17-14:55:03.365989 7fc3a9fcb700                                 Options.wal_dir: /home/rahul/dev/blockchain-core/eqc/ledger.db
2019/10/17-14:55:03.365990 7fc3a9fcb700                Options.table_cache_numshardbits: 6
2019/10/17-14:55:03.365991 7fc3a9fcb700                      Options.max_subcompactions: 1
2019/10/17-14:55:03.365992 7fc3a9fcb700                  Options.max_background_flushes: -1
2019/10/17-14:55:03.365993 7fc3a9fcb700                         Options.WAL_ttl_seconds: 0
2019/10/17-14:55:03.365994 7fc3a9fcb700                       Options.WAL_size_limit_MB: 0
2019/10/17-14:55:03.365995 7fc3a9fcb700             Options.manifest_preallocation_size: 4194304
2019/10/17-14:55:03.365996 7fc3a9fcb700                     Options.is_fd_close_on_exec: 1
2019/10/17-14:55:03.365996 7fc3a9fcb700                   Options.advise_random_on_open: 1
2019/10/17-14:55:03.365997 7fc3a9fcb700                    Options.db_write_buffer_size: 0
2019/10/17-14:55:03.365998 7fc3a9fcb700                    Options.write_buffer_manager: 0x7fc35008efe0
2019/10/17-14:55:03.365999 7fc3a9fcb700         Options.access_hint_on_compaction_start: 1
2019/10/17-14:55:03.366000 7fc3a9fcb700  Options.new_table_reader_for_compaction_inputs: 0
2019/10/17-14:55:03.366001 7fc3a9fcb700           Options.random_access_max_buffer_size: 1048576
2019/10/17-14:55:03.366002 7fc3a9fcb700                      Options.use_adaptive_mutex: 0
2019/10/17-14:55:03.366003 7fc3a9fcb700                            Options.rate_limiter: (nil)
2019/10/17-14:55:03.366012 7fc3a9fcb700     Options.sst_file_manager.rate_bytes_per_sec: 0
2019/10/17-14:55:03.366013 7fc3a9fcb700                       Options.wal_recovery_mode: 2
2019/10/17-14:55:03.366013 7fc3a9fcb700                  Options.enable_thread_tracking: 0
2019/10/17-14:55:03.366014 7fc3a9fcb700                  Options.enable_pipelined_write: 0
2019/10/17-14:55:03.366014 7fc3a9fcb700         Options.allow_concurrent_memtable_write: 1
2019/10/17-14:55:03.366015 7fc3a9fcb700      Options.enable_write_thread_adaptive_yield: 1
2019/10/17-14:55:03.366015 7fc3a9fcb700             Options.write_thread_max_yield_usec: 100
2019/10/17-14:55:03.366016 7fc3a9fcb700            Options.write_thread_slow_yield_usec: 3
2019/10/17-14:55:03.366016 7fc3a9fcb700                               Options.row_cache: None
2019/10/17-14:55:03.366017 7fc3a9fcb700                              Options.wal_filter: None
2019/10/17-14:55:03.366018 7fc3a9fcb700             Options.avoid_flush_during_recovery: 0
2019/10/17-14:55:03.366018 7fc3a9fcb700             Options.allow_ingest_behind: 0
2019/10/17-14:55:03.366019 7fc3a9fcb700             Options.preserve_deletes: 0
2019/10/17-14:55:03.366019 7fc3a9fcb700             Options.two_write_queues: 0
2019/10/17-14:55:03.366020 7fc3a9fcb700             Options.manual_wal_flush: 0
2019/10/17-14:55:03.366020 7fc3a9fcb700             Options.max_background_jobs: 2
2019/10/17-14:55:03.366021 7fc3a9fcb700             Options.max_background_compactions: -1
2019/10/17-14:55:03.366021 7fc3a9fcb700             Options.avoid_flush_during_shutdown: 0
2019/10/17-14:55:03.366022 7fc3a9fcb700           Options.writable_file_max_buffer_size: 1048576
2019/10/17-14:55:03.366023 7fc3a9fcb700             Options.delayed_write_rate : 16777216
2019/10/17-14:55:03.366023 7fc3a9fcb700             Options.max_total_wal_size: 0
2019/10/17-14:55:03.366024 7fc3a9fcb700             Options.delete_obsolete_files_period_micros: 21600000000
2019/10/17-14:55:03.366024 7fc3a9fcb700                   Options.stats_dump_period_sec: 600
2019/10/17-14:55:03.366025 7fc3a9fcb700                          Options.max_open_files: -1
2019/10/17-14:55:03.366025 7fc3a9fcb700                          Options.bytes_per_sync: 0
2019/10/17-14:55:03.366026 7fc3a9fcb700                      Options.wal_bytes_per_sync: 0
2019/10/17-14:55:03.366026 7fc3a9fcb700       Options.compaction_readahead_size: 0
2019/10/17-14:55:03.366027 7fc3a9fcb700 Compression algorithms supported:
2019/10/17-14:55:03.366028 7fc3a9fcb700 	kZSTDNotFinalCompression supported: 0
2019/10/17-14:55:03.366029 7fc3a9fcb700 	kZSTD supported: 0
2019/10/17-14:55:03.366029 7fc3a9fcb700 	kXpressCompression supported: 0
2019/10/17-14:55:03.366030 7fc3a9fcb700 	kLZ4HCCompression supported: 0
2019/10/17-14:55:03.366031 7fc3a9fcb700 	kLZ4Compression supported: 0
2019/10/17-14:55:03.366031 7fc3a9fcb700 	kBZip2Compression supported: 0
2019/10/17-14:55:03.366032 7fc3a9fcb700 	kZlibCompression supported: 0
2019/10/17-14:55:03.366032 7fc3a9fcb700 	kSnappyCompression supported: 0
2019/10/17-14:55:03.366034 7fc3a9fcb700 Fast CRC32 supported: Supported on x86
2019/10/17-14:55:03.366117 7fc3a9fcb700 [db/version_set.cc:3507] Recovering from manifest file: MANIFEST-116233
2019/10/17-14:55:03.366150 7fc3a9fcb700 [db/column_family.cc:472] --------------- Options for column family [default]:
2019/10/17-14:55:03.366151 7fc3a9fcb700               Options.comparator: leveldb.BytewiseComparator
2019/10/17-14:55:03.366152 7fc3a9fcb700           Options.merge_operator: None
2019/10/17-14:55:03.366152 7fc3a9fcb700        Options.compaction_filter: None
2019/10/17-14:55:03.366153 7fc3a9fcb700        Options.compaction_filter_factory: None
2019/10/17-14:55:03.366153 7fc3a9fcb700         Options.memtable_factory: SkipListFactory
2019/10/17-14:55:03.366154 7fc3a9fcb700            Options.table_factory: BlockBasedTable
2019/10/17-14:55:03.366165 7fc3a9fcb700            table_factory options:   flush_block_policy_factory: FlushBlockBySizePolicyFactory (0x7fc350041080)
  cache_index_and_filter_blocks: 0
  cache_index_and_filter_blocks_with_high_priority: 0
  pin_l0_filter_and_index_blocks_in_cache: 0
  pin_top_level_index_and_filter: 1
  index_type: 0
  hash_index_allow_collision: 1
  checksum: 1
  no_block_cache: 0
  block_cache: 0x7fc3500d1fc0
  block_cache_name: LRUCache
  block_cache_options:
    capacity : 8388608
    num_shard_bits : 4
    strict_capacity_limit : 0
    memory_allocator : None
    high_pri_pool_ratio: 0.000
  block_cache_compressed: (nil)
  persistent_cache: (nil)
  block_size: 4096
  block_size_deviation: 10
  block_restart_interval: 16
  index_block_restart_interval: 1
  metadata_block_size: 4096
  partition_filters: 0
  use_delta_encoding: 1
  filter_policy: nullptr
  whole_key_filtering: 1
  verify_compression: 0
  read_amp_bytes_per_bit: 0
  format_version: 2
  enable_index_compression: 1
  block_align: 0
2019/10/17-14:55:03.366173 7fc3a9fcb700        Options.write_buffer_size: 67108864
2019/10/17-14:55:03.366173 7fc3a9fcb700  Options.max_write_buffer_number: 2
2019/10/17-14:55:03.366174 7fc3a9fcb700          Options.compression: NoCompression
2019/10/17-14:55:03.366175 7fc3a9fcb700                  Options.bottommost_compression: Disabled
2019/10/17-14:55:03.366175 7fc3a9fcb700       Options.prefix_extractor: nullptr
2019/10/17-14:55:03.366176 7fc3a9fcb700   Options.memtable_insert_with_hint_prefix_extractor: nullptr
2019/10/17-14:55:03.366176 7fc3a9fcb700             Options.num_levels: 7
2019/10/17-14:55:03.366177 7fc3a9fcb700        Options.min_write_buffer_number_to_merge: 1
2019/10/17-14:55:03.366177 7fc3a9fcb700     Options.max_write_buffer_number_to_maintain: 0
2019/10/17-14:55:03.366178 7fc3a9fcb700            Options.bottommost_compression_opts.window_bits: -14
2019/10/17-14:55:03.366179 7fc3a9fcb700                  Options.bottommost_compression_opts.level: 32767
2019/10/17-14:55:03.366179 7fc3a9fcb700               Options.bottommost_compression_opts.strategy: 0
2019/10/17-14:55:03.366180 7fc3a9fcb700         Options.bottommost_compression_opts.max_dict_bytes: 0
2019/10/17-14:55:03.366180 7fc3a9fcb700         Options.bottommost_compression_opts.zstd_max_train_bytes: 0
2019/10/17-14:55:03.366181 7fc3a9fcb700                  Options.bottommost_compression_opts.enabled: false
2019/10/17-14:55:03.366181 7fc3a9fcb700            Options.compression_opts.window_bits: -14
2019/10/17-14:55:03.366182 7fc3a9fcb700                  Options.compression_opts.level: 32767
2019/10/17-14:55:03.366183 7fc3a9fcb700               Options.compression_opts.strategy: 0
2019/10/17-14:55:03.366183 7fc3a9fcb700         Options.compression_opts.max_dict_bytes: 0
2019/10/17-14:55:03.366184 7fc3a9fcb700         Options.compression_opts.zstd_max_train_bytes: 0
2019/10/17-14:55:03.366184 7fc3a9fcb700                  Options.compression_opts.enabled: false
2019/10/17-14:55:03.366185 7fc3a9fcb700      Options.level0_file_num_compaction_trigger: 4
2019/10/17-14:55:03.366185 7fc3a9fcb700          Options.level0_slowdown_writes_trigger: 20
2019/10/17-14:55:03.366186 7fc3a9fcb700              Options.level0_stop_writes_trigger: 36
2019/10/17-14:55:03.366186 7fc3a9fcb700                   Options.target_file_size_base: 67108864
2019/10/17-14:55:03.366187 7fc3a9fcb700             Options.target_file_size_multiplier: 1
2019/10/17-14:55:03.366187 7fc3a9fcb700                Options.max_bytes_for_level_base: 268435456
2019/10/17-14:55:03.366188 7fc3a9fcb700 Options.level_compaction_dynamic_level_bytes: 0
2019/10/17-14:55:03.366188 7fc3a9fcb700          Options.max_bytes_for_level_multiplier: 10.000000
2019/10/17-14:55:03.366190 7fc3a9fcb700 Options.max_bytes_for_level_multiplier_addtl[0]: 1
2019/10/17-14:55:03.366190 7fc3a9fcb700 Options.max_bytes_for_level_multiplier_addtl[1]: 1
2019/10/17-14:55:03.366191 7fc3a9fcb700 Options.max_bytes_for_level_multiplier_addtl[2]: 1
2019/10/17-14:55:03.366192 7fc3a9fcb700 Options.max_bytes_for_level_multiplier_addtl[3]: 1
2019/10/17-14:55:03.366192 7fc3a9fcb700 Options.max_bytes_for_level_multiplier_addtl[4]: 1
2019/10/17-14:55:03.366195 7fc3a9fcb700 Options.max_bytes_for_level_multiplier_addtl[5]: 1
2019/10/17-14:55:03.366196 7fc3a9fcb700 Options.max_bytes_for_level_multiplier_addtl[6]: 1
2019/10/17-14:55:03.366197 7fc3a9fcb700       Options.max_sequential_skip_in_iterations: 8
2019/10/17-14:55:03.366197 7fc3a9fcb700                    Options.max_compaction_bytes: 1677721600
2019/10/17-14:55:03.366198 7fc3a9fcb700                        Options.arena_block_size: 8388608
2019/10/17-14:55:03.366198 7fc3a9fcb700   Options.soft_pending_compaction_bytes_limit: 68719476736
2019/10/17-14:55:03.366199 7fc3a9fcb700   Options.hard_pending_compaction_bytes_limit: 274877906944
2019/10/17-14:55:03.366199 7fc3a9fcb700       Options.rate_limit_delay_max_milliseconds: 100
2019/10/17-14:55:03.366200 7fc3a9fcb700                Options.disable_auto_compactions: 0
2019/10/17-14:55:03.366201 7fc3a9fcb700                        Options.compaction_style: kCompactionStyleLevel
2019/10/17-14:55:03.366202 7fc3a9fcb700                          Options.compaction_pri: kByCompensatedSize
2019/10/17-14:55:03.366202 7fc3a9fcb700 Options.compaction_options_universal.size_ratio: 1
2019/10/17-14:55:03.366203 7fc3a9fcb700 Options.compaction_options_universal.min_merge_width: 2
2019/10/17-14:55:03.366203 7fc3a9fcb700 Options.compaction_options_universal.max_merge_width: 4294967295
2019/10/17-14:55:03.366204 7fc3a9fcb700 Options.compaction_options_universal.max_size_amplification_percent: 200
2019/10/17-14:55:03.366205 7fc3a9fcb700 Options.compaction_options_universal.compression_size_percent: -1
2019/10/17-14:55:03.366205 7fc3a9fcb700 Options.compaction_options_universal.stop_style: kCompactionStopStyleTotalSize
2019/10/17-14:55:03.366206 7fc3a9fcb700 Options.compaction_options_fifo.max_table_files_size: 1073741824
2019/10/17-14:55:03.366207 7fc3a9fcb700 Options.compaction_options_fifo.allow_compaction: 0
2019/10/17-14:55:03.366207 7fc3a9fcb700 Options.compaction_options_fifo.ttl: 0
2019/10/17-14:55:03.366208 7fc3a9fcb700                   Options.table_properties_collectors: 
2019/10/17-14:55:03.366208 7fc3a9fcb700                   Options.inplace_update_support: 0
2019/10/17-14:55:03.366209 7fc3a9fcb700                 Options.inplace_update_num_locks: 10000
2019/10/17-14:55:03.366209 7fc3a9fcb700               Options.memtable_prefix_bloom_size_ratio: 0.000000
2019/10/17-14:55:03.366210 7fc3a9fcb700   Options.memtable_huge_page_size: 0
2019/10/17-14:55:03.366211 7fc3a9fcb700                           Options.bloom_locality: 0
2019/10/17-14:55:03.366211 7fc3a9fcb700                    Options.max_successive_merges: 0
2019/10/17-14:55:03.366212 7fc3a9fcb700                Options.optimize_filters_for_hits: 0
2019/10/17-14:55:03.366212 7fc3a9fcb700                Options.paranoid_file_checks: 0
2019/10/17-14:55:03.366213 7fc3a9fcb700                Options.force_consistency_checks: 0
2019/10/17-14:55:03.366213 7fc3a9fcb700                Options.report_bg_io_stats: 0
2019/10/17-14:55:03.366214 7fc3a9fcb700                               Options.ttl: 0
2019/10/17-14:55:03.366234 7fc3a9fcb700 [db/column_family.cc:472] --------------- Options for column family [active_gateways]:
2019/10/17-14:55:03.366235 7fc3a9fcb700               Options.comparator: leveldb.BytewiseComparator
2019/10/17-14:55:03.366236 7fc3a9fcb700           Options.merge_operator: None
2019/10/17-14:55:03.366236 7fc3a9fcb700        Options.compaction_filter: None
2019/10/17-14:55:03.366237 7fc3a9fcb700        Options.compaction_filter_factory: None
2019/10/17-14:55:03.366238 7fc3a9fcb700         Options.memtable_factory: SkipListFactory
2019/10/17-14:55:03.366238 7fc3a9fcb700            Options.table_factory: BlockBasedTable
2019/10/17-14:55:03.366246 7fc3a9fcb700            table_factory options:   flush_block_policy_factory: FlushBlockBySizePolicyFactory (0x7fc350098c10)
  cache_index_and_filter_blocks: 0
  cache_index_and_filter_blocks_with_high_priority: 0
  pin_l0_filter_and_index_blocks_in_cache: 0
  pin_top_level_index_and_filter: 1
  index_type: 0
  hash_index_allow_collision: 1
  checksum: 1
  no_block_cache: 0
  block_cache: 0x7fc35006be40
  block_cache_name: LRUCache
  block_cache_options:
    capacity : 8388608
    num_shard_bits : 4
    strict_capacity_limit : 0
    memory_allocator : None
    high_pri_pool_ratio: 0.000
  block_cache_compressed: (nil)
  persistent_cache: (nil)
  block_size: 4096
  block_size_deviation: 10
  block_restart_interval: 16
  index_block_restart_interval: 1
  metadata_block_size: 4096
  partition_filters: 0
  use_delta_encoding: 1
  filter_policy: nullptr
  whole_key_filtering: 1
  verify_compression: 0
  read_amp_bytes_per_bit: 0
  format_version: 2
  enable_index_compression: 1
  block_align: 0
2019/10/17-14:55:03.366250 7fc3a9fcb700        Options.write_buffer_size: 67108864
2019/10/17-14:55:03.366251 7fc3a9fcb700  Options.max_write_buffer_number: 2
2019/10/17-14:55:03.366252 7fc3a9fcb700          Options.compression: NoCompression
2019/10/17-14:55:03.366252 7fc3a9fcb700                  Options.bottommost_compression: Disabled
2019/10/17-14:55:03.366253 7fc3a9fcb700       Options.prefix_extractor: nullptr
2019/10/17-14:55:03.366253 7fc3a9fcb700   Options.memtable_insert_with_hint_prefix_extractor: nullptr
2019/10/17-14:55:03.366254 7fc3a9fcb700             Options.num_levels: 7
2019/10/17-14:55:03.366254 7fc3a9fcb700        Options.min_write_buffer_number_to_merge: 1
2019/10/17-14:55:03.366255 7fc3a9fcb700     Options.max_write_buffer_number_to_maintain: 0
2019/10/17-14:55:03.366255 7fc3a9fcb700            Options.bottommost_compression_opts.window_bits: -14
2019/10/17-14:55:03.366256 7fc3a9fcb700                  Options.bottommost_compression_opts.level: 32767
2019/10/17-14:55:03.366256 7fc3a9fcb700               Options.bottommost_compression_opts.strategy: 0
2019/10/17-14:55:03.366257 7fc3a9fcb700         Options.bottommost_compression_opts.max_dict_bytes: 0
2019/10/17-14:55:03.366257 7fc3a9fcb700         Options.bottommost_compression_opts.zstd_max_train_bytes: 0
2019/10/17-14:55:03.366258 7fc3a9fcb700                  Options.bottommost_compression_opts.enabled: false
2019/10/17-14:55:03.366259 7fc3a9fcb700            Options.compression_opts.window_bits: -14
2019/10/17-14:55:03.366259 7fc3a9fcb700                  Options.compression_opts.level: 32767
2019/10/17-14:55:03.366260 7fc3a9fcb700               Options.compression_opts.strategy: 0
2019/10/17-14:55:03.366263 7fc3a9fcb700         Options.compression_opts.max_dict_bytes: 0
2019/10/17-14:55:03.366264 7fc3a9fcb700         Options.compression_opts.zstd_max_train_bytes: 0
2019/10/17-14:55:03.366265 7fc3a9fcb700                  Options.compression_opts.enabled: false
2019/10/17-14:55:03.366266 7fc3a9fcb700      Options.level0_file_num_compaction_trigger: 4
2019/10/17-14:55:03.366267 7fc3a9fcb700          Options.level0_slowdown_writes_trigger: 20
2019/10/17-14:55:03.366268 7fc3a9fcb700              Options.level0_stop_writes_trigger: 36
2019/10/17-14:55:03.366269 7fc3a9fcb700                   Options.target_file_size_base: 67108864
2019/10/17-14:55:03.366270 7fc3a9fcb700             Options.target_file_size_multiplier: 1
2019/10/17-14:55:03.366271 7fc3a9fcb700                Options.max_bytes_for_level_base: 268435456
2019/10/17-14:55:03.366272 7fc3a9fcb700 Options.level_compaction_dynamic_level_bytes: 0
2019/10/17-14:55:03.366273 7fc3a9fcb700          Options.max_bytes_for_level_multiplier: 10.000000
2019/10/17-14:55:03.366274 7fc3a9fcb700 Options.max_bytes_for_level_multiplier_addtl[0]: 1
2019/10/17-14:55:03.366275 7fc3a9fcb700 Options.max_bytes_for_level_multiplier_addtl[1]: 1
2019/10/17-14:55:03.366276 7fc3a9fcb700 Options.max_bytes_for_level_multiplier_addtl[2]: 1
2019/10/17-14:55:03.366277 7fc3a9fcb700 Options.max_bytes_for_level_multiplier_addtl[3]: 1
2019/10/17-14:55:03.366278 7fc3a9fcb700 Options.max_bytes_for_level_multiplier_addtl[4]: 1
2019/10/17-14:55:03.366279 7fc3a9fcb700 Options.max_bytes_for_level_multiplier_addtl[5]: 1
2019/10/17-14:55:03.366280 7fc3a9fcb700 Options.max_bytes_for_level_multiplier_addtl[6]: 1
2019/10/17-14:55:03.366281 7fc3a9fcb700       Options.max_sequential_skip_in_iterations: 8
2019/10/17-14:55:03.366289 7fc3a9fcb700                    Options.max_compaction_bytes: 1677721600
2019/10/17-14:55:03.366291 7fc3a9fcb700                        Options.arena_block_size: 8388608
2019/10/17-14:55:03.366291 7fc3a9fcb700   Options.soft_pending_compaction_bytes_limit: 68719476736
2019/10/17-14:55:03.366292 7fc3a9fcb700   Options.hard_pending_compaction_bytes_limit: 274877906944
2019/10/17-14:55:03.366292 7fc3a9fcb700       Options.rate_limit_delay_max_milliseconds: 100
2019/10/17-14:55:03.366293 7fc3a9fcb700                Options.disable_auto_compactions: 0
2019/10/17-14:55:03.366294 7fc3a9fcb700                        Options.compaction_style: kCompactionStyleLevel
2019/10/17-14:55:03.366294 7fc3a9fcb700                          Options.compaction_pri: kByCompensatedSize
2019/10/17-14:55:03.366295 7fc3a9fcb700 Options.compaction_options_universal.size_ratio: 1
2019/10/17-14:55:03.366296 7fc3a9fcb700 Options.compaction_options_universal.min_merge_width: 2
2019/10/17-14:55:03.366296 7fc3a9fcb700 Options.compaction_options_universal.max_merge_width: 4294967295
2019/10/17-14:55:03.366297 7fc3a9fcb700 Options.compaction_options_universal.max_size_amplification_percent: 200
2019/10/17-14:55:03.366297 7fc3a9fcb700 Options.compaction_options_universal.compression_size_percent: -1
2019/10/17-14:55:03.366298 7fc3a9fcb700 Options.compaction_options_universal.stop_style: kCompactionStopStyleTotalSize
2019/10/17-14:55:03.366299 7fc3a9fcb700 Options.compaction_options_fifo.max_table_files_size: 1073741824
2019/10/17-14:55:03.366299 7fc3a9fcb700 Options.compaction_options_fifo.allow_compaction: 0
2019/10/17-14:55:03.366300 7fc3a9fcb700 Options.compaction_options_fifo.ttl: 0
2019/10/17-14:55:03.366300 7fc3a9fcb700                   Options.table_properties_collectors: 
2019/10/17-14:55:03.366301 7fc3a9fcb700                   Options.inplace_update_support: 0
2019/10/17-14:55:03.366301 7fc3a9fcb700                 Options.inplace_update_num_locks: 10000
2019/10/17-14:55:03.366302 7fc3a9fcb700               Options.memtable_prefix_bloom_size_ratio: 0.000000
2019/10/17-14:55:03.366303 7fc3a9fcb700   Options.memtable_huge_page_size: 0
2019/10/17-14:55:03.366303 7fc3a9fcb700                           Options.bloom_locality: 0
2019/10/17-14:55:03.366304 7fc3a9fcb700                    Options.max_successive_merges: 0
2019/10/17-14:55:03.366304 7fc3a9fcb700                Options.optimize_filters_for_hits: 0
2019/10/17-14:55:03.366305 7fc3a9fcb700                Options.paranoid_file_checks: 0
2019/10/17-14:55:03.366305 7fc3a9fcb700                Options.force_consistency_checks: 0
2019/10/17-14:55:03.366306 7fc3a9fcb700                Options.report_bg_io_stats: 0
2019/10/17-14:55:03.366306 7fc3a9fcb700                               Options.ttl: 0
2019/10/17-14:55:03.366325 7fc3a9fcb700 [db/column_family.cc:472] --------------- Options for column family [entries]:
2019/10/17-14:55:03.366327 7fc3a9fcb700               Options.comparator: leveldb.BytewiseComparator
2019/10/17-14:55:03.366328 7fc3a9fcb700           Options.merge_operator: None
2019/10/17-14:55:03.366329 7fc3a9fcb700        Options.compaction_filter: None
2019/10/17-14:55:03.366330 7fc3a9fcb700        Options.compaction_filter_factory: None
2019/10/17-14:55:03.366331 7fc3a9fcb700         Options.memtable_factory: SkipListFactory
2019/10/17-14:55:03.366332 7fc3a9fcb700            Options.table_factory: BlockBasedTable
2019/10/17-14:55:03.366343 7fc3a9fcb700            table_factory options:   flush_block_policy_factory: FlushBlockBySizePolicyFactory (0x7fc3500895e0)
  cache_index_and_filter_blocks: 0
  cache_index_and_filter_blocks_with_high_priority: 0
  pin_l0_filter_and_index_blocks_in_cache: 0
  pin_top_level_index_and_filter: 1
  index_type: 0
  hash_index_allow_collision: 1
  checksum: 1
  no_block_cache: 0
  block_cache: 0x7fc3500439c0
  block_cache_name: LRUCache
  block_cache_options:
    capacity : 8388608
    num_shard_bits : 4
    strict_capacity_limit : 0
    memory_allocator : None
    high_pri_pool_ratio: 0.000
  block_cache_compressed: (nil)
  persistent_cache: (nil)
  block_size: 4096
  block_size_deviation: 10
  block_restart_interval: 16
  index_block_restart_interval: 1
  metadata_block_size: 4096
  partition_filters: 0
  use_delta_encoding: 1
  filter_policy: nullptr
  whole_key_filtering: 1
  verify_compression: 0
  read_amp_bytes_per_bit: 0
  format_version: 2
  enable_index_compression: 1
  block_align: 0
2019/10/17-14:55:03.366349 7fc3a9fcb700        Options.write_buffer_size: 67108864
2019/10/17-14:55:03.366353 7fc3a9fcb700  Options.max_write_buffer_number: 2
2019/10/17-14:55:03.366354 7fc3a9fcb700          Options.compression: NoCompression
2019/10/17-14:55:03.366355 7fc3a9fcb700                  Options.bottommost_compression: Disabled
2019/10/17-14:55:03.366356 7fc3a9fcb700       Options.prefix_extractor: nullptr
2019/10/17-14:55:03.366357 7fc3a9fcb700   Options.memtable_insert_with_hint_prefix_extractor: nullptr
2019/10/17-14:55:03.366358 7fc3a9fcb700             Options.num_levels: 7
2019/10/17-14:55:03.366359 7fc3a9fcb700        Options.min_write_buffer_number_to_merge: 1
2019/10/17-14:55:03.366361 7fc3a9fcb700     Options.max_write_buffer_number_to_maintain: 0
2019/10/17-14:55:03.366362 7fc3a9fcb700            Options.bottommost_compression_opts.window_bits: -14
2019/10/17-14:55:03.366363 7fc3a9fcb700                  Options.bottommost_compression_opts.level: 32767
2019/10/17-14:55:03.366364 7fc3a9fcb700               Options.bottommost_compression_opts.strategy: 0
2019/10/17-14:55:03.366365 7fc3a9fcb700         Options.bottommost_compression_opts.max_dict_bytes: 0
2019/10/17-14:55:03.366366 7fc3a9fcb700         Options.bottommost_compression_opts.zstd_max_train_bytes: 0
2019/10/17-14:55:03.366367 7fc3a9fcb700                  Options.bottommost_compression_opts.enabled: false
2019/10/17-14:55:03.366368 7fc3a9fcb700            Options.compression_opts.window_bits: -14
2019/10/17-14:55:03.366369 7fc3a9fcb700                  Options.compression_opts.level: 32767
2019/10/17-14:55:03.366370 7fc3a9fcb700               Options.compression_opts.strategy: 0
2019/10/17-14:55:03.366370 7fc3a9fcb700         Options.compression_opts.max_dict_bytes: 0
2019/10/17-14:55:03.366371 7fc3a9fcb700         Options.compression_opts.zstd_max_train_bytes: 0
2019/10/17-14:55:03.366371 7fc3a9fcb700                  Options.compression_opts.enabled: false
2019/10/17-14:55:03.366372 7fc3a9fcb700      Options.level0_file_num_compaction_trigger: 4
2019/10/17-14:55:03.366373 7fc3a9fcb700          Options.level0_slowdown_writes_trigger: 20
2019/10/17-14:55:03.366373 7fc3a9fcb700              Options.level0_stop_writes_trigger: 36
2019/10/17-14:55:03.366374 7fc3a9fcb700                   Options.target_file_size_base: 67108864
2019/10/17-14:55:03.366374 7fc3a9fcb700             Options.target_file_size_multiplier: 1
2019/10/17-14:55:03.366375 7fc3a9fcb700                Options.max_bytes_for_level_base: 268435456
2019/10/17-14:55:03.366375 7fc3a9fcb700 Options.level_compaction_dynamic_level_bytes: 0
2019/10/17-14:55:03.366376 7fc3a9fcb700          Options.max_bytes_for_level_multiplier: 10.000000
2019/10/17-14:55:03.366377 7fc3a9fcb700 Options.max_bytes_for_level_multiplier_addtl[0]: 1
2019/10/17-14:55:03.366378 7fc3a9fcb700 Options.max_bytes_for_level_multiplier_addtl[1]: 1
2019/10/17-14:55:03.366379 7fc3a9fcb700 Options.max_bytes_for_level_multiplier_addtl[2]: 1
2019/10/17-14:55:03.366380 7fc3a9fcb700 Options.max_bytes_for_level_multiplier_addtl[3]: 1
2019/10/17-14:55:03.366381 7fc3a9fcb700 Options.max_bytes_for_level_multiplier_addtl[4]: 1
2019/10/17-14:55:03.366382 7fc3a9fcb700 Options.max_bytes_for_level_multiplier_addtl[5]: 1
2019/10/17-14:55:03.366383 7fc3a9fcb700 Options.max_bytes_for_level_multiplier_addtl[6]: 1
2019/10/17-14:55:03.366384 7fc3a9fcb700       Options.max_sequential_skip_in_iterations: 8
2019/10/17-14:55:03.366385 7fc3a9fcb700                    Options.max_compaction_bytes: 1677721600
2019/10/17-14:55:03.366386 7fc3a9fcb700                        Options.arena_block_size: 8388608
2019/10/17-14:55:03.366386 7fc3a9fcb700   Options.soft_pending_compaction_bytes_limit: 68719476736
2019/10/17-14:55:03.366393 7fc3a9fcb700   Options.hard_pending_compaction_bytes_limit: 274877906944
2019/10/17-14:55:03.366394 7fc3a9fcb700       Options.rate_limit_delay_max_milliseconds: 100
2019/10/17-14:55:03.366394 7fc3a9fcb700                Options.disable_auto_compactions: 0
2019/10/17-14:55:03.366395 7fc3a9fcb700                        Options.compaction_style: kCompactionStyleLevel
2019/10/17-14:55:03.366396 7fc3a9fcb700                          Options.compaction_pri: kByCompensatedSize
2019/10/17-14:55:03.366397 7fc3a9fcb700 Options.compaction_options_universal.size_ratio: 1
2019/10/17-14:55:03.366397 7fc3a9fcb700 Options.compaction_options_universal.min_merge_width: 2
2019/10/17-14:55:03.366398 7fc3a9fcb700 Options.compaction_options_universal.max_merge_width: 4294967295
2019/10/17-14:55:03.366398 7fc3a9fcb700 Options.compaction_options_universal.max_size_amplification_percent: 200
2019/10/17-14:55:03.366399 7fc3a9fcb700 Options.compaction_options_universal.compression_size_percent: -1
2019/10/17-14:55:03.366399 7fc3a9fcb700 Options.compaction_options_universal.stop_style: kCompactionStopStyleTotalSize
2019/10/17-14:55:03.366400 7fc3a9fcb700 Options.compaction_options_fifo.max_table_files_size: 1073741824
2019/10/17-14:55:03.366401 7fc3a9fcb700 Options.compaction_options_fifo.allow_compaction: 0
2019/10/17-14:55:03.366401 7fc3a9fcb700 Options.compaction_options_fifo.ttl: 0
2019/10/17-14:55:03.366402 7fc3a9fcb700                   Options.table_properties_collectors: 
2019/10/17-14:55:03.366402 7fc3a9fcb700                   Options.inplace_update_support: 0
2019/10/17-14:55:03.366403 7fc3a9fcb700                 Options.inplace_update_num_locks: 10000
2019/10/17-14:55:03.366403 7fc3a9fcb700               Options.memtable_prefix_bloom_size_ratio: 0.000000
2019/10/17-14:55:03.366404 7fc3a9fcb700   Options.memtable_huge_page_size: 0
2019/10/17-14:55:03.366405 7fc3a9fcb700                           Options.bloom_locality: 0
2019/10/17-14:55:03.366405 7fc3a9fcb700                    Options.max_successive_merges: 0
2019/10/17-14:55:03.366406 7fc3a9fcb700                Options.optimize_filters_for_hits: 0
2019/10/17-14:55:03.366406 7fc3a9fcb700                Options.paranoid_file_checks: 0
2019/10/17-14:55:03.366407 7fc3a9fcb700                Options.force_consistency_checks: 0
2019/10/17-14:55:03.366407 7fc3a9fcb700                Options.report_bg_io_stats: 0
2019/10/17-14:55:03.366408 7fc3a9fcb700                               Options.ttl: 0
2019/10/17-14:55:03.366423 7fc3a9fcb700 [db/column_family.cc:472] --------------- Options for column family [dc_entries]:
2019/10/17-14:55:03.366424 7fc3a9fcb700               Options.comparator: leveldb.BytewiseComparator
2019/10/17-14:55:03.366425 7fc3a9fcb700           Options.merge_operator: None
2019/10/17-14:55:03.366425 7fc3a9fcb700        Options.compaction_filter: None
2019/10/17-14:55:03.366426 7fc3a9fcb700        Options.compaction_filter_factory: None
2019/10/17-14:55:03.366427 7fc3a9fcb700         Options.memtable_factory: SkipListFactory
2019/10/17-14:55:03.366427 7fc3a9fcb700            Options.table_factory: BlockBasedTable
2019/10/17-14:55:03.366437 7fc3a9fcb700            table_factory options:   flush_block_policy_factory: FlushBlockBySizePolicyFactory (0x7fc350038370)
  cache_index_and_filter_blocks: 0
  cache_index_and_filter_blocks_with_high_priority: 0
  pin_l0_filter_and_index_blocks_in_cache: 0
  pin_top_level_index_and_filter: 1
  index_type: 0
  hash_index_allow_collision: 1
  checksum: 1
  no_block_cache: 0
  block_cache: 0x7fc35000ae00
  block_cache_name: LRUCache
  block_cache_options:
    capacity : 8388608
    num_shard_bits : 4
    strict_capacity_limit : 0
    memory_allocator : None
    high_pri_pool_ratio: 0.000
  block_cache_compressed: (nil)
  persistent_cache: (nil)
  block_size: 4096
  block_size_deviation: 10
  block_restart_interval: 16
  index_block_restart_interval: 1
  metadata_block_size: 4096
  partition_filters: 0
  use_delta_encoding: 1
  filter_policy: nullptr
  whole_key_filtering: 1
  verify_compression: 0
  read_amp_bytes_per_bit: 0
  format_version: 2
  enable_index_compression: 1
  block_align: 0
2019/10/17-14:55:03.366444 7fc3a9fcb700        Options.write_buffer_size: 67108864
2019/10/17-14:55:03.366446 7fc3a9fcb700  Options.max_write_buffer_number: 2
2019/10/17-14:55:03.366447 7fc3a9fcb700          Options.compression: NoCompression
2019/10/17-14:55:03.366448 7fc3a9fcb700                  Options.bottommost_compression: Disabled
2019/10/17-14:55:03.366449 7fc3a9fcb700       Options.prefix_extractor: nullptr
2019/10/17-14:55:03.366450 7fc3a9fcb700   Options.memtable_insert_with_hint_prefix_extractor: nullptr
2019/10/17-14:55:03.366450 7fc3a9fcb700             Options.num_levels: 7
2019/10/17-14:55:03.366451 7fc3a9fcb700        Options.min_write_buffer_number_to_merge: 1
2019/10/17-14:55:03.366451 7fc3a9fcb700     Options.max_write_buffer_number_to_maintain: 0
2019/10/17-14:55:03.366452 7fc3a9fcb700            Options.bottommost_compression_opts.window_bits: -14
2019/10/17-14:55:03.366453 7fc3a9fcb700                  Options.bottommost_compression_opts.level: 32767
2019/10/17-14:55:03.366453 7fc3a9fcb700               Options.bottommost_compression_opts.strategy: 0
2019/10/17-14:55:03.366454 7fc3a9fcb700         Options.bottommost_compression_opts.max_dict_bytes: 0
2019/10/17-14:55:03.366454 7fc3a9fcb700         Options.bottommost_compression_opts.zstd_max_train_bytes: 0
2019/10/17-14:55:03.366455 7fc3a9fcb700                  Options.bottommost_compression_opts.enabled: false
2019/10/17-14:55:03.366455 7fc3a9fcb700            Options.compression_opts.window_bits: -14
2019/10/17-14:55:03.366456 7fc3a9fcb700                  Options.compression_opts.level: 32767
2019/10/17-14:55:03.366456 7fc3a9fcb700               Options.compression_opts.strategy: 0
2019/10/17-14:55:03.366457 7fc3a9fcb700         Options.compression_opts.max_dict_bytes: 0
2019/10/17-14:55:03.366457 7fc3a9fcb700         Options.compression_opts.zstd_max_train_bytes: 0
2019/10/17-14:55:03.366458 7fc3a9fcb700                  Options.compression_opts.enabled: false
2019/10/17-14:55:03.366458 7fc3a9fcb700      Options.level0_file_num_compaction_trigger: 4
2019/10/17-14:55:03.366459 7fc3a9fcb700          Options.level0_slowdown_writes_trigger: 20
2019/10/17-14:55:03.366459 7fc3a9fcb700              Options.level0_stop_writes_trigger: 36
2019/10/17-14:55:03.366460 7fc3a9fcb700                   Options.target_file_size_base: 67108864
2019/10/17-14:55:03.366461 7fc3a9fcb700             Options.target_file_size_multiplier: 1
2019/10/17-14:55:03.366461 7fc3a9fcb700                Options.max_bytes_for_level_base: 268435456
2019/10/17-14:55:03.366462 7fc3a9fcb700 Options.level_compaction_dynamic_level_bytes: 0
2019/10/17-14:55:03.366462 7fc3a9fcb700          Options.max_bytes_for_level_multiplier: 10.000000
2019/10/17-14:55:03.366463 7fc3a9fcb700 Options.max_bytes_for_level_multiplier_addtl[0]: 1
2019/10/17-14:55:03.366464 7fc3a9fcb700 Options.max_bytes_for_level_multiplier_addtl[1]: 1
2019/10/17-14:55:03.366464 7fc3a9fcb700 Options.max_bytes_for_level_multiplier_addtl[2]: 1
2019/10/17-14:55:03.366465 7fc3a9fcb700 Options.max_bytes_for_level_multiplier_addtl[3]: 1
2019/10/17-14:55:03.366465 7fc3a9fcb700 Options.max_bytes_for_level_multiplier_addtl[4]: 1
2019/10/17-14:55:03.366466 7fc3a9fcb700 Options.max_bytes_for_level_multiplier_addtl[5]: 1
2019/10/17-14:55:03.366467 7fc3a9fcb700 Options.max_bytes_for_level_multiplier_addtl[6]: 1
2019/10/17-14:55:03.366467 7fc3a9fcb700       Options.max_sequential_skip_in_iterations: 8
2019/10/17-14:55:03.366468 7fc3a9fcb700                    Options.max_compaction_bytes: 1677721600
2019/10/17-14:55:03.366468 7fc3a9fcb700                        Options.arena_block_size: 8388608
2019/10/17-14:55:03.366469 7fc3a9fcb700   Options.soft_pending_compaction_bytes_limit: 68719476736
2019/10/17-14:55:03.366469 7fc3a9fcb700   Options.hard_pending_compaction_bytes_limit: 274877906944
2019/10/17-14:55:03.366470 7fc3a9fcb700       Options.rate_limit_delay_max_milliseconds: 100
2019/10/17-14:55:03.366470 7fc3a9fcb700                Options.disable_auto_compactions: 0
2019/10/17-14:55:03.366474 7fc3a9fcb700                        Options.compaction_style: kCompactionStyleLevel
2019/10/17-14:55:03.366475 7fc3a9fcb700                          Options.compaction_pri: kByCompensatedSize
2019/10/17-14:55:03.366476 7fc3a9fcb700 Options.compaction_options_universal.size_ratio: 1
2019/10/17-14:55:03.366476 7fc3a9fcb700 Options.compaction_options_universal.min_merge_width: 2
2019/10/17-14:55:03.366477 7fc3a9fcb700 Options.compaction_options_universal.max_merge_width: 4294967295
2019/10/17-14:55:03.366477 7fc3a9fcb700 Options.compaction_options_universal.max_size_amplification_percent: 200
2019/10/17-14:55:03.366478 7fc3a9fcb700 Options.compaction_options_universal.compression_size_percent: -1
2019/10/17-14:55:03.366478 7fc3a9fcb700 Options.compaction_options_universal.stop_style: kCompactionStopStyleTotalSize
2019/10/17-14:55:03.366479 7fc3a9fcb700 Options.compaction_options_fifo.max_table_files_size: 1073741824
2019/10/17-14:55:03.366480 7fc3a9fcb700 Options.compaction_options_fifo.allow_compaction: 0
2019/10/17-14:55:03.366480 7fc3a9fcb700 Options.compaction_options_fifo.ttl: 0
2019/10/17-14:55:03.366481 7fc3a9fcb700                   Options.table_properties_collectors: 
2019/10/17-14:55:03.366481 7fc3a9fcb700                   Options.inplace_update_support: 0
2019/10/17-14:55:03.366482 7fc3a9fcb700                 Options.inplace_update_num_locks: 10000
2019/10/17-14:55:03.366482 7fc3a9fcb700               Options.memtable_prefix_bloom_size_ratio: 0.000000
2019/10/17-14:55:03.366483 7fc3a9fcb700   Options.memtable_huge_page_size: 0
2019/10/17-14:55:03.366484 7fc3a9fcb700                           Options.bloom_locality: 0
2019/10/17-14:55:03.366484 7fc3a9fcb700                    Options.max_successive_merges: 0
2019/10/17-14:55:03.366485 7fc3a9fcb700                Options.optimize_filters_for_hits: 0
2019/10/17-14:55:03.366485 7fc3a9fcb700                Options.paranoid_file_checks: 0
2019/10/17-14:55:03.366486 7fc3a9fcb700                Options.force_consistency_checks: 0
2019/10/17-14:55:03.366486 7fc3a9fcb700                Options.report_bg_io_stats: 0
2019/10/17-14:55:03.366487 7fc3a9fcb700                               Options.ttl: 0
2019/10/17-14:55:03.366498 7fc3a9fcb700 [db/column_family.cc:472] --------------- Options for column family [htlcs]:
2019/10/17-14:55:03.366499 7fc3a9fcb700               Options.comparator: leveldb.BytewiseComparator
2019/10/17-14:55:03.366500 7fc3a9fcb700           Options.merge_operator: None
2019/10/17-14:55:03.366500 7fc3a9fcb700        Options.compaction_filter: None
2019/10/17-14:55:03.366501 7fc3a9fcb700        Options.compaction_filter_factory: None
2019/10/17-14:55:03.366502 7fc3a9fcb700         Options.memtable_factory: SkipListFactory
2019/10/17-14:55:03.366502 7fc3a9fcb700            Options.table_factory: BlockBasedTable
2019/10/17-14:55:03.366509 7fc3a9fcb700            table_factory options:   flush_block_policy_factory: FlushBlockBySizePolicyFactory (0x7fc3500f8130)
