2019/10/17-14:55:02.812616 7fc3a9fcb700 RocksDB version: 5.18.3
2019/10/17-14:55:02.812640 7fc3a9fcb700 Git sha rocksdb_build_git_sha:@0@
2019/10/17-14:55:02.812642 7fc3a9fcb700 Compile date Sep 19 2019
2019/10/17-14:55:02.812643 7fc3a9fcb700 DB SUMMARY
2019/10/17-14:55:02.813356 7fc3a9fcb700 CURRENT file:  CURRENT
2019/10/17-14:55:02.813359 7fc3a9fcb700 IDENTITY file:  IDENTITY
2019/10/17-14:55:02.813396 7fc3a9fcb700 MANIFEST file:  MANIFEST-116218 size: 4114 Bytes
2019/10/17-14:55:02.813398 7fc3a9fcb700 SST files in /home/rahul/dev/blockchain-core/eqc/ledger.db dir, Total Num: 29, files: 000624.sst 000627.sst 106940.sst 108447.sst 108450.sst 109471.sst 109483.sst 109485.sst 109486.sst 
2019/10/17-14:55:02.813399 7fc3a9fcb700 Write Ahead Log file in /home/rahul/dev/blockchain-core/eqc/ledger.db: 116219.log size: 0 ; 
2019/10/17-14:55:02.813432 7fc3a9fcb700                         Options.error_if_exists: 0
2019/10/17-14:55:02.813433 7fc3a9fcb700                       Options.create_if_missing: 1
2019/10/17-14:55:02.813434 7fc3a9fcb700                         Options.paranoid_checks: 1
2019/10/17-14:55:02.813435 7fc3a9fcb700                                     Options.env: 0x7fc32ae1fc60
2019/10/17-14:55:02.813436 7fc3a9fcb700                                Options.info_log: 0x7fc35006d150
2019/10/17-14:55:02.813437 7fc3a9fcb700                Options.max_file_opening_threads: 16
2019/10/17-14:55:02.813438 7fc3a9fcb700                              Options.statistics: (nil)
2019/10/17-14:55:02.813439 7fc3a9fcb700                               Options.use_fsync: 0
2019/10/17-14:55:02.813440 7fc3a9fcb700                       Options.max_log_file_size: 0
2019/10/17-14:55:02.813440 7fc3a9fcb700                  Options.max_manifest_file_size: 1073741824
2019/10/17-14:55:02.813441 7fc3a9fcb700                   Options.log_file_time_to_roll: 0
2019/10/17-14:55:02.813442 7fc3a9fcb700                       Options.keep_log_file_num: 1000
2019/10/17-14:55:02.813443 7fc3a9fcb700                    Options.recycle_log_file_num: 0
2019/10/17-14:55:02.813444 7fc3a9fcb700                         Options.allow_fallocate: 1
2019/10/17-14:55:02.813445 7fc3a9fcb700                        Options.allow_mmap_reads: 0
2019/10/17-14:55:02.813446 7fc3a9fcb700                       Options.allow_mmap_writes: 0
2019/10/17-14:55:02.813447 7fc3a9fcb700                        Options.use_direct_reads: 0
2019/10/17-14:55:02.813447 7fc3a9fcb700                        Options.use_direct_io_for_flush_and_compaction: 0
2019/10/17-14:55:02.813448 7fc3a9fcb700          Options.create_missing_column_families: 0
2019/10/17-14:55:02.813449 7fc3a9fcb700                              Options.db_log_dir: 
2019/10/17-14:55:02.813450 7fc3a9fcb700                                 Options.wal_dir: /home/rahul/dev/blockchain-core/eqc/ledger.db
2019/10/17-14:55:02.813451 7fc3a9fcb700                Options.table_cache_numshardbits: 6
2019/10/17-14:55:02.813452 7fc3a9fcb700                      Options.max_subcompactions: 1
2019/10/17-14:55:02.813453 7fc3a9fcb700                  Options.max_background_flushes: -1
2019/10/17-14:55:02.813454 7fc3a9fcb700                         Options.WAL_ttl_seconds: 0
2019/10/17-14:55:02.813455 7fc3a9fcb700                       Options.WAL_size_limit_MB: 0
2019/10/17-14:55:02.813455 7fc3a9fcb700             Options.manifest_preallocation_size: 4194304
2019/10/17-14:55:02.813456 7fc3a9fcb700                     Options.is_fd_close_on_exec: 1
2019/10/17-14:55:02.813457 7fc3a9fcb700                   Options.advise_random_on_open: 1
2019/10/17-14:55:02.813458 7fc3a9fcb700                    Options.db_write_buffer_size: 0
2019/10/17-14:55:02.813459 7fc3a9fcb700                    Options.write_buffer_manager: 0x7fc350035300
2019/10/17-14:55:02.813460 7fc3a9fcb700         Options.access_hint_on_compaction_start: 1
2019/10/17-14:55:02.813461 7fc3a9fcb700  Options.new_table_reader_for_compaction_inputs: 0
2019/10/17-14:55:02.813461 7fc3a9fcb700           Options.random_access_max_buffer_size: 1048576
2019/10/17-14:55:02.813462 7fc3a9fcb700                      Options.use_adaptive_mutex: 0
2019/10/17-14:55:02.813463 7fc3a9fcb700                            Options.rate_limiter: (nil)
2019/10/17-14:55:02.813475 7fc3a9fcb700     Options.sst_file_manager.rate_bytes_per_sec: 0
2019/10/17-14:55:02.813476 7fc3a9fcb700                       Options.wal_recovery_mode: 2
2019/10/17-14:55:02.813477 7fc3a9fcb700                  Options.enable_thread_tracking: 0
2019/10/17-14:55:02.813478 7fc3a9fcb700                  Options.enable_pipelined_write: 0
2019/10/17-14:55:02.813479 7fc3a9fcb700         Options.allow_concurrent_memtable_write: 1
2019/10/17-14:55:02.813480 7fc3a9fcb700      Options.enable_write_thread_adaptive_yield: 1
2019/10/17-14:55:02.813481 7fc3a9fcb700             Options.write_thread_max_yield_usec: 100
2019/10/17-14:55:02.813482 7fc3a9fcb700            Options.write_thread_slow_yield_usec: 3
2019/10/17-14:55:02.813484 7fc3a9fcb700                               Options.row_cache: None
2019/10/17-14:55:02.813485 7fc3a9fcb700                              Options.wal_filter: None
2019/10/17-14:55:02.813486 7fc3a9fcb700             Options.avoid_flush_during_recovery: 0
2019/10/17-14:55:02.813487 7fc3a9fcb700             Options.allow_ingest_behind: 0
2019/10/17-14:55:02.813488 7fc3a9fcb700             Options.preserve_deletes: 0
2019/10/17-14:55:02.813489 7fc3a9fcb700             Options.two_write_queues: 0
2019/10/17-14:55:02.813490 7fc3a9fcb700             Options.manual_wal_flush: 0
2019/10/17-14:55:02.813491 7fc3a9fcb700             Options.max_background_jobs: 2
2019/10/17-14:55:02.813492 7fc3a9fcb700             Options.max_background_compactions: -1
2019/10/17-14:55:02.813493 7fc3a9fcb700             Options.avoid_flush_during_shutdown: 0
2019/10/17-14:55:02.813494 7fc3a9fcb700           Options.writable_file_max_buffer_size: 1048576
2019/10/17-14:55:02.813495 7fc3a9fcb700             Options.delayed_write_rate : 16777216
2019/10/17-14:55:02.813496 7fc3a9fcb700             Options.max_total_wal_size: 0
2019/10/17-14:55:02.813497 7fc3a9fcb700             Options.delete_obsolete_files_period_micros: 21600000000
2019/10/17-14:55:02.813498 7fc3a9fcb700                   Options.stats_dump_period_sec: 600
2019/10/17-14:55:02.813500 7fc3a9fcb700                          Options.max_open_files: -1
2019/10/17-14:55:02.813501 7fc3a9fcb700                          Options.bytes_per_sync: 0
2019/10/17-14:55:02.813502 7fc3a9fcb700                      Options.wal_bytes_per_sync: 0
2019/10/17-14:55:02.813502 7fc3a9fcb700       Options.compaction_readahead_size: 0
2019/10/17-14:55:02.813503 7fc3a9fcb700 Compression algorithms supported:
2019/10/17-14:55:02.813504 7fc3a9fcb700 	kZSTDNotFinalCompression supported: 0
2019/10/17-14:55:02.813505 7fc3a9fcb700 	kZSTD supported: 0
2019/10/17-14:55:02.813506 7fc3a9fcb700 	kXpressCompression supported: 0
2019/10/17-14:55:02.813506 7fc3a9fcb700 	kLZ4HCCompression supported: 0
2019/10/17-14:55:02.813507 7fc3a9fcb700 	kLZ4Compression supported: 0
2019/10/17-14:55:02.813508 7fc3a9fcb700 	kBZip2Compression supported: 0
2019/10/17-14:55:02.813508 7fc3a9fcb700 	kZlibCompression supported: 0
2019/10/17-14:55:02.813509 7fc3a9fcb700 	kSnappyCompression supported: 0
2019/10/17-14:55:02.813511 7fc3a9fcb700 Fast CRC32 supported: Supported on x86
2019/10/17-14:55:02.813596 7fc3a9fcb700 [db/version_set.cc:3507] Recovering from manifest file: MANIFEST-116218
2019/10/17-14:55:02.813625 7fc3a9fcb700 [db/column_family.cc:472] --------------- Options for column family [default]:
2019/10/17-14:55:02.813626 7fc3a9fcb700               Options.comparator: leveldb.BytewiseComparator
2019/10/17-14:55:02.813627 7fc3a9fcb700           Options.merge_operator: None
2019/10/17-14:55:02.813628 7fc3a9fcb700        Options.compaction_filter: None
2019/10/17-14:55:02.813628 7fc3a9fcb700        Options.compaction_filter_factory: None
2019/10/17-14:55:02.813629 7fc3a9fcb700         Options.memtable_factory: SkipListFactory
2019/10/17-14:55:02.813630 7fc3a9fcb700            Options.table_factory: BlockBasedTable
2019/10/17-14:55:02.813643 7fc3a9fcb700            table_factory options:   flush_block_policy_factory: FlushBlockBySizePolicyFactory (0x7fc35003f520)
  cache_index_and_filter_blocks: 0
  cache_index_and_filter_blocks_with_high_priority: 0
  pin_l0_filter_and_index_blocks_in_cache: 0
  pin_top_level_index_and_filter: 1
  index_type: 0
  hash_index_allow_collision: 1
  checksum: 1
  no_block_cache: 0
  block_cache: 0x7fc3500efe90
  block_cache_name: LRUCache
  block_cache_options:
    capacity : 8388608
    num_shard_bits : 4
    strict_capacity_limit : 0
    memory_allocator : None
    high_pri_pool_ratio: 0.000
  block_cache_compressed: (nil)
  persistent_cache: (nil)
  block_size: 4096
  block_size_deviation: 10
  block_restart_interval: 16
  index_block_restart_interval: 1
  metadata_block_size: 4096
  partition_filters: 0
  use_delta_encoding: 1
  filter_policy: nullptr
  whole_key_filtering: 1
  verify_compression: 0
  read_amp_bytes_per_bit: 0
  format_version: 2
  enable_index_compression: 1
  block_align: 0
2019/10/17-14:55:02.813651 7fc3a9fcb700        Options.write_buffer_size: 67108864
2019/10/17-14:55:02.813652 7fc3a9fcb700  Options.max_write_buffer_number: 2
2019/10/17-14:55:02.813653 7fc3a9fcb700          Options.compression: NoCompression
2019/10/17-14:55:02.813653 7fc3a9fcb700                  Options.bottommost_compression: Disabled
2019/10/17-14:55:02.813654 7fc3a9fcb700       Options.prefix_extractor: nullptr
2019/10/17-14:55:02.813655 7fc3a9fcb700   Options.memtable_insert_with_hint_prefix_extractor: nullptr
2019/10/17-14:55:02.813655 7fc3a9fcb700             Options.num_levels: 7
2019/10/17-14:55:02.813656 7fc3a9fcb700        Options.min_write_buffer_number_to_merge: 1
2019/10/17-14:55:02.813657 7fc3a9fcb700     Options.max_write_buffer_number_to_maintain: 0
2019/10/17-14:55:02.813657 7fc3a9fcb700            Options.bottommost_compression_opts.window_bits: -14
2019/10/17-14:55:02.813658 7fc3a9fcb700                  Options.bottommost_compression_opts.level: 32767
2019/10/17-14:55:02.813659 7fc3a9fcb700               Options.bottommost_compression_opts.strategy: 0
2019/10/17-14:55:02.813659 7fc3a9fcb700         Options.bottommost_compression_opts.max_dict_bytes: 0
2019/10/17-14:55:02.813660 7fc3a9fcb700         Options.bottommost_compression_opts.zstd_max_train_bytes: 0
2019/10/17-14:55:02.813661 7fc3a9fcb700                  Options.bottommost_compression_opts.enabled: false
2019/10/17-14:55:02.813661 7fc3a9fcb700            Options.compression_opts.window_bits: -14
2019/10/17-14:55:02.813662 7fc3a9fcb700                  Options.compression_opts.level: 32767
2019/10/17-14:55:02.813663 7fc3a9fcb700               Options.compression_opts.strategy: 0
2019/10/17-14:55:02.813663 7fc3a9fcb700         Options.compression_opts.max_dict_bytes: 0
2019/10/17-14:55:02.813664 7fc3a9fcb700         Options.compression_opts.zstd_max_train_bytes: 0
2019/10/17-14:55:02.813665 7fc3a9fcb700                  Options.compression_opts.enabled: false
2019/10/17-14:55:02.813665 7fc3a9fcb700      Options.level0_file_num_compaction_trigger: 4
2019/10/17-14:55:02.813666 7fc3a9fcb700          Options.level0_slowdown_writes_trigger: 20
2019/10/17-14:55:02.813666 7fc3a9fcb700              Options.level0_stop_writes_trigger: 36
2019/10/17-14:55:02.813667 7fc3a9fcb700                   Options.target_file_size_base: 67108864
2019/10/17-14:55:02.813668 7fc3a9fcb700             Options.target_file_size_multiplier: 1
2019/10/17-14:55:02.813668 7fc3a9fcb700                Options.max_bytes_for_level_base: 268435456
2019/10/17-14:55:02.813669 7fc3a9fcb700 Options.level_compaction_dynamic_level_bytes: 0
2019/10/17-14:55:02.813670 7fc3a9fcb700          Options.max_bytes_for_level_multiplier: 10.000000
2019/10/17-14:55:02.813671 7fc3a9fcb700 Options.max_bytes_for_level_multiplier_addtl[0]: 1
2019/10/17-14:55:02.813672 7fc3a9fcb700 Options.max_bytes_for_level_multiplier_addtl[1]: 1
2019/10/17-14:55:02.813673 7fc3a9fcb700 Options.max_bytes_for_level_multiplier_addtl[2]: 1
2019/10/17-14:55:02.813674 7fc3a9fcb700 Options.max_bytes_for_level_multiplier_addtl[3]: 1
2019/10/17-14:55:02.813674 7fc3a9fcb700 Options.max_bytes_for_level_multiplier_addtl[4]: 1
2019/10/17-14:55:02.813678 7fc3a9fcb700 Options.max_bytes_for_level_multiplier_addtl[5]: 1
2019/10/17-14:55:02.813679 7fc3a9fcb700 Options.max_bytes_for_level_multiplier_addtl[6]: 1
2019/10/17-14:55:02.813680 7fc3a9fcb700       Options.max_sequential_skip_in_iterations: 8
2019/10/17-14:55:02.813680 7fc3a9fcb700                    Options.max_compaction_bytes: 1677721600
2019/10/17-14:55:02.813681 7fc3a9fcb700                        Options.arena_block_size: 8388608
2019/10/17-14:55:02.813682 7fc3a9fcb700   Options.soft_pending_compaction_bytes_limit: 68719476736
2019/10/17-14:55:02.813682 7fc3a9fcb700   Options.hard_pending_compaction_bytes_limit: 274877906944
2019/10/17-14:55:02.813683 7fc3a9fcb700       Options.rate_limit_delay_max_milliseconds: 100
2019/10/17-14:55:02.813684 7fc3a9fcb700                Options.disable_auto_compactions: 0
2019/10/17-14:55:02.813685 7fc3a9fcb700                        Options.compaction_style: kCompactionStyleLevel
2019/10/17-14:55:02.813686 7fc3a9fcb700                          Options.compaction_pri: kByCompensatedSize
2019/10/17-14:55:02.813687 7fc3a9fcb700 Options.compaction_options_universal.size_ratio: 1
2019/10/17-14:55:02.813688 7fc3a9fcb700 Options.compaction_options_universal.min_merge_width: 2
2019/10/17-14:55:02.813688 7fc3a9fcb700 Options.compaction_options_universal.max_merge_width: 4294967295
2019/10/17-14:55:02.813689 7fc3a9fcb700 Options.compaction_options_universal.max_size_amplification_percent: 200
2019/10/17-14:55:02.813690 7fc3a9fcb700 Options.compaction_options_universal.compression_size_percent: -1
2019/10/17-14:55:02.813691 7fc3a9fcb700 Options.compaction_options_universal.stop_style: kCompactionStopStyleTotalSize
2019/10/17-14:55:02.813691 7fc3a9fcb700 Options.compaction_options_fifo.max_table_files_size: 1073741824
2019/10/17-14:55:02.813692 7fc3a9fcb700 Options.compaction_options_fifo.allow_compaction: 0
2019/10/17-14:55:02.813693 7fc3a9fcb700 Options.compaction_options_fifo.ttl: 0
2019/10/17-14:55:02.813693 7fc3a9fcb700                   Options.table_properties_collectors: 
2019/10/17-14:55:02.813694 7fc3a9fcb700                   Options.inplace_update_support: 0
2019/10/17-14:55:02.813695 7fc3a9fcb700                 Options.inplace_update_num_locks: 10000
2019/10/17-14:55:02.813695 7fc3a9fcb700               Options.memtable_prefix_bloom_size_ratio: 0.000000
2019/10/17-14:55:02.813696 7fc3a9fcb700   Options.memtable_huge_page_size: 0
2019/10/17-14:55:02.813697 7fc3a9fcb700                           Options.bloom_locality: 0
2019/10/17-14:55:02.813698 7fc3a9fcb700                    Options.max_successive_merges: 0
2019/10/17-14:55:02.813698 7fc3a9fcb700                Options.optimize_filters_for_hits: 0
2019/10/17-14:55:02.813699 7fc3a9fcb700                Options.paranoid_file_checks: 0
2019/10/17-14:55:02.813700 7fc3a9fcb700                Options.force_consistency_checks: 0
2019/10/17-14:55:02.813700 7fc3a9fcb700                Options.report_bg_io_stats: 0
2019/10/17-14:55:02.813701 7fc3a9fcb700                               Options.ttl: 0
2019/10/17-14:55:02.813726 7fc3a9fcb700 [db/column_family.cc:472] --------------- Options for column family [active_gateways]:
2019/10/17-14:55:02.813727 7fc3a9fcb700               Options.comparator: leveldb.BytewiseComparator
2019/10/17-14:55:02.813728 7fc3a9fcb700           Options.merge_operator: None
2019/10/17-14:55:02.813728 7fc3a9fcb700        Options.compaction_filter: None
2019/10/17-14:55:02.813729 7fc3a9fcb700        Options.compaction_filter_factory: None
2019/10/17-14:55:02.813730 7fc3a9fcb700         Options.memtable_factory: SkipListFactory
2019/10/17-14:55:02.813730 7fc3a9fcb700            Options.table_factory: BlockBasedTable
2019/10/17-14:55:02.813739 7fc3a9fcb700            table_factory options:   flush_block_policy_factory: FlushBlockBySizePolicyFactory (0x7fc35003dab0)
  cache_index_and_filter_blocks: 0
  cache_index_and_filter_blocks_with_high_priority: 0
  pin_l0_filter_and_index_blocks_in_cache: 0
  pin_top_level_index_and_filter: 1
  index_type: 0
  hash_index_allow_collision: 1
  checksum: 1
  no_block_cache: 0
  block_cache: 0x7fc35004d940
  block_cache_name: LRUCache
  block_cache_options:
    capacity : 8388608
    num_shard_bits : 4
    strict_capacity_limit : 0
    memory_allocator : None
    high_pri_pool_ratio: 0.000
  block_cache_compressed: (nil)
  persistent_cache: (nil)
  block_size: 4096
  block_size_deviation: 10
  block_restart_interval: 16
  index_block_restart_interval: 1
  metadata_block_size: 4096
  partition_filters: 0
  use_delta_encoding: 1
  filter_policy: nullptr
  whole_key_filtering: 1
  verify_compression: 0
  read_amp_bytes_per_bit: 0
  format_version: 2
  enable_index_compression: 1
  block_align: 0
2019/10/17-14:55:02.813745 7fc3a9fcb700        Options.write_buffer_size: 67108864
2019/10/17-14:55:02.813746 7fc3a9fcb700  Options.max_write_buffer_number: 2
2019/10/17-14:55:02.813746 7fc3a9fcb700          Options.compression: NoCompression
2019/10/17-14:55:02.813747 7fc3a9fcb700                  Options.bottommost_compression: Disabled
2019/10/17-14:55:02.813748 7fc3a9fcb700       Options.prefix_extractor: nullptr
2019/10/17-14:55:02.813748 7fc3a9fcb700   Options.memtable_insert_with_hint_prefix_extractor: nullptr
2019/10/17-14:55:02.813749 7fc3a9fcb700             Options.num_levels: 7
2019/10/17-14:55:02.813750 7fc3a9fcb700        Options.min_write_buffer_number_to_merge: 1
2019/10/17-14:55:02.813750 7fc3a9fcb700     Options.max_write_buffer_number_to_maintain: 0
2019/10/17-14:55:02.813751 7fc3a9fcb700            Options.bottommost_compression_opts.window_bits: -14
2019/10/17-14:55:02.813752 7fc3a9fcb700                  Options.bottommost_compression_opts.level: 32767
2019/10/17-14:55:02.813752 7fc3a9fcb700               Options.bottommost_compression_opts.strategy: 0
2019/10/17-14:55:02.813753 7fc3a9fcb700         Options.bottommost_compression_opts.max_dict_bytes: 0
2019/10/17-14:55:02.813753 7fc3a9fcb700         Options.bottommost_compression_opts.zstd_max_train_bytes: 0
2019/10/17-14:55:02.813754 7fc3a9fcb700                  Options.bottommost_compression_opts.enabled: false
2019/10/17-14:55:02.813755 7fc3a9fcb700            Options.compression_opts.window_bits: -14
2019/10/17-14:55:02.813755 7fc3a9fcb700                  Options.compression_opts.level: 32767
2019/10/17-14:55:02.813756 7fc3a9fcb700               Options.compression_opts.strategy: 0
2019/10/17-14:55:02.813757 7fc3a9fcb700         Options.compression_opts.max_dict_bytes: 0
2019/10/17-14:55:02.813757 7fc3a9fcb700         Options.compression_opts.zstd_max_train_bytes: 0
2019/10/17-14:55:02.813758 7fc3a9fcb700                  Options.compression_opts.enabled: false
2019/10/17-14:55:02.813759 7fc3a9fcb700      Options.level0_file_num_compaction_trigger: 4
2019/10/17-14:55:02.813759 7fc3a9fcb700          Options.level0_slowdown_writes_trigger: 20
2019/10/17-14:55:02.813760 7fc3a9fcb700              Options.level0_stop_writes_trigger: 36
2019/10/17-14:55:02.813761 7fc3a9fcb700                   Options.target_file_size_base: 67108864
2019/10/17-14:55:02.813761 7fc3a9fcb700             Options.target_file_size_multiplier: 1
2019/10/17-14:55:02.813762 7fc3a9fcb700                Options.max_bytes_for_level_base: 268435456
2019/10/17-14:55:02.813763 7fc3a9fcb700 Options.level_compaction_dynamic_level_bytes: 0
2019/10/17-14:55:02.813763 7fc3a9fcb700          Options.max_bytes_for_level_multiplier: 10.000000
2019/10/17-14:55:02.813764 7fc3a9fcb700 Options.max_bytes_for_level_multiplier_addtl[0]: 1
2019/10/17-14:55:02.813765 7fc3a9fcb700 Options.max_bytes_for_level_multiplier_addtl[1]: 1
2019/10/17-14:55:02.813766 7fc3a9fcb700 Options.max_bytes_for_level_multiplier_addtl[2]: 1
2019/10/17-14:55:02.813766 7fc3a9fcb700 Options.max_bytes_for_level_multiplier_addtl[3]: 1
2019/10/17-14:55:02.813767 7fc3a9fcb700 Options.max_bytes_for_level_multiplier_addtl[4]: 1
2019/10/17-14:55:02.813768 7fc3a9fcb700 Options.max_bytes_for_level_multiplier_addtl[5]: 1
2019/10/17-14:55:02.813768 7fc3a9fcb700 Options.max_bytes_for_level_multiplier_addtl[6]: 1
2019/10/17-14:55:02.813769 7fc3a9fcb700       Options.max_sequential_skip_in_iterations: 8
2019/10/17-14:55:02.813773 7fc3a9fcb700                    Options.max_compaction_bytes: 1677721600
2019/10/17-14:55:02.813774 7fc3a9fcb700                        Options.arena_block_size: 8388608
2019/10/17-14:55:02.813774 7fc3a9fcb700   Options.soft_pending_compaction_bytes_limit: 68719476736
2019/10/17-14:55:02.813775 7fc3a9fcb700   Options.hard_pending_compaction_bytes_limit: 274877906944
2019/10/17-14:55:02.813776 7fc3a9fcb700       Options.rate_limit_delay_max_milliseconds: 100
2019/10/17-14:55:02.813776 7fc3a9fcb700                Options.disable_auto_compactions: 0
2019/10/17-14:55:02.813777 7fc3a9fcb700                        Options.compaction_style: kCompactionStyleLevel
2019/10/17-14:55:02.813778 7fc3a9fcb700                          Options.compaction_pri: kByCompensatedSize
2019/10/17-14:55:02.813779 7fc3a9fcb700 Options.compaction_options_universal.size_ratio: 1
2019/10/17-14:55:02.813779 7fc3a9fcb700 Options.compaction_options_universal.min_merge_width: 2
2019/10/17-14:55:02.813780 7fc3a9fcb700 Options.compaction_options_universal.max_merge_width: 4294967295
2019/10/17-14:55:02.813781 7fc3a9fcb700 Options.compaction_options_universal.max_size_amplification_percent: 200
2019/10/17-14:55:02.813781 7fc3a9fcb700 Options.compaction_options_universal.compression_size_percent: -1
2019/10/17-14:55:02.813782 7fc3a9fcb700 Options.compaction_options_universal.stop_style: kCompactionStopStyleTotalSize
2019/10/17-14:55:02.813783 7fc3a9fcb700 Options.compaction_options_fifo.max_table_files_size: 1073741824
2019/10/17-14:55:02.813783 7fc3a9fcb700 Options.compaction_options_fifo.allow_compaction: 0
2019/10/17-14:55:02.813784 7fc3a9fcb700 Options.compaction_options_fifo.ttl: 0
2019/10/17-14:55:02.813785 7fc3a9fcb700                   Options.table_properties_collectors: 
2019/10/17-14:55:02.813785 7fc3a9fcb700                   Options.inplace_update_support: 0
2019/10/17-14:55:02.813786 7fc3a9fcb700                 Options.inplace_update_num_locks: 10000
2019/10/17-14:55:02.813787 7fc3a9fcb700               Options.memtable_prefix_bloom_size_ratio: 0.000000
2019/10/17-14:55:02.813787 7fc3a9fcb700   Options.memtable_huge_page_size: 0
2019/10/17-14:55:02.813788 7fc3a9fcb700                           Options.bloom_locality: 0
2019/10/17-14:55:02.813789 7fc3a9fcb700                    Options.max_successive_merges: 0
2019/10/17-14:55:02.813789 7fc3a9fcb700                Options.optimize_filters_for_hits: 0
2019/10/17-14:55:02.813790 7fc3a9fcb700                Options.paranoid_file_checks: 0
2019/10/17-14:55:02.813791 7fc3a9fcb700                Options.force_consistency_checks: 0
2019/10/17-14:55:02.813791 7fc3a9fcb700                Options.report_bg_io_stats: 0
2019/10/17-14:55:02.813792 7fc3a9fcb700                               Options.ttl: 0
2019/10/17-14:55:02.813805 7fc3a9fcb700 [db/column_family.cc:472] --------------- Options for column family [entries]:
2019/10/17-14:55:02.813806 7fc3a9fcb700               Options.comparator: leveldb.BytewiseComparator
2019/10/17-14:55:02.813807 7fc3a9fcb700           Options.merge_operator: None
2019/10/17-14:55:02.813808 7fc3a9fcb700        Options.compaction_filter: None
2019/10/17-14:55:02.813809 7fc3a9fcb700        Options.compaction_filter_factory: None
2019/10/17-14:55:02.813809 7fc3a9fcb700         Options.memtable_factory: SkipListFactory
2019/10/17-14:55:02.813810 7fc3a9fcb700            Options.table_factory: BlockBasedTable
2019/10/17-14:55:02.813818 7fc3a9fcb700            table_factory options:   flush_block_policy_factory: FlushBlockBySizePolicyFactory (0x7fc3500346b0)
  cache_index_and_filter_blocks: 0
  cache_index_and_filter_blocks_with_high_priority: 0
  pin_l0_filter_and_index_blocks_in_cache: 0
  pin_top_level_index_and_filter: 1
  index_type: 0
  hash_index_allow_collision: 1
  checksum: 1
  no_block_cache: 0
  block_cache: 0x7fc3500610b0
  block_cache_name: LRUCache
  block_cache_options:
    capacity : 8388608
    num_shard_bits : 4
    strict_capacity_limit : 0
    memory_allocator : None
    high_pri_pool_ratio: 0.000
  block_cache_compressed: (nil)
  persistent_cache: (nil)
  block_size: 4096
  block_size_deviation: 10
  block_restart_interval: 16
  index_block_restart_interval: 1
  metadata_block_size: 4096
  partition_filters: 0
  use_delta_encoding: 1
  filter_policy: nullptr
  whole_key_filtering: 1
  verify_compression: 0
  read_amp_bytes_per_bit: 0
  format_version: 2
  enable_index_compression: 1
  block_align: 0
2019/10/17-14:55:02.813823 7fc3a9fcb700        Options.write_buffer_size: 67108864
2019/10/17-14:55:02.813824 7fc3a9fcb700  Options.max_write_buffer_number: 2
2019/10/17-14:55:02.813825 7fc3a9fcb700          Options.compression: NoCompression
2019/10/17-14:55:02.813825 7fc3a9fcb700                  Options.bottommost_compression: Disabled
2019/10/17-14:55:02.813826 7fc3a9fcb700       Options.prefix_extractor: nullptr
2019/10/17-14:55:02.813827 7fc3a9fcb700   Options.memtable_insert_with_hint_prefix_extractor: nullptr
2019/10/17-14:55:02.813827 7fc3a9fcb700             Options.num_levels: 7
2019/10/17-14:55:02.813828 7fc3a9fcb700        Options.min_write_buffer_number_to_merge: 1
2019/10/17-14:55:02.813829 7fc3a9fcb700     Options.max_write_buffer_number_to_maintain: 0
2019/10/17-14:55:02.813829 7fc3a9fcb700            Options.bottommost_compression_opts.window_bits: -14
2019/10/17-14:55:02.813830 7fc3a9fcb700                  Options.bottommost_compression_opts.level: 32767
2019/10/17-14:55:02.813830 7fc3a9fcb700               Options.bottommost_compression_opts.strategy: 0
2019/10/17-14:55:02.813831 7fc3a9fcb700         Options.bottommost_compression_opts.max_dict_bytes: 0
2019/10/17-14:55:02.813832 7fc3a9fcb700         Options.bottommost_compression_opts.zstd_max_train_bytes: 0
2019/10/17-14:55:02.813832 7fc3a9fcb700                  Options.bottommost_compression_opts.enabled: false
2019/10/17-14:55:02.813833 7fc3a9fcb700            Options.compression_opts.window_bits: -14
2019/10/17-14:55:02.813834 7fc3a9fcb700                  Options.compression_opts.level: 32767
2019/10/17-14:55:02.813834 7fc3a9fcb700               Options.compression_opts.strategy: 0
2019/10/17-14:55:02.813835 7fc3a9fcb700         Options.compression_opts.max_dict_bytes: 0
2019/10/17-14:55:02.813836 7fc3a9fcb700         Options.compression_opts.zstd_max_train_bytes: 0
2019/10/17-14:55:02.813836 7fc3a9fcb700                  Options.compression_opts.enabled: false
2019/10/17-14:55:02.813837 7fc3a9fcb700      Options.level0_file_num_compaction_trigger: 4
2019/10/17-14:55:02.813837 7fc3a9fcb700          Options.level0_slowdown_writes_trigger: 20
2019/10/17-14:55:02.813838 7fc3a9fcb700              Options.level0_stop_writes_trigger: 36
2019/10/17-14:55:02.813839 7fc3a9fcb700                   Options.target_file_size_base: 67108864
2019/10/17-14:55:02.813839 7fc3a9fcb700             Options.target_file_size_multiplier: 1
2019/10/17-14:55:02.813840 7fc3a9fcb700                Options.max_bytes_for_level_base: 268435456
2019/10/17-14:55:02.813841 7fc3a9fcb700 Options.level_compaction_dynamic_level_bytes: 0
2019/10/17-14:55:02.813841 7fc3a9fcb700          Options.max_bytes_for_level_multiplier: 10.000000
2019/10/17-14:55:02.813842 7fc3a9fcb700 Options.max_bytes_for_level_multiplier_addtl[0]: 1
2019/10/17-14:55:02.813843 7fc3a9fcb700 Options.max_bytes_for_level_multiplier_addtl[1]: 1
2019/10/17-14:55:02.813844 7fc3a9fcb700 Options.max_bytes_for_level_multiplier_addtl[2]: 1
2019/10/17-14:55:02.813844 7fc3a9fcb700 Options.max_bytes_for_level_multiplier_addtl[3]: 1
2019/10/17-14:55:02.813845 7fc3a9fcb700 Options.max_bytes_for_level_multiplier_addtl[4]: 1
2019/10/17-14:55:02.813846 7fc3a9fcb700 Options.max_bytes_for_level_multiplier_addtl[5]: 1
2019/10/17-14:55:02.813846 7fc3a9fcb700 Options.max_bytes_for_level_multiplier_addtl[6]: 1
2019/10/17-14:55:02.813847 7fc3a9fcb700       Options.max_sequential_skip_in_iterations: 8
2019/10/17-14:55:02.813848 7fc3a9fcb700                    Options.max_compaction_bytes: 1677721600
2019/10/17-14:55:02.813848 7fc3a9fcb700                        Options.arena_block_size: 8388608
2019/10/17-14:55:02.813849 7fc3a9fcb700   Options.soft_pending_compaction_bytes_limit: 68719476736
2019/10/17-14:55:02.813853 7fc3a9fcb700   Options.hard_pending_compaction_bytes_limit: 274877906944
2019/10/17-14:55:02.813853 7fc3a9fcb700       Options.rate_limit_delay_max_milliseconds: 100
2019/10/17-14:55:02.813854 7fc3a9fcb700                Options.disable_auto_compactions: 0
2019/10/17-14:55:02.813855 7fc3a9fcb700                        Options.compaction_style: kCompactionStyleLevel
2019/10/17-14:55:02.813856 7fc3a9fcb700                          Options.compaction_pri: kByCompensatedSize
2019/10/17-14:55:02.813856 7fc3a9fcb700 Options.compaction_options_universal.size_ratio: 1
2019/10/17-14:55:02.813857 7fc3a9fcb700 Options.compaction_options_universal.min_merge_width: 2
2019/10/17-14:55:02.813857 7fc3a9fcb700 Options.compaction_options_universal.max_merge_width: 4294967295
2019/10/17-14:55:02.813858 7fc3a9fcb700 Options.compaction_options_universal.max_size_amplification_percent: 200
2019/10/17-14:55:02.813877 7fc3a9fcb700 Options.compaction_options_universal.compression_size_percent: -1
2019/10/17-14:55:02.813878 7fc3a9fcb700 Options.compaction_options_universal.stop_style: kCompactionStopStyleTotalSize
2019/10/17-14:55:02.813879 7fc3a9fcb700 Options.compaction_options_fifo.max_table_files_size: 1073741824
2019/10/17-14:55:02.813880 7fc3a9fcb700 Options.compaction_options_fifo.allow_compaction: 0
2019/10/17-14:55:02.813881 7fc3a9fcb700 Options.compaction_options_fifo.ttl: 0
2019/10/17-14:55:02.813882 7fc3a9fcb700                   Options.table_properties_collectors: 
2019/10/17-14:55:02.813883 7fc3a9fcb700                   Options.inplace_update_support: 0
2019/10/17-14:55:02.813884 7fc3a9fcb700                 Options.inplace_update_num_locks: 10000
2019/10/17-14:55:02.813885 7fc3a9fcb700               Options.memtable_prefix_bloom_size_ratio: 0.000000
2019/10/17-14:55:02.813887 7fc3a9fcb700   Options.memtable_huge_page_size: 0
2019/10/17-14:55:02.813888 7fc3a9fcb700                           Options.bloom_locality: 0
2019/10/17-14:55:02.813889 7fc3a9fcb700                    Options.max_successive_merges: 0
2019/10/17-14:55:02.813890 7fc3a9fcb700                Options.optimize_filters_for_hits: 0
2019/10/17-14:55:02.813890 7fc3a9fcb700                Options.paranoid_file_checks: 0
2019/10/17-14:55:02.813891 7fc3a9fcb700                Options.force_consistency_checks: 0
2019/10/17-14:55:02.813892 7fc3a9fcb700                Options.report_bg_io_stats: 0
2019/10/17-14:55:02.813892 7fc3a9fcb700                               Options.ttl: 0
2019/10/17-14:55:02.813909 7fc3a9fcb700 [db/column_family.cc:472] --------------- Options for column family [dc_entries]:
2019/10/17-14:55:02.813910 7fc3a9fcb700               Options.comparator: leveldb.BytewiseComparator
2019/10/17-14:55:02.813910 7fc3a9fcb700           Options.merge_operator: None
2019/10/17-14:55:02.813911 7fc3a9fcb700        Options.compaction_filter: None
2019/10/17-14:55:02.813912 7fc3a9fcb700        Options.compaction_filter_factory: None
2019/10/17-14:55:02.813912 7fc3a9fcb700         Options.memtable_factory: SkipListFactory
2019/10/17-14:55:02.813913 7fc3a9fcb700            Options.table_factory: BlockBasedTable
2019/10/17-14:55:02.813921 7fc3a9fcb700            table_factory options:   flush_block_policy_factory: FlushBlockBySizePolicyFactory (0x7fc3500895e0)
  cache_index_and_filter_blocks: 0
  cache_index_and_filter_blocks_with_high_priority: 0
  pin_l0_filter_and_index_blocks_in_cache: 0
  pin_top_level_index_and_filter: 1
  index_type: 0
  hash_index_allow_collision: 1
  checksum: 1
  no_block_cache: 0
  block_cache: 0x7fc3500d64d0
  block_cache_name: LRUCache
  block_cache_options:
    capacity : 8388608
    num_shard_bits : 4
    strict_capacity_limit : 0
    memory_allocator : None
    high_pri_pool_ratio: 0.000
  block_cache_compressed: (nil)
  persistent_cache: (nil)
  block_size: 4096
  block_size_deviation: 10
  block_restart_interval: 16
  index_block_restart_interval: 1
  metadata_block_size: 4096
  partition_filters: 0
  use_delta_encoding: 1
  filter_policy: nullptr
  whole_key_filtering: 1
  verify_compression: 0
  read_amp_bytes_per_bit: 0
  format_version: 2
  enable_index_compression: 1
  block_align: 0
2019/10/17-14:55:02.813929 7fc3a9fcb700        Options.write_buffer_size: 67108864
2019/10/17-14:55:02.813930 7fc3a9fcb700  Options.max_write_buffer_number: 2
2019/10/17-14:55:02.813930 7fc3a9fcb700          Options.compression: NoCompression
2019/10/17-14:55:02.813931 7fc3a9fcb700                  Options.bottommost_compression: Disabled
2019/10/17-14:55:02.813932 7fc3a9fcb700       Options.prefix_extractor: nullptr
2019/10/17-14:55:02.813932 7fc3a9fcb700   Options.memtable_insert_with_hint_prefix_extractor: nullptr
2019/10/17-14:55:02.813933 7fc3a9fcb700             Options.num_levels: 7
2019/10/17-14:55:02.813934 7fc3a9fcb700        Options.min_write_buffer_number_to_merge: 1
2019/10/17-14:55:02.813934 7fc3a9fcb700     Options.max_write_buffer_number_to_maintain: 0
2019/10/17-14:55:02.813935 7fc3a9fcb700            Options.bottommost_compression_opts.window_bits: -14
2019/10/17-14:55:02.813936 7fc3a9fcb700                  Options.bottommost_compression_opts.level: 32767
2019/10/17-14:55:02.813936 7fc3a9fcb700               Options.bottommost_compression_opts.strategy: 0
2019/10/17-14:55:02.813937 7fc3a9fcb700         Options.bottommost_compression_opts.max_dict_bytes: 0
2019/10/17-14:55:02.813937 7fc3a9fcb700         Options.bottommost_compression_opts.zstd_max_train_bytes: 0
2019/10/17-14:55:02.813938 7fc3a9fcb700                  Options.bottommost_compression_opts.enabled: false
2019/10/17-14:55:02.813939 7fc3a9fcb700            Options.compression_opts.window_bits: -14
2019/10/17-14:55:02.813939 7fc3a9fcb700                  Options.compression_opts.level: 32767
2019/10/17-14:55:02.813940 7fc3a9fcb700               Options.compression_opts.strategy: 0
2019/10/17-14:55:02.813941 7fc3a9fcb700         Options.compression_opts.max_dict_bytes: 0
2019/10/17-14:55:02.813941 7fc3a9fcb700         Options.compression_opts.zstd_max_train_bytes: 0
2019/10/17-14:55:02.813942 7fc3a9fcb700                  Options.compression_opts.enabled: false
2019/10/17-14:55:02.813942 7fc3a9fcb700      Options.level0_file_num_compaction_trigger: 4
2019/10/17-14:55:02.813943 7fc3a9fcb700          Options.level0_slowdown_writes_trigger: 20
2019/10/17-14:55:02.813944 7fc3a9fcb700              Options.level0_stop_writes_trigger: 36
2019/10/17-14:55:02.813944 7fc3a9fcb700                   Options.target_file_size_base: 67108864
2019/10/17-14:55:02.813945 7fc3a9fcb700             Options.target_file_size_multiplier: 1
2019/10/17-14:55:02.813946 7fc3a9fcb700                Options.max_bytes_for_level_base: 268435456
2019/10/17-14:55:02.813946 7fc3a9fcb700 Options.level_compaction_dynamic_level_bytes: 0
2019/10/17-14:55:02.813947 7fc3a9fcb700          Options.max_bytes_for_level_multiplier: 10.000000
2019/10/17-14:55:02.813948 7fc3a9fcb700 Options.max_bytes_for_level_multiplier_addtl[0]: 1
2019/10/17-14:55:02.813949 7fc3a9fcb700 Options.max_bytes_for_level_multiplier_addtl[1]: 1
2019/10/17-14:55:02.813950 7fc3a9fcb700 Options.max_bytes_for_level_multiplier_addtl[2]: 1
2019/10/17-14:55:02.813950 7fc3a9fcb700 Options.max_bytes_for_level_multiplier_addtl[3]: 1
2019/10/17-14:55:02.813951 7fc3a9fcb700 Options.max_bytes_for_level_multiplier_addtl[4]: 1
2019/10/17-14:55:02.813952 7fc3a9fcb700 Options.max_bytes_for_level_multiplier_addtl[5]: 1
2019/10/17-14:55:02.813952 7fc3a9fcb700 Options.max_bytes_for_level_multiplier_addtl[6]: 1
2019/10/17-14:55:02.813953 7fc3a9fcb700       Options.max_sequential_skip_in_iterations: 8
2019/10/17-14:55:02.813953 7fc3a9fcb700                    Options.max_compaction_bytes: 1677721600
2019/10/17-14:55:02.813954 7fc3a9fcb700                        Options.arena_block_size: 8388608
2019/10/17-14:55:02.813955 7fc3a9fcb700   Options.soft_pending_compaction_bytes_limit: 68719476736
2019/10/17-14:55:02.813955 7fc3a9fcb700   Options.hard_pending_compaction_bytes_limit: 274877906944
2019/10/17-14:55:02.813956 7fc3a9fcb700       Options.rate_limit_delay_max_milliseconds: 100
2019/10/17-14:55:02.813957 7fc3a9fcb700                Options.disable_auto_compactions: 0
2019/10/17-14:55:02.813961 7fc3a9fcb700                        Options.compaction_style: kCompactionStyleLevel
2019/10/17-14:55:02.813961 7fc3a9fcb700                          Options.compaction_pri: kByCompensatedSize
2019/10/17-14:55:02.813962 7fc3a9fcb700 Options.compaction_options_universal.size_ratio: 1
2019/10/17-14:55:02.813963 7fc3a9fcb700 Options.compaction_options_universal.min_merge_width: 2
2019/10/17-14:55:02.813963 7fc3a9fcb700 Options.compaction_options_universal.max_merge_width: 4294967295
2019/10/17-14:55:02.813964 7fc3a9fcb700 Options.compaction_options_universal.max_size_amplification_percent: 200
2019/10/17-14:55:02.813965 7fc3a9fcb700 Options.compaction_options_universal.compression_size_percent: -1
2019/10/17-14:55:02.813965 7fc3a9fcb700 Options.compaction_options_universal.stop_style: kCompactionStopStyleTotalSize
2019/10/17-14:55:02.813966 7fc3a9fcb700 Options.compaction_options_fifo.max_table_files_size: 1073741824
2019/10/17-14:55:02.813967 7fc3a9fcb700 Options.compaction_options_fifo.allow_compaction: 0
2019/10/17-14:55:02.813967 7fc3a9fcb700 Options.compaction_options_fifo.ttl: 0
2019/10/17-14:55:02.813968 7fc3a9fcb700                   Options.table_properties_collectors: 
2019/10/17-14:55:02.813969 7fc3a9fcb700                   Options.inplace_update_support: 0
2019/10/17-14:55:02.813969 7fc3a9fcb700                 Options.inplace_update_num_locks: 10000
2019/10/17-14:55:02.813970 7fc3a9fcb700               Options.memtable_prefix_bloom_size_ratio: 0.000000
2019/10/17-14:55:02.813971 7fc3a9fcb700   Options.memtable_huge_page_size: 0
2019/10/17-14:55:02.813971 7fc3a9fcb700                           Options.bloom_locality: 0
2019/10/17-14:55:02.813972 7fc3a9fcb700                    Options.max_successive_merges: 0
2019/10/17-14:55:02.813973 7fc3a9fcb700                Options.optimize_filters_for_hits: 0
2019/10/17-14:55:02.813973 7fc3a9fcb700                Options.paranoid_file_checks: 0
2019/10/17-14:55:02.813974 7fc3a9fcb700                Options.force_consistency_checks: 0
2019/10/17-14:55:02.813975 7fc3a9fcb700                Options.report_bg_io_stats: 0
2019/10/17-14:55:02.813975 7fc3a9fcb700                               Options.ttl: 0
2019/10/17-14:55:02.813986 7fc3a9fcb700 [db/column_family.cc:472] --------------- Options for column family [htlcs]:
2019/10/17-14:55:02.813987 7fc3a9fcb700               Options.comparator: leveldb.BytewiseComparator
2019/10/17-14:55:02.813988 7fc3a9fcb700           Options.merge_operator: None
2019/10/17-14:55:02.813988 7fc3a9fcb700        Options.compaction_filter: None
2019/10/17-14:55:02.813989 7fc3a9fcb700        Options.compaction_filter_factory: None
2019/10/17-14:55:02.813990 7fc3a9fcb700         Options.memtable_factory: SkipListFactory
2019/10/17-14:55:02.813991 7fc3a9fcb700            Options.table_factory: BlockBasedTable
2019/10/17-14:55:02.813998 7fc3a9fcb700            table_factory options:   flush_block_policy_factory: FlushBlockBySizePolicyFactory (0x7fc3500898c0)
