2019/10/17-14:54:14.484041 7fc3a9fcb700 RocksDB version: 5.18.3
2019/10/17-14:54:14.484108 7fc3a9fcb700 Git sha rocksdb_build_git_sha:@0@
2019/10/17-14:54:14.484110 7fc3a9fcb700 Compile date Sep 19 2019
2019/10/17-14:54:14.484111 7fc3a9fcb700 DB SUMMARY
2019/10/17-14:54:14.484789 7fc3a9fcb700 CURRENT file:  CURRENT
2019/10/17-14:54:14.484791 7fc3a9fcb700 IDENTITY file:  IDENTITY
2019/10/17-14:54:14.484813 7fc3a9fcb700 MANIFEST file:  MANIFEST-114895 size: 4114 Bytes
2019/10/17-14:54:14.484815 7fc3a9fcb700 SST files in /home/rahul/dev/blockchain-core/eqc/ledger.db dir, Total Num: 29, files: 000624.sst 000627.sst 106940.sst 108447.sst 108450.sst 109471.sst 109483.sst 109485.sst 109486.sst 
2019/10/17-14:54:14.484816 7fc3a9fcb700 Write Ahead Log file in /home/rahul/dev/blockchain-core/eqc/ledger.db: 114896.log size: 0 ; 
2019/10/17-14:54:14.484842 7fc3a9fcb700                         Options.error_if_exists: 0
2019/10/17-14:54:14.484843 7fc3a9fcb700                       Options.create_if_missing: 1
2019/10/17-14:54:14.484844 7fc3a9fcb700                         Options.paranoid_checks: 1
2019/10/17-14:54:14.484845 7fc3a9fcb700                                     Options.env: 0x7fc32ae1fc60
2019/10/17-14:54:14.484845 7fc3a9fcb700                                Options.info_log: 0x7fc350105490
2019/10/17-14:54:14.484846 7fc3a9fcb700                Options.max_file_opening_threads: 16
2019/10/17-14:54:14.484846 7fc3a9fcb700                              Options.statistics: (nil)
2019/10/17-14:54:14.484847 7fc3a9fcb700                               Options.use_fsync: 0
2019/10/17-14:54:14.484848 7fc3a9fcb700                       Options.max_log_file_size: 0
2019/10/17-14:54:14.484849 7fc3a9fcb700                  Options.max_manifest_file_size: 1073741824
2019/10/17-14:54:14.484849 7fc3a9fcb700                   Options.log_file_time_to_roll: 0
2019/10/17-14:54:14.484850 7fc3a9fcb700                       Options.keep_log_file_num: 1000
2019/10/17-14:54:14.484851 7fc3a9fcb700                    Options.recycle_log_file_num: 0
2019/10/17-14:54:14.484851 7fc3a9fcb700                         Options.allow_fallocate: 1
2019/10/17-14:54:14.484852 7fc3a9fcb700                        Options.allow_mmap_reads: 0
2019/10/17-14:54:14.484852 7fc3a9fcb700                       Options.allow_mmap_writes: 0
2019/10/17-14:54:14.484853 7fc3a9fcb700                        Options.use_direct_reads: 0
2019/10/17-14:54:14.484853 7fc3a9fcb700                        Options.use_direct_io_for_flush_and_compaction: 0
2019/10/17-14:54:14.484854 7fc3a9fcb700          Options.create_missing_column_families: 0
2019/10/17-14:54:14.484855 7fc3a9fcb700                              Options.db_log_dir: 
2019/10/17-14:54:14.484855 7fc3a9fcb700                                 Options.wal_dir: /home/rahul/dev/blockchain-core/eqc/ledger.db
2019/10/17-14:54:14.484856 7fc3a9fcb700                Options.table_cache_numshardbits: 6
2019/10/17-14:54:14.484856 7fc3a9fcb700                      Options.max_subcompactions: 1
2019/10/17-14:54:14.484857 7fc3a9fcb700                  Options.max_background_flushes: -1
2019/10/17-14:54:14.484858 7fc3a9fcb700                         Options.WAL_ttl_seconds: 0
2019/10/17-14:54:14.484858 7fc3a9fcb700                       Options.WAL_size_limit_MB: 0
2019/10/17-14:54:14.484859 7fc3a9fcb700             Options.manifest_preallocation_size: 4194304
2019/10/17-14:54:14.484859 7fc3a9fcb700                     Options.is_fd_close_on_exec: 1
2019/10/17-14:54:14.484860 7fc3a9fcb700                   Options.advise_random_on_open: 1
2019/10/17-14:54:14.484861 7fc3a9fcb700                    Options.db_write_buffer_size: 0
2019/10/17-14:54:14.484861 7fc3a9fcb700                    Options.write_buffer_manager: 0x7fc35007e680
2019/10/17-14:54:14.484862 7fc3a9fcb700         Options.access_hint_on_compaction_start: 1
2019/10/17-14:54:14.484862 7fc3a9fcb700  Options.new_table_reader_for_compaction_inputs: 0
2019/10/17-14:54:14.484863 7fc3a9fcb700           Options.random_access_max_buffer_size: 1048576
2019/10/17-14:54:14.484864 7fc3a9fcb700                      Options.use_adaptive_mutex: 0
2019/10/17-14:54:14.484864 7fc3a9fcb700                            Options.rate_limiter: (nil)
2019/10/17-14:54:14.484873 7fc3a9fcb700     Options.sst_file_manager.rate_bytes_per_sec: 0
2019/10/17-14:54:14.484874 7fc3a9fcb700                       Options.wal_recovery_mode: 2
2019/10/17-14:54:14.484874 7fc3a9fcb700                  Options.enable_thread_tracking: 0
2019/10/17-14:54:14.484875 7fc3a9fcb700                  Options.enable_pipelined_write: 0
2019/10/17-14:54:14.484875 7fc3a9fcb700         Options.allow_concurrent_memtable_write: 1
2019/10/17-14:54:14.484876 7fc3a9fcb700      Options.enable_write_thread_adaptive_yield: 1
2019/10/17-14:54:14.484876 7fc3a9fcb700             Options.write_thread_max_yield_usec: 100
2019/10/17-14:54:14.484877 7fc3a9fcb700            Options.write_thread_slow_yield_usec: 3
2019/10/17-14:54:14.484878 7fc3a9fcb700                               Options.row_cache: None
2019/10/17-14:54:14.484878 7fc3a9fcb700                              Options.wal_filter: None
2019/10/17-14:54:14.484879 7fc3a9fcb700             Options.avoid_flush_during_recovery: 0
2019/10/17-14:54:14.484879 7fc3a9fcb700             Options.allow_ingest_behind: 0
2019/10/17-14:54:14.484880 7fc3a9fcb700             Options.preserve_deletes: 0
2019/10/17-14:54:14.484881 7fc3a9fcb700             Options.two_write_queues: 0
2019/10/17-14:54:14.484881 7fc3a9fcb700             Options.manual_wal_flush: 0
2019/10/17-14:54:14.484882 7fc3a9fcb700             Options.max_background_jobs: 2
2019/10/17-14:54:14.484882 7fc3a9fcb700             Options.max_background_compactions: -1
2019/10/17-14:54:14.484883 7fc3a9fcb700             Options.avoid_flush_during_shutdown: 0
2019/10/17-14:54:14.484884 7fc3a9fcb700           Options.writable_file_max_buffer_size: 1048576
2019/10/17-14:54:14.484884 7fc3a9fcb700             Options.delayed_write_rate : 16777216
2019/10/17-14:54:14.484885 7fc3a9fcb700             Options.max_total_wal_size: 0
2019/10/17-14:54:14.484885 7fc3a9fcb700             Options.delete_obsolete_files_period_micros: 21600000000
2019/10/17-14:54:14.484886 7fc3a9fcb700                   Options.stats_dump_period_sec: 600
2019/10/17-14:54:14.484887 7fc3a9fcb700                          Options.max_open_files: -1
2019/10/17-14:54:14.484887 7fc3a9fcb700                          Options.bytes_per_sync: 0
2019/10/17-14:54:14.484888 7fc3a9fcb700                      Options.wal_bytes_per_sync: 0
2019/10/17-14:54:14.484888 7fc3a9fcb700       Options.compaction_readahead_size: 0
2019/10/17-14:54:14.484889 7fc3a9fcb700 Compression algorithms supported:
2019/10/17-14:54:14.484890 7fc3a9fcb700 	kZSTDNotFinalCompression supported: 0
2019/10/17-14:54:14.484891 7fc3a9fcb700 	kZSTD supported: 0
2019/10/17-14:54:14.484891 7fc3a9fcb700 	kXpressCompression supported: 0
2019/10/17-14:54:14.484892 7fc3a9fcb700 	kLZ4HCCompression supported: 0
2019/10/17-14:54:14.484893 7fc3a9fcb700 	kLZ4Compression supported: 0
2019/10/17-14:54:14.484893 7fc3a9fcb700 	kBZip2Compression supported: 0
2019/10/17-14:54:14.484894 7fc3a9fcb700 	kZlibCompression supported: 0
2019/10/17-14:54:14.484895 7fc3a9fcb700 	kSnappyCompression supported: 0
2019/10/17-14:54:14.484896 7fc3a9fcb700 Fast CRC32 supported: Supported on x86
2019/10/17-14:54:14.484970 7fc3a9fcb700 [db/version_set.cc:3507] Recovering from manifest file: MANIFEST-114895
2019/10/17-14:54:14.484996 7fc3a9fcb700 [db/column_family.cc:472] --------------- Options for column family [default]:
2019/10/17-14:54:14.484998 7fc3a9fcb700               Options.comparator: leveldb.BytewiseComparator
2019/10/17-14:54:14.484998 7fc3a9fcb700           Options.merge_operator: None
2019/10/17-14:54:14.484999 7fc3a9fcb700        Options.compaction_filter: None
2019/10/17-14:54:14.485000 7fc3a9fcb700        Options.compaction_filter_factory: None
2019/10/17-14:54:14.485000 7fc3a9fcb700         Options.memtable_factory: SkipListFactory
2019/10/17-14:54:14.485001 7fc3a9fcb700            Options.table_factory: BlockBasedTable
2019/10/17-14:54:14.485013 7fc3a9fcb700            table_factory options:   flush_block_policy_factory: FlushBlockBySizePolicyFactory (0x7fc3500dbb60)
  cache_index_and_filter_blocks: 0
  cache_index_and_filter_blocks_with_high_priority: 0
  pin_l0_filter_and_index_blocks_in_cache: 0
  pin_top_level_index_and_filter: 1
  index_type: 0
  hash_index_allow_collision: 1
  checksum: 1
  no_block_cache: 0
  block_cache: 0x7fc350007780
  block_cache_name: LRUCache
  block_cache_options:
    capacity : 8388608
    num_shard_bits : 4
    strict_capacity_limit : 0
    memory_allocator : None
    high_pri_pool_ratio: 0.000
  block_cache_compressed: (nil)
  persistent_cache: (nil)
  block_size: 4096
  block_size_deviation: 10
  block_restart_interval: 16
  index_block_restart_interval: 1
  metadata_block_size: 4096
  partition_filters: 0
  use_delta_encoding: 1
  filter_policy: nullptr
  whole_key_filtering: 1
  verify_compression: 0
  read_amp_bytes_per_bit: 0
  format_version: 2
  enable_index_compression: 1
  block_align: 0
2019/10/17-14:54:14.485019 7fc3a9fcb700        Options.write_buffer_size: 67108864
2019/10/17-14:54:14.485020 7fc3a9fcb700  Options.max_write_buffer_number: 2
2019/10/17-14:54:14.485021 7fc3a9fcb700          Options.compression: NoCompression
2019/10/17-14:54:14.485022 7fc3a9fcb700                  Options.bottommost_compression: Disabled
2019/10/17-14:54:14.485022 7fc3a9fcb700       Options.prefix_extractor: nullptr
2019/10/17-14:54:14.485023 7fc3a9fcb700   Options.memtable_insert_with_hint_prefix_extractor: nullptr
2019/10/17-14:54:14.485023 7fc3a9fcb700             Options.num_levels: 7
2019/10/17-14:54:14.485024 7fc3a9fcb700        Options.min_write_buffer_number_to_merge: 1
2019/10/17-14:54:14.485025 7fc3a9fcb700     Options.max_write_buffer_number_to_maintain: 0
2019/10/17-14:54:14.485025 7fc3a9fcb700            Options.bottommost_compression_opts.window_bits: -14
2019/10/17-14:54:14.485026 7fc3a9fcb700                  Options.bottommost_compression_opts.level: 32767
2019/10/17-14:54:14.485026 7fc3a9fcb700               Options.bottommost_compression_opts.strategy: 0
2019/10/17-14:54:14.485027 7fc3a9fcb700         Options.bottommost_compression_opts.max_dict_bytes: 0
2019/10/17-14:54:14.485028 7fc3a9fcb700         Options.bottommost_compression_opts.zstd_max_train_bytes: 0
2019/10/17-14:54:14.485028 7fc3a9fcb700                  Options.bottommost_compression_opts.enabled: false
2019/10/17-14:54:14.485029 7fc3a9fcb700            Options.compression_opts.window_bits: -14
2019/10/17-14:54:14.485029 7fc3a9fcb700                  Options.compression_opts.level: 32767
2019/10/17-14:54:14.485030 7fc3a9fcb700               Options.compression_opts.strategy: 0
2019/10/17-14:54:14.485031 7fc3a9fcb700         Options.compression_opts.max_dict_bytes: 0
2019/10/17-14:54:14.485031 7fc3a9fcb700         Options.compression_opts.zstd_max_train_bytes: 0
2019/10/17-14:54:14.485032 7fc3a9fcb700                  Options.compression_opts.enabled: false
2019/10/17-14:54:14.485032 7fc3a9fcb700      Options.level0_file_num_compaction_trigger: 4
2019/10/17-14:54:14.485033 7fc3a9fcb700          Options.level0_slowdown_writes_trigger: 20
2019/10/17-14:54:14.485034 7fc3a9fcb700              Options.level0_stop_writes_trigger: 36
2019/10/17-14:54:14.485034 7fc3a9fcb700                   Options.target_file_size_base: 67108864
2019/10/17-14:54:14.485035 7fc3a9fcb700             Options.target_file_size_multiplier: 1
2019/10/17-14:54:14.485035 7fc3a9fcb700                Options.max_bytes_for_level_base: 268435456
2019/10/17-14:54:14.485036 7fc3a9fcb700 Options.level_compaction_dynamic_level_bytes: 0
2019/10/17-14:54:14.485036 7fc3a9fcb700          Options.max_bytes_for_level_multiplier: 10.000000
2019/10/17-14:54:14.485038 7fc3a9fcb700 Options.max_bytes_for_level_multiplier_addtl[0]: 1
2019/10/17-14:54:14.485039 7fc3a9fcb700 Options.max_bytes_for_level_multiplier_addtl[1]: 1
2019/10/17-14:54:14.485039 7fc3a9fcb700 Options.max_bytes_for_level_multiplier_addtl[2]: 1
2019/10/17-14:54:14.485040 7fc3a9fcb700 Options.max_bytes_for_level_multiplier_addtl[3]: 1
2019/10/17-14:54:14.485040 7fc3a9fcb700 Options.max_bytes_for_level_multiplier_addtl[4]: 1
2019/10/17-14:54:14.485044 7fc3a9fcb700 Options.max_bytes_for_level_multiplier_addtl[5]: 1
2019/10/17-14:54:14.485045 7fc3a9fcb700 Options.max_bytes_for_level_multiplier_addtl[6]: 1
2019/10/17-14:54:14.485045 7fc3a9fcb700       Options.max_sequential_skip_in_iterations: 8
2019/10/17-14:54:14.485046 7fc3a9fcb700                    Options.max_compaction_bytes: 1677721600
2019/10/17-14:54:14.485046 7fc3a9fcb700                        Options.arena_block_size: 8388608
2019/10/17-14:54:14.485047 7fc3a9fcb700   Options.soft_pending_compaction_bytes_limit: 68719476736
2019/10/17-14:54:14.485048 7fc3a9fcb700   Options.hard_pending_compaction_bytes_limit: 274877906944
2019/10/17-14:54:14.485048 7fc3a9fcb700       Options.rate_limit_delay_max_milliseconds: 100
2019/10/17-14:54:14.485049 7fc3a9fcb700                Options.disable_auto_compactions: 0
2019/10/17-14:54:14.485050 7fc3a9fcb700                        Options.compaction_style: kCompactionStyleLevel
2019/10/17-14:54:14.485051 7fc3a9fcb700                          Options.compaction_pri: kByCompensatedSize
2019/10/17-14:54:14.485051 7fc3a9fcb700 Options.compaction_options_universal.size_ratio: 1
2019/10/17-14:54:14.485052 7fc3a9fcb700 Options.compaction_options_universal.min_merge_width: 2
2019/10/17-14:54:14.485052 7fc3a9fcb700 Options.compaction_options_universal.max_merge_width: 4294967295
2019/10/17-14:54:14.485053 7fc3a9fcb700 Options.compaction_options_universal.max_size_amplification_percent: 200
2019/10/17-14:54:14.485054 7fc3a9fcb700 Options.compaction_options_universal.compression_size_percent: -1
2019/10/17-14:54:14.485055 7fc3a9fcb700 Options.compaction_options_universal.stop_style: kCompactionStopStyleTotalSize
2019/10/17-14:54:14.485055 7fc3a9fcb700 Options.compaction_options_fifo.max_table_files_size: 1073741824
2019/10/17-14:54:14.485056 7fc3a9fcb700 Options.compaction_options_fifo.allow_compaction: 0
2019/10/17-14:54:14.485056 7fc3a9fcb700 Options.compaction_options_fifo.ttl: 0
2019/10/17-14:54:14.485057 7fc3a9fcb700                   Options.table_properties_collectors: 
2019/10/17-14:54:14.485058 7fc3a9fcb700                   Options.inplace_update_support: 0
2019/10/17-14:54:14.485058 7fc3a9fcb700                 Options.inplace_update_num_locks: 10000
2019/10/17-14:54:14.485059 7fc3a9fcb700               Options.memtable_prefix_bloom_size_ratio: 0.000000
2019/10/17-14:54:14.485060 7fc3a9fcb700   Options.memtable_huge_page_size: 0
2019/10/17-14:54:14.485060 7fc3a9fcb700                           Options.bloom_locality: 0
2019/10/17-14:54:14.485061 7fc3a9fcb700                    Options.max_successive_merges: 0
2019/10/17-14:54:14.485061 7fc3a9fcb700                Options.optimize_filters_for_hits: 0
2019/10/17-14:54:14.485062 7fc3a9fcb700                Options.paranoid_file_checks: 0
2019/10/17-14:54:14.485062 7fc3a9fcb700                Options.force_consistency_checks: 0
2019/10/17-14:54:14.485063 7fc3a9fcb700                Options.report_bg_io_stats: 0
2019/10/17-14:54:14.485064 7fc3a9fcb700                               Options.ttl: 0
2019/10/17-14:54:14.485087 7fc3a9fcb700 [db/column_family.cc:472] --------------- Options for column family [active_gateways]:
2019/10/17-14:54:14.485089 7fc3a9fcb700               Options.comparator: leveldb.BytewiseComparator
2019/10/17-14:54:14.485089 7fc3a9fcb700           Options.merge_operator: None
2019/10/17-14:54:14.485090 7fc3a9fcb700        Options.compaction_filter: None
2019/10/17-14:54:14.485090 7fc3a9fcb700        Options.compaction_filter_factory: None
2019/10/17-14:54:14.485091 7fc3a9fcb700         Options.memtable_factory: SkipListFactory
2019/10/17-14:54:14.485092 7fc3a9fcb700            Options.table_factory: BlockBasedTable
2019/10/17-14:54:14.485100 7fc3a9fcb700            table_factory options:   flush_block_policy_factory: FlushBlockBySizePolicyFactory (0x7fc3500a06b0)
  cache_index_and_filter_blocks: 0
  cache_index_and_filter_blocks_with_high_priority: 0
  pin_l0_filter_and_index_blocks_in_cache: 0
  pin_top_level_index_and_filter: 1
  index_type: 0
  hash_index_allow_collision: 1
  checksum: 1
  no_block_cache: 0
  block_cache: 0x7fc35007ad30
  block_cache_name: LRUCache
  block_cache_options:
    capacity : 8388608
    num_shard_bits : 4
    strict_capacity_limit : 0
    memory_allocator : None
    high_pri_pool_ratio: 0.000
  block_cache_compressed: (nil)
  persistent_cache: (nil)
  block_size: 4096
  block_size_deviation: 10
  block_restart_interval: 16
  index_block_restart_interval: 1
  metadata_block_size: 4096
  partition_filters: 0
  use_delta_encoding: 1
  filter_policy: nullptr
  whole_key_filtering: 1
  verify_compression: 0
  read_amp_bytes_per_bit: 0
  format_version: 2
  enable_index_compression: 1
  block_align: 0
2019/10/17-14:54:14.485105 7fc3a9fcb700        Options.write_buffer_size: 67108864
2019/10/17-14:54:14.485105 7fc3a9fcb700  Options.max_write_buffer_number: 2
2019/10/17-14:54:14.485106 7fc3a9fcb700          Options.compression: NoCompression
2019/10/17-14:54:14.485107 7fc3a9fcb700                  Options.bottommost_compression: Disabled
2019/10/17-14:54:14.485107 7fc3a9fcb700       Options.prefix_extractor: nullptr
2019/10/17-14:54:14.485108 7fc3a9fcb700   Options.memtable_insert_with_hint_prefix_extractor: nullptr
2019/10/17-14:54:14.485108 7fc3a9fcb700             Options.num_levels: 7
2019/10/17-14:54:14.485109 7fc3a9fcb700        Options.min_write_buffer_number_to_merge: 1
2019/10/17-14:54:14.485110 7fc3a9fcb700     Options.max_write_buffer_number_to_maintain: 0
2019/10/17-14:54:14.485110 7fc3a9fcb700            Options.bottommost_compression_opts.window_bits: -14
2019/10/17-14:54:14.485111 7fc3a9fcb700                  Options.bottommost_compression_opts.level: 32767
2019/10/17-14:54:14.485111 7fc3a9fcb700               Options.bottommost_compression_opts.strategy: 0
2019/10/17-14:54:14.485112 7fc3a9fcb700         Options.bottommost_compression_opts.max_dict_bytes: 0
2019/10/17-14:54:14.485112 7fc3a9fcb700         Options.bottommost_compression_opts.zstd_max_train_bytes: 0
2019/10/17-14:54:14.485113 7fc3a9fcb700                  Options.bottommost_compression_opts.enabled: false
2019/10/17-14:54:14.485114 7fc3a9fcb700            Options.compression_opts.window_bits: -14
2019/10/17-14:54:14.485114 7fc3a9fcb700                  Options.compression_opts.level: 32767
2019/10/17-14:54:14.485115 7fc3a9fcb700               Options.compression_opts.strategy: 0
2019/10/17-14:54:14.485115 7fc3a9fcb700         Options.compression_opts.max_dict_bytes: 0
2019/10/17-14:54:14.485116 7fc3a9fcb700         Options.compression_opts.zstd_max_train_bytes: 0
2019/10/17-14:54:14.485116 7fc3a9fcb700                  Options.compression_opts.enabled: false
2019/10/17-14:54:14.485117 7fc3a9fcb700      Options.level0_file_num_compaction_trigger: 4
2019/10/17-14:54:14.485118 7fc3a9fcb700          Options.level0_slowdown_writes_trigger: 20
2019/10/17-14:54:14.485118 7fc3a9fcb700              Options.level0_stop_writes_trigger: 36
2019/10/17-14:54:14.485119 7fc3a9fcb700                   Options.target_file_size_base: 67108864
2019/10/17-14:54:14.485119 7fc3a9fcb700             Options.target_file_size_multiplier: 1
2019/10/17-14:54:14.485120 7fc3a9fcb700                Options.max_bytes_for_level_base: 268435456
2019/10/17-14:54:14.485120 7fc3a9fcb700 Options.level_compaction_dynamic_level_bytes: 0
2019/10/17-14:54:14.485121 7fc3a9fcb700          Options.max_bytes_for_level_multiplier: 10.000000
2019/10/17-14:54:14.485122 7fc3a9fcb700 Options.max_bytes_for_level_multiplier_addtl[0]: 1
2019/10/17-14:54:14.485123 7fc3a9fcb700 Options.max_bytes_for_level_multiplier_addtl[1]: 1
2019/10/17-14:54:14.485123 7fc3a9fcb700 Options.max_bytes_for_level_multiplier_addtl[2]: 1
2019/10/17-14:54:14.485124 7fc3a9fcb700 Options.max_bytes_for_level_multiplier_addtl[3]: 1
2019/10/17-14:54:14.485125 7fc3a9fcb700 Options.max_bytes_for_level_multiplier_addtl[4]: 1
2019/10/17-14:54:14.485125 7fc3a9fcb700 Options.max_bytes_for_level_multiplier_addtl[5]: 1
2019/10/17-14:54:14.485126 7fc3a9fcb700 Options.max_bytes_for_level_multiplier_addtl[6]: 1
2019/10/17-14:54:14.485126 7fc3a9fcb700       Options.max_sequential_skip_in_iterations: 8
2019/10/17-14:54:14.485130 7fc3a9fcb700                    Options.max_compaction_bytes: 1677721600
2019/10/17-14:54:14.485130 7fc3a9fcb700                        Options.arena_block_size: 8388608
2019/10/17-14:54:14.485131 7fc3a9fcb700   Options.soft_pending_compaction_bytes_limit: 68719476736
2019/10/17-14:54:14.485131 7fc3a9fcb700   Options.hard_pending_compaction_bytes_limit: 274877906944
2019/10/17-14:54:14.485132 7fc3a9fcb700       Options.rate_limit_delay_max_milliseconds: 100
2019/10/17-14:54:14.485133 7fc3a9fcb700                Options.disable_auto_compactions: 0
2019/10/17-14:54:14.485133 7fc3a9fcb700                        Options.compaction_style: kCompactionStyleLevel
2019/10/17-14:54:14.485134 7fc3a9fcb700                          Options.compaction_pri: kByCompensatedSize
2019/10/17-14:54:14.485135 7fc3a9fcb700 Options.compaction_options_universal.size_ratio: 1
2019/10/17-14:54:14.485135 7fc3a9fcb700 Options.compaction_options_universal.min_merge_width: 2
2019/10/17-14:54:14.485136 7fc3a9fcb700 Options.compaction_options_universal.max_merge_width: 4294967295
2019/10/17-14:54:14.485136 7fc3a9fcb700 Options.compaction_options_universal.max_size_amplification_percent: 200
2019/10/17-14:54:14.485137 7fc3a9fcb700 Options.compaction_options_universal.compression_size_percent: -1
2019/10/17-14:54:14.485138 7fc3a9fcb700 Options.compaction_options_universal.stop_style: kCompactionStopStyleTotalSize
2019/10/17-14:54:14.485138 7fc3a9fcb700 Options.compaction_options_fifo.max_table_files_size: 1073741824
2019/10/17-14:54:14.485139 7fc3a9fcb700 Options.compaction_options_fifo.allow_compaction: 0
2019/10/17-14:54:14.485139 7fc3a9fcb700 Options.compaction_options_fifo.ttl: 0
2019/10/17-14:54:14.485140 7fc3a9fcb700                   Options.table_properties_collectors: 
2019/10/17-14:54:14.485140 7fc3a9fcb700                   Options.inplace_update_support: 0
2019/10/17-14:54:14.485141 7fc3a9fcb700                 Options.inplace_update_num_locks: 10000
2019/10/17-14:54:14.485142 7fc3a9fcb700               Options.memtable_prefix_bloom_size_ratio: 0.000000
2019/10/17-14:54:14.485142 7fc3a9fcb700   Options.memtable_huge_page_size: 0
2019/10/17-14:54:14.485143 7fc3a9fcb700                           Options.bloom_locality: 0
2019/10/17-14:54:14.485144 7fc3a9fcb700                    Options.max_successive_merges: 0
2019/10/17-14:54:14.485144 7fc3a9fcb700                Options.optimize_filters_for_hits: 0
2019/10/17-14:54:14.485145 7fc3a9fcb700                Options.paranoid_file_checks: 0
2019/10/17-14:54:14.485145 7fc3a9fcb700                Options.force_consistency_checks: 0
2019/10/17-14:54:14.485146 7fc3a9fcb700                Options.report_bg_io_stats: 0
2019/10/17-14:54:14.485146 7fc3a9fcb700                               Options.ttl: 0
2019/10/17-14:54:14.485159 7fc3a9fcb700 [db/column_family.cc:472] --------------- Options for column family [entries]:
2019/10/17-14:54:14.485160 7fc3a9fcb700               Options.comparator: leveldb.BytewiseComparator
2019/10/17-14:54:14.485160 7fc3a9fcb700           Options.merge_operator: None
2019/10/17-14:54:14.485161 7fc3a9fcb700        Options.compaction_filter: None
2019/10/17-14:54:14.485162 7fc3a9fcb700        Options.compaction_filter_factory: None
2019/10/17-14:54:14.485162 7fc3a9fcb700         Options.memtable_factory: SkipListFactory
2019/10/17-14:54:14.485163 7fc3a9fcb700            Options.table_factory: BlockBasedTable
2019/10/17-14:54:14.485170 7fc3a9fcb700            table_factory options:   flush_block_policy_factory: FlushBlockBySizePolicyFactory (0x7fc350036080)
  cache_index_and_filter_blocks: 0
  cache_index_and_filter_blocks_with_high_priority: 0
  pin_l0_filter_and_index_blocks_in_cache: 0
  pin_top_level_index_and_filter: 1
  index_type: 0
  hash_index_allow_collision: 1
  checksum: 1
  no_block_cache: 0
  block_cache: 0x7fc35007d260
  block_cache_name: LRUCache
  block_cache_options:
    capacity : 8388608
    num_shard_bits : 4
    strict_capacity_limit : 0
    memory_allocator : None
    high_pri_pool_ratio: 0.000
  block_cache_compressed: (nil)
  persistent_cache: (nil)
  block_size: 4096
  block_size_deviation: 10
  block_restart_interval: 16
  index_block_restart_interval: 1
  metadata_block_size: 4096
  partition_filters: 0
  use_delta_encoding: 1
  filter_policy: nullptr
  whole_key_filtering: 1
  verify_compression: 0
  read_amp_bytes_per_bit: 0
  format_version: 2
  enable_index_compression: 1
  block_align: 0
2019/10/17-14:54:14.485174 7fc3a9fcb700        Options.write_buffer_size: 67108864
2019/10/17-14:54:14.485175 7fc3a9fcb700  Options.max_write_buffer_number: 2
2019/10/17-14:54:14.485176 7fc3a9fcb700          Options.compression: NoCompression
2019/10/17-14:54:14.485176 7fc3a9fcb700                  Options.bottommost_compression: Disabled
2019/10/17-14:54:14.485177 7fc3a9fcb700       Options.prefix_extractor: nullptr
2019/10/17-14:54:14.485178 7fc3a9fcb700   Options.memtable_insert_with_hint_prefix_extractor: nullptr
2019/10/17-14:54:14.485178 7fc3a9fcb700             Options.num_levels: 7
2019/10/17-14:54:14.485179 7fc3a9fcb700        Options.min_write_buffer_number_to_merge: 1
2019/10/17-14:54:14.485179 7fc3a9fcb700     Options.max_write_buffer_number_to_maintain: 0
2019/10/17-14:54:14.485180 7fc3a9fcb700            Options.bottommost_compression_opts.window_bits: -14
2019/10/17-14:54:14.485180 7fc3a9fcb700                  Options.bottommost_compression_opts.level: 32767
2019/10/17-14:54:14.485181 7fc3a9fcb700               Options.bottommost_compression_opts.strategy: 0
2019/10/17-14:54:14.485182 7fc3a9fcb700         Options.bottommost_compression_opts.max_dict_bytes: 0
2019/10/17-14:54:14.485182 7fc3a9fcb700         Options.bottommost_compression_opts.zstd_max_train_bytes: 0
2019/10/17-14:54:14.485183 7fc3a9fcb700                  Options.bottommost_compression_opts.enabled: false
2019/10/17-14:54:14.485183 7fc3a9fcb700            Options.compression_opts.window_bits: -14
2019/10/17-14:54:14.485184 7fc3a9fcb700                  Options.compression_opts.level: 32767
2019/10/17-14:54:14.485184 7fc3a9fcb700               Options.compression_opts.strategy: 0
2019/10/17-14:54:14.485185 7fc3a9fcb700         Options.compression_opts.max_dict_bytes: 0
2019/10/17-14:54:14.485186 7fc3a9fcb700         Options.compression_opts.zstd_max_train_bytes: 0
2019/10/17-14:54:14.485186 7fc3a9fcb700                  Options.compression_opts.enabled: false
2019/10/17-14:54:14.485187 7fc3a9fcb700      Options.level0_file_num_compaction_trigger: 4
2019/10/17-14:54:14.485187 7fc3a9fcb700          Options.level0_slowdown_writes_trigger: 20
2019/10/17-14:54:14.485188 7fc3a9fcb700              Options.level0_stop_writes_trigger: 36
2019/10/17-14:54:14.485188 7fc3a9fcb700                   Options.target_file_size_base: 67108864
2019/10/17-14:54:14.485189 7fc3a9fcb700             Options.target_file_size_multiplier: 1
2019/10/17-14:54:14.485190 7fc3a9fcb700                Options.max_bytes_for_level_base: 268435456
2019/10/17-14:54:14.485190 7fc3a9fcb700 Options.level_compaction_dynamic_level_bytes: 0
2019/10/17-14:54:14.485191 7fc3a9fcb700          Options.max_bytes_for_level_multiplier: 10.000000
2019/10/17-14:54:14.485192 7fc3a9fcb700 Options.max_bytes_for_level_multiplier_addtl[0]: 1
2019/10/17-14:54:14.485192 7fc3a9fcb700 Options.max_bytes_for_level_multiplier_addtl[1]: 1
2019/10/17-14:54:14.485193 7fc3a9fcb700 Options.max_bytes_for_level_multiplier_addtl[2]: 1
2019/10/17-14:54:14.485193 7fc3a9fcb700 Options.max_bytes_for_level_multiplier_addtl[3]: 1
2019/10/17-14:54:14.485194 7fc3a9fcb700 Options.max_bytes_for_level_multiplier_addtl[4]: 1
2019/10/17-14:54:14.485195 7fc3a9fcb700 Options.max_bytes_for_level_multiplier_addtl[5]: 1
2019/10/17-14:54:14.485195 7fc3a9fcb700 Options.max_bytes_for_level_multiplier_addtl[6]: 1
2019/10/17-14:54:14.485196 7fc3a9fcb700       Options.max_sequential_skip_in_iterations: 8
2019/10/17-14:54:14.485196 7fc3a9fcb700                    Options.max_compaction_bytes: 1677721600
2019/10/17-14:54:14.485197 7fc3a9fcb700                        Options.arena_block_size: 8388608
2019/10/17-14:54:14.485198 7fc3a9fcb700   Options.soft_pending_compaction_bytes_limit: 68719476736
2019/10/17-14:54:14.485201 7fc3a9fcb700   Options.hard_pending_compaction_bytes_limit: 274877906944
2019/10/17-14:54:14.485201 7fc3a9fcb700       Options.rate_limit_delay_max_milliseconds: 100
2019/10/17-14:54:14.485202 7fc3a9fcb700                Options.disable_auto_compactions: 0
2019/10/17-14:54:14.485203 7fc3a9fcb700                        Options.compaction_style: kCompactionStyleLevel
2019/10/17-14:54:14.485203 7fc3a9fcb700                          Options.compaction_pri: kByCompensatedSize
2019/10/17-14:54:14.485204 7fc3a9fcb700 Options.compaction_options_universal.size_ratio: 1
2019/10/17-14:54:14.485205 7fc3a9fcb700 Options.compaction_options_universal.min_merge_width: 2
2019/10/17-14:54:14.485205 7fc3a9fcb700 Options.compaction_options_universal.max_merge_width: 4294967295
2019/10/17-14:54:14.485206 7fc3a9fcb700 Options.compaction_options_universal.max_size_amplification_percent: 200
2019/10/17-14:54:14.485206 7fc3a9fcb700 Options.compaction_options_universal.compression_size_percent: -1
2019/10/17-14:54:14.485207 7fc3a9fcb700 Options.compaction_options_universal.stop_style: kCompactionStopStyleTotalSize
2019/10/17-14:54:14.485207 7fc3a9fcb700 Options.compaction_options_fifo.max_table_files_size: 1073741824
2019/10/17-14:54:14.485208 7fc3a9fcb700 Options.compaction_options_fifo.allow_compaction: 0
2019/10/17-14:54:14.485209 7fc3a9fcb700 Options.compaction_options_fifo.ttl: 0
2019/10/17-14:54:14.485209 7fc3a9fcb700                   Options.table_properties_collectors: 
2019/10/17-14:54:14.485210 7fc3a9fcb700                   Options.inplace_update_support: 0
2019/10/17-14:54:14.485210 7fc3a9fcb700                 Options.inplace_update_num_locks: 10000
2019/10/17-14:54:14.485211 7fc3a9fcb700               Options.memtable_prefix_bloom_size_ratio: 0.000000
2019/10/17-14:54:14.485212 7fc3a9fcb700   Options.memtable_huge_page_size: 0
2019/10/17-14:54:14.485212 7fc3a9fcb700                           Options.bloom_locality: 0
2019/10/17-14:54:14.485213 7fc3a9fcb700                    Options.max_successive_merges: 0
2019/10/17-14:54:14.485213 7fc3a9fcb700                Options.optimize_filters_for_hits: 0
2019/10/17-14:54:14.485214 7fc3a9fcb700                Options.paranoid_file_checks: 0
2019/10/17-14:54:14.485214 7fc3a9fcb700                Options.force_consistency_checks: 0
2019/10/17-14:54:14.485215 7fc3a9fcb700                Options.report_bg_io_stats: 0
2019/10/17-14:54:14.485216 7fc3a9fcb700                               Options.ttl: 0
2019/10/17-14:54:14.485227 7fc3a9fcb700 [db/column_family.cc:472] --------------- Options for column family [dc_entries]:
2019/10/17-14:54:14.485228 7fc3a9fcb700               Options.comparator: leveldb.BytewiseComparator
2019/10/17-14:54:14.485229 7fc3a9fcb700           Options.merge_operator: None
2019/10/17-14:54:14.485229 7fc3a9fcb700        Options.compaction_filter: None
2019/10/17-14:54:14.485230 7fc3a9fcb700        Options.compaction_filter_factory: None
2019/10/17-14:54:14.485231 7fc3a9fcb700         Options.memtable_factory: SkipListFactory
2019/10/17-14:54:14.485231 7fc3a9fcb700            Options.table_factory: BlockBasedTable
2019/10/17-14:54:14.485238 7fc3a9fcb700            table_factory options:   flush_block_policy_factory: FlushBlockBySizePolicyFactory (0x7fc35002cbf0)
  cache_index_and_filter_blocks: 0
  cache_index_and_filter_blocks_with_high_priority: 0
  pin_l0_filter_and_index_blocks_in_cache: 0
  pin_top_level_index_and_filter: 1
  index_type: 0
  hash_index_allow_collision: 1
  checksum: 1
  no_block_cache: 0
  block_cache: 0x7fc35005f420
  block_cache_name: LRUCache
  block_cache_options:
    capacity : 8388608
    num_shard_bits : 4
    strict_capacity_limit : 0
    memory_allocator : None
    high_pri_pool_ratio: 0.000
  block_cache_compressed: (nil)
  persistent_cache: (nil)
  block_size: 4096
  block_size_deviation: 10
  block_restart_interval: 16
  index_block_restart_interval: 1
  metadata_block_size: 4096
  partition_filters: 0
  use_delta_encoding: 1
  filter_policy: nullptr
  whole_key_filtering: 1
  verify_compression: 0
  read_amp_bytes_per_bit: 0
  format_version: 2
  enable_index_compression: 1
  block_align: 0
2019/10/17-14:54:14.485243 7fc3a9fcb700        Options.write_buffer_size: 67108864
2019/10/17-14:54:14.485244 7fc3a9fcb700  Options.max_write_buffer_number: 2
2019/10/17-14:54:14.485244 7fc3a9fcb700          Options.compression: NoCompression
2019/10/17-14:54:14.485245 7fc3a9fcb700                  Options.bottommost_compression: Disabled
2019/10/17-14:54:14.485246 7fc3a9fcb700       Options.prefix_extractor: nullptr
2019/10/17-14:54:14.485246 7fc3a9fcb700   Options.memtable_insert_with_hint_prefix_extractor: nullptr
2019/10/17-14:54:14.485247 7fc3a9fcb700             Options.num_levels: 7
2019/10/17-14:54:14.485247 7fc3a9fcb700        Options.min_write_buffer_number_to_merge: 1
2019/10/17-14:54:14.485248 7fc3a9fcb700     Options.max_write_buffer_number_to_maintain: 0
2019/10/17-14:54:14.485248 7fc3a9fcb700            Options.bottommost_compression_opts.window_bits: -14
2019/10/17-14:54:14.485249 7fc3a9fcb700                  Options.bottommost_compression_opts.level: 32767
2019/10/17-14:54:14.485249 7fc3a9fcb700               Options.bottommost_compression_opts.strategy: 0
2019/10/17-14:54:14.485250 7fc3a9fcb700         Options.bottommost_compression_opts.max_dict_bytes: 0
2019/10/17-14:54:14.485251 7fc3a9fcb700         Options.bottommost_compression_opts.zstd_max_train_bytes: 0
2019/10/17-14:54:14.485251 7fc3a9fcb700                  Options.bottommost_compression_opts.enabled: false
2019/10/17-14:54:14.485252 7fc3a9fcb700            Options.compression_opts.window_bits: -14
2019/10/17-14:54:14.485252 7fc3a9fcb700                  Options.compression_opts.level: 32767
2019/10/17-14:54:14.485253 7fc3a9fcb700               Options.compression_opts.strategy: 0
2019/10/17-14:54:14.485253 7fc3a9fcb700         Options.compression_opts.max_dict_bytes: 0
2019/10/17-14:54:14.485254 7fc3a9fcb700         Options.compression_opts.zstd_max_train_bytes: 0
2019/10/17-14:54:14.485255 7fc3a9fcb700                  Options.compression_opts.enabled: false
2019/10/17-14:54:14.485255 7fc3a9fcb700      Options.level0_file_num_compaction_trigger: 4
2019/10/17-14:54:14.485256 7fc3a9fcb700          Options.level0_slowdown_writes_trigger: 20
2019/10/17-14:54:14.485256 7fc3a9fcb700              Options.level0_stop_writes_trigger: 36
2019/10/17-14:54:14.485257 7fc3a9fcb700                   Options.target_file_size_base: 67108864
2019/10/17-14:54:14.485257 7fc3a9fcb700             Options.target_file_size_multiplier: 1
2019/10/17-14:54:14.485258 7fc3a9fcb700                Options.max_bytes_for_level_base: 268435456
2019/10/17-14:54:14.485258 7fc3a9fcb700 Options.level_compaction_dynamic_level_bytes: 0
2019/10/17-14:54:14.485259 7fc3a9fcb700          Options.max_bytes_for_level_multiplier: 10.000000
2019/10/17-14:54:14.485260 7fc3a9fcb700 Options.max_bytes_for_level_multiplier_addtl[0]: 1
2019/10/17-14:54:14.485261 7fc3a9fcb700 Options.max_bytes_for_level_multiplier_addtl[1]: 1
2019/10/17-14:54:14.485261 7fc3a9fcb700 Options.max_bytes_for_level_multiplier_addtl[2]: 1
2019/10/17-14:54:14.485262 7fc3a9fcb700 Options.max_bytes_for_level_multiplier_addtl[3]: 1
2019/10/17-14:54:14.485262 7fc3a9fcb700 Options.max_bytes_for_level_multiplier_addtl[4]: 1
2019/10/17-14:54:14.485263 7fc3a9fcb700 Options.max_bytes_for_level_multiplier_addtl[5]: 1
2019/10/17-14:54:14.485264 7fc3a9fcb700 Options.max_bytes_for_level_multiplier_addtl[6]: 1
2019/10/17-14:54:14.485264 7fc3a9fcb700       Options.max_sequential_skip_in_iterations: 8
2019/10/17-14:54:14.485265 7fc3a9fcb700                    Options.max_compaction_bytes: 1677721600
2019/10/17-14:54:14.485265 7fc3a9fcb700                        Options.arena_block_size: 8388608
2019/10/17-14:54:14.485266 7fc3a9fcb700   Options.soft_pending_compaction_bytes_limit: 68719476736
2019/10/17-14:54:14.485266 7fc3a9fcb700   Options.hard_pending_compaction_bytes_limit: 274877906944
2019/10/17-14:54:14.485267 7fc3a9fcb700       Options.rate_limit_delay_max_milliseconds: 100
2019/10/17-14:54:14.485268 7fc3a9fcb700                Options.disable_auto_compactions: 0
2019/10/17-14:54:14.485271 7fc3a9fcb700                        Options.compaction_style: kCompactionStyleLevel
2019/10/17-14:54:14.485272 7fc3a9fcb700                          Options.compaction_pri: kByCompensatedSize
2019/10/17-14:54:14.485273 7fc3a9fcb700 Options.compaction_options_universal.size_ratio: 1
2019/10/17-14:54:14.485273 7fc3a9fcb700 Options.compaction_options_universal.min_merge_width: 2
2019/10/17-14:54:14.485274 7fc3a9fcb700 Options.compaction_options_universal.max_merge_width: 4294967295
2019/10/17-14:54:14.485274 7fc3a9fcb700 Options.compaction_options_universal.max_size_amplification_percent: 200
2019/10/17-14:54:14.485275 7fc3a9fcb700 Options.compaction_options_universal.compression_size_percent: -1
2019/10/17-14:54:14.485275 7fc3a9fcb700 Options.compaction_options_universal.stop_style: kCompactionStopStyleTotalSize
2019/10/17-14:54:14.485276 7fc3a9fcb700 Options.compaction_options_fifo.max_table_files_size: 1073741824
2019/10/17-14:54:14.485277 7fc3a9fcb700 Options.compaction_options_fifo.allow_compaction: 0
2019/10/17-14:54:14.485277 7fc3a9fcb700 Options.compaction_options_fifo.ttl: 0
2019/10/17-14:54:14.485278 7fc3a9fcb700                   Options.table_properties_collectors: 
2019/10/17-14:54:14.485278 7fc3a9fcb700                   Options.inplace_update_support: 0
2019/10/17-14:54:14.485279 7fc3a9fcb700                 Options.inplace_update_num_locks: 10000
2019/10/17-14:54:14.485279 7fc3a9fcb700               Options.memtable_prefix_bloom_size_ratio: 0.000000
2019/10/17-14:54:14.485280 7fc3a9fcb700   Options.memtable_huge_page_size: 0
2019/10/17-14:54:14.485281 7fc3a9fcb700                           Options.bloom_locality: 0
2019/10/17-14:54:14.485281 7fc3a9fcb700                    Options.max_successive_merges: 0
2019/10/17-14:54:14.485282 7fc3a9fcb700                Options.optimize_filters_for_hits: 0
2019/10/17-14:54:14.485283 7fc3a9fcb700                Options.paranoid_file_checks: 0
2019/10/17-14:54:14.485283 7fc3a9fcb700                Options.force_consistency_checks: 0
2019/10/17-14:54:14.485284 7fc3a9fcb700                Options.report_bg_io_stats: 0
2019/10/17-14:54:14.485284 7fc3a9fcb700                               Options.ttl: 0
2019/10/17-14:54:14.485294 7fc3a9fcb700 [db/column_family.cc:472] --------------- Options for column family [htlcs]:
2019/10/17-14:54:14.485295 7fc3a9fcb700               Options.comparator: leveldb.BytewiseComparator
2019/10/17-14:54:14.485295 7fc3a9fcb700           Options.merge_operator: None
2019/10/17-14:54:14.485296 7fc3a9fcb700        Options.compaction_filter: None
2019/10/17-14:54:14.485296 7fc3a9fcb700        Options.compaction_filter_factory: None
2019/10/17-14:54:14.485297 7fc3a9fcb700         Options.memtable_factory: SkipListFactory
2019/10/17-14:54:14.485298 7fc3a9fcb700            Options.table_factory: BlockBasedTable
2019/10/17-14:54:14.485305 7fc3a9fcb700            table_factory options:   flush_block_policy_factory: FlushBlockBySizePolicyFactory (0x7fc3500675d0)
