2019/10/17-14:56:13.589110 7fbc2cd30700 RocksDB version: 5.18.3
2019/10/17-14:56:13.589144 7fbc2cd30700 Git sha rocksdb_build_git_sha:@0@
2019/10/17-14:56:13.589146 7fbc2cd30700 Compile date Sep 19 2019
2019/10/17-14:56:13.589147 7fbc2cd30700 DB SUMMARY
2019/10/17-14:56:13.589766 7fbc2cd30700 CURRENT file:  CURRENT
2019/10/17-14:56:13.589768 7fbc2cd30700 IDENTITY file:  IDENTITY
2019/10/17-14:56:13.589792 7fbc2cd30700 MANIFEST file:  MANIFEST-116941 size: 4114 Bytes
2019/10/17-14:56:13.589793 7fbc2cd30700 SST files in /home/rahul/dev/blockchain-core/eqc/ledger.db dir, Total Num: 29, files: 000624.sst 000627.sst 106940.sst 108447.sst 108450.sst 109471.sst 109483.sst 109485.sst 109486.sst 
2019/10/17-14:56:13.589794 7fbc2cd30700 Write Ahead Log file in /home/rahul/dev/blockchain-core/eqc/ledger.db: 116942.log size: 0 ; 
2019/10/17-14:56:13.589822 7fbc2cd30700                         Options.error_if_exists: 0
2019/10/17-14:56:13.589824 7fbc2cd30700                       Options.create_if_missing: 1
2019/10/17-14:56:13.589824 7fbc2cd30700                         Options.paranoid_checks: 1
2019/10/17-14:56:13.589825 7fbc2cd30700                                     Options.env: 0x7fbbafa7bc60
2019/10/17-14:56:13.589826 7fbc2cd30700                                Options.info_log: 0x7fbbb80a4d10
2019/10/17-14:56:13.589826 7fbc2cd30700                Options.max_file_opening_threads: 16
2019/10/17-14:56:13.589827 7fbc2cd30700                              Options.statistics: (nil)
2019/10/17-14:56:13.589828 7fbc2cd30700                               Options.use_fsync: 0
2019/10/17-14:56:13.589829 7fbc2cd30700                       Options.max_log_file_size: 0
2019/10/17-14:56:13.589829 7fbc2cd30700                  Options.max_manifest_file_size: 1073741824
2019/10/17-14:56:13.589830 7fbc2cd30700                   Options.log_file_time_to_roll: 0
2019/10/17-14:56:13.589831 7fbc2cd30700                       Options.keep_log_file_num: 1000
2019/10/17-14:56:13.589831 7fbc2cd30700                    Options.recycle_log_file_num: 0
2019/10/17-14:56:13.589832 7fbc2cd30700                         Options.allow_fallocate: 1
2019/10/17-14:56:13.589833 7fbc2cd30700                        Options.allow_mmap_reads: 0
2019/10/17-14:56:13.589833 7fbc2cd30700                       Options.allow_mmap_writes: 0
2019/10/17-14:56:13.589834 7fbc2cd30700                        Options.use_direct_reads: 0
2019/10/17-14:56:13.589835 7fbc2cd30700                        Options.use_direct_io_for_flush_and_compaction: 0
2019/10/17-14:56:13.589835 7fbc2cd30700          Options.create_missing_column_families: 0
2019/10/17-14:56:13.589836 7fbc2cd30700                              Options.db_log_dir: 
2019/10/17-14:56:13.589837 7fbc2cd30700                                 Options.wal_dir: /home/rahul/dev/blockchain-core/eqc/ledger.db
2019/10/17-14:56:13.589837 7fbc2cd30700                Options.table_cache_numshardbits: 6
2019/10/17-14:56:13.589838 7fbc2cd30700                      Options.max_subcompactions: 1
2019/10/17-14:56:13.589839 7fbc2cd30700                  Options.max_background_flushes: -1
2019/10/17-14:56:13.589839 7fbc2cd30700                         Options.WAL_ttl_seconds: 0
2019/10/17-14:56:13.589840 7fbc2cd30700                       Options.WAL_size_limit_MB: 0
2019/10/17-14:56:13.589841 7fbc2cd30700             Options.manifest_preallocation_size: 4194304
2019/10/17-14:56:13.589841 7fbc2cd30700                     Options.is_fd_close_on_exec: 1
2019/10/17-14:56:13.589842 7fbc2cd30700                   Options.advise_random_on_open: 1
2019/10/17-14:56:13.589842 7fbc2cd30700                    Options.db_write_buffer_size: 0
2019/10/17-14:56:13.589843 7fbc2cd30700                    Options.write_buffer_manager: 0x7fbbb80e1a10
2019/10/17-14:56:13.589844 7fbc2cd30700         Options.access_hint_on_compaction_start: 1
2019/10/17-14:56:13.589844 7fbc2cd30700  Options.new_table_reader_for_compaction_inputs: 0
2019/10/17-14:56:13.589845 7fbc2cd30700           Options.random_access_max_buffer_size: 1048576
2019/10/17-14:56:13.589846 7fbc2cd30700                      Options.use_adaptive_mutex: 0
2019/10/17-14:56:13.589846 7fbc2cd30700                            Options.rate_limiter: (nil)
2019/10/17-14:56:13.589854 7fbc2cd30700     Options.sst_file_manager.rate_bytes_per_sec: 0
2019/10/17-14:56:13.589855 7fbc2cd30700                       Options.wal_recovery_mode: 2
2019/10/17-14:56:13.589856 7fbc2cd30700                  Options.enable_thread_tracking: 0
2019/10/17-14:56:13.589856 7fbc2cd30700                  Options.enable_pipelined_write: 0
2019/10/17-14:56:13.589857 7fbc2cd30700         Options.allow_concurrent_memtable_write: 1
2019/10/17-14:56:13.589857 7fbc2cd30700      Options.enable_write_thread_adaptive_yield: 1
2019/10/17-14:56:13.589858 7fbc2cd30700             Options.write_thread_max_yield_usec: 100
2019/10/17-14:56:13.589859 7fbc2cd30700            Options.write_thread_slow_yield_usec: 3
2019/10/17-14:56:13.589859 7fbc2cd30700                               Options.row_cache: None
2019/10/17-14:56:13.589860 7fbc2cd30700                              Options.wal_filter: None
2019/10/17-14:56:13.589861 7fbc2cd30700             Options.avoid_flush_during_recovery: 0
2019/10/17-14:56:13.589861 7fbc2cd30700             Options.allow_ingest_behind: 0
2019/10/17-14:56:13.589862 7fbc2cd30700             Options.preserve_deletes: 0
2019/10/17-14:56:13.589863 7fbc2cd30700             Options.two_write_queues: 0
2019/10/17-14:56:13.589863 7fbc2cd30700             Options.manual_wal_flush: 0
2019/10/17-14:56:13.589864 7fbc2cd30700             Options.max_background_jobs: 2
2019/10/17-14:56:13.589865 7fbc2cd30700             Options.max_background_compactions: -1
2019/10/17-14:56:13.589865 7fbc2cd30700             Options.avoid_flush_during_shutdown: 0
2019/10/17-14:56:13.589866 7fbc2cd30700           Options.writable_file_max_buffer_size: 1048576
2019/10/17-14:56:13.589867 7fbc2cd30700             Options.delayed_write_rate : 16777216
2019/10/17-14:56:13.589867 7fbc2cd30700             Options.max_total_wal_size: 0
2019/10/17-14:56:13.589868 7fbc2cd30700             Options.delete_obsolete_files_period_micros: 21600000000
2019/10/17-14:56:13.589869 7fbc2cd30700                   Options.stats_dump_period_sec: 600
2019/10/17-14:56:13.589869 7fbc2cd30700                          Options.max_open_files: -1
2019/10/17-14:56:13.589870 7fbc2cd30700                          Options.bytes_per_sync: 0
2019/10/17-14:56:13.589871 7fbc2cd30700                      Options.wal_bytes_per_sync: 0
2019/10/17-14:56:13.589871 7fbc2cd30700       Options.compaction_readahead_size: 0
2019/10/17-14:56:13.589872 7fbc2cd30700 Compression algorithms supported:
2019/10/17-14:56:13.589873 7fbc2cd30700 	kZSTDNotFinalCompression supported: 0
2019/10/17-14:56:13.589874 7fbc2cd30700 	kZSTD supported: 0
2019/10/17-14:56:13.589875 7fbc2cd30700 	kXpressCompression supported: 0
2019/10/17-14:56:13.589875 7fbc2cd30700 	kLZ4HCCompression supported: 0
2019/10/17-14:56:13.589876 7fbc2cd30700 	kLZ4Compression supported: 0
2019/10/17-14:56:13.589877 7fbc2cd30700 	kBZip2Compression supported: 0
2019/10/17-14:56:13.589877 7fbc2cd30700 	kZlibCompression supported: 0
2019/10/17-14:56:13.589878 7fbc2cd30700 	kSnappyCompression supported: 0
2019/10/17-14:56:13.589880 7fbc2cd30700 Fast CRC32 supported: Supported on x86
2019/10/17-14:56:13.589958 7fbc2cd30700 [db/version_set.cc:3507] Recovering from manifest file: MANIFEST-116941
2019/10/17-14:56:13.589985 7fbc2cd30700 [db/column_family.cc:472] --------------- Options for column family [default]:
2019/10/17-14:56:13.589987 7fbc2cd30700               Options.comparator: leveldb.BytewiseComparator
2019/10/17-14:56:13.589988 7fbc2cd30700           Options.merge_operator: None
2019/10/17-14:56:13.589988 7fbc2cd30700        Options.compaction_filter: None
2019/10/17-14:56:13.589989 7fbc2cd30700        Options.compaction_filter_factory: None
2019/10/17-14:56:13.589990 7fbc2cd30700         Options.memtable_factory: SkipListFactory
2019/10/17-14:56:13.589990 7fbc2cd30700            Options.table_factory: BlockBasedTable
2019/10/17-14:56:13.590004 7fbc2cd30700            table_factory options:   flush_block_policy_factory: FlushBlockBySizePolicyFactory (0x7fbbb8110ff0)
  cache_index_and_filter_blocks: 0
  cache_index_and_filter_blocks_with_high_priority: 0
  pin_l0_filter_and_index_blocks_in_cache: 0
  pin_top_level_index_and_filter: 1
  index_type: 0
  hash_index_allow_collision: 1
  checksum: 1
  no_block_cache: 0
  block_cache: 0x7fbbb80c3600
  block_cache_name: LRUCache
  block_cache_options:
    capacity : 8388608
    num_shard_bits : 4
    strict_capacity_limit : 0
    memory_allocator : None
    high_pri_pool_ratio: 0.000
  block_cache_compressed: (nil)
  persistent_cache: (nil)
  block_size: 4096
  block_size_deviation: 10
  block_restart_interval: 16
  index_block_restart_interval: 1
  metadata_block_size: 4096
  partition_filters: 0
  use_delta_encoding: 1
  filter_policy: nullptr
  whole_key_filtering: 1
  verify_compression: 0
  read_amp_bytes_per_bit: 0
  format_version: 2
  enable_index_compression: 1
  block_align: 0
2019/10/17-14:56:13.590011 7fbc2cd30700        Options.write_buffer_size: 67108864
2019/10/17-14:56:13.590012 7fbc2cd30700  Options.max_write_buffer_number: 2
2019/10/17-14:56:13.590013 7fbc2cd30700          Options.compression: NoCompression
2019/10/17-14:56:13.590013 7fbc2cd30700                  Options.bottommost_compression: Disabled
2019/10/17-14:56:13.590014 7fbc2cd30700       Options.prefix_extractor: nullptr
2019/10/17-14:56:13.590015 7fbc2cd30700   Options.memtable_insert_with_hint_prefix_extractor: nullptr
2019/10/17-14:56:13.590015 7fbc2cd30700             Options.num_levels: 7
2019/10/17-14:56:13.590016 7fbc2cd30700        Options.min_write_buffer_number_to_merge: 1
2019/10/17-14:56:13.590017 7fbc2cd30700     Options.max_write_buffer_number_to_maintain: 0
2019/10/17-14:56:13.590017 7fbc2cd30700            Options.bottommost_compression_opts.window_bits: -14
2019/10/17-14:56:13.590018 7fbc2cd30700                  Options.bottommost_compression_opts.level: 32767
2019/10/17-14:56:13.590019 7fbc2cd30700               Options.bottommost_compression_opts.strategy: 0
2019/10/17-14:56:13.590019 7fbc2cd30700         Options.bottommost_compression_opts.max_dict_bytes: 0
2019/10/17-14:56:13.590020 7fbc2cd30700         Options.bottommost_compression_opts.zstd_max_train_bytes: 0
2019/10/17-14:56:13.590020 7fbc2cd30700                  Options.bottommost_compression_opts.enabled: false
2019/10/17-14:56:13.590021 7fbc2cd30700            Options.compression_opts.window_bits: -14
2019/10/17-14:56:13.590022 7fbc2cd30700                  Options.compression_opts.level: 32767
2019/10/17-14:56:13.590022 7fbc2cd30700               Options.compression_opts.strategy: 0
2019/10/17-14:56:13.590023 7fbc2cd30700         Options.compression_opts.max_dict_bytes: 0
2019/10/17-14:56:13.590023 7fbc2cd30700         Options.compression_opts.zstd_max_train_bytes: 0
2019/10/17-14:56:13.590024 7fbc2cd30700                  Options.compression_opts.enabled: false
2019/10/17-14:56:13.590025 7fbc2cd30700      Options.level0_file_num_compaction_trigger: 4
2019/10/17-14:56:13.590025 7fbc2cd30700          Options.level0_slowdown_writes_trigger: 20
2019/10/17-14:56:13.590026 7fbc2cd30700              Options.level0_stop_writes_trigger: 36
2019/10/17-14:56:13.590027 7fbc2cd30700                   Options.target_file_size_base: 67108864
2019/10/17-14:56:13.590027 7fbc2cd30700             Options.target_file_size_multiplier: 1
2019/10/17-14:56:13.590028 7fbc2cd30700                Options.max_bytes_for_level_base: 268435456
2019/10/17-14:56:13.590028 7fbc2cd30700 Options.level_compaction_dynamic_level_bytes: 0
2019/10/17-14:56:13.590029 7fbc2cd30700          Options.max_bytes_for_level_multiplier: 10.000000
2019/10/17-14:56:13.590031 7fbc2cd30700 Options.max_bytes_for_level_multiplier_addtl[0]: 1
2019/10/17-14:56:13.590032 7fbc2cd30700 Options.max_bytes_for_level_multiplier_addtl[1]: 1
2019/10/17-14:56:13.590032 7fbc2cd30700 Options.max_bytes_for_level_multiplier_addtl[2]: 1
2019/10/17-14:56:13.590033 7fbc2cd30700 Options.max_bytes_for_level_multiplier_addtl[3]: 1
2019/10/17-14:56:13.590034 7fbc2cd30700 Options.max_bytes_for_level_multiplier_addtl[4]: 1
2019/10/17-14:56:13.590037 7fbc2cd30700 Options.max_bytes_for_level_multiplier_addtl[5]: 1
2019/10/17-14:56:13.590038 7fbc2cd30700 Options.max_bytes_for_level_multiplier_addtl[6]: 1
2019/10/17-14:56:13.590039 7fbc2cd30700       Options.max_sequential_skip_in_iterations: 8
2019/10/17-14:56:13.590039 7fbc2cd30700                    Options.max_compaction_bytes: 1677721600
2019/10/17-14:56:13.590040 7fbc2cd30700                        Options.arena_block_size: 8388608
2019/10/17-14:56:13.590040 7fbc2cd30700   Options.soft_pending_compaction_bytes_limit: 68719476736
2019/10/17-14:56:13.590041 7fbc2cd30700   Options.hard_pending_compaction_bytes_limit: 274877906944
2019/10/17-14:56:13.590042 7fbc2cd30700       Options.rate_limit_delay_max_milliseconds: 100
2019/10/17-14:56:13.590042 7fbc2cd30700                Options.disable_auto_compactions: 0
2019/10/17-14:56:13.590044 7fbc2cd30700                        Options.compaction_style: kCompactionStyleLevel
2019/10/17-14:56:13.590045 7fbc2cd30700                          Options.compaction_pri: kByCompensatedSize
2019/10/17-14:56:13.590046 7fbc2cd30700 Options.compaction_options_universal.size_ratio: 1
2019/10/17-14:56:13.590046 7fbc2cd30700 Options.compaction_options_universal.min_merge_width: 2
2019/10/17-14:56:13.590047 7fbc2cd30700 Options.compaction_options_universal.max_merge_width: 4294967295
2019/10/17-14:56:13.590047 7fbc2cd30700 Options.compaction_options_universal.max_size_amplification_percent: 200
2019/10/17-14:56:13.590048 7fbc2cd30700 Options.compaction_options_universal.compression_size_percent: -1
2019/10/17-14:56:13.590049 7fbc2cd30700 Options.compaction_options_universal.stop_style: kCompactionStopStyleTotalSize
2019/10/17-14:56:13.590050 7fbc2cd30700 Options.compaction_options_fifo.max_table_files_size: 1073741824
2019/10/17-14:56:13.590050 7fbc2cd30700 Options.compaction_options_fifo.allow_compaction: 0
2019/10/17-14:56:13.590051 7fbc2cd30700 Options.compaction_options_fifo.ttl: 0
2019/10/17-14:56:13.590052 7fbc2cd30700                   Options.table_properties_collectors: 
2019/10/17-14:56:13.590052 7fbc2cd30700                   Options.inplace_update_support: 0
2019/10/17-14:56:13.590053 7fbc2cd30700                 Options.inplace_update_num_locks: 10000
2019/10/17-14:56:13.590054 7fbc2cd30700               Options.memtable_prefix_bloom_size_ratio: 0.000000
2019/10/17-14:56:13.590055 7fbc2cd30700   Options.memtable_huge_page_size: 0
2019/10/17-14:56:13.590055 7fbc2cd30700                           Options.bloom_locality: 0
2019/10/17-14:56:13.590056 7fbc2cd30700                    Options.max_successive_merges: 0
2019/10/17-14:56:13.590056 7fbc2cd30700                Options.optimize_filters_for_hits: 0
2019/10/17-14:56:13.590057 7fbc2cd30700                Options.paranoid_file_checks: 0
2019/10/17-14:56:13.590058 7fbc2cd30700                Options.force_consistency_checks: 0
2019/10/17-14:56:13.590058 7fbc2cd30700                Options.report_bg_io_stats: 0
2019/10/17-14:56:13.590059 7fbc2cd30700                               Options.ttl: 0
2019/10/17-14:56:13.590081 7fbc2cd30700 [db/column_family.cc:472] --------------- Options for column family [active_gateways]:
2019/10/17-14:56:13.590082 7fbc2cd30700               Options.comparator: leveldb.BytewiseComparator
2019/10/17-14:56:13.590083 7fbc2cd30700           Options.merge_operator: None
2019/10/17-14:56:13.590083 7fbc2cd30700        Options.compaction_filter: None
2019/10/17-14:56:13.590084 7fbc2cd30700        Options.compaction_filter_factory: None
2019/10/17-14:56:13.590084 7fbc2cd30700         Options.memtable_factory: SkipListFactory
2019/10/17-14:56:13.590085 7fbc2cd30700            Options.table_factory: BlockBasedTable
2019/10/17-14:56:13.590094 7fbc2cd30700            table_factory options:   flush_block_policy_factory: FlushBlockBySizePolicyFactory (0x7fbbb80224e0)
  cache_index_and_filter_blocks: 0
  cache_index_and_filter_blocks_with_high_priority: 0
  pin_l0_filter_and_index_blocks_in_cache: 0
  pin_top_level_index_and_filter: 1
  index_type: 0
  hash_index_allow_collision: 1
  checksum: 1
  no_block_cache: 0
  block_cache: 0x7fbbb80df870
  block_cache_name: LRUCache
  block_cache_options:
    capacity : 8388608
    num_shard_bits : 4
    strict_capacity_limit : 0
    memory_allocator : None
    high_pri_pool_ratio: 0.000
  block_cache_compressed: (nil)
  persistent_cache: (nil)
  block_size: 4096
  block_size_deviation: 10
  block_restart_interval: 16
  index_block_restart_interval: 1
  metadata_block_size: 4096
  partition_filters: 0
  use_delta_encoding: 1
  filter_policy: nullptr
  whole_key_filtering: 1
  verify_compression: 0
  read_amp_bytes_per_bit: 0
  format_version: 2
  enable_index_compression: 1
  block_align: 0
2019/10/17-14:56:13.590099 7fbc2cd30700        Options.write_buffer_size: 67108864
2019/10/17-14:56:13.590100 7fbc2cd30700  Options.max_write_buffer_number: 2
2019/10/17-14:56:13.590101 7fbc2cd30700          Options.compression: NoCompression
2019/10/17-14:56:13.590101 7fbc2cd30700                  Options.bottommost_compression: Disabled
2019/10/17-14:56:13.590102 7fbc2cd30700       Options.prefix_extractor: nullptr
2019/10/17-14:56:13.590103 7fbc2cd30700   Options.memtable_insert_with_hint_prefix_extractor: nullptr
2019/10/17-14:56:13.590103 7fbc2cd30700             Options.num_levels: 7
2019/10/17-14:56:13.590104 7fbc2cd30700        Options.min_write_buffer_number_to_merge: 1
2019/10/17-14:56:13.590104 7fbc2cd30700     Options.max_write_buffer_number_to_maintain: 0
2019/10/17-14:56:13.590105 7fbc2cd30700            Options.bottommost_compression_opts.window_bits: -14
2019/10/17-14:56:13.590106 7fbc2cd30700                  Options.bottommost_compression_opts.level: 32767
2019/10/17-14:56:13.590106 7fbc2cd30700               Options.bottommost_compression_opts.strategy: 0
2019/10/17-14:56:13.590107 7fbc2cd30700         Options.bottommost_compression_opts.max_dict_bytes: 0
2019/10/17-14:56:13.590107 7fbc2cd30700         Options.bottommost_compression_opts.zstd_max_train_bytes: 0
2019/10/17-14:56:13.590108 7fbc2cd30700                  Options.bottommost_compression_opts.enabled: false
2019/10/17-14:56:13.590109 7fbc2cd30700            Options.compression_opts.window_bits: -14
2019/10/17-14:56:13.590109 7fbc2cd30700                  Options.compression_opts.level: 32767
2019/10/17-14:56:13.590110 7fbc2cd30700               Options.compression_opts.strategy: 0
2019/10/17-14:56:13.590110 7fbc2cd30700         Options.compression_opts.max_dict_bytes: 0
2019/10/17-14:56:13.590111 7fbc2cd30700         Options.compression_opts.zstd_max_train_bytes: 0
2019/10/17-14:56:13.590112 7fbc2cd30700                  Options.compression_opts.enabled: false
2019/10/17-14:56:13.590112 7fbc2cd30700      Options.level0_file_num_compaction_trigger: 4
2019/10/17-14:56:13.590113 7fbc2cd30700          Options.level0_slowdown_writes_trigger: 20
2019/10/17-14:56:13.590113 7fbc2cd30700              Options.level0_stop_writes_trigger: 36
2019/10/17-14:56:13.590114 7fbc2cd30700                   Options.target_file_size_base: 67108864
2019/10/17-14:56:13.590115 7fbc2cd30700             Options.target_file_size_multiplier: 1
2019/10/17-14:56:13.590115 7fbc2cd30700                Options.max_bytes_for_level_base: 268435456
2019/10/17-14:56:13.590116 7fbc2cd30700 Options.level_compaction_dynamic_level_bytes: 0
2019/10/17-14:56:13.590117 7fbc2cd30700          Options.max_bytes_for_level_multiplier: 10.000000
2019/10/17-14:56:13.590118 7fbc2cd30700 Options.max_bytes_for_level_multiplier_addtl[0]: 1
2019/10/17-14:56:13.590118 7fbc2cd30700 Options.max_bytes_for_level_multiplier_addtl[1]: 1
2019/10/17-14:56:13.590119 7fbc2cd30700 Options.max_bytes_for_level_multiplier_addtl[2]: 1
2019/10/17-14:56:13.590120 7fbc2cd30700 Options.max_bytes_for_level_multiplier_addtl[3]: 1
2019/10/17-14:56:13.590120 7fbc2cd30700 Options.max_bytes_for_level_multiplier_addtl[4]: 1
2019/10/17-14:56:13.590121 7fbc2cd30700 Options.max_bytes_for_level_multiplier_addtl[5]: 1
2019/10/17-14:56:13.590122 7fbc2cd30700 Options.max_bytes_for_level_multiplier_addtl[6]: 1
2019/10/17-14:56:13.590122 7fbc2cd30700       Options.max_sequential_skip_in_iterations: 8
2019/10/17-14:56:13.590126 7fbc2cd30700                    Options.max_compaction_bytes: 1677721600
2019/10/17-14:56:13.590126 7fbc2cd30700                        Options.arena_block_size: 8388608
2019/10/17-14:56:13.590127 7fbc2cd30700   Options.soft_pending_compaction_bytes_limit: 68719476736
2019/10/17-14:56:13.590128 7fbc2cd30700   Options.hard_pending_compaction_bytes_limit: 274877906944
2019/10/17-14:56:13.590128 7fbc2cd30700       Options.rate_limit_delay_max_milliseconds: 100
2019/10/17-14:56:13.590129 7fbc2cd30700                Options.disable_auto_compactions: 0
2019/10/17-14:56:13.590130 7fbc2cd30700                        Options.compaction_style: kCompactionStyleLevel
2019/10/17-14:56:13.590131 7fbc2cd30700                          Options.compaction_pri: kByCompensatedSize
2019/10/17-14:56:13.590131 7fbc2cd30700 Options.compaction_options_universal.size_ratio: 1
2019/10/17-14:56:13.590132 7fbc2cd30700 Options.compaction_options_universal.min_merge_width: 2
2019/10/17-14:56:13.590132 7fbc2cd30700 Options.compaction_options_universal.max_merge_width: 4294967295
2019/10/17-14:56:13.590133 7fbc2cd30700 Options.compaction_options_universal.max_size_amplification_percent: 200
2019/10/17-14:56:13.590134 7fbc2cd30700 Options.compaction_options_universal.compression_size_percent: -1
2019/10/17-14:56:13.590135 7fbc2cd30700 Options.compaction_options_universal.stop_style: kCompactionStopStyleTotalSize
2019/10/17-14:56:13.590135 7fbc2cd30700 Options.compaction_options_fifo.max_table_files_size: 1073741824
2019/10/17-14:56:13.590136 7fbc2cd30700 Options.compaction_options_fifo.allow_compaction: 0
2019/10/17-14:56:13.590136 7fbc2cd30700 Options.compaction_options_fifo.ttl: 0
2019/10/17-14:56:13.590137 7fbc2cd30700                   Options.table_properties_collectors: 
2019/10/17-14:56:13.590138 7fbc2cd30700                   Options.inplace_update_support: 0
2019/10/17-14:56:13.590138 7fbc2cd30700                 Options.inplace_update_num_locks: 10000
2019/10/17-14:56:13.590139 7fbc2cd30700               Options.memtable_prefix_bloom_size_ratio: 0.000000
2019/10/17-14:56:13.590140 7fbc2cd30700   Options.memtable_huge_page_size: 0
2019/10/17-14:56:13.590140 7fbc2cd30700                           Options.bloom_locality: 0
2019/10/17-14:56:13.590141 7fbc2cd30700                    Options.max_successive_merges: 0
2019/10/17-14:56:13.590142 7fbc2cd30700                Options.optimize_filters_for_hits: 0
2019/10/17-14:56:13.590142 7fbc2cd30700                Options.paranoid_file_checks: 0
2019/10/17-14:56:13.590143 7fbc2cd30700                Options.force_consistency_checks: 0
2019/10/17-14:56:13.590143 7fbc2cd30700                Options.report_bg_io_stats: 0
2019/10/17-14:56:13.590144 7fbc2cd30700                               Options.ttl: 0
2019/10/17-14:56:13.590157 7fbc2cd30700 [db/column_family.cc:472] --------------- Options for column family [entries]:
2019/10/17-14:56:13.590158 7fbc2cd30700               Options.comparator: leveldb.BytewiseComparator
2019/10/17-14:56:13.590159 7fbc2cd30700           Options.merge_operator: None
2019/10/17-14:56:13.590159 7fbc2cd30700        Options.compaction_filter: None
2019/10/17-14:56:13.590160 7fbc2cd30700        Options.compaction_filter_factory: None
2019/10/17-14:56:13.590160 7fbc2cd30700         Options.memtable_factory: SkipListFactory
2019/10/17-14:56:13.590161 7fbc2cd30700            Options.table_factory: BlockBasedTable
2019/10/17-14:56:13.590169 7fbc2cd30700            table_factory options:   flush_block_policy_factory: FlushBlockBySizePolicyFactory (0x7fbbb8022180)
  cache_index_and_filter_blocks: 0
  cache_index_and_filter_blocks_with_high_priority: 0
  pin_l0_filter_and_index_blocks_in_cache: 0
  pin_top_level_index_and_filter: 1
  index_type: 0
  hash_index_allow_collision: 1
  checksum: 1
  no_block_cache: 0
  block_cache: 0x7fbbb802a4a0
  block_cache_name: LRUCache
  block_cache_options:
    capacity : 8388608
    num_shard_bits : 4
    strict_capacity_limit : 0
    memory_allocator : None
    high_pri_pool_ratio: 0.000
  block_cache_compressed: (nil)
  persistent_cache: (nil)
  block_size: 4096
  block_size_deviation: 10
  block_restart_interval: 16
  index_block_restart_interval: 1
  metadata_block_size: 4096
  partition_filters: 0
  use_delta_encoding: 1
  filter_policy: nullptr
  whole_key_filtering: 1
  verify_compression: 0
  read_amp_bytes_per_bit: 0
  format_version: 2
  enable_index_compression: 1
  block_align: 0
2019/10/17-14:56:13.590174 7fbc2cd30700        Options.write_buffer_size: 67108864
2019/10/17-14:56:13.590175 7fbc2cd30700  Options.max_write_buffer_number: 2
2019/10/17-14:56:13.590175 7fbc2cd30700          Options.compression: NoCompression
2019/10/17-14:56:13.590176 7fbc2cd30700                  Options.bottommost_compression: Disabled
2019/10/17-14:56:13.590177 7fbc2cd30700       Options.prefix_extractor: nullptr
2019/10/17-14:56:13.590177 7fbc2cd30700   Options.memtable_insert_with_hint_prefix_extractor: nullptr
2019/10/17-14:56:13.590178 7fbc2cd30700             Options.num_levels: 7
2019/10/17-14:56:13.590179 7fbc2cd30700        Options.min_write_buffer_number_to_merge: 1
2019/10/17-14:56:13.590179 7fbc2cd30700     Options.max_write_buffer_number_to_maintain: 0
2019/10/17-14:56:13.590180 7fbc2cd30700            Options.bottommost_compression_opts.window_bits: -14
2019/10/17-14:56:13.590180 7fbc2cd30700                  Options.bottommost_compression_opts.level: 32767
2019/10/17-14:56:13.590181 7fbc2cd30700               Options.bottommost_compression_opts.strategy: 0
2019/10/17-14:56:13.590182 7fbc2cd30700         Options.bottommost_compression_opts.max_dict_bytes: 0
2019/10/17-14:56:13.590182 7fbc2cd30700         Options.bottommost_compression_opts.zstd_max_train_bytes: 0
2019/10/17-14:56:13.590183 7fbc2cd30700                  Options.bottommost_compression_opts.enabled: false
2019/10/17-14:56:13.590183 7fbc2cd30700            Options.compression_opts.window_bits: -14
2019/10/17-14:56:13.590184 7fbc2cd30700                  Options.compression_opts.level: 32767
2019/10/17-14:56:13.590185 7fbc2cd30700               Options.compression_opts.strategy: 0
2019/10/17-14:56:13.590185 7fbc2cd30700         Options.compression_opts.max_dict_bytes: 0
2019/10/17-14:56:13.590186 7fbc2cd30700         Options.compression_opts.zstd_max_train_bytes: 0
2019/10/17-14:56:13.590186 7fbc2cd30700                  Options.compression_opts.enabled: false
2019/10/17-14:56:13.590187 7fbc2cd30700      Options.level0_file_num_compaction_trigger: 4
2019/10/17-14:56:13.590188 7fbc2cd30700          Options.level0_slowdown_writes_trigger: 20
2019/10/17-14:56:13.590188 7fbc2cd30700              Options.level0_stop_writes_trigger: 36
2019/10/17-14:56:13.590189 7fbc2cd30700                   Options.target_file_size_base: 67108864
2019/10/17-14:56:13.590190 7fbc2cd30700             Options.target_file_size_multiplier: 1
2019/10/17-14:56:13.590190 7fbc2cd30700                Options.max_bytes_for_level_base: 268435456
2019/10/17-14:56:13.590191 7fbc2cd30700 Options.level_compaction_dynamic_level_bytes: 0
2019/10/17-14:56:13.590191 7fbc2cd30700          Options.max_bytes_for_level_multiplier: 10.000000
2019/10/17-14:56:13.590192 7fbc2cd30700 Options.max_bytes_for_level_multiplier_addtl[0]: 1
2019/10/17-14:56:13.590193 7fbc2cd30700 Options.max_bytes_for_level_multiplier_addtl[1]: 1
2019/10/17-14:56:13.590194 7fbc2cd30700 Options.max_bytes_for_level_multiplier_addtl[2]: 1
2019/10/17-14:56:13.590194 7fbc2cd30700 Options.max_bytes_for_level_multiplier_addtl[3]: 1
2019/10/17-14:56:13.590195 7fbc2cd30700 Options.max_bytes_for_level_multiplier_addtl[4]: 1
2019/10/17-14:56:13.590196 7fbc2cd30700 Options.max_bytes_for_level_multiplier_addtl[5]: 1
2019/10/17-14:56:13.590196 7fbc2cd30700 Options.max_bytes_for_level_multiplier_addtl[6]: 1
2019/10/17-14:56:13.590197 7fbc2cd30700       Options.max_sequential_skip_in_iterations: 8
2019/10/17-14:56:13.590197 7fbc2cd30700                    Options.max_compaction_bytes: 1677721600
2019/10/17-14:56:13.590198 7fbc2cd30700                        Options.arena_block_size: 8388608
2019/10/17-14:56:13.590199 7fbc2cd30700   Options.soft_pending_compaction_bytes_limit: 68719476736
2019/10/17-14:56:13.590202 7fbc2cd30700   Options.hard_pending_compaction_bytes_limit: 274877906944
2019/10/17-14:56:13.590203 7fbc2cd30700       Options.rate_limit_delay_max_milliseconds: 100
2019/10/17-14:56:13.590204 7fbc2cd30700                Options.disable_auto_compactions: 0
2019/10/17-14:56:13.590204 7fbc2cd30700                        Options.compaction_style: kCompactionStyleLevel
2019/10/17-14:56:13.590205 7fbc2cd30700                          Options.compaction_pri: kByCompensatedSize
2019/10/17-14:56:13.590206 7fbc2cd30700 Options.compaction_options_universal.size_ratio: 1
2019/10/17-14:56:13.590206 7fbc2cd30700 Options.compaction_options_universal.min_merge_width: 2
2019/10/17-14:56:13.590207 7fbc2cd30700 Options.compaction_options_universal.max_merge_width: 4294967295
2019/10/17-14:56:13.590208 7fbc2cd30700 Options.compaction_options_universal.max_size_amplification_percent: 200
2019/10/17-14:56:13.590208 7fbc2cd30700 Options.compaction_options_universal.compression_size_percent: -1
2019/10/17-14:56:13.590209 7fbc2cd30700 Options.compaction_options_universal.stop_style: kCompactionStopStyleTotalSize
2019/10/17-14:56:13.590209 7fbc2cd30700 Options.compaction_options_fifo.max_table_files_size: 1073741824
2019/10/17-14:56:13.590210 7fbc2cd30700 Options.compaction_options_fifo.allow_compaction: 0
2019/10/17-14:56:13.590211 7fbc2cd30700 Options.compaction_options_fifo.ttl: 0
2019/10/17-14:56:13.590211 7fbc2cd30700                   Options.table_properties_collectors: 
2019/10/17-14:56:13.590212 7fbc2cd30700                   Options.inplace_update_support: 0
2019/10/17-14:56:13.590212 7fbc2cd30700                 Options.inplace_update_num_locks: 10000
2019/10/17-14:56:13.590213 7fbc2cd30700               Options.memtable_prefix_bloom_size_ratio: 0.000000
2019/10/17-14:56:13.590214 7fbc2cd30700   Options.memtable_huge_page_size: 0
2019/10/17-14:56:13.590215 7fbc2cd30700                           Options.bloom_locality: 0
2019/10/17-14:56:13.590215 7fbc2cd30700                    Options.max_successive_merges: 0
2019/10/17-14:56:13.590216 7fbc2cd30700                Options.optimize_filters_for_hits: 0
2019/10/17-14:56:13.590216 7fbc2cd30700                Options.paranoid_file_checks: 0
2019/10/17-14:56:13.590217 7fbc2cd30700                Options.force_consistency_checks: 0
2019/10/17-14:56:13.590218 7fbc2cd30700                Options.report_bg_io_stats: 0
2019/10/17-14:56:13.590218 7fbc2cd30700                               Options.ttl: 0
2019/10/17-14:56:13.590230 7fbc2cd30700 [db/column_family.cc:472] --------------- Options for column family [dc_entries]:
2019/10/17-14:56:13.590231 7fbc2cd30700               Options.comparator: leveldb.BytewiseComparator
2019/10/17-14:56:13.590232 7fbc2cd30700           Options.merge_operator: None
2019/10/17-14:56:13.590232 7fbc2cd30700        Options.compaction_filter: None
2019/10/17-14:56:13.590233 7fbc2cd30700        Options.compaction_filter_factory: None
2019/10/17-14:56:13.590233 7fbc2cd30700         Options.memtable_factory: SkipListFactory
2019/10/17-14:56:13.590234 7fbc2cd30700            Options.table_factory: BlockBasedTable
2019/10/17-14:56:13.590242 7fbc2cd30700            table_factory options:   flush_block_policy_factory: FlushBlockBySizePolicyFactory (0x7fbbb8057e80)
  cache_index_and_filter_blocks: 0
  cache_index_and_filter_blocks_with_high_priority: 0
  pin_l0_filter_and_index_blocks_in_cache: 0
  pin_top_level_index_and_filter: 1
  index_type: 0
  hash_index_allow_collision: 1
  checksum: 1
  no_block_cache: 0
  block_cache: 0x7fbbb8022ca0
  block_cache_name: LRUCache
  block_cache_options:
    capacity : 8388608
    num_shard_bits : 4
    strict_capacity_limit : 0
    memory_allocator : None
    high_pri_pool_ratio: 0.000
  block_cache_compressed: (nil)
  persistent_cache: (nil)
  block_size: 4096
  block_size_deviation: 10
  block_restart_interval: 16
  index_block_restart_interval: 1
  metadata_block_size: 4096
  partition_filters: 0
  use_delta_encoding: 1
  filter_policy: nullptr
  whole_key_filtering: 1
  verify_compression: 0
  read_amp_bytes_per_bit: 0
  format_version: 2
  enable_index_compression: 1
  block_align: 0
2019/10/17-14:56:13.590247 7fbc2cd30700        Options.write_buffer_size: 67108864
2019/10/17-14:56:13.590248 7fbc2cd30700  Options.max_write_buffer_number: 2
2019/10/17-14:56:13.590249 7fbc2cd30700          Options.compression: NoCompression
2019/10/17-14:56:13.590249 7fbc2cd30700                  Options.bottommost_compression: Disabled
2019/10/17-14:56:13.590250 7fbc2cd30700       Options.prefix_extractor: nullptr
2019/10/17-14:56:13.590250 7fbc2cd30700   Options.memtable_insert_with_hint_prefix_extractor: nullptr
2019/10/17-14:56:13.590251 7fbc2cd30700             Options.num_levels: 7
2019/10/17-14:56:13.590252 7fbc2cd30700        Options.min_write_buffer_number_to_merge: 1
2019/10/17-14:56:13.590252 7fbc2cd30700     Options.max_write_buffer_number_to_maintain: 0
2019/10/17-14:56:13.590253 7fbc2cd30700            Options.bottommost_compression_opts.window_bits: -14
2019/10/17-14:56:13.590254 7fbc2cd30700                  Options.bottommost_compression_opts.level: 32767
2019/10/17-14:56:13.590254 7fbc2cd30700               Options.bottommost_compression_opts.strategy: 0
2019/10/17-14:56:13.590255 7fbc2cd30700         Options.bottommost_compression_opts.max_dict_bytes: 0
2019/10/17-14:56:13.590255 7fbc2cd30700         Options.bottommost_compression_opts.zstd_max_train_bytes: 0
2019/10/17-14:56:13.590256 7fbc2cd30700                  Options.bottommost_compression_opts.enabled: false
2019/10/17-14:56:13.590257 7fbc2cd30700            Options.compression_opts.window_bits: -14
2019/10/17-14:56:13.590257 7fbc2cd30700                  Options.compression_opts.level: 32767
2019/10/17-14:56:13.590258 7fbc2cd30700               Options.compression_opts.strategy: 0
2019/10/17-14:56:13.590258 7fbc2cd30700         Options.compression_opts.max_dict_bytes: 0
2019/10/17-14:56:13.590259 7fbc2cd30700         Options.compression_opts.zstd_max_train_bytes: 0
2019/10/17-14:56:13.590260 7fbc2cd30700                  Options.compression_opts.enabled: false
2019/10/17-14:56:13.590260 7fbc2cd30700      Options.level0_file_num_compaction_trigger: 4
2019/10/17-14:56:13.590261 7fbc2cd30700          Options.level0_slowdown_writes_trigger: 20
2019/10/17-14:56:13.590261 7fbc2cd30700              Options.level0_stop_writes_trigger: 36
2019/10/17-14:56:13.590262 7fbc2cd30700                   Options.target_file_size_base: 67108864
2019/10/17-14:56:13.590263 7fbc2cd30700             Options.target_file_size_multiplier: 1
2019/10/17-14:56:13.590263 7fbc2cd30700                Options.max_bytes_for_level_base: 268435456
2019/10/17-14:56:13.590264 7fbc2cd30700 Options.level_compaction_dynamic_level_bytes: 0
2019/10/17-14:56:13.590264 7fbc2cd30700          Options.max_bytes_for_level_multiplier: 10.000000
2019/10/17-14:56:13.590265 7fbc2cd30700 Options.max_bytes_for_level_multiplier_addtl[0]: 1
2019/10/17-14:56:13.590266 7fbc2cd30700 Options.max_bytes_for_level_multiplier_addtl[1]: 1
2019/10/17-14:56:13.590267 7fbc2cd30700 Options.max_bytes_for_level_multiplier_addtl[2]: 1
2019/10/17-14:56:13.590267 7fbc2cd30700 Options.max_bytes_for_level_multiplier_addtl[3]: 1
2019/10/17-14:56:13.590268 7fbc2cd30700 Options.max_bytes_for_level_multiplier_addtl[4]: 1
2019/10/17-14:56:13.590269 7fbc2cd30700 Options.max_bytes_for_level_multiplier_addtl[5]: 1
2019/10/17-14:56:13.590269 7fbc2cd30700 Options.max_bytes_for_level_multiplier_addtl[6]: 1
2019/10/17-14:56:13.590270 7fbc2cd30700       Options.max_sequential_skip_in_iterations: 8
2019/10/17-14:56:13.590270 7fbc2cd30700                    Options.max_compaction_bytes: 1677721600
2019/10/17-14:56:13.590271 7fbc2cd30700                        Options.arena_block_size: 8388608
2019/10/17-14:56:13.590272 7fbc2cd30700   Options.soft_pending_compaction_bytes_limit: 68719476736
2019/10/17-14:56:13.590272 7fbc2cd30700   Options.hard_pending_compaction_bytes_limit: 274877906944
2019/10/17-14:56:13.590273 7fbc2cd30700       Options.rate_limit_delay_max_milliseconds: 100
2019/10/17-14:56:13.590274 7fbc2cd30700                Options.disable_auto_compactions: 0
2019/10/17-14:56:13.590277 7fbc2cd30700                        Options.compaction_style: kCompactionStyleLevel
2019/10/17-14:56:13.590278 7fbc2cd30700                          Options.compaction_pri: kByCompensatedSize
2019/10/17-14:56:13.590279 7fbc2cd30700 Options.compaction_options_universal.size_ratio: 1
2019/10/17-14:56:13.590280 7fbc2cd30700 Options.compaction_options_universal.min_merge_width: 2
2019/10/17-14:56:13.590280 7fbc2cd30700 Options.compaction_options_universal.max_merge_width: 4294967295
2019/10/17-14:56:13.590281 7fbc2cd30700 Options.compaction_options_universal.max_size_amplification_percent: 200
2019/10/17-14:56:13.590281 7fbc2cd30700 Options.compaction_options_universal.compression_size_percent: -1
2019/10/17-14:56:13.590282 7fbc2cd30700 Options.compaction_options_universal.stop_style: kCompactionStopStyleTotalSize
2019/10/17-14:56:13.590283 7fbc2cd30700 Options.compaction_options_fifo.max_table_files_size: 1073741824
2019/10/17-14:56:13.590283 7fbc2cd30700 Options.compaction_options_fifo.allow_compaction: 0
2019/10/17-14:56:13.590284 7fbc2cd30700 Options.compaction_options_fifo.ttl: 0
2019/10/17-14:56:13.590285 7fbc2cd30700                   Options.table_properties_collectors: 
2019/10/17-14:56:13.590285 7fbc2cd30700                   Options.inplace_update_support: 0
2019/10/17-14:56:13.590286 7fbc2cd30700                 Options.inplace_update_num_locks: 10000
2019/10/17-14:56:13.590286 7fbc2cd30700               Options.memtable_prefix_bloom_size_ratio: 0.000000
2019/10/17-14:56:13.590287 7fbc2cd30700   Options.memtable_huge_page_size: 0
2019/10/17-14:56:13.590288 7fbc2cd30700                           Options.bloom_locality: 0
2019/10/17-14:56:13.590289 7fbc2cd30700                    Options.max_successive_merges: 0
2019/10/17-14:56:13.590289 7fbc2cd30700                Options.optimize_filters_for_hits: 0
2019/10/17-14:56:13.590290 7fbc2cd30700                Options.paranoid_file_checks: 0
2019/10/17-14:56:13.590290 7fbc2cd30700                Options.force_consistency_checks: 0
2019/10/17-14:56:13.590291 7fbc2cd30700                Options.report_bg_io_stats: 0
2019/10/17-14:56:13.590292 7fbc2cd30700                               Options.ttl: 0
2019/10/17-14:56:13.590301 7fbc2cd30700 [db/column_family.cc:472] --------------- Options for column family [htlcs]:
2019/10/17-14:56:13.590302 7fbc2cd30700               Options.comparator: leveldb.BytewiseComparator
2019/10/17-14:56:13.590303 7fbc2cd30700           Options.merge_operator: None
2019/10/17-14:56:13.590304 7fbc2cd30700        Options.compaction_filter: None
2019/10/17-14:56:13.590304 7fbc2cd30700        Options.compaction_filter_factory: None
2019/10/17-14:56:13.590305 7fbc2cd30700         Options.memtable_factory: SkipListFactory
2019/10/17-14:56:13.590306 7fbc2cd30700            Options.table_factory: BlockBasedTable
2019/10/17-14:56:13.590313 7fbc2cd30700            table_factory options:   flush_block_policy_factory: FlushBlockBySizePolicyFactory (0x7fbbb80791f0)
