2019/10/17-14:56:04.782150 7fbc2cd30700 RocksDB version: 5.18.3
2019/10/17-14:56:04.782181 7fbc2cd30700 Git sha rocksdb_build_git_sha:@0@
2019/10/17-14:56:04.782183 7fbc2cd30700 Compile date Sep 19 2019
2019/10/17-14:56:04.782185 7fbc2cd30700 DB SUMMARY
2019/10/17-14:56:04.782870 7fbc2cd30700 CURRENT file:  CURRENT
2019/10/17-14:56:04.782871 7fbc2cd30700 IDENTITY file:  IDENTITY
2019/10/17-14:56:04.782899 7fbc2cd30700 MANIFEST file:  MANIFEST-116749 size: 4114 Bytes
2019/10/17-14:56:04.782901 7fbc2cd30700 SST files in /home/rahul/dev/blockchain-core/eqc/ledger.db dir, Total Num: 29, files: 000624.sst 000627.sst 106940.sst 108447.sst 108450.sst 109471.sst 109483.sst 109485.sst 109486.sst 
2019/10/17-14:56:04.782902 7fbc2cd30700 Write Ahead Log file in /home/rahul/dev/blockchain-core/eqc/ledger.db: 116750.log size: 0 ; 
2019/10/17-14:56:04.782934 7fbc2cd30700                         Options.error_if_exists: 0
2019/10/17-14:56:04.782936 7fbc2cd30700                       Options.create_if_missing: 1
2019/10/17-14:56:04.782937 7fbc2cd30700                         Options.paranoid_checks: 1
2019/10/17-14:56:04.782937 7fbc2cd30700                                     Options.env: 0x7fbbafa7bc60
2019/10/17-14:56:04.782938 7fbc2cd30700                                Options.info_log: 0x7fbbb807bcb0
2019/10/17-14:56:04.782939 7fbc2cd30700                Options.max_file_opening_threads: 16
2019/10/17-14:56:04.782940 7fbc2cd30700                              Options.statistics: (nil)
2019/10/17-14:56:04.782941 7fbc2cd30700                               Options.use_fsync: 0
2019/10/17-14:56:04.782941 7fbc2cd30700                       Options.max_log_file_size: 0
2019/10/17-14:56:04.782942 7fbc2cd30700                  Options.max_manifest_file_size: 1073741824
2019/10/17-14:56:04.782943 7fbc2cd30700                   Options.log_file_time_to_roll: 0
2019/10/17-14:56:04.782944 7fbc2cd30700                       Options.keep_log_file_num: 1000
2019/10/17-14:56:04.782945 7fbc2cd30700                    Options.recycle_log_file_num: 0
2019/10/17-14:56:04.782945 7fbc2cd30700                         Options.allow_fallocate: 1
2019/10/17-14:56:04.782946 7fbc2cd30700                        Options.allow_mmap_reads: 0
2019/10/17-14:56:04.782947 7fbc2cd30700                       Options.allow_mmap_writes: 0
2019/10/17-14:56:04.782947 7fbc2cd30700                        Options.use_direct_reads: 0
2019/10/17-14:56:04.782948 7fbc2cd30700                        Options.use_direct_io_for_flush_and_compaction: 0
2019/10/17-14:56:04.782949 7fbc2cd30700          Options.create_missing_column_families: 0
2019/10/17-14:56:04.782949 7fbc2cd30700                              Options.db_log_dir: 
2019/10/17-14:56:04.782950 7fbc2cd30700                                 Options.wal_dir: /home/rahul/dev/blockchain-core/eqc/ledger.db
2019/10/17-14:56:04.782951 7fbc2cd30700                Options.table_cache_numshardbits: 6
2019/10/17-14:56:04.782952 7fbc2cd30700                      Options.max_subcompactions: 1
2019/10/17-14:56:04.782953 7fbc2cd30700                  Options.max_background_flushes: -1
2019/10/17-14:56:04.782953 7fbc2cd30700                         Options.WAL_ttl_seconds: 0
2019/10/17-14:56:04.782954 7fbc2cd30700                       Options.WAL_size_limit_MB: 0
2019/10/17-14:56:04.782955 7fbc2cd30700             Options.manifest_preallocation_size: 4194304
2019/10/17-14:56:04.782956 7fbc2cd30700                     Options.is_fd_close_on_exec: 1
2019/10/17-14:56:04.782956 7fbc2cd30700                   Options.advise_random_on_open: 1
2019/10/17-14:56:04.782957 7fbc2cd30700                    Options.db_write_buffer_size: 0
2019/10/17-14:56:04.782958 7fbc2cd30700                    Options.write_buffer_manager: 0x7fbbb8037e10
2019/10/17-14:56:04.782959 7fbc2cd30700         Options.access_hint_on_compaction_start: 1
2019/10/17-14:56:04.782959 7fbc2cd30700  Options.new_table_reader_for_compaction_inputs: 0
2019/10/17-14:56:04.782960 7fbc2cd30700           Options.random_access_max_buffer_size: 1048576
2019/10/17-14:56:04.782961 7fbc2cd30700                      Options.use_adaptive_mutex: 0
2019/10/17-14:56:04.782961 7fbc2cd30700                            Options.rate_limiter: (nil)
2019/10/17-14:56:04.782970 7fbc2cd30700     Options.sst_file_manager.rate_bytes_per_sec: 0
2019/10/17-14:56:04.782971 7fbc2cd30700                       Options.wal_recovery_mode: 2
2019/10/17-14:56:04.782972 7fbc2cd30700                  Options.enable_thread_tracking: 0
2019/10/17-14:56:04.782972 7fbc2cd30700                  Options.enable_pipelined_write: 0
2019/10/17-14:56:04.782973 7fbc2cd30700         Options.allow_concurrent_memtable_write: 1
2019/10/17-14:56:04.782974 7fbc2cd30700      Options.enable_write_thread_adaptive_yield: 1
2019/10/17-14:56:04.782975 7fbc2cd30700             Options.write_thread_max_yield_usec: 100
2019/10/17-14:56:04.782975 7fbc2cd30700            Options.write_thread_slow_yield_usec: 3
2019/10/17-14:56:04.782976 7fbc2cd30700                               Options.row_cache: None
2019/10/17-14:56:04.782977 7fbc2cd30700                              Options.wal_filter: None
2019/10/17-14:56:04.782978 7fbc2cd30700             Options.avoid_flush_during_recovery: 0
2019/10/17-14:56:04.782978 7fbc2cd30700             Options.allow_ingest_behind: 0
2019/10/17-14:56:04.782979 7fbc2cd30700             Options.preserve_deletes: 0
2019/10/17-14:56:04.782980 7fbc2cd30700             Options.two_write_queues: 0
2019/10/17-14:56:04.782981 7fbc2cd30700             Options.manual_wal_flush: 0
2019/10/17-14:56:04.782981 7fbc2cd30700             Options.max_background_jobs: 2
2019/10/17-14:56:04.782982 7fbc2cd30700             Options.max_background_compactions: -1
2019/10/17-14:56:04.782983 7fbc2cd30700             Options.avoid_flush_during_shutdown: 0
2019/10/17-14:56:04.782983 7fbc2cd30700           Options.writable_file_max_buffer_size: 1048576
2019/10/17-14:56:04.782984 7fbc2cd30700             Options.delayed_write_rate : 16777216
2019/10/17-14:56:04.782985 7fbc2cd30700             Options.max_total_wal_size: 0
2019/10/17-14:56:04.782986 7fbc2cd30700             Options.delete_obsolete_files_period_micros: 21600000000
2019/10/17-14:56:04.782986 7fbc2cd30700                   Options.stats_dump_period_sec: 600
2019/10/17-14:56:04.782987 7fbc2cd30700                          Options.max_open_files: -1
2019/10/17-14:56:04.782988 7fbc2cd30700                          Options.bytes_per_sync: 0
2019/10/17-14:56:04.782989 7fbc2cd30700                      Options.wal_bytes_per_sync: 0
2019/10/17-14:56:04.782989 7fbc2cd30700       Options.compaction_readahead_size: 0
2019/10/17-14:56:04.782990 7fbc2cd30700 Compression algorithms supported:
2019/10/17-14:56:04.782991 7fbc2cd30700 	kZSTDNotFinalCompression supported: 0
2019/10/17-14:56:04.782992 7fbc2cd30700 	kZSTD supported: 0
2019/10/17-14:56:04.782993 7fbc2cd30700 	kXpressCompression supported: 0
2019/10/17-14:56:04.782994 7fbc2cd30700 	kLZ4HCCompression supported: 0
2019/10/17-14:56:04.782994 7fbc2cd30700 	kLZ4Compression supported: 0
2019/10/17-14:56:04.782995 7fbc2cd30700 	kBZip2Compression supported: 0
2019/10/17-14:56:04.782996 7fbc2cd30700 	kZlibCompression supported: 0
2019/10/17-14:56:04.782997 7fbc2cd30700 	kSnappyCompression supported: 0
2019/10/17-14:56:04.782998 7fbc2cd30700 Fast CRC32 supported: Supported on x86
2019/10/17-14:56:04.783088 7fbc2cd30700 [db/version_set.cc:3507] Recovering from manifest file: MANIFEST-116749
2019/10/17-14:56:04.783118 7fbc2cd30700 [db/column_family.cc:472] --------------- Options for column family [default]:
2019/10/17-14:56:04.783120 7fbc2cd30700               Options.comparator: leveldb.BytewiseComparator
2019/10/17-14:56:04.783121 7fbc2cd30700           Options.merge_operator: None
2019/10/17-14:56:04.783122 7fbc2cd30700        Options.compaction_filter: None
2019/10/17-14:56:04.783122 7fbc2cd30700        Options.compaction_filter_factory: None
2019/10/17-14:56:04.783123 7fbc2cd30700         Options.memtable_factory: SkipListFactory
2019/10/17-14:56:04.783124 7fbc2cd30700            Options.table_factory: BlockBasedTable
2019/10/17-14:56:04.783140 7fbc2cd30700            table_factory options:   flush_block_policy_factory: FlushBlockBySizePolicyFactory (0x7fbbb80d71d0)
  cache_index_and_filter_blocks: 0
  cache_index_and_filter_blocks_with_high_priority: 0
  pin_l0_filter_and_index_blocks_in_cache: 0
  pin_top_level_index_and_filter: 1
  index_type: 0
  hash_index_allow_collision: 1
  checksum: 1
  no_block_cache: 0
  block_cache: 0x7fbbb80d9060
  block_cache_name: LRUCache
  block_cache_options:
    capacity : 8388608
    num_shard_bits : 4
    strict_capacity_limit : 0
    memory_allocator : None
    high_pri_pool_ratio: 0.000
  block_cache_compressed: (nil)
  persistent_cache: (nil)
  block_size: 4096
  block_size_deviation: 10
  block_restart_interval: 16
  index_block_restart_interval: 1
  metadata_block_size: 4096
  partition_filters: 0
  use_delta_encoding: 1
  filter_policy: nullptr
  whole_key_filtering: 1
  verify_compression: 0
  read_amp_bytes_per_bit: 0
  format_version: 2
  enable_index_compression: 1
  block_align: 0
2019/10/17-14:56:04.783148 7fbc2cd30700        Options.write_buffer_size: 67108864
2019/10/17-14:56:04.783149 7fbc2cd30700  Options.max_write_buffer_number: 2
2019/10/17-14:56:04.783150 7fbc2cd30700          Options.compression: NoCompression
2019/10/17-14:56:04.783151 7fbc2cd30700                  Options.bottommost_compression: Disabled
2019/10/17-14:56:04.783152 7fbc2cd30700       Options.prefix_extractor: nullptr
2019/10/17-14:56:04.783153 7fbc2cd30700   Options.memtable_insert_with_hint_prefix_extractor: nullptr
2019/10/17-14:56:04.783153 7fbc2cd30700             Options.num_levels: 7
2019/10/17-14:56:04.783154 7fbc2cd30700        Options.min_write_buffer_number_to_merge: 1
2019/10/17-14:56:04.783155 7fbc2cd30700     Options.max_write_buffer_number_to_maintain: 0
2019/10/17-14:56:04.783155 7fbc2cd30700            Options.bottommost_compression_opts.window_bits: -14
2019/10/17-14:56:04.783156 7fbc2cd30700                  Options.bottommost_compression_opts.level: 32767
2019/10/17-14:56:04.783157 7fbc2cd30700               Options.bottommost_compression_opts.strategy: 0
2019/10/17-14:56:04.783158 7fbc2cd30700         Options.bottommost_compression_opts.max_dict_bytes: 0
2019/10/17-14:56:04.783158 7fbc2cd30700         Options.bottommost_compression_opts.zstd_max_train_bytes: 0
2019/10/17-14:56:04.783159 7fbc2cd30700                  Options.bottommost_compression_opts.enabled: false
2019/10/17-14:56:04.783160 7fbc2cd30700            Options.compression_opts.window_bits: -14
2019/10/17-14:56:04.783161 7fbc2cd30700                  Options.compression_opts.level: 32767
2019/10/17-14:56:04.783161 7fbc2cd30700               Options.compression_opts.strategy: 0
2019/10/17-14:56:04.783162 7fbc2cd30700         Options.compression_opts.max_dict_bytes: 0
2019/10/17-14:56:04.783163 7fbc2cd30700         Options.compression_opts.zstd_max_train_bytes: 0
2019/10/17-14:56:04.783164 7fbc2cd30700                  Options.compression_opts.enabled: false
2019/10/17-14:56:04.783164 7fbc2cd30700      Options.level0_file_num_compaction_trigger: 4
2019/10/17-14:56:04.783165 7fbc2cd30700          Options.level0_slowdown_writes_trigger: 20
2019/10/17-14:56:04.783166 7fbc2cd30700              Options.level0_stop_writes_trigger: 36
2019/10/17-14:56:04.783166 7fbc2cd30700                   Options.target_file_size_base: 67108864
2019/10/17-14:56:04.783167 7fbc2cd30700             Options.target_file_size_multiplier: 1
2019/10/17-14:56:04.783168 7fbc2cd30700                Options.max_bytes_for_level_base: 268435456
2019/10/17-14:56:04.783169 7fbc2cd30700 Options.level_compaction_dynamic_level_bytes: 0
2019/10/17-14:56:04.783169 7fbc2cd30700          Options.max_bytes_for_level_multiplier: 10.000000
2019/10/17-14:56:04.783171 7fbc2cd30700 Options.max_bytes_for_level_multiplier_addtl[0]: 1
2019/10/17-14:56:04.783172 7fbc2cd30700 Options.max_bytes_for_level_multiplier_addtl[1]: 1
2019/10/17-14:56:04.783173 7fbc2cd30700 Options.max_bytes_for_level_multiplier_addtl[2]: 1
2019/10/17-14:56:04.783174 7fbc2cd30700 Options.max_bytes_for_level_multiplier_addtl[3]: 1
2019/10/17-14:56:04.783174 7fbc2cd30700 Options.max_bytes_for_level_multiplier_addtl[4]: 1
2019/10/17-14:56:04.783179 7fbc2cd30700 Options.max_bytes_for_level_multiplier_addtl[5]: 1
2019/10/17-14:56:04.783179 7fbc2cd30700 Options.max_bytes_for_level_multiplier_addtl[6]: 1
2019/10/17-14:56:04.783180 7fbc2cd30700       Options.max_sequential_skip_in_iterations: 8
2019/10/17-14:56:04.783181 7fbc2cd30700                    Options.max_compaction_bytes: 1677721600
2019/10/17-14:56:04.783182 7fbc2cd30700                        Options.arena_block_size: 8388608
2019/10/17-14:56:04.783182 7fbc2cd30700   Options.soft_pending_compaction_bytes_limit: 68719476736
2019/10/17-14:56:04.783183 7fbc2cd30700   Options.hard_pending_compaction_bytes_limit: 274877906944
2019/10/17-14:56:04.783184 7fbc2cd30700       Options.rate_limit_delay_max_milliseconds: 100
2019/10/17-14:56:04.783185 7fbc2cd30700                Options.disable_auto_compactions: 0
2019/10/17-14:56:04.783186 7fbc2cd30700                        Options.compaction_style: kCompactionStyleLevel
2019/10/17-14:56:04.783187 7fbc2cd30700                          Options.compaction_pri: kByCompensatedSize
2019/10/17-14:56:04.783188 7fbc2cd30700 Options.compaction_options_universal.size_ratio: 1
2019/10/17-14:56:04.783188 7fbc2cd30700 Options.compaction_options_universal.min_merge_width: 2
2019/10/17-14:56:04.783189 7fbc2cd30700 Options.compaction_options_universal.max_merge_width: 4294967295
2019/10/17-14:56:04.783190 7fbc2cd30700 Options.compaction_options_universal.max_size_amplification_percent: 200
2019/10/17-14:56:04.783190 7fbc2cd30700 Options.compaction_options_universal.compression_size_percent: -1
2019/10/17-14:56:04.783192 7fbc2cd30700 Options.compaction_options_universal.stop_style: kCompactionStopStyleTotalSize
2019/10/17-14:56:04.783192 7fbc2cd30700 Options.compaction_options_fifo.max_table_files_size: 1073741824
2019/10/17-14:56:04.783193 7fbc2cd30700 Options.compaction_options_fifo.allow_compaction: 0
2019/10/17-14:56:04.783194 7fbc2cd30700 Options.compaction_options_fifo.ttl: 0
2019/10/17-14:56:04.783195 7fbc2cd30700                   Options.table_properties_collectors: 
2019/10/17-14:56:04.783195 7fbc2cd30700                   Options.inplace_update_support: 0
2019/10/17-14:56:04.783196 7fbc2cd30700                 Options.inplace_update_num_locks: 10000
2019/10/17-14:56:04.783197 7fbc2cd30700               Options.memtable_prefix_bloom_size_ratio: 0.000000
2019/10/17-14:56:04.783198 7fbc2cd30700   Options.memtable_huge_page_size: 0
2019/10/17-14:56:04.783199 7fbc2cd30700                           Options.bloom_locality: 0
2019/10/17-14:56:04.783199 7fbc2cd30700                    Options.max_successive_merges: 0
2019/10/17-14:56:04.783200 7fbc2cd30700                Options.optimize_filters_for_hits: 0
2019/10/17-14:56:04.783201 7fbc2cd30700                Options.paranoid_file_checks: 0
2019/10/17-14:56:04.783202 7fbc2cd30700                Options.force_consistency_checks: 0
2019/10/17-14:56:04.783202 7fbc2cd30700                Options.report_bg_io_stats: 0
2019/10/17-14:56:04.783203 7fbc2cd30700                               Options.ttl: 0
2019/10/17-14:56:04.783229 7fbc2cd30700 [db/column_family.cc:472] --------------- Options for column family [active_gateways]:
2019/10/17-14:56:04.783230 7fbc2cd30700               Options.comparator: leveldb.BytewiseComparator
2019/10/17-14:56:04.783231 7fbc2cd30700           Options.merge_operator: None
2019/10/17-14:56:04.783232 7fbc2cd30700        Options.compaction_filter: None
2019/10/17-14:56:04.783232 7fbc2cd30700        Options.compaction_filter_factory: None
2019/10/17-14:56:04.783233 7fbc2cd30700         Options.memtable_factory: SkipListFactory
2019/10/17-14:56:04.783234 7fbc2cd30700            Options.table_factory: BlockBasedTable
2019/10/17-14:56:04.783244 7fbc2cd30700            table_factory options:   flush_block_policy_factory: FlushBlockBySizePolicyFactory (0x7fbbb80a6110)
  cache_index_and_filter_blocks: 0
  cache_index_and_filter_blocks_with_high_priority: 0
  pin_l0_filter_and_index_blocks_in_cache: 0
  pin_top_level_index_and_filter: 1
  index_type: 0
  hash_index_allow_collision: 1
  checksum: 1
  no_block_cache: 0
  block_cache: 0x7fbbb807d4b0
  block_cache_name: LRUCache
  block_cache_options:
    capacity : 8388608
    num_shard_bits : 4
    strict_capacity_limit : 0
    memory_allocator : None
    high_pri_pool_ratio: 0.000
  block_cache_compressed: (nil)
  persistent_cache: (nil)
  block_size: 4096
  block_size_deviation: 10
  block_restart_interval: 16
  index_block_restart_interval: 1
  metadata_block_size: 4096
  partition_filters: 0
  use_delta_encoding: 1
  filter_policy: nullptr
  whole_key_filtering: 1
  verify_compression: 0
  read_amp_bytes_per_bit: 0
  format_version: 2
  enable_index_compression: 1
  block_align: 0
2019/10/17-14:56:04.783250 7fbc2cd30700        Options.write_buffer_size: 67108864
2019/10/17-14:56:04.783251 7fbc2cd30700  Options.max_write_buffer_number: 2
2019/10/17-14:56:04.783252 7fbc2cd30700          Options.compression: NoCompression
2019/10/17-14:56:04.783253 7fbc2cd30700                  Options.bottommost_compression: Disabled
2019/10/17-14:56:04.783253 7fbc2cd30700       Options.prefix_extractor: nullptr
2019/10/17-14:56:04.783254 7fbc2cd30700   Options.memtable_insert_with_hint_prefix_extractor: nullptr
2019/10/17-14:56:04.783255 7fbc2cd30700             Options.num_levels: 7
2019/10/17-14:56:04.783255 7fbc2cd30700        Options.min_write_buffer_number_to_merge: 1
2019/10/17-14:56:04.783256 7fbc2cd30700     Options.max_write_buffer_number_to_maintain: 0
2019/10/17-14:56:04.783257 7fbc2cd30700            Options.bottommost_compression_opts.window_bits: -14
2019/10/17-14:56:04.783258 7fbc2cd30700                  Options.bottommost_compression_opts.level: 32767
2019/10/17-14:56:04.783258 7fbc2cd30700               Options.bottommost_compression_opts.strategy: 0
2019/10/17-14:56:04.783259 7fbc2cd30700         Options.bottommost_compression_opts.max_dict_bytes: 0
2019/10/17-14:56:04.783260 7fbc2cd30700         Options.bottommost_compression_opts.zstd_max_train_bytes: 0
2019/10/17-14:56:04.783260 7fbc2cd30700                  Options.bottommost_compression_opts.enabled: false
2019/10/17-14:56:04.783261 7fbc2cd30700            Options.compression_opts.window_bits: -14
2019/10/17-14:56:04.783262 7fbc2cd30700                  Options.compression_opts.level: 32767
2019/10/17-14:56:04.783263 7fbc2cd30700               Options.compression_opts.strategy: 0
2019/10/17-14:56:04.783263 7fbc2cd30700         Options.compression_opts.max_dict_bytes: 0
2019/10/17-14:56:04.783264 7fbc2cd30700         Options.compression_opts.zstd_max_train_bytes: 0
2019/10/17-14:56:04.783265 7fbc2cd30700                  Options.compression_opts.enabled: false
2019/10/17-14:56:04.783265 7fbc2cd30700      Options.level0_file_num_compaction_trigger: 4
2019/10/17-14:56:04.783266 7fbc2cd30700          Options.level0_slowdown_writes_trigger: 20
2019/10/17-14:56:04.783267 7fbc2cd30700              Options.level0_stop_writes_trigger: 36
2019/10/17-14:56:04.783267 7fbc2cd30700                   Options.target_file_size_base: 67108864
2019/10/17-14:56:04.783268 7fbc2cd30700             Options.target_file_size_multiplier: 1
2019/10/17-14:56:04.783269 7fbc2cd30700                Options.max_bytes_for_level_base: 268435456
2019/10/17-14:56:04.783270 7fbc2cd30700 Options.level_compaction_dynamic_level_bytes: 0
2019/10/17-14:56:04.783270 7fbc2cd30700          Options.max_bytes_for_level_multiplier: 10.000000
2019/10/17-14:56:04.783272 7fbc2cd30700 Options.max_bytes_for_level_multiplier_addtl[0]: 1
2019/10/17-14:56:04.783273 7fbc2cd30700 Options.max_bytes_for_level_multiplier_addtl[1]: 1
2019/10/17-14:56:04.783273 7fbc2cd30700 Options.max_bytes_for_level_multiplier_addtl[2]: 1
2019/10/17-14:56:04.783274 7fbc2cd30700 Options.max_bytes_for_level_multiplier_addtl[3]: 1
2019/10/17-14:56:04.783275 7fbc2cd30700 Options.max_bytes_for_level_multiplier_addtl[4]: 1
2019/10/17-14:56:04.783275 7fbc2cd30700 Options.max_bytes_for_level_multiplier_addtl[5]: 1
2019/10/17-14:56:04.783276 7fbc2cd30700 Options.max_bytes_for_level_multiplier_addtl[6]: 1
2019/10/17-14:56:04.783277 7fbc2cd30700       Options.max_sequential_skip_in_iterations: 8
2019/10/17-14:56:04.783281 7fbc2cd30700                    Options.max_compaction_bytes: 1677721600
2019/10/17-14:56:04.783282 7fbc2cd30700                        Options.arena_block_size: 8388608
2019/10/17-14:56:04.783283 7fbc2cd30700   Options.soft_pending_compaction_bytes_limit: 68719476736
2019/10/17-14:56:04.783283 7fbc2cd30700   Options.hard_pending_compaction_bytes_limit: 274877906944
2019/10/17-14:56:04.783284 7fbc2cd30700       Options.rate_limit_delay_max_milliseconds: 100
2019/10/17-14:56:04.783285 7fbc2cd30700                Options.disable_auto_compactions: 0
2019/10/17-14:56:04.783286 7fbc2cd30700                        Options.compaction_style: kCompactionStyleLevel
2019/10/17-14:56:04.783286 7fbc2cd30700                          Options.compaction_pri: kByCompensatedSize
2019/10/17-14:56:04.783287 7fbc2cd30700 Options.compaction_options_universal.size_ratio: 1
2019/10/17-14:56:04.783288 7fbc2cd30700 Options.compaction_options_universal.min_merge_width: 2
2019/10/17-14:56:04.783289 7fbc2cd30700 Options.compaction_options_universal.max_merge_width: 4294967295
2019/10/17-14:56:04.783289 7fbc2cd30700 Options.compaction_options_universal.max_size_amplification_percent: 200
2019/10/17-14:56:04.783290 7fbc2cd30700 Options.compaction_options_universal.compression_size_percent: -1
2019/10/17-14:56:04.783291 7fbc2cd30700 Options.compaction_options_universal.stop_style: kCompactionStopStyleTotalSize
2019/10/17-14:56:04.783292 7fbc2cd30700 Options.compaction_options_fifo.max_table_files_size: 1073741824
2019/10/17-14:56:04.783293 7fbc2cd30700 Options.compaction_options_fifo.allow_compaction: 0
2019/10/17-14:56:04.783293 7fbc2cd30700 Options.compaction_options_fifo.ttl: 0
2019/10/17-14:56:04.783294 7fbc2cd30700                   Options.table_properties_collectors: 
2019/10/17-14:56:04.783295 7fbc2cd30700                   Options.inplace_update_support: 0
2019/10/17-14:56:04.783295 7fbc2cd30700                 Options.inplace_update_num_locks: 10000
2019/10/17-14:56:04.783296 7fbc2cd30700               Options.memtable_prefix_bloom_size_ratio: 0.000000
2019/10/17-14:56:04.783297 7fbc2cd30700   Options.memtable_huge_page_size: 0
2019/10/17-14:56:04.783298 7fbc2cd30700                           Options.bloom_locality: 0
2019/10/17-14:56:04.783299 7fbc2cd30700                    Options.max_successive_merges: 0
2019/10/17-14:56:04.783299 7fbc2cd30700                Options.optimize_filters_for_hits: 0
2019/10/17-14:56:04.783300 7fbc2cd30700                Options.paranoid_file_checks: 0
2019/10/17-14:56:04.783301 7fbc2cd30700                Options.force_consistency_checks: 0
2019/10/17-14:56:04.783301 7fbc2cd30700                Options.report_bg_io_stats: 0
2019/10/17-14:56:04.783302 7fbc2cd30700                               Options.ttl: 0
2019/10/17-14:56:04.783317 7fbc2cd30700 [db/column_family.cc:472] --------------- Options for column family [entries]:
2019/10/17-14:56:04.783319 7fbc2cd30700               Options.comparator: leveldb.BytewiseComparator
2019/10/17-14:56:04.783320 7fbc2cd30700           Options.merge_operator: None
2019/10/17-14:56:04.783320 7fbc2cd30700        Options.compaction_filter: None
2019/10/17-14:56:04.783321 7fbc2cd30700        Options.compaction_filter_factory: None
2019/10/17-14:56:04.783322 7fbc2cd30700         Options.memtable_factory: SkipListFactory
2019/10/17-14:56:04.783322 7fbc2cd30700            Options.table_factory: BlockBasedTable
2019/10/17-14:56:04.783332 7fbc2cd30700            table_factory options:   flush_block_policy_factory: FlushBlockBySizePolicyFactory (0x7fbbb8033430)
  cache_index_and_filter_blocks: 0
  cache_index_and_filter_blocks_with_high_priority: 0
  pin_l0_filter_and_index_blocks_in_cache: 0
  pin_top_level_index_and_filter: 1
  index_type: 0
  hash_index_allow_collision: 1
  checksum: 1
  no_block_cache: 0
  block_cache: 0x7fbbb8072560
  block_cache_name: LRUCache
  block_cache_options:
    capacity : 8388608
    num_shard_bits : 4
    strict_capacity_limit : 0
    memory_allocator : None
    high_pri_pool_ratio: 0.000
  block_cache_compressed: (nil)
  persistent_cache: (nil)
  block_size: 4096
  block_size_deviation: 10
  block_restart_interval: 16
  index_block_restart_interval: 1
  metadata_block_size: 4096
  partition_filters: 0
  use_delta_encoding: 1
  filter_policy: nullptr
  whole_key_filtering: 1
  verify_compression: 0
  read_amp_bytes_per_bit: 0
  format_version: 2
  enable_index_compression: 1
  block_align: 0
2019/10/17-14:56:04.783337 7fbc2cd30700        Options.write_buffer_size: 67108864
2019/10/17-14:56:04.783338 7fbc2cd30700  Options.max_write_buffer_number: 2
2019/10/17-14:56:04.783339 7fbc2cd30700          Options.compression: NoCompression
2019/10/17-14:56:04.783340 7fbc2cd30700                  Options.bottommost_compression: Disabled
2019/10/17-14:56:04.783341 7fbc2cd30700       Options.prefix_extractor: nullptr
2019/10/17-14:56:04.783341 7fbc2cd30700   Options.memtable_insert_with_hint_prefix_extractor: nullptr
2019/10/17-14:56:04.783342 7fbc2cd30700             Options.num_levels: 7
2019/10/17-14:56:04.783343 7fbc2cd30700        Options.min_write_buffer_number_to_merge: 1
2019/10/17-14:56:04.783343 7fbc2cd30700     Options.max_write_buffer_number_to_maintain: 0
2019/10/17-14:56:04.783344 7fbc2cd30700            Options.bottommost_compression_opts.window_bits: -14
2019/10/17-14:56:04.783345 7fbc2cd30700                  Options.bottommost_compression_opts.level: 32767
2019/10/17-14:56:04.783346 7fbc2cd30700               Options.bottommost_compression_opts.strategy: 0
2019/10/17-14:56:04.783346 7fbc2cd30700         Options.bottommost_compression_opts.max_dict_bytes: 0
2019/10/17-14:56:04.783347 7fbc2cd30700         Options.bottommost_compression_opts.zstd_max_train_bytes: 0
2019/10/17-14:56:04.783348 7fbc2cd30700                  Options.bottommost_compression_opts.enabled: false
2019/10/17-14:56:04.783348 7fbc2cd30700            Options.compression_opts.window_bits: -14
2019/10/17-14:56:04.783349 7fbc2cd30700                  Options.compression_opts.level: 32767
2019/10/17-14:56:04.783350 7fbc2cd30700               Options.compression_opts.strategy: 0
2019/10/17-14:56:04.783351 7fbc2cd30700         Options.compression_opts.max_dict_bytes: 0
2019/10/17-14:56:04.783351 7fbc2cd30700         Options.compression_opts.zstd_max_train_bytes: 0
2019/10/17-14:56:04.783352 7fbc2cd30700                  Options.compression_opts.enabled: false
2019/10/17-14:56:04.783353 7fbc2cd30700      Options.level0_file_num_compaction_trigger: 4
2019/10/17-14:56:04.783353 7fbc2cd30700          Options.level0_slowdown_writes_trigger: 20
2019/10/17-14:56:04.783354 7fbc2cd30700              Options.level0_stop_writes_trigger: 36
2019/10/17-14:56:04.783355 7fbc2cd30700                   Options.target_file_size_base: 67108864
2019/10/17-14:56:04.783371 7fbc2cd30700             Options.target_file_size_multiplier: 1
2019/10/17-14:56:04.783372 7fbc2cd30700                Options.max_bytes_for_level_base: 268435456
2019/10/17-14:56:04.783373 7fbc2cd30700 Options.level_compaction_dynamic_level_bytes: 0
2019/10/17-14:56:04.783373 7fbc2cd30700          Options.max_bytes_for_level_multiplier: 10.000000
2019/10/17-14:56:04.783375 7fbc2cd30700 Options.max_bytes_for_level_multiplier_addtl[0]: 1
2019/10/17-14:56:04.783375 7fbc2cd30700 Options.max_bytes_for_level_multiplier_addtl[1]: 1
2019/10/17-14:56:04.783376 7fbc2cd30700 Options.max_bytes_for_level_multiplier_addtl[2]: 1
2019/10/17-14:56:04.783377 7fbc2cd30700 Options.max_bytes_for_level_multiplier_addtl[3]: 1
2019/10/17-14:56:04.783378 7fbc2cd30700 Options.max_bytes_for_level_multiplier_addtl[4]: 1
2019/10/17-14:56:04.783378 7fbc2cd30700 Options.max_bytes_for_level_multiplier_addtl[5]: 1
2019/10/17-14:56:04.783379 7fbc2cd30700 Options.max_bytes_for_level_multiplier_addtl[6]: 1
2019/10/17-14:56:04.783380 7fbc2cd30700       Options.max_sequential_skip_in_iterations: 8
2019/10/17-14:56:04.783380 7fbc2cd30700                    Options.max_compaction_bytes: 1677721600
2019/10/17-14:56:04.783381 7fbc2cd30700                        Options.arena_block_size: 8388608
2019/10/17-14:56:04.783382 7fbc2cd30700   Options.soft_pending_compaction_bytes_limit: 68719476736
2019/10/17-14:56:04.783386 7fbc2cd30700   Options.hard_pending_compaction_bytes_limit: 274877906944
2019/10/17-14:56:04.783387 7fbc2cd30700       Options.rate_limit_delay_max_milliseconds: 100
2019/10/17-14:56:04.783388 7fbc2cd30700                Options.disable_auto_compactions: 0
2019/10/17-14:56:04.783389 7fbc2cd30700                        Options.compaction_style: kCompactionStyleLevel
2019/10/17-14:56:04.783390 7fbc2cd30700                          Options.compaction_pri: kByCompensatedSize
2019/10/17-14:56:04.783391 7fbc2cd30700 Options.compaction_options_universal.size_ratio: 1
2019/10/17-14:56:04.783391 7fbc2cd30700 Options.compaction_options_universal.min_merge_width: 2
2019/10/17-14:56:04.783392 7fbc2cd30700 Options.compaction_options_universal.max_merge_width: 4294967295
2019/10/17-14:56:04.783393 7fbc2cd30700 Options.compaction_options_universal.max_size_amplification_percent: 200
2019/10/17-14:56:04.783393 7fbc2cd30700 Options.compaction_options_universal.compression_size_percent: -1
2019/10/17-14:56:04.783394 7fbc2cd30700 Options.compaction_options_universal.stop_style: kCompactionStopStyleTotalSize
2019/10/17-14:56:04.783395 7fbc2cd30700 Options.compaction_options_fifo.max_table_files_size: 1073741824
2019/10/17-14:56:04.783396 7fbc2cd30700 Options.compaction_options_fifo.allow_compaction: 0
2019/10/17-14:56:04.783397 7fbc2cd30700 Options.compaction_options_fifo.ttl: 0
2019/10/17-14:56:04.783397 7fbc2cd30700                   Options.table_properties_collectors: 
2019/10/17-14:56:04.783398 7fbc2cd30700                   Options.inplace_update_support: 0
2019/10/17-14:56:04.783399 7fbc2cd30700                 Options.inplace_update_num_locks: 10000
2019/10/17-14:56:04.783399 7fbc2cd30700               Options.memtable_prefix_bloom_size_ratio: 0.000000
2019/10/17-14:56:04.783400 7fbc2cd30700   Options.memtable_huge_page_size: 0
2019/10/17-14:56:04.783401 7fbc2cd30700                           Options.bloom_locality: 0
2019/10/17-14:56:04.783402 7fbc2cd30700                    Options.max_successive_merges: 0
2019/10/17-14:56:04.783403 7fbc2cd30700                Options.optimize_filters_for_hits: 0
2019/10/17-14:56:04.783403 7fbc2cd30700                Options.paranoid_file_checks: 0
2019/10/17-14:56:04.783404 7fbc2cd30700                Options.force_consistency_checks: 0
2019/10/17-14:56:04.783405 7fbc2cd30700                Options.report_bg_io_stats: 0
2019/10/17-14:56:04.783405 7fbc2cd30700                               Options.ttl: 0
2019/10/17-14:56:04.783420 7fbc2cd30700 [db/column_family.cc:472] --------------- Options for column family [dc_entries]:
2019/10/17-14:56:04.783421 7fbc2cd30700               Options.comparator: leveldb.BytewiseComparator
2019/10/17-14:56:04.783422 7fbc2cd30700           Options.merge_operator: None
2019/10/17-14:56:04.783423 7fbc2cd30700        Options.compaction_filter: None
2019/10/17-14:56:04.783423 7fbc2cd30700        Options.compaction_filter_factory: None
2019/10/17-14:56:04.783424 7fbc2cd30700         Options.memtable_factory: SkipListFactory
2019/10/17-14:56:04.783425 7fbc2cd30700            Options.table_factory: BlockBasedTable
2019/10/17-14:56:04.783434 7fbc2cd30700            table_factory options:   flush_block_policy_factory: FlushBlockBySizePolicyFactory (0x7fbbb8057e80)
  cache_index_and_filter_blocks: 0
  cache_index_and_filter_blocks_with_high_priority: 0
  pin_l0_filter_and_index_blocks_in_cache: 0
  pin_top_level_index_and_filter: 1
  index_type: 0
  hash_index_allow_collision: 1
  checksum: 1
  no_block_cache: 0
  block_cache: 0x7fbbb8020160
  block_cache_name: LRUCache
  block_cache_options:
    capacity : 8388608
    num_shard_bits : 4
    strict_capacity_limit : 0
    memory_allocator : None
    high_pri_pool_ratio: 0.000
  block_cache_compressed: (nil)
  persistent_cache: (nil)
  block_size: 4096
  block_size_deviation: 10
  block_restart_interval: 16
  index_block_restart_interval: 1
  metadata_block_size: 4096
  partition_filters: 0
  use_delta_encoding: 1
  filter_policy: nullptr
  whole_key_filtering: 1
  verify_compression: 0
  read_amp_bytes_per_bit: 0
  format_version: 2
  enable_index_compression: 1
  block_align: 0
2019/10/17-14:56:04.783439 7fbc2cd30700        Options.write_buffer_size: 67108864
2019/10/17-14:56:04.783440 7fbc2cd30700  Options.max_write_buffer_number: 2
2019/10/17-14:56:04.783441 7fbc2cd30700          Options.compression: NoCompression
2019/10/17-14:56:04.783442 7fbc2cd30700                  Options.bottommost_compression: Disabled
2019/10/17-14:56:04.783443 7fbc2cd30700       Options.prefix_extractor: nullptr
2019/10/17-14:56:04.783443 7fbc2cd30700   Options.memtable_insert_with_hint_prefix_extractor: nullptr
2019/10/17-14:56:04.783444 7fbc2cd30700             Options.num_levels: 7
2019/10/17-14:56:04.783445 7fbc2cd30700        Options.min_write_buffer_number_to_merge: 1
2019/10/17-14:56:04.783445 7fbc2cd30700     Options.max_write_buffer_number_to_maintain: 0
2019/10/17-14:56:04.783446 7fbc2cd30700            Options.bottommost_compression_opts.window_bits: -14
2019/10/17-14:56:04.783447 7fbc2cd30700                  Options.bottommost_compression_opts.level: 32767
2019/10/17-14:56:04.783448 7fbc2cd30700               Options.bottommost_compression_opts.strategy: 0
2019/10/17-14:56:04.783448 7fbc2cd30700         Options.bottommost_compression_opts.max_dict_bytes: 0
2019/10/17-14:56:04.783449 7fbc2cd30700         Options.bottommost_compression_opts.zstd_max_train_bytes: 0
2019/10/17-14:56:04.783450 7fbc2cd30700                  Options.bottommost_compression_opts.enabled: false
2019/10/17-14:56:04.783450 7fbc2cd30700            Options.compression_opts.window_bits: -14
2019/10/17-14:56:04.783451 7fbc2cd30700                  Options.compression_opts.level: 32767
2019/10/17-14:56:04.783452 7fbc2cd30700               Options.compression_opts.strategy: 0
2019/10/17-14:56:04.783452 7fbc2cd30700         Options.compression_opts.max_dict_bytes: 0
2019/10/17-14:56:04.783453 7fbc2cd30700         Options.compression_opts.zstd_max_train_bytes: 0
2019/10/17-14:56:04.783454 7fbc2cd30700                  Options.compression_opts.enabled: false
2019/10/17-14:56:04.783455 7fbc2cd30700      Options.level0_file_num_compaction_trigger: 4
2019/10/17-14:56:04.783455 7fbc2cd30700          Options.level0_slowdown_writes_trigger: 20
2019/10/17-14:56:04.783456 7fbc2cd30700              Options.level0_stop_writes_trigger: 36
2019/10/17-14:56:04.783457 7fbc2cd30700                   Options.target_file_size_base: 67108864
2019/10/17-14:56:04.783457 7fbc2cd30700             Options.target_file_size_multiplier: 1
2019/10/17-14:56:04.783458 7fbc2cd30700                Options.max_bytes_for_level_base: 268435456
2019/10/17-14:56:04.783459 7fbc2cd30700 Options.level_compaction_dynamic_level_bytes: 0
2019/10/17-14:56:04.783460 7fbc2cd30700          Options.max_bytes_for_level_multiplier: 10.000000
2019/10/17-14:56:04.783461 7fbc2cd30700 Options.max_bytes_for_level_multiplier_addtl[0]: 1
2019/10/17-14:56:04.783461 7fbc2cd30700 Options.max_bytes_for_level_multiplier_addtl[1]: 1
2019/10/17-14:56:04.783462 7fbc2cd30700 Options.max_bytes_for_level_multiplier_addtl[2]: 1
2019/10/17-14:56:04.783463 7fbc2cd30700 Options.max_bytes_for_level_multiplier_addtl[3]: 1
2019/10/17-14:56:04.783464 7fbc2cd30700 Options.max_bytes_for_level_multiplier_addtl[4]: 1
2019/10/17-14:56:04.783464 7fbc2cd30700 Options.max_bytes_for_level_multiplier_addtl[5]: 1
2019/10/17-14:56:04.783465 7fbc2cd30700 Options.max_bytes_for_level_multiplier_addtl[6]: 1
2019/10/17-14:56:04.783466 7fbc2cd30700       Options.max_sequential_skip_in_iterations: 8
2019/10/17-14:56:04.783466 7fbc2cd30700                    Options.max_compaction_bytes: 1677721600
2019/10/17-14:56:04.783467 7fbc2cd30700                        Options.arena_block_size: 8388608
2019/10/17-14:56:04.783468 7fbc2cd30700   Options.soft_pending_compaction_bytes_limit: 68719476736
2019/10/17-14:56:04.783469 7fbc2cd30700   Options.hard_pending_compaction_bytes_limit: 274877906944
2019/10/17-14:56:04.783469 7fbc2cd30700       Options.rate_limit_delay_max_milliseconds: 100
2019/10/17-14:56:04.783470 7fbc2cd30700                Options.disable_auto_compactions: 0
2019/10/17-14:56:04.783474 7fbc2cd30700                        Options.compaction_style: kCompactionStyleLevel
2019/10/17-14:56:04.783475 7fbc2cd30700                          Options.compaction_pri: kByCompensatedSize
2019/10/17-14:56:04.783476 7fbc2cd30700 Options.compaction_options_universal.size_ratio: 1
2019/10/17-14:56:04.783477 7fbc2cd30700 Options.compaction_options_universal.min_merge_width: 2
2019/10/17-14:56:04.783477 7fbc2cd30700 Options.compaction_options_universal.max_merge_width: 4294967295
2019/10/17-14:56:04.783478 7fbc2cd30700 Options.compaction_options_universal.max_size_amplification_percent: 200
2019/10/17-14:56:04.783479 7fbc2cd30700 Options.compaction_options_universal.compression_size_percent: -1
2019/10/17-14:56:04.783480 7fbc2cd30700 Options.compaction_options_universal.stop_style: kCompactionStopStyleTotalSize
2019/10/17-14:56:04.783480 7fbc2cd30700 Options.compaction_options_fifo.max_table_files_size: 1073741824
2019/10/17-14:56:04.783481 7fbc2cd30700 Options.compaction_options_fifo.allow_compaction: 0
2019/10/17-14:56:04.783482 7fbc2cd30700 Options.compaction_options_fifo.ttl: 0
2019/10/17-14:56:04.783483 7fbc2cd30700                   Options.table_properties_collectors: 
2019/10/17-14:56:04.783483 7fbc2cd30700                   Options.inplace_update_support: 0
2019/10/17-14:56:04.783484 7fbc2cd30700                 Options.inplace_update_num_locks: 10000
2019/10/17-14:56:04.783485 7fbc2cd30700               Options.memtable_prefix_bloom_size_ratio: 0.000000
2019/10/17-14:56:04.783486 7fbc2cd30700   Options.memtable_huge_page_size: 0
2019/10/17-14:56:04.783486 7fbc2cd30700                           Options.bloom_locality: 0
2019/10/17-14:56:04.783487 7fbc2cd30700                    Options.max_successive_merges: 0
2019/10/17-14:56:04.783488 7fbc2cd30700                Options.optimize_filters_for_hits: 0
2019/10/17-14:56:04.783489 7fbc2cd30700                Options.paranoid_file_checks: 0
2019/10/17-14:56:04.783489 7fbc2cd30700                Options.force_consistency_checks: 0
2019/10/17-14:56:04.783490 7fbc2cd30700                Options.report_bg_io_stats: 0
2019/10/17-14:56:04.783491 7fbc2cd30700                               Options.ttl: 0
2019/10/17-14:56:04.783502 7fbc2cd30700 [db/column_family.cc:472] --------------- Options for column family [htlcs]:
2019/10/17-14:56:04.783503 7fbc2cd30700               Options.comparator: leveldb.BytewiseComparator
2019/10/17-14:56:04.783504 7fbc2cd30700           Options.merge_operator: None
2019/10/17-14:56:04.783505 7fbc2cd30700        Options.compaction_filter: None
2019/10/17-14:56:04.783505 7fbc2cd30700        Options.compaction_filter_factory: None
2019/10/17-14:56:04.783506 7fbc2cd30700         Options.memtable_factory: SkipListFactory
2019/10/17-14:56:04.783507 7fbc2cd30700            Options.table_factory: BlockBasedTable
2019/10/17-14:56:04.783515 7fbc2cd30700            table_factory options:   flush_block_policy_factory: FlushBlockBySizePolicyFactory (0x7fbbb80ed240)
