2019/10/17-14:55:05.100147 7fc3a9fcb700 RocksDB version: 5.18.3
2019/10/17-14:55:05.100188 7fc3a9fcb700 Git sha rocksdb_build_git_sha:@0@
2019/10/17-14:55:05.100190 7fc3a9fcb700 Compile date Sep 19 2019
2019/10/17-14:55:05.100191 7fc3a9fcb700 DB SUMMARY
2019/10/17-14:55:05.101055 7fc3a9fcb700 CURRENT file:  CURRENT
2019/10/17-14:55:05.101057 7fc3a9fcb700 IDENTITY file:  IDENTITY
2019/10/17-14:55:05.101093 7fc3a9fcb700 MANIFEST file:  MANIFEST-116296 size: 4114 Bytes
2019/10/17-14:55:05.101095 7fc3a9fcb700 SST files in /home/rahul/dev/blockchain-core/eqc/ledger.db dir, Total Num: 29, files: 000624.sst 000627.sst 106940.sst 108447.sst 108450.sst 109471.sst 109483.sst 109485.sst 109486.sst 
2019/10/17-14:55:05.101096 7fc3a9fcb700 Write Ahead Log file in /home/rahul/dev/blockchain-core/eqc/ledger.db: 116297.log size: 0 ; 
2019/10/17-14:55:05.101138 7fc3a9fcb700                         Options.error_if_exists: 0
2019/10/17-14:55:05.101140 7fc3a9fcb700                       Options.create_if_missing: 1
2019/10/17-14:55:05.101141 7fc3a9fcb700                         Options.paranoid_checks: 1
2019/10/17-14:55:05.101142 7fc3a9fcb700                                     Options.env: 0x7fc32ae1fc60
2019/10/17-14:55:05.101143 7fc3a9fcb700                                Options.info_log: 0x7fc3500d5740
2019/10/17-14:55:05.101144 7fc3a9fcb700                Options.max_file_opening_threads: 16
2019/10/17-14:55:05.101145 7fc3a9fcb700                              Options.statistics: (nil)
2019/10/17-14:55:05.101146 7fc3a9fcb700                               Options.use_fsync: 0
2019/10/17-14:55:05.101147 7fc3a9fcb700                       Options.max_log_file_size: 0
2019/10/17-14:55:05.101148 7fc3a9fcb700                  Options.max_manifest_file_size: 1073741824
2019/10/17-14:55:05.101149 7fc3a9fcb700                   Options.log_file_time_to_roll: 0
2019/10/17-14:55:05.101150 7fc3a9fcb700                       Options.keep_log_file_num: 1000
2019/10/17-14:55:05.101151 7fc3a9fcb700                    Options.recycle_log_file_num: 0
2019/10/17-14:55:05.101152 7fc3a9fcb700                         Options.allow_fallocate: 1
2019/10/17-14:55:05.101153 7fc3a9fcb700                        Options.allow_mmap_reads: 0
2019/10/17-14:55:05.101154 7fc3a9fcb700                       Options.allow_mmap_writes: 0
2019/10/17-14:55:05.101154 7fc3a9fcb700                        Options.use_direct_reads: 0
2019/10/17-14:55:05.101155 7fc3a9fcb700                        Options.use_direct_io_for_flush_and_compaction: 0
2019/10/17-14:55:05.101156 7fc3a9fcb700          Options.create_missing_column_families: 0
2019/10/17-14:55:05.101157 7fc3a9fcb700                              Options.db_log_dir: 
2019/10/17-14:55:05.101158 7fc3a9fcb700                                 Options.wal_dir: /home/rahul/dev/blockchain-core/eqc/ledger.db
2019/10/17-14:55:05.101159 7fc3a9fcb700                Options.table_cache_numshardbits: 6
2019/10/17-14:55:05.101160 7fc3a9fcb700                      Options.max_subcompactions: 1
2019/10/17-14:55:05.101161 7fc3a9fcb700                  Options.max_background_flushes: -1
2019/10/17-14:55:05.101162 7fc3a9fcb700                         Options.WAL_ttl_seconds: 0
2019/10/17-14:55:05.101163 7fc3a9fcb700                       Options.WAL_size_limit_MB: 0
2019/10/17-14:55:05.101164 7fc3a9fcb700             Options.manifest_preallocation_size: 4194304
2019/10/17-14:55:05.101165 7fc3a9fcb700                     Options.is_fd_close_on_exec: 1
2019/10/17-14:55:05.101166 7fc3a9fcb700                   Options.advise_random_on_open: 1
2019/10/17-14:55:05.101167 7fc3a9fcb700                    Options.db_write_buffer_size: 0
2019/10/17-14:55:05.101167 7fc3a9fcb700                    Options.write_buffer_manager: 0x7fc35008e980
2019/10/17-14:55:05.101168 7fc3a9fcb700         Options.access_hint_on_compaction_start: 1
2019/10/17-14:55:05.101169 7fc3a9fcb700  Options.new_table_reader_for_compaction_inputs: 0
2019/10/17-14:55:05.101170 7fc3a9fcb700           Options.random_access_max_buffer_size: 1048576
2019/10/17-14:55:05.101171 7fc3a9fcb700                      Options.use_adaptive_mutex: 0
2019/10/17-14:55:05.101172 7fc3a9fcb700                            Options.rate_limiter: (nil)
2019/10/17-14:55:05.101183 7fc3a9fcb700     Options.sst_file_manager.rate_bytes_per_sec: 0
2019/10/17-14:55:05.101184 7fc3a9fcb700                       Options.wal_recovery_mode: 2
2019/10/17-14:55:05.101185 7fc3a9fcb700                  Options.enable_thread_tracking: 0
2019/10/17-14:55:05.101186 7fc3a9fcb700                  Options.enable_pipelined_write: 0
2019/10/17-14:55:05.101187 7fc3a9fcb700         Options.allow_concurrent_memtable_write: 1
2019/10/17-14:55:05.101188 7fc3a9fcb700      Options.enable_write_thread_adaptive_yield: 1
2019/10/17-14:55:05.101189 7fc3a9fcb700             Options.write_thread_max_yield_usec: 100
2019/10/17-14:55:05.101190 7fc3a9fcb700            Options.write_thread_slow_yield_usec: 3
2019/10/17-14:55:05.101191 7fc3a9fcb700                               Options.row_cache: None
2019/10/17-14:55:05.101192 7fc3a9fcb700                              Options.wal_filter: None
2019/10/17-14:55:05.101193 7fc3a9fcb700             Options.avoid_flush_during_recovery: 0
2019/10/17-14:55:05.101194 7fc3a9fcb700             Options.allow_ingest_behind: 0
2019/10/17-14:55:05.101195 7fc3a9fcb700             Options.preserve_deletes: 0
2019/10/17-14:55:05.101196 7fc3a9fcb700             Options.two_write_queues: 0
2019/10/17-14:55:05.101196 7fc3a9fcb700             Options.manual_wal_flush: 0
2019/10/17-14:55:05.101197 7fc3a9fcb700             Options.max_background_jobs: 2
2019/10/17-14:55:05.101198 7fc3a9fcb700             Options.max_background_compactions: -1
2019/10/17-14:55:05.101199 7fc3a9fcb700             Options.avoid_flush_during_shutdown: 0
2019/10/17-14:55:05.101200 7fc3a9fcb700           Options.writable_file_max_buffer_size: 1048576
2019/10/17-14:55:05.101201 7fc3a9fcb700             Options.delayed_write_rate : 16777216
2019/10/17-14:55:05.101202 7fc3a9fcb700             Options.max_total_wal_size: 0
2019/10/17-14:55:05.101203 7fc3a9fcb700             Options.delete_obsolete_files_period_micros: 21600000000
2019/10/17-14:55:05.101204 7fc3a9fcb700                   Options.stats_dump_period_sec: 600
2019/10/17-14:55:05.101205 7fc3a9fcb700                          Options.max_open_files: -1
2019/10/17-14:55:05.101207 7fc3a9fcb700                          Options.bytes_per_sync: 0
2019/10/17-14:55:05.101209 7fc3a9fcb700                      Options.wal_bytes_per_sync: 0
2019/10/17-14:55:05.101210 7fc3a9fcb700       Options.compaction_readahead_size: 0
2019/10/17-14:55:05.101211 7fc3a9fcb700 Compression algorithms supported:
2019/10/17-14:55:05.101213 7fc3a9fcb700 	kZSTDNotFinalCompression supported: 0
2019/10/17-14:55:05.101215 7fc3a9fcb700 	kZSTD supported: 0
2019/10/17-14:55:05.101216 7fc3a9fcb700 	kXpressCompression supported: 0
2019/10/17-14:55:05.101218 7fc3a9fcb700 	kLZ4HCCompression supported: 0
2019/10/17-14:55:05.101219 7fc3a9fcb700 	kLZ4Compression supported: 0
2019/10/17-14:55:05.101221 7fc3a9fcb700 	kBZip2Compression supported: 0
2019/10/17-14:55:05.101222 7fc3a9fcb700 	kZlibCompression supported: 0
2019/10/17-14:55:05.101224 7fc3a9fcb700 	kSnappyCompression supported: 0
2019/10/17-14:55:05.101227 7fc3a9fcb700 Fast CRC32 supported: Supported on x86
2019/10/17-14:55:05.101344 7fc3a9fcb700 [db/version_set.cc:3507] Recovering from manifest file: MANIFEST-116296
2019/10/17-14:55:05.101382 7fc3a9fcb700 [db/column_family.cc:472] --------------- Options for column family [default]:
2019/10/17-14:55:05.101384 7fc3a9fcb700               Options.comparator: leveldb.BytewiseComparator
2019/10/17-14:55:05.101385 7fc3a9fcb700           Options.merge_operator: None
2019/10/17-14:55:05.101386 7fc3a9fcb700        Options.compaction_filter: None
2019/10/17-14:55:05.101387 7fc3a9fcb700        Options.compaction_filter_factory: None
2019/10/17-14:55:05.101388 7fc3a9fcb700         Options.memtable_factory: SkipListFactory
2019/10/17-14:55:05.101389 7fc3a9fcb700            Options.table_factory: BlockBasedTable
2019/10/17-14:55:05.101407 7fc3a9fcb700            table_factory options:   flush_block_policy_factory: FlushBlockBySizePolicyFactory (0x7fc350001720)
  cache_index_and_filter_blocks: 0
  cache_index_and_filter_blocks_with_high_priority: 0
  pin_l0_filter_and_index_blocks_in_cache: 0
  pin_top_level_index_and_filter: 1
  index_type: 0
  hash_index_allow_collision: 1
  checksum: 1
  no_block_cache: 0
  block_cache: 0x7fc35001c7d0
  block_cache_name: LRUCache
  block_cache_options:
    capacity : 8388608
    num_shard_bits : 4
    strict_capacity_limit : 0
    memory_allocator : None
    high_pri_pool_ratio: 0.000
  block_cache_compressed: (nil)
  persistent_cache: (nil)
  block_size: 4096
  block_size_deviation: 10
  block_restart_interval: 16
  index_block_restart_interval: 1
  metadata_block_size: 4096
  partition_filters: 0
  use_delta_encoding: 1
  filter_policy: nullptr
  whole_key_filtering: 1
  verify_compression: 0
  read_amp_bytes_per_bit: 0
  format_version: 2
  enable_index_compression: 1
  block_align: 0
2019/10/17-14:55:05.101418 7fc3a9fcb700        Options.write_buffer_size: 67108864
2019/10/17-14:55:05.101419 7fc3a9fcb700  Options.max_write_buffer_number: 2
2019/10/17-14:55:05.101420 7fc3a9fcb700          Options.compression: NoCompression
2019/10/17-14:55:05.101421 7fc3a9fcb700                  Options.bottommost_compression: Disabled
2019/10/17-14:55:05.101422 7fc3a9fcb700       Options.prefix_extractor: nullptr
2019/10/17-14:55:05.101423 7fc3a9fcb700   Options.memtable_insert_with_hint_prefix_extractor: nullptr
2019/10/17-14:55:05.101424 7fc3a9fcb700             Options.num_levels: 7
2019/10/17-14:55:05.101425 7fc3a9fcb700        Options.min_write_buffer_number_to_merge: 1
2019/10/17-14:55:05.101426 7fc3a9fcb700     Options.max_write_buffer_number_to_maintain: 0
2019/10/17-14:55:05.101427 7fc3a9fcb700            Options.bottommost_compression_opts.window_bits: -14
2019/10/17-14:55:05.101428 7fc3a9fcb700                  Options.bottommost_compression_opts.level: 32767
2019/10/17-14:55:05.101429 7fc3a9fcb700               Options.bottommost_compression_opts.strategy: 0
2019/10/17-14:55:05.101430 7fc3a9fcb700         Options.bottommost_compression_opts.max_dict_bytes: 0
2019/10/17-14:55:05.101431 7fc3a9fcb700         Options.bottommost_compression_opts.zstd_max_train_bytes: 0
2019/10/17-14:55:05.101431 7fc3a9fcb700                  Options.bottommost_compression_opts.enabled: false
2019/10/17-14:55:05.101432 7fc3a9fcb700            Options.compression_opts.window_bits: -14
2019/10/17-14:55:05.101433 7fc3a9fcb700                  Options.compression_opts.level: 32767
2019/10/17-14:55:05.101434 7fc3a9fcb700               Options.compression_opts.strategy: 0
2019/10/17-14:55:05.101435 7fc3a9fcb700         Options.compression_opts.max_dict_bytes: 0
2019/10/17-14:55:05.101436 7fc3a9fcb700         Options.compression_opts.zstd_max_train_bytes: 0
2019/10/17-14:55:05.101437 7fc3a9fcb700                  Options.compression_opts.enabled: false
2019/10/17-14:55:05.101438 7fc3a9fcb700      Options.level0_file_num_compaction_trigger: 4
2019/10/17-14:55:05.101439 7fc3a9fcb700          Options.level0_slowdown_writes_trigger: 20
2019/10/17-14:55:05.101440 7fc3a9fcb700              Options.level0_stop_writes_trigger: 36
2019/10/17-14:55:05.101441 7fc3a9fcb700                   Options.target_file_size_base: 67108864
2019/10/17-14:55:05.101442 7fc3a9fcb700             Options.target_file_size_multiplier: 1
2019/10/17-14:55:05.101443 7fc3a9fcb700                Options.max_bytes_for_level_base: 268435456
2019/10/17-14:55:05.101444 7fc3a9fcb700 Options.level_compaction_dynamic_level_bytes: 0
2019/10/17-14:55:05.101444 7fc3a9fcb700          Options.max_bytes_for_level_multiplier: 10.000000
2019/10/17-14:55:05.101447 7fc3a9fcb700 Options.max_bytes_for_level_multiplier_addtl[0]: 1
2019/10/17-14:55:05.101448 7fc3a9fcb700 Options.max_bytes_for_level_multiplier_addtl[1]: 1
2019/10/17-14:55:05.101449 7fc3a9fcb700 Options.max_bytes_for_level_multiplier_addtl[2]: 1
2019/10/17-14:55:05.101450 7fc3a9fcb700 Options.max_bytes_for_level_multiplier_addtl[3]: 1
2019/10/17-14:55:05.101451 7fc3a9fcb700 Options.max_bytes_for_level_multiplier_addtl[4]: 1
2019/10/17-14:55:05.101456 7fc3a9fcb700 Options.max_bytes_for_level_multiplier_addtl[5]: 1
2019/10/17-14:55:05.101457 7fc3a9fcb700 Options.max_bytes_for_level_multiplier_addtl[6]: 1
2019/10/17-14:55:05.101458 7fc3a9fcb700       Options.max_sequential_skip_in_iterations: 8
2019/10/17-14:55:05.101459 7fc3a9fcb700                    Options.max_compaction_bytes: 1677721600
2019/10/17-14:55:05.101460 7fc3a9fcb700                        Options.arena_block_size: 8388608
2019/10/17-14:55:05.101461 7fc3a9fcb700   Options.soft_pending_compaction_bytes_limit: 68719476736
2019/10/17-14:55:05.101462 7fc3a9fcb700   Options.hard_pending_compaction_bytes_limit: 274877906944
2019/10/17-14:55:05.101463 7fc3a9fcb700       Options.rate_limit_delay_max_milliseconds: 100
2019/10/17-14:55:05.101464 7fc3a9fcb700                Options.disable_auto_compactions: 0
2019/10/17-14:55:05.101465 7fc3a9fcb700                        Options.compaction_style: kCompactionStyleLevel
2019/10/17-14:55:05.101467 7fc3a9fcb700                          Options.compaction_pri: kByCompensatedSize
2019/10/17-14:55:05.101468 7fc3a9fcb700 Options.compaction_options_universal.size_ratio: 1
2019/10/17-14:55:05.101469 7fc3a9fcb700 Options.compaction_options_universal.min_merge_width: 2
2019/10/17-14:55:05.101469 7fc3a9fcb700 Options.compaction_options_universal.max_merge_width: 4294967295
2019/10/17-14:55:05.101470 7fc3a9fcb700 Options.compaction_options_universal.max_size_amplification_percent: 200
2019/10/17-14:55:05.101471 7fc3a9fcb700 Options.compaction_options_universal.compression_size_percent: -1
2019/10/17-14:55:05.101473 7fc3a9fcb700 Options.compaction_options_universal.stop_style: kCompactionStopStyleTotalSize
2019/10/17-14:55:05.101474 7fc3a9fcb700 Options.compaction_options_fifo.max_table_files_size: 1073741824
2019/10/17-14:55:05.101475 7fc3a9fcb700 Options.compaction_options_fifo.allow_compaction: 0
2019/10/17-14:55:05.101475 7fc3a9fcb700 Options.compaction_options_fifo.ttl: 0
2019/10/17-14:55:05.101476 7fc3a9fcb700                   Options.table_properties_collectors: 
2019/10/17-14:55:05.101477 7fc3a9fcb700                   Options.inplace_update_support: 0
2019/10/17-14:55:05.101478 7fc3a9fcb700                 Options.inplace_update_num_locks: 10000
2019/10/17-14:55:05.101479 7fc3a9fcb700               Options.memtable_prefix_bloom_size_ratio: 0.000000
2019/10/17-14:55:05.101481 7fc3a9fcb700   Options.memtable_huge_page_size: 0
2019/10/17-14:55:05.101482 7fc3a9fcb700                           Options.bloom_locality: 0
2019/10/17-14:55:05.101483 7fc3a9fcb700                    Options.max_successive_merges: 0
2019/10/17-14:55:05.101483 7fc3a9fcb700                Options.optimize_filters_for_hits: 0
2019/10/17-14:55:05.101484 7fc3a9fcb700                Options.paranoid_file_checks: 0
2019/10/17-14:55:05.101485 7fc3a9fcb700                Options.force_consistency_checks: 0
2019/10/17-14:55:05.101486 7fc3a9fcb700                Options.report_bg_io_stats: 0
2019/10/17-14:55:05.101487 7fc3a9fcb700                               Options.ttl: 0
2019/10/17-14:55:05.101531 7fc3a9fcb700 [db/column_family.cc:472] --------------- Options for column family [active_gateways]:
2019/10/17-14:55:05.101533 7fc3a9fcb700               Options.comparator: leveldb.BytewiseComparator
2019/10/17-14:55:05.101534 7fc3a9fcb700           Options.merge_operator: None
2019/10/17-14:55:05.101535 7fc3a9fcb700        Options.compaction_filter: None
2019/10/17-14:55:05.101536 7fc3a9fcb700        Options.compaction_filter_factory: None
2019/10/17-14:55:05.101536 7fc3a9fcb700         Options.memtable_factory: SkipListFactory
2019/10/17-14:55:05.101537 7fc3a9fcb700            Options.table_factory: BlockBasedTable
2019/10/17-14:55:05.101550 7fc3a9fcb700            table_factory options:   flush_block_policy_factory: FlushBlockBySizePolicyFactory (0x7fc3500d57a0)
  cache_index_and_filter_blocks: 0
  cache_index_and_filter_blocks_with_high_priority: 0
  pin_l0_filter_and_index_blocks_in_cache: 0
  pin_top_level_index_and_filter: 1
  index_type: 0
  hash_index_allow_collision: 1
  checksum: 1
  no_block_cache: 0
  block_cache: 0x7fc35000dcf0
  block_cache_name: LRUCache
  block_cache_options:
    capacity : 8388608
    num_shard_bits : 4
    strict_capacity_limit : 0
    memory_allocator : None
    high_pri_pool_ratio: 0.000
  block_cache_compressed: (nil)
  persistent_cache: (nil)
  block_size: 4096
  block_size_deviation: 10
  block_restart_interval: 16
  index_block_restart_interval: 1
  metadata_block_size: 4096
  partition_filters: 0
  use_delta_encoding: 1
  filter_policy: nullptr
  whole_key_filtering: 1
  verify_compression: 0
  read_amp_bytes_per_bit: 0
  format_version: 2
  enable_index_compression: 1
  block_align: 0
2019/10/17-14:55:05.101559 7fc3a9fcb700        Options.write_buffer_size: 67108864
2019/10/17-14:55:05.101560 7fc3a9fcb700  Options.max_write_buffer_number: 2
2019/10/17-14:55:05.101561 7fc3a9fcb700          Options.compression: NoCompression
2019/10/17-14:55:05.101562 7fc3a9fcb700                  Options.bottommost_compression: Disabled
2019/10/17-14:55:05.101563 7fc3a9fcb700       Options.prefix_extractor: nullptr
2019/10/17-14:55:05.101564 7fc3a9fcb700   Options.memtable_insert_with_hint_prefix_extractor: nullptr
2019/10/17-14:55:05.101565 7fc3a9fcb700             Options.num_levels: 7
2019/10/17-14:55:05.101566 7fc3a9fcb700        Options.min_write_buffer_number_to_merge: 1
2019/10/17-14:55:05.101567 7fc3a9fcb700     Options.max_write_buffer_number_to_maintain: 0
2019/10/17-14:55:05.101567 7fc3a9fcb700            Options.bottommost_compression_opts.window_bits: -14
2019/10/17-14:55:05.101568 7fc3a9fcb700                  Options.bottommost_compression_opts.level: 32767
2019/10/17-14:55:05.101569 7fc3a9fcb700               Options.bottommost_compression_opts.strategy: 0
2019/10/17-14:55:05.101570 7fc3a9fcb700         Options.bottommost_compression_opts.max_dict_bytes: 0
2019/10/17-14:55:05.101571 7fc3a9fcb700         Options.bottommost_compression_opts.zstd_max_train_bytes: 0
2019/10/17-14:55:05.101572 7fc3a9fcb700                  Options.bottommost_compression_opts.enabled: false
2019/10/17-14:55:05.101573 7fc3a9fcb700            Options.compression_opts.window_bits: -14
2019/10/17-14:55:05.101574 7fc3a9fcb700                  Options.compression_opts.level: 32767
2019/10/17-14:55:05.101575 7fc3a9fcb700               Options.compression_opts.strategy: 0
2019/10/17-14:55:05.101576 7fc3a9fcb700         Options.compression_opts.max_dict_bytes: 0
2019/10/17-14:55:05.101576 7fc3a9fcb700         Options.compression_opts.zstd_max_train_bytes: 0
2019/10/17-14:55:05.101577 7fc3a9fcb700                  Options.compression_opts.enabled: false
2019/10/17-14:55:05.101578 7fc3a9fcb700      Options.level0_file_num_compaction_trigger: 4
2019/10/17-14:55:05.101579 7fc3a9fcb700          Options.level0_slowdown_writes_trigger: 20
2019/10/17-14:55:05.101580 7fc3a9fcb700              Options.level0_stop_writes_trigger: 36
2019/10/17-14:55:05.101581 7fc3a9fcb700                   Options.target_file_size_base: 67108864
2019/10/17-14:55:05.101582 7fc3a9fcb700             Options.target_file_size_multiplier: 1
2019/10/17-14:55:05.101583 7fc3a9fcb700                Options.max_bytes_for_level_base: 268435456
2019/10/17-14:55:05.101584 7fc3a9fcb700 Options.level_compaction_dynamic_level_bytes: 0
2019/10/17-14:55:05.101585 7fc3a9fcb700          Options.max_bytes_for_level_multiplier: 10.000000
2019/10/17-14:55:05.101586 7fc3a9fcb700 Options.max_bytes_for_level_multiplier_addtl[0]: 1
2019/10/17-14:55:05.101587 7fc3a9fcb700 Options.max_bytes_for_level_multiplier_addtl[1]: 1
2019/10/17-14:55:05.101588 7fc3a9fcb700 Options.max_bytes_for_level_multiplier_addtl[2]: 1
2019/10/17-14:55:05.101589 7fc3a9fcb700 Options.max_bytes_for_level_multiplier_addtl[3]: 1
2019/10/17-14:55:05.101590 7fc3a9fcb700 Options.max_bytes_for_level_multiplier_addtl[4]: 1
2019/10/17-14:55:05.101591 7fc3a9fcb700 Options.max_bytes_for_level_multiplier_addtl[5]: 1
2019/10/17-14:55:05.101592 7fc3a9fcb700 Options.max_bytes_for_level_multiplier_addtl[6]: 1
2019/10/17-14:55:05.101593 7fc3a9fcb700       Options.max_sequential_skip_in_iterations: 8
2019/10/17-14:55:05.101598 7fc3a9fcb700                    Options.max_compaction_bytes: 1677721600
2019/10/17-14:55:05.101599 7fc3a9fcb700                        Options.arena_block_size: 8388608
2019/10/17-14:55:05.101600 7fc3a9fcb700   Options.soft_pending_compaction_bytes_limit: 68719476736
2019/10/17-14:55:05.101601 7fc3a9fcb700   Options.hard_pending_compaction_bytes_limit: 274877906944
2019/10/17-14:55:05.101602 7fc3a9fcb700       Options.rate_limit_delay_max_milliseconds: 100
2019/10/17-14:55:05.101603 7fc3a9fcb700                Options.disable_auto_compactions: 0
2019/10/17-14:55:05.101604 7fc3a9fcb700                        Options.compaction_style: kCompactionStyleLevel
2019/10/17-14:55:05.101605 7fc3a9fcb700                          Options.compaction_pri: kByCompensatedSize
2019/10/17-14:55:05.101606 7fc3a9fcb700 Options.compaction_options_universal.size_ratio: 1
2019/10/17-14:55:05.101607 7fc3a9fcb700 Options.compaction_options_universal.min_merge_width: 2
2019/10/17-14:55:05.101608 7fc3a9fcb700 Options.compaction_options_universal.max_merge_width: 4294967295
2019/10/17-14:55:05.101609 7fc3a9fcb700 Options.compaction_options_universal.max_size_amplification_percent: 200
2019/10/17-14:55:05.101610 7fc3a9fcb700 Options.compaction_options_universal.compression_size_percent: -1
2019/10/17-14:55:05.101611 7fc3a9fcb700 Options.compaction_options_universal.stop_style: kCompactionStopStyleTotalSize
2019/10/17-14:55:05.101612 7fc3a9fcb700 Options.compaction_options_fifo.max_table_files_size: 1073741824
2019/10/17-14:55:05.101613 7fc3a9fcb700 Options.compaction_options_fifo.allow_compaction: 0
2019/10/17-14:55:05.101614 7fc3a9fcb700 Options.compaction_options_fifo.ttl: 0
2019/10/17-14:55:05.101615 7fc3a9fcb700                   Options.table_properties_collectors: 
2019/10/17-14:55:05.101616 7fc3a9fcb700                   Options.inplace_update_support: 0
2019/10/17-14:55:05.101617 7fc3a9fcb700                 Options.inplace_update_num_locks: 10000
2019/10/17-14:55:05.101617 7fc3a9fcb700               Options.memtable_prefix_bloom_size_ratio: 0.000000
2019/10/17-14:55:05.101619 7fc3a9fcb700   Options.memtable_huge_page_size: 0
2019/10/17-14:55:05.101620 7fc3a9fcb700                           Options.bloom_locality: 0
2019/10/17-14:55:05.101621 7fc3a9fcb700                    Options.max_successive_merges: 0
2019/10/17-14:55:05.101622 7fc3a9fcb700                Options.optimize_filters_for_hits: 0
2019/10/17-14:55:05.101622 7fc3a9fcb700                Options.paranoid_file_checks: 0
2019/10/17-14:55:05.101623 7fc3a9fcb700                Options.force_consistency_checks: 0
2019/10/17-14:55:05.101624 7fc3a9fcb700                Options.report_bg_io_stats: 0
2019/10/17-14:55:05.101625 7fc3a9fcb700                               Options.ttl: 0
2019/10/17-14:55:05.101645 7fc3a9fcb700 [db/column_family.cc:472] --------------- Options for column family [entries]:
2019/10/17-14:55:05.101646 7fc3a9fcb700               Options.comparator: leveldb.BytewiseComparator
2019/10/17-14:55:05.101647 7fc3a9fcb700           Options.merge_operator: None
2019/10/17-14:55:05.101648 7fc3a9fcb700        Options.compaction_filter: None
2019/10/17-14:55:05.101649 7fc3a9fcb700        Options.compaction_filter_factory: None
2019/10/17-14:55:05.101650 7fc3a9fcb700         Options.memtable_factory: SkipListFactory
2019/10/17-14:55:05.101651 7fc3a9fcb700            Options.table_factory: BlockBasedTable
2019/10/17-14:55:05.101662 7fc3a9fcb700            table_factory options:   flush_block_policy_factory: FlushBlockBySizePolicyFactory (0x7fc35002d270)
  cache_index_and_filter_blocks: 0
  cache_index_and_filter_blocks_with_high_priority: 0
  pin_l0_filter_and_index_blocks_in_cache: 0
  pin_top_level_index_and_filter: 1
  index_type: 0
  hash_index_allow_collision: 1
  checksum: 1
  no_block_cache: 0
  block_cache: 0x7fc35008c340
  block_cache_name: LRUCache
  block_cache_options:
    capacity : 8388608
    num_shard_bits : 4
    strict_capacity_limit : 0
    memory_allocator : None
    high_pri_pool_ratio: 0.000
  block_cache_compressed: (nil)
  persistent_cache: (nil)
  block_size: 4096
  block_size_deviation: 10
  block_restart_interval: 16
  index_block_restart_interval: 1
  metadata_block_size: 4096
  partition_filters: 0
  use_delta_encoding: 1
  filter_policy: nullptr
  whole_key_filtering: 1
  verify_compression: 0
  read_amp_bytes_per_bit: 0
  format_version: 2
  enable_index_compression: 1
  block_align: 0
2019/10/17-14:55:05.101670 7fc3a9fcb700        Options.write_buffer_size: 67108864
2019/10/17-14:55:05.101671 7fc3a9fcb700  Options.max_write_buffer_number: 2
2019/10/17-14:55:05.101672 7fc3a9fcb700          Options.compression: NoCompression
2019/10/17-14:55:05.101673 7fc3a9fcb700                  Options.bottommost_compression: Disabled
2019/10/17-14:55:05.101673 7fc3a9fcb700       Options.prefix_extractor: nullptr
2019/10/17-14:55:05.101674 7fc3a9fcb700   Options.memtable_insert_with_hint_prefix_extractor: nullptr
2019/10/17-14:55:05.101675 7fc3a9fcb700             Options.num_levels: 7
2019/10/17-14:55:05.101676 7fc3a9fcb700        Options.min_write_buffer_number_to_merge: 1
2019/10/17-14:55:05.101677 7fc3a9fcb700     Options.max_write_buffer_number_to_maintain: 0
2019/10/17-14:55:05.101678 7fc3a9fcb700            Options.bottommost_compression_opts.window_bits: -14
2019/10/17-14:55:05.101679 7fc3a9fcb700                  Options.bottommost_compression_opts.level: 32767
2019/10/17-14:55:05.101680 7fc3a9fcb700               Options.bottommost_compression_opts.strategy: 0
2019/10/17-14:55:05.101681 7fc3a9fcb700         Options.bottommost_compression_opts.max_dict_bytes: 0
2019/10/17-14:55:05.101682 7fc3a9fcb700         Options.bottommost_compression_opts.zstd_max_train_bytes: 0
2019/10/17-14:55:05.101682 7fc3a9fcb700                  Options.bottommost_compression_opts.enabled: false
2019/10/17-14:55:05.101683 7fc3a9fcb700            Options.compression_opts.window_bits: -14
2019/10/17-14:55:05.101684 7fc3a9fcb700                  Options.compression_opts.level: 32767
2019/10/17-14:55:05.101685 7fc3a9fcb700               Options.compression_opts.strategy: 0
2019/10/17-14:55:05.101686 7fc3a9fcb700         Options.compression_opts.max_dict_bytes: 0
2019/10/17-14:55:05.101687 7fc3a9fcb700         Options.compression_opts.zstd_max_train_bytes: 0
2019/10/17-14:55:05.101688 7fc3a9fcb700                  Options.compression_opts.enabled: false
2019/10/17-14:55:05.101689 7fc3a9fcb700      Options.level0_file_num_compaction_trigger: 4
2019/10/17-14:55:05.101690 7fc3a9fcb700          Options.level0_slowdown_writes_trigger: 20
2019/10/17-14:55:05.101691 7fc3a9fcb700              Options.level0_stop_writes_trigger: 36
2019/10/17-14:55:05.101691 7fc3a9fcb700                   Options.target_file_size_base: 67108864
2019/10/17-14:55:05.101692 7fc3a9fcb700             Options.target_file_size_multiplier: 1
2019/10/17-14:55:05.101693 7fc3a9fcb700                Options.max_bytes_for_level_base: 268435456
2019/10/17-14:55:05.101694 7fc3a9fcb700 Options.level_compaction_dynamic_level_bytes: 0
2019/10/17-14:55:05.101695 7fc3a9fcb700          Options.max_bytes_for_level_multiplier: 10.000000
2019/10/17-14:55:05.101697 7fc3a9fcb700 Options.max_bytes_for_level_multiplier_addtl[0]: 1
2019/10/17-14:55:05.101698 7fc3a9fcb700 Options.max_bytes_for_level_multiplier_addtl[1]: 1
2019/10/17-14:55:05.101699 7fc3a9fcb700 Options.max_bytes_for_level_multiplier_addtl[2]: 1
2019/10/17-14:55:05.101700 7fc3a9fcb700 Options.max_bytes_for_level_multiplier_addtl[3]: 1
2019/10/17-14:55:05.101700 7fc3a9fcb700 Options.max_bytes_for_level_multiplier_addtl[4]: 1
2019/10/17-14:55:05.101701 7fc3a9fcb700 Options.max_bytes_for_level_multiplier_addtl[5]: 1
2019/10/17-14:55:05.101702 7fc3a9fcb700 Options.max_bytes_for_level_multiplier_addtl[6]: 1
2019/10/17-14:55:05.101703 7fc3a9fcb700       Options.max_sequential_skip_in_iterations: 8
2019/10/17-14:55:05.101704 7fc3a9fcb700                    Options.max_compaction_bytes: 1677721600
2019/10/17-14:55:05.101705 7fc3a9fcb700                        Options.arena_block_size: 8388608
2019/10/17-14:55:05.101706 7fc3a9fcb700   Options.soft_pending_compaction_bytes_limit: 68719476736
2019/10/17-14:55:05.101711 7fc3a9fcb700   Options.hard_pending_compaction_bytes_limit: 274877906944
2019/10/17-14:55:05.101712 7fc3a9fcb700       Options.rate_limit_delay_max_milliseconds: 100
2019/10/17-14:55:05.101713 7fc3a9fcb700                Options.disable_auto_compactions: 0
2019/10/17-14:55:05.101714 7fc3a9fcb700                        Options.compaction_style: kCompactionStyleLevel
2019/10/17-14:55:05.101715 7fc3a9fcb700                          Options.compaction_pri: kByCompensatedSize
2019/10/17-14:55:05.101716 7fc3a9fcb700 Options.compaction_options_universal.size_ratio: 1
2019/10/17-14:55:05.101717 7fc3a9fcb700 Options.compaction_options_universal.min_merge_width: 2
2019/10/17-14:55:05.101718 7fc3a9fcb700 Options.compaction_options_universal.max_merge_width: 4294967295
2019/10/17-14:55:05.101719 7fc3a9fcb700 Options.compaction_options_universal.max_size_amplification_percent: 200
2019/10/17-14:55:05.101720 7fc3a9fcb700 Options.compaction_options_universal.compression_size_percent: -1
2019/10/17-14:55:05.101721 7fc3a9fcb700 Options.compaction_options_universal.stop_style: kCompactionStopStyleTotalSize
2019/10/17-14:55:05.101722 7fc3a9fcb700 Options.compaction_options_fifo.max_table_files_size: 1073741824
2019/10/17-14:55:05.101723 7fc3a9fcb700 Options.compaction_options_fifo.allow_compaction: 0
2019/10/17-14:55:05.101723 7fc3a9fcb700 Options.compaction_options_fifo.ttl: 0
2019/10/17-14:55:05.101724 7fc3a9fcb700                   Options.table_properties_collectors: 
2019/10/17-14:55:05.101725 7fc3a9fcb700                   Options.inplace_update_support: 0
2019/10/17-14:55:05.101726 7fc3a9fcb700                 Options.inplace_update_num_locks: 10000
2019/10/17-14:55:05.101727 7fc3a9fcb700               Options.memtable_prefix_bloom_size_ratio: 0.000000
2019/10/17-14:55:05.101728 7fc3a9fcb700   Options.memtable_huge_page_size: 0
2019/10/17-14:55:05.101729 7fc3a9fcb700                           Options.bloom_locality: 0
2019/10/17-14:55:05.101730 7fc3a9fcb700                    Options.max_successive_merges: 0
2019/10/17-14:55:05.101731 7fc3a9fcb700                Options.optimize_filters_for_hits: 0
2019/10/17-14:55:05.101732 7fc3a9fcb700                Options.paranoid_file_checks: 0
2019/10/17-14:55:05.101733 7fc3a9fcb700                Options.force_consistency_checks: 0
2019/10/17-14:55:05.101734 7fc3a9fcb700                Options.report_bg_io_stats: 0
2019/10/17-14:55:05.101734 7fc3a9fcb700                               Options.ttl: 0
2019/10/17-14:55:05.101751 7fc3a9fcb700 [db/column_family.cc:472] --------------- Options for column family [dc_entries]:
2019/10/17-14:55:05.101753 7fc3a9fcb700               Options.comparator: leveldb.BytewiseComparator
2019/10/17-14:55:05.101754 7fc3a9fcb700           Options.merge_operator: None
2019/10/17-14:55:05.101755 7fc3a9fcb700        Options.compaction_filter: None
2019/10/17-14:55:05.101756 7fc3a9fcb700        Options.compaction_filter_factory: None
2019/10/17-14:55:05.101757 7fc3a9fcb700         Options.memtable_factory: SkipListFactory
2019/10/17-14:55:05.101758 7fc3a9fcb700            Options.table_factory: BlockBasedTable
2019/10/17-14:55:05.101769 7fc3a9fcb700            table_factory options:   flush_block_policy_factory: FlushBlockBySizePolicyFactory (0x7fc350104a00)
  cache_index_and_filter_blocks: 0
  cache_index_and_filter_blocks_with_high_priority: 0
  pin_l0_filter_and_index_blocks_in_cache: 0
  pin_top_level_index_and_filter: 1
  index_type: 0
  hash_index_allow_collision: 1
  checksum: 1
  no_block_cache: 0
  block_cache: 0x7fc35003d160
  block_cache_name: LRUCache
  block_cache_options:
    capacity : 8388608
    num_shard_bits : 4
    strict_capacity_limit : 0
    memory_allocator : None
    high_pri_pool_ratio: 0.000
  block_cache_compressed: (nil)
  persistent_cache: (nil)
  block_size: 4096
  block_size_deviation: 10
  block_restart_interval: 16
  index_block_restart_interval: 1
  metadata_block_size: 4096
  partition_filters: 0
  use_delta_encoding: 1
  filter_policy: nullptr
  whole_key_filtering: 1
  verify_compression: 0
  read_amp_bytes_per_bit: 0
  format_version: 2
  enable_index_compression: 1
  block_align: 0
2019/10/17-14:55:05.101776 7fc3a9fcb700        Options.write_buffer_size: 67108864
2019/10/17-14:55:05.101777 7fc3a9fcb700  Options.max_write_buffer_number: 2
2019/10/17-14:55:05.101778 7fc3a9fcb700          Options.compression: NoCompression
2019/10/17-14:55:05.101779 7fc3a9fcb700                  Options.bottommost_compression: Disabled
2019/10/17-14:55:05.101780 7fc3a9fcb700       Options.prefix_extractor: nullptr
2019/10/17-14:55:05.101781 7fc3a9fcb700   Options.memtable_insert_with_hint_prefix_extractor: nullptr
2019/10/17-14:55:05.101782 7fc3a9fcb700             Options.num_levels: 7
2019/10/17-14:55:05.101783 7fc3a9fcb700        Options.min_write_buffer_number_to_merge: 1
2019/10/17-14:55:05.101784 7fc3a9fcb700     Options.max_write_buffer_number_to_maintain: 0
2019/10/17-14:55:05.101784 7fc3a9fcb700            Options.bottommost_compression_opts.window_bits: -14
2019/10/17-14:55:05.101785 7fc3a9fcb700                  Options.bottommost_compression_opts.level: 32767
2019/10/17-14:55:05.101786 7fc3a9fcb700               Options.bottommost_compression_opts.strategy: 0
2019/10/17-14:55:05.101787 7fc3a9fcb700         Options.bottommost_compression_opts.max_dict_bytes: 0
2019/10/17-14:55:05.101788 7fc3a9fcb700         Options.bottommost_compression_opts.zstd_max_train_bytes: 0
2019/10/17-14:55:05.101789 7fc3a9fcb700                  Options.bottommost_compression_opts.enabled: false
2019/10/17-14:55:05.101790 7fc3a9fcb700            Options.compression_opts.window_bits: -14
2019/10/17-14:55:05.101791 7fc3a9fcb700                  Options.compression_opts.level: 32767
2019/10/17-14:55:05.101792 7fc3a9fcb700               Options.compression_opts.strategy: 0
2019/10/17-14:55:05.101793 7fc3a9fcb700         Options.compression_opts.max_dict_bytes: 0
2019/10/17-14:55:05.101793 7fc3a9fcb700         Options.compression_opts.zstd_max_train_bytes: 0
2019/10/17-14:55:05.101794 7fc3a9fcb700                  Options.compression_opts.enabled: false
2019/10/17-14:55:05.101795 7fc3a9fcb700      Options.level0_file_num_compaction_trigger: 4
2019/10/17-14:55:05.101796 7fc3a9fcb700          Options.level0_slowdown_writes_trigger: 20
2019/10/17-14:55:05.101797 7fc3a9fcb700              Options.level0_stop_writes_trigger: 36
2019/10/17-14:55:05.101798 7fc3a9fcb700                   Options.target_file_size_base: 67108864
2019/10/17-14:55:05.101799 7fc3a9fcb700             Options.target_file_size_multiplier: 1
2019/10/17-14:55:05.101800 7fc3a9fcb700                Options.max_bytes_for_level_base: 268435456
2019/10/17-14:55:05.101801 7fc3a9fcb700 Options.level_compaction_dynamic_level_bytes: 0
2019/10/17-14:55:05.101802 7fc3a9fcb700          Options.max_bytes_for_level_multiplier: 10.000000
2019/10/17-14:55:05.101803 7fc3a9fcb700 Options.max_bytes_for_level_multiplier_addtl[0]: 1
2019/10/17-14:55:05.101804 7fc3a9fcb700 Options.max_bytes_for_level_multiplier_addtl[1]: 1
2019/10/17-14:55:05.101805 7fc3a9fcb700 Options.max_bytes_for_level_multiplier_addtl[2]: 1
2019/10/17-14:55:05.101806 7fc3a9fcb700 Options.max_bytes_for_level_multiplier_addtl[3]: 1
2019/10/17-14:55:05.101807 7fc3a9fcb700 Options.max_bytes_for_level_multiplier_addtl[4]: 1
2019/10/17-14:55:05.101808 7fc3a9fcb700 Options.max_bytes_for_level_multiplier_addtl[5]: 1
2019/10/17-14:55:05.101809 7fc3a9fcb700 Options.max_bytes_for_level_multiplier_addtl[6]: 1
2019/10/17-14:55:05.101810 7fc3a9fcb700       Options.max_sequential_skip_in_iterations: 8
2019/10/17-14:55:05.101811 7fc3a9fcb700                    Options.max_compaction_bytes: 1677721600
2019/10/17-14:55:05.101811 7fc3a9fcb700                        Options.arena_block_size: 8388608
2019/10/17-14:55:05.101812 7fc3a9fcb700   Options.soft_pending_compaction_bytes_limit: 68719476736
2019/10/17-14:55:05.101813 7fc3a9fcb700   Options.hard_pending_compaction_bytes_limit: 274877906944
2019/10/17-14:55:05.101814 7fc3a9fcb700       Options.rate_limit_delay_max_milliseconds: 100
2019/10/17-14:55:05.101815 7fc3a9fcb700                Options.disable_auto_compactions: 0
2019/10/17-14:55:05.101821 7fc3a9fcb700                        Options.compaction_style: kCompactionStyleLevel
2019/10/17-14:55:05.101822 7fc3a9fcb700                          Options.compaction_pri: kByCompensatedSize
2019/10/17-14:55:05.101823 7fc3a9fcb700 Options.compaction_options_universal.size_ratio: 1
2019/10/17-14:55:05.101824 7fc3a9fcb700 Options.compaction_options_universal.min_merge_width: 2
2019/10/17-14:55:05.101825 7fc3a9fcb700 Options.compaction_options_universal.max_merge_width: 4294967295
2019/10/17-14:55:05.101826 7fc3a9fcb700 Options.compaction_options_universal.max_size_amplification_percent: 200
2019/10/17-14:55:05.101827 7fc3a9fcb700 Options.compaction_options_universal.compression_size_percent: -1
2019/10/17-14:55:05.101828 7fc3a9fcb700 Options.compaction_options_universal.stop_style: kCompactionStopStyleTotalSize
2019/10/17-14:55:05.101828 7fc3a9fcb700 Options.compaction_options_fifo.max_table_files_size: 1073741824
2019/10/17-14:55:05.101829 7fc3a9fcb700 Options.compaction_options_fifo.allow_compaction: 0
2019/10/17-14:55:05.101830 7fc3a9fcb700 Options.compaction_options_fifo.ttl: 0
2019/10/17-14:55:05.101831 7fc3a9fcb700                   Options.table_properties_collectors: 
2019/10/17-14:55:05.101832 7fc3a9fcb700                   Options.inplace_update_support: 0
2019/10/17-14:55:05.101833 7fc3a9fcb700                 Options.inplace_update_num_locks: 10000
2019/10/17-14:55:05.101834 7fc3a9fcb700               Options.memtable_prefix_bloom_size_ratio: 0.000000
2019/10/17-14:55:05.101835 7fc3a9fcb700   Options.memtable_huge_page_size: 0
2019/10/17-14:55:05.101836 7fc3a9fcb700                           Options.bloom_locality: 0
2019/10/17-14:55:05.101837 7fc3a9fcb700                    Options.max_successive_merges: 0
2019/10/17-14:55:05.101838 7fc3a9fcb700                Options.optimize_filters_for_hits: 0
2019/10/17-14:55:05.101839 7fc3a9fcb700                Options.paranoid_file_checks: 0
2019/10/17-14:55:05.101840 7fc3a9fcb700                Options.force_consistency_checks: 0
2019/10/17-14:55:05.101840 7fc3a9fcb700                Options.report_bg_io_stats: 0
2019/10/17-14:55:05.101841 7fc3a9fcb700                               Options.ttl: 0
2019/10/17-14:55:05.101856 7fc3a9fcb700 [db/column_family.cc:472] --------------- Options for column family [htlcs]:
2019/10/17-14:55:05.101857 7fc3a9fcb700               Options.comparator: leveldb.BytewiseComparator
2019/10/17-14:55:05.101858 7fc3a9fcb700           Options.merge_operator: None
2019/10/17-14:55:05.101859 7fc3a9fcb700        Options.compaction_filter: None
2019/10/17-14:55:05.101860 7fc3a9fcb700        Options.compaction_filter_factory: None
2019/10/17-14:55:05.101861 7fc3a9fcb700         Options.memtable_factory: SkipListFactory
2019/10/17-14:55:05.101862 7fc3a9fcb700            Options.table_factory: BlockBasedTable
2019/10/17-14:55:05.101872 7fc3a9fcb700            table_factory options:   flush_block_policy_factory: FlushBlockBySizePolicyFactory (0x7fc35008fbf0)
