2019/10/17-14:54:05.352317 7fc3a9fcb700 RocksDB version: 5.18.3
2019/10/17-14:54:05.352424 7fc3a9fcb700 Git sha rocksdb_build_git_sha:@0@
2019/10/17-14:54:05.352427 7fc3a9fcb700 Compile date Sep 19 2019
2019/10/17-14:54:05.352430 7fc3a9fcb700 DB SUMMARY
2019/10/17-14:54:05.353639 7fc3a9fcb700 CURRENT file:  CURRENT
2019/10/17-14:54:05.353642 7fc3a9fcb700 IDENTITY file:  IDENTITY
2019/10/17-14:54:05.353690 7fc3a9fcb700 MANIFEST file:  MANIFEST-114658 size: 4114 Bytes
2019/10/17-14:54:05.353693 7fc3a9fcb700 SST files in /home/rahul/dev/blockchain-core/eqc/ledger.db dir, Total Num: 29, files: 000624.sst 000627.sst 106940.sst 108447.sst 108450.sst 109471.sst 109483.sst 109485.sst 109486.sst 
2019/10/17-14:54:05.353695 7fc3a9fcb700 Write Ahead Log file in /home/rahul/dev/blockchain-core/eqc/ledger.db: 114659.log size: 0 ; 
2019/10/17-14:54:05.353752 7fc3a9fcb700                         Options.error_if_exists: 0
2019/10/17-14:54:05.353754 7fc3a9fcb700                       Options.create_if_missing: 1
2019/10/17-14:54:05.353756 7fc3a9fcb700                         Options.paranoid_checks: 1
2019/10/17-14:54:05.353757 7fc3a9fcb700                                     Options.env: 0x7fc32ae1fc60
2019/10/17-14:54:05.353759 7fc3a9fcb700                                Options.info_log: 0x7fc350095090
2019/10/17-14:54:05.353760 7fc3a9fcb700                Options.max_file_opening_threads: 16
2019/10/17-14:54:05.353761 7fc3a9fcb700                              Options.statistics: (nil)
2019/10/17-14:54:05.353763 7fc3a9fcb700                               Options.use_fsync: 0
2019/10/17-14:54:05.353764 7fc3a9fcb700                       Options.max_log_file_size: 0
2019/10/17-14:54:05.353766 7fc3a9fcb700                  Options.max_manifest_file_size: 1073741824
2019/10/17-14:54:05.353767 7fc3a9fcb700                   Options.log_file_time_to_roll: 0
2019/10/17-14:54:05.353768 7fc3a9fcb700                       Options.keep_log_file_num: 1000
2019/10/17-14:54:05.353770 7fc3a9fcb700                    Options.recycle_log_file_num: 0
2019/10/17-14:54:05.353771 7fc3a9fcb700                         Options.allow_fallocate: 1
2019/10/17-14:54:05.353772 7fc3a9fcb700                        Options.allow_mmap_reads: 0
2019/10/17-14:54:05.353773 7fc3a9fcb700                       Options.allow_mmap_writes: 0
2019/10/17-14:54:05.353775 7fc3a9fcb700                        Options.use_direct_reads: 0
2019/10/17-14:54:05.353776 7fc3a9fcb700                        Options.use_direct_io_for_flush_and_compaction: 0
2019/10/17-14:54:05.353777 7fc3a9fcb700          Options.create_missing_column_families: 0
2019/10/17-14:54:05.353778 7fc3a9fcb700                              Options.db_log_dir: 
2019/10/17-14:54:05.353779 7fc3a9fcb700                                 Options.wal_dir: /home/rahul/dev/blockchain-core/eqc/ledger.db
2019/10/17-14:54:05.353781 7fc3a9fcb700                Options.table_cache_numshardbits: 6
2019/10/17-14:54:05.353782 7fc3a9fcb700                      Options.max_subcompactions: 1
2019/10/17-14:54:05.353783 7fc3a9fcb700                  Options.max_background_flushes: -1
2019/10/17-14:54:05.353785 7fc3a9fcb700                         Options.WAL_ttl_seconds: 0
2019/10/17-14:54:05.353786 7fc3a9fcb700                       Options.WAL_size_limit_MB: 0
2019/10/17-14:54:05.353787 7fc3a9fcb700             Options.manifest_preallocation_size: 4194304
2019/10/17-14:54:05.353789 7fc3a9fcb700                     Options.is_fd_close_on_exec: 1
2019/10/17-14:54:05.353790 7fc3a9fcb700                   Options.advise_random_on_open: 1
2019/10/17-14:54:05.353791 7fc3a9fcb700                    Options.db_write_buffer_size: 0
2019/10/17-14:54:05.353792 7fc3a9fcb700                    Options.write_buffer_manager: 0x7fc3501023b0
2019/10/17-14:54:05.353794 7fc3a9fcb700         Options.access_hint_on_compaction_start: 1
2019/10/17-14:54:05.353795 7fc3a9fcb700  Options.new_table_reader_for_compaction_inputs: 0
2019/10/17-14:54:05.353796 7fc3a9fcb700           Options.random_access_max_buffer_size: 1048576
2019/10/17-14:54:05.353797 7fc3a9fcb700                      Options.use_adaptive_mutex: 0
2019/10/17-14:54:05.353799 7fc3a9fcb700                            Options.rate_limiter: (nil)
2019/10/17-14:54:05.353812 7fc3a9fcb700     Options.sst_file_manager.rate_bytes_per_sec: 0
2019/10/17-14:54:05.353814 7fc3a9fcb700                       Options.wal_recovery_mode: 2
2019/10/17-14:54:05.353815 7fc3a9fcb700                  Options.enable_thread_tracking: 0
2019/10/17-14:54:05.353817 7fc3a9fcb700                  Options.enable_pipelined_write: 0
2019/10/17-14:54:05.353818 7fc3a9fcb700         Options.allow_concurrent_memtable_write: 1
2019/10/17-14:54:05.353819 7fc3a9fcb700      Options.enable_write_thread_adaptive_yield: 1
2019/10/17-14:54:05.353820 7fc3a9fcb700             Options.write_thread_max_yield_usec: 100
2019/10/17-14:54:05.353822 7fc3a9fcb700            Options.write_thread_slow_yield_usec: 3
2019/10/17-14:54:05.353823 7fc3a9fcb700                               Options.row_cache: None
2019/10/17-14:54:05.353824 7fc3a9fcb700                              Options.wal_filter: None
2019/10/17-14:54:05.353826 7fc3a9fcb700             Options.avoid_flush_during_recovery: 0
2019/10/17-14:54:05.353827 7fc3a9fcb700             Options.allow_ingest_behind: 0
2019/10/17-14:54:05.353828 7fc3a9fcb700             Options.preserve_deletes: 0
2019/10/17-14:54:05.353829 7fc3a9fcb700             Options.two_write_queues: 0
2019/10/17-14:54:05.353831 7fc3a9fcb700             Options.manual_wal_flush: 0
2019/10/17-14:54:05.353832 7fc3a9fcb700             Options.max_background_jobs: 2
2019/10/17-14:54:05.353833 7fc3a9fcb700             Options.max_background_compactions: -1
2019/10/17-14:54:05.353835 7fc3a9fcb700             Options.avoid_flush_during_shutdown: 0
2019/10/17-14:54:05.353836 7fc3a9fcb700           Options.writable_file_max_buffer_size: 1048576
2019/10/17-14:54:05.353837 7fc3a9fcb700             Options.delayed_write_rate : 16777216
2019/10/17-14:54:05.353838 7fc3a9fcb700             Options.max_total_wal_size: 0
2019/10/17-14:54:05.353840 7fc3a9fcb700             Options.delete_obsolete_files_period_micros: 21600000000
2019/10/17-14:54:05.353841 7fc3a9fcb700                   Options.stats_dump_period_sec: 600
2019/10/17-14:54:05.353842 7fc3a9fcb700                          Options.max_open_files: -1
2019/10/17-14:54:05.353844 7fc3a9fcb700                          Options.bytes_per_sync: 0
2019/10/17-14:54:05.353845 7fc3a9fcb700                      Options.wal_bytes_per_sync: 0
2019/10/17-14:54:05.353846 7fc3a9fcb700       Options.compaction_readahead_size: 0
2019/10/17-14:54:05.353847 7fc3a9fcb700 Compression algorithms supported:
2019/10/17-14:54:05.353849 7fc3a9fcb700 	kZSTDNotFinalCompression supported: 0
2019/10/17-14:54:05.353850 7fc3a9fcb700 	kZSTD supported: 0
2019/10/17-14:54:05.353852 7fc3a9fcb700 	kXpressCompression supported: 0
2019/10/17-14:54:05.353853 7fc3a9fcb700 	kLZ4HCCompression supported: 0
2019/10/17-14:54:05.353854 7fc3a9fcb700 	kLZ4Compression supported: 0
2019/10/17-14:54:05.353856 7fc3a9fcb700 	kBZip2Compression supported: 0
2019/10/17-14:54:05.353857 7fc3a9fcb700 	kZlibCompression supported: 0
2019/10/17-14:54:05.353858 7fc3a9fcb700 	kSnappyCompression supported: 0
2019/10/17-14:54:05.353872 7fc3a9fcb700 Fast CRC32 supported: Supported on x86
2019/10/17-14:54:05.354025 7fc3a9fcb700 [db/version_set.cc:3507] Recovering from manifest file: MANIFEST-114658
2019/10/17-14:54:05.354077 7fc3a9fcb700 [db/column_family.cc:472] --------------- Options for column family [default]:
2019/10/17-14:54:05.354080 7fc3a9fcb700               Options.comparator: leveldb.BytewiseComparator
2019/10/17-14:54:05.354081 7fc3a9fcb700           Options.merge_operator: None
2019/10/17-14:54:05.354083 7fc3a9fcb700        Options.compaction_filter: None
2019/10/17-14:54:05.354084 7fc3a9fcb700        Options.compaction_filter_factory: None
2019/10/17-14:54:05.354085 7fc3a9fcb700         Options.memtable_factory: SkipListFactory
2019/10/17-14:54:05.354087 7fc3a9fcb700            Options.table_factory: BlockBasedTable
2019/10/17-14:54:05.354109 7fc3a9fcb700            table_factory options:   flush_block_policy_factory: FlushBlockBySizePolicyFactory (0x7fc35005e2d0)
  cache_index_and_filter_blocks: 0
  cache_index_and_filter_blocks_with_high_priority: 0
  pin_l0_filter_and_index_blocks_in_cache: 0
  pin_top_level_index_and_filter: 1
  index_type: 0
  hash_index_allow_collision: 1
  checksum: 1
  no_block_cache: 0
  block_cache: 0x7fc35011cfe0
  block_cache_name: LRUCache
  block_cache_options:
    capacity : 8388608
    num_shard_bits : 4
    strict_capacity_limit : 0
    memory_allocator : None
    high_pri_pool_ratio: 0.000
  block_cache_compressed: (nil)
  persistent_cache: (nil)
  block_size: 4096
  block_size_deviation: 10
  block_restart_interval: 16
  index_block_restart_interval: 1
  metadata_block_size: 4096
  partition_filters: 0
  use_delta_encoding: 1
  filter_policy: nullptr
  whole_key_filtering: 1
  verify_compression: 0
  read_amp_bytes_per_bit: 0
  format_version: 2
  enable_index_compression: 1
  block_align: 0
2019/10/17-14:54:05.354126 7fc3a9fcb700        Options.write_buffer_size: 67108864
2019/10/17-14:54:05.354128 7fc3a9fcb700  Options.max_write_buffer_number: 2
2019/10/17-14:54:05.354129 7fc3a9fcb700          Options.compression: NoCompression
2019/10/17-14:54:05.354131 7fc3a9fcb700                  Options.bottommost_compression: Disabled
2019/10/17-14:54:05.354132 7fc3a9fcb700       Options.prefix_extractor: nullptr
2019/10/17-14:54:05.354133 7fc3a9fcb700   Options.memtable_insert_with_hint_prefix_extractor: nullptr
2019/10/17-14:54:05.354134 7fc3a9fcb700             Options.num_levels: 7
2019/10/17-14:54:05.354136 7fc3a9fcb700        Options.min_write_buffer_number_to_merge: 1
2019/10/17-14:54:05.354137 7fc3a9fcb700     Options.max_write_buffer_number_to_maintain: 0
2019/10/17-14:54:05.354138 7fc3a9fcb700            Options.bottommost_compression_opts.window_bits: -14
2019/10/17-14:54:05.354140 7fc3a9fcb700                  Options.bottommost_compression_opts.level: 32767
2019/10/17-14:54:05.354141 7fc3a9fcb700               Options.bottommost_compression_opts.strategy: 0
2019/10/17-14:54:05.354142 7fc3a9fcb700         Options.bottommost_compression_opts.max_dict_bytes: 0
2019/10/17-14:54:05.354143 7fc3a9fcb700         Options.bottommost_compression_opts.zstd_max_train_bytes: 0
2019/10/17-14:54:05.354145 7fc3a9fcb700                  Options.bottommost_compression_opts.enabled: false
2019/10/17-14:54:05.354146 7fc3a9fcb700            Options.compression_opts.window_bits: -14
2019/10/17-14:54:05.354147 7fc3a9fcb700                  Options.compression_opts.level: 32767
2019/10/17-14:54:05.354149 7fc3a9fcb700               Options.compression_opts.strategy: 0
2019/10/17-14:54:05.354150 7fc3a9fcb700         Options.compression_opts.max_dict_bytes: 0
2019/10/17-14:54:05.354151 7fc3a9fcb700         Options.compression_opts.zstd_max_train_bytes: 0
2019/10/17-14:54:05.354152 7fc3a9fcb700                  Options.compression_opts.enabled: false
2019/10/17-14:54:05.354153 7fc3a9fcb700      Options.level0_file_num_compaction_trigger: 4
2019/10/17-14:54:05.354155 7fc3a9fcb700          Options.level0_slowdown_writes_trigger: 20
2019/10/17-14:54:05.354156 7fc3a9fcb700              Options.level0_stop_writes_trigger: 36
2019/10/17-14:54:05.354157 7fc3a9fcb700                   Options.target_file_size_base: 67108864
2019/10/17-14:54:05.354159 7fc3a9fcb700             Options.target_file_size_multiplier: 1
2019/10/17-14:54:05.354160 7fc3a9fcb700                Options.max_bytes_for_level_base: 268435456
2019/10/17-14:54:05.354161 7fc3a9fcb700 Options.level_compaction_dynamic_level_bytes: 0
2019/10/17-14:54:05.354163 7fc3a9fcb700          Options.max_bytes_for_level_multiplier: 10.000000
2019/10/17-14:54:05.354166 7fc3a9fcb700 Options.max_bytes_for_level_multiplier_addtl[0]: 1
2019/10/17-14:54:05.354167 7fc3a9fcb700 Options.max_bytes_for_level_multiplier_addtl[1]: 1
2019/10/17-14:54:05.354169 7fc3a9fcb700 Options.max_bytes_for_level_multiplier_addtl[2]: 1
2019/10/17-14:54:05.354170 7fc3a9fcb700 Options.max_bytes_for_level_multiplier_addtl[3]: 1
2019/10/17-14:54:05.354171 7fc3a9fcb700 Options.max_bytes_for_level_multiplier_addtl[4]: 1
2019/10/17-14:54:05.354179 7fc3a9fcb700 Options.max_bytes_for_level_multiplier_addtl[5]: 1
2019/10/17-14:54:05.354180 7fc3a9fcb700 Options.max_bytes_for_level_multiplier_addtl[6]: 1
2019/10/17-14:54:05.354181 7fc3a9fcb700       Options.max_sequential_skip_in_iterations: 8
2019/10/17-14:54:05.354183 7fc3a9fcb700                    Options.max_compaction_bytes: 1677721600
2019/10/17-14:54:05.354184 7fc3a9fcb700                        Options.arena_block_size: 8388608
2019/10/17-14:54:05.354185 7fc3a9fcb700   Options.soft_pending_compaction_bytes_limit: 68719476736
2019/10/17-14:54:05.354187 7fc3a9fcb700   Options.hard_pending_compaction_bytes_limit: 274877906944
2019/10/17-14:54:05.354188 7fc3a9fcb700       Options.rate_limit_delay_max_milliseconds: 100
2019/10/17-14:54:05.354189 7fc3a9fcb700                Options.disable_auto_compactions: 0
2019/10/17-14:54:05.354191 7fc3a9fcb700                        Options.compaction_style: kCompactionStyleLevel
2019/10/17-14:54:05.354193 7fc3a9fcb700                          Options.compaction_pri: kByCompensatedSize
2019/10/17-14:54:05.354195 7fc3a9fcb700 Options.compaction_options_universal.size_ratio: 1
2019/10/17-14:54:05.354196 7fc3a9fcb700 Options.compaction_options_universal.min_merge_width: 2
2019/10/17-14:54:05.354197 7fc3a9fcb700 Options.compaction_options_universal.max_merge_width: 4294967295
2019/10/17-14:54:05.354198 7fc3a9fcb700 Options.compaction_options_universal.max_size_amplification_percent: 200
2019/10/17-14:54:05.354200 7fc3a9fcb700 Options.compaction_options_universal.compression_size_percent: -1
2019/10/17-14:54:05.354201 7fc3a9fcb700 Options.compaction_options_universal.stop_style: kCompactionStopStyleTotalSize
2019/10/17-14:54:05.354203 7fc3a9fcb700 Options.compaction_options_fifo.max_table_files_size: 1073741824
2019/10/17-14:54:05.354204 7fc3a9fcb700 Options.compaction_options_fifo.allow_compaction: 0
2019/10/17-14:54:05.354205 7fc3a9fcb700 Options.compaction_options_fifo.ttl: 0
2019/10/17-14:54:05.354206 7fc3a9fcb700                   Options.table_properties_collectors: 
2019/10/17-14:54:05.354208 7fc3a9fcb700                   Options.inplace_update_support: 0
2019/10/17-14:54:05.354209 7fc3a9fcb700                 Options.inplace_update_num_locks: 10000
2019/10/17-14:54:05.354210 7fc3a9fcb700               Options.memtable_prefix_bloom_size_ratio: 0.000000
2019/10/17-14:54:05.354212 7fc3a9fcb700   Options.memtable_huge_page_size: 0
2019/10/17-14:54:05.354214 7fc3a9fcb700                           Options.bloom_locality: 0
2019/10/17-14:54:05.354215 7fc3a9fcb700                    Options.max_successive_merges: 0
2019/10/17-14:54:05.354216 7fc3a9fcb700                Options.optimize_filters_for_hits: 0
2019/10/17-14:54:05.354218 7fc3a9fcb700                Options.paranoid_file_checks: 0
2019/10/17-14:54:05.354219 7fc3a9fcb700                Options.force_consistency_checks: 0
2019/10/17-14:54:05.354220 7fc3a9fcb700                Options.report_bg_io_stats: 0
2019/10/17-14:54:05.354221 7fc3a9fcb700                               Options.ttl: 0
2019/10/17-14:54:05.354267 7fc3a9fcb700 [db/column_family.cc:472] --------------- Options for column family [active_gateways]:
2019/10/17-14:54:05.354269 7fc3a9fcb700               Options.comparator: leveldb.BytewiseComparator
2019/10/17-14:54:05.354271 7fc3a9fcb700           Options.merge_operator: None
2019/10/17-14:54:05.354272 7fc3a9fcb700        Options.compaction_filter: None
2019/10/17-14:54:05.354273 7fc3a9fcb700        Options.compaction_filter_factory: None
2019/10/17-14:54:05.354275 7fc3a9fcb700         Options.memtable_factory: SkipListFactory
2019/10/17-14:54:05.354276 7fc3a9fcb700            Options.table_factory: BlockBasedTable
2019/10/17-14:54:05.354294 7fc3a9fcb700            table_factory options:   flush_block_policy_factory: FlushBlockBySizePolicyFactory (0x7fc35002af40)
  cache_index_and_filter_blocks: 0
  cache_index_and_filter_blocks_with_high_priority: 0
  pin_l0_filter_and_index_blocks_in_cache: 0
  pin_top_level_index_and_filter: 1
  index_type: 0
  hash_index_allow_collision: 1
  checksum: 1
  no_block_cache: 0
  block_cache: 0x7fc350048390
  block_cache_name: LRUCache
  block_cache_options:
    capacity : 8388608
    num_shard_bits : 4
    strict_capacity_limit : 0
    memory_allocator : None
    high_pri_pool_ratio: 0.000
  block_cache_compressed: (nil)
  persistent_cache: (nil)
  block_size: 4096
  block_size_deviation: 10
  block_restart_interval: 16
  index_block_restart_interval: 1
  metadata_block_size: 4096
  partition_filters: 0
  use_delta_encoding: 1
  filter_policy: nullptr
  whole_key_filtering: 1
  verify_compression: 0
  read_amp_bytes_per_bit: 0
  format_version: 2
  enable_index_compression: 1
  block_align: 0
2019/10/17-14:54:05.354305 7fc3a9fcb700        Options.write_buffer_size: 67108864
2019/10/17-14:54:05.354307 7fc3a9fcb700  Options.max_write_buffer_number: 2
2019/10/17-14:54:05.354308 7fc3a9fcb700          Options.compression: NoCompression
2019/10/17-14:54:05.354309 7fc3a9fcb700                  Options.bottommost_compression: Disabled
2019/10/17-14:54:05.354310 7fc3a9fcb700       Options.prefix_extractor: nullptr
2019/10/17-14:54:05.354312 7fc3a9fcb700   Options.memtable_insert_with_hint_prefix_extractor: nullptr
2019/10/17-14:54:05.354313 7fc3a9fcb700             Options.num_levels: 7
2019/10/17-14:54:05.354314 7fc3a9fcb700        Options.min_write_buffer_number_to_merge: 1
2019/10/17-14:54:05.354315 7fc3a9fcb700     Options.max_write_buffer_number_to_maintain: 0
2019/10/17-14:54:05.354317 7fc3a9fcb700            Options.bottommost_compression_opts.window_bits: -14
2019/10/17-14:54:05.354318 7fc3a9fcb700                  Options.bottommost_compression_opts.level: 32767
2019/10/17-14:54:05.354319 7fc3a9fcb700               Options.bottommost_compression_opts.strategy: 0
2019/10/17-14:54:05.354320 7fc3a9fcb700         Options.bottommost_compression_opts.max_dict_bytes: 0
2019/10/17-14:54:05.354321 7fc3a9fcb700         Options.bottommost_compression_opts.zstd_max_train_bytes: 0
2019/10/17-14:54:05.354323 7fc3a9fcb700                  Options.bottommost_compression_opts.enabled: false
2019/10/17-14:54:05.354324 7fc3a9fcb700            Options.compression_opts.window_bits: -14
2019/10/17-14:54:05.354325 7fc3a9fcb700                  Options.compression_opts.level: 32767
2019/10/17-14:54:05.354327 7fc3a9fcb700               Options.compression_opts.strategy: 0
2019/10/17-14:54:05.354328 7fc3a9fcb700         Options.compression_opts.max_dict_bytes: 0
2019/10/17-14:54:05.354329 7fc3a9fcb700         Options.compression_opts.zstd_max_train_bytes: 0
2019/10/17-14:54:05.354330 7fc3a9fcb700                  Options.compression_opts.enabled: false
2019/10/17-14:54:05.354331 7fc3a9fcb700      Options.level0_file_num_compaction_trigger: 4
2019/10/17-14:54:05.354333 7fc3a9fcb700          Options.level0_slowdown_writes_trigger: 20
2019/10/17-14:54:05.354334 7fc3a9fcb700              Options.level0_stop_writes_trigger: 36
2019/10/17-14:54:05.354335 7fc3a9fcb700                   Options.target_file_size_base: 67108864
2019/10/17-14:54:05.354336 7fc3a9fcb700             Options.target_file_size_multiplier: 1
2019/10/17-14:54:05.354338 7fc3a9fcb700                Options.max_bytes_for_level_base: 268435456
2019/10/17-14:54:05.354339 7fc3a9fcb700 Options.level_compaction_dynamic_level_bytes: 0
2019/10/17-14:54:05.354340 7fc3a9fcb700          Options.max_bytes_for_level_multiplier: 10.000000
2019/10/17-14:54:05.354342 7fc3a9fcb700 Options.max_bytes_for_level_multiplier_addtl[0]: 1
2019/10/17-14:54:05.354344 7fc3a9fcb700 Options.max_bytes_for_level_multiplier_addtl[1]: 1
2019/10/17-14:54:05.354345 7fc3a9fcb700 Options.max_bytes_for_level_multiplier_addtl[2]: 1
2019/10/17-14:54:05.354346 7fc3a9fcb700 Options.max_bytes_for_level_multiplier_addtl[3]: 1
2019/10/17-14:54:05.354347 7fc3a9fcb700 Options.max_bytes_for_level_multiplier_addtl[4]: 1
2019/10/17-14:54:05.354349 7fc3a9fcb700 Options.max_bytes_for_level_multiplier_addtl[5]: 1
2019/10/17-14:54:05.354350 7fc3a9fcb700 Options.max_bytes_for_level_multiplier_addtl[6]: 1
2019/10/17-14:54:05.354351 7fc3a9fcb700       Options.max_sequential_skip_in_iterations: 8
2019/10/17-14:54:05.354358 7fc3a9fcb700                    Options.max_compaction_bytes: 1677721600
2019/10/17-14:54:05.354359 7fc3a9fcb700                        Options.arena_block_size: 8388608
2019/10/17-14:54:05.354361 7fc3a9fcb700   Options.soft_pending_compaction_bytes_limit: 68719476736
2019/10/17-14:54:05.354362 7fc3a9fcb700   Options.hard_pending_compaction_bytes_limit: 274877906944
2019/10/17-14:54:05.354363 7fc3a9fcb700       Options.rate_limit_delay_max_milliseconds: 100
2019/10/17-14:54:05.354365 7fc3a9fcb700                Options.disable_auto_compactions: 0
2019/10/17-14:54:05.354366 7fc3a9fcb700                        Options.compaction_style: kCompactionStyleLevel
2019/10/17-14:54:05.354368 7fc3a9fcb700                          Options.compaction_pri: kByCompensatedSize
2019/10/17-14:54:05.354369 7fc3a9fcb700 Options.compaction_options_universal.size_ratio: 1
2019/10/17-14:54:05.354370 7fc3a9fcb700 Options.compaction_options_universal.min_merge_width: 2
2019/10/17-14:54:05.354371 7fc3a9fcb700 Options.compaction_options_universal.max_merge_width: 4294967295
2019/10/17-14:54:05.354373 7fc3a9fcb700 Options.compaction_options_universal.max_size_amplification_percent: 200
2019/10/17-14:54:05.354374 7fc3a9fcb700 Options.compaction_options_universal.compression_size_percent: -1
2019/10/17-14:54:05.354376 7fc3a9fcb700 Options.compaction_options_universal.stop_style: kCompactionStopStyleTotalSize
2019/10/17-14:54:05.354377 7fc3a9fcb700 Options.compaction_options_fifo.max_table_files_size: 1073741824
2019/10/17-14:54:05.354378 7fc3a9fcb700 Options.compaction_options_fifo.allow_compaction: 0
2019/10/17-14:54:05.354379 7fc3a9fcb700 Options.compaction_options_fifo.ttl: 0
2019/10/17-14:54:05.354381 7fc3a9fcb700                   Options.table_properties_collectors: 
2019/10/17-14:54:05.354382 7fc3a9fcb700                   Options.inplace_update_support: 0
2019/10/17-14:54:05.354383 7fc3a9fcb700                 Options.inplace_update_num_locks: 10000
2019/10/17-14:54:05.354384 7fc3a9fcb700               Options.memtable_prefix_bloom_size_ratio: 0.000000
2019/10/17-14:54:05.354386 7fc3a9fcb700   Options.memtable_huge_page_size: 0
2019/10/17-14:54:05.354387 7fc3a9fcb700                           Options.bloom_locality: 0
2019/10/17-14:54:05.354389 7fc3a9fcb700                    Options.max_successive_merges: 0
2019/10/17-14:54:05.354390 7fc3a9fcb700                Options.optimize_filters_for_hits: 0
2019/10/17-14:54:05.354391 7fc3a9fcb700                Options.paranoid_file_checks: 0
2019/10/17-14:54:05.354392 7fc3a9fcb700                Options.force_consistency_checks: 0
2019/10/17-14:54:05.354394 7fc3a9fcb700                Options.report_bg_io_stats: 0
2019/10/17-14:54:05.354395 7fc3a9fcb700                               Options.ttl: 0
2019/10/17-14:54:05.354420 7fc3a9fcb700 [db/column_family.cc:472] --------------- Options for column family [entries]:
2019/10/17-14:54:05.354422 7fc3a9fcb700               Options.comparator: leveldb.BytewiseComparator
2019/10/17-14:54:05.354424 7fc3a9fcb700           Options.merge_operator: None
2019/10/17-14:54:05.354425 7fc3a9fcb700        Options.compaction_filter: None
2019/10/17-14:54:05.354426 7fc3a9fcb700        Options.compaction_filter_factory: None
2019/10/17-14:54:05.354427 7fc3a9fcb700         Options.memtable_factory: SkipListFactory
2019/10/17-14:54:05.354429 7fc3a9fcb700            Options.table_factory: BlockBasedTable
2019/10/17-14:54:05.354445 7fc3a9fcb700            table_factory options:   flush_block_policy_factory: FlushBlockBySizePolicyFactory (0x7fc3501121e0)
  cache_index_and_filter_blocks: 0
  cache_index_and_filter_blocks_with_high_priority: 0
  pin_l0_filter_and_index_blocks_in_cache: 0
  pin_top_level_index_and_filter: 1
  index_type: 0
  hash_index_allow_collision: 1
  checksum: 1
  no_block_cache: 0
  block_cache: 0x7fc350094dc0
  block_cache_name: LRUCache
  block_cache_options:
    capacity : 8388608
    num_shard_bits : 4
    strict_capacity_limit : 0
    memory_allocator : None
    high_pri_pool_ratio: 0.000
  block_cache_compressed: (nil)
  persistent_cache: (nil)
  block_size: 4096
  block_size_deviation: 10
  block_restart_interval: 16
  index_block_restart_interval: 1
  metadata_block_size: 4096
  partition_filters: 0
  use_delta_encoding: 1
  filter_policy: nullptr
  whole_key_filtering: 1
  verify_compression: 0
  read_amp_bytes_per_bit: 0
  format_version: 2
  enable_index_compression: 1
  block_align: 0
2019/10/17-14:54:05.354469 7fc3a9fcb700        Options.write_buffer_size: 67108864
2019/10/17-14:54:05.354471 7fc3a9fcb700  Options.max_write_buffer_number: 2
2019/10/17-14:54:05.354472 7fc3a9fcb700          Options.compression: NoCompression
2019/10/17-14:54:05.354473 7fc3a9fcb700                  Options.bottommost_compression: Disabled
2019/10/17-14:54:05.354474 7fc3a9fcb700       Options.prefix_extractor: nullptr
2019/10/17-14:54:05.354475 7fc3a9fcb700   Options.memtable_insert_with_hint_prefix_extractor: nullptr
2019/10/17-14:54:05.354476 7fc3a9fcb700             Options.num_levels: 7
2019/10/17-14:54:05.354477 7fc3a9fcb700        Options.min_write_buffer_number_to_merge: 1
2019/10/17-14:54:05.354478 7fc3a9fcb700     Options.max_write_buffer_number_to_maintain: 0
2019/10/17-14:54:05.354479 7fc3a9fcb700            Options.bottommost_compression_opts.window_bits: -14
2019/10/17-14:54:05.354480 7fc3a9fcb700                  Options.bottommost_compression_opts.level: 32767
2019/10/17-14:54:05.354481 7fc3a9fcb700               Options.bottommost_compression_opts.strategy: 0
2019/10/17-14:54:05.354482 7fc3a9fcb700         Options.bottommost_compression_opts.max_dict_bytes: 0
2019/10/17-14:54:05.354483 7fc3a9fcb700         Options.bottommost_compression_opts.zstd_max_train_bytes: 0
2019/10/17-14:54:05.354484 7fc3a9fcb700                  Options.bottommost_compression_opts.enabled: false
2019/10/17-14:54:05.354485 7fc3a9fcb700            Options.compression_opts.window_bits: -14
2019/10/17-14:54:05.354486 7fc3a9fcb700                  Options.compression_opts.level: 32767
2019/10/17-14:54:05.354487 7fc3a9fcb700               Options.compression_opts.strategy: 0
2019/10/17-14:54:05.354488 7fc3a9fcb700         Options.compression_opts.max_dict_bytes: 0
2019/10/17-14:54:05.354489 7fc3a9fcb700         Options.compression_opts.zstd_max_train_bytes: 0
2019/10/17-14:54:05.354490 7fc3a9fcb700                  Options.compression_opts.enabled: false
2019/10/17-14:54:05.354491 7fc3a9fcb700      Options.level0_file_num_compaction_trigger: 4
2019/10/17-14:54:05.354492 7fc3a9fcb700          Options.level0_slowdown_writes_trigger: 20
2019/10/17-14:54:05.354493 7fc3a9fcb700              Options.level0_stop_writes_trigger: 36
2019/10/17-14:54:05.354494 7fc3a9fcb700                   Options.target_file_size_base: 67108864
2019/10/17-14:54:05.354495 7fc3a9fcb700             Options.target_file_size_multiplier: 1
2019/10/17-14:54:05.354496 7fc3a9fcb700                Options.max_bytes_for_level_base: 268435456
2019/10/17-14:54:05.354497 7fc3a9fcb700 Options.level_compaction_dynamic_level_bytes: 0
2019/10/17-14:54:05.354498 7fc3a9fcb700          Options.max_bytes_for_level_multiplier: 10.000000
2019/10/17-14:54:05.354499 7fc3a9fcb700 Options.max_bytes_for_level_multiplier_addtl[0]: 1
2019/10/17-14:54:05.354500 7fc3a9fcb700 Options.max_bytes_for_level_multiplier_addtl[1]: 1
2019/10/17-14:54:05.354501 7fc3a9fcb700 Options.max_bytes_for_level_multiplier_addtl[2]: 1
2019/10/17-14:54:05.354502 7fc3a9fcb700 Options.max_bytes_for_level_multiplier_addtl[3]: 1
2019/10/17-14:54:05.354503 7fc3a9fcb700 Options.max_bytes_for_level_multiplier_addtl[4]: 1
2019/10/17-14:54:05.354504 7fc3a9fcb700 Options.max_bytes_for_level_multiplier_addtl[5]: 1
2019/10/17-14:54:05.354505 7fc3a9fcb700 Options.max_bytes_for_level_multiplier_addtl[6]: 1
2019/10/17-14:54:05.354506 7fc3a9fcb700       Options.max_sequential_skip_in_iterations: 8
2019/10/17-14:54:05.354507 7fc3a9fcb700                    Options.max_compaction_bytes: 1677721600
2019/10/17-14:54:05.354508 7fc3a9fcb700                        Options.arena_block_size: 8388608
2019/10/17-14:54:05.354509 7fc3a9fcb700   Options.soft_pending_compaction_bytes_limit: 68719476736
2019/10/17-14:54:05.354515 7fc3a9fcb700   Options.hard_pending_compaction_bytes_limit: 274877906944
2019/10/17-14:54:05.354516 7fc3a9fcb700       Options.rate_limit_delay_max_milliseconds: 100
2019/10/17-14:54:05.354517 7fc3a9fcb700                Options.disable_auto_compactions: 0
2019/10/17-14:54:05.354519 7fc3a9fcb700                        Options.compaction_style: kCompactionStyleLevel
2019/10/17-14:54:05.354520 7fc3a9fcb700                          Options.compaction_pri: kByCompensatedSize
2019/10/17-14:54:05.354521 7fc3a9fcb700 Options.compaction_options_universal.size_ratio: 1
2019/10/17-14:54:05.354522 7fc3a9fcb700 Options.compaction_options_universal.min_merge_width: 2
2019/10/17-14:54:05.354523 7fc3a9fcb700 Options.compaction_options_universal.max_merge_width: 4294967295
2019/10/17-14:54:05.354524 7fc3a9fcb700 Options.compaction_options_universal.max_size_amplification_percent: 200
2019/10/17-14:54:05.354525 7fc3a9fcb700 Options.compaction_options_universal.compression_size_percent: -1
2019/10/17-14:54:05.354526 7fc3a9fcb700 Options.compaction_options_universal.stop_style: kCompactionStopStyleTotalSize
2019/10/17-14:54:05.354527 7fc3a9fcb700 Options.compaction_options_fifo.max_table_files_size: 1073741824
2019/10/17-14:54:05.354528 7fc3a9fcb700 Options.compaction_options_fifo.allow_compaction: 0
2019/10/17-14:54:05.354529 7fc3a9fcb700 Options.compaction_options_fifo.ttl: 0
2019/10/17-14:54:05.354530 7fc3a9fcb700                   Options.table_properties_collectors: 
2019/10/17-14:54:05.354531 7fc3a9fcb700                   Options.inplace_update_support: 0
2019/10/17-14:54:05.354532 7fc3a9fcb700                 Options.inplace_update_num_locks: 10000
2019/10/17-14:54:05.354533 7fc3a9fcb700               Options.memtable_prefix_bloom_size_ratio: 0.000000
2019/10/17-14:54:05.354534 7fc3a9fcb700   Options.memtable_huge_page_size: 0
2019/10/17-14:54:05.354535 7fc3a9fcb700                           Options.bloom_locality: 0
2019/10/17-14:54:05.354536 7fc3a9fcb700                    Options.max_successive_merges: 0
2019/10/17-14:54:05.354537 7fc3a9fcb700                Options.optimize_filters_for_hits: 0
2019/10/17-14:54:05.354538 7fc3a9fcb700                Options.paranoid_file_checks: 0
2019/10/17-14:54:05.354539 7fc3a9fcb700                Options.force_consistency_checks: 0
2019/10/17-14:54:05.354540 7fc3a9fcb700                Options.report_bg_io_stats: 0
2019/10/17-14:54:05.354541 7fc3a9fcb700                               Options.ttl: 0
2019/10/17-14:54:05.354559 7fc3a9fcb700 [db/column_family.cc:472] --------------- Options for column family [dc_entries]:
2019/10/17-14:54:05.354561 7fc3a9fcb700               Options.comparator: leveldb.BytewiseComparator
2019/10/17-14:54:05.354562 7fc3a9fcb700           Options.merge_operator: None
2019/10/17-14:54:05.354563 7fc3a9fcb700        Options.compaction_filter: None
2019/10/17-14:54:05.354564 7fc3a9fcb700        Options.compaction_filter_factory: None
2019/10/17-14:54:05.354565 7fc3a9fcb700         Options.memtable_factory: SkipListFactory
2019/10/17-14:54:05.354566 7fc3a9fcb700            Options.table_factory: BlockBasedTable
2019/10/17-14:54:05.354579 7fc3a9fcb700            table_factory options:   flush_block_policy_factory: FlushBlockBySizePolicyFactory (0x7fc35002cbf0)
  cache_index_and_filter_blocks: 0
  cache_index_and_filter_blocks_with_high_priority: 0
  pin_l0_filter_and_index_blocks_in_cache: 0
  pin_top_level_index_and_filter: 1
  index_type: 0
  hash_index_allow_collision: 1
  checksum: 1
  no_block_cache: 0
  block_cache: 0x7fc350038500
  block_cache_name: LRUCache
  block_cache_options:
    capacity : 8388608
    num_shard_bits : 4
    strict_capacity_limit : 0
    memory_allocator : None
    high_pri_pool_ratio: 0.000
  block_cache_compressed: (nil)
  persistent_cache: (nil)
  block_size: 4096
  block_size_deviation: 10
  block_restart_interval: 16
  index_block_restart_interval: 1
  metadata_block_size: 4096
  partition_filters: 0
  use_delta_encoding: 1
  filter_policy: nullptr
  whole_key_filtering: 1
  verify_compression: 0
  read_amp_bytes_per_bit: 0
  format_version: 2
  enable_index_compression: 1
  block_align: 0
2019/10/17-14:54:05.354586 7fc3a9fcb700        Options.write_buffer_size: 67108864
2019/10/17-14:54:05.354587 7fc3a9fcb700  Options.max_write_buffer_number: 2
2019/10/17-14:54:05.354589 7fc3a9fcb700          Options.compression: NoCompression
2019/10/17-14:54:05.354590 7fc3a9fcb700                  Options.bottommost_compression: Disabled
2019/10/17-14:54:05.354591 7fc3a9fcb700       Options.prefix_extractor: nullptr
2019/10/17-14:54:05.354592 7fc3a9fcb700   Options.memtable_insert_with_hint_prefix_extractor: nullptr
2019/10/17-14:54:05.354593 7fc3a9fcb700             Options.num_levels: 7
2019/10/17-14:54:05.354594 7fc3a9fcb700        Options.min_write_buffer_number_to_merge: 1
2019/10/17-14:54:05.354595 7fc3a9fcb700     Options.max_write_buffer_number_to_maintain: 0
2019/10/17-14:54:05.354596 7fc3a9fcb700            Options.bottommost_compression_opts.window_bits: -14
2019/10/17-14:54:05.354597 7fc3a9fcb700                  Options.bottommost_compression_opts.level: 32767
2019/10/17-14:54:05.354598 7fc3a9fcb700               Options.bottommost_compression_opts.strategy: 0
2019/10/17-14:54:05.354598 7fc3a9fcb700         Options.bottommost_compression_opts.max_dict_bytes: 0
2019/10/17-14:54:05.354599 7fc3a9fcb700         Options.bottommost_compression_opts.zstd_max_train_bytes: 0
2019/10/17-14:54:05.354600 7fc3a9fcb700                  Options.bottommost_compression_opts.enabled: false
2019/10/17-14:54:05.354601 7fc3a9fcb700            Options.compression_opts.window_bits: -14
2019/10/17-14:54:05.354602 7fc3a9fcb700                  Options.compression_opts.level: 32767
2019/10/17-14:54:05.354603 7fc3a9fcb700               Options.compression_opts.strategy: 0
2019/10/17-14:54:05.354604 7fc3a9fcb700         Options.compression_opts.max_dict_bytes: 0
2019/10/17-14:54:05.354605 7fc3a9fcb700         Options.compression_opts.zstd_max_train_bytes: 0
2019/10/17-14:54:05.354606 7fc3a9fcb700                  Options.compression_opts.enabled: false
2019/10/17-14:54:05.354607 7fc3a9fcb700      Options.level0_file_num_compaction_trigger: 4
2019/10/17-14:54:05.354608 7fc3a9fcb700          Options.level0_slowdown_writes_trigger: 20
2019/10/17-14:54:05.354609 7fc3a9fcb700              Options.level0_stop_writes_trigger: 36
2019/10/17-14:54:05.354610 7fc3a9fcb700                   Options.target_file_size_base: 67108864
2019/10/17-14:54:05.354611 7fc3a9fcb700             Options.target_file_size_multiplier: 1
2019/10/17-14:54:05.354612 7fc3a9fcb700                Options.max_bytes_for_level_base: 268435456
2019/10/17-14:54:05.354613 7fc3a9fcb700 Options.level_compaction_dynamic_level_bytes: 0
2019/10/17-14:54:05.354614 7fc3a9fcb700          Options.max_bytes_for_level_multiplier: 10.000000
2019/10/17-14:54:05.354616 7fc3a9fcb700 Options.max_bytes_for_level_multiplier_addtl[0]: 1
2019/10/17-14:54:05.354617 7fc3a9fcb700 Options.max_bytes_for_level_multiplier_addtl[1]: 1
2019/10/17-14:54:05.354618 7fc3a9fcb700 Options.max_bytes_for_level_multiplier_addtl[2]: 1
2019/10/17-14:54:05.354619 7fc3a9fcb700 Options.max_bytes_for_level_multiplier_addtl[3]: 1
2019/10/17-14:54:05.354620 7fc3a9fcb700 Options.max_bytes_for_level_multiplier_addtl[4]: 1
2019/10/17-14:54:05.354621 7fc3a9fcb700 Options.max_bytes_for_level_multiplier_addtl[5]: 1
2019/10/17-14:54:05.354622 7fc3a9fcb700 Options.max_bytes_for_level_multiplier_addtl[6]: 1
2019/10/17-14:54:05.354623 7fc3a9fcb700       Options.max_sequential_skip_in_iterations: 8
2019/10/17-14:54:05.354624 7fc3a9fcb700                    Options.max_compaction_bytes: 1677721600
2019/10/17-14:54:05.354625 7fc3a9fcb700                        Options.arena_block_size: 8388608
2019/10/17-14:54:05.354626 7fc3a9fcb700   Options.soft_pending_compaction_bytes_limit: 68719476736
2019/10/17-14:54:05.354627 7fc3a9fcb700   Options.hard_pending_compaction_bytes_limit: 274877906944
2019/10/17-14:54:05.354628 7fc3a9fcb700       Options.rate_limit_delay_max_milliseconds: 100
2019/10/17-14:54:05.354629 7fc3a9fcb700                Options.disable_auto_compactions: 0
2019/10/17-14:54:05.354636 7fc3a9fcb700                        Options.compaction_style: kCompactionStyleLevel
2019/10/17-14:54:05.354637 7fc3a9fcb700                          Options.compaction_pri: kByCompensatedSize
2019/10/17-14:54:05.354638 7fc3a9fcb700 Options.compaction_options_universal.size_ratio: 1
2019/10/17-14:54:05.354639 7fc3a9fcb700 Options.compaction_options_universal.min_merge_width: 2
2019/10/17-14:54:05.354640 7fc3a9fcb700 Options.compaction_options_universal.max_merge_width: 4294967295
2019/10/17-14:54:05.354641 7fc3a9fcb700 Options.compaction_options_universal.max_size_amplification_percent: 200
2019/10/17-14:54:05.354642 7fc3a9fcb700 Options.compaction_options_universal.compression_size_percent: -1
2019/10/17-14:54:05.354643 7fc3a9fcb700 Options.compaction_options_universal.stop_style: kCompactionStopStyleTotalSize
2019/10/17-14:54:05.354644 7fc3a9fcb700 Options.compaction_options_fifo.max_table_files_size: 1073741824
2019/10/17-14:54:05.354645 7fc3a9fcb700 Options.compaction_options_fifo.allow_compaction: 0
2019/10/17-14:54:05.354646 7fc3a9fcb700 Options.compaction_options_fifo.ttl: 0
2019/10/17-14:54:05.354647 7fc3a9fcb700                   Options.table_properties_collectors: 
2019/10/17-14:54:05.354648 7fc3a9fcb700                   Options.inplace_update_support: 0
2019/10/17-14:54:05.354649 7fc3a9fcb700                 Options.inplace_update_num_locks: 10000
2019/10/17-14:54:05.354650 7fc3a9fcb700               Options.memtable_prefix_bloom_size_ratio: 0.000000
2019/10/17-14:54:05.354652 7fc3a9fcb700   Options.memtable_huge_page_size: 0
2019/10/17-14:54:05.354653 7fc3a9fcb700                           Options.bloom_locality: 0
2019/10/17-14:54:05.354654 7fc3a9fcb700                    Options.max_successive_merges: 0
2019/10/17-14:54:05.354655 7fc3a9fcb700                Options.optimize_filters_for_hits: 0
2019/10/17-14:54:05.354656 7fc3a9fcb700                Options.paranoid_file_checks: 0
2019/10/17-14:54:05.354657 7fc3a9fcb700                Options.force_consistency_checks: 0
2019/10/17-14:54:05.354657 7fc3a9fcb700                Options.report_bg_io_stats: 0
2019/10/17-14:54:05.354658 7fc3a9fcb700                               Options.ttl: 0
2019/10/17-14:54:05.354674 7fc3a9fcb700 [db/column_family.cc:472] --------------- Options for column family [htlcs]:
2019/10/17-14:54:05.354676 7fc3a9fcb700               Options.comparator: leveldb.BytewiseComparator
2019/10/17-14:54:05.354677 7fc3a9fcb700           Options.merge_operator: None
2019/10/17-14:54:05.354678 7fc3a9fcb700        Options.compaction_filter: None
2019/10/17-14:54:05.354679 7fc3a9fcb700        Options.compaction_filter_factory: None
2019/10/17-14:54:05.354680 7fc3a9fcb700         Options.memtable_factory: SkipListFactory
2019/10/17-14:54:05.354681 7fc3a9fcb700            Options.table_factory: BlockBasedTable
2019/10/17-14:54:05.354693 7fc3a9fcb700            table_factory options:   flush_block_policy_factory: FlushBlockBySizePolicyFactory (0x7fc35003f0d0)
