2019/10/17-14:54:05.116444 7fc3a9fcb700 RocksDB version: 5.18.3
2019/10/17-14:54:05.116551 7fc3a9fcb700 Git sha rocksdb_build_git_sha:@0@
2019/10/17-14:54:05.116555 7fc3a9fcb700 Compile date Sep 19 2019
2019/10/17-14:54:05.116557 7fc3a9fcb700 DB SUMMARY
2019/10/17-14:54:05.117709 7fc3a9fcb700 CURRENT file:  CURRENT
2019/10/17-14:54:05.117712 7fc3a9fcb700 IDENTITY file:  IDENTITY
2019/10/17-14:54:05.117751 7fc3a9fcb700 MANIFEST file:  MANIFEST-114652 size: 4114 Bytes
2019/10/17-14:54:05.117753 7fc3a9fcb700 SST files in /home/rahul/dev/blockchain-core/eqc/ledger.db dir, Total Num: 29, files: 000624.sst 000627.sst 106940.sst 108447.sst 108450.sst 109471.sst 109483.sst 109485.sst 109486.sst 
2019/10/17-14:54:05.117755 7fc3a9fcb700 Write Ahead Log file in /home/rahul/dev/blockchain-core/eqc/ledger.db: 114653.log size: 0 ; 
2019/10/17-14:54:05.117800 7fc3a9fcb700                         Options.error_if_exists: 0
2019/10/17-14:54:05.117802 7fc3a9fcb700                       Options.create_if_missing: 1
2019/10/17-14:54:05.117803 7fc3a9fcb700                         Options.paranoid_checks: 1
2019/10/17-14:54:05.117804 7fc3a9fcb700                                     Options.env: 0x7fc32ae1fc60
2019/10/17-14:54:05.117805 7fc3a9fcb700                                Options.info_log: 0x7fc350048a80
2019/10/17-14:54:05.117806 7fc3a9fcb700                Options.max_file_opening_threads: 16
2019/10/17-14:54:05.117807 7fc3a9fcb700                              Options.statistics: (nil)
2019/10/17-14:54:05.117809 7fc3a9fcb700                               Options.use_fsync: 0
2019/10/17-14:54:05.117810 7fc3a9fcb700                       Options.max_log_file_size: 0
2019/10/17-14:54:05.117811 7fc3a9fcb700                  Options.max_manifest_file_size: 1073741824
2019/10/17-14:54:05.117812 7fc3a9fcb700                   Options.log_file_time_to_roll: 0
2019/10/17-14:54:05.117813 7fc3a9fcb700                       Options.keep_log_file_num: 1000
2019/10/17-14:54:05.117814 7fc3a9fcb700                    Options.recycle_log_file_num: 0
2019/10/17-14:54:05.117815 7fc3a9fcb700                         Options.allow_fallocate: 1
2019/10/17-14:54:05.117816 7fc3a9fcb700                        Options.allow_mmap_reads: 0
2019/10/17-14:54:05.117817 7fc3a9fcb700                       Options.allow_mmap_writes: 0
2019/10/17-14:54:05.117818 7fc3a9fcb700                        Options.use_direct_reads: 0
2019/10/17-14:54:05.117819 7fc3a9fcb700                        Options.use_direct_io_for_flush_and_compaction: 0
2019/10/17-14:54:05.117820 7fc3a9fcb700          Options.create_missing_column_families: 0
2019/10/17-14:54:05.117821 7fc3a9fcb700                              Options.db_log_dir: 
2019/10/17-14:54:05.117822 7fc3a9fcb700                                 Options.wal_dir: /home/rahul/dev/blockchain-core/eqc/ledger.db
2019/10/17-14:54:05.117823 7fc3a9fcb700                Options.table_cache_numshardbits: 6
2019/10/17-14:54:05.117824 7fc3a9fcb700                      Options.max_subcompactions: 1
2019/10/17-14:54:05.117825 7fc3a9fcb700                  Options.max_background_flushes: -1
2019/10/17-14:54:05.117826 7fc3a9fcb700                         Options.WAL_ttl_seconds: 0
2019/10/17-14:54:05.117827 7fc3a9fcb700                       Options.WAL_size_limit_MB: 0
2019/10/17-14:54:05.117828 7fc3a9fcb700             Options.manifest_preallocation_size: 4194304
2019/10/17-14:54:05.117829 7fc3a9fcb700                     Options.is_fd_close_on_exec: 1
2019/10/17-14:54:05.117831 7fc3a9fcb700                   Options.advise_random_on_open: 1
2019/10/17-14:54:05.117832 7fc3a9fcb700                    Options.db_write_buffer_size: 0
2019/10/17-14:54:05.117833 7fc3a9fcb700                    Options.write_buffer_manager: 0x7fc350005f30
2019/10/17-14:54:05.117834 7fc3a9fcb700         Options.access_hint_on_compaction_start: 1
2019/10/17-14:54:05.117835 7fc3a9fcb700  Options.new_table_reader_for_compaction_inputs: 0
2019/10/17-14:54:05.117836 7fc3a9fcb700           Options.random_access_max_buffer_size: 1048576
2019/10/17-14:54:05.117837 7fc3a9fcb700                      Options.use_adaptive_mutex: 0
2019/10/17-14:54:05.117838 7fc3a9fcb700                            Options.rate_limiter: (nil)
2019/10/17-14:54:05.117849 7fc3a9fcb700     Options.sst_file_manager.rate_bytes_per_sec: 0
2019/10/17-14:54:05.117851 7fc3a9fcb700                       Options.wal_recovery_mode: 2
2019/10/17-14:54:05.117852 7fc3a9fcb700                  Options.enable_thread_tracking: 0
2019/10/17-14:54:05.117853 7fc3a9fcb700                  Options.enable_pipelined_write: 0
2019/10/17-14:54:05.117854 7fc3a9fcb700         Options.allow_concurrent_memtable_write: 1
2019/10/17-14:54:05.117855 7fc3a9fcb700      Options.enable_write_thread_adaptive_yield: 1
2019/10/17-14:54:05.117856 7fc3a9fcb700             Options.write_thread_max_yield_usec: 100
2019/10/17-14:54:05.117857 7fc3a9fcb700            Options.write_thread_slow_yield_usec: 3
2019/10/17-14:54:05.117858 7fc3a9fcb700                               Options.row_cache: None
2019/10/17-14:54:05.117859 7fc3a9fcb700                              Options.wal_filter: None
2019/10/17-14:54:05.117860 7fc3a9fcb700             Options.avoid_flush_during_recovery: 0
2019/10/17-14:54:05.117861 7fc3a9fcb700             Options.allow_ingest_behind: 0
2019/10/17-14:54:05.117862 7fc3a9fcb700             Options.preserve_deletes: 0
2019/10/17-14:54:05.117863 7fc3a9fcb700             Options.two_write_queues: 0
2019/10/17-14:54:05.117864 7fc3a9fcb700             Options.manual_wal_flush: 0
2019/10/17-14:54:05.117865 7fc3a9fcb700             Options.max_background_jobs: 2
2019/10/17-14:54:05.117866 7fc3a9fcb700             Options.max_background_compactions: -1
2019/10/17-14:54:05.117867 7fc3a9fcb700             Options.avoid_flush_during_shutdown: 0
2019/10/17-14:54:05.117868 7fc3a9fcb700           Options.writable_file_max_buffer_size: 1048576
2019/10/17-14:54:05.117869 7fc3a9fcb700             Options.delayed_write_rate : 16777216
2019/10/17-14:54:05.117870 7fc3a9fcb700             Options.max_total_wal_size: 0
2019/10/17-14:54:05.117871 7fc3a9fcb700             Options.delete_obsolete_files_period_micros: 21600000000
2019/10/17-14:54:05.117872 7fc3a9fcb700                   Options.stats_dump_period_sec: 600
2019/10/17-14:54:05.117873 7fc3a9fcb700                          Options.max_open_files: -1
2019/10/17-14:54:05.117874 7fc3a9fcb700                          Options.bytes_per_sync: 0
2019/10/17-14:54:05.117875 7fc3a9fcb700                      Options.wal_bytes_per_sync: 0
2019/10/17-14:54:05.117876 7fc3a9fcb700       Options.compaction_readahead_size: 0
2019/10/17-14:54:05.117877 7fc3a9fcb700 Compression algorithms supported:
2019/10/17-14:54:05.117879 7fc3a9fcb700 	kZSTDNotFinalCompression supported: 0
2019/10/17-14:54:05.117880 7fc3a9fcb700 	kZSTD supported: 0
2019/10/17-14:54:05.117881 7fc3a9fcb700 	kXpressCompression supported: 0
2019/10/17-14:54:05.117882 7fc3a9fcb700 	kLZ4HCCompression supported: 0
2019/10/17-14:54:05.117883 7fc3a9fcb700 	kLZ4Compression supported: 0
2019/10/17-14:54:05.117885 7fc3a9fcb700 	kBZip2Compression supported: 0
2019/10/17-14:54:05.117886 7fc3a9fcb700 	kZlibCompression supported: 0
2019/10/17-14:54:05.117887 7fc3a9fcb700 	kSnappyCompression supported: 0
2019/10/17-14:54:05.117889 7fc3a9fcb700 Fast CRC32 supported: Supported on x86
2019/10/17-14:54:05.118010 7fc3a9fcb700 [db/version_set.cc:3507] Recovering from manifest file: MANIFEST-114652
2019/10/17-14:54:05.118053 7fc3a9fcb700 [db/column_family.cc:472] --------------- Options for column family [default]:
2019/10/17-14:54:05.118055 7fc3a9fcb700               Options.comparator: leveldb.BytewiseComparator
2019/10/17-14:54:05.118056 7fc3a9fcb700           Options.merge_operator: None
2019/10/17-14:54:05.118057 7fc3a9fcb700        Options.compaction_filter: None
2019/10/17-14:54:05.118058 7fc3a9fcb700        Options.compaction_filter_factory: None
2019/10/17-14:54:05.118059 7fc3a9fcb700         Options.memtable_factory: SkipListFactory
2019/10/17-14:54:05.118060 7fc3a9fcb700            Options.table_factory: BlockBasedTable
2019/10/17-14:54:05.118079 7fc3a9fcb700            table_factory options:   flush_block_policy_factory: FlushBlockBySizePolicyFactory (0x7fc350053f90)
  cache_index_and_filter_blocks: 0
  cache_index_and_filter_blocks_with_high_priority: 0
  pin_l0_filter_and_index_blocks_in_cache: 0
  pin_top_level_index_and_filter: 1
  index_type: 0
  hash_index_allow_collision: 1
  checksum: 1
  no_block_cache: 0
  block_cache: 0x7fc3500fa590
  block_cache_name: LRUCache
  block_cache_options:
    capacity : 8388608
    num_shard_bits : 4
    strict_capacity_limit : 0
    memory_allocator : None
    high_pri_pool_ratio: 0.000
  block_cache_compressed: (nil)
  persistent_cache: (nil)
  block_size: 4096
  block_size_deviation: 10
  block_restart_interval: 16
  index_block_restart_interval: 1
  metadata_block_size: 4096
  partition_filters: 0
  use_delta_encoding: 1
  filter_policy: nullptr
  whole_key_filtering: 1
  verify_compression: 0
  read_amp_bytes_per_bit: 0
  format_version: 2
  enable_index_compression: 1
  block_align: 0
2019/10/17-14:54:05.118090 7fc3a9fcb700        Options.write_buffer_size: 67108864
2019/10/17-14:54:05.118092 7fc3a9fcb700  Options.max_write_buffer_number: 2
2019/10/17-14:54:05.118093 7fc3a9fcb700          Options.compression: NoCompression
2019/10/17-14:54:05.118094 7fc3a9fcb700                  Options.bottommost_compression: Disabled
2019/10/17-14:54:05.118095 7fc3a9fcb700       Options.prefix_extractor: nullptr
2019/10/17-14:54:05.118096 7fc3a9fcb700   Options.memtable_insert_with_hint_prefix_extractor: nullptr
2019/10/17-14:54:05.118097 7fc3a9fcb700             Options.num_levels: 7
2019/10/17-14:54:05.118098 7fc3a9fcb700        Options.min_write_buffer_number_to_merge: 1
2019/10/17-14:54:05.118099 7fc3a9fcb700     Options.max_write_buffer_number_to_maintain: 0
2019/10/17-14:54:05.118100 7fc3a9fcb700            Options.bottommost_compression_opts.window_bits: -14
2019/10/17-14:54:05.118101 7fc3a9fcb700                  Options.bottommost_compression_opts.level: 32767
2019/10/17-14:54:05.118102 7fc3a9fcb700               Options.bottommost_compression_opts.strategy: 0
2019/10/17-14:54:05.118103 7fc3a9fcb700         Options.bottommost_compression_opts.max_dict_bytes: 0
2019/10/17-14:54:05.118104 7fc3a9fcb700         Options.bottommost_compression_opts.zstd_max_train_bytes: 0
2019/10/17-14:54:05.118105 7fc3a9fcb700                  Options.bottommost_compression_opts.enabled: false
2019/10/17-14:54:05.118106 7fc3a9fcb700            Options.compression_opts.window_bits: -14
2019/10/17-14:54:05.118107 7fc3a9fcb700                  Options.compression_opts.level: 32767
2019/10/17-14:54:05.118108 7fc3a9fcb700               Options.compression_opts.strategy: 0
2019/10/17-14:54:05.118109 7fc3a9fcb700         Options.compression_opts.max_dict_bytes: 0
2019/10/17-14:54:05.118110 7fc3a9fcb700         Options.compression_opts.zstd_max_train_bytes: 0
2019/10/17-14:54:05.118111 7fc3a9fcb700                  Options.compression_opts.enabled: false
2019/10/17-14:54:05.118112 7fc3a9fcb700      Options.level0_file_num_compaction_trigger: 4
2019/10/17-14:54:05.118113 7fc3a9fcb700          Options.level0_slowdown_writes_trigger: 20
2019/10/17-14:54:05.118114 7fc3a9fcb700              Options.level0_stop_writes_trigger: 36
2019/10/17-14:54:05.118115 7fc3a9fcb700                   Options.target_file_size_base: 67108864
2019/10/17-14:54:05.118116 7fc3a9fcb700             Options.target_file_size_multiplier: 1
2019/10/17-14:54:05.118117 7fc3a9fcb700                Options.max_bytes_for_level_base: 268435456
2019/10/17-14:54:05.118118 7fc3a9fcb700 Options.level_compaction_dynamic_level_bytes: 0
2019/10/17-14:54:05.118119 7fc3a9fcb700          Options.max_bytes_for_level_multiplier: 10.000000
2019/10/17-14:54:05.118122 7fc3a9fcb700 Options.max_bytes_for_level_multiplier_addtl[0]: 1
2019/10/17-14:54:05.118123 7fc3a9fcb700 Options.max_bytes_for_level_multiplier_addtl[1]: 1
2019/10/17-14:54:05.118124 7fc3a9fcb700 Options.max_bytes_for_level_multiplier_addtl[2]: 1
2019/10/17-14:54:05.118125 7fc3a9fcb700 Options.max_bytes_for_level_multiplier_addtl[3]: 1
2019/10/17-14:54:05.118126 7fc3a9fcb700 Options.max_bytes_for_level_multiplier_addtl[4]: 1
2019/10/17-14:54:05.118132 7fc3a9fcb700 Options.max_bytes_for_level_multiplier_addtl[5]: 1
2019/10/17-14:54:05.118133 7fc3a9fcb700 Options.max_bytes_for_level_multiplier_addtl[6]: 1
2019/10/17-14:54:05.118134 7fc3a9fcb700       Options.max_sequential_skip_in_iterations: 8
2019/10/17-14:54:05.118135 7fc3a9fcb700                    Options.max_compaction_bytes: 1677721600
2019/10/17-14:54:05.118136 7fc3a9fcb700                        Options.arena_block_size: 8388608
2019/10/17-14:54:05.118137 7fc3a9fcb700   Options.soft_pending_compaction_bytes_limit: 68719476736
2019/10/17-14:54:05.118138 7fc3a9fcb700   Options.hard_pending_compaction_bytes_limit: 274877906944
2019/10/17-14:54:05.118140 7fc3a9fcb700       Options.rate_limit_delay_max_milliseconds: 100
2019/10/17-14:54:05.118141 7fc3a9fcb700                Options.disable_auto_compactions: 0
2019/10/17-14:54:05.118142 7fc3a9fcb700                        Options.compaction_style: kCompactionStyleLevel
2019/10/17-14:54:05.118144 7fc3a9fcb700                          Options.compaction_pri: kByCompensatedSize
2019/10/17-14:54:05.118145 7fc3a9fcb700 Options.compaction_options_universal.size_ratio: 1
2019/10/17-14:54:05.118146 7fc3a9fcb700 Options.compaction_options_universal.min_merge_width: 2
2019/10/17-14:54:05.118147 7fc3a9fcb700 Options.compaction_options_universal.max_merge_width: 4294967295
2019/10/17-14:54:05.118148 7fc3a9fcb700 Options.compaction_options_universal.max_size_amplification_percent: 200
2019/10/17-14:54:05.118149 7fc3a9fcb700 Options.compaction_options_universal.compression_size_percent: -1
2019/10/17-14:54:05.118150 7fc3a9fcb700 Options.compaction_options_universal.stop_style: kCompactionStopStyleTotalSize
2019/10/17-14:54:05.118151 7fc3a9fcb700 Options.compaction_options_fifo.max_table_files_size: 1073741824
2019/10/17-14:54:05.118152 7fc3a9fcb700 Options.compaction_options_fifo.allow_compaction: 0
2019/10/17-14:54:05.118153 7fc3a9fcb700 Options.compaction_options_fifo.ttl: 0
2019/10/17-14:54:05.118154 7fc3a9fcb700                   Options.table_properties_collectors: 
2019/10/17-14:54:05.118155 7fc3a9fcb700                   Options.inplace_update_support: 0
2019/10/17-14:54:05.118156 7fc3a9fcb700                 Options.inplace_update_num_locks: 10000
2019/10/17-14:54:05.118157 7fc3a9fcb700               Options.memtable_prefix_bloom_size_ratio: 0.000000
2019/10/17-14:54:05.118159 7fc3a9fcb700   Options.memtable_huge_page_size: 0
2019/10/17-14:54:05.118160 7fc3a9fcb700                           Options.bloom_locality: 0
2019/10/17-14:54:05.118161 7fc3a9fcb700                    Options.max_successive_merges: 0
2019/10/17-14:54:05.118162 7fc3a9fcb700                Options.optimize_filters_for_hits: 0
2019/10/17-14:54:05.118163 7fc3a9fcb700                Options.paranoid_file_checks: 0
2019/10/17-14:54:05.118164 7fc3a9fcb700                Options.force_consistency_checks: 0
2019/10/17-14:54:05.118165 7fc3a9fcb700                Options.report_bg_io_stats: 0
2019/10/17-14:54:05.118166 7fc3a9fcb700                               Options.ttl: 0
2019/10/17-14:54:05.118215 7fc3a9fcb700 [db/column_family.cc:472] --------------- Options for column family [active_gateways]:
2019/10/17-14:54:05.118217 7fc3a9fcb700               Options.comparator: leveldb.BytewiseComparator
2019/10/17-14:54:05.118218 7fc3a9fcb700           Options.merge_operator: None
2019/10/17-14:54:05.118219 7fc3a9fcb700        Options.compaction_filter: None
2019/10/17-14:54:05.118220 7fc3a9fcb700        Options.compaction_filter_factory: None
2019/10/17-14:54:05.118221 7fc3a9fcb700         Options.memtable_factory: SkipListFactory
2019/10/17-14:54:05.118222 7fc3a9fcb700            Options.table_factory: BlockBasedTable
2019/10/17-14:54:05.118237 7fc3a9fcb700            table_factory options:   flush_block_policy_factory: FlushBlockBySizePolicyFactory (0x7fc3500a06b0)
  cache_index_and_filter_blocks: 0
  cache_index_and_filter_blocks_with_high_priority: 0
  pin_l0_filter_and_index_blocks_in_cache: 0
  pin_top_level_index_and_filter: 1
  index_type: 0
  hash_index_allow_collision: 1
  checksum: 1
  no_block_cache: 0
  block_cache: 0x7fc3500368d0
  block_cache_name: LRUCache
  block_cache_options:
    capacity : 8388608
    num_shard_bits : 4
    strict_capacity_limit : 0
    memory_allocator : None
    high_pri_pool_ratio: 0.000
  block_cache_compressed: (nil)
  persistent_cache: (nil)
  block_size: 4096
  block_size_deviation: 10
  block_restart_interval: 16
  index_block_restart_interval: 1
  metadata_block_size: 4096
  partition_filters: 0
  use_delta_encoding: 1
  filter_policy: nullptr
  whole_key_filtering: 1
  verify_compression: 0
  read_amp_bytes_per_bit: 0
  format_version: 2
  enable_index_compression: 1
  block_align: 0
2019/10/17-14:54:05.118246 7fc3a9fcb700        Options.write_buffer_size: 67108864
2019/10/17-14:54:05.118247 7fc3a9fcb700  Options.max_write_buffer_number: 2
2019/10/17-14:54:05.118248 7fc3a9fcb700          Options.compression: NoCompression
2019/10/17-14:54:05.118249 7fc3a9fcb700                  Options.bottommost_compression: Disabled
2019/10/17-14:54:05.118250 7fc3a9fcb700       Options.prefix_extractor: nullptr
2019/10/17-14:54:05.118251 7fc3a9fcb700   Options.memtable_insert_with_hint_prefix_extractor: nullptr
2019/10/17-14:54:05.118252 7fc3a9fcb700             Options.num_levels: 7
2019/10/17-14:54:05.118253 7fc3a9fcb700        Options.min_write_buffer_number_to_merge: 1
2019/10/17-14:54:05.118254 7fc3a9fcb700     Options.max_write_buffer_number_to_maintain: 0
2019/10/17-14:54:05.118255 7fc3a9fcb700            Options.bottommost_compression_opts.window_bits: -14
2019/10/17-14:54:05.118256 7fc3a9fcb700                  Options.bottommost_compression_opts.level: 32767
2019/10/17-14:54:05.118257 7fc3a9fcb700               Options.bottommost_compression_opts.strategy: 0
2019/10/17-14:54:05.118258 7fc3a9fcb700         Options.bottommost_compression_opts.max_dict_bytes: 0
2019/10/17-14:54:05.118259 7fc3a9fcb700         Options.bottommost_compression_opts.zstd_max_train_bytes: 0
2019/10/17-14:54:05.118260 7fc3a9fcb700                  Options.bottommost_compression_opts.enabled: false
2019/10/17-14:54:05.118261 7fc3a9fcb700            Options.compression_opts.window_bits: -14
2019/10/17-14:54:05.118262 7fc3a9fcb700                  Options.compression_opts.level: 32767
2019/10/17-14:54:05.118263 7fc3a9fcb700               Options.compression_opts.strategy: 0
2019/10/17-14:54:05.118264 7fc3a9fcb700         Options.compression_opts.max_dict_bytes: 0
2019/10/17-14:54:05.118265 7fc3a9fcb700         Options.compression_opts.zstd_max_train_bytes: 0
2019/10/17-14:54:05.118266 7fc3a9fcb700                  Options.compression_opts.enabled: false
2019/10/17-14:54:05.118267 7fc3a9fcb700      Options.level0_file_num_compaction_trigger: 4
2019/10/17-14:54:05.118268 7fc3a9fcb700          Options.level0_slowdown_writes_trigger: 20
2019/10/17-14:54:05.118269 7fc3a9fcb700              Options.level0_stop_writes_trigger: 36
2019/10/17-14:54:05.118270 7fc3a9fcb700                   Options.target_file_size_base: 67108864
2019/10/17-14:54:05.118271 7fc3a9fcb700             Options.target_file_size_multiplier: 1
2019/10/17-14:54:05.118272 7fc3a9fcb700                Options.max_bytes_for_level_base: 268435456
2019/10/17-14:54:05.118273 7fc3a9fcb700 Options.level_compaction_dynamic_level_bytes: 0
2019/10/17-14:54:05.118274 7fc3a9fcb700          Options.max_bytes_for_level_multiplier: 10.000000
2019/10/17-14:54:05.118276 7fc3a9fcb700 Options.max_bytes_for_level_multiplier_addtl[0]: 1
2019/10/17-14:54:05.118277 7fc3a9fcb700 Options.max_bytes_for_level_multiplier_addtl[1]: 1
2019/10/17-14:54:05.118278 7fc3a9fcb700 Options.max_bytes_for_level_multiplier_addtl[2]: 1
2019/10/17-14:54:05.118279 7fc3a9fcb700 Options.max_bytes_for_level_multiplier_addtl[3]: 1
2019/10/17-14:54:05.118280 7fc3a9fcb700 Options.max_bytes_for_level_multiplier_addtl[4]: 1
2019/10/17-14:54:05.118281 7fc3a9fcb700 Options.max_bytes_for_level_multiplier_addtl[5]: 1
2019/10/17-14:54:05.118282 7fc3a9fcb700 Options.max_bytes_for_level_multiplier_addtl[6]: 1
2019/10/17-14:54:05.118283 7fc3a9fcb700       Options.max_sequential_skip_in_iterations: 8
2019/10/17-14:54:05.118289 7fc3a9fcb700                    Options.max_compaction_bytes: 1677721600
2019/10/17-14:54:05.118290 7fc3a9fcb700                        Options.arena_block_size: 8388608
2019/10/17-14:54:05.118291 7fc3a9fcb700   Options.soft_pending_compaction_bytes_limit: 68719476736
2019/10/17-14:54:05.118292 7fc3a9fcb700   Options.hard_pending_compaction_bytes_limit: 274877906944
2019/10/17-14:54:05.118293 7fc3a9fcb700       Options.rate_limit_delay_max_milliseconds: 100
2019/10/17-14:54:05.118294 7fc3a9fcb700                Options.disable_auto_compactions: 0
2019/10/17-14:54:05.118295 7fc3a9fcb700                        Options.compaction_style: kCompactionStyleLevel
2019/10/17-14:54:05.118297 7fc3a9fcb700                          Options.compaction_pri: kByCompensatedSize
2019/10/17-14:54:05.118298 7fc3a9fcb700 Options.compaction_options_universal.size_ratio: 1
2019/10/17-14:54:05.118299 7fc3a9fcb700 Options.compaction_options_universal.min_merge_width: 2
2019/10/17-14:54:05.118300 7fc3a9fcb700 Options.compaction_options_universal.max_merge_width: 4294967295
2019/10/17-14:54:05.118301 7fc3a9fcb700 Options.compaction_options_universal.max_size_amplification_percent: 200
2019/10/17-14:54:05.118302 7fc3a9fcb700 Options.compaction_options_universal.compression_size_percent: -1
2019/10/17-14:54:05.118303 7fc3a9fcb700 Options.compaction_options_universal.stop_style: kCompactionStopStyleTotalSize
2019/10/17-14:54:05.118304 7fc3a9fcb700 Options.compaction_options_fifo.max_table_files_size: 1073741824
2019/10/17-14:54:05.118305 7fc3a9fcb700 Options.compaction_options_fifo.allow_compaction: 0
2019/10/17-14:54:05.118306 7fc3a9fcb700 Options.compaction_options_fifo.ttl: 0
2019/10/17-14:54:05.118307 7fc3a9fcb700                   Options.table_properties_collectors: 
2019/10/17-14:54:05.118308 7fc3a9fcb700                   Options.inplace_update_support: 0
2019/10/17-14:54:05.118309 7fc3a9fcb700                 Options.inplace_update_num_locks: 10000
2019/10/17-14:54:05.118310 7fc3a9fcb700               Options.memtable_prefix_bloom_size_ratio: 0.000000
2019/10/17-14:54:05.118311 7fc3a9fcb700   Options.memtable_huge_page_size: 0
2019/10/17-14:54:05.118312 7fc3a9fcb700                           Options.bloom_locality: 0
2019/10/17-14:54:05.118313 7fc3a9fcb700                    Options.max_successive_merges: 0
2019/10/17-14:54:05.118314 7fc3a9fcb700                Options.optimize_filters_for_hits: 0
2019/10/17-14:54:05.118315 7fc3a9fcb700                Options.paranoid_file_checks: 0
2019/10/17-14:54:05.118316 7fc3a9fcb700                Options.force_consistency_checks: 0
2019/10/17-14:54:05.118317 7fc3a9fcb700                Options.report_bg_io_stats: 0
2019/10/17-14:54:05.118318 7fc3a9fcb700                               Options.ttl: 0
2019/10/17-14:54:05.118340 7fc3a9fcb700 [db/column_family.cc:472] --------------- Options for column family [entries]:
2019/10/17-14:54:05.118341 7fc3a9fcb700               Options.comparator: leveldb.BytewiseComparator
2019/10/17-14:54:05.118342 7fc3a9fcb700           Options.merge_operator: None
2019/10/17-14:54:05.118343 7fc3a9fcb700        Options.compaction_filter: None
2019/10/17-14:54:05.118344 7fc3a9fcb700        Options.compaction_filter_factory: None
2019/10/17-14:54:05.118345 7fc3a9fcb700         Options.memtable_factory: SkipListFactory
2019/10/17-14:54:05.118346 7fc3a9fcb700            Options.table_factory: BlockBasedTable
2019/10/17-14:54:05.118359 7fc3a9fcb700            table_factory options:   flush_block_policy_factory: FlushBlockBySizePolicyFactory (0x7fc350047b50)
  cache_index_and_filter_blocks: 0
  cache_index_and_filter_blocks_with_high_priority: 0
  pin_l0_filter_and_index_blocks_in_cache: 0
  pin_top_level_index_and_filter: 1
  index_type: 0
  hash_index_allow_collision: 1
  checksum: 1
  no_block_cache: 0
  block_cache: 0x7fc350075f20
  block_cache_name: LRUCache
  block_cache_options:
    capacity : 8388608
    num_shard_bits : 4
    strict_capacity_limit : 0
    memory_allocator : None
    high_pri_pool_ratio: 0.000
  block_cache_compressed: (nil)
  persistent_cache: (nil)
  block_size: 4096
  block_size_deviation: 10
  block_restart_interval: 16
  index_block_restart_interval: 1
  metadata_block_size: 4096
  partition_filters: 0
  use_delta_encoding: 1
  filter_policy: nullptr
  whole_key_filtering: 1
  verify_compression: 0
  read_amp_bytes_per_bit: 0
  format_version: 2
  enable_index_compression: 1
  block_align: 0
2019/10/17-14:54:05.118367 7fc3a9fcb700        Options.write_buffer_size: 67108864
2019/10/17-14:54:05.118368 7fc3a9fcb700  Options.max_write_buffer_number: 2
2019/10/17-14:54:05.118369 7fc3a9fcb700          Options.compression: NoCompression
2019/10/17-14:54:05.118370 7fc3a9fcb700                  Options.bottommost_compression: Disabled
2019/10/17-14:54:05.118371 7fc3a9fcb700       Options.prefix_extractor: nullptr
2019/10/17-14:54:05.118372 7fc3a9fcb700   Options.memtable_insert_with_hint_prefix_extractor: nullptr
2019/10/17-14:54:05.118373 7fc3a9fcb700             Options.num_levels: 7
2019/10/17-14:54:05.118374 7fc3a9fcb700        Options.min_write_buffer_number_to_merge: 1
2019/10/17-14:54:05.118375 7fc3a9fcb700     Options.max_write_buffer_number_to_maintain: 0
2019/10/17-14:54:05.118376 7fc3a9fcb700            Options.bottommost_compression_opts.window_bits: -14
2019/10/17-14:54:05.118377 7fc3a9fcb700                  Options.bottommost_compression_opts.level: 32767
2019/10/17-14:54:05.118378 7fc3a9fcb700               Options.bottommost_compression_opts.strategy: 0
2019/10/17-14:54:05.118379 7fc3a9fcb700         Options.bottommost_compression_opts.max_dict_bytes: 0
2019/10/17-14:54:05.118380 7fc3a9fcb700         Options.bottommost_compression_opts.zstd_max_train_bytes: 0
2019/10/17-14:54:05.118381 7fc3a9fcb700                  Options.bottommost_compression_opts.enabled: false
2019/10/17-14:54:05.118382 7fc3a9fcb700            Options.compression_opts.window_bits: -14
2019/10/17-14:54:05.118383 7fc3a9fcb700                  Options.compression_opts.level: 32767
2019/10/17-14:54:05.118384 7fc3a9fcb700               Options.compression_opts.strategy: 0
2019/10/17-14:54:05.118385 7fc3a9fcb700         Options.compression_opts.max_dict_bytes: 0
2019/10/17-14:54:05.118386 7fc3a9fcb700         Options.compression_opts.zstd_max_train_bytes: 0
2019/10/17-14:54:05.118387 7fc3a9fcb700                  Options.compression_opts.enabled: false
2019/10/17-14:54:05.118388 7fc3a9fcb700      Options.level0_file_num_compaction_trigger: 4
2019/10/17-14:54:05.118389 7fc3a9fcb700          Options.level0_slowdown_writes_trigger: 20
2019/10/17-14:54:05.118390 7fc3a9fcb700              Options.level0_stop_writes_trigger: 36
2019/10/17-14:54:05.118391 7fc3a9fcb700                   Options.target_file_size_base: 67108864
2019/10/17-14:54:05.118392 7fc3a9fcb700             Options.target_file_size_multiplier: 1
2019/10/17-14:54:05.118393 7fc3a9fcb700                Options.max_bytes_for_level_base: 268435456
2019/10/17-14:54:05.118394 7fc3a9fcb700 Options.level_compaction_dynamic_level_bytes: 0
2019/10/17-14:54:05.118395 7fc3a9fcb700          Options.max_bytes_for_level_multiplier: 10.000000
2019/10/17-14:54:05.118397 7fc3a9fcb700 Options.max_bytes_for_level_multiplier_addtl[0]: 1
2019/10/17-14:54:05.118398 7fc3a9fcb700 Options.max_bytes_for_level_multiplier_addtl[1]: 1
2019/10/17-14:54:05.118399 7fc3a9fcb700 Options.max_bytes_for_level_multiplier_addtl[2]: 1
2019/10/17-14:54:05.118400 7fc3a9fcb700 Options.max_bytes_for_level_multiplier_addtl[3]: 1
2019/10/17-14:54:05.118401 7fc3a9fcb700 Options.max_bytes_for_level_multiplier_addtl[4]: 1
2019/10/17-14:54:05.118402 7fc3a9fcb700 Options.max_bytes_for_level_multiplier_addtl[5]: 1
2019/10/17-14:54:05.118403 7fc3a9fcb700 Options.max_bytes_for_level_multiplier_addtl[6]: 1
2019/10/17-14:54:05.118404 7fc3a9fcb700       Options.max_sequential_skip_in_iterations: 8
2019/10/17-14:54:05.118405 7fc3a9fcb700                    Options.max_compaction_bytes: 1677721600
2019/10/17-14:54:05.118406 7fc3a9fcb700                        Options.arena_block_size: 8388608
2019/10/17-14:54:05.118407 7fc3a9fcb700   Options.soft_pending_compaction_bytes_limit: 68719476736
2019/10/17-14:54:05.118412 7fc3a9fcb700   Options.hard_pending_compaction_bytes_limit: 274877906944
2019/10/17-14:54:05.118413 7fc3a9fcb700       Options.rate_limit_delay_max_milliseconds: 100
2019/10/17-14:54:05.118414 7fc3a9fcb700                Options.disable_auto_compactions: 0
2019/10/17-14:54:05.118415 7fc3a9fcb700                        Options.compaction_style: kCompactionStyleLevel
2019/10/17-14:54:05.118417 7fc3a9fcb700                          Options.compaction_pri: kByCompensatedSize
2019/10/17-14:54:05.118418 7fc3a9fcb700 Options.compaction_options_universal.size_ratio: 1
2019/10/17-14:54:05.118419 7fc3a9fcb700 Options.compaction_options_universal.min_merge_width: 2
2019/10/17-14:54:05.118420 7fc3a9fcb700 Options.compaction_options_universal.max_merge_width: 4294967295
2019/10/17-14:54:05.118421 7fc3a9fcb700 Options.compaction_options_universal.max_size_amplification_percent: 200
2019/10/17-14:54:05.118422 7fc3a9fcb700 Options.compaction_options_universal.compression_size_percent: -1
2019/10/17-14:54:05.118423 7fc3a9fcb700 Options.compaction_options_universal.stop_style: kCompactionStopStyleTotalSize
2019/10/17-14:54:05.118424 7fc3a9fcb700 Options.compaction_options_fifo.max_table_files_size: 1073741824
2019/10/17-14:54:05.118425 7fc3a9fcb700 Options.compaction_options_fifo.allow_compaction: 0
2019/10/17-14:54:05.118426 7fc3a9fcb700 Options.compaction_options_fifo.ttl: 0
2019/10/17-14:54:05.118427 7fc3a9fcb700                   Options.table_properties_collectors: 
2019/10/17-14:54:05.118428 7fc3a9fcb700                   Options.inplace_update_support: 0
2019/10/17-14:54:05.118429 7fc3a9fcb700                 Options.inplace_update_num_locks: 10000
2019/10/17-14:54:05.118430 7fc3a9fcb700               Options.memtable_prefix_bloom_size_ratio: 0.000000
2019/10/17-14:54:05.118431 7fc3a9fcb700   Options.memtable_huge_page_size: 0
2019/10/17-14:54:05.118432 7fc3a9fcb700                           Options.bloom_locality: 0
2019/10/17-14:54:05.118433 7fc3a9fcb700                    Options.max_successive_merges: 0
2019/10/17-14:54:05.118434 7fc3a9fcb700                Options.optimize_filters_for_hits: 0
2019/10/17-14:54:05.118435 7fc3a9fcb700                Options.paranoid_file_checks: 0
2019/10/17-14:54:05.118436 7fc3a9fcb700                Options.force_consistency_checks: 0
2019/10/17-14:54:05.118437 7fc3a9fcb700                Options.report_bg_io_stats: 0
2019/10/17-14:54:05.118438 7fc3a9fcb700                               Options.ttl: 0
2019/10/17-14:54:05.118457 7fc3a9fcb700 [db/column_family.cc:472] --------------- Options for column family [dc_entries]:
2019/10/17-14:54:05.118459 7fc3a9fcb700               Options.comparator: leveldb.BytewiseComparator
2019/10/17-14:54:05.118460 7fc3a9fcb700           Options.merge_operator: None
2019/10/17-14:54:05.118461 7fc3a9fcb700        Options.compaction_filter: None
2019/10/17-14:54:05.118462 7fc3a9fcb700        Options.compaction_filter_factory: None
2019/10/17-14:54:05.118463 7fc3a9fcb700         Options.memtable_factory: SkipListFactory
2019/10/17-14:54:05.118464 7fc3a9fcb700            Options.table_factory: BlockBasedTable
2019/10/17-14:54:05.118476 7fc3a9fcb700            table_factory options:   flush_block_policy_factory: FlushBlockBySizePolicyFactory (0x7fc3500675e0)
  cache_index_and_filter_blocks: 0
  cache_index_and_filter_blocks_with_high_priority: 0
  pin_l0_filter_and_index_blocks_in_cache: 0
  pin_top_level_index_and_filter: 1
  index_type: 0
  hash_index_allow_collision: 1
  checksum: 1
  no_block_cache: 0
  block_cache: 0x7fc350119f50
  block_cache_name: LRUCache
  block_cache_options:
    capacity : 8388608
    num_shard_bits : 4
    strict_capacity_limit : 0
    memory_allocator : None
    high_pri_pool_ratio: 0.000
  block_cache_compressed: (nil)
  persistent_cache: (nil)
  block_size: 4096
  block_size_deviation: 10
  block_restart_interval: 16
  index_block_restart_interval: 1
  metadata_block_size: 4096
  partition_filters: 0
  use_delta_encoding: 1
  filter_policy: nullptr
  whole_key_filtering: 1
  verify_compression: 0
  read_amp_bytes_per_bit: 0
  format_version: 2
  enable_index_compression: 1
  block_align: 0
2019/10/17-14:54:05.118484 7fc3a9fcb700        Options.write_buffer_size: 67108864
2019/10/17-14:54:05.118485 7fc3a9fcb700  Options.max_write_buffer_number: 2
2019/10/17-14:54:05.118486 7fc3a9fcb700          Options.compression: NoCompression
2019/10/17-14:54:05.118487 7fc3a9fcb700                  Options.bottommost_compression: Disabled
2019/10/17-14:54:05.118488 7fc3a9fcb700       Options.prefix_extractor: nullptr
2019/10/17-14:54:05.118489 7fc3a9fcb700   Options.memtable_insert_with_hint_prefix_extractor: nullptr
2019/10/17-14:54:05.118490 7fc3a9fcb700             Options.num_levels: 7
2019/10/17-14:54:05.118491 7fc3a9fcb700        Options.min_write_buffer_number_to_merge: 1
2019/10/17-14:54:05.118492 7fc3a9fcb700     Options.max_write_buffer_number_to_maintain: 0
2019/10/17-14:54:05.118493 7fc3a9fcb700            Options.bottommost_compression_opts.window_bits: -14
2019/10/17-14:54:05.118494 7fc3a9fcb700                  Options.bottommost_compression_opts.level: 32767
2019/10/17-14:54:05.118495 7fc3a9fcb700               Options.bottommost_compression_opts.strategy: 0
2019/10/17-14:54:05.118496 7fc3a9fcb700         Options.bottommost_compression_opts.max_dict_bytes: 0
2019/10/17-14:54:05.118497 7fc3a9fcb700         Options.bottommost_compression_opts.zstd_max_train_bytes: 0
2019/10/17-14:54:05.118498 7fc3a9fcb700                  Options.bottommost_compression_opts.enabled: false
2019/10/17-14:54:05.118499 7fc3a9fcb700            Options.compression_opts.window_bits: -14
2019/10/17-14:54:05.118500 7fc3a9fcb700                  Options.compression_opts.level: 32767
2019/10/17-14:54:05.118501 7fc3a9fcb700               Options.compression_opts.strategy: 0
2019/10/17-14:54:05.118502 7fc3a9fcb700         Options.compression_opts.max_dict_bytes: 0
2019/10/17-14:54:05.118503 7fc3a9fcb700         Options.compression_opts.zstd_max_train_bytes: 0
2019/10/17-14:54:05.118504 7fc3a9fcb700                  Options.compression_opts.enabled: false
2019/10/17-14:54:05.118505 7fc3a9fcb700      Options.level0_file_num_compaction_trigger: 4
2019/10/17-14:54:05.118506 7fc3a9fcb700          Options.level0_slowdown_writes_trigger: 20
2019/10/17-14:54:05.118506 7fc3a9fcb700              Options.level0_stop_writes_trigger: 36
2019/10/17-14:54:05.118507 7fc3a9fcb700                   Options.target_file_size_base: 67108864
2019/10/17-14:54:05.118509 7fc3a9fcb700             Options.target_file_size_multiplier: 1
2019/10/17-14:54:05.118509 7fc3a9fcb700                Options.max_bytes_for_level_base: 268435456
2019/10/17-14:54:05.118511 7fc3a9fcb700 Options.level_compaction_dynamic_level_bytes: 0
2019/10/17-14:54:05.118511 7fc3a9fcb700          Options.max_bytes_for_level_multiplier: 10.000000
2019/10/17-14:54:05.118513 7fc3a9fcb700 Options.max_bytes_for_level_multiplier_addtl[0]: 1
2019/10/17-14:54:05.118514 7fc3a9fcb700 Options.max_bytes_for_level_multiplier_addtl[1]: 1
2019/10/17-14:54:05.118515 7fc3a9fcb700 Options.max_bytes_for_level_multiplier_addtl[2]: 1
2019/10/17-14:54:05.118516 7fc3a9fcb700 Options.max_bytes_for_level_multiplier_addtl[3]: 1
2019/10/17-14:54:05.118517 7fc3a9fcb700 Options.max_bytes_for_level_multiplier_addtl[4]: 1
2019/10/17-14:54:05.118518 7fc3a9fcb700 Options.max_bytes_for_level_multiplier_addtl[5]: 1
2019/10/17-14:54:05.118519 7fc3a9fcb700 Options.max_bytes_for_level_multiplier_addtl[6]: 1
2019/10/17-14:54:05.118520 7fc3a9fcb700       Options.max_sequential_skip_in_iterations: 8
2019/10/17-14:54:05.118521 7fc3a9fcb700                    Options.max_compaction_bytes: 1677721600
2019/10/17-14:54:05.118522 7fc3a9fcb700                        Options.arena_block_size: 8388608
2019/10/17-14:54:05.118523 7fc3a9fcb700   Options.soft_pending_compaction_bytes_limit: 68719476736
2019/10/17-14:54:05.118524 7fc3a9fcb700   Options.hard_pending_compaction_bytes_limit: 274877906944
2019/10/17-14:54:05.118525 7fc3a9fcb700       Options.rate_limit_delay_max_milliseconds: 100
2019/10/17-14:54:05.118526 7fc3a9fcb700                Options.disable_auto_compactions: 0
2019/10/17-14:54:05.118532 7fc3a9fcb700                        Options.compaction_style: kCompactionStyleLevel
2019/10/17-14:54:05.118533 7fc3a9fcb700                          Options.compaction_pri: kByCompensatedSize
2019/10/17-14:54:05.118534 7fc3a9fcb700 Options.compaction_options_universal.size_ratio: 1
2019/10/17-14:54:05.118535 7fc3a9fcb700 Options.compaction_options_universal.min_merge_width: 2
2019/10/17-14:54:05.118536 7fc3a9fcb700 Options.compaction_options_universal.max_merge_width: 4294967295
2019/10/17-14:54:05.118537 7fc3a9fcb700 Options.compaction_options_universal.max_size_amplification_percent: 200
2019/10/17-14:54:05.118538 7fc3a9fcb700 Options.compaction_options_universal.compression_size_percent: -1
2019/10/17-14:54:05.118539 7fc3a9fcb700 Options.compaction_options_universal.stop_style: kCompactionStopStyleTotalSize
2019/10/17-14:54:05.118540 7fc3a9fcb700 Options.compaction_options_fifo.max_table_files_size: 1073741824
2019/10/17-14:54:05.118541 7fc3a9fcb700 Options.compaction_options_fifo.allow_compaction: 0
2019/10/17-14:54:05.118542 7fc3a9fcb700 Options.compaction_options_fifo.ttl: 0
2019/10/17-14:54:05.118543 7fc3a9fcb700                   Options.table_properties_collectors: 
2019/10/17-14:54:05.118544 7fc3a9fcb700                   Options.inplace_update_support: 0
2019/10/17-14:54:05.118545 7fc3a9fcb700                 Options.inplace_update_num_locks: 10000
2019/10/17-14:54:05.118546 7fc3a9fcb700               Options.memtable_prefix_bloom_size_ratio: 0.000000
2019/10/17-14:54:05.118548 7fc3a9fcb700   Options.memtable_huge_page_size: 0
2019/10/17-14:54:05.118549 7fc3a9fcb700                           Options.bloom_locality: 0
2019/10/17-14:54:05.118550 7fc3a9fcb700                    Options.max_successive_merges: 0
2019/10/17-14:54:05.118551 7fc3a9fcb700                Options.optimize_filters_for_hits: 0
2019/10/17-14:54:05.118552 7fc3a9fcb700                Options.paranoid_file_checks: 0
2019/10/17-14:54:05.118553 7fc3a9fcb700                Options.force_consistency_checks: 0
2019/10/17-14:54:05.118554 7fc3a9fcb700                Options.report_bg_io_stats: 0
2019/10/17-14:54:05.118555 7fc3a9fcb700                               Options.ttl: 0
2019/10/17-14:54:05.118571 7fc3a9fcb700 [db/column_family.cc:472] --------------- Options for column family [htlcs]:
2019/10/17-14:54:05.118572 7fc3a9fcb700               Options.comparator: leveldb.BytewiseComparator
2019/10/17-14:54:05.118573 7fc3a9fcb700           Options.merge_operator: None
2019/10/17-14:54:05.118574 7fc3a9fcb700        Options.compaction_filter: None
2019/10/17-14:54:05.118575 7fc3a9fcb700        Options.compaction_filter_factory: None
2019/10/17-14:54:05.118576 7fc3a9fcb700         Options.memtable_factory: SkipListFactory
2019/10/17-14:54:05.118577 7fc3a9fcb700            Options.table_factory: BlockBasedTable
2019/10/17-14:54:05.118589 7fc3a9fcb700            table_factory options:   flush_block_policy_factory: FlushBlockBySizePolicyFactory (0x7fc35006fee0)
