2019/10/17-14:54:15.984674 7fc3a9fcb700 RocksDB version: 5.18.3
2019/10/17-14:54:15.984709 7fc3a9fcb700 Git sha rocksdb_build_git_sha:@0@
2019/10/17-14:54:15.984711 7fc3a9fcb700 Compile date Sep 19 2019
2019/10/17-14:54:15.984712 7fc3a9fcb700 DB SUMMARY
2019/10/17-14:54:15.985498 7fc3a9fcb700 CURRENT file:  CURRENT
2019/10/17-14:54:15.985500 7fc3a9fcb700 IDENTITY file:  IDENTITY
2019/10/17-14:54:15.985532 7fc3a9fcb700 MANIFEST file:  MANIFEST-114943 size: 4114 Bytes
2019/10/17-14:54:15.985534 7fc3a9fcb700 SST files in /home/rahul/dev/blockchain-core/eqc/ledger.db dir, Total Num: 29, files: 000624.sst 000627.sst 106940.sst 108447.sst 108450.sst 109471.sst 109483.sst 109485.sst 109486.sst 
2019/10/17-14:54:15.985536 7fc3a9fcb700 Write Ahead Log file in /home/rahul/dev/blockchain-core/eqc/ledger.db: 114944.log size: 0 ; 
2019/10/17-14:54:15.985574 7fc3a9fcb700                         Options.error_if_exists: 0
2019/10/17-14:54:15.985575 7fc3a9fcb700                       Options.create_if_missing: 1
2019/10/17-14:54:15.985576 7fc3a9fcb700                         Options.paranoid_checks: 1
2019/10/17-14:54:15.985577 7fc3a9fcb700                                     Options.env: 0x7fc32ae1fc60
2019/10/17-14:54:15.985578 7fc3a9fcb700                                Options.info_log: 0x7fc3501040b0
2019/10/17-14:54:15.985579 7fc3a9fcb700                Options.max_file_opening_threads: 16
2019/10/17-14:54:15.985580 7fc3a9fcb700                              Options.statistics: (nil)
2019/10/17-14:54:15.985581 7fc3a9fcb700                               Options.use_fsync: 0
2019/10/17-14:54:15.985582 7fc3a9fcb700                       Options.max_log_file_size: 0
2019/10/17-14:54:15.985583 7fc3a9fcb700                  Options.max_manifest_file_size: 1073741824
2019/10/17-14:54:15.985584 7fc3a9fcb700                   Options.log_file_time_to_roll: 0
2019/10/17-14:54:15.985584 7fc3a9fcb700                       Options.keep_log_file_num: 1000
2019/10/17-14:54:15.985585 7fc3a9fcb700                    Options.recycle_log_file_num: 0
2019/10/17-14:54:15.985586 7fc3a9fcb700                         Options.allow_fallocate: 1
2019/10/17-14:54:15.985587 7fc3a9fcb700                        Options.allow_mmap_reads: 0
2019/10/17-14:54:15.985588 7fc3a9fcb700                       Options.allow_mmap_writes: 0
2019/10/17-14:54:15.985589 7fc3a9fcb700                        Options.use_direct_reads: 0
2019/10/17-14:54:15.985590 7fc3a9fcb700                        Options.use_direct_io_for_flush_and_compaction: 0
2019/10/17-14:54:15.985590 7fc3a9fcb700          Options.create_missing_column_families: 0
2019/10/17-14:54:15.985591 7fc3a9fcb700                              Options.db_log_dir: 
2019/10/17-14:54:15.985592 7fc3a9fcb700                                 Options.wal_dir: /home/rahul/dev/blockchain-core/eqc/ledger.db
2019/10/17-14:54:15.985593 7fc3a9fcb700                Options.table_cache_numshardbits: 6
2019/10/17-14:54:15.985594 7fc3a9fcb700                      Options.max_subcompactions: 1
2019/10/17-14:54:15.985595 7fc3a9fcb700                  Options.max_background_flushes: -1
2019/10/17-14:54:15.985596 7fc3a9fcb700                         Options.WAL_ttl_seconds: 0
2019/10/17-14:54:15.985596 7fc3a9fcb700                       Options.WAL_size_limit_MB: 0
2019/10/17-14:54:15.985597 7fc3a9fcb700             Options.manifest_preallocation_size: 4194304
2019/10/17-14:54:15.985598 7fc3a9fcb700                     Options.is_fd_close_on_exec: 1
2019/10/17-14:54:15.985599 7fc3a9fcb700                   Options.advise_random_on_open: 1
2019/10/17-14:54:15.985600 7fc3a9fcb700                    Options.db_write_buffer_size: 0
2019/10/17-14:54:15.985601 7fc3a9fcb700                    Options.write_buffer_manager: 0x7fc35003b060
2019/10/17-14:54:15.985601 7fc3a9fcb700         Options.access_hint_on_compaction_start: 1
2019/10/17-14:54:15.985602 7fc3a9fcb700  Options.new_table_reader_for_compaction_inputs: 0
2019/10/17-14:54:15.985603 7fc3a9fcb700           Options.random_access_max_buffer_size: 1048576
2019/10/17-14:54:15.985604 7fc3a9fcb700                      Options.use_adaptive_mutex: 0
2019/10/17-14:54:15.985605 7fc3a9fcb700                            Options.rate_limiter: (nil)
2019/10/17-14:54:15.985615 7fc3a9fcb700     Options.sst_file_manager.rate_bytes_per_sec: 0
2019/10/17-14:54:15.985616 7fc3a9fcb700                       Options.wal_recovery_mode: 2
2019/10/17-14:54:15.985617 7fc3a9fcb700                  Options.enable_thread_tracking: 0
2019/10/17-14:54:15.985618 7fc3a9fcb700                  Options.enable_pipelined_write: 0
2019/10/17-14:54:15.985618 7fc3a9fcb700         Options.allow_concurrent_memtable_write: 1
2019/10/17-14:54:15.985619 7fc3a9fcb700      Options.enable_write_thread_adaptive_yield: 1
2019/10/17-14:54:15.985620 7fc3a9fcb700             Options.write_thread_max_yield_usec: 100
2019/10/17-14:54:15.985621 7fc3a9fcb700            Options.write_thread_slow_yield_usec: 3
2019/10/17-14:54:15.985622 7fc3a9fcb700                               Options.row_cache: None
2019/10/17-14:54:15.985623 7fc3a9fcb700                              Options.wal_filter: None
2019/10/17-14:54:15.985623 7fc3a9fcb700             Options.avoid_flush_during_recovery: 0
2019/10/17-14:54:15.985624 7fc3a9fcb700             Options.allow_ingest_behind: 0
2019/10/17-14:54:15.985625 7fc3a9fcb700             Options.preserve_deletes: 0
2019/10/17-14:54:15.985626 7fc3a9fcb700             Options.two_write_queues: 0
2019/10/17-14:54:15.985627 7fc3a9fcb700             Options.manual_wal_flush: 0
2019/10/17-14:54:15.985628 7fc3a9fcb700             Options.max_background_jobs: 2
2019/10/17-14:54:15.985628 7fc3a9fcb700             Options.max_background_compactions: -1
2019/10/17-14:54:15.985629 7fc3a9fcb700             Options.avoid_flush_during_shutdown: 0
2019/10/17-14:54:15.985630 7fc3a9fcb700           Options.writable_file_max_buffer_size: 1048576
2019/10/17-14:54:15.985631 7fc3a9fcb700             Options.delayed_write_rate : 16777216
2019/10/17-14:54:15.985632 7fc3a9fcb700             Options.max_total_wal_size: 0
2019/10/17-14:54:15.985633 7fc3a9fcb700             Options.delete_obsolete_files_period_micros: 21600000000
2019/10/17-14:54:15.985634 7fc3a9fcb700                   Options.stats_dump_period_sec: 600
2019/10/17-14:54:15.985634 7fc3a9fcb700                          Options.max_open_files: -1
2019/10/17-14:54:15.985635 7fc3a9fcb700                          Options.bytes_per_sync: 0
2019/10/17-14:54:15.985636 7fc3a9fcb700                      Options.wal_bytes_per_sync: 0
2019/10/17-14:54:15.985637 7fc3a9fcb700       Options.compaction_readahead_size: 0
2019/10/17-14:54:15.985638 7fc3a9fcb700 Compression algorithms supported:
2019/10/17-14:54:15.985639 7fc3a9fcb700 	kZSTDNotFinalCompression supported: 0
2019/10/17-14:54:15.985640 7fc3a9fcb700 	kZSTD supported: 0
2019/10/17-14:54:15.985641 7fc3a9fcb700 	kXpressCompression supported: 0
2019/10/17-14:54:15.985642 7fc3a9fcb700 	kLZ4HCCompression supported: 0
2019/10/17-14:54:15.985643 7fc3a9fcb700 	kLZ4Compression supported: 0
2019/10/17-14:54:15.985644 7fc3a9fcb700 	kBZip2Compression supported: 0
2019/10/17-14:54:15.985645 7fc3a9fcb700 	kZlibCompression supported: 0
2019/10/17-14:54:15.985646 7fc3a9fcb700 	kSnappyCompression supported: 0
2019/10/17-14:54:15.985648 7fc3a9fcb700 Fast CRC32 supported: Supported on x86
2019/10/17-14:54:15.985756 7fc3a9fcb700 [db/version_set.cc:3507] Recovering from manifest file: MANIFEST-114943
2019/10/17-14:54:15.985792 7fc3a9fcb700 [db/column_family.cc:472] --------------- Options for column family [default]:
2019/10/17-14:54:15.985794 7fc3a9fcb700               Options.comparator: leveldb.BytewiseComparator
2019/10/17-14:54:15.985795 7fc3a9fcb700           Options.merge_operator: None
2019/10/17-14:54:15.985796 7fc3a9fcb700        Options.compaction_filter: None
2019/10/17-14:54:15.985796 7fc3a9fcb700        Options.compaction_filter_factory: None
2019/10/17-14:54:15.985797 7fc3a9fcb700         Options.memtable_factory: SkipListFactory
2019/10/17-14:54:15.985798 7fc3a9fcb700            Options.table_factory: BlockBasedTable
2019/10/17-14:54:15.985815 7fc3a9fcb700            table_factory options:   flush_block_policy_factory: FlushBlockBySizePolicyFactory (0x7fc350043700)
  cache_index_and_filter_blocks: 0
  cache_index_and_filter_blocks_with_high_priority: 0
  pin_l0_filter_and_index_blocks_in_cache: 0
  pin_top_level_index_and_filter: 1
  index_type: 0
  hash_index_allow_collision: 1
  checksum: 1
  no_block_cache: 0
  block_cache: 0x7fc3500e0b60
  block_cache_name: LRUCache
  block_cache_options:
    capacity : 8388608
    num_shard_bits : 4
    strict_capacity_limit : 0
    memory_allocator : None
    high_pri_pool_ratio: 0.000
  block_cache_compressed: (nil)
  persistent_cache: (nil)
  block_size: 4096
  block_size_deviation: 10
  block_restart_interval: 16
  index_block_restart_interval: 1
  metadata_block_size: 4096
  partition_filters: 0
  use_delta_encoding: 1
  filter_policy: nullptr
  whole_key_filtering: 1
  verify_compression: 0
  read_amp_bytes_per_bit: 0
  format_version: 2
  enable_index_compression: 1
  block_align: 0
2019/10/17-14:54:15.985825 7fc3a9fcb700        Options.write_buffer_size: 67108864
2019/10/17-14:54:15.985826 7fc3a9fcb700  Options.max_write_buffer_number: 2
2019/10/17-14:54:15.985827 7fc3a9fcb700          Options.compression: NoCompression
2019/10/17-14:54:15.985828 7fc3a9fcb700                  Options.bottommost_compression: Disabled
2019/10/17-14:54:15.985829 7fc3a9fcb700       Options.prefix_extractor: nullptr
2019/10/17-14:54:15.985830 7fc3a9fcb700   Options.memtable_insert_with_hint_prefix_extractor: nullptr
2019/10/17-14:54:15.985830 7fc3a9fcb700             Options.num_levels: 7
2019/10/17-14:54:15.985831 7fc3a9fcb700        Options.min_write_buffer_number_to_merge: 1
2019/10/17-14:54:15.985832 7fc3a9fcb700     Options.max_write_buffer_number_to_maintain: 0
2019/10/17-14:54:15.985833 7fc3a9fcb700            Options.bottommost_compression_opts.window_bits: -14
2019/10/17-14:54:15.985834 7fc3a9fcb700                  Options.bottommost_compression_opts.level: 32767
2019/10/17-14:54:15.985835 7fc3a9fcb700               Options.bottommost_compression_opts.strategy: 0
2019/10/17-14:54:15.985835 7fc3a9fcb700         Options.bottommost_compression_opts.max_dict_bytes: 0
2019/10/17-14:54:15.985836 7fc3a9fcb700         Options.bottommost_compression_opts.zstd_max_train_bytes: 0
2019/10/17-14:54:15.985837 7fc3a9fcb700                  Options.bottommost_compression_opts.enabled: false
2019/10/17-14:54:15.985838 7fc3a9fcb700            Options.compression_opts.window_bits: -14
2019/10/17-14:54:15.985839 7fc3a9fcb700                  Options.compression_opts.level: 32767
2019/10/17-14:54:15.985840 7fc3a9fcb700               Options.compression_opts.strategy: 0
2019/10/17-14:54:15.985840 7fc3a9fcb700         Options.compression_opts.max_dict_bytes: 0
2019/10/17-14:54:15.985841 7fc3a9fcb700         Options.compression_opts.zstd_max_train_bytes: 0
2019/10/17-14:54:15.985842 7fc3a9fcb700                  Options.compression_opts.enabled: false
2019/10/17-14:54:15.985843 7fc3a9fcb700      Options.level0_file_num_compaction_trigger: 4
2019/10/17-14:54:15.985844 7fc3a9fcb700          Options.level0_slowdown_writes_trigger: 20
2019/10/17-14:54:15.985844 7fc3a9fcb700              Options.level0_stop_writes_trigger: 36
2019/10/17-14:54:15.985845 7fc3a9fcb700                   Options.target_file_size_base: 67108864
2019/10/17-14:54:15.985846 7fc3a9fcb700             Options.target_file_size_multiplier: 1
2019/10/17-14:54:15.985847 7fc3a9fcb700                Options.max_bytes_for_level_base: 268435456
2019/10/17-14:54:15.985848 7fc3a9fcb700 Options.level_compaction_dynamic_level_bytes: 0
2019/10/17-14:54:15.985849 7fc3a9fcb700          Options.max_bytes_for_level_multiplier: 10.000000
2019/10/17-14:54:15.985851 7fc3a9fcb700 Options.max_bytes_for_level_multiplier_addtl[0]: 1
2019/10/17-14:54:15.985852 7fc3a9fcb700 Options.max_bytes_for_level_multiplier_addtl[1]: 1
2019/10/17-14:54:15.985853 7fc3a9fcb700 Options.max_bytes_for_level_multiplier_addtl[2]: 1
2019/10/17-14:54:15.985854 7fc3a9fcb700 Options.max_bytes_for_level_multiplier_addtl[3]: 1
2019/10/17-14:54:15.985854 7fc3a9fcb700 Options.max_bytes_for_level_multiplier_addtl[4]: 1
2019/10/17-14:54:15.985859 7fc3a9fcb700 Options.max_bytes_for_level_multiplier_addtl[5]: 1
2019/10/17-14:54:15.985860 7fc3a9fcb700 Options.max_bytes_for_level_multiplier_addtl[6]: 1
2019/10/17-14:54:15.985861 7fc3a9fcb700       Options.max_sequential_skip_in_iterations: 8
2019/10/17-14:54:15.985862 7fc3a9fcb700                    Options.max_compaction_bytes: 1677721600
2019/10/17-14:54:15.985863 7fc3a9fcb700                        Options.arena_block_size: 8388608
2019/10/17-14:54:15.985864 7fc3a9fcb700   Options.soft_pending_compaction_bytes_limit: 68719476736
2019/10/17-14:54:15.985865 7fc3a9fcb700   Options.hard_pending_compaction_bytes_limit: 274877906944
2019/10/17-14:54:15.985865 7fc3a9fcb700       Options.rate_limit_delay_max_milliseconds: 100
2019/10/17-14:54:15.985866 7fc3a9fcb700                Options.disable_auto_compactions: 0
2019/10/17-14:54:15.985868 7fc3a9fcb700                        Options.compaction_style: kCompactionStyleLevel
2019/10/17-14:54:15.985869 7fc3a9fcb700                          Options.compaction_pri: kByCompensatedSize
2019/10/17-14:54:15.985870 7fc3a9fcb700 Options.compaction_options_universal.size_ratio: 1
2019/10/17-14:54:15.985871 7fc3a9fcb700 Options.compaction_options_universal.min_merge_width: 2
2019/10/17-14:54:15.985871 7fc3a9fcb700 Options.compaction_options_universal.max_merge_width: 4294967295
2019/10/17-14:54:15.985872 7fc3a9fcb700 Options.compaction_options_universal.max_size_amplification_percent: 200
2019/10/17-14:54:15.985873 7fc3a9fcb700 Options.compaction_options_universal.compression_size_percent: -1
2019/10/17-14:54:15.985875 7fc3a9fcb700 Options.compaction_options_universal.stop_style: kCompactionStopStyleTotalSize
2019/10/17-14:54:15.985876 7fc3a9fcb700 Options.compaction_options_fifo.max_table_files_size: 1073741824
2019/10/17-14:54:15.985876 7fc3a9fcb700 Options.compaction_options_fifo.allow_compaction: 0
2019/10/17-14:54:15.985877 7fc3a9fcb700 Options.compaction_options_fifo.ttl: 0
2019/10/17-14:54:15.985878 7fc3a9fcb700                   Options.table_properties_collectors: 
2019/10/17-14:54:15.985879 7fc3a9fcb700                   Options.inplace_update_support: 0
2019/10/17-14:54:15.985880 7fc3a9fcb700                 Options.inplace_update_num_locks: 10000
2019/10/17-14:54:15.985881 7fc3a9fcb700               Options.memtable_prefix_bloom_size_ratio: 0.000000
2019/10/17-14:54:15.985882 7fc3a9fcb700   Options.memtable_huge_page_size: 0
2019/10/17-14:54:15.985883 7fc3a9fcb700                           Options.bloom_locality: 0
2019/10/17-14:54:15.985883 7fc3a9fcb700                    Options.max_successive_merges: 0
2019/10/17-14:54:15.985884 7fc3a9fcb700                Options.optimize_filters_for_hits: 0
2019/10/17-14:54:15.985885 7fc3a9fcb700                Options.paranoid_file_checks: 0
2019/10/17-14:54:15.985886 7fc3a9fcb700                Options.force_consistency_checks: 0
2019/10/17-14:54:15.985887 7fc3a9fcb700                Options.report_bg_io_stats: 0
2019/10/17-14:54:15.985887 7fc3a9fcb700                               Options.ttl: 0
2019/10/17-14:54:15.985920 7fc3a9fcb700 [db/column_family.cc:472] --------------- Options for column family [active_gateways]:
2019/10/17-14:54:15.985921 7fc3a9fcb700               Options.comparator: leveldb.BytewiseComparator
2019/10/17-14:54:15.985922 7fc3a9fcb700           Options.merge_operator: None
2019/10/17-14:54:15.985923 7fc3a9fcb700        Options.compaction_filter: None
2019/10/17-14:54:15.985924 7fc3a9fcb700        Options.compaction_filter_factory: None
2019/10/17-14:54:15.985925 7fc3a9fcb700         Options.memtable_factory: SkipListFactory
2019/10/17-14:54:15.985925 7fc3a9fcb700            Options.table_factory: BlockBasedTable
2019/10/17-14:54:15.985937 7fc3a9fcb700            table_factory options:   flush_block_policy_factory: FlushBlockBySizePolicyFactory (0x7fc3501041b0)
  cache_index_and_filter_blocks: 0
  cache_index_and_filter_blocks_with_high_priority: 0
  pin_l0_filter_and_index_blocks_in_cache: 0
  pin_top_level_index_and_filter: 1
  index_type: 0
  hash_index_allow_collision: 1
  checksum: 1
  no_block_cache: 0
  block_cache: 0x7fc35010a320
  block_cache_name: LRUCache
  block_cache_options:
    capacity : 8388608
    num_shard_bits : 4
    strict_capacity_limit : 0
    memory_allocator : None
    high_pri_pool_ratio: 0.000
  block_cache_compressed: (nil)
  persistent_cache: (nil)
  block_size: 4096
  block_size_deviation: 10
  block_restart_interval: 16
  index_block_restart_interval: 1
  metadata_block_size: 4096
  partition_filters: 0
  use_delta_encoding: 1
  filter_policy: nullptr
  whole_key_filtering: 1
  verify_compression: 0
  read_amp_bytes_per_bit: 0
  format_version: 2
  enable_index_compression: 1
  block_align: 0
2019/10/17-14:54:15.985944 7fc3a9fcb700        Options.write_buffer_size: 67108864
2019/10/17-14:54:15.985945 7fc3a9fcb700  Options.max_write_buffer_number: 2
2019/10/17-14:54:15.985946 7fc3a9fcb700          Options.compression: NoCompression
2019/10/17-14:54:15.985947 7fc3a9fcb700                  Options.bottommost_compression: Disabled
2019/10/17-14:54:15.985948 7fc3a9fcb700       Options.prefix_extractor: nullptr
2019/10/17-14:54:15.985949 7fc3a9fcb700   Options.memtable_insert_with_hint_prefix_extractor: nullptr
2019/10/17-14:54:15.985950 7fc3a9fcb700             Options.num_levels: 7
2019/10/17-14:54:15.985950 7fc3a9fcb700        Options.min_write_buffer_number_to_merge: 1
2019/10/17-14:54:15.985951 7fc3a9fcb700     Options.max_write_buffer_number_to_maintain: 0
2019/10/17-14:54:15.985952 7fc3a9fcb700            Options.bottommost_compression_opts.window_bits: -14
2019/10/17-14:54:15.985953 7fc3a9fcb700                  Options.bottommost_compression_opts.level: 32767
2019/10/17-14:54:15.985954 7fc3a9fcb700               Options.bottommost_compression_opts.strategy: 0
2019/10/17-14:54:15.985954 7fc3a9fcb700         Options.bottommost_compression_opts.max_dict_bytes: 0
2019/10/17-14:54:15.985955 7fc3a9fcb700         Options.bottommost_compression_opts.zstd_max_train_bytes: 0
2019/10/17-14:54:15.985956 7fc3a9fcb700                  Options.bottommost_compression_opts.enabled: false
2019/10/17-14:54:15.985957 7fc3a9fcb700            Options.compression_opts.window_bits: -14
2019/10/17-14:54:15.985958 7fc3a9fcb700                  Options.compression_opts.level: 32767
2019/10/17-14:54:15.985959 7fc3a9fcb700               Options.compression_opts.strategy: 0
2019/10/17-14:54:15.985959 7fc3a9fcb700         Options.compression_opts.max_dict_bytes: 0
2019/10/17-14:54:15.985960 7fc3a9fcb700         Options.compression_opts.zstd_max_train_bytes: 0
2019/10/17-14:54:15.985961 7fc3a9fcb700                  Options.compression_opts.enabled: false
2019/10/17-14:54:15.985962 7fc3a9fcb700      Options.level0_file_num_compaction_trigger: 4
2019/10/17-14:54:15.985963 7fc3a9fcb700          Options.level0_slowdown_writes_trigger: 20
2019/10/17-14:54:15.985963 7fc3a9fcb700              Options.level0_stop_writes_trigger: 36
2019/10/17-14:54:15.985964 7fc3a9fcb700                   Options.target_file_size_base: 67108864
2019/10/17-14:54:15.985965 7fc3a9fcb700             Options.target_file_size_multiplier: 1
2019/10/17-14:54:15.985966 7fc3a9fcb700                Options.max_bytes_for_level_base: 268435456
2019/10/17-14:54:15.985967 7fc3a9fcb700 Options.level_compaction_dynamic_level_bytes: 0
2019/10/17-14:54:15.985967 7fc3a9fcb700          Options.max_bytes_for_level_multiplier: 10.000000
2019/10/17-14:54:15.985969 7fc3a9fcb700 Options.max_bytes_for_level_multiplier_addtl[0]: 1
2019/10/17-14:54:15.985970 7fc3a9fcb700 Options.max_bytes_for_level_multiplier_addtl[1]: 1
2019/10/17-14:54:15.985971 7fc3a9fcb700 Options.max_bytes_for_level_multiplier_addtl[2]: 1
2019/10/17-14:54:15.985972 7fc3a9fcb700 Options.max_bytes_for_level_multiplier_addtl[3]: 1
2019/10/17-14:54:15.985972 7fc3a9fcb700 Options.max_bytes_for_level_multiplier_addtl[4]: 1
2019/10/17-14:54:15.985973 7fc3a9fcb700 Options.max_bytes_for_level_multiplier_addtl[5]: 1
2019/10/17-14:54:15.985974 7fc3a9fcb700 Options.max_bytes_for_level_multiplier_addtl[6]: 1
2019/10/17-14:54:15.985975 7fc3a9fcb700       Options.max_sequential_skip_in_iterations: 8
2019/10/17-14:54:15.985980 7fc3a9fcb700                    Options.max_compaction_bytes: 1677721600
2019/10/17-14:54:15.985981 7fc3a9fcb700                        Options.arena_block_size: 8388608
2019/10/17-14:54:15.985981 7fc3a9fcb700   Options.soft_pending_compaction_bytes_limit: 68719476736
2019/10/17-14:54:15.985982 7fc3a9fcb700   Options.hard_pending_compaction_bytes_limit: 274877906944
2019/10/17-14:54:15.985983 7fc3a9fcb700       Options.rate_limit_delay_max_milliseconds: 100
2019/10/17-14:54:15.985984 7fc3a9fcb700                Options.disable_auto_compactions: 0
2019/10/17-14:54:15.985985 7fc3a9fcb700                        Options.compaction_style: kCompactionStyleLevel
2019/10/17-14:54:15.985986 7fc3a9fcb700                          Options.compaction_pri: kByCompensatedSize
2019/10/17-14:54:15.985987 7fc3a9fcb700 Options.compaction_options_universal.size_ratio: 1
2019/10/17-14:54:15.985988 7fc3a9fcb700 Options.compaction_options_universal.min_merge_width: 2
2019/10/17-14:54:15.985988 7fc3a9fcb700 Options.compaction_options_universal.max_merge_width: 4294967295
2019/10/17-14:54:15.985989 7fc3a9fcb700 Options.compaction_options_universal.max_size_amplification_percent: 200
2019/10/17-14:54:15.985990 7fc3a9fcb700 Options.compaction_options_universal.compression_size_percent: -1
2019/10/17-14:54:15.985991 7fc3a9fcb700 Options.compaction_options_universal.stop_style: kCompactionStopStyleTotalSize
2019/10/17-14:54:15.985992 7fc3a9fcb700 Options.compaction_options_fifo.max_table_files_size: 1073741824
2019/10/17-14:54:15.985993 7fc3a9fcb700 Options.compaction_options_fifo.allow_compaction: 0
2019/10/17-14:54:15.985994 7fc3a9fcb700 Options.compaction_options_fifo.ttl: 0
2019/10/17-14:54:15.985995 7fc3a9fcb700                   Options.table_properties_collectors: 
2019/10/17-14:54:15.985995 7fc3a9fcb700                   Options.inplace_update_support: 0
2019/10/17-14:54:15.985996 7fc3a9fcb700                 Options.inplace_update_num_locks: 10000
2019/10/17-14:54:15.985997 7fc3a9fcb700               Options.memtable_prefix_bloom_size_ratio: 0.000000
2019/10/17-14:54:15.985998 7fc3a9fcb700   Options.memtable_huge_page_size: 0
2019/10/17-14:54:15.985999 7fc3a9fcb700                           Options.bloom_locality: 0
2019/10/17-14:54:15.986000 7fc3a9fcb700                    Options.max_successive_merges: 0
2019/10/17-14:54:15.986001 7fc3a9fcb700                Options.optimize_filters_for_hits: 0
2019/10/17-14:54:15.986001 7fc3a9fcb700                Options.paranoid_file_checks: 0
2019/10/17-14:54:15.986002 7fc3a9fcb700                Options.force_consistency_checks: 0
2019/10/17-14:54:15.986003 7fc3a9fcb700                Options.report_bg_io_stats: 0
2019/10/17-14:54:15.986004 7fc3a9fcb700                               Options.ttl: 0
2019/10/17-14:54:15.986021 7fc3a9fcb700 [db/column_family.cc:472] --------------- Options for column family [entries]:
2019/10/17-14:54:15.986023 7fc3a9fcb700               Options.comparator: leveldb.BytewiseComparator
2019/10/17-14:54:15.986024 7fc3a9fcb700           Options.merge_operator: None
2019/10/17-14:54:15.986024 7fc3a9fcb700        Options.compaction_filter: None
2019/10/17-14:54:15.986025 7fc3a9fcb700        Options.compaction_filter_factory: None
2019/10/17-14:54:15.986026 7fc3a9fcb700         Options.memtable_factory: SkipListFactory
2019/10/17-14:54:15.986027 7fc3a9fcb700            Options.table_factory: BlockBasedTable
2019/10/17-14:54:15.986038 7fc3a9fcb700            table_factory options:   flush_block_policy_factory: FlushBlockBySizePolicyFactory (0x7fc350037eb0)
  cache_index_and_filter_blocks: 0
  cache_index_and_filter_blocks_with_high_priority: 0
  pin_l0_filter_and_index_blocks_in_cache: 0
  pin_top_level_index_and_filter: 1
  index_type: 0
  hash_index_allow_collision: 1
  checksum: 1
  no_block_cache: 0
  block_cache: 0x7fc3500ddaf0
  block_cache_name: LRUCache
  block_cache_options:
    capacity : 8388608
    num_shard_bits : 4
    strict_capacity_limit : 0
    memory_allocator : None
    high_pri_pool_ratio: 0.000
  block_cache_compressed: (nil)
  persistent_cache: (nil)
  block_size: 4096
  block_size_deviation: 10
  block_restart_interval: 16
  index_block_restart_interval: 1
  metadata_block_size: 4096
  partition_filters: 0
  use_delta_encoding: 1
  filter_policy: nullptr
  whole_key_filtering: 1
  verify_compression: 0
  read_amp_bytes_per_bit: 0
  format_version: 2
  enable_index_compression: 1
  block_align: 0
2019/10/17-14:54:15.986044 7fc3a9fcb700        Options.write_buffer_size: 67108864
2019/10/17-14:54:15.986045 7fc3a9fcb700  Options.max_write_buffer_number: 2
2019/10/17-14:54:15.986046 7fc3a9fcb700          Options.compression: NoCompression
2019/10/17-14:54:15.986047 7fc3a9fcb700                  Options.bottommost_compression: Disabled
2019/10/17-14:54:15.986048 7fc3a9fcb700       Options.prefix_extractor: nullptr
2019/10/17-14:54:15.986049 7fc3a9fcb700   Options.memtable_insert_with_hint_prefix_extractor: nullptr
2019/10/17-14:54:15.986049 7fc3a9fcb700             Options.num_levels: 7
2019/10/17-14:54:15.986050 7fc3a9fcb700        Options.min_write_buffer_number_to_merge: 1
2019/10/17-14:54:15.986051 7fc3a9fcb700     Options.max_write_buffer_number_to_maintain: 0
2019/10/17-14:54:15.986052 7fc3a9fcb700            Options.bottommost_compression_opts.window_bits: -14
2019/10/17-14:54:15.986053 7fc3a9fcb700                  Options.bottommost_compression_opts.level: 32767
2019/10/17-14:54:15.986054 7fc3a9fcb700               Options.bottommost_compression_opts.strategy: 0
2019/10/17-14:54:15.986054 7fc3a9fcb700         Options.bottommost_compression_opts.max_dict_bytes: 0
2019/10/17-14:54:15.986055 7fc3a9fcb700         Options.bottommost_compression_opts.zstd_max_train_bytes: 0
2019/10/17-14:54:15.986056 7fc3a9fcb700                  Options.bottommost_compression_opts.enabled: false
2019/10/17-14:54:15.986057 7fc3a9fcb700            Options.compression_opts.window_bits: -14
2019/10/17-14:54:15.986058 7fc3a9fcb700                  Options.compression_opts.level: 32767
2019/10/17-14:54:15.986058 7fc3a9fcb700               Options.compression_opts.strategy: 0
2019/10/17-14:54:15.986059 7fc3a9fcb700         Options.compression_opts.max_dict_bytes: 0
2019/10/17-14:54:15.986060 7fc3a9fcb700         Options.compression_opts.zstd_max_train_bytes: 0
2019/10/17-14:54:15.986061 7fc3a9fcb700                  Options.compression_opts.enabled: false
2019/10/17-14:54:15.986062 7fc3a9fcb700      Options.level0_file_num_compaction_trigger: 4
2019/10/17-14:54:15.986062 7fc3a9fcb700          Options.level0_slowdown_writes_trigger: 20
2019/10/17-14:54:15.986063 7fc3a9fcb700              Options.level0_stop_writes_trigger: 36
2019/10/17-14:54:15.986064 7fc3a9fcb700                   Options.target_file_size_base: 67108864
2019/10/17-14:54:15.986065 7fc3a9fcb700             Options.target_file_size_multiplier: 1
2019/10/17-14:54:15.986066 7fc3a9fcb700                Options.max_bytes_for_level_base: 268435456
2019/10/17-14:54:15.986067 7fc3a9fcb700 Options.level_compaction_dynamic_level_bytes: 0
2019/10/17-14:54:15.986067 7fc3a9fcb700          Options.max_bytes_for_level_multiplier: 10.000000
2019/10/17-14:54:15.986069 7fc3a9fcb700 Options.max_bytes_for_level_multiplier_addtl[0]: 1
2019/10/17-14:54:15.986070 7fc3a9fcb700 Options.max_bytes_for_level_multiplier_addtl[1]: 1
2019/10/17-14:54:15.986071 7fc3a9fcb700 Options.max_bytes_for_level_multiplier_addtl[2]: 1
2019/10/17-14:54:15.986071 7fc3a9fcb700 Options.max_bytes_for_level_multiplier_addtl[3]: 1
2019/10/17-14:54:15.986072 7fc3a9fcb700 Options.max_bytes_for_level_multiplier_addtl[4]: 1
2019/10/17-14:54:15.986073 7fc3a9fcb700 Options.max_bytes_for_level_multiplier_addtl[5]: 1
2019/10/17-14:54:15.986074 7fc3a9fcb700 Options.max_bytes_for_level_multiplier_addtl[6]: 1
2019/10/17-14:54:15.986075 7fc3a9fcb700       Options.max_sequential_skip_in_iterations: 8
2019/10/17-14:54:15.986075 7fc3a9fcb700                    Options.max_compaction_bytes: 1677721600
2019/10/17-14:54:15.986076 7fc3a9fcb700                        Options.arena_block_size: 8388608
2019/10/17-14:54:15.986077 7fc3a9fcb700   Options.soft_pending_compaction_bytes_limit: 68719476736
2019/10/17-14:54:15.986082 7fc3a9fcb700   Options.hard_pending_compaction_bytes_limit: 274877906944
2019/10/17-14:54:15.986083 7fc3a9fcb700       Options.rate_limit_delay_max_milliseconds: 100
2019/10/17-14:54:15.986084 7fc3a9fcb700                Options.disable_auto_compactions: 0
2019/10/17-14:54:15.986085 7fc3a9fcb700                        Options.compaction_style: kCompactionStyleLevel
2019/10/17-14:54:15.986086 7fc3a9fcb700                          Options.compaction_pri: kByCompensatedSize
2019/10/17-14:54:15.986086 7fc3a9fcb700 Options.compaction_options_universal.size_ratio: 1
2019/10/17-14:54:15.986087 7fc3a9fcb700 Options.compaction_options_universal.min_merge_width: 2
2019/10/17-14:54:15.986088 7fc3a9fcb700 Options.compaction_options_universal.max_merge_width: 4294967295
2019/10/17-14:54:15.986089 7fc3a9fcb700 Options.compaction_options_universal.max_size_amplification_percent: 200
2019/10/17-14:54:15.986090 7fc3a9fcb700 Options.compaction_options_universal.compression_size_percent: -1
2019/10/17-14:54:15.986091 7fc3a9fcb700 Options.compaction_options_universal.stop_style: kCompactionStopStyleTotalSize
2019/10/17-14:54:15.986091 7fc3a9fcb700 Options.compaction_options_fifo.max_table_files_size: 1073741824
2019/10/17-14:54:15.986092 7fc3a9fcb700 Options.compaction_options_fifo.allow_compaction: 0
2019/10/17-14:54:15.986093 7fc3a9fcb700 Options.compaction_options_fifo.ttl: 0
2019/10/17-14:54:15.986094 7fc3a9fcb700                   Options.table_properties_collectors: 
2019/10/17-14:54:15.986095 7fc3a9fcb700                   Options.inplace_update_support: 0
2019/10/17-14:54:15.986096 7fc3a9fcb700                 Options.inplace_update_num_locks: 10000
2019/10/17-14:54:15.986096 7fc3a9fcb700               Options.memtable_prefix_bloom_size_ratio: 0.000000
2019/10/17-14:54:15.986097 7fc3a9fcb700   Options.memtable_huge_page_size: 0
2019/10/17-14:54:15.986098 7fc3a9fcb700                           Options.bloom_locality: 0
2019/10/17-14:54:15.986099 7fc3a9fcb700                    Options.max_successive_merges: 0
2019/10/17-14:54:15.986100 7fc3a9fcb700                Options.optimize_filters_for_hits: 0
2019/10/17-14:54:15.986101 7fc3a9fcb700                Options.paranoid_file_checks: 0
2019/10/17-14:54:15.986102 7fc3a9fcb700                Options.force_consistency_checks: 0
2019/10/17-14:54:15.986102 7fc3a9fcb700                Options.report_bg_io_stats: 0
2019/10/17-14:54:15.986103 7fc3a9fcb700                               Options.ttl: 0
2019/10/17-14:54:15.986119 7fc3a9fcb700 [db/column_family.cc:472] --------------- Options for column family [dc_entries]:
2019/10/17-14:54:15.986120 7fc3a9fcb700               Options.comparator: leveldb.BytewiseComparator
2019/10/17-14:54:15.986121 7fc3a9fcb700           Options.merge_operator: None
2019/10/17-14:54:15.986122 7fc3a9fcb700        Options.compaction_filter: None
2019/10/17-14:54:15.986123 7fc3a9fcb700        Options.compaction_filter_factory: None
2019/10/17-14:54:15.986124 7fc3a9fcb700         Options.memtable_factory: SkipListFactory
2019/10/17-14:54:15.986125 7fc3a9fcb700            Options.table_factory: BlockBasedTable
2019/10/17-14:54:15.986135 7fc3a9fcb700            table_factory options:   flush_block_policy_factory: FlushBlockBySizePolicyFactory (0x7fc35010aae0)
  cache_index_and_filter_blocks: 0
  cache_index_and_filter_blocks_with_high_priority: 0
  pin_l0_filter_and_index_blocks_in_cache: 0
  pin_top_level_index_and_filter: 1
  index_type: 0
  hash_index_allow_collision: 1
  checksum: 1
  no_block_cache: 0
  block_cache: 0x7fc3501020e0
  block_cache_name: LRUCache
  block_cache_options:
    capacity : 8388608
    num_shard_bits : 4
    strict_capacity_limit : 0
    memory_allocator : None
    high_pri_pool_ratio: 0.000
  block_cache_compressed: (nil)
  persistent_cache: (nil)
  block_size: 4096
  block_size_deviation: 10
  block_restart_interval: 16
  index_block_restart_interval: 1
  metadata_block_size: 4096
  partition_filters: 0
  use_delta_encoding: 1
  filter_policy: nullptr
  whole_key_filtering: 1
  verify_compression: 0
  read_amp_bytes_per_bit: 0
  format_version: 2
  enable_index_compression: 1
  block_align: 0
2019/10/17-14:54:15.986142 7fc3a9fcb700        Options.write_buffer_size: 67108864
2019/10/17-14:54:15.986143 7fc3a9fcb700  Options.max_write_buffer_number: 2
2019/10/17-14:54:15.986143 7fc3a9fcb700          Options.compression: NoCompression
2019/10/17-14:54:15.986144 7fc3a9fcb700                  Options.bottommost_compression: Disabled
2019/10/17-14:54:15.986145 7fc3a9fcb700       Options.prefix_extractor: nullptr
2019/10/17-14:54:15.986146 7fc3a9fcb700   Options.memtable_insert_with_hint_prefix_extractor: nullptr
2019/10/17-14:54:15.986147 7fc3a9fcb700             Options.num_levels: 7
2019/10/17-14:54:15.986148 7fc3a9fcb700        Options.min_write_buffer_number_to_merge: 1
2019/10/17-14:54:15.986148 7fc3a9fcb700     Options.max_write_buffer_number_to_maintain: 0
2019/10/17-14:54:15.986149 7fc3a9fcb700            Options.bottommost_compression_opts.window_bits: -14
2019/10/17-14:54:15.986150 7fc3a9fcb700                  Options.bottommost_compression_opts.level: 32767
2019/10/17-14:54:15.986151 7fc3a9fcb700               Options.bottommost_compression_opts.strategy: 0
2019/10/17-14:54:15.986152 7fc3a9fcb700         Options.bottommost_compression_opts.max_dict_bytes: 0
2019/10/17-14:54:15.986152 7fc3a9fcb700         Options.bottommost_compression_opts.zstd_max_train_bytes: 0
2019/10/17-14:54:15.986153 7fc3a9fcb700                  Options.bottommost_compression_opts.enabled: false
2019/10/17-14:54:15.986154 7fc3a9fcb700            Options.compression_opts.window_bits: -14
2019/10/17-14:54:15.986155 7fc3a9fcb700                  Options.compression_opts.level: 32767
2019/10/17-14:54:15.986156 7fc3a9fcb700               Options.compression_opts.strategy: 0
2019/10/17-14:54:15.986156 7fc3a9fcb700         Options.compression_opts.max_dict_bytes: 0
2019/10/17-14:54:15.986157 7fc3a9fcb700         Options.compression_opts.zstd_max_train_bytes: 0
2019/10/17-14:54:15.986158 7fc3a9fcb700                  Options.compression_opts.enabled: false
2019/10/17-14:54:15.986159 7fc3a9fcb700      Options.level0_file_num_compaction_trigger: 4
2019/10/17-14:54:15.986160 7fc3a9fcb700          Options.level0_slowdown_writes_trigger: 20
2019/10/17-14:54:15.986160 7fc3a9fcb700              Options.level0_stop_writes_trigger: 36
2019/10/17-14:54:15.986161 7fc3a9fcb700                   Options.target_file_size_base: 67108864
2019/10/17-14:54:15.986162 7fc3a9fcb700             Options.target_file_size_multiplier: 1
2019/10/17-14:54:15.986163 7fc3a9fcb700                Options.max_bytes_for_level_base: 268435456
2019/10/17-14:54:15.986164 7fc3a9fcb700 Options.level_compaction_dynamic_level_bytes: 0
2019/10/17-14:54:15.986164 7fc3a9fcb700          Options.max_bytes_for_level_multiplier: 10.000000
2019/10/17-14:54:15.986166 7fc3a9fcb700 Options.max_bytes_for_level_multiplier_addtl[0]: 1
2019/10/17-14:54:15.986167 7fc3a9fcb700 Options.max_bytes_for_level_multiplier_addtl[1]: 1
2019/10/17-14:54:15.986168 7fc3a9fcb700 Options.max_bytes_for_level_multiplier_addtl[2]: 1
2019/10/17-14:54:15.986168 7fc3a9fcb700 Options.max_bytes_for_level_multiplier_addtl[3]: 1
2019/10/17-14:54:15.986169 7fc3a9fcb700 Options.max_bytes_for_level_multiplier_addtl[4]: 1
2019/10/17-14:54:15.986170 7fc3a9fcb700 Options.max_bytes_for_level_multiplier_addtl[5]: 1
2019/10/17-14:54:15.986171 7fc3a9fcb700 Options.max_bytes_for_level_multiplier_addtl[6]: 1
2019/10/17-14:54:15.986172 7fc3a9fcb700       Options.max_sequential_skip_in_iterations: 8
2019/10/17-14:54:15.986172 7fc3a9fcb700                    Options.max_compaction_bytes: 1677721600
2019/10/17-14:54:15.986173 7fc3a9fcb700                        Options.arena_block_size: 8388608
2019/10/17-14:54:15.986174 7fc3a9fcb700   Options.soft_pending_compaction_bytes_limit: 68719476736
2019/10/17-14:54:15.986175 7fc3a9fcb700   Options.hard_pending_compaction_bytes_limit: 274877906944
2019/10/17-14:54:15.986176 7fc3a9fcb700       Options.rate_limit_delay_max_milliseconds: 100
2019/10/17-14:54:15.986177 7fc3a9fcb700                Options.disable_auto_compactions: 0
2019/10/17-14:54:15.986181 7fc3a9fcb700                        Options.compaction_style: kCompactionStyleLevel
2019/10/17-14:54:15.986182 7fc3a9fcb700                          Options.compaction_pri: kByCompensatedSize
2019/10/17-14:54:15.986183 7fc3a9fcb700 Options.compaction_options_universal.size_ratio: 1
2019/10/17-14:54:15.986184 7fc3a9fcb700 Options.compaction_options_universal.min_merge_width: 2
2019/10/17-14:54:15.986185 7fc3a9fcb700 Options.compaction_options_universal.max_merge_width: 4294967295
2019/10/17-14:54:15.986186 7fc3a9fcb700 Options.compaction_options_universal.max_size_amplification_percent: 200
2019/10/17-14:54:15.986187 7fc3a9fcb700 Options.compaction_options_universal.compression_size_percent: -1
2019/10/17-14:54:15.986188 7fc3a9fcb700 Options.compaction_options_universal.stop_style: kCompactionStopStyleTotalSize
2019/10/17-14:54:15.986188 7fc3a9fcb700 Options.compaction_options_fifo.max_table_files_size: 1073741824
2019/10/17-14:54:15.986189 7fc3a9fcb700 Options.compaction_options_fifo.allow_compaction: 0
2019/10/17-14:54:15.986190 7fc3a9fcb700 Options.compaction_options_fifo.ttl: 0
2019/10/17-14:54:15.986191 7fc3a9fcb700                   Options.table_properties_collectors: 
2019/10/17-14:54:15.986192 7fc3a9fcb700                   Options.inplace_update_support: 0
2019/10/17-14:54:15.986192 7fc3a9fcb700                 Options.inplace_update_num_locks: 10000
2019/10/17-14:54:15.986193 7fc3a9fcb700               Options.memtable_prefix_bloom_size_ratio: 0.000000
2019/10/17-14:54:15.986194 7fc3a9fcb700   Options.memtable_huge_page_size: 0
2019/10/17-14:54:15.986195 7fc3a9fcb700                           Options.bloom_locality: 0
2019/10/17-14:54:15.986196 7fc3a9fcb700                    Options.max_successive_merges: 0
2019/10/17-14:54:15.986197 7fc3a9fcb700                Options.optimize_filters_for_hits: 0
2019/10/17-14:54:15.986198 7fc3a9fcb700                Options.paranoid_file_checks: 0
2019/10/17-14:54:15.986198 7fc3a9fcb700                Options.force_consistency_checks: 0
2019/10/17-14:54:15.986199 7fc3a9fcb700                Options.report_bg_io_stats: 0
2019/10/17-14:54:15.986200 7fc3a9fcb700                               Options.ttl: 0
2019/10/17-14:54:15.986213 7fc3a9fcb700 [db/column_family.cc:472] --------------- Options for column family [htlcs]:
2019/10/17-14:54:15.986215 7fc3a9fcb700               Options.comparator: leveldb.BytewiseComparator
2019/10/17-14:54:15.986216 7fc3a9fcb700           Options.merge_operator: None
2019/10/17-14:54:15.986216 7fc3a9fcb700        Options.compaction_filter: None
2019/10/17-14:54:15.986217 7fc3a9fcb700        Options.compaction_filter_factory: None
2019/10/17-14:54:15.986218 7fc3a9fcb700         Options.memtable_factory: SkipListFactory
2019/10/17-14:54:15.986219 7fc3a9fcb700            Options.table_factory: BlockBasedTable
2019/10/17-14:54:15.986229 7fc3a9fcb700            table_factory options:   flush_block_policy_factory: FlushBlockBySizePolicyFactory (0x7fc350089900)
