2019/10/17-14:54:06.322391 7fc3a9fcb700 RocksDB version: 5.18.3
2019/10/17-14:54:06.322537 7fc3a9fcb700 Git sha rocksdb_build_git_sha:@0@
2019/10/17-14:54:06.322540 7fc3a9fcb700 Compile date Sep 19 2019
2019/10/17-14:54:06.322542 7fc3a9fcb700 DB SUMMARY
2019/10/17-14:54:06.323719 7fc3a9fcb700 CURRENT file:  CURRENT
2019/10/17-14:54:06.323722 7fc3a9fcb700 IDENTITY file:  IDENTITY
2019/10/17-14:54:06.323770 7fc3a9fcb700 MANIFEST file:  MANIFEST-114682 size: 4114 Bytes
2019/10/17-14:54:06.323773 7fc3a9fcb700 SST files in /home/rahul/dev/blockchain-core/eqc/ledger.db dir, Total Num: 29, files: 000624.sst 000627.sst 106940.sst 108447.sst 108450.sst 109471.sst 109483.sst 109485.sst 109486.sst 
2019/10/17-14:54:06.323775 7fc3a9fcb700 Write Ahead Log file in /home/rahul/dev/blockchain-core/eqc/ledger.db: 114683.log size: 0 ; 
2019/10/17-14:54:06.323831 7fc3a9fcb700                         Options.error_if_exists: 0
2019/10/17-14:54:06.323833 7fc3a9fcb700                       Options.create_if_missing: 1
2019/10/17-14:54:06.323835 7fc3a9fcb700                         Options.paranoid_checks: 1
2019/10/17-14:54:06.323836 7fc3a9fcb700                                     Options.env: 0x7fc32ae1fc60
2019/10/17-14:54:06.323837 7fc3a9fcb700                                Options.info_log: 0x7fc350024f40
2019/10/17-14:54:06.323839 7fc3a9fcb700                Options.max_file_opening_threads: 16
2019/10/17-14:54:06.323840 7fc3a9fcb700                              Options.statistics: (nil)
2019/10/17-14:54:06.323842 7fc3a9fcb700                               Options.use_fsync: 0
2019/10/17-14:54:06.323843 7fc3a9fcb700                       Options.max_log_file_size: 0
2019/10/17-14:54:06.323844 7fc3a9fcb700                  Options.max_manifest_file_size: 1073741824
2019/10/17-14:54:06.323846 7fc3a9fcb700                   Options.log_file_time_to_roll: 0
2019/10/17-14:54:06.323847 7fc3a9fcb700                       Options.keep_log_file_num: 1000
2019/10/17-14:54:06.323848 7fc3a9fcb700                    Options.recycle_log_file_num: 0
2019/10/17-14:54:06.323850 7fc3a9fcb700                         Options.allow_fallocate: 1
2019/10/17-14:54:06.323851 7fc3a9fcb700                        Options.allow_mmap_reads: 0
2019/10/17-14:54:06.323852 7fc3a9fcb700                       Options.allow_mmap_writes: 0
2019/10/17-14:54:06.323853 7fc3a9fcb700                        Options.use_direct_reads: 0
2019/10/17-14:54:06.323855 7fc3a9fcb700                        Options.use_direct_io_for_flush_and_compaction: 0
2019/10/17-14:54:06.323856 7fc3a9fcb700          Options.create_missing_column_families: 0
2019/10/17-14:54:06.323857 7fc3a9fcb700                              Options.db_log_dir: 
2019/10/17-14:54:06.323858 7fc3a9fcb700                                 Options.wal_dir: /home/rahul/dev/blockchain-core/eqc/ledger.db
2019/10/17-14:54:06.323877 7fc3a9fcb700                Options.table_cache_numshardbits: 6
2019/10/17-14:54:06.323879 7fc3a9fcb700                      Options.max_subcompactions: 1
2019/10/17-14:54:06.323880 7fc3a9fcb700                  Options.max_background_flushes: -1
2019/10/17-14:54:06.323882 7fc3a9fcb700                         Options.WAL_ttl_seconds: 0
2019/10/17-14:54:06.323883 7fc3a9fcb700                       Options.WAL_size_limit_MB: 0
2019/10/17-14:54:06.323884 7fc3a9fcb700             Options.manifest_preallocation_size: 4194304
2019/10/17-14:54:06.323886 7fc3a9fcb700                     Options.is_fd_close_on_exec: 1
2019/10/17-14:54:06.323887 7fc3a9fcb700                   Options.advise_random_on_open: 1
2019/10/17-14:54:06.323888 7fc3a9fcb700                    Options.db_write_buffer_size: 0
2019/10/17-14:54:06.323889 7fc3a9fcb700                    Options.write_buffer_manager: 0x7fc350039720
2019/10/17-14:54:06.323891 7fc3a9fcb700         Options.access_hint_on_compaction_start: 1
2019/10/17-14:54:06.323892 7fc3a9fcb700  Options.new_table_reader_for_compaction_inputs: 0
2019/10/17-14:54:06.323893 7fc3a9fcb700           Options.random_access_max_buffer_size: 1048576
2019/10/17-14:54:06.323894 7fc3a9fcb700                      Options.use_adaptive_mutex: 0
2019/10/17-14:54:06.323896 7fc3a9fcb700                            Options.rate_limiter: (nil)
2019/10/17-14:54:06.323911 7fc3a9fcb700     Options.sst_file_manager.rate_bytes_per_sec: 0
2019/10/17-14:54:06.323912 7fc3a9fcb700                       Options.wal_recovery_mode: 2
2019/10/17-14:54:06.323914 7fc3a9fcb700                  Options.enable_thread_tracking: 0
2019/10/17-14:54:06.323915 7fc3a9fcb700                  Options.enable_pipelined_write: 0
2019/10/17-14:54:06.323916 7fc3a9fcb700         Options.allow_concurrent_memtable_write: 1
2019/10/17-14:54:06.323917 7fc3a9fcb700      Options.enable_write_thread_adaptive_yield: 1
2019/10/17-14:54:06.323918 7fc3a9fcb700             Options.write_thread_max_yield_usec: 100
2019/10/17-14:54:06.323920 7fc3a9fcb700            Options.write_thread_slow_yield_usec: 3
2019/10/17-14:54:06.323921 7fc3a9fcb700                               Options.row_cache: None
2019/10/17-14:54:06.323922 7fc3a9fcb700                              Options.wal_filter: None
2019/10/17-14:54:06.323924 7fc3a9fcb700             Options.avoid_flush_during_recovery: 0
2019/10/17-14:54:06.323925 7fc3a9fcb700             Options.allow_ingest_behind: 0
2019/10/17-14:54:06.323926 7fc3a9fcb700             Options.preserve_deletes: 0
2019/10/17-14:54:06.323928 7fc3a9fcb700             Options.two_write_queues: 0
2019/10/17-14:54:06.323929 7fc3a9fcb700             Options.manual_wal_flush: 0
2019/10/17-14:54:06.323930 7fc3a9fcb700             Options.max_background_jobs: 2
2019/10/17-14:54:06.323931 7fc3a9fcb700             Options.max_background_compactions: -1
2019/10/17-14:54:06.323933 7fc3a9fcb700             Options.avoid_flush_during_shutdown: 0
2019/10/17-14:54:06.323934 7fc3a9fcb700           Options.writable_file_max_buffer_size: 1048576
2019/10/17-14:54:06.323935 7fc3a9fcb700             Options.delayed_write_rate : 16777216
2019/10/17-14:54:06.323936 7fc3a9fcb700             Options.max_total_wal_size: 0
2019/10/17-14:54:06.323938 7fc3a9fcb700             Options.delete_obsolete_files_period_micros: 21600000000
2019/10/17-14:54:06.323939 7fc3a9fcb700                   Options.stats_dump_period_sec: 600
2019/10/17-14:54:06.323940 7fc3a9fcb700                          Options.max_open_files: -1
2019/10/17-14:54:06.323942 7fc3a9fcb700                          Options.bytes_per_sync: 0
2019/10/17-14:54:06.323943 7fc3a9fcb700                      Options.wal_bytes_per_sync: 0
2019/10/17-14:54:06.323944 7fc3a9fcb700       Options.compaction_readahead_size: 0
2019/10/17-14:54:06.323945 7fc3a9fcb700 Compression algorithms supported:
2019/10/17-14:54:06.323947 7fc3a9fcb700 	kZSTDNotFinalCompression supported: 0
2019/10/17-14:54:06.323949 7fc3a9fcb700 	kZSTD supported: 0
2019/10/17-14:54:06.323950 7fc3a9fcb700 	kXpressCompression supported: 0
2019/10/17-14:54:06.323951 7fc3a9fcb700 	kLZ4HCCompression supported: 0
2019/10/17-14:54:06.323953 7fc3a9fcb700 	kLZ4Compression supported: 0
2019/10/17-14:54:06.323954 7fc3a9fcb700 	kBZip2Compression supported: 0
2019/10/17-14:54:06.323955 7fc3a9fcb700 	kZlibCompression supported: 0
2019/10/17-14:54:06.323957 7fc3a9fcb700 	kSnappyCompression supported: 0
2019/10/17-14:54:06.323960 7fc3a9fcb700 Fast CRC32 supported: Supported on x86
2019/10/17-14:54:06.324113 7fc3a9fcb700 [db/version_set.cc:3507] Recovering from manifest file: MANIFEST-114682
2019/10/17-14:54:06.324165 7fc3a9fcb700 [db/column_family.cc:472] --------------- Options for column family [default]:
2019/10/17-14:54:06.324168 7fc3a9fcb700               Options.comparator: leveldb.BytewiseComparator
2019/10/17-14:54:06.324170 7fc3a9fcb700           Options.merge_operator: None
2019/10/17-14:54:06.324171 7fc3a9fcb700        Options.compaction_filter: None
2019/10/17-14:54:06.324172 7fc3a9fcb700        Options.compaction_filter_factory: None
2019/10/17-14:54:06.324174 7fc3a9fcb700         Options.memtable_factory: SkipListFactory
2019/10/17-14:54:06.324175 7fc3a9fcb700            Options.table_factory: BlockBasedTable
2019/10/17-14:54:06.324198 7fc3a9fcb700            table_factory options:   flush_block_policy_factory: FlushBlockBySizePolicyFactory (0x7fc3500f9e50)
  cache_index_and_filter_blocks: 0
  cache_index_and_filter_blocks_with_high_priority: 0
  pin_l0_filter_and_index_blocks_in_cache: 0
  pin_top_level_index_and_filter: 1
  index_type: 0
  hash_index_allow_collision: 1
  checksum: 1
  no_block_cache: 0
  block_cache: 0x7fc3500be8f0
  block_cache_name: LRUCache
  block_cache_options:
    capacity : 8388608
    num_shard_bits : 4
    strict_capacity_limit : 0
    memory_allocator : None
    high_pri_pool_ratio: 0.000
  block_cache_compressed: (nil)
  persistent_cache: (nil)
  block_size: 4096
  block_size_deviation: 10
  block_restart_interval: 16
  index_block_restart_interval: 1
  metadata_block_size: 4096
  partition_filters: 0
  use_delta_encoding: 1
  filter_policy: nullptr
  whole_key_filtering: 1
  verify_compression: 0
  read_amp_bytes_per_bit: 0
  format_version: 2
  enable_index_compression: 1
  block_align: 0
2019/10/17-14:54:06.324213 7fc3a9fcb700        Options.write_buffer_size: 67108864
2019/10/17-14:54:06.324215 7fc3a9fcb700  Options.max_write_buffer_number: 2
2019/10/17-14:54:06.324217 7fc3a9fcb700          Options.compression: NoCompression
2019/10/17-14:54:06.324218 7fc3a9fcb700                  Options.bottommost_compression: Disabled
2019/10/17-14:54:06.324220 7fc3a9fcb700       Options.prefix_extractor: nullptr
2019/10/17-14:54:06.324221 7fc3a9fcb700   Options.memtable_insert_with_hint_prefix_extractor: nullptr
2019/10/17-14:54:06.324222 7fc3a9fcb700             Options.num_levels: 7
2019/10/17-14:54:06.324223 7fc3a9fcb700        Options.min_write_buffer_number_to_merge: 1
2019/10/17-14:54:06.324225 7fc3a9fcb700     Options.max_write_buffer_number_to_maintain: 0
2019/10/17-14:54:06.324226 7fc3a9fcb700            Options.bottommost_compression_opts.window_bits: -14
2019/10/17-14:54:06.324227 7fc3a9fcb700                  Options.bottommost_compression_opts.level: 32767
2019/10/17-14:54:06.324229 7fc3a9fcb700               Options.bottommost_compression_opts.strategy: 0
2019/10/17-14:54:06.324230 7fc3a9fcb700         Options.bottommost_compression_opts.max_dict_bytes: 0
2019/10/17-14:54:06.324231 7fc3a9fcb700         Options.bottommost_compression_opts.zstd_max_train_bytes: 0
2019/10/17-14:54:06.324232 7fc3a9fcb700                  Options.bottommost_compression_opts.enabled: false
2019/10/17-14:54:06.324234 7fc3a9fcb700            Options.compression_opts.window_bits: -14
2019/10/17-14:54:06.324235 7fc3a9fcb700                  Options.compression_opts.level: 32767
2019/10/17-14:54:06.324236 7fc3a9fcb700               Options.compression_opts.strategy: 0
2019/10/17-14:54:06.324237 7fc3a9fcb700         Options.compression_opts.max_dict_bytes: 0
2019/10/17-14:54:06.324238 7fc3a9fcb700         Options.compression_opts.zstd_max_train_bytes: 0
2019/10/17-14:54:06.324240 7fc3a9fcb700                  Options.compression_opts.enabled: false
2019/10/17-14:54:06.324241 7fc3a9fcb700      Options.level0_file_num_compaction_trigger: 4
2019/10/17-14:54:06.324242 7fc3a9fcb700          Options.level0_slowdown_writes_trigger: 20
2019/10/17-14:54:06.324243 7fc3a9fcb700              Options.level0_stop_writes_trigger: 36
2019/10/17-14:54:06.324245 7fc3a9fcb700                   Options.target_file_size_base: 67108864
2019/10/17-14:54:06.324246 7fc3a9fcb700             Options.target_file_size_multiplier: 1
2019/10/17-14:54:06.324247 7fc3a9fcb700                Options.max_bytes_for_level_base: 268435456
2019/10/17-14:54:06.324249 7fc3a9fcb700 Options.level_compaction_dynamic_level_bytes: 0
2019/10/17-14:54:06.324250 7fc3a9fcb700          Options.max_bytes_for_level_multiplier: 10.000000
2019/10/17-14:54:06.324253 7fc3a9fcb700 Options.max_bytes_for_level_multiplier_addtl[0]: 1
2019/10/17-14:54:06.324254 7fc3a9fcb700 Options.max_bytes_for_level_multiplier_addtl[1]: 1
2019/10/17-14:54:06.324256 7fc3a9fcb700 Options.max_bytes_for_level_multiplier_addtl[2]: 1
2019/10/17-14:54:06.324257 7fc3a9fcb700 Options.max_bytes_for_level_multiplier_addtl[3]: 1
2019/10/17-14:54:06.324258 7fc3a9fcb700 Options.max_bytes_for_level_multiplier_addtl[4]: 1
2019/10/17-14:54:06.324265 7fc3a9fcb700 Options.max_bytes_for_level_multiplier_addtl[5]: 1
2019/10/17-14:54:06.324267 7fc3a9fcb700 Options.max_bytes_for_level_multiplier_addtl[6]: 1
2019/10/17-14:54:06.324268 7fc3a9fcb700       Options.max_sequential_skip_in_iterations: 8
2019/10/17-14:54:06.324269 7fc3a9fcb700                    Options.max_compaction_bytes: 1677721600
2019/10/17-14:54:06.324271 7fc3a9fcb700                        Options.arena_block_size: 8388608
2019/10/17-14:54:06.324272 7fc3a9fcb700   Options.soft_pending_compaction_bytes_limit: 68719476736
2019/10/17-14:54:06.324273 7fc3a9fcb700   Options.hard_pending_compaction_bytes_limit: 274877906944
2019/10/17-14:54:06.324275 7fc3a9fcb700       Options.rate_limit_delay_max_milliseconds: 100
2019/10/17-14:54:06.324276 7fc3a9fcb700                Options.disable_auto_compactions: 0
2019/10/17-14:54:06.324278 7fc3a9fcb700                        Options.compaction_style: kCompactionStyleLevel
2019/10/17-14:54:06.324280 7fc3a9fcb700                          Options.compaction_pri: kByCompensatedSize
2019/10/17-14:54:06.324281 7fc3a9fcb700 Options.compaction_options_universal.size_ratio: 1
2019/10/17-14:54:06.324283 7fc3a9fcb700 Options.compaction_options_universal.min_merge_width: 2
2019/10/17-14:54:06.324284 7fc3a9fcb700 Options.compaction_options_universal.max_merge_width: 4294967295
2019/10/17-14:54:06.324285 7fc3a9fcb700 Options.compaction_options_universal.max_size_amplification_percent: 200
2019/10/17-14:54:06.324286 7fc3a9fcb700 Options.compaction_options_universal.compression_size_percent: -1
2019/10/17-14:54:06.324288 7fc3a9fcb700 Options.compaction_options_universal.stop_style: kCompactionStopStyleTotalSize
2019/10/17-14:54:06.324289 7fc3a9fcb700 Options.compaction_options_fifo.max_table_files_size: 1073741824
2019/10/17-14:54:06.324290 7fc3a9fcb700 Options.compaction_options_fifo.allow_compaction: 0
2019/10/17-14:54:06.324292 7fc3a9fcb700 Options.compaction_options_fifo.ttl: 0
2019/10/17-14:54:06.324293 7fc3a9fcb700                   Options.table_properties_collectors: 
2019/10/17-14:54:06.324294 7fc3a9fcb700                   Options.inplace_update_support: 0
2019/10/17-14:54:06.324295 7fc3a9fcb700                 Options.inplace_update_num_locks: 10000
2019/10/17-14:54:06.324297 7fc3a9fcb700               Options.memtable_prefix_bloom_size_ratio: 0.000000
2019/10/17-14:54:06.324299 7fc3a9fcb700   Options.memtable_huge_page_size: 0
2019/10/17-14:54:06.324300 7fc3a9fcb700                           Options.bloom_locality: 0
2019/10/17-14:54:06.324301 7fc3a9fcb700                    Options.max_successive_merges: 0
2019/10/17-14:54:06.324303 7fc3a9fcb700                Options.optimize_filters_for_hits: 0
2019/10/17-14:54:06.324304 7fc3a9fcb700                Options.paranoid_file_checks: 0
2019/10/17-14:54:06.324305 7fc3a9fcb700                Options.force_consistency_checks: 0
2019/10/17-14:54:06.324306 7fc3a9fcb700                Options.report_bg_io_stats: 0
2019/10/17-14:54:06.324307 7fc3a9fcb700                               Options.ttl: 0
2019/10/17-14:54:06.324352 7fc3a9fcb700 [db/column_family.cc:472] --------------- Options for column family [active_gateways]:
2019/10/17-14:54:06.324354 7fc3a9fcb700               Options.comparator: leveldb.BytewiseComparator
2019/10/17-14:54:06.324356 7fc3a9fcb700           Options.merge_operator: None
2019/10/17-14:54:06.324357 7fc3a9fcb700        Options.compaction_filter: None
2019/10/17-14:54:06.324358 7fc3a9fcb700        Options.compaction_filter_factory: None
2019/10/17-14:54:06.324360 7fc3a9fcb700         Options.memtable_factory: SkipListFactory
2019/10/17-14:54:06.324361 7fc3a9fcb700            Options.table_factory: BlockBasedTable
2019/10/17-14:54:06.324379 7fc3a9fcb700            table_factory options:   flush_block_policy_factory: FlushBlockBySizePolicyFactory (0x7fc350037a70)
  cache_index_and_filter_blocks: 0
  cache_index_and_filter_blocks_with_high_priority: 0
  pin_l0_filter_and_index_blocks_in_cache: 0
  pin_top_level_index_and_filter: 1
  index_type: 0
  hash_index_allow_collision: 1
  checksum: 1
  no_block_cache: 0
  block_cache: 0x7fc350029b00
  block_cache_name: LRUCache
  block_cache_options:
    capacity : 8388608
    num_shard_bits : 4
    strict_capacity_limit : 0
    memory_allocator : None
    high_pri_pool_ratio: 0.000
  block_cache_compressed: (nil)
  persistent_cache: (nil)
  block_size: 4096
  block_size_deviation: 10
  block_restart_interval: 16
  index_block_restart_interval: 1
  metadata_block_size: 4096
  partition_filters: 0
  use_delta_encoding: 1
  filter_policy: nullptr
  whole_key_filtering: 1
  verify_compression: 0
  read_amp_bytes_per_bit: 0
  format_version: 2
  enable_index_compression: 1
  block_align: 0
2019/10/17-14:54:06.324390 7fc3a9fcb700        Options.write_buffer_size: 67108864
2019/10/17-14:54:06.324391 7fc3a9fcb700  Options.max_write_buffer_number: 2
2019/10/17-14:54:06.324393 7fc3a9fcb700          Options.compression: NoCompression
2019/10/17-14:54:06.324394 7fc3a9fcb700                  Options.bottommost_compression: Disabled
2019/10/17-14:54:06.324395 7fc3a9fcb700       Options.prefix_extractor: nullptr
2019/10/17-14:54:06.324396 7fc3a9fcb700   Options.memtable_insert_with_hint_prefix_extractor: nullptr
2019/10/17-14:54:06.324398 7fc3a9fcb700             Options.num_levels: 7
2019/10/17-14:54:06.324399 7fc3a9fcb700        Options.min_write_buffer_number_to_merge: 1
2019/10/17-14:54:06.324400 7fc3a9fcb700     Options.max_write_buffer_number_to_maintain: 0
2019/10/17-14:54:06.324401 7fc3a9fcb700            Options.bottommost_compression_opts.window_bits: -14
2019/10/17-14:54:06.324403 7fc3a9fcb700                  Options.bottommost_compression_opts.level: 32767
2019/10/17-14:54:06.324404 7fc3a9fcb700               Options.bottommost_compression_opts.strategy: 0
2019/10/17-14:54:06.324405 7fc3a9fcb700         Options.bottommost_compression_opts.max_dict_bytes: 0
2019/10/17-14:54:06.324406 7fc3a9fcb700         Options.bottommost_compression_opts.zstd_max_train_bytes: 0
2019/10/17-14:54:06.324407 7fc3a9fcb700                  Options.bottommost_compression_opts.enabled: false
2019/10/17-14:54:06.324409 7fc3a9fcb700            Options.compression_opts.window_bits: -14
2019/10/17-14:54:06.324410 7fc3a9fcb700                  Options.compression_opts.level: 32767
2019/10/17-14:54:06.324411 7fc3a9fcb700               Options.compression_opts.strategy: 0
2019/10/17-14:54:06.324412 7fc3a9fcb700         Options.compression_opts.max_dict_bytes: 0
2019/10/17-14:54:06.324414 7fc3a9fcb700         Options.compression_opts.zstd_max_train_bytes: 0
2019/10/17-14:54:06.324415 7fc3a9fcb700                  Options.compression_opts.enabled: false
2019/10/17-14:54:06.324416 7fc3a9fcb700      Options.level0_file_num_compaction_trigger: 4
2019/10/17-14:54:06.324417 7fc3a9fcb700          Options.level0_slowdown_writes_trigger: 20
2019/10/17-14:54:06.324419 7fc3a9fcb700              Options.level0_stop_writes_trigger: 36
2019/10/17-14:54:06.324420 7fc3a9fcb700                   Options.target_file_size_base: 67108864
2019/10/17-14:54:06.324421 7fc3a9fcb700             Options.target_file_size_multiplier: 1
2019/10/17-14:54:06.324422 7fc3a9fcb700                Options.max_bytes_for_level_base: 268435456
2019/10/17-14:54:06.324424 7fc3a9fcb700 Options.level_compaction_dynamic_level_bytes: 0
2019/10/17-14:54:06.324425 7fc3a9fcb700          Options.max_bytes_for_level_multiplier: 10.000000
2019/10/17-14:54:06.324427 7fc3a9fcb700 Options.max_bytes_for_level_multiplier_addtl[0]: 1
2019/10/17-14:54:06.324429 7fc3a9fcb700 Options.max_bytes_for_level_multiplier_addtl[1]: 1
2019/10/17-14:54:06.324430 7fc3a9fcb700 Options.max_bytes_for_level_multiplier_addtl[2]: 1
2019/10/17-14:54:06.324431 7fc3a9fcb700 Options.max_bytes_for_level_multiplier_addtl[3]: 1
2019/10/17-14:54:06.324432 7fc3a9fcb700 Options.max_bytes_for_level_multiplier_addtl[4]: 1
2019/10/17-14:54:06.324434 7fc3a9fcb700 Options.max_bytes_for_level_multiplier_addtl[5]: 1
2019/10/17-14:54:06.324435 7fc3a9fcb700 Options.max_bytes_for_level_multiplier_addtl[6]: 1
2019/10/17-14:54:06.324436 7fc3a9fcb700       Options.max_sequential_skip_in_iterations: 8
2019/10/17-14:54:06.324444 7fc3a9fcb700                    Options.max_compaction_bytes: 1677721600
2019/10/17-14:54:06.324445 7fc3a9fcb700                        Options.arena_block_size: 8388608
2019/10/17-14:54:06.324446 7fc3a9fcb700   Options.soft_pending_compaction_bytes_limit: 68719476736
2019/10/17-14:54:06.324448 7fc3a9fcb700   Options.hard_pending_compaction_bytes_limit: 274877906944
2019/10/17-14:54:06.324449 7fc3a9fcb700       Options.rate_limit_delay_max_milliseconds: 100
2019/10/17-14:54:06.324450 7fc3a9fcb700                Options.disable_auto_compactions: 0
2019/10/17-14:54:06.324452 7fc3a9fcb700                        Options.compaction_style: kCompactionStyleLevel
2019/10/17-14:54:06.324453 7fc3a9fcb700                          Options.compaction_pri: kByCompensatedSize
2019/10/17-14:54:06.324454 7fc3a9fcb700 Options.compaction_options_universal.size_ratio: 1
2019/10/17-14:54:06.324456 7fc3a9fcb700 Options.compaction_options_universal.min_merge_width: 2
2019/10/17-14:54:06.324457 7fc3a9fcb700 Options.compaction_options_universal.max_merge_width: 4294967295
2019/10/17-14:54:06.324458 7fc3a9fcb700 Options.compaction_options_universal.max_size_amplification_percent: 200
2019/10/17-14:54:06.324459 7fc3a9fcb700 Options.compaction_options_universal.compression_size_percent: -1
2019/10/17-14:54:06.324461 7fc3a9fcb700 Options.compaction_options_universal.stop_style: kCompactionStopStyleTotalSize
2019/10/17-14:54:06.324462 7fc3a9fcb700 Options.compaction_options_fifo.max_table_files_size: 1073741824
2019/10/17-14:54:06.324463 7fc3a9fcb700 Options.compaction_options_fifo.allow_compaction: 0
2019/10/17-14:54:06.324465 7fc3a9fcb700 Options.compaction_options_fifo.ttl: 0
2019/10/17-14:54:06.324466 7fc3a9fcb700                   Options.table_properties_collectors: 
2019/10/17-14:54:06.324467 7fc3a9fcb700                   Options.inplace_update_support: 0
2019/10/17-14:54:06.324468 7fc3a9fcb700                 Options.inplace_update_num_locks: 10000
2019/10/17-14:54:06.324470 7fc3a9fcb700               Options.memtable_prefix_bloom_size_ratio: 0.000000
2019/10/17-14:54:06.324471 7fc3a9fcb700   Options.memtable_huge_page_size: 0
2019/10/17-14:54:06.324473 7fc3a9fcb700                           Options.bloom_locality: 0
2019/10/17-14:54:06.324474 7fc3a9fcb700                    Options.max_successive_merges: 0
2019/10/17-14:54:06.324475 7fc3a9fcb700                Options.optimize_filters_for_hits: 0
2019/10/17-14:54:06.324476 7fc3a9fcb700                Options.paranoid_file_checks: 0
2019/10/17-14:54:06.324478 7fc3a9fcb700                Options.force_consistency_checks: 0
2019/10/17-14:54:06.324479 7fc3a9fcb700                Options.report_bg_io_stats: 0
2019/10/17-14:54:06.324480 7fc3a9fcb700                               Options.ttl: 0
2019/10/17-14:54:06.324507 7fc3a9fcb700 [db/column_family.cc:472] --------------- Options for column family [entries]:
2019/10/17-14:54:06.324509 7fc3a9fcb700               Options.comparator: leveldb.BytewiseComparator
2019/10/17-14:54:06.324510 7fc3a9fcb700           Options.merge_operator: None
2019/10/17-14:54:06.324512 7fc3a9fcb700        Options.compaction_filter: None
2019/10/17-14:54:06.324513 7fc3a9fcb700        Options.compaction_filter_factory: None
2019/10/17-14:54:06.324514 7fc3a9fcb700         Options.memtable_factory: SkipListFactory
2019/10/17-14:54:06.324515 7fc3a9fcb700            Options.table_factory: BlockBasedTable
2019/10/17-14:54:06.324532 7fc3a9fcb700            table_factory options:   flush_block_policy_factory: FlushBlockBySizePolicyFactory (0x7fc35003cd40)
  cache_index_and_filter_blocks: 0
  cache_index_and_filter_blocks_with_high_priority: 0
  pin_l0_filter_and_index_blocks_in_cache: 0
  pin_top_level_index_and_filter: 1
  index_type: 0
  hash_index_allow_collision: 1
  checksum: 1
  no_block_cache: 0
  block_cache: 0x7fc350016ef0
  block_cache_name: LRUCache
  block_cache_options:
    capacity : 8388608
    num_shard_bits : 4
    strict_capacity_limit : 0
    memory_allocator : None
    high_pri_pool_ratio: 0.000
  block_cache_compressed: (nil)
  persistent_cache: (nil)
  block_size: 4096
  block_size_deviation: 10
  block_restart_interval: 16
  index_block_restart_interval: 1
  metadata_block_size: 4096
  partition_filters: 0
  use_delta_encoding: 1
  filter_policy: nullptr
  whole_key_filtering: 1
  verify_compression: 0
  read_amp_bytes_per_bit: 0
  format_version: 2
  enable_index_compression: 1
  block_align: 0
2019/10/17-14:54:06.324541 7fc3a9fcb700        Options.write_buffer_size: 67108864
2019/10/17-14:54:06.324543 7fc3a9fcb700  Options.max_write_buffer_number: 2
2019/10/17-14:54:06.324544 7fc3a9fcb700          Options.compression: NoCompression
2019/10/17-14:54:06.324546 7fc3a9fcb700                  Options.bottommost_compression: Disabled
2019/10/17-14:54:06.324547 7fc3a9fcb700       Options.prefix_extractor: nullptr
2019/10/17-14:54:06.324548 7fc3a9fcb700   Options.memtable_insert_with_hint_prefix_extractor: nullptr
2019/10/17-14:54:06.324549 7fc3a9fcb700             Options.num_levels: 7
2019/10/17-14:54:06.324551 7fc3a9fcb700        Options.min_write_buffer_number_to_merge: 1
2019/10/17-14:54:06.324552 7fc3a9fcb700     Options.max_write_buffer_number_to_maintain: 0
2019/10/17-14:54:06.324553 7fc3a9fcb700            Options.bottommost_compression_opts.window_bits: -14
2019/10/17-14:54:06.324554 7fc3a9fcb700                  Options.bottommost_compression_opts.level: 32767
2019/10/17-14:54:06.324556 7fc3a9fcb700               Options.bottommost_compression_opts.strategy: 0
2019/10/17-14:54:06.324557 7fc3a9fcb700         Options.bottommost_compression_opts.max_dict_bytes: 0
2019/10/17-14:54:06.324558 7fc3a9fcb700         Options.bottommost_compression_opts.zstd_max_train_bytes: 0
2019/10/17-14:54:06.324559 7fc3a9fcb700                  Options.bottommost_compression_opts.enabled: false
2019/10/17-14:54:06.324560 7fc3a9fcb700            Options.compression_opts.window_bits: -14
2019/10/17-14:54:06.324562 7fc3a9fcb700                  Options.compression_opts.level: 32767
2019/10/17-14:54:06.324563 7fc3a9fcb700               Options.compression_opts.strategy: 0
2019/10/17-14:54:06.324564 7fc3a9fcb700         Options.compression_opts.max_dict_bytes: 0
2019/10/17-14:54:06.324565 7fc3a9fcb700         Options.compression_opts.zstd_max_train_bytes: 0
2019/10/17-14:54:06.324567 7fc3a9fcb700                  Options.compression_opts.enabled: false
2019/10/17-14:54:06.324568 7fc3a9fcb700      Options.level0_file_num_compaction_trigger: 4
2019/10/17-14:54:06.324569 7fc3a9fcb700          Options.level0_slowdown_writes_trigger: 20
2019/10/17-14:54:06.324570 7fc3a9fcb700              Options.level0_stop_writes_trigger: 36
2019/10/17-14:54:06.324572 7fc3a9fcb700                   Options.target_file_size_base: 67108864
2019/10/17-14:54:06.324573 7fc3a9fcb700             Options.target_file_size_multiplier: 1
2019/10/17-14:54:06.324574 7fc3a9fcb700                Options.max_bytes_for_level_base: 268435456
2019/10/17-14:54:06.324575 7fc3a9fcb700 Options.level_compaction_dynamic_level_bytes: 0
2019/10/17-14:54:06.324577 7fc3a9fcb700          Options.max_bytes_for_level_multiplier: 10.000000
2019/10/17-14:54:06.324579 7fc3a9fcb700 Options.max_bytes_for_level_multiplier_addtl[0]: 1
2019/10/17-14:54:06.324580 7fc3a9fcb700 Options.max_bytes_for_level_multiplier_addtl[1]: 1
2019/10/17-14:54:06.324581 7fc3a9fcb700 Options.max_bytes_for_level_multiplier_addtl[2]: 1
2019/10/17-14:54:06.324583 7fc3a9fcb700 Options.max_bytes_for_level_multiplier_addtl[3]: 1
2019/10/17-14:54:06.324584 7fc3a9fcb700 Options.max_bytes_for_level_multiplier_addtl[4]: 1
2019/10/17-14:54:06.324585 7fc3a9fcb700 Options.max_bytes_for_level_multiplier_addtl[5]: 1
2019/10/17-14:54:06.324586 7fc3a9fcb700 Options.max_bytes_for_level_multiplier_addtl[6]: 1
2019/10/17-14:54:06.324588 7fc3a9fcb700       Options.max_sequential_skip_in_iterations: 8
2019/10/17-14:54:06.324589 7fc3a9fcb700                    Options.max_compaction_bytes: 1677721600
2019/10/17-14:54:06.324590 7fc3a9fcb700                        Options.arena_block_size: 8388608
2019/10/17-14:54:06.324591 7fc3a9fcb700   Options.soft_pending_compaction_bytes_limit: 68719476736
2019/10/17-14:54:06.324599 7fc3a9fcb700   Options.hard_pending_compaction_bytes_limit: 274877906944
2019/10/17-14:54:06.324600 7fc3a9fcb700       Options.rate_limit_delay_max_milliseconds: 100
2019/10/17-14:54:06.324601 7fc3a9fcb700                Options.disable_auto_compactions: 0
2019/10/17-14:54:06.324603 7fc3a9fcb700                        Options.compaction_style: kCompactionStyleLevel
2019/10/17-14:54:06.324604 7fc3a9fcb700                          Options.compaction_pri: kByCompensatedSize
2019/10/17-14:54:06.324606 7fc3a9fcb700 Options.compaction_options_universal.size_ratio: 1
2019/10/17-14:54:06.324607 7fc3a9fcb700 Options.compaction_options_universal.min_merge_width: 2
2019/10/17-14:54:06.324608 7fc3a9fcb700 Options.compaction_options_universal.max_merge_width: 4294967295
2019/10/17-14:54:06.324609 7fc3a9fcb700 Options.compaction_options_universal.max_size_amplification_percent: 200
2019/10/17-14:54:06.324610 7fc3a9fcb700 Options.compaction_options_universal.compression_size_percent: -1
2019/10/17-14:54:06.324612 7fc3a9fcb700 Options.compaction_options_universal.stop_style: kCompactionStopStyleTotalSize
2019/10/17-14:54:06.324613 7fc3a9fcb700 Options.compaction_options_fifo.max_table_files_size: 1073741824
2019/10/17-14:54:06.324615 7fc3a9fcb700 Options.compaction_options_fifo.allow_compaction: 0
2019/10/17-14:54:06.324616 7fc3a9fcb700 Options.compaction_options_fifo.ttl: 0
2019/10/17-14:54:06.324617 7fc3a9fcb700                   Options.table_properties_collectors: 
2019/10/17-14:54:06.324618 7fc3a9fcb700                   Options.inplace_update_support: 0
2019/10/17-14:54:06.324619 7fc3a9fcb700                 Options.inplace_update_num_locks: 10000
2019/10/17-14:54:06.324621 7fc3a9fcb700               Options.memtable_prefix_bloom_size_ratio: 0.000000
2019/10/17-14:54:06.324622 7fc3a9fcb700   Options.memtable_huge_page_size: 0
2019/10/17-14:54:06.324624 7fc3a9fcb700                           Options.bloom_locality: 0
2019/10/17-14:54:06.324625 7fc3a9fcb700                    Options.max_successive_merges: 0
2019/10/17-14:54:06.324626 7fc3a9fcb700                Options.optimize_filters_for_hits: 0
2019/10/17-14:54:06.324628 7fc3a9fcb700                Options.paranoid_file_checks: 0
2019/10/17-14:54:06.324629 7fc3a9fcb700                Options.force_consistency_checks: 0
2019/10/17-14:54:06.324630 7fc3a9fcb700                Options.report_bg_io_stats: 0
2019/10/17-14:54:06.324631 7fc3a9fcb700                               Options.ttl: 0
2019/10/17-14:54:06.324654 7fc3a9fcb700 [db/column_family.cc:472] --------------- Options for column family [dc_entries]:
2019/10/17-14:54:06.324657 7fc3a9fcb700               Options.comparator: leveldb.BytewiseComparator
2019/10/17-14:54:06.324658 7fc3a9fcb700           Options.merge_operator: None
2019/10/17-14:54:06.324659 7fc3a9fcb700        Options.compaction_filter: None
2019/10/17-14:54:06.324661 7fc3a9fcb700        Options.compaction_filter_factory: None
2019/10/17-14:54:06.324662 7fc3a9fcb700         Options.memtable_factory: SkipListFactory
2019/10/17-14:54:06.324663 7fc3a9fcb700            Options.table_factory: BlockBasedTable
2019/10/17-14:54:06.324678 7fc3a9fcb700            table_factory options:   flush_block_policy_factory: FlushBlockBySizePolicyFactory (0x7fc35008c450)
  cache_index_and_filter_blocks: 0
  cache_index_and_filter_blocks_with_high_priority: 0
  pin_l0_filter_and_index_blocks_in_cache: 0
  pin_top_level_index_and_filter: 1
  index_type: 0
  hash_index_allow_collision: 1
  checksum: 1
  no_block_cache: 0
  block_cache: 0x7fc3500d8340
  block_cache_name: LRUCache
  block_cache_options:
    capacity : 8388608
    num_shard_bits : 4
    strict_capacity_limit : 0
    memory_allocator : None
    high_pri_pool_ratio: 0.000
  block_cache_compressed: (nil)
  persistent_cache: (nil)
  block_size: 4096
  block_size_deviation: 10
  block_restart_interval: 16
  index_block_restart_interval: 1
  metadata_block_size: 4096
  partition_filters: 0
  use_delta_encoding: 1
  filter_policy: nullptr
  whole_key_filtering: 1
  verify_compression: 0
  read_amp_bytes_per_bit: 0
  format_version: 2
  enable_index_compression: 1
  block_align: 0
2019/10/17-14:54:06.324688 7fc3a9fcb700        Options.write_buffer_size: 67108864
2019/10/17-14:54:06.324689 7fc3a9fcb700  Options.max_write_buffer_number: 2
2019/10/17-14:54:06.324691 7fc3a9fcb700          Options.compression: NoCompression
2019/10/17-14:54:06.324692 7fc3a9fcb700                  Options.bottommost_compression: Disabled
2019/10/17-14:54:06.324693 7fc3a9fcb700       Options.prefix_extractor: nullptr
2019/10/17-14:54:06.324695 7fc3a9fcb700   Options.memtable_insert_with_hint_prefix_extractor: nullptr
2019/10/17-14:54:06.324696 7fc3a9fcb700             Options.num_levels: 7
2019/10/17-14:54:06.324697 7fc3a9fcb700        Options.min_write_buffer_number_to_merge: 1
2019/10/17-14:54:06.324698 7fc3a9fcb700     Options.max_write_buffer_number_to_maintain: 0
2019/10/17-14:54:06.324699 7fc3a9fcb700            Options.bottommost_compression_opts.window_bits: -14
2019/10/17-14:54:06.324701 7fc3a9fcb700                  Options.bottommost_compression_opts.level: 32767
2019/10/17-14:54:06.324702 7fc3a9fcb700               Options.bottommost_compression_opts.strategy: 0
2019/10/17-14:54:06.324703 7fc3a9fcb700         Options.bottommost_compression_opts.max_dict_bytes: 0
2019/10/17-14:54:06.324704 7fc3a9fcb700         Options.bottommost_compression_opts.zstd_max_train_bytes: 0
2019/10/17-14:54:06.324706 7fc3a9fcb700                  Options.bottommost_compression_opts.enabled: false
2019/10/17-14:54:06.324707 7fc3a9fcb700            Options.compression_opts.window_bits: -14
2019/10/17-14:54:06.324708 7fc3a9fcb700                  Options.compression_opts.level: 32767
2019/10/17-14:54:06.324709 7fc3a9fcb700               Options.compression_opts.strategy: 0
2019/10/17-14:54:06.324711 7fc3a9fcb700         Options.compression_opts.max_dict_bytes: 0
2019/10/17-14:54:06.324712 7fc3a9fcb700         Options.compression_opts.zstd_max_train_bytes: 0
2019/10/17-14:54:06.324713 7fc3a9fcb700                  Options.compression_opts.enabled: false
2019/10/17-14:54:06.324714 7fc3a9fcb700      Options.level0_file_num_compaction_trigger: 4
2019/10/17-14:54:06.324715 7fc3a9fcb700          Options.level0_slowdown_writes_trigger: 20
2019/10/17-14:54:06.324717 7fc3a9fcb700              Options.level0_stop_writes_trigger: 36
2019/10/17-14:54:06.324718 7fc3a9fcb700                   Options.target_file_size_base: 67108864
2019/10/17-14:54:06.324719 7fc3a9fcb700             Options.target_file_size_multiplier: 1
2019/10/17-14:54:06.324720 7fc3a9fcb700                Options.max_bytes_for_level_base: 268435456
2019/10/17-14:54:06.324722 7fc3a9fcb700 Options.level_compaction_dynamic_level_bytes: 0
2019/10/17-14:54:06.324723 7fc3a9fcb700          Options.max_bytes_for_level_multiplier: 10.000000
2019/10/17-14:54:06.324725 7fc3a9fcb700 Options.max_bytes_for_level_multiplier_addtl[0]: 1
2019/10/17-14:54:06.324726 7fc3a9fcb700 Options.max_bytes_for_level_multiplier_addtl[1]: 1
2019/10/17-14:54:06.324728 7fc3a9fcb700 Options.max_bytes_for_level_multiplier_addtl[2]: 1
2019/10/17-14:54:06.324729 7fc3a9fcb700 Options.max_bytes_for_level_multiplier_addtl[3]: 1
2019/10/17-14:54:06.324730 7fc3a9fcb700 Options.max_bytes_for_level_multiplier_addtl[4]: 1
2019/10/17-14:54:06.324731 7fc3a9fcb700 Options.max_bytes_for_level_multiplier_addtl[5]: 1
2019/10/17-14:54:06.324733 7fc3a9fcb700 Options.max_bytes_for_level_multiplier_addtl[6]: 1
2019/10/17-14:54:06.324734 7fc3a9fcb700       Options.max_sequential_skip_in_iterations: 8
2019/10/17-14:54:06.324735 7fc3a9fcb700                    Options.max_compaction_bytes: 1677721600
2019/10/17-14:54:06.324736 7fc3a9fcb700                        Options.arena_block_size: 8388608
2019/10/17-14:54:06.324737 7fc3a9fcb700   Options.soft_pending_compaction_bytes_limit: 68719476736
2019/10/17-14:54:06.324739 7fc3a9fcb700   Options.hard_pending_compaction_bytes_limit: 274877906944
2019/10/17-14:54:06.324740 7fc3a9fcb700       Options.rate_limit_delay_max_milliseconds: 100
2019/10/17-14:54:06.324741 7fc3a9fcb700                Options.disable_auto_compactions: 0
2019/10/17-14:54:06.324748 7fc3a9fcb700                        Options.compaction_style: kCompactionStyleLevel
2019/10/17-14:54:06.324750 7fc3a9fcb700                          Options.compaction_pri: kByCompensatedSize
2019/10/17-14:54:06.324752 7fc3a9fcb700 Options.compaction_options_universal.size_ratio: 1
2019/10/17-14:54:06.324753 7fc3a9fcb700 Options.compaction_options_universal.min_merge_width: 2
2019/10/17-14:54:06.324754 7fc3a9fcb700 Options.compaction_options_universal.max_merge_width: 4294967295
2019/10/17-14:54:06.324755 7fc3a9fcb700 Options.compaction_options_universal.max_size_amplification_percent: 200
2019/10/17-14:54:06.324756 7fc3a9fcb700 Options.compaction_options_universal.compression_size_percent: -1
2019/10/17-14:54:06.324758 7fc3a9fcb700 Options.compaction_options_universal.stop_style: kCompactionStopStyleTotalSize
2019/10/17-14:54:06.324759 7fc3a9fcb700 Options.compaction_options_fifo.max_table_files_size: 1073741824
2019/10/17-14:54:06.324760 7fc3a9fcb700 Options.compaction_options_fifo.allow_compaction: 0
2019/10/17-14:54:06.324762 7fc3a9fcb700 Options.compaction_options_fifo.ttl: 0
2019/10/17-14:54:06.324763 7fc3a9fcb700                   Options.table_properties_collectors: 
2019/10/17-14:54:06.324764 7fc3a9fcb700                   Options.inplace_update_support: 0
2019/10/17-14:54:06.324765 7fc3a9fcb700                 Options.inplace_update_num_locks: 10000
2019/10/17-14:54:06.324767 7fc3a9fcb700               Options.memtable_prefix_bloom_size_ratio: 0.000000
2019/10/17-14:54:06.324768 7fc3a9fcb700   Options.memtable_huge_page_size: 0
2019/10/17-14:54:06.324770 7fc3a9fcb700                           Options.bloom_locality: 0
2019/10/17-14:54:06.324771 7fc3a9fcb700                    Options.max_successive_merges: 0
2019/10/17-14:54:06.324772 7fc3a9fcb700                Options.optimize_filters_for_hits: 0
2019/10/17-14:54:06.324773 7fc3a9fcb700                Options.paranoid_file_checks: 0
2019/10/17-14:54:06.324775 7fc3a9fcb700                Options.force_consistency_checks: 0
2019/10/17-14:54:06.324776 7fc3a9fcb700                Options.report_bg_io_stats: 0
2019/10/17-14:54:06.324777 7fc3a9fcb700                               Options.ttl: 0
2019/10/17-14:54:06.324796 7fc3a9fcb700 [db/column_family.cc:472] --------------- Options for column family [htlcs]:
2019/10/17-14:54:06.324798 7fc3a9fcb700               Options.comparator: leveldb.BytewiseComparator
2019/10/17-14:54:06.324800 7fc3a9fcb700           Options.merge_operator: None
2019/10/17-14:54:06.324801 7fc3a9fcb700        Options.compaction_filter: None
2019/10/17-14:54:06.324802 7fc3a9fcb700        Options.compaction_filter_factory: None
2019/10/17-14:54:06.324804 7fc3a9fcb700         Options.memtable_factory: SkipListFactory
2019/10/17-14:54:06.324805 7fc3a9fcb700            Options.table_factory: BlockBasedTable
2019/10/17-14:54:06.324819 7fc3a9fcb700            table_factory options:   flush_block_policy_factory: FlushBlockBySizePolicyFactory (0x7fc35005a290)
