2019/10/17-14:54:04.661603 7fc3a9fcb700 RocksDB version: 5.18.3
2019/10/17-14:54:04.661666 7fc3a9fcb700 Git sha rocksdb_build_git_sha:@0@
2019/10/17-14:54:04.661667 7fc3a9fcb700 Compile date Sep 19 2019
2019/10/17-14:54:04.661669 7fc3a9fcb700 DB SUMMARY
2019/10/17-14:54:04.662350 7fc3a9fcb700 CURRENT file:  CURRENT
2019/10/17-14:54:04.662352 7fc3a9fcb700 IDENTITY file:  IDENTITY
2019/10/17-14:54:04.662380 7fc3a9fcb700 MANIFEST file:  MANIFEST-114640 size: 4114 Bytes
2019/10/17-14:54:04.662381 7fc3a9fcb700 SST files in /home/rahul/dev/blockchain-core/eqc/ledger.db dir, Total Num: 29, files: 000624.sst 000627.sst 106940.sst 108447.sst 108450.sst 109471.sst 109483.sst 109485.sst 109486.sst 
2019/10/17-14:54:04.662383 7fc3a9fcb700 Write Ahead Log file in /home/rahul/dev/blockchain-core/eqc/ledger.db: 114641.log size: 0 ; 
2019/10/17-14:54:04.662415 7fc3a9fcb700                         Options.error_if_exists: 0
2019/10/17-14:54:04.662416 7fc3a9fcb700                       Options.create_if_missing: 1
2019/10/17-14:54:04.662417 7fc3a9fcb700                         Options.paranoid_checks: 1
2019/10/17-14:54:04.662418 7fc3a9fcb700                                     Options.env: 0x7fc32ae1fc60
2019/10/17-14:54:04.662419 7fc3a9fcb700                                Options.info_log: 0x7fc35001ff40
2019/10/17-14:54:04.662419 7fc3a9fcb700                Options.max_file_opening_threads: 16
2019/10/17-14:54:04.662420 7fc3a9fcb700                              Options.statistics: (nil)
2019/10/17-14:54:04.662421 7fc3a9fcb700                               Options.use_fsync: 0
2019/10/17-14:54:04.662422 7fc3a9fcb700                       Options.max_log_file_size: 0
2019/10/17-14:54:04.662422 7fc3a9fcb700                  Options.max_manifest_file_size: 1073741824
2019/10/17-14:54:04.662423 7fc3a9fcb700                   Options.log_file_time_to_roll: 0
2019/10/17-14:54:04.662424 7fc3a9fcb700                       Options.keep_log_file_num: 1000
2019/10/17-14:54:04.662425 7fc3a9fcb700                    Options.recycle_log_file_num: 0
2019/10/17-14:54:04.662426 7fc3a9fcb700                         Options.allow_fallocate: 1
2019/10/17-14:54:04.662426 7fc3a9fcb700                        Options.allow_mmap_reads: 0
2019/10/17-14:54:04.662427 7fc3a9fcb700                       Options.allow_mmap_writes: 0
2019/10/17-14:54:04.662428 7fc3a9fcb700                        Options.use_direct_reads: 0
2019/10/17-14:54:04.662428 7fc3a9fcb700                        Options.use_direct_io_for_flush_and_compaction: 0
2019/10/17-14:54:04.662429 7fc3a9fcb700          Options.create_missing_column_families: 0
2019/10/17-14:54:04.662430 7fc3a9fcb700                              Options.db_log_dir: 
2019/10/17-14:54:04.662431 7fc3a9fcb700                                 Options.wal_dir: /home/rahul/dev/blockchain-core/eqc/ledger.db
2019/10/17-14:54:04.662431 7fc3a9fcb700                Options.table_cache_numshardbits: 6
2019/10/17-14:54:04.662432 7fc3a9fcb700                      Options.max_subcompactions: 1
2019/10/17-14:54:04.662433 7fc3a9fcb700                  Options.max_background_flushes: -1
2019/10/17-14:54:04.662434 7fc3a9fcb700                         Options.WAL_ttl_seconds: 0
2019/10/17-14:54:04.662434 7fc3a9fcb700                       Options.WAL_size_limit_MB: 0
2019/10/17-14:54:04.662435 7fc3a9fcb700             Options.manifest_preallocation_size: 4194304
2019/10/17-14:54:04.662436 7fc3a9fcb700                     Options.is_fd_close_on_exec: 1
2019/10/17-14:54:04.662437 7fc3a9fcb700                   Options.advise_random_on_open: 1
2019/10/17-14:54:04.662437 7fc3a9fcb700                    Options.db_write_buffer_size: 0
2019/10/17-14:54:04.662438 7fc3a9fcb700                    Options.write_buffer_manager: 0x7fc3500facc0
2019/10/17-14:54:04.662439 7fc3a9fcb700         Options.access_hint_on_compaction_start: 1
2019/10/17-14:54:04.662439 7fc3a9fcb700  Options.new_table_reader_for_compaction_inputs: 0
2019/10/17-14:54:04.662440 7fc3a9fcb700           Options.random_access_max_buffer_size: 1048576
2019/10/17-14:54:04.662441 7fc3a9fcb700                      Options.use_adaptive_mutex: 0
2019/10/17-14:54:04.662441 7fc3a9fcb700                            Options.rate_limiter: (nil)
2019/10/17-14:54:04.662450 7fc3a9fcb700     Options.sst_file_manager.rate_bytes_per_sec: 0
2019/10/17-14:54:04.662451 7fc3a9fcb700                       Options.wal_recovery_mode: 2
2019/10/17-14:54:04.662452 7fc3a9fcb700                  Options.enable_thread_tracking: 0
2019/10/17-14:54:04.662453 7fc3a9fcb700                  Options.enable_pipelined_write: 0
2019/10/17-14:54:04.662453 7fc3a9fcb700         Options.allow_concurrent_memtable_write: 1
2019/10/17-14:54:04.662454 7fc3a9fcb700      Options.enable_write_thread_adaptive_yield: 1
2019/10/17-14:54:04.662455 7fc3a9fcb700             Options.write_thread_max_yield_usec: 100
2019/10/17-14:54:04.662456 7fc3a9fcb700            Options.write_thread_slow_yield_usec: 3
2019/10/17-14:54:04.662456 7fc3a9fcb700                               Options.row_cache: None
2019/10/17-14:54:04.662457 7fc3a9fcb700                              Options.wal_filter: None
2019/10/17-14:54:04.662458 7fc3a9fcb700             Options.avoid_flush_during_recovery: 0
2019/10/17-14:54:04.662459 7fc3a9fcb700             Options.allow_ingest_behind: 0
2019/10/17-14:54:04.662459 7fc3a9fcb700             Options.preserve_deletes: 0
2019/10/17-14:54:04.662460 7fc3a9fcb700             Options.two_write_queues: 0
2019/10/17-14:54:04.662461 7fc3a9fcb700             Options.manual_wal_flush: 0
2019/10/17-14:54:04.662461 7fc3a9fcb700             Options.max_background_jobs: 2
2019/10/17-14:54:04.662462 7fc3a9fcb700             Options.max_background_compactions: -1
2019/10/17-14:54:04.662463 7fc3a9fcb700             Options.avoid_flush_during_shutdown: 0
2019/10/17-14:54:04.662464 7fc3a9fcb700           Options.writable_file_max_buffer_size: 1048576
2019/10/17-14:54:04.662464 7fc3a9fcb700             Options.delayed_write_rate : 16777216
2019/10/17-14:54:04.662465 7fc3a9fcb700             Options.max_total_wal_size: 0
2019/10/17-14:54:04.662466 7fc3a9fcb700             Options.delete_obsolete_files_period_micros: 21600000000
2019/10/17-14:54:04.662467 7fc3a9fcb700                   Options.stats_dump_period_sec: 600
2019/10/17-14:54:04.662467 7fc3a9fcb700                          Options.max_open_files: -1
2019/10/17-14:54:04.662468 7fc3a9fcb700                          Options.bytes_per_sync: 0
2019/10/17-14:54:04.662469 7fc3a9fcb700                      Options.wal_bytes_per_sync: 0
2019/10/17-14:54:04.662470 7fc3a9fcb700       Options.compaction_readahead_size: 0
2019/10/17-14:54:04.662470 7fc3a9fcb700 Compression algorithms supported:
2019/10/17-14:54:04.662471 7fc3a9fcb700 	kZSTDNotFinalCompression supported: 0
2019/10/17-14:54:04.662472 7fc3a9fcb700 	kZSTD supported: 0
2019/10/17-14:54:04.662473 7fc3a9fcb700 	kXpressCompression supported: 0
2019/10/17-14:54:04.662474 7fc3a9fcb700 	kLZ4HCCompression supported: 0
2019/10/17-14:54:04.662475 7fc3a9fcb700 	kLZ4Compression supported: 0
2019/10/17-14:54:04.662475 7fc3a9fcb700 	kBZip2Compression supported: 0
2019/10/17-14:54:04.662476 7fc3a9fcb700 	kZlibCompression supported: 0
2019/10/17-14:54:04.662477 7fc3a9fcb700 	kSnappyCompression supported: 0
2019/10/17-14:54:04.662479 7fc3a9fcb700 Fast CRC32 supported: Supported on x86
2019/10/17-14:54:04.662565 7fc3a9fcb700 [db/version_set.cc:3507] Recovering from manifest file: MANIFEST-114640
2019/10/17-14:54:04.662595 7fc3a9fcb700 [db/column_family.cc:472] --------------- Options for column family [default]:
2019/10/17-14:54:04.662596 7fc3a9fcb700               Options.comparator: leveldb.BytewiseComparator
2019/10/17-14:54:04.662597 7fc3a9fcb700           Options.merge_operator: None
2019/10/17-14:54:04.662598 7fc3a9fcb700        Options.compaction_filter: None
2019/10/17-14:54:04.662599 7fc3a9fcb700        Options.compaction_filter_factory: None
2019/10/17-14:54:04.662599 7fc3a9fcb700         Options.memtable_factory: SkipListFactory
2019/10/17-14:54:04.662600 7fc3a9fcb700            Options.table_factory: BlockBasedTable
2019/10/17-14:54:04.662613 7fc3a9fcb700            table_factory options:   flush_block_policy_factory: FlushBlockBySizePolicyFactory (0x7fc350107760)
  cache_index_and_filter_blocks: 0
  cache_index_and_filter_blocks_with_high_priority: 0
  pin_l0_filter_and_index_blocks_in_cache: 0
  pin_top_level_index_and_filter: 1
  index_type: 0
  hash_index_allow_collision: 1
  checksum: 1
  no_block_cache: 0
  block_cache: 0x7fc350029060
  block_cache_name: LRUCache
  block_cache_options:
    capacity : 8388608
    num_shard_bits : 4
    strict_capacity_limit : 0
    memory_allocator : None
    high_pri_pool_ratio: 0.000
  block_cache_compressed: (nil)
  persistent_cache: (nil)
  block_size: 4096
  block_size_deviation: 10
  block_restart_interval: 16
  index_block_restart_interval: 1
  metadata_block_size: 4096
  partition_filters: 0
  use_delta_encoding: 1
  filter_policy: nullptr
  whole_key_filtering: 1
  verify_compression: 0
  read_amp_bytes_per_bit: 0
  format_version: 2
  enable_index_compression: 1
  block_align: 0
2019/10/17-14:54:04.662621 7fc3a9fcb700        Options.write_buffer_size: 67108864
2019/10/17-14:54:04.662622 7fc3a9fcb700  Options.max_write_buffer_number: 2
2019/10/17-14:54:04.662623 7fc3a9fcb700          Options.compression: NoCompression
2019/10/17-14:54:04.662624 7fc3a9fcb700                  Options.bottommost_compression: Disabled
2019/10/17-14:54:04.662625 7fc3a9fcb700       Options.prefix_extractor: nullptr
2019/10/17-14:54:04.662625 7fc3a9fcb700   Options.memtable_insert_with_hint_prefix_extractor: nullptr
2019/10/17-14:54:04.662626 7fc3a9fcb700             Options.num_levels: 7
2019/10/17-14:54:04.662627 7fc3a9fcb700        Options.min_write_buffer_number_to_merge: 1
2019/10/17-14:54:04.662628 7fc3a9fcb700     Options.max_write_buffer_number_to_maintain: 0
2019/10/17-14:54:04.662628 7fc3a9fcb700            Options.bottommost_compression_opts.window_bits: -14
2019/10/17-14:54:04.662629 7fc3a9fcb700                  Options.bottommost_compression_opts.level: 32767
2019/10/17-14:54:04.662630 7fc3a9fcb700               Options.bottommost_compression_opts.strategy: 0
2019/10/17-14:54:04.662631 7fc3a9fcb700         Options.bottommost_compression_opts.max_dict_bytes: 0
2019/10/17-14:54:04.662631 7fc3a9fcb700         Options.bottommost_compression_opts.zstd_max_train_bytes: 0
2019/10/17-14:54:04.662632 7fc3a9fcb700                  Options.bottommost_compression_opts.enabled: false
2019/10/17-14:54:04.662633 7fc3a9fcb700            Options.compression_opts.window_bits: -14
2019/10/17-14:54:04.662633 7fc3a9fcb700                  Options.compression_opts.level: 32767
2019/10/17-14:54:04.662634 7fc3a9fcb700               Options.compression_opts.strategy: 0
2019/10/17-14:54:04.662635 7fc3a9fcb700         Options.compression_opts.max_dict_bytes: 0
2019/10/17-14:54:04.662636 7fc3a9fcb700         Options.compression_opts.zstd_max_train_bytes: 0
2019/10/17-14:54:04.662636 7fc3a9fcb700                  Options.compression_opts.enabled: false
2019/10/17-14:54:04.662637 7fc3a9fcb700      Options.level0_file_num_compaction_trigger: 4
2019/10/17-14:54:04.662638 7fc3a9fcb700          Options.level0_slowdown_writes_trigger: 20
2019/10/17-14:54:04.662638 7fc3a9fcb700              Options.level0_stop_writes_trigger: 36
2019/10/17-14:54:04.662639 7fc3a9fcb700                   Options.target_file_size_base: 67108864
2019/10/17-14:54:04.662640 7fc3a9fcb700             Options.target_file_size_multiplier: 1
2019/10/17-14:54:04.662641 7fc3a9fcb700                Options.max_bytes_for_level_base: 268435456
2019/10/17-14:54:04.662641 7fc3a9fcb700 Options.level_compaction_dynamic_level_bytes: 0
2019/10/17-14:54:04.662642 7fc3a9fcb700          Options.max_bytes_for_level_multiplier: 10.000000
2019/10/17-14:54:04.662644 7fc3a9fcb700 Options.max_bytes_for_level_multiplier_addtl[0]: 1
2019/10/17-14:54:04.662645 7fc3a9fcb700 Options.max_bytes_for_level_multiplier_addtl[1]: 1
2019/10/17-14:54:04.662645 7fc3a9fcb700 Options.max_bytes_for_level_multiplier_addtl[2]: 1
2019/10/17-14:54:04.662646 7fc3a9fcb700 Options.max_bytes_for_level_multiplier_addtl[3]: 1
2019/10/17-14:54:04.662647 7fc3a9fcb700 Options.max_bytes_for_level_multiplier_addtl[4]: 1
2019/10/17-14:54:04.662651 7fc3a9fcb700 Options.max_bytes_for_level_multiplier_addtl[5]: 1
2019/10/17-14:54:04.662652 7fc3a9fcb700 Options.max_bytes_for_level_multiplier_addtl[6]: 1
2019/10/17-14:54:04.662652 7fc3a9fcb700       Options.max_sequential_skip_in_iterations: 8
2019/10/17-14:54:04.662653 7fc3a9fcb700                    Options.max_compaction_bytes: 1677721600
2019/10/17-14:54:04.662654 7fc3a9fcb700                        Options.arena_block_size: 8388608
2019/10/17-14:54:04.662655 7fc3a9fcb700   Options.soft_pending_compaction_bytes_limit: 68719476736
2019/10/17-14:54:04.662655 7fc3a9fcb700   Options.hard_pending_compaction_bytes_limit: 274877906944
2019/10/17-14:54:04.662656 7fc3a9fcb700       Options.rate_limit_delay_max_milliseconds: 100
2019/10/17-14:54:04.662657 7fc3a9fcb700                Options.disable_auto_compactions: 0
2019/10/17-14:54:04.662658 7fc3a9fcb700                        Options.compaction_style: kCompactionStyleLevel
2019/10/17-14:54:04.662659 7fc3a9fcb700                          Options.compaction_pri: kByCompensatedSize
2019/10/17-14:54:04.662660 7fc3a9fcb700 Options.compaction_options_universal.size_ratio: 1
2019/10/17-14:54:04.662661 7fc3a9fcb700 Options.compaction_options_universal.min_merge_width: 2
2019/10/17-14:54:04.662661 7fc3a9fcb700 Options.compaction_options_universal.max_merge_width: 4294967295
2019/10/17-14:54:04.662662 7fc3a9fcb700 Options.compaction_options_universal.max_size_amplification_percent: 200
2019/10/17-14:54:04.662663 7fc3a9fcb700 Options.compaction_options_universal.compression_size_percent: -1
2019/10/17-14:54:04.662664 7fc3a9fcb700 Options.compaction_options_universal.stop_style: kCompactionStopStyleTotalSize
2019/10/17-14:54:04.662665 7fc3a9fcb700 Options.compaction_options_fifo.max_table_files_size: 1073741824
2019/10/17-14:54:04.662665 7fc3a9fcb700 Options.compaction_options_fifo.allow_compaction: 0
2019/10/17-14:54:04.662666 7fc3a9fcb700 Options.compaction_options_fifo.ttl: 0
2019/10/17-14:54:04.662667 7fc3a9fcb700                   Options.table_properties_collectors: 
2019/10/17-14:54:04.662668 7fc3a9fcb700                   Options.inplace_update_support: 0
2019/10/17-14:54:04.662668 7fc3a9fcb700                 Options.inplace_update_num_locks: 10000
2019/10/17-14:54:04.662669 7fc3a9fcb700               Options.memtable_prefix_bloom_size_ratio: 0.000000
2019/10/17-14:54:04.662670 7fc3a9fcb700   Options.memtable_huge_page_size: 0
2019/10/17-14:54:04.662671 7fc3a9fcb700                           Options.bloom_locality: 0
2019/10/17-14:54:04.662672 7fc3a9fcb700                    Options.max_successive_merges: 0
2019/10/17-14:54:04.662672 7fc3a9fcb700                Options.optimize_filters_for_hits: 0
2019/10/17-14:54:04.662673 7fc3a9fcb700                Options.paranoid_file_checks: 0
2019/10/17-14:54:04.662674 7fc3a9fcb700                Options.force_consistency_checks: 0
2019/10/17-14:54:04.662674 7fc3a9fcb700                Options.report_bg_io_stats: 0
2019/10/17-14:54:04.662675 7fc3a9fcb700                               Options.ttl: 0
2019/10/17-14:54:04.662701 7fc3a9fcb700 [db/column_family.cc:472] --------------- Options for column family [active_gateways]:
2019/10/17-14:54:04.662703 7fc3a9fcb700               Options.comparator: leveldb.BytewiseComparator
2019/10/17-14:54:04.662703 7fc3a9fcb700           Options.merge_operator: None
2019/10/17-14:54:04.662704 7fc3a9fcb700        Options.compaction_filter: None
2019/10/17-14:54:04.662705 7fc3a9fcb700        Options.compaction_filter_factory: None
2019/10/17-14:54:04.662706 7fc3a9fcb700         Options.memtable_factory: SkipListFactory
2019/10/17-14:54:04.662706 7fc3a9fcb700            Options.table_factory: BlockBasedTable
2019/10/17-14:54:04.662716 7fc3a9fcb700            table_factory options:   flush_block_policy_factory: FlushBlockBySizePolicyFactory (0x7fc3500d5db0)
  cache_index_and_filter_blocks: 0
  cache_index_and_filter_blocks_with_high_priority: 0
  pin_l0_filter_and_index_blocks_in_cache: 0
  pin_top_level_index_and_filter: 1
  index_type: 0
  hash_index_allow_collision: 1
  checksum: 1
  no_block_cache: 0
  block_cache: 0x7fc3500a7370
  block_cache_name: LRUCache
  block_cache_options:
    capacity : 8388608
    num_shard_bits : 4
    strict_capacity_limit : 0
    memory_allocator : None
    high_pri_pool_ratio: 0.000
  block_cache_compressed: (nil)
  persistent_cache: (nil)
  block_size: 4096
  block_size_deviation: 10
  block_restart_interval: 16
  index_block_restart_interval: 1
  metadata_block_size: 4096
  partition_filters: 0
  use_delta_encoding: 1
  filter_policy: nullptr
  whole_key_filtering: 1
  verify_compression: 0
  read_amp_bytes_per_bit: 0
  format_version: 2
  enable_index_compression: 1
  block_align: 0
2019/10/17-14:54:04.662722 7fc3a9fcb700        Options.write_buffer_size: 67108864
2019/10/17-14:54:04.662723 7fc3a9fcb700  Options.max_write_buffer_number: 2
2019/10/17-14:54:04.662724 7fc3a9fcb700          Options.compression: NoCompression
2019/10/17-14:54:04.662725 7fc3a9fcb700                  Options.bottommost_compression: Disabled
2019/10/17-14:54:04.662725 7fc3a9fcb700       Options.prefix_extractor: nullptr
2019/10/17-14:54:04.662726 7fc3a9fcb700   Options.memtable_insert_with_hint_prefix_extractor: nullptr
2019/10/17-14:54:04.662727 7fc3a9fcb700             Options.num_levels: 7
2019/10/17-14:54:04.662727 7fc3a9fcb700        Options.min_write_buffer_number_to_merge: 1
2019/10/17-14:54:04.662728 7fc3a9fcb700     Options.max_write_buffer_number_to_maintain: 0
2019/10/17-14:54:04.662729 7fc3a9fcb700            Options.bottommost_compression_opts.window_bits: -14
2019/10/17-14:54:04.662730 7fc3a9fcb700                  Options.bottommost_compression_opts.level: 32767
2019/10/17-14:54:04.662730 7fc3a9fcb700               Options.bottommost_compression_opts.strategy: 0
2019/10/17-14:54:04.662731 7fc3a9fcb700         Options.bottommost_compression_opts.max_dict_bytes: 0
2019/10/17-14:54:04.662732 7fc3a9fcb700         Options.bottommost_compression_opts.zstd_max_train_bytes: 0
2019/10/17-14:54:04.662732 7fc3a9fcb700                  Options.bottommost_compression_opts.enabled: false
2019/10/17-14:54:04.662733 7fc3a9fcb700            Options.compression_opts.window_bits: -14
2019/10/17-14:54:04.662734 7fc3a9fcb700                  Options.compression_opts.level: 32767
2019/10/17-14:54:04.662735 7fc3a9fcb700               Options.compression_opts.strategy: 0
2019/10/17-14:54:04.662735 7fc3a9fcb700         Options.compression_opts.max_dict_bytes: 0
2019/10/17-14:54:04.662736 7fc3a9fcb700         Options.compression_opts.zstd_max_train_bytes: 0
2019/10/17-14:54:04.662737 7fc3a9fcb700                  Options.compression_opts.enabled: false
2019/10/17-14:54:04.662737 7fc3a9fcb700      Options.level0_file_num_compaction_trigger: 4
2019/10/17-14:54:04.662738 7fc3a9fcb700          Options.level0_slowdown_writes_trigger: 20
2019/10/17-14:54:04.662739 7fc3a9fcb700              Options.level0_stop_writes_trigger: 36
2019/10/17-14:54:04.662739 7fc3a9fcb700                   Options.target_file_size_base: 67108864
2019/10/17-14:54:04.662740 7fc3a9fcb700             Options.target_file_size_multiplier: 1
2019/10/17-14:54:04.662741 7fc3a9fcb700                Options.max_bytes_for_level_base: 268435456
2019/10/17-14:54:04.662742 7fc3a9fcb700 Options.level_compaction_dynamic_level_bytes: 0
2019/10/17-14:54:04.662742 7fc3a9fcb700          Options.max_bytes_for_level_multiplier: 10.000000
2019/10/17-14:54:04.662744 7fc3a9fcb700 Options.max_bytes_for_level_multiplier_addtl[0]: 1
2019/10/17-14:54:04.662744 7fc3a9fcb700 Options.max_bytes_for_level_multiplier_addtl[1]: 1
2019/10/17-14:54:04.662745 7fc3a9fcb700 Options.max_bytes_for_level_multiplier_addtl[2]: 1
2019/10/17-14:54:04.662746 7fc3a9fcb700 Options.max_bytes_for_level_multiplier_addtl[3]: 1
2019/10/17-14:54:04.662747 7fc3a9fcb700 Options.max_bytes_for_level_multiplier_addtl[4]: 1
2019/10/17-14:54:04.662747 7fc3a9fcb700 Options.max_bytes_for_level_multiplier_addtl[5]: 1
2019/10/17-14:54:04.662748 7fc3a9fcb700 Options.max_bytes_for_level_multiplier_addtl[6]: 1
2019/10/17-14:54:04.662749 7fc3a9fcb700       Options.max_sequential_skip_in_iterations: 8
2019/10/17-14:54:04.662753 7fc3a9fcb700                    Options.max_compaction_bytes: 1677721600
2019/10/17-14:54:04.662754 7fc3a9fcb700                        Options.arena_block_size: 8388608
2019/10/17-14:54:04.662754 7fc3a9fcb700   Options.soft_pending_compaction_bytes_limit: 68719476736
2019/10/17-14:54:04.662755 7fc3a9fcb700   Options.hard_pending_compaction_bytes_limit: 274877906944
2019/10/17-14:54:04.662756 7fc3a9fcb700       Options.rate_limit_delay_max_milliseconds: 100
2019/10/17-14:54:04.662756 7fc3a9fcb700                Options.disable_auto_compactions: 0
2019/10/17-14:54:04.662757 7fc3a9fcb700                        Options.compaction_style: kCompactionStyleLevel
2019/10/17-14:54:04.662758 7fc3a9fcb700                          Options.compaction_pri: kByCompensatedSize
2019/10/17-14:54:04.662759 7fc3a9fcb700 Options.compaction_options_universal.size_ratio: 1
2019/10/17-14:54:04.662760 7fc3a9fcb700 Options.compaction_options_universal.min_merge_width: 2
2019/10/17-14:54:04.662760 7fc3a9fcb700 Options.compaction_options_universal.max_merge_width: 4294967295
2019/10/17-14:54:04.662761 7fc3a9fcb700 Options.compaction_options_universal.max_size_amplification_percent: 200
2019/10/17-14:54:04.662762 7fc3a9fcb700 Options.compaction_options_universal.compression_size_percent: -1
2019/10/17-14:54:04.662763 7fc3a9fcb700 Options.compaction_options_universal.stop_style: kCompactionStopStyleTotalSize
2019/10/17-14:54:04.662763 7fc3a9fcb700 Options.compaction_options_fifo.max_table_files_size: 1073741824
2019/10/17-14:54:04.662764 7fc3a9fcb700 Options.compaction_options_fifo.allow_compaction: 0
2019/10/17-14:54:04.662765 7fc3a9fcb700 Options.compaction_options_fifo.ttl: 0
2019/10/17-14:54:04.662766 7fc3a9fcb700                   Options.table_properties_collectors: 
2019/10/17-14:54:04.662766 7fc3a9fcb700                   Options.inplace_update_support: 0
2019/10/17-14:54:04.662767 7fc3a9fcb700                 Options.inplace_update_num_locks: 10000
2019/10/17-14:54:04.662768 7fc3a9fcb700               Options.memtable_prefix_bloom_size_ratio: 0.000000
2019/10/17-14:54:04.662769 7fc3a9fcb700   Options.memtable_huge_page_size: 0
2019/10/17-14:54:04.662769 7fc3a9fcb700                           Options.bloom_locality: 0
2019/10/17-14:54:04.662770 7fc3a9fcb700                    Options.max_successive_merges: 0
2019/10/17-14:54:04.662771 7fc3a9fcb700                Options.optimize_filters_for_hits: 0
2019/10/17-14:54:04.662772 7fc3a9fcb700                Options.paranoid_file_checks: 0
2019/10/17-14:54:04.662772 7fc3a9fcb700                Options.force_consistency_checks: 0
2019/10/17-14:54:04.662773 7fc3a9fcb700                Options.report_bg_io_stats: 0
2019/10/17-14:54:04.662774 7fc3a9fcb700                               Options.ttl: 0
2019/10/17-14:54:04.662788 7fc3a9fcb700 [db/column_family.cc:472] --------------- Options for column family [entries]:
2019/10/17-14:54:04.662790 7fc3a9fcb700               Options.comparator: leveldb.BytewiseComparator
2019/10/17-14:54:04.662790 7fc3a9fcb700           Options.merge_operator: None
2019/10/17-14:54:04.662791 7fc3a9fcb700        Options.compaction_filter: None
2019/10/17-14:54:04.662792 7fc3a9fcb700        Options.compaction_filter_factory: None
2019/10/17-14:54:04.662793 7fc3a9fcb700         Options.memtable_factory: SkipListFactory
2019/10/17-14:54:04.662793 7fc3a9fcb700            Options.table_factory: BlockBasedTable
2019/10/17-14:54:04.662802 7fc3a9fcb700            table_factory options:   flush_block_policy_factory: FlushBlockBySizePolicyFactory (0x7fc3500a06b0)
  cache_index_and_filter_blocks: 0
  cache_index_and_filter_blocks_with_high_priority: 0
  pin_l0_filter_and_index_blocks_in_cache: 0
  pin_top_level_index_and_filter: 1
  index_type: 0
  hash_index_allow_collision: 1
  checksum: 1
  no_block_cache: 0
  block_cache: 0x7fc350075f10
  block_cache_name: LRUCache
  block_cache_options:
    capacity : 8388608
    num_shard_bits : 4
    strict_capacity_limit : 0
    memory_allocator : None
    high_pri_pool_ratio: 0.000
  block_cache_compressed: (nil)
  persistent_cache: (nil)
  block_size: 4096
  block_size_deviation: 10
  block_restart_interval: 16
  index_block_restart_interval: 1
  metadata_block_size: 4096
  partition_filters: 0
  use_delta_encoding: 1
  filter_policy: nullptr
  whole_key_filtering: 1
  verify_compression: 0
  read_amp_bytes_per_bit: 0
  format_version: 2
  enable_index_compression: 1
  block_align: 0
2019/10/17-14:54:04.662808 7fc3a9fcb700        Options.write_buffer_size: 67108864
2019/10/17-14:54:04.662809 7fc3a9fcb700  Options.max_write_buffer_number: 2
2019/10/17-14:54:04.662809 7fc3a9fcb700          Options.compression: NoCompression
2019/10/17-14:54:04.662810 7fc3a9fcb700                  Options.bottommost_compression: Disabled
2019/10/17-14:54:04.662811 7fc3a9fcb700       Options.prefix_extractor: nullptr
2019/10/17-14:54:04.662812 7fc3a9fcb700   Options.memtable_insert_with_hint_prefix_extractor: nullptr
2019/10/17-14:54:04.662812 7fc3a9fcb700             Options.num_levels: 7
2019/10/17-14:54:04.662813 7fc3a9fcb700        Options.min_write_buffer_number_to_merge: 1
2019/10/17-14:54:04.662814 7fc3a9fcb700     Options.max_write_buffer_number_to_maintain: 0
2019/10/17-14:54:04.662814 7fc3a9fcb700            Options.bottommost_compression_opts.window_bits: -14
2019/10/17-14:54:04.662815 7fc3a9fcb700                  Options.bottommost_compression_opts.level: 32767
2019/10/17-14:54:04.662816 7fc3a9fcb700               Options.bottommost_compression_opts.strategy: 0
2019/10/17-14:54:04.662816 7fc3a9fcb700         Options.bottommost_compression_opts.max_dict_bytes: 0
2019/10/17-14:54:04.662817 7fc3a9fcb700         Options.bottommost_compression_opts.zstd_max_train_bytes: 0
2019/10/17-14:54:04.662818 7fc3a9fcb700                  Options.bottommost_compression_opts.enabled: false
2019/10/17-14:54:04.662819 7fc3a9fcb700            Options.compression_opts.window_bits: -14
2019/10/17-14:54:04.662819 7fc3a9fcb700                  Options.compression_opts.level: 32767
2019/10/17-14:54:04.662820 7fc3a9fcb700               Options.compression_opts.strategy: 0
2019/10/17-14:54:04.662821 7fc3a9fcb700         Options.compression_opts.max_dict_bytes: 0
2019/10/17-14:54:04.662821 7fc3a9fcb700         Options.compression_opts.zstd_max_train_bytes: 0
2019/10/17-14:54:04.662822 7fc3a9fcb700                  Options.compression_opts.enabled: false
2019/10/17-14:54:04.662823 7fc3a9fcb700      Options.level0_file_num_compaction_trigger: 4
2019/10/17-14:54:04.662824 7fc3a9fcb700          Options.level0_slowdown_writes_trigger: 20
2019/10/17-14:54:04.662824 7fc3a9fcb700              Options.level0_stop_writes_trigger: 36
2019/10/17-14:54:04.662825 7fc3a9fcb700                   Options.target_file_size_base: 67108864
2019/10/17-14:54:04.662826 7fc3a9fcb700             Options.target_file_size_multiplier: 1
2019/10/17-14:54:04.662826 7fc3a9fcb700                Options.max_bytes_for_level_base: 268435456
2019/10/17-14:54:04.662827 7fc3a9fcb700 Options.level_compaction_dynamic_level_bytes: 0
2019/10/17-14:54:04.662828 7fc3a9fcb700          Options.max_bytes_for_level_multiplier: 10.000000
2019/10/17-14:54:04.662829 7fc3a9fcb700 Options.max_bytes_for_level_multiplier_addtl[0]: 1
2019/10/17-14:54:04.662830 7fc3a9fcb700 Options.max_bytes_for_level_multiplier_addtl[1]: 1
2019/10/17-14:54:04.662830 7fc3a9fcb700 Options.max_bytes_for_level_multiplier_addtl[2]: 1
2019/10/17-14:54:04.662831 7fc3a9fcb700 Options.max_bytes_for_level_multiplier_addtl[3]: 1
2019/10/17-14:54:04.662832 7fc3a9fcb700 Options.max_bytes_for_level_multiplier_addtl[4]: 1
2019/10/17-14:54:04.662833 7fc3a9fcb700 Options.max_bytes_for_level_multiplier_addtl[5]: 1
2019/10/17-14:54:04.662833 7fc3a9fcb700 Options.max_bytes_for_level_multiplier_addtl[6]: 1
2019/10/17-14:54:04.662834 7fc3a9fcb700       Options.max_sequential_skip_in_iterations: 8
2019/10/17-14:54:04.662835 7fc3a9fcb700                    Options.max_compaction_bytes: 1677721600
2019/10/17-14:54:04.662835 7fc3a9fcb700                        Options.arena_block_size: 8388608
2019/10/17-14:54:04.662836 7fc3a9fcb700   Options.soft_pending_compaction_bytes_limit: 68719476736
2019/10/17-14:54:04.662840 7fc3a9fcb700   Options.hard_pending_compaction_bytes_limit: 274877906944
2019/10/17-14:54:04.662841 7fc3a9fcb700       Options.rate_limit_delay_max_milliseconds: 100
2019/10/17-14:54:04.662842 7fc3a9fcb700                Options.disable_auto_compactions: 0
2019/10/17-14:54:04.662843 7fc3a9fcb700                        Options.compaction_style: kCompactionStyleLevel
2019/10/17-14:54:04.662844 7fc3a9fcb700                          Options.compaction_pri: kByCompensatedSize
2019/10/17-14:54:04.662844 7fc3a9fcb700 Options.compaction_options_universal.size_ratio: 1
2019/10/17-14:54:04.662845 7fc3a9fcb700 Options.compaction_options_universal.min_merge_width: 2
2019/10/17-14:54:04.662846 7fc3a9fcb700 Options.compaction_options_universal.max_merge_width: 4294967295
2019/10/17-14:54:04.662846 7fc3a9fcb700 Options.compaction_options_universal.max_size_amplification_percent: 200
2019/10/17-14:54:04.662847 7fc3a9fcb700 Options.compaction_options_universal.compression_size_percent: -1
2019/10/17-14:54:04.662848 7fc3a9fcb700 Options.compaction_options_universal.stop_style: kCompactionStopStyleTotalSize
2019/10/17-14:54:04.662849 7fc3a9fcb700 Options.compaction_options_fifo.max_table_files_size: 1073741824
2019/10/17-14:54:04.662849 7fc3a9fcb700 Options.compaction_options_fifo.allow_compaction: 0
2019/10/17-14:54:04.662850 7fc3a9fcb700 Options.compaction_options_fifo.ttl: 0
2019/10/17-14:54:04.662851 7fc3a9fcb700                   Options.table_properties_collectors: 
2019/10/17-14:54:04.662852 7fc3a9fcb700                   Options.inplace_update_support: 0
2019/10/17-14:54:04.662852 7fc3a9fcb700                 Options.inplace_update_num_locks: 10000
2019/10/17-14:54:04.662853 7fc3a9fcb700               Options.memtable_prefix_bloom_size_ratio: 0.000000
2019/10/17-14:54:04.662854 7fc3a9fcb700   Options.memtable_huge_page_size: 0
2019/10/17-14:54:04.662855 7fc3a9fcb700                           Options.bloom_locality: 0
2019/10/17-14:54:04.662855 7fc3a9fcb700                    Options.max_successive_merges: 0
2019/10/17-14:54:04.662856 7fc3a9fcb700                Options.optimize_filters_for_hits: 0
2019/10/17-14:54:04.662857 7fc3a9fcb700                Options.paranoid_file_checks: 0
2019/10/17-14:54:04.662858 7fc3a9fcb700                Options.force_consistency_checks: 0
2019/10/17-14:54:04.662858 7fc3a9fcb700                Options.report_bg_io_stats: 0
2019/10/17-14:54:04.662859 7fc3a9fcb700                               Options.ttl: 0
2019/10/17-14:54:04.662872 7fc3a9fcb700 [db/column_family.cc:472] --------------- Options for column family [dc_entries]:
2019/10/17-14:54:04.662873 7fc3a9fcb700               Options.comparator: leveldb.BytewiseComparator
2019/10/17-14:54:04.662874 7fc3a9fcb700           Options.merge_operator: None
2019/10/17-14:54:04.662875 7fc3a9fcb700        Options.compaction_filter: None
2019/10/17-14:54:04.662875 7fc3a9fcb700        Options.compaction_filter_factory: None
2019/10/17-14:54:04.662876 7fc3a9fcb700         Options.memtable_factory: SkipListFactory
2019/10/17-14:54:04.662877 7fc3a9fcb700            Options.table_factory: BlockBasedTable
2019/10/17-14:54:04.662886 7fc3a9fcb700            table_factory options:   flush_block_policy_factory: FlushBlockBySizePolicyFactory (0x7fc35007b940)
  cache_index_and_filter_blocks: 0
  cache_index_and_filter_blocks_with_high_priority: 0
  pin_l0_filter_and_index_blocks_in_cache: 0
  pin_top_level_index_and_filter: 1
  index_type: 0
  hash_index_allow_collision: 1
  checksum: 1
  no_block_cache: 0
  block_cache: 0x7fc35006d160
  block_cache_name: LRUCache
  block_cache_options:
    capacity : 8388608
    num_shard_bits : 4
    strict_capacity_limit : 0
    memory_allocator : None
    high_pri_pool_ratio: 0.000
  block_cache_compressed: (nil)
  persistent_cache: (nil)
  block_size: 4096
  block_size_deviation: 10
  block_restart_interval: 16
  index_block_restart_interval: 1
  metadata_block_size: 4096
  partition_filters: 0
  use_delta_encoding: 1
  filter_policy: nullptr
  whole_key_filtering: 1
  verify_compression: 0
  read_amp_bytes_per_bit: 0
  format_version: 2
  enable_index_compression: 1
  block_align: 0
2019/10/17-14:54:04.662891 7fc3a9fcb700        Options.write_buffer_size: 67108864
2019/10/17-14:54:04.662892 7fc3a9fcb700  Options.max_write_buffer_number: 2
2019/10/17-14:54:04.662893 7fc3a9fcb700          Options.compression: NoCompression
2019/10/17-14:54:04.662893 7fc3a9fcb700                  Options.bottommost_compression: Disabled
2019/10/17-14:54:04.662894 7fc3a9fcb700       Options.prefix_extractor: nullptr
2019/10/17-14:54:04.662895 7fc3a9fcb700   Options.memtable_insert_with_hint_prefix_extractor: nullptr
2019/10/17-14:54:04.662895 7fc3a9fcb700             Options.num_levels: 7
2019/10/17-14:54:04.662896 7fc3a9fcb700        Options.min_write_buffer_number_to_merge: 1
2019/10/17-14:54:04.662897 7fc3a9fcb700     Options.max_write_buffer_number_to_maintain: 0
2019/10/17-14:54:04.662898 7fc3a9fcb700            Options.bottommost_compression_opts.window_bits: -14
2019/10/17-14:54:04.662898 7fc3a9fcb700                  Options.bottommost_compression_opts.level: 32767
2019/10/17-14:54:04.662899 7fc3a9fcb700               Options.bottommost_compression_opts.strategy: 0
2019/10/17-14:54:04.662900 7fc3a9fcb700         Options.bottommost_compression_opts.max_dict_bytes: 0
2019/10/17-14:54:04.662900 7fc3a9fcb700         Options.bottommost_compression_opts.zstd_max_train_bytes: 0
2019/10/17-14:54:04.662901 7fc3a9fcb700                  Options.bottommost_compression_opts.enabled: false
2019/10/17-14:54:04.662902 7fc3a9fcb700            Options.compression_opts.window_bits: -14
2019/10/17-14:54:04.662902 7fc3a9fcb700                  Options.compression_opts.level: 32767
2019/10/17-14:54:04.662903 7fc3a9fcb700               Options.compression_opts.strategy: 0
2019/10/17-14:54:04.662904 7fc3a9fcb700         Options.compression_opts.max_dict_bytes: 0
2019/10/17-14:54:04.662904 7fc3a9fcb700         Options.compression_opts.zstd_max_train_bytes: 0
2019/10/17-14:54:04.662905 7fc3a9fcb700                  Options.compression_opts.enabled: false
2019/10/17-14:54:04.662906 7fc3a9fcb700      Options.level0_file_num_compaction_trigger: 4
2019/10/17-14:54:04.662907 7fc3a9fcb700          Options.level0_slowdown_writes_trigger: 20
2019/10/17-14:54:04.662907 7fc3a9fcb700              Options.level0_stop_writes_trigger: 36
2019/10/17-14:54:04.662908 7fc3a9fcb700                   Options.target_file_size_base: 67108864
2019/10/17-14:54:04.662909 7fc3a9fcb700             Options.target_file_size_multiplier: 1
2019/10/17-14:54:04.662909 7fc3a9fcb700                Options.max_bytes_for_level_base: 268435456
2019/10/17-14:54:04.662910 7fc3a9fcb700 Options.level_compaction_dynamic_level_bytes: 0
2019/10/17-14:54:04.662911 7fc3a9fcb700          Options.max_bytes_for_level_multiplier: 10.000000
2019/10/17-14:54:04.662912 7fc3a9fcb700 Options.max_bytes_for_level_multiplier_addtl[0]: 1
2019/10/17-14:54:04.662913 7fc3a9fcb700 Options.max_bytes_for_level_multiplier_addtl[1]: 1
2019/10/17-14:54:04.662913 7fc3a9fcb700 Options.max_bytes_for_level_multiplier_addtl[2]: 1
2019/10/17-14:54:04.662914 7fc3a9fcb700 Options.max_bytes_for_level_multiplier_addtl[3]: 1
2019/10/17-14:54:04.662915 7fc3a9fcb700 Options.max_bytes_for_level_multiplier_addtl[4]: 1
2019/10/17-14:54:04.662916 7fc3a9fcb700 Options.max_bytes_for_level_multiplier_addtl[5]: 1
2019/10/17-14:54:04.662916 7fc3a9fcb700 Options.max_bytes_for_level_multiplier_addtl[6]: 1
2019/10/17-14:54:04.662917 7fc3a9fcb700       Options.max_sequential_skip_in_iterations: 8
2019/10/17-14:54:04.662918 7fc3a9fcb700                    Options.max_compaction_bytes: 1677721600
2019/10/17-14:54:04.662918 7fc3a9fcb700                        Options.arena_block_size: 8388608
2019/10/17-14:54:04.662919 7fc3a9fcb700   Options.soft_pending_compaction_bytes_limit: 68719476736
2019/10/17-14:54:04.662920 7fc3a9fcb700   Options.hard_pending_compaction_bytes_limit: 274877906944
2019/10/17-14:54:04.662921 7fc3a9fcb700       Options.rate_limit_delay_max_milliseconds: 100
2019/10/17-14:54:04.662921 7fc3a9fcb700                Options.disable_auto_compactions: 0
2019/10/17-14:54:04.662925 7fc3a9fcb700                        Options.compaction_style: kCompactionStyleLevel
2019/10/17-14:54:04.662926 7fc3a9fcb700                          Options.compaction_pri: kByCompensatedSize
2019/10/17-14:54:04.662927 7fc3a9fcb700 Options.compaction_options_universal.size_ratio: 1
2019/10/17-14:54:04.662928 7fc3a9fcb700 Options.compaction_options_universal.min_merge_width: 2
2019/10/17-14:54:04.662929 7fc3a9fcb700 Options.compaction_options_universal.max_merge_width: 4294967295
2019/10/17-14:54:04.662929 7fc3a9fcb700 Options.compaction_options_universal.max_size_amplification_percent: 200
2019/10/17-14:54:04.662930 7fc3a9fcb700 Options.compaction_options_universal.compression_size_percent: -1
2019/10/17-14:54:04.662931 7fc3a9fcb700 Options.compaction_options_universal.stop_style: kCompactionStopStyleTotalSize
2019/10/17-14:54:04.662931 7fc3a9fcb700 Options.compaction_options_fifo.max_table_files_size: 1073741824
2019/10/17-14:54:04.662932 7fc3a9fcb700 Options.compaction_options_fifo.allow_compaction: 0
2019/10/17-14:54:04.662933 7fc3a9fcb700 Options.compaction_options_fifo.ttl: 0
2019/10/17-14:54:04.662934 7fc3a9fcb700                   Options.table_properties_collectors: 
2019/10/17-14:54:04.662934 7fc3a9fcb700                   Options.inplace_update_support: 0
2019/10/17-14:54:04.662935 7fc3a9fcb700                 Options.inplace_update_num_locks: 10000
2019/10/17-14:54:04.662936 7fc3a9fcb700               Options.memtable_prefix_bloom_size_ratio: 0.000000
2019/10/17-14:54:04.662937 7fc3a9fcb700   Options.memtable_huge_page_size: 0
2019/10/17-14:54:04.662937 7fc3a9fcb700                           Options.bloom_locality: 0
2019/10/17-14:54:04.662938 7fc3a9fcb700                    Options.max_successive_merges: 0
2019/10/17-14:54:04.662939 7fc3a9fcb700                Options.optimize_filters_for_hits: 0
2019/10/17-14:54:04.662940 7fc3a9fcb700                Options.paranoid_file_checks: 0
2019/10/17-14:54:04.662940 7fc3a9fcb700                Options.force_consistency_checks: 0
2019/10/17-14:54:04.662941 7fc3a9fcb700                Options.report_bg_io_stats: 0
2019/10/17-14:54:04.662942 7fc3a9fcb700                               Options.ttl: 0
2019/10/17-14:54:04.662953 7fc3a9fcb700 [db/column_family.cc:472] --------------- Options for column family [htlcs]:
2019/10/17-14:54:04.662954 7fc3a9fcb700               Options.comparator: leveldb.BytewiseComparator
2019/10/17-14:54:04.662955 7fc3a9fcb700           Options.merge_operator: None
2019/10/17-14:54:04.662956 7fc3a9fcb700        Options.compaction_filter: None
2019/10/17-14:54:04.662957 7fc3a9fcb700        Options.compaction_filter_factory: None
2019/10/17-14:54:04.662957 7fc3a9fcb700         Options.memtable_factory: SkipListFactory
2019/10/17-14:54:04.662958 7fc3a9fcb700            Options.table_factory: BlockBasedTable
2019/10/17-14:54:04.662966 7fc3a9fcb700            table_factory options:   flush_block_policy_factory: FlushBlockBySizePolicyFactory (0x7fc35000eb00)
