2019/10/17-14:54:03.886986 7fc3a9fcb700 RocksDB version: 5.18.3
2019/10/17-14:54:03.887129 7fc3a9fcb700 Git sha rocksdb_build_git_sha:@0@
2019/10/17-14:54:03.887133 7fc3a9fcb700 Compile date Sep 19 2019
2019/10/17-14:54:03.887136 7fc3a9fcb700 DB SUMMARY
2019/10/17-14:54:03.888728 7fc3a9fcb700 CURRENT file:  CURRENT
2019/10/17-14:54:03.888732 7fc3a9fcb700 IDENTITY file:  IDENTITY
2019/10/17-14:54:03.888796 7fc3a9fcb700 MANIFEST file:  MANIFEST-114619 size: 4114 Bytes
2019/10/17-14:54:03.888800 7fc3a9fcb700 SST files in /home/rahul/dev/blockchain-core/eqc/ledger.db dir, Total Num: 29, files: 000624.sst 000627.sst 106940.sst 108447.sst 108450.sst 109471.sst 109483.sst 109485.sst 109486.sst 
2019/10/17-14:54:03.888803 7fc3a9fcb700 Write Ahead Log file in /home/rahul/dev/blockchain-core/eqc/ledger.db: 114620.log size: 0 ; 
2019/10/17-14:54:03.888877 7fc3a9fcb700                         Options.error_if_exists: 0
2019/10/17-14:54:03.888880 7fc3a9fcb700                       Options.create_if_missing: 1
2019/10/17-14:54:03.888882 7fc3a9fcb700                         Options.paranoid_checks: 1
2019/10/17-14:54:03.888884 7fc3a9fcb700                                     Options.env: 0x7fc32ae1fc60
2019/10/17-14:54:03.888886 7fc3a9fcb700                                Options.info_log: 0x7fc350042610
2019/10/17-14:54:03.888887 7fc3a9fcb700                Options.max_file_opening_threads: 16
2019/10/17-14:54:03.888889 7fc3a9fcb700                              Options.statistics: (nil)
2019/10/17-14:54:03.888891 7fc3a9fcb700                               Options.use_fsync: 0
2019/10/17-14:54:03.888893 7fc3a9fcb700                       Options.max_log_file_size: 0
2019/10/17-14:54:03.888895 7fc3a9fcb700                  Options.max_manifest_file_size: 1073741824
2019/10/17-14:54:03.888897 7fc3a9fcb700                   Options.log_file_time_to_roll: 0
2019/10/17-14:54:03.888899 7fc3a9fcb700                       Options.keep_log_file_num: 1000
2019/10/17-14:54:03.888900 7fc3a9fcb700                    Options.recycle_log_file_num: 0
2019/10/17-14:54:03.888902 7fc3a9fcb700                         Options.allow_fallocate: 1
2019/10/17-14:54:03.888904 7fc3a9fcb700                        Options.allow_mmap_reads: 0
2019/10/17-14:54:03.888906 7fc3a9fcb700                       Options.allow_mmap_writes: 0
2019/10/17-14:54:03.888907 7fc3a9fcb700                        Options.use_direct_reads: 0
2019/10/17-14:54:03.888909 7fc3a9fcb700                        Options.use_direct_io_for_flush_and_compaction: 0
2019/10/17-14:54:03.888910 7fc3a9fcb700          Options.create_missing_column_families: 0
2019/10/17-14:54:03.888912 7fc3a9fcb700                              Options.db_log_dir: 
2019/10/17-14:54:03.888914 7fc3a9fcb700                                 Options.wal_dir: /home/rahul/dev/blockchain-core/eqc/ledger.db
2019/10/17-14:54:03.888916 7fc3a9fcb700                Options.table_cache_numshardbits: 6
2019/10/17-14:54:03.888917 7fc3a9fcb700                      Options.max_subcompactions: 1
2019/10/17-14:54:03.888919 7fc3a9fcb700                  Options.max_background_flushes: -1
2019/10/17-14:54:03.888921 7fc3a9fcb700                         Options.WAL_ttl_seconds: 0
2019/10/17-14:54:03.888923 7fc3a9fcb700                       Options.WAL_size_limit_MB: 0
2019/10/17-14:54:03.888924 7fc3a9fcb700             Options.manifest_preallocation_size: 4194304
2019/10/17-14:54:03.888926 7fc3a9fcb700                     Options.is_fd_close_on_exec: 1
2019/10/17-14:54:03.888928 7fc3a9fcb700                   Options.advise_random_on_open: 1
2019/10/17-14:54:03.888929 7fc3a9fcb700                    Options.db_write_buffer_size: 0
2019/10/17-14:54:03.888931 7fc3a9fcb700                    Options.write_buffer_manager: 0x7fc3500618b0
2019/10/17-14:54:03.888933 7fc3a9fcb700         Options.access_hint_on_compaction_start: 1
2019/10/17-14:54:03.888934 7fc3a9fcb700  Options.new_table_reader_for_compaction_inputs: 0
2019/10/17-14:54:03.888936 7fc3a9fcb700           Options.random_access_max_buffer_size: 1048576
2019/10/17-14:54:03.888938 7fc3a9fcb700                      Options.use_adaptive_mutex: 0
2019/10/17-14:54:03.888939 7fc3a9fcb700                            Options.rate_limiter: (nil)
2019/10/17-14:54:03.888959 7fc3a9fcb700     Options.sst_file_manager.rate_bytes_per_sec: 0
2019/10/17-14:54:03.888961 7fc3a9fcb700                       Options.wal_recovery_mode: 2
2019/10/17-14:54:03.888963 7fc3a9fcb700                  Options.enable_thread_tracking: 0
2019/10/17-14:54:03.888964 7fc3a9fcb700                  Options.enable_pipelined_write: 0
2019/10/17-14:54:03.888966 7fc3a9fcb700         Options.allow_concurrent_memtable_write: 1
2019/10/17-14:54:03.888968 7fc3a9fcb700      Options.enable_write_thread_adaptive_yield: 1
2019/10/17-14:54:03.888969 7fc3a9fcb700             Options.write_thread_max_yield_usec: 100
2019/10/17-14:54:03.888971 7fc3a9fcb700            Options.write_thread_slow_yield_usec: 3
2019/10/17-14:54:03.888973 7fc3a9fcb700                               Options.row_cache: None
2019/10/17-14:54:03.888974 7fc3a9fcb700                              Options.wal_filter: None
2019/10/17-14:54:03.888976 7fc3a9fcb700             Options.avoid_flush_during_recovery: 0
2019/10/17-14:54:03.888978 7fc3a9fcb700             Options.allow_ingest_behind: 0
2019/10/17-14:54:03.888979 7fc3a9fcb700             Options.preserve_deletes: 0
2019/10/17-14:54:03.888981 7fc3a9fcb700             Options.two_write_queues: 0
2019/10/17-14:54:03.888983 7fc3a9fcb700             Options.manual_wal_flush: 0
2019/10/17-14:54:03.888985 7fc3a9fcb700             Options.max_background_jobs: 2
2019/10/17-14:54:03.888986 7fc3a9fcb700             Options.max_background_compactions: -1
2019/10/17-14:54:03.888988 7fc3a9fcb700             Options.avoid_flush_during_shutdown: 0
2019/10/17-14:54:03.888990 7fc3a9fcb700           Options.writable_file_max_buffer_size: 1048576
2019/10/17-14:54:03.888991 7fc3a9fcb700             Options.delayed_write_rate : 16777216
2019/10/17-14:54:03.888993 7fc3a9fcb700             Options.max_total_wal_size: 0
2019/10/17-14:54:03.888995 7fc3a9fcb700             Options.delete_obsolete_files_period_micros: 21600000000
2019/10/17-14:54:03.888997 7fc3a9fcb700                   Options.stats_dump_period_sec: 600
2019/10/17-14:54:03.888998 7fc3a9fcb700                          Options.max_open_files: -1
2019/10/17-14:54:03.889000 7fc3a9fcb700                          Options.bytes_per_sync: 0
2019/10/17-14:54:03.889002 7fc3a9fcb700                      Options.wal_bytes_per_sync: 0
2019/10/17-14:54:03.889003 7fc3a9fcb700       Options.compaction_readahead_size: 0
2019/10/17-14:54:03.889005 7fc3a9fcb700 Compression algorithms supported:
2019/10/17-14:54:03.889007 7fc3a9fcb700 	kZSTDNotFinalCompression supported: 0
2019/10/17-14:54:03.889009 7fc3a9fcb700 	kZSTD supported: 0
2019/10/17-14:54:03.889011 7fc3a9fcb700 	kXpressCompression supported: 0
2019/10/17-14:54:03.889013 7fc3a9fcb700 	kLZ4HCCompression supported: 0
2019/10/17-14:54:03.889015 7fc3a9fcb700 	kLZ4Compression supported: 0
2019/10/17-14:54:03.889017 7fc3a9fcb700 	kBZip2Compression supported: 0
2019/10/17-14:54:03.889018 7fc3a9fcb700 	kZlibCompression supported: 0
2019/10/17-14:54:03.889020 7fc3a9fcb700 	kSnappyCompression supported: 0
2019/10/17-14:54:03.889024 7fc3a9fcb700 Fast CRC32 supported: Supported on x86
2019/10/17-14:54:03.889222 7fc3a9fcb700 [db/version_set.cc:3507] Recovering from manifest file: MANIFEST-114619
2019/10/17-14:54:03.889293 7fc3a9fcb700 [db/column_family.cc:472] --------------- Options for column family [default]:
2019/10/17-14:54:03.889297 7fc3a9fcb700               Options.comparator: leveldb.BytewiseComparator
2019/10/17-14:54:03.889299 7fc3a9fcb700           Options.merge_operator: None
2019/10/17-14:54:03.889301 7fc3a9fcb700        Options.compaction_filter: None
2019/10/17-14:54:03.889302 7fc3a9fcb700        Options.compaction_filter_factory: None
2019/10/17-14:54:03.889304 7fc3a9fcb700         Options.memtable_factory: SkipListFactory
2019/10/17-14:54:03.889306 7fc3a9fcb700            Options.table_factory: BlockBasedTable
2019/10/17-14:54:03.889336 7fc3a9fcb700            table_factory options:   flush_block_policy_factory: FlushBlockBySizePolicyFactory (0x7fc3500a5260)
  cache_index_and_filter_blocks: 0
  cache_index_and_filter_blocks_with_high_priority: 0
  pin_l0_filter_and_index_blocks_in_cache: 0
  pin_top_level_index_and_filter: 1
  index_type: 0
  hash_index_allow_collision: 1
  checksum: 1
  no_block_cache: 0
  block_cache: 0x7fc350015950
  block_cache_name: LRUCache
  block_cache_options:
    capacity : 8388608
    num_shard_bits : 4
    strict_capacity_limit : 0
    memory_allocator : None
    high_pri_pool_ratio: 0.000
  block_cache_compressed: (nil)
  persistent_cache: (nil)
  block_size: 4096
  block_size_deviation: 10
  block_restart_interval: 16
  index_block_restart_interval: 1
  metadata_block_size: 4096
  partition_filters: 0
  use_delta_encoding: 1
  filter_policy: nullptr
  whole_key_filtering: 1
  verify_compression: 0
  read_amp_bytes_per_bit: 0
  format_version: 2
  enable_index_compression: 1
  block_align: 0
2019/10/17-14:54:03.889355 7fc3a9fcb700        Options.write_buffer_size: 67108864
2019/10/17-14:54:03.889357 7fc3a9fcb700  Options.max_write_buffer_number: 2
2019/10/17-14:54:03.889360 7fc3a9fcb700          Options.compression: NoCompression
2019/10/17-14:54:03.889361 7fc3a9fcb700                  Options.bottommost_compression: Disabled
2019/10/17-14:54:03.889363 7fc3a9fcb700       Options.prefix_extractor: nullptr
2019/10/17-14:54:03.889365 7fc3a9fcb700   Options.memtable_insert_with_hint_prefix_extractor: nullptr
2019/10/17-14:54:03.889367 7fc3a9fcb700             Options.num_levels: 7
2019/10/17-14:54:03.889368 7fc3a9fcb700        Options.min_write_buffer_number_to_merge: 1
2019/10/17-14:54:03.889370 7fc3a9fcb700     Options.max_write_buffer_number_to_maintain: 0
2019/10/17-14:54:03.889372 7fc3a9fcb700            Options.bottommost_compression_opts.window_bits: -14
2019/10/17-14:54:03.889373 7fc3a9fcb700                  Options.bottommost_compression_opts.level: 32767
2019/10/17-14:54:03.889375 7fc3a9fcb700               Options.bottommost_compression_opts.strategy: 0
2019/10/17-14:54:03.889377 7fc3a9fcb700         Options.bottommost_compression_opts.max_dict_bytes: 0
2019/10/17-14:54:03.889378 7fc3a9fcb700         Options.bottommost_compression_opts.zstd_max_train_bytes: 0
2019/10/17-14:54:03.889380 7fc3a9fcb700                  Options.bottommost_compression_opts.enabled: false
2019/10/17-14:54:03.889382 7fc3a9fcb700            Options.compression_opts.window_bits: -14
2019/10/17-14:54:03.889384 7fc3a9fcb700                  Options.compression_opts.level: 32767
2019/10/17-14:54:03.889385 7fc3a9fcb700               Options.compression_opts.strategy: 0
2019/10/17-14:54:03.889387 7fc3a9fcb700         Options.compression_opts.max_dict_bytes: 0
2019/10/17-14:54:03.889389 7fc3a9fcb700         Options.compression_opts.zstd_max_train_bytes: 0
2019/10/17-14:54:03.889390 7fc3a9fcb700                  Options.compression_opts.enabled: false
2019/10/17-14:54:03.889392 7fc3a9fcb700      Options.level0_file_num_compaction_trigger: 4
2019/10/17-14:54:03.889394 7fc3a9fcb700          Options.level0_slowdown_writes_trigger: 20
2019/10/17-14:54:03.889395 7fc3a9fcb700              Options.level0_stop_writes_trigger: 36
2019/10/17-14:54:03.889397 7fc3a9fcb700                   Options.target_file_size_base: 67108864
2019/10/17-14:54:03.889399 7fc3a9fcb700             Options.target_file_size_multiplier: 1
2019/10/17-14:54:03.889401 7fc3a9fcb700                Options.max_bytes_for_level_base: 268435456
2019/10/17-14:54:03.889402 7fc3a9fcb700 Options.level_compaction_dynamic_level_bytes: 0
2019/10/17-14:54:03.889404 7fc3a9fcb700          Options.max_bytes_for_level_multiplier: 10.000000
2019/10/17-14:54:03.889408 7fc3a9fcb700 Options.max_bytes_for_level_multiplier_addtl[0]: 1
2019/10/17-14:54:03.889410 7fc3a9fcb700 Options.max_bytes_for_level_multiplier_addtl[1]: 1
2019/10/17-14:54:03.889412 7fc3a9fcb700 Options.max_bytes_for_level_multiplier_addtl[2]: 1
2019/10/17-14:54:03.889413 7fc3a9fcb700 Options.max_bytes_for_level_multiplier_addtl[3]: 1
2019/10/17-14:54:03.889415 7fc3a9fcb700 Options.max_bytes_for_level_multiplier_addtl[4]: 1
2019/10/17-14:54:03.889425 7fc3a9fcb700 Options.max_bytes_for_level_multiplier_addtl[5]: 1
2019/10/17-14:54:03.889427 7fc3a9fcb700 Options.max_bytes_for_level_multiplier_addtl[6]: 1
2019/10/17-14:54:03.889429 7fc3a9fcb700       Options.max_sequential_skip_in_iterations: 8
2019/10/17-14:54:03.889430 7fc3a9fcb700                    Options.max_compaction_bytes: 1677721600
2019/10/17-14:54:03.889432 7fc3a9fcb700                        Options.arena_block_size: 8388608
2019/10/17-14:54:03.889434 7fc3a9fcb700   Options.soft_pending_compaction_bytes_limit: 68719476736
2019/10/17-14:54:03.889436 7fc3a9fcb700   Options.hard_pending_compaction_bytes_limit: 274877906944
2019/10/17-14:54:03.889438 7fc3a9fcb700       Options.rate_limit_delay_max_milliseconds: 100
2019/10/17-14:54:03.889439 7fc3a9fcb700                Options.disable_auto_compactions: 0
2019/10/17-14:54:03.889442 7fc3a9fcb700                        Options.compaction_style: kCompactionStyleLevel
2019/10/17-14:54:03.889444 7fc3a9fcb700                          Options.compaction_pri: kByCompensatedSize
2019/10/17-14:54:03.889446 7fc3a9fcb700 Options.compaction_options_universal.size_ratio: 1
2019/10/17-14:54:03.889448 7fc3a9fcb700 Options.compaction_options_universal.min_merge_width: 2
2019/10/17-14:54:03.889449 7fc3a9fcb700 Options.compaction_options_universal.max_merge_width: 4294967295
2019/10/17-14:54:03.889451 7fc3a9fcb700 Options.compaction_options_universal.max_size_amplification_percent: 200
2019/10/17-14:54:03.889453 7fc3a9fcb700 Options.compaction_options_universal.compression_size_percent: -1
2019/10/17-14:54:03.889455 7fc3a9fcb700 Options.compaction_options_universal.stop_style: kCompactionStopStyleTotalSize
2019/10/17-14:54:03.889457 7fc3a9fcb700 Options.compaction_options_fifo.max_table_files_size: 1073741824
2019/10/17-14:54:03.889458 7fc3a9fcb700 Options.compaction_options_fifo.allow_compaction: 0
2019/10/17-14:54:03.889460 7fc3a9fcb700 Options.compaction_options_fifo.ttl: 0
2019/10/17-14:54:03.889462 7fc3a9fcb700                   Options.table_properties_collectors: 
2019/10/17-14:54:03.889464 7fc3a9fcb700                   Options.inplace_update_support: 0
2019/10/17-14:54:03.889465 7fc3a9fcb700                 Options.inplace_update_num_locks: 10000
2019/10/17-14:54:03.889467 7fc3a9fcb700               Options.memtable_prefix_bloom_size_ratio: 0.000000
2019/10/17-14:54:03.889470 7fc3a9fcb700   Options.memtable_huge_page_size: 0
2019/10/17-14:54:03.889471 7fc3a9fcb700                           Options.bloom_locality: 0
2019/10/17-14:54:03.889473 7fc3a9fcb700                    Options.max_successive_merges: 0
2019/10/17-14:54:03.889475 7fc3a9fcb700                Options.optimize_filters_for_hits: 0
2019/10/17-14:54:03.889476 7fc3a9fcb700                Options.paranoid_file_checks: 0
2019/10/17-14:54:03.889478 7fc3a9fcb700                Options.force_consistency_checks: 0
2019/10/17-14:54:03.889480 7fc3a9fcb700                Options.report_bg_io_stats: 0
2019/10/17-14:54:03.889481 7fc3a9fcb700                               Options.ttl: 0
2019/10/17-14:54:03.889538 7fc3a9fcb700 [db/column_family.cc:472] --------------- Options for column family [active_gateways]:
2019/10/17-14:54:03.889541 7fc3a9fcb700               Options.comparator: leveldb.BytewiseComparator
2019/10/17-14:54:03.889543 7fc3a9fcb700           Options.merge_operator: None
2019/10/17-14:54:03.889544 7fc3a9fcb700        Options.compaction_filter: None
2019/10/17-14:54:03.889546 7fc3a9fcb700        Options.compaction_filter_factory: None
2019/10/17-14:54:03.889548 7fc3a9fcb700         Options.memtable_factory: SkipListFactory
2019/10/17-14:54:03.889550 7fc3a9fcb700            Options.table_factory: BlockBasedTable
2019/10/17-14:54:03.889573 7fc3a9fcb700            table_factory options:   flush_block_policy_factory: FlushBlockBySizePolicyFactory (0x7fc350034870)
  cache_index_and_filter_blocks: 0
  cache_index_and_filter_blocks_with_high_priority: 0
  pin_l0_filter_and_index_blocks_in_cache: 0
  pin_top_level_index_and_filter: 1
  index_type: 0
  hash_index_allow_collision: 1
  checksum: 1
  no_block_cache: 0
  block_cache: 0x7fc3500950b0
  block_cache_name: LRUCache
  block_cache_options:
    capacity : 8388608
    num_shard_bits : 4
    strict_capacity_limit : 0
    memory_allocator : None
    high_pri_pool_ratio: 0.000
  block_cache_compressed: (nil)
  persistent_cache: (nil)
  block_size: 4096
  block_size_deviation: 10
  block_restart_interval: 16
  index_block_restart_interval: 1
  metadata_block_size: 4096
  partition_filters: 0
  use_delta_encoding: 1
  filter_policy: nullptr
  whole_key_filtering: 1
  verify_compression: 0
  read_amp_bytes_per_bit: 0
  format_version: 2
  enable_index_compression: 1
  block_align: 0
2019/10/17-14:54:03.889587 7fc3a9fcb700        Options.write_buffer_size: 67108864
2019/10/17-14:54:03.889589 7fc3a9fcb700  Options.max_write_buffer_number: 2
2019/10/17-14:54:03.889591 7fc3a9fcb700          Options.compression: NoCompression
2019/10/17-14:54:03.889593 7fc3a9fcb700                  Options.bottommost_compression: Disabled
2019/10/17-14:54:03.889595 7fc3a9fcb700       Options.prefix_extractor: nullptr
2019/10/17-14:54:03.889596 7fc3a9fcb700   Options.memtable_insert_with_hint_prefix_extractor: nullptr
2019/10/17-14:54:03.889598 7fc3a9fcb700             Options.num_levels: 7
2019/10/17-14:54:03.889599 7fc3a9fcb700        Options.min_write_buffer_number_to_merge: 1
2019/10/17-14:54:03.889601 7fc3a9fcb700     Options.max_write_buffer_number_to_maintain: 0
2019/10/17-14:54:03.889603 7fc3a9fcb700            Options.bottommost_compression_opts.window_bits: -14
2019/10/17-14:54:03.889604 7fc3a9fcb700                  Options.bottommost_compression_opts.level: 32767
2019/10/17-14:54:03.889606 7fc3a9fcb700               Options.bottommost_compression_opts.strategy: 0
2019/10/17-14:54:03.889608 7fc3a9fcb700         Options.bottommost_compression_opts.max_dict_bytes: 0
2019/10/17-14:54:03.889609 7fc3a9fcb700         Options.bottommost_compression_opts.zstd_max_train_bytes: 0
2019/10/17-14:54:03.889611 7fc3a9fcb700                  Options.bottommost_compression_opts.enabled: false
2019/10/17-14:54:03.889613 7fc3a9fcb700            Options.compression_opts.window_bits: -14
2019/10/17-14:54:03.889614 7fc3a9fcb700                  Options.compression_opts.level: 32767
2019/10/17-14:54:03.889616 7fc3a9fcb700               Options.compression_opts.strategy: 0
2019/10/17-14:54:03.889618 7fc3a9fcb700         Options.compression_opts.max_dict_bytes: 0
2019/10/17-14:54:03.889619 7fc3a9fcb700         Options.compression_opts.zstd_max_train_bytes: 0
2019/10/17-14:54:03.889621 7fc3a9fcb700                  Options.compression_opts.enabled: false
2019/10/17-14:54:03.889623 7fc3a9fcb700      Options.level0_file_num_compaction_trigger: 4
2019/10/17-14:54:03.889624 7fc3a9fcb700          Options.level0_slowdown_writes_trigger: 20
2019/10/17-14:54:03.889626 7fc3a9fcb700              Options.level0_stop_writes_trigger: 36
2019/10/17-14:54:03.889628 7fc3a9fcb700                   Options.target_file_size_base: 67108864
2019/10/17-14:54:03.889629 7fc3a9fcb700             Options.target_file_size_multiplier: 1
2019/10/17-14:54:03.889631 7fc3a9fcb700                Options.max_bytes_for_level_base: 268435456
2019/10/17-14:54:03.889633 7fc3a9fcb700 Options.level_compaction_dynamic_level_bytes: 0
2019/10/17-14:54:03.889634 7fc3a9fcb700          Options.max_bytes_for_level_multiplier: 10.000000
2019/10/17-14:54:03.889638 7fc3a9fcb700 Options.max_bytes_for_level_multiplier_addtl[0]: 1
2019/10/17-14:54:03.889640 7fc3a9fcb700 Options.max_bytes_for_level_multiplier_addtl[1]: 1
2019/10/17-14:54:03.889641 7fc3a9fcb700 Options.max_bytes_for_level_multiplier_addtl[2]: 1
2019/10/17-14:54:03.889643 7fc3a9fcb700 Options.max_bytes_for_level_multiplier_addtl[3]: 1
2019/10/17-14:54:03.889645 7fc3a9fcb700 Options.max_bytes_for_level_multiplier_addtl[4]: 1
2019/10/17-14:54:03.889646 7fc3a9fcb700 Options.max_bytes_for_level_multiplier_addtl[5]: 1
2019/10/17-14:54:03.889648 7fc3a9fcb700 Options.max_bytes_for_level_multiplier_addtl[6]: 1
2019/10/17-14:54:03.889650 7fc3a9fcb700       Options.max_sequential_skip_in_iterations: 8
2019/10/17-14:54:03.889659 7fc3a9fcb700                    Options.max_compaction_bytes: 1677721600
2019/10/17-14:54:03.889661 7fc3a9fcb700                        Options.arena_block_size: 8388608
2019/10/17-14:54:03.889662 7fc3a9fcb700   Options.soft_pending_compaction_bytes_limit: 68719476736
2019/10/17-14:54:03.889664 7fc3a9fcb700   Options.hard_pending_compaction_bytes_limit: 274877906944
2019/10/17-14:54:03.889666 7fc3a9fcb700       Options.rate_limit_delay_max_milliseconds: 100
2019/10/17-14:54:03.889668 7fc3a9fcb700                Options.disable_auto_compactions: 0
2019/10/17-14:54:03.889670 7fc3a9fcb700                        Options.compaction_style: kCompactionStyleLevel
2019/10/17-14:54:03.889672 7fc3a9fcb700                          Options.compaction_pri: kByCompensatedSize
2019/10/17-14:54:03.889674 7fc3a9fcb700 Options.compaction_options_universal.size_ratio: 1
2019/10/17-14:54:03.889676 7fc3a9fcb700 Options.compaction_options_universal.min_merge_width: 2
2019/10/17-14:54:03.889677 7fc3a9fcb700 Options.compaction_options_universal.max_merge_width: 4294967295
2019/10/17-14:54:03.889679 7fc3a9fcb700 Options.compaction_options_universal.max_size_amplification_percent: 200
2019/10/17-14:54:03.889681 7fc3a9fcb700 Options.compaction_options_universal.compression_size_percent: -1
2019/10/17-14:54:03.889683 7fc3a9fcb700 Options.compaction_options_universal.stop_style: kCompactionStopStyleTotalSize
2019/10/17-14:54:03.889685 7fc3a9fcb700 Options.compaction_options_fifo.max_table_files_size: 1073741824
2019/10/17-14:54:03.889686 7fc3a9fcb700 Options.compaction_options_fifo.allow_compaction: 0
2019/10/17-14:54:03.889688 7fc3a9fcb700 Options.compaction_options_fifo.ttl: 0
2019/10/17-14:54:03.889690 7fc3a9fcb700                   Options.table_properties_collectors: 
2019/10/17-14:54:03.889691 7fc3a9fcb700                   Options.inplace_update_support: 0
2019/10/17-14:54:03.889693 7fc3a9fcb700                 Options.inplace_update_num_locks: 10000
2019/10/17-14:54:03.889695 7fc3a9fcb700               Options.memtable_prefix_bloom_size_ratio: 0.000000
2019/10/17-14:54:03.889697 7fc3a9fcb700   Options.memtable_huge_page_size: 0
2019/10/17-14:54:03.889699 7fc3a9fcb700                           Options.bloom_locality: 0
2019/10/17-14:54:03.889700 7fc3a9fcb700                    Options.max_successive_merges: 0
2019/10/17-14:54:03.889702 7fc3a9fcb700                Options.optimize_filters_for_hits: 0
2019/10/17-14:54:03.889703 7fc3a9fcb700                Options.paranoid_file_checks: 0
2019/10/17-14:54:03.889705 7fc3a9fcb700                Options.force_consistency_checks: 0
2019/10/17-14:54:03.889707 7fc3a9fcb700                Options.report_bg_io_stats: 0
2019/10/17-14:54:03.889708 7fc3a9fcb700                               Options.ttl: 0
2019/10/17-14:54:03.889742 7fc3a9fcb700 [db/column_family.cc:472] --------------- Options for column family [entries]:
2019/10/17-14:54:03.889745 7fc3a9fcb700               Options.comparator: leveldb.BytewiseComparator
2019/10/17-14:54:03.889747 7fc3a9fcb700           Options.merge_operator: None
2019/10/17-14:54:03.889749 7fc3a9fcb700        Options.compaction_filter: None
2019/10/17-14:54:03.889750 7fc3a9fcb700        Options.compaction_filter_factory: None
2019/10/17-14:54:03.889752 7fc3a9fcb700         Options.memtable_factory: SkipListFactory
2019/10/17-14:54:03.889754 7fc3a9fcb700            Options.table_factory: BlockBasedTable
2019/10/17-14:54:03.889775 7fc3a9fcb700            table_factory options:   flush_block_policy_factory: FlushBlockBySizePolicyFactory (0x7fc3501011b0)
  cache_index_and_filter_blocks: 0
  cache_index_and_filter_blocks_with_high_priority: 0
  pin_l0_filter_and_index_blocks_in_cache: 0
  pin_top_level_index_and_filter: 1
  index_type: 0
  hash_index_allow_collision: 1
  checksum: 1
  no_block_cache: 0
  block_cache: 0x7fc3500298a0
  block_cache_name: LRUCache
  block_cache_options:
    capacity : 8388608
    num_shard_bits : 4
    strict_capacity_limit : 0
    memory_allocator : None
    high_pri_pool_ratio: 0.000
  block_cache_compressed: (nil)
  persistent_cache: (nil)
  block_size: 4096
  block_size_deviation: 10
  block_restart_interval: 16
  index_block_restart_interval: 1
  metadata_block_size: 4096
  partition_filters: 0
  use_delta_encoding: 1
  filter_policy: nullptr
  whole_key_filtering: 1
  verify_compression: 0
  read_amp_bytes_per_bit: 0
  format_version: 2
  enable_index_compression: 1
  block_align: 0
2019/10/17-14:54:03.889788 7fc3a9fcb700        Options.write_buffer_size: 67108864
2019/10/17-14:54:03.889790 7fc3a9fcb700  Options.max_write_buffer_number: 2
2019/10/17-14:54:03.889792 7fc3a9fcb700          Options.compression: NoCompression
2019/10/17-14:54:03.889794 7fc3a9fcb700                  Options.bottommost_compression: Disabled
2019/10/17-14:54:03.889795 7fc3a9fcb700       Options.prefix_extractor: nullptr
2019/10/17-14:54:03.889797 7fc3a9fcb700   Options.memtable_insert_with_hint_prefix_extractor: nullptr
2019/10/17-14:54:03.889799 7fc3a9fcb700             Options.num_levels: 7
2019/10/17-14:54:03.889800 7fc3a9fcb700        Options.min_write_buffer_number_to_merge: 1
2019/10/17-14:54:03.889802 7fc3a9fcb700     Options.max_write_buffer_number_to_maintain: 0
2019/10/17-14:54:03.889804 7fc3a9fcb700            Options.bottommost_compression_opts.window_bits: -14
2019/10/17-14:54:03.889805 7fc3a9fcb700                  Options.bottommost_compression_opts.level: 32767
2019/10/17-14:54:03.889807 7fc3a9fcb700               Options.bottommost_compression_opts.strategy: 0
2019/10/17-14:54:03.889809 7fc3a9fcb700         Options.bottommost_compression_opts.max_dict_bytes: 0
2019/10/17-14:54:03.889810 7fc3a9fcb700         Options.bottommost_compression_opts.zstd_max_train_bytes: 0
2019/10/17-14:54:03.889812 7fc3a9fcb700                  Options.bottommost_compression_opts.enabled: false
2019/10/17-14:54:03.889814 7fc3a9fcb700            Options.compression_opts.window_bits: -14
2019/10/17-14:54:03.889815 7fc3a9fcb700                  Options.compression_opts.level: 32767
2019/10/17-14:54:03.889817 7fc3a9fcb700               Options.compression_opts.strategy: 0
2019/10/17-14:54:03.889819 7fc3a9fcb700         Options.compression_opts.max_dict_bytes: 0
2019/10/17-14:54:03.889820 7fc3a9fcb700         Options.compression_opts.zstd_max_train_bytes: 0
2019/10/17-14:54:03.889822 7fc3a9fcb700                  Options.compression_opts.enabled: false
2019/10/17-14:54:03.889824 7fc3a9fcb700      Options.level0_file_num_compaction_trigger: 4
2019/10/17-14:54:03.889825 7fc3a9fcb700          Options.level0_slowdown_writes_trigger: 20
2019/10/17-14:54:03.889827 7fc3a9fcb700              Options.level0_stop_writes_trigger: 36
2019/10/17-14:54:03.889829 7fc3a9fcb700                   Options.target_file_size_base: 67108864
2019/10/17-14:54:03.889830 7fc3a9fcb700             Options.target_file_size_multiplier: 1
2019/10/17-14:54:03.889832 7fc3a9fcb700                Options.max_bytes_for_level_base: 268435456
2019/10/17-14:54:03.889834 7fc3a9fcb700 Options.level_compaction_dynamic_level_bytes: 0
2019/10/17-14:54:03.889835 7fc3a9fcb700          Options.max_bytes_for_level_multiplier: 10.000000
2019/10/17-14:54:03.889838 7fc3a9fcb700 Options.max_bytes_for_level_multiplier_addtl[0]: 1
2019/10/17-14:54:03.889840 7fc3a9fcb700 Options.max_bytes_for_level_multiplier_addtl[1]: 1
2019/10/17-14:54:03.889841 7fc3a9fcb700 Options.max_bytes_for_level_multiplier_addtl[2]: 1
2019/10/17-14:54:03.889843 7fc3a9fcb700 Options.max_bytes_for_level_multiplier_addtl[3]: 1
2019/10/17-14:54:03.889845 7fc3a9fcb700 Options.max_bytes_for_level_multiplier_addtl[4]: 1
2019/10/17-14:54:03.889846 7fc3a9fcb700 Options.max_bytes_for_level_multiplier_addtl[5]: 1
2019/10/17-14:54:03.889848 7fc3a9fcb700 Options.max_bytes_for_level_multiplier_addtl[6]: 1
2019/10/17-14:54:03.889850 7fc3a9fcb700       Options.max_sequential_skip_in_iterations: 8
2019/10/17-14:54:03.889851 7fc3a9fcb700                    Options.max_compaction_bytes: 1677721600
2019/10/17-14:54:03.889853 7fc3a9fcb700                        Options.arena_block_size: 8388608
2019/10/17-14:54:03.889855 7fc3a9fcb700   Options.soft_pending_compaction_bytes_limit: 68719476736
2019/10/17-14:54:03.889864 7fc3a9fcb700   Options.hard_pending_compaction_bytes_limit: 274877906944
2019/10/17-14:54:03.889866 7fc3a9fcb700       Options.rate_limit_delay_max_milliseconds: 100
2019/10/17-14:54:03.889868 7fc3a9fcb700                Options.disable_auto_compactions: 0
2019/10/17-14:54:03.889870 7fc3a9fcb700                        Options.compaction_style: kCompactionStyleLevel
2019/10/17-14:54:03.889872 7fc3a9fcb700                          Options.compaction_pri: kByCompensatedSize
2019/10/17-14:54:03.889874 7fc3a9fcb700 Options.compaction_options_universal.size_ratio: 1
2019/10/17-14:54:03.889876 7fc3a9fcb700 Options.compaction_options_universal.min_merge_width: 2
2019/10/17-14:54:03.889877 7fc3a9fcb700 Options.compaction_options_universal.max_merge_width: 4294967295
2019/10/17-14:54:03.889879 7fc3a9fcb700 Options.compaction_options_universal.max_size_amplification_percent: 200
2019/10/17-14:54:03.889880 7fc3a9fcb700 Options.compaction_options_universal.compression_size_percent: -1
2019/10/17-14:54:03.889882 7fc3a9fcb700 Options.compaction_options_universal.stop_style: kCompactionStopStyleTotalSize
2019/10/17-14:54:03.889884 7fc3a9fcb700 Options.compaction_options_fifo.max_table_files_size: 1073741824
2019/10/17-14:54:03.889886 7fc3a9fcb700 Options.compaction_options_fifo.allow_compaction: 0
2019/10/17-14:54:03.889887 7fc3a9fcb700 Options.compaction_options_fifo.ttl: 0
2019/10/17-14:54:03.889889 7fc3a9fcb700                   Options.table_properties_collectors: 
2019/10/17-14:54:03.889890 7fc3a9fcb700                   Options.inplace_update_support: 0
2019/10/17-14:54:03.889892 7fc3a9fcb700                 Options.inplace_update_num_locks: 10000
2019/10/17-14:54:03.889894 7fc3a9fcb700               Options.memtable_prefix_bloom_size_ratio: 0.000000
2019/10/17-14:54:03.889896 7fc3a9fcb700   Options.memtable_huge_page_size: 0
2019/10/17-14:54:03.889898 7fc3a9fcb700                           Options.bloom_locality: 0
2019/10/17-14:54:03.889899 7fc3a9fcb700                    Options.max_successive_merges: 0
2019/10/17-14:54:03.889901 7fc3a9fcb700                Options.optimize_filters_for_hits: 0
2019/10/17-14:54:03.889903 7fc3a9fcb700                Options.paranoid_file_checks: 0
2019/10/17-14:54:03.889904 7fc3a9fcb700                Options.force_consistency_checks: 0
2019/10/17-14:54:03.889906 7fc3a9fcb700                Options.report_bg_io_stats: 0
2019/10/17-14:54:03.889908 7fc3a9fcb700                               Options.ttl: 0
2019/10/17-14:54:03.889938 7fc3a9fcb700 [db/column_family.cc:472] --------------- Options for column family [dc_entries]:
2019/10/17-14:54:03.889941 7fc3a9fcb700               Options.comparator: leveldb.BytewiseComparator
2019/10/17-14:54:03.889943 7fc3a9fcb700           Options.merge_operator: None
2019/10/17-14:54:03.889945 7fc3a9fcb700        Options.compaction_filter: None
2019/10/17-14:54:03.889946 7fc3a9fcb700        Options.compaction_filter_factory: None
2019/10/17-14:54:03.889948 7fc3a9fcb700         Options.memtable_factory: SkipListFactory
2019/10/17-14:54:03.889950 7fc3a9fcb700            Options.table_factory: BlockBasedTable
2019/10/17-14:54:03.889970 7fc3a9fcb700            table_factory options:   flush_block_policy_factory: FlushBlockBySizePolicyFactory (0x7fc35008c0c0)
  cache_index_and_filter_blocks: 0
  cache_index_and_filter_blocks_with_high_priority: 0
  pin_l0_filter_and_index_blocks_in_cache: 0
  pin_top_level_index_and_filter: 1
  index_type: 0
  hash_index_allow_collision: 1
  checksum: 1
  no_block_cache: 0
  block_cache: 0x7fc350044230
  block_cache_name: LRUCache
  block_cache_options:
    capacity : 8388608
    num_shard_bits : 4
    strict_capacity_limit : 0
    memory_allocator : None
    high_pri_pool_ratio: 0.000
  block_cache_compressed: (nil)
  persistent_cache: (nil)
  block_size: 4096
  block_size_deviation: 10
  block_restart_interval: 16
  index_block_restart_interval: 1
  metadata_block_size: 4096
  partition_filters: 0
  use_delta_encoding: 1
  filter_policy: nullptr
  whole_key_filtering: 1
  verify_compression: 0
  read_amp_bytes_per_bit: 0
  format_version: 2
  enable_index_compression: 1
  block_align: 0
2019/10/17-14:54:03.889983 7fc3a9fcb700        Options.write_buffer_size: 67108864
2019/10/17-14:54:03.889985 7fc3a9fcb700  Options.max_write_buffer_number: 2
2019/10/17-14:54:03.889987 7fc3a9fcb700          Options.compression: NoCompression
2019/10/17-14:54:03.889989 7fc3a9fcb700                  Options.bottommost_compression: Disabled
2019/10/17-14:54:03.889990 7fc3a9fcb700       Options.prefix_extractor: nullptr
2019/10/17-14:54:03.889992 7fc3a9fcb700   Options.memtable_insert_with_hint_prefix_extractor: nullptr
2019/10/17-14:54:03.889993 7fc3a9fcb700             Options.num_levels: 7
2019/10/17-14:54:03.889995 7fc3a9fcb700        Options.min_write_buffer_number_to_merge: 1
2019/10/17-14:54:03.889997 7fc3a9fcb700     Options.max_write_buffer_number_to_maintain: 0
2019/10/17-14:54:03.889998 7fc3a9fcb700            Options.bottommost_compression_opts.window_bits: -14
2019/10/17-14:54:03.890000 7fc3a9fcb700                  Options.bottommost_compression_opts.level: 32767
2019/10/17-14:54:03.890002 7fc3a9fcb700               Options.bottommost_compression_opts.strategy: 0
2019/10/17-14:54:03.890003 7fc3a9fcb700         Options.bottommost_compression_opts.max_dict_bytes: 0
2019/10/17-14:54:03.890005 7fc3a9fcb700         Options.bottommost_compression_opts.zstd_max_train_bytes: 0
2019/10/17-14:54:03.890006 7fc3a9fcb700                  Options.bottommost_compression_opts.enabled: false
2019/10/17-14:54:03.890008 7fc3a9fcb700            Options.compression_opts.window_bits: -14
2019/10/17-14:54:03.890010 7fc3a9fcb700                  Options.compression_opts.level: 32767
2019/10/17-14:54:03.890011 7fc3a9fcb700               Options.compression_opts.strategy: 0
2019/10/17-14:54:03.890013 7fc3a9fcb700         Options.compression_opts.max_dict_bytes: 0
2019/10/17-14:54:03.890015 7fc3a9fcb700         Options.compression_opts.zstd_max_train_bytes: 0
2019/10/17-14:54:03.890016 7fc3a9fcb700                  Options.compression_opts.enabled: false
2019/10/17-14:54:03.890018 7fc3a9fcb700      Options.level0_file_num_compaction_trigger: 4
2019/10/17-14:54:03.890020 7fc3a9fcb700          Options.level0_slowdown_writes_trigger: 20
2019/10/17-14:54:03.890021 7fc3a9fcb700              Options.level0_stop_writes_trigger: 36
2019/10/17-14:54:03.890023 7fc3a9fcb700                   Options.target_file_size_base: 67108864
2019/10/17-14:54:03.890025 7fc3a9fcb700             Options.target_file_size_multiplier: 1
2019/10/17-14:54:03.890026 7fc3a9fcb700                Options.max_bytes_for_level_base: 268435456
2019/10/17-14:54:03.890028 7fc3a9fcb700 Options.level_compaction_dynamic_level_bytes: 0
2019/10/17-14:54:03.890030 7fc3a9fcb700          Options.max_bytes_for_level_multiplier: 10.000000
2019/10/17-14:54:03.890032 7fc3a9fcb700 Options.max_bytes_for_level_multiplier_addtl[0]: 1
2019/10/17-14:54:03.890034 7fc3a9fcb700 Options.max_bytes_for_level_multiplier_addtl[1]: 1
2019/10/17-14:54:03.890036 7fc3a9fcb700 Options.max_bytes_for_level_multiplier_addtl[2]: 1
2019/10/17-14:54:03.890037 7fc3a9fcb700 Options.max_bytes_for_level_multiplier_addtl[3]: 1
2019/10/17-14:54:03.890039 7fc3a9fcb700 Options.max_bytes_for_level_multiplier_addtl[4]: 1
2019/10/17-14:54:03.890041 7fc3a9fcb700 Options.max_bytes_for_level_multiplier_addtl[5]: 1
2019/10/17-14:54:03.890043 7fc3a9fcb700 Options.max_bytes_for_level_multiplier_addtl[6]: 1
2019/10/17-14:54:03.890044 7fc3a9fcb700       Options.max_sequential_skip_in_iterations: 8
2019/10/17-14:54:03.890046 7fc3a9fcb700                    Options.max_compaction_bytes: 1677721600
2019/10/17-14:54:03.890048 7fc3a9fcb700                        Options.arena_block_size: 8388608
2019/10/17-14:54:03.890049 7fc3a9fcb700   Options.soft_pending_compaction_bytes_limit: 68719476736
2019/10/17-14:54:03.890051 7fc3a9fcb700   Options.hard_pending_compaction_bytes_limit: 274877906944
2019/10/17-14:54:03.890053 7fc3a9fcb700       Options.rate_limit_delay_max_milliseconds: 100
2019/10/17-14:54:03.890054 7fc3a9fcb700                Options.disable_auto_compactions: 0
2019/10/17-14:54:03.890064 7fc3a9fcb700                        Options.compaction_style: kCompactionStyleLevel
2019/10/17-14:54:03.890066 7fc3a9fcb700                          Options.compaction_pri: kByCompensatedSize
2019/10/17-14:54:03.890068 7fc3a9fcb700 Options.compaction_options_universal.size_ratio: 1
2019/10/17-14:54:03.890070 7fc3a9fcb700 Options.compaction_options_universal.min_merge_width: 2
2019/10/17-14:54:03.890071 7fc3a9fcb700 Options.compaction_options_universal.max_merge_width: 4294967295
2019/10/17-14:54:03.890073 7fc3a9fcb700 Options.compaction_options_universal.max_size_amplification_percent: 200
2019/10/17-14:54:03.890075 7fc3a9fcb700 Options.compaction_options_universal.compression_size_percent: -1
2019/10/17-14:54:03.890076 7fc3a9fcb700 Options.compaction_options_universal.stop_style: kCompactionStopStyleTotalSize
2019/10/17-14:54:03.890078 7fc3a9fcb700 Options.compaction_options_fifo.max_table_files_size: 1073741824
2019/10/17-14:54:03.890080 7fc3a9fcb700 Options.compaction_options_fifo.allow_compaction: 0
2019/10/17-14:54:03.890081 7fc3a9fcb700 Options.compaction_options_fifo.ttl: 0
2019/10/17-14:54:03.890083 7fc3a9fcb700                   Options.table_properties_collectors: 
2019/10/17-14:54:03.890085 7fc3a9fcb700                   Options.inplace_update_support: 0
2019/10/17-14:54:03.890086 7fc3a9fcb700                 Options.inplace_update_num_locks: 10000
2019/10/17-14:54:03.890088 7fc3a9fcb700               Options.memtable_prefix_bloom_size_ratio: 0.000000
2019/10/17-14:54:03.890090 7fc3a9fcb700   Options.memtable_huge_page_size: 0
2019/10/17-14:54:03.890092 7fc3a9fcb700                           Options.bloom_locality: 0
2019/10/17-14:54:03.890093 7fc3a9fcb700                    Options.max_successive_merges: 0
2019/10/17-14:54:03.890095 7fc3a9fcb700                Options.optimize_filters_for_hits: 0
2019/10/17-14:54:03.890097 7fc3a9fcb700                Options.paranoid_file_checks: 0
2019/10/17-14:54:03.890098 7fc3a9fcb700                Options.force_consistency_checks: 0
2019/10/17-14:54:03.890100 7fc3a9fcb700                Options.report_bg_io_stats: 0
2019/10/17-14:54:03.890102 7fc3a9fcb700                               Options.ttl: 0
2019/10/17-14:54:03.890127 7fc3a9fcb700 [db/column_family.cc:472] --------------- Options for column family [htlcs]:
2019/10/17-14:54:03.890130 7fc3a9fcb700               Options.comparator: leveldb.BytewiseComparator
2019/10/17-14:54:03.890131 7fc3a9fcb700           Options.merge_operator: None
2019/10/17-14:54:03.890133 7fc3a9fcb700        Options.compaction_filter: None
2019/10/17-14:54:03.890135 7fc3a9fcb700        Options.compaction_filter_factory: None
2019/10/17-14:54:03.890136 7fc3a9fcb700         Options.memtable_factory: SkipListFactory
2019/10/17-14:54:03.890138 7fc3a9fcb700            Options.table_factory: BlockBasedTable
2019/10/17-14:54:03.890158 7fc3a9fcb700            table_factory options:   flush_block_policy_factory: FlushBlockBySizePolicyFactory (0x7fc350089830)
