2019/10/17-14:56:11.919613 7fbc2cd30700 RocksDB version: 5.18.3
2019/10/17-14:56:11.919649 7fbc2cd30700 Git sha rocksdb_build_git_sha:@0@
2019/10/17-14:56:11.919650 7fbc2cd30700 Compile date Sep 19 2019
2019/10/17-14:56:11.919652 7fbc2cd30700 DB SUMMARY
2019/10/17-14:56:11.920319 7fbc2cd30700 CURRENT file:  CURRENT
2019/10/17-14:56:11.920320 7fbc2cd30700 IDENTITY file:  IDENTITY
2019/10/17-14:56:11.920346 7fbc2cd30700 MANIFEST file:  MANIFEST-116905 size: 4114 Bytes
2019/10/17-14:56:11.920348 7fbc2cd30700 SST files in /home/rahul/dev/blockchain-core/eqc/ledger.db dir, Total Num: 29, files: 000624.sst 000627.sst 106940.sst 108447.sst 108450.sst 109471.sst 109483.sst 109485.sst 109486.sst 
2019/10/17-14:56:11.920349 7fbc2cd30700 Write Ahead Log file in /home/rahul/dev/blockchain-core/eqc/ledger.db: 116906.log size: 0 ; 
2019/10/17-14:56:11.920379 7fbc2cd30700                         Options.error_if_exists: 0
2019/10/17-14:56:11.920381 7fbc2cd30700                       Options.create_if_missing: 1
2019/10/17-14:56:11.920381 7fbc2cd30700                         Options.paranoid_checks: 1
2019/10/17-14:56:11.920382 7fbc2cd30700                                     Options.env: 0x7fbbafa7bc60
2019/10/17-14:56:11.920383 7fbc2cd30700                                Options.info_log: 0x7fbbb810c490
2019/10/17-14:56:11.920384 7fbc2cd30700                Options.max_file_opening_threads: 16
2019/10/17-14:56:11.920384 7fbc2cd30700                              Options.statistics: (nil)
2019/10/17-14:56:11.920385 7fbc2cd30700                               Options.use_fsync: 0
2019/10/17-14:56:11.920386 7fbc2cd30700                       Options.max_log_file_size: 0
2019/10/17-14:56:11.920386 7fbc2cd30700                  Options.max_manifest_file_size: 1073741824
2019/10/17-14:56:11.920387 7fbc2cd30700                   Options.log_file_time_to_roll: 0
2019/10/17-14:56:11.920388 7fbc2cd30700                       Options.keep_log_file_num: 1000
2019/10/17-14:56:11.920389 7fbc2cd30700                    Options.recycle_log_file_num: 0
2019/10/17-14:56:11.920389 7fbc2cd30700                         Options.allow_fallocate: 1
2019/10/17-14:56:11.920390 7fbc2cd30700                        Options.allow_mmap_reads: 0
2019/10/17-14:56:11.920391 7fbc2cd30700                       Options.allow_mmap_writes: 0
2019/10/17-14:56:11.920391 7fbc2cd30700                        Options.use_direct_reads: 0
2019/10/17-14:56:11.920392 7fbc2cd30700                        Options.use_direct_io_for_flush_and_compaction: 0
2019/10/17-14:56:11.920393 7fbc2cd30700          Options.create_missing_column_families: 0
2019/10/17-14:56:11.920393 7fbc2cd30700                              Options.db_log_dir: 
2019/10/17-14:56:11.920394 7fbc2cd30700                                 Options.wal_dir: /home/rahul/dev/blockchain-core/eqc/ledger.db
2019/10/17-14:56:11.920395 7fbc2cd30700                Options.table_cache_numshardbits: 6
2019/10/17-14:56:11.920396 7fbc2cd30700                      Options.max_subcompactions: 1
2019/10/17-14:56:11.920396 7fbc2cd30700                  Options.max_background_flushes: -1
2019/10/17-14:56:11.920397 7fbc2cd30700                         Options.WAL_ttl_seconds: 0
2019/10/17-14:56:11.920398 7fbc2cd30700                       Options.WAL_size_limit_MB: 0
2019/10/17-14:56:11.920398 7fbc2cd30700             Options.manifest_preallocation_size: 4194304
2019/10/17-14:56:11.920399 7fbc2cd30700                     Options.is_fd_close_on_exec: 1
2019/10/17-14:56:11.920400 7fbc2cd30700                   Options.advise_random_on_open: 1
2019/10/17-14:56:11.920401 7fbc2cd30700                    Options.db_write_buffer_size: 0
2019/10/17-14:56:11.920401 7fbc2cd30700                    Options.write_buffer_manager: 0x7fbbb8056640
2019/10/17-14:56:11.920402 7fbc2cd30700         Options.access_hint_on_compaction_start: 1
2019/10/17-14:56:11.920403 7fbc2cd30700  Options.new_table_reader_for_compaction_inputs: 0
2019/10/17-14:56:11.920403 7fbc2cd30700           Options.random_access_max_buffer_size: 1048576
2019/10/17-14:56:11.920404 7fbc2cd30700                      Options.use_adaptive_mutex: 0
2019/10/17-14:56:11.920405 7fbc2cd30700                            Options.rate_limiter: (nil)
2019/10/17-14:56:11.920413 7fbc2cd30700     Options.sst_file_manager.rate_bytes_per_sec: 0
2019/10/17-14:56:11.920414 7fbc2cd30700                       Options.wal_recovery_mode: 2
2019/10/17-14:56:11.920414 7fbc2cd30700                  Options.enable_thread_tracking: 0
2019/10/17-14:56:11.920415 7fbc2cd30700                  Options.enable_pipelined_write: 0
2019/10/17-14:56:11.920416 7fbc2cd30700         Options.allow_concurrent_memtable_write: 1
2019/10/17-14:56:11.920416 7fbc2cd30700      Options.enable_write_thread_adaptive_yield: 1
2019/10/17-14:56:11.920417 7fbc2cd30700             Options.write_thread_max_yield_usec: 100
2019/10/17-14:56:11.920418 7fbc2cd30700            Options.write_thread_slow_yield_usec: 3
2019/10/17-14:56:11.920419 7fbc2cd30700                               Options.row_cache: None
2019/10/17-14:56:11.920419 7fbc2cd30700                              Options.wal_filter: None
2019/10/17-14:56:11.920420 7fbc2cd30700             Options.avoid_flush_during_recovery: 0
2019/10/17-14:56:11.920421 7fbc2cd30700             Options.allow_ingest_behind: 0
2019/10/17-14:56:11.920421 7fbc2cd30700             Options.preserve_deletes: 0
2019/10/17-14:56:11.920422 7fbc2cd30700             Options.two_write_queues: 0
2019/10/17-14:56:11.920423 7fbc2cd30700             Options.manual_wal_flush: 0
2019/10/17-14:56:11.920424 7fbc2cd30700             Options.max_background_jobs: 2
2019/10/17-14:56:11.920424 7fbc2cd30700             Options.max_background_compactions: -1
2019/10/17-14:56:11.920425 7fbc2cd30700             Options.avoid_flush_during_shutdown: 0
2019/10/17-14:56:11.920426 7fbc2cd30700           Options.writable_file_max_buffer_size: 1048576
2019/10/17-14:56:11.920426 7fbc2cd30700             Options.delayed_write_rate : 16777216
2019/10/17-14:56:11.920427 7fbc2cd30700             Options.max_total_wal_size: 0
2019/10/17-14:56:11.920428 7fbc2cd30700             Options.delete_obsolete_files_period_micros: 21600000000
2019/10/17-14:56:11.920428 7fbc2cd30700                   Options.stats_dump_period_sec: 600
2019/10/17-14:56:11.920429 7fbc2cd30700                          Options.max_open_files: -1
2019/10/17-14:56:11.920430 7fbc2cd30700                          Options.bytes_per_sync: 0
2019/10/17-14:56:11.920431 7fbc2cd30700                      Options.wal_bytes_per_sync: 0
2019/10/17-14:56:11.920431 7fbc2cd30700       Options.compaction_readahead_size: 0
2019/10/17-14:56:11.920432 7fbc2cd30700 Compression algorithms supported:
2019/10/17-14:56:11.920433 7fbc2cd30700 	kZSTDNotFinalCompression supported: 0
2019/10/17-14:56:11.920434 7fbc2cd30700 	kZSTD supported: 0
2019/10/17-14:56:11.920435 7fbc2cd30700 	kXpressCompression supported: 0
2019/10/17-14:56:11.920435 7fbc2cd30700 	kLZ4HCCompression supported: 0
2019/10/17-14:56:11.920436 7fbc2cd30700 	kLZ4Compression supported: 0
2019/10/17-14:56:11.920437 7fbc2cd30700 	kBZip2Compression supported: 0
2019/10/17-14:56:11.920438 7fbc2cd30700 	kZlibCompression supported: 0
2019/10/17-14:56:11.920438 7fbc2cd30700 	kSnappyCompression supported: 0
2019/10/17-14:56:11.920440 7fbc2cd30700 Fast CRC32 supported: Supported on x86
2019/10/17-14:56:11.920522 7fbc2cd30700 [db/version_set.cc:3507] Recovering from manifest file: MANIFEST-116905
2019/10/17-14:56:11.920551 7fbc2cd30700 [db/column_family.cc:472] --------------- Options for column family [default]:
2019/10/17-14:56:11.920552 7fbc2cd30700               Options.comparator: leveldb.BytewiseComparator
2019/10/17-14:56:11.920553 7fbc2cd30700           Options.merge_operator: None
2019/10/17-14:56:11.920554 7fbc2cd30700        Options.compaction_filter: None
2019/10/17-14:56:11.920555 7fbc2cd30700        Options.compaction_filter_factory: None
2019/10/17-14:56:11.920555 7fbc2cd30700         Options.memtable_factory: SkipListFactory
2019/10/17-14:56:11.920556 7fbc2cd30700            Options.table_factory: BlockBasedTable
2019/10/17-14:56:11.920570 7fbc2cd30700            table_factory options:   flush_block_policy_factory: FlushBlockBySizePolicyFactory (0x7fbbb81030e0)
  cache_index_and_filter_blocks: 0
  cache_index_and_filter_blocks_with_high_priority: 0
  pin_l0_filter_and_index_blocks_in_cache: 0
  pin_top_level_index_and_filter: 1
  index_type: 0
  hash_index_allow_collision: 1
  checksum: 1
  no_block_cache: 0
  block_cache: 0x7fbbb8103930
  block_cache_name: LRUCache
  block_cache_options:
    capacity : 8388608
    num_shard_bits : 4
    strict_capacity_limit : 0
    memory_allocator : None
    high_pri_pool_ratio: 0.000
  block_cache_compressed: (nil)
  persistent_cache: (nil)
  block_size: 4096
  block_size_deviation: 10
  block_restart_interval: 16
  index_block_restart_interval: 1
  metadata_block_size: 4096
  partition_filters: 0
  use_delta_encoding: 1
  filter_policy: nullptr
  whole_key_filtering: 1
  verify_compression: 0
  read_amp_bytes_per_bit: 0
  format_version: 2
  enable_index_compression: 1
  block_align: 0
2019/10/17-14:56:11.920579 7fbc2cd30700        Options.write_buffer_size: 67108864
2019/10/17-14:56:11.920579 7fbc2cd30700  Options.max_write_buffer_number: 2
2019/10/17-14:56:11.920580 7fbc2cd30700          Options.compression: NoCompression
2019/10/17-14:56:11.920581 7fbc2cd30700                  Options.bottommost_compression: Disabled
2019/10/17-14:56:11.920582 7fbc2cd30700       Options.prefix_extractor: nullptr
2019/10/17-14:56:11.920582 7fbc2cd30700   Options.memtable_insert_with_hint_prefix_extractor: nullptr
2019/10/17-14:56:11.920583 7fbc2cd30700             Options.num_levels: 7
2019/10/17-14:56:11.920584 7fbc2cd30700        Options.min_write_buffer_number_to_merge: 1
2019/10/17-14:56:11.920584 7fbc2cd30700     Options.max_write_buffer_number_to_maintain: 0
2019/10/17-14:56:11.920585 7fbc2cd30700            Options.bottommost_compression_opts.window_bits: -14
2019/10/17-14:56:11.920586 7fbc2cd30700                  Options.bottommost_compression_opts.level: 32767
2019/10/17-14:56:11.920586 7fbc2cd30700               Options.bottommost_compression_opts.strategy: 0
2019/10/17-14:56:11.920587 7fbc2cd30700         Options.bottommost_compression_opts.max_dict_bytes: 0
2019/10/17-14:56:11.920588 7fbc2cd30700         Options.bottommost_compression_opts.zstd_max_train_bytes: 0
2019/10/17-14:56:11.920588 7fbc2cd30700                  Options.bottommost_compression_opts.enabled: false
2019/10/17-14:56:11.920589 7fbc2cd30700            Options.compression_opts.window_bits: -14
2019/10/17-14:56:11.920590 7fbc2cd30700                  Options.compression_opts.level: 32767
2019/10/17-14:56:11.920590 7fbc2cd30700               Options.compression_opts.strategy: 0
2019/10/17-14:56:11.920591 7fbc2cd30700         Options.compression_opts.max_dict_bytes: 0
2019/10/17-14:56:11.920592 7fbc2cd30700         Options.compression_opts.zstd_max_train_bytes: 0
2019/10/17-14:56:11.920592 7fbc2cd30700                  Options.compression_opts.enabled: false
2019/10/17-14:56:11.920593 7fbc2cd30700      Options.level0_file_num_compaction_trigger: 4
2019/10/17-14:56:11.920594 7fbc2cd30700          Options.level0_slowdown_writes_trigger: 20
2019/10/17-14:56:11.920594 7fbc2cd30700              Options.level0_stop_writes_trigger: 36
2019/10/17-14:56:11.920595 7fbc2cd30700                   Options.target_file_size_base: 67108864
2019/10/17-14:56:11.920596 7fbc2cd30700             Options.target_file_size_multiplier: 1
2019/10/17-14:56:11.920596 7fbc2cd30700                Options.max_bytes_for_level_base: 268435456
2019/10/17-14:56:11.920597 7fbc2cd30700 Options.level_compaction_dynamic_level_bytes: 0
2019/10/17-14:56:11.920598 7fbc2cd30700          Options.max_bytes_for_level_multiplier: 10.000000
2019/10/17-14:56:11.920600 7fbc2cd30700 Options.max_bytes_for_level_multiplier_addtl[0]: 1
2019/10/17-14:56:11.920600 7fbc2cd30700 Options.max_bytes_for_level_multiplier_addtl[1]: 1
2019/10/17-14:56:11.920601 7fbc2cd30700 Options.max_bytes_for_level_multiplier_addtl[2]: 1
2019/10/17-14:56:11.920602 7fbc2cd30700 Options.max_bytes_for_level_multiplier_addtl[3]: 1
2019/10/17-14:56:11.920602 7fbc2cd30700 Options.max_bytes_for_level_multiplier_addtl[4]: 1
2019/10/17-14:56:11.920607 7fbc2cd30700 Options.max_bytes_for_level_multiplier_addtl[5]: 1
2019/10/17-14:56:11.920607 7fbc2cd30700 Options.max_bytes_for_level_multiplier_addtl[6]: 1
2019/10/17-14:56:11.920608 7fbc2cd30700       Options.max_sequential_skip_in_iterations: 8
2019/10/17-14:56:11.920609 7fbc2cd30700                    Options.max_compaction_bytes: 1677721600
2019/10/17-14:56:11.920609 7fbc2cd30700                        Options.arena_block_size: 8388608
2019/10/17-14:56:11.920610 7fbc2cd30700   Options.soft_pending_compaction_bytes_limit: 68719476736
2019/10/17-14:56:11.920611 7fbc2cd30700   Options.hard_pending_compaction_bytes_limit: 274877906944
2019/10/17-14:56:11.920611 7fbc2cd30700       Options.rate_limit_delay_max_milliseconds: 100
2019/10/17-14:56:11.920612 7fbc2cd30700                Options.disable_auto_compactions: 0
2019/10/17-14:56:11.920613 7fbc2cd30700                        Options.compaction_style: kCompactionStyleLevel
2019/10/17-14:56:11.920614 7fbc2cd30700                          Options.compaction_pri: kByCompensatedSize
2019/10/17-14:56:11.920615 7fbc2cd30700 Options.compaction_options_universal.size_ratio: 1
2019/10/17-14:56:11.920616 7fbc2cd30700 Options.compaction_options_universal.min_merge_width: 2
2019/10/17-14:56:11.920616 7fbc2cd30700 Options.compaction_options_universal.max_merge_width: 4294967295
2019/10/17-14:56:11.920617 7fbc2cd30700 Options.compaction_options_universal.max_size_amplification_percent: 200
2019/10/17-14:56:11.920618 7fbc2cd30700 Options.compaction_options_universal.compression_size_percent: -1
2019/10/17-14:56:11.920619 7fbc2cd30700 Options.compaction_options_universal.stop_style: kCompactionStopStyleTotalSize
2019/10/17-14:56:11.920619 7fbc2cd30700 Options.compaction_options_fifo.max_table_files_size: 1073741824
2019/10/17-14:56:11.920620 7fbc2cd30700 Options.compaction_options_fifo.allow_compaction: 0
2019/10/17-14:56:11.920621 7fbc2cd30700 Options.compaction_options_fifo.ttl: 0
2019/10/17-14:56:11.920621 7fbc2cd30700                   Options.table_properties_collectors: 
2019/10/17-14:56:11.920622 7fbc2cd30700                   Options.inplace_update_support: 0
2019/10/17-14:56:11.920623 7fbc2cd30700                 Options.inplace_update_num_locks: 10000
2019/10/17-14:56:11.920623 7fbc2cd30700               Options.memtable_prefix_bloom_size_ratio: 0.000000
2019/10/17-14:56:11.920624 7fbc2cd30700   Options.memtable_huge_page_size: 0
2019/10/17-14:56:11.920625 7fbc2cd30700                           Options.bloom_locality: 0
2019/10/17-14:56:11.920626 7fbc2cd30700                    Options.max_successive_merges: 0
2019/10/17-14:56:11.920626 7fbc2cd30700                Options.optimize_filters_for_hits: 0
2019/10/17-14:56:11.920627 7fbc2cd30700                Options.paranoid_file_checks: 0
2019/10/17-14:56:11.920628 7fbc2cd30700                Options.force_consistency_checks: 0
2019/10/17-14:56:11.920628 7fbc2cd30700                Options.report_bg_io_stats: 0
2019/10/17-14:56:11.920629 7fbc2cd30700                               Options.ttl: 0
2019/10/17-14:56:11.920653 7fbc2cd30700 [db/column_family.cc:472] --------------- Options for column family [active_gateways]:
2019/10/17-14:56:11.920654 7fbc2cd30700               Options.comparator: leveldb.BytewiseComparator
2019/10/17-14:56:11.920655 7fbc2cd30700           Options.merge_operator: None
2019/10/17-14:56:11.920656 7fbc2cd30700        Options.compaction_filter: None
2019/10/17-14:56:11.920656 7fbc2cd30700        Options.compaction_filter_factory: None
2019/10/17-14:56:11.920657 7fbc2cd30700         Options.memtable_factory: SkipListFactory
2019/10/17-14:56:11.920658 7fbc2cd30700            Options.table_factory: BlockBasedTable
2019/10/17-14:56:11.920667 7fbc2cd30700            table_factory options:   flush_block_policy_factory: FlushBlockBySizePolicyFactory (0x7fbbb80224e0)
  cache_index_and_filter_blocks: 0
  cache_index_and_filter_blocks_with_high_priority: 0
  pin_l0_filter_and_index_blocks_in_cache: 0
  pin_top_level_index_and_filter: 1
  index_type: 0
  hash_index_allow_collision: 1
  checksum: 1
  no_block_cache: 0
  block_cache: 0x7fbbb803a650
  block_cache_name: LRUCache
  block_cache_options:
    capacity : 8388608
    num_shard_bits : 4
    strict_capacity_limit : 0
    memory_allocator : None
    high_pri_pool_ratio: 0.000
  block_cache_compressed: (nil)
  persistent_cache: (nil)
  block_size: 4096
  block_size_deviation: 10
  block_restart_interval: 16
  index_block_restart_interval: 1
  metadata_block_size: 4096
  partition_filters: 0
  use_delta_encoding: 1
  filter_policy: nullptr
  whole_key_filtering: 1
  verify_compression: 0
  read_amp_bytes_per_bit: 0
  format_version: 2
  enable_index_compression: 1
  block_align: 0
2019/10/17-14:56:11.920673 7fbc2cd30700        Options.write_buffer_size: 67108864
2019/10/17-14:56:11.920674 7fbc2cd30700  Options.max_write_buffer_number: 2
2019/10/17-14:56:11.920674 7fbc2cd30700          Options.compression: NoCompression
2019/10/17-14:56:11.920675 7fbc2cd30700                  Options.bottommost_compression: Disabled
2019/10/17-14:56:11.920676 7fbc2cd30700       Options.prefix_extractor: nullptr
2019/10/17-14:56:11.920676 7fbc2cd30700   Options.memtable_insert_with_hint_prefix_extractor: nullptr
2019/10/17-14:56:11.920677 7fbc2cd30700             Options.num_levels: 7
2019/10/17-14:56:11.920678 7fbc2cd30700        Options.min_write_buffer_number_to_merge: 1
2019/10/17-14:56:11.920678 7fbc2cd30700     Options.max_write_buffer_number_to_maintain: 0
2019/10/17-14:56:11.920679 7fbc2cd30700            Options.bottommost_compression_opts.window_bits: -14
2019/10/17-14:56:11.920680 7fbc2cd30700                  Options.bottommost_compression_opts.level: 32767
2019/10/17-14:56:11.920680 7fbc2cd30700               Options.bottommost_compression_opts.strategy: 0
2019/10/17-14:56:11.920681 7fbc2cd30700         Options.bottommost_compression_opts.max_dict_bytes: 0
2019/10/17-14:56:11.920682 7fbc2cd30700         Options.bottommost_compression_opts.zstd_max_train_bytes: 0
2019/10/17-14:56:11.920682 7fbc2cd30700                  Options.bottommost_compression_opts.enabled: false
2019/10/17-14:56:11.920683 7fbc2cd30700            Options.compression_opts.window_bits: -14
2019/10/17-14:56:11.920684 7fbc2cd30700                  Options.compression_opts.level: 32767
2019/10/17-14:56:11.920684 7fbc2cd30700               Options.compression_opts.strategy: 0
2019/10/17-14:56:11.920685 7fbc2cd30700         Options.compression_opts.max_dict_bytes: 0
2019/10/17-14:56:11.920686 7fbc2cd30700         Options.compression_opts.zstd_max_train_bytes: 0
2019/10/17-14:56:11.920686 7fbc2cd30700                  Options.compression_opts.enabled: false
2019/10/17-14:56:11.920687 7fbc2cd30700      Options.level0_file_num_compaction_trigger: 4
2019/10/17-14:56:11.920687 7fbc2cd30700          Options.level0_slowdown_writes_trigger: 20
2019/10/17-14:56:11.920688 7fbc2cd30700              Options.level0_stop_writes_trigger: 36
2019/10/17-14:56:11.920689 7fbc2cd30700                   Options.target_file_size_base: 67108864
2019/10/17-14:56:11.920689 7fbc2cd30700             Options.target_file_size_multiplier: 1
2019/10/17-14:56:11.920690 7fbc2cd30700                Options.max_bytes_for_level_base: 268435456
2019/10/17-14:56:11.920691 7fbc2cd30700 Options.level_compaction_dynamic_level_bytes: 0
2019/10/17-14:56:11.920691 7fbc2cd30700          Options.max_bytes_for_level_multiplier: 10.000000
2019/10/17-14:56:11.920693 7fbc2cd30700 Options.max_bytes_for_level_multiplier_addtl[0]: 1
2019/10/17-14:56:11.920693 7fbc2cd30700 Options.max_bytes_for_level_multiplier_addtl[1]: 1
2019/10/17-14:56:11.920694 7fbc2cd30700 Options.max_bytes_for_level_multiplier_addtl[2]: 1
2019/10/17-14:56:11.920695 7fbc2cd30700 Options.max_bytes_for_level_multiplier_addtl[3]: 1
2019/10/17-14:56:11.920695 7fbc2cd30700 Options.max_bytes_for_level_multiplier_addtl[4]: 1
2019/10/17-14:56:11.920696 7fbc2cd30700 Options.max_bytes_for_level_multiplier_addtl[5]: 1
2019/10/17-14:56:11.920697 7fbc2cd30700 Options.max_bytes_for_level_multiplier_addtl[6]: 1
2019/10/17-14:56:11.920697 7fbc2cd30700       Options.max_sequential_skip_in_iterations: 8
2019/10/17-14:56:11.920701 7fbc2cd30700                    Options.max_compaction_bytes: 1677721600
2019/10/17-14:56:11.920702 7fbc2cd30700                        Options.arena_block_size: 8388608
2019/10/17-14:56:11.920703 7fbc2cd30700   Options.soft_pending_compaction_bytes_limit: 68719476736
2019/10/17-14:56:11.920703 7fbc2cd30700   Options.hard_pending_compaction_bytes_limit: 274877906944
2019/10/17-14:56:11.920704 7fbc2cd30700       Options.rate_limit_delay_max_milliseconds: 100
2019/10/17-14:56:11.920705 7fbc2cd30700                Options.disable_auto_compactions: 0
2019/10/17-14:56:11.920705 7fbc2cd30700                        Options.compaction_style: kCompactionStyleLevel
2019/10/17-14:56:11.920706 7fbc2cd30700                          Options.compaction_pri: kByCompensatedSize
2019/10/17-14:56:11.920707 7fbc2cd30700 Options.compaction_options_universal.size_ratio: 1
2019/10/17-14:56:11.920708 7fbc2cd30700 Options.compaction_options_universal.min_merge_width: 2
2019/10/17-14:56:11.920708 7fbc2cd30700 Options.compaction_options_universal.max_merge_width: 4294967295
2019/10/17-14:56:11.920709 7fbc2cd30700 Options.compaction_options_universal.max_size_amplification_percent: 200
2019/10/17-14:56:11.920710 7fbc2cd30700 Options.compaction_options_universal.compression_size_percent: -1
2019/10/17-14:56:11.920710 7fbc2cd30700 Options.compaction_options_universal.stop_style: kCompactionStopStyleTotalSize
2019/10/17-14:56:11.920711 7fbc2cd30700 Options.compaction_options_fifo.max_table_files_size: 1073741824
2019/10/17-14:56:11.920712 7fbc2cd30700 Options.compaction_options_fifo.allow_compaction: 0
2019/10/17-14:56:11.920712 7fbc2cd30700 Options.compaction_options_fifo.ttl: 0
2019/10/17-14:56:11.920713 7fbc2cd30700                   Options.table_properties_collectors: 
2019/10/17-14:56:11.920714 7fbc2cd30700                   Options.inplace_update_support: 0
2019/10/17-14:56:11.920714 7fbc2cd30700                 Options.inplace_update_num_locks: 10000
2019/10/17-14:56:11.920715 7fbc2cd30700               Options.memtable_prefix_bloom_size_ratio: 0.000000
2019/10/17-14:56:11.920716 7fbc2cd30700   Options.memtable_huge_page_size: 0
2019/10/17-14:56:11.920717 7fbc2cd30700                           Options.bloom_locality: 0
2019/10/17-14:56:11.920717 7fbc2cd30700                    Options.max_successive_merges: 0
2019/10/17-14:56:11.920718 7fbc2cd30700                Options.optimize_filters_for_hits: 0
2019/10/17-14:56:11.920719 7fbc2cd30700                Options.paranoid_file_checks: 0
2019/10/17-14:56:11.920719 7fbc2cd30700                Options.force_consistency_checks: 0
2019/10/17-14:56:11.920720 7fbc2cd30700                Options.report_bg_io_stats: 0
2019/10/17-14:56:11.920721 7fbc2cd30700                               Options.ttl: 0
2019/10/17-14:56:11.920735 7fbc2cd30700 [db/column_family.cc:472] --------------- Options for column family [entries]:
2019/10/17-14:56:11.920736 7fbc2cd30700               Options.comparator: leveldb.BytewiseComparator
2019/10/17-14:56:11.920736 7fbc2cd30700           Options.merge_operator: None
2019/10/17-14:56:11.920737 7fbc2cd30700        Options.compaction_filter: None
2019/10/17-14:56:11.920738 7fbc2cd30700        Options.compaction_filter_factory: None
2019/10/17-14:56:11.920738 7fbc2cd30700         Options.memtable_factory: SkipListFactory
2019/10/17-14:56:11.920739 7fbc2cd30700            Options.table_factory: BlockBasedTable
2019/10/17-14:56:11.920747 7fbc2cd30700            table_factory options:   flush_block_policy_factory: FlushBlockBySizePolicyFactory (0x7fbbb8057e80)
  cache_index_and_filter_blocks: 0
  cache_index_and_filter_blocks_with_high_priority: 0
  pin_l0_filter_and_index_blocks_in_cache: 0
  pin_top_level_index_and_filter: 1
  index_type: 0
  hash_index_allow_collision: 1
  checksum: 1
  no_block_cache: 0
  block_cache: 0x7fbbb8091d60
  block_cache_name: LRUCache
  block_cache_options:
    capacity : 8388608
    num_shard_bits : 4
    strict_capacity_limit : 0
    memory_allocator : None
    high_pri_pool_ratio: 0.000
  block_cache_compressed: (nil)
  persistent_cache: (nil)
  block_size: 4096
  block_size_deviation: 10
  block_restart_interval: 16
  index_block_restart_interval: 1
  metadata_block_size: 4096
  partition_filters: 0
  use_delta_encoding: 1
  filter_policy: nullptr
  whole_key_filtering: 1
  verify_compression: 0
  read_amp_bytes_per_bit: 0
  format_version: 2
  enable_index_compression: 1
  block_align: 0
2019/10/17-14:56:11.920753 7fbc2cd30700        Options.write_buffer_size: 67108864
2019/10/17-14:56:11.920754 7fbc2cd30700  Options.max_write_buffer_number: 2
2019/10/17-14:56:11.920754 7fbc2cd30700          Options.compression: NoCompression
2019/10/17-14:56:11.920755 7fbc2cd30700                  Options.bottommost_compression: Disabled
2019/10/17-14:56:11.920756 7fbc2cd30700       Options.prefix_extractor: nullptr
2019/10/17-14:56:11.920756 7fbc2cd30700   Options.memtable_insert_with_hint_prefix_extractor: nullptr
2019/10/17-14:56:11.920757 7fbc2cd30700             Options.num_levels: 7
2019/10/17-14:56:11.920757 7fbc2cd30700        Options.min_write_buffer_number_to_merge: 1
2019/10/17-14:56:11.920758 7fbc2cd30700     Options.max_write_buffer_number_to_maintain: 0
2019/10/17-14:56:11.920759 7fbc2cd30700            Options.bottommost_compression_opts.window_bits: -14
2019/10/17-14:56:11.920759 7fbc2cd30700                  Options.bottommost_compression_opts.level: 32767
2019/10/17-14:56:11.920760 7fbc2cd30700               Options.bottommost_compression_opts.strategy: 0
2019/10/17-14:56:11.920761 7fbc2cd30700         Options.bottommost_compression_opts.max_dict_bytes: 0
2019/10/17-14:56:11.920761 7fbc2cd30700         Options.bottommost_compression_opts.zstd_max_train_bytes: 0
2019/10/17-14:56:11.920762 7fbc2cd30700                  Options.bottommost_compression_opts.enabled: false
2019/10/17-14:56:11.920763 7fbc2cd30700            Options.compression_opts.window_bits: -14
2019/10/17-14:56:11.920763 7fbc2cd30700                  Options.compression_opts.level: 32767
2019/10/17-14:56:11.920764 7fbc2cd30700               Options.compression_opts.strategy: 0
2019/10/17-14:56:11.920764 7fbc2cd30700         Options.compression_opts.max_dict_bytes: 0
2019/10/17-14:56:11.920765 7fbc2cd30700         Options.compression_opts.zstd_max_train_bytes: 0
2019/10/17-14:56:11.920766 7fbc2cd30700                  Options.compression_opts.enabled: false
2019/10/17-14:56:11.920766 7fbc2cd30700      Options.level0_file_num_compaction_trigger: 4
2019/10/17-14:56:11.920767 7fbc2cd30700          Options.level0_slowdown_writes_trigger: 20
2019/10/17-14:56:11.920768 7fbc2cd30700              Options.level0_stop_writes_trigger: 36
2019/10/17-14:56:11.920768 7fbc2cd30700                   Options.target_file_size_base: 67108864
2019/10/17-14:56:11.920769 7fbc2cd30700             Options.target_file_size_multiplier: 1
2019/10/17-14:56:11.920770 7fbc2cd30700                Options.max_bytes_for_level_base: 268435456
2019/10/17-14:56:11.920770 7fbc2cd30700 Options.level_compaction_dynamic_level_bytes: 0
2019/10/17-14:56:11.920771 7fbc2cd30700          Options.max_bytes_for_level_multiplier: 10.000000
2019/10/17-14:56:11.920772 7fbc2cd30700 Options.max_bytes_for_level_multiplier_addtl[0]: 1
2019/10/17-14:56:11.920773 7fbc2cd30700 Options.max_bytes_for_level_multiplier_addtl[1]: 1
2019/10/17-14:56:11.920773 7fbc2cd30700 Options.max_bytes_for_level_multiplier_addtl[2]: 1
2019/10/17-14:56:11.920774 7fbc2cd30700 Options.max_bytes_for_level_multiplier_addtl[3]: 1
2019/10/17-14:56:11.920775 7fbc2cd30700 Options.max_bytes_for_level_multiplier_addtl[4]: 1
2019/10/17-14:56:11.920775 7fbc2cd30700 Options.max_bytes_for_level_multiplier_addtl[5]: 1
2019/10/17-14:56:11.920776 7fbc2cd30700 Options.max_bytes_for_level_multiplier_addtl[6]: 1
2019/10/17-14:56:11.920777 7fbc2cd30700       Options.max_sequential_skip_in_iterations: 8
2019/10/17-14:56:11.920777 7fbc2cd30700                    Options.max_compaction_bytes: 1677721600
2019/10/17-14:56:11.920778 7fbc2cd30700                        Options.arena_block_size: 8388608
2019/10/17-14:56:11.920779 7fbc2cd30700   Options.soft_pending_compaction_bytes_limit: 68719476736
2019/10/17-14:56:11.920782 7fbc2cd30700   Options.hard_pending_compaction_bytes_limit: 274877906944
2019/10/17-14:56:11.920783 7fbc2cd30700       Options.rate_limit_delay_max_milliseconds: 100
2019/10/17-14:56:11.920784 7fbc2cd30700                Options.disable_auto_compactions: 0
2019/10/17-14:56:11.920785 7fbc2cd30700                        Options.compaction_style: kCompactionStyleLevel
2019/10/17-14:56:11.920785 7fbc2cd30700                          Options.compaction_pri: kByCompensatedSize
2019/10/17-14:56:11.920786 7fbc2cd30700 Options.compaction_options_universal.size_ratio: 1
2019/10/17-14:56:11.920787 7fbc2cd30700 Options.compaction_options_universal.min_merge_width: 2
2019/10/17-14:56:11.920787 7fbc2cd30700 Options.compaction_options_universal.max_merge_width: 4294967295
2019/10/17-14:56:11.920788 7fbc2cd30700 Options.compaction_options_universal.max_size_amplification_percent: 200
2019/10/17-14:56:11.920789 7fbc2cd30700 Options.compaction_options_universal.compression_size_percent: -1
2019/10/17-14:56:11.920789 7fbc2cd30700 Options.compaction_options_universal.stop_style: kCompactionStopStyleTotalSize
2019/10/17-14:56:11.920790 7fbc2cd30700 Options.compaction_options_fifo.max_table_files_size: 1073741824
2019/10/17-14:56:11.920791 7fbc2cd30700 Options.compaction_options_fifo.allow_compaction: 0
2019/10/17-14:56:11.920791 7fbc2cd30700 Options.compaction_options_fifo.ttl: 0
2019/10/17-14:56:11.920792 7fbc2cd30700                   Options.table_properties_collectors: 
2019/10/17-14:56:11.920793 7fbc2cd30700                   Options.inplace_update_support: 0
2019/10/17-14:56:11.920793 7fbc2cd30700                 Options.inplace_update_num_locks: 10000
2019/10/17-14:56:11.920794 7fbc2cd30700               Options.memtable_prefix_bloom_size_ratio: 0.000000
2019/10/17-14:56:11.920795 7fbc2cd30700   Options.memtable_huge_page_size: 0
2019/10/17-14:56:11.920796 7fbc2cd30700                           Options.bloom_locality: 0
2019/10/17-14:56:11.920796 7fbc2cd30700                    Options.max_successive_merges: 0
2019/10/17-14:56:11.920797 7fbc2cd30700                Options.optimize_filters_for_hits: 0
2019/10/17-14:56:11.920798 7fbc2cd30700                Options.paranoid_file_checks: 0
2019/10/17-14:56:11.920798 7fbc2cd30700                Options.force_consistency_checks: 0
2019/10/17-14:56:11.920799 7fbc2cd30700                Options.report_bg_io_stats: 0
2019/10/17-14:56:11.920799 7fbc2cd30700                               Options.ttl: 0
2019/10/17-14:56:11.920813 7fbc2cd30700 [db/column_family.cc:472] --------------- Options for column family [dc_entries]:
2019/10/17-14:56:11.920814 7fbc2cd30700               Options.comparator: leveldb.BytewiseComparator
2019/10/17-14:56:11.920814 7fbc2cd30700           Options.merge_operator: None
2019/10/17-14:56:11.920815 7fbc2cd30700        Options.compaction_filter: None
2019/10/17-14:56:11.920816 7fbc2cd30700        Options.compaction_filter_factory: None
2019/10/17-14:56:11.920816 7fbc2cd30700         Options.memtable_factory: SkipListFactory
2019/10/17-14:56:11.920817 7fbc2cd30700            Options.table_factory: BlockBasedTable
2019/10/17-14:56:11.920825 7fbc2cd30700            table_factory options:   flush_block_policy_factory: FlushBlockBySizePolicyFactory (0x7fbbb808f700)
  cache_index_and_filter_blocks: 0
  cache_index_and_filter_blocks_with_high_priority: 0
  pin_l0_filter_and_index_blocks_in_cache: 0
  pin_top_level_index_and_filter: 1
  index_type: 0
  hash_index_allow_collision: 1
  checksum: 1
  no_block_cache: 0
  block_cache: 0x7fbbb803a500
  block_cache_name: LRUCache
  block_cache_options:
    capacity : 8388608
    num_shard_bits : 4
    strict_capacity_limit : 0
    memory_allocator : None
    high_pri_pool_ratio: 0.000
  block_cache_compressed: (nil)
  persistent_cache: (nil)
  block_size: 4096
  block_size_deviation: 10
  block_restart_interval: 16
  index_block_restart_interval: 1
  metadata_block_size: 4096
  partition_filters: 0
  use_delta_encoding: 1
  filter_policy: nullptr
  whole_key_filtering: 1
  verify_compression: 0
  read_amp_bytes_per_bit: 0
  format_version: 2
  enable_index_compression: 1
  block_align: 0
2019/10/17-14:56:11.920830 7fbc2cd30700        Options.write_buffer_size: 67108864
2019/10/17-14:56:11.920831 7fbc2cd30700  Options.max_write_buffer_number: 2
2019/10/17-14:56:11.920832 7fbc2cd30700          Options.compression: NoCompression
2019/10/17-14:56:11.920833 7fbc2cd30700                  Options.bottommost_compression: Disabled
2019/10/17-14:56:11.920833 7fbc2cd30700       Options.prefix_extractor: nullptr
2019/10/17-14:56:11.920834 7fbc2cd30700   Options.memtable_insert_with_hint_prefix_extractor: nullptr
2019/10/17-14:56:11.920834 7fbc2cd30700             Options.num_levels: 7
2019/10/17-14:56:11.920835 7fbc2cd30700        Options.min_write_buffer_number_to_merge: 1
2019/10/17-14:56:11.920836 7fbc2cd30700     Options.max_write_buffer_number_to_maintain: 0
2019/10/17-14:56:11.920836 7fbc2cd30700            Options.bottommost_compression_opts.window_bits: -14
2019/10/17-14:56:11.920837 7fbc2cd30700                  Options.bottommost_compression_opts.level: 32767
2019/10/17-14:56:11.920838 7fbc2cd30700               Options.bottommost_compression_opts.strategy: 0
2019/10/17-14:56:11.920838 7fbc2cd30700         Options.bottommost_compression_opts.max_dict_bytes: 0
2019/10/17-14:56:11.920839 7fbc2cd30700         Options.bottommost_compression_opts.zstd_max_train_bytes: 0
2019/10/17-14:56:11.920840 7fbc2cd30700                  Options.bottommost_compression_opts.enabled: false
2019/10/17-14:56:11.920840 7fbc2cd30700            Options.compression_opts.window_bits: -14
2019/10/17-14:56:11.920841 7fbc2cd30700                  Options.compression_opts.level: 32767
2019/10/17-14:56:11.920842 7fbc2cd30700               Options.compression_opts.strategy: 0
2019/10/17-14:56:11.920842 7fbc2cd30700         Options.compression_opts.max_dict_bytes: 0
2019/10/17-14:56:11.920843 7fbc2cd30700         Options.compression_opts.zstd_max_train_bytes: 0
2019/10/17-14:56:11.920843 7fbc2cd30700                  Options.compression_opts.enabled: false
2019/10/17-14:56:11.920844 7fbc2cd30700      Options.level0_file_num_compaction_trigger: 4
2019/10/17-14:56:11.920845 7fbc2cd30700          Options.level0_slowdown_writes_trigger: 20
2019/10/17-14:56:11.920845 7fbc2cd30700              Options.level0_stop_writes_trigger: 36
2019/10/17-14:56:11.920846 7fbc2cd30700                   Options.target_file_size_base: 67108864
2019/10/17-14:56:11.920847 7fbc2cd30700             Options.target_file_size_multiplier: 1
2019/10/17-14:56:11.920847 7fbc2cd30700                Options.max_bytes_for_level_base: 268435456
2019/10/17-14:56:11.920848 7fbc2cd30700 Options.level_compaction_dynamic_level_bytes: 0
2019/10/17-14:56:11.920849 7fbc2cd30700          Options.max_bytes_for_level_multiplier: 10.000000
2019/10/17-14:56:11.920850 7fbc2cd30700 Options.max_bytes_for_level_multiplier_addtl[0]: 1
2019/10/17-14:56:11.920850 7fbc2cd30700 Options.max_bytes_for_level_multiplier_addtl[1]: 1
2019/10/17-14:56:11.920851 7fbc2cd30700 Options.max_bytes_for_level_multiplier_addtl[2]: 1
2019/10/17-14:56:11.920852 7fbc2cd30700 Options.max_bytes_for_level_multiplier_addtl[3]: 1
2019/10/17-14:56:11.920852 7fbc2cd30700 Options.max_bytes_for_level_multiplier_addtl[4]: 1
2019/10/17-14:56:11.920853 7fbc2cd30700 Options.max_bytes_for_level_multiplier_addtl[5]: 1
2019/10/17-14:56:11.920854 7fbc2cd30700 Options.max_bytes_for_level_multiplier_addtl[6]: 1
2019/10/17-14:56:11.920854 7fbc2cd30700       Options.max_sequential_skip_in_iterations: 8
2019/10/17-14:56:11.920855 7fbc2cd30700                    Options.max_compaction_bytes: 1677721600
2019/10/17-14:56:11.920856 7fbc2cd30700                        Options.arena_block_size: 8388608
2019/10/17-14:56:11.920856 7fbc2cd30700   Options.soft_pending_compaction_bytes_limit: 68719476736
2019/10/17-14:56:11.920857 7fbc2cd30700   Options.hard_pending_compaction_bytes_limit: 274877906944
2019/10/17-14:56:11.920858 7fbc2cd30700       Options.rate_limit_delay_max_milliseconds: 100
2019/10/17-14:56:11.920858 7fbc2cd30700                Options.disable_auto_compactions: 0
2019/10/17-14:56:11.920862 7fbc2cd30700                        Options.compaction_style: kCompactionStyleLevel
2019/10/17-14:56:11.920863 7fbc2cd30700                          Options.compaction_pri: kByCompensatedSize
2019/10/17-14:56:11.920864 7fbc2cd30700 Options.compaction_options_universal.size_ratio: 1
2019/10/17-14:56:11.920864 7fbc2cd30700 Options.compaction_options_universal.min_merge_width: 2
2019/10/17-14:56:11.920865 7fbc2cd30700 Options.compaction_options_universal.max_merge_width: 4294967295
2019/10/17-14:56:11.920866 7fbc2cd30700 Options.compaction_options_universal.max_size_amplification_percent: 200
2019/10/17-14:56:11.920866 7fbc2cd30700 Options.compaction_options_universal.compression_size_percent: -1
2019/10/17-14:56:11.920867 7fbc2cd30700 Options.compaction_options_universal.stop_style: kCompactionStopStyleTotalSize
2019/10/17-14:56:11.920868 7fbc2cd30700 Options.compaction_options_fifo.max_table_files_size: 1073741824
2019/10/17-14:56:11.920869 7fbc2cd30700 Options.compaction_options_fifo.allow_compaction: 0
2019/10/17-14:56:11.920869 7fbc2cd30700 Options.compaction_options_fifo.ttl: 0
2019/10/17-14:56:11.920870 7fbc2cd30700                   Options.table_properties_collectors: 
2019/10/17-14:56:11.920870 7fbc2cd30700                   Options.inplace_update_support: 0
2019/10/17-14:56:11.920871 7fbc2cd30700                 Options.inplace_update_num_locks: 10000
2019/10/17-14:56:11.920872 7fbc2cd30700               Options.memtable_prefix_bloom_size_ratio: 0.000000
2019/10/17-14:56:11.920873 7fbc2cd30700   Options.memtable_huge_page_size: 0
2019/10/17-14:56:11.920873 7fbc2cd30700                           Options.bloom_locality: 0
2019/10/17-14:56:11.920874 7fbc2cd30700                    Options.max_successive_merges: 0
2019/10/17-14:56:11.920875 7fbc2cd30700                Options.optimize_filters_for_hits: 0
2019/10/17-14:56:11.920875 7fbc2cd30700                Options.paranoid_file_checks: 0
2019/10/17-14:56:11.920876 7fbc2cd30700                Options.force_consistency_checks: 0
2019/10/17-14:56:11.920877 7fbc2cd30700                Options.report_bg_io_stats: 0
2019/10/17-14:56:11.920877 7fbc2cd30700                               Options.ttl: 0
2019/10/17-14:56:11.920888 7fbc2cd30700 [db/column_family.cc:472] --------------- Options for column family [htlcs]:
2019/10/17-14:56:11.920889 7fbc2cd30700               Options.comparator: leveldb.BytewiseComparator
2019/10/17-14:56:11.920889 7fbc2cd30700           Options.merge_operator: None
2019/10/17-14:56:11.920890 7fbc2cd30700        Options.compaction_filter: None
2019/10/17-14:56:11.920891 7fbc2cd30700        Options.compaction_filter_factory: None
2019/10/17-14:56:11.920891 7fbc2cd30700         Options.memtable_factory: SkipListFactory
2019/10/17-14:56:11.920892 7fbc2cd30700            Options.table_factory: BlockBasedTable
2019/10/17-14:56:11.920900 7fbc2cd30700            table_factory options:   flush_block_policy_factory: FlushBlockBySizePolicyFactory (0x7fbbb8094ee0)
