2019/10/17-14:55:02.176070 7fc3a9fcb700 RocksDB version: 5.18.3
2019/10/17-14:55:02.176101 7fc3a9fcb700 Git sha rocksdb_build_git_sha:@0@
2019/10/17-14:55:02.176103 7fc3a9fcb700 Compile date Sep 19 2019
2019/10/17-14:55:02.176104 7fc3a9fcb700 DB SUMMARY
2019/10/17-14:55:02.176916 7fc3a9fcb700 CURRENT file:  CURRENT
2019/10/17-14:55:02.176918 7fc3a9fcb700 IDENTITY file:  IDENTITY
2019/10/17-14:55:02.176950 7fc3a9fcb700 MANIFEST file:  MANIFEST-116200 size: 4114 Bytes
2019/10/17-14:55:02.176952 7fc3a9fcb700 SST files in /home/rahul/dev/blockchain-core/eqc/ledger.db dir, Total Num: 29, files: 000624.sst 000627.sst 106940.sst 108447.sst 108450.sst 109471.sst 109483.sst 109485.sst 109486.sst 
2019/10/17-14:55:02.176954 7fc3a9fcb700 Write Ahead Log file in /home/rahul/dev/blockchain-core/eqc/ledger.db: 116201.log size: 0 ; 
2019/10/17-14:55:02.176992 7fc3a9fcb700                         Options.error_if_exists: 0
2019/10/17-14:55:02.176994 7fc3a9fcb700                       Options.create_if_missing: 1
2019/10/17-14:55:02.176994 7fc3a9fcb700                         Options.paranoid_checks: 1
2019/10/17-14:55:02.176995 7fc3a9fcb700                                     Options.env: 0x7fc32ae1fc60
2019/10/17-14:55:02.176996 7fc3a9fcb700                                Options.info_log: 0x7fc35006d310
2019/10/17-14:55:02.176997 7fc3a9fcb700                Options.max_file_opening_threads: 16
2019/10/17-14:55:02.176998 7fc3a9fcb700                              Options.statistics: (nil)
2019/10/17-14:55:02.176999 7fc3a9fcb700                               Options.use_fsync: 0
2019/10/17-14:55:02.177000 7fc3a9fcb700                       Options.max_log_file_size: 0
2019/10/17-14:55:02.177001 7fc3a9fcb700                  Options.max_manifest_file_size: 1073741824
2019/10/17-14:55:02.177002 7fc3a9fcb700                   Options.log_file_time_to_roll: 0
2019/10/17-14:55:02.177003 7fc3a9fcb700                       Options.keep_log_file_num: 1000
2019/10/17-14:55:02.177003 7fc3a9fcb700                    Options.recycle_log_file_num: 0
2019/10/17-14:55:02.177004 7fc3a9fcb700                         Options.allow_fallocate: 1
2019/10/17-14:55:02.177005 7fc3a9fcb700                        Options.allow_mmap_reads: 0
2019/10/17-14:55:02.177006 7fc3a9fcb700                       Options.allow_mmap_writes: 0
2019/10/17-14:55:02.177007 7fc3a9fcb700                        Options.use_direct_reads: 0
2019/10/17-14:55:02.177008 7fc3a9fcb700                        Options.use_direct_io_for_flush_and_compaction: 0
2019/10/17-14:55:02.177008 7fc3a9fcb700          Options.create_missing_column_families: 0
2019/10/17-14:55:02.177009 7fc3a9fcb700                              Options.db_log_dir: 
2019/10/17-14:55:02.177010 7fc3a9fcb700                                 Options.wal_dir: /home/rahul/dev/blockchain-core/eqc/ledger.db
2019/10/17-14:55:02.177011 7fc3a9fcb700                Options.table_cache_numshardbits: 6
2019/10/17-14:55:02.177012 7fc3a9fcb700                      Options.max_subcompactions: 1
2019/10/17-14:55:02.177013 7fc3a9fcb700                  Options.max_background_flushes: -1
2019/10/17-14:55:02.177014 7fc3a9fcb700                         Options.WAL_ttl_seconds: 0
2019/10/17-14:55:02.177015 7fc3a9fcb700                       Options.WAL_size_limit_MB: 0
2019/10/17-14:55:02.177015 7fc3a9fcb700             Options.manifest_preallocation_size: 4194304
2019/10/17-14:55:02.177016 7fc3a9fcb700                     Options.is_fd_close_on_exec: 1
2019/10/17-14:55:02.177017 7fc3a9fcb700                   Options.advise_random_on_open: 1
2019/10/17-14:55:02.177018 7fc3a9fcb700                    Options.db_write_buffer_size: 0
2019/10/17-14:55:02.177019 7fc3a9fcb700                    Options.write_buffer_manager: 0x7fc3500a4650
2019/10/17-14:55:02.177020 7fc3a9fcb700         Options.access_hint_on_compaction_start: 1
2019/10/17-14:55:02.177020 7fc3a9fcb700  Options.new_table_reader_for_compaction_inputs: 0
2019/10/17-14:55:02.177021 7fc3a9fcb700           Options.random_access_max_buffer_size: 1048576
2019/10/17-14:55:02.177022 7fc3a9fcb700                      Options.use_adaptive_mutex: 0
2019/10/17-14:55:02.177023 7fc3a9fcb700                            Options.rate_limiter: (nil)
2019/10/17-14:55:02.177032 7fc3a9fcb700     Options.sst_file_manager.rate_bytes_per_sec: 0
2019/10/17-14:55:02.177034 7fc3a9fcb700                       Options.wal_recovery_mode: 2
2019/10/17-14:55:02.177034 7fc3a9fcb700                  Options.enable_thread_tracking: 0
2019/10/17-14:55:02.177035 7fc3a9fcb700                  Options.enable_pipelined_write: 0
2019/10/17-14:55:02.177036 7fc3a9fcb700         Options.allow_concurrent_memtable_write: 1
2019/10/17-14:55:02.177037 7fc3a9fcb700      Options.enable_write_thread_adaptive_yield: 1
2019/10/17-14:55:02.177038 7fc3a9fcb700             Options.write_thread_max_yield_usec: 100
2019/10/17-14:55:02.177039 7fc3a9fcb700            Options.write_thread_slow_yield_usec: 3
2019/10/17-14:55:02.177039 7fc3a9fcb700                               Options.row_cache: None
2019/10/17-14:55:02.177040 7fc3a9fcb700                              Options.wal_filter: None
2019/10/17-14:55:02.177041 7fc3a9fcb700             Options.avoid_flush_during_recovery: 0
2019/10/17-14:55:02.177042 7fc3a9fcb700             Options.allow_ingest_behind: 0
2019/10/17-14:55:02.177043 7fc3a9fcb700             Options.preserve_deletes: 0
2019/10/17-14:55:02.177044 7fc3a9fcb700             Options.two_write_queues: 0
2019/10/17-14:55:02.177045 7fc3a9fcb700             Options.manual_wal_flush: 0
2019/10/17-14:55:02.177045 7fc3a9fcb700             Options.max_background_jobs: 2
2019/10/17-14:55:02.177046 7fc3a9fcb700             Options.max_background_compactions: -1
2019/10/17-14:55:02.177047 7fc3a9fcb700             Options.avoid_flush_during_shutdown: 0
2019/10/17-14:55:02.177048 7fc3a9fcb700           Options.writable_file_max_buffer_size: 1048576
2019/10/17-14:55:02.177049 7fc3a9fcb700             Options.delayed_write_rate : 16777216
2019/10/17-14:55:02.177050 7fc3a9fcb700             Options.max_total_wal_size: 0
2019/10/17-14:55:02.177051 7fc3a9fcb700             Options.delete_obsolete_files_period_micros: 21600000000
2019/10/17-14:55:02.177052 7fc3a9fcb700                   Options.stats_dump_period_sec: 600
2019/10/17-14:55:02.177052 7fc3a9fcb700                          Options.max_open_files: -1
2019/10/17-14:55:02.177053 7fc3a9fcb700                          Options.bytes_per_sync: 0
2019/10/17-14:55:02.177054 7fc3a9fcb700                      Options.wal_bytes_per_sync: 0
2019/10/17-14:55:02.177055 7fc3a9fcb700       Options.compaction_readahead_size: 0
2019/10/17-14:55:02.177056 7fc3a9fcb700 Compression algorithms supported:
2019/10/17-14:55:02.177057 7fc3a9fcb700 	kZSTDNotFinalCompression supported: 0
2019/10/17-14:55:02.177058 7fc3a9fcb700 	kZSTD supported: 0
2019/10/17-14:55:02.177059 7fc3a9fcb700 	kXpressCompression supported: 0
2019/10/17-14:55:02.177060 7fc3a9fcb700 	kLZ4HCCompression supported: 0
2019/10/17-14:55:02.177061 7fc3a9fcb700 	kLZ4Compression supported: 0
2019/10/17-14:55:02.177062 7fc3a9fcb700 	kBZip2Compression supported: 0
2019/10/17-14:55:02.177063 7fc3a9fcb700 	kZlibCompression supported: 0
2019/10/17-14:55:02.177063 7fc3a9fcb700 	kSnappyCompression supported: 0
2019/10/17-14:55:02.177065 7fc3a9fcb700 Fast CRC32 supported: Supported on x86
2019/10/17-14:55:02.177166 7fc3a9fcb700 [db/version_set.cc:3507] Recovering from manifest file: MANIFEST-116200
2019/10/17-14:55:02.177201 7fc3a9fcb700 [db/column_family.cc:472] --------------- Options for column family [default]:
2019/10/17-14:55:02.177203 7fc3a9fcb700               Options.comparator: leveldb.BytewiseComparator
2019/10/17-14:55:02.177204 7fc3a9fcb700           Options.merge_operator: None
2019/10/17-14:55:02.177205 7fc3a9fcb700        Options.compaction_filter: None
2019/10/17-14:55:02.177206 7fc3a9fcb700        Options.compaction_filter_factory: None
2019/10/17-14:55:02.177207 7fc3a9fcb700         Options.memtable_factory: SkipListFactory
2019/10/17-14:55:02.177208 7fc3a9fcb700            Options.table_factory: BlockBasedTable
2019/10/17-14:55:02.177223 7fc3a9fcb700            table_factory options:   flush_block_policy_factory: FlushBlockBySizePolicyFactory (0x7fc3500dbdd0)
  cache_index_and_filter_blocks: 0
  cache_index_and_filter_blocks_with_high_priority: 0
  pin_l0_filter_and_index_blocks_in_cache: 0
  pin_top_level_index_and_filter: 1
  index_type: 0
  hash_index_allow_collision: 1
  checksum: 1
  no_block_cache: 0
  block_cache: 0x7fc3500e3600
  block_cache_name: LRUCache
  block_cache_options:
    capacity : 8388608
    num_shard_bits : 4
    strict_capacity_limit : 0
    memory_allocator : None
    high_pri_pool_ratio: 0.000
  block_cache_compressed: (nil)
  persistent_cache: (nil)
  block_size: 4096
  block_size_deviation: 10
  block_restart_interval: 16
  index_block_restart_interval: 1
  metadata_block_size: 4096
  partition_filters: 0
  use_delta_encoding: 1
  filter_policy: nullptr
  whole_key_filtering: 1
  verify_compression: 0
  read_amp_bytes_per_bit: 0
  format_version: 2
  enable_index_compression: 1
  block_align: 0
2019/10/17-14:55:02.177233 7fc3a9fcb700        Options.write_buffer_size: 67108864
2019/10/17-14:55:02.177234 7fc3a9fcb700  Options.max_write_buffer_number: 2
2019/10/17-14:55:02.177235 7fc3a9fcb700          Options.compression: NoCompression
2019/10/17-14:55:02.177236 7fc3a9fcb700                  Options.bottommost_compression: Disabled
2019/10/17-14:55:02.177237 7fc3a9fcb700       Options.prefix_extractor: nullptr
2019/10/17-14:55:02.177238 7fc3a9fcb700   Options.memtable_insert_with_hint_prefix_extractor: nullptr
2019/10/17-14:55:02.177238 7fc3a9fcb700             Options.num_levels: 7
2019/10/17-14:55:02.177239 7fc3a9fcb700        Options.min_write_buffer_number_to_merge: 1
2019/10/17-14:55:02.177240 7fc3a9fcb700     Options.max_write_buffer_number_to_maintain: 0
2019/10/17-14:55:02.177241 7fc3a9fcb700            Options.bottommost_compression_opts.window_bits: -14
2019/10/17-14:55:02.177242 7fc3a9fcb700                  Options.bottommost_compression_opts.level: 32767
2019/10/17-14:55:02.177243 7fc3a9fcb700               Options.bottommost_compression_opts.strategy: 0
2019/10/17-14:55:02.177244 7fc3a9fcb700         Options.bottommost_compression_opts.max_dict_bytes: 0
2019/10/17-14:55:02.177244 7fc3a9fcb700         Options.bottommost_compression_opts.zstd_max_train_bytes: 0
2019/10/17-14:55:02.177245 7fc3a9fcb700                  Options.bottommost_compression_opts.enabled: false
2019/10/17-14:55:02.177246 7fc3a9fcb700            Options.compression_opts.window_bits: -14
2019/10/17-14:55:02.177247 7fc3a9fcb700                  Options.compression_opts.level: 32767
2019/10/17-14:55:02.177248 7fc3a9fcb700               Options.compression_opts.strategy: 0
2019/10/17-14:55:02.177249 7fc3a9fcb700         Options.compression_opts.max_dict_bytes: 0
2019/10/17-14:55:02.177249 7fc3a9fcb700         Options.compression_opts.zstd_max_train_bytes: 0
2019/10/17-14:55:02.177250 7fc3a9fcb700                  Options.compression_opts.enabled: false
2019/10/17-14:55:02.177251 7fc3a9fcb700      Options.level0_file_num_compaction_trigger: 4
2019/10/17-14:55:02.177252 7fc3a9fcb700          Options.level0_slowdown_writes_trigger: 20
2019/10/17-14:55:02.177253 7fc3a9fcb700              Options.level0_stop_writes_trigger: 36
2019/10/17-14:55:02.177254 7fc3a9fcb700                   Options.target_file_size_base: 67108864
2019/10/17-14:55:02.177254 7fc3a9fcb700             Options.target_file_size_multiplier: 1
2019/10/17-14:55:02.177255 7fc3a9fcb700                Options.max_bytes_for_level_base: 268435456
2019/10/17-14:55:02.177256 7fc3a9fcb700 Options.level_compaction_dynamic_level_bytes: 0
2019/10/17-14:55:02.177257 7fc3a9fcb700          Options.max_bytes_for_level_multiplier: 10.000000
2019/10/17-14:55:02.177259 7fc3a9fcb700 Options.max_bytes_for_level_multiplier_addtl[0]: 1
2019/10/17-14:55:02.177260 7fc3a9fcb700 Options.max_bytes_for_level_multiplier_addtl[1]: 1
2019/10/17-14:55:02.177261 7fc3a9fcb700 Options.max_bytes_for_level_multiplier_addtl[2]: 1
2019/10/17-14:55:02.177262 7fc3a9fcb700 Options.max_bytes_for_level_multiplier_addtl[3]: 1
2019/10/17-14:55:02.177263 7fc3a9fcb700 Options.max_bytes_for_level_multiplier_addtl[4]: 1
2019/10/17-14:55:02.177267 7fc3a9fcb700 Options.max_bytes_for_level_multiplier_addtl[5]: 1
2019/10/17-14:55:02.177268 7fc3a9fcb700 Options.max_bytes_for_level_multiplier_addtl[6]: 1
2019/10/17-14:55:02.177269 7fc3a9fcb700       Options.max_sequential_skip_in_iterations: 8
2019/10/17-14:55:02.177270 7fc3a9fcb700                    Options.max_compaction_bytes: 1677721600
2019/10/17-14:55:02.177271 7fc3a9fcb700                        Options.arena_block_size: 8388608
2019/10/17-14:55:02.177272 7fc3a9fcb700   Options.soft_pending_compaction_bytes_limit: 68719476736
2019/10/17-14:55:02.177273 7fc3a9fcb700   Options.hard_pending_compaction_bytes_limit: 274877906944
2019/10/17-14:55:02.177274 7fc3a9fcb700       Options.rate_limit_delay_max_milliseconds: 100
2019/10/17-14:55:02.177274 7fc3a9fcb700                Options.disable_auto_compactions: 0
2019/10/17-14:55:02.177276 7fc3a9fcb700                        Options.compaction_style: kCompactionStyleLevel
2019/10/17-14:55:02.177277 7fc3a9fcb700                          Options.compaction_pri: kByCompensatedSize
2019/10/17-14:55:02.177278 7fc3a9fcb700 Options.compaction_options_universal.size_ratio: 1
2019/10/17-14:55:02.177279 7fc3a9fcb700 Options.compaction_options_universal.min_merge_width: 2
2019/10/17-14:55:02.177279 7fc3a9fcb700 Options.compaction_options_universal.max_merge_width: 4294967295
2019/10/17-14:55:02.177280 7fc3a9fcb700 Options.compaction_options_universal.max_size_amplification_percent: 200
2019/10/17-14:55:02.177281 7fc3a9fcb700 Options.compaction_options_universal.compression_size_percent: -1
2019/10/17-14:55:02.177282 7fc3a9fcb700 Options.compaction_options_universal.stop_style: kCompactionStopStyleTotalSize
2019/10/17-14:55:02.177283 7fc3a9fcb700 Options.compaction_options_fifo.max_table_files_size: 1073741824
2019/10/17-14:55:02.177284 7fc3a9fcb700 Options.compaction_options_fifo.allow_compaction: 0
2019/10/17-14:55:02.177285 7fc3a9fcb700 Options.compaction_options_fifo.ttl: 0
2019/10/17-14:55:02.177286 7fc3a9fcb700                   Options.table_properties_collectors: 
2019/10/17-14:55:02.177287 7fc3a9fcb700                   Options.inplace_update_support: 0
2019/10/17-14:55:02.177287 7fc3a9fcb700                 Options.inplace_update_num_locks: 10000
2019/10/17-14:55:02.177288 7fc3a9fcb700               Options.memtable_prefix_bloom_size_ratio: 0.000000
2019/10/17-14:55:02.177290 7fc3a9fcb700   Options.memtable_huge_page_size: 0
2019/10/17-14:55:02.177291 7fc3a9fcb700                           Options.bloom_locality: 0
2019/10/17-14:55:02.177291 7fc3a9fcb700                    Options.max_successive_merges: 0
2019/10/17-14:55:02.177292 7fc3a9fcb700                Options.optimize_filters_for_hits: 0
2019/10/17-14:55:02.177293 7fc3a9fcb700                Options.paranoid_file_checks: 0
2019/10/17-14:55:02.177294 7fc3a9fcb700                Options.force_consistency_checks: 0
2019/10/17-14:55:02.177295 7fc3a9fcb700                Options.report_bg_io_stats: 0
2019/10/17-14:55:02.177295 7fc3a9fcb700                               Options.ttl: 0
2019/10/17-14:55:02.177324 7fc3a9fcb700 [db/column_family.cc:472] --------------- Options for column family [active_gateways]:
2019/10/17-14:55:02.177326 7fc3a9fcb700               Options.comparator: leveldb.BytewiseComparator
2019/10/17-14:55:02.177327 7fc3a9fcb700           Options.merge_operator: None
2019/10/17-14:55:02.177328 7fc3a9fcb700        Options.compaction_filter: None
2019/10/17-14:55:02.177329 7fc3a9fcb700        Options.compaction_filter_factory: None
2019/10/17-14:55:02.177330 7fc3a9fcb700         Options.memtable_factory: SkipListFactory
2019/10/17-14:55:02.177330 7fc3a9fcb700            Options.table_factory: BlockBasedTable
2019/10/17-14:55:02.177342 7fc3a9fcb700            table_factory options:   flush_block_policy_factory: FlushBlockBySizePolicyFactory (0x7fc35009f8d0)
  cache_index_and_filter_blocks: 0
  cache_index_and_filter_blocks_with_high_priority: 0
  pin_l0_filter_and_index_blocks_in_cache: 0
  pin_top_level_index_and_filter: 1
  index_type: 0
  hash_index_allow_collision: 1
  checksum: 1
  no_block_cache: 0
  block_cache: 0x7fc35006af00
  block_cache_name: LRUCache
  block_cache_options:
    capacity : 8388608
    num_shard_bits : 4
    strict_capacity_limit : 0
    memory_allocator : None
    high_pri_pool_ratio: 0.000
  block_cache_compressed: (nil)
  persistent_cache: (nil)
  block_size: 4096
  block_size_deviation: 10
  block_restart_interval: 16
  index_block_restart_interval: 1
  metadata_block_size: 4096
  partition_filters: 0
  use_delta_encoding: 1
  filter_policy: nullptr
  whole_key_filtering: 1
  verify_compression: 0
  read_amp_bytes_per_bit: 0
  format_version: 2
  enable_index_compression: 1
  block_align: 0
2019/10/17-14:55:02.177350 7fc3a9fcb700        Options.write_buffer_size: 67108864
2019/10/17-14:55:02.177351 7fc3a9fcb700  Options.max_write_buffer_number: 2
2019/10/17-14:55:02.177352 7fc3a9fcb700          Options.compression: NoCompression
2019/10/17-14:55:02.177353 7fc3a9fcb700                  Options.bottommost_compression: Disabled
2019/10/17-14:55:02.177353 7fc3a9fcb700       Options.prefix_extractor: nullptr
2019/10/17-14:55:02.177354 7fc3a9fcb700   Options.memtable_insert_with_hint_prefix_extractor: nullptr
2019/10/17-14:55:02.177355 7fc3a9fcb700             Options.num_levels: 7
2019/10/17-14:55:02.177356 7fc3a9fcb700        Options.min_write_buffer_number_to_merge: 1
2019/10/17-14:55:02.177357 7fc3a9fcb700     Options.max_write_buffer_number_to_maintain: 0
2019/10/17-14:55:02.177358 7fc3a9fcb700            Options.bottommost_compression_opts.window_bits: -14
2019/10/17-14:55:02.177358 7fc3a9fcb700                  Options.bottommost_compression_opts.level: 32767
2019/10/17-14:55:02.177359 7fc3a9fcb700               Options.bottommost_compression_opts.strategy: 0
2019/10/17-14:55:02.177360 7fc3a9fcb700         Options.bottommost_compression_opts.max_dict_bytes: 0
2019/10/17-14:55:02.177361 7fc3a9fcb700         Options.bottommost_compression_opts.zstd_max_train_bytes: 0
2019/10/17-14:55:02.177362 7fc3a9fcb700                  Options.bottommost_compression_opts.enabled: false
2019/10/17-14:55:02.177363 7fc3a9fcb700            Options.compression_opts.window_bits: -14
2019/10/17-14:55:02.177363 7fc3a9fcb700                  Options.compression_opts.level: 32767
2019/10/17-14:55:02.177364 7fc3a9fcb700               Options.compression_opts.strategy: 0
2019/10/17-14:55:02.177365 7fc3a9fcb700         Options.compression_opts.max_dict_bytes: 0
2019/10/17-14:55:02.177366 7fc3a9fcb700         Options.compression_opts.zstd_max_train_bytes: 0
2019/10/17-14:55:02.177367 7fc3a9fcb700                  Options.compression_opts.enabled: false
2019/10/17-14:55:02.177368 7fc3a9fcb700      Options.level0_file_num_compaction_trigger: 4
2019/10/17-14:55:02.177368 7fc3a9fcb700          Options.level0_slowdown_writes_trigger: 20
2019/10/17-14:55:02.177369 7fc3a9fcb700              Options.level0_stop_writes_trigger: 36
2019/10/17-14:55:02.177370 7fc3a9fcb700                   Options.target_file_size_base: 67108864
2019/10/17-14:55:02.177371 7fc3a9fcb700             Options.target_file_size_multiplier: 1
2019/10/17-14:55:02.177372 7fc3a9fcb700                Options.max_bytes_for_level_base: 268435456
2019/10/17-14:55:02.177373 7fc3a9fcb700 Options.level_compaction_dynamic_level_bytes: 0
2019/10/17-14:55:02.177373 7fc3a9fcb700          Options.max_bytes_for_level_multiplier: 10.000000
2019/10/17-14:55:02.177375 7fc3a9fcb700 Options.max_bytes_for_level_multiplier_addtl[0]: 1
2019/10/17-14:55:02.177376 7fc3a9fcb700 Options.max_bytes_for_level_multiplier_addtl[1]: 1
2019/10/17-14:55:02.177377 7fc3a9fcb700 Options.max_bytes_for_level_multiplier_addtl[2]: 1
2019/10/17-14:55:02.177378 7fc3a9fcb700 Options.max_bytes_for_level_multiplier_addtl[3]: 1
2019/10/17-14:55:02.177378 7fc3a9fcb700 Options.max_bytes_for_level_multiplier_addtl[4]: 1
2019/10/17-14:55:02.177379 7fc3a9fcb700 Options.max_bytes_for_level_multiplier_addtl[5]: 1
2019/10/17-14:55:02.177380 7fc3a9fcb700 Options.max_bytes_for_level_multiplier_addtl[6]: 1
2019/10/17-14:55:02.177381 7fc3a9fcb700       Options.max_sequential_skip_in_iterations: 8
2019/10/17-14:55:02.177386 7fc3a9fcb700                    Options.max_compaction_bytes: 1677721600
2019/10/17-14:55:02.177387 7fc3a9fcb700                        Options.arena_block_size: 8388608
2019/10/17-14:55:02.177388 7fc3a9fcb700   Options.soft_pending_compaction_bytes_limit: 68719476736
2019/10/17-14:55:02.177389 7fc3a9fcb700   Options.hard_pending_compaction_bytes_limit: 274877906944
2019/10/17-14:55:02.177389 7fc3a9fcb700       Options.rate_limit_delay_max_milliseconds: 100
2019/10/17-14:55:02.177390 7fc3a9fcb700                Options.disable_auto_compactions: 0
2019/10/17-14:55:02.177391 7fc3a9fcb700                        Options.compaction_style: kCompactionStyleLevel
2019/10/17-14:55:02.177392 7fc3a9fcb700                          Options.compaction_pri: kByCompensatedSize
2019/10/17-14:55:02.177393 7fc3a9fcb700 Options.compaction_options_universal.size_ratio: 1
2019/10/17-14:55:02.177394 7fc3a9fcb700 Options.compaction_options_universal.min_merge_width: 2
2019/10/17-14:55:02.177395 7fc3a9fcb700 Options.compaction_options_universal.max_merge_width: 4294967295
2019/10/17-14:55:02.177396 7fc3a9fcb700 Options.compaction_options_universal.max_size_amplification_percent: 200
2019/10/17-14:55:02.177397 7fc3a9fcb700 Options.compaction_options_universal.compression_size_percent: -1
2019/10/17-14:55:02.177398 7fc3a9fcb700 Options.compaction_options_universal.stop_style: kCompactionStopStyleTotalSize
2019/10/17-14:55:02.177398 7fc3a9fcb700 Options.compaction_options_fifo.max_table_files_size: 1073741824
2019/10/17-14:55:02.177399 7fc3a9fcb700 Options.compaction_options_fifo.allow_compaction: 0
2019/10/17-14:55:02.177400 7fc3a9fcb700 Options.compaction_options_fifo.ttl: 0
2019/10/17-14:55:02.177401 7fc3a9fcb700                   Options.table_properties_collectors: 
2019/10/17-14:55:02.177402 7fc3a9fcb700                   Options.inplace_update_support: 0
2019/10/17-14:55:02.177403 7fc3a9fcb700                 Options.inplace_update_num_locks: 10000
2019/10/17-14:55:02.177403 7fc3a9fcb700               Options.memtable_prefix_bloom_size_ratio: 0.000000
2019/10/17-14:55:02.177405 7fc3a9fcb700   Options.memtable_huge_page_size: 0
2019/10/17-14:55:02.177405 7fc3a9fcb700                           Options.bloom_locality: 0
2019/10/17-14:55:02.177406 7fc3a9fcb700                    Options.max_successive_merges: 0
2019/10/17-14:55:02.177407 7fc3a9fcb700                Options.optimize_filters_for_hits: 0
2019/10/17-14:55:02.177408 7fc3a9fcb700                Options.paranoid_file_checks: 0
2019/10/17-14:55:02.177409 7fc3a9fcb700                Options.force_consistency_checks: 0
2019/10/17-14:55:02.177410 7fc3a9fcb700                Options.report_bg_io_stats: 0
2019/10/17-14:55:02.177410 7fc3a9fcb700                               Options.ttl: 0
2019/10/17-14:55:02.177428 7fc3a9fcb700 [db/column_family.cc:472] --------------- Options for column family [entries]:
2019/10/17-14:55:02.177430 7fc3a9fcb700               Options.comparator: leveldb.BytewiseComparator
2019/10/17-14:55:02.177431 7fc3a9fcb700           Options.merge_operator: None
2019/10/17-14:55:02.177431 7fc3a9fcb700        Options.compaction_filter: None
2019/10/17-14:55:02.177432 7fc3a9fcb700        Options.compaction_filter_factory: None
2019/10/17-14:55:02.177433 7fc3a9fcb700         Options.memtable_factory: SkipListFactory
2019/10/17-14:55:02.177434 7fc3a9fcb700            Options.table_factory: BlockBasedTable
2019/10/17-14:55:02.177445 7fc3a9fcb700            table_factory options:   flush_block_policy_factory: FlushBlockBySizePolicyFactory (0x7fc3500764d0)
  cache_index_and_filter_blocks: 0
  cache_index_and_filter_blocks_with_high_priority: 0
  pin_l0_filter_and_index_blocks_in_cache: 0
  pin_top_level_index_and_filter: 1
  index_type: 0
  hash_index_allow_collision: 1
  checksum: 1
  no_block_cache: 0
  block_cache: 0x7fc350057d60
  block_cache_name: LRUCache
  block_cache_options:
    capacity : 8388608
    num_shard_bits : 4
    strict_capacity_limit : 0
    memory_allocator : None
    high_pri_pool_ratio: 0.000
  block_cache_compressed: (nil)
  persistent_cache: (nil)
  block_size: 4096
  block_size_deviation: 10
  block_restart_interval: 16
  index_block_restart_interval: 1
  metadata_block_size: 4096
  partition_filters: 0
  use_delta_encoding: 1
  filter_policy: nullptr
  whole_key_filtering: 1
  verify_compression: 0
  read_amp_bytes_per_bit: 0
  format_version: 2
  enable_index_compression: 1
  block_align: 0
2019/10/17-14:55:02.177451 7fc3a9fcb700        Options.write_buffer_size: 67108864
2019/10/17-14:55:02.177452 7fc3a9fcb700  Options.max_write_buffer_number: 2
2019/10/17-14:55:02.177453 7fc3a9fcb700          Options.compression: NoCompression
2019/10/17-14:55:02.177454 7fc3a9fcb700                  Options.bottommost_compression: Disabled
2019/10/17-14:55:02.177455 7fc3a9fcb700       Options.prefix_extractor: nullptr
2019/10/17-14:55:02.177456 7fc3a9fcb700   Options.memtable_insert_with_hint_prefix_extractor: nullptr
2019/10/17-14:55:02.177456 7fc3a9fcb700             Options.num_levels: 7
2019/10/17-14:55:02.177457 7fc3a9fcb700        Options.min_write_buffer_number_to_merge: 1
2019/10/17-14:55:02.177458 7fc3a9fcb700     Options.max_write_buffer_number_to_maintain: 0
2019/10/17-14:55:02.177459 7fc3a9fcb700            Options.bottommost_compression_opts.window_bits: -14
2019/10/17-14:55:02.177460 7fc3a9fcb700                  Options.bottommost_compression_opts.level: 32767
2019/10/17-14:55:02.177461 7fc3a9fcb700               Options.bottommost_compression_opts.strategy: 0
2019/10/17-14:55:02.177461 7fc3a9fcb700         Options.bottommost_compression_opts.max_dict_bytes: 0
2019/10/17-14:55:02.177462 7fc3a9fcb700         Options.bottommost_compression_opts.zstd_max_train_bytes: 0
2019/10/17-14:55:02.177463 7fc3a9fcb700                  Options.bottommost_compression_opts.enabled: false
2019/10/17-14:55:02.177464 7fc3a9fcb700            Options.compression_opts.window_bits: -14
2019/10/17-14:55:02.177465 7fc3a9fcb700                  Options.compression_opts.level: 32767
2019/10/17-14:55:02.177465 7fc3a9fcb700               Options.compression_opts.strategy: 0
2019/10/17-14:55:02.177466 7fc3a9fcb700         Options.compression_opts.max_dict_bytes: 0
2019/10/17-14:55:02.177467 7fc3a9fcb700         Options.compression_opts.zstd_max_train_bytes: 0
2019/10/17-14:55:02.177468 7fc3a9fcb700                  Options.compression_opts.enabled: false
2019/10/17-14:55:02.177469 7fc3a9fcb700      Options.level0_file_num_compaction_trigger: 4
2019/10/17-14:55:02.177469 7fc3a9fcb700          Options.level0_slowdown_writes_trigger: 20
2019/10/17-14:55:02.177470 7fc3a9fcb700              Options.level0_stop_writes_trigger: 36
2019/10/17-14:55:02.177471 7fc3a9fcb700                   Options.target_file_size_base: 67108864
2019/10/17-14:55:02.177472 7fc3a9fcb700             Options.target_file_size_multiplier: 1
2019/10/17-14:55:02.177473 7fc3a9fcb700                Options.max_bytes_for_level_base: 268435456
2019/10/17-14:55:02.177474 7fc3a9fcb700 Options.level_compaction_dynamic_level_bytes: 0
2019/10/17-14:55:02.177474 7fc3a9fcb700          Options.max_bytes_for_level_multiplier: 10.000000
2019/10/17-14:55:02.177476 7fc3a9fcb700 Options.max_bytes_for_level_multiplier_addtl[0]: 1
2019/10/17-14:55:02.177477 7fc3a9fcb700 Options.max_bytes_for_level_multiplier_addtl[1]: 1
2019/10/17-14:55:02.177478 7fc3a9fcb700 Options.max_bytes_for_level_multiplier_addtl[2]: 1
2019/10/17-14:55:02.177478 7fc3a9fcb700 Options.max_bytes_for_level_multiplier_addtl[3]: 1
2019/10/17-14:55:02.177479 7fc3a9fcb700 Options.max_bytes_for_level_multiplier_addtl[4]: 1
2019/10/17-14:55:02.177480 7fc3a9fcb700 Options.max_bytes_for_level_multiplier_addtl[5]: 1
2019/10/17-14:55:02.177481 7fc3a9fcb700 Options.max_bytes_for_level_multiplier_addtl[6]: 1
2019/10/17-14:55:02.177482 7fc3a9fcb700       Options.max_sequential_skip_in_iterations: 8
2019/10/17-14:55:02.177483 7fc3a9fcb700                    Options.max_compaction_bytes: 1677721600
2019/10/17-14:55:02.177483 7fc3a9fcb700                        Options.arena_block_size: 8388608
2019/10/17-14:55:02.177484 7fc3a9fcb700   Options.soft_pending_compaction_bytes_limit: 68719476736
2019/10/17-14:55:02.177489 7fc3a9fcb700   Options.hard_pending_compaction_bytes_limit: 274877906944
2019/10/17-14:55:02.177490 7fc3a9fcb700       Options.rate_limit_delay_max_milliseconds: 100
2019/10/17-14:55:02.177491 7fc3a9fcb700                Options.disable_auto_compactions: 0
2019/10/17-14:55:02.177492 7fc3a9fcb700                        Options.compaction_style: kCompactionStyleLevel
2019/10/17-14:55:02.177493 7fc3a9fcb700                          Options.compaction_pri: kByCompensatedSize
2019/10/17-14:55:02.177494 7fc3a9fcb700 Options.compaction_options_universal.size_ratio: 1
2019/10/17-14:55:02.177495 7fc3a9fcb700 Options.compaction_options_universal.min_merge_width: 2
2019/10/17-14:55:02.177495 7fc3a9fcb700 Options.compaction_options_universal.max_merge_width: 4294967295
2019/10/17-14:55:02.177496 7fc3a9fcb700 Options.compaction_options_universal.max_size_amplification_percent: 200
2019/10/17-14:55:02.177497 7fc3a9fcb700 Options.compaction_options_universal.compression_size_percent: -1
2019/10/17-14:55:02.177498 7fc3a9fcb700 Options.compaction_options_universal.stop_style: kCompactionStopStyleTotalSize
2019/10/17-14:55:02.177499 7fc3a9fcb700 Options.compaction_options_fifo.max_table_files_size: 1073741824
2019/10/17-14:55:02.177500 7fc3a9fcb700 Options.compaction_options_fifo.allow_compaction: 0
2019/10/17-14:55:02.177500 7fc3a9fcb700 Options.compaction_options_fifo.ttl: 0
2019/10/17-14:55:02.177501 7fc3a9fcb700                   Options.table_properties_collectors: 
2019/10/17-14:55:02.177502 7fc3a9fcb700                   Options.inplace_update_support: 0
2019/10/17-14:55:02.177503 7fc3a9fcb700                 Options.inplace_update_num_locks: 10000
2019/10/17-14:55:02.177504 7fc3a9fcb700               Options.memtable_prefix_bloom_size_ratio: 0.000000
2019/10/17-14:55:02.177505 7fc3a9fcb700   Options.memtable_huge_page_size: 0
2019/10/17-14:55:02.177506 7fc3a9fcb700                           Options.bloom_locality: 0
2019/10/17-14:55:02.177507 7fc3a9fcb700                    Options.max_successive_merges: 0
2019/10/17-14:55:02.177507 7fc3a9fcb700                Options.optimize_filters_for_hits: 0
2019/10/17-14:55:02.177508 7fc3a9fcb700                Options.paranoid_file_checks: 0
2019/10/17-14:55:02.177509 7fc3a9fcb700                Options.force_consistency_checks: 0
2019/10/17-14:55:02.177510 7fc3a9fcb700                Options.report_bg_io_stats: 0
2019/10/17-14:55:02.177511 7fc3a9fcb700                               Options.ttl: 0
2019/10/17-14:55:02.177527 7fc3a9fcb700 [db/column_family.cc:472] --------------- Options for column family [dc_entries]:
2019/10/17-14:55:02.177528 7fc3a9fcb700               Options.comparator: leveldb.BytewiseComparator
2019/10/17-14:55:02.177529 7fc3a9fcb700           Options.merge_operator: None
2019/10/17-14:55:02.177530 7fc3a9fcb700        Options.compaction_filter: None
2019/10/17-14:55:02.177531 7fc3a9fcb700        Options.compaction_filter_factory: None
2019/10/17-14:55:02.177532 7fc3a9fcb700         Options.memtable_factory: SkipListFactory
2019/10/17-14:55:02.177532 7fc3a9fcb700            Options.table_factory: BlockBasedTable
2019/10/17-14:55:02.177542 7fc3a9fcb700            table_factory options:   flush_block_policy_factory: FlushBlockBySizePolicyFactory (0x7fc35008ce40)
  cache_index_and_filter_blocks: 0
  cache_index_and_filter_blocks_with_high_priority: 0
  pin_l0_filter_and_index_blocks_in_cache: 0
  pin_top_level_index_and_filter: 1
  index_type: 0
  hash_index_allow_collision: 1
  checksum: 1
  no_block_cache: 0
  block_cache: 0x7fc3500898b0
  block_cache_name: LRUCache
  block_cache_options:
    capacity : 8388608
    num_shard_bits : 4
    strict_capacity_limit : 0
    memory_allocator : None
    high_pri_pool_ratio: 0.000
  block_cache_compressed: (nil)
  persistent_cache: (nil)
  block_size: 4096
  block_size_deviation: 10
  block_restart_interval: 16
  index_block_restart_interval: 1
  metadata_block_size: 4096
  partition_filters: 0
  use_delta_encoding: 1
  filter_policy: nullptr
  whole_key_filtering: 1
  verify_compression: 0
  read_amp_bytes_per_bit: 0
  format_version: 2
  enable_index_compression: 1
  block_align: 0
2019/10/17-14:55:02.177549 7fc3a9fcb700        Options.write_buffer_size: 67108864
2019/10/17-14:55:02.177550 7fc3a9fcb700  Options.max_write_buffer_number: 2
2019/10/17-14:55:02.177551 7fc3a9fcb700          Options.compression: NoCompression
2019/10/17-14:55:02.177552 7fc3a9fcb700                  Options.bottommost_compression: Disabled
2019/10/17-14:55:02.177552 7fc3a9fcb700       Options.prefix_extractor: nullptr
2019/10/17-14:55:02.177553 7fc3a9fcb700   Options.memtable_insert_with_hint_prefix_extractor: nullptr
2019/10/17-14:55:02.177554 7fc3a9fcb700             Options.num_levels: 7
2019/10/17-14:55:02.177555 7fc3a9fcb700        Options.min_write_buffer_number_to_merge: 1
2019/10/17-14:55:02.177556 7fc3a9fcb700     Options.max_write_buffer_number_to_maintain: 0
2019/10/17-14:55:02.177556 7fc3a9fcb700            Options.bottommost_compression_opts.window_bits: -14
2019/10/17-14:55:02.177557 7fc3a9fcb700                  Options.bottommost_compression_opts.level: 32767
2019/10/17-14:55:02.177558 7fc3a9fcb700               Options.bottommost_compression_opts.strategy: 0
2019/10/17-14:55:02.177559 7fc3a9fcb700         Options.bottommost_compression_opts.max_dict_bytes: 0
2019/10/17-14:55:02.177560 7fc3a9fcb700         Options.bottommost_compression_opts.zstd_max_train_bytes: 0
2019/10/17-14:55:02.177561 7fc3a9fcb700                  Options.bottommost_compression_opts.enabled: false
2019/10/17-14:55:02.177561 7fc3a9fcb700            Options.compression_opts.window_bits: -14
2019/10/17-14:55:02.177562 7fc3a9fcb700                  Options.compression_opts.level: 32767
2019/10/17-14:55:02.177563 7fc3a9fcb700               Options.compression_opts.strategy: 0
2019/10/17-14:55:02.177564 7fc3a9fcb700         Options.compression_opts.max_dict_bytes: 0
2019/10/17-14:55:02.177565 7fc3a9fcb700         Options.compression_opts.zstd_max_train_bytes: 0
2019/10/17-14:55:02.177566 7fc3a9fcb700                  Options.compression_opts.enabled: false
2019/10/17-14:55:02.177566 7fc3a9fcb700      Options.level0_file_num_compaction_trigger: 4
2019/10/17-14:55:02.177567 7fc3a9fcb700          Options.level0_slowdown_writes_trigger: 20
2019/10/17-14:55:02.177568 7fc3a9fcb700              Options.level0_stop_writes_trigger: 36
2019/10/17-14:55:02.177569 7fc3a9fcb700                   Options.target_file_size_base: 67108864
2019/10/17-14:55:02.177570 7fc3a9fcb700             Options.target_file_size_multiplier: 1
2019/10/17-14:55:02.177571 7fc3a9fcb700                Options.max_bytes_for_level_base: 268435456
2019/10/17-14:55:02.177571 7fc3a9fcb700 Options.level_compaction_dynamic_level_bytes: 0
2019/10/17-14:55:02.177572 7fc3a9fcb700          Options.max_bytes_for_level_multiplier: 10.000000
2019/10/17-14:55:02.177574 7fc3a9fcb700 Options.max_bytes_for_level_multiplier_addtl[0]: 1
2019/10/17-14:55:02.177575 7fc3a9fcb700 Options.max_bytes_for_level_multiplier_addtl[1]: 1
2019/10/17-14:55:02.177575 7fc3a9fcb700 Options.max_bytes_for_level_multiplier_addtl[2]: 1
2019/10/17-14:55:02.177576 7fc3a9fcb700 Options.max_bytes_for_level_multiplier_addtl[3]: 1
2019/10/17-14:55:02.177577 7fc3a9fcb700 Options.max_bytes_for_level_multiplier_addtl[4]: 1
2019/10/17-14:55:02.177578 7fc3a9fcb700 Options.max_bytes_for_level_multiplier_addtl[5]: 1
2019/10/17-14:55:02.177579 7fc3a9fcb700 Options.max_bytes_for_level_multiplier_addtl[6]: 1
2019/10/17-14:55:02.177580 7fc3a9fcb700       Options.max_sequential_skip_in_iterations: 8
2019/10/17-14:55:02.177581 7fc3a9fcb700                    Options.max_compaction_bytes: 1677721600
2019/10/17-14:55:02.177581 7fc3a9fcb700                        Options.arena_block_size: 8388608
2019/10/17-14:55:02.177582 7fc3a9fcb700   Options.soft_pending_compaction_bytes_limit: 68719476736
2019/10/17-14:55:02.177583 7fc3a9fcb700   Options.hard_pending_compaction_bytes_limit: 274877906944
2019/10/17-14:55:02.177584 7fc3a9fcb700       Options.rate_limit_delay_max_milliseconds: 100
2019/10/17-14:55:02.177585 7fc3a9fcb700                Options.disable_auto_compactions: 0
2019/10/17-14:55:02.177590 7fc3a9fcb700                        Options.compaction_style: kCompactionStyleLevel
2019/10/17-14:55:02.177591 7fc3a9fcb700                          Options.compaction_pri: kByCompensatedSize
2019/10/17-14:55:02.177592 7fc3a9fcb700 Options.compaction_options_universal.size_ratio: 1
2019/10/17-14:55:02.177592 7fc3a9fcb700 Options.compaction_options_universal.min_merge_width: 2
2019/10/17-14:55:02.177593 7fc3a9fcb700 Options.compaction_options_universal.max_merge_width: 4294967295
2019/10/17-14:55:02.177594 7fc3a9fcb700 Options.compaction_options_universal.max_size_amplification_percent: 200
2019/10/17-14:55:02.177595 7fc3a9fcb700 Options.compaction_options_universal.compression_size_percent: -1
2019/10/17-14:55:02.177596 7fc3a9fcb700 Options.compaction_options_universal.stop_style: kCompactionStopStyleTotalSize
2019/10/17-14:55:02.177597 7fc3a9fcb700 Options.compaction_options_fifo.max_table_files_size: 1073741824
2019/10/17-14:55:02.177598 7fc3a9fcb700 Options.compaction_options_fifo.allow_compaction: 0
2019/10/17-14:55:02.177598 7fc3a9fcb700 Options.compaction_options_fifo.ttl: 0
2019/10/17-14:55:02.177599 7fc3a9fcb700                   Options.table_properties_collectors: 
2019/10/17-14:55:02.177600 7fc3a9fcb700                   Options.inplace_update_support: 0
2019/10/17-14:55:02.177601 7fc3a9fcb700                 Options.inplace_update_num_locks: 10000
2019/10/17-14:55:02.177602 7fc3a9fcb700               Options.memtable_prefix_bloom_size_ratio: 0.000000
2019/10/17-14:55:02.177603 7fc3a9fcb700   Options.memtable_huge_page_size: 0
2019/10/17-14:55:02.177604 7fc3a9fcb700                           Options.bloom_locality: 0
2019/10/17-14:55:02.177605 7fc3a9fcb700                    Options.max_successive_merges: 0
2019/10/17-14:55:02.177605 7fc3a9fcb700                Options.optimize_filters_for_hits: 0
2019/10/17-14:55:02.177606 7fc3a9fcb700                Options.paranoid_file_checks: 0
2019/10/17-14:55:02.177607 7fc3a9fcb700                Options.force_consistency_checks: 0
2019/10/17-14:55:02.177608 7fc3a9fcb700                Options.report_bg_io_stats: 0
2019/10/17-14:55:02.177609 7fc3a9fcb700                               Options.ttl: 0
2019/10/17-14:55:02.177622 7fc3a9fcb700 [db/column_family.cc:472] --------------- Options for column family [htlcs]:
2019/10/17-14:55:02.177623 7fc3a9fcb700               Options.comparator: leveldb.BytewiseComparator
2019/10/17-14:55:02.177624 7fc3a9fcb700           Options.merge_operator: None
2019/10/17-14:55:02.177625 7fc3a9fcb700        Options.compaction_filter: None
2019/10/17-14:55:02.177626 7fc3a9fcb700        Options.compaction_filter_factory: None
2019/10/17-14:55:02.177626 7fc3a9fcb700         Options.memtable_factory: SkipListFactory
2019/10/17-14:55:02.177627 7fc3a9fcb700            Options.table_factory: BlockBasedTable
2019/10/17-14:55:02.177637 7fc3a9fcb700            table_factory options:   flush_block_policy_factory: FlushBlockBySizePolicyFactory (0x7fc35002aa20)
