2019/10/17-14:55:14.470384 7fc3a9fcb700 RocksDB version: 5.18.3
2019/10/17-14:55:14.470455 7fc3a9fcb700 Git sha rocksdb_build_git_sha:@0@
2019/10/17-14:55:14.470459 7fc3a9fcb700 Compile date Sep 19 2019
2019/10/17-14:55:14.470462 7fc3a9fcb700 DB SUMMARY
2019/10/17-14:55:14.472072 7fc3a9fcb700 CURRENT file:  CURRENT
2019/10/17-14:55:14.472076 7fc3a9fcb700 IDENTITY file:  IDENTITY
2019/10/17-14:55:14.472142 7fc3a9fcb700 MANIFEST file:  MANIFEST-116572 size: 4114 Bytes
2019/10/17-14:55:14.472146 7fc3a9fcb700 SST files in /home/rahul/dev/blockchain-core/eqc/ledger.db dir, Total Num: 29, files: 000624.sst 000627.sst 106940.sst 108447.sst 108450.sst 109471.sst 109483.sst 109485.sst 109486.sst 
2019/10/17-14:55:14.472149 7fc3a9fcb700 Write Ahead Log file in /home/rahul/dev/blockchain-core/eqc/ledger.db: 116573.log size: 0 ; 
2019/10/17-14:55:14.472224 7fc3a9fcb700                         Options.error_if_exists: 0
2019/10/17-14:55:14.472227 7fc3a9fcb700                       Options.create_if_missing: 1
2019/10/17-14:55:14.472229 7fc3a9fcb700                         Options.paranoid_checks: 1
2019/10/17-14:55:14.472231 7fc3a9fcb700                                     Options.env: 0x7fc32ae1fc60
2019/10/17-14:55:14.472233 7fc3a9fcb700                                Options.info_log: 0x7fc35000fb70
2019/10/17-14:55:14.472234 7fc3a9fcb700                Options.max_file_opening_threads: 16
2019/10/17-14:55:14.472236 7fc3a9fcb700                              Options.statistics: (nil)
2019/10/17-14:55:14.472238 7fc3a9fcb700                               Options.use_fsync: 0
2019/10/17-14:55:14.472240 7fc3a9fcb700                       Options.max_log_file_size: 0
2019/10/17-14:55:14.472242 7fc3a9fcb700                  Options.max_manifest_file_size: 1073741824
2019/10/17-14:55:14.472244 7fc3a9fcb700                   Options.log_file_time_to_roll: 0
2019/10/17-14:55:14.472245 7fc3a9fcb700                       Options.keep_log_file_num: 1000
2019/10/17-14:55:14.472247 7fc3a9fcb700                    Options.recycle_log_file_num: 0
2019/10/17-14:55:14.472249 7fc3a9fcb700                         Options.allow_fallocate: 1
2019/10/17-14:55:14.472250 7fc3a9fcb700                        Options.allow_mmap_reads: 0
2019/10/17-14:55:14.472252 7fc3a9fcb700                       Options.allow_mmap_writes: 0
2019/10/17-14:55:14.472254 7fc3a9fcb700                        Options.use_direct_reads: 0
2019/10/17-14:55:14.472255 7fc3a9fcb700                        Options.use_direct_io_for_flush_and_compaction: 0
2019/10/17-14:55:14.472257 7fc3a9fcb700          Options.create_missing_column_families: 0
2019/10/17-14:55:14.472258 7fc3a9fcb700                              Options.db_log_dir: 
2019/10/17-14:55:14.472260 7fc3a9fcb700                                 Options.wal_dir: /home/rahul/dev/blockchain-core/eqc/ledger.db
2019/10/17-14:55:14.472262 7fc3a9fcb700                Options.table_cache_numshardbits: 6
2019/10/17-14:55:14.472263 7fc3a9fcb700                      Options.max_subcompactions: 1
2019/10/17-14:55:14.472265 7fc3a9fcb700                  Options.max_background_flushes: -1
2019/10/17-14:55:14.472267 7fc3a9fcb700                         Options.WAL_ttl_seconds: 0
2019/10/17-14:55:14.472269 7fc3a9fcb700                       Options.WAL_size_limit_MB: 0
2019/10/17-14:55:14.472270 7fc3a9fcb700             Options.manifest_preallocation_size: 4194304
2019/10/17-14:55:14.472272 7fc3a9fcb700                     Options.is_fd_close_on_exec: 1
2019/10/17-14:55:14.472274 7fc3a9fcb700                   Options.advise_random_on_open: 1
2019/10/17-14:55:14.472275 7fc3a9fcb700                    Options.db_write_buffer_size: 0
2019/10/17-14:55:14.472277 7fc3a9fcb700                    Options.write_buffer_manager: 0x7fc3500a1e90
2019/10/17-14:55:14.472279 7fc3a9fcb700         Options.access_hint_on_compaction_start: 1
2019/10/17-14:55:14.472280 7fc3a9fcb700  Options.new_table_reader_for_compaction_inputs: 0
2019/10/17-14:55:14.472282 7fc3a9fcb700           Options.random_access_max_buffer_size: 1048576
2019/10/17-14:55:14.472283 7fc3a9fcb700                      Options.use_adaptive_mutex: 0
2019/10/17-14:55:14.472285 7fc3a9fcb700                            Options.rate_limiter: (nil)
2019/10/17-14:55:14.472305 7fc3a9fcb700     Options.sst_file_manager.rate_bytes_per_sec: 0
2019/10/17-14:55:14.472307 7fc3a9fcb700                       Options.wal_recovery_mode: 2
2019/10/17-14:55:14.472309 7fc3a9fcb700                  Options.enable_thread_tracking: 0
2019/10/17-14:55:14.472311 7fc3a9fcb700                  Options.enable_pipelined_write: 0
2019/10/17-14:55:14.472312 7fc3a9fcb700         Options.allow_concurrent_memtable_write: 1
2019/10/17-14:55:14.472314 7fc3a9fcb700      Options.enable_write_thread_adaptive_yield: 1
2019/10/17-14:55:14.472315 7fc3a9fcb700             Options.write_thread_max_yield_usec: 100
2019/10/17-14:55:14.472317 7fc3a9fcb700            Options.write_thread_slow_yield_usec: 3
2019/10/17-14:55:14.472319 7fc3a9fcb700                               Options.row_cache: None
2019/10/17-14:55:14.472320 7fc3a9fcb700                              Options.wal_filter: None
2019/10/17-14:55:14.472322 7fc3a9fcb700             Options.avoid_flush_during_recovery: 0
2019/10/17-14:55:14.472324 7fc3a9fcb700             Options.allow_ingest_behind: 0
2019/10/17-14:55:14.472326 7fc3a9fcb700             Options.preserve_deletes: 0
2019/10/17-14:55:14.472327 7fc3a9fcb700             Options.two_write_queues: 0
2019/10/17-14:55:14.472329 7fc3a9fcb700             Options.manual_wal_flush: 0
2019/10/17-14:55:14.472331 7fc3a9fcb700             Options.max_background_jobs: 2
2019/10/17-14:55:14.472332 7fc3a9fcb700             Options.max_background_compactions: -1
2019/10/17-14:55:14.472334 7fc3a9fcb700             Options.avoid_flush_during_shutdown: 0
2019/10/17-14:55:14.472335 7fc3a9fcb700           Options.writable_file_max_buffer_size: 1048576
2019/10/17-14:55:14.472337 7fc3a9fcb700             Options.delayed_write_rate : 16777216
2019/10/17-14:55:14.472339 7fc3a9fcb700             Options.max_total_wal_size: 0
2019/10/17-14:55:14.472341 7fc3a9fcb700             Options.delete_obsolete_files_period_micros: 21600000000
2019/10/17-14:55:14.472342 7fc3a9fcb700                   Options.stats_dump_period_sec: 600
2019/10/17-14:55:14.472344 7fc3a9fcb700                          Options.max_open_files: -1
2019/10/17-14:55:14.472346 7fc3a9fcb700                          Options.bytes_per_sync: 0
2019/10/17-14:55:14.472347 7fc3a9fcb700                      Options.wal_bytes_per_sync: 0
2019/10/17-14:55:14.472349 7fc3a9fcb700       Options.compaction_readahead_size: 0
2019/10/17-14:55:14.472351 7fc3a9fcb700 Compression algorithms supported:
2019/10/17-14:55:14.472353 7fc3a9fcb700 	kZSTDNotFinalCompression supported: 0
2019/10/17-14:55:14.472355 7fc3a9fcb700 	kZSTD supported: 0
2019/10/17-14:55:14.472357 7fc3a9fcb700 	kXpressCompression supported: 0
2019/10/17-14:55:14.472359 7fc3a9fcb700 	kLZ4HCCompression supported: 0
2019/10/17-14:55:14.472360 7fc3a9fcb700 	kLZ4Compression supported: 0
2019/10/17-14:55:14.472362 7fc3a9fcb700 	kBZip2Compression supported: 0
2019/10/17-14:55:14.472364 7fc3a9fcb700 	kZlibCompression supported: 0
2019/10/17-14:55:14.472366 7fc3a9fcb700 	kSnappyCompression supported: 0
2019/10/17-14:55:14.472370 7fc3a9fcb700 Fast CRC32 supported: Supported on x86
2019/10/17-14:55:14.472570 7fc3a9fcb700 [db/version_set.cc:3507] Recovering from manifest file: MANIFEST-116572
2019/10/17-14:55:14.472641 7fc3a9fcb700 [db/column_family.cc:472] --------------- Options for column family [default]:
2019/10/17-14:55:14.472645 7fc3a9fcb700               Options.comparator: leveldb.BytewiseComparator
2019/10/17-14:55:14.472647 7fc3a9fcb700           Options.merge_operator: None
2019/10/17-14:55:14.472649 7fc3a9fcb700        Options.compaction_filter: None
2019/10/17-14:55:14.472650 7fc3a9fcb700        Options.compaction_filter_factory: None
2019/10/17-14:55:14.472652 7fc3a9fcb700         Options.memtable_factory: SkipListFactory
2019/10/17-14:55:14.472654 7fc3a9fcb700            Options.table_factory: BlockBasedTable
2019/10/17-14:55:14.472684 7fc3a9fcb700            table_factory options:   flush_block_policy_factory: FlushBlockBySizePolicyFactory (0x7fc35009b380)
  cache_index_and_filter_blocks: 0
  cache_index_and_filter_blocks_with_high_priority: 0
  pin_l0_filter_and_index_blocks_in_cache: 0
  pin_top_level_index_and_filter: 1
  index_type: 0
  hash_index_allow_collision: 1
  checksum: 1
  no_block_cache: 0
  block_cache: 0x7fc3500e7be0
  block_cache_name: LRUCache
  block_cache_options:
    capacity : 8388608
    num_shard_bits : 4
    strict_capacity_limit : 0
    memory_allocator : None
    high_pri_pool_ratio: 0.000
  block_cache_compressed: (nil)
  persistent_cache: (nil)
  block_size: 4096
  block_size_deviation: 10
  block_restart_interval: 16
  index_block_restart_interval: 1
  metadata_block_size: 4096
  partition_filters: 0
  use_delta_encoding: 1
  filter_policy: nullptr
  whole_key_filtering: 1
  verify_compression: 0
  read_amp_bytes_per_bit: 0
  format_version: 2
  enable_index_compression: 1
  block_align: 0
2019/10/17-14:55:14.472705 7fc3a9fcb700        Options.write_buffer_size: 67108864
2019/10/17-14:55:14.472707 7fc3a9fcb700  Options.max_write_buffer_number: 2
2019/10/17-14:55:14.472709 7fc3a9fcb700          Options.compression: NoCompression
2019/10/17-14:55:14.472711 7fc3a9fcb700                  Options.bottommost_compression: Disabled
2019/10/17-14:55:14.472713 7fc3a9fcb700       Options.prefix_extractor: nullptr
2019/10/17-14:55:14.472714 7fc3a9fcb700   Options.memtable_insert_with_hint_prefix_extractor: nullptr
2019/10/17-14:55:14.472716 7fc3a9fcb700             Options.num_levels: 7
2019/10/17-14:55:14.472718 7fc3a9fcb700        Options.min_write_buffer_number_to_merge: 1
2019/10/17-14:55:14.472719 7fc3a9fcb700     Options.max_write_buffer_number_to_maintain: 0
2019/10/17-14:55:14.472721 7fc3a9fcb700            Options.bottommost_compression_opts.window_bits: -14
2019/10/17-14:55:14.472723 7fc3a9fcb700                  Options.bottommost_compression_opts.level: 32767
2019/10/17-14:55:14.472725 7fc3a9fcb700               Options.bottommost_compression_opts.strategy: 0
2019/10/17-14:55:14.472726 7fc3a9fcb700         Options.bottommost_compression_opts.max_dict_bytes: 0
2019/10/17-14:55:14.472728 7fc3a9fcb700         Options.bottommost_compression_opts.zstd_max_train_bytes: 0
2019/10/17-14:55:14.472730 7fc3a9fcb700                  Options.bottommost_compression_opts.enabled: false
2019/10/17-14:55:14.472731 7fc3a9fcb700            Options.compression_opts.window_bits: -14
2019/10/17-14:55:14.472733 7fc3a9fcb700                  Options.compression_opts.level: 32767
2019/10/17-14:55:14.472735 7fc3a9fcb700               Options.compression_opts.strategy: 0
2019/10/17-14:55:14.472736 7fc3a9fcb700         Options.compression_opts.max_dict_bytes: 0
2019/10/17-14:55:14.472738 7fc3a9fcb700         Options.compression_opts.zstd_max_train_bytes: 0
2019/10/17-14:55:14.472740 7fc3a9fcb700                  Options.compression_opts.enabled: false
2019/10/17-14:55:14.472741 7fc3a9fcb700      Options.level0_file_num_compaction_trigger: 4
2019/10/17-14:55:14.472743 7fc3a9fcb700          Options.level0_slowdown_writes_trigger: 20
2019/10/17-14:55:14.472745 7fc3a9fcb700              Options.level0_stop_writes_trigger: 36
2019/10/17-14:55:14.472746 7fc3a9fcb700                   Options.target_file_size_base: 67108864
2019/10/17-14:55:14.472748 7fc3a9fcb700             Options.target_file_size_multiplier: 1
2019/10/17-14:55:14.472750 7fc3a9fcb700                Options.max_bytes_for_level_base: 268435456
2019/10/17-14:55:14.472751 7fc3a9fcb700 Options.level_compaction_dynamic_level_bytes: 0
2019/10/17-14:55:14.472753 7fc3a9fcb700          Options.max_bytes_for_level_multiplier: 10.000000
2019/10/17-14:55:14.472757 7fc3a9fcb700 Options.max_bytes_for_level_multiplier_addtl[0]: 1
2019/10/17-14:55:14.472759 7fc3a9fcb700 Options.max_bytes_for_level_multiplier_addtl[1]: 1
2019/10/17-14:55:14.472761 7fc3a9fcb700 Options.max_bytes_for_level_multiplier_addtl[2]: 1
2019/10/17-14:55:14.472762 7fc3a9fcb700 Options.max_bytes_for_level_multiplier_addtl[3]: 1
2019/10/17-14:55:14.472764 7fc3a9fcb700 Options.max_bytes_for_level_multiplier_addtl[4]: 1
2019/10/17-14:55:14.472775 7fc3a9fcb700 Options.max_bytes_for_level_multiplier_addtl[5]: 1
2019/10/17-14:55:14.472776 7fc3a9fcb700 Options.max_bytes_for_level_multiplier_addtl[6]: 1
2019/10/17-14:55:14.472778 7fc3a9fcb700       Options.max_sequential_skip_in_iterations: 8
2019/10/17-14:55:14.472780 7fc3a9fcb700                    Options.max_compaction_bytes: 1677721600
2019/10/17-14:55:14.472781 7fc3a9fcb700                        Options.arena_block_size: 8388608
2019/10/17-14:55:14.472783 7fc3a9fcb700   Options.soft_pending_compaction_bytes_limit: 68719476736
2019/10/17-14:55:14.472785 7fc3a9fcb700   Options.hard_pending_compaction_bytes_limit: 274877906944
2019/10/17-14:55:14.472787 7fc3a9fcb700       Options.rate_limit_delay_max_milliseconds: 100
2019/10/17-14:55:14.472788 7fc3a9fcb700                Options.disable_auto_compactions: 0
2019/10/17-14:55:14.472791 7fc3a9fcb700                        Options.compaction_style: kCompactionStyleLevel
2019/10/17-14:55:14.472793 7fc3a9fcb700                          Options.compaction_pri: kByCompensatedSize
2019/10/17-14:55:14.472795 7fc3a9fcb700 Options.compaction_options_universal.size_ratio: 1
2019/10/17-14:55:14.472797 7fc3a9fcb700 Options.compaction_options_universal.min_merge_width: 2
2019/10/17-14:55:14.472798 7fc3a9fcb700 Options.compaction_options_universal.max_merge_width: 4294967295
2019/10/17-14:55:14.472800 7fc3a9fcb700 Options.compaction_options_universal.max_size_amplification_percent: 200
2019/10/17-14:55:14.472802 7fc3a9fcb700 Options.compaction_options_universal.compression_size_percent: -1
2019/10/17-14:55:14.472804 7fc3a9fcb700 Options.compaction_options_universal.stop_style: kCompactionStopStyleTotalSize
2019/10/17-14:55:14.472806 7fc3a9fcb700 Options.compaction_options_fifo.max_table_files_size: 1073741824
2019/10/17-14:55:14.472807 7fc3a9fcb700 Options.compaction_options_fifo.allow_compaction: 0
2019/10/17-14:55:14.472809 7fc3a9fcb700 Options.compaction_options_fifo.ttl: 0
2019/10/17-14:55:14.472811 7fc3a9fcb700                   Options.table_properties_collectors: 
2019/10/17-14:55:14.472812 7fc3a9fcb700                   Options.inplace_update_support: 0
2019/10/17-14:55:14.472814 7fc3a9fcb700                 Options.inplace_update_num_locks: 10000
2019/10/17-14:55:14.472816 7fc3a9fcb700               Options.memtable_prefix_bloom_size_ratio: 0.000000
2019/10/17-14:55:14.472818 7fc3a9fcb700   Options.memtable_huge_page_size: 0
2019/10/17-14:55:14.472820 7fc3a9fcb700                           Options.bloom_locality: 0
2019/10/17-14:55:14.472821 7fc3a9fcb700                    Options.max_successive_merges: 0
2019/10/17-14:55:14.472823 7fc3a9fcb700                Options.optimize_filters_for_hits: 0
2019/10/17-14:55:14.472825 7fc3a9fcb700                Options.paranoid_file_checks: 0
2019/10/17-14:55:14.472826 7fc3a9fcb700                Options.force_consistency_checks: 0
2019/10/17-14:55:14.472828 7fc3a9fcb700                Options.report_bg_io_stats: 0
2019/10/17-14:55:14.472829 7fc3a9fcb700                               Options.ttl: 0
2019/10/17-14:55:14.472886 7fc3a9fcb700 [db/column_family.cc:472] --------------- Options for column family [active_gateways]:
2019/10/17-14:55:14.472889 7fc3a9fcb700               Options.comparator: leveldb.BytewiseComparator
2019/10/17-14:55:14.472891 7fc3a9fcb700           Options.merge_operator: None
2019/10/17-14:55:14.472892 7fc3a9fcb700        Options.compaction_filter: None
2019/10/17-14:55:14.472894 7fc3a9fcb700        Options.compaction_filter_factory: None
2019/10/17-14:55:14.472896 7fc3a9fcb700         Options.memtable_factory: SkipListFactory
2019/10/17-14:55:14.472898 7fc3a9fcb700            Options.table_factory: BlockBasedTable
2019/10/17-14:55:14.472921 7fc3a9fcb700            table_factory options:   flush_block_policy_factory: FlushBlockBySizePolicyFactory (0x7fc35010d290)
  cache_index_and_filter_blocks: 0
  cache_index_and_filter_blocks_with_high_priority: 0
  pin_l0_filter_and_index_blocks_in_cache: 0
  pin_top_level_index_and_filter: 1
  index_type: 0
  hash_index_allow_collision: 1
  checksum: 1
  no_block_cache: 0
  block_cache: 0x7fc350071650
  block_cache_name: LRUCache
  block_cache_options:
    capacity : 8388608
    num_shard_bits : 4
    strict_capacity_limit : 0
    memory_allocator : None
    high_pri_pool_ratio: 0.000
  block_cache_compressed: (nil)
  persistent_cache: (nil)
  block_size: 4096
  block_size_deviation: 10
  block_restart_interval: 16
  index_block_restart_interval: 1
  metadata_block_size: 4096
  partition_filters: 0
  use_delta_encoding: 1
  filter_policy: nullptr
  whole_key_filtering: 1
  verify_compression: 0
  read_amp_bytes_per_bit: 0
  format_version: 2
  enable_index_compression: 1
  block_align: 0
2019/10/17-14:55:14.472936 7fc3a9fcb700        Options.write_buffer_size: 67108864
2019/10/17-14:55:14.472938 7fc3a9fcb700  Options.max_write_buffer_number: 2
2019/10/17-14:55:14.472940 7fc3a9fcb700          Options.compression: NoCompression
2019/10/17-14:55:14.472942 7fc3a9fcb700                  Options.bottommost_compression: Disabled
2019/10/17-14:55:14.472944 7fc3a9fcb700       Options.prefix_extractor: nullptr
2019/10/17-14:55:14.472945 7fc3a9fcb700   Options.memtable_insert_with_hint_prefix_extractor: nullptr
2019/10/17-14:55:14.472947 7fc3a9fcb700             Options.num_levels: 7
2019/10/17-14:55:14.472949 7fc3a9fcb700        Options.min_write_buffer_number_to_merge: 1
2019/10/17-14:55:14.472950 7fc3a9fcb700     Options.max_write_buffer_number_to_maintain: 0
2019/10/17-14:55:14.472952 7fc3a9fcb700            Options.bottommost_compression_opts.window_bits: -14
2019/10/17-14:55:14.472954 7fc3a9fcb700                  Options.bottommost_compression_opts.level: 32767
2019/10/17-14:55:14.472955 7fc3a9fcb700               Options.bottommost_compression_opts.strategy: 0
2019/10/17-14:55:14.472957 7fc3a9fcb700         Options.bottommost_compression_opts.max_dict_bytes: 0
2019/10/17-14:55:14.472958 7fc3a9fcb700         Options.bottommost_compression_opts.zstd_max_train_bytes: 0
2019/10/17-14:55:14.472960 7fc3a9fcb700                  Options.bottommost_compression_opts.enabled: false
2019/10/17-14:55:14.472962 7fc3a9fcb700            Options.compression_opts.window_bits: -14
2019/10/17-14:55:14.472963 7fc3a9fcb700                  Options.compression_opts.level: 32767
2019/10/17-14:55:14.472965 7fc3a9fcb700               Options.compression_opts.strategy: 0
2019/10/17-14:55:14.472967 7fc3a9fcb700         Options.compression_opts.max_dict_bytes: 0
2019/10/17-14:55:14.472968 7fc3a9fcb700         Options.compression_opts.zstd_max_train_bytes: 0
2019/10/17-14:55:14.472970 7fc3a9fcb700                  Options.compression_opts.enabled: false
2019/10/17-14:55:14.472971 7fc3a9fcb700      Options.level0_file_num_compaction_trigger: 4
2019/10/17-14:55:14.472973 7fc3a9fcb700          Options.level0_slowdown_writes_trigger: 20
2019/10/17-14:55:14.472975 7fc3a9fcb700              Options.level0_stop_writes_trigger: 36
2019/10/17-14:55:14.472976 7fc3a9fcb700                   Options.target_file_size_base: 67108864
2019/10/17-14:55:14.472978 7fc3a9fcb700             Options.target_file_size_multiplier: 1
2019/10/17-14:55:14.472980 7fc3a9fcb700                Options.max_bytes_for_level_base: 268435456
2019/10/17-14:55:14.472981 7fc3a9fcb700 Options.level_compaction_dynamic_level_bytes: 0
2019/10/17-14:55:14.472983 7fc3a9fcb700          Options.max_bytes_for_level_multiplier: 10.000000
2019/10/17-14:55:14.472986 7fc3a9fcb700 Options.max_bytes_for_level_multiplier_addtl[0]: 1
2019/10/17-14:55:14.472988 7fc3a9fcb700 Options.max_bytes_for_level_multiplier_addtl[1]: 1
2019/10/17-14:55:14.472989 7fc3a9fcb700 Options.max_bytes_for_level_multiplier_addtl[2]: 1
2019/10/17-14:55:14.472991 7fc3a9fcb700 Options.max_bytes_for_level_multiplier_addtl[3]: 1
2019/10/17-14:55:14.472993 7fc3a9fcb700 Options.max_bytes_for_level_multiplier_addtl[4]: 1
2019/10/17-14:55:14.472994 7fc3a9fcb700 Options.max_bytes_for_level_multiplier_addtl[5]: 1
2019/10/17-14:55:14.472996 7fc3a9fcb700 Options.max_bytes_for_level_multiplier_addtl[6]: 1
2019/10/17-14:55:14.472998 7fc3a9fcb700       Options.max_sequential_skip_in_iterations: 8
2019/10/17-14:55:14.473007 7fc3a9fcb700                    Options.max_compaction_bytes: 1677721600
2019/10/17-14:55:14.473009 7fc3a9fcb700                        Options.arena_block_size: 8388608
2019/10/17-14:55:14.473011 7fc3a9fcb700   Options.soft_pending_compaction_bytes_limit: 68719476736
2019/10/17-14:55:14.473012 7fc3a9fcb700   Options.hard_pending_compaction_bytes_limit: 274877906944
2019/10/17-14:55:14.473014 7fc3a9fcb700       Options.rate_limit_delay_max_milliseconds: 100
2019/10/17-14:55:14.473016 7fc3a9fcb700                Options.disable_auto_compactions: 0
2019/10/17-14:55:14.473018 7fc3a9fcb700                        Options.compaction_style: kCompactionStyleLevel
2019/10/17-14:55:14.473020 7fc3a9fcb700                          Options.compaction_pri: kByCompensatedSize
2019/10/17-14:55:14.473022 7fc3a9fcb700 Options.compaction_options_universal.size_ratio: 1
2019/10/17-14:55:14.473024 7fc3a9fcb700 Options.compaction_options_universal.min_merge_width: 2
2019/10/17-14:55:14.473025 7fc3a9fcb700 Options.compaction_options_universal.max_merge_width: 4294967295
2019/10/17-14:55:14.473027 7fc3a9fcb700 Options.compaction_options_universal.max_size_amplification_percent: 200
2019/10/17-14:55:14.473028 7fc3a9fcb700 Options.compaction_options_universal.compression_size_percent: -1
2019/10/17-14:55:14.473031 7fc3a9fcb700 Options.compaction_options_universal.stop_style: kCompactionStopStyleTotalSize
2019/10/17-14:55:14.473032 7fc3a9fcb700 Options.compaction_options_fifo.max_table_files_size: 1073741824
2019/10/17-14:55:14.473034 7fc3a9fcb700 Options.compaction_options_fifo.allow_compaction: 0
2019/10/17-14:55:14.473035 7fc3a9fcb700 Options.compaction_options_fifo.ttl: 0
2019/10/17-14:55:14.473037 7fc3a9fcb700                   Options.table_properties_collectors: 
2019/10/17-14:55:14.473039 7fc3a9fcb700                   Options.inplace_update_support: 0
2019/10/17-14:55:14.473040 7fc3a9fcb700                 Options.inplace_update_num_locks: 10000
2019/10/17-14:55:14.473042 7fc3a9fcb700               Options.memtable_prefix_bloom_size_ratio: 0.000000
2019/10/17-14:55:14.473044 7fc3a9fcb700   Options.memtable_huge_page_size: 0
2019/10/17-14:55:14.473046 7fc3a9fcb700                           Options.bloom_locality: 0
2019/10/17-14:55:14.473048 7fc3a9fcb700                    Options.max_successive_merges: 0
2019/10/17-14:55:14.473049 7fc3a9fcb700                Options.optimize_filters_for_hits: 0
2019/10/17-14:55:14.473051 7fc3a9fcb700                Options.paranoid_file_checks: 0
2019/10/17-14:55:14.473053 7fc3a9fcb700                Options.force_consistency_checks: 0
2019/10/17-14:55:14.473054 7fc3a9fcb700                Options.report_bg_io_stats: 0
2019/10/17-14:55:14.473056 7fc3a9fcb700                               Options.ttl: 0
2019/10/17-14:55:14.473091 7fc3a9fcb700 [db/column_family.cc:472] --------------- Options for column family [entries]:
2019/10/17-14:55:14.473094 7fc3a9fcb700               Options.comparator: leveldb.BytewiseComparator
2019/10/17-14:55:14.473096 7fc3a9fcb700           Options.merge_operator: None
2019/10/17-14:55:14.473098 7fc3a9fcb700        Options.compaction_filter: None
2019/10/17-14:55:14.473099 7fc3a9fcb700        Options.compaction_filter_factory: None
2019/10/17-14:55:14.473101 7fc3a9fcb700         Options.memtable_factory: SkipListFactory
2019/10/17-14:55:14.473103 7fc3a9fcb700            Options.table_factory: BlockBasedTable
2019/10/17-14:55:14.473124 7fc3a9fcb700            table_factory options:   flush_block_policy_factory: FlushBlockBySizePolicyFactory (0x7fc3500a06b0)
  cache_index_and_filter_blocks: 0
  cache_index_and_filter_blocks_with_high_priority: 0
  pin_l0_filter_and_index_blocks_in_cache: 0
  pin_top_level_index_and_filter: 1
  index_type: 0
  hash_index_allow_collision: 1
  checksum: 1
  no_block_cache: 0
  block_cache: 0x7fc3500113e0
  block_cache_name: LRUCache
  block_cache_options:
    capacity : 8388608
    num_shard_bits : 4
    strict_capacity_limit : 0
    memory_allocator : None
    high_pri_pool_ratio: 0.000
  block_cache_compressed: (nil)
  persistent_cache: (nil)
  block_size: 4096
  block_size_deviation: 10
  block_restart_interval: 16
  index_block_restart_interval: 1
  metadata_block_size: 4096
  partition_filters: 0
  use_delta_encoding: 1
  filter_policy: nullptr
  whole_key_filtering: 1
  verify_compression: 0
  read_amp_bytes_per_bit: 0
  format_version: 2
  enable_index_compression: 1
  block_align: 0
2019/10/17-14:55:14.473137 7fc3a9fcb700        Options.write_buffer_size: 67108864
2019/10/17-14:55:14.473140 7fc3a9fcb700  Options.max_write_buffer_number: 2
2019/10/17-14:55:14.473141 7fc3a9fcb700          Options.compression: NoCompression
2019/10/17-14:55:14.473143 7fc3a9fcb700                  Options.bottommost_compression: Disabled
2019/10/17-14:55:14.473145 7fc3a9fcb700       Options.prefix_extractor: nullptr
2019/10/17-14:55:14.473146 7fc3a9fcb700   Options.memtable_insert_with_hint_prefix_extractor: nullptr
2019/10/17-14:55:14.473148 7fc3a9fcb700             Options.num_levels: 7
2019/10/17-14:55:14.473149 7fc3a9fcb700        Options.min_write_buffer_number_to_merge: 1
2019/10/17-14:55:14.473151 7fc3a9fcb700     Options.max_write_buffer_number_to_maintain: 0
2019/10/17-14:55:14.473153 7fc3a9fcb700            Options.bottommost_compression_opts.window_bits: -14
2019/10/17-14:55:14.473154 7fc3a9fcb700                  Options.bottommost_compression_opts.level: 32767
2019/10/17-14:55:14.473156 7fc3a9fcb700               Options.bottommost_compression_opts.strategy: 0
2019/10/17-14:55:14.473158 7fc3a9fcb700         Options.bottommost_compression_opts.max_dict_bytes: 0
2019/10/17-14:55:14.473159 7fc3a9fcb700         Options.bottommost_compression_opts.zstd_max_train_bytes: 0
2019/10/17-14:55:14.473161 7fc3a9fcb700                  Options.bottommost_compression_opts.enabled: false
2019/10/17-14:55:14.473163 7fc3a9fcb700            Options.compression_opts.window_bits: -14
2019/10/17-14:55:14.473164 7fc3a9fcb700                  Options.compression_opts.level: 32767
2019/10/17-14:55:14.473166 7fc3a9fcb700               Options.compression_opts.strategy: 0
2019/10/17-14:55:14.473167 7fc3a9fcb700         Options.compression_opts.max_dict_bytes: 0
2019/10/17-14:55:14.473169 7fc3a9fcb700         Options.compression_opts.zstd_max_train_bytes: 0
2019/10/17-14:55:14.473171 7fc3a9fcb700                  Options.compression_opts.enabled: false
2019/10/17-14:55:14.473172 7fc3a9fcb700      Options.level0_file_num_compaction_trigger: 4
2019/10/17-14:55:14.473174 7fc3a9fcb700          Options.level0_slowdown_writes_trigger: 20
2019/10/17-14:55:14.473176 7fc3a9fcb700              Options.level0_stop_writes_trigger: 36
2019/10/17-14:55:14.473177 7fc3a9fcb700                   Options.target_file_size_base: 67108864
2019/10/17-14:55:14.473179 7fc3a9fcb700             Options.target_file_size_multiplier: 1
2019/10/17-14:55:14.473180 7fc3a9fcb700                Options.max_bytes_for_level_base: 268435456
2019/10/17-14:55:14.473182 7fc3a9fcb700 Options.level_compaction_dynamic_level_bytes: 0
2019/10/17-14:55:14.473184 7fc3a9fcb700          Options.max_bytes_for_level_multiplier: 10.000000
2019/10/17-14:55:14.473187 7fc3a9fcb700 Options.max_bytes_for_level_multiplier_addtl[0]: 1
2019/10/17-14:55:14.473188 7fc3a9fcb700 Options.max_bytes_for_level_multiplier_addtl[1]: 1
2019/10/17-14:55:14.473190 7fc3a9fcb700 Options.max_bytes_for_level_multiplier_addtl[2]: 1
2019/10/17-14:55:14.473192 7fc3a9fcb700 Options.max_bytes_for_level_multiplier_addtl[3]: 1
2019/10/17-14:55:14.473193 7fc3a9fcb700 Options.max_bytes_for_level_multiplier_addtl[4]: 1
2019/10/17-14:55:14.473195 7fc3a9fcb700 Options.max_bytes_for_level_multiplier_addtl[5]: 1
2019/10/17-14:55:14.473197 7fc3a9fcb700 Options.max_bytes_for_level_multiplier_addtl[6]: 1
2019/10/17-14:55:14.473198 7fc3a9fcb700       Options.max_sequential_skip_in_iterations: 8
2019/10/17-14:55:14.473200 7fc3a9fcb700                    Options.max_compaction_bytes: 1677721600
2019/10/17-14:55:14.473202 7fc3a9fcb700                        Options.arena_block_size: 8388608
2019/10/17-14:55:14.473203 7fc3a9fcb700   Options.soft_pending_compaction_bytes_limit: 68719476736
2019/10/17-14:55:14.473213 7fc3a9fcb700   Options.hard_pending_compaction_bytes_limit: 274877906944
2019/10/17-14:55:14.473215 7fc3a9fcb700       Options.rate_limit_delay_max_milliseconds: 100
2019/10/17-14:55:14.473217 7fc3a9fcb700                Options.disable_auto_compactions: 0
2019/10/17-14:55:14.473219 7fc3a9fcb700                        Options.compaction_style: kCompactionStyleLevel
2019/10/17-14:55:14.473221 7fc3a9fcb700                          Options.compaction_pri: kByCompensatedSize
2019/10/17-14:55:14.473223 7fc3a9fcb700 Options.compaction_options_universal.size_ratio: 1
2019/10/17-14:55:14.473225 7fc3a9fcb700 Options.compaction_options_universal.min_merge_width: 2
2019/10/17-14:55:14.473226 7fc3a9fcb700 Options.compaction_options_universal.max_merge_width: 4294967295
2019/10/17-14:55:14.473228 7fc3a9fcb700 Options.compaction_options_universal.max_size_amplification_percent: 200
2019/10/17-14:55:14.473229 7fc3a9fcb700 Options.compaction_options_universal.compression_size_percent: -1
2019/10/17-14:55:14.473232 7fc3a9fcb700 Options.compaction_options_universal.stop_style: kCompactionStopStyleTotalSize
2019/10/17-14:55:14.473233 7fc3a9fcb700 Options.compaction_options_fifo.max_table_files_size: 1073741824
2019/10/17-14:55:14.473235 7fc3a9fcb700 Options.compaction_options_fifo.allow_compaction: 0
2019/10/17-14:55:14.473237 7fc3a9fcb700 Options.compaction_options_fifo.ttl: 0
2019/10/17-14:55:14.473238 7fc3a9fcb700                   Options.table_properties_collectors: 
2019/10/17-14:55:14.473240 7fc3a9fcb700                   Options.inplace_update_support: 0
2019/10/17-14:55:14.473241 7fc3a9fcb700                 Options.inplace_update_num_locks: 10000
2019/10/17-14:55:14.473243 7fc3a9fcb700               Options.memtable_prefix_bloom_size_ratio: 0.000000
2019/10/17-14:55:14.473245 7fc3a9fcb700   Options.memtable_huge_page_size: 0
2019/10/17-14:55:14.473247 7fc3a9fcb700                           Options.bloom_locality: 0
2019/10/17-14:55:14.473249 7fc3a9fcb700                    Options.max_successive_merges: 0
2019/10/17-14:55:14.473250 7fc3a9fcb700                Options.optimize_filters_for_hits: 0
2019/10/17-14:55:14.473252 7fc3a9fcb700                Options.paranoid_file_checks: 0
2019/10/17-14:55:14.473254 7fc3a9fcb700                Options.force_consistency_checks: 0
2019/10/17-14:55:14.473255 7fc3a9fcb700                Options.report_bg_io_stats: 0
2019/10/17-14:55:14.473257 7fc3a9fcb700                               Options.ttl: 0
2019/10/17-14:55:14.473288 7fc3a9fcb700 [db/column_family.cc:472] --------------- Options for column family [dc_entries]:
2019/10/17-14:55:14.473291 7fc3a9fcb700               Options.comparator: leveldb.BytewiseComparator
2019/10/17-14:55:14.473293 7fc3a9fcb700           Options.merge_operator: None
2019/10/17-14:55:14.473294 7fc3a9fcb700        Options.compaction_filter: None
2019/10/17-14:55:14.473296 7fc3a9fcb700        Options.compaction_filter_factory: None
2019/10/17-14:55:14.473298 7fc3a9fcb700         Options.memtable_factory: SkipListFactory
2019/10/17-14:55:14.473299 7fc3a9fcb700            Options.table_factory: BlockBasedTable
2019/10/17-14:55:14.473320 7fc3a9fcb700            table_factory options:   flush_block_policy_factory: FlushBlockBySizePolicyFactory (0x7fc350054dc0)
  cache_index_and_filter_blocks: 0
  cache_index_and_filter_blocks_with_high_priority: 0
  pin_l0_filter_and_index_blocks_in_cache: 0
  pin_top_level_index_and_filter: 1
  index_type: 0
  hash_index_allow_collision: 1
  checksum: 1
  no_block_cache: 0
  block_cache: 0x7fc3500633e0
  block_cache_name: LRUCache
  block_cache_options:
    capacity : 8388608
    num_shard_bits : 4
    strict_capacity_limit : 0
    memory_allocator : None
    high_pri_pool_ratio: 0.000
  block_cache_compressed: (nil)
  persistent_cache: (nil)
  block_size: 4096
  block_size_deviation: 10
  block_restart_interval: 16
  index_block_restart_interval: 1
  metadata_block_size: 4096
  partition_filters: 0
  use_delta_encoding: 1
  filter_policy: nullptr
  whole_key_filtering: 1
  verify_compression: 0
  read_amp_bytes_per_bit: 0
  format_version: 2
  enable_index_compression: 1
  block_align: 0
2019/10/17-14:55:14.473333 7fc3a9fcb700        Options.write_buffer_size: 67108864
2019/10/17-14:55:14.473335 7fc3a9fcb700  Options.max_write_buffer_number: 2
2019/10/17-14:55:14.473337 7fc3a9fcb700          Options.compression: NoCompression
2019/10/17-14:55:14.473338 7fc3a9fcb700                  Options.bottommost_compression: Disabled
2019/10/17-14:55:14.473340 7fc3a9fcb700       Options.prefix_extractor: nullptr
2019/10/17-14:55:14.473342 7fc3a9fcb700   Options.memtable_insert_with_hint_prefix_extractor: nullptr
2019/10/17-14:55:14.473343 7fc3a9fcb700             Options.num_levels: 7
2019/10/17-14:55:14.473345 7fc3a9fcb700        Options.min_write_buffer_number_to_merge: 1
2019/10/17-14:55:14.473347 7fc3a9fcb700     Options.max_write_buffer_number_to_maintain: 0
2019/10/17-14:55:14.473348 7fc3a9fcb700            Options.bottommost_compression_opts.window_bits: -14
2019/10/17-14:55:14.473350 7fc3a9fcb700                  Options.bottommost_compression_opts.level: 32767
2019/10/17-14:55:14.473352 7fc3a9fcb700               Options.bottommost_compression_opts.strategy: 0
2019/10/17-14:55:14.473353 7fc3a9fcb700         Options.bottommost_compression_opts.max_dict_bytes: 0
2019/10/17-14:55:14.473355 7fc3a9fcb700         Options.bottommost_compression_opts.zstd_max_train_bytes: 0
2019/10/17-14:55:14.473356 7fc3a9fcb700                  Options.bottommost_compression_opts.enabled: false
2019/10/17-14:55:14.473358 7fc3a9fcb700            Options.compression_opts.window_bits: -14
2019/10/17-14:55:14.473360 7fc3a9fcb700                  Options.compression_opts.level: 32767
2019/10/17-14:55:14.473361 7fc3a9fcb700               Options.compression_opts.strategy: 0
2019/10/17-14:55:14.473363 7fc3a9fcb700         Options.compression_opts.max_dict_bytes: 0
2019/10/17-14:55:14.473364 7fc3a9fcb700         Options.compression_opts.zstd_max_train_bytes: 0
2019/10/17-14:55:14.473366 7fc3a9fcb700                  Options.compression_opts.enabled: false
2019/10/17-14:55:14.473368 7fc3a9fcb700      Options.level0_file_num_compaction_trigger: 4
2019/10/17-14:55:14.473369 7fc3a9fcb700          Options.level0_slowdown_writes_trigger: 20
2019/10/17-14:55:14.473371 7fc3a9fcb700              Options.level0_stop_writes_trigger: 36
2019/10/17-14:55:14.473372 7fc3a9fcb700                   Options.target_file_size_base: 67108864
2019/10/17-14:55:14.473374 7fc3a9fcb700             Options.target_file_size_multiplier: 1
2019/10/17-14:55:14.473376 7fc3a9fcb700                Options.max_bytes_for_level_base: 268435456
2019/10/17-14:55:14.473377 7fc3a9fcb700 Options.level_compaction_dynamic_level_bytes: 0
2019/10/17-14:55:14.473379 7fc3a9fcb700          Options.max_bytes_for_level_multiplier: 10.000000
2019/10/17-14:55:14.473382 7fc3a9fcb700 Options.max_bytes_for_level_multiplier_addtl[0]: 1
2019/10/17-14:55:14.473383 7fc3a9fcb700 Options.max_bytes_for_level_multiplier_addtl[1]: 1
2019/10/17-14:55:14.473385 7fc3a9fcb700 Options.max_bytes_for_level_multiplier_addtl[2]: 1
2019/10/17-14:55:14.473387 7fc3a9fcb700 Options.max_bytes_for_level_multiplier_addtl[3]: 1
2019/10/17-14:55:14.473388 7fc3a9fcb700 Options.max_bytes_for_level_multiplier_addtl[4]: 1
2019/10/17-14:55:14.473390 7fc3a9fcb700 Options.max_bytes_for_level_multiplier_addtl[5]: 1
2019/10/17-14:55:14.473392 7fc3a9fcb700 Options.max_bytes_for_level_multiplier_addtl[6]: 1
2019/10/17-14:55:14.473393 7fc3a9fcb700       Options.max_sequential_skip_in_iterations: 8
2019/10/17-14:55:14.473395 7fc3a9fcb700                    Options.max_compaction_bytes: 1677721600
2019/10/17-14:55:14.473396 7fc3a9fcb700                        Options.arena_block_size: 8388608
2019/10/17-14:55:14.473398 7fc3a9fcb700   Options.soft_pending_compaction_bytes_limit: 68719476736
2019/10/17-14:55:14.473400 7fc3a9fcb700   Options.hard_pending_compaction_bytes_limit: 274877906944
2019/10/17-14:55:14.473401 7fc3a9fcb700       Options.rate_limit_delay_max_milliseconds: 100
2019/10/17-14:55:14.473403 7fc3a9fcb700                Options.disable_auto_compactions: 0
2019/10/17-14:55:14.473413 7fc3a9fcb700                        Options.compaction_style: kCompactionStyleLevel
2019/10/17-14:55:14.473415 7fc3a9fcb700                          Options.compaction_pri: kByCompensatedSize
2019/10/17-14:55:14.473417 7fc3a9fcb700 Options.compaction_options_universal.size_ratio: 1
2019/10/17-14:55:14.473418 7fc3a9fcb700 Options.compaction_options_universal.min_merge_width: 2
2019/10/17-14:55:14.473420 7fc3a9fcb700 Options.compaction_options_universal.max_merge_width: 4294967295
2019/10/17-14:55:14.473422 7fc3a9fcb700 Options.compaction_options_universal.max_size_amplification_percent: 200
2019/10/17-14:55:14.473423 7fc3a9fcb700 Options.compaction_options_universal.compression_size_percent: -1
2019/10/17-14:55:14.473425 7fc3a9fcb700 Options.compaction_options_universal.stop_style: kCompactionStopStyleTotalSize
2019/10/17-14:55:14.473427 7fc3a9fcb700 Options.compaction_options_fifo.max_table_files_size: 1073741824
2019/10/17-14:55:14.473429 7fc3a9fcb700 Options.compaction_options_fifo.allow_compaction: 0
2019/10/17-14:55:14.473430 7fc3a9fcb700 Options.compaction_options_fifo.ttl: 0
2019/10/17-14:55:14.473432 7fc3a9fcb700                   Options.table_properties_collectors: 
2019/10/17-14:55:14.473434 7fc3a9fcb700                   Options.inplace_update_support: 0
2019/10/17-14:55:14.473435 7fc3a9fcb700                 Options.inplace_update_num_locks: 10000
2019/10/17-14:55:14.473437 7fc3a9fcb700               Options.memtable_prefix_bloom_size_ratio: 0.000000
2019/10/17-14:55:14.473439 7fc3a9fcb700   Options.memtable_huge_page_size: 0
2019/10/17-14:55:14.473441 7fc3a9fcb700                           Options.bloom_locality: 0
2019/10/17-14:55:14.473442 7fc3a9fcb700                    Options.max_successive_merges: 0
2019/10/17-14:55:14.473444 7fc3a9fcb700                Options.optimize_filters_for_hits: 0
2019/10/17-14:55:14.473446 7fc3a9fcb700                Options.paranoid_file_checks: 0
2019/10/17-14:55:14.473447 7fc3a9fcb700                Options.force_consistency_checks: 0
2019/10/17-14:55:14.473449 7fc3a9fcb700                Options.report_bg_io_stats: 0
2019/10/17-14:55:14.473450 7fc3a9fcb700                               Options.ttl: 0
2019/10/17-14:55:14.473476 7fc3a9fcb700 [db/column_family.cc:472] --------------- Options for column family [htlcs]:
2019/10/17-14:55:14.473479 7fc3a9fcb700               Options.comparator: leveldb.BytewiseComparator
2019/10/17-14:55:14.473481 7fc3a9fcb700           Options.merge_operator: None
2019/10/17-14:55:14.473482 7fc3a9fcb700        Options.compaction_filter: None
2019/10/17-14:55:14.473484 7fc3a9fcb700        Options.compaction_filter_factory: None
2019/10/17-14:55:14.473486 7fc3a9fcb700         Options.memtable_factory: SkipListFactory
2019/10/17-14:55:14.473487 7fc3a9fcb700            Options.table_factory: BlockBasedTable
2019/10/17-14:55:14.473507 7fc3a9fcb700            table_factory options:   flush_block_policy_factory: FlushBlockBySizePolicyFactory (0x7fc350089850)
