2019/10/17-14:54:14.750247 7fc3a9fcb700 RocksDB version: 5.18.3
2019/10/17-14:54:14.750283 7fc3a9fcb700 Git sha rocksdb_build_git_sha:@0@
2019/10/17-14:54:14.750284 7fc3a9fcb700 Compile date Sep 19 2019
2019/10/17-14:54:14.750285 7fc3a9fcb700 DB SUMMARY
2019/10/17-14:54:14.750806 7fc3a9fcb700 CURRENT file:  CURRENT
2019/10/17-14:54:14.750807 7fc3a9fcb700 IDENTITY file:  IDENTITY
2019/10/17-14:54:14.750829 7fc3a9fcb700 MANIFEST file:  MANIFEST-114904 size: 4114 Bytes
2019/10/17-14:54:14.750830 7fc3a9fcb700 SST files in /home/rahul/dev/blockchain-core/eqc/ledger.db dir, Total Num: 29, files: 000624.sst 000627.sst 106940.sst 108447.sst 108450.sst 109471.sst 109483.sst 109485.sst 109486.sst 
2019/10/17-14:54:14.750831 7fc3a9fcb700 Write Ahead Log file in /home/rahul/dev/blockchain-core/eqc/ledger.db: 114905.log size: 0 ; 
2019/10/17-14:54:14.750855 7fc3a9fcb700                         Options.error_if_exists: 0
2019/10/17-14:54:14.750857 7fc3a9fcb700                       Options.create_if_missing: 1
2019/10/17-14:54:14.750857 7fc3a9fcb700                         Options.paranoid_checks: 1
2019/10/17-14:54:14.750858 7fc3a9fcb700                                     Options.env: 0x7fc32ae1fc60
2019/10/17-14:54:14.750858 7fc3a9fcb700                                Options.info_log: 0x7fc3500361a0
2019/10/17-14:54:14.750859 7fc3a9fcb700                Options.max_file_opening_threads: 16
2019/10/17-14:54:14.750859 7fc3a9fcb700                              Options.statistics: (nil)
2019/10/17-14:54:14.750860 7fc3a9fcb700                               Options.use_fsync: 0
2019/10/17-14:54:14.750861 7fc3a9fcb700                       Options.max_log_file_size: 0
2019/10/17-14:54:14.750861 7fc3a9fcb700                  Options.max_manifest_file_size: 1073741824
2019/10/17-14:54:14.750862 7fc3a9fcb700                   Options.log_file_time_to_roll: 0
2019/10/17-14:54:14.750863 7fc3a9fcb700                       Options.keep_log_file_num: 1000
2019/10/17-14:54:14.750863 7fc3a9fcb700                    Options.recycle_log_file_num: 0
2019/10/17-14:54:14.750864 7fc3a9fcb700                         Options.allow_fallocate: 1
2019/10/17-14:54:14.750864 7fc3a9fcb700                        Options.allow_mmap_reads: 0
2019/10/17-14:54:14.750865 7fc3a9fcb700                       Options.allow_mmap_writes: 0
2019/10/17-14:54:14.750865 7fc3a9fcb700                        Options.use_direct_reads: 0
2019/10/17-14:54:14.750866 7fc3a9fcb700                        Options.use_direct_io_for_flush_and_compaction: 0
2019/10/17-14:54:14.750866 7fc3a9fcb700          Options.create_missing_column_families: 0
2019/10/17-14:54:14.750867 7fc3a9fcb700                              Options.db_log_dir: 
2019/10/17-14:54:14.750868 7fc3a9fcb700                                 Options.wal_dir: /home/rahul/dev/blockchain-core/eqc/ledger.db
2019/10/17-14:54:14.750868 7fc3a9fcb700                Options.table_cache_numshardbits: 6
2019/10/17-14:54:14.750869 7fc3a9fcb700                      Options.max_subcompactions: 1
2019/10/17-14:54:14.750869 7fc3a9fcb700                  Options.max_background_flushes: -1
2019/10/17-14:54:14.750870 7fc3a9fcb700                         Options.WAL_ttl_seconds: 0
2019/10/17-14:54:14.750870 7fc3a9fcb700                       Options.WAL_size_limit_MB: 0
2019/10/17-14:54:14.750871 7fc3a9fcb700             Options.manifest_preallocation_size: 4194304
2019/10/17-14:54:14.750872 7fc3a9fcb700                     Options.is_fd_close_on_exec: 1
2019/10/17-14:54:14.750872 7fc3a9fcb700                   Options.advise_random_on_open: 1
2019/10/17-14:54:14.750873 7fc3a9fcb700                    Options.db_write_buffer_size: 0
2019/10/17-14:54:14.750873 7fc3a9fcb700                    Options.write_buffer_manager: 0x7fc35001f530
2019/10/17-14:54:14.750874 7fc3a9fcb700         Options.access_hint_on_compaction_start: 1
2019/10/17-14:54:14.750874 7fc3a9fcb700  Options.new_table_reader_for_compaction_inputs: 0
2019/10/17-14:54:14.750875 7fc3a9fcb700           Options.random_access_max_buffer_size: 1048576
2019/10/17-14:54:14.750875 7fc3a9fcb700                      Options.use_adaptive_mutex: 0
2019/10/17-14:54:14.750876 7fc3a9fcb700                            Options.rate_limiter: (nil)
2019/10/17-14:54:14.750883 7fc3a9fcb700     Options.sst_file_manager.rate_bytes_per_sec: 0
2019/10/17-14:54:14.750883 7fc3a9fcb700                       Options.wal_recovery_mode: 2
2019/10/17-14:54:14.750884 7fc3a9fcb700                  Options.enable_thread_tracking: 0
2019/10/17-14:54:14.750884 7fc3a9fcb700                  Options.enable_pipelined_write: 0
2019/10/17-14:54:14.750885 7fc3a9fcb700         Options.allow_concurrent_memtable_write: 1
2019/10/17-14:54:14.750886 7fc3a9fcb700      Options.enable_write_thread_adaptive_yield: 1
2019/10/17-14:54:14.750886 7fc3a9fcb700             Options.write_thread_max_yield_usec: 100
2019/10/17-14:54:14.750887 7fc3a9fcb700            Options.write_thread_slow_yield_usec: 3
2019/10/17-14:54:14.750887 7fc3a9fcb700                               Options.row_cache: None
2019/10/17-14:54:14.750888 7fc3a9fcb700                              Options.wal_filter: None
2019/10/17-14:54:14.750888 7fc3a9fcb700             Options.avoid_flush_during_recovery: 0
2019/10/17-14:54:14.750889 7fc3a9fcb700             Options.allow_ingest_behind: 0
2019/10/17-14:54:14.750890 7fc3a9fcb700             Options.preserve_deletes: 0
2019/10/17-14:54:14.750890 7fc3a9fcb700             Options.two_write_queues: 0
2019/10/17-14:54:14.750891 7fc3a9fcb700             Options.manual_wal_flush: 0
2019/10/17-14:54:14.750891 7fc3a9fcb700             Options.max_background_jobs: 2
2019/10/17-14:54:14.750892 7fc3a9fcb700             Options.max_background_compactions: -1
2019/10/17-14:54:14.750892 7fc3a9fcb700             Options.avoid_flush_during_shutdown: 0
2019/10/17-14:54:14.750893 7fc3a9fcb700           Options.writable_file_max_buffer_size: 1048576
2019/10/17-14:54:14.750893 7fc3a9fcb700             Options.delayed_write_rate : 16777216
2019/10/17-14:54:14.750894 7fc3a9fcb700             Options.max_total_wal_size: 0
2019/10/17-14:54:14.750894 7fc3a9fcb700             Options.delete_obsolete_files_period_micros: 21600000000
2019/10/17-14:54:14.750895 7fc3a9fcb700                   Options.stats_dump_period_sec: 600
2019/10/17-14:54:14.750896 7fc3a9fcb700                          Options.max_open_files: -1
2019/10/17-14:54:14.750896 7fc3a9fcb700                          Options.bytes_per_sync: 0
2019/10/17-14:54:14.750897 7fc3a9fcb700                      Options.wal_bytes_per_sync: 0
2019/10/17-14:54:14.750897 7fc3a9fcb700       Options.compaction_readahead_size: 0
2019/10/17-14:54:14.750898 7fc3a9fcb700 Compression algorithms supported:
2019/10/17-14:54:14.750899 7fc3a9fcb700 	kZSTDNotFinalCompression supported: 0
2019/10/17-14:54:14.750899 7fc3a9fcb700 	kZSTD supported: 0
2019/10/17-14:54:14.750900 7fc3a9fcb700 	kXpressCompression supported: 0
2019/10/17-14:54:14.750901 7fc3a9fcb700 	kLZ4HCCompression supported: 0
2019/10/17-14:54:14.750901 7fc3a9fcb700 	kLZ4Compression supported: 0
2019/10/17-14:54:14.750902 7fc3a9fcb700 	kBZip2Compression supported: 0
2019/10/17-14:54:14.750903 7fc3a9fcb700 	kZlibCompression supported: 0
2019/10/17-14:54:14.750903 7fc3a9fcb700 	kSnappyCompression supported: 0
2019/10/17-14:54:14.750904 7fc3a9fcb700 Fast CRC32 supported: Supported on x86
2019/10/17-14:54:14.750972 7fc3a9fcb700 [db/version_set.cc:3507] Recovering from manifest file: MANIFEST-114904
2019/10/17-14:54:14.750997 7fc3a9fcb700 [db/column_family.cc:472] --------------- Options for column family [default]:
2019/10/17-14:54:14.750998 7fc3a9fcb700               Options.comparator: leveldb.BytewiseComparator
2019/10/17-14:54:14.750999 7fc3a9fcb700           Options.merge_operator: None
2019/10/17-14:54:14.750999 7fc3a9fcb700        Options.compaction_filter: None
2019/10/17-14:54:14.751000 7fc3a9fcb700        Options.compaction_filter_factory: None
2019/10/17-14:54:14.751000 7fc3a9fcb700         Options.memtable_factory: SkipListFactory
2019/10/17-14:54:14.751001 7fc3a9fcb700            Options.table_factory: BlockBasedTable
2019/10/17-14:54:14.751011 7fc3a9fcb700            table_factory options:   flush_block_policy_factory: FlushBlockBySizePolicyFactory (0x7fc350082090)
  cache_index_and_filter_blocks: 0
  cache_index_and_filter_blocks_with_high_priority: 0
  pin_l0_filter_and_index_blocks_in_cache: 0
  pin_top_level_index_and_filter: 1
  index_type: 0
  hash_index_allow_collision: 1
  checksum: 1
  no_block_cache: 0
  block_cache: 0x7fc3500183d0
  block_cache_name: LRUCache
  block_cache_options:
    capacity : 8388608
    num_shard_bits : 4
    strict_capacity_limit : 0
    memory_allocator : None
    high_pri_pool_ratio: 0.000
  block_cache_compressed: (nil)
  persistent_cache: (nil)
  block_size: 4096
  block_size_deviation: 10
  block_restart_interval: 16
  index_block_restart_interval: 1
  metadata_block_size: 4096
  partition_filters: 0
  use_delta_encoding: 1
  filter_policy: nullptr
  whole_key_filtering: 1
  verify_compression: 0
  read_amp_bytes_per_bit: 0
  format_version: 2
  enable_index_compression: 1
  block_align: 0
2019/10/17-14:54:14.751018 7fc3a9fcb700        Options.write_buffer_size: 67108864
2019/10/17-14:54:14.751018 7fc3a9fcb700  Options.max_write_buffer_number: 2
2019/10/17-14:54:14.751019 7fc3a9fcb700          Options.compression: NoCompression
2019/10/17-14:54:14.751020 7fc3a9fcb700                  Options.bottommost_compression: Disabled
2019/10/17-14:54:14.751020 7fc3a9fcb700       Options.prefix_extractor: nullptr
2019/10/17-14:54:14.751021 7fc3a9fcb700   Options.memtable_insert_with_hint_prefix_extractor: nullptr
2019/10/17-14:54:14.751021 7fc3a9fcb700             Options.num_levels: 7
2019/10/17-14:54:14.751022 7fc3a9fcb700        Options.min_write_buffer_number_to_merge: 1
2019/10/17-14:54:14.751022 7fc3a9fcb700     Options.max_write_buffer_number_to_maintain: 0
2019/10/17-14:54:14.751023 7fc3a9fcb700            Options.bottommost_compression_opts.window_bits: -14
2019/10/17-14:54:14.751024 7fc3a9fcb700                  Options.bottommost_compression_opts.level: 32767
2019/10/17-14:54:14.751024 7fc3a9fcb700               Options.bottommost_compression_opts.strategy: 0
2019/10/17-14:54:14.751025 7fc3a9fcb700         Options.bottommost_compression_opts.max_dict_bytes: 0
2019/10/17-14:54:14.751025 7fc3a9fcb700         Options.bottommost_compression_opts.zstd_max_train_bytes: 0
2019/10/17-14:54:14.751026 7fc3a9fcb700                  Options.bottommost_compression_opts.enabled: false
2019/10/17-14:54:14.751026 7fc3a9fcb700            Options.compression_opts.window_bits: -14
2019/10/17-14:54:14.751027 7fc3a9fcb700                  Options.compression_opts.level: 32767
2019/10/17-14:54:14.751028 7fc3a9fcb700               Options.compression_opts.strategy: 0
2019/10/17-14:54:14.751028 7fc3a9fcb700         Options.compression_opts.max_dict_bytes: 0
2019/10/17-14:54:14.751029 7fc3a9fcb700         Options.compression_opts.zstd_max_train_bytes: 0
2019/10/17-14:54:14.751029 7fc3a9fcb700                  Options.compression_opts.enabled: false
2019/10/17-14:54:14.751030 7fc3a9fcb700      Options.level0_file_num_compaction_trigger: 4
2019/10/17-14:54:14.751030 7fc3a9fcb700          Options.level0_slowdown_writes_trigger: 20
2019/10/17-14:54:14.751031 7fc3a9fcb700              Options.level0_stop_writes_trigger: 36
2019/10/17-14:54:14.751032 7fc3a9fcb700                   Options.target_file_size_base: 67108864
2019/10/17-14:54:14.751032 7fc3a9fcb700             Options.target_file_size_multiplier: 1
2019/10/17-14:54:14.751033 7fc3a9fcb700                Options.max_bytes_for_level_base: 268435456
2019/10/17-14:54:14.751033 7fc3a9fcb700 Options.level_compaction_dynamic_level_bytes: 0
2019/10/17-14:54:14.751034 7fc3a9fcb700          Options.max_bytes_for_level_multiplier: 10.000000
2019/10/17-14:54:14.751035 7fc3a9fcb700 Options.max_bytes_for_level_multiplier_addtl[0]: 1
2019/10/17-14:54:14.751036 7fc3a9fcb700 Options.max_bytes_for_level_multiplier_addtl[1]: 1
2019/10/17-14:54:14.751036 7fc3a9fcb700 Options.max_bytes_for_level_multiplier_addtl[2]: 1
2019/10/17-14:54:14.751037 7fc3a9fcb700 Options.max_bytes_for_level_multiplier_addtl[3]: 1
2019/10/17-14:54:14.751037 7fc3a9fcb700 Options.max_bytes_for_level_multiplier_addtl[4]: 1
2019/10/17-14:54:14.751041 7fc3a9fcb700 Options.max_bytes_for_level_multiplier_addtl[5]: 1
2019/10/17-14:54:14.751041 7fc3a9fcb700 Options.max_bytes_for_level_multiplier_addtl[6]: 1
2019/10/17-14:54:14.751042 7fc3a9fcb700       Options.max_sequential_skip_in_iterations: 8
2019/10/17-14:54:14.751043 7fc3a9fcb700                    Options.max_compaction_bytes: 1677721600
2019/10/17-14:54:14.751043 7fc3a9fcb700                        Options.arena_block_size: 8388608
2019/10/17-14:54:14.751044 7fc3a9fcb700   Options.soft_pending_compaction_bytes_limit: 68719476736
2019/10/17-14:54:14.751044 7fc3a9fcb700   Options.hard_pending_compaction_bytes_limit: 274877906944
2019/10/17-14:54:14.751045 7fc3a9fcb700       Options.rate_limit_delay_max_milliseconds: 100
2019/10/17-14:54:14.751045 7fc3a9fcb700                Options.disable_auto_compactions: 0
2019/10/17-14:54:14.751046 7fc3a9fcb700                        Options.compaction_style: kCompactionStyleLevel
2019/10/17-14:54:14.751047 7fc3a9fcb700                          Options.compaction_pri: kByCompensatedSize
2019/10/17-14:54:14.751048 7fc3a9fcb700 Options.compaction_options_universal.size_ratio: 1
2019/10/17-14:54:14.751048 7fc3a9fcb700 Options.compaction_options_universal.min_merge_width: 2
2019/10/17-14:54:14.751049 7fc3a9fcb700 Options.compaction_options_universal.max_merge_width: 4294967295
2019/10/17-14:54:14.751050 7fc3a9fcb700 Options.compaction_options_universal.max_size_amplification_percent: 200
2019/10/17-14:54:14.751050 7fc3a9fcb700 Options.compaction_options_universal.compression_size_percent: -1
2019/10/17-14:54:14.751051 7fc3a9fcb700 Options.compaction_options_universal.stop_style: kCompactionStopStyleTotalSize
2019/10/17-14:54:14.751051 7fc3a9fcb700 Options.compaction_options_fifo.max_table_files_size: 1073741824
2019/10/17-14:54:14.751052 7fc3a9fcb700 Options.compaction_options_fifo.allow_compaction: 0
2019/10/17-14:54:14.751053 7fc3a9fcb700 Options.compaction_options_fifo.ttl: 0
2019/10/17-14:54:14.751053 7fc3a9fcb700                   Options.table_properties_collectors: 
2019/10/17-14:54:14.751054 7fc3a9fcb700                   Options.inplace_update_support: 0
2019/10/17-14:54:14.751054 7fc3a9fcb700                 Options.inplace_update_num_locks: 10000
2019/10/17-14:54:14.751055 7fc3a9fcb700               Options.memtable_prefix_bloom_size_ratio: 0.000000
2019/10/17-14:54:14.751056 7fc3a9fcb700   Options.memtable_huge_page_size: 0
2019/10/17-14:54:14.751056 7fc3a9fcb700                           Options.bloom_locality: 0
2019/10/17-14:54:14.751057 7fc3a9fcb700                    Options.max_successive_merges: 0
2019/10/17-14:54:14.751057 7fc3a9fcb700                Options.optimize_filters_for_hits: 0
2019/10/17-14:54:14.751058 7fc3a9fcb700                Options.paranoid_file_checks: 0
2019/10/17-14:54:14.751058 7fc3a9fcb700                Options.force_consistency_checks: 0
2019/10/17-14:54:14.751059 7fc3a9fcb700                Options.report_bg_io_stats: 0
2019/10/17-14:54:14.751059 7fc3a9fcb700                               Options.ttl: 0
2019/10/17-14:54:14.751080 7fc3a9fcb700 [db/column_family.cc:472] --------------- Options for column family [active_gateways]:
2019/10/17-14:54:14.751081 7fc3a9fcb700               Options.comparator: leveldb.BytewiseComparator
2019/10/17-14:54:14.751082 7fc3a9fcb700           Options.merge_operator: None
2019/10/17-14:54:14.751082 7fc3a9fcb700        Options.compaction_filter: None
2019/10/17-14:54:14.751083 7fc3a9fcb700        Options.compaction_filter_factory: None
2019/10/17-14:54:14.751084 7fc3a9fcb700         Options.memtable_factory: SkipListFactory
2019/10/17-14:54:14.751084 7fc3a9fcb700            Options.table_factory: BlockBasedTable
2019/10/17-14:54:14.751092 7fc3a9fcb700            table_factory options:   flush_block_policy_factory: FlushBlockBySizePolicyFactory (0x7fc3500dbc80)
  cache_index_and_filter_blocks: 0
  cache_index_and_filter_blocks_with_high_priority: 0
  pin_l0_filter_and_index_blocks_in_cache: 0
  pin_top_level_index_and_filter: 1
  index_type: 0
  hash_index_allow_collision: 1
  checksum: 1
  no_block_cache: 0
  block_cache: 0x7fc350045240
  block_cache_name: LRUCache
  block_cache_options:
    capacity : 8388608
    num_shard_bits : 4
    strict_capacity_limit : 0
    memory_allocator : None
    high_pri_pool_ratio: 0.000
  block_cache_compressed: (nil)
  persistent_cache: (nil)
  block_size: 4096
  block_size_deviation: 10
  block_restart_interval: 16
  index_block_restart_interval: 1
  metadata_block_size: 4096
  partition_filters: 0
  use_delta_encoding: 1
  filter_policy: nullptr
  whole_key_filtering: 1
  verify_compression: 0
  read_amp_bytes_per_bit: 0
  format_version: 2
  enable_index_compression: 1
  block_align: 0
2019/10/17-14:54:14.751097 7fc3a9fcb700        Options.write_buffer_size: 67108864
2019/10/17-14:54:14.751098 7fc3a9fcb700  Options.max_write_buffer_number: 2
2019/10/17-14:54:14.751098 7fc3a9fcb700          Options.compression: NoCompression
2019/10/17-14:54:14.751099 7fc3a9fcb700                  Options.bottommost_compression: Disabled
2019/10/17-14:54:14.751099 7fc3a9fcb700       Options.prefix_extractor: nullptr
2019/10/17-14:54:14.751100 7fc3a9fcb700   Options.memtable_insert_with_hint_prefix_extractor: nullptr
2019/10/17-14:54:14.751100 7fc3a9fcb700             Options.num_levels: 7
2019/10/17-14:54:14.751101 7fc3a9fcb700        Options.min_write_buffer_number_to_merge: 1
2019/10/17-14:54:14.751102 7fc3a9fcb700     Options.max_write_buffer_number_to_maintain: 0
2019/10/17-14:54:14.751102 7fc3a9fcb700            Options.bottommost_compression_opts.window_bits: -14
2019/10/17-14:54:14.751103 7fc3a9fcb700                  Options.bottommost_compression_opts.level: 32767
2019/10/17-14:54:14.751103 7fc3a9fcb700               Options.bottommost_compression_opts.strategy: 0
2019/10/17-14:54:14.751104 7fc3a9fcb700         Options.bottommost_compression_opts.max_dict_bytes: 0
2019/10/17-14:54:14.751104 7fc3a9fcb700         Options.bottommost_compression_opts.zstd_max_train_bytes: 0
2019/10/17-14:54:14.751105 7fc3a9fcb700                  Options.bottommost_compression_opts.enabled: false
2019/10/17-14:54:14.751105 7fc3a9fcb700            Options.compression_opts.window_bits: -14
2019/10/17-14:54:14.751106 7fc3a9fcb700                  Options.compression_opts.level: 32767
2019/10/17-14:54:14.751107 7fc3a9fcb700               Options.compression_opts.strategy: 0
2019/10/17-14:54:14.751107 7fc3a9fcb700         Options.compression_opts.max_dict_bytes: 0
2019/10/17-14:54:14.751108 7fc3a9fcb700         Options.compression_opts.zstd_max_train_bytes: 0
2019/10/17-14:54:14.751108 7fc3a9fcb700                  Options.compression_opts.enabled: false
2019/10/17-14:54:14.751109 7fc3a9fcb700      Options.level0_file_num_compaction_trigger: 4
2019/10/17-14:54:14.751109 7fc3a9fcb700          Options.level0_slowdown_writes_trigger: 20
2019/10/17-14:54:14.751110 7fc3a9fcb700              Options.level0_stop_writes_trigger: 36
2019/10/17-14:54:14.751110 7fc3a9fcb700                   Options.target_file_size_base: 67108864
2019/10/17-14:54:14.751111 7fc3a9fcb700             Options.target_file_size_multiplier: 1
2019/10/17-14:54:14.751111 7fc3a9fcb700                Options.max_bytes_for_level_base: 268435456
2019/10/17-14:54:14.751112 7fc3a9fcb700 Options.level_compaction_dynamic_level_bytes: 0
2019/10/17-14:54:14.751112 7fc3a9fcb700          Options.max_bytes_for_level_multiplier: 10.000000
2019/10/17-14:54:14.751113 7fc3a9fcb700 Options.max_bytes_for_level_multiplier_addtl[0]: 1
2019/10/17-14:54:14.751114 7fc3a9fcb700 Options.max_bytes_for_level_multiplier_addtl[1]: 1
2019/10/17-14:54:14.751115 7fc3a9fcb700 Options.max_bytes_for_level_multiplier_addtl[2]: 1
2019/10/17-14:54:14.751115 7fc3a9fcb700 Options.max_bytes_for_level_multiplier_addtl[3]: 1
2019/10/17-14:54:14.751116 7fc3a9fcb700 Options.max_bytes_for_level_multiplier_addtl[4]: 1
2019/10/17-14:54:14.751116 7fc3a9fcb700 Options.max_bytes_for_level_multiplier_addtl[5]: 1
2019/10/17-14:54:14.751117 7fc3a9fcb700 Options.max_bytes_for_level_multiplier_addtl[6]: 1
2019/10/17-14:54:14.751117 7fc3a9fcb700       Options.max_sequential_skip_in_iterations: 8
2019/10/17-14:54:14.751121 7fc3a9fcb700                    Options.max_compaction_bytes: 1677721600
2019/10/17-14:54:14.751121 7fc3a9fcb700                        Options.arena_block_size: 8388608
2019/10/17-14:54:14.751122 7fc3a9fcb700   Options.soft_pending_compaction_bytes_limit: 68719476736
2019/10/17-14:54:14.751123 7fc3a9fcb700   Options.hard_pending_compaction_bytes_limit: 274877906944
2019/10/17-14:54:14.751123 7fc3a9fcb700       Options.rate_limit_delay_max_milliseconds: 100
2019/10/17-14:54:14.751124 7fc3a9fcb700                Options.disable_auto_compactions: 0
2019/10/17-14:54:14.751124 7fc3a9fcb700                        Options.compaction_style: kCompactionStyleLevel
2019/10/17-14:54:14.751125 7fc3a9fcb700                          Options.compaction_pri: kByCompensatedSize
2019/10/17-14:54:14.751125 7fc3a9fcb700 Options.compaction_options_universal.size_ratio: 1
2019/10/17-14:54:14.751126 7fc3a9fcb700 Options.compaction_options_universal.min_merge_width: 2
2019/10/17-14:54:14.751127 7fc3a9fcb700 Options.compaction_options_universal.max_merge_width: 4294967295
2019/10/17-14:54:14.751127 7fc3a9fcb700 Options.compaction_options_universal.max_size_amplification_percent: 200
2019/10/17-14:54:14.751128 7fc3a9fcb700 Options.compaction_options_universal.compression_size_percent: -1
2019/10/17-14:54:14.751128 7fc3a9fcb700 Options.compaction_options_universal.stop_style: kCompactionStopStyleTotalSize
2019/10/17-14:54:14.751129 7fc3a9fcb700 Options.compaction_options_fifo.max_table_files_size: 1073741824
2019/10/17-14:54:14.751129 7fc3a9fcb700 Options.compaction_options_fifo.allow_compaction: 0
2019/10/17-14:54:14.751130 7fc3a9fcb700 Options.compaction_options_fifo.ttl: 0
2019/10/17-14:54:14.751130 7fc3a9fcb700                   Options.table_properties_collectors: 
2019/10/17-14:54:14.751131 7fc3a9fcb700                   Options.inplace_update_support: 0
2019/10/17-14:54:14.751132 7fc3a9fcb700                 Options.inplace_update_num_locks: 10000
2019/10/17-14:54:14.751132 7fc3a9fcb700               Options.memtable_prefix_bloom_size_ratio: 0.000000
2019/10/17-14:54:14.751133 7fc3a9fcb700   Options.memtable_huge_page_size: 0
2019/10/17-14:54:14.751133 7fc3a9fcb700                           Options.bloom_locality: 0
2019/10/17-14:54:14.751134 7fc3a9fcb700                    Options.max_successive_merges: 0
2019/10/17-14:54:14.751134 7fc3a9fcb700                Options.optimize_filters_for_hits: 0
2019/10/17-14:54:14.751135 7fc3a9fcb700                Options.paranoid_file_checks: 0
2019/10/17-14:54:14.751136 7fc3a9fcb700                Options.force_consistency_checks: 0
2019/10/17-14:54:14.751136 7fc3a9fcb700                Options.report_bg_io_stats: 0
2019/10/17-14:54:14.751137 7fc3a9fcb700                               Options.ttl: 0
2019/10/17-14:54:14.751150 7fc3a9fcb700 [db/column_family.cc:472] --------------- Options for column family [entries]:
2019/10/17-14:54:14.751151 7fc3a9fcb700               Options.comparator: leveldb.BytewiseComparator
2019/10/17-14:54:14.751152 7fc3a9fcb700           Options.merge_operator: None
2019/10/17-14:54:14.751153 7fc3a9fcb700        Options.compaction_filter: None
2019/10/17-14:54:14.751153 7fc3a9fcb700        Options.compaction_filter_factory: None
2019/10/17-14:54:14.751154 7fc3a9fcb700         Options.memtable_factory: SkipListFactory
2019/10/17-14:54:14.751155 7fc3a9fcb700            Options.table_factory: BlockBasedTable
2019/10/17-14:54:14.751166 7fc3a9fcb700            table_factory options:   flush_block_policy_factory: FlushBlockBySizePolicyFactory (0x7fc35004df90)
  cache_index_and_filter_blocks: 0
  cache_index_and_filter_blocks_with_high_priority: 0
  pin_l0_filter_and_index_blocks_in_cache: 0
  pin_top_level_index_and_filter: 1
  index_type: 0
  hash_index_allow_collision: 1
  checksum: 1
  no_block_cache: 0
  block_cache: 0x7fc350089560
  block_cache_name: LRUCache
  block_cache_options:
    capacity : 8388608
    num_shard_bits : 4
    strict_capacity_limit : 0
    memory_allocator : None
    high_pri_pool_ratio: 0.000
  block_cache_compressed: (nil)
  persistent_cache: (nil)
  block_size: 4096
  block_size_deviation: 10
  block_restart_interval: 16
  index_block_restart_interval: 1
  metadata_block_size: 4096
  partition_filters: 0
  use_delta_encoding: 1
  filter_policy: nullptr
  whole_key_filtering: 1
  verify_compression: 0
  read_amp_bytes_per_bit: 0
  format_version: 2
  enable_index_compression: 1
  block_align: 0
2019/10/17-14:54:14.751172 7fc3a9fcb700        Options.write_buffer_size: 67108864
2019/10/17-14:54:14.751173 7fc3a9fcb700  Options.max_write_buffer_number: 2
2019/10/17-14:54:14.751174 7fc3a9fcb700          Options.compression: NoCompression
2019/10/17-14:54:14.751175 7fc3a9fcb700                  Options.bottommost_compression: Disabled
2019/10/17-14:54:14.751176 7fc3a9fcb700       Options.prefix_extractor: nullptr
2019/10/17-14:54:14.751176 7fc3a9fcb700   Options.memtable_insert_with_hint_prefix_extractor: nullptr
2019/10/17-14:54:14.751177 7fc3a9fcb700             Options.num_levels: 7
2019/10/17-14:54:14.751178 7fc3a9fcb700        Options.min_write_buffer_number_to_merge: 1
2019/10/17-14:54:14.751179 7fc3a9fcb700     Options.max_write_buffer_number_to_maintain: 0
2019/10/17-14:54:14.751179 7fc3a9fcb700            Options.bottommost_compression_opts.window_bits: -14
2019/10/17-14:54:14.751180 7fc3a9fcb700                  Options.bottommost_compression_opts.level: 32767
2019/10/17-14:54:14.751181 7fc3a9fcb700               Options.bottommost_compression_opts.strategy: 0
2019/10/17-14:54:14.751182 7fc3a9fcb700         Options.bottommost_compression_opts.max_dict_bytes: 0
2019/10/17-14:54:14.751182 7fc3a9fcb700         Options.bottommost_compression_opts.zstd_max_train_bytes: 0
2019/10/17-14:54:14.751183 7fc3a9fcb700                  Options.bottommost_compression_opts.enabled: false
2019/10/17-14:54:14.751184 7fc3a9fcb700            Options.compression_opts.window_bits: -14
2019/10/17-14:54:14.751185 7fc3a9fcb700                  Options.compression_opts.level: 32767
2019/10/17-14:54:14.751186 7fc3a9fcb700               Options.compression_opts.strategy: 0
2019/10/17-14:54:14.751186 7fc3a9fcb700         Options.compression_opts.max_dict_bytes: 0
2019/10/17-14:54:14.751187 7fc3a9fcb700         Options.compression_opts.zstd_max_train_bytes: 0
2019/10/17-14:54:14.751188 7fc3a9fcb700                  Options.compression_opts.enabled: false
2019/10/17-14:54:14.751189 7fc3a9fcb700      Options.level0_file_num_compaction_trigger: 4
2019/10/17-14:54:14.751189 7fc3a9fcb700          Options.level0_slowdown_writes_trigger: 20
2019/10/17-14:54:14.751190 7fc3a9fcb700              Options.level0_stop_writes_trigger: 36
2019/10/17-14:54:14.751191 7fc3a9fcb700                   Options.target_file_size_base: 67108864
2019/10/17-14:54:14.751192 7fc3a9fcb700             Options.target_file_size_multiplier: 1
2019/10/17-14:54:14.751193 7fc3a9fcb700                Options.max_bytes_for_level_base: 268435456
2019/10/17-14:54:14.751194 7fc3a9fcb700 Options.level_compaction_dynamic_level_bytes: 0
2019/10/17-14:54:14.751194 7fc3a9fcb700          Options.max_bytes_for_level_multiplier: 10.000000
2019/10/17-14:54:14.751196 7fc3a9fcb700 Options.max_bytes_for_level_multiplier_addtl[0]: 1
2019/10/17-14:54:14.751196 7fc3a9fcb700 Options.max_bytes_for_level_multiplier_addtl[1]: 1
2019/10/17-14:54:14.751197 7fc3a9fcb700 Options.max_bytes_for_level_multiplier_addtl[2]: 1
2019/10/17-14:54:14.751198 7fc3a9fcb700 Options.max_bytes_for_level_multiplier_addtl[3]: 1
2019/10/17-14:54:14.751199 7fc3a9fcb700 Options.max_bytes_for_level_multiplier_addtl[4]: 1
2019/10/17-14:54:14.751200 7fc3a9fcb700 Options.max_bytes_for_level_multiplier_addtl[5]: 1
2019/10/17-14:54:14.751201 7fc3a9fcb700 Options.max_bytes_for_level_multiplier_addtl[6]: 1
2019/10/17-14:54:14.751201 7fc3a9fcb700       Options.max_sequential_skip_in_iterations: 8
2019/10/17-14:54:14.751202 7fc3a9fcb700                    Options.max_compaction_bytes: 1677721600
2019/10/17-14:54:14.751203 7fc3a9fcb700                        Options.arena_block_size: 8388608
2019/10/17-14:54:14.751204 7fc3a9fcb700   Options.soft_pending_compaction_bytes_limit: 68719476736
2019/10/17-14:54:14.751208 7fc3a9fcb700   Options.hard_pending_compaction_bytes_limit: 274877906944
2019/10/17-14:54:14.751209 7fc3a9fcb700       Options.rate_limit_delay_max_milliseconds: 100
2019/10/17-14:54:14.751210 7fc3a9fcb700                Options.disable_auto_compactions: 0
2019/10/17-14:54:14.751211 7fc3a9fcb700                        Options.compaction_style: kCompactionStyleLevel
2019/10/17-14:54:14.751212 7fc3a9fcb700                          Options.compaction_pri: kByCompensatedSize
2019/10/17-14:54:14.751212 7fc3a9fcb700 Options.compaction_options_universal.size_ratio: 1
2019/10/17-14:54:14.751213 7fc3a9fcb700 Options.compaction_options_universal.min_merge_width: 2
2019/10/17-14:54:14.751214 7fc3a9fcb700 Options.compaction_options_universal.max_merge_width: 4294967295
2019/10/17-14:54:14.751215 7fc3a9fcb700 Options.compaction_options_universal.max_size_amplification_percent: 200
2019/10/17-14:54:14.751215 7fc3a9fcb700 Options.compaction_options_universal.compression_size_percent: -1
2019/10/17-14:54:14.751217 7fc3a9fcb700 Options.compaction_options_universal.stop_style: kCompactionStopStyleTotalSize
2019/10/17-14:54:14.751217 7fc3a9fcb700 Options.compaction_options_fifo.max_table_files_size: 1073741824
2019/10/17-14:54:14.751218 7fc3a9fcb700 Options.compaction_options_fifo.allow_compaction: 0
2019/10/17-14:54:14.751219 7fc3a9fcb700 Options.compaction_options_fifo.ttl: 0
2019/10/17-14:54:14.751220 7fc3a9fcb700                   Options.table_properties_collectors: 
2019/10/17-14:54:14.751221 7fc3a9fcb700                   Options.inplace_update_support: 0
2019/10/17-14:54:14.751221 7fc3a9fcb700                 Options.inplace_update_num_locks: 10000
2019/10/17-14:54:14.751222 7fc3a9fcb700               Options.memtable_prefix_bloom_size_ratio: 0.000000
2019/10/17-14:54:14.751223 7fc3a9fcb700   Options.memtable_huge_page_size: 0
2019/10/17-14:54:14.751224 7fc3a9fcb700                           Options.bloom_locality: 0
2019/10/17-14:54:14.751225 7fc3a9fcb700                    Options.max_successive_merges: 0
2019/10/17-14:54:14.751226 7fc3a9fcb700                Options.optimize_filters_for_hits: 0
2019/10/17-14:54:14.751227 7fc3a9fcb700                Options.paranoid_file_checks: 0
2019/10/17-14:54:14.751227 7fc3a9fcb700                Options.force_consistency_checks: 0
2019/10/17-14:54:14.751228 7fc3a9fcb700                Options.report_bg_io_stats: 0
2019/10/17-14:54:14.751229 7fc3a9fcb700                               Options.ttl: 0
2019/10/17-14:54:14.751243 7fc3a9fcb700 [db/column_family.cc:472] --------------- Options for column family [dc_entries]:
2019/10/17-14:54:14.751245 7fc3a9fcb700               Options.comparator: leveldb.BytewiseComparator
2019/10/17-14:54:14.751245 7fc3a9fcb700           Options.merge_operator: None
2019/10/17-14:54:14.751246 7fc3a9fcb700        Options.compaction_filter: None
2019/10/17-14:54:14.751247 7fc3a9fcb700        Options.compaction_filter_factory: None
2019/10/17-14:54:14.751248 7fc3a9fcb700         Options.memtable_factory: SkipListFactory
2019/10/17-14:54:14.751248 7fc3a9fcb700            Options.table_factory: BlockBasedTable
2019/10/17-14:54:14.751258 7fc3a9fcb700            table_factory options:   flush_block_policy_factory: FlushBlockBySizePolicyFactory (0x7fc350106b90)
  cache_index_and_filter_blocks: 0
  cache_index_and_filter_blocks_with_high_priority: 0
  pin_l0_filter_and_index_blocks_in_cache: 0
  pin_top_level_index_and_filter: 1
  index_type: 0
  hash_index_allow_collision: 1
  checksum: 1
  no_block_cache: 0
  block_cache: 0x7fc350048400
  block_cache_name: LRUCache
  block_cache_options:
    capacity : 8388608
    num_shard_bits : 4
    strict_capacity_limit : 0
    memory_allocator : None
    high_pri_pool_ratio: 0.000
  block_cache_compressed: (nil)
  persistent_cache: (nil)
  block_size: 4096
  block_size_deviation: 10
  block_restart_interval: 16
  index_block_restart_interval: 1
  metadata_block_size: 4096
  partition_filters: 0
  use_delta_encoding: 1
  filter_policy: nullptr
  whole_key_filtering: 1
  verify_compression: 0
  read_amp_bytes_per_bit: 0
  format_version: 2
  enable_index_compression: 1
  block_align: 0
2019/10/17-14:54:14.751264 7fc3a9fcb700        Options.write_buffer_size: 67108864
2019/10/17-14:54:14.751265 7fc3a9fcb700  Options.max_write_buffer_number: 2
2019/10/17-14:54:14.751266 7fc3a9fcb700          Options.compression: NoCompression
2019/10/17-14:54:14.751266 7fc3a9fcb700                  Options.bottommost_compression: Disabled
2019/10/17-14:54:14.751267 7fc3a9fcb700       Options.prefix_extractor: nullptr
2019/10/17-14:54:14.751268 7fc3a9fcb700   Options.memtable_insert_with_hint_prefix_extractor: nullptr
2019/10/17-14:54:14.751269 7fc3a9fcb700             Options.num_levels: 7
2019/10/17-14:54:14.751270 7fc3a9fcb700        Options.min_write_buffer_number_to_merge: 1
2019/10/17-14:54:14.751271 7fc3a9fcb700     Options.max_write_buffer_number_to_maintain: 0
2019/10/17-14:54:14.751271 7fc3a9fcb700            Options.bottommost_compression_opts.window_bits: -14
2019/10/17-14:54:14.751272 7fc3a9fcb700                  Options.bottommost_compression_opts.level: 32767
2019/10/17-14:54:14.751273 7fc3a9fcb700               Options.bottommost_compression_opts.strategy: 0
2019/10/17-14:54:14.751273 7fc3a9fcb700         Options.bottommost_compression_opts.max_dict_bytes: 0
2019/10/17-14:54:14.751274 7fc3a9fcb700         Options.bottommost_compression_opts.zstd_max_train_bytes: 0
2019/10/17-14:54:14.751275 7fc3a9fcb700                  Options.bottommost_compression_opts.enabled: false
2019/10/17-14:54:14.751276 7fc3a9fcb700            Options.compression_opts.window_bits: -14
2019/10/17-14:54:14.751277 7fc3a9fcb700                  Options.compression_opts.level: 32767
2019/10/17-14:54:14.751278 7fc3a9fcb700               Options.compression_opts.strategy: 0
2019/10/17-14:54:14.751278 7fc3a9fcb700         Options.compression_opts.max_dict_bytes: 0
2019/10/17-14:54:14.751279 7fc3a9fcb700         Options.compression_opts.zstd_max_train_bytes: 0
2019/10/17-14:54:14.751280 7fc3a9fcb700                  Options.compression_opts.enabled: false
2019/10/17-14:54:14.751281 7fc3a9fcb700      Options.level0_file_num_compaction_trigger: 4
2019/10/17-14:54:14.751282 7fc3a9fcb700          Options.level0_slowdown_writes_trigger: 20
2019/10/17-14:54:14.751282 7fc3a9fcb700              Options.level0_stop_writes_trigger: 36
2019/10/17-14:54:14.751283 7fc3a9fcb700                   Options.target_file_size_base: 67108864
2019/10/17-14:54:14.751284 7fc3a9fcb700             Options.target_file_size_multiplier: 1
2019/10/17-14:54:14.751285 7fc3a9fcb700                Options.max_bytes_for_level_base: 268435456
2019/10/17-14:54:14.751285 7fc3a9fcb700 Options.level_compaction_dynamic_level_bytes: 0
2019/10/17-14:54:14.751286 7fc3a9fcb700          Options.max_bytes_for_level_multiplier: 10.000000
2019/10/17-14:54:14.751287 7fc3a9fcb700 Options.max_bytes_for_level_multiplier_addtl[0]: 1
2019/10/17-14:54:14.751288 7fc3a9fcb700 Options.max_bytes_for_level_multiplier_addtl[1]: 1
2019/10/17-14:54:14.751289 7fc3a9fcb700 Options.max_bytes_for_level_multiplier_addtl[2]: 1
2019/10/17-14:54:14.751290 7fc3a9fcb700 Options.max_bytes_for_level_multiplier_addtl[3]: 1
2019/10/17-14:54:14.751291 7fc3a9fcb700 Options.max_bytes_for_level_multiplier_addtl[4]: 1
2019/10/17-14:54:14.751292 7fc3a9fcb700 Options.max_bytes_for_level_multiplier_addtl[5]: 1
2019/10/17-14:54:14.751293 7fc3a9fcb700 Options.max_bytes_for_level_multiplier_addtl[6]: 1
2019/10/17-14:54:14.751294 7fc3a9fcb700       Options.max_sequential_skip_in_iterations: 8
2019/10/17-14:54:14.751295 7fc3a9fcb700                    Options.max_compaction_bytes: 1677721600
2019/10/17-14:54:14.751296 7fc3a9fcb700                        Options.arena_block_size: 8388608
2019/10/17-14:54:14.751297 7fc3a9fcb700   Options.soft_pending_compaction_bytes_limit: 68719476736
2019/10/17-14:54:14.751298 7fc3a9fcb700   Options.hard_pending_compaction_bytes_limit: 274877906944
2019/10/17-14:54:14.751299 7fc3a9fcb700       Options.rate_limit_delay_max_milliseconds: 100
2019/10/17-14:54:14.751300 7fc3a9fcb700                Options.disable_auto_compactions: 0
2019/10/17-14:54:14.751306 7fc3a9fcb700                        Options.compaction_style: kCompactionStyleLevel
2019/10/17-14:54:14.751307 7fc3a9fcb700                          Options.compaction_pri: kByCompensatedSize
2019/10/17-14:54:14.751308 7fc3a9fcb700 Options.compaction_options_universal.size_ratio: 1
2019/10/17-14:54:14.751308 7fc3a9fcb700 Options.compaction_options_universal.min_merge_width: 2
2019/10/17-14:54:14.751309 7fc3a9fcb700 Options.compaction_options_universal.max_merge_width: 4294967295
2019/10/17-14:54:14.751310 7fc3a9fcb700 Options.compaction_options_universal.max_size_amplification_percent: 200
2019/10/17-14:54:14.751311 7fc3a9fcb700 Options.compaction_options_universal.compression_size_percent: -1
2019/10/17-14:54:14.751312 7fc3a9fcb700 Options.compaction_options_universal.stop_style: kCompactionStopStyleTotalSize
2019/10/17-14:54:14.751312 7fc3a9fcb700 Options.compaction_options_fifo.max_table_files_size: 1073741824
2019/10/17-14:54:14.751313 7fc3a9fcb700 Options.compaction_options_fifo.allow_compaction: 0
2019/10/17-14:54:14.751314 7fc3a9fcb700 Options.compaction_options_fifo.ttl: 0
2019/10/17-14:54:14.751315 7fc3a9fcb700                   Options.table_properties_collectors: 
2019/10/17-14:54:14.751315 7fc3a9fcb700                   Options.inplace_update_support: 0
2019/10/17-14:54:14.751316 7fc3a9fcb700                 Options.inplace_update_num_locks: 10000
2019/10/17-14:54:14.751317 7fc3a9fcb700               Options.memtable_prefix_bloom_size_ratio: 0.000000
2019/10/17-14:54:14.751318 7fc3a9fcb700   Options.memtable_huge_page_size: 0
2019/10/17-14:54:14.751319 7fc3a9fcb700                           Options.bloom_locality: 0
2019/10/17-14:54:14.751319 7fc3a9fcb700                    Options.max_successive_merges: 0
2019/10/17-14:54:14.751320 7fc3a9fcb700                Options.optimize_filters_for_hits: 0
2019/10/17-14:54:14.751321 7fc3a9fcb700                Options.paranoid_file_checks: 0
2019/10/17-14:54:14.751322 7fc3a9fcb700                Options.force_consistency_checks: 0
2019/10/17-14:54:14.751322 7fc3a9fcb700                Options.report_bg_io_stats: 0
2019/10/17-14:54:14.751323 7fc3a9fcb700                               Options.ttl: 0
2019/10/17-14:54:14.751336 7fc3a9fcb700 [db/column_family.cc:472] --------------- Options for column family [htlcs]:
2019/10/17-14:54:14.751337 7fc3a9fcb700               Options.comparator: leveldb.BytewiseComparator
2019/10/17-14:54:14.751338 7fc3a9fcb700           Options.merge_operator: None
2019/10/17-14:54:14.751339 7fc3a9fcb700        Options.compaction_filter: None
2019/10/17-14:54:14.751339 7fc3a9fcb700        Options.compaction_filter_factory: None
2019/10/17-14:54:14.751340 7fc3a9fcb700         Options.memtable_factory: SkipListFactory
2019/10/17-14:54:14.751341 7fc3a9fcb700            Options.table_factory: BlockBasedTable
2019/10/17-14:54:14.751350 7fc3a9fcb700            table_factory options:   flush_block_policy_factory: FlushBlockBySizePolicyFactory (0x7fc35000af70)
