2019/10/17-14:56:12.314407 7fbc2cd30700 RocksDB version: 5.18.3
2019/10/17-14:56:12.314441 7fbc2cd30700 Git sha rocksdb_build_git_sha:@0@
2019/10/17-14:56:12.314443 7fbc2cd30700 Compile date Sep 19 2019
2019/10/17-14:56:12.314444 7fbc2cd30700 DB SUMMARY
2019/10/17-14:56:12.315076 7fbc2cd30700 CURRENT file:  CURRENT
2019/10/17-14:56:12.315078 7fbc2cd30700 IDENTITY file:  IDENTITY
2019/10/17-14:56:12.315104 7fbc2cd30700 MANIFEST file:  MANIFEST-116914 size: 4114 Bytes
2019/10/17-14:56:12.315106 7fbc2cd30700 SST files in /home/rahul/dev/blockchain-core/eqc/ledger.db dir, Total Num: 29, files: 000624.sst 000627.sst 106940.sst 108447.sst 108450.sst 109471.sst 109483.sst 109485.sst 109486.sst 
2019/10/17-14:56:12.315107 7fbc2cd30700 Write Ahead Log file in /home/rahul/dev/blockchain-core/eqc/ledger.db: 116915.log size: 0 ; 
2019/10/17-14:56:12.315137 7fbc2cd30700                         Options.error_if_exists: 0
2019/10/17-14:56:12.315138 7fbc2cd30700                       Options.create_if_missing: 1
2019/10/17-14:56:12.315139 7fbc2cd30700                         Options.paranoid_checks: 1
2019/10/17-14:56:12.315139 7fbc2cd30700                                     Options.env: 0x7fbbafa7bc60
2019/10/17-14:56:12.315140 7fbc2cd30700                                Options.info_log: 0x7fbbb8032200
2019/10/17-14:56:12.315141 7fbc2cd30700                Options.max_file_opening_threads: 16
2019/10/17-14:56:12.315142 7fbc2cd30700                              Options.statistics: (nil)
2019/10/17-14:56:12.315142 7fbc2cd30700                               Options.use_fsync: 0
2019/10/17-14:56:12.315143 7fbc2cd30700                       Options.max_log_file_size: 0
2019/10/17-14:56:12.315144 7fbc2cd30700                  Options.max_manifest_file_size: 1073741824
2019/10/17-14:56:12.315144 7fbc2cd30700                   Options.log_file_time_to_roll: 0
2019/10/17-14:56:12.315145 7fbc2cd30700                       Options.keep_log_file_num: 1000
2019/10/17-14:56:12.315146 7fbc2cd30700                    Options.recycle_log_file_num: 0
2019/10/17-14:56:12.315147 7fbc2cd30700                         Options.allow_fallocate: 1
2019/10/17-14:56:12.315147 7fbc2cd30700                        Options.allow_mmap_reads: 0
2019/10/17-14:56:12.315148 7fbc2cd30700                       Options.allow_mmap_writes: 0
2019/10/17-14:56:12.315149 7fbc2cd30700                        Options.use_direct_reads: 0
2019/10/17-14:56:12.315149 7fbc2cd30700                        Options.use_direct_io_for_flush_and_compaction: 0
2019/10/17-14:56:12.315150 7fbc2cd30700          Options.create_missing_column_families: 0
2019/10/17-14:56:12.315151 7fbc2cd30700                              Options.db_log_dir: 
2019/10/17-14:56:12.315151 7fbc2cd30700                                 Options.wal_dir: /home/rahul/dev/blockchain-core/eqc/ledger.db
2019/10/17-14:56:12.315152 7fbc2cd30700                Options.table_cache_numshardbits: 6
2019/10/17-14:56:12.315153 7fbc2cd30700                      Options.max_subcompactions: 1
2019/10/17-14:56:12.315153 7fbc2cd30700                  Options.max_background_flushes: -1
2019/10/17-14:56:12.315154 7fbc2cd30700                         Options.WAL_ttl_seconds: 0
2019/10/17-14:56:12.315155 7fbc2cd30700                       Options.WAL_size_limit_MB: 0
2019/10/17-14:56:12.315155 7fbc2cd30700             Options.manifest_preallocation_size: 4194304
2019/10/17-14:56:12.315156 7fbc2cd30700                     Options.is_fd_close_on_exec: 1
2019/10/17-14:56:12.315157 7fbc2cd30700                   Options.advise_random_on_open: 1
2019/10/17-14:56:12.315157 7fbc2cd30700                    Options.db_write_buffer_size: 0
2019/10/17-14:56:12.315158 7fbc2cd30700                    Options.write_buffer_manager: 0x7fbbb80da210
2019/10/17-14:56:12.315159 7fbc2cd30700         Options.access_hint_on_compaction_start: 1
2019/10/17-14:56:12.315160 7fbc2cd30700  Options.new_table_reader_for_compaction_inputs: 0
2019/10/17-14:56:12.315160 7fbc2cd30700           Options.random_access_max_buffer_size: 1048576
2019/10/17-14:56:12.315161 7fbc2cd30700                      Options.use_adaptive_mutex: 0
2019/10/17-14:56:12.315161 7fbc2cd30700                            Options.rate_limiter: (nil)
2019/10/17-14:56:12.315170 7fbc2cd30700     Options.sst_file_manager.rate_bytes_per_sec: 0
2019/10/17-14:56:12.315171 7fbc2cd30700                       Options.wal_recovery_mode: 2
2019/10/17-14:56:12.315171 7fbc2cd30700                  Options.enable_thread_tracking: 0
2019/10/17-14:56:12.315172 7fbc2cd30700                  Options.enable_pipelined_write: 0
2019/10/17-14:56:12.315173 7fbc2cd30700         Options.allow_concurrent_memtable_write: 1
2019/10/17-14:56:12.315173 7fbc2cd30700      Options.enable_write_thread_adaptive_yield: 1
2019/10/17-14:56:12.315174 7fbc2cd30700             Options.write_thread_max_yield_usec: 100
2019/10/17-14:56:12.315175 7fbc2cd30700            Options.write_thread_slow_yield_usec: 3
2019/10/17-14:56:12.315175 7fbc2cd30700                               Options.row_cache: None
2019/10/17-14:56:12.315176 7fbc2cd30700                              Options.wal_filter: None
2019/10/17-14:56:12.315177 7fbc2cd30700             Options.avoid_flush_during_recovery: 0
2019/10/17-14:56:12.315177 7fbc2cd30700             Options.allow_ingest_behind: 0
2019/10/17-14:56:12.315178 7fbc2cd30700             Options.preserve_deletes: 0
2019/10/17-14:56:12.315179 7fbc2cd30700             Options.two_write_queues: 0
2019/10/17-14:56:12.315179 7fbc2cd30700             Options.manual_wal_flush: 0
2019/10/17-14:56:12.315180 7fbc2cd30700             Options.max_background_jobs: 2
2019/10/17-14:56:12.315181 7fbc2cd30700             Options.max_background_compactions: -1
2019/10/17-14:56:12.315181 7fbc2cd30700             Options.avoid_flush_during_shutdown: 0
2019/10/17-14:56:12.315182 7fbc2cd30700           Options.writable_file_max_buffer_size: 1048576
2019/10/17-14:56:12.315183 7fbc2cd30700             Options.delayed_write_rate : 16777216
2019/10/17-14:56:12.315183 7fbc2cd30700             Options.max_total_wal_size: 0
2019/10/17-14:56:12.315184 7fbc2cd30700             Options.delete_obsolete_files_period_micros: 21600000000
2019/10/17-14:56:12.315185 7fbc2cd30700                   Options.stats_dump_period_sec: 600
2019/10/17-14:56:12.315185 7fbc2cd30700                          Options.max_open_files: -1
2019/10/17-14:56:12.315186 7fbc2cd30700                          Options.bytes_per_sync: 0
2019/10/17-14:56:12.315187 7fbc2cd30700                      Options.wal_bytes_per_sync: 0
2019/10/17-14:56:12.315187 7fbc2cd30700       Options.compaction_readahead_size: 0
2019/10/17-14:56:12.315188 7fbc2cd30700 Compression algorithms supported:
2019/10/17-14:56:12.315189 7fbc2cd30700 	kZSTDNotFinalCompression supported: 0
2019/10/17-14:56:12.315190 7fbc2cd30700 	kZSTD supported: 0
2019/10/17-14:56:12.315191 7fbc2cd30700 	kXpressCompression supported: 0
2019/10/17-14:56:12.315191 7fbc2cd30700 	kLZ4HCCompression supported: 0
2019/10/17-14:56:12.315192 7fbc2cd30700 	kLZ4Compression supported: 0
2019/10/17-14:56:12.315193 7fbc2cd30700 	kBZip2Compression supported: 0
2019/10/17-14:56:12.315193 7fbc2cd30700 	kZlibCompression supported: 0
2019/10/17-14:56:12.315194 7fbc2cd30700 	kSnappyCompression supported: 0
2019/10/17-14:56:12.315196 7fbc2cd30700 Fast CRC32 supported: Supported on x86
2019/10/17-14:56:12.315280 7fbc2cd30700 [db/version_set.cc:3507] Recovering from manifest file: MANIFEST-116914
2019/10/17-14:56:12.315309 7fbc2cd30700 [db/column_family.cc:472] --------------- Options for column family [default]:
2019/10/17-14:56:12.315310 7fbc2cd30700               Options.comparator: leveldb.BytewiseComparator
2019/10/17-14:56:12.315311 7fbc2cd30700           Options.merge_operator: None
2019/10/17-14:56:12.315312 7fbc2cd30700        Options.compaction_filter: None
2019/10/17-14:56:12.315312 7fbc2cd30700        Options.compaction_filter_factory: None
2019/10/17-14:56:12.315313 7fbc2cd30700         Options.memtable_factory: SkipListFactory
2019/10/17-14:56:12.315314 7fbc2cd30700            Options.table_factory: BlockBasedTable
2019/10/17-14:56:12.315328 7fbc2cd30700            table_factory options:   flush_block_policy_factory: FlushBlockBySizePolicyFactory (0x7fbbb82d2150)
  cache_index_and_filter_blocks: 0
  cache_index_and_filter_blocks_with_high_priority: 0
  pin_l0_filter_and_index_blocks_in_cache: 0
  pin_top_level_index_and_filter: 1
  index_type: 0
  hash_index_allow_collision: 1
  checksum: 1
  no_block_cache: 0
  block_cache: 0x7fbbb80d2590
  block_cache_name: LRUCache
  block_cache_options:
    capacity : 8388608
    num_shard_bits : 4
    strict_capacity_limit : 0
    memory_allocator : None
    high_pri_pool_ratio: 0.000
  block_cache_compressed: (nil)
  persistent_cache: (nil)
  block_size: 4096
  block_size_deviation: 10
  block_restart_interval: 16
  index_block_restart_interval: 1
  metadata_block_size: 4096
  partition_filters: 0
  use_delta_encoding: 1
  filter_policy: nullptr
  whole_key_filtering: 1
  verify_compression: 0
  read_amp_bytes_per_bit: 0
  format_version: 2
  enable_index_compression: 1
  block_align: 0
2019/10/17-14:56:12.315336 7fbc2cd30700        Options.write_buffer_size: 67108864
2019/10/17-14:56:12.315337 7fbc2cd30700  Options.max_write_buffer_number: 2
2019/10/17-14:56:12.315338 7fbc2cd30700          Options.compression: NoCompression
2019/10/17-14:56:12.315338 7fbc2cd30700                  Options.bottommost_compression: Disabled
2019/10/17-14:56:12.315339 7fbc2cd30700       Options.prefix_extractor: nullptr
2019/10/17-14:56:12.315340 7fbc2cd30700   Options.memtable_insert_with_hint_prefix_extractor: nullptr
2019/10/17-14:56:12.315340 7fbc2cd30700             Options.num_levels: 7
2019/10/17-14:56:12.315341 7fbc2cd30700        Options.min_write_buffer_number_to_merge: 1
2019/10/17-14:56:12.315342 7fbc2cd30700     Options.max_write_buffer_number_to_maintain: 0
2019/10/17-14:56:12.315342 7fbc2cd30700            Options.bottommost_compression_opts.window_bits: -14
2019/10/17-14:56:12.315343 7fbc2cd30700                  Options.bottommost_compression_opts.level: 32767
2019/10/17-14:56:12.315344 7fbc2cd30700               Options.bottommost_compression_opts.strategy: 0
2019/10/17-14:56:12.315344 7fbc2cd30700         Options.bottommost_compression_opts.max_dict_bytes: 0
2019/10/17-14:56:12.315345 7fbc2cd30700         Options.bottommost_compression_opts.zstd_max_train_bytes: 0
2019/10/17-14:56:12.315346 7fbc2cd30700                  Options.bottommost_compression_opts.enabled: false
2019/10/17-14:56:12.315347 7fbc2cd30700            Options.compression_opts.window_bits: -14
2019/10/17-14:56:12.315347 7fbc2cd30700                  Options.compression_opts.level: 32767
2019/10/17-14:56:12.315348 7fbc2cd30700               Options.compression_opts.strategy: 0
2019/10/17-14:56:12.315349 7fbc2cd30700         Options.compression_opts.max_dict_bytes: 0
2019/10/17-14:56:12.315349 7fbc2cd30700         Options.compression_opts.zstd_max_train_bytes: 0
2019/10/17-14:56:12.315350 7fbc2cd30700                  Options.compression_opts.enabled: false
2019/10/17-14:56:12.315351 7fbc2cd30700      Options.level0_file_num_compaction_trigger: 4
2019/10/17-14:56:12.315351 7fbc2cd30700          Options.level0_slowdown_writes_trigger: 20
2019/10/17-14:56:12.315352 7fbc2cd30700              Options.level0_stop_writes_trigger: 36
2019/10/17-14:56:12.315353 7fbc2cd30700                   Options.target_file_size_base: 67108864
2019/10/17-14:56:12.315353 7fbc2cd30700             Options.target_file_size_multiplier: 1
2019/10/17-14:56:12.315354 7fbc2cd30700                Options.max_bytes_for_level_base: 268435456
2019/10/17-14:56:12.315355 7fbc2cd30700 Options.level_compaction_dynamic_level_bytes: 0
2019/10/17-14:56:12.315355 7fbc2cd30700          Options.max_bytes_for_level_multiplier: 10.000000
2019/10/17-14:56:12.315357 7fbc2cd30700 Options.max_bytes_for_level_multiplier_addtl[0]: 1
2019/10/17-14:56:12.315358 7fbc2cd30700 Options.max_bytes_for_level_multiplier_addtl[1]: 1
2019/10/17-14:56:12.315359 7fbc2cd30700 Options.max_bytes_for_level_multiplier_addtl[2]: 1
2019/10/17-14:56:12.315359 7fbc2cd30700 Options.max_bytes_for_level_multiplier_addtl[3]: 1
2019/10/17-14:56:12.315360 7fbc2cd30700 Options.max_bytes_for_level_multiplier_addtl[4]: 1
2019/10/17-14:56:12.315364 7fbc2cd30700 Options.max_bytes_for_level_multiplier_addtl[5]: 1
2019/10/17-14:56:12.315365 7fbc2cd30700 Options.max_bytes_for_level_multiplier_addtl[6]: 1
2019/10/17-14:56:12.315366 7fbc2cd30700       Options.max_sequential_skip_in_iterations: 8
2019/10/17-14:56:12.315366 7fbc2cd30700                    Options.max_compaction_bytes: 1677721600
2019/10/17-14:56:12.315367 7fbc2cd30700                        Options.arena_block_size: 8388608
2019/10/17-14:56:12.315368 7fbc2cd30700   Options.soft_pending_compaction_bytes_limit: 68719476736
2019/10/17-14:56:12.315368 7fbc2cd30700   Options.hard_pending_compaction_bytes_limit: 274877906944
2019/10/17-14:56:12.315369 7fbc2cd30700       Options.rate_limit_delay_max_milliseconds: 100
2019/10/17-14:56:12.315370 7fbc2cd30700                Options.disable_auto_compactions: 0
2019/10/17-14:56:12.315371 7fbc2cd30700                        Options.compaction_style: kCompactionStyleLevel
2019/10/17-14:56:12.315372 7fbc2cd30700                          Options.compaction_pri: kByCompensatedSize
2019/10/17-14:56:12.315373 7fbc2cd30700 Options.compaction_options_universal.size_ratio: 1
2019/10/17-14:56:12.315374 7fbc2cd30700 Options.compaction_options_universal.min_merge_width: 2
2019/10/17-14:56:12.315375 7fbc2cd30700 Options.compaction_options_universal.max_merge_width: 4294967295
2019/10/17-14:56:12.315375 7fbc2cd30700 Options.compaction_options_universal.max_size_amplification_percent: 200
2019/10/17-14:56:12.315376 7fbc2cd30700 Options.compaction_options_universal.compression_size_percent: -1
2019/10/17-14:56:12.315377 7fbc2cd30700 Options.compaction_options_universal.stop_style: kCompactionStopStyleTotalSize
2019/10/17-14:56:12.315377 7fbc2cd30700 Options.compaction_options_fifo.max_table_files_size: 1073741824
2019/10/17-14:56:12.315378 7fbc2cd30700 Options.compaction_options_fifo.allow_compaction: 0
2019/10/17-14:56:12.315379 7fbc2cd30700 Options.compaction_options_fifo.ttl: 0
2019/10/17-14:56:12.315380 7fbc2cd30700                   Options.table_properties_collectors: 
2019/10/17-14:56:12.315380 7fbc2cd30700                   Options.inplace_update_support: 0
2019/10/17-14:56:12.315381 7fbc2cd30700                 Options.inplace_update_num_locks: 10000
2019/10/17-14:56:12.315382 7fbc2cd30700               Options.memtable_prefix_bloom_size_ratio: 0.000000
2019/10/17-14:56:12.315382 7fbc2cd30700   Options.memtable_huge_page_size: 0
2019/10/17-14:56:12.315383 7fbc2cd30700                           Options.bloom_locality: 0
2019/10/17-14:56:12.315384 7fbc2cd30700                    Options.max_successive_merges: 0
2019/10/17-14:56:12.315384 7fbc2cd30700                Options.optimize_filters_for_hits: 0
2019/10/17-14:56:12.315385 7fbc2cd30700                Options.paranoid_file_checks: 0
2019/10/17-14:56:12.315386 7fbc2cd30700                Options.force_consistency_checks: 0
2019/10/17-14:56:12.315386 7fbc2cd30700                Options.report_bg_io_stats: 0
2019/10/17-14:56:12.315387 7fbc2cd30700                               Options.ttl: 0
2019/10/17-14:56:12.315412 7fbc2cd30700 [db/column_family.cc:472] --------------- Options for column family [active_gateways]:
2019/10/17-14:56:12.315414 7fbc2cd30700               Options.comparator: leveldb.BytewiseComparator
2019/10/17-14:56:12.315414 7fbc2cd30700           Options.merge_operator: None
2019/10/17-14:56:12.315415 7fbc2cd30700        Options.compaction_filter: None
2019/10/17-14:56:12.315416 7fbc2cd30700        Options.compaction_filter_factory: None
2019/10/17-14:56:12.315416 7fbc2cd30700         Options.memtable_factory: SkipListFactory
2019/10/17-14:56:12.315417 7fbc2cd30700            Options.table_factory: BlockBasedTable
2019/10/17-14:56:12.315426 7fbc2cd30700            table_factory options:   flush_block_policy_factory: FlushBlockBySizePolicyFactory (0x7fbbb80224e0)
  cache_index_and_filter_blocks: 0
  cache_index_and_filter_blocks_with_high_priority: 0
  pin_l0_filter_and_index_blocks_in_cache: 0
  pin_top_level_index_and_filter: 1
  index_type: 0
  hash_index_allow_collision: 1
  checksum: 1
  no_block_cache: 0
  block_cache: 0x7fbbb80326c0
  block_cache_name: LRUCache
  block_cache_options:
    capacity : 8388608
    num_shard_bits : 4
    strict_capacity_limit : 0
    memory_allocator : None
    high_pri_pool_ratio: 0.000
  block_cache_compressed: (nil)
  persistent_cache: (nil)
  block_size: 4096
  block_size_deviation: 10
  block_restart_interval: 16
  index_block_restart_interval: 1
  metadata_block_size: 4096
  partition_filters: 0
  use_delta_encoding: 1
  filter_policy: nullptr
  whole_key_filtering: 1
  verify_compression: 0
  read_amp_bytes_per_bit: 0
  format_version: 2
  enable_index_compression: 1
  block_align: 0
2019/10/17-14:56:12.315432 7fbc2cd30700        Options.write_buffer_size: 67108864
2019/10/17-14:56:12.315433 7fbc2cd30700  Options.max_write_buffer_number: 2
2019/10/17-14:56:12.315434 7fbc2cd30700          Options.compression: NoCompression
2019/10/17-14:56:12.315434 7fbc2cd30700                  Options.bottommost_compression: Disabled
2019/10/17-14:56:12.315435 7fbc2cd30700       Options.prefix_extractor: nullptr
2019/10/17-14:56:12.315436 7fbc2cd30700   Options.memtable_insert_with_hint_prefix_extractor: nullptr
2019/10/17-14:56:12.315436 7fbc2cd30700             Options.num_levels: 7
2019/10/17-14:56:12.315437 7fbc2cd30700        Options.min_write_buffer_number_to_merge: 1
2019/10/17-14:56:12.315438 7fbc2cd30700     Options.max_write_buffer_number_to_maintain: 0
2019/10/17-14:56:12.315438 7fbc2cd30700            Options.bottommost_compression_opts.window_bits: -14
2019/10/17-14:56:12.315439 7fbc2cd30700                  Options.bottommost_compression_opts.level: 32767
2019/10/17-14:56:12.315440 7fbc2cd30700               Options.bottommost_compression_opts.strategy: 0
2019/10/17-14:56:12.315440 7fbc2cd30700         Options.bottommost_compression_opts.max_dict_bytes: 0
2019/10/17-14:56:12.315441 7fbc2cd30700         Options.bottommost_compression_opts.zstd_max_train_bytes: 0
2019/10/17-14:56:12.315442 7fbc2cd30700                  Options.bottommost_compression_opts.enabled: false
2019/10/17-14:56:12.315442 7fbc2cd30700            Options.compression_opts.window_bits: -14
2019/10/17-14:56:12.315443 7fbc2cd30700                  Options.compression_opts.level: 32767
2019/10/17-14:56:12.315444 7fbc2cd30700               Options.compression_opts.strategy: 0
2019/10/17-14:56:12.315444 7fbc2cd30700         Options.compression_opts.max_dict_bytes: 0
2019/10/17-14:56:12.315445 7fbc2cd30700         Options.compression_opts.zstd_max_train_bytes: 0
2019/10/17-14:56:12.315445 7fbc2cd30700                  Options.compression_opts.enabled: false
2019/10/17-14:56:12.315446 7fbc2cd30700      Options.level0_file_num_compaction_trigger: 4
2019/10/17-14:56:12.315447 7fbc2cd30700          Options.level0_slowdown_writes_trigger: 20
2019/10/17-14:56:12.315447 7fbc2cd30700              Options.level0_stop_writes_trigger: 36
2019/10/17-14:56:12.315448 7fbc2cd30700                   Options.target_file_size_base: 67108864
2019/10/17-14:56:12.315449 7fbc2cd30700             Options.target_file_size_multiplier: 1
2019/10/17-14:56:12.315449 7fbc2cd30700                Options.max_bytes_for_level_base: 268435456
2019/10/17-14:56:12.315450 7fbc2cd30700 Options.level_compaction_dynamic_level_bytes: 0
2019/10/17-14:56:12.315451 7fbc2cd30700          Options.max_bytes_for_level_multiplier: 10.000000
2019/10/17-14:56:12.315452 7fbc2cd30700 Options.max_bytes_for_level_multiplier_addtl[0]: 1
2019/10/17-14:56:12.315453 7fbc2cd30700 Options.max_bytes_for_level_multiplier_addtl[1]: 1
2019/10/17-14:56:12.315453 7fbc2cd30700 Options.max_bytes_for_level_multiplier_addtl[2]: 1
2019/10/17-14:56:12.315454 7fbc2cd30700 Options.max_bytes_for_level_multiplier_addtl[3]: 1
2019/10/17-14:56:12.315455 7fbc2cd30700 Options.max_bytes_for_level_multiplier_addtl[4]: 1
2019/10/17-14:56:12.315455 7fbc2cd30700 Options.max_bytes_for_level_multiplier_addtl[5]: 1
2019/10/17-14:56:12.315456 7fbc2cd30700 Options.max_bytes_for_level_multiplier_addtl[6]: 1
2019/10/17-14:56:12.315457 7fbc2cd30700       Options.max_sequential_skip_in_iterations: 8
2019/10/17-14:56:12.315460 7fbc2cd30700                    Options.max_compaction_bytes: 1677721600
2019/10/17-14:56:12.315461 7fbc2cd30700                        Options.arena_block_size: 8388608
2019/10/17-14:56:12.315462 7fbc2cd30700   Options.soft_pending_compaction_bytes_limit: 68719476736
2019/10/17-14:56:12.315462 7fbc2cd30700   Options.hard_pending_compaction_bytes_limit: 274877906944
2019/10/17-14:56:12.315463 7fbc2cd30700       Options.rate_limit_delay_max_milliseconds: 100
2019/10/17-14:56:12.315464 7fbc2cd30700                Options.disable_auto_compactions: 0
2019/10/17-14:56:12.315465 7fbc2cd30700                        Options.compaction_style: kCompactionStyleLevel
2019/10/17-14:56:12.315465 7fbc2cd30700                          Options.compaction_pri: kByCompensatedSize
2019/10/17-14:56:12.315466 7fbc2cd30700 Options.compaction_options_universal.size_ratio: 1
2019/10/17-14:56:12.315467 7fbc2cd30700 Options.compaction_options_universal.min_merge_width: 2
2019/10/17-14:56:12.315467 7fbc2cd30700 Options.compaction_options_universal.max_merge_width: 4294967295
2019/10/17-14:56:12.315468 7fbc2cd30700 Options.compaction_options_universal.max_size_amplification_percent: 200
2019/10/17-14:56:12.315469 7fbc2cd30700 Options.compaction_options_universal.compression_size_percent: -1
2019/10/17-14:56:12.315470 7fbc2cd30700 Options.compaction_options_universal.stop_style: kCompactionStopStyleTotalSize
2019/10/17-14:56:12.315470 7fbc2cd30700 Options.compaction_options_fifo.max_table_files_size: 1073741824
2019/10/17-14:56:12.315471 7fbc2cd30700 Options.compaction_options_fifo.allow_compaction: 0
2019/10/17-14:56:12.315472 7fbc2cd30700 Options.compaction_options_fifo.ttl: 0
2019/10/17-14:56:12.315472 7fbc2cd30700                   Options.table_properties_collectors: 
2019/10/17-14:56:12.315473 7fbc2cd30700                   Options.inplace_update_support: 0
2019/10/17-14:56:12.315474 7fbc2cd30700                 Options.inplace_update_num_locks: 10000
2019/10/17-14:56:12.315474 7fbc2cd30700               Options.memtable_prefix_bloom_size_ratio: 0.000000
2019/10/17-14:56:12.315475 7fbc2cd30700   Options.memtable_huge_page_size: 0
2019/10/17-14:56:12.315476 7fbc2cd30700                           Options.bloom_locality: 0
2019/10/17-14:56:12.315477 7fbc2cd30700                    Options.max_successive_merges: 0
2019/10/17-14:56:12.315477 7fbc2cd30700                Options.optimize_filters_for_hits: 0
2019/10/17-14:56:12.315478 7fbc2cd30700                Options.paranoid_file_checks: 0
2019/10/17-14:56:12.315479 7fbc2cd30700                Options.force_consistency_checks: 0
2019/10/17-14:56:12.315479 7fbc2cd30700                Options.report_bg_io_stats: 0
2019/10/17-14:56:12.315480 7fbc2cd30700                               Options.ttl: 0
2019/10/17-14:56:12.315494 7fbc2cd30700 [db/column_family.cc:472] --------------- Options for column family [entries]:
2019/10/17-14:56:12.315495 7fbc2cd30700               Options.comparator: leveldb.BytewiseComparator
2019/10/17-14:56:12.315496 7fbc2cd30700           Options.merge_operator: None
2019/10/17-14:56:12.315496 7fbc2cd30700        Options.compaction_filter: None
2019/10/17-14:56:12.315497 7fbc2cd30700        Options.compaction_filter_factory: None
2019/10/17-14:56:12.315498 7fbc2cd30700         Options.memtable_factory: SkipListFactory
2019/10/17-14:56:12.315498 7fbc2cd30700            Options.table_factory: BlockBasedTable
2019/10/17-14:56:12.315507 7fbc2cd30700            table_factory options:   flush_block_policy_factory: FlushBlockBySizePolicyFactory (0x7fbbb8064890)
  cache_index_and_filter_blocks: 0
  cache_index_and_filter_blocks_with_high_priority: 0
  pin_l0_filter_and_index_blocks_in_cache: 0
  pin_top_level_index_and_filter: 1
  index_type: 0
  hash_index_allow_collision: 1
  checksum: 1
  no_block_cache: 0
  block_cache: 0x7fbbb80ee5e0
  block_cache_name: LRUCache
  block_cache_options:
    capacity : 8388608
    num_shard_bits : 4
    strict_capacity_limit : 0
    memory_allocator : None
    high_pri_pool_ratio: 0.000
  block_cache_compressed: (nil)
  persistent_cache: (nil)
  block_size: 4096
  block_size_deviation: 10
  block_restart_interval: 16
  index_block_restart_interval: 1
  metadata_block_size: 4096
  partition_filters: 0
  use_delta_encoding: 1
  filter_policy: nullptr
  whole_key_filtering: 1
  verify_compression: 0
  read_amp_bytes_per_bit: 0
  format_version: 2
  enable_index_compression: 1
  block_align: 0
2019/10/17-14:56:12.315512 7fbc2cd30700        Options.write_buffer_size: 67108864
2019/10/17-14:56:12.315513 7fbc2cd30700  Options.max_write_buffer_number: 2
2019/10/17-14:56:12.315513 7fbc2cd30700          Options.compression: NoCompression
2019/10/17-14:56:12.315514 7fbc2cd30700                  Options.bottommost_compression: Disabled
2019/10/17-14:56:12.315515 7fbc2cd30700       Options.prefix_extractor: nullptr
2019/10/17-14:56:12.315515 7fbc2cd30700   Options.memtable_insert_with_hint_prefix_extractor: nullptr
2019/10/17-14:56:12.315516 7fbc2cd30700             Options.num_levels: 7
2019/10/17-14:56:12.315516 7fbc2cd30700        Options.min_write_buffer_number_to_merge: 1
2019/10/17-14:56:12.315517 7fbc2cd30700     Options.max_write_buffer_number_to_maintain: 0
2019/10/17-14:56:12.315518 7fbc2cd30700            Options.bottommost_compression_opts.window_bits: -14
2019/10/17-14:56:12.315518 7fbc2cd30700                  Options.bottommost_compression_opts.level: 32767
2019/10/17-14:56:12.315519 7fbc2cd30700               Options.bottommost_compression_opts.strategy: 0
2019/10/17-14:56:12.315520 7fbc2cd30700         Options.bottommost_compression_opts.max_dict_bytes: 0
2019/10/17-14:56:12.315520 7fbc2cd30700         Options.bottommost_compression_opts.zstd_max_train_bytes: 0
2019/10/17-14:56:12.315521 7fbc2cd30700                  Options.bottommost_compression_opts.enabled: false
2019/10/17-14:56:12.315522 7fbc2cd30700            Options.compression_opts.window_bits: -14
2019/10/17-14:56:12.315522 7fbc2cd30700                  Options.compression_opts.level: 32767
2019/10/17-14:56:12.315523 7fbc2cd30700               Options.compression_opts.strategy: 0
2019/10/17-14:56:12.315523 7fbc2cd30700         Options.compression_opts.max_dict_bytes: 0
2019/10/17-14:56:12.315524 7fbc2cd30700         Options.compression_opts.zstd_max_train_bytes: 0
2019/10/17-14:56:12.315525 7fbc2cd30700                  Options.compression_opts.enabled: false
2019/10/17-14:56:12.315525 7fbc2cd30700      Options.level0_file_num_compaction_trigger: 4
2019/10/17-14:56:12.315526 7fbc2cd30700          Options.level0_slowdown_writes_trigger: 20
2019/10/17-14:56:12.315527 7fbc2cd30700              Options.level0_stop_writes_trigger: 36
2019/10/17-14:56:12.315527 7fbc2cd30700                   Options.target_file_size_base: 67108864
2019/10/17-14:56:12.315528 7fbc2cd30700             Options.target_file_size_multiplier: 1
2019/10/17-14:56:12.315529 7fbc2cd30700                Options.max_bytes_for_level_base: 268435456
2019/10/17-14:56:12.315529 7fbc2cd30700 Options.level_compaction_dynamic_level_bytes: 0
2019/10/17-14:56:12.315530 7fbc2cd30700          Options.max_bytes_for_level_multiplier: 10.000000
2019/10/17-14:56:12.315531 7fbc2cd30700 Options.max_bytes_for_level_multiplier_addtl[0]: 1
2019/10/17-14:56:12.315532 7fbc2cd30700 Options.max_bytes_for_level_multiplier_addtl[1]: 1
2019/10/17-14:56:12.315532 7fbc2cd30700 Options.max_bytes_for_level_multiplier_addtl[2]: 1
2019/10/17-14:56:12.315533 7fbc2cd30700 Options.max_bytes_for_level_multiplier_addtl[3]: 1
2019/10/17-14:56:12.315534 7fbc2cd30700 Options.max_bytes_for_level_multiplier_addtl[4]: 1
2019/10/17-14:56:12.315534 7fbc2cd30700 Options.max_bytes_for_level_multiplier_addtl[5]: 1
2019/10/17-14:56:12.315535 7fbc2cd30700 Options.max_bytes_for_level_multiplier_addtl[6]: 1
2019/10/17-14:56:12.315536 7fbc2cd30700       Options.max_sequential_skip_in_iterations: 8
2019/10/17-14:56:12.315536 7fbc2cd30700                    Options.max_compaction_bytes: 1677721600
2019/10/17-14:56:12.315537 7fbc2cd30700                        Options.arena_block_size: 8388608
2019/10/17-14:56:12.315538 7fbc2cd30700   Options.soft_pending_compaction_bytes_limit: 68719476736
2019/10/17-14:56:12.315542 7fbc2cd30700   Options.hard_pending_compaction_bytes_limit: 274877906944
2019/10/17-14:56:12.315542 7fbc2cd30700       Options.rate_limit_delay_max_milliseconds: 100
2019/10/17-14:56:12.315543 7fbc2cd30700                Options.disable_auto_compactions: 0
2019/10/17-14:56:12.315544 7fbc2cd30700                        Options.compaction_style: kCompactionStyleLevel
2019/10/17-14:56:12.315544 7fbc2cd30700                          Options.compaction_pri: kByCompensatedSize
2019/10/17-14:56:12.315545 7fbc2cd30700 Options.compaction_options_universal.size_ratio: 1
2019/10/17-14:56:12.315546 7fbc2cd30700 Options.compaction_options_universal.min_merge_width: 2
2019/10/17-14:56:12.315546 7fbc2cd30700 Options.compaction_options_universal.max_merge_width: 4294967295
2019/10/17-14:56:12.315547 7fbc2cd30700 Options.compaction_options_universal.max_size_amplification_percent: 200
2019/10/17-14:56:12.315548 7fbc2cd30700 Options.compaction_options_universal.compression_size_percent: -1
2019/10/17-14:56:12.315549 7fbc2cd30700 Options.compaction_options_universal.stop_style: kCompactionStopStyleTotalSize
2019/10/17-14:56:12.315549 7fbc2cd30700 Options.compaction_options_fifo.max_table_files_size: 1073741824
2019/10/17-14:56:12.315550 7fbc2cd30700 Options.compaction_options_fifo.allow_compaction: 0
2019/10/17-14:56:12.315551 7fbc2cd30700 Options.compaction_options_fifo.ttl: 0
2019/10/17-14:56:12.315551 7fbc2cd30700                   Options.table_properties_collectors: 
2019/10/17-14:56:12.315552 7fbc2cd30700                   Options.inplace_update_support: 0
2019/10/17-14:56:12.315553 7fbc2cd30700                 Options.inplace_update_num_locks: 10000
2019/10/17-14:56:12.315553 7fbc2cd30700               Options.memtable_prefix_bloom_size_ratio: 0.000000
2019/10/17-14:56:12.315554 7fbc2cd30700   Options.memtable_huge_page_size: 0
2019/10/17-14:56:12.315555 7fbc2cd30700                           Options.bloom_locality: 0
2019/10/17-14:56:12.315555 7fbc2cd30700                    Options.max_successive_merges: 0
2019/10/17-14:56:12.315556 7fbc2cd30700                Options.optimize_filters_for_hits: 0
2019/10/17-14:56:12.315557 7fbc2cd30700                Options.paranoid_file_checks: 0
2019/10/17-14:56:12.315557 7fbc2cd30700                Options.force_consistency_checks: 0
2019/10/17-14:56:12.315558 7fbc2cd30700                Options.report_bg_io_stats: 0
2019/10/17-14:56:12.315559 7fbc2cd30700                               Options.ttl: 0
2019/10/17-14:56:12.315572 7fbc2cd30700 [db/column_family.cc:472] --------------- Options for column family [dc_entries]:
2019/10/17-14:56:12.315573 7fbc2cd30700               Options.comparator: leveldb.BytewiseComparator
2019/10/17-14:56:12.315573 7fbc2cd30700           Options.merge_operator: None
2019/10/17-14:56:12.315574 7fbc2cd30700        Options.compaction_filter: None
2019/10/17-14:56:12.315575 7fbc2cd30700        Options.compaction_filter_factory: None
2019/10/17-14:56:12.315575 7fbc2cd30700         Options.memtable_factory: SkipListFactory
2019/10/17-14:56:12.315576 7fbc2cd30700            Options.table_factory: BlockBasedTable
2019/10/17-14:56:12.315584 7fbc2cd30700            table_factory options:   flush_block_policy_factory: FlushBlockBySizePolicyFactory (0x7fbbb80edac0)
  cache_index_and_filter_blocks: 0
  cache_index_and_filter_blocks_with_high_priority: 0
  pin_l0_filter_and_index_blocks_in_cache: 0
  pin_top_level_index_and_filter: 1
  index_type: 0
  hash_index_allow_collision: 1
  checksum: 1
  no_block_cache: 0
  block_cache: 0x7fbbb80ed250
  block_cache_name: LRUCache
  block_cache_options:
    capacity : 8388608
    num_shard_bits : 4
    strict_capacity_limit : 0
    memory_allocator : None
    high_pri_pool_ratio: 0.000
  block_cache_compressed: (nil)
  persistent_cache: (nil)
  block_size: 4096
  block_size_deviation: 10
  block_restart_interval: 16
  index_block_restart_interval: 1
  metadata_block_size: 4096
  partition_filters: 0
  use_delta_encoding: 1
  filter_policy: nullptr
  whole_key_filtering: 1
  verify_compression: 0
  read_amp_bytes_per_bit: 0
  format_version: 2
  enable_index_compression: 1
  block_align: 0
2019/10/17-14:56:12.315590 7fbc2cd30700        Options.write_buffer_size: 67108864
2019/10/17-14:56:12.315590 7fbc2cd30700  Options.max_write_buffer_number: 2
2019/10/17-14:56:12.315591 7fbc2cd30700          Options.compression: NoCompression
2019/10/17-14:56:12.315592 7fbc2cd30700                  Options.bottommost_compression: Disabled
2019/10/17-14:56:12.315592 7fbc2cd30700       Options.prefix_extractor: nullptr
2019/10/17-14:56:12.315593 7fbc2cd30700   Options.memtable_insert_with_hint_prefix_extractor: nullptr
2019/10/17-14:56:12.315594 7fbc2cd30700             Options.num_levels: 7
2019/10/17-14:56:12.315594 7fbc2cd30700        Options.min_write_buffer_number_to_merge: 1
2019/10/17-14:56:12.315595 7fbc2cd30700     Options.max_write_buffer_number_to_maintain: 0
2019/10/17-14:56:12.315596 7fbc2cd30700            Options.bottommost_compression_opts.window_bits: -14
2019/10/17-14:56:12.315596 7fbc2cd30700                  Options.bottommost_compression_opts.level: 32767
2019/10/17-14:56:12.315597 7fbc2cd30700               Options.bottommost_compression_opts.strategy: 0
2019/10/17-14:56:12.315598 7fbc2cd30700         Options.bottommost_compression_opts.max_dict_bytes: 0
2019/10/17-14:56:12.315598 7fbc2cd30700         Options.bottommost_compression_opts.zstd_max_train_bytes: 0
2019/10/17-14:56:12.315599 7fbc2cd30700                  Options.bottommost_compression_opts.enabled: false
2019/10/17-14:56:12.315600 7fbc2cd30700            Options.compression_opts.window_bits: -14
2019/10/17-14:56:12.315600 7fbc2cd30700                  Options.compression_opts.level: 32767
2019/10/17-14:56:12.315601 7fbc2cd30700               Options.compression_opts.strategy: 0
2019/10/17-14:56:12.315602 7fbc2cd30700         Options.compression_opts.max_dict_bytes: 0
2019/10/17-14:56:12.315602 7fbc2cd30700         Options.compression_opts.zstd_max_train_bytes: 0
2019/10/17-14:56:12.315603 7fbc2cd30700                  Options.compression_opts.enabled: false
2019/10/17-14:56:12.315603 7fbc2cd30700      Options.level0_file_num_compaction_trigger: 4
2019/10/17-14:56:12.315604 7fbc2cd30700          Options.level0_slowdown_writes_trigger: 20
2019/10/17-14:56:12.315605 7fbc2cd30700              Options.level0_stop_writes_trigger: 36
2019/10/17-14:56:12.315605 7fbc2cd30700                   Options.target_file_size_base: 67108864
2019/10/17-14:56:12.315606 7fbc2cd30700             Options.target_file_size_multiplier: 1
2019/10/17-14:56:12.315607 7fbc2cd30700                Options.max_bytes_for_level_base: 268435456
2019/10/17-14:56:12.315607 7fbc2cd30700 Options.level_compaction_dynamic_level_bytes: 0
2019/10/17-14:56:12.315608 7fbc2cd30700          Options.max_bytes_for_level_multiplier: 10.000000
2019/10/17-14:56:12.315609 7fbc2cd30700 Options.max_bytes_for_level_multiplier_addtl[0]: 1
2019/10/17-14:56:12.315610 7fbc2cd30700 Options.max_bytes_for_level_multiplier_addtl[1]: 1
2019/10/17-14:56:12.315610 7fbc2cd30700 Options.max_bytes_for_level_multiplier_addtl[2]: 1
2019/10/17-14:56:12.315611 7fbc2cd30700 Options.max_bytes_for_level_multiplier_addtl[3]: 1
2019/10/17-14:56:12.315612 7fbc2cd30700 Options.max_bytes_for_level_multiplier_addtl[4]: 1
2019/10/17-14:56:12.315612 7fbc2cd30700 Options.max_bytes_for_level_multiplier_addtl[5]: 1
2019/10/17-14:56:12.315613 7fbc2cd30700 Options.max_bytes_for_level_multiplier_addtl[6]: 1
2019/10/17-14:56:12.315614 7fbc2cd30700       Options.max_sequential_skip_in_iterations: 8
2019/10/17-14:56:12.315614 7fbc2cd30700                    Options.max_compaction_bytes: 1677721600
2019/10/17-14:56:12.315615 7fbc2cd30700                        Options.arena_block_size: 8388608
2019/10/17-14:56:12.315616 7fbc2cd30700   Options.soft_pending_compaction_bytes_limit: 68719476736
2019/10/17-14:56:12.315616 7fbc2cd30700   Options.hard_pending_compaction_bytes_limit: 274877906944
2019/10/17-14:56:12.315617 7fbc2cd30700       Options.rate_limit_delay_max_milliseconds: 100
2019/10/17-14:56:12.315618 7fbc2cd30700                Options.disable_auto_compactions: 0
2019/10/17-14:56:12.315622 7fbc2cd30700                        Options.compaction_style: kCompactionStyleLevel
2019/10/17-14:56:12.315623 7fbc2cd30700                          Options.compaction_pri: kByCompensatedSize
2019/10/17-14:56:12.315623 7fbc2cd30700 Options.compaction_options_universal.size_ratio: 1
2019/10/17-14:56:12.315624 7fbc2cd30700 Options.compaction_options_universal.min_merge_width: 2
2019/10/17-14:56:12.315625 7fbc2cd30700 Options.compaction_options_universal.max_merge_width: 4294967295
2019/10/17-14:56:12.315625 7fbc2cd30700 Options.compaction_options_universal.max_size_amplification_percent: 200
2019/10/17-14:56:12.315626 7fbc2cd30700 Options.compaction_options_universal.compression_size_percent: -1
2019/10/17-14:56:12.315627 7fbc2cd30700 Options.compaction_options_universal.stop_style: kCompactionStopStyleTotalSize
2019/10/17-14:56:12.315627 7fbc2cd30700 Options.compaction_options_fifo.max_table_files_size: 1073741824
2019/10/17-14:56:12.315628 7fbc2cd30700 Options.compaction_options_fifo.allow_compaction: 0
2019/10/17-14:56:12.315629 7fbc2cd30700 Options.compaction_options_fifo.ttl: 0
2019/10/17-14:56:12.315629 7fbc2cd30700                   Options.table_properties_collectors: 
2019/10/17-14:56:12.315630 7fbc2cd30700                   Options.inplace_update_support: 0
2019/10/17-14:56:12.315631 7fbc2cd30700                 Options.inplace_update_num_locks: 10000
2019/10/17-14:56:12.315631 7fbc2cd30700               Options.memtable_prefix_bloom_size_ratio: 0.000000
2019/10/17-14:56:12.315632 7fbc2cd30700   Options.memtable_huge_page_size: 0
2019/10/17-14:56:12.315633 7fbc2cd30700                           Options.bloom_locality: 0
2019/10/17-14:56:12.315634 7fbc2cd30700                    Options.max_successive_merges: 0
2019/10/17-14:56:12.315634 7fbc2cd30700                Options.optimize_filters_for_hits: 0
2019/10/17-14:56:12.315635 7fbc2cd30700                Options.paranoid_file_checks: 0
2019/10/17-14:56:12.315636 7fbc2cd30700                Options.force_consistency_checks: 0
2019/10/17-14:56:12.315636 7fbc2cd30700                Options.report_bg_io_stats: 0
2019/10/17-14:56:12.315637 7fbc2cd30700                               Options.ttl: 0
2019/10/17-14:56:12.315647 7fbc2cd30700 [db/column_family.cc:472] --------------- Options for column family [htlcs]:
2019/10/17-14:56:12.315648 7fbc2cd30700               Options.comparator: leveldb.BytewiseComparator
2019/10/17-14:56:12.315649 7fbc2cd30700           Options.merge_operator: None
2019/10/17-14:56:12.315650 7fbc2cd30700        Options.compaction_filter: None
2019/10/17-14:56:12.315650 7fbc2cd30700        Options.compaction_filter_factory: None
2019/10/17-14:56:12.315651 7fbc2cd30700         Options.memtable_factory: SkipListFactory
2019/10/17-14:56:12.315652 7fbc2cd30700            Options.table_factory: BlockBasedTable
2019/10/17-14:56:12.315660 7fbc2cd30700            table_factory options:   flush_block_policy_factory: FlushBlockBySizePolicyFactory (0x7fbbb80952c0)
