2019/10/17-14:54:15.340576 7fc3a9fcb700 RocksDB version: 5.18.3
2019/10/17-14:54:15.340756 7fc3a9fcb700 Git sha rocksdb_build_git_sha:@0@
2019/10/17-14:54:15.340758 7fc3a9fcb700 Compile date Sep 19 2019
2019/10/17-14:54:15.340759 7fc3a9fcb700 DB SUMMARY
2019/10/17-14:54:15.341325 7fc3a9fcb700 CURRENT file:  CURRENT
2019/10/17-14:54:15.341327 7fc3a9fcb700 IDENTITY file:  IDENTITY
2019/10/17-14:54:15.341350 7fc3a9fcb700 MANIFEST file:  MANIFEST-114919 size: 4114 Bytes
2019/10/17-14:54:15.341351 7fc3a9fcb700 SST files in /home/rahul/dev/blockchain-core/eqc/ledger.db dir, Total Num: 29, files: 000624.sst 000627.sst 106940.sst 108447.sst 108450.sst 109471.sst 109483.sst 109485.sst 109486.sst 
2019/10/17-14:54:15.341352 7fc3a9fcb700 Write Ahead Log file in /home/rahul/dev/blockchain-core/eqc/ledger.db: 114920.log size: 0 ; 
2019/10/17-14:54:15.341378 7fc3a9fcb700                         Options.error_if_exists: 0
2019/10/17-14:54:15.341379 7fc3a9fcb700                       Options.create_if_missing: 1
2019/10/17-14:54:15.341380 7fc3a9fcb700                         Options.paranoid_checks: 1
2019/10/17-14:54:15.341381 7fc3a9fcb700                                     Options.env: 0x7fc32ae1fc60
2019/10/17-14:54:15.341381 7fc3a9fcb700                                Options.info_log: 0x7fc35008fda0
2019/10/17-14:54:15.341382 7fc3a9fcb700                Options.max_file_opening_threads: 16
2019/10/17-14:54:15.341383 7fc3a9fcb700                              Options.statistics: (nil)
2019/10/17-14:54:15.341383 7fc3a9fcb700                               Options.use_fsync: 0
2019/10/17-14:54:15.341384 7fc3a9fcb700                       Options.max_log_file_size: 0
2019/10/17-14:54:15.341385 7fc3a9fcb700                  Options.max_manifest_file_size: 1073741824
2019/10/17-14:54:15.341385 7fc3a9fcb700                   Options.log_file_time_to_roll: 0
2019/10/17-14:54:15.341386 7fc3a9fcb700                       Options.keep_log_file_num: 1000
2019/10/17-14:54:15.341386 7fc3a9fcb700                    Options.recycle_log_file_num: 0
2019/10/17-14:54:15.341387 7fc3a9fcb700                         Options.allow_fallocate: 1
2019/10/17-14:54:15.341388 7fc3a9fcb700                        Options.allow_mmap_reads: 0
2019/10/17-14:54:15.341388 7fc3a9fcb700                       Options.allow_mmap_writes: 0
2019/10/17-14:54:15.341389 7fc3a9fcb700                        Options.use_direct_reads: 0
2019/10/17-14:54:15.341389 7fc3a9fcb700                        Options.use_direct_io_for_flush_and_compaction: 0
2019/10/17-14:54:15.341390 7fc3a9fcb700          Options.create_missing_column_families: 0
2019/10/17-14:54:15.341390 7fc3a9fcb700                              Options.db_log_dir: 
2019/10/17-14:54:15.341391 7fc3a9fcb700                                 Options.wal_dir: /home/rahul/dev/blockchain-core/eqc/ledger.db
2019/10/17-14:54:15.341392 7fc3a9fcb700                Options.table_cache_numshardbits: 6
2019/10/17-14:54:15.341392 7fc3a9fcb700                      Options.max_subcompactions: 1
2019/10/17-14:54:15.341393 7fc3a9fcb700                  Options.max_background_flushes: -1
2019/10/17-14:54:15.341393 7fc3a9fcb700                         Options.WAL_ttl_seconds: 0
2019/10/17-14:54:15.341394 7fc3a9fcb700                       Options.WAL_size_limit_MB: 0
2019/10/17-14:54:15.341395 7fc3a9fcb700             Options.manifest_preallocation_size: 4194304
2019/10/17-14:54:15.341395 7fc3a9fcb700                     Options.is_fd_close_on_exec: 1
2019/10/17-14:54:15.341396 7fc3a9fcb700                   Options.advise_random_on_open: 1
2019/10/17-14:54:15.341396 7fc3a9fcb700                    Options.db_write_buffer_size: 0
2019/10/17-14:54:15.341397 7fc3a9fcb700                    Options.write_buffer_manager: 0x7fc35003c530
2019/10/17-14:54:15.341397 7fc3a9fcb700         Options.access_hint_on_compaction_start: 1
2019/10/17-14:54:15.341398 7fc3a9fcb700  Options.new_table_reader_for_compaction_inputs: 0
2019/10/17-14:54:15.341399 7fc3a9fcb700           Options.random_access_max_buffer_size: 1048576
2019/10/17-14:54:15.341399 7fc3a9fcb700                      Options.use_adaptive_mutex: 0
2019/10/17-14:54:15.341400 7fc3a9fcb700                            Options.rate_limiter: (nil)
2019/10/17-14:54:15.341406 7fc3a9fcb700     Options.sst_file_manager.rate_bytes_per_sec: 0
2019/10/17-14:54:15.341407 7fc3a9fcb700                       Options.wal_recovery_mode: 2
2019/10/17-14:54:15.341408 7fc3a9fcb700                  Options.enable_thread_tracking: 0
2019/10/17-14:54:15.341408 7fc3a9fcb700                  Options.enable_pipelined_write: 0
2019/10/17-14:54:15.341409 7fc3a9fcb700         Options.allow_concurrent_memtable_write: 1
2019/10/17-14:54:15.341410 7fc3a9fcb700      Options.enable_write_thread_adaptive_yield: 1
2019/10/17-14:54:15.341410 7fc3a9fcb700             Options.write_thread_max_yield_usec: 100
2019/10/17-14:54:15.341411 7fc3a9fcb700            Options.write_thread_slow_yield_usec: 3
2019/10/17-14:54:15.341411 7fc3a9fcb700                               Options.row_cache: None
2019/10/17-14:54:15.341412 7fc3a9fcb700                              Options.wal_filter: None
2019/10/17-14:54:15.341413 7fc3a9fcb700             Options.avoid_flush_during_recovery: 0
2019/10/17-14:54:15.341413 7fc3a9fcb700             Options.allow_ingest_behind: 0
2019/10/17-14:54:15.341414 7fc3a9fcb700             Options.preserve_deletes: 0
2019/10/17-14:54:15.341414 7fc3a9fcb700             Options.two_write_queues: 0
2019/10/17-14:54:15.341415 7fc3a9fcb700             Options.manual_wal_flush: 0
2019/10/17-14:54:15.341415 7fc3a9fcb700             Options.max_background_jobs: 2
2019/10/17-14:54:15.341416 7fc3a9fcb700             Options.max_background_compactions: -1
2019/10/17-14:54:15.341417 7fc3a9fcb700             Options.avoid_flush_during_shutdown: 0
2019/10/17-14:54:15.341417 7fc3a9fcb700           Options.writable_file_max_buffer_size: 1048576
2019/10/17-14:54:15.341418 7fc3a9fcb700             Options.delayed_write_rate : 16777216
2019/10/17-14:54:15.341418 7fc3a9fcb700             Options.max_total_wal_size: 0
2019/10/17-14:54:15.341419 7fc3a9fcb700             Options.delete_obsolete_files_period_micros: 21600000000
2019/10/17-14:54:15.341420 7fc3a9fcb700                   Options.stats_dump_period_sec: 600
2019/10/17-14:54:15.341420 7fc3a9fcb700                          Options.max_open_files: -1
2019/10/17-14:54:15.341421 7fc3a9fcb700                          Options.bytes_per_sync: 0
2019/10/17-14:54:15.341421 7fc3a9fcb700                      Options.wal_bytes_per_sync: 0
2019/10/17-14:54:15.341422 7fc3a9fcb700       Options.compaction_readahead_size: 0
2019/10/17-14:54:15.341423 7fc3a9fcb700 Compression algorithms supported:
2019/10/17-14:54:15.341423 7fc3a9fcb700 	kZSTDNotFinalCompression supported: 0
2019/10/17-14:54:15.341424 7fc3a9fcb700 	kZSTD supported: 0
2019/10/17-14:54:15.341425 7fc3a9fcb700 	kXpressCompression supported: 0
2019/10/17-14:54:15.341426 7fc3a9fcb700 	kLZ4HCCompression supported: 0
2019/10/17-14:54:15.341426 7fc3a9fcb700 	kLZ4Compression supported: 0
2019/10/17-14:54:15.341427 7fc3a9fcb700 	kBZip2Compression supported: 0
2019/10/17-14:54:15.341428 7fc3a9fcb700 	kZlibCompression supported: 0
2019/10/17-14:54:15.341428 7fc3a9fcb700 	kSnappyCompression supported: 0
2019/10/17-14:54:15.341430 7fc3a9fcb700 Fast CRC32 supported: Supported on x86
2019/10/17-14:54:15.341501 7fc3a9fcb700 [db/version_set.cc:3507] Recovering from manifest file: MANIFEST-114919
2019/10/17-14:54:15.341527 7fc3a9fcb700 [db/column_family.cc:472] --------------- Options for column family [default]:
2019/10/17-14:54:15.341529 7fc3a9fcb700               Options.comparator: leveldb.BytewiseComparator
2019/10/17-14:54:15.341529 7fc3a9fcb700           Options.merge_operator: None
2019/10/17-14:54:15.341530 7fc3a9fcb700        Options.compaction_filter: None
2019/10/17-14:54:15.341531 7fc3a9fcb700        Options.compaction_filter_factory: None
2019/10/17-14:54:15.341531 7fc3a9fcb700         Options.memtable_factory: SkipListFactory
2019/10/17-14:54:15.341532 7fc3a9fcb700            Options.table_factory: BlockBasedTable
2019/10/17-14:54:15.341543 7fc3a9fcb700            table_factory options:   flush_block_policy_factory: FlushBlockBySizePolicyFactory (0x7fc350067240)
  cache_index_and_filter_blocks: 0
  cache_index_and_filter_blocks_with_high_priority: 0
  pin_l0_filter_and_index_blocks_in_cache: 0
  pin_top_level_index_and_filter: 1
  index_type: 0
  hash_index_allow_collision: 1
  checksum: 1
  no_block_cache: 0
  block_cache: 0x7fc3500bf3a0
  block_cache_name: LRUCache
  block_cache_options:
    capacity : 8388608
    num_shard_bits : 4
    strict_capacity_limit : 0
    memory_allocator : None
    high_pri_pool_ratio: 0.000
  block_cache_compressed: (nil)
  persistent_cache: (nil)
  block_size: 4096
  block_size_deviation: 10
  block_restart_interval: 16
  index_block_restart_interval: 1
  metadata_block_size: 4096
  partition_filters: 0
  use_delta_encoding: 1
  filter_policy: nullptr
  whole_key_filtering: 1
  verify_compression: 0
  read_amp_bytes_per_bit: 0
  format_version: 2
  enable_index_compression: 1
  block_align: 0
2019/10/17-14:54:15.341549 7fc3a9fcb700        Options.write_buffer_size: 67108864
2019/10/17-14:54:15.341550 7fc3a9fcb700  Options.max_write_buffer_number: 2
2019/10/17-14:54:15.341551 7fc3a9fcb700          Options.compression: NoCompression
2019/10/17-14:54:15.341552 7fc3a9fcb700                  Options.bottommost_compression: Disabled
2019/10/17-14:54:15.341552 7fc3a9fcb700       Options.prefix_extractor: nullptr
2019/10/17-14:54:15.341553 7fc3a9fcb700   Options.memtable_insert_with_hint_prefix_extractor: nullptr
2019/10/17-14:54:15.341554 7fc3a9fcb700             Options.num_levels: 7
2019/10/17-14:54:15.341554 7fc3a9fcb700        Options.min_write_buffer_number_to_merge: 1
2019/10/17-14:54:15.341555 7fc3a9fcb700     Options.max_write_buffer_number_to_maintain: 0
2019/10/17-14:54:15.341555 7fc3a9fcb700            Options.bottommost_compression_opts.window_bits: -14
2019/10/17-14:54:15.341556 7fc3a9fcb700                  Options.bottommost_compression_opts.level: 32767
2019/10/17-14:54:15.341557 7fc3a9fcb700               Options.bottommost_compression_opts.strategy: 0
2019/10/17-14:54:15.341557 7fc3a9fcb700         Options.bottommost_compression_opts.max_dict_bytes: 0
2019/10/17-14:54:15.341558 7fc3a9fcb700         Options.bottommost_compression_opts.zstd_max_train_bytes: 0
2019/10/17-14:54:15.341558 7fc3a9fcb700                  Options.bottommost_compression_opts.enabled: false
2019/10/17-14:54:15.341559 7fc3a9fcb700            Options.compression_opts.window_bits: -14
2019/10/17-14:54:15.341560 7fc3a9fcb700                  Options.compression_opts.level: 32767
2019/10/17-14:54:15.341560 7fc3a9fcb700               Options.compression_opts.strategy: 0
2019/10/17-14:54:15.341561 7fc3a9fcb700         Options.compression_opts.max_dict_bytes: 0
2019/10/17-14:54:15.341561 7fc3a9fcb700         Options.compression_opts.zstd_max_train_bytes: 0
2019/10/17-14:54:15.341562 7fc3a9fcb700                  Options.compression_opts.enabled: false
2019/10/17-14:54:15.341562 7fc3a9fcb700      Options.level0_file_num_compaction_trigger: 4
2019/10/17-14:54:15.341563 7fc3a9fcb700          Options.level0_slowdown_writes_trigger: 20
2019/10/17-14:54:15.341564 7fc3a9fcb700              Options.level0_stop_writes_trigger: 36
2019/10/17-14:54:15.341564 7fc3a9fcb700                   Options.target_file_size_base: 67108864
2019/10/17-14:54:15.341565 7fc3a9fcb700             Options.target_file_size_multiplier: 1
2019/10/17-14:54:15.341565 7fc3a9fcb700                Options.max_bytes_for_level_base: 268435456
2019/10/17-14:54:15.341566 7fc3a9fcb700 Options.level_compaction_dynamic_level_bytes: 0
2019/10/17-14:54:15.341567 7fc3a9fcb700          Options.max_bytes_for_level_multiplier: 10.000000
2019/10/17-14:54:15.341568 7fc3a9fcb700 Options.max_bytes_for_level_multiplier_addtl[0]: 1
2019/10/17-14:54:15.341569 7fc3a9fcb700 Options.max_bytes_for_level_multiplier_addtl[1]: 1
2019/10/17-14:54:15.341569 7fc3a9fcb700 Options.max_bytes_for_level_multiplier_addtl[2]: 1
2019/10/17-14:54:15.341570 7fc3a9fcb700 Options.max_bytes_for_level_multiplier_addtl[3]: 1
2019/10/17-14:54:15.341570 7fc3a9fcb700 Options.max_bytes_for_level_multiplier_addtl[4]: 1
2019/10/17-14:54:15.341574 7fc3a9fcb700 Options.max_bytes_for_level_multiplier_addtl[5]: 1
2019/10/17-14:54:15.341575 7fc3a9fcb700 Options.max_bytes_for_level_multiplier_addtl[6]: 1
2019/10/17-14:54:15.341575 7fc3a9fcb700       Options.max_sequential_skip_in_iterations: 8
2019/10/17-14:54:15.341576 7fc3a9fcb700                    Options.max_compaction_bytes: 1677721600
2019/10/17-14:54:15.341577 7fc3a9fcb700                        Options.arena_block_size: 8388608
2019/10/17-14:54:15.341577 7fc3a9fcb700   Options.soft_pending_compaction_bytes_limit: 68719476736
2019/10/17-14:54:15.341578 7fc3a9fcb700   Options.hard_pending_compaction_bytes_limit: 274877906944
2019/10/17-14:54:15.341578 7fc3a9fcb700       Options.rate_limit_delay_max_milliseconds: 100
2019/10/17-14:54:15.341579 7fc3a9fcb700                Options.disable_auto_compactions: 0
2019/10/17-14:54:15.341580 7fc3a9fcb700                        Options.compaction_style: kCompactionStyleLevel
2019/10/17-14:54:15.341581 7fc3a9fcb700                          Options.compaction_pri: kByCompensatedSize
2019/10/17-14:54:15.341582 7fc3a9fcb700 Options.compaction_options_universal.size_ratio: 1
2019/10/17-14:54:15.341582 7fc3a9fcb700 Options.compaction_options_universal.min_merge_width: 2
2019/10/17-14:54:15.341583 7fc3a9fcb700 Options.compaction_options_universal.max_merge_width: 4294967295
2019/10/17-14:54:15.341583 7fc3a9fcb700 Options.compaction_options_universal.max_size_amplification_percent: 200
2019/10/17-14:54:15.341584 7fc3a9fcb700 Options.compaction_options_universal.compression_size_percent: -1
2019/10/17-14:54:15.341585 7fc3a9fcb700 Options.compaction_options_universal.stop_style: kCompactionStopStyleTotalSize
2019/10/17-14:54:15.341586 7fc3a9fcb700 Options.compaction_options_fifo.max_table_files_size: 1073741824
2019/10/17-14:54:15.341586 7fc3a9fcb700 Options.compaction_options_fifo.allow_compaction: 0
2019/10/17-14:54:15.341587 7fc3a9fcb700 Options.compaction_options_fifo.ttl: 0
2019/10/17-14:54:15.341587 7fc3a9fcb700                   Options.table_properties_collectors: 
2019/10/17-14:54:15.341588 7fc3a9fcb700                   Options.inplace_update_support: 0
2019/10/17-14:54:15.341588 7fc3a9fcb700                 Options.inplace_update_num_locks: 10000
2019/10/17-14:54:15.341589 7fc3a9fcb700               Options.memtable_prefix_bloom_size_ratio: 0.000000
2019/10/17-14:54:15.341590 7fc3a9fcb700   Options.memtable_huge_page_size: 0
2019/10/17-14:54:15.341591 7fc3a9fcb700                           Options.bloom_locality: 0
2019/10/17-14:54:15.341591 7fc3a9fcb700                    Options.max_successive_merges: 0
2019/10/17-14:54:15.341592 7fc3a9fcb700                Options.optimize_filters_for_hits: 0
2019/10/17-14:54:15.341592 7fc3a9fcb700                Options.paranoid_file_checks: 0
2019/10/17-14:54:15.341593 7fc3a9fcb700                Options.force_consistency_checks: 0
2019/10/17-14:54:15.341594 7fc3a9fcb700                Options.report_bg_io_stats: 0
2019/10/17-14:54:15.341594 7fc3a9fcb700                               Options.ttl: 0
2019/10/17-14:54:15.341616 7fc3a9fcb700 [db/column_family.cc:472] --------------- Options for column family [active_gateways]:
2019/10/17-14:54:15.341617 7fc3a9fcb700               Options.comparator: leveldb.BytewiseComparator
2019/10/17-14:54:15.341618 7fc3a9fcb700           Options.merge_operator: None
2019/10/17-14:54:15.341619 7fc3a9fcb700        Options.compaction_filter: None
2019/10/17-14:54:15.341619 7fc3a9fcb700        Options.compaction_filter_factory: None
2019/10/17-14:54:15.341620 7fc3a9fcb700         Options.memtable_factory: SkipListFactory
2019/10/17-14:54:15.341620 7fc3a9fcb700            Options.table_factory: BlockBasedTable
2019/10/17-14:54:15.341628 7fc3a9fcb700            table_factory options:   flush_block_policy_factory: FlushBlockBySizePolicyFactory (0x7fc35000ab00)
  cache_index_and_filter_blocks: 0
  cache_index_and_filter_blocks_with_high_priority: 0
  pin_l0_filter_and_index_blocks_in_cache: 0
  pin_top_level_index_and_filter: 1
  index_type: 0
  hash_index_allow_collision: 1
  checksum: 1
  no_block_cache: 0
  block_cache: 0x7fc35008d700
  block_cache_name: LRUCache
  block_cache_options:
    capacity : 8388608
    num_shard_bits : 4
    strict_capacity_limit : 0
    memory_allocator : None
    high_pri_pool_ratio: 0.000
  block_cache_compressed: (nil)
  persistent_cache: (nil)
  block_size: 4096
  block_size_deviation: 10
  block_restart_interval: 16
  index_block_restart_interval: 1
  metadata_block_size: 4096
  partition_filters: 0
  use_delta_encoding: 1
  filter_policy: nullptr
  whole_key_filtering: 1
  verify_compression: 0
  read_amp_bytes_per_bit: 0
  format_version: 2
  enable_index_compression: 1
  block_align: 0
2019/10/17-14:54:15.341633 7fc3a9fcb700        Options.write_buffer_size: 67108864
2019/10/17-14:54:15.341634 7fc3a9fcb700  Options.max_write_buffer_number: 2
2019/10/17-14:54:15.341635 7fc3a9fcb700          Options.compression: NoCompression
2019/10/17-14:54:15.341635 7fc3a9fcb700                  Options.bottommost_compression: Disabled
2019/10/17-14:54:15.341636 7fc3a9fcb700       Options.prefix_extractor: nullptr
2019/10/17-14:54:15.341637 7fc3a9fcb700   Options.memtable_insert_with_hint_prefix_extractor: nullptr
2019/10/17-14:54:15.341637 7fc3a9fcb700             Options.num_levels: 7
2019/10/17-14:54:15.341638 7fc3a9fcb700        Options.min_write_buffer_number_to_merge: 1
2019/10/17-14:54:15.341638 7fc3a9fcb700     Options.max_write_buffer_number_to_maintain: 0
2019/10/17-14:54:15.341639 7fc3a9fcb700            Options.bottommost_compression_opts.window_bits: -14
2019/10/17-14:54:15.341639 7fc3a9fcb700                  Options.bottommost_compression_opts.level: 32767
2019/10/17-14:54:15.341640 7fc3a9fcb700               Options.bottommost_compression_opts.strategy: 0
2019/10/17-14:54:15.341641 7fc3a9fcb700         Options.bottommost_compression_opts.max_dict_bytes: 0
2019/10/17-14:54:15.341641 7fc3a9fcb700         Options.bottommost_compression_opts.zstd_max_train_bytes: 0
2019/10/17-14:54:15.341642 7fc3a9fcb700                  Options.bottommost_compression_opts.enabled: false
2019/10/17-14:54:15.341642 7fc3a9fcb700            Options.compression_opts.window_bits: -14
2019/10/17-14:54:15.341643 7fc3a9fcb700                  Options.compression_opts.level: 32767
2019/10/17-14:54:15.341643 7fc3a9fcb700               Options.compression_opts.strategy: 0
2019/10/17-14:54:15.341644 7fc3a9fcb700         Options.compression_opts.max_dict_bytes: 0
2019/10/17-14:54:15.341645 7fc3a9fcb700         Options.compression_opts.zstd_max_train_bytes: 0
2019/10/17-14:54:15.341645 7fc3a9fcb700                  Options.compression_opts.enabled: false
2019/10/17-14:54:15.341646 7fc3a9fcb700      Options.level0_file_num_compaction_trigger: 4
2019/10/17-14:54:15.341646 7fc3a9fcb700          Options.level0_slowdown_writes_trigger: 20
2019/10/17-14:54:15.341647 7fc3a9fcb700              Options.level0_stop_writes_trigger: 36
2019/10/17-14:54:15.341647 7fc3a9fcb700                   Options.target_file_size_base: 67108864
2019/10/17-14:54:15.341648 7fc3a9fcb700             Options.target_file_size_multiplier: 1
2019/10/17-14:54:15.341649 7fc3a9fcb700                Options.max_bytes_for_level_base: 268435456
2019/10/17-14:54:15.341649 7fc3a9fcb700 Options.level_compaction_dynamic_level_bytes: 0
2019/10/17-14:54:15.341650 7fc3a9fcb700          Options.max_bytes_for_level_multiplier: 10.000000
2019/10/17-14:54:15.341651 7fc3a9fcb700 Options.max_bytes_for_level_multiplier_addtl[0]: 1
2019/10/17-14:54:15.341651 7fc3a9fcb700 Options.max_bytes_for_level_multiplier_addtl[1]: 1
2019/10/17-14:54:15.341652 7fc3a9fcb700 Options.max_bytes_for_level_multiplier_addtl[2]: 1
2019/10/17-14:54:15.341653 7fc3a9fcb700 Options.max_bytes_for_level_multiplier_addtl[3]: 1
2019/10/17-14:54:15.341653 7fc3a9fcb700 Options.max_bytes_for_level_multiplier_addtl[4]: 1
2019/10/17-14:54:15.341654 7fc3a9fcb700 Options.max_bytes_for_level_multiplier_addtl[5]: 1
2019/10/17-14:54:15.341654 7fc3a9fcb700 Options.max_bytes_for_level_multiplier_addtl[6]: 1
2019/10/17-14:54:15.341655 7fc3a9fcb700       Options.max_sequential_skip_in_iterations: 8
2019/10/17-14:54:15.341658 7fc3a9fcb700                    Options.max_compaction_bytes: 1677721600
2019/10/17-14:54:15.341659 7fc3a9fcb700                        Options.arena_block_size: 8388608
2019/10/17-14:54:15.341660 7fc3a9fcb700   Options.soft_pending_compaction_bytes_limit: 68719476736
2019/10/17-14:54:15.341660 7fc3a9fcb700   Options.hard_pending_compaction_bytes_limit: 274877906944
2019/10/17-14:54:15.341661 7fc3a9fcb700       Options.rate_limit_delay_max_milliseconds: 100
2019/10/17-14:54:15.341661 7fc3a9fcb700                Options.disable_auto_compactions: 0
2019/10/17-14:54:15.341662 7fc3a9fcb700                        Options.compaction_style: kCompactionStyleLevel
2019/10/17-14:54:15.341663 7fc3a9fcb700                          Options.compaction_pri: kByCompensatedSize
2019/10/17-14:54:15.341663 7fc3a9fcb700 Options.compaction_options_universal.size_ratio: 1
2019/10/17-14:54:15.341664 7fc3a9fcb700 Options.compaction_options_universal.min_merge_width: 2
2019/10/17-14:54:15.341664 7fc3a9fcb700 Options.compaction_options_universal.max_merge_width: 4294967295
2019/10/17-14:54:15.341665 7fc3a9fcb700 Options.compaction_options_universal.max_size_amplification_percent: 200
2019/10/17-14:54:15.341666 7fc3a9fcb700 Options.compaction_options_universal.compression_size_percent: -1
2019/10/17-14:54:15.341666 7fc3a9fcb700 Options.compaction_options_universal.stop_style: kCompactionStopStyleTotalSize
2019/10/17-14:54:15.341667 7fc3a9fcb700 Options.compaction_options_fifo.max_table_files_size: 1073741824
2019/10/17-14:54:15.341667 7fc3a9fcb700 Options.compaction_options_fifo.allow_compaction: 0
2019/10/17-14:54:15.341668 7fc3a9fcb700 Options.compaction_options_fifo.ttl: 0
2019/10/17-14:54:15.341669 7fc3a9fcb700                   Options.table_properties_collectors: 
2019/10/17-14:54:15.341669 7fc3a9fcb700                   Options.inplace_update_support: 0
2019/10/17-14:54:15.341670 7fc3a9fcb700                 Options.inplace_update_num_locks: 10000
2019/10/17-14:54:15.341670 7fc3a9fcb700               Options.memtable_prefix_bloom_size_ratio: 0.000000
2019/10/17-14:54:15.341671 7fc3a9fcb700   Options.memtable_huge_page_size: 0
2019/10/17-14:54:15.341672 7fc3a9fcb700                           Options.bloom_locality: 0
2019/10/17-14:54:15.341672 7fc3a9fcb700                    Options.max_successive_merges: 0
2019/10/17-14:54:15.341673 7fc3a9fcb700                Options.optimize_filters_for_hits: 0
2019/10/17-14:54:15.341673 7fc3a9fcb700                Options.paranoid_file_checks: 0
2019/10/17-14:54:15.341674 7fc3a9fcb700                Options.force_consistency_checks: 0
2019/10/17-14:54:15.341675 7fc3a9fcb700                Options.report_bg_io_stats: 0
2019/10/17-14:54:15.341675 7fc3a9fcb700                               Options.ttl: 0
2019/10/17-14:54:15.341688 7fc3a9fcb700 [db/column_family.cc:472] --------------- Options for column family [entries]:
2019/10/17-14:54:15.341689 7fc3a9fcb700               Options.comparator: leveldb.BytewiseComparator
2019/10/17-14:54:15.341689 7fc3a9fcb700           Options.merge_operator: None
2019/10/17-14:54:15.341690 7fc3a9fcb700        Options.compaction_filter: None
2019/10/17-14:54:15.341691 7fc3a9fcb700        Options.compaction_filter_factory: None
2019/10/17-14:54:15.341691 7fc3a9fcb700         Options.memtable_factory: SkipListFactory
2019/10/17-14:54:15.341692 7fc3a9fcb700            Options.table_factory: BlockBasedTable
2019/10/17-14:54:15.341699 7fc3a9fcb700            table_factory options:   flush_block_policy_factory: FlushBlockBySizePolicyFactory (0x7fc3500a06b0)
  cache_index_and_filter_blocks: 0
  cache_index_and_filter_blocks_with_high_priority: 0
  pin_l0_filter_and_index_blocks_in_cache: 0
  pin_top_level_index_and_filter: 1
  index_type: 0
  hash_index_allow_collision: 1
  checksum: 1
  no_block_cache: 0
  block_cache: 0x7fc350107840
  block_cache_name: LRUCache
  block_cache_options:
    capacity : 8388608
    num_shard_bits : 4
    strict_capacity_limit : 0
    memory_allocator : None
    high_pri_pool_ratio: 0.000
  block_cache_compressed: (nil)
  persistent_cache: (nil)
  block_size: 4096
  block_size_deviation: 10
  block_restart_interval: 16
  index_block_restart_interval: 1
  metadata_block_size: 4096
  partition_filters: 0
  use_delta_encoding: 1
  filter_policy: nullptr
  whole_key_filtering: 1
  verify_compression: 0
  read_amp_bytes_per_bit: 0
  format_version: 2
  enable_index_compression: 1
  block_align: 0
2019/10/17-14:54:15.341704 7fc3a9fcb700        Options.write_buffer_size: 67108864
2019/10/17-14:54:15.341705 7fc3a9fcb700  Options.max_write_buffer_number: 2
2019/10/17-14:54:15.341705 7fc3a9fcb700          Options.compression: NoCompression
2019/10/17-14:54:15.341706 7fc3a9fcb700                  Options.bottommost_compression: Disabled
2019/10/17-14:54:15.341706 7fc3a9fcb700       Options.prefix_extractor: nullptr
2019/10/17-14:54:15.341707 7fc3a9fcb700   Options.memtable_insert_with_hint_prefix_extractor: nullptr
2019/10/17-14:54:15.341708 7fc3a9fcb700             Options.num_levels: 7
2019/10/17-14:54:15.341708 7fc3a9fcb700        Options.min_write_buffer_number_to_merge: 1
2019/10/17-14:54:15.341709 7fc3a9fcb700     Options.max_write_buffer_number_to_maintain: 0
2019/10/17-14:54:15.341709 7fc3a9fcb700            Options.bottommost_compression_opts.window_bits: -14
2019/10/17-14:54:15.341710 7fc3a9fcb700                  Options.bottommost_compression_opts.level: 32767
2019/10/17-14:54:15.341710 7fc3a9fcb700               Options.bottommost_compression_opts.strategy: 0
2019/10/17-14:54:15.341711 7fc3a9fcb700         Options.bottommost_compression_opts.max_dict_bytes: 0
2019/10/17-14:54:15.341712 7fc3a9fcb700         Options.bottommost_compression_opts.zstd_max_train_bytes: 0
2019/10/17-14:54:15.341712 7fc3a9fcb700                  Options.bottommost_compression_opts.enabled: false
2019/10/17-14:54:15.341713 7fc3a9fcb700            Options.compression_opts.window_bits: -14
2019/10/17-14:54:15.341713 7fc3a9fcb700                  Options.compression_opts.level: 32767
2019/10/17-14:54:15.341714 7fc3a9fcb700               Options.compression_opts.strategy: 0
2019/10/17-14:54:15.341714 7fc3a9fcb700         Options.compression_opts.max_dict_bytes: 0
2019/10/17-14:54:15.341715 7fc3a9fcb700         Options.compression_opts.zstd_max_train_bytes: 0
2019/10/17-14:54:15.341716 7fc3a9fcb700                  Options.compression_opts.enabled: false
2019/10/17-14:54:15.341716 7fc3a9fcb700      Options.level0_file_num_compaction_trigger: 4
2019/10/17-14:54:15.341717 7fc3a9fcb700          Options.level0_slowdown_writes_trigger: 20
2019/10/17-14:54:15.341717 7fc3a9fcb700              Options.level0_stop_writes_trigger: 36
2019/10/17-14:54:15.341718 7fc3a9fcb700                   Options.target_file_size_base: 67108864
2019/10/17-14:54:15.341718 7fc3a9fcb700             Options.target_file_size_multiplier: 1
2019/10/17-14:54:15.341719 7fc3a9fcb700                Options.max_bytes_for_level_base: 268435456
2019/10/17-14:54:15.341720 7fc3a9fcb700 Options.level_compaction_dynamic_level_bytes: 0
2019/10/17-14:54:15.341720 7fc3a9fcb700          Options.max_bytes_for_level_multiplier: 10.000000
2019/10/17-14:54:15.341721 7fc3a9fcb700 Options.max_bytes_for_level_multiplier_addtl[0]: 1
2019/10/17-14:54:15.341722 7fc3a9fcb700 Options.max_bytes_for_level_multiplier_addtl[1]: 1
2019/10/17-14:54:15.341722 7fc3a9fcb700 Options.max_bytes_for_level_multiplier_addtl[2]: 1
2019/10/17-14:54:15.341723 7fc3a9fcb700 Options.max_bytes_for_level_multiplier_addtl[3]: 1
2019/10/17-14:54:15.341724 7fc3a9fcb700 Options.max_bytes_for_level_multiplier_addtl[4]: 1
2019/10/17-14:54:15.341724 7fc3a9fcb700 Options.max_bytes_for_level_multiplier_addtl[5]: 1
2019/10/17-14:54:15.341725 7fc3a9fcb700 Options.max_bytes_for_level_multiplier_addtl[6]: 1
2019/10/17-14:54:15.341725 7fc3a9fcb700       Options.max_sequential_skip_in_iterations: 8
2019/10/17-14:54:15.341726 7fc3a9fcb700                    Options.max_compaction_bytes: 1677721600
2019/10/17-14:54:15.341726 7fc3a9fcb700                        Options.arena_block_size: 8388608
2019/10/17-14:54:15.341727 7fc3a9fcb700   Options.soft_pending_compaction_bytes_limit: 68719476736
2019/10/17-14:54:15.341730 7fc3a9fcb700   Options.hard_pending_compaction_bytes_limit: 274877906944
2019/10/17-14:54:15.341731 7fc3a9fcb700       Options.rate_limit_delay_max_milliseconds: 100
2019/10/17-14:54:15.341732 7fc3a9fcb700                Options.disable_auto_compactions: 0
2019/10/17-14:54:15.341732 7fc3a9fcb700                        Options.compaction_style: kCompactionStyleLevel
2019/10/17-14:54:15.341733 7fc3a9fcb700                          Options.compaction_pri: kByCompensatedSize
2019/10/17-14:54:15.341734 7fc3a9fcb700 Options.compaction_options_universal.size_ratio: 1
2019/10/17-14:54:15.341734 7fc3a9fcb700 Options.compaction_options_universal.min_merge_width: 2
2019/10/17-14:54:15.341735 7fc3a9fcb700 Options.compaction_options_universal.max_merge_width: 4294967295
2019/10/17-14:54:15.341735 7fc3a9fcb700 Options.compaction_options_universal.max_size_amplification_percent: 200
2019/10/17-14:54:15.341736 7fc3a9fcb700 Options.compaction_options_universal.compression_size_percent: -1
2019/10/17-14:54:15.341737 7fc3a9fcb700 Options.compaction_options_universal.stop_style: kCompactionStopStyleTotalSize
2019/10/17-14:54:15.341737 7fc3a9fcb700 Options.compaction_options_fifo.max_table_files_size: 1073741824
2019/10/17-14:54:15.341738 7fc3a9fcb700 Options.compaction_options_fifo.allow_compaction: 0
2019/10/17-14:54:15.341738 7fc3a9fcb700 Options.compaction_options_fifo.ttl: 0
2019/10/17-14:54:15.341739 7fc3a9fcb700                   Options.table_properties_collectors: 
2019/10/17-14:54:15.341740 7fc3a9fcb700                   Options.inplace_update_support: 0
2019/10/17-14:54:15.341740 7fc3a9fcb700                 Options.inplace_update_num_locks: 10000
2019/10/17-14:54:15.341741 7fc3a9fcb700               Options.memtable_prefix_bloom_size_ratio: 0.000000
2019/10/17-14:54:15.341741 7fc3a9fcb700   Options.memtable_huge_page_size: 0
2019/10/17-14:54:15.341742 7fc3a9fcb700                           Options.bloom_locality: 0
2019/10/17-14:54:15.341743 7fc3a9fcb700                    Options.max_successive_merges: 0
2019/10/17-14:54:15.341743 7fc3a9fcb700                Options.optimize_filters_for_hits: 0
2019/10/17-14:54:15.341744 7fc3a9fcb700                Options.paranoid_file_checks: 0
2019/10/17-14:54:15.341744 7fc3a9fcb700                Options.force_consistency_checks: 0
2019/10/17-14:54:15.341745 7fc3a9fcb700                Options.report_bg_io_stats: 0
2019/10/17-14:54:15.341745 7fc3a9fcb700                               Options.ttl: 0
2019/10/17-14:54:15.341756 7fc3a9fcb700 [db/column_family.cc:472] --------------- Options for column family [dc_entries]:
2019/10/17-14:54:15.341757 7fc3a9fcb700               Options.comparator: leveldb.BytewiseComparator
2019/10/17-14:54:15.341758 7fc3a9fcb700           Options.merge_operator: None
2019/10/17-14:54:15.341758 7fc3a9fcb700        Options.compaction_filter: None
2019/10/17-14:54:15.341759 7fc3a9fcb700        Options.compaction_filter_factory: None
2019/10/17-14:54:15.341760 7fc3a9fcb700         Options.memtable_factory: SkipListFactory
2019/10/17-14:54:15.341760 7fc3a9fcb700            Options.table_factory: BlockBasedTable
2019/10/17-14:54:15.341767 7fc3a9fcb700            table_factory options:   flush_block_policy_factory: FlushBlockBySizePolicyFactory (0x7fc3500986f0)
  cache_index_and_filter_blocks: 0
  cache_index_and_filter_blocks_with_high_priority: 0
  pin_l0_filter_and_index_blocks_in_cache: 0
  pin_top_level_index_and_filter: 1
  index_type: 0
  hash_index_allow_collision: 1
  checksum: 1
  no_block_cache: 0
  block_cache: 0x7fc350106850
  block_cache_name: LRUCache
  block_cache_options:
    capacity : 8388608
    num_shard_bits : 4
    strict_capacity_limit : 0
    memory_allocator : None
    high_pri_pool_ratio: 0.000
  block_cache_compressed: (nil)
  persistent_cache: (nil)
  block_size: 4096
  block_size_deviation: 10
  block_restart_interval: 16
  index_block_restart_interval: 1
  metadata_block_size: 4096
  partition_filters: 0
  use_delta_encoding: 1
  filter_policy: nullptr
  whole_key_filtering: 1
  verify_compression: 0
  read_amp_bytes_per_bit: 0
  format_version: 2
  enable_index_compression: 1
  block_align: 0
2019/10/17-14:54:15.341772 7fc3a9fcb700        Options.write_buffer_size: 67108864
2019/10/17-14:54:15.341773 7fc3a9fcb700  Options.max_write_buffer_number: 2
2019/10/17-14:54:15.341774 7fc3a9fcb700          Options.compression: NoCompression
2019/10/17-14:54:15.341774 7fc3a9fcb700                  Options.bottommost_compression: Disabled
2019/10/17-14:54:15.341775 7fc3a9fcb700       Options.prefix_extractor: nullptr
2019/10/17-14:54:15.341775 7fc3a9fcb700   Options.memtable_insert_with_hint_prefix_extractor: nullptr
2019/10/17-14:54:15.341776 7fc3a9fcb700             Options.num_levels: 7
2019/10/17-14:54:15.341776 7fc3a9fcb700        Options.min_write_buffer_number_to_merge: 1
2019/10/17-14:54:15.341777 7fc3a9fcb700     Options.max_write_buffer_number_to_maintain: 0
2019/10/17-14:54:15.341778 7fc3a9fcb700            Options.bottommost_compression_opts.window_bits: -14
2019/10/17-14:54:15.341778 7fc3a9fcb700                  Options.bottommost_compression_opts.level: 32767
2019/10/17-14:54:15.341779 7fc3a9fcb700               Options.bottommost_compression_opts.strategy: 0
2019/10/17-14:54:15.341779 7fc3a9fcb700         Options.bottommost_compression_opts.max_dict_bytes: 0
2019/10/17-14:54:15.341780 7fc3a9fcb700         Options.bottommost_compression_opts.zstd_max_train_bytes: 0
2019/10/17-14:54:15.341780 7fc3a9fcb700                  Options.bottommost_compression_opts.enabled: false
2019/10/17-14:54:15.341781 7fc3a9fcb700            Options.compression_opts.window_bits: -14
2019/10/17-14:54:15.341782 7fc3a9fcb700                  Options.compression_opts.level: 32767
2019/10/17-14:54:15.341782 7fc3a9fcb700               Options.compression_opts.strategy: 0
2019/10/17-14:54:15.341783 7fc3a9fcb700         Options.compression_opts.max_dict_bytes: 0
2019/10/17-14:54:15.341783 7fc3a9fcb700         Options.compression_opts.zstd_max_train_bytes: 0
2019/10/17-14:54:15.341784 7fc3a9fcb700                  Options.compression_opts.enabled: false
2019/10/17-14:54:15.341784 7fc3a9fcb700      Options.level0_file_num_compaction_trigger: 4
2019/10/17-14:54:15.341785 7fc3a9fcb700          Options.level0_slowdown_writes_trigger: 20
2019/10/17-14:54:15.341785 7fc3a9fcb700              Options.level0_stop_writes_trigger: 36
2019/10/17-14:54:15.341786 7fc3a9fcb700                   Options.target_file_size_base: 67108864
2019/10/17-14:54:15.341787 7fc3a9fcb700             Options.target_file_size_multiplier: 1
2019/10/17-14:54:15.341787 7fc3a9fcb700                Options.max_bytes_for_level_base: 268435456
2019/10/17-14:54:15.341788 7fc3a9fcb700 Options.level_compaction_dynamic_level_bytes: 0
2019/10/17-14:54:15.341788 7fc3a9fcb700          Options.max_bytes_for_level_multiplier: 10.000000
2019/10/17-14:54:15.341789 7fc3a9fcb700 Options.max_bytes_for_level_multiplier_addtl[0]: 1
2019/10/17-14:54:15.341790 7fc3a9fcb700 Options.max_bytes_for_level_multiplier_addtl[1]: 1
2019/10/17-14:54:15.341790 7fc3a9fcb700 Options.max_bytes_for_level_multiplier_addtl[2]: 1
2019/10/17-14:54:15.341791 7fc3a9fcb700 Options.max_bytes_for_level_multiplier_addtl[3]: 1
2019/10/17-14:54:15.341792 7fc3a9fcb700 Options.max_bytes_for_level_multiplier_addtl[4]: 1
2019/10/17-14:54:15.341792 7fc3a9fcb700 Options.max_bytes_for_level_multiplier_addtl[5]: 1
2019/10/17-14:54:15.341793 7fc3a9fcb700 Options.max_bytes_for_level_multiplier_addtl[6]: 1
2019/10/17-14:54:15.341793 7fc3a9fcb700       Options.max_sequential_skip_in_iterations: 8
2019/10/17-14:54:15.341794 7fc3a9fcb700                    Options.max_compaction_bytes: 1677721600
2019/10/17-14:54:15.341795 7fc3a9fcb700                        Options.arena_block_size: 8388608
2019/10/17-14:54:15.341795 7fc3a9fcb700   Options.soft_pending_compaction_bytes_limit: 68719476736
2019/10/17-14:54:15.341796 7fc3a9fcb700   Options.hard_pending_compaction_bytes_limit: 274877906944
2019/10/17-14:54:15.341796 7fc3a9fcb700       Options.rate_limit_delay_max_milliseconds: 100
2019/10/17-14:54:15.341797 7fc3a9fcb700                Options.disable_auto_compactions: 0
2019/10/17-14:54:15.341800 7fc3a9fcb700                        Options.compaction_style: kCompactionStyleLevel
2019/10/17-14:54:15.341801 7fc3a9fcb700                          Options.compaction_pri: kByCompensatedSize
2019/10/17-14:54:15.341802 7fc3a9fcb700 Options.compaction_options_universal.size_ratio: 1
2019/10/17-14:54:15.341802 7fc3a9fcb700 Options.compaction_options_universal.min_merge_width: 2
2019/10/17-14:54:15.341803 7fc3a9fcb700 Options.compaction_options_universal.max_merge_width: 4294967295
2019/10/17-14:54:15.341803 7fc3a9fcb700 Options.compaction_options_universal.max_size_amplification_percent: 200
2019/10/17-14:54:15.341804 7fc3a9fcb700 Options.compaction_options_universal.compression_size_percent: -1
2019/10/17-14:54:15.341805 7fc3a9fcb700 Options.compaction_options_universal.stop_style: kCompactionStopStyleTotalSize
2019/10/17-14:54:15.341805 7fc3a9fcb700 Options.compaction_options_fifo.max_table_files_size: 1073741824
2019/10/17-14:54:15.341806 7fc3a9fcb700 Options.compaction_options_fifo.allow_compaction: 0
2019/10/17-14:54:15.341806 7fc3a9fcb700 Options.compaction_options_fifo.ttl: 0
2019/10/17-14:54:15.341807 7fc3a9fcb700                   Options.table_properties_collectors: 
2019/10/17-14:54:15.341808 7fc3a9fcb700                   Options.inplace_update_support: 0
2019/10/17-14:54:15.341808 7fc3a9fcb700                 Options.inplace_update_num_locks: 10000
2019/10/17-14:54:15.341809 7fc3a9fcb700               Options.memtable_prefix_bloom_size_ratio: 0.000000
2019/10/17-14:54:15.341810 7fc3a9fcb700   Options.memtable_huge_page_size: 0
2019/10/17-14:54:15.341810 7fc3a9fcb700                           Options.bloom_locality: 0
2019/10/17-14:54:15.341811 7fc3a9fcb700                    Options.max_successive_merges: 0
2019/10/17-14:54:15.341811 7fc3a9fcb700                Options.optimize_filters_for_hits: 0
2019/10/17-14:54:15.341812 7fc3a9fcb700                Options.paranoid_file_checks: 0
2019/10/17-14:54:15.341812 7fc3a9fcb700                Options.force_consistency_checks: 0
2019/10/17-14:54:15.341813 7fc3a9fcb700                Options.report_bg_io_stats: 0
2019/10/17-14:54:15.341813 7fc3a9fcb700                               Options.ttl: 0
2019/10/17-14:54:15.341823 7fc3a9fcb700 [db/column_family.cc:472] --------------- Options for column family [htlcs]:
2019/10/17-14:54:15.341824 7fc3a9fcb700               Options.comparator: leveldb.BytewiseComparator
2019/10/17-14:54:15.341824 7fc3a9fcb700           Options.merge_operator: None
2019/10/17-14:54:15.341825 7fc3a9fcb700        Options.compaction_filter: None
2019/10/17-14:54:15.341826 7fc3a9fcb700        Options.compaction_filter_factory: None
2019/10/17-14:54:15.341826 7fc3a9fcb700         Options.memtable_factory: SkipListFactory
2019/10/17-14:54:15.341827 7fc3a9fcb700            Options.table_factory: BlockBasedTable
2019/10/17-14:54:15.341834 7fc3a9fcb700            table_factory options:   flush_block_policy_factory: FlushBlockBySizePolicyFactory (0x7fc3500716f0)
