2019/10/17-14:54:15.723660 7fc3a9fcb700 RocksDB version: 5.18.3
2019/10/17-14:54:15.723680 7fc3a9fcb700 Git sha rocksdb_build_git_sha:@0@
2019/10/17-14:54:15.723681 7fc3a9fcb700 Compile date Sep 19 2019
2019/10/17-14:54:15.723682 7fc3a9fcb700 DB SUMMARY
2019/10/17-14:54:15.724223 7fc3a9fcb700 CURRENT file:  CURRENT
2019/10/17-14:54:15.724224 7fc3a9fcb700 IDENTITY file:  IDENTITY
2019/10/17-14:54:15.724244 7fc3a9fcb700 MANIFEST file:  MANIFEST-114934 size: 4114 Bytes
2019/10/17-14:54:15.724245 7fc3a9fcb700 SST files in /home/rahul/dev/blockchain-core/eqc/ledger.db dir, Total Num: 29, files: 000624.sst 000627.sst 106940.sst 108447.sst 108450.sst 109471.sst 109483.sst 109485.sst 109486.sst 
2019/10/17-14:54:15.724246 7fc3a9fcb700 Write Ahead Log file in /home/rahul/dev/blockchain-core/eqc/ledger.db: 114935.log size: 0 ; 
2019/10/17-14:54:15.724270 7fc3a9fcb700                         Options.error_if_exists: 0
2019/10/17-14:54:15.724271 7fc3a9fcb700                       Options.create_if_missing: 1
2019/10/17-14:54:15.724271 7fc3a9fcb700                         Options.paranoid_checks: 1
2019/10/17-14:54:15.724272 7fc3a9fcb700                                     Options.env: 0x7fc32ae1fc60
2019/10/17-14:54:15.724273 7fc3a9fcb700                                Options.info_log: 0x7fc3500d5900
2019/10/17-14:54:15.724273 7fc3a9fcb700                Options.max_file_opening_threads: 16
2019/10/17-14:54:15.724274 7fc3a9fcb700                              Options.statistics: (nil)
2019/10/17-14:54:15.724274 7fc3a9fcb700                               Options.use_fsync: 0
2019/10/17-14:54:15.724275 7fc3a9fcb700                       Options.max_log_file_size: 0
2019/10/17-14:54:15.724276 7fc3a9fcb700                  Options.max_manifest_file_size: 1073741824
2019/10/17-14:54:15.724276 7fc3a9fcb700                   Options.log_file_time_to_roll: 0
2019/10/17-14:54:15.724277 7fc3a9fcb700                       Options.keep_log_file_num: 1000
2019/10/17-14:54:15.724277 7fc3a9fcb700                    Options.recycle_log_file_num: 0
2019/10/17-14:54:15.724278 7fc3a9fcb700                         Options.allow_fallocate: 1
2019/10/17-14:54:15.724278 7fc3a9fcb700                        Options.allow_mmap_reads: 0
2019/10/17-14:54:15.724279 7fc3a9fcb700                       Options.allow_mmap_writes: 0
2019/10/17-14:54:15.724279 7fc3a9fcb700                        Options.use_direct_reads: 0
2019/10/17-14:54:15.724280 7fc3a9fcb700                        Options.use_direct_io_for_flush_and_compaction: 0
2019/10/17-14:54:15.724280 7fc3a9fcb700          Options.create_missing_column_families: 0
2019/10/17-14:54:15.724281 7fc3a9fcb700                              Options.db_log_dir: 
2019/10/17-14:54:15.724281 7fc3a9fcb700                                 Options.wal_dir: /home/rahul/dev/blockchain-core/eqc/ledger.db
2019/10/17-14:54:15.724282 7fc3a9fcb700                Options.table_cache_numshardbits: 6
2019/10/17-14:54:15.724282 7fc3a9fcb700                      Options.max_subcompactions: 1
2019/10/17-14:54:15.724283 7fc3a9fcb700                  Options.max_background_flushes: -1
2019/10/17-14:54:15.724284 7fc3a9fcb700                         Options.WAL_ttl_seconds: 0
2019/10/17-14:54:15.724284 7fc3a9fcb700                       Options.WAL_size_limit_MB: 0
2019/10/17-14:54:15.724285 7fc3a9fcb700             Options.manifest_preallocation_size: 4194304
2019/10/17-14:54:15.724285 7fc3a9fcb700                     Options.is_fd_close_on_exec: 1
2019/10/17-14:54:15.724286 7fc3a9fcb700                   Options.advise_random_on_open: 1
2019/10/17-14:54:15.724286 7fc3a9fcb700                    Options.db_write_buffer_size: 0
2019/10/17-14:54:15.724287 7fc3a9fcb700                    Options.write_buffer_manager: 0x7fc35006c4e0
2019/10/17-14:54:15.724287 7fc3a9fcb700         Options.access_hint_on_compaction_start: 1
2019/10/17-14:54:15.724288 7fc3a9fcb700  Options.new_table_reader_for_compaction_inputs: 0
2019/10/17-14:54:15.724288 7fc3a9fcb700           Options.random_access_max_buffer_size: 1048576
2019/10/17-14:54:15.724289 7fc3a9fcb700                      Options.use_adaptive_mutex: 0
2019/10/17-14:54:15.724289 7fc3a9fcb700                            Options.rate_limiter: (nil)
2019/10/17-14:54:15.724297 7fc3a9fcb700     Options.sst_file_manager.rate_bytes_per_sec: 0
2019/10/17-14:54:15.724298 7fc3a9fcb700                       Options.wal_recovery_mode: 2
2019/10/17-14:54:15.724298 7fc3a9fcb700                  Options.enable_thread_tracking: 0
2019/10/17-14:54:15.724299 7fc3a9fcb700                  Options.enable_pipelined_write: 0
2019/10/17-14:54:15.724299 7fc3a9fcb700         Options.allow_concurrent_memtable_write: 1
2019/10/17-14:54:15.724300 7fc3a9fcb700      Options.enable_write_thread_adaptive_yield: 1
2019/10/17-14:54:15.724300 7fc3a9fcb700             Options.write_thread_max_yield_usec: 100
2019/10/17-14:54:15.724301 7fc3a9fcb700            Options.write_thread_slow_yield_usec: 3
2019/10/17-14:54:15.724301 7fc3a9fcb700                               Options.row_cache: None
2019/10/17-14:54:15.724302 7fc3a9fcb700                              Options.wal_filter: None
2019/10/17-14:54:15.724302 7fc3a9fcb700             Options.avoid_flush_during_recovery: 0
2019/10/17-14:54:15.724303 7fc3a9fcb700             Options.allow_ingest_behind: 0
2019/10/17-14:54:15.724304 7fc3a9fcb700             Options.preserve_deletes: 0
2019/10/17-14:54:15.724304 7fc3a9fcb700             Options.two_write_queues: 0
2019/10/17-14:54:15.724305 7fc3a9fcb700             Options.manual_wal_flush: 0
2019/10/17-14:54:15.724305 7fc3a9fcb700             Options.max_background_jobs: 2
2019/10/17-14:54:15.724306 7fc3a9fcb700             Options.max_background_compactions: -1
2019/10/17-14:54:15.724306 7fc3a9fcb700             Options.avoid_flush_during_shutdown: 0
2019/10/17-14:54:15.724307 7fc3a9fcb700           Options.writable_file_max_buffer_size: 1048576
2019/10/17-14:54:15.724307 7fc3a9fcb700             Options.delayed_write_rate : 16777216
2019/10/17-14:54:15.724308 7fc3a9fcb700             Options.max_total_wal_size: 0
2019/10/17-14:54:15.724308 7fc3a9fcb700             Options.delete_obsolete_files_period_micros: 21600000000
2019/10/17-14:54:15.724309 7fc3a9fcb700                   Options.stats_dump_period_sec: 600
2019/10/17-14:54:15.724309 7fc3a9fcb700                          Options.max_open_files: -1
2019/10/17-14:54:15.724310 7fc3a9fcb700                          Options.bytes_per_sync: 0
2019/10/17-14:54:15.724310 7fc3a9fcb700                      Options.wal_bytes_per_sync: 0
2019/10/17-14:54:15.724311 7fc3a9fcb700       Options.compaction_readahead_size: 0
2019/10/17-14:54:15.724311 7fc3a9fcb700 Compression algorithms supported:
2019/10/17-14:54:15.724312 7fc3a9fcb700 	kZSTDNotFinalCompression supported: 0
2019/10/17-14:54:15.724313 7fc3a9fcb700 	kZSTD supported: 0
2019/10/17-14:54:15.724314 7fc3a9fcb700 	kXpressCompression supported: 0
2019/10/17-14:54:15.724314 7fc3a9fcb700 	kLZ4HCCompression supported: 0
2019/10/17-14:54:15.724315 7fc3a9fcb700 	kLZ4Compression supported: 0
2019/10/17-14:54:15.724315 7fc3a9fcb700 	kBZip2Compression supported: 0
2019/10/17-14:54:15.724316 7fc3a9fcb700 	kZlibCompression supported: 0
2019/10/17-14:54:15.724316 7fc3a9fcb700 	kSnappyCompression supported: 0
2019/10/17-14:54:15.724318 7fc3a9fcb700 Fast CRC32 supported: Supported on x86
2019/10/17-14:54:15.724384 7fc3a9fcb700 [db/version_set.cc:3507] Recovering from manifest file: MANIFEST-114934
2019/10/17-14:54:15.724406 7fc3a9fcb700 [db/column_family.cc:472] --------------- Options for column family [default]:
2019/10/17-14:54:15.724408 7fc3a9fcb700               Options.comparator: leveldb.BytewiseComparator
2019/10/17-14:54:15.724408 7fc3a9fcb700           Options.merge_operator: None
2019/10/17-14:54:15.724409 7fc3a9fcb700        Options.compaction_filter: None
2019/10/17-14:54:15.724409 7fc3a9fcb700        Options.compaction_filter_factory: None
2019/10/17-14:54:15.724410 7fc3a9fcb700         Options.memtable_factory: SkipListFactory
2019/10/17-14:54:15.724411 7fc3a9fcb700            Options.table_factory: BlockBasedTable
2019/10/17-14:54:15.724421 7fc3a9fcb700            table_factory options:   flush_block_policy_factory: FlushBlockBySizePolicyFactory (0x7fc3500d59a0)
  cache_index_and_filter_blocks: 0
  cache_index_and_filter_blocks_with_high_priority: 0
  pin_l0_filter_and_index_blocks_in_cache: 0
  pin_top_level_index_and_filter: 1
  index_type: 0
  hash_index_allow_collision: 1
  checksum: 1
  no_block_cache: 0
  block_cache: 0x7fc3500f0af0
  block_cache_name: LRUCache
  block_cache_options:
    capacity : 8388608
    num_shard_bits : 4
    strict_capacity_limit : 0
    memory_allocator : None
    high_pri_pool_ratio: 0.000
  block_cache_compressed: (nil)
  persistent_cache: (nil)
  block_size: 4096
  block_size_deviation: 10
  block_restart_interval: 16
  index_block_restart_interval: 1
  metadata_block_size: 4096
  partition_filters: 0
  use_delta_encoding: 1
  filter_policy: nullptr
  whole_key_filtering: 1
  verify_compression: 0
  read_amp_bytes_per_bit: 0
  format_version: 2
  enable_index_compression: 1
  block_align: 0
2019/10/17-14:54:15.724427 7fc3a9fcb700        Options.write_buffer_size: 67108864
2019/10/17-14:54:15.724427 7fc3a9fcb700  Options.max_write_buffer_number: 2
2019/10/17-14:54:15.724428 7fc3a9fcb700          Options.compression: NoCompression
2019/10/17-14:54:15.724429 7fc3a9fcb700                  Options.bottommost_compression: Disabled
2019/10/17-14:54:15.724429 7fc3a9fcb700       Options.prefix_extractor: nullptr
2019/10/17-14:54:15.724430 7fc3a9fcb700   Options.memtable_insert_with_hint_prefix_extractor: nullptr
2019/10/17-14:54:15.724430 7fc3a9fcb700             Options.num_levels: 7
2019/10/17-14:54:15.724431 7fc3a9fcb700        Options.min_write_buffer_number_to_merge: 1
2019/10/17-14:54:15.724432 7fc3a9fcb700     Options.max_write_buffer_number_to_maintain: 0
2019/10/17-14:54:15.724432 7fc3a9fcb700            Options.bottommost_compression_opts.window_bits: -14
2019/10/17-14:54:15.724433 7fc3a9fcb700                  Options.bottommost_compression_opts.level: 32767
2019/10/17-14:54:15.724433 7fc3a9fcb700               Options.bottommost_compression_opts.strategy: 0
2019/10/17-14:54:15.724434 7fc3a9fcb700         Options.bottommost_compression_opts.max_dict_bytes: 0
2019/10/17-14:54:15.724434 7fc3a9fcb700         Options.bottommost_compression_opts.zstd_max_train_bytes: 0
2019/10/17-14:54:15.724435 7fc3a9fcb700                  Options.bottommost_compression_opts.enabled: false
2019/10/17-14:54:15.724435 7fc3a9fcb700            Options.compression_opts.window_bits: -14
2019/10/17-14:54:15.724436 7fc3a9fcb700                  Options.compression_opts.level: 32767
2019/10/17-14:54:15.724436 7fc3a9fcb700               Options.compression_opts.strategy: 0
2019/10/17-14:54:15.724437 7fc3a9fcb700         Options.compression_opts.max_dict_bytes: 0
2019/10/17-14:54:15.724437 7fc3a9fcb700         Options.compression_opts.zstd_max_train_bytes: 0
2019/10/17-14:54:15.724438 7fc3a9fcb700                  Options.compression_opts.enabled: false
2019/10/17-14:54:15.724438 7fc3a9fcb700      Options.level0_file_num_compaction_trigger: 4
2019/10/17-14:54:15.724439 7fc3a9fcb700          Options.level0_slowdown_writes_trigger: 20
2019/10/17-14:54:15.724439 7fc3a9fcb700              Options.level0_stop_writes_trigger: 36
2019/10/17-14:54:15.724440 7fc3a9fcb700                   Options.target_file_size_base: 67108864
2019/10/17-14:54:15.724441 7fc3a9fcb700             Options.target_file_size_multiplier: 1
2019/10/17-14:54:15.724441 7fc3a9fcb700                Options.max_bytes_for_level_base: 268435456
2019/10/17-14:54:15.724442 7fc3a9fcb700 Options.level_compaction_dynamic_level_bytes: 0
2019/10/17-14:54:15.724442 7fc3a9fcb700          Options.max_bytes_for_level_multiplier: 10.000000
2019/10/17-14:54:15.724444 7fc3a9fcb700 Options.max_bytes_for_level_multiplier_addtl[0]: 1
2019/10/17-14:54:15.724444 7fc3a9fcb700 Options.max_bytes_for_level_multiplier_addtl[1]: 1
2019/10/17-14:54:15.724445 7fc3a9fcb700 Options.max_bytes_for_level_multiplier_addtl[2]: 1
2019/10/17-14:54:15.724445 7fc3a9fcb700 Options.max_bytes_for_level_multiplier_addtl[3]: 1
2019/10/17-14:54:15.724446 7fc3a9fcb700 Options.max_bytes_for_level_multiplier_addtl[4]: 1
2019/10/17-14:54:15.724449 7fc3a9fcb700 Options.max_bytes_for_level_multiplier_addtl[5]: 1
2019/10/17-14:54:15.724449 7fc3a9fcb700 Options.max_bytes_for_level_multiplier_addtl[6]: 1
2019/10/17-14:54:15.724450 7fc3a9fcb700       Options.max_sequential_skip_in_iterations: 8
2019/10/17-14:54:15.724450 7fc3a9fcb700                    Options.max_compaction_bytes: 1677721600
2019/10/17-14:54:15.724451 7fc3a9fcb700                        Options.arena_block_size: 8388608
2019/10/17-14:54:15.724452 7fc3a9fcb700   Options.soft_pending_compaction_bytes_limit: 68719476736
2019/10/17-14:54:15.724452 7fc3a9fcb700   Options.hard_pending_compaction_bytes_limit: 274877906944
2019/10/17-14:54:15.724453 7fc3a9fcb700       Options.rate_limit_delay_max_milliseconds: 100
2019/10/17-14:54:15.724453 7fc3a9fcb700                Options.disable_auto_compactions: 0
2019/10/17-14:54:15.724454 7fc3a9fcb700                        Options.compaction_style: kCompactionStyleLevel
2019/10/17-14:54:15.724455 7fc3a9fcb700                          Options.compaction_pri: kByCompensatedSize
2019/10/17-14:54:15.724455 7fc3a9fcb700 Options.compaction_options_universal.size_ratio: 1
2019/10/17-14:54:15.724456 7fc3a9fcb700 Options.compaction_options_universal.min_merge_width: 2
2019/10/17-14:54:15.724456 7fc3a9fcb700 Options.compaction_options_universal.max_merge_width: 4294967295
2019/10/17-14:54:15.724457 7fc3a9fcb700 Options.compaction_options_universal.max_size_amplification_percent: 200
2019/10/17-14:54:15.724458 7fc3a9fcb700 Options.compaction_options_universal.compression_size_percent: -1
2019/10/17-14:54:15.724458 7fc3a9fcb700 Options.compaction_options_universal.stop_style: kCompactionStopStyleTotalSize
2019/10/17-14:54:15.724459 7fc3a9fcb700 Options.compaction_options_fifo.max_table_files_size: 1073741824
2019/10/17-14:54:15.724459 7fc3a9fcb700 Options.compaction_options_fifo.allow_compaction: 0
2019/10/17-14:54:15.724460 7fc3a9fcb700 Options.compaction_options_fifo.ttl: 0
2019/10/17-14:54:15.724461 7fc3a9fcb700                   Options.table_properties_collectors: 
2019/10/17-14:54:15.724461 7fc3a9fcb700                   Options.inplace_update_support: 0
2019/10/17-14:54:15.724462 7fc3a9fcb700                 Options.inplace_update_num_locks: 10000
2019/10/17-14:54:15.724462 7fc3a9fcb700               Options.memtable_prefix_bloom_size_ratio: 0.000000
2019/10/17-14:54:15.724463 7fc3a9fcb700   Options.memtable_huge_page_size: 0
2019/10/17-14:54:15.724464 7fc3a9fcb700                           Options.bloom_locality: 0
2019/10/17-14:54:15.724464 7fc3a9fcb700                    Options.max_successive_merges: 0
2019/10/17-14:54:15.724465 7fc3a9fcb700                Options.optimize_filters_for_hits: 0
2019/10/17-14:54:15.724465 7fc3a9fcb700                Options.paranoid_file_checks: 0
2019/10/17-14:54:15.724466 7fc3a9fcb700                Options.force_consistency_checks: 0
2019/10/17-14:54:15.724466 7fc3a9fcb700                Options.report_bg_io_stats: 0
2019/10/17-14:54:15.724467 7fc3a9fcb700                               Options.ttl: 0
2019/10/17-14:54:15.724488 7fc3a9fcb700 [db/column_family.cc:472] --------------- Options for column family [active_gateways]:
2019/10/17-14:54:15.724489 7fc3a9fcb700               Options.comparator: leveldb.BytewiseComparator
2019/10/17-14:54:15.724489 7fc3a9fcb700           Options.merge_operator: None
2019/10/17-14:54:15.724490 7fc3a9fcb700        Options.compaction_filter: None
2019/10/17-14:54:15.724491 7fc3a9fcb700        Options.compaction_filter_factory: None
2019/10/17-14:54:15.724491 7fc3a9fcb700         Options.memtable_factory: SkipListFactory
2019/10/17-14:54:15.724492 7fc3a9fcb700            Options.table_factory: BlockBasedTable
2019/10/17-14:54:15.724499 7fc3a9fcb700            table_factory options:   flush_block_policy_factory: FlushBlockBySizePolicyFactory (0x7fc35006cd00)
  cache_index_and_filter_blocks: 0
  cache_index_and_filter_blocks_with_high_priority: 0
  pin_l0_filter_and_index_blocks_in_cache: 0
  pin_top_level_index_and_filter: 1
  index_type: 0
  hash_index_allow_collision: 1
  checksum: 1
  no_block_cache: 0
  block_cache: 0x7fc35007a760
  block_cache_name: LRUCache
  block_cache_options:
    capacity : 8388608
    num_shard_bits : 4
    strict_capacity_limit : 0
    memory_allocator : None
    high_pri_pool_ratio: 0.000
  block_cache_compressed: (nil)
  persistent_cache: (nil)
  block_size: 4096
  block_size_deviation: 10
  block_restart_interval: 16
  index_block_restart_interval: 1
  metadata_block_size: 4096
  partition_filters: 0
  use_delta_encoding: 1
  filter_policy: nullptr
  whole_key_filtering: 1
  verify_compression: 0
  read_amp_bytes_per_bit: 0
  format_version: 2
  enable_index_compression: 1
  block_align: 0
2019/10/17-14:54:15.724503 7fc3a9fcb700        Options.write_buffer_size: 67108864
2019/10/17-14:54:15.724504 7fc3a9fcb700  Options.max_write_buffer_number: 2
2019/10/17-14:54:15.724504 7fc3a9fcb700          Options.compression: NoCompression
2019/10/17-14:54:15.724505 7fc3a9fcb700                  Options.bottommost_compression: Disabled
2019/10/17-14:54:15.724505 7fc3a9fcb700       Options.prefix_extractor: nullptr
2019/10/17-14:54:15.724506 7fc3a9fcb700   Options.memtable_insert_with_hint_prefix_extractor: nullptr
2019/10/17-14:54:15.724506 7fc3a9fcb700             Options.num_levels: 7
2019/10/17-14:54:15.724507 7fc3a9fcb700        Options.min_write_buffer_number_to_merge: 1
2019/10/17-14:54:15.724507 7fc3a9fcb700     Options.max_write_buffer_number_to_maintain: 0
2019/10/17-14:54:15.724508 7fc3a9fcb700            Options.bottommost_compression_opts.window_bits: -14
2019/10/17-14:54:15.724508 7fc3a9fcb700                  Options.bottommost_compression_opts.level: 32767
2019/10/17-14:54:15.724509 7fc3a9fcb700               Options.bottommost_compression_opts.strategy: 0
2019/10/17-14:54:15.724509 7fc3a9fcb700         Options.bottommost_compression_opts.max_dict_bytes: 0
2019/10/17-14:54:15.724510 7fc3a9fcb700         Options.bottommost_compression_opts.zstd_max_train_bytes: 0
2019/10/17-14:54:15.724510 7fc3a9fcb700                  Options.bottommost_compression_opts.enabled: false
2019/10/17-14:54:15.724511 7fc3a9fcb700            Options.compression_opts.window_bits: -14
2019/10/17-14:54:15.724512 7fc3a9fcb700                  Options.compression_opts.level: 32767
2019/10/17-14:54:15.724512 7fc3a9fcb700               Options.compression_opts.strategy: 0
2019/10/17-14:54:15.724513 7fc3a9fcb700         Options.compression_opts.max_dict_bytes: 0
2019/10/17-14:54:15.724513 7fc3a9fcb700         Options.compression_opts.zstd_max_train_bytes: 0
2019/10/17-14:54:15.724514 7fc3a9fcb700                  Options.compression_opts.enabled: false
2019/10/17-14:54:15.724514 7fc3a9fcb700      Options.level0_file_num_compaction_trigger: 4
2019/10/17-14:54:15.724515 7fc3a9fcb700          Options.level0_slowdown_writes_trigger: 20
2019/10/17-14:54:15.724515 7fc3a9fcb700              Options.level0_stop_writes_trigger: 36
2019/10/17-14:54:15.724516 7fc3a9fcb700                   Options.target_file_size_base: 67108864
2019/10/17-14:54:15.724516 7fc3a9fcb700             Options.target_file_size_multiplier: 1
2019/10/17-14:54:15.724517 7fc3a9fcb700                Options.max_bytes_for_level_base: 268435456
2019/10/17-14:54:15.724517 7fc3a9fcb700 Options.level_compaction_dynamic_level_bytes: 0
2019/10/17-14:54:15.724518 7fc3a9fcb700          Options.max_bytes_for_level_multiplier: 10.000000
2019/10/17-14:54:15.724519 7fc3a9fcb700 Options.max_bytes_for_level_multiplier_addtl[0]: 1
2019/10/17-14:54:15.724519 7fc3a9fcb700 Options.max_bytes_for_level_multiplier_addtl[1]: 1
2019/10/17-14:54:15.724520 7fc3a9fcb700 Options.max_bytes_for_level_multiplier_addtl[2]: 1
2019/10/17-14:54:15.724520 7fc3a9fcb700 Options.max_bytes_for_level_multiplier_addtl[3]: 1
2019/10/17-14:54:15.724521 7fc3a9fcb700 Options.max_bytes_for_level_multiplier_addtl[4]: 1
2019/10/17-14:54:15.724521 7fc3a9fcb700 Options.max_bytes_for_level_multiplier_addtl[5]: 1
2019/10/17-14:54:15.724522 7fc3a9fcb700 Options.max_bytes_for_level_multiplier_addtl[6]: 1
2019/10/17-14:54:15.724522 7fc3a9fcb700       Options.max_sequential_skip_in_iterations: 8
2019/10/17-14:54:15.724525 7fc3a9fcb700                    Options.max_compaction_bytes: 1677721600
2019/10/17-14:54:15.724526 7fc3a9fcb700                        Options.arena_block_size: 8388608
2019/10/17-14:54:15.724526 7fc3a9fcb700   Options.soft_pending_compaction_bytes_limit: 68719476736
2019/10/17-14:54:15.724527 7fc3a9fcb700   Options.hard_pending_compaction_bytes_limit: 274877906944
2019/10/17-14:54:15.724528 7fc3a9fcb700       Options.rate_limit_delay_max_milliseconds: 100
2019/10/17-14:54:15.724528 7fc3a9fcb700                Options.disable_auto_compactions: 0
2019/10/17-14:54:15.724529 7fc3a9fcb700                        Options.compaction_style: kCompactionStyleLevel
2019/10/17-14:54:15.724529 7fc3a9fcb700                          Options.compaction_pri: kByCompensatedSize
2019/10/17-14:54:15.724530 7fc3a9fcb700 Options.compaction_options_universal.size_ratio: 1
2019/10/17-14:54:15.724530 7fc3a9fcb700 Options.compaction_options_universal.min_merge_width: 2
2019/10/17-14:54:15.724531 7fc3a9fcb700 Options.compaction_options_universal.max_merge_width: 4294967295
2019/10/17-14:54:15.724531 7fc3a9fcb700 Options.compaction_options_universal.max_size_amplification_percent: 200
2019/10/17-14:54:15.724532 7fc3a9fcb700 Options.compaction_options_universal.compression_size_percent: -1
2019/10/17-14:54:15.724533 7fc3a9fcb700 Options.compaction_options_universal.stop_style: kCompactionStopStyleTotalSize
2019/10/17-14:54:15.724533 7fc3a9fcb700 Options.compaction_options_fifo.max_table_files_size: 1073741824
2019/10/17-14:54:15.724534 7fc3a9fcb700 Options.compaction_options_fifo.allow_compaction: 0
2019/10/17-14:54:15.724534 7fc3a9fcb700 Options.compaction_options_fifo.ttl: 0
2019/10/17-14:54:15.724535 7fc3a9fcb700                   Options.table_properties_collectors: 
2019/10/17-14:54:15.724535 7fc3a9fcb700                   Options.inplace_update_support: 0
2019/10/17-14:54:15.724536 7fc3a9fcb700                 Options.inplace_update_num_locks: 10000
2019/10/17-14:54:15.724536 7fc3a9fcb700               Options.memtable_prefix_bloom_size_ratio: 0.000000
2019/10/17-14:54:15.724537 7fc3a9fcb700   Options.memtable_huge_page_size: 0
2019/10/17-14:54:15.724538 7fc3a9fcb700                           Options.bloom_locality: 0
2019/10/17-14:54:15.724538 7fc3a9fcb700                    Options.max_successive_merges: 0
2019/10/17-14:54:15.724539 7fc3a9fcb700                Options.optimize_filters_for_hits: 0
2019/10/17-14:54:15.724539 7fc3a9fcb700                Options.paranoid_file_checks: 0
2019/10/17-14:54:15.724540 7fc3a9fcb700                Options.force_consistency_checks: 0
2019/10/17-14:54:15.724540 7fc3a9fcb700                Options.report_bg_io_stats: 0
2019/10/17-14:54:15.724541 7fc3a9fcb700                               Options.ttl: 0
2019/10/17-14:54:15.724552 7fc3a9fcb700 [db/column_family.cc:472] --------------- Options for column family [entries]:
2019/10/17-14:54:15.724553 7fc3a9fcb700               Options.comparator: leveldb.BytewiseComparator
2019/10/17-14:54:15.724553 7fc3a9fcb700           Options.merge_operator: None
2019/10/17-14:54:15.724554 7fc3a9fcb700        Options.compaction_filter: None
2019/10/17-14:54:15.724554 7fc3a9fcb700        Options.compaction_filter_factory: None
2019/10/17-14:54:15.724555 7fc3a9fcb700         Options.memtable_factory: SkipListFactory
2019/10/17-14:54:15.724555 7fc3a9fcb700            Options.table_factory: BlockBasedTable
2019/10/17-14:54:15.724562 7fc3a9fcb700            table_factory options:   flush_block_policy_factory: FlushBlockBySizePolicyFactory (0x7fc350037eb0)
  cache_index_and_filter_blocks: 0
  cache_index_and_filter_blocks_with_high_priority: 0
  pin_l0_filter_and_index_blocks_in_cache: 0
  pin_top_level_index_and_filter: 1
  index_type: 0
  hash_index_allow_collision: 1
  checksum: 1
  no_block_cache: 0
  block_cache: 0x7fc3501075c0
  block_cache_name: LRUCache
  block_cache_options:
    capacity : 8388608
    num_shard_bits : 4
    strict_capacity_limit : 0
    memory_allocator : None
    high_pri_pool_ratio: 0.000
  block_cache_compressed: (nil)
  persistent_cache: (nil)
  block_size: 4096
  block_size_deviation: 10
  block_restart_interval: 16
  index_block_restart_interval: 1
  metadata_block_size: 4096
  partition_filters: 0
  use_delta_encoding: 1
  filter_policy: nullptr
  whole_key_filtering: 1
  verify_compression: 0
  read_amp_bytes_per_bit: 0
  format_version: 2
  enable_index_compression: 1
  block_align: 0
2019/10/17-14:54:15.724566 7fc3a9fcb700        Options.write_buffer_size: 67108864
2019/10/17-14:54:15.724566 7fc3a9fcb700  Options.max_write_buffer_number: 2
2019/10/17-14:54:15.724567 7fc3a9fcb700          Options.compression: NoCompression
2019/10/17-14:54:15.724567 7fc3a9fcb700                  Options.bottommost_compression: Disabled
2019/10/17-14:54:15.724568 7fc3a9fcb700       Options.prefix_extractor: nullptr
2019/10/17-14:54:15.724569 7fc3a9fcb700   Options.memtable_insert_with_hint_prefix_extractor: nullptr
2019/10/17-14:54:15.724569 7fc3a9fcb700             Options.num_levels: 7
2019/10/17-14:54:15.724570 7fc3a9fcb700        Options.min_write_buffer_number_to_merge: 1
2019/10/17-14:54:15.724570 7fc3a9fcb700     Options.max_write_buffer_number_to_maintain: 0
2019/10/17-14:54:15.724571 7fc3a9fcb700            Options.bottommost_compression_opts.window_bits: -14
2019/10/17-14:54:15.724571 7fc3a9fcb700                  Options.bottommost_compression_opts.level: 32767
2019/10/17-14:54:15.724572 7fc3a9fcb700               Options.bottommost_compression_opts.strategy: 0
2019/10/17-14:54:15.724572 7fc3a9fcb700         Options.bottommost_compression_opts.max_dict_bytes: 0
2019/10/17-14:54:15.724573 7fc3a9fcb700         Options.bottommost_compression_opts.zstd_max_train_bytes: 0
2019/10/17-14:54:15.724573 7fc3a9fcb700                  Options.bottommost_compression_opts.enabled: false
2019/10/17-14:54:15.724574 7fc3a9fcb700            Options.compression_opts.window_bits: -14
2019/10/17-14:54:15.724574 7fc3a9fcb700                  Options.compression_opts.level: 32767
2019/10/17-14:54:15.724575 7fc3a9fcb700               Options.compression_opts.strategy: 0
2019/10/17-14:54:15.724575 7fc3a9fcb700         Options.compression_opts.max_dict_bytes: 0
2019/10/17-14:54:15.724576 7fc3a9fcb700         Options.compression_opts.zstd_max_train_bytes: 0
2019/10/17-14:54:15.724576 7fc3a9fcb700                  Options.compression_opts.enabled: false
2019/10/17-14:54:15.724577 7fc3a9fcb700      Options.level0_file_num_compaction_trigger: 4
2019/10/17-14:54:15.724577 7fc3a9fcb700          Options.level0_slowdown_writes_trigger: 20
2019/10/17-14:54:15.724578 7fc3a9fcb700              Options.level0_stop_writes_trigger: 36
2019/10/17-14:54:15.724578 7fc3a9fcb700                   Options.target_file_size_base: 67108864
2019/10/17-14:54:15.724579 7fc3a9fcb700             Options.target_file_size_multiplier: 1
2019/10/17-14:54:15.724579 7fc3a9fcb700                Options.max_bytes_for_level_base: 268435456
2019/10/17-14:54:15.724580 7fc3a9fcb700 Options.level_compaction_dynamic_level_bytes: 0
2019/10/17-14:54:15.724580 7fc3a9fcb700          Options.max_bytes_for_level_multiplier: 10.000000
2019/10/17-14:54:15.724581 7fc3a9fcb700 Options.max_bytes_for_level_multiplier_addtl[0]: 1
2019/10/17-14:54:15.724582 7fc3a9fcb700 Options.max_bytes_for_level_multiplier_addtl[1]: 1
2019/10/17-14:54:15.724582 7fc3a9fcb700 Options.max_bytes_for_level_multiplier_addtl[2]: 1
2019/10/17-14:54:15.724583 7fc3a9fcb700 Options.max_bytes_for_level_multiplier_addtl[3]: 1
2019/10/17-14:54:15.724583 7fc3a9fcb700 Options.max_bytes_for_level_multiplier_addtl[4]: 1
2019/10/17-14:54:15.724584 7fc3a9fcb700 Options.max_bytes_for_level_multiplier_addtl[5]: 1
2019/10/17-14:54:15.724584 7fc3a9fcb700 Options.max_bytes_for_level_multiplier_addtl[6]: 1
2019/10/17-14:54:15.724585 7fc3a9fcb700       Options.max_sequential_skip_in_iterations: 8
2019/10/17-14:54:15.724585 7fc3a9fcb700                    Options.max_compaction_bytes: 1677721600
2019/10/17-14:54:15.724586 7fc3a9fcb700                        Options.arena_block_size: 8388608
2019/10/17-14:54:15.724586 7fc3a9fcb700   Options.soft_pending_compaction_bytes_limit: 68719476736
2019/10/17-14:54:15.724589 7fc3a9fcb700   Options.hard_pending_compaction_bytes_limit: 274877906944
2019/10/17-14:54:15.724590 7fc3a9fcb700       Options.rate_limit_delay_max_milliseconds: 100
2019/10/17-14:54:15.724591 7fc3a9fcb700                Options.disable_auto_compactions: 0
2019/10/17-14:54:15.724591 7fc3a9fcb700                        Options.compaction_style: kCompactionStyleLevel
2019/10/17-14:54:15.724592 7fc3a9fcb700                          Options.compaction_pri: kByCompensatedSize
2019/10/17-14:54:15.724592 7fc3a9fcb700 Options.compaction_options_universal.size_ratio: 1
2019/10/17-14:54:15.724593 7fc3a9fcb700 Options.compaction_options_universal.min_merge_width: 2
2019/10/17-14:54:15.724593 7fc3a9fcb700 Options.compaction_options_universal.max_merge_width: 4294967295
2019/10/17-14:54:15.724594 7fc3a9fcb700 Options.compaction_options_universal.max_size_amplification_percent: 200
2019/10/17-14:54:15.724594 7fc3a9fcb700 Options.compaction_options_universal.compression_size_percent: -1
2019/10/17-14:54:15.724595 7fc3a9fcb700 Options.compaction_options_universal.stop_style: kCompactionStopStyleTotalSize
2019/10/17-14:54:15.724595 7fc3a9fcb700 Options.compaction_options_fifo.max_table_files_size: 1073741824
2019/10/17-14:54:15.724596 7fc3a9fcb700 Options.compaction_options_fifo.allow_compaction: 0
2019/10/17-14:54:15.724596 7fc3a9fcb700 Options.compaction_options_fifo.ttl: 0
2019/10/17-14:54:15.724597 7fc3a9fcb700                   Options.table_properties_collectors: 
2019/10/17-14:54:15.724598 7fc3a9fcb700                   Options.inplace_update_support: 0
2019/10/17-14:54:15.724598 7fc3a9fcb700                 Options.inplace_update_num_locks: 10000
2019/10/17-14:54:15.724599 7fc3a9fcb700               Options.memtable_prefix_bloom_size_ratio: 0.000000
2019/10/17-14:54:15.724599 7fc3a9fcb700   Options.memtable_huge_page_size: 0
2019/10/17-14:54:15.724600 7fc3a9fcb700                           Options.bloom_locality: 0
2019/10/17-14:54:15.724600 7fc3a9fcb700                    Options.max_successive_merges: 0
2019/10/17-14:54:15.724601 7fc3a9fcb700                Options.optimize_filters_for_hits: 0
2019/10/17-14:54:15.724601 7fc3a9fcb700                Options.paranoid_file_checks: 0
2019/10/17-14:54:15.724602 7fc3a9fcb700                Options.force_consistency_checks: 0
2019/10/17-14:54:15.724602 7fc3a9fcb700                Options.report_bg_io_stats: 0
2019/10/17-14:54:15.724603 7fc3a9fcb700                               Options.ttl: 0
2019/10/17-14:54:15.724613 7fc3a9fcb700 [db/column_family.cc:472] --------------- Options for column family [dc_entries]:
2019/10/17-14:54:15.724614 7fc3a9fcb700               Options.comparator: leveldb.BytewiseComparator
2019/10/17-14:54:15.724614 7fc3a9fcb700           Options.merge_operator: None
2019/10/17-14:54:15.724615 7fc3a9fcb700        Options.compaction_filter: None
2019/10/17-14:54:15.724615 7fc3a9fcb700        Options.compaction_filter_factory: None
2019/10/17-14:54:15.724616 7fc3a9fcb700         Options.memtable_factory: SkipListFactory
2019/10/17-14:54:15.724616 7fc3a9fcb700            Options.table_factory: BlockBasedTable
2019/10/17-14:54:15.724622 7fc3a9fcb700            table_factory options:   flush_block_policy_factory: FlushBlockBySizePolicyFactory (0x7fc35000b100)
  cache_index_and_filter_blocks: 0
  cache_index_and_filter_blocks_with_high_priority: 0
  pin_l0_filter_and_index_blocks_in_cache: 0
  pin_top_level_index_and_filter: 1
  index_type: 0
  hash_index_allow_collision: 1
  checksum: 1
  no_block_cache: 0
  block_cache: 0x7fc3500e2180
  block_cache_name: LRUCache
  block_cache_options:
    capacity : 8388608
    num_shard_bits : 4
    strict_capacity_limit : 0
    memory_allocator : None
    high_pri_pool_ratio: 0.000
  block_cache_compressed: (nil)
  persistent_cache: (nil)
  block_size: 4096
  block_size_deviation: 10
  block_restart_interval: 16
  index_block_restart_interval: 1
  metadata_block_size: 4096
  partition_filters: 0
  use_delta_encoding: 1
  filter_policy: nullptr
  whole_key_filtering: 1
  verify_compression: 0
  read_amp_bytes_per_bit: 0
  format_version: 2
  enable_index_compression: 1
  block_align: 0
2019/10/17-14:54:15.724626 7fc3a9fcb700        Options.write_buffer_size: 67108864
2019/10/17-14:54:15.724627 7fc3a9fcb700  Options.max_write_buffer_number: 2
2019/10/17-14:54:15.724628 7fc3a9fcb700          Options.compression: NoCompression
2019/10/17-14:54:15.724628 7fc3a9fcb700                  Options.bottommost_compression: Disabled
2019/10/17-14:54:15.724629 7fc3a9fcb700       Options.prefix_extractor: nullptr
2019/10/17-14:54:15.724629 7fc3a9fcb700   Options.memtable_insert_with_hint_prefix_extractor: nullptr
2019/10/17-14:54:15.724630 7fc3a9fcb700             Options.num_levels: 7
2019/10/17-14:54:15.724630 7fc3a9fcb700        Options.min_write_buffer_number_to_merge: 1
2019/10/17-14:54:15.724631 7fc3a9fcb700     Options.max_write_buffer_number_to_maintain: 0
2019/10/17-14:54:15.724631 7fc3a9fcb700            Options.bottommost_compression_opts.window_bits: -14
2019/10/17-14:54:15.724632 7fc3a9fcb700                  Options.bottommost_compression_opts.level: 32767
2019/10/17-14:54:15.724632 7fc3a9fcb700               Options.bottommost_compression_opts.strategy: 0
2019/10/17-14:54:15.724633 7fc3a9fcb700         Options.bottommost_compression_opts.max_dict_bytes: 0
2019/10/17-14:54:15.724633 7fc3a9fcb700         Options.bottommost_compression_opts.zstd_max_train_bytes: 0
2019/10/17-14:54:15.724634 7fc3a9fcb700                  Options.bottommost_compression_opts.enabled: false
2019/10/17-14:54:15.724634 7fc3a9fcb700            Options.compression_opts.window_bits: -14
2019/10/17-14:54:15.724635 7fc3a9fcb700                  Options.compression_opts.level: 32767
2019/10/17-14:54:15.724635 7fc3a9fcb700               Options.compression_opts.strategy: 0
2019/10/17-14:54:15.724636 7fc3a9fcb700         Options.compression_opts.max_dict_bytes: 0
2019/10/17-14:54:15.724636 7fc3a9fcb700         Options.compression_opts.zstd_max_train_bytes: 0
2019/10/17-14:54:15.724637 7fc3a9fcb700                  Options.compression_opts.enabled: false
2019/10/17-14:54:15.724637 7fc3a9fcb700      Options.level0_file_num_compaction_trigger: 4
2019/10/17-14:54:15.724638 7fc3a9fcb700          Options.level0_slowdown_writes_trigger: 20
2019/10/17-14:54:15.724638 7fc3a9fcb700              Options.level0_stop_writes_trigger: 36
2019/10/17-14:54:15.724639 7fc3a9fcb700                   Options.target_file_size_base: 67108864
2019/10/17-14:54:15.724639 7fc3a9fcb700             Options.target_file_size_multiplier: 1
2019/10/17-14:54:15.724640 7fc3a9fcb700                Options.max_bytes_for_level_base: 268435456
2019/10/17-14:54:15.724640 7fc3a9fcb700 Options.level_compaction_dynamic_level_bytes: 0
2019/10/17-14:54:15.724641 7fc3a9fcb700          Options.max_bytes_for_level_multiplier: 10.000000
2019/10/17-14:54:15.724642 7fc3a9fcb700 Options.max_bytes_for_level_multiplier_addtl[0]: 1
2019/10/17-14:54:15.724642 7fc3a9fcb700 Options.max_bytes_for_level_multiplier_addtl[1]: 1
2019/10/17-14:54:15.724643 7fc3a9fcb700 Options.max_bytes_for_level_multiplier_addtl[2]: 1
2019/10/17-14:54:15.724643 7fc3a9fcb700 Options.max_bytes_for_level_multiplier_addtl[3]: 1
2019/10/17-14:54:15.724644 7fc3a9fcb700 Options.max_bytes_for_level_multiplier_addtl[4]: 1
2019/10/17-14:54:15.724644 7fc3a9fcb700 Options.max_bytes_for_level_multiplier_addtl[5]: 1
2019/10/17-14:54:15.724645 7fc3a9fcb700 Options.max_bytes_for_level_multiplier_addtl[6]: 1
2019/10/17-14:54:15.724645 7fc3a9fcb700       Options.max_sequential_skip_in_iterations: 8
2019/10/17-14:54:15.724646 7fc3a9fcb700                    Options.max_compaction_bytes: 1677721600
2019/10/17-14:54:15.724646 7fc3a9fcb700                        Options.arena_block_size: 8388608
2019/10/17-14:54:15.724647 7fc3a9fcb700   Options.soft_pending_compaction_bytes_limit: 68719476736
2019/10/17-14:54:15.724647 7fc3a9fcb700   Options.hard_pending_compaction_bytes_limit: 274877906944
2019/10/17-14:54:15.724648 7fc3a9fcb700       Options.rate_limit_delay_max_milliseconds: 100
2019/10/17-14:54:15.724648 7fc3a9fcb700                Options.disable_auto_compactions: 0
2019/10/17-14:54:15.724652 7fc3a9fcb700                        Options.compaction_style: kCompactionStyleLevel
2019/10/17-14:54:15.724652 7fc3a9fcb700                          Options.compaction_pri: kByCompensatedSize
2019/10/17-14:54:15.724653 7fc3a9fcb700 Options.compaction_options_universal.size_ratio: 1
2019/10/17-14:54:15.724653 7fc3a9fcb700 Options.compaction_options_universal.min_merge_width: 2
2019/10/17-14:54:15.724654 7fc3a9fcb700 Options.compaction_options_universal.max_merge_width: 4294967295
2019/10/17-14:54:15.724654 7fc3a9fcb700 Options.compaction_options_universal.max_size_amplification_percent: 200
2019/10/17-14:54:15.724655 7fc3a9fcb700 Options.compaction_options_universal.compression_size_percent: -1
2019/10/17-14:54:15.724655 7fc3a9fcb700 Options.compaction_options_universal.stop_style: kCompactionStopStyleTotalSize
2019/10/17-14:54:15.724656 7fc3a9fcb700 Options.compaction_options_fifo.max_table_files_size: 1073741824
2019/10/17-14:54:15.724657 7fc3a9fcb700 Options.compaction_options_fifo.allow_compaction: 0
2019/10/17-14:54:15.724657 7fc3a9fcb700 Options.compaction_options_fifo.ttl: 0
2019/10/17-14:54:15.724658 7fc3a9fcb700                   Options.table_properties_collectors: 
2019/10/17-14:54:15.724658 7fc3a9fcb700                   Options.inplace_update_support: 0
2019/10/17-14:54:15.724659 7fc3a9fcb700                 Options.inplace_update_num_locks: 10000
2019/10/17-14:54:15.724659 7fc3a9fcb700               Options.memtable_prefix_bloom_size_ratio: 0.000000
2019/10/17-14:54:15.724660 7fc3a9fcb700   Options.memtable_huge_page_size: 0
2019/10/17-14:54:15.724660 7fc3a9fcb700                           Options.bloom_locality: 0
2019/10/17-14:54:15.724661 7fc3a9fcb700                    Options.max_successive_merges: 0
2019/10/17-14:54:15.724661 7fc3a9fcb700                Options.optimize_filters_for_hits: 0
2019/10/17-14:54:15.724662 7fc3a9fcb700                Options.paranoid_file_checks: 0
2019/10/17-14:54:15.724662 7fc3a9fcb700                Options.force_consistency_checks: 0
2019/10/17-14:54:15.724663 7fc3a9fcb700                Options.report_bg_io_stats: 0
2019/10/17-14:54:15.724663 7fc3a9fcb700                               Options.ttl: 0
2019/10/17-14:54:15.724672 7fc3a9fcb700 [db/column_family.cc:472] --------------- Options for column family [htlcs]:
2019/10/17-14:54:15.724673 7fc3a9fcb700               Options.comparator: leveldb.BytewiseComparator
2019/10/17-14:54:15.724673 7fc3a9fcb700           Options.merge_operator: None
2019/10/17-14:54:15.724674 7fc3a9fcb700        Options.compaction_filter: None
2019/10/17-14:54:15.724674 7fc3a9fcb700        Options.compaction_filter_factory: None
2019/10/17-14:54:15.724675 7fc3a9fcb700         Options.memtable_factory: SkipListFactory
2019/10/17-14:54:15.724675 7fc3a9fcb700            Options.table_factory: BlockBasedTable
2019/10/17-14:54:15.724681 7fc3a9fcb700            table_factory options:   flush_block_policy_factory: FlushBlockBySizePolicyFactory (0x7fc35002aa20)
