2019/10/17-14:56:04.644132 7fbc2cd30700 RocksDB version: 5.18.3
2019/10/17-14:56:04.644165 7fbc2cd30700 Git sha rocksdb_build_git_sha:@0@
2019/10/17-14:56:04.644167 7fbc2cd30700 Compile date Sep 19 2019
2019/10/17-14:56:04.644168 7fbc2cd30700 DB SUMMARY
2019/10/17-14:56:04.644845 7fbc2cd30700 CURRENT file:  CURRENT
2019/10/17-14:56:04.644846 7fbc2cd30700 IDENTITY file:  IDENTITY
2019/10/17-14:56:04.644872 7fbc2cd30700 MANIFEST file:  MANIFEST-116746 size: 4114 Bytes
2019/10/17-14:56:04.644874 7fbc2cd30700 SST files in /home/rahul/dev/blockchain-core/eqc/ledger.db dir, Total Num: 29, files: 000624.sst 000627.sst 106940.sst 108447.sst 108450.sst 109471.sst 109483.sst 109485.sst 109486.sst 
2019/10/17-14:56:04.644875 7fbc2cd30700 Write Ahead Log file in /home/rahul/dev/blockchain-core/eqc/ledger.db: 116747.log size: 0 ; 
2019/10/17-14:56:04.644905 7fbc2cd30700                         Options.error_if_exists: 0
2019/10/17-14:56:04.644906 7fbc2cd30700                       Options.create_if_missing: 1
2019/10/17-14:56:04.644907 7fbc2cd30700                         Options.paranoid_checks: 1
2019/10/17-14:56:04.644908 7fbc2cd30700                                     Options.env: 0x7fbbafa7bc60
2019/10/17-14:56:04.644908 7fbc2cd30700                                Options.info_log: 0x7fbbb803af10
2019/10/17-14:56:04.644909 7fbc2cd30700                Options.max_file_opening_threads: 16
2019/10/17-14:56:04.644910 7fbc2cd30700                              Options.statistics: (nil)
2019/10/17-14:56:04.644911 7fbc2cd30700                               Options.use_fsync: 0
2019/10/17-14:56:04.644911 7fbc2cd30700                       Options.max_log_file_size: 0
2019/10/17-14:56:04.644912 7fbc2cd30700                  Options.max_manifest_file_size: 1073741824
2019/10/17-14:56:04.644913 7fbc2cd30700                   Options.log_file_time_to_roll: 0
2019/10/17-14:56:04.644914 7fbc2cd30700                       Options.keep_log_file_num: 1000
2019/10/17-14:56:04.644914 7fbc2cd30700                    Options.recycle_log_file_num: 0
2019/10/17-14:56:04.644915 7fbc2cd30700                         Options.allow_fallocate: 1
2019/10/17-14:56:04.644916 7fbc2cd30700                        Options.allow_mmap_reads: 0
2019/10/17-14:56:04.644916 7fbc2cd30700                       Options.allow_mmap_writes: 0
2019/10/17-14:56:04.644917 7fbc2cd30700                        Options.use_direct_reads: 0
2019/10/17-14:56:04.644918 7fbc2cd30700                        Options.use_direct_io_for_flush_and_compaction: 0
2019/10/17-14:56:04.644918 7fbc2cd30700          Options.create_missing_column_families: 0
2019/10/17-14:56:04.644919 7fbc2cd30700                              Options.db_log_dir: 
2019/10/17-14:56:04.644920 7fbc2cd30700                                 Options.wal_dir: /home/rahul/dev/blockchain-core/eqc/ledger.db
2019/10/17-14:56:04.644920 7fbc2cd30700                Options.table_cache_numshardbits: 6
2019/10/17-14:56:04.644921 7fbc2cd30700                      Options.max_subcompactions: 1
2019/10/17-14:56:04.644922 7fbc2cd30700                  Options.max_background_flushes: -1
2019/10/17-14:56:04.644922 7fbc2cd30700                         Options.WAL_ttl_seconds: 0
2019/10/17-14:56:04.644923 7fbc2cd30700                       Options.WAL_size_limit_MB: 0
2019/10/17-14:56:04.644924 7fbc2cd30700             Options.manifest_preallocation_size: 4194304
2019/10/17-14:56:04.644924 7fbc2cd30700                     Options.is_fd_close_on_exec: 1
2019/10/17-14:56:04.644925 7fbc2cd30700                   Options.advise_random_on_open: 1
2019/10/17-14:56:04.644926 7fbc2cd30700                    Options.db_write_buffer_size: 0
2019/10/17-14:56:04.644927 7fbc2cd30700                    Options.write_buffer_manager: 0x7fbbb8090db0
2019/10/17-14:56:04.644927 7fbc2cd30700         Options.access_hint_on_compaction_start: 1
2019/10/17-14:56:04.644928 7fbc2cd30700  Options.new_table_reader_for_compaction_inputs: 0
2019/10/17-14:56:04.644929 7fbc2cd30700           Options.random_access_max_buffer_size: 1048576
2019/10/17-14:56:04.644929 7fbc2cd30700                      Options.use_adaptive_mutex: 0
2019/10/17-14:56:04.644930 7fbc2cd30700                            Options.rate_limiter: (nil)
2019/10/17-14:56:04.644939 7fbc2cd30700     Options.sst_file_manager.rate_bytes_per_sec: 0
2019/10/17-14:56:04.644940 7fbc2cd30700                       Options.wal_recovery_mode: 2
2019/10/17-14:56:04.644940 7fbc2cd30700                  Options.enable_thread_tracking: 0
2019/10/17-14:56:04.644941 7fbc2cd30700                  Options.enable_pipelined_write: 0
2019/10/17-14:56:04.644942 7fbc2cd30700         Options.allow_concurrent_memtable_write: 1
2019/10/17-14:56:04.644942 7fbc2cd30700      Options.enable_write_thread_adaptive_yield: 1
2019/10/17-14:56:04.644943 7fbc2cd30700             Options.write_thread_max_yield_usec: 100
2019/10/17-14:56:04.644944 7fbc2cd30700            Options.write_thread_slow_yield_usec: 3
2019/10/17-14:56:04.644944 7fbc2cd30700                               Options.row_cache: None
2019/10/17-14:56:04.644945 7fbc2cd30700                              Options.wal_filter: None
2019/10/17-14:56:04.644946 7fbc2cd30700             Options.avoid_flush_during_recovery: 0
2019/10/17-14:56:04.644946 7fbc2cd30700             Options.allow_ingest_behind: 0
2019/10/17-14:56:04.644947 7fbc2cd30700             Options.preserve_deletes: 0
2019/10/17-14:56:04.644948 7fbc2cd30700             Options.two_write_queues: 0
2019/10/17-14:56:04.644948 7fbc2cd30700             Options.manual_wal_flush: 0
2019/10/17-14:56:04.644949 7fbc2cd30700             Options.max_background_jobs: 2
2019/10/17-14:56:04.644950 7fbc2cd30700             Options.max_background_compactions: -1
2019/10/17-14:56:04.644950 7fbc2cd30700             Options.avoid_flush_during_shutdown: 0
2019/10/17-14:56:04.644951 7fbc2cd30700           Options.writable_file_max_buffer_size: 1048576
2019/10/17-14:56:04.644952 7fbc2cd30700             Options.delayed_write_rate : 16777216
2019/10/17-14:56:04.644953 7fbc2cd30700             Options.max_total_wal_size: 0
2019/10/17-14:56:04.644953 7fbc2cd30700             Options.delete_obsolete_files_period_micros: 21600000000
2019/10/17-14:56:04.644954 7fbc2cd30700                   Options.stats_dump_period_sec: 600
2019/10/17-14:56:04.644955 7fbc2cd30700                          Options.max_open_files: -1
2019/10/17-14:56:04.644955 7fbc2cd30700                          Options.bytes_per_sync: 0
2019/10/17-14:56:04.644956 7fbc2cd30700                      Options.wal_bytes_per_sync: 0
2019/10/17-14:56:04.644957 7fbc2cd30700       Options.compaction_readahead_size: 0
2019/10/17-14:56:04.644957 7fbc2cd30700 Compression algorithms supported:
2019/10/17-14:56:04.644958 7fbc2cd30700 	kZSTDNotFinalCompression supported: 0
2019/10/17-14:56:04.644959 7fbc2cd30700 	kZSTD supported: 0
2019/10/17-14:56:04.644960 7fbc2cd30700 	kXpressCompression supported: 0
2019/10/17-14:56:04.644961 7fbc2cd30700 	kLZ4HCCompression supported: 0
2019/10/17-14:56:04.644961 7fbc2cd30700 	kLZ4Compression supported: 0
2019/10/17-14:56:04.644962 7fbc2cd30700 	kBZip2Compression supported: 0
2019/10/17-14:56:04.644963 7fbc2cd30700 	kZlibCompression supported: 0
2019/10/17-14:56:04.644964 7fbc2cd30700 	kSnappyCompression supported: 0
2019/10/17-14:56:04.644965 7fbc2cd30700 Fast CRC32 supported: Supported on x86
2019/10/17-14:56:04.645049 7fbc2cd30700 [db/version_set.cc:3507] Recovering from manifest file: MANIFEST-116746
2019/10/17-14:56:04.645078 7fbc2cd30700 [db/column_family.cc:472] --------------- Options for column family [default]:
2019/10/17-14:56:04.645079 7fbc2cd30700               Options.comparator: leveldb.BytewiseComparator
2019/10/17-14:56:04.645080 7fbc2cd30700           Options.merge_operator: None
2019/10/17-14:56:04.645081 7fbc2cd30700        Options.compaction_filter: None
2019/10/17-14:56:04.645081 7fbc2cd30700        Options.compaction_filter_factory: None
2019/10/17-14:56:04.645082 7fbc2cd30700         Options.memtable_factory: SkipListFactory
2019/10/17-14:56:04.645083 7fbc2cd30700            Options.table_factory: BlockBasedTable
2019/10/17-14:56:04.645097 7fbc2cd30700            table_factory options:   flush_block_policy_factory: FlushBlockBySizePolicyFactory (0x7fbbb80290a0)
  cache_index_and_filter_blocks: 0
  cache_index_and_filter_blocks_with_high_priority: 0
  pin_l0_filter_and_index_blocks_in_cache: 0
  pin_top_level_index_and_filter: 1
  index_type: 0
  hash_index_allow_collision: 1
  checksum: 1
  no_block_cache: 0
  block_cache: 0x7fbbb80f24b0
  block_cache_name: LRUCache
  block_cache_options:
    capacity : 8388608
    num_shard_bits : 4
    strict_capacity_limit : 0
    memory_allocator : None
    high_pri_pool_ratio: 0.000
  block_cache_compressed: (nil)
  persistent_cache: (nil)
  block_size: 4096
  block_size_deviation: 10
  block_restart_interval: 16
  index_block_restart_interval: 1
  metadata_block_size: 4096
  partition_filters: 0
  use_delta_encoding: 1
  filter_policy: nullptr
  whole_key_filtering: 1
  verify_compression: 0
  read_amp_bytes_per_bit: 0
  format_version: 2
  enable_index_compression: 1
  block_align: 0
2019/10/17-14:56:04.645105 7fbc2cd30700        Options.write_buffer_size: 67108864
2019/10/17-14:56:04.645106 7fbc2cd30700  Options.max_write_buffer_number: 2
2019/10/17-14:56:04.645107 7fbc2cd30700          Options.compression: NoCompression
2019/10/17-14:56:04.645107 7fbc2cd30700                  Options.bottommost_compression: Disabled
2019/10/17-14:56:04.645108 7fbc2cd30700       Options.prefix_extractor: nullptr
2019/10/17-14:56:04.645109 7fbc2cd30700   Options.memtable_insert_with_hint_prefix_extractor: nullptr
2019/10/17-14:56:04.645109 7fbc2cd30700             Options.num_levels: 7
2019/10/17-14:56:04.645110 7fbc2cd30700        Options.min_write_buffer_number_to_merge: 1
2019/10/17-14:56:04.645111 7fbc2cd30700     Options.max_write_buffer_number_to_maintain: 0
2019/10/17-14:56:04.645111 7fbc2cd30700            Options.bottommost_compression_opts.window_bits: -14
2019/10/17-14:56:04.645112 7fbc2cd30700                  Options.bottommost_compression_opts.level: 32767
2019/10/17-14:56:04.645113 7fbc2cd30700               Options.bottommost_compression_opts.strategy: 0
2019/10/17-14:56:04.645113 7fbc2cd30700         Options.bottommost_compression_opts.max_dict_bytes: 0
2019/10/17-14:56:04.645114 7fbc2cd30700         Options.bottommost_compression_opts.zstd_max_train_bytes: 0
2019/10/17-14:56:04.645115 7fbc2cd30700                  Options.bottommost_compression_opts.enabled: false
2019/10/17-14:56:04.645116 7fbc2cd30700            Options.compression_opts.window_bits: -14
2019/10/17-14:56:04.645116 7fbc2cd30700                  Options.compression_opts.level: 32767
2019/10/17-14:56:04.645117 7fbc2cd30700               Options.compression_opts.strategy: 0
2019/10/17-14:56:04.645118 7fbc2cd30700         Options.compression_opts.max_dict_bytes: 0
2019/10/17-14:56:04.645118 7fbc2cd30700         Options.compression_opts.zstd_max_train_bytes: 0
2019/10/17-14:56:04.645119 7fbc2cd30700                  Options.compression_opts.enabled: false
2019/10/17-14:56:04.645120 7fbc2cd30700      Options.level0_file_num_compaction_trigger: 4
2019/10/17-14:56:04.645120 7fbc2cd30700          Options.level0_slowdown_writes_trigger: 20
2019/10/17-14:56:04.645121 7fbc2cd30700              Options.level0_stop_writes_trigger: 36
2019/10/17-14:56:04.645122 7fbc2cd30700                   Options.target_file_size_base: 67108864
2019/10/17-14:56:04.645122 7fbc2cd30700             Options.target_file_size_multiplier: 1
2019/10/17-14:56:04.645123 7fbc2cd30700                Options.max_bytes_for_level_base: 268435456
2019/10/17-14:56:04.645124 7fbc2cd30700 Options.level_compaction_dynamic_level_bytes: 0
2019/10/17-14:56:04.645124 7fbc2cd30700          Options.max_bytes_for_level_multiplier: 10.000000
2019/10/17-14:56:04.645126 7fbc2cd30700 Options.max_bytes_for_level_multiplier_addtl[0]: 1
2019/10/17-14:56:04.645127 7fbc2cd30700 Options.max_bytes_for_level_multiplier_addtl[1]: 1
2019/10/17-14:56:04.645128 7fbc2cd30700 Options.max_bytes_for_level_multiplier_addtl[2]: 1
2019/10/17-14:56:04.645128 7fbc2cd30700 Options.max_bytes_for_level_multiplier_addtl[3]: 1
2019/10/17-14:56:04.645129 7fbc2cd30700 Options.max_bytes_for_level_multiplier_addtl[4]: 1
2019/10/17-14:56:04.645133 7fbc2cd30700 Options.max_bytes_for_level_multiplier_addtl[5]: 1
2019/10/17-14:56:04.645134 7fbc2cd30700 Options.max_bytes_for_level_multiplier_addtl[6]: 1
2019/10/17-14:56:04.645135 7fbc2cd30700       Options.max_sequential_skip_in_iterations: 8
2019/10/17-14:56:04.645135 7fbc2cd30700                    Options.max_compaction_bytes: 1677721600
2019/10/17-14:56:04.645136 7fbc2cd30700                        Options.arena_block_size: 8388608
2019/10/17-14:56:04.645137 7fbc2cd30700   Options.soft_pending_compaction_bytes_limit: 68719476736
2019/10/17-14:56:04.645137 7fbc2cd30700   Options.hard_pending_compaction_bytes_limit: 274877906944
2019/10/17-14:56:04.645138 7fbc2cd30700       Options.rate_limit_delay_max_milliseconds: 100
2019/10/17-14:56:04.645139 7fbc2cd30700                Options.disable_auto_compactions: 0
2019/10/17-14:56:04.645140 7fbc2cd30700                        Options.compaction_style: kCompactionStyleLevel
2019/10/17-14:56:04.645141 7fbc2cd30700                          Options.compaction_pri: kByCompensatedSize
2019/10/17-14:56:04.645142 7fbc2cd30700 Options.compaction_options_universal.size_ratio: 1
2019/10/17-14:56:04.645143 7fbc2cd30700 Options.compaction_options_universal.min_merge_width: 2
2019/10/17-14:56:04.645143 7fbc2cd30700 Options.compaction_options_universal.max_merge_width: 4294967295
2019/10/17-14:56:04.645144 7fbc2cd30700 Options.compaction_options_universal.max_size_amplification_percent: 200
2019/10/17-14:56:04.645145 7fbc2cd30700 Options.compaction_options_universal.compression_size_percent: -1
2019/10/17-14:56:04.645146 7fbc2cd30700 Options.compaction_options_universal.stop_style: kCompactionStopStyleTotalSize
2019/10/17-14:56:04.645146 7fbc2cd30700 Options.compaction_options_fifo.max_table_files_size: 1073741824
2019/10/17-14:56:04.645147 7fbc2cd30700 Options.compaction_options_fifo.allow_compaction: 0
2019/10/17-14:56:04.645148 7fbc2cd30700 Options.compaction_options_fifo.ttl: 0
2019/10/17-14:56:04.645148 7fbc2cd30700                   Options.table_properties_collectors: 
2019/10/17-14:56:04.645149 7fbc2cd30700                   Options.inplace_update_support: 0
2019/10/17-14:56:04.645150 7fbc2cd30700                 Options.inplace_update_num_locks: 10000
2019/10/17-14:56:04.645150 7fbc2cd30700               Options.memtable_prefix_bloom_size_ratio: 0.000000
2019/10/17-14:56:04.645151 7fbc2cd30700   Options.memtable_huge_page_size: 0
2019/10/17-14:56:04.645152 7fbc2cd30700                           Options.bloom_locality: 0
2019/10/17-14:56:04.645153 7fbc2cd30700                    Options.max_successive_merges: 0
2019/10/17-14:56:04.645153 7fbc2cd30700                Options.optimize_filters_for_hits: 0
2019/10/17-14:56:04.645154 7fbc2cd30700                Options.paranoid_file_checks: 0
2019/10/17-14:56:04.645155 7fbc2cd30700                Options.force_consistency_checks: 0
2019/10/17-14:56:04.645156 7fbc2cd30700                Options.report_bg_io_stats: 0
2019/10/17-14:56:04.645156 7fbc2cd30700                               Options.ttl: 0
2019/10/17-14:56:04.645181 7fbc2cd30700 [db/column_family.cc:472] --------------- Options for column family [active_gateways]:
2019/10/17-14:56:04.645182 7fbc2cd30700               Options.comparator: leveldb.BytewiseComparator
2019/10/17-14:56:04.645183 7fbc2cd30700           Options.merge_operator: None
2019/10/17-14:56:04.645183 7fbc2cd30700        Options.compaction_filter: None
2019/10/17-14:56:04.645184 7fbc2cd30700        Options.compaction_filter_factory: None
2019/10/17-14:56:04.645185 7fbc2cd30700         Options.memtable_factory: SkipListFactory
2019/10/17-14:56:04.645186 7fbc2cd30700            Options.table_factory: BlockBasedTable
2019/10/17-14:56:04.645195 7fbc2cd30700            table_factory options:   flush_block_policy_factory: FlushBlockBySizePolicyFactory (0x7fbbb80224e0)
  cache_index_and_filter_blocks: 0
  cache_index_and_filter_blocks_with_high_priority: 0
  pin_l0_filter_and_index_blocks_in_cache: 0
  pin_top_level_index_and_filter: 1
  index_type: 0
  hash_index_allow_collision: 1
  checksum: 1
  no_block_cache: 0
  block_cache: 0x7fbbb8072d40
  block_cache_name: LRUCache
  block_cache_options:
    capacity : 8388608
    num_shard_bits : 4
    strict_capacity_limit : 0
    memory_allocator : None
    high_pri_pool_ratio: 0.000
  block_cache_compressed: (nil)
  persistent_cache: (nil)
  block_size: 4096
  block_size_deviation: 10
  block_restart_interval: 16
  index_block_restart_interval: 1
  metadata_block_size: 4096
  partition_filters: 0
  use_delta_encoding: 1
  filter_policy: nullptr
  whole_key_filtering: 1
  verify_compression: 0
  read_amp_bytes_per_bit: 0
  format_version: 2
  enable_index_compression: 1
  block_align: 0
2019/10/17-14:56:04.645201 7fbc2cd30700        Options.write_buffer_size: 67108864
2019/10/17-14:56:04.645202 7fbc2cd30700  Options.max_write_buffer_number: 2
2019/10/17-14:56:04.645202 7fbc2cd30700          Options.compression: NoCompression
2019/10/17-14:56:04.645203 7fbc2cd30700                  Options.bottommost_compression: Disabled
2019/10/17-14:56:04.645204 7fbc2cd30700       Options.prefix_extractor: nullptr
2019/10/17-14:56:04.645204 7fbc2cd30700   Options.memtable_insert_with_hint_prefix_extractor: nullptr
2019/10/17-14:56:04.645205 7fbc2cd30700             Options.num_levels: 7
2019/10/17-14:56:04.645206 7fbc2cd30700        Options.min_write_buffer_number_to_merge: 1
2019/10/17-14:56:04.645206 7fbc2cd30700     Options.max_write_buffer_number_to_maintain: 0
2019/10/17-14:56:04.645207 7fbc2cd30700            Options.bottommost_compression_opts.window_bits: -14
2019/10/17-14:56:04.645208 7fbc2cd30700                  Options.bottommost_compression_opts.level: 32767
2019/10/17-14:56:04.645208 7fbc2cd30700               Options.bottommost_compression_opts.strategy: 0
2019/10/17-14:56:04.645209 7fbc2cd30700         Options.bottommost_compression_opts.max_dict_bytes: 0
2019/10/17-14:56:04.645210 7fbc2cd30700         Options.bottommost_compression_opts.zstd_max_train_bytes: 0
2019/10/17-14:56:04.645210 7fbc2cd30700                  Options.bottommost_compression_opts.enabled: false
2019/10/17-14:56:04.645211 7fbc2cd30700            Options.compression_opts.window_bits: -14
2019/10/17-14:56:04.645212 7fbc2cd30700                  Options.compression_opts.level: 32767
2019/10/17-14:56:04.645212 7fbc2cd30700               Options.compression_opts.strategy: 0
2019/10/17-14:56:04.645213 7fbc2cd30700         Options.compression_opts.max_dict_bytes: 0
2019/10/17-14:56:04.645213 7fbc2cd30700         Options.compression_opts.zstd_max_train_bytes: 0
2019/10/17-14:56:04.645214 7fbc2cd30700                  Options.compression_opts.enabled: false
2019/10/17-14:56:04.645215 7fbc2cd30700      Options.level0_file_num_compaction_trigger: 4
2019/10/17-14:56:04.645215 7fbc2cd30700          Options.level0_slowdown_writes_trigger: 20
2019/10/17-14:56:04.645216 7fbc2cd30700              Options.level0_stop_writes_trigger: 36
2019/10/17-14:56:04.645217 7fbc2cd30700                   Options.target_file_size_base: 67108864
2019/10/17-14:56:04.645217 7fbc2cd30700             Options.target_file_size_multiplier: 1
2019/10/17-14:56:04.645218 7fbc2cd30700                Options.max_bytes_for_level_base: 268435456
2019/10/17-14:56:04.645219 7fbc2cd30700 Options.level_compaction_dynamic_level_bytes: 0
2019/10/17-14:56:04.645219 7fbc2cd30700          Options.max_bytes_for_level_multiplier: 10.000000
2019/10/17-14:56:04.645221 7fbc2cd30700 Options.max_bytes_for_level_multiplier_addtl[0]: 1
2019/10/17-14:56:04.645221 7fbc2cd30700 Options.max_bytes_for_level_multiplier_addtl[1]: 1
2019/10/17-14:56:04.645222 7fbc2cd30700 Options.max_bytes_for_level_multiplier_addtl[2]: 1
2019/10/17-14:56:04.645223 7fbc2cd30700 Options.max_bytes_for_level_multiplier_addtl[3]: 1
2019/10/17-14:56:04.645224 7fbc2cd30700 Options.max_bytes_for_level_multiplier_addtl[4]: 1
2019/10/17-14:56:04.645224 7fbc2cd30700 Options.max_bytes_for_level_multiplier_addtl[5]: 1
2019/10/17-14:56:04.645225 7fbc2cd30700 Options.max_bytes_for_level_multiplier_addtl[6]: 1
2019/10/17-14:56:04.645226 7fbc2cd30700       Options.max_sequential_skip_in_iterations: 8
2019/10/17-14:56:04.645229 7fbc2cd30700                    Options.max_compaction_bytes: 1677721600
2019/10/17-14:56:04.645230 7fbc2cd30700                        Options.arena_block_size: 8388608
2019/10/17-14:56:04.645231 7fbc2cd30700   Options.soft_pending_compaction_bytes_limit: 68719476736
2019/10/17-14:56:04.645232 7fbc2cd30700   Options.hard_pending_compaction_bytes_limit: 274877906944
2019/10/17-14:56:04.645232 7fbc2cd30700       Options.rate_limit_delay_max_milliseconds: 100
2019/10/17-14:56:04.645233 7fbc2cd30700                Options.disable_auto_compactions: 0
2019/10/17-14:56:04.645234 7fbc2cd30700                        Options.compaction_style: kCompactionStyleLevel
2019/10/17-14:56:04.645235 7fbc2cd30700                          Options.compaction_pri: kByCompensatedSize
2019/10/17-14:56:04.645235 7fbc2cd30700 Options.compaction_options_universal.size_ratio: 1
2019/10/17-14:56:04.645236 7fbc2cd30700 Options.compaction_options_universal.min_merge_width: 2
2019/10/17-14:56:04.645237 7fbc2cd30700 Options.compaction_options_universal.max_merge_width: 4294967295
2019/10/17-14:56:04.645237 7fbc2cd30700 Options.compaction_options_universal.max_size_amplification_percent: 200
2019/10/17-14:56:04.645238 7fbc2cd30700 Options.compaction_options_universal.compression_size_percent: -1
2019/10/17-14:56:04.645239 7fbc2cd30700 Options.compaction_options_universal.stop_style: kCompactionStopStyleTotalSize
2019/10/17-14:56:04.645240 7fbc2cd30700 Options.compaction_options_fifo.max_table_files_size: 1073741824
2019/10/17-14:56:04.645240 7fbc2cd30700 Options.compaction_options_fifo.allow_compaction: 0
2019/10/17-14:56:04.645241 7fbc2cd30700 Options.compaction_options_fifo.ttl: 0
2019/10/17-14:56:04.645242 7fbc2cd30700                   Options.table_properties_collectors: 
2019/10/17-14:56:04.645242 7fbc2cd30700                   Options.inplace_update_support: 0
2019/10/17-14:56:04.645243 7fbc2cd30700                 Options.inplace_update_num_locks: 10000
2019/10/17-14:56:04.645244 7fbc2cd30700               Options.memtable_prefix_bloom_size_ratio: 0.000000
2019/10/17-14:56:04.645244 7fbc2cd30700   Options.memtable_huge_page_size: 0
2019/10/17-14:56:04.645245 7fbc2cd30700                           Options.bloom_locality: 0
2019/10/17-14:56:04.645246 7fbc2cd30700                    Options.max_successive_merges: 0
2019/10/17-14:56:04.645246 7fbc2cd30700                Options.optimize_filters_for_hits: 0
2019/10/17-14:56:04.645247 7fbc2cd30700                Options.paranoid_file_checks: 0
2019/10/17-14:56:04.645248 7fbc2cd30700                Options.force_consistency_checks: 0
2019/10/17-14:56:04.645248 7fbc2cd30700                Options.report_bg_io_stats: 0
2019/10/17-14:56:04.645249 7fbc2cd30700                               Options.ttl: 0
2019/10/17-14:56:04.645263 7fbc2cd30700 [db/column_family.cc:472] --------------- Options for column family [entries]:
2019/10/17-14:56:04.645264 7fbc2cd30700               Options.comparator: leveldb.BytewiseComparator
2019/10/17-14:56:04.645265 7fbc2cd30700           Options.merge_operator: None
2019/10/17-14:56:04.645266 7fbc2cd30700        Options.compaction_filter: None
2019/10/17-14:56:04.645266 7fbc2cd30700        Options.compaction_filter_factory: None
2019/10/17-14:56:04.645267 7fbc2cd30700         Options.memtable_factory: SkipListFactory
2019/10/17-14:56:04.645268 7fbc2cd30700            Options.table_factory: BlockBasedTable
2019/10/17-14:56:04.645276 7fbc2cd30700            table_factory options:   flush_block_policy_factory: FlushBlockBySizePolicyFactory (0x7fbbb8074e10)
  cache_index_and_filter_blocks: 0
  cache_index_and_filter_blocks_with_high_priority: 0
  pin_l0_filter_and_index_blocks_in_cache: 0
  pin_top_level_index_and_filter: 1
  index_type: 0
  hash_index_allow_collision: 1
  checksum: 1
  no_block_cache: 0
  block_cache: 0x7fbbb804b7e0
  block_cache_name: LRUCache
  block_cache_options:
    capacity : 8388608
    num_shard_bits : 4
    strict_capacity_limit : 0
    memory_allocator : None
    high_pri_pool_ratio: 0.000
  block_cache_compressed: (nil)
  persistent_cache: (nil)
  block_size: 4096
  block_size_deviation: 10
  block_restart_interval: 16
  index_block_restart_interval: 1
  metadata_block_size: 4096
  partition_filters: 0
  use_delta_encoding: 1
  filter_policy: nullptr
  whole_key_filtering: 1
  verify_compression: 0
  read_amp_bytes_per_bit: 0
  format_version: 2
  enable_index_compression: 1
  block_align: 0
2019/10/17-14:56:04.645282 7fbc2cd30700        Options.write_buffer_size: 67108864
2019/10/17-14:56:04.645283 7fbc2cd30700  Options.max_write_buffer_number: 2
2019/10/17-14:56:04.645284 7fbc2cd30700          Options.compression: NoCompression
2019/10/17-14:56:04.645285 7fbc2cd30700                  Options.bottommost_compression: Disabled
2019/10/17-14:56:04.645285 7fbc2cd30700       Options.prefix_extractor: nullptr
2019/10/17-14:56:04.645286 7fbc2cd30700   Options.memtable_insert_with_hint_prefix_extractor: nullptr
2019/10/17-14:56:04.645287 7fbc2cd30700             Options.num_levels: 7
2019/10/17-14:56:04.645287 7fbc2cd30700        Options.min_write_buffer_number_to_merge: 1
2019/10/17-14:56:04.645288 7fbc2cd30700     Options.max_write_buffer_number_to_maintain: 0
2019/10/17-14:56:04.645289 7fbc2cd30700            Options.bottommost_compression_opts.window_bits: -14
2019/10/17-14:56:04.645289 7fbc2cd30700                  Options.bottommost_compression_opts.level: 32767
2019/10/17-14:56:04.645290 7fbc2cd30700               Options.bottommost_compression_opts.strategy: 0
2019/10/17-14:56:04.645291 7fbc2cd30700         Options.bottommost_compression_opts.max_dict_bytes: 0
2019/10/17-14:56:04.645291 7fbc2cd30700         Options.bottommost_compression_opts.zstd_max_train_bytes: 0
2019/10/17-14:56:04.645292 7fbc2cd30700                  Options.bottommost_compression_opts.enabled: false
2019/10/17-14:56:04.645293 7fbc2cd30700            Options.compression_opts.window_bits: -14
2019/10/17-14:56:04.645293 7fbc2cd30700                  Options.compression_opts.level: 32767
2019/10/17-14:56:04.645294 7fbc2cd30700               Options.compression_opts.strategy: 0
2019/10/17-14:56:04.645294 7fbc2cd30700         Options.compression_opts.max_dict_bytes: 0
2019/10/17-14:56:04.645295 7fbc2cd30700         Options.compression_opts.zstd_max_train_bytes: 0
2019/10/17-14:56:04.645296 7fbc2cd30700                  Options.compression_opts.enabled: false
2019/10/17-14:56:04.645296 7fbc2cd30700      Options.level0_file_num_compaction_trigger: 4
2019/10/17-14:56:04.645297 7fbc2cd30700          Options.level0_slowdown_writes_trigger: 20
2019/10/17-14:56:04.645298 7fbc2cd30700              Options.level0_stop_writes_trigger: 36
2019/10/17-14:56:04.645298 7fbc2cd30700                   Options.target_file_size_base: 67108864
2019/10/17-14:56:04.645299 7fbc2cd30700             Options.target_file_size_multiplier: 1
2019/10/17-14:56:04.645300 7fbc2cd30700                Options.max_bytes_for_level_base: 268435456
2019/10/17-14:56:04.645300 7fbc2cd30700 Options.level_compaction_dynamic_level_bytes: 0
2019/10/17-14:56:04.645301 7fbc2cd30700          Options.max_bytes_for_level_multiplier: 10.000000
2019/10/17-14:56:04.645302 7fbc2cd30700 Options.max_bytes_for_level_multiplier_addtl[0]: 1
2019/10/17-14:56:04.645303 7fbc2cd30700 Options.max_bytes_for_level_multiplier_addtl[1]: 1
2019/10/17-14:56:04.645304 7fbc2cd30700 Options.max_bytes_for_level_multiplier_addtl[2]: 1
2019/10/17-14:56:04.645304 7fbc2cd30700 Options.max_bytes_for_level_multiplier_addtl[3]: 1
2019/10/17-14:56:04.645305 7fbc2cd30700 Options.max_bytes_for_level_multiplier_addtl[4]: 1
2019/10/17-14:56:04.645306 7fbc2cd30700 Options.max_bytes_for_level_multiplier_addtl[5]: 1
2019/10/17-14:56:04.645306 7fbc2cd30700 Options.max_bytes_for_level_multiplier_addtl[6]: 1
2019/10/17-14:56:04.645307 7fbc2cd30700       Options.max_sequential_skip_in_iterations: 8
2019/10/17-14:56:04.645308 7fbc2cd30700                    Options.max_compaction_bytes: 1677721600
2019/10/17-14:56:04.645308 7fbc2cd30700                        Options.arena_block_size: 8388608
2019/10/17-14:56:04.645309 7fbc2cd30700   Options.soft_pending_compaction_bytes_limit: 68719476736
2019/10/17-14:56:04.645313 7fbc2cd30700   Options.hard_pending_compaction_bytes_limit: 274877906944
2019/10/17-14:56:04.645314 7fbc2cd30700       Options.rate_limit_delay_max_milliseconds: 100
2019/10/17-14:56:04.645314 7fbc2cd30700                Options.disable_auto_compactions: 0
2019/10/17-14:56:04.645315 7fbc2cd30700                        Options.compaction_style: kCompactionStyleLevel
2019/10/17-14:56:04.645316 7fbc2cd30700                          Options.compaction_pri: kByCompensatedSize
2019/10/17-14:56:04.645317 7fbc2cd30700 Options.compaction_options_universal.size_ratio: 1
2019/10/17-14:56:04.645317 7fbc2cd30700 Options.compaction_options_universal.min_merge_width: 2
2019/10/17-14:56:04.645318 7fbc2cd30700 Options.compaction_options_universal.max_merge_width: 4294967295
2019/10/17-14:56:04.645319 7fbc2cd30700 Options.compaction_options_universal.max_size_amplification_percent: 200
2019/10/17-14:56:04.645319 7fbc2cd30700 Options.compaction_options_universal.compression_size_percent: -1
2019/10/17-14:56:04.645320 7fbc2cd30700 Options.compaction_options_universal.stop_style: kCompactionStopStyleTotalSize
2019/10/17-14:56:04.645321 7fbc2cd30700 Options.compaction_options_fifo.max_table_files_size: 1073741824
2019/10/17-14:56:04.645322 7fbc2cd30700 Options.compaction_options_fifo.allow_compaction: 0
2019/10/17-14:56:04.645322 7fbc2cd30700 Options.compaction_options_fifo.ttl: 0
2019/10/17-14:56:04.645323 7fbc2cd30700                   Options.table_properties_collectors: 
2019/10/17-14:56:04.645324 7fbc2cd30700                   Options.inplace_update_support: 0
2019/10/17-14:56:04.645324 7fbc2cd30700                 Options.inplace_update_num_locks: 10000
2019/10/17-14:56:04.645325 7fbc2cd30700               Options.memtable_prefix_bloom_size_ratio: 0.000000
2019/10/17-14:56:04.645326 7fbc2cd30700   Options.memtable_huge_page_size: 0
2019/10/17-14:56:04.645327 7fbc2cd30700                           Options.bloom_locality: 0
2019/10/17-14:56:04.645327 7fbc2cd30700                    Options.max_successive_merges: 0
2019/10/17-14:56:04.645328 7fbc2cd30700                Options.optimize_filters_for_hits: 0
2019/10/17-14:56:04.645329 7fbc2cd30700                Options.paranoid_file_checks: 0
2019/10/17-14:56:04.645329 7fbc2cd30700                Options.force_consistency_checks: 0
2019/10/17-14:56:04.645330 7fbc2cd30700                Options.report_bg_io_stats: 0
2019/10/17-14:56:04.645331 7fbc2cd30700                               Options.ttl: 0
2019/10/17-14:56:04.645343 7fbc2cd30700 [db/column_family.cc:472] --------------- Options for column family [dc_entries]:
2019/10/17-14:56:04.645345 7fbc2cd30700               Options.comparator: leveldb.BytewiseComparator
2019/10/17-14:56:04.645345 7fbc2cd30700           Options.merge_operator: None
2019/10/17-14:56:04.645346 7fbc2cd30700        Options.compaction_filter: None
2019/10/17-14:56:04.645347 7fbc2cd30700        Options.compaction_filter_factory: None
2019/10/17-14:56:04.645347 7fbc2cd30700         Options.memtable_factory: SkipListFactory
2019/10/17-14:56:04.645348 7fbc2cd30700            Options.table_factory: BlockBasedTable
2019/10/17-14:56:04.645356 7fbc2cd30700            table_factory options:   flush_block_policy_factory: FlushBlockBySizePolicyFactory (0x7fbbb8022180)
  cache_index_and_filter_blocks: 0
  cache_index_and_filter_blocks_with_high_priority: 0
  pin_l0_filter_and_index_blocks_in_cache: 0
  pin_top_level_index_and_filter: 1
  index_type: 0
  hash_index_allow_collision: 1
  checksum: 1
  no_block_cache: 0
  block_cache: 0x7fbbb807e3d0
  block_cache_name: LRUCache
  block_cache_options:
    capacity : 8388608
    num_shard_bits : 4
    strict_capacity_limit : 0
    memory_allocator : None
    high_pri_pool_ratio: 0.000
  block_cache_compressed: (nil)
  persistent_cache: (nil)
  block_size: 4096
  block_size_deviation: 10
  block_restart_interval: 16
  index_block_restart_interval: 1
  metadata_block_size: 4096
  partition_filters: 0
  use_delta_encoding: 1
  filter_policy: nullptr
  whole_key_filtering: 1
  verify_compression: 0
  read_amp_bytes_per_bit: 0
  format_version: 2
  enable_index_compression: 1
  block_align: 0
2019/10/17-14:56:04.645361 7fbc2cd30700        Options.write_buffer_size: 67108864
2019/10/17-14:56:04.645362 7fbc2cd30700  Options.max_write_buffer_number: 2
2019/10/17-14:56:04.645363 7fbc2cd30700          Options.compression: NoCompression
2019/10/17-14:56:04.645363 7fbc2cd30700                  Options.bottommost_compression: Disabled
2019/10/17-14:56:04.645364 7fbc2cd30700       Options.prefix_extractor: nullptr
2019/10/17-14:56:04.645365 7fbc2cd30700   Options.memtable_insert_with_hint_prefix_extractor: nullptr
2019/10/17-14:56:04.645365 7fbc2cd30700             Options.num_levels: 7
2019/10/17-14:56:04.645366 7fbc2cd30700        Options.min_write_buffer_number_to_merge: 1
2019/10/17-14:56:04.645367 7fbc2cd30700     Options.max_write_buffer_number_to_maintain: 0
2019/10/17-14:56:04.645367 7fbc2cd30700            Options.bottommost_compression_opts.window_bits: -14
2019/10/17-14:56:04.645368 7fbc2cd30700                  Options.bottommost_compression_opts.level: 32767
2019/10/17-14:56:04.645369 7fbc2cd30700               Options.bottommost_compression_opts.strategy: 0
2019/10/17-14:56:04.645369 7fbc2cd30700         Options.bottommost_compression_opts.max_dict_bytes: 0
2019/10/17-14:56:04.645370 7fbc2cd30700         Options.bottommost_compression_opts.zstd_max_train_bytes: 0
2019/10/17-14:56:04.645371 7fbc2cd30700                  Options.bottommost_compression_opts.enabled: false
2019/10/17-14:56:04.645371 7fbc2cd30700            Options.compression_opts.window_bits: -14
2019/10/17-14:56:04.645372 7fbc2cd30700                  Options.compression_opts.level: 32767
2019/10/17-14:56:04.645373 7fbc2cd30700               Options.compression_opts.strategy: 0
2019/10/17-14:56:04.645373 7fbc2cd30700         Options.compression_opts.max_dict_bytes: 0
2019/10/17-14:56:04.645374 7fbc2cd30700         Options.compression_opts.zstd_max_train_bytes: 0
2019/10/17-14:56:04.645375 7fbc2cd30700                  Options.compression_opts.enabled: false
2019/10/17-14:56:04.645375 7fbc2cd30700      Options.level0_file_num_compaction_trigger: 4
2019/10/17-14:56:04.645376 7fbc2cd30700          Options.level0_slowdown_writes_trigger: 20
2019/10/17-14:56:04.645377 7fbc2cd30700              Options.level0_stop_writes_trigger: 36
2019/10/17-14:56:04.645377 7fbc2cd30700                   Options.target_file_size_base: 67108864
2019/10/17-14:56:04.645378 7fbc2cd30700             Options.target_file_size_multiplier: 1
2019/10/17-14:56:04.645378 7fbc2cd30700                Options.max_bytes_for_level_base: 268435456
2019/10/17-14:56:04.645379 7fbc2cd30700 Options.level_compaction_dynamic_level_bytes: 0
2019/10/17-14:56:04.645380 7fbc2cd30700          Options.max_bytes_for_level_multiplier: 10.000000
2019/10/17-14:56:04.645381 7fbc2cd30700 Options.max_bytes_for_level_multiplier_addtl[0]: 1
2019/10/17-14:56:04.645382 7fbc2cd30700 Options.max_bytes_for_level_multiplier_addtl[1]: 1
2019/10/17-14:56:04.645382 7fbc2cd30700 Options.max_bytes_for_level_multiplier_addtl[2]: 1
2019/10/17-14:56:04.645383 7fbc2cd30700 Options.max_bytes_for_level_multiplier_addtl[3]: 1
2019/10/17-14:56:04.645384 7fbc2cd30700 Options.max_bytes_for_level_multiplier_addtl[4]: 1
2019/10/17-14:56:04.645384 7fbc2cd30700 Options.max_bytes_for_level_multiplier_addtl[5]: 1
2019/10/17-14:56:04.645385 7fbc2cd30700 Options.max_bytes_for_level_multiplier_addtl[6]: 1
2019/10/17-14:56:04.645386 7fbc2cd30700       Options.max_sequential_skip_in_iterations: 8
2019/10/17-14:56:04.645386 7fbc2cd30700                    Options.max_compaction_bytes: 1677721600
2019/10/17-14:56:04.645387 7fbc2cd30700                        Options.arena_block_size: 8388608
2019/10/17-14:56:04.645388 7fbc2cd30700   Options.soft_pending_compaction_bytes_limit: 68719476736
2019/10/17-14:56:04.645388 7fbc2cd30700   Options.hard_pending_compaction_bytes_limit: 274877906944
2019/10/17-14:56:04.645389 7fbc2cd30700       Options.rate_limit_delay_max_milliseconds: 100
2019/10/17-14:56:04.645390 7fbc2cd30700                Options.disable_auto_compactions: 0
2019/10/17-14:56:04.645393 7fbc2cd30700                        Options.compaction_style: kCompactionStyleLevel
2019/10/17-14:56:04.645394 7fbc2cd30700                          Options.compaction_pri: kByCompensatedSize
2019/10/17-14:56:04.645395 7fbc2cd30700 Options.compaction_options_universal.size_ratio: 1
2019/10/17-14:56:04.645396 7fbc2cd30700 Options.compaction_options_universal.min_merge_width: 2
2019/10/17-14:56:04.645396 7fbc2cd30700 Options.compaction_options_universal.max_merge_width: 4294967295
2019/10/17-14:56:04.645397 7fbc2cd30700 Options.compaction_options_universal.max_size_amplification_percent: 200
2019/10/17-14:56:04.645398 7fbc2cd30700 Options.compaction_options_universal.compression_size_percent: -1
2019/10/17-14:56:04.645399 7fbc2cd30700 Options.compaction_options_universal.stop_style: kCompactionStopStyleTotalSize
2019/10/17-14:56:04.645399 7fbc2cd30700 Options.compaction_options_fifo.max_table_files_size: 1073741824
2019/10/17-14:56:04.645400 7fbc2cd30700 Options.compaction_options_fifo.allow_compaction: 0
2019/10/17-14:56:04.645400 7fbc2cd30700 Options.compaction_options_fifo.ttl: 0
2019/10/17-14:56:04.645401 7fbc2cd30700                   Options.table_properties_collectors: 
2019/10/17-14:56:04.645402 7fbc2cd30700                   Options.inplace_update_support: 0
2019/10/17-14:56:04.645402 7fbc2cd30700                 Options.inplace_update_num_locks: 10000
2019/10/17-14:56:04.645403 7fbc2cd30700               Options.memtable_prefix_bloom_size_ratio: 0.000000
2019/10/17-14:56:04.645404 7fbc2cd30700   Options.memtable_huge_page_size: 0
2019/10/17-14:56:04.645405 7fbc2cd30700                           Options.bloom_locality: 0
2019/10/17-14:56:04.645405 7fbc2cd30700                    Options.max_successive_merges: 0
2019/10/17-14:56:04.645406 7fbc2cd30700                Options.optimize_filters_for_hits: 0
2019/10/17-14:56:04.645407 7fbc2cd30700                Options.paranoid_file_checks: 0
2019/10/17-14:56:04.645407 7fbc2cd30700                Options.force_consistency_checks: 0
2019/10/17-14:56:04.645408 7fbc2cd30700                Options.report_bg_io_stats: 0
2019/10/17-14:56:04.645409 7fbc2cd30700                               Options.ttl: 0
2019/10/17-14:56:04.645419 7fbc2cd30700 [db/column_family.cc:472] --------------- Options for column family [htlcs]:
2019/10/17-14:56:04.645420 7fbc2cd30700               Options.comparator: leveldb.BytewiseComparator
2019/10/17-14:56:04.645421 7fbc2cd30700           Options.merge_operator: None
2019/10/17-14:56:04.645422 7fbc2cd30700        Options.compaction_filter: None
2019/10/17-14:56:04.645422 7fbc2cd30700        Options.compaction_filter_factory: None
2019/10/17-14:56:04.645423 7fbc2cd30700         Options.memtable_factory: SkipListFactory
2019/10/17-14:56:04.645424 7fbc2cd30700            Options.table_factory: BlockBasedTable
2019/10/17-14:56:04.645431 7fbc2cd30700            table_factory options:   flush_block_policy_factory: FlushBlockBySizePolicyFactory (0x7fbbb80e1560)
