2019/10/17-14:55:04.098907 7fc3a9fcb700 RocksDB version: 5.18.3
2019/10/17-14:55:04.098945 7fc3a9fcb700 Git sha rocksdb_build_git_sha:@0@
2019/10/17-14:55:04.098947 7fc3a9fcb700 Compile date Sep 19 2019
2019/10/17-14:55:04.098948 7fc3a9fcb700 DB SUMMARY
2019/10/17-14:55:04.099742 7fc3a9fcb700 CURRENT file:  CURRENT
2019/10/17-14:55:04.099744 7fc3a9fcb700 IDENTITY file:  IDENTITY
2019/10/17-14:55:04.099777 7fc3a9fcb700 MANIFEST file:  MANIFEST-116260 size: 4114 Bytes
2019/10/17-14:55:04.099779 7fc3a9fcb700 SST files in /home/rahul/dev/blockchain-core/eqc/ledger.db dir, Total Num: 29, files: 000624.sst 000627.sst 106940.sst 108447.sst 108450.sst 109471.sst 109483.sst 109485.sst 109486.sst 
2019/10/17-14:55:04.099780 7fc3a9fcb700 Write Ahead Log file in /home/rahul/dev/blockchain-core/eqc/ledger.db: 116261.log size: 0 ; 
2019/10/17-14:55:04.099818 7fc3a9fcb700                         Options.error_if_exists: 0
2019/10/17-14:55:04.099819 7fc3a9fcb700                       Options.create_if_missing: 1
2019/10/17-14:55:04.099820 7fc3a9fcb700                         Options.paranoid_checks: 1
2019/10/17-14:55:04.099821 7fc3a9fcb700                                     Options.env: 0x7fc32ae1fc60
2019/10/17-14:55:04.099822 7fc3a9fcb700                                Options.info_log: 0x7fc35003c490
2019/10/17-14:55:04.099823 7fc3a9fcb700                Options.max_file_opening_threads: 16
2019/10/17-14:55:04.099824 7fc3a9fcb700                              Options.statistics: (nil)
2019/10/17-14:55:04.099825 7fc3a9fcb700                               Options.use_fsync: 0
2019/10/17-14:55:04.099826 7fc3a9fcb700                       Options.max_log_file_size: 0
2019/10/17-14:55:04.099827 7fc3a9fcb700                  Options.max_manifest_file_size: 1073741824
2019/10/17-14:55:04.099828 7fc3a9fcb700                   Options.log_file_time_to_roll: 0
2019/10/17-14:55:04.099829 7fc3a9fcb700                       Options.keep_log_file_num: 1000
2019/10/17-14:55:04.099829 7fc3a9fcb700                    Options.recycle_log_file_num: 0
2019/10/17-14:55:04.099830 7fc3a9fcb700                         Options.allow_fallocate: 1
2019/10/17-14:55:04.099831 7fc3a9fcb700                        Options.allow_mmap_reads: 0
2019/10/17-14:55:04.099832 7fc3a9fcb700                       Options.allow_mmap_writes: 0
2019/10/17-14:55:04.099833 7fc3a9fcb700                        Options.use_direct_reads: 0
2019/10/17-14:55:04.099834 7fc3a9fcb700                        Options.use_direct_io_for_flush_and_compaction: 0
2019/10/17-14:55:04.099835 7fc3a9fcb700          Options.create_missing_column_families: 0
2019/10/17-14:55:04.099835 7fc3a9fcb700                              Options.db_log_dir: 
2019/10/17-14:55:04.099836 7fc3a9fcb700                                 Options.wal_dir: /home/rahul/dev/blockchain-core/eqc/ledger.db
2019/10/17-14:55:04.099837 7fc3a9fcb700                Options.table_cache_numshardbits: 6
2019/10/17-14:55:04.099838 7fc3a9fcb700                      Options.max_subcompactions: 1
2019/10/17-14:55:04.099839 7fc3a9fcb700                  Options.max_background_flushes: -1
2019/10/17-14:55:04.099840 7fc3a9fcb700                         Options.WAL_ttl_seconds: 0
2019/10/17-14:55:04.099841 7fc3a9fcb700                       Options.WAL_size_limit_MB: 0
2019/10/17-14:55:04.099841 7fc3a9fcb700             Options.manifest_preallocation_size: 4194304
2019/10/17-14:55:04.099842 7fc3a9fcb700                     Options.is_fd_close_on_exec: 1
2019/10/17-14:55:04.099843 7fc3a9fcb700                   Options.advise_random_on_open: 1
2019/10/17-14:55:04.099844 7fc3a9fcb700                    Options.db_write_buffer_size: 0
2019/10/17-14:55:04.099845 7fc3a9fcb700                    Options.write_buffer_manager: 0x7fc35005e610
2019/10/17-14:55:04.099846 7fc3a9fcb700         Options.access_hint_on_compaction_start: 1
2019/10/17-14:55:04.099847 7fc3a9fcb700  Options.new_table_reader_for_compaction_inputs: 0
2019/10/17-14:55:04.099847 7fc3a9fcb700           Options.random_access_max_buffer_size: 1048576
2019/10/17-14:55:04.099848 7fc3a9fcb700                      Options.use_adaptive_mutex: 0
2019/10/17-14:55:04.099849 7fc3a9fcb700                            Options.rate_limiter: (nil)
2019/10/17-14:55:04.099859 7fc3a9fcb700     Options.sst_file_manager.rate_bytes_per_sec: 0
2019/10/17-14:55:04.099860 7fc3a9fcb700                       Options.wal_recovery_mode: 2
2019/10/17-14:55:04.099861 7fc3a9fcb700                  Options.enable_thread_tracking: 0
2019/10/17-14:55:04.099862 7fc3a9fcb700                  Options.enable_pipelined_write: 0
2019/10/17-14:55:04.099863 7fc3a9fcb700         Options.allow_concurrent_memtable_write: 1
2019/10/17-14:55:04.099864 7fc3a9fcb700      Options.enable_write_thread_adaptive_yield: 1
2019/10/17-14:55:04.099864 7fc3a9fcb700             Options.write_thread_max_yield_usec: 100
2019/10/17-14:55:04.099865 7fc3a9fcb700            Options.write_thread_slow_yield_usec: 3
2019/10/17-14:55:04.099866 7fc3a9fcb700                               Options.row_cache: None
2019/10/17-14:55:04.099867 7fc3a9fcb700                              Options.wal_filter: None
2019/10/17-14:55:04.099868 7fc3a9fcb700             Options.avoid_flush_during_recovery: 0
2019/10/17-14:55:04.099869 7fc3a9fcb700             Options.allow_ingest_behind: 0
2019/10/17-14:55:04.099870 7fc3a9fcb700             Options.preserve_deletes: 0
2019/10/17-14:55:04.099871 7fc3a9fcb700             Options.two_write_queues: 0
2019/10/17-14:55:04.099872 7fc3a9fcb700             Options.manual_wal_flush: 0
2019/10/17-14:55:04.099872 7fc3a9fcb700             Options.max_background_jobs: 2
2019/10/17-14:55:04.099873 7fc3a9fcb700             Options.max_background_compactions: -1
2019/10/17-14:55:04.099874 7fc3a9fcb700             Options.avoid_flush_during_shutdown: 0
2019/10/17-14:55:04.099875 7fc3a9fcb700           Options.writable_file_max_buffer_size: 1048576
2019/10/17-14:55:04.099876 7fc3a9fcb700             Options.delayed_write_rate : 16777216
2019/10/17-14:55:04.099877 7fc3a9fcb700             Options.max_total_wal_size: 0
2019/10/17-14:55:04.099878 7fc3a9fcb700             Options.delete_obsolete_files_period_micros: 21600000000
2019/10/17-14:55:04.099879 7fc3a9fcb700                   Options.stats_dump_period_sec: 600
2019/10/17-14:55:04.099879 7fc3a9fcb700                          Options.max_open_files: -1
2019/10/17-14:55:04.099880 7fc3a9fcb700                          Options.bytes_per_sync: 0
2019/10/17-14:55:04.099881 7fc3a9fcb700                      Options.wal_bytes_per_sync: 0
2019/10/17-14:55:04.099882 7fc3a9fcb700       Options.compaction_readahead_size: 0
2019/10/17-14:55:04.099883 7fc3a9fcb700 Compression algorithms supported:
2019/10/17-14:55:04.099884 7fc3a9fcb700 	kZSTDNotFinalCompression supported: 0
2019/10/17-14:55:04.099886 7fc3a9fcb700 	kZSTD supported: 0
2019/10/17-14:55:04.099887 7fc3a9fcb700 	kXpressCompression supported: 0
2019/10/17-14:55:04.099888 7fc3a9fcb700 	kLZ4HCCompression supported: 0
2019/10/17-14:55:04.099889 7fc3a9fcb700 	kLZ4Compression supported: 0
2019/10/17-14:55:04.099889 7fc3a9fcb700 	kBZip2Compression supported: 0
2019/10/17-14:55:04.099890 7fc3a9fcb700 	kZlibCompression supported: 0
2019/10/17-14:55:04.099891 7fc3a9fcb700 	kSnappyCompression supported: 0
2019/10/17-14:55:04.099893 7fc3a9fcb700 Fast CRC32 supported: Supported on x86
2019/10/17-14:55:04.099999 7fc3a9fcb700 [db/version_set.cc:3507] Recovering from manifest file: MANIFEST-116260
2019/10/17-14:55:04.100036 7fc3a9fcb700 [db/column_family.cc:472] --------------- Options for column family [default]:
2019/10/17-14:55:04.100038 7fc3a9fcb700               Options.comparator: leveldb.BytewiseComparator
2019/10/17-14:55:04.100039 7fc3a9fcb700           Options.merge_operator: None
2019/10/17-14:55:04.100040 7fc3a9fcb700        Options.compaction_filter: None
2019/10/17-14:55:04.100041 7fc3a9fcb700        Options.compaction_filter_factory: None
2019/10/17-14:55:04.100041 7fc3a9fcb700         Options.memtable_factory: SkipListFactory
2019/10/17-14:55:04.100042 7fc3a9fcb700            Options.table_factory: BlockBasedTable
2019/10/17-14:55:04.100059 7fc3a9fcb700            table_factory options:   flush_block_policy_factory: FlushBlockBySizePolicyFactory (0x7fc35005b400)
  cache_index_and_filter_blocks: 0
  cache_index_and_filter_blocks_with_high_priority: 0
  pin_l0_filter_and_index_blocks_in_cache: 0
  pin_top_level_index_and_filter: 1
  index_type: 0
  hash_index_allow_collision: 1
  checksum: 1
  no_block_cache: 0
  block_cache: 0x7fc35011a9b0
  block_cache_name: LRUCache
  block_cache_options:
    capacity : 8388608
    num_shard_bits : 4
    strict_capacity_limit : 0
    memory_allocator : None
    high_pri_pool_ratio: 0.000
  block_cache_compressed: (nil)
  persistent_cache: (nil)
  block_size: 4096
  block_size_deviation: 10
  block_restart_interval: 16
  index_block_restart_interval: 1
  metadata_block_size: 4096
  partition_filters: 0
  use_delta_encoding: 1
  filter_policy: nullptr
  whole_key_filtering: 1
  verify_compression: 0
  read_amp_bytes_per_bit: 0
  format_version: 2
  enable_index_compression: 1
  block_align: 0
2019/10/17-14:55:04.100069 7fc3a9fcb700        Options.write_buffer_size: 67108864
2019/10/17-14:55:04.100070 7fc3a9fcb700  Options.max_write_buffer_number: 2
2019/10/17-14:55:04.100071 7fc3a9fcb700          Options.compression: NoCompression
2019/10/17-14:55:04.100072 7fc3a9fcb700                  Options.bottommost_compression: Disabled
2019/10/17-14:55:04.100073 7fc3a9fcb700       Options.prefix_extractor: nullptr
2019/10/17-14:55:04.100074 7fc3a9fcb700   Options.memtable_insert_with_hint_prefix_extractor: nullptr
2019/10/17-14:55:04.100075 7fc3a9fcb700             Options.num_levels: 7
2019/10/17-14:55:04.100076 7fc3a9fcb700        Options.min_write_buffer_number_to_merge: 1
2019/10/17-14:55:04.100076 7fc3a9fcb700     Options.max_write_buffer_number_to_maintain: 0
2019/10/17-14:55:04.100077 7fc3a9fcb700            Options.bottommost_compression_opts.window_bits: -14
2019/10/17-14:55:04.100078 7fc3a9fcb700                  Options.bottommost_compression_opts.level: 32767
2019/10/17-14:55:04.100079 7fc3a9fcb700               Options.bottommost_compression_opts.strategy: 0
2019/10/17-14:55:04.100080 7fc3a9fcb700         Options.bottommost_compression_opts.max_dict_bytes: 0
2019/10/17-14:55:04.100081 7fc3a9fcb700         Options.bottommost_compression_opts.zstd_max_train_bytes: 0
2019/10/17-14:55:04.100082 7fc3a9fcb700                  Options.bottommost_compression_opts.enabled: false
2019/10/17-14:55:04.100082 7fc3a9fcb700            Options.compression_opts.window_bits: -14
2019/10/17-14:55:04.100083 7fc3a9fcb700                  Options.compression_opts.level: 32767
2019/10/17-14:55:04.100084 7fc3a9fcb700               Options.compression_opts.strategy: 0
2019/10/17-14:55:04.100085 7fc3a9fcb700         Options.compression_opts.max_dict_bytes: 0
2019/10/17-14:55:04.100086 7fc3a9fcb700         Options.compression_opts.zstd_max_train_bytes: 0
2019/10/17-14:55:04.100086 7fc3a9fcb700                  Options.compression_opts.enabled: false
2019/10/17-14:55:04.100087 7fc3a9fcb700      Options.level0_file_num_compaction_trigger: 4
2019/10/17-14:55:04.100088 7fc3a9fcb700          Options.level0_slowdown_writes_trigger: 20
2019/10/17-14:55:04.100089 7fc3a9fcb700              Options.level0_stop_writes_trigger: 36
2019/10/17-14:55:04.100090 7fc3a9fcb700                   Options.target_file_size_base: 67108864
2019/10/17-14:55:04.100091 7fc3a9fcb700             Options.target_file_size_multiplier: 1
2019/10/17-14:55:04.100092 7fc3a9fcb700                Options.max_bytes_for_level_base: 268435456
2019/10/17-14:55:04.100092 7fc3a9fcb700 Options.level_compaction_dynamic_level_bytes: 0
2019/10/17-14:55:04.100093 7fc3a9fcb700          Options.max_bytes_for_level_multiplier: 10.000000
2019/10/17-14:55:04.100095 7fc3a9fcb700 Options.max_bytes_for_level_multiplier_addtl[0]: 1
2019/10/17-14:55:04.100097 7fc3a9fcb700 Options.max_bytes_for_level_multiplier_addtl[1]: 1
2019/10/17-14:55:04.100097 7fc3a9fcb700 Options.max_bytes_for_level_multiplier_addtl[2]: 1
2019/10/17-14:55:04.100098 7fc3a9fcb700 Options.max_bytes_for_level_multiplier_addtl[3]: 1
2019/10/17-14:55:04.100099 7fc3a9fcb700 Options.max_bytes_for_level_multiplier_addtl[4]: 1
2019/10/17-14:55:04.100104 7fc3a9fcb700 Options.max_bytes_for_level_multiplier_addtl[5]: 1
2019/10/17-14:55:04.100105 7fc3a9fcb700 Options.max_bytes_for_level_multiplier_addtl[6]: 1
2019/10/17-14:55:04.100106 7fc3a9fcb700       Options.max_sequential_skip_in_iterations: 8
2019/10/17-14:55:04.100107 7fc3a9fcb700                    Options.max_compaction_bytes: 1677721600
2019/10/17-14:55:04.100108 7fc3a9fcb700                        Options.arena_block_size: 8388608
2019/10/17-14:55:04.100109 7fc3a9fcb700   Options.soft_pending_compaction_bytes_limit: 68719476736
2019/10/17-14:55:04.100110 7fc3a9fcb700   Options.hard_pending_compaction_bytes_limit: 274877906944
2019/10/17-14:55:04.100110 7fc3a9fcb700       Options.rate_limit_delay_max_milliseconds: 100
2019/10/17-14:55:04.100111 7fc3a9fcb700                Options.disable_auto_compactions: 0
2019/10/17-14:55:04.100113 7fc3a9fcb700                        Options.compaction_style: kCompactionStyleLevel
2019/10/17-14:55:04.100114 7fc3a9fcb700                          Options.compaction_pri: kByCompensatedSize
2019/10/17-14:55:04.100115 7fc3a9fcb700 Options.compaction_options_universal.size_ratio: 1
2019/10/17-14:55:04.100116 7fc3a9fcb700 Options.compaction_options_universal.min_merge_width: 2
2019/10/17-14:55:04.100117 7fc3a9fcb700 Options.compaction_options_universal.max_merge_width: 4294967295
2019/10/17-14:55:04.100118 7fc3a9fcb700 Options.compaction_options_universal.max_size_amplification_percent: 200
2019/10/17-14:55:04.100119 7fc3a9fcb700 Options.compaction_options_universal.compression_size_percent: -1
2019/10/17-14:55:04.100120 7fc3a9fcb700 Options.compaction_options_universal.stop_style: kCompactionStopStyleTotalSize
2019/10/17-14:55:04.100121 7fc3a9fcb700 Options.compaction_options_fifo.max_table_files_size: 1073741824
2019/10/17-14:55:04.100121 7fc3a9fcb700 Options.compaction_options_fifo.allow_compaction: 0
2019/10/17-14:55:04.100122 7fc3a9fcb700 Options.compaction_options_fifo.ttl: 0
2019/10/17-14:55:04.100123 7fc3a9fcb700                   Options.table_properties_collectors: 
2019/10/17-14:55:04.100124 7fc3a9fcb700                   Options.inplace_update_support: 0
2019/10/17-14:55:04.100125 7fc3a9fcb700                 Options.inplace_update_num_locks: 10000
2019/10/17-14:55:04.100126 7fc3a9fcb700               Options.memtable_prefix_bloom_size_ratio: 0.000000
2019/10/17-14:55:04.100127 7fc3a9fcb700   Options.memtable_huge_page_size: 0
2019/10/17-14:55:04.100128 7fc3a9fcb700                           Options.bloom_locality: 0
2019/10/17-14:55:04.100129 7fc3a9fcb700                    Options.max_successive_merges: 0
2019/10/17-14:55:04.100130 7fc3a9fcb700                Options.optimize_filters_for_hits: 0
2019/10/17-14:55:04.100130 7fc3a9fcb700                Options.paranoid_file_checks: 0
2019/10/17-14:55:04.100131 7fc3a9fcb700                Options.force_consistency_checks: 0
2019/10/17-14:55:04.100132 7fc3a9fcb700                Options.report_bg_io_stats: 0
2019/10/17-14:55:04.100133 7fc3a9fcb700                               Options.ttl: 0
2019/10/17-14:55:04.100163 7fc3a9fcb700 [db/column_family.cc:472] --------------- Options for column family [active_gateways]:
2019/10/17-14:55:04.100164 7fc3a9fcb700               Options.comparator: leveldb.BytewiseComparator
2019/10/17-14:55:04.100165 7fc3a9fcb700           Options.merge_operator: None
2019/10/17-14:55:04.100166 7fc3a9fcb700        Options.compaction_filter: None
2019/10/17-14:55:04.100167 7fc3a9fcb700        Options.compaction_filter_factory: None
2019/10/17-14:55:04.100168 7fc3a9fcb700         Options.memtable_factory: SkipListFactory
2019/10/17-14:55:04.100169 7fc3a9fcb700            Options.table_factory: BlockBasedTable
2019/10/17-14:55:04.100181 7fc3a9fcb700            table_factory options:   flush_block_policy_factory: FlushBlockBySizePolicyFactory (0x7fc3500d4fa0)
  cache_index_and_filter_blocks: 0
  cache_index_and_filter_blocks_with_high_priority: 0
  pin_l0_filter_and_index_blocks_in_cache: 0
  pin_top_level_index_and_filter: 1
  index_type: 0
  hash_index_allow_collision: 1
  checksum: 1
  no_block_cache: 0
  block_cache: 0x7fc350059c60
  block_cache_name: LRUCache
  block_cache_options:
    capacity : 8388608
    num_shard_bits : 4
    strict_capacity_limit : 0
    memory_allocator : None
    high_pri_pool_ratio: 0.000
  block_cache_compressed: (nil)
  persistent_cache: (nil)
  block_size: 4096
  block_size_deviation: 10
  block_restart_interval: 16
  index_block_restart_interval: 1
  metadata_block_size: 4096
  partition_filters: 0
  use_delta_encoding: 1
  filter_policy: nullptr
  whole_key_filtering: 1
  verify_compression: 0
  read_amp_bytes_per_bit: 0
  format_version: 2
  enable_index_compression: 1
  block_align: 0
2019/10/17-14:55:04.100188 7fc3a9fcb700        Options.write_buffer_size: 67108864
2019/10/17-14:55:04.100189 7fc3a9fcb700  Options.max_write_buffer_number: 2
2019/10/17-14:55:04.100190 7fc3a9fcb700          Options.compression: NoCompression
2019/10/17-14:55:04.100191 7fc3a9fcb700                  Options.bottommost_compression: Disabled
2019/10/17-14:55:04.100192 7fc3a9fcb700       Options.prefix_extractor: nullptr
2019/10/17-14:55:04.100193 7fc3a9fcb700   Options.memtable_insert_with_hint_prefix_extractor: nullptr
2019/10/17-14:55:04.100194 7fc3a9fcb700             Options.num_levels: 7
2019/10/17-14:55:04.100195 7fc3a9fcb700        Options.min_write_buffer_number_to_merge: 1
2019/10/17-14:55:04.100195 7fc3a9fcb700     Options.max_write_buffer_number_to_maintain: 0
2019/10/17-14:55:04.100196 7fc3a9fcb700            Options.bottommost_compression_opts.window_bits: -14
2019/10/17-14:55:04.100197 7fc3a9fcb700                  Options.bottommost_compression_opts.level: 32767
2019/10/17-14:55:04.100198 7fc3a9fcb700               Options.bottommost_compression_opts.strategy: 0
2019/10/17-14:55:04.100199 7fc3a9fcb700         Options.bottommost_compression_opts.max_dict_bytes: 0
2019/10/17-14:55:04.100200 7fc3a9fcb700         Options.bottommost_compression_opts.zstd_max_train_bytes: 0
2019/10/17-14:55:04.100200 7fc3a9fcb700                  Options.bottommost_compression_opts.enabled: false
2019/10/17-14:55:04.100201 7fc3a9fcb700            Options.compression_opts.window_bits: -14
2019/10/17-14:55:04.100202 7fc3a9fcb700                  Options.compression_opts.level: 32767
2019/10/17-14:55:04.100203 7fc3a9fcb700               Options.compression_opts.strategy: 0
2019/10/17-14:55:04.100204 7fc3a9fcb700         Options.compression_opts.max_dict_bytes: 0
2019/10/17-14:55:04.100205 7fc3a9fcb700         Options.compression_opts.zstd_max_train_bytes: 0
2019/10/17-14:55:04.100205 7fc3a9fcb700                  Options.compression_opts.enabled: false
2019/10/17-14:55:04.100206 7fc3a9fcb700      Options.level0_file_num_compaction_trigger: 4
2019/10/17-14:55:04.100207 7fc3a9fcb700          Options.level0_slowdown_writes_trigger: 20
2019/10/17-14:55:04.100208 7fc3a9fcb700              Options.level0_stop_writes_trigger: 36
2019/10/17-14:55:04.100209 7fc3a9fcb700                   Options.target_file_size_base: 67108864
2019/10/17-14:55:04.100210 7fc3a9fcb700             Options.target_file_size_multiplier: 1
2019/10/17-14:55:04.100210 7fc3a9fcb700                Options.max_bytes_for_level_base: 268435456
2019/10/17-14:55:04.100211 7fc3a9fcb700 Options.level_compaction_dynamic_level_bytes: 0
2019/10/17-14:55:04.100212 7fc3a9fcb700          Options.max_bytes_for_level_multiplier: 10.000000
2019/10/17-14:55:04.100214 7fc3a9fcb700 Options.max_bytes_for_level_multiplier_addtl[0]: 1
2019/10/17-14:55:04.100215 7fc3a9fcb700 Options.max_bytes_for_level_multiplier_addtl[1]: 1
2019/10/17-14:55:04.100215 7fc3a9fcb700 Options.max_bytes_for_level_multiplier_addtl[2]: 1
2019/10/17-14:55:04.100216 7fc3a9fcb700 Options.max_bytes_for_level_multiplier_addtl[3]: 1
2019/10/17-14:55:04.100217 7fc3a9fcb700 Options.max_bytes_for_level_multiplier_addtl[4]: 1
2019/10/17-14:55:04.100218 7fc3a9fcb700 Options.max_bytes_for_level_multiplier_addtl[5]: 1
2019/10/17-14:55:04.100219 7fc3a9fcb700 Options.max_bytes_for_level_multiplier_addtl[6]: 1
2019/10/17-14:55:04.100220 7fc3a9fcb700       Options.max_sequential_skip_in_iterations: 8
2019/10/17-14:55:04.100224 7fc3a9fcb700                    Options.max_compaction_bytes: 1677721600
2019/10/17-14:55:04.100225 7fc3a9fcb700                        Options.arena_block_size: 8388608
2019/10/17-14:55:04.100226 7fc3a9fcb700   Options.soft_pending_compaction_bytes_limit: 68719476736
2019/10/17-14:55:04.100227 7fc3a9fcb700   Options.hard_pending_compaction_bytes_limit: 274877906944
2019/10/17-14:55:04.100228 7fc3a9fcb700       Options.rate_limit_delay_max_milliseconds: 100
2019/10/17-14:55:04.100229 7fc3a9fcb700                Options.disable_auto_compactions: 0
2019/10/17-14:55:04.100230 7fc3a9fcb700                        Options.compaction_style: kCompactionStyleLevel
2019/10/17-14:55:04.100231 7fc3a9fcb700                          Options.compaction_pri: kByCompensatedSize
2019/10/17-14:55:04.100232 7fc3a9fcb700 Options.compaction_options_universal.size_ratio: 1
2019/10/17-14:55:04.100233 7fc3a9fcb700 Options.compaction_options_universal.min_merge_width: 2
2019/10/17-14:55:04.100233 7fc3a9fcb700 Options.compaction_options_universal.max_merge_width: 4294967295
2019/10/17-14:55:04.100234 7fc3a9fcb700 Options.compaction_options_universal.max_size_amplification_percent: 200
2019/10/17-14:55:04.100235 7fc3a9fcb700 Options.compaction_options_universal.compression_size_percent: -1
2019/10/17-14:55:04.100236 7fc3a9fcb700 Options.compaction_options_universal.stop_style: kCompactionStopStyleTotalSize
2019/10/17-14:55:04.100237 7fc3a9fcb700 Options.compaction_options_fifo.max_table_files_size: 1073741824
2019/10/17-14:55:04.100238 7fc3a9fcb700 Options.compaction_options_fifo.allow_compaction: 0
2019/10/17-14:55:04.100238 7fc3a9fcb700 Options.compaction_options_fifo.ttl: 0
2019/10/17-14:55:04.100239 7fc3a9fcb700                   Options.table_properties_collectors: 
2019/10/17-14:55:04.100240 7fc3a9fcb700                   Options.inplace_update_support: 0
2019/10/17-14:55:04.100241 7fc3a9fcb700                 Options.inplace_update_num_locks: 10000
2019/10/17-14:55:04.100242 7fc3a9fcb700               Options.memtable_prefix_bloom_size_ratio: 0.000000
2019/10/17-14:55:04.100243 7fc3a9fcb700   Options.memtable_huge_page_size: 0
2019/10/17-14:55:04.100244 7fc3a9fcb700                           Options.bloom_locality: 0
2019/10/17-14:55:04.100245 7fc3a9fcb700                    Options.max_successive_merges: 0
2019/10/17-14:55:04.100246 7fc3a9fcb700                Options.optimize_filters_for_hits: 0
2019/10/17-14:55:04.100246 7fc3a9fcb700                Options.paranoid_file_checks: 0
2019/10/17-14:55:04.100247 7fc3a9fcb700                Options.force_consistency_checks: 0
2019/10/17-14:55:04.100248 7fc3a9fcb700                Options.report_bg_io_stats: 0
2019/10/17-14:55:04.100249 7fc3a9fcb700                               Options.ttl: 0
2019/10/17-14:55:04.100267 7fc3a9fcb700 [db/column_family.cc:472] --------------- Options for column family [entries]:
2019/10/17-14:55:04.100268 7fc3a9fcb700               Options.comparator: leveldb.BytewiseComparator
2019/10/17-14:55:04.100269 7fc3a9fcb700           Options.merge_operator: None
2019/10/17-14:55:04.100270 7fc3a9fcb700        Options.compaction_filter: None
2019/10/17-14:55:04.100271 7fc3a9fcb700        Options.compaction_filter_factory: None
2019/10/17-14:55:04.100272 7fc3a9fcb700         Options.memtable_factory: SkipListFactory
2019/10/17-14:55:04.100272 7fc3a9fcb700            Options.table_factory: BlockBasedTable
2019/10/17-14:55:04.100283 7fc3a9fcb700            table_factory options:   flush_block_policy_factory: FlushBlockBySizePolicyFactory (0x7fc3500895e0)
  cache_index_and_filter_blocks: 0
  cache_index_and_filter_blocks_with_high_priority: 0
  pin_l0_filter_and_index_blocks_in_cache: 0
  pin_top_level_index_and_filter: 1
  index_type: 0
  hash_index_allow_collision: 1
  checksum: 1
  no_block_cache: 0
  block_cache: 0x7fc3500446b0
  block_cache_name: LRUCache
  block_cache_options:
    capacity : 8388608
    num_shard_bits : 4
    strict_capacity_limit : 0
    memory_allocator : None
    high_pri_pool_ratio: 0.000
  block_cache_compressed: (nil)
  persistent_cache: (nil)
  block_size: 4096
  block_size_deviation: 10
  block_restart_interval: 16
  index_block_restart_interval: 1
  metadata_block_size: 4096
  partition_filters: 0
  use_delta_encoding: 1
  filter_policy: nullptr
  whole_key_filtering: 1
  verify_compression: 0
  read_amp_bytes_per_bit: 0
  format_version: 2
  enable_index_compression: 1
  block_align: 0
2019/10/17-14:55:04.100291 7fc3a9fcb700        Options.write_buffer_size: 67108864
2019/10/17-14:55:04.100292 7fc3a9fcb700  Options.max_write_buffer_number: 2
2019/10/17-14:55:04.100293 7fc3a9fcb700          Options.compression: NoCompression
2019/10/17-14:55:04.100294 7fc3a9fcb700                  Options.bottommost_compression: Disabled
2019/10/17-14:55:04.100295 7fc3a9fcb700       Options.prefix_extractor: nullptr
2019/10/17-14:55:04.100296 7fc3a9fcb700   Options.memtable_insert_with_hint_prefix_extractor: nullptr
2019/10/17-14:55:04.100296 7fc3a9fcb700             Options.num_levels: 7
2019/10/17-14:55:04.100297 7fc3a9fcb700        Options.min_write_buffer_number_to_merge: 1
2019/10/17-14:55:04.100298 7fc3a9fcb700     Options.max_write_buffer_number_to_maintain: 0
2019/10/17-14:55:04.100299 7fc3a9fcb700            Options.bottommost_compression_opts.window_bits: -14
2019/10/17-14:55:04.100300 7fc3a9fcb700                  Options.bottommost_compression_opts.level: 32767
2019/10/17-14:55:04.100300 7fc3a9fcb700               Options.bottommost_compression_opts.strategy: 0
2019/10/17-14:55:04.100301 7fc3a9fcb700         Options.bottommost_compression_opts.max_dict_bytes: 0
2019/10/17-14:55:04.100302 7fc3a9fcb700         Options.bottommost_compression_opts.zstd_max_train_bytes: 0
2019/10/17-14:55:04.100303 7fc3a9fcb700                  Options.bottommost_compression_opts.enabled: false
2019/10/17-14:55:04.100304 7fc3a9fcb700            Options.compression_opts.window_bits: -14
2019/10/17-14:55:04.100305 7fc3a9fcb700                  Options.compression_opts.level: 32767
2019/10/17-14:55:04.100305 7fc3a9fcb700               Options.compression_opts.strategy: 0
2019/10/17-14:55:04.100306 7fc3a9fcb700         Options.compression_opts.max_dict_bytes: 0
2019/10/17-14:55:04.100307 7fc3a9fcb700         Options.compression_opts.zstd_max_train_bytes: 0
2019/10/17-14:55:04.100308 7fc3a9fcb700                  Options.compression_opts.enabled: false
2019/10/17-14:55:04.100309 7fc3a9fcb700      Options.level0_file_num_compaction_trigger: 4
2019/10/17-14:55:04.100310 7fc3a9fcb700          Options.level0_slowdown_writes_trigger: 20
2019/10/17-14:55:04.100310 7fc3a9fcb700              Options.level0_stop_writes_trigger: 36
2019/10/17-14:55:04.100311 7fc3a9fcb700                   Options.target_file_size_base: 67108864
2019/10/17-14:55:04.100312 7fc3a9fcb700             Options.target_file_size_multiplier: 1
2019/10/17-14:55:04.100313 7fc3a9fcb700                Options.max_bytes_for_level_base: 268435456
2019/10/17-14:55:04.100314 7fc3a9fcb700 Options.level_compaction_dynamic_level_bytes: 0
2019/10/17-14:55:04.100315 7fc3a9fcb700          Options.max_bytes_for_level_multiplier: 10.000000
2019/10/17-14:55:04.100316 7fc3a9fcb700 Options.max_bytes_for_level_multiplier_addtl[0]: 1
2019/10/17-14:55:04.100317 7fc3a9fcb700 Options.max_bytes_for_level_multiplier_addtl[1]: 1
2019/10/17-14:55:04.100318 7fc3a9fcb700 Options.max_bytes_for_level_multiplier_addtl[2]: 1
2019/10/17-14:55:04.100319 7fc3a9fcb700 Options.max_bytes_for_level_multiplier_addtl[3]: 1
2019/10/17-14:55:04.100319 7fc3a9fcb700 Options.max_bytes_for_level_multiplier_addtl[4]: 1
2019/10/17-14:55:04.100320 7fc3a9fcb700 Options.max_bytes_for_level_multiplier_addtl[5]: 1
2019/10/17-14:55:04.100321 7fc3a9fcb700 Options.max_bytes_for_level_multiplier_addtl[6]: 1
2019/10/17-14:55:04.100322 7fc3a9fcb700       Options.max_sequential_skip_in_iterations: 8
2019/10/17-14:55:04.100323 7fc3a9fcb700                    Options.max_compaction_bytes: 1677721600
2019/10/17-14:55:04.100323 7fc3a9fcb700                        Options.arena_block_size: 8388608
2019/10/17-14:55:04.100324 7fc3a9fcb700   Options.soft_pending_compaction_bytes_limit: 68719476736
2019/10/17-14:55:04.100329 7fc3a9fcb700   Options.hard_pending_compaction_bytes_limit: 274877906944
2019/10/17-14:55:04.100330 7fc3a9fcb700       Options.rate_limit_delay_max_milliseconds: 100
2019/10/17-14:55:04.100331 7fc3a9fcb700                Options.disable_auto_compactions: 0
2019/10/17-14:55:04.100332 7fc3a9fcb700                        Options.compaction_style: kCompactionStyleLevel
2019/10/17-14:55:04.100333 7fc3a9fcb700                          Options.compaction_pri: kByCompensatedSize
2019/10/17-14:55:04.100334 7fc3a9fcb700 Options.compaction_options_universal.size_ratio: 1
2019/10/17-14:55:04.100335 7fc3a9fcb700 Options.compaction_options_universal.min_merge_width: 2
2019/10/17-14:55:04.100336 7fc3a9fcb700 Options.compaction_options_universal.max_merge_width: 4294967295
2019/10/17-14:55:04.100337 7fc3a9fcb700 Options.compaction_options_universal.max_size_amplification_percent: 200
2019/10/17-14:55:04.100338 7fc3a9fcb700 Options.compaction_options_universal.compression_size_percent: -1
2019/10/17-14:55:04.100338 7fc3a9fcb700 Options.compaction_options_universal.stop_style: kCompactionStopStyleTotalSize
2019/10/17-14:55:04.100339 7fc3a9fcb700 Options.compaction_options_fifo.max_table_files_size: 1073741824
2019/10/17-14:55:04.100340 7fc3a9fcb700 Options.compaction_options_fifo.allow_compaction: 0
2019/10/17-14:55:04.100341 7fc3a9fcb700 Options.compaction_options_fifo.ttl: 0
2019/10/17-14:55:04.100342 7fc3a9fcb700                   Options.table_properties_collectors: 
2019/10/17-14:55:04.100343 7fc3a9fcb700                   Options.inplace_update_support: 0
2019/10/17-14:55:04.100343 7fc3a9fcb700                 Options.inplace_update_num_locks: 10000
2019/10/17-14:55:04.100344 7fc3a9fcb700               Options.memtable_prefix_bloom_size_ratio: 0.000000
2019/10/17-14:55:04.100345 7fc3a9fcb700   Options.memtable_huge_page_size: 0
2019/10/17-14:55:04.100346 7fc3a9fcb700                           Options.bloom_locality: 0
2019/10/17-14:55:04.100347 7fc3a9fcb700                    Options.max_successive_merges: 0
2019/10/17-14:55:04.100348 7fc3a9fcb700                Options.optimize_filters_for_hits: 0
2019/10/17-14:55:04.100349 7fc3a9fcb700                Options.paranoid_file_checks: 0
2019/10/17-14:55:04.100350 7fc3a9fcb700                Options.force_consistency_checks: 0
2019/10/17-14:55:04.100350 7fc3a9fcb700                Options.report_bg_io_stats: 0
2019/10/17-14:55:04.100351 7fc3a9fcb700                               Options.ttl: 0
2019/10/17-14:55:04.100367 7fc3a9fcb700 [db/column_family.cc:472] --------------- Options for column family [dc_entries]:
2019/10/17-14:55:04.100368 7fc3a9fcb700               Options.comparator: leveldb.BytewiseComparator
2019/10/17-14:55:04.100369 7fc3a9fcb700           Options.merge_operator: None
2019/10/17-14:55:04.100370 7fc3a9fcb700        Options.compaction_filter: None
2019/10/17-14:55:04.100371 7fc3a9fcb700        Options.compaction_filter_factory: None
2019/10/17-14:55:04.100371 7fc3a9fcb700         Options.memtable_factory: SkipListFactory
2019/10/17-14:55:04.100372 7fc3a9fcb700            Options.table_factory: BlockBasedTable
2019/10/17-14:55:04.100383 7fc3a9fcb700            table_factory options:   flush_block_policy_factory: FlushBlockBySizePolicyFactory (0x7fc350030a50)
  cache_index_and_filter_blocks: 0
  cache_index_and_filter_blocks_with_high_priority: 0
  pin_l0_filter_and_index_blocks_in_cache: 0
  pin_top_level_index_and_filter: 1
  index_type: 0
  hash_index_allow_collision: 1
  checksum: 1
  no_block_cache: 0
  block_cache: 0x7fc35004ddf0
  block_cache_name: LRUCache
  block_cache_options:
    capacity : 8388608
    num_shard_bits : 4
    strict_capacity_limit : 0
    memory_allocator : None
    high_pri_pool_ratio: 0.000
  block_cache_compressed: (nil)
  persistent_cache: (nil)
  block_size: 4096
  block_size_deviation: 10
  block_restart_interval: 16
  index_block_restart_interval: 1
  metadata_block_size: 4096
  partition_filters: 0
  use_delta_encoding: 1
  filter_policy: nullptr
  whole_key_filtering: 1
  verify_compression: 0
  read_amp_bytes_per_bit: 0
  format_version: 2
  enable_index_compression: 1
  block_align: 0
2019/10/17-14:55:04.100389 7fc3a9fcb700        Options.write_buffer_size: 67108864
2019/10/17-14:55:04.100390 7fc3a9fcb700  Options.max_write_buffer_number: 2
2019/10/17-14:55:04.100391 7fc3a9fcb700          Options.compression: NoCompression
2019/10/17-14:55:04.100392 7fc3a9fcb700                  Options.bottommost_compression: Disabled
2019/10/17-14:55:04.100393 7fc3a9fcb700       Options.prefix_extractor: nullptr
2019/10/17-14:55:04.100393 7fc3a9fcb700   Options.memtable_insert_with_hint_prefix_extractor: nullptr
2019/10/17-14:55:04.100394 7fc3a9fcb700             Options.num_levels: 7
2019/10/17-14:55:04.100395 7fc3a9fcb700        Options.min_write_buffer_number_to_merge: 1
2019/10/17-14:55:04.100396 7fc3a9fcb700     Options.max_write_buffer_number_to_maintain: 0
2019/10/17-14:55:04.100397 7fc3a9fcb700            Options.bottommost_compression_opts.window_bits: -14
2019/10/17-14:55:04.100398 7fc3a9fcb700                  Options.bottommost_compression_opts.level: 32767
2019/10/17-14:55:04.100398 7fc3a9fcb700               Options.bottommost_compression_opts.strategy: 0
2019/10/17-14:55:04.100399 7fc3a9fcb700         Options.bottommost_compression_opts.max_dict_bytes: 0
2019/10/17-14:55:04.100400 7fc3a9fcb700         Options.bottommost_compression_opts.zstd_max_train_bytes: 0
2019/10/17-14:55:04.100401 7fc3a9fcb700                  Options.bottommost_compression_opts.enabled: false
2019/10/17-14:55:04.100402 7fc3a9fcb700            Options.compression_opts.window_bits: -14
2019/10/17-14:55:04.100402 7fc3a9fcb700                  Options.compression_opts.level: 32767
2019/10/17-14:55:04.100403 7fc3a9fcb700               Options.compression_opts.strategy: 0
2019/10/17-14:55:04.100404 7fc3a9fcb700         Options.compression_opts.max_dict_bytes: 0
2019/10/17-14:55:04.100405 7fc3a9fcb700         Options.compression_opts.zstd_max_train_bytes: 0
2019/10/17-14:55:04.100406 7fc3a9fcb700                  Options.compression_opts.enabled: false
2019/10/17-14:55:04.100407 7fc3a9fcb700      Options.level0_file_num_compaction_trigger: 4
2019/10/17-14:55:04.100407 7fc3a9fcb700          Options.level0_slowdown_writes_trigger: 20
2019/10/17-14:55:04.100408 7fc3a9fcb700              Options.level0_stop_writes_trigger: 36
2019/10/17-14:55:04.100409 7fc3a9fcb700                   Options.target_file_size_base: 67108864
2019/10/17-14:55:04.100410 7fc3a9fcb700             Options.target_file_size_multiplier: 1
2019/10/17-14:55:04.100411 7fc3a9fcb700                Options.max_bytes_for_level_base: 268435456
2019/10/17-14:55:04.100412 7fc3a9fcb700 Options.level_compaction_dynamic_level_bytes: 0
2019/10/17-14:55:04.100412 7fc3a9fcb700          Options.max_bytes_for_level_multiplier: 10.000000
2019/10/17-14:55:04.100414 7fc3a9fcb700 Options.max_bytes_for_level_multiplier_addtl[0]: 1
2019/10/17-14:55:04.100415 7fc3a9fcb700 Options.max_bytes_for_level_multiplier_addtl[1]: 1
2019/10/17-14:55:04.100415 7fc3a9fcb700 Options.max_bytes_for_level_multiplier_addtl[2]: 1
2019/10/17-14:55:04.100416 7fc3a9fcb700 Options.max_bytes_for_level_multiplier_addtl[3]: 1
2019/10/17-14:55:04.100417 7fc3a9fcb700 Options.max_bytes_for_level_multiplier_addtl[4]: 1
2019/10/17-14:55:04.100418 7fc3a9fcb700 Options.max_bytes_for_level_multiplier_addtl[5]: 1
2019/10/17-14:55:04.100419 7fc3a9fcb700 Options.max_bytes_for_level_multiplier_addtl[6]: 1
2019/10/17-14:55:04.100420 7fc3a9fcb700       Options.max_sequential_skip_in_iterations: 8
2019/10/17-14:55:04.100420 7fc3a9fcb700                    Options.max_compaction_bytes: 1677721600
2019/10/17-14:55:04.100421 7fc3a9fcb700                        Options.arena_block_size: 8388608
2019/10/17-14:55:04.100422 7fc3a9fcb700   Options.soft_pending_compaction_bytes_limit: 68719476736
2019/10/17-14:55:04.100423 7fc3a9fcb700   Options.hard_pending_compaction_bytes_limit: 274877906944
2019/10/17-14:55:04.100424 7fc3a9fcb700       Options.rate_limit_delay_max_milliseconds: 100
2019/10/17-14:55:04.100425 7fc3a9fcb700                Options.disable_auto_compactions: 0
2019/10/17-14:55:04.100429 7fc3a9fcb700                        Options.compaction_style: kCompactionStyleLevel
2019/10/17-14:55:04.100431 7fc3a9fcb700                          Options.compaction_pri: kByCompensatedSize
2019/10/17-14:55:04.100432 7fc3a9fcb700 Options.compaction_options_universal.size_ratio: 1
2019/10/17-14:55:04.100432 7fc3a9fcb700 Options.compaction_options_universal.min_merge_width: 2
2019/10/17-14:55:04.100433 7fc3a9fcb700 Options.compaction_options_universal.max_merge_width: 4294967295
2019/10/17-14:55:04.100434 7fc3a9fcb700 Options.compaction_options_universal.max_size_amplification_percent: 200
2019/10/17-14:55:04.100435 7fc3a9fcb700 Options.compaction_options_universal.compression_size_percent: -1
2019/10/17-14:55:04.100436 7fc3a9fcb700 Options.compaction_options_universal.stop_style: kCompactionStopStyleTotalSize
2019/10/17-14:55:04.100437 7fc3a9fcb700 Options.compaction_options_fifo.max_table_files_size: 1073741824
2019/10/17-14:55:04.100437 7fc3a9fcb700 Options.compaction_options_fifo.allow_compaction: 0
2019/10/17-14:55:04.100438 7fc3a9fcb700 Options.compaction_options_fifo.ttl: 0
2019/10/17-14:55:04.100439 7fc3a9fcb700                   Options.table_properties_collectors: 
2019/10/17-14:55:04.100440 7fc3a9fcb700                   Options.inplace_update_support: 0
2019/10/17-14:55:04.100441 7fc3a9fcb700                 Options.inplace_update_num_locks: 10000
2019/10/17-14:55:04.100441 7fc3a9fcb700               Options.memtable_prefix_bloom_size_ratio: 0.000000
2019/10/17-14:55:04.100443 7fc3a9fcb700   Options.memtable_huge_page_size: 0
2019/10/17-14:55:04.100443 7fc3a9fcb700                           Options.bloom_locality: 0
2019/10/17-14:55:04.100444 7fc3a9fcb700                    Options.max_successive_merges: 0
2019/10/17-14:55:04.100445 7fc3a9fcb700                Options.optimize_filters_for_hits: 0
2019/10/17-14:55:04.100446 7fc3a9fcb700                Options.paranoid_file_checks: 0
2019/10/17-14:55:04.100447 7fc3a9fcb700                Options.force_consistency_checks: 0
2019/10/17-14:55:04.100447 7fc3a9fcb700                Options.report_bg_io_stats: 0
2019/10/17-14:55:04.100448 7fc3a9fcb700                               Options.ttl: 0
2019/10/17-14:55:04.100461 7fc3a9fcb700 [db/column_family.cc:472] --------------- Options for column family [htlcs]:
2019/10/17-14:55:04.100463 7fc3a9fcb700               Options.comparator: leveldb.BytewiseComparator
2019/10/17-14:55:04.100464 7fc3a9fcb700           Options.merge_operator: None
2019/10/17-14:55:04.100465 7fc3a9fcb700        Options.compaction_filter: None
2019/10/17-14:55:04.100465 7fc3a9fcb700        Options.compaction_filter_factory: None
2019/10/17-14:55:04.100466 7fc3a9fcb700         Options.memtable_factory: SkipListFactory
2019/10/17-14:55:04.100467 7fc3a9fcb700            Options.table_factory: BlockBasedTable
2019/10/17-14:55:04.100477 7fc3a9fcb700            table_factory options:   flush_block_policy_factory: FlushBlockBySizePolicyFactory (0x7fc3500090e0)
