2019/10/17-14:56:03.414189 7fbc2cd30700 RocksDB version: 5.18.3
2019/10/17-14:56:03.414219 7fbc2cd30700 Git sha rocksdb_build_git_sha:@0@
2019/10/17-14:56:03.414221 7fbc2cd30700 Compile date Sep 19 2019
2019/10/17-14:56:03.414222 7fbc2cd30700 DB SUMMARY
2019/10/17-14:56:03.414880 7fbc2cd30700 CURRENT file:  CURRENT
2019/10/17-14:56:03.414882 7fbc2cd30700 IDENTITY file:  IDENTITY
2019/10/17-14:56:03.414909 7fbc2cd30700 MANIFEST file:  MANIFEST-116719 size: 4114 Bytes
2019/10/17-14:56:03.414911 7fbc2cd30700 SST files in /home/rahul/dev/blockchain-core/eqc/ledger.db dir, Total Num: 29, files: 000624.sst 000627.sst 106940.sst 108447.sst 108450.sst 109471.sst 109483.sst 109485.sst 109486.sst 
2019/10/17-14:56:03.414912 7fbc2cd30700 Write Ahead Log file in /home/rahul/dev/blockchain-core/eqc/ledger.db: 116720.log size: 0 ; 
2019/10/17-14:56:03.414943 7fbc2cd30700                         Options.error_if_exists: 0
2019/10/17-14:56:03.414945 7fbc2cd30700                       Options.create_if_missing: 1
2019/10/17-14:56:03.414945 7fbc2cd30700                         Options.paranoid_checks: 1
2019/10/17-14:56:03.414946 7fbc2cd30700                                     Options.env: 0x7fbbafa7bc60
2019/10/17-14:56:03.414947 7fbc2cd30700                                Options.info_log: 0x7fbbb8105470
2019/10/17-14:56:03.414948 7fbc2cd30700                Options.max_file_opening_threads: 16
2019/10/17-14:56:03.414948 7fbc2cd30700                              Options.statistics: (nil)
2019/10/17-14:56:03.414949 7fbc2cd30700                               Options.use_fsync: 0
2019/10/17-14:56:03.414950 7fbc2cd30700                       Options.max_log_file_size: 0
2019/10/17-14:56:03.414951 7fbc2cd30700                  Options.max_manifest_file_size: 1073741824
2019/10/17-14:56:03.414951 7fbc2cd30700                   Options.log_file_time_to_roll: 0
2019/10/17-14:56:03.414952 7fbc2cd30700                       Options.keep_log_file_num: 1000
2019/10/17-14:56:03.414953 7fbc2cd30700                    Options.recycle_log_file_num: 0
2019/10/17-14:56:03.414954 7fbc2cd30700                         Options.allow_fallocate: 1
2019/10/17-14:56:03.414954 7fbc2cd30700                        Options.allow_mmap_reads: 0
2019/10/17-14:56:03.414955 7fbc2cd30700                       Options.allow_mmap_writes: 0
2019/10/17-14:56:03.414956 7fbc2cd30700                        Options.use_direct_reads: 0
2019/10/17-14:56:03.414956 7fbc2cd30700                        Options.use_direct_io_for_flush_and_compaction: 0
2019/10/17-14:56:03.414957 7fbc2cd30700          Options.create_missing_column_families: 0
2019/10/17-14:56:03.414958 7fbc2cd30700                              Options.db_log_dir: 
2019/10/17-14:56:03.414958 7fbc2cd30700                                 Options.wal_dir: /home/rahul/dev/blockchain-core/eqc/ledger.db
2019/10/17-14:56:03.414959 7fbc2cd30700                Options.table_cache_numshardbits: 6
2019/10/17-14:56:03.414960 7fbc2cd30700                      Options.max_subcompactions: 1
2019/10/17-14:56:03.414961 7fbc2cd30700                  Options.max_background_flushes: -1
2019/10/17-14:56:03.414961 7fbc2cd30700                         Options.WAL_ttl_seconds: 0
2019/10/17-14:56:03.414962 7fbc2cd30700                       Options.WAL_size_limit_MB: 0
2019/10/17-14:56:03.414963 7fbc2cd30700             Options.manifest_preallocation_size: 4194304
2019/10/17-14:56:03.414963 7fbc2cd30700                     Options.is_fd_close_on_exec: 1
2019/10/17-14:56:03.414964 7fbc2cd30700                   Options.advise_random_on_open: 1
2019/10/17-14:56:03.414965 7fbc2cd30700                    Options.db_write_buffer_size: 0
2019/10/17-14:56:03.414965 7fbc2cd30700                    Options.write_buffer_manager: 0x7fbbb8400270
2019/10/17-14:56:03.414966 7fbc2cd30700         Options.access_hint_on_compaction_start: 1
2019/10/17-14:56:03.414967 7fbc2cd30700  Options.new_table_reader_for_compaction_inputs: 0
2019/10/17-14:56:03.414968 7fbc2cd30700           Options.random_access_max_buffer_size: 1048576
2019/10/17-14:56:03.414968 7fbc2cd30700                      Options.use_adaptive_mutex: 0
2019/10/17-14:56:03.414969 7fbc2cd30700                            Options.rate_limiter: (nil)
2019/10/17-14:56:03.414978 7fbc2cd30700     Options.sst_file_manager.rate_bytes_per_sec: 0
2019/10/17-14:56:03.414979 7fbc2cd30700                       Options.wal_recovery_mode: 2
2019/10/17-14:56:03.414979 7fbc2cd30700                  Options.enable_thread_tracking: 0
2019/10/17-14:56:03.414980 7fbc2cd30700                  Options.enable_pipelined_write: 0
2019/10/17-14:56:03.414981 7fbc2cd30700         Options.allow_concurrent_memtable_write: 1
2019/10/17-14:56:03.414981 7fbc2cd30700      Options.enable_write_thread_adaptive_yield: 1
2019/10/17-14:56:03.414982 7fbc2cd30700             Options.write_thread_max_yield_usec: 100
2019/10/17-14:56:03.414983 7fbc2cd30700            Options.write_thread_slow_yield_usec: 3
2019/10/17-14:56:03.414984 7fbc2cd30700                               Options.row_cache: None
2019/10/17-14:56:03.414984 7fbc2cd30700                              Options.wal_filter: None
2019/10/17-14:56:03.414985 7fbc2cd30700             Options.avoid_flush_during_recovery: 0
2019/10/17-14:56:03.414986 7fbc2cd30700             Options.allow_ingest_behind: 0
2019/10/17-14:56:03.414986 7fbc2cd30700             Options.preserve_deletes: 0
2019/10/17-14:56:03.414987 7fbc2cd30700             Options.two_write_queues: 0
2019/10/17-14:56:03.414988 7fbc2cd30700             Options.manual_wal_flush: 0
2019/10/17-14:56:03.414989 7fbc2cd30700             Options.max_background_jobs: 2
2019/10/17-14:56:03.414989 7fbc2cd30700             Options.max_background_compactions: -1
2019/10/17-14:56:03.414990 7fbc2cd30700             Options.avoid_flush_during_shutdown: 0
2019/10/17-14:56:03.414991 7fbc2cd30700           Options.writable_file_max_buffer_size: 1048576
2019/10/17-14:56:03.414991 7fbc2cd30700             Options.delayed_write_rate : 16777216
2019/10/17-14:56:03.414992 7fbc2cd30700             Options.max_total_wal_size: 0
2019/10/17-14:56:03.414993 7fbc2cd30700             Options.delete_obsolete_files_period_micros: 21600000000
2019/10/17-14:56:03.414994 7fbc2cd30700                   Options.stats_dump_period_sec: 600
2019/10/17-14:56:03.414994 7fbc2cd30700                          Options.max_open_files: -1
2019/10/17-14:56:03.414995 7fbc2cd30700                          Options.bytes_per_sync: 0
2019/10/17-14:56:03.414996 7fbc2cd30700                      Options.wal_bytes_per_sync: 0
2019/10/17-14:56:03.414996 7fbc2cd30700       Options.compaction_readahead_size: 0
2019/10/17-14:56:03.414997 7fbc2cd30700 Compression algorithms supported:
2019/10/17-14:56:03.414998 7fbc2cd30700 	kZSTDNotFinalCompression supported: 0
2019/10/17-14:56:03.414999 7fbc2cd30700 	kZSTD supported: 0
2019/10/17-14:56:03.415000 7fbc2cd30700 	kXpressCompression supported: 0
2019/10/17-14:56:03.415001 7fbc2cd30700 	kLZ4HCCompression supported: 0
2019/10/17-14:56:03.415001 7fbc2cd30700 	kLZ4Compression supported: 0
2019/10/17-14:56:03.415002 7fbc2cd30700 	kBZip2Compression supported: 0
2019/10/17-14:56:03.415003 7fbc2cd30700 	kZlibCompression supported: 0
2019/10/17-14:56:03.415003 7fbc2cd30700 	kSnappyCompression supported: 0
2019/10/17-14:56:03.415005 7fbc2cd30700 Fast CRC32 supported: Supported on x86
2019/10/17-14:56:03.415090 7fbc2cd30700 [db/version_set.cc:3507] Recovering from manifest file: MANIFEST-116719
2019/10/17-14:56:03.415120 7fbc2cd30700 [db/column_family.cc:472] --------------- Options for column family [default]:
2019/10/17-14:56:03.415122 7fbc2cd30700               Options.comparator: leveldb.BytewiseComparator
2019/10/17-14:56:03.415123 7fbc2cd30700           Options.merge_operator: None
2019/10/17-14:56:03.415123 7fbc2cd30700        Options.compaction_filter: None
2019/10/17-14:56:03.415124 7fbc2cd30700        Options.compaction_filter_factory: None
2019/10/17-14:56:03.415125 7fbc2cd30700         Options.memtable_factory: SkipListFactory
2019/10/17-14:56:03.415126 7fbc2cd30700            Options.table_factory: BlockBasedTable
2019/10/17-14:56:03.415140 7fbc2cd30700            table_factory options:   flush_block_policy_factory: FlushBlockBySizePolicyFactory (0x7fbbb80930a0)
  cache_index_and_filter_blocks: 0
  cache_index_and_filter_blocks_with_high_priority: 0
  pin_l0_filter_and_index_blocks_in_cache: 0
  pin_top_level_index_and_filter: 1
  index_type: 0
  hash_index_allow_collision: 1
  checksum: 1
  no_block_cache: 0
  block_cache: 0x7fbbb841a500
  block_cache_name: LRUCache
  block_cache_options:
    capacity : 8388608
    num_shard_bits : 4
    strict_capacity_limit : 0
    memory_allocator : None
    high_pri_pool_ratio: 0.000
  block_cache_compressed: (nil)
  persistent_cache: (nil)
  block_size: 4096
  block_size_deviation: 10
  block_restart_interval: 16
  index_block_restart_interval: 1
  metadata_block_size: 4096
  partition_filters: 0
  use_delta_encoding: 1
  filter_policy: nullptr
  whole_key_filtering: 1
  verify_compression: 0
  read_amp_bytes_per_bit: 0
  format_version: 2
  enable_index_compression: 1
  block_align: 0
2019/10/17-14:56:03.415148 7fbc2cd30700        Options.write_buffer_size: 67108864
2019/10/17-14:56:03.415149 7fbc2cd30700  Options.max_write_buffer_number: 2
2019/10/17-14:56:03.415150 7fbc2cd30700          Options.compression: NoCompression
2019/10/17-14:56:03.415151 7fbc2cd30700                  Options.bottommost_compression: Disabled
2019/10/17-14:56:03.415151 7fbc2cd30700       Options.prefix_extractor: nullptr
2019/10/17-14:56:03.415152 7fbc2cd30700   Options.memtable_insert_with_hint_prefix_extractor: nullptr
2019/10/17-14:56:03.415153 7fbc2cd30700             Options.num_levels: 7
2019/10/17-14:56:03.415154 7fbc2cd30700        Options.min_write_buffer_number_to_merge: 1
2019/10/17-14:56:03.415154 7fbc2cd30700     Options.max_write_buffer_number_to_maintain: 0
2019/10/17-14:56:03.415155 7fbc2cd30700            Options.bottommost_compression_opts.window_bits: -14
2019/10/17-14:56:03.415156 7fbc2cd30700                  Options.bottommost_compression_opts.level: 32767
2019/10/17-14:56:03.415157 7fbc2cd30700               Options.bottommost_compression_opts.strategy: 0
2019/10/17-14:56:03.415157 7fbc2cd30700         Options.bottommost_compression_opts.max_dict_bytes: 0
2019/10/17-14:56:03.415158 7fbc2cd30700         Options.bottommost_compression_opts.zstd_max_train_bytes: 0
2019/10/17-14:56:03.415159 7fbc2cd30700                  Options.bottommost_compression_opts.enabled: false
2019/10/17-14:56:03.415159 7fbc2cd30700            Options.compression_opts.window_bits: -14
2019/10/17-14:56:03.415160 7fbc2cd30700                  Options.compression_opts.level: 32767
2019/10/17-14:56:03.415161 7fbc2cd30700               Options.compression_opts.strategy: 0
2019/10/17-14:56:03.415162 7fbc2cd30700         Options.compression_opts.max_dict_bytes: 0
2019/10/17-14:56:03.415162 7fbc2cd30700         Options.compression_opts.zstd_max_train_bytes: 0
2019/10/17-14:56:03.415163 7fbc2cd30700                  Options.compression_opts.enabled: false
2019/10/17-14:56:03.415164 7fbc2cd30700      Options.level0_file_num_compaction_trigger: 4
2019/10/17-14:56:03.415164 7fbc2cd30700          Options.level0_slowdown_writes_trigger: 20
2019/10/17-14:56:03.415165 7fbc2cd30700              Options.level0_stop_writes_trigger: 36
2019/10/17-14:56:03.415166 7fbc2cd30700                   Options.target_file_size_base: 67108864
2019/10/17-14:56:03.415166 7fbc2cd30700             Options.target_file_size_multiplier: 1
2019/10/17-14:56:03.415167 7fbc2cd30700                Options.max_bytes_for_level_base: 268435456
2019/10/17-14:56:03.415168 7fbc2cd30700 Options.level_compaction_dynamic_level_bytes: 0
2019/10/17-14:56:03.415169 7fbc2cd30700          Options.max_bytes_for_level_multiplier: 10.000000
2019/10/17-14:56:03.415170 7fbc2cd30700 Options.max_bytes_for_level_multiplier_addtl[0]: 1
2019/10/17-14:56:03.415171 7fbc2cd30700 Options.max_bytes_for_level_multiplier_addtl[1]: 1
2019/10/17-14:56:03.415172 7fbc2cd30700 Options.max_bytes_for_level_multiplier_addtl[2]: 1
2019/10/17-14:56:03.415173 7fbc2cd30700 Options.max_bytes_for_level_multiplier_addtl[3]: 1
2019/10/17-14:56:03.415173 7fbc2cd30700 Options.max_bytes_for_level_multiplier_addtl[4]: 1
2019/10/17-14:56:03.415178 7fbc2cd30700 Options.max_bytes_for_level_multiplier_addtl[5]: 1
2019/10/17-14:56:03.415179 7fbc2cd30700 Options.max_bytes_for_level_multiplier_addtl[6]: 1
2019/10/17-14:56:03.415179 7fbc2cd30700       Options.max_sequential_skip_in_iterations: 8
2019/10/17-14:56:03.415180 7fbc2cd30700                    Options.max_compaction_bytes: 1677721600
2019/10/17-14:56:03.415181 7fbc2cd30700                        Options.arena_block_size: 8388608
2019/10/17-14:56:03.415182 7fbc2cd30700   Options.soft_pending_compaction_bytes_limit: 68719476736
2019/10/17-14:56:03.415182 7fbc2cd30700   Options.hard_pending_compaction_bytes_limit: 274877906944
2019/10/17-14:56:03.415183 7fbc2cd30700       Options.rate_limit_delay_max_milliseconds: 100
2019/10/17-14:56:03.415184 7fbc2cd30700                Options.disable_auto_compactions: 0
2019/10/17-14:56:03.415185 7fbc2cd30700                        Options.compaction_style: kCompactionStyleLevel
2019/10/17-14:56:03.415186 7fbc2cd30700                          Options.compaction_pri: kByCompensatedSize
2019/10/17-14:56:03.415187 7fbc2cd30700 Options.compaction_options_universal.size_ratio: 1
2019/10/17-14:56:03.415188 7fbc2cd30700 Options.compaction_options_universal.min_merge_width: 2
2019/10/17-14:56:03.415188 7fbc2cd30700 Options.compaction_options_universal.max_merge_width: 4294967295
2019/10/17-14:56:03.415189 7fbc2cd30700 Options.compaction_options_universal.max_size_amplification_percent: 200
2019/10/17-14:56:03.415190 7fbc2cd30700 Options.compaction_options_universal.compression_size_percent: -1
2019/10/17-14:56:03.415191 7fbc2cd30700 Options.compaction_options_universal.stop_style: kCompactionStopStyleTotalSize
2019/10/17-14:56:03.415192 7fbc2cd30700 Options.compaction_options_fifo.max_table_files_size: 1073741824
2019/10/17-14:56:03.415192 7fbc2cd30700 Options.compaction_options_fifo.allow_compaction: 0
2019/10/17-14:56:03.415193 7fbc2cd30700 Options.compaction_options_fifo.ttl: 0
2019/10/17-14:56:03.415194 7fbc2cd30700                   Options.table_properties_collectors: 
2019/10/17-14:56:03.415194 7fbc2cd30700                   Options.inplace_update_support: 0
2019/10/17-14:56:03.415195 7fbc2cd30700                 Options.inplace_update_num_locks: 10000
2019/10/17-14:56:03.415196 7fbc2cd30700               Options.memtable_prefix_bloom_size_ratio: 0.000000
2019/10/17-14:56:03.415197 7fbc2cd30700   Options.memtable_huge_page_size: 0
2019/10/17-14:56:03.415198 7fbc2cd30700                           Options.bloom_locality: 0
2019/10/17-14:56:03.415198 7fbc2cd30700                    Options.max_successive_merges: 0
2019/10/17-14:56:03.415199 7fbc2cd30700                Options.optimize_filters_for_hits: 0
2019/10/17-14:56:03.415200 7fbc2cd30700                Options.paranoid_file_checks: 0
2019/10/17-14:56:03.415200 7fbc2cd30700                Options.force_consistency_checks: 0
2019/10/17-14:56:03.415201 7fbc2cd30700                Options.report_bg_io_stats: 0
2019/10/17-14:56:03.415202 7fbc2cd30700                               Options.ttl: 0
2019/10/17-14:56:03.415227 7fbc2cd30700 [db/column_family.cc:472] --------------- Options for column family [active_gateways]:
2019/10/17-14:56:03.415229 7fbc2cd30700               Options.comparator: leveldb.BytewiseComparator
2019/10/17-14:56:03.415230 7fbc2cd30700           Options.merge_operator: None
2019/10/17-14:56:03.415230 7fbc2cd30700        Options.compaction_filter: None
2019/10/17-14:56:03.415231 7fbc2cd30700        Options.compaction_filter_factory: None
2019/10/17-14:56:03.415232 7fbc2cd30700         Options.memtable_factory: SkipListFactory
2019/10/17-14:56:03.415232 7fbc2cd30700            Options.table_factory: BlockBasedTable
2019/10/17-14:56:03.415242 7fbc2cd30700            table_factory options:   flush_block_policy_factory: FlushBlockBySizePolicyFactory (0x7fbbb8064070)
  cache_index_and_filter_blocks: 0
  cache_index_and_filter_blocks_with_high_priority: 0
  pin_l0_filter_and_index_blocks_in_cache: 0
  pin_top_level_index_and_filter: 1
  index_type: 0
  hash_index_allow_collision: 1
  checksum: 1
  no_block_cache: 0
  block_cache: 0x7fbbb8105100
  block_cache_name: LRUCache
  block_cache_options:
    capacity : 8388608
    num_shard_bits : 4
    strict_capacity_limit : 0
    memory_allocator : None
    high_pri_pool_ratio: 0.000
  block_cache_compressed: (nil)
  persistent_cache: (nil)
  block_size: 4096
  block_size_deviation: 10
  block_restart_interval: 16
  index_block_restart_interval: 1
  metadata_block_size: 4096
  partition_filters: 0
  use_delta_encoding: 1
  filter_policy: nullptr
  whole_key_filtering: 1
  verify_compression: 0
  read_amp_bytes_per_bit: 0
  format_version: 2
  enable_index_compression: 1
  block_align: 0
2019/10/17-14:56:03.415248 7fbc2cd30700        Options.write_buffer_size: 67108864
2019/10/17-14:56:03.415249 7fbc2cd30700  Options.max_write_buffer_number: 2
2019/10/17-14:56:03.415250 7fbc2cd30700          Options.compression: NoCompression
2019/10/17-14:56:03.415250 7fbc2cd30700                  Options.bottommost_compression: Disabled
2019/10/17-14:56:03.415251 7fbc2cd30700       Options.prefix_extractor: nullptr
2019/10/17-14:56:03.415252 7fbc2cd30700   Options.memtable_insert_with_hint_prefix_extractor: nullptr
2019/10/17-14:56:03.415253 7fbc2cd30700             Options.num_levels: 7
2019/10/17-14:56:03.415253 7fbc2cd30700        Options.min_write_buffer_number_to_merge: 1
2019/10/17-14:56:03.415254 7fbc2cd30700     Options.max_write_buffer_number_to_maintain: 0
2019/10/17-14:56:03.415255 7fbc2cd30700            Options.bottommost_compression_opts.window_bits: -14
2019/10/17-14:56:03.415255 7fbc2cd30700                  Options.bottommost_compression_opts.level: 32767
2019/10/17-14:56:03.415256 7fbc2cd30700               Options.bottommost_compression_opts.strategy: 0
2019/10/17-14:56:03.415257 7fbc2cd30700         Options.bottommost_compression_opts.max_dict_bytes: 0
2019/10/17-14:56:03.415257 7fbc2cd30700         Options.bottommost_compression_opts.zstd_max_train_bytes: 0
2019/10/17-14:56:03.415258 7fbc2cd30700                  Options.bottommost_compression_opts.enabled: false
2019/10/17-14:56:03.415259 7fbc2cd30700            Options.compression_opts.window_bits: -14
2019/10/17-14:56:03.415259 7fbc2cd30700                  Options.compression_opts.level: 32767
2019/10/17-14:56:03.415260 7fbc2cd30700               Options.compression_opts.strategy: 0
2019/10/17-14:56:03.415261 7fbc2cd30700         Options.compression_opts.max_dict_bytes: 0
2019/10/17-14:56:03.415261 7fbc2cd30700         Options.compression_opts.zstd_max_train_bytes: 0
2019/10/17-14:56:03.415262 7fbc2cd30700                  Options.compression_opts.enabled: false
2019/10/17-14:56:03.415263 7fbc2cd30700      Options.level0_file_num_compaction_trigger: 4
2019/10/17-14:56:03.415263 7fbc2cd30700          Options.level0_slowdown_writes_trigger: 20
2019/10/17-14:56:03.415264 7fbc2cd30700              Options.level0_stop_writes_trigger: 36
2019/10/17-14:56:03.415265 7fbc2cd30700                   Options.target_file_size_base: 67108864
2019/10/17-14:56:03.415266 7fbc2cd30700             Options.target_file_size_multiplier: 1
2019/10/17-14:56:03.415266 7fbc2cd30700                Options.max_bytes_for_level_base: 268435456
2019/10/17-14:56:03.415267 7fbc2cd30700 Options.level_compaction_dynamic_level_bytes: 0
2019/10/17-14:56:03.415268 7fbc2cd30700          Options.max_bytes_for_level_multiplier: 10.000000
2019/10/17-14:56:03.415269 7fbc2cd30700 Options.max_bytes_for_level_multiplier_addtl[0]: 1
2019/10/17-14:56:03.415270 7fbc2cd30700 Options.max_bytes_for_level_multiplier_addtl[1]: 1
2019/10/17-14:56:03.415270 7fbc2cd30700 Options.max_bytes_for_level_multiplier_addtl[2]: 1
2019/10/17-14:56:03.415271 7fbc2cd30700 Options.max_bytes_for_level_multiplier_addtl[3]: 1
2019/10/17-14:56:03.415272 7fbc2cd30700 Options.max_bytes_for_level_multiplier_addtl[4]: 1
2019/10/17-14:56:03.415272 7fbc2cd30700 Options.max_bytes_for_level_multiplier_addtl[5]: 1
2019/10/17-14:56:03.415273 7fbc2cd30700 Options.max_bytes_for_level_multiplier_addtl[6]: 1
2019/10/17-14:56:03.415274 7fbc2cd30700       Options.max_sequential_skip_in_iterations: 8
2019/10/17-14:56:03.415278 7fbc2cd30700                    Options.max_compaction_bytes: 1677721600
2019/10/17-14:56:03.415279 7fbc2cd30700                        Options.arena_block_size: 8388608
2019/10/17-14:56:03.415279 7fbc2cd30700   Options.soft_pending_compaction_bytes_limit: 68719476736
2019/10/17-14:56:03.415280 7fbc2cd30700   Options.hard_pending_compaction_bytes_limit: 274877906944
2019/10/17-14:56:03.415281 7fbc2cd30700       Options.rate_limit_delay_max_milliseconds: 100
2019/10/17-14:56:03.415281 7fbc2cd30700                Options.disable_auto_compactions: 0
2019/10/17-14:56:03.415282 7fbc2cd30700                        Options.compaction_style: kCompactionStyleLevel
2019/10/17-14:56:03.415283 7fbc2cd30700                          Options.compaction_pri: kByCompensatedSize
2019/10/17-14:56:03.415284 7fbc2cd30700 Options.compaction_options_universal.size_ratio: 1
2019/10/17-14:56:03.415285 7fbc2cd30700 Options.compaction_options_universal.min_merge_width: 2
2019/10/17-14:56:03.415285 7fbc2cd30700 Options.compaction_options_universal.max_merge_width: 4294967295
2019/10/17-14:56:03.415286 7fbc2cd30700 Options.compaction_options_universal.max_size_amplification_percent: 200
2019/10/17-14:56:03.415287 7fbc2cd30700 Options.compaction_options_universal.compression_size_percent: -1
2019/10/17-14:56:03.415287 7fbc2cd30700 Options.compaction_options_universal.stop_style: kCompactionStopStyleTotalSize
2019/10/17-14:56:03.415288 7fbc2cd30700 Options.compaction_options_fifo.max_table_files_size: 1073741824
2019/10/17-14:56:03.415289 7fbc2cd30700 Options.compaction_options_fifo.allow_compaction: 0
2019/10/17-14:56:03.415289 7fbc2cd30700 Options.compaction_options_fifo.ttl: 0
2019/10/17-14:56:03.415290 7fbc2cd30700                   Options.table_properties_collectors: 
2019/10/17-14:56:03.415291 7fbc2cd30700                   Options.inplace_update_support: 0
2019/10/17-14:56:03.415291 7fbc2cd30700                 Options.inplace_update_num_locks: 10000
2019/10/17-14:56:03.415292 7fbc2cd30700               Options.memtable_prefix_bloom_size_ratio: 0.000000
2019/10/17-14:56:03.415293 7fbc2cd30700   Options.memtable_huge_page_size: 0
2019/10/17-14:56:03.415294 7fbc2cd30700                           Options.bloom_locality: 0
2019/10/17-14:56:03.415295 7fbc2cd30700                    Options.max_successive_merges: 0
2019/10/17-14:56:03.415295 7fbc2cd30700                Options.optimize_filters_for_hits: 0
2019/10/17-14:56:03.415296 7fbc2cd30700                Options.paranoid_file_checks: 0
2019/10/17-14:56:03.415297 7fbc2cd30700                Options.force_consistency_checks: 0
2019/10/17-14:56:03.415297 7fbc2cd30700                Options.report_bg_io_stats: 0
2019/10/17-14:56:03.415298 7fbc2cd30700                               Options.ttl: 0
2019/10/17-14:56:03.415313 7fbc2cd30700 [db/column_family.cc:472] --------------- Options for column family [entries]:
2019/10/17-14:56:03.415314 7fbc2cd30700               Options.comparator: leveldb.BytewiseComparator
2019/10/17-14:56:03.415315 7fbc2cd30700           Options.merge_operator: None
2019/10/17-14:56:03.415315 7fbc2cd30700        Options.compaction_filter: None
2019/10/17-14:56:03.415316 7fbc2cd30700        Options.compaction_filter_factory: None
2019/10/17-14:56:03.415317 7fbc2cd30700         Options.memtable_factory: SkipListFactory
2019/10/17-14:56:03.415317 7fbc2cd30700            Options.table_factory: BlockBasedTable
2019/10/17-14:56:03.415326 7fbc2cd30700            table_factory options:   flush_block_policy_factory: FlushBlockBySizePolicyFactory (0x7fbbb80224e0)
  cache_index_and_filter_blocks: 0
  cache_index_and_filter_blocks_with_high_priority: 0
  pin_l0_filter_and_index_blocks_in_cache: 0
  pin_top_level_index_and_filter: 1
  index_type: 0
  hash_index_allow_collision: 1
  checksum: 1
  no_block_cache: 0
  block_cache: 0x7fbbb803b0f0
  block_cache_name: LRUCache
  block_cache_options:
    capacity : 8388608
    num_shard_bits : 4
    strict_capacity_limit : 0
    memory_allocator : None
    high_pri_pool_ratio: 0.000
  block_cache_compressed: (nil)
  persistent_cache: (nil)
  block_size: 4096
  block_size_deviation: 10
  block_restart_interval: 16
  index_block_restart_interval: 1
  metadata_block_size: 4096
  partition_filters: 0
  use_delta_encoding: 1
  filter_policy: nullptr
  whole_key_filtering: 1
  verify_compression: 0
  read_amp_bytes_per_bit: 0
  format_version: 2
  enable_index_compression: 1
  block_align: 0
2019/10/17-14:56:03.415332 7fbc2cd30700        Options.write_buffer_size: 67108864
2019/10/17-14:56:03.415333 7fbc2cd30700  Options.max_write_buffer_number: 2
2019/10/17-14:56:03.415333 7fbc2cd30700          Options.compression: NoCompression
2019/10/17-14:56:03.415334 7fbc2cd30700                  Options.bottommost_compression: Disabled
2019/10/17-14:56:03.415335 7fbc2cd30700       Options.prefix_extractor: nullptr
2019/10/17-14:56:03.415336 7fbc2cd30700   Options.memtable_insert_with_hint_prefix_extractor: nullptr
2019/10/17-14:56:03.415336 7fbc2cd30700             Options.num_levels: 7
2019/10/17-14:56:03.415337 7fbc2cd30700        Options.min_write_buffer_number_to_merge: 1
2019/10/17-14:56:03.415338 7fbc2cd30700     Options.max_write_buffer_number_to_maintain: 0
2019/10/17-14:56:03.415338 7fbc2cd30700            Options.bottommost_compression_opts.window_bits: -14
2019/10/17-14:56:03.415339 7fbc2cd30700                  Options.bottommost_compression_opts.level: 32767
2019/10/17-14:56:03.415340 7fbc2cd30700               Options.bottommost_compression_opts.strategy: 0
2019/10/17-14:56:03.415340 7fbc2cd30700         Options.bottommost_compression_opts.max_dict_bytes: 0
2019/10/17-14:56:03.415341 7fbc2cd30700         Options.bottommost_compression_opts.zstd_max_train_bytes: 0
2019/10/17-14:56:03.415342 7fbc2cd30700                  Options.bottommost_compression_opts.enabled: false
2019/10/17-14:56:03.415342 7fbc2cd30700            Options.compression_opts.window_bits: -14
2019/10/17-14:56:03.415343 7fbc2cd30700                  Options.compression_opts.level: 32767
2019/10/17-14:56:03.415344 7fbc2cd30700               Options.compression_opts.strategy: 0
2019/10/17-14:56:03.415344 7fbc2cd30700         Options.compression_opts.max_dict_bytes: 0
2019/10/17-14:56:03.415345 7fbc2cd30700         Options.compression_opts.zstd_max_train_bytes: 0
2019/10/17-14:56:03.415346 7fbc2cd30700                  Options.compression_opts.enabled: false
2019/10/17-14:56:03.415346 7fbc2cd30700      Options.level0_file_num_compaction_trigger: 4
2019/10/17-14:56:03.415347 7fbc2cd30700          Options.level0_slowdown_writes_trigger: 20
2019/10/17-14:56:03.415348 7fbc2cd30700              Options.level0_stop_writes_trigger: 36
2019/10/17-14:56:03.415348 7fbc2cd30700                   Options.target_file_size_base: 67108864
2019/10/17-14:56:03.415349 7fbc2cd30700             Options.target_file_size_multiplier: 1
2019/10/17-14:56:03.415350 7fbc2cd30700                Options.max_bytes_for_level_base: 268435456
2019/10/17-14:56:03.415351 7fbc2cd30700 Options.level_compaction_dynamic_level_bytes: 0
2019/10/17-14:56:03.415351 7fbc2cd30700          Options.max_bytes_for_level_multiplier: 10.000000
2019/10/17-14:56:03.415352 7fbc2cd30700 Options.max_bytes_for_level_multiplier_addtl[0]: 1
2019/10/17-14:56:03.415353 7fbc2cd30700 Options.max_bytes_for_level_multiplier_addtl[1]: 1
2019/10/17-14:56:03.415354 7fbc2cd30700 Options.max_bytes_for_level_multiplier_addtl[2]: 1
2019/10/17-14:56:03.415355 7fbc2cd30700 Options.max_bytes_for_level_multiplier_addtl[3]: 1
2019/10/17-14:56:03.415355 7fbc2cd30700 Options.max_bytes_for_level_multiplier_addtl[4]: 1
2019/10/17-14:56:03.415356 7fbc2cd30700 Options.max_bytes_for_level_multiplier_addtl[5]: 1
2019/10/17-14:56:03.415357 7fbc2cd30700 Options.max_bytes_for_level_multiplier_addtl[6]: 1
2019/10/17-14:56:03.415357 7fbc2cd30700       Options.max_sequential_skip_in_iterations: 8
2019/10/17-14:56:03.415358 7fbc2cd30700                    Options.max_compaction_bytes: 1677721600
2019/10/17-14:56:03.415359 7fbc2cd30700                        Options.arena_block_size: 8388608
2019/10/17-14:56:03.415359 7fbc2cd30700   Options.soft_pending_compaction_bytes_limit: 68719476736
2019/10/17-14:56:03.415363 7fbc2cd30700   Options.hard_pending_compaction_bytes_limit: 274877906944
2019/10/17-14:56:03.415364 7fbc2cd30700       Options.rate_limit_delay_max_milliseconds: 100
2019/10/17-14:56:03.415365 7fbc2cd30700                Options.disable_auto_compactions: 0
2019/10/17-14:56:03.415366 7fbc2cd30700                        Options.compaction_style: kCompactionStyleLevel
2019/10/17-14:56:03.415367 7fbc2cd30700                          Options.compaction_pri: kByCompensatedSize
2019/10/17-14:56:03.415367 7fbc2cd30700 Options.compaction_options_universal.size_ratio: 1
2019/10/17-14:56:03.415368 7fbc2cd30700 Options.compaction_options_universal.min_merge_width: 2
2019/10/17-14:56:03.415369 7fbc2cd30700 Options.compaction_options_universal.max_merge_width: 4294967295
2019/10/17-14:56:03.415369 7fbc2cd30700 Options.compaction_options_universal.max_size_amplification_percent: 200
2019/10/17-14:56:03.415370 7fbc2cd30700 Options.compaction_options_universal.compression_size_percent: -1
2019/10/17-14:56:03.415371 7fbc2cd30700 Options.compaction_options_universal.stop_style: kCompactionStopStyleTotalSize
2019/10/17-14:56:03.415371 7fbc2cd30700 Options.compaction_options_fifo.max_table_files_size: 1073741824
2019/10/17-14:56:03.415372 7fbc2cd30700 Options.compaction_options_fifo.allow_compaction: 0
2019/10/17-14:56:03.415373 7fbc2cd30700 Options.compaction_options_fifo.ttl: 0
2019/10/17-14:56:03.415374 7fbc2cd30700                   Options.table_properties_collectors: 
2019/10/17-14:56:03.415374 7fbc2cd30700                   Options.inplace_update_support: 0
2019/10/17-14:56:03.415375 7fbc2cd30700                 Options.inplace_update_num_locks: 10000
2019/10/17-14:56:03.415376 7fbc2cd30700               Options.memtable_prefix_bloom_size_ratio: 0.000000
2019/10/17-14:56:03.415377 7fbc2cd30700   Options.memtable_huge_page_size: 0
2019/10/17-14:56:03.415377 7fbc2cd30700                           Options.bloom_locality: 0
2019/10/17-14:56:03.415378 7fbc2cd30700                    Options.max_successive_merges: 0
2019/10/17-14:56:03.415379 7fbc2cd30700                Options.optimize_filters_for_hits: 0
2019/10/17-14:56:03.415379 7fbc2cd30700                Options.paranoid_file_checks: 0
2019/10/17-14:56:03.415380 7fbc2cd30700                Options.force_consistency_checks: 0
2019/10/17-14:56:03.415381 7fbc2cd30700                Options.report_bg_io_stats: 0
2019/10/17-14:56:03.415381 7fbc2cd30700                               Options.ttl: 0
2019/10/17-14:56:03.415394 7fbc2cd30700 [db/column_family.cc:472] --------------- Options for column family [dc_entries]:
2019/10/17-14:56:03.415395 7fbc2cd30700               Options.comparator: leveldb.BytewiseComparator
2019/10/17-14:56:03.415396 7fbc2cd30700           Options.merge_operator: None
2019/10/17-14:56:03.415397 7fbc2cd30700        Options.compaction_filter: None
2019/10/17-14:56:03.415398 7fbc2cd30700        Options.compaction_filter_factory: None
2019/10/17-14:56:03.415398 7fbc2cd30700         Options.memtable_factory: SkipListFactory
2019/10/17-14:56:03.415399 7fbc2cd30700            Options.table_factory: BlockBasedTable
2019/10/17-14:56:03.415407 7fbc2cd30700            table_factory options:   flush_block_policy_factory: FlushBlockBySizePolicyFactory (0x7fbbb809bd10)
  cache_index_and_filter_blocks: 0
  cache_index_and_filter_blocks_with_high_priority: 0
  pin_l0_filter_and_index_blocks_in_cache: 0
  pin_top_level_index_and_filter: 1
  index_type: 0
  hash_index_allow_collision: 1
  checksum: 1
  no_block_cache: 0
  block_cache: 0x7fbbb8005860
  block_cache_name: LRUCache
  block_cache_options:
    capacity : 8388608
    num_shard_bits : 4
    strict_capacity_limit : 0
    memory_allocator : None
    high_pri_pool_ratio: 0.000
  block_cache_compressed: (nil)
  persistent_cache: (nil)
  block_size: 4096
  block_size_deviation: 10
  block_restart_interval: 16
  index_block_restart_interval: 1
  metadata_block_size: 4096
  partition_filters: 0
  use_delta_encoding: 1
  filter_policy: nullptr
  whole_key_filtering: 1
  verify_compression: 0
  read_amp_bytes_per_bit: 0
  format_version: 2
  enable_index_compression: 1
  block_align: 0
2019/10/17-14:56:03.415413 7fbc2cd30700        Options.write_buffer_size: 67108864
2019/10/17-14:56:03.415413 7fbc2cd30700  Options.max_write_buffer_number: 2
2019/10/17-14:56:03.415414 7fbc2cd30700          Options.compression: NoCompression
2019/10/17-14:56:03.415415 7fbc2cd30700                  Options.bottommost_compression: Disabled
2019/10/17-14:56:03.415415 7fbc2cd30700       Options.prefix_extractor: nullptr
2019/10/17-14:56:03.415416 7fbc2cd30700   Options.memtable_insert_with_hint_prefix_extractor: nullptr
2019/10/17-14:56:03.415417 7fbc2cd30700             Options.num_levels: 7
2019/10/17-14:56:03.415418 7fbc2cd30700        Options.min_write_buffer_number_to_merge: 1
2019/10/17-14:56:03.415418 7fbc2cd30700     Options.max_write_buffer_number_to_maintain: 0
2019/10/17-14:56:03.415419 7fbc2cd30700            Options.bottommost_compression_opts.window_bits: -14
2019/10/17-14:56:03.415420 7fbc2cd30700                  Options.bottommost_compression_opts.level: 32767
2019/10/17-14:56:03.415420 7fbc2cd30700               Options.bottommost_compression_opts.strategy: 0
2019/10/17-14:56:03.415421 7fbc2cd30700         Options.bottommost_compression_opts.max_dict_bytes: 0
2019/10/17-14:56:03.415422 7fbc2cd30700         Options.bottommost_compression_opts.zstd_max_train_bytes: 0
2019/10/17-14:56:03.415422 7fbc2cd30700                  Options.bottommost_compression_opts.enabled: false
2019/10/17-14:56:03.415423 7fbc2cd30700            Options.compression_opts.window_bits: -14
2019/10/17-14:56:03.415424 7fbc2cd30700                  Options.compression_opts.level: 32767
2019/10/17-14:56:03.415424 7fbc2cd30700               Options.compression_opts.strategy: 0
2019/10/17-14:56:03.415425 7fbc2cd30700         Options.compression_opts.max_dict_bytes: 0
2019/10/17-14:56:03.415426 7fbc2cd30700         Options.compression_opts.zstd_max_train_bytes: 0
2019/10/17-14:56:03.415426 7fbc2cd30700                  Options.compression_opts.enabled: false
2019/10/17-14:56:03.415427 7fbc2cd30700      Options.level0_file_num_compaction_trigger: 4
2019/10/17-14:56:03.415428 7fbc2cd30700          Options.level0_slowdown_writes_trigger: 20
2019/10/17-14:56:03.415428 7fbc2cd30700              Options.level0_stop_writes_trigger: 36
2019/10/17-14:56:03.415429 7fbc2cd30700                   Options.target_file_size_base: 67108864
2019/10/17-14:56:03.415430 7fbc2cd30700             Options.target_file_size_multiplier: 1
2019/10/17-14:56:03.415430 7fbc2cd30700                Options.max_bytes_for_level_base: 268435456
2019/10/17-14:56:03.415431 7fbc2cd30700 Options.level_compaction_dynamic_level_bytes: 0
2019/10/17-14:56:03.415432 7fbc2cd30700          Options.max_bytes_for_level_multiplier: 10.000000
2019/10/17-14:56:03.415433 7fbc2cd30700 Options.max_bytes_for_level_multiplier_addtl[0]: 1
2019/10/17-14:56:03.415434 7fbc2cd30700 Options.max_bytes_for_level_multiplier_addtl[1]: 1
2019/10/17-14:56:03.415434 7fbc2cd30700 Options.max_bytes_for_level_multiplier_addtl[2]: 1
2019/10/17-14:56:03.415435 7fbc2cd30700 Options.max_bytes_for_level_multiplier_addtl[3]: 1
2019/10/17-14:56:03.415436 7fbc2cd30700 Options.max_bytes_for_level_multiplier_addtl[4]: 1
2019/10/17-14:56:03.415436 7fbc2cd30700 Options.max_bytes_for_level_multiplier_addtl[5]: 1
2019/10/17-14:56:03.415437 7fbc2cd30700 Options.max_bytes_for_level_multiplier_addtl[6]: 1
2019/10/17-14:56:03.415438 7fbc2cd30700       Options.max_sequential_skip_in_iterations: 8
2019/10/17-14:56:03.415439 7fbc2cd30700                    Options.max_compaction_bytes: 1677721600
2019/10/17-14:56:03.415439 7fbc2cd30700                        Options.arena_block_size: 8388608
2019/10/17-14:56:03.415440 7fbc2cd30700   Options.soft_pending_compaction_bytes_limit: 68719476736
2019/10/17-14:56:03.415441 7fbc2cd30700   Options.hard_pending_compaction_bytes_limit: 274877906944
2019/10/17-14:56:03.415441 7fbc2cd30700       Options.rate_limit_delay_max_milliseconds: 100
2019/10/17-14:56:03.415442 7fbc2cd30700                Options.disable_auto_compactions: 0
2019/10/17-14:56:03.415446 7fbc2cd30700                        Options.compaction_style: kCompactionStyleLevel
2019/10/17-14:56:03.415447 7fbc2cd30700                          Options.compaction_pri: kByCompensatedSize
2019/10/17-14:56:03.415448 7fbc2cd30700 Options.compaction_options_universal.size_ratio: 1
2019/10/17-14:56:03.415448 7fbc2cd30700 Options.compaction_options_universal.min_merge_width: 2
2019/10/17-14:56:03.415449 7fbc2cd30700 Options.compaction_options_universal.max_merge_width: 4294967295
2019/10/17-14:56:03.415450 7fbc2cd30700 Options.compaction_options_universal.max_size_amplification_percent: 200
2019/10/17-14:56:03.415450 7fbc2cd30700 Options.compaction_options_universal.compression_size_percent: -1
2019/10/17-14:56:03.415451 7fbc2cd30700 Options.compaction_options_universal.stop_style: kCompactionStopStyleTotalSize
2019/10/17-14:56:03.415452 7fbc2cd30700 Options.compaction_options_fifo.max_table_files_size: 1073741824
2019/10/17-14:56:03.415453 7fbc2cd30700 Options.compaction_options_fifo.allow_compaction: 0
2019/10/17-14:56:03.415453 7fbc2cd30700 Options.compaction_options_fifo.ttl: 0
2019/10/17-14:56:03.415454 7fbc2cd30700                   Options.table_properties_collectors: 
2019/10/17-14:56:03.415455 7fbc2cd30700                   Options.inplace_update_support: 0
2019/10/17-14:56:03.415455 7fbc2cd30700                 Options.inplace_update_num_locks: 10000
2019/10/17-14:56:03.415456 7fbc2cd30700               Options.memtable_prefix_bloom_size_ratio: 0.000000
2019/10/17-14:56:03.415457 7fbc2cd30700   Options.memtable_huge_page_size: 0
2019/10/17-14:56:03.415458 7fbc2cd30700                           Options.bloom_locality: 0
2019/10/17-14:56:03.415458 7fbc2cd30700                    Options.max_successive_merges: 0
2019/10/17-14:56:03.415459 7fbc2cd30700                Options.optimize_filters_for_hits: 0
2019/10/17-14:56:03.415460 7fbc2cd30700                Options.paranoid_file_checks: 0
2019/10/17-14:56:03.415460 7fbc2cd30700                Options.force_consistency_checks: 0
2019/10/17-14:56:03.415461 7fbc2cd30700                Options.report_bg_io_stats: 0
2019/10/17-14:56:03.415462 7fbc2cd30700                               Options.ttl: 0
2019/10/17-14:56:03.415473 7fbc2cd30700 [db/column_family.cc:472] --------------- Options for column family [htlcs]:
2019/10/17-14:56:03.415474 7fbc2cd30700               Options.comparator: leveldb.BytewiseComparator
2019/10/17-14:56:03.415474 7fbc2cd30700           Options.merge_operator: None
2019/10/17-14:56:03.415475 7fbc2cd30700        Options.compaction_filter: None
2019/10/17-14:56:03.415476 7fbc2cd30700        Options.compaction_filter_factory: None
2019/10/17-14:56:03.415477 7fbc2cd30700         Options.memtable_factory: SkipListFactory
2019/10/17-14:56:03.415477 7fbc2cd30700            Options.table_factory: BlockBasedTable
2019/10/17-14:56:03.415485 7fbc2cd30700            table_factory options:   flush_block_policy_factory: FlushBlockBySizePolicyFactory (0x7fbbb8063ef0)
