2019/10/17-14:54:16.249711 7fc3a9fcb700 RocksDB version: 5.18.3
2019/10/17-14:54:16.249737 7fc3a9fcb700 Git sha rocksdb_build_git_sha:@0@
2019/10/17-14:54:16.249739 7fc3a9fcb700 Compile date Sep 19 2019
2019/10/17-14:54:16.249740 7fc3a9fcb700 DB SUMMARY
2019/10/17-14:54:16.250418 7fc3a9fcb700 CURRENT file:  CURRENT
2019/10/17-14:54:16.250420 7fc3a9fcb700 IDENTITY file:  IDENTITY
2019/10/17-14:54:16.250448 7fc3a9fcb700 MANIFEST file:  MANIFEST-114952 size: 4114 Bytes
2019/10/17-14:54:16.250450 7fc3a9fcb700 SST files in /home/rahul/dev/blockchain-core/eqc/ledger.db dir, Total Num: 29, files: 000624.sst 000627.sst 106940.sst 108447.sst 108450.sst 109471.sst 109483.sst 109485.sst 109486.sst 
2019/10/17-14:54:16.250451 7fc3a9fcb700 Write Ahead Log file in /home/rahul/dev/blockchain-core/eqc/ledger.db: 114953.log size: 0 ; 
2019/10/17-14:54:16.250483 7fc3a9fcb700                         Options.error_if_exists: 0
2019/10/17-14:54:16.250485 7fc3a9fcb700                       Options.create_if_missing: 1
2019/10/17-14:54:16.250485 7fc3a9fcb700                         Options.paranoid_checks: 1
2019/10/17-14:54:16.250486 7fc3a9fcb700                                     Options.env: 0x7fc32ae1fc60
2019/10/17-14:54:16.250487 7fc3a9fcb700                                Options.info_log: 0x7fc3500effd0
2019/10/17-14:54:16.250488 7fc3a9fcb700                Options.max_file_opening_threads: 16
2019/10/17-14:54:16.250488 7fc3a9fcb700                              Options.statistics: (nil)
2019/10/17-14:54:16.250489 7fc3a9fcb700                               Options.use_fsync: 0
2019/10/17-14:54:16.250490 7fc3a9fcb700                       Options.max_log_file_size: 0
2019/10/17-14:54:16.250491 7fc3a9fcb700                  Options.max_manifest_file_size: 1073741824
2019/10/17-14:54:16.250491 7fc3a9fcb700                   Options.log_file_time_to_roll: 0
2019/10/17-14:54:16.250492 7fc3a9fcb700                       Options.keep_log_file_num: 1000
2019/10/17-14:54:16.250493 7fc3a9fcb700                    Options.recycle_log_file_num: 0
2019/10/17-14:54:16.250494 7fc3a9fcb700                         Options.allow_fallocate: 1
2019/10/17-14:54:16.250495 7fc3a9fcb700                        Options.allow_mmap_reads: 0
2019/10/17-14:54:16.250495 7fc3a9fcb700                       Options.allow_mmap_writes: 0
2019/10/17-14:54:16.250496 7fc3a9fcb700                        Options.use_direct_reads: 0
2019/10/17-14:54:16.250497 7fc3a9fcb700                        Options.use_direct_io_for_flush_and_compaction: 0
2019/10/17-14:54:16.250497 7fc3a9fcb700          Options.create_missing_column_families: 0
2019/10/17-14:54:16.250498 7fc3a9fcb700                              Options.db_log_dir: 
2019/10/17-14:54:16.250499 7fc3a9fcb700                                 Options.wal_dir: /home/rahul/dev/blockchain-core/eqc/ledger.db
2019/10/17-14:54:16.250499 7fc3a9fcb700                Options.table_cache_numshardbits: 6
2019/10/17-14:54:16.250500 7fc3a9fcb700                      Options.max_subcompactions: 1
2019/10/17-14:54:16.250501 7fc3a9fcb700                  Options.max_background_flushes: -1
2019/10/17-14:54:16.250502 7fc3a9fcb700                         Options.WAL_ttl_seconds: 0
2019/10/17-14:54:16.250502 7fc3a9fcb700                       Options.WAL_size_limit_MB: 0
2019/10/17-14:54:16.250503 7fc3a9fcb700             Options.manifest_preallocation_size: 4194304
2019/10/17-14:54:16.250504 7fc3a9fcb700                     Options.is_fd_close_on_exec: 1
2019/10/17-14:54:16.250505 7fc3a9fcb700                   Options.advise_random_on_open: 1
2019/10/17-14:54:16.250505 7fc3a9fcb700                    Options.db_write_buffer_size: 0
2019/10/17-14:54:16.250506 7fc3a9fcb700                    Options.write_buffer_manager: 0x7fc3501006a0
2019/10/17-14:54:16.250507 7fc3a9fcb700         Options.access_hint_on_compaction_start: 1
2019/10/17-14:54:16.250507 7fc3a9fcb700  Options.new_table_reader_for_compaction_inputs: 0
2019/10/17-14:54:16.250508 7fc3a9fcb700           Options.random_access_max_buffer_size: 1048576
2019/10/17-14:54:16.250509 7fc3a9fcb700                      Options.use_adaptive_mutex: 0
2019/10/17-14:54:16.250509 7fc3a9fcb700                            Options.rate_limiter: (nil)
2019/10/17-14:54:16.250518 7fc3a9fcb700     Options.sst_file_manager.rate_bytes_per_sec: 0
2019/10/17-14:54:16.250519 7fc3a9fcb700                       Options.wal_recovery_mode: 2
2019/10/17-14:54:16.250520 7fc3a9fcb700                  Options.enable_thread_tracking: 0
2019/10/17-14:54:16.250520 7fc3a9fcb700                  Options.enable_pipelined_write: 0
2019/10/17-14:54:16.250521 7fc3a9fcb700         Options.allow_concurrent_memtable_write: 1
2019/10/17-14:54:16.250522 7fc3a9fcb700      Options.enable_write_thread_adaptive_yield: 1
2019/10/17-14:54:16.250522 7fc3a9fcb700             Options.write_thread_max_yield_usec: 100
2019/10/17-14:54:16.250523 7fc3a9fcb700            Options.write_thread_slow_yield_usec: 3
2019/10/17-14:54:16.250524 7fc3a9fcb700                               Options.row_cache: None
2019/10/17-14:54:16.250524 7fc3a9fcb700                              Options.wal_filter: None
2019/10/17-14:54:16.250525 7fc3a9fcb700             Options.avoid_flush_during_recovery: 0
2019/10/17-14:54:16.250526 7fc3a9fcb700             Options.allow_ingest_behind: 0
2019/10/17-14:54:16.250527 7fc3a9fcb700             Options.preserve_deletes: 0
2019/10/17-14:54:16.250527 7fc3a9fcb700             Options.two_write_queues: 0
2019/10/17-14:54:16.250528 7fc3a9fcb700             Options.manual_wal_flush: 0
2019/10/17-14:54:16.250529 7fc3a9fcb700             Options.max_background_jobs: 2
2019/10/17-14:54:16.250529 7fc3a9fcb700             Options.max_background_compactions: -1
2019/10/17-14:54:16.250530 7fc3a9fcb700             Options.avoid_flush_during_shutdown: 0
2019/10/17-14:54:16.250531 7fc3a9fcb700           Options.writable_file_max_buffer_size: 1048576
2019/10/17-14:54:16.250532 7fc3a9fcb700             Options.delayed_write_rate : 16777216
2019/10/17-14:54:16.250532 7fc3a9fcb700             Options.max_total_wal_size: 0
2019/10/17-14:54:16.250533 7fc3a9fcb700             Options.delete_obsolete_files_period_micros: 21600000000
2019/10/17-14:54:16.250534 7fc3a9fcb700                   Options.stats_dump_period_sec: 600
2019/10/17-14:54:16.250534 7fc3a9fcb700                          Options.max_open_files: -1
2019/10/17-14:54:16.250535 7fc3a9fcb700                          Options.bytes_per_sync: 0
2019/10/17-14:54:16.250536 7fc3a9fcb700                      Options.wal_bytes_per_sync: 0
2019/10/17-14:54:16.250537 7fc3a9fcb700       Options.compaction_readahead_size: 0
2019/10/17-14:54:16.250537 7fc3a9fcb700 Compression algorithms supported:
2019/10/17-14:54:16.250538 7fc3a9fcb700 	kZSTDNotFinalCompression supported: 0
2019/10/17-14:54:16.250540 7fc3a9fcb700 	kZSTD supported: 0
2019/10/17-14:54:16.250540 7fc3a9fcb700 	kXpressCompression supported: 0
2019/10/17-14:54:16.250541 7fc3a9fcb700 	kLZ4HCCompression supported: 0
2019/10/17-14:54:16.250542 7fc3a9fcb700 	kLZ4Compression supported: 0
2019/10/17-14:54:16.250543 7fc3a9fcb700 	kBZip2Compression supported: 0
2019/10/17-14:54:16.250543 7fc3a9fcb700 	kZlibCompression supported: 0
2019/10/17-14:54:16.250544 7fc3a9fcb700 	kSnappyCompression supported: 0
2019/10/17-14:54:16.250546 7fc3a9fcb700 Fast CRC32 supported: Supported on x86
2019/10/17-14:54:16.250637 7fc3a9fcb700 [db/version_set.cc:3507] Recovering from manifest file: MANIFEST-114952
2019/10/17-14:54:16.250668 7fc3a9fcb700 [db/column_family.cc:472] --------------- Options for column family [default]:
2019/10/17-14:54:16.250670 7fc3a9fcb700               Options.comparator: leveldb.BytewiseComparator
2019/10/17-14:54:16.250671 7fc3a9fcb700           Options.merge_operator: None
2019/10/17-14:54:16.250671 7fc3a9fcb700        Options.compaction_filter: None
2019/10/17-14:54:16.250672 7fc3a9fcb700        Options.compaction_filter_factory: None
2019/10/17-14:54:16.250673 7fc3a9fcb700         Options.memtable_factory: SkipListFactory
2019/10/17-14:54:16.250674 7fc3a9fcb700            Options.table_factory: BlockBasedTable
2019/10/17-14:54:16.250687 7fc3a9fcb700            table_factory options:   flush_block_policy_factory: FlushBlockBySizePolicyFactory (0x7fc3500efd70)
  cache_index_and_filter_blocks: 0
  cache_index_and_filter_blocks_with_high_priority: 0
  pin_l0_filter_and_index_blocks_in_cache: 0
  pin_top_level_index_and_filter: 1
  index_type: 0
  hash_index_allow_collision: 1
  checksum: 1
  no_block_cache: 0
  block_cache: 0x7fc3500238a0
  block_cache_name: LRUCache
  block_cache_options:
    capacity : 8388608
    num_shard_bits : 4
    strict_capacity_limit : 0
    memory_allocator : None
    high_pri_pool_ratio: 0.000
  block_cache_compressed: (nil)
  persistent_cache: (nil)
  block_size: 4096
  block_size_deviation: 10
  block_restart_interval: 16
  index_block_restart_interval: 1
  metadata_block_size: 4096
  partition_filters: 0
  use_delta_encoding: 1
  filter_policy: nullptr
  whole_key_filtering: 1
  verify_compression: 0
  read_amp_bytes_per_bit: 0
  format_version: 2
  enable_index_compression: 1
  block_align: 0
2019/10/17-14:54:16.250696 7fc3a9fcb700        Options.write_buffer_size: 67108864
2019/10/17-14:54:16.250696 7fc3a9fcb700  Options.max_write_buffer_number: 2
2019/10/17-14:54:16.250697 7fc3a9fcb700          Options.compression: NoCompression
2019/10/17-14:54:16.250698 7fc3a9fcb700                  Options.bottommost_compression: Disabled
2019/10/17-14:54:16.250699 7fc3a9fcb700       Options.prefix_extractor: nullptr
2019/10/17-14:54:16.250700 7fc3a9fcb700   Options.memtable_insert_with_hint_prefix_extractor: nullptr
2019/10/17-14:54:16.250700 7fc3a9fcb700             Options.num_levels: 7
2019/10/17-14:54:16.250701 7fc3a9fcb700        Options.min_write_buffer_number_to_merge: 1
2019/10/17-14:54:16.250702 7fc3a9fcb700     Options.max_write_buffer_number_to_maintain: 0
2019/10/17-14:54:16.250702 7fc3a9fcb700            Options.bottommost_compression_opts.window_bits: -14
2019/10/17-14:54:16.250703 7fc3a9fcb700                  Options.bottommost_compression_opts.level: 32767
2019/10/17-14:54:16.250704 7fc3a9fcb700               Options.bottommost_compression_opts.strategy: 0
2019/10/17-14:54:16.250705 7fc3a9fcb700         Options.bottommost_compression_opts.max_dict_bytes: 0
2019/10/17-14:54:16.250705 7fc3a9fcb700         Options.bottommost_compression_opts.zstd_max_train_bytes: 0
2019/10/17-14:54:16.250706 7fc3a9fcb700                  Options.bottommost_compression_opts.enabled: false
2019/10/17-14:54:16.250707 7fc3a9fcb700            Options.compression_opts.window_bits: -14
2019/10/17-14:54:16.250708 7fc3a9fcb700                  Options.compression_opts.level: 32767
2019/10/17-14:54:16.250708 7fc3a9fcb700               Options.compression_opts.strategy: 0
2019/10/17-14:54:16.250709 7fc3a9fcb700         Options.compression_opts.max_dict_bytes: 0
2019/10/17-14:54:16.250710 7fc3a9fcb700         Options.compression_opts.zstd_max_train_bytes: 0
2019/10/17-14:54:16.250710 7fc3a9fcb700                  Options.compression_opts.enabled: false
2019/10/17-14:54:16.250711 7fc3a9fcb700      Options.level0_file_num_compaction_trigger: 4
2019/10/17-14:54:16.250712 7fc3a9fcb700          Options.level0_slowdown_writes_trigger: 20
2019/10/17-14:54:16.250713 7fc3a9fcb700              Options.level0_stop_writes_trigger: 36
2019/10/17-14:54:16.250713 7fc3a9fcb700                   Options.target_file_size_base: 67108864
2019/10/17-14:54:16.250714 7fc3a9fcb700             Options.target_file_size_multiplier: 1
2019/10/17-14:54:16.250715 7fc3a9fcb700                Options.max_bytes_for_level_base: 268435456
2019/10/17-14:54:16.250715 7fc3a9fcb700 Options.level_compaction_dynamic_level_bytes: 0
2019/10/17-14:54:16.250716 7fc3a9fcb700          Options.max_bytes_for_level_multiplier: 10.000000
2019/10/17-14:54:16.250718 7fc3a9fcb700 Options.max_bytes_for_level_multiplier_addtl[0]: 1
2019/10/17-14:54:16.250719 7fc3a9fcb700 Options.max_bytes_for_level_multiplier_addtl[1]: 1
2019/10/17-14:54:16.250720 7fc3a9fcb700 Options.max_bytes_for_level_multiplier_addtl[2]: 1
2019/10/17-14:54:16.250720 7fc3a9fcb700 Options.max_bytes_for_level_multiplier_addtl[3]: 1
2019/10/17-14:54:16.250721 7fc3a9fcb700 Options.max_bytes_for_level_multiplier_addtl[4]: 1
2019/10/17-14:54:16.250725 7fc3a9fcb700 Options.max_bytes_for_level_multiplier_addtl[5]: 1
2019/10/17-14:54:16.250726 7fc3a9fcb700 Options.max_bytes_for_level_multiplier_addtl[6]: 1
2019/10/17-14:54:16.250727 7fc3a9fcb700       Options.max_sequential_skip_in_iterations: 8
2019/10/17-14:54:16.250727 7fc3a9fcb700                    Options.max_compaction_bytes: 1677721600
2019/10/17-14:54:16.250728 7fc3a9fcb700                        Options.arena_block_size: 8388608
2019/10/17-14:54:16.250729 7fc3a9fcb700   Options.soft_pending_compaction_bytes_limit: 68719476736
2019/10/17-14:54:16.250730 7fc3a9fcb700   Options.hard_pending_compaction_bytes_limit: 274877906944
2019/10/17-14:54:16.250730 7fc3a9fcb700       Options.rate_limit_delay_max_milliseconds: 100
2019/10/17-14:54:16.250731 7fc3a9fcb700                Options.disable_auto_compactions: 0
2019/10/17-14:54:16.250732 7fc3a9fcb700                        Options.compaction_style: kCompactionStyleLevel
2019/10/17-14:54:16.250733 7fc3a9fcb700                          Options.compaction_pri: kByCompensatedSize
2019/10/17-14:54:16.250734 7fc3a9fcb700 Options.compaction_options_universal.size_ratio: 1
2019/10/17-14:54:16.250735 7fc3a9fcb700 Options.compaction_options_universal.min_merge_width: 2
2019/10/17-14:54:16.250736 7fc3a9fcb700 Options.compaction_options_universal.max_merge_width: 4294967295
2019/10/17-14:54:16.250736 7fc3a9fcb700 Options.compaction_options_universal.max_size_amplification_percent: 200
2019/10/17-14:54:16.250737 7fc3a9fcb700 Options.compaction_options_universal.compression_size_percent: -1
2019/10/17-14:54:16.250738 7fc3a9fcb700 Options.compaction_options_universal.stop_style: kCompactionStopStyleTotalSize
2019/10/17-14:54:16.250739 7fc3a9fcb700 Options.compaction_options_fifo.max_table_files_size: 1073741824
2019/10/17-14:54:16.250740 7fc3a9fcb700 Options.compaction_options_fifo.allow_compaction: 0
2019/10/17-14:54:16.250740 7fc3a9fcb700 Options.compaction_options_fifo.ttl: 0
2019/10/17-14:54:16.250741 7fc3a9fcb700                   Options.table_properties_collectors: 
2019/10/17-14:54:16.250742 7fc3a9fcb700                   Options.inplace_update_support: 0
2019/10/17-14:54:16.250743 7fc3a9fcb700                 Options.inplace_update_num_locks: 10000
2019/10/17-14:54:16.250743 7fc3a9fcb700               Options.memtable_prefix_bloom_size_ratio: 0.000000
2019/10/17-14:54:16.250744 7fc3a9fcb700   Options.memtable_huge_page_size: 0
2019/10/17-14:54:16.250745 7fc3a9fcb700                           Options.bloom_locality: 0
2019/10/17-14:54:16.250746 7fc3a9fcb700                    Options.max_successive_merges: 0
2019/10/17-14:54:16.250747 7fc3a9fcb700                Options.optimize_filters_for_hits: 0
2019/10/17-14:54:16.250747 7fc3a9fcb700                Options.paranoid_file_checks: 0
2019/10/17-14:54:16.250748 7fc3a9fcb700                Options.force_consistency_checks: 0
2019/10/17-14:54:16.250749 7fc3a9fcb700                Options.report_bg_io_stats: 0
2019/10/17-14:54:16.250749 7fc3a9fcb700                               Options.ttl: 0
2019/10/17-14:54:16.250776 7fc3a9fcb700 [db/column_family.cc:472] --------------- Options for column family [active_gateways]:
2019/10/17-14:54:16.250778 7fc3a9fcb700               Options.comparator: leveldb.BytewiseComparator
2019/10/17-14:54:16.250778 7fc3a9fcb700           Options.merge_operator: None
2019/10/17-14:54:16.250779 7fc3a9fcb700        Options.compaction_filter: None
2019/10/17-14:54:16.250780 7fc3a9fcb700        Options.compaction_filter_factory: None
2019/10/17-14:54:16.250781 7fc3a9fcb700         Options.memtable_factory: SkipListFactory
2019/10/17-14:54:16.250781 7fc3a9fcb700            Options.table_factory: BlockBasedTable
2019/10/17-14:54:16.250791 7fc3a9fcb700            table_factory options:   flush_block_policy_factory: FlushBlockBySizePolicyFactory (0x7fc35002af40)
  cache_index_and_filter_blocks: 0
  cache_index_and_filter_blocks_with_high_priority: 0
  pin_l0_filter_and_index_blocks_in_cache: 0
  pin_top_level_index_and_filter: 1
  index_type: 0
  hash_index_allow_collision: 1
  checksum: 1
  no_block_cache: 0
  block_cache: 0x7fc350071140
  block_cache_name: LRUCache
  block_cache_options:
    capacity : 8388608
    num_shard_bits : 4
    strict_capacity_limit : 0
    memory_allocator : None
    high_pri_pool_ratio: 0.000
  block_cache_compressed: (nil)
  persistent_cache: (nil)
  block_size: 4096
  block_size_deviation: 10
  block_restart_interval: 16
  index_block_restart_interval: 1
  metadata_block_size: 4096
  partition_filters: 0
  use_delta_encoding: 1
  filter_policy: nullptr
  whole_key_filtering: 1
  verify_compression: 0
  read_amp_bytes_per_bit: 0
  format_version: 2
  enable_index_compression: 1
  block_align: 0
2019/10/17-14:54:16.250797 7fc3a9fcb700        Options.write_buffer_size: 67108864
2019/10/17-14:54:16.250798 7fc3a9fcb700  Options.max_write_buffer_number: 2
2019/10/17-14:54:16.250799 7fc3a9fcb700          Options.compression: NoCompression
2019/10/17-14:54:16.250800 7fc3a9fcb700                  Options.bottommost_compression: Disabled
2019/10/17-14:54:16.250801 7fc3a9fcb700       Options.prefix_extractor: nullptr
2019/10/17-14:54:16.250801 7fc3a9fcb700   Options.memtable_insert_with_hint_prefix_extractor: nullptr
2019/10/17-14:54:16.250802 7fc3a9fcb700             Options.num_levels: 7
2019/10/17-14:54:16.250803 7fc3a9fcb700        Options.min_write_buffer_number_to_merge: 1
2019/10/17-14:54:16.250803 7fc3a9fcb700     Options.max_write_buffer_number_to_maintain: 0
2019/10/17-14:54:16.250804 7fc3a9fcb700            Options.bottommost_compression_opts.window_bits: -14
2019/10/17-14:54:16.250805 7fc3a9fcb700                  Options.bottommost_compression_opts.level: 32767
2019/10/17-14:54:16.250805 7fc3a9fcb700               Options.bottommost_compression_opts.strategy: 0
2019/10/17-14:54:16.250806 7fc3a9fcb700         Options.bottommost_compression_opts.max_dict_bytes: 0
2019/10/17-14:54:16.250807 7fc3a9fcb700         Options.bottommost_compression_opts.zstd_max_train_bytes: 0
2019/10/17-14:54:16.250807 7fc3a9fcb700                  Options.bottommost_compression_opts.enabled: false
2019/10/17-14:54:16.250808 7fc3a9fcb700            Options.compression_opts.window_bits: -14
2019/10/17-14:54:16.250809 7fc3a9fcb700                  Options.compression_opts.level: 32767
2019/10/17-14:54:16.250810 7fc3a9fcb700               Options.compression_opts.strategy: 0
2019/10/17-14:54:16.250810 7fc3a9fcb700         Options.compression_opts.max_dict_bytes: 0
2019/10/17-14:54:16.250811 7fc3a9fcb700         Options.compression_opts.zstd_max_train_bytes: 0
2019/10/17-14:54:16.250812 7fc3a9fcb700                  Options.compression_opts.enabled: false
2019/10/17-14:54:16.250812 7fc3a9fcb700      Options.level0_file_num_compaction_trigger: 4
2019/10/17-14:54:16.250813 7fc3a9fcb700          Options.level0_slowdown_writes_trigger: 20
2019/10/17-14:54:16.250814 7fc3a9fcb700              Options.level0_stop_writes_trigger: 36
2019/10/17-14:54:16.250814 7fc3a9fcb700                   Options.target_file_size_base: 67108864
2019/10/17-14:54:16.250815 7fc3a9fcb700             Options.target_file_size_multiplier: 1
2019/10/17-14:54:16.250816 7fc3a9fcb700                Options.max_bytes_for_level_base: 268435456
2019/10/17-14:54:16.250817 7fc3a9fcb700 Options.level_compaction_dynamic_level_bytes: 0
2019/10/17-14:54:16.250817 7fc3a9fcb700          Options.max_bytes_for_level_multiplier: 10.000000
2019/10/17-14:54:16.250819 7fc3a9fcb700 Options.max_bytes_for_level_multiplier_addtl[0]: 1
2019/10/17-14:54:16.250819 7fc3a9fcb700 Options.max_bytes_for_level_multiplier_addtl[1]: 1
2019/10/17-14:54:16.250820 7fc3a9fcb700 Options.max_bytes_for_level_multiplier_addtl[2]: 1
2019/10/17-14:54:16.250821 7fc3a9fcb700 Options.max_bytes_for_level_multiplier_addtl[3]: 1
2019/10/17-14:54:16.250821 7fc3a9fcb700 Options.max_bytes_for_level_multiplier_addtl[4]: 1
2019/10/17-14:54:16.250822 7fc3a9fcb700 Options.max_bytes_for_level_multiplier_addtl[5]: 1
2019/10/17-14:54:16.250823 7fc3a9fcb700 Options.max_bytes_for_level_multiplier_addtl[6]: 1
2019/10/17-14:54:16.250824 7fc3a9fcb700       Options.max_sequential_skip_in_iterations: 8
2019/10/17-14:54:16.250828 7fc3a9fcb700                    Options.max_compaction_bytes: 1677721600
2019/10/17-14:54:16.250828 7fc3a9fcb700                        Options.arena_block_size: 8388608
2019/10/17-14:54:16.250829 7fc3a9fcb700   Options.soft_pending_compaction_bytes_limit: 68719476736
2019/10/17-14:54:16.250830 7fc3a9fcb700   Options.hard_pending_compaction_bytes_limit: 274877906944
2019/10/17-14:54:16.250831 7fc3a9fcb700       Options.rate_limit_delay_max_milliseconds: 100
2019/10/17-14:54:16.250831 7fc3a9fcb700                Options.disable_auto_compactions: 0
2019/10/17-14:54:16.250832 7fc3a9fcb700                        Options.compaction_style: kCompactionStyleLevel
2019/10/17-14:54:16.250833 7fc3a9fcb700                          Options.compaction_pri: kByCompensatedSize
2019/10/17-14:54:16.250834 7fc3a9fcb700 Options.compaction_options_universal.size_ratio: 1
2019/10/17-14:54:16.250835 7fc3a9fcb700 Options.compaction_options_universal.min_merge_width: 2
2019/10/17-14:54:16.250835 7fc3a9fcb700 Options.compaction_options_universal.max_merge_width: 4294967295
2019/10/17-14:54:16.250836 7fc3a9fcb700 Options.compaction_options_universal.max_size_amplification_percent: 200
2019/10/17-14:54:16.250837 7fc3a9fcb700 Options.compaction_options_universal.compression_size_percent: -1
2019/10/17-14:54:16.250838 7fc3a9fcb700 Options.compaction_options_universal.stop_style: kCompactionStopStyleTotalSize
2019/10/17-14:54:16.250838 7fc3a9fcb700 Options.compaction_options_fifo.max_table_files_size: 1073741824
2019/10/17-14:54:16.250839 7fc3a9fcb700 Options.compaction_options_fifo.allow_compaction: 0
2019/10/17-14:54:16.250840 7fc3a9fcb700 Options.compaction_options_fifo.ttl: 0
2019/10/17-14:54:16.250840 7fc3a9fcb700                   Options.table_properties_collectors: 
2019/10/17-14:54:16.250841 7fc3a9fcb700                   Options.inplace_update_support: 0
2019/10/17-14:54:16.250842 7fc3a9fcb700                 Options.inplace_update_num_locks: 10000
2019/10/17-14:54:16.250843 7fc3a9fcb700               Options.memtable_prefix_bloom_size_ratio: 0.000000
2019/10/17-14:54:16.250843 7fc3a9fcb700   Options.memtable_huge_page_size: 0
2019/10/17-14:54:16.250844 7fc3a9fcb700                           Options.bloom_locality: 0
2019/10/17-14:54:16.250845 7fc3a9fcb700                    Options.max_successive_merges: 0
2019/10/17-14:54:16.250846 7fc3a9fcb700                Options.optimize_filters_for_hits: 0
2019/10/17-14:54:16.250846 7fc3a9fcb700                Options.paranoid_file_checks: 0
2019/10/17-14:54:16.250847 7fc3a9fcb700                Options.force_consistency_checks: 0
2019/10/17-14:54:16.250848 7fc3a9fcb700                Options.report_bg_io_stats: 0
2019/10/17-14:54:16.250848 7fc3a9fcb700                               Options.ttl: 0
2019/10/17-14:54:16.250863 7fc3a9fcb700 [db/column_family.cc:472] --------------- Options for column family [entries]:
2019/10/17-14:54:16.250865 7fc3a9fcb700               Options.comparator: leveldb.BytewiseComparator
2019/10/17-14:54:16.250866 7fc3a9fcb700           Options.merge_operator: None
2019/10/17-14:54:16.250866 7fc3a9fcb700        Options.compaction_filter: None
2019/10/17-14:54:16.250867 7fc3a9fcb700        Options.compaction_filter_factory: None
2019/10/17-14:54:16.250868 7fc3a9fcb700         Options.memtable_factory: SkipListFactory
2019/10/17-14:54:16.250868 7fc3a9fcb700            Options.table_factory: BlockBasedTable
2019/10/17-14:54:16.250877 7fc3a9fcb700            table_factory options:   flush_block_policy_factory: FlushBlockBySizePolicyFactory (0x7fc3500f0030)
  cache_index_and_filter_blocks: 0
  cache_index_and_filter_blocks_with_high_priority: 0
  pin_l0_filter_and_index_blocks_in_cache: 0
  pin_top_level_index_and_filter: 1
  index_type: 0
  hash_index_allow_collision: 1
  checksum: 1
  no_block_cache: 0
  block_cache: 0x7fc35003b7a0
  block_cache_name: LRUCache
  block_cache_options:
    capacity : 8388608
    num_shard_bits : 4
    strict_capacity_limit : 0
    memory_allocator : None
    high_pri_pool_ratio: 0.000
  block_cache_compressed: (nil)
  persistent_cache: (nil)
  block_size: 4096
  block_size_deviation: 10
  block_restart_interval: 16
  index_block_restart_interval: 1
  metadata_block_size: 4096
  partition_filters: 0
  use_delta_encoding: 1
  filter_policy: nullptr
  whole_key_filtering: 1
  verify_compression: 0
  read_amp_bytes_per_bit: 0
  format_version: 2
  enable_index_compression: 1
  block_align: 0
2019/10/17-14:54:16.250883 7fc3a9fcb700        Options.write_buffer_size: 67108864
2019/10/17-14:54:16.250884 7fc3a9fcb700  Options.max_write_buffer_number: 2
2019/10/17-14:54:16.250884 7fc3a9fcb700          Options.compression: NoCompression
2019/10/17-14:54:16.250885 7fc3a9fcb700                  Options.bottommost_compression: Disabled
2019/10/17-14:54:16.250886 7fc3a9fcb700       Options.prefix_extractor: nullptr
2019/10/17-14:54:16.250886 7fc3a9fcb700   Options.memtable_insert_with_hint_prefix_extractor: nullptr
2019/10/17-14:54:16.250887 7fc3a9fcb700             Options.num_levels: 7
2019/10/17-14:54:16.250888 7fc3a9fcb700        Options.min_write_buffer_number_to_merge: 1
2019/10/17-14:54:16.250889 7fc3a9fcb700     Options.max_write_buffer_number_to_maintain: 0
2019/10/17-14:54:16.250889 7fc3a9fcb700            Options.bottommost_compression_opts.window_bits: -14
2019/10/17-14:54:16.250890 7fc3a9fcb700                  Options.bottommost_compression_opts.level: 32767
2019/10/17-14:54:16.250891 7fc3a9fcb700               Options.bottommost_compression_opts.strategy: 0
2019/10/17-14:54:16.250891 7fc3a9fcb700         Options.bottommost_compression_opts.max_dict_bytes: 0
2019/10/17-14:54:16.250892 7fc3a9fcb700         Options.bottommost_compression_opts.zstd_max_train_bytes: 0
2019/10/17-14:54:16.250893 7fc3a9fcb700                  Options.bottommost_compression_opts.enabled: false
2019/10/17-14:54:16.250893 7fc3a9fcb700            Options.compression_opts.window_bits: -14
2019/10/17-14:54:16.250894 7fc3a9fcb700                  Options.compression_opts.level: 32767
2019/10/17-14:54:16.250895 7fc3a9fcb700               Options.compression_opts.strategy: 0
2019/10/17-14:54:16.250895 7fc3a9fcb700         Options.compression_opts.max_dict_bytes: 0
2019/10/17-14:54:16.250896 7fc3a9fcb700         Options.compression_opts.zstd_max_train_bytes: 0
2019/10/17-14:54:16.250897 7fc3a9fcb700                  Options.compression_opts.enabled: false
2019/10/17-14:54:16.250898 7fc3a9fcb700      Options.level0_file_num_compaction_trigger: 4
2019/10/17-14:54:16.250898 7fc3a9fcb700          Options.level0_slowdown_writes_trigger: 20
2019/10/17-14:54:16.250899 7fc3a9fcb700              Options.level0_stop_writes_trigger: 36
2019/10/17-14:54:16.250900 7fc3a9fcb700                   Options.target_file_size_base: 67108864
2019/10/17-14:54:16.250900 7fc3a9fcb700             Options.target_file_size_multiplier: 1
2019/10/17-14:54:16.250901 7fc3a9fcb700                Options.max_bytes_for_level_base: 268435456
2019/10/17-14:54:16.250902 7fc3a9fcb700 Options.level_compaction_dynamic_level_bytes: 0
2019/10/17-14:54:16.250902 7fc3a9fcb700          Options.max_bytes_for_level_multiplier: 10.000000
2019/10/17-14:54:16.250904 7fc3a9fcb700 Options.max_bytes_for_level_multiplier_addtl[0]: 1
2019/10/17-14:54:16.250904 7fc3a9fcb700 Options.max_bytes_for_level_multiplier_addtl[1]: 1
2019/10/17-14:54:16.250905 7fc3a9fcb700 Options.max_bytes_for_level_multiplier_addtl[2]: 1
2019/10/17-14:54:16.250906 7fc3a9fcb700 Options.max_bytes_for_level_multiplier_addtl[3]: 1
2019/10/17-14:54:16.250907 7fc3a9fcb700 Options.max_bytes_for_level_multiplier_addtl[4]: 1
2019/10/17-14:54:16.250907 7fc3a9fcb700 Options.max_bytes_for_level_multiplier_addtl[5]: 1
2019/10/17-14:54:16.250908 7fc3a9fcb700 Options.max_bytes_for_level_multiplier_addtl[6]: 1
2019/10/17-14:54:16.250909 7fc3a9fcb700       Options.max_sequential_skip_in_iterations: 8
2019/10/17-14:54:16.250909 7fc3a9fcb700                    Options.max_compaction_bytes: 1677721600
2019/10/17-14:54:16.250910 7fc3a9fcb700                        Options.arena_block_size: 8388608
2019/10/17-14:54:16.250911 7fc3a9fcb700   Options.soft_pending_compaction_bytes_limit: 68719476736
2019/10/17-14:54:16.250915 7fc3a9fcb700   Options.hard_pending_compaction_bytes_limit: 274877906944
2019/10/17-14:54:16.250916 7fc3a9fcb700       Options.rate_limit_delay_max_milliseconds: 100
2019/10/17-14:54:16.250916 7fc3a9fcb700                Options.disable_auto_compactions: 0
2019/10/17-14:54:16.250917 7fc3a9fcb700                        Options.compaction_style: kCompactionStyleLevel
2019/10/17-14:54:16.250918 7fc3a9fcb700                          Options.compaction_pri: kByCompensatedSize
2019/10/17-14:54:16.250919 7fc3a9fcb700 Options.compaction_options_universal.size_ratio: 1
2019/10/17-14:54:16.250919 7fc3a9fcb700 Options.compaction_options_universal.min_merge_width: 2
2019/10/17-14:54:16.250920 7fc3a9fcb700 Options.compaction_options_universal.max_merge_width: 4294967295
2019/10/17-14:54:16.250921 7fc3a9fcb700 Options.compaction_options_universal.max_size_amplification_percent: 200
2019/10/17-14:54:16.250922 7fc3a9fcb700 Options.compaction_options_universal.compression_size_percent: -1
2019/10/17-14:54:16.250922 7fc3a9fcb700 Options.compaction_options_universal.stop_style: kCompactionStopStyleTotalSize
2019/10/17-14:54:16.250923 7fc3a9fcb700 Options.compaction_options_fifo.max_table_files_size: 1073741824
2019/10/17-14:54:16.250924 7fc3a9fcb700 Options.compaction_options_fifo.allow_compaction: 0
2019/10/17-14:54:16.250924 7fc3a9fcb700 Options.compaction_options_fifo.ttl: 0
2019/10/17-14:54:16.250925 7fc3a9fcb700                   Options.table_properties_collectors: 
2019/10/17-14:54:16.250926 7fc3a9fcb700                   Options.inplace_update_support: 0
2019/10/17-14:54:16.250927 7fc3a9fcb700                 Options.inplace_update_num_locks: 10000
2019/10/17-14:54:16.250927 7fc3a9fcb700               Options.memtable_prefix_bloom_size_ratio: 0.000000
2019/10/17-14:54:16.250928 7fc3a9fcb700   Options.memtable_huge_page_size: 0
2019/10/17-14:54:16.250929 7fc3a9fcb700                           Options.bloom_locality: 0
2019/10/17-14:54:16.250930 7fc3a9fcb700                    Options.max_successive_merges: 0
2019/10/17-14:54:16.250930 7fc3a9fcb700                Options.optimize_filters_for_hits: 0
2019/10/17-14:54:16.250931 7fc3a9fcb700                Options.paranoid_file_checks: 0
2019/10/17-14:54:16.250932 7fc3a9fcb700                Options.force_consistency_checks: 0
2019/10/17-14:54:16.250932 7fc3a9fcb700                Options.report_bg_io_stats: 0
2019/10/17-14:54:16.250933 7fc3a9fcb700                               Options.ttl: 0
2019/10/17-14:54:16.250946 7fc3a9fcb700 [db/column_family.cc:472] --------------- Options for column family [dc_entries]:
2019/10/17-14:54:16.250947 7fc3a9fcb700               Options.comparator: leveldb.BytewiseComparator
2019/10/17-14:54:16.250948 7fc3a9fcb700           Options.merge_operator: None
2019/10/17-14:54:16.250949 7fc3a9fcb700        Options.compaction_filter: None
2019/10/17-14:54:16.250950 7fc3a9fcb700        Options.compaction_filter_factory: None
2019/10/17-14:54:16.250950 7fc3a9fcb700         Options.memtable_factory: SkipListFactory
2019/10/17-14:54:16.250951 7fc3a9fcb700            Options.table_factory: BlockBasedTable
2019/10/17-14:54:16.250960 7fc3a9fcb700            table_factory options:   flush_block_policy_factory: FlushBlockBySizePolicyFactory (0x7fc350101c90)
  cache_index_and_filter_blocks: 0
  cache_index_and_filter_blocks_with_high_priority: 0
  pin_l0_filter_and_index_blocks_in_cache: 0
  pin_top_level_index_and_filter: 1
  index_type: 0
  hash_index_allow_collision: 1
  checksum: 1
  no_block_cache: 0
  block_cache: 0x7fc35008ff20
  block_cache_name: LRUCache
  block_cache_options:
    capacity : 8388608
    num_shard_bits : 4
    strict_capacity_limit : 0
    memory_allocator : None
    high_pri_pool_ratio: 0.000
  block_cache_compressed: (nil)
  persistent_cache: (nil)
  block_size: 4096
  block_size_deviation: 10
  block_restart_interval: 16
  index_block_restart_interval: 1
  metadata_block_size: 4096
  partition_filters: 0
  use_delta_encoding: 1
  filter_policy: nullptr
  whole_key_filtering: 1
  verify_compression: 0
  read_amp_bytes_per_bit: 0
  format_version: 2
  enable_index_compression: 1
  block_align: 0
2019/10/17-14:54:16.250965 7fc3a9fcb700        Options.write_buffer_size: 67108864
2019/10/17-14:54:16.250966 7fc3a9fcb700  Options.max_write_buffer_number: 2
2019/10/17-14:54:16.250967 7fc3a9fcb700          Options.compression: NoCompression
2019/10/17-14:54:16.250967 7fc3a9fcb700                  Options.bottommost_compression: Disabled
2019/10/17-14:54:16.250968 7fc3a9fcb700       Options.prefix_extractor: nullptr
2019/10/17-14:54:16.250969 7fc3a9fcb700   Options.memtable_insert_with_hint_prefix_extractor: nullptr
2019/10/17-14:54:16.250969 7fc3a9fcb700             Options.num_levels: 7
2019/10/17-14:54:16.250970 7fc3a9fcb700        Options.min_write_buffer_number_to_merge: 1
2019/10/17-14:54:16.250971 7fc3a9fcb700     Options.max_write_buffer_number_to_maintain: 0
2019/10/17-14:54:16.250971 7fc3a9fcb700            Options.bottommost_compression_opts.window_bits: -14
2019/10/17-14:54:16.250972 7fc3a9fcb700                  Options.bottommost_compression_opts.level: 32767
2019/10/17-14:54:16.250973 7fc3a9fcb700               Options.bottommost_compression_opts.strategy: 0
2019/10/17-14:54:16.250973 7fc3a9fcb700         Options.bottommost_compression_opts.max_dict_bytes: 0
2019/10/17-14:54:16.250974 7fc3a9fcb700         Options.bottommost_compression_opts.zstd_max_train_bytes: 0
2019/10/17-14:54:16.250975 7fc3a9fcb700                  Options.bottommost_compression_opts.enabled: false
2019/10/17-14:54:16.250976 7fc3a9fcb700            Options.compression_opts.window_bits: -14
2019/10/17-14:54:16.250976 7fc3a9fcb700                  Options.compression_opts.level: 32767
2019/10/17-14:54:16.250977 7fc3a9fcb700               Options.compression_opts.strategy: 0
2019/10/17-14:54:16.250978 7fc3a9fcb700         Options.compression_opts.max_dict_bytes: 0
2019/10/17-14:54:16.250978 7fc3a9fcb700         Options.compression_opts.zstd_max_train_bytes: 0
2019/10/17-14:54:16.250979 7fc3a9fcb700                  Options.compression_opts.enabled: false
2019/10/17-14:54:16.250980 7fc3a9fcb700      Options.level0_file_num_compaction_trigger: 4
2019/10/17-14:54:16.250980 7fc3a9fcb700          Options.level0_slowdown_writes_trigger: 20
2019/10/17-14:54:16.250981 7fc3a9fcb700              Options.level0_stop_writes_trigger: 36
2019/10/17-14:54:16.250982 7fc3a9fcb700                   Options.target_file_size_base: 67108864
2019/10/17-14:54:16.250983 7fc3a9fcb700             Options.target_file_size_multiplier: 1
2019/10/17-14:54:16.250983 7fc3a9fcb700                Options.max_bytes_for_level_base: 268435456
2019/10/17-14:54:16.250984 7fc3a9fcb700 Options.level_compaction_dynamic_level_bytes: 0
2019/10/17-14:54:16.250985 7fc3a9fcb700          Options.max_bytes_for_level_multiplier: 10.000000
2019/10/17-14:54:16.250986 7fc3a9fcb700 Options.max_bytes_for_level_multiplier_addtl[0]: 1
2019/10/17-14:54:16.250987 7fc3a9fcb700 Options.max_bytes_for_level_multiplier_addtl[1]: 1
2019/10/17-14:54:16.250987 7fc3a9fcb700 Options.max_bytes_for_level_multiplier_addtl[2]: 1
2019/10/17-14:54:16.250988 7fc3a9fcb700 Options.max_bytes_for_level_multiplier_addtl[3]: 1
2019/10/17-14:54:16.250989 7fc3a9fcb700 Options.max_bytes_for_level_multiplier_addtl[4]: 1
2019/10/17-14:54:16.250989 7fc3a9fcb700 Options.max_bytes_for_level_multiplier_addtl[5]: 1
2019/10/17-14:54:16.250990 7fc3a9fcb700 Options.max_bytes_for_level_multiplier_addtl[6]: 1
2019/10/17-14:54:16.250991 7fc3a9fcb700       Options.max_sequential_skip_in_iterations: 8
2019/10/17-14:54:16.250991 7fc3a9fcb700                    Options.max_compaction_bytes: 1677721600
2019/10/17-14:54:16.250992 7fc3a9fcb700                        Options.arena_block_size: 8388608
2019/10/17-14:54:16.250993 7fc3a9fcb700   Options.soft_pending_compaction_bytes_limit: 68719476736
2019/10/17-14:54:16.250994 7fc3a9fcb700   Options.hard_pending_compaction_bytes_limit: 274877906944
2019/10/17-14:54:16.250994 7fc3a9fcb700       Options.rate_limit_delay_max_milliseconds: 100
2019/10/17-14:54:16.250995 7fc3a9fcb700                Options.disable_auto_compactions: 0
2019/10/17-14:54:16.250999 7fc3a9fcb700                        Options.compaction_style: kCompactionStyleLevel
2019/10/17-14:54:16.251000 7fc3a9fcb700                          Options.compaction_pri: kByCompensatedSize
2019/10/17-14:54:16.251001 7fc3a9fcb700 Options.compaction_options_universal.size_ratio: 1
2019/10/17-14:54:16.251001 7fc3a9fcb700 Options.compaction_options_universal.min_merge_width: 2
2019/10/17-14:54:16.251002 7fc3a9fcb700 Options.compaction_options_universal.max_merge_width: 4294967295
2019/10/17-14:54:16.251003 7fc3a9fcb700 Options.compaction_options_universal.max_size_amplification_percent: 200
2019/10/17-14:54:16.251004 7fc3a9fcb700 Options.compaction_options_universal.compression_size_percent: -1
2019/10/17-14:54:16.251004 7fc3a9fcb700 Options.compaction_options_universal.stop_style: kCompactionStopStyleTotalSize
2019/10/17-14:54:16.251005 7fc3a9fcb700 Options.compaction_options_fifo.max_table_files_size: 1073741824
2019/10/17-14:54:16.251006 7fc3a9fcb700 Options.compaction_options_fifo.allow_compaction: 0
2019/10/17-14:54:16.251007 7fc3a9fcb700 Options.compaction_options_fifo.ttl: 0
2019/10/17-14:54:16.251007 7fc3a9fcb700                   Options.table_properties_collectors: 
2019/10/17-14:54:16.251008 7fc3a9fcb700                   Options.inplace_update_support: 0
2019/10/17-14:54:16.251009 7fc3a9fcb700                 Options.inplace_update_num_locks: 10000
2019/10/17-14:54:16.251009 7fc3a9fcb700               Options.memtable_prefix_bloom_size_ratio: 0.000000
2019/10/17-14:54:16.251010 7fc3a9fcb700   Options.memtable_huge_page_size: 0
2019/10/17-14:54:16.251011 7fc3a9fcb700                           Options.bloom_locality: 0
2019/10/17-14:54:16.251012 7fc3a9fcb700                    Options.max_successive_merges: 0
2019/10/17-14:54:16.251012 7fc3a9fcb700                Options.optimize_filters_for_hits: 0
2019/10/17-14:54:16.251013 7fc3a9fcb700                Options.paranoid_file_checks: 0
2019/10/17-14:54:16.251014 7fc3a9fcb700                Options.force_consistency_checks: 0
2019/10/17-14:54:16.251014 7fc3a9fcb700                Options.report_bg_io_stats: 0
2019/10/17-14:54:16.251015 7fc3a9fcb700                               Options.ttl: 0
2019/10/17-14:54:16.251026 7fc3a9fcb700 [db/column_family.cc:472] --------------- Options for column family [htlcs]:
2019/10/17-14:54:16.251028 7fc3a9fcb700               Options.comparator: leveldb.BytewiseComparator
2019/10/17-14:54:16.251028 7fc3a9fcb700           Options.merge_operator: None
2019/10/17-14:54:16.251029 7fc3a9fcb700        Options.compaction_filter: None
2019/10/17-14:54:16.251030 7fc3a9fcb700        Options.compaction_filter_factory: None
2019/10/17-14:54:16.251031 7fc3a9fcb700         Options.memtable_factory: SkipListFactory
2019/10/17-14:54:16.251031 7fc3a9fcb700            Options.table_factory: BlockBasedTable
2019/10/17-14:54:16.251040 7fc3a9fcb700            table_factory options:   flush_block_policy_factory: FlushBlockBySizePolicyFactory (0x7fc3500fd110)
