2019/10/17-14:55:13.603660 7fc3a9fcb700 RocksDB version: 5.18.3
2019/10/17-14:55:13.603703 7fc3a9fcb700 Git sha rocksdb_build_git_sha:@0@
2019/10/17-14:55:13.603705 7fc3a9fcb700 Compile date Sep 19 2019
2019/10/17-14:55:13.603706 7fc3a9fcb700 DB SUMMARY
2019/10/17-14:55:13.604666 7fc3a9fcb700 CURRENT file:  CURRENT
2019/10/17-14:55:13.604668 7fc3a9fcb700 IDENTITY file:  IDENTITY
2019/10/17-14:55:13.604707 7fc3a9fcb700 MANIFEST file:  MANIFEST-116551 size: 4114 Bytes
2019/10/17-14:55:13.604710 7fc3a9fcb700 SST files in /home/rahul/dev/blockchain-core/eqc/ledger.db dir, Total Num: 29, files: 000624.sst 000627.sst 106940.sst 108447.sst 108450.sst 109471.sst 109483.sst 109485.sst 109486.sst 
2019/10/17-14:55:13.604711 7fc3a9fcb700 Write Ahead Log file in /home/rahul/dev/blockchain-core/eqc/ledger.db: 116552.log size: 0 ; 
2019/10/17-14:55:13.604757 7fc3a9fcb700                         Options.error_if_exists: 0
2019/10/17-14:55:13.604759 7fc3a9fcb700                       Options.create_if_missing: 1
2019/10/17-14:55:13.604760 7fc3a9fcb700                         Options.paranoid_checks: 1
2019/10/17-14:55:13.604761 7fc3a9fcb700                                     Options.env: 0x7fc32ae1fc60
2019/10/17-14:55:13.604762 7fc3a9fcb700                                Options.info_log: 0x7fc35005f1e0
2019/10/17-14:55:13.604763 7fc3a9fcb700                Options.max_file_opening_threads: 16
2019/10/17-14:55:13.604764 7fc3a9fcb700                              Options.statistics: (nil)
2019/10/17-14:55:13.604766 7fc3a9fcb700                               Options.use_fsync: 0
2019/10/17-14:55:13.604767 7fc3a9fcb700                       Options.max_log_file_size: 0
2019/10/17-14:55:13.604768 7fc3a9fcb700                  Options.max_manifest_file_size: 1073741824
2019/10/17-14:55:13.604769 7fc3a9fcb700                   Options.log_file_time_to_roll: 0
2019/10/17-14:55:13.604770 7fc3a9fcb700                       Options.keep_log_file_num: 1000
2019/10/17-14:55:13.604771 7fc3a9fcb700                    Options.recycle_log_file_num: 0
2019/10/17-14:55:13.604772 7fc3a9fcb700                         Options.allow_fallocate: 1
2019/10/17-14:55:13.604773 7fc3a9fcb700                        Options.allow_mmap_reads: 0
2019/10/17-14:55:13.604774 7fc3a9fcb700                       Options.allow_mmap_writes: 0
2019/10/17-14:55:13.604775 7fc3a9fcb700                        Options.use_direct_reads: 0
2019/10/17-14:55:13.604776 7fc3a9fcb700                        Options.use_direct_io_for_flush_and_compaction: 0
2019/10/17-14:55:13.604777 7fc3a9fcb700          Options.create_missing_column_families: 0
2019/10/17-14:55:13.604778 7fc3a9fcb700                              Options.db_log_dir: 
2019/10/17-14:55:13.604779 7fc3a9fcb700                                 Options.wal_dir: /home/rahul/dev/blockchain-core/eqc/ledger.db
2019/10/17-14:55:13.604780 7fc3a9fcb700                Options.table_cache_numshardbits: 6
2019/10/17-14:55:13.604781 7fc3a9fcb700                      Options.max_subcompactions: 1
2019/10/17-14:55:13.604782 7fc3a9fcb700                  Options.max_background_flushes: -1
2019/10/17-14:55:13.604783 7fc3a9fcb700                         Options.WAL_ttl_seconds: 0
2019/10/17-14:55:13.604784 7fc3a9fcb700                       Options.WAL_size_limit_MB: 0
2019/10/17-14:55:13.604785 7fc3a9fcb700             Options.manifest_preallocation_size: 4194304
2019/10/17-14:55:13.604786 7fc3a9fcb700                     Options.is_fd_close_on_exec: 1
2019/10/17-14:55:13.604787 7fc3a9fcb700                   Options.advise_random_on_open: 1
2019/10/17-14:55:13.604788 7fc3a9fcb700                    Options.db_write_buffer_size: 0
2019/10/17-14:55:13.604789 7fc3a9fcb700                    Options.write_buffer_manager: 0x7fc3500fee50
2019/10/17-14:55:13.604790 7fc3a9fcb700         Options.access_hint_on_compaction_start: 1
2019/10/17-14:55:13.604791 7fc3a9fcb700  Options.new_table_reader_for_compaction_inputs: 0
2019/10/17-14:55:13.604792 7fc3a9fcb700           Options.random_access_max_buffer_size: 1048576
2019/10/17-14:55:13.604793 7fc3a9fcb700                      Options.use_adaptive_mutex: 0
2019/10/17-14:55:13.604794 7fc3a9fcb700                            Options.rate_limiter: (nil)
2019/10/17-14:55:13.604807 7fc3a9fcb700     Options.sst_file_manager.rate_bytes_per_sec: 0
2019/10/17-14:55:13.604809 7fc3a9fcb700                       Options.wal_recovery_mode: 2
2019/10/17-14:55:13.604810 7fc3a9fcb700                  Options.enable_thread_tracking: 0
2019/10/17-14:55:13.604811 7fc3a9fcb700                  Options.enable_pipelined_write: 0
2019/10/17-14:55:13.604812 7fc3a9fcb700         Options.allow_concurrent_memtable_write: 1
2019/10/17-14:55:13.604812 7fc3a9fcb700      Options.enable_write_thread_adaptive_yield: 1
2019/10/17-14:55:13.604813 7fc3a9fcb700             Options.write_thread_max_yield_usec: 100
2019/10/17-14:55:13.604815 7fc3a9fcb700            Options.write_thread_slow_yield_usec: 3
2019/10/17-14:55:13.604816 7fc3a9fcb700                               Options.row_cache: None
2019/10/17-14:55:13.604817 7fc3a9fcb700                              Options.wal_filter: None
2019/10/17-14:55:13.604818 7fc3a9fcb700             Options.avoid_flush_during_recovery: 0
2019/10/17-14:55:13.604819 7fc3a9fcb700             Options.allow_ingest_behind: 0
2019/10/17-14:55:13.604820 7fc3a9fcb700             Options.preserve_deletes: 0
2019/10/17-14:55:13.604820 7fc3a9fcb700             Options.two_write_queues: 0
2019/10/17-14:55:13.604821 7fc3a9fcb700             Options.manual_wal_flush: 0
2019/10/17-14:55:13.604823 7fc3a9fcb700             Options.max_background_jobs: 2
2019/10/17-14:55:13.604824 7fc3a9fcb700             Options.max_background_compactions: -1
2019/10/17-14:55:13.604825 7fc3a9fcb700             Options.avoid_flush_during_shutdown: 0
2019/10/17-14:55:13.604826 7fc3a9fcb700           Options.writable_file_max_buffer_size: 1048576
2019/10/17-14:55:13.604827 7fc3a9fcb700             Options.delayed_write_rate : 16777216
2019/10/17-14:55:13.604828 7fc3a9fcb700             Options.max_total_wal_size: 0
2019/10/17-14:55:13.604829 7fc3a9fcb700             Options.delete_obsolete_files_period_micros: 21600000000
2019/10/17-14:55:13.604830 7fc3a9fcb700                   Options.stats_dump_period_sec: 600
2019/10/17-14:55:13.604831 7fc3a9fcb700                          Options.max_open_files: -1
2019/10/17-14:55:13.604832 7fc3a9fcb700                          Options.bytes_per_sync: 0
2019/10/17-14:55:13.604833 7fc3a9fcb700                      Options.wal_bytes_per_sync: 0
2019/10/17-14:55:13.604834 7fc3a9fcb700       Options.compaction_readahead_size: 0
2019/10/17-14:55:13.604835 7fc3a9fcb700 Compression algorithms supported:
2019/10/17-14:55:13.604836 7fc3a9fcb700 	kZSTDNotFinalCompression supported: 0
2019/10/17-14:55:13.604837 7fc3a9fcb700 	kZSTD supported: 0
2019/10/17-14:55:13.604838 7fc3a9fcb700 	kXpressCompression supported: 0
2019/10/17-14:55:13.604839 7fc3a9fcb700 	kLZ4HCCompression supported: 0
2019/10/17-14:55:13.604840 7fc3a9fcb700 	kLZ4Compression supported: 0
2019/10/17-14:55:13.604842 7fc3a9fcb700 	kBZip2Compression supported: 0
2019/10/17-14:55:13.604843 7fc3a9fcb700 	kZlibCompression supported: 0
2019/10/17-14:55:13.604844 7fc3a9fcb700 	kSnappyCompression supported: 0
2019/10/17-14:55:13.604846 7fc3a9fcb700 Fast CRC32 supported: Supported on x86
2019/10/17-14:55:13.604966 7fc3a9fcb700 [db/version_set.cc:3507] Recovering from manifest file: MANIFEST-116551
2019/10/17-14:55:13.605009 7fc3a9fcb700 [db/column_family.cc:472] --------------- Options for column family [default]:
2019/10/17-14:55:13.605011 7fc3a9fcb700               Options.comparator: leveldb.BytewiseComparator
2019/10/17-14:55:13.605012 7fc3a9fcb700           Options.merge_operator: None
2019/10/17-14:55:13.605013 7fc3a9fcb700        Options.compaction_filter: None
2019/10/17-14:55:13.605014 7fc3a9fcb700        Options.compaction_filter_factory: None
2019/10/17-14:55:13.605015 7fc3a9fcb700         Options.memtable_factory: SkipListFactory
2019/10/17-14:55:13.605016 7fc3a9fcb700            Options.table_factory: BlockBasedTable
2019/10/17-14:55:13.605034 7fc3a9fcb700            table_factory options:   flush_block_policy_factory: FlushBlockBySizePolicyFactory (0x7fc35007bb90)
  cache_index_and_filter_blocks: 0
  cache_index_and_filter_blocks_with_high_priority: 0
  pin_l0_filter_and_index_blocks_in_cache: 0
  pin_top_level_index_and_filter: 1
  index_type: 0
  hash_index_allow_collision: 1
  checksum: 1
  no_block_cache: 0
  block_cache: 0x7fc3500175d0
  block_cache_name: LRUCache
  block_cache_options:
    capacity : 8388608
    num_shard_bits : 4
    strict_capacity_limit : 0
    memory_allocator : None
    high_pri_pool_ratio: 0.000
  block_cache_compressed: (nil)
  persistent_cache: (nil)
  block_size: 4096
  block_size_deviation: 10
  block_restart_interval: 16
  index_block_restart_interval: 1
  metadata_block_size: 4096
  partition_filters: 0
  use_delta_encoding: 1
  filter_policy: nullptr
  whole_key_filtering: 1
  verify_compression: 0
  read_amp_bytes_per_bit: 0
  format_version: 2
  enable_index_compression: 1
  block_align: 0
2019/10/17-14:55:13.605046 7fc3a9fcb700        Options.write_buffer_size: 67108864
2019/10/17-14:55:13.605047 7fc3a9fcb700  Options.max_write_buffer_number: 2
2019/10/17-14:55:13.605049 7fc3a9fcb700          Options.compression: NoCompression
2019/10/17-14:55:13.605050 7fc3a9fcb700                  Options.bottommost_compression: Disabled
2019/10/17-14:55:13.605051 7fc3a9fcb700       Options.prefix_extractor: nullptr
2019/10/17-14:55:13.605052 7fc3a9fcb700   Options.memtable_insert_with_hint_prefix_extractor: nullptr
2019/10/17-14:55:13.605053 7fc3a9fcb700             Options.num_levels: 7
2019/10/17-14:55:13.605054 7fc3a9fcb700        Options.min_write_buffer_number_to_merge: 1
2019/10/17-14:55:13.605055 7fc3a9fcb700     Options.max_write_buffer_number_to_maintain: 0
2019/10/17-14:55:13.605056 7fc3a9fcb700            Options.bottommost_compression_opts.window_bits: -14
2019/10/17-14:55:13.605057 7fc3a9fcb700                  Options.bottommost_compression_opts.level: 32767
2019/10/17-14:55:13.605058 7fc3a9fcb700               Options.bottommost_compression_opts.strategy: 0
2019/10/17-14:55:13.605059 7fc3a9fcb700         Options.bottommost_compression_opts.max_dict_bytes: 0
2019/10/17-14:55:13.605060 7fc3a9fcb700         Options.bottommost_compression_opts.zstd_max_train_bytes: 0
2019/10/17-14:55:13.605061 7fc3a9fcb700                  Options.bottommost_compression_opts.enabled: false
2019/10/17-14:55:13.605062 7fc3a9fcb700            Options.compression_opts.window_bits: -14
2019/10/17-14:55:13.605063 7fc3a9fcb700                  Options.compression_opts.level: 32767
2019/10/17-14:55:13.605064 7fc3a9fcb700               Options.compression_opts.strategy: 0
2019/10/17-14:55:13.605065 7fc3a9fcb700         Options.compression_opts.max_dict_bytes: 0
2019/10/17-14:55:13.605066 7fc3a9fcb700         Options.compression_opts.zstd_max_train_bytes: 0
2019/10/17-14:55:13.605067 7fc3a9fcb700                  Options.compression_opts.enabled: false
2019/10/17-14:55:13.605068 7fc3a9fcb700      Options.level0_file_num_compaction_trigger: 4
2019/10/17-14:55:13.605069 7fc3a9fcb700          Options.level0_slowdown_writes_trigger: 20
2019/10/17-14:55:13.605070 7fc3a9fcb700              Options.level0_stop_writes_trigger: 36
2019/10/17-14:55:13.605071 7fc3a9fcb700                   Options.target_file_size_base: 67108864
2019/10/17-14:55:13.605072 7fc3a9fcb700             Options.target_file_size_multiplier: 1
2019/10/17-14:55:13.605073 7fc3a9fcb700                Options.max_bytes_for_level_base: 268435456
2019/10/17-14:55:13.605074 7fc3a9fcb700 Options.level_compaction_dynamic_level_bytes: 0
2019/10/17-14:55:13.605075 7fc3a9fcb700          Options.max_bytes_for_level_multiplier: 10.000000
2019/10/17-14:55:13.605077 7fc3a9fcb700 Options.max_bytes_for_level_multiplier_addtl[0]: 1
2019/10/17-14:55:13.605079 7fc3a9fcb700 Options.max_bytes_for_level_multiplier_addtl[1]: 1
2019/10/17-14:55:13.605080 7fc3a9fcb700 Options.max_bytes_for_level_multiplier_addtl[2]: 1
2019/10/17-14:55:13.605081 7fc3a9fcb700 Options.max_bytes_for_level_multiplier_addtl[3]: 1
2019/10/17-14:55:13.605082 7fc3a9fcb700 Options.max_bytes_for_level_multiplier_addtl[4]: 1
2019/10/17-14:55:13.605087 7fc3a9fcb700 Options.max_bytes_for_level_multiplier_addtl[5]: 1
2019/10/17-14:55:13.605088 7fc3a9fcb700 Options.max_bytes_for_level_multiplier_addtl[6]: 1
2019/10/17-14:55:13.605089 7fc3a9fcb700       Options.max_sequential_skip_in_iterations: 8
2019/10/17-14:55:13.605090 7fc3a9fcb700                    Options.max_compaction_bytes: 1677721600
2019/10/17-14:55:13.605091 7fc3a9fcb700                        Options.arena_block_size: 8388608
2019/10/17-14:55:13.605093 7fc3a9fcb700   Options.soft_pending_compaction_bytes_limit: 68719476736
2019/10/17-14:55:13.605094 7fc3a9fcb700   Options.hard_pending_compaction_bytes_limit: 274877906944
2019/10/17-14:55:13.605095 7fc3a9fcb700       Options.rate_limit_delay_max_milliseconds: 100
2019/10/17-14:55:13.605096 7fc3a9fcb700                Options.disable_auto_compactions: 0
2019/10/17-14:55:13.605097 7fc3a9fcb700                        Options.compaction_style: kCompactionStyleLevel
2019/10/17-14:55:13.605098 7fc3a9fcb700                          Options.compaction_pri: kByCompensatedSize
2019/10/17-14:55:13.605099 7fc3a9fcb700 Options.compaction_options_universal.size_ratio: 1
2019/10/17-14:55:13.605101 7fc3a9fcb700 Options.compaction_options_universal.min_merge_width: 2
2019/10/17-14:55:13.605101 7fc3a9fcb700 Options.compaction_options_universal.max_merge_width: 4294967295
2019/10/17-14:55:13.605103 7fc3a9fcb700 Options.compaction_options_universal.max_size_amplification_percent: 200
2019/10/17-14:55:13.605103 7fc3a9fcb700 Options.compaction_options_universal.compression_size_percent: -1
2019/10/17-14:55:13.605105 7fc3a9fcb700 Options.compaction_options_universal.stop_style: kCompactionStopStyleTotalSize
2019/10/17-14:55:13.605106 7fc3a9fcb700 Options.compaction_options_fifo.max_table_files_size: 1073741824
2019/10/17-14:55:13.605107 7fc3a9fcb700 Options.compaction_options_fifo.allow_compaction: 0
2019/10/17-14:55:13.605108 7fc3a9fcb700 Options.compaction_options_fifo.ttl: 0
2019/10/17-14:55:13.605109 7fc3a9fcb700                   Options.table_properties_collectors: 
2019/10/17-14:55:13.605110 7fc3a9fcb700                   Options.inplace_update_support: 0
2019/10/17-14:55:13.605111 7fc3a9fcb700                 Options.inplace_update_num_locks: 10000
2019/10/17-14:55:13.605112 7fc3a9fcb700               Options.memtable_prefix_bloom_size_ratio: 0.000000
2019/10/17-14:55:13.605113 7fc3a9fcb700   Options.memtable_huge_page_size: 0
2019/10/17-14:55:13.605114 7fc3a9fcb700                           Options.bloom_locality: 0
2019/10/17-14:55:13.605116 7fc3a9fcb700                    Options.max_successive_merges: 0
2019/10/17-14:55:13.605117 7fc3a9fcb700                Options.optimize_filters_for_hits: 0
2019/10/17-14:55:13.605118 7fc3a9fcb700                Options.paranoid_file_checks: 0
2019/10/17-14:55:13.605119 7fc3a9fcb700                Options.force_consistency_checks: 0
2019/10/17-14:55:13.605119 7fc3a9fcb700                Options.report_bg_io_stats: 0
2019/10/17-14:55:13.605120 7fc3a9fcb700                               Options.ttl: 0
2019/10/17-14:55:13.605157 7fc3a9fcb700 [db/column_family.cc:472] --------------- Options for column family [active_gateways]:
2019/10/17-14:55:13.605159 7fc3a9fcb700               Options.comparator: leveldb.BytewiseComparator
2019/10/17-14:55:13.605160 7fc3a9fcb700           Options.merge_operator: None
2019/10/17-14:55:13.605161 7fc3a9fcb700        Options.compaction_filter: None
2019/10/17-14:55:13.605162 7fc3a9fcb700        Options.compaction_filter_factory: None
2019/10/17-14:55:13.605163 7fc3a9fcb700         Options.memtable_factory: SkipListFactory
2019/10/17-14:55:13.605164 7fc3a9fcb700            Options.table_factory: BlockBasedTable
2019/10/17-14:55:13.605178 7fc3a9fcb700            table_factory options:   flush_block_policy_factory: FlushBlockBySizePolicyFactory (0x7fc3500a06b0)
  cache_index_and_filter_blocks: 0
  cache_index_and_filter_blocks_with_high_priority: 0
  pin_l0_filter_and_index_blocks_in_cache: 0
  pin_top_level_index_and_filter: 1
  index_type: 0
  hash_index_allow_collision: 1
  checksum: 1
  no_block_cache: 0
  block_cache: 0x7fc350044860
  block_cache_name: LRUCache
  block_cache_options:
    capacity : 8388608
    num_shard_bits : 4
    strict_capacity_limit : 0
    memory_allocator : None
    high_pri_pool_ratio: 0.000
  block_cache_compressed: (nil)
  persistent_cache: (nil)
  block_size: 4096
  block_size_deviation: 10
  block_restart_interval: 16
  index_block_restart_interval: 1
  metadata_block_size: 4096
  partition_filters: 0
  use_delta_encoding: 1
  filter_policy: nullptr
  whole_key_filtering: 1
  verify_compression: 0
  read_amp_bytes_per_bit: 0
  format_version: 2
  enable_index_compression: 1
  block_align: 0
2019/10/17-14:55:13.605187 7fc3a9fcb700        Options.write_buffer_size: 67108864
2019/10/17-14:55:13.605188 7fc3a9fcb700  Options.max_write_buffer_number: 2
2019/10/17-14:55:13.605189 7fc3a9fcb700          Options.compression: NoCompression
2019/10/17-14:55:13.605191 7fc3a9fcb700                  Options.bottommost_compression: Disabled
2019/10/17-14:55:13.605192 7fc3a9fcb700       Options.prefix_extractor: nullptr
2019/10/17-14:55:13.605192 7fc3a9fcb700   Options.memtable_insert_with_hint_prefix_extractor: nullptr
2019/10/17-14:55:13.605193 7fc3a9fcb700             Options.num_levels: 7
2019/10/17-14:55:13.605194 7fc3a9fcb700        Options.min_write_buffer_number_to_merge: 1
2019/10/17-14:55:13.605195 7fc3a9fcb700     Options.max_write_buffer_number_to_maintain: 0
2019/10/17-14:55:13.605196 7fc3a9fcb700            Options.bottommost_compression_opts.window_bits: -14
2019/10/17-14:55:13.605197 7fc3a9fcb700                  Options.bottommost_compression_opts.level: 32767
2019/10/17-14:55:13.605198 7fc3a9fcb700               Options.bottommost_compression_opts.strategy: 0
2019/10/17-14:55:13.605199 7fc3a9fcb700         Options.bottommost_compression_opts.max_dict_bytes: 0
2019/10/17-14:55:13.605200 7fc3a9fcb700         Options.bottommost_compression_opts.zstd_max_train_bytes: 0
2019/10/17-14:55:13.605201 7fc3a9fcb700                  Options.bottommost_compression_opts.enabled: false
2019/10/17-14:55:13.605202 7fc3a9fcb700            Options.compression_opts.window_bits: -14
2019/10/17-14:55:13.605203 7fc3a9fcb700                  Options.compression_opts.level: 32767
2019/10/17-14:55:13.605204 7fc3a9fcb700               Options.compression_opts.strategy: 0
2019/10/17-14:55:13.605205 7fc3a9fcb700         Options.compression_opts.max_dict_bytes: 0
2019/10/17-14:55:13.605206 7fc3a9fcb700         Options.compression_opts.zstd_max_train_bytes: 0
2019/10/17-14:55:13.605207 7fc3a9fcb700                  Options.compression_opts.enabled: false
2019/10/17-14:55:13.605208 7fc3a9fcb700      Options.level0_file_num_compaction_trigger: 4
2019/10/17-14:55:13.605209 7fc3a9fcb700          Options.level0_slowdown_writes_trigger: 20
2019/10/17-14:55:13.605210 7fc3a9fcb700              Options.level0_stop_writes_trigger: 36
2019/10/17-14:55:13.605211 7fc3a9fcb700                   Options.target_file_size_base: 67108864
2019/10/17-14:55:13.605212 7fc3a9fcb700             Options.target_file_size_multiplier: 1
2019/10/17-14:55:13.605213 7fc3a9fcb700                Options.max_bytes_for_level_base: 268435456
2019/10/17-14:55:13.605214 7fc3a9fcb700 Options.level_compaction_dynamic_level_bytes: 0
2019/10/17-14:55:13.605215 7fc3a9fcb700          Options.max_bytes_for_level_multiplier: 10.000000
2019/10/17-14:55:13.605217 7fc3a9fcb700 Options.max_bytes_for_level_multiplier_addtl[0]: 1
2019/10/17-14:55:13.605218 7fc3a9fcb700 Options.max_bytes_for_level_multiplier_addtl[1]: 1
2019/10/17-14:55:13.605219 7fc3a9fcb700 Options.max_bytes_for_level_multiplier_addtl[2]: 1
2019/10/17-14:55:13.605220 7fc3a9fcb700 Options.max_bytes_for_level_multiplier_addtl[3]: 1
2019/10/17-14:55:13.605221 7fc3a9fcb700 Options.max_bytes_for_level_multiplier_addtl[4]: 1
2019/10/17-14:55:13.605222 7fc3a9fcb700 Options.max_bytes_for_level_multiplier_addtl[5]: 1
2019/10/17-14:55:13.605223 7fc3a9fcb700 Options.max_bytes_for_level_multiplier_addtl[6]: 1
2019/10/17-14:55:13.605224 7fc3a9fcb700       Options.max_sequential_skip_in_iterations: 8
2019/10/17-14:55:13.605230 7fc3a9fcb700                    Options.max_compaction_bytes: 1677721600
2019/10/17-14:55:13.605231 7fc3a9fcb700                        Options.arena_block_size: 8388608
2019/10/17-14:55:13.605232 7fc3a9fcb700   Options.soft_pending_compaction_bytes_limit: 68719476736
2019/10/17-14:55:13.605233 7fc3a9fcb700   Options.hard_pending_compaction_bytes_limit: 274877906944
2019/10/17-14:55:13.605234 7fc3a9fcb700       Options.rate_limit_delay_max_milliseconds: 100
2019/10/17-14:55:13.605235 7fc3a9fcb700                Options.disable_auto_compactions: 0
2019/10/17-14:55:13.605236 7fc3a9fcb700                        Options.compaction_style: kCompactionStyleLevel
2019/10/17-14:55:13.605238 7fc3a9fcb700                          Options.compaction_pri: kByCompensatedSize
2019/10/17-14:55:13.605239 7fc3a9fcb700 Options.compaction_options_universal.size_ratio: 1
2019/10/17-14:55:13.605240 7fc3a9fcb700 Options.compaction_options_universal.min_merge_width: 2
2019/10/17-14:55:13.605241 7fc3a9fcb700 Options.compaction_options_universal.max_merge_width: 4294967295
2019/10/17-14:55:13.605242 7fc3a9fcb700 Options.compaction_options_universal.max_size_amplification_percent: 200
2019/10/17-14:55:13.605243 7fc3a9fcb700 Options.compaction_options_universal.compression_size_percent: -1
2019/10/17-14:55:13.605244 7fc3a9fcb700 Options.compaction_options_universal.stop_style: kCompactionStopStyleTotalSize
2019/10/17-14:55:13.605245 7fc3a9fcb700 Options.compaction_options_fifo.max_table_files_size: 1073741824
2019/10/17-14:55:13.605246 7fc3a9fcb700 Options.compaction_options_fifo.allow_compaction: 0
2019/10/17-14:55:13.605247 7fc3a9fcb700 Options.compaction_options_fifo.ttl: 0
2019/10/17-14:55:13.605248 7fc3a9fcb700                   Options.table_properties_collectors: 
2019/10/17-14:55:13.605249 7fc3a9fcb700                   Options.inplace_update_support: 0
2019/10/17-14:55:13.605250 7fc3a9fcb700                 Options.inplace_update_num_locks: 10000
2019/10/17-14:55:13.605251 7fc3a9fcb700               Options.memtable_prefix_bloom_size_ratio: 0.000000
2019/10/17-14:55:13.605252 7fc3a9fcb700   Options.memtable_huge_page_size: 0
2019/10/17-14:55:13.605253 7fc3a9fcb700                           Options.bloom_locality: 0
2019/10/17-14:55:13.605254 7fc3a9fcb700                    Options.max_successive_merges: 0
2019/10/17-14:55:13.605255 7fc3a9fcb700                Options.optimize_filters_for_hits: 0
2019/10/17-14:55:13.605256 7fc3a9fcb700                Options.paranoid_file_checks: 0
2019/10/17-14:55:13.605257 7fc3a9fcb700                Options.force_consistency_checks: 0
2019/10/17-14:55:13.605258 7fc3a9fcb700                Options.report_bg_io_stats: 0
2019/10/17-14:55:13.605259 7fc3a9fcb700                               Options.ttl: 0
2019/10/17-14:55:13.605279 7fc3a9fcb700 [db/column_family.cc:472] --------------- Options for column family [entries]:
2019/10/17-14:55:13.605281 7fc3a9fcb700               Options.comparator: leveldb.BytewiseComparator
2019/10/17-14:55:13.605282 7fc3a9fcb700           Options.merge_operator: None
2019/10/17-14:55:13.605283 7fc3a9fcb700        Options.compaction_filter: None
2019/10/17-14:55:13.605284 7fc3a9fcb700        Options.compaction_filter_factory: None
2019/10/17-14:55:13.605285 7fc3a9fcb700         Options.memtable_factory: SkipListFactory
2019/10/17-14:55:13.605286 7fc3a9fcb700            Options.table_factory: BlockBasedTable
2019/10/17-14:55:13.605299 7fc3a9fcb700            table_factory options:   flush_block_policy_factory: FlushBlockBySizePolicyFactory (0x7fc35005ee80)
  cache_index_and_filter_blocks: 0
  cache_index_and_filter_blocks_with_high_priority: 0
  pin_l0_filter_and_index_blocks_in_cache: 0
  pin_top_level_index_and_filter: 1
  index_type: 0
  hash_index_allow_collision: 1
  checksum: 1
  no_block_cache: 0
  block_cache: 0x7fc350061070
  block_cache_name: LRUCache
  block_cache_options:
    capacity : 8388608
    num_shard_bits : 4
    strict_capacity_limit : 0
    memory_allocator : None
    high_pri_pool_ratio: 0.000
  block_cache_compressed: (nil)
  persistent_cache: (nil)
  block_size: 4096
  block_size_deviation: 10
  block_restart_interval: 16
  index_block_restart_interval: 1
  metadata_block_size: 4096
  partition_filters: 0
  use_delta_encoding: 1
  filter_policy: nullptr
  whole_key_filtering: 1
  verify_compression: 0
  read_amp_bytes_per_bit: 0
  format_version: 2
  enable_index_compression: 1
  block_align: 0
2019/10/17-14:55:13.605307 7fc3a9fcb700        Options.write_buffer_size: 67108864
2019/10/17-14:55:13.605308 7fc3a9fcb700  Options.max_write_buffer_number: 2
2019/10/17-14:55:13.605309 7fc3a9fcb700          Options.compression: NoCompression
2019/10/17-14:55:13.605310 7fc3a9fcb700                  Options.bottommost_compression: Disabled
2019/10/17-14:55:13.605311 7fc3a9fcb700       Options.prefix_extractor: nullptr
2019/10/17-14:55:13.605312 7fc3a9fcb700   Options.memtable_insert_with_hint_prefix_extractor: nullptr
2019/10/17-14:55:13.605313 7fc3a9fcb700             Options.num_levels: 7
2019/10/17-14:55:13.605314 7fc3a9fcb700        Options.min_write_buffer_number_to_merge: 1
2019/10/17-14:55:13.605315 7fc3a9fcb700     Options.max_write_buffer_number_to_maintain: 0
2019/10/17-14:55:13.605316 7fc3a9fcb700            Options.bottommost_compression_opts.window_bits: -14
2019/10/17-14:55:13.605317 7fc3a9fcb700                  Options.bottommost_compression_opts.level: 32767
2019/10/17-14:55:13.605318 7fc3a9fcb700               Options.bottommost_compression_opts.strategy: 0
2019/10/17-14:55:13.605319 7fc3a9fcb700         Options.bottommost_compression_opts.max_dict_bytes: 0
2019/10/17-14:55:13.605320 7fc3a9fcb700         Options.bottommost_compression_opts.zstd_max_train_bytes: 0
2019/10/17-14:55:13.605321 7fc3a9fcb700                  Options.bottommost_compression_opts.enabled: false
2019/10/17-14:55:13.605322 7fc3a9fcb700            Options.compression_opts.window_bits: -14
2019/10/17-14:55:13.605323 7fc3a9fcb700                  Options.compression_opts.level: 32767
2019/10/17-14:55:13.605324 7fc3a9fcb700               Options.compression_opts.strategy: 0
2019/10/17-14:55:13.605325 7fc3a9fcb700         Options.compression_opts.max_dict_bytes: 0
2019/10/17-14:55:13.605326 7fc3a9fcb700         Options.compression_opts.zstd_max_train_bytes: 0
2019/10/17-14:55:13.605327 7fc3a9fcb700                  Options.compression_opts.enabled: false
2019/10/17-14:55:13.605328 7fc3a9fcb700      Options.level0_file_num_compaction_trigger: 4
2019/10/17-14:55:13.605329 7fc3a9fcb700          Options.level0_slowdown_writes_trigger: 20
2019/10/17-14:55:13.605330 7fc3a9fcb700              Options.level0_stop_writes_trigger: 36
2019/10/17-14:55:13.605331 7fc3a9fcb700                   Options.target_file_size_base: 67108864
2019/10/17-14:55:13.605332 7fc3a9fcb700             Options.target_file_size_multiplier: 1
2019/10/17-14:55:13.605333 7fc3a9fcb700                Options.max_bytes_for_level_base: 268435456
2019/10/17-14:55:13.605334 7fc3a9fcb700 Options.level_compaction_dynamic_level_bytes: 0
2019/10/17-14:55:13.605335 7fc3a9fcb700          Options.max_bytes_for_level_multiplier: 10.000000
2019/10/17-14:55:13.605336 7fc3a9fcb700 Options.max_bytes_for_level_multiplier_addtl[0]: 1
2019/10/17-14:55:13.605337 7fc3a9fcb700 Options.max_bytes_for_level_multiplier_addtl[1]: 1
2019/10/17-14:55:13.605338 7fc3a9fcb700 Options.max_bytes_for_level_multiplier_addtl[2]: 1
2019/10/17-14:55:13.605339 7fc3a9fcb700 Options.max_bytes_for_level_multiplier_addtl[3]: 1
2019/10/17-14:55:13.605340 7fc3a9fcb700 Options.max_bytes_for_level_multiplier_addtl[4]: 1
2019/10/17-14:55:13.605341 7fc3a9fcb700 Options.max_bytes_for_level_multiplier_addtl[5]: 1
2019/10/17-14:55:13.605342 7fc3a9fcb700 Options.max_bytes_for_level_multiplier_addtl[6]: 1
2019/10/17-14:55:13.605343 7fc3a9fcb700       Options.max_sequential_skip_in_iterations: 8
2019/10/17-14:55:13.605344 7fc3a9fcb700                    Options.max_compaction_bytes: 1677721600
2019/10/17-14:55:13.605345 7fc3a9fcb700                        Options.arena_block_size: 8388608
2019/10/17-14:55:13.605346 7fc3a9fcb700   Options.soft_pending_compaction_bytes_limit: 68719476736
2019/10/17-14:55:13.605352 7fc3a9fcb700   Options.hard_pending_compaction_bytes_limit: 274877906944
2019/10/17-14:55:13.605353 7fc3a9fcb700       Options.rate_limit_delay_max_milliseconds: 100
2019/10/17-14:55:13.605354 7fc3a9fcb700                Options.disable_auto_compactions: 0
2019/10/17-14:55:13.605356 7fc3a9fcb700                        Options.compaction_style: kCompactionStyleLevel
2019/10/17-14:55:13.605357 7fc3a9fcb700                          Options.compaction_pri: kByCompensatedSize
2019/10/17-14:55:13.605358 7fc3a9fcb700 Options.compaction_options_universal.size_ratio: 1
2019/10/17-14:55:13.605359 7fc3a9fcb700 Options.compaction_options_universal.min_merge_width: 2
2019/10/17-14:55:13.605360 7fc3a9fcb700 Options.compaction_options_universal.max_merge_width: 4294967295
2019/10/17-14:55:13.605361 7fc3a9fcb700 Options.compaction_options_universal.max_size_amplification_percent: 200
2019/10/17-14:55:13.605362 7fc3a9fcb700 Options.compaction_options_universal.compression_size_percent: -1
2019/10/17-14:55:13.605363 7fc3a9fcb700 Options.compaction_options_universal.stop_style: kCompactionStopStyleTotalSize
2019/10/17-14:55:13.605364 7fc3a9fcb700 Options.compaction_options_fifo.max_table_files_size: 1073741824
2019/10/17-14:55:13.605365 7fc3a9fcb700 Options.compaction_options_fifo.allow_compaction: 0
2019/10/17-14:55:13.605366 7fc3a9fcb700 Options.compaction_options_fifo.ttl: 0
2019/10/17-14:55:13.605367 7fc3a9fcb700                   Options.table_properties_collectors: 
2019/10/17-14:55:13.605368 7fc3a9fcb700                   Options.inplace_update_support: 0
2019/10/17-14:55:13.605369 7fc3a9fcb700                 Options.inplace_update_num_locks: 10000
2019/10/17-14:55:13.605370 7fc3a9fcb700               Options.memtable_prefix_bloom_size_ratio: 0.000000
2019/10/17-14:55:13.605371 7fc3a9fcb700   Options.memtable_huge_page_size: 0
2019/10/17-14:55:13.605372 7fc3a9fcb700                           Options.bloom_locality: 0
2019/10/17-14:55:13.605373 7fc3a9fcb700                    Options.max_successive_merges: 0
2019/10/17-14:55:13.605374 7fc3a9fcb700                Options.optimize_filters_for_hits: 0
2019/10/17-14:55:13.605375 7fc3a9fcb700                Options.paranoid_file_checks: 0
2019/10/17-14:55:13.605376 7fc3a9fcb700                Options.force_consistency_checks: 0
2019/10/17-14:55:13.605377 7fc3a9fcb700                Options.report_bg_io_stats: 0
2019/10/17-14:55:13.605378 7fc3a9fcb700                               Options.ttl: 0
2019/10/17-14:55:13.605396 7fc3a9fcb700 [db/column_family.cc:472] --------------- Options for column family [dc_entries]:
2019/10/17-14:55:13.605398 7fc3a9fcb700               Options.comparator: leveldb.BytewiseComparator
2019/10/17-14:55:13.605399 7fc3a9fcb700           Options.merge_operator: None
2019/10/17-14:55:13.605400 7fc3a9fcb700        Options.compaction_filter: None
2019/10/17-14:55:13.605401 7fc3a9fcb700        Options.compaction_filter_factory: None
2019/10/17-14:55:13.605402 7fc3a9fcb700         Options.memtable_factory: SkipListFactory
2019/10/17-14:55:13.605403 7fc3a9fcb700            Options.table_factory: BlockBasedTable
2019/10/17-14:55:13.605415 7fc3a9fcb700            table_factory options:   flush_block_policy_factory: FlushBlockBySizePolicyFactory (0x7fc35002cbf0)
  cache_index_and_filter_blocks: 0
  cache_index_and_filter_blocks_with_high_priority: 0
  pin_l0_filter_and_index_blocks_in_cache: 0
  pin_top_level_index_and_filter: 1
  index_type: 0
  hash_index_allow_collision: 1
  checksum: 1
  no_block_cache: 0
  block_cache: 0x7fc35005ec70
  block_cache_name: LRUCache
  block_cache_options:
    capacity : 8388608
    num_shard_bits : 4
    strict_capacity_limit : 0
    memory_allocator : None
    high_pri_pool_ratio: 0.000
  block_cache_compressed: (nil)
  persistent_cache: (nil)
  block_size: 4096
  block_size_deviation: 10
  block_restart_interval: 16
  index_block_restart_interval: 1
  metadata_block_size: 4096
  partition_filters: 0
  use_delta_encoding: 1
  filter_policy: nullptr
  whole_key_filtering: 1
  verify_compression: 0
  read_amp_bytes_per_bit: 0
  format_version: 2
  enable_index_compression: 1
  block_align: 0
2019/10/17-14:55:13.605423 7fc3a9fcb700        Options.write_buffer_size: 67108864
2019/10/17-14:55:13.605424 7fc3a9fcb700  Options.max_write_buffer_number: 2
2019/10/17-14:55:13.605425 7fc3a9fcb700          Options.compression: NoCompression
2019/10/17-14:55:13.605426 7fc3a9fcb700                  Options.bottommost_compression: Disabled
2019/10/17-14:55:13.605427 7fc3a9fcb700       Options.prefix_extractor: nullptr
2019/10/17-14:55:13.605428 7fc3a9fcb700   Options.memtable_insert_with_hint_prefix_extractor: nullptr
2019/10/17-14:55:13.605429 7fc3a9fcb700             Options.num_levels: 7
2019/10/17-14:55:13.605430 7fc3a9fcb700        Options.min_write_buffer_number_to_merge: 1
2019/10/17-14:55:13.605431 7fc3a9fcb700     Options.max_write_buffer_number_to_maintain: 0
2019/10/17-14:55:13.605432 7fc3a9fcb700            Options.bottommost_compression_opts.window_bits: -14
2019/10/17-14:55:13.605433 7fc3a9fcb700                  Options.bottommost_compression_opts.level: 32767
2019/10/17-14:55:13.605434 7fc3a9fcb700               Options.bottommost_compression_opts.strategy: 0
2019/10/17-14:55:13.605435 7fc3a9fcb700         Options.bottommost_compression_opts.max_dict_bytes: 0
2019/10/17-14:55:13.605436 7fc3a9fcb700         Options.bottommost_compression_opts.zstd_max_train_bytes: 0
2019/10/17-14:55:13.605437 7fc3a9fcb700                  Options.bottommost_compression_opts.enabled: false
2019/10/17-14:55:13.605438 7fc3a9fcb700            Options.compression_opts.window_bits: -14
2019/10/17-14:55:13.605439 7fc3a9fcb700                  Options.compression_opts.level: 32767
2019/10/17-14:55:13.605440 7fc3a9fcb700               Options.compression_opts.strategy: 0
2019/10/17-14:55:13.605441 7fc3a9fcb700         Options.compression_opts.max_dict_bytes: 0
2019/10/17-14:55:13.605442 7fc3a9fcb700         Options.compression_opts.zstd_max_train_bytes: 0
2019/10/17-14:55:13.605443 7fc3a9fcb700                  Options.compression_opts.enabled: false
2019/10/17-14:55:13.605444 7fc3a9fcb700      Options.level0_file_num_compaction_trigger: 4
2019/10/17-14:55:13.605445 7fc3a9fcb700          Options.level0_slowdown_writes_trigger: 20
2019/10/17-14:55:13.605446 7fc3a9fcb700              Options.level0_stop_writes_trigger: 36
2019/10/17-14:55:13.605447 7fc3a9fcb700                   Options.target_file_size_base: 67108864
2019/10/17-14:55:13.605448 7fc3a9fcb700             Options.target_file_size_multiplier: 1
2019/10/17-14:55:13.605449 7fc3a9fcb700                Options.max_bytes_for_level_base: 268435456
2019/10/17-14:55:13.605450 7fc3a9fcb700 Options.level_compaction_dynamic_level_bytes: 0
2019/10/17-14:55:13.605451 7fc3a9fcb700          Options.max_bytes_for_level_multiplier: 10.000000
2019/10/17-14:55:13.605452 7fc3a9fcb700 Options.max_bytes_for_level_multiplier_addtl[0]: 1
2019/10/17-14:55:13.605453 7fc3a9fcb700 Options.max_bytes_for_level_multiplier_addtl[1]: 1
2019/10/17-14:55:13.605454 7fc3a9fcb700 Options.max_bytes_for_level_multiplier_addtl[2]: 1
2019/10/17-14:55:13.605455 7fc3a9fcb700 Options.max_bytes_for_level_multiplier_addtl[3]: 1
2019/10/17-14:55:13.605456 7fc3a9fcb700 Options.max_bytes_for_level_multiplier_addtl[4]: 1
2019/10/17-14:55:13.605457 7fc3a9fcb700 Options.max_bytes_for_level_multiplier_addtl[5]: 1
2019/10/17-14:55:13.605458 7fc3a9fcb700 Options.max_bytes_for_level_multiplier_addtl[6]: 1
2019/10/17-14:55:13.605459 7fc3a9fcb700       Options.max_sequential_skip_in_iterations: 8
2019/10/17-14:55:13.605460 7fc3a9fcb700                    Options.max_compaction_bytes: 1677721600
2019/10/17-14:55:13.605461 7fc3a9fcb700                        Options.arena_block_size: 8388608
2019/10/17-14:55:13.605462 7fc3a9fcb700   Options.soft_pending_compaction_bytes_limit: 68719476736
2019/10/17-14:55:13.605463 7fc3a9fcb700   Options.hard_pending_compaction_bytes_limit: 274877906944
2019/10/17-14:55:13.605464 7fc3a9fcb700       Options.rate_limit_delay_max_milliseconds: 100
2019/10/17-14:55:13.605465 7fc3a9fcb700                Options.disable_auto_compactions: 0
2019/10/17-14:55:13.605471 7fc3a9fcb700                        Options.compaction_style: kCompactionStyleLevel
2019/10/17-14:55:13.605472 7fc3a9fcb700                          Options.compaction_pri: kByCompensatedSize
2019/10/17-14:55:13.605473 7fc3a9fcb700 Options.compaction_options_universal.size_ratio: 1
2019/10/17-14:55:13.605474 7fc3a9fcb700 Options.compaction_options_universal.min_merge_width: 2
2019/10/17-14:55:13.605475 7fc3a9fcb700 Options.compaction_options_universal.max_merge_width: 4294967295
2019/10/17-14:55:13.605476 7fc3a9fcb700 Options.compaction_options_universal.max_size_amplification_percent: 200
2019/10/17-14:55:13.605477 7fc3a9fcb700 Options.compaction_options_universal.compression_size_percent: -1
2019/10/17-14:55:13.605478 7fc3a9fcb700 Options.compaction_options_universal.stop_style: kCompactionStopStyleTotalSize
2019/10/17-14:55:13.605479 7fc3a9fcb700 Options.compaction_options_fifo.max_table_files_size: 1073741824
2019/10/17-14:55:13.605480 7fc3a9fcb700 Options.compaction_options_fifo.allow_compaction: 0
2019/10/17-14:55:13.605481 7fc3a9fcb700 Options.compaction_options_fifo.ttl: 0
2019/10/17-14:55:13.605482 7fc3a9fcb700                   Options.table_properties_collectors: 
2019/10/17-14:55:13.605483 7fc3a9fcb700                   Options.inplace_update_support: 0
2019/10/17-14:55:13.605484 7fc3a9fcb700                 Options.inplace_update_num_locks: 10000
2019/10/17-14:55:13.605485 7fc3a9fcb700               Options.memtable_prefix_bloom_size_ratio: 0.000000
2019/10/17-14:55:13.605487 7fc3a9fcb700   Options.memtable_huge_page_size: 0
2019/10/17-14:55:13.605488 7fc3a9fcb700                           Options.bloom_locality: 0
2019/10/17-14:55:13.605489 7fc3a9fcb700                    Options.max_successive_merges: 0
2019/10/17-14:55:13.605490 7fc3a9fcb700                Options.optimize_filters_for_hits: 0
2019/10/17-14:55:13.605491 7fc3a9fcb700                Options.paranoid_file_checks: 0
2019/10/17-14:55:13.605491 7fc3a9fcb700                Options.force_consistency_checks: 0
2019/10/17-14:55:13.605492 7fc3a9fcb700                Options.report_bg_io_stats: 0
2019/10/17-14:55:13.605493 7fc3a9fcb700                               Options.ttl: 0
2019/10/17-14:55:13.605509 7fc3a9fcb700 [db/column_family.cc:472] --------------- Options for column family [htlcs]:
2019/10/17-14:55:13.605511 7fc3a9fcb700               Options.comparator: leveldb.BytewiseComparator
2019/10/17-14:55:13.605512 7fc3a9fcb700           Options.merge_operator: None
2019/10/17-14:55:13.605513 7fc3a9fcb700        Options.compaction_filter: None
2019/10/17-14:55:13.605514 7fc3a9fcb700        Options.compaction_filter_factory: None
2019/10/17-14:55:13.605514 7fc3a9fcb700         Options.memtable_factory: SkipListFactory
2019/10/17-14:55:13.605515 7fc3a9fcb700            Options.table_factory: BlockBasedTable
2019/10/17-14:55:13.605527 7fc3a9fcb700            table_factory options:   flush_block_policy_factory: FlushBlockBySizePolicyFactory (0x7fc350091dc0)
