2019/10/17-14:54:15.652800 7fc3a9fcb700 RocksDB version: 5.18.3
2019/10/17-14:54:15.652836 7fc3a9fcb700 Git sha rocksdb_build_git_sha:@0@
2019/10/17-14:54:15.652838 7fc3a9fcb700 Compile date Sep 19 2019
2019/10/17-14:54:15.652839 7fc3a9fcb700 DB SUMMARY
2019/10/17-14:54:15.653350 7fc3a9fcb700 CURRENT file:  CURRENT
2019/10/17-14:54:15.653351 7fc3a9fcb700 IDENTITY file:  IDENTITY
2019/10/17-14:54:15.653371 7fc3a9fcb700 MANIFEST file:  MANIFEST-114931 size: 4114 Bytes
2019/10/17-14:54:15.653372 7fc3a9fcb700 SST files in /home/rahul/dev/blockchain-core/eqc/ledger.db dir, Total Num: 29, files: 000624.sst 000627.sst 106940.sst 108447.sst 108450.sst 109471.sst 109483.sst 109485.sst 109486.sst 
2019/10/17-14:54:15.653373 7fc3a9fcb700 Write Ahead Log file in /home/rahul/dev/blockchain-core/eqc/ledger.db: 114932.log size: 0 ; 
2019/10/17-14:54:15.653397 7fc3a9fcb700                         Options.error_if_exists: 0
2019/10/17-14:54:15.653398 7fc3a9fcb700                       Options.create_if_missing: 1
2019/10/17-14:54:15.653398 7fc3a9fcb700                         Options.paranoid_checks: 1
2019/10/17-14:54:15.653399 7fc3a9fcb700                                     Options.env: 0x7fc32ae1fc60
2019/10/17-14:54:15.653399 7fc3a9fcb700                                Options.info_log: 0x7fc3500faf20
2019/10/17-14:54:15.653400 7fc3a9fcb700                Options.max_file_opening_threads: 16
2019/10/17-14:54:15.653400 7fc3a9fcb700                              Options.statistics: (nil)
2019/10/17-14:54:15.653401 7fc3a9fcb700                               Options.use_fsync: 0
2019/10/17-14:54:15.653402 7fc3a9fcb700                       Options.max_log_file_size: 0
2019/10/17-14:54:15.653402 7fc3a9fcb700                  Options.max_manifest_file_size: 1073741824
2019/10/17-14:54:15.653403 7fc3a9fcb700                   Options.log_file_time_to_roll: 0
2019/10/17-14:54:15.653404 7fc3a9fcb700                       Options.keep_log_file_num: 1000
2019/10/17-14:54:15.653404 7fc3a9fcb700                    Options.recycle_log_file_num: 0
2019/10/17-14:54:15.653405 7fc3a9fcb700                         Options.allow_fallocate: 1
2019/10/17-14:54:15.653405 7fc3a9fcb700                        Options.allow_mmap_reads: 0
2019/10/17-14:54:15.653406 7fc3a9fcb700                       Options.allow_mmap_writes: 0
2019/10/17-14:54:15.653406 7fc3a9fcb700                        Options.use_direct_reads: 0
2019/10/17-14:54:15.653407 7fc3a9fcb700                        Options.use_direct_io_for_flush_and_compaction: 0
2019/10/17-14:54:15.653407 7fc3a9fcb700          Options.create_missing_column_families: 0
2019/10/17-14:54:15.653408 7fc3a9fcb700                              Options.db_log_dir: 
2019/10/17-14:54:15.653408 7fc3a9fcb700                                 Options.wal_dir: /home/rahul/dev/blockchain-core/eqc/ledger.db
2019/10/17-14:54:15.653409 7fc3a9fcb700                Options.table_cache_numshardbits: 6
2019/10/17-14:54:15.653409 7fc3a9fcb700                      Options.max_subcompactions: 1
2019/10/17-14:54:15.653410 7fc3a9fcb700                  Options.max_background_flushes: -1
2019/10/17-14:54:15.653410 7fc3a9fcb700                         Options.WAL_ttl_seconds: 0
2019/10/17-14:54:15.653411 7fc3a9fcb700                       Options.WAL_size_limit_MB: 0
2019/10/17-14:54:15.653412 7fc3a9fcb700             Options.manifest_preallocation_size: 4194304
2019/10/17-14:54:15.653412 7fc3a9fcb700                     Options.is_fd_close_on_exec: 1
2019/10/17-14:54:15.653413 7fc3a9fcb700                   Options.advise_random_on_open: 1
2019/10/17-14:54:15.653413 7fc3a9fcb700                    Options.db_write_buffer_size: 0
2019/10/17-14:54:15.653414 7fc3a9fcb700                    Options.write_buffer_manager: 0x7fc350034e50
2019/10/17-14:54:15.653414 7fc3a9fcb700         Options.access_hint_on_compaction_start: 1
2019/10/17-14:54:15.653415 7fc3a9fcb700  Options.new_table_reader_for_compaction_inputs: 0
2019/10/17-14:54:15.653415 7fc3a9fcb700           Options.random_access_max_buffer_size: 1048576
2019/10/17-14:54:15.653416 7fc3a9fcb700                      Options.use_adaptive_mutex: 0
2019/10/17-14:54:15.653416 7fc3a9fcb700                            Options.rate_limiter: (nil)
2019/10/17-14:54:15.653423 7fc3a9fcb700     Options.sst_file_manager.rate_bytes_per_sec: 0
2019/10/17-14:54:15.653423 7fc3a9fcb700                       Options.wal_recovery_mode: 2
2019/10/17-14:54:15.653424 7fc3a9fcb700                  Options.enable_thread_tracking: 0
2019/10/17-14:54:15.653424 7fc3a9fcb700                  Options.enable_pipelined_write: 0
2019/10/17-14:54:15.653425 7fc3a9fcb700         Options.allow_concurrent_memtable_write: 1
2019/10/17-14:54:15.653425 7fc3a9fcb700      Options.enable_write_thread_adaptive_yield: 1
2019/10/17-14:54:15.653426 7fc3a9fcb700             Options.write_thread_max_yield_usec: 100
2019/10/17-14:54:15.653426 7fc3a9fcb700            Options.write_thread_slow_yield_usec: 3
2019/10/17-14:54:15.653427 7fc3a9fcb700                               Options.row_cache: None
2019/10/17-14:54:15.653427 7fc3a9fcb700                              Options.wal_filter: None
2019/10/17-14:54:15.653428 7fc3a9fcb700             Options.avoid_flush_during_recovery: 0
2019/10/17-14:54:15.653429 7fc3a9fcb700             Options.allow_ingest_behind: 0
2019/10/17-14:54:15.653429 7fc3a9fcb700             Options.preserve_deletes: 0
2019/10/17-14:54:15.653430 7fc3a9fcb700             Options.two_write_queues: 0
2019/10/17-14:54:15.653430 7fc3a9fcb700             Options.manual_wal_flush: 0
2019/10/17-14:54:15.653431 7fc3a9fcb700             Options.max_background_jobs: 2
2019/10/17-14:54:15.653431 7fc3a9fcb700             Options.max_background_compactions: -1
2019/10/17-14:54:15.653432 7fc3a9fcb700             Options.avoid_flush_during_shutdown: 0
2019/10/17-14:54:15.653432 7fc3a9fcb700           Options.writable_file_max_buffer_size: 1048576
2019/10/17-14:54:15.653433 7fc3a9fcb700             Options.delayed_write_rate : 16777216
2019/10/17-14:54:15.653433 7fc3a9fcb700             Options.max_total_wal_size: 0
2019/10/17-14:54:15.653434 7fc3a9fcb700             Options.delete_obsolete_files_period_micros: 21600000000
2019/10/17-14:54:15.653434 7fc3a9fcb700                   Options.stats_dump_period_sec: 600
2019/10/17-14:54:15.653435 7fc3a9fcb700                          Options.max_open_files: -1
2019/10/17-14:54:15.653436 7fc3a9fcb700                          Options.bytes_per_sync: 0
2019/10/17-14:54:15.653436 7fc3a9fcb700                      Options.wal_bytes_per_sync: 0
2019/10/17-14:54:15.653437 7fc3a9fcb700       Options.compaction_readahead_size: 0
2019/10/17-14:54:15.653437 7fc3a9fcb700 Compression algorithms supported:
2019/10/17-14:54:15.653438 7fc3a9fcb700 	kZSTDNotFinalCompression supported: 0
2019/10/17-14:54:15.653439 7fc3a9fcb700 	kZSTD supported: 0
2019/10/17-14:54:15.653439 7fc3a9fcb700 	kXpressCompression supported: 0
2019/10/17-14:54:15.653440 7fc3a9fcb700 	kLZ4HCCompression supported: 0
2019/10/17-14:54:15.653441 7fc3a9fcb700 	kLZ4Compression supported: 0
2019/10/17-14:54:15.653441 7fc3a9fcb700 	kBZip2Compression supported: 0
2019/10/17-14:54:15.653442 7fc3a9fcb700 	kZlibCompression supported: 0
2019/10/17-14:54:15.653442 7fc3a9fcb700 	kSnappyCompression supported: 0
2019/10/17-14:54:15.653444 7fc3a9fcb700 Fast CRC32 supported: Supported on x86
2019/10/17-14:54:15.653508 7fc3a9fcb700 [db/version_set.cc:3507] Recovering from manifest file: MANIFEST-114931
2019/10/17-14:54:15.653530 7fc3a9fcb700 [db/column_family.cc:472] --------------- Options for column family [default]:
2019/10/17-14:54:15.653531 7fc3a9fcb700               Options.comparator: leveldb.BytewiseComparator
2019/10/17-14:54:15.653532 7fc3a9fcb700           Options.merge_operator: None
2019/10/17-14:54:15.653532 7fc3a9fcb700        Options.compaction_filter: None
2019/10/17-14:54:15.653533 7fc3a9fcb700        Options.compaction_filter_factory: None
2019/10/17-14:54:15.653533 7fc3a9fcb700         Options.memtable_factory: SkipListFactory
2019/10/17-14:54:15.653534 7fc3a9fcb700            Options.table_factory: BlockBasedTable
2019/10/17-14:54:15.653544 7fc3a9fcb700            table_factory options:   flush_block_policy_factory: FlushBlockBySizePolicyFactory (0x7fc350061470)
  cache_index_and_filter_blocks: 0
  cache_index_and_filter_blocks_with_high_priority: 0
  pin_l0_filter_and_index_blocks_in_cache: 0
  pin_top_level_index_and_filter: 1
  index_type: 0
  hash_index_allow_collision: 1
  checksum: 1
  no_block_cache: 0
  block_cache: 0x7fc350011f90
  block_cache_name: LRUCache
  block_cache_options:
    capacity : 8388608
    num_shard_bits : 4
    strict_capacity_limit : 0
    memory_allocator : None
    high_pri_pool_ratio: 0.000
  block_cache_compressed: (nil)
  persistent_cache: (nil)
  block_size: 4096
  block_size_deviation: 10
  block_restart_interval: 16
  index_block_restart_interval: 1
  metadata_block_size: 4096
  partition_filters: 0
  use_delta_encoding: 1
  filter_policy: nullptr
  whole_key_filtering: 1
  verify_compression: 0
  read_amp_bytes_per_bit: 0
  format_version: 2
  enable_index_compression: 1
  block_align: 0
2019/10/17-14:54:15.653550 7fc3a9fcb700        Options.write_buffer_size: 67108864
2019/10/17-14:54:15.653550 7fc3a9fcb700  Options.max_write_buffer_number: 2
2019/10/17-14:54:15.653551 7fc3a9fcb700          Options.compression: NoCompression
2019/10/17-14:54:15.653552 7fc3a9fcb700                  Options.bottommost_compression: Disabled
2019/10/17-14:54:15.653552 7fc3a9fcb700       Options.prefix_extractor: nullptr
2019/10/17-14:54:15.653553 7fc3a9fcb700   Options.memtable_insert_with_hint_prefix_extractor: nullptr
2019/10/17-14:54:15.653553 7fc3a9fcb700             Options.num_levels: 7
2019/10/17-14:54:15.653554 7fc3a9fcb700        Options.min_write_buffer_number_to_merge: 1
2019/10/17-14:54:15.653554 7fc3a9fcb700     Options.max_write_buffer_number_to_maintain: 0
2019/10/17-14:54:15.653555 7fc3a9fcb700            Options.bottommost_compression_opts.window_bits: -14
2019/10/17-14:54:15.653555 7fc3a9fcb700                  Options.bottommost_compression_opts.level: 32767
2019/10/17-14:54:15.653556 7fc3a9fcb700               Options.bottommost_compression_opts.strategy: 0
2019/10/17-14:54:15.653557 7fc3a9fcb700         Options.bottommost_compression_opts.max_dict_bytes: 0
2019/10/17-14:54:15.653557 7fc3a9fcb700         Options.bottommost_compression_opts.zstd_max_train_bytes: 0
2019/10/17-14:54:15.653558 7fc3a9fcb700                  Options.bottommost_compression_opts.enabled: false
2019/10/17-14:54:15.653558 7fc3a9fcb700            Options.compression_opts.window_bits: -14
2019/10/17-14:54:15.653559 7fc3a9fcb700                  Options.compression_opts.level: 32767
2019/10/17-14:54:15.653559 7fc3a9fcb700               Options.compression_opts.strategy: 0
2019/10/17-14:54:15.653560 7fc3a9fcb700         Options.compression_opts.max_dict_bytes: 0
2019/10/17-14:54:15.653560 7fc3a9fcb700         Options.compression_opts.zstd_max_train_bytes: 0
2019/10/17-14:54:15.653561 7fc3a9fcb700                  Options.compression_opts.enabled: false
2019/10/17-14:54:15.653561 7fc3a9fcb700      Options.level0_file_num_compaction_trigger: 4
2019/10/17-14:54:15.653562 7fc3a9fcb700          Options.level0_slowdown_writes_trigger: 20
2019/10/17-14:54:15.653562 7fc3a9fcb700              Options.level0_stop_writes_trigger: 36
2019/10/17-14:54:15.653563 7fc3a9fcb700                   Options.target_file_size_base: 67108864
2019/10/17-14:54:15.653563 7fc3a9fcb700             Options.target_file_size_multiplier: 1
2019/10/17-14:54:15.653564 7fc3a9fcb700                Options.max_bytes_for_level_base: 268435456
2019/10/17-14:54:15.653564 7fc3a9fcb700 Options.level_compaction_dynamic_level_bytes: 0
2019/10/17-14:54:15.653565 7fc3a9fcb700          Options.max_bytes_for_level_multiplier: 10.000000
2019/10/17-14:54:15.653566 7fc3a9fcb700 Options.max_bytes_for_level_multiplier_addtl[0]: 1
2019/10/17-14:54:15.653567 7fc3a9fcb700 Options.max_bytes_for_level_multiplier_addtl[1]: 1
2019/10/17-14:54:15.653567 7fc3a9fcb700 Options.max_bytes_for_level_multiplier_addtl[2]: 1
2019/10/17-14:54:15.653568 7fc3a9fcb700 Options.max_bytes_for_level_multiplier_addtl[3]: 1
2019/10/17-14:54:15.653568 7fc3a9fcb700 Options.max_bytes_for_level_multiplier_addtl[4]: 1
2019/10/17-14:54:15.653571 7fc3a9fcb700 Options.max_bytes_for_level_multiplier_addtl[5]: 1
2019/10/17-14:54:15.653572 7fc3a9fcb700 Options.max_bytes_for_level_multiplier_addtl[6]: 1
2019/10/17-14:54:15.653573 7fc3a9fcb700       Options.max_sequential_skip_in_iterations: 8
2019/10/17-14:54:15.653573 7fc3a9fcb700                    Options.max_compaction_bytes: 1677721600
2019/10/17-14:54:15.653574 7fc3a9fcb700                        Options.arena_block_size: 8388608
2019/10/17-14:54:15.653574 7fc3a9fcb700   Options.soft_pending_compaction_bytes_limit: 68719476736
2019/10/17-14:54:15.653575 7fc3a9fcb700   Options.hard_pending_compaction_bytes_limit: 274877906944
2019/10/17-14:54:15.653575 7fc3a9fcb700       Options.rate_limit_delay_max_milliseconds: 100
2019/10/17-14:54:15.653576 7fc3a9fcb700                Options.disable_auto_compactions: 0
2019/10/17-14:54:15.653577 7fc3a9fcb700                        Options.compaction_style: kCompactionStyleLevel
2019/10/17-14:54:15.653578 7fc3a9fcb700                          Options.compaction_pri: kByCompensatedSize
2019/10/17-14:54:15.653578 7fc3a9fcb700 Options.compaction_options_universal.size_ratio: 1
2019/10/17-14:54:15.653579 7fc3a9fcb700 Options.compaction_options_universal.min_merge_width: 2
2019/10/17-14:54:15.653579 7fc3a9fcb700 Options.compaction_options_universal.max_merge_width: 4294967295
2019/10/17-14:54:15.653580 7fc3a9fcb700 Options.compaction_options_universal.max_size_amplification_percent: 200
2019/10/17-14:54:15.653580 7fc3a9fcb700 Options.compaction_options_universal.compression_size_percent: -1
2019/10/17-14:54:15.653581 7fc3a9fcb700 Options.compaction_options_universal.stop_style: kCompactionStopStyleTotalSize
2019/10/17-14:54:15.653582 7fc3a9fcb700 Options.compaction_options_fifo.max_table_files_size: 1073741824
2019/10/17-14:54:15.653582 7fc3a9fcb700 Options.compaction_options_fifo.allow_compaction: 0
2019/10/17-14:54:15.653583 7fc3a9fcb700 Options.compaction_options_fifo.ttl: 0
2019/10/17-14:54:15.653583 7fc3a9fcb700                   Options.table_properties_collectors: 
2019/10/17-14:54:15.653584 7fc3a9fcb700                   Options.inplace_update_support: 0
2019/10/17-14:54:15.653584 7fc3a9fcb700                 Options.inplace_update_num_locks: 10000
2019/10/17-14:54:15.653585 7fc3a9fcb700               Options.memtable_prefix_bloom_size_ratio: 0.000000
2019/10/17-14:54:15.653586 7fc3a9fcb700   Options.memtable_huge_page_size: 0
2019/10/17-14:54:15.653586 7fc3a9fcb700                           Options.bloom_locality: 0
2019/10/17-14:54:15.653587 7fc3a9fcb700                    Options.max_successive_merges: 0
2019/10/17-14:54:15.653587 7fc3a9fcb700                Options.optimize_filters_for_hits: 0
2019/10/17-14:54:15.653588 7fc3a9fcb700                Options.paranoid_file_checks: 0
2019/10/17-14:54:15.653588 7fc3a9fcb700                Options.force_consistency_checks: 0
2019/10/17-14:54:15.653589 7fc3a9fcb700                Options.report_bg_io_stats: 0
2019/10/17-14:54:15.653589 7fc3a9fcb700                               Options.ttl: 0
2019/10/17-14:54:15.653609 7fc3a9fcb700 [db/column_family.cc:472] --------------- Options for column family [active_gateways]:
2019/10/17-14:54:15.653610 7fc3a9fcb700               Options.comparator: leveldb.BytewiseComparator
2019/10/17-14:54:15.653611 7fc3a9fcb700           Options.merge_operator: None
2019/10/17-14:54:15.653611 7fc3a9fcb700        Options.compaction_filter: None
2019/10/17-14:54:15.653612 7fc3a9fcb700        Options.compaction_filter_factory: None
2019/10/17-14:54:15.653612 7fc3a9fcb700         Options.memtable_factory: SkipListFactory
2019/10/17-14:54:15.653613 7fc3a9fcb700            Options.table_factory: BlockBasedTable
2019/10/17-14:54:15.653620 7fc3a9fcb700            table_factory options:   flush_block_policy_factory: FlushBlockBySizePolicyFactory (0x7fc350093840)
  cache_index_and_filter_blocks: 0
  cache_index_and_filter_blocks_with_high_priority: 0
  pin_l0_filter_and_index_blocks_in_cache: 0
  pin_top_level_index_and_filter: 1
  index_type: 0
  hash_index_allow_collision: 1
  checksum: 1
  no_block_cache: 0
  block_cache: 0x7fc3500db780
  block_cache_name: LRUCache
  block_cache_options:
    capacity : 8388608
    num_shard_bits : 4
    strict_capacity_limit : 0
    memory_allocator : None
    high_pri_pool_ratio: 0.000
  block_cache_compressed: (nil)
  persistent_cache: (nil)
  block_size: 4096
  block_size_deviation: 10
  block_restart_interval: 16
  index_block_restart_interval: 1
  metadata_block_size: 4096
  partition_filters: 0
  use_delta_encoding: 1
  filter_policy: nullptr
  whole_key_filtering: 1
  verify_compression: 0
  read_amp_bytes_per_bit: 0
  format_version: 2
  enable_index_compression: 1
  block_align: 0
2019/10/17-14:54:15.653624 7fc3a9fcb700        Options.write_buffer_size: 67108864
2019/10/17-14:54:15.653625 7fc3a9fcb700  Options.max_write_buffer_number: 2
2019/10/17-14:54:15.653625 7fc3a9fcb700          Options.compression: NoCompression
2019/10/17-14:54:15.653626 7fc3a9fcb700                  Options.bottommost_compression: Disabled
2019/10/17-14:54:15.653626 7fc3a9fcb700       Options.prefix_extractor: nullptr
2019/10/17-14:54:15.653627 7fc3a9fcb700   Options.memtable_insert_with_hint_prefix_extractor: nullptr
2019/10/17-14:54:15.653627 7fc3a9fcb700             Options.num_levels: 7
2019/10/17-14:54:15.653628 7fc3a9fcb700        Options.min_write_buffer_number_to_merge: 1
2019/10/17-14:54:15.653628 7fc3a9fcb700     Options.max_write_buffer_number_to_maintain: 0
2019/10/17-14:54:15.653629 7fc3a9fcb700            Options.bottommost_compression_opts.window_bits: -14
2019/10/17-14:54:15.653629 7fc3a9fcb700                  Options.bottommost_compression_opts.level: 32767
2019/10/17-14:54:15.653630 7fc3a9fcb700               Options.bottommost_compression_opts.strategy: 0
2019/10/17-14:54:15.653630 7fc3a9fcb700         Options.bottommost_compression_opts.max_dict_bytes: 0
2019/10/17-14:54:15.653631 7fc3a9fcb700         Options.bottommost_compression_opts.zstd_max_train_bytes: 0
2019/10/17-14:54:15.653632 7fc3a9fcb700                  Options.bottommost_compression_opts.enabled: false
2019/10/17-14:54:15.653632 7fc3a9fcb700            Options.compression_opts.window_bits: -14
2019/10/17-14:54:15.653633 7fc3a9fcb700                  Options.compression_opts.level: 32767
2019/10/17-14:54:15.653633 7fc3a9fcb700               Options.compression_opts.strategy: 0
2019/10/17-14:54:15.653634 7fc3a9fcb700         Options.compression_opts.max_dict_bytes: 0
2019/10/17-14:54:15.653634 7fc3a9fcb700         Options.compression_opts.zstd_max_train_bytes: 0
2019/10/17-14:54:15.653635 7fc3a9fcb700                  Options.compression_opts.enabled: false
2019/10/17-14:54:15.653635 7fc3a9fcb700      Options.level0_file_num_compaction_trigger: 4
2019/10/17-14:54:15.653636 7fc3a9fcb700          Options.level0_slowdown_writes_trigger: 20
2019/10/17-14:54:15.653636 7fc3a9fcb700              Options.level0_stop_writes_trigger: 36
2019/10/17-14:54:15.653637 7fc3a9fcb700                   Options.target_file_size_base: 67108864
2019/10/17-14:54:15.653637 7fc3a9fcb700             Options.target_file_size_multiplier: 1
2019/10/17-14:54:15.653638 7fc3a9fcb700                Options.max_bytes_for_level_base: 268435456
2019/10/17-14:54:15.653638 7fc3a9fcb700 Options.level_compaction_dynamic_level_bytes: 0
2019/10/17-14:54:15.653639 7fc3a9fcb700          Options.max_bytes_for_level_multiplier: 10.000000
2019/10/17-14:54:15.653640 7fc3a9fcb700 Options.max_bytes_for_level_multiplier_addtl[0]: 1
2019/10/17-14:54:15.653640 7fc3a9fcb700 Options.max_bytes_for_level_multiplier_addtl[1]: 1
2019/10/17-14:54:15.653641 7fc3a9fcb700 Options.max_bytes_for_level_multiplier_addtl[2]: 1
2019/10/17-14:54:15.653641 7fc3a9fcb700 Options.max_bytes_for_level_multiplier_addtl[3]: 1
2019/10/17-14:54:15.653642 7fc3a9fcb700 Options.max_bytes_for_level_multiplier_addtl[4]: 1
2019/10/17-14:54:15.653642 7fc3a9fcb700 Options.max_bytes_for_level_multiplier_addtl[5]: 1
2019/10/17-14:54:15.653643 7fc3a9fcb700 Options.max_bytes_for_level_multiplier_addtl[6]: 1
2019/10/17-14:54:15.653643 7fc3a9fcb700       Options.max_sequential_skip_in_iterations: 8
2019/10/17-14:54:15.653646 7fc3a9fcb700                    Options.max_compaction_bytes: 1677721600
2019/10/17-14:54:15.653647 7fc3a9fcb700                        Options.arena_block_size: 8388608
2019/10/17-14:54:15.653647 7fc3a9fcb700   Options.soft_pending_compaction_bytes_limit: 68719476736
2019/10/17-14:54:15.653648 7fc3a9fcb700   Options.hard_pending_compaction_bytes_limit: 274877906944
2019/10/17-14:54:15.653648 7fc3a9fcb700       Options.rate_limit_delay_max_milliseconds: 100
2019/10/17-14:54:15.653649 7fc3a9fcb700                Options.disable_auto_compactions: 0
2019/10/17-14:54:15.653650 7fc3a9fcb700                        Options.compaction_style: kCompactionStyleLevel
2019/10/17-14:54:15.653650 7fc3a9fcb700                          Options.compaction_pri: kByCompensatedSize
2019/10/17-14:54:15.653651 7fc3a9fcb700 Options.compaction_options_universal.size_ratio: 1
2019/10/17-14:54:15.653651 7fc3a9fcb700 Options.compaction_options_universal.min_merge_width: 2
2019/10/17-14:54:15.653652 7fc3a9fcb700 Options.compaction_options_universal.max_merge_width: 4294967295
2019/10/17-14:54:15.653652 7fc3a9fcb700 Options.compaction_options_universal.max_size_amplification_percent: 200
2019/10/17-14:54:15.653653 7fc3a9fcb700 Options.compaction_options_universal.compression_size_percent: -1
2019/10/17-14:54:15.653653 7fc3a9fcb700 Options.compaction_options_universal.stop_style: kCompactionStopStyleTotalSize
2019/10/17-14:54:15.653654 7fc3a9fcb700 Options.compaction_options_fifo.max_table_files_size: 1073741824
2019/10/17-14:54:15.653654 7fc3a9fcb700 Options.compaction_options_fifo.allow_compaction: 0
2019/10/17-14:54:15.653655 7fc3a9fcb700 Options.compaction_options_fifo.ttl: 0
2019/10/17-14:54:15.653655 7fc3a9fcb700                   Options.table_properties_collectors: 
2019/10/17-14:54:15.653656 7fc3a9fcb700                   Options.inplace_update_support: 0
2019/10/17-14:54:15.653656 7fc3a9fcb700                 Options.inplace_update_num_locks: 10000
2019/10/17-14:54:15.653657 7fc3a9fcb700               Options.memtable_prefix_bloom_size_ratio: 0.000000
2019/10/17-14:54:15.653658 7fc3a9fcb700   Options.memtable_huge_page_size: 0
2019/10/17-14:54:15.653658 7fc3a9fcb700                           Options.bloom_locality: 0
2019/10/17-14:54:15.653659 7fc3a9fcb700                    Options.max_successive_merges: 0
2019/10/17-14:54:15.653659 7fc3a9fcb700                Options.optimize_filters_for_hits: 0
2019/10/17-14:54:15.653660 7fc3a9fcb700                Options.paranoid_file_checks: 0
2019/10/17-14:54:15.653660 7fc3a9fcb700                Options.force_consistency_checks: 0
2019/10/17-14:54:15.653661 7fc3a9fcb700                Options.report_bg_io_stats: 0
2019/10/17-14:54:15.653661 7fc3a9fcb700                               Options.ttl: 0
2019/10/17-14:54:15.653673 7fc3a9fcb700 [db/column_family.cc:472] --------------- Options for column family [entries]:
2019/10/17-14:54:15.653674 7fc3a9fcb700               Options.comparator: leveldb.BytewiseComparator
2019/10/17-14:54:15.653674 7fc3a9fcb700           Options.merge_operator: None
2019/10/17-14:54:15.653675 7fc3a9fcb700        Options.compaction_filter: None
2019/10/17-14:54:15.653675 7fc3a9fcb700        Options.compaction_filter_factory: None
2019/10/17-14:54:15.653676 7fc3a9fcb700         Options.memtable_factory: SkipListFactory
2019/10/17-14:54:15.653676 7fc3a9fcb700            Options.table_factory: BlockBasedTable
2019/10/17-14:54:15.653683 7fc3a9fcb700            table_factory options:   flush_block_policy_factory: FlushBlockBySizePolicyFactory (0x7fc3500a06b0)
  cache_index_and_filter_blocks: 0
  cache_index_and_filter_blocks_with_high_priority: 0
  pin_l0_filter_and_index_blocks_in_cache: 0
  pin_top_level_index_and_filter: 1
  index_type: 0
  hash_index_allow_collision: 1
  checksum: 1
  no_block_cache: 0
  block_cache: 0x7fc35005f070
  block_cache_name: LRUCache
  block_cache_options:
    capacity : 8388608
    num_shard_bits : 4
    strict_capacity_limit : 0
    memory_allocator : None
    high_pri_pool_ratio: 0.000
  block_cache_compressed: (nil)
  persistent_cache: (nil)
  block_size: 4096
  block_size_deviation: 10
  block_restart_interval: 16
  index_block_restart_interval: 1
  metadata_block_size: 4096
  partition_filters: 0
  use_delta_encoding: 1
  filter_policy: nullptr
  whole_key_filtering: 1
  verify_compression: 0
  read_amp_bytes_per_bit: 0
  format_version: 2
  enable_index_compression: 1
  block_align: 0
2019/10/17-14:54:15.653687 7fc3a9fcb700        Options.write_buffer_size: 67108864
2019/10/17-14:54:15.653687 7fc3a9fcb700  Options.max_write_buffer_number: 2
2019/10/17-14:54:15.653688 7fc3a9fcb700          Options.compression: NoCompression
2019/10/17-14:54:15.653688 7fc3a9fcb700                  Options.bottommost_compression: Disabled
2019/10/17-14:54:15.653689 7fc3a9fcb700       Options.prefix_extractor: nullptr
2019/10/17-14:54:15.653689 7fc3a9fcb700   Options.memtable_insert_with_hint_prefix_extractor: nullptr
2019/10/17-14:54:15.653690 7fc3a9fcb700             Options.num_levels: 7
2019/10/17-14:54:15.653690 7fc3a9fcb700        Options.min_write_buffer_number_to_merge: 1
2019/10/17-14:54:15.653691 7fc3a9fcb700     Options.max_write_buffer_number_to_maintain: 0
2019/10/17-14:54:15.653691 7fc3a9fcb700            Options.bottommost_compression_opts.window_bits: -14
2019/10/17-14:54:15.653692 7fc3a9fcb700                  Options.bottommost_compression_opts.level: 32767
2019/10/17-14:54:15.653692 7fc3a9fcb700               Options.bottommost_compression_opts.strategy: 0
2019/10/17-14:54:15.653693 7fc3a9fcb700         Options.bottommost_compression_opts.max_dict_bytes: 0
2019/10/17-14:54:15.653693 7fc3a9fcb700         Options.bottommost_compression_opts.zstd_max_train_bytes: 0
2019/10/17-14:54:15.653694 7fc3a9fcb700                  Options.bottommost_compression_opts.enabled: false
2019/10/17-14:54:15.653694 7fc3a9fcb700            Options.compression_opts.window_bits: -14
2019/10/17-14:54:15.653695 7fc3a9fcb700                  Options.compression_opts.level: 32767
2019/10/17-14:54:15.653695 7fc3a9fcb700               Options.compression_opts.strategy: 0
2019/10/17-14:54:15.653696 7fc3a9fcb700         Options.compression_opts.max_dict_bytes: 0
2019/10/17-14:54:15.653696 7fc3a9fcb700         Options.compression_opts.zstd_max_train_bytes: 0
2019/10/17-14:54:15.653697 7fc3a9fcb700                  Options.compression_opts.enabled: false
2019/10/17-14:54:15.653698 7fc3a9fcb700      Options.level0_file_num_compaction_trigger: 4
2019/10/17-14:54:15.653698 7fc3a9fcb700          Options.level0_slowdown_writes_trigger: 20
2019/10/17-14:54:15.653699 7fc3a9fcb700              Options.level0_stop_writes_trigger: 36
2019/10/17-14:54:15.653699 7fc3a9fcb700                   Options.target_file_size_base: 67108864
2019/10/17-14:54:15.653700 7fc3a9fcb700             Options.target_file_size_multiplier: 1
2019/10/17-14:54:15.653700 7fc3a9fcb700                Options.max_bytes_for_level_base: 268435456
2019/10/17-14:54:15.653701 7fc3a9fcb700 Options.level_compaction_dynamic_level_bytes: 0
2019/10/17-14:54:15.653701 7fc3a9fcb700          Options.max_bytes_for_level_multiplier: 10.000000
2019/10/17-14:54:15.653702 7fc3a9fcb700 Options.max_bytes_for_level_multiplier_addtl[0]: 1
2019/10/17-14:54:15.653703 7fc3a9fcb700 Options.max_bytes_for_level_multiplier_addtl[1]: 1
2019/10/17-14:54:15.653703 7fc3a9fcb700 Options.max_bytes_for_level_multiplier_addtl[2]: 1
2019/10/17-14:54:15.653704 7fc3a9fcb700 Options.max_bytes_for_level_multiplier_addtl[3]: 1
2019/10/17-14:54:15.653704 7fc3a9fcb700 Options.max_bytes_for_level_multiplier_addtl[4]: 1
2019/10/17-14:54:15.653705 7fc3a9fcb700 Options.max_bytes_for_level_multiplier_addtl[5]: 1
2019/10/17-14:54:15.653705 7fc3a9fcb700 Options.max_bytes_for_level_multiplier_addtl[6]: 1
2019/10/17-14:54:15.653706 7fc3a9fcb700       Options.max_sequential_skip_in_iterations: 8
2019/10/17-14:54:15.653706 7fc3a9fcb700                    Options.max_compaction_bytes: 1677721600
2019/10/17-14:54:15.653707 7fc3a9fcb700                        Options.arena_block_size: 8388608
2019/10/17-14:54:15.653707 7fc3a9fcb700   Options.soft_pending_compaction_bytes_limit: 68719476736
2019/10/17-14:54:15.653710 7fc3a9fcb700   Options.hard_pending_compaction_bytes_limit: 274877906944
2019/10/17-14:54:15.653711 7fc3a9fcb700       Options.rate_limit_delay_max_milliseconds: 100
2019/10/17-14:54:15.653711 7fc3a9fcb700                Options.disable_auto_compactions: 0
2019/10/17-14:54:15.653712 7fc3a9fcb700                        Options.compaction_style: kCompactionStyleLevel
2019/10/17-14:54:15.653712 7fc3a9fcb700                          Options.compaction_pri: kByCompensatedSize
2019/10/17-14:54:15.653713 7fc3a9fcb700 Options.compaction_options_universal.size_ratio: 1
2019/10/17-14:54:15.653713 7fc3a9fcb700 Options.compaction_options_universal.min_merge_width: 2
2019/10/17-14:54:15.653714 7fc3a9fcb700 Options.compaction_options_universal.max_merge_width: 4294967295
2019/10/17-14:54:15.653714 7fc3a9fcb700 Options.compaction_options_universal.max_size_amplification_percent: 200
2019/10/17-14:54:15.653715 7fc3a9fcb700 Options.compaction_options_universal.compression_size_percent: -1
2019/10/17-14:54:15.653716 7fc3a9fcb700 Options.compaction_options_universal.stop_style: kCompactionStopStyleTotalSize
2019/10/17-14:54:15.653716 7fc3a9fcb700 Options.compaction_options_fifo.max_table_files_size: 1073741824
2019/10/17-14:54:15.653717 7fc3a9fcb700 Options.compaction_options_fifo.allow_compaction: 0
2019/10/17-14:54:15.653717 7fc3a9fcb700 Options.compaction_options_fifo.ttl: 0
2019/10/17-14:54:15.653718 7fc3a9fcb700                   Options.table_properties_collectors: 
2019/10/17-14:54:15.653718 7fc3a9fcb700                   Options.inplace_update_support: 0
2019/10/17-14:54:15.653719 7fc3a9fcb700                 Options.inplace_update_num_locks: 10000
2019/10/17-14:54:15.653719 7fc3a9fcb700               Options.memtable_prefix_bloom_size_ratio: 0.000000
2019/10/17-14:54:15.653720 7fc3a9fcb700   Options.memtable_huge_page_size: 0
2019/10/17-14:54:15.653720 7fc3a9fcb700                           Options.bloom_locality: 0
2019/10/17-14:54:15.653721 7fc3a9fcb700                    Options.max_successive_merges: 0
2019/10/17-14:54:15.653722 7fc3a9fcb700                Options.optimize_filters_for_hits: 0
2019/10/17-14:54:15.653722 7fc3a9fcb700                Options.paranoid_file_checks: 0
2019/10/17-14:54:15.653723 7fc3a9fcb700                Options.force_consistency_checks: 0
2019/10/17-14:54:15.653723 7fc3a9fcb700                Options.report_bg_io_stats: 0
2019/10/17-14:54:15.653724 7fc3a9fcb700                               Options.ttl: 0
2019/10/17-14:54:15.653733 7fc3a9fcb700 [db/column_family.cc:472] --------------- Options for column family [dc_entries]:
2019/10/17-14:54:15.653734 7fc3a9fcb700               Options.comparator: leveldb.BytewiseComparator
2019/10/17-14:54:15.653735 7fc3a9fcb700           Options.merge_operator: None
2019/10/17-14:54:15.653735 7fc3a9fcb700        Options.compaction_filter: None
2019/10/17-14:54:15.653736 7fc3a9fcb700        Options.compaction_filter_factory: None
2019/10/17-14:54:15.653736 7fc3a9fcb700         Options.memtable_factory: SkipListFactory
2019/10/17-14:54:15.653737 7fc3a9fcb700            Options.table_factory: BlockBasedTable
2019/10/17-14:54:15.653743 7fc3a9fcb700            table_factory options:   flush_block_policy_factory: FlushBlockBySizePolicyFactory (0x7fc35002cbf0)
  cache_index_and_filter_blocks: 0
  cache_index_and_filter_blocks_with_high_priority: 0
  pin_l0_filter_and_index_blocks_in_cache: 0
  pin_top_level_index_and_filter: 1
  index_type: 0
  hash_index_allow_collision: 1
  checksum: 1
  no_block_cache: 0
  block_cache: 0x7fc350086cd0
  block_cache_name: LRUCache
  block_cache_options:
    capacity : 8388608
    num_shard_bits : 4
    strict_capacity_limit : 0
    memory_allocator : None
    high_pri_pool_ratio: 0.000
  block_cache_compressed: (nil)
  persistent_cache: (nil)
  block_size: 4096
  block_size_deviation: 10
  block_restart_interval: 16
  index_block_restart_interval: 1
  metadata_block_size: 4096
  partition_filters: 0
  use_delta_encoding: 1
  filter_policy: nullptr
  whole_key_filtering: 1
  verify_compression: 0
  read_amp_bytes_per_bit: 0
  format_version: 2
  enable_index_compression: 1
  block_align: 0
2019/10/17-14:54:15.653747 7fc3a9fcb700        Options.write_buffer_size: 67108864
2019/10/17-14:54:15.653748 7fc3a9fcb700  Options.max_write_buffer_number: 2
2019/10/17-14:54:15.653748 7fc3a9fcb700          Options.compression: NoCompression
2019/10/17-14:54:15.653749 7fc3a9fcb700                  Options.bottommost_compression: Disabled
2019/10/17-14:54:15.653749 7fc3a9fcb700       Options.prefix_extractor: nullptr
2019/10/17-14:54:15.653750 7fc3a9fcb700   Options.memtable_insert_with_hint_prefix_extractor: nullptr
2019/10/17-14:54:15.653750 7fc3a9fcb700             Options.num_levels: 7
2019/10/17-14:54:15.653751 7fc3a9fcb700        Options.min_write_buffer_number_to_merge: 1
2019/10/17-14:54:15.653751 7fc3a9fcb700     Options.max_write_buffer_number_to_maintain: 0
2019/10/17-14:54:15.653752 7fc3a9fcb700            Options.bottommost_compression_opts.window_bits: -14
2019/10/17-14:54:15.653752 7fc3a9fcb700                  Options.bottommost_compression_opts.level: 32767
2019/10/17-14:54:15.653753 7fc3a9fcb700               Options.bottommost_compression_opts.strategy: 0
2019/10/17-14:54:15.653753 7fc3a9fcb700         Options.bottommost_compression_opts.max_dict_bytes: 0
2019/10/17-14:54:15.653754 7fc3a9fcb700         Options.bottommost_compression_opts.zstd_max_train_bytes: 0
2019/10/17-14:54:15.653754 7fc3a9fcb700                  Options.bottommost_compression_opts.enabled: false
2019/10/17-14:54:15.653755 7fc3a9fcb700            Options.compression_opts.window_bits: -14
2019/10/17-14:54:15.653756 7fc3a9fcb700                  Options.compression_opts.level: 32767
2019/10/17-14:54:15.653756 7fc3a9fcb700               Options.compression_opts.strategy: 0
2019/10/17-14:54:15.653757 7fc3a9fcb700         Options.compression_opts.max_dict_bytes: 0
2019/10/17-14:54:15.653757 7fc3a9fcb700         Options.compression_opts.zstd_max_train_bytes: 0
2019/10/17-14:54:15.653758 7fc3a9fcb700                  Options.compression_opts.enabled: false
2019/10/17-14:54:15.653758 7fc3a9fcb700      Options.level0_file_num_compaction_trigger: 4
2019/10/17-14:54:15.653759 7fc3a9fcb700          Options.level0_slowdown_writes_trigger: 20
2019/10/17-14:54:15.653759 7fc3a9fcb700              Options.level0_stop_writes_trigger: 36
2019/10/17-14:54:15.653760 7fc3a9fcb700                   Options.target_file_size_base: 67108864
2019/10/17-14:54:15.653760 7fc3a9fcb700             Options.target_file_size_multiplier: 1
2019/10/17-14:54:15.653761 7fc3a9fcb700                Options.max_bytes_for_level_base: 268435456
2019/10/17-14:54:15.653761 7fc3a9fcb700 Options.level_compaction_dynamic_level_bytes: 0
2019/10/17-14:54:15.653762 7fc3a9fcb700          Options.max_bytes_for_level_multiplier: 10.000000
2019/10/17-14:54:15.653762 7fc3a9fcb700 Options.max_bytes_for_level_multiplier_addtl[0]: 1
2019/10/17-14:54:15.653763 7fc3a9fcb700 Options.max_bytes_for_level_multiplier_addtl[1]: 1
2019/10/17-14:54:15.653764 7fc3a9fcb700 Options.max_bytes_for_level_multiplier_addtl[2]: 1
2019/10/17-14:54:15.653764 7fc3a9fcb700 Options.max_bytes_for_level_multiplier_addtl[3]: 1
2019/10/17-14:54:15.653765 7fc3a9fcb700 Options.max_bytes_for_level_multiplier_addtl[4]: 1
2019/10/17-14:54:15.653765 7fc3a9fcb700 Options.max_bytes_for_level_multiplier_addtl[5]: 1
2019/10/17-14:54:15.653766 7fc3a9fcb700 Options.max_bytes_for_level_multiplier_addtl[6]: 1
2019/10/17-14:54:15.653766 7fc3a9fcb700       Options.max_sequential_skip_in_iterations: 8
2019/10/17-14:54:15.653767 7fc3a9fcb700                    Options.max_compaction_bytes: 1677721600
2019/10/17-14:54:15.653767 7fc3a9fcb700                        Options.arena_block_size: 8388608
2019/10/17-14:54:15.653768 7fc3a9fcb700   Options.soft_pending_compaction_bytes_limit: 68719476736
2019/10/17-14:54:15.653768 7fc3a9fcb700   Options.hard_pending_compaction_bytes_limit: 274877906944
2019/10/17-14:54:15.653769 7fc3a9fcb700       Options.rate_limit_delay_max_milliseconds: 100
2019/10/17-14:54:15.653769 7fc3a9fcb700                Options.disable_auto_compactions: 0
2019/10/17-14:54:15.653772 7fc3a9fcb700                        Options.compaction_style: kCompactionStyleLevel
2019/10/17-14:54:15.653773 7fc3a9fcb700                          Options.compaction_pri: kByCompensatedSize
2019/10/17-14:54:15.653773 7fc3a9fcb700 Options.compaction_options_universal.size_ratio: 1
2019/10/17-14:54:15.653774 7fc3a9fcb700 Options.compaction_options_universal.min_merge_width: 2
2019/10/17-14:54:15.653774 7fc3a9fcb700 Options.compaction_options_universal.max_merge_width: 4294967295
2019/10/17-14:54:15.653775 7fc3a9fcb700 Options.compaction_options_universal.max_size_amplification_percent: 200
2019/10/17-14:54:15.653775 7fc3a9fcb700 Options.compaction_options_universal.compression_size_percent: -1
2019/10/17-14:54:15.653776 7fc3a9fcb700 Options.compaction_options_universal.stop_style: kCompactionStopStyleTotalSize
2019/10/17-14:54:15.653777 7fc3a9fcb700 Options.compaction_options_fifo.max_table_files_size: 1073741824
2019/10/17-14:54:15.653777 7fc3a9fcb700 Options.compaction_options_fifo.allow_compaction: 0
2019/10/17-14:54:15.653778 7fc3a9fcb700 Options.compaction_options_fifo.ttl: 0
2019/10/17-14:54:15.653778 7fc3a9fcb700                   Options.table_properties_collectors: 
2019/10/17-14:54:15.653779 7fc3a9fcb700                   Options.inplace_update_support: 0
2019/10/17-14:54:15.653779 7fc3a9fcb700                 Options.inplace_update_num_locks: 10000
2019/10/17-14:54:15.653780 7fc3a9fcb700               Options.memtable_prefix_bloom_size_ratio: 0.000000
2019/10/17-14:54:15.653780 7fc3a9fcb700   Options.memtable_huge_page_size: 0
2019/10/17-14:54:15.653781 7fc3a9fcb700                           Options.bloom_locality: 0
2019/10/17-14:54:15.653781 7fc3a9fcb700                    Options.max_successive_merges: 0
2019/10/17-14:54:15.653782 7fc3a9fcb700                Options.optimize_filters_for_hits: 0
2019/10/17-14:54:15.653782 7fc3a9fcb700                Options.paranoid_file_checks: 0
2019/10/17-14:54:15.653783 7fc3a9fcb700                Options.force_consistency_checks: 0
2019/10/17-14:54:15.653783 7fc3a9fcb700                Options.report_bg_io_stats: 0
2019/10/17-14:54:15.653784 7fc3a9fcb700                               Options.ttl: 0
2019/10/17-14:54:15.653793 7fc3a9fcb700 [db/column_family.cc:472] --------------- Options for column family [htlcs]:
2019/10/17-14:54:15.653794 7fc3a9fcb700               Options.comparator: leveldb.BytewiseComparator
2019/10/17-14:54:15.653794 7fc3a9fcb700           Options.merge_operator: None
2019/10/17-14:54:15.653795 7fc3a9fcb700        Options.compaction_filter: None
2019/10/17-14:54:15.653795 7fc3a9fcb700        Options.compaction_filter_factory: None
2019/10/17-14:54:15.653796 7fc3a9fcb700         Options.memtable_factory: SkipListFactory
2019/10/17-14:54:15.653796 7fc3a9fcb700            Options.table_factory: BlockBasedTable
2019/10/17-14:54:15.653802 7fc3a9fcb700            table_factory options:   flush_block_policy_factory: FlushBlockBySizePolicyFactory (0x7fc3500367e0)
