2019/10/17-14:56:02.893025 7fbc2cd30700 RocksDB version: 5.18.3
2019/10/17-14:56:02.893054 7fbc2cd30700 Git sha rocksdb_build_git_sha:@0@
2019/10/17-14:56:02.893056 7fbc2cd30700 Compile date Sep 19 2019
2019/10/17-14:56:02.893057 7fbc2cd30700 DB SUMMARY
2019/10/17-14:56:02.893712 7fbc2cd30700 CURRENT file:  CURRENT
2019/10/17-14:56:02.893714 7fbc2cd30700 IDENTITY file:  IDENTITY
2019/10/17-14:56:02.893741 7fbc2cd30700 MANIFEST file:  MANIFEST-116707 size: 4114 Bytes
2019/10/17-14:56:02.893742 7fbc2cd30700 SST files in /home/rahul/dev/blockchain-core/eqc/ledger.db dir, Total Num: 29, files: 000624.sst 000627.sst 106940.sst 108447.sst 108450.sst 109471.sst 109483.sst 109485.sst 109486.sst 
2019/10/17-14:56:02.893743 7fbc2cd30700 Write Ahead Log file in /home/rahul/dev/blockchain-core/eqc/ledger.db: 116708.log size: 0 ; 
2019/10/17-14:56:02.893775 7fbc2cd30700                         Options.error_if_exists: 0
2019/10/17-14:56:02.893776 7fbc2cd30700                       Options.create_if_missing: 1
2019/10/17-14:56:02.893777 7fbc2cd30700                         Options.paranoid_checks: 1
2019/10/17-14:56:02.893778 7fbc2cd30700                                     Options.env: 0x7fbbafa7bc60
2019/10/17-14:56:02.893778 7fbc2cd30700                                Options.info_log: 0x7fbbb803abf0
2019/10/17-14:56:02.893779 7fbc2cd30700                Options.max_file_opening_threads: 16
2019/10/17-14:56:02.893780 7fbc2cd30700                              Options.statistics: (nil)
2019/10/17-14:56:02.893781 7fbc2cd30700                               Options.use_fsync: 0
2019/10/17-14:56:02.893782 7fbc2cd30700                       Options.max_log_file_size: 0
2019/10/17-14:56:02.893782 7fbc2cd30700                  Options.max_manifest_file_size: 1073741824
2019/10/17-14:56:02.893783 7fbc2cd30700                   Options.log_file_time_to_roll: 0
2019/10/17-14:56:02.893784 7fbc2cd30700                       Options.keep_log_file_num: 1000
2019/10/17-14:56:02.893785 7fbc2cd30700                    Options.recycle_log_file_num: 0
2019/10/17-14:56:02.893785 7fbc2cd30700                         Options.allow_fallocate: 1
2019/10/17-14:56:02.893786 7fbc2cd30700                        Options.allow_mmap_reads: 0
2019/10/17-14:56:02.893787 7fbc2cd30700                       Options.allow_mmap_writes: 0
2019/10/17-14:56:02.893787 7fbc2cd30700                        Options.use_direct_reads: 0
2019/10/17-14:56:02.893788 7fbc2cd30700                        Options.use_direct_io_for_flush_and_compaction: 0
2019/10/17-14:56:02.893789 7fbc2cd30700          Options.create_missing_column_families: 0
2019/10/17-14:56:02.893789 7fbc2cd30700                              Options.db_log_dir: 
2019/10/17-14:56:02.893790 7fbc2cd30700                                 Options.wal_dir: /home/rahul/dev/blockchain-core/eqc/ledger.db
2019/10/17-14:56:02.893791 7fbc2cd30700                Options.table_cache_numshardbits: 6
2019/10/17-14:56:02.893792 7fbc2cd30700                      Options.max_subcompactions: 1
2019/10/17-14:56:02.893792 7fbc2cd30700                  Options.max_background_flushes: -1
2019/10/17-14:56:02.893793 7fbc2cd30700                         Options.WAL_ttl_seconds: 0
2019/10/17-14:56:02.893794 7fbc2cd30700                       Options.WAL_size_limit_MB: 0
2019/10/17-14:56:02.893794 7fbc2cd30700             Options.manifest_preallocation_size: 4194304
2019/10/17-14:56:02.893795 7fbc2cd30700                     Options.is_fd_close_on_exec: 1
2019/10/17-14:56:02.893796 7fbc2cd30700                   Options.advise_random_on_open: 1
2019/10/17-14:56:02.893797 7fbc2cd30700                    Options.db_write_buffer_size: 0
2019/10/17-14:56:02.893797 7fbc2cd30700                    Options.write_buffer_manager: 0x7fbbb80284e0
2019/10/17-14:56:02.893798 7fbc2cd30700         Options.access_hint_on_compaction_start: 1
2019/10/17-14:56:02.893799 7fbc2cd30700  Options.new_table_reader_for_compaction_inputs: 0
2019/10/17-14:56:02.893799 7fbc2cd30700           Options.random_access_max_buffer_size: 1048576
2019/10/17-14:56:02.893800 7fbc2cd30700                      Options.use_adaptive_mutex: 0
2019/10/17-14:56:02.893801 7fbc2cd30700                            Options.rate_limiter: (nil)
2019/10/17-14:56:02.893809 7fbc2cd30700     Options.sst_file_manager.rate_bytes_per_sec: 0
2019/10/17-14:56:02.893810 7fbc2cd30700                       Options.wal_recovery_mode: 2
2019/10/17-14:56:02.893811 7fbc2cd30700                  Options.enable_thread_tracking: 0
2019/10/17-14:56:02.893811 7fbc2cd30700                  Options.enable_pipelined_write: 0
2019/10/17-14:56:02.893812 7fbc2cd30700         Options.allow_concurrent_memtable_write: 1
2019/10/17-14:56:02.893813 7fbc2cd30700      Options.enable_write_thread_adaptive_yield: 1
2019/10/17-14:56:02.893813 7fbc2cd30700             Options.write_thread_max_yield_usec: 100
2019/10/17-14:56:02.893814 7fbc2cd30700            Options.write_thread_slow_yield_usec: 3
2019/10/17-14:56:02.893815 7fbc2cd30700                               Options.row_cache: None
2019/10/17-14:56:02.893815 7fbc2cd30700                              Options.wal_filter: None
2019/10/17-14:56:02.893816 7fbc2cd30700             Options.avoid_flush_during_recovery: 0
2019/10/17-14:56:02.893817 7fbc2cd30700             Options.allow_ingest_behind: 0
2019/10/17-14:56:02.893818 7fbc2cd30700             Options.preserve_deletes: 0
2019/10/17-14:56:02.893818 7fbc2cd30700             Options.two_write_queues: 0
2019/10/17-14:56:02.893819 7fbc2cd30700             Options.manual_wal_flush: 0
2019/10/17-14:56:02.893820 7fbc2cd30700             Options.max_background_jobs: 2
2019/10/17-14:56:02.893820 7fbc2cd30700             Options.max_background_compactions: -1
2019/10/17-14:56:02.893821 7fbc2cd30700             Options.avoid_flush_during_shutdown: 0
2019/10/17-14:56:02.893822 7fbc2cd30700           Options.writable_file_max_buffer_size: 1048576
2019/10/17-14:56:02.893822 7fbc2cd30700             Options.delayed_write_rate : 16777216
2019/10/17-14:56:02.893823 7fbc2cd30700             Options.max_total_wal_size: 0
2019/10/17-14:56:02.893824 7fbc2cd30700             Options.delete_obsolete_files_period_micros: 21600000000
2019/10/17-14:56:02.893825 7fbc2cd30700                   Options.stats_dump_period_sec: 600
2019/10/17-14:56:02.893825 7fbc2cd30700                          Options.max_open_files: -1
2019/10/17-14:56:02.893826 7fbc2cd30700                          Options.bytes_per_sync: 0
2019/10/17-14:56:02.893827 7fbc2cd30700                      Options.wal_bytes_per_sync: 0
2019/10/17-14:56:02.893827 7fbc2cd30700       Options.compaction_readahead_size: 0
2019/10/17-14:56:02.893828 7fbc2cd30700 Compression algorithms supported:
2019/10/17-14:56:02.893829 7fbc2cd30700 	kZSTDNotFinalCompression supported: 0
2019/10/17-14:56:02.893830 7fbc2cd30700 	kZSTD supported: 0
2019/10/17-14:56:02.893831 7fbc2cd30700 	kXpressCompression supported: 0
2019/10/17-14:56:02.893832 7fbc2cd30700 	kLZ4HCCompression supported: 0
2019/10/17-14:56:02.893833 7fbc2cd30700 	kLZ4Compression supported: 0
2019/10/17-14:56:02.893833 7fbc2cd30700 	kBZip2Compression supported: 0
2019/10/17-14:56:02.893834 7fbc2cd30700 	kZlibCompression supported: 0
2019/10/17-14:56:02.893835 7fbc2cd30700 	kSnappyCompression supported: 0
2019/10/17-14:56:02.893837 7fbc2cd30700 Fast CRC32 supported: Supported on x86
2019/10/17-14:56:02.893941 7fbc2cd30700 [db/version_set.cc:3507] Recovering from manifest file: MANIFEST-116707
2019/10/17-14:56:02.893972 7fbc2cd30700 [db/column_family.cc:472] --------------- Options for column family [default]:
2019/10/17-14:56:02.893973 7fbc2cd30700               Options.comparator: leveldb.BytewiseComparator
2019/10/17-14:56:02.893974 7fbc2cd30700           Options.merge_operator: None
2019/10/17-14:56:02.893975 7fbc2cd30700        Options.compaction_filter: None
2019/10/17-14:56:02.893976 7fbc2cd30700        Options.compaction_filter_factory: None
2019/10/17-14:56:02.893976 7fbc2cd30700         Options.memtable_factory: SkipListFactory
2019/10/17-14:56:02.893977 7fbc2cd30700            Options.table_factory: BlockBasedTable
2019/10/17-14:56:02.893991 7fbc2cd30700            table_factory options:   flush_block_policy_factory: FlushBlockBySizePolicyFactory (0x7fbbb8028480)
  cache_index_and_filter_blocks: 0
  cache_index_and_filter_blocks_with_high_priority: 0
  pin_l0_filter_and_index_blocks_in_cache: 0
  pin_top_level_index_and_filter: 1
  index_type: 0
  hash_index_allow_collision: 1
  checksum: 1
  no_block_cache: 0
  block_cache: 0x7fbbb8107300
  block_cache_name: LRUCache
  block_cache_options:
    capacity : 8388608
    num_shard_bits : 4
    strict_capacity_limit : 0
    memory_allocator : None
    high_pri_pool_ratio: 0.000
  block_cache_compressed: (nil)
  persistent_cache: (nil)
  block_size: 4096
  block_size_deviation: 10
  block_restart_interval: 16
  index_block_restart_interval: 1
  metadata_block_size: 4096
  partition_filters: 0
  use_delta_encoding: 1
  filter_policy: nullptr
  whole_key_filtering: 1
  verify_compression: 0
  read_amp_bytes_per_bit: 0
  format_version: 2
  enable_index_compression: 1
  block_align: 0
2019/10/17-14:56:02.894001 7fbc2cd30700        Options.write_buffer_size: 67108864
2019/10/17-14:56:02.894002 7fbc2cd30700  Options.max_write_buffer_number: 2
2019/10/17-14:56:02.894003 7fbc2cd30700          Options.compression: NoCompression
2019/10/17-14:56:02.894003 7fbc2cd30700                  Options.bottommost_compression: Disabled
2019/10/17-14:56:02.894004 7fbc2cd30700       Options.prefix_extractor: nullptr
2019/10/17-14:56:02.894005 7fbc2cd30700   Options.memtable_insert_with_hint_prefix_extractor: nullptr
2019/10/17-14:56:02.894005 7fbc2cd30700             Options.num_levels: 7
2019/10/17-14:56:02.894006 7fbc2cd30700        Options.min_write_buffer_number_to_merge: 1
2019/10/17-14:56:02.894007 7fbc2cd30700     Options.max_write_buffer_number_to_maintain: 0
2019/10/17-14:56:02.894008 7fbc2cd30700            Options.bottommost_compression_opts.window_bits: -14
2019/10/17-14:56:02.894008 7fbc2cd30700                  Options.bottommost_compression_opts.level: 32767
2019/10/17-14:56:02.894009 7fbc2cd30700               Options.bottommost_compression_opts.strategy: 0
2019/10/17-14:56:02.894010 7fbc2cd30700         Options.bottommost_compression_opts.max_dict_bytes: 0
2019/10/17-14:56:02.894010 7fbc2cd30700         Options.bottommost_compression_opts.zstd_max_train_bytes: 0
2019/10/17-14:56:02.894011 7fbc2cd30700                  Options.bottommost_compression_opts.enabled: false
2019/10/17-14:56:02.894012 7fbc2cd30700            Options.compression_opts.window_bits: -14
2019/10/17-14:56:02.894013 7fbc2cd30700                  Options.compression_opts.level: 32767
2019/10/17-14:56:02.894013 7fbc2cd30700               Options.compression_opts.strategy: 0
2019/10/17-14:56:02.894014 7fbc2cd30700         Options.compression_opts.max_dict_bytes: 0
2019/10/17-14:56:02.894015 7fbc2cd30700         Options.compression_opts.zstd_max_train_bytes: 0
2019/10/17-14:56:02.894015 7fbc2cd30700                  Options.compression_opts.enabled: false
2019/10/17-14:56:02.894016 7fbc2cd30700      Options.level0_file_num_compaction_trigger: 4
2019/10/17-14:56:02.894017 7fbc2cd30700          Options.level0_slowdown_writes_trigger: 20
2019/10/17-14:56:02.894017 7fbc2cd30700              Options.level0_stop_writes_trigger: 36
2019/10/17-14:56:02.894018 7fbc2cd30700                   Options.target_file_size_base: 67108864
2019/10/17-14:56:02.894019 7fbc2cd30700             Options.target_file_size_multiplier: 1
2019/10/17-14:56:02.894020 7fbc2cd30700                Options.max_bytes_for_level_base: 268435456
2019/10/17-14:56:02.894020 7fbc2cd30700 Options.level_compaction_dynamic_level_bytes: 0
2019/10/17-14:56:02.894021 7fbc2cd30700          Options.max_bytes_for_level_multiplier: 10.000000
2019/10/17-14:56:02.894023 7fbc2cd30700 Options.max_bytes_for_level_multiplier_addtl[0]: 1
2019/10/17-14:56:02.894024 7fbc2cd30700 Options.max_bytes_for_level_multiplier_addtl[1]: 1
2019/10/17-14:56:02.894025 7fbc2cd30700 Options.max_bytes_for_level_multiplier_addtl[2]: 1
2019/10/17-14:56:02.894025 7fbc2cd30700 Options.max_bytes_for_level_multiplier_addtl[3]: 1
2019/10/17-14:56:02.894026 7fbc2cd30700 Options.max_bytes_for_level_multiplier_addtl[4]: 1
2019/10/17-14:56:02.894030 7fbc2cd30700 Options.max_bytes_for_level_multiplier_addtl[5]: 1
2019/10/17-14:56:02.894031 7fbc2cd30700 Options.max_bytes_for_level_multiplier_addtl[6]: 1
2019/10/17-14:56:02.894032 7fbc2cd30700       Options.max_sequential_skip_in_iterations: 8
2019/10/17-14:56:02.894032 7fbc2cd30700                    Options.max_compaction_bytes: 1677721600
2019/10/17-14:56:02.894033 7fbc2cd30700                        Options.arena_block_size: 8388608
2019/10/17-14:56:02.894034 7fbc2cd30700   Options.soft_pending_compaction_bytes_limit: 68719476736
2019/10/17-14:56:02.894035 7fbc2cd30700   Options.hard_pending_compaction_bytes_limit: 274877906944
2019/10/17-14:56:02.894035 7fbc2cd30700       Options.rate_limit_delay_max_milliseconds: 100
2019/10/17-14:56:02.894036 7fbc2cd30700                Options.disable_auto_compactions: 0
2019/10/17-14:56:02.894038 7fbc2cd30700                        Options.compaction_style: kCompactionStyleLevel
2019/10/17-14:56:02.894039 7fbc2cd30700                          Options.compaction_pri: kByCompensatedSize
2019/10/17-14:56:02.894039 7fbc2cd30700 Options.compaction_options_universal.size_ratio: 1
2019/10/17-14:56:02.894040 7fbc2cd30700 Options.compaction_options_universal.min_merge_width: 2
2019/10/17-14:56:02.894041 7fbc2cd30700 Options.compaction_options_universal.max_merge_width: 4294967295
2019/10/17-14:56:02.894042 7fbc2cd30700 Options.compaction_options_universal.max_size_amplification_percent: 200
2019/10/17-14:56:02.894042 7fbc2cd30700 Options.compaction_options_universal.compression_size_percent: -1
2019/10/17-14:56:02.894043 7fbc2cd30700 Options.compaction_options_universal.stop_style: kCompactionStopStyleTotalSize
2019/10/17-14:56:02.894044 7fbc2cd30700 Options.compaction_options_fifo.max_table_files_size: 1073741824
2019/10/17-14:56:02.894045 7fbc2cd30700 Options.compaction_options_fifo.allow_compaction: 0
2019/10/17-14:56:02.894045 7fbc2cd30700 Options.compaction_options_fifo.ttl: 0
2019/10/17-14:56:02.894046 7fbc2cd30700                   Options.table_properties_collectors: 
2019/10/17-14:56:02.894047 7fbc2cd30700                   Options.inplace_update_support: 0
2019/10/17-14:56:02.894048 7fbc2cd30700                 Options.inplace_update_num_locks: 10000
2019/10/17-14:56:02.894048 7fbc2cd30700               Options.memtable_prefix_bloom_size_ratio: 0.000000
2019/10/17-14:56:02.894049 7fbc2cd30700   Options.memtable_huge_page_size: 0
2019/10/17-14:56:02.894050 7fbc2cd30700                           Options.bloom_locality: 0
2019/10/17-14:56:02.894051 7fbc2cd30700                    Options.max_successive_merges: 0
2019/10/17-14:56:02.894052 7fbc2cd30700                Options.optimize_filters_for_hits: 0
2019/10/17-14:56:02.894052 7fbc2cd30700                Options.paranoid_file_checks: 0
2019/10/17-14:56:02.894053 7fbc2cd30700                Options.force_consistency_checks: 0
2019/10/17-14:56:02.894054 7fbc2cd30700                Options.report_bg_io_stats: 0
2019/10/17-14:56:02.894054 7fbc2cd30700                               Options.ttl: 0
2019/10/17-14:56:02.894081 7fbc2cd30700 [db/column_family.cc:472] --------------- Options for column family [active_gateways]:
2019/10/17-14:56:02.894082 7fbc2cd30700               Options.comparator: leveldb.BytewiseComparator
2019/10/17-14:56:02.894083 7fbc2cd30700           Options.merge_operator: None
2019/10/17-14:56:02.894084 7fbc2cd30700        Options.compaction_filter: None
2019/10/17-14:56:02.894084 7fbc2cd30700        Options.compaction_filter_factory: None
2019/10/17-14:56:02.894085 7fbc2cd30700         Options.memtable_factory: SkipListFactory
2019/10/17-14:56:02.894086 7fbc2cd30700            Options.table_factory: BlockBasedTable
2019/10/17-14:56:02.894095 7fbc2cd30700            table_factory options:   flush_block_policy_factory: FlushBlockBySizePolicyFactory (0x7fbbb803b020)
  cache_index_and_filter_blocks: 0
  cache_index_and_filter_blocks_with_high_priority: 0
  pin_l0_filter_and_index_blocks_in_cache: 0
  pin_top_level_index_and_filter: 1
  index_type: 0
  hash_index_allow_collision: 1
  checksum: 1
  no_block_cache: 0
  block_cache: 0x7fbbb80e3620
  block_cache_name: LRUCache
  block_cache_options:
    capacity : 8388608
    num_shard_bits : 4
    strict_capacity_limit : 0
    memory_allocator : None
    high_pri_pool_ratio: 0.000
  block_cache_compressed: (nil)
  persistent_cache: (nil)
  block_size: 4096
  block_size_deviation: 10
  block_restart_interval: 16
  index_block_restart_interval: 1
  metadata_block_size: 4096
  partition_filters: 0
  use_delta_encoding: 1
  filter_policy: nullptr
  whole_key_filtering: 1
  verify_compression: 0
  read_amp_bytes_per_bit: 0
  format_version: 2
  enable_index_compression: 1
  block_align: 0
2019/10/17-14:56:02.894101 7fbc2cd30700        Options.write_buffer_size: 67108864
2019/10/17-14:56:02.894102 7fbc2cd30700  Options.max_write_buffer_number: 2
2019/10/17-14:56:02.894103 7fbc2cd30700          Options.compression: NoCompression
2019/10/17-14:56:02.894104 7fbc2cd30700                  Options.bottommost_compression: Disabled
2019/10/17-14:56:02.894104 7fbc2cd30700       Options.prefix_extractor: nullptr
2019/10/17-14:56:02.894105 7fbc2cd30700   Options.memtable_insert_with_hint_prefix_extractor: nullptr
2019/10/17-14:56:02.894106 7fbc2cd30700             Options.num_levels: 7
2019/10/17-14:56:02.894106 7fbc2cd30700        Options.min_write_buffer_number_to_merge: 1
2019/10/17-14:56:02.894107 7fbc2cd30700     Options.max_write_buffer_number_to_maintain: 0
2019/10/17-14:56:02.894108 7fbc2cd30700            Options.bottommost_compression_opts.window_bits: -14
2019/10/17-14:56:02.894109 7fbc2cd30700                  Options.bottommost_compression_opts.level: 32767
2019/10/17-14:56:02.894109 7fbc2cd30700               Options.bottommost_compression_opts.strategy: 0
2019/10/17-14:56:02.894110 7fbc2cd30700         Options.bottommost_compression_opts.max_dict_bytes: 0
2019/10/17-14:56:02.894111 7fbc2cd30700         Options.bottommost_compression_opts.zstd_max_train_bytes: 0
2019/10/17-14:56:02.894111 7fbc2cd30700                  Options.bottommost_compression_opts.enabled: false
2019/10/17-14:56:02.894112 7fbc2cd30700            Options.compression_opts.window_bits: -14
2019/10/17-14:56:02.894113 7fbc2cd30700                  Options.compression_opts.level: 32767
2019/10/17-14:56:02.894113 7fbc2cd30700               Options.compression_opts.strategy: 0
2019/10/17-14:56:02.894114 7fbc2cd30700         Options.compression_opts.max_dict_bytes: 0
2019/10/17-14:56:02.894115 7fbc2cd30700         Options.compression_opts.zstd_max_train_bytes: 0
2019/10/17-14:56:02.894115 7fbc2cd30700                  Options.compression_opts.enabled: false
2019/10/17-14:56:02.894116 7fbc2cd30700      Options.level0_file_num_compaction_trigger: 4
2019/10/17-14:56:02.894117 7fbc2cd30700          Options.level0_slowdown_writes_trigger: 20
2019/10/17-14:56:02.894117 7fbc2cd30700              Options.level0_stop_writes_trigger: 36
2019/10/17-14:56:02.894118 7fbc2cd30700                   Options.target_file_size_base: 67108864
2019/10/17-14:56:02.894119 7fbc2cd30700             Options.target_file_size_multiplier: 1
2019/10/17-14:56:02.894119 7fbc2cd30700                Options.max_bytes_for_level_base: 268435456
2019/10/17-14:56:02.894120 7fbc2cd30700 Options.level_compaction_dynamic_level_bytes: 0
2019/10/17-14:56:02.894121 7fbc2cd30700          Options.max_bytes_for_level_multiplier: 10.000000
2019/10/17-14:56:02.894122 7fbc2cd30700 Options.max_bytes_for_level_multiplier_addtl[0]: 1
2019/10/17-14:56:02.894123 7fbc2cd30700 Options.max_bytes_for_level_multiplier_addtl[1]: 1
2019/10/17-14:56:02.894123 7fbc2cd30700 Options.max_bytes_for_level_multiplier_addtl[2]: 1
2019/10/17-14:56:02.894124 7fbc2cd30700 Options.max_bytes_for_level_multiplier_addtl[3]: 1
2019/10/17-14:56:02.894125 7fbc2cd30700 Options.max_bytes_for_level_multiplier_addtl[4]: 1
2019/10/17-14:56:02.894126 7fbc2cd30700 Options.max_bytes_for_level_multiplier_addtl[5]: 1
2019/10/17-14:56:02.894126 7fbc2cd30700 Options.max_bytes_for_level_multiplier_addtl[6]: 1
2019/10/17-14:56:02.894127 7fbc2cd30700       Options.max_sequential_skip_in_iterations: 8
2019/10/17-14:56:02.894131 7fbc2cd30700                    Options.max_compaction_bytes: 1677721600
2019/10/17-14:56:02.894132 7fbc2cd30700                        Options.arena_block_size: 8388608
2019/10/17-14:56:02.894132 7fbc2cd30700   Options.soft_pending_compaction_bytes_limit: 68719476736
2019/10/17-14:56:02.894133 7fbc2cd30700   Options.hard_pending_compaction_bytes_limit: 274877906944
2019/10/17-14:56:02.894134 7fbc2cd30700       Options.rate_limit_delay_max_milliseconds: 100
2019/10/17-14:56:02.894134 7fbc2cd30700                Options.disable_auto_compactions: 0
2019/10/17-14:56:02.894135 7fbc2cd30700                        Options.compaction_style: kCompactionStyleLevel
2019/10/17-14:56:02.894136 7fbc2cd30700                          Options.compaction_pri: kByCompensatedSize
2019/10/17-14:56:02.894137 7fbc2cd30700 Options.compaction_options_universal.size_ratio: 1
2019/10/17-14:56:02.894138 7fbc2cd30700 Options.compaction_options_universal.min_merge_width: 2
2019/10/17-14:56:02.894138 7fbc2cd30700 Options.compaction_options_universal.max_merge_width: 4294967295
2019/10/17-14:56:02.894139 7fbc2cd30700 Options.compaction_options_universal.max_size_amplification_percent: 200
2019/10/17-14:56:02.894140 7fbc2cd30700 Options.compaction_options_universal.compression_size_percent: -1
2019/10/17-14:56:02.894140 7fbc2cd30700 Options.compaction_options_universal.stop_style: kCompactionStopStyleTotalSize
2019/10/17-14:56:02.894141 7fbc2cd30700 Options.compaction_options_fifo.max_table_files_size: 1073741824
2019/10/17-14:56:02.894142 7fbc2cd30700 Options.compaction_options_fifo.allow_compaction: 0
2019/10/17-14:56:02.894143 7fbc2cd30700 Options.compaction_options_fifo.ttl: 0
2019/10/17-14:56:02.894143 7fbc2cd30700                   Options.table_properties_collectors: 
2019/10/17-14:56:02.894144 7fbc2cd30700                   Options.inplace_update_support: 0
2019/10/17-14:56:02.894145 7fbc2cd30700                 Options.inplace_update_num_locks: 10000
2019/10/17-14:56:02.894145 7fbc2cd30700               Options.memtable_prefix_bloom_size_ratio: 0.000000
2019/10/17-14:56:02.894146 7fbc2cd30700   Options.memtable_huge_page_size: 0
2019/10/17-14:56:02.894147 7fbc2cd30700                           Options.bloom_locality: 0
2019/10/17-14:56:02.894148 7fbc2cd30700                    Options.max_successive_merges: 0
2019/10/17-14:56:02.894148 7fbc2cd30700                Options.optimize_filters_for_hits: 0
2019/10/17-14:56:02.894149 7fbc2cd30700                Options.paranoid_file_checks: 0
2019/10/17-14:56:02.894150 7fbc2cd30700                Options.force_consistency_checks: 0
2019/10/17-14:56:02.894150 7fbc2cd30700                Options.report_bg_io_stats: 0
2019/10/17-14:56:02.894151 7fbc2cd30700                               Options.ttl: 0
2019/10/17-14:56:02.894166 7fbc2cd30700 [db/column_family.cc:472] --------------- Options for column family [entries]:
2019/10/17-14:56:02.894167 7fbc2cd30700               Options.comparator: leveldb.BytewiseComparator
2019/10/17-14:56:02.894167 7fbc2cd30700           Options.merge_operator: None
2019/10/17-14:56:02.894168 7fbc2cd30700        Options.compaction_filter: None
2019/10/17-14:56:02.894169 7fbc2cd30700        Options.compaction_filter_factory: None
2019/10/17-14:56:02.894170 7fbc2cd30700         Options.memtable_factory: SkipListFactory
2019/10/17-14:56:02.894170 7fbc2cd30700            Options.table_factory: BlockBasedTable
2019/10/17-14:56:02.894179 7fbc2cd30700            table_factory options:   flush_block_policy_factory: FlushBlockBySizePolicyFactory (0x7fbbb805b210)
  cache_index_and_filter_blocks: 0
  cache_index_and_filter_blocks_with_high_priority: 0
  pin_l0_filter_and_index_blocks_in_cache: 0
  pin_top_level_index_and_filter: 1
  index_type: 0
  hash_index_allow_collision: 1
  checksum: 1
  no_block_cache: 0
  block_cache: 0x7fbbb803b180
  block_cache_name: LRUCache
  block_cache_options:
    capacity : 8388608
    num_shard_bits : 4
    strict_capacity_limit : 0
    memory_allocator : None
    high_pri_pool_ratio: 0.000
  block_cache_compressed: (nil)
  persistent_cache: (nil)
  block_size: 4096
  block_size_deviation: 10
  block_restart_interval: 16
  index_block_restart_interval: 1
  metadata_block_size: 4096
  partition_filters: 0
  use_delta_encoding: 1
  filter_policy: nullptr
  whole_key_filtering: 1
  verify_compression: 0
  read_amp_bytes_per_bit: 0
  format_version: 2
  enable_index_compression: 1
  block_align: 0
2019/10/17-14:56:02.894184 7fbc2cd30700        Options.write_buffer_size: 67108864
2019/10/17-14:56:02.894185 7fbc2cd30700  Options.max_write_buffer_number: 2
2019/10/17-14:56:02.894186 7fbc2cd30700          Options.compression: NoCompression
2019/10/17-14:56:02.894187 7fbc2cd30700                  Options.bottommost_compression: Disabled
2019/10/17-14:56:02.894187 7fbc2cd30700       Options.prefix_extractor: nullptr
2019/10/17-14:56:02.894188 7fbc2cd30700   Options.memtable_insert_with_hint_prefix_extractor: nullptr
2019/10/17-14:56:02.894189 7fbc2cd30700             Options.num_levels: 7
2019/10/17-14:56:02.894189 7fbc2cd30700        Options.min_write_buffer_number_to_merge: 1
2019/10/17-14:56:02.894190 7fbc2cd30700     Options.max_write_buffer_number_to_maintain: 0
2019/10/17-14:56:02.894191 7fbc2cd30700            Options.bottommost_compression_opts.window_bits: -14
2019/10/17-14:56:02.894191 7fbc2cd30700                  Options.bottommost_compression_opts.level: 32767
2019/10/17-14:56:02.894192 7fbc2cd30700               Options.bottommost_compression_opts.strategy: 0
2019/10/17-14:56:02.894193 7fbc2cd30700         Options.bottommost_compression_opts.max_dict_bytes: 0
2019/10/17-14:56:02.894193 7fbc2cd30700         Options.bottommost_compression_opts.zstd_max_train_bytes: 0
2019/10/17-14:56:02.894194 7fbc2cd30700                  Options.bottommost_compression_opts.enabled: false
2019/10/17-14:56:02.894195 7fbc2cd30700            Options.compression_opts.window_bits: -14
2019/10/17-14:56:02.894196 7fbc2cd30700                  Options.compression_opts.level: 32767
2019/10/17-14:56:02.894196 7fbc2cd30700               Options.compression_opts.strategy: 0
2019/10/17-14:56:02.894197 7fbc2cd30700         Options.compression_opts.max_dict_bytes: 0
2019/10/17-14:56:02.894198 7fbc2cd30700         Options.compression_opts.zstd_max_train_bytes: 0
2019/10/17-14:56:02.894198 7fbc2cd30700                  Options.compression_opts.enabled: false
2019/10/17-14:56:02.894199 7fbc2cd30700      Options.level0_file_num_compaction_trigger: 4
2019/10/17-14:56:02.894200 7fbc2cd30700          Options.level0_slowdown_writes_trigger: 20
2019/10/17-14:56:02.894200 7fbc2cd30700              Options.level0_stop_writes_trigger: 36
2019/10/17-14:56:02.894201 7fbc2cd30700                   Options.target_file_size_base: 67108864
2019/10/17-14:56:02.894202 7fbc2cd30700             Options.target_file_size_multiplier: 1
2019/10/17-14:56:02.894202 7fbc2cd30700                Options.max_bytes_for_level_base: 268435456
2019/10/17-14:56:02.894203 7fbc2cd30700 Options.level_compaction_dynamic_level_bytes: 0
2019/10/17-14:56:02.894204 7fbc2cd30700          Options.max_bytes_for_level_multiplier: 10.000000
2019/10/17-14:56:02.894205 7fbc2cd30700 Options.max_bytes_for_level_multiplier_addtl[0]: 1
2019/10/17-14:56:02.894206 7fbc2cd30700 Options.max_bytes_for_level_multiplier_addtl[1]: 1
2019/10/17-14:56:02.894206 7fbc2cd30700 Options.max_bytes_for_level_multiplier_addtl[2]: 1
2019/10/17-14:56:02.894207 7fbc2cd30700 Options.max_bytes_for_level_multiplier_addtl[3]: 1
2019/10/17-14:56:02.894208 7fbc2cd30700 Options.max_bytes_for_level_multiplier_addtl[4]: 1
2019/10/17-14:56:02.894208 7fbc2cd30700 Options.max_bytes_for_level_multiplier_addtl[5]: 1
2019/10/17-14:56:02.894209 7fbc2cd30700 Options.max_bytes_for_level_multiplier_addtl[6]: 1
2019/10/17-14:56:02.894210 7fbc2cd30700       Options.max_sequential_skip_in_iterations: 8
2019/10/17-14:56:02.894210 7fbc2cd30700                    Options.max_compaction_bytes: 1677721600
2019/10/17-14:56:02.894211 7fbc2cd30700                        Options.arena_block_size: 8388608
2019/10/17-14:56:02.894212 7fbc2cd30700   Options.soft_pending_compaction_bytes_limit: 68719476736
2019/10/17-14:56:02.894216 7fbc2cd30700   Options.hard_pending_compaction_bytes_limit: 274877906944
2019/10/17-14:56:02.894217 7fbc2cd30700       Options.rate_limit_delay_max_milliseconds: 100
2019/10/17-14:56:02.894217 7fbc2cd30700                Options.disable_auto_compactions: 0
2019/10/17-14:56:02.894218 7fbc2cd30700                        Options.compaction_style: kCompactionStyleLevel
2019/10/17-14:56:02.894219 7fbc2cd30700                          Options.compaction_pri: kByCompensatedSize
2019/10/17-14:56:02.894220 7fbc2cd30700 Options.compaction_options_universal.size_ratio: 1
2019/10/17-14:56:02.894220 7fbc2cd30700 Options.compaction_options_universal.min_merge_width: 2
2019/10/17-14:56:02.894221 7fbc2cd30700 Options.compaction_options_universal.max_merge_width: 4294967295
2019/10/17-14:56:02.894222 7fbc2cd30700 Options.compaction_options_universal.max_size_amplification_percent: 200
2019/10/17-14:56:02.894223 7fbc2cd30700 Options.compaction_options_universal.compression_size_percent: -1
2019/10/17-14:56:02.894223 7fbc2cd30700 Options.compaction_options_universal.stop_style: kCompactionStopStyleTotalSize
2019/10/17-14:56:02.894224 7fbc2cd30700 Options.compaction_options_fifo.max_table_files_size: 1073741824
2019/10/17-14:56:02.894225 7fbc2cd30700 Options.compaction_options_fifo.allow_compaction: 0
2019/10/17-14:56:02.894225 7fbc2cd30700 Options.compaction_options_fifo.ttl: 0
2019/10/17-14:56:02.894226 7fbc2cd30700                   Options.table_properties_collectors: 
2019/10/17-14:56:02.894227 7fbc2cd30700                   Options.inplace_update_support: 0
2019/10/17-14:56:02.894227 7fbc2cd30700                 Options.inplace_update_num_locks: 10000
2019/10/17-14:56:02.894228 7fbc2cd30700               Options.memtable_prefix_bloom_size_ratio: 0.000000
2019/10/17-14:56:02.894229 7fbc2cd30700   Options.memtable_huge_page_size: 0
2019/10/17-14:56:02.894230 7fbc2cd30700                           Options.bloom_locality: 0
2019/10/17-14:56:02.894230 7fbc2cd30700                    Options.max_successive_merges: 0
2019/10/17-14:56:02.894231 7fbc2cd30700                Options.optimize_filters_for_hits: 0
2019/10/17-14:56:02.894232 7fbc2cd30700                Options.paranoid_file_checks: 0
2019/10/17-14:56:02.894232 7fbc2cd30700                Options.force_consistency_checks: 0
2019/10/17-14:56:02.894233 7fbc2cd30700                Options.report_bg_io_stats: 0
2019/10/17-14:56:02.894234 7fbc2cd30700                               Options.ttl: 0
2019/10/17-14:56:02.894246 7fbc2cd30700 [db/column_family.cc:472] --------------- Options for column family [dc_entries]:
2019/10/17-14:56:02.894247 7fbc2cd30700               Options.comparator: leveldb.BytewiseComparator
2019/10/17-14:56:02.894248 7fbc2cd30700           Options.merge_operator: None
2019/10/17-14:56:02.894249 7fbc2cd30700        Options.compaction_filter: None
2019/10/17-14:56:02.894250 7fbc2cd30700        Options.compaction_filter_factory: None
2019/10/17-14:56:02.894250 7fbc2cd30700         Options.memtable_factory: SkipListFactory
2019/10/17-14:56:02.894251 7fbc2cd30700            Options.table_factory: BlockBasedTable
2019/10/17-14:56:02.894259 7fbc2cd30700            table_factory options:   flush_block_policy_factory: FlushBlockBySizePolicyFactory (0x7fbbb80753b0)
  cache_index_and_filter_blocks: 0
  cache_index_and_filter_blocks_with_high_priority: 0
  pin_l0_filter_and_index_blocks_in_cache: 0
  pin_top_level_index_and_filter: 1
  index_type: 0
  hash_index_allow_collision: 1
  checksum: 1
  no_block_cache: 0
  block_cache: 0x7fbbb803d000
  block_cache_name: LRUCache
  block_cache_options:
    capacity : 8388608
    num_shard_bits : 4
    strict_capacity_limit : 0
    memory_allocator : None
    high_pri_pool_ratio: 0.000
  block_cache_compressed: (nil)
  persistent_cache: (nil)
  block_size: 4096
  block_size_deviation: 10
  block_restart_interval: 16
  index_block_restart_interval: 1
  metadata_block_size: 4096
  partition_filters: 0
  use_delta_encoding: 1
  filter_policy: nullptr
  whole_key_filtering: 1
  verify_compression: 0
  read_amp_bytes_per_bit: 0
  format_version: 2
  enable_index_compression: 1
  block_align: 0
2019/10/17-14:56:02.894265 7fbc2cd30700        Options.write_buffer_size: 67108864
2019/10/17-14:56:02.894266 7fbc2cd30700  Options.max_write_buffer_number: 2
2019/10/17-14:56:02.894266 7fbc2cd30700          Options.compression: NoCompression
2019/10/17-14:56:02.894267 7fbc2cd30700                  Options.bottommost_compression: Disabled
2019/10/17-14:56:02.894268 7fbc2cd30700       Options.prefix_extractor: nullptr
2019/10/17-14:56:02.894268 7fbc2cd30700   Options.memtable_insert_with_hint_prefix_extractor: nullptr
2019/10/17-14:56:02.894269 7fbc2cd30700             Options.num_levels: 7
2019/10/17-14:56:02.894270 7fbc2cd30700        Options.min_write_buffer_number_to_merge: 1
2019/10/17-14:56:02.894270 7fbc2cd30700     Options.max_write_buffer_number_to_maintain: 0
2019/10/17-14:56:02.894271 7fbc2cd30700            Options.bottommost_compression_opts.window_bits: -14
2019/10/17-14:56:02.894272 7fbc2cd30700                  Options.bottommost_compression_opts.level: 32767
2019/10/17-14:56:02.894272 7fbc2cd30700               Options.bottommost_compression_opts.strategy: 0
2019/10/17-14:56:02.894273 7fbc2cd30700         Options.bottommost_compression_opts.max_dict_bytes: 0
2019/10/17-14:56:02.894274 7fbc2cd30700         Options.bottommost_compression_opts.zstd_max_train_bytes: 0
2019/10/17-14:56:02.894274 7fbc2cd30700                  Options.bottommost_compression_opts.enabled: false
2019/10/17-14:56:02.894275 7fbc2cd30700            Options.compression_opts.window_bits: -14
2019/10/17-14:56:02.894276 7fbc2cd30700                  Options.compression_opts.level: 32767
2019/10/17-14:56:02.894277 7fbc2cd30700               Options.compression_opts.strategy: 0
2019/10/17-14:56:02.894277 7fbc2cd30700         Options.compression_opts.max_dict_bytes: 0
2019/10/17-14:56:02.894278 7fbc2cd30700         Options.compression_opts.zstd_max_train_bytes: 0
2019/10/17-14:56:02.894279 7fbc2cd30700                  Options.compression_opts.enabled: false
2019/10/17-14:56:02.894279 7fbc2cd30700      Options.level0_file_num_compaction_trigger: 4
2019/10/17-14:56:02.894280 7fbc2cd30700          Options.level0_slowdown_writes_trigger: 20
2019/10/17-14:56:02.894281 7fbc2cd30700              Options.level0_stop_writes_trigger: 36
2019/10/17-14:56:02.894281 7fbc2cd30700                   Options.target_file_size_base: 67108864
2019/10/17-14:56:02.894282 7fbc2cd30700             Options.target_file_size_multiplier: 1
2019/10/17-14:56:02.894283 7fbc2cd30700                Options.max_bytes_for_level_base: 268435456
2019/10/17-14:56:02.894283 7fbc2cd30700 Options.level_compaction_dynamic_level_bytes: 0
2019/10/17-14:56:02.894284 7fbc2cd30700          Options.max_bytes_for_level_multiplier: 10.000000
2019/10/17-14:56:02.894285 7fbc2cd30700 Options.max_bytes_for_level_multiplier_addtl[0]: 1
2019/10/17-14:56:02.894286 7fbc2cd30700 Options.max_bytes_for_level_multiplier_addtl[1]: 1
2019/10/17-14:56:02.894287 7fbc2cd30700 Options.max_bytes_for_level_multiplier_addtl[2]: 1
2019/10/17-14:56:02.894287 7fbc2cd30700 Options.max_bytes_for_level_multiplier_addtl[3]: 1
2019/10/17-14:56:02.894288 7fbc2cd30700 Options.max_bytes_for_level_multiplier_addtl[4]: 1
2019/10/17-14:56:02.894289 7fbc2cd30700 Options.max_bytes_for_level_multiplier_addtl[5]: 1
2019/10/17-14:56:02.894289 7fbc2cd30700 Options.max_bytes_for_level_multiplier_addtl[6]: 1
2019/10/17-14:56:02.894290 7fbc2cd30700       Options.max_sequential_skip_in_iterations: 8
2019/10/17-14:56:02.894291 7fbc2cd30700                    Options.max_compaction_bytes: 1677721600
2019/10/17-14:56:02.894291 7fbc2cd30700                        Options.arena_block_size: 8388608
2019/10/17-14:56:02.894292 7fbc2cd30700   Options.soft_pending_compaction_bytes_limit: 68719476736
2019/10/17-14:56:02.894293 7fbc2cd30700   Options.hard_pending_compaction_bytes_limit: 274877906944
2019/10/17-14:56:02.894293 7fbc2cd30700       Options.rate_limit_delay_max_milliseconds: 100
2019/10/17-14:56:02.894294 7fbc2cd30700                Options.disable_auto_compactions: 0
2019/10/17-14:56:02.894298 7fbc2cd30700                        Options.compaction_style: kCompactionStyleLevel
2019/10/17-14:56:02.894299 7fbc2cd30700                          Options.compaction_pri: kByCompensatedSize
2019/10/17-14:56:02.894300 7fbc2cd30700 Options.compaction_options_universal.size_ratio: 1
2019/10/17-14:56:02.894300 7fbc2cd30700 Options.compaction_options_universal.min_merge_width: 2
2019/10/17-14:56:02.894301 7fbc2cd30700 Options.compaction_options_universal.max_merge_width: 4294967295
2019/10/17-14:56:02.894302 7fbc2cd30700 Options.compaction_options_universal.max_size_amplification_percent: 200
2019/10/17-14:56:02.894302 7fbc2cd30700 Options.compaction_options_universal.compression_size_percent: -1
2019/10/17-14:56:02.894303 7fbc2cd30700 Options.compaction_options_universal.stop_style: kCompactionStopStyleTotalSize
2019/10/17-14:56:02.894304 7fbc2cd30700 Options.compaction_options_fifo.max_table_files_size: 1073741824
2019/10/17-14:56:02.894305 7fbc2cd30700 Options.compaction_options_fifo.allow_compaction: 0
2019/10/17-14:56:02.894305 7fbc2cd30700 Options.compaction_options_fifo.ttl: 0
2019/10/17-14:56:02.894306 7fbc2cd30700                   Options.table_properties_collectors: 
2019/10/17-14:56:02.894307 7fbc2cd30700                   Options.inplace_update_support: 0
2019/10/17-14:56:02.894307 7fbc2cd30700                 Options.inplace_update_num_locks: 10000
2019/10/17-14:56:02.894308 7fbc2cd30700               Options.memtable_prefix_bloom_size_ratio: 0.000000
2019/10/17-14:56:02.894309 7fbc2cd30700   Options.memtable_huge_page_size: 0
2019/10/17-14:56:02.894310 7fbc2cd30700                           Options.bloom_locality: 0
2019/10/17-14:56:02.894310 7fbc2cd30700                    Options.max_successive_merges: 0
2019/10/17-14:56:02.894311 7fbc2cd30700                Options.optimize_filters_for_hits: 0
2019/10/17-14:56:02.894312 7fbc2cd30700                Options.paranoid_file_checks: 0
2019/10/17-14:56:02.894312 7fbc2cd30700                Options.force_consistency_checks: 0
2019/10/17-14:56:02.894313 7fbc2cd30700                Options.report_bg_io_stats: 0
2019/10/17-14:56:02.894314 7fbc2cd30700                               Options.ttl: 0
2019/10/17-14:56:02.894324 7fbc2cd30700 [db/column_family.cc:472] --------------- Options for column family [htlcs]:
2019/10/17-14:56:02.894325 7fbc2cd30700               Options.comparator: leveldb.BytewiseComparator
2019/10/17-14:56:02.894326 7fbc2cd30700           Options.merge_operator: None
2019/10/17-14:56:02.894327 7fbc2cd30700        Options.compaction_filter: None
2019/10/17-14:56:02.894327 7fbc2cd30700        Options.compaction_filter_factory: None
2019/10/17-14:56:02.894328 7fbc2cd30700         Options.memtable_factory: SkipListFactory
2019/10/17-14:56:02.894329 7fbc2cd30700            Options.table_factory: BlockBasedTable
2019/10/17-14:56:02.894337 7fbc2cd30700            table_factory options:   flush_block_policy_factory: FlushBlockBySizePolicyFactory (0x7fbbb80894f0)
