2019/10/17-14:55:02.981947 7fc3a9fcb700 RocksDB version: 5.18.3
2019/10/17-14:55:02.981976 7fc3a9fcb700 Git sha rocksdb_build_git_sha:@0@
2019/10/17-14:55:02.981978 7fc3a9fcb700 Compile date Sep 19 2019
2019/10/17-14:55:02.981979 7fc3a9fcb700 DB SUMMARY
2019/10/17-14:55:02.982656 7fc3a9fcb700 CURRENT file:  CURRENT
2019/10/17-14:55:02.982658 7fc3a9fcb700 IDENTITY file:  IDENTITY
2019/10/17-14:55:02.982686 7fc3a9fcb700 MANIFEST file:  MANIFEST-116224 size: 4114 Bytes
2019/10/17-14:55:02.982687 7fc3a9fcb700 SST files in /home/rahul/dev/blockchain-core/eqc/ledger.db dir, Total Num: 29, files: 000624.sst 000627.sst 106940.sst 108447.sst 108450.sst 109471.sst 109483.sst 109485.sst 109486.sst 
2019/10/17-14:55:02.982689 7fc3a9fcb700 Write Ahead Log file in /home/rahul/dev/blockchain-core/eqc/ledger.db: 116225.log size: 0 ; 
2019/10/17-14:55:02.982722 7fc3a9fcb700                         Options.error_if_exists: 0
2019/10/17-14:55:02.982723 7fc3a9fcb700                       Options.create_if_missing: 1
2019/10/17-14:55:02.982724 7fc3a9fcb700                         Options.paranoid_checks: 1
2019/10/17-14:55:02.982725 7fc3a9fcb700                                     Options.env: 0x7fc32ae1fc60
2019/10/17-14:55:02.982726 7fc3a9fcb700                                Options.info_log: 0x7fc3501011f0
2019/10/17-14:55:02.982727 7fc3a9fcb700                Options.max_file_opening_threads: 16
2019/10/17-14:55:02.982727 7fc3a9fcb700                              Options.statistics: (nil)
2019/10/17-14:55:02.982728 7fc3a9fcb700                               Options.use_fsync: 0
2019/10/17-14:55:02.982729 7fc3a9fcb700                       Options.max_log_file_size: 0
2019/10/17-14:55:02.982730 7fc3a9fcb700                  Options.max_manifest_file_size: 1073741824
2019/10/17-14:55:02.982730 7fc3a9fcb700                   Options.log_file_time_to_roll: 0
2019/10/17-14:55:02.982731 7fc3a9fcb700                       Options.keep_log_file_num: 1000
2019/10/17-14:55:02.982732 7fc3a9fcb700                    Options.recycle_log_file_num: 0
2019/10/17-14:55:02.982733 7fc3a9fcb700                         Options.allow_fallocate: 1
2019/10/17-14:55:02.982734 7fc3a9fcb700                        Options.allow_mmap_reads: 0
2019/10/17-14:55:02.982734 7fc3a9fcb700                       Options.allow_mmap_writes: 0
2019/10/17-14:55:02.982735 7fc3a9fcb700                        Options.use_direct_reads: 0
2019/10/17-14:55:02.982736 7fc3a9fcb700                        Options.use_direct_io_for_flush_and_compaction: 0
2019/10/17-14:55:02.982736 7fc3a9fcb700          Options.create_missing_column_families: 0
2019/10/17-14:55:02.982737 7fc3a9fcb700                              Options.db_log_dir: 
2019/10/17-14:55:02.982738 7fc3a9fcb700                                 Options.wal_dir: /home/rahul/dev/blockchain-core/eqc/ledger.db
2019/10/17-14:55:02.982739 7fc3a9fcb700                Options.table_cache_numshardbits: 6
2019/10/17-14:55:02.982739 7fc3a9fcb700                      Options.max_subcompactions: 1
2019/10/17-14:55:02.982740 7fc3a9fcb700                  Options.max_background_flushes: -1
2019/10/17-14:55:02.982741 7fc3a9fcb700                         Options.WAL_ttl_seconds: 0
2019/10/17-14:55:02.982742 7fc3a9fcb700                       Options.WAL_size_limit_MB: 0
2019/10/17-14:55:02.982742 7fc3a9fcb700             Options.manifest_preallocation_size: 4194304
2019/10/17-14:55:02.982743 7fc3a9fcb700                     Options.is_fd_close_on_exec: 1
2019/10/17-14:55:02.982744 7fc3a9fcb700                   Options.advise_random_on_open: 1
2019/10/17-14:55:02.982745 7fc3a9fcb700                    Options.db_write_buffer_size: 0
2019/10/17-14:55:02.982746 7fc3a9fcb700                    Options.write_buffer_manager: 0x7fc35003cc20
2019/10/17-14:55:02.982747 7fc3a9fcb700         Options.access_hint_on_compaction_start: 1
2019/10/17-14:55:02.982748 7fc3a9fcb700  Options.new_table_reader_for_compaction_inputs: 0
2019/10/17-14:55:02.982749 7fc3a9fcb700           Options.random_access_max_buffer_size: 1048576
2019/10/17-14:55:02.982751 7fc3a9fcb700                      Options.use_adaptive_mutex: 0
2019/10/17-14:55:02.982752 7fc3a9fcb700                            Options.rate_limiter: (nil)
2019/10/17-14:55:02.982762 7fc3a9fcb700     Options.sst_file_manager.rate_bytes_per_sec: 0
2019/10/17-14:55:02.982763 7fc3a9fcb700                       Options.wal_recovery_mode: 2
2019/10/17-14:55:02.982763 7fc3a9fcb700                  Options.enable_thread_tracking: 0
2019/10/17-14:55:02.982764 7fc3a9fcb700                  Options.enable_pipelined_write: 0
2019/10/17-14:55:02.982765 7fc3a9fcb700         Options.allow_concurrent_memtable_write: 1
2019/10/17-14:55:02.982766 7fc3a9fcb700      Options.enable_write_thread_adaptive_yield: 1
2019/10/17-14:55:02.982766 7fc3a9fcb700             Options.write_thread_max_yield_usec: 100
2019/10/17-14:55:02.982767 7fc3a9fcb700            Options.write_thread_slow_yield_usec: 3
2019/10/17-14:55:02.982768 7fc3a9fcb700                               Options.row_cache: None
2019/10/17-14:55:02.982769 7fc3a9fcb700                              Options.wal_filter: None
2019/10/17-14:55:02.982769 7fc3a9fcb700             Options.avoid_flush_during_recovery: 0
2019/10/17-14:55:02.982770 7fc3a9fcb700             Options.allow_ingest_behind: 0
2019/10/17-14:55:02.982771 7fc3a9fcb700             Options.preserve_deletes: 0
2019/10/17-14:55:02.982771 7fc3a9fcb700             Options.two_write_queues: 0
2019/10/17-14:55:02.982772 7fc3a9fcb700             Options.manual_wal_flush: 0
2019/10/17-14:55:02.982773 7fc3a9fcb700             Options.max_background_jobs: 2
2019/10/17-14:55:02.982774 7fc3a9fcb700             Options.max_background_compactions: -1
2019/10/17-14:55:02.982774 7fc3a9fcb700             Options.avoid_flush_during_shutdown: 0
2019/10/17-14:55:02.982775 7fc3a9fcb700           Options.writable_file_max_buffer_size: 1048576
2019/10/17-14:55:02.982776 7fc3a9fcb700             Options.delayed_write_rate : 16777216
2019/10/17-14:55:02.982777 7fc3a9fcb700             Options.max_total_wal_size: 0
2019/10/17-14:55:02.982777 7fc3a9fcb700             Options.delete_obsolete_files_period_micros: 21600000000
2019/10/17-14:55:02.982778 7fc3a9fcb700                   Options.stats_dump_period_sec: 600
2019/10/17-14:55:02.982779 7fc3a9fcb700                          Options.max_open_files: -1
2019/10/17-14:55:02.982780 7fc3a9fcb700                          Options.bytes_per_sync: 0
2019/10/17-14:55:02.982780 7fc3a9fcb700                      Options.wal_bytes_per_sync: 0
2019/10/17-14:55:02.982781 7fc3a9fcb700       Options.compaction_readahead_size: 0
2019/10/17-14:55:02.982782 7fc3a9fcb700 Compression algorithms supported:
2019/10/17-14:55:02.982783 7fc3a9fcb700 	kZSTDNotFinalCompression supported: 0
2019/10/17-14:55:02.982784 7fc3a9fcb700 	kZSTD supported: 0
2019/10/17-14:55:02.982785 7fc3a9fcb700 	kXpressCompression supported: 0
2019/10/17-14:55:02.982786 7fc3a9fcb700 	kLZ4HCCompression supported: 0
2019/10/17-14:55:02.982787 7fc3a9fcb700 	kLZ4Compression supported: 0
2019/10/17-14:55:02.982787 7fc3a9fcb700 	kBZip2Compression supported: 0
2019/10/17-14:55:02.982788 7fc3a9fcb700 	kZlibCompression supported: 0
2019/10/17-14:55:02.982789 7fc3a9fcb700 	kSnappyCompression supported: 0
2019/10/17-14:55:02.982791 7fc3a9fcb700 Fast CRC32 supported: Supported on x86
2019/10/17-14:55:02.982906 7fc3a9fcb700 [db/version_set.cc:3507] Recovering from manifest file: MANIFEST-116224
2019/10/17-14:55:02.982953 7fc3a9fcb700 [db/column_family.cc:472] --------------- Options for column family [default]:
2019/10/17-14:55:02.982956 7fc3a9fcb700               Options.comparator: leveldb.BytewiseComparator
2019/10/17-14:55:02.982957 7fc3a9fcb700           Options.merge_operator: None
2019/10/17-14:55:02.982958 7fc3a9fcb700        Options.compaction_filter: None
2019/10/17-14:55:02.982960 7fc3a9fcb700        Options.compaction_filter_factory: None
2019/10/17-14:55:02.982961 7fc3a9fcb700         Options.memtable_factory: SkipListFactory
2019/10/17-14:55:02.982963 7fc3a9fcb700            Options.table_factory: BlockBasedTable
2019/10/17-14:55:02.982985 7fc3a9fcb700            table_factory options:   flush_block_policy_factory: FlushBlockBySizePolicyFactory (0x7fc350082280)
  cache_index_and_filter_blocks: 0
  cache_index_and_filter_blocks_with_high_priority: 0
  pin_l0_filter_and_index_blocks_in_cache: 0
  pin_top_level_index_and_filter: 1
  index_type: 0
  hash_index_allow_collision: 1
  checksum: 1
  no_block_cache: 0
  block_cache: 0x7fc3500c1310
  block_cache_name: LRUCache
  block_cache_options:
    capacity : 8388608
    num_shard_bits : 4
    strict_capacity_limit : 0
    memory_allocator : None
    high_pri_pool_ratio: 0.000
  block_cache_compressed: (nil)
  persistent_cache: (nil)
  block_size: 4096
  block_size_deviation: 10
  block_restart_interval: 16
  index_block_restart_interval: 1
  metadata_block_size: 4096
  partition_filters: 0
  use_delta_encoding: 1
  filter_policy: nullptr
  whole_key_filtering: 1
  verify_compression: 0
  read_amp_bytes_per_bit: 0
  format_version: 2
  enable_index_compression: 1
  block_align: 0
2019/10/17-14:55:02.982997 7fc3a9fcb700        Options.write_buffer_size: 67108864
2019/10/17-14:55:02.982999 7fc3a9fcb700  Options.max_write_buffer_number: 2
2019/10/17-14:55:02.983001 7fc3a9fcb700          Options.compression: NoCompression
2019/10/17-14:55:02.983002 7fc3a9fcb700                  Options.bottommost_compression: Disabled
2019/10/17-14:55:02.983004 7fc3a9fcb700       Options.prefix_extractor: nullptr
2019/10/17-14:55:02.983005 7fc3a9fcb700   Options.memtable_insert_with_hint_prefix_extractor: nullptr
2019/10/17-14:55:02.983006 7fc3a9fcb700             Options.num_levels: 7
2019/10/17-14:55:02.983007 7fc3a9fcb700        Options.min_write_buffer_number_to_merge: 1
2019/10/17-14:55:02.983009 7fc3a9fcb700     Options.max_write_buffer_number_to_maintain: 0
2019/10/17-14:55:02.983010 7fc3a9fcb700            Options.bottommost_compression_opts.window_bits: -14
2019/10/17-14:55:02.983011 7fc3a9fcb700                  Options.bottommost_compression_opts.level: 32767
2019/10/17-14:55:02.983012 7fc3a9fcb700               Options.bottommost_compression_opts.strategy: 0
2019/10/17-14:55:02.983014 7fc3a9fcb700         Options.bottommost_compression_opts.max_dict_bytes: 0
2019/10/17-14:55:02.983015 7fc3a9fcb700         Options.bottommost_compression_opts.zstd_max_train_bytes: 0
2019/10/17-14:55:02.983016 7fc3a9fcb700                  Options.bottommost_compression_opts.enabled: false
2019/10/17-14:55:02.983018 7fc3a9fcb700            Options.compression_opts.window_bits: -14
2019/10/17-14:55:02.983019 7fc3a9fcb700                  Options.compression_opts.level: 32767
2019/10/17-14:55:02.983020 7fc3a9fcb700               Options.compression_opts.strategy: 0
2019/10/17-14:55:02.983022 7fc3a9fcb700         Options.compression_opts.max_dict_bytes: 0
2019/10/17-14:55:02.983023 7fc3a9fcb700         Options.compression_opts.zstd_max_train_bytes: 0
2019/10/17-14:55:02.983024 7fc3a9fcb700                  Options.compression_opts.enabled: false
2019/10/17-14:55:02.983026 7fc3a9fcb700      Options.level0_file_num_compaction_trigger: 4
2019/10/17-14:55:02.983027 7fc3a9fcb700          Options.level0_slowdown_writes_trigger: 20
2019/10/17-14:55:02.983028 7fc3a9fcb700              Options.level0_stop_writes_trigger: 36
2019/10/17-14:55:02.983030 7fc3a9fcb700                   Options.target_file_size_base: 67108864
2019/10/17-14:55:02.983031 7fc3a9fcb700             Options.target_file_size_multiplier: 1
2019/10/17-14:55:02.983032 7fc3a9fcb700                Options.max_bytes_for_level_base: 268435456
2019/10/17-14:55:02.983034 7fc3a9fcb700 Options.level_compaction_dynamic_level_bytes: 0
2019/10/17-14:55:02.983035 7fc3a9fcb700          Options.max_bytes_for_level_multiplier: 10.000000
2019/10/17-14:55:02.983038 7fc3a9fcb700 Options.max_bytes_for_level_multiplier_addtl[0]: 1
2019/10/17-14:55:02.983039 7fc3a9fcb700 Options.max_bytes_for_level_multiplier_addtl[1]: 1
2019/10/17-14:55:02.983041 7fc3a9fcb700 Options.max_bytes_for_level_multiplier_addtl[2]: 1
2019/10/17-14:55:02.983042 7fc3a9fcb700 Options.max_bytes_for_level_multiplier_addtl[3]: 1
2019/10/17-14:55:02.983043 7fc3a9fcb700 Options.max_bytes_for_level_multiplier_addtl[4]: 1
2019/10/17-14:55:02.983051 7fc3a9fcb700 Options.max_bytes_for_level_multiplier_addtl[5]: 1
2019/10/17-14:55:02.983053 7fc3a9fcb700 Options.max_bytes_for_level_multiplier_addtl[6]: 1
2019/10/17-14:55:02.983054 7fc3a9fcb700       Options.max_sequential_skip_in_iterations: 8
2019/10/17-14:55:02.983055 7fc3a9fcb700                    Options.max_compaction_bytes: 1677721600
2019/10/17-14:55:02.983057 7fc3a9fcb700                        Options.arena_block_size: 8388608
2019/10/17-14:55:02.983058 7fc3a9fcb700   Options.soft_pending_compaction_bytes_limit: 68719476736
2019/10/17-14:55:02.983059 7fc3a9fcb700   Options.hard_pending_compaction_bytes_limit: 274877906944
2019/10/17-14:55:02.983061 7fc3a9fcb700       Options.rate_limit_delay_max_milliseconds: 100
2019/10/17-14:55:02.983062 7fc3a9fcb700                Options.disable_auto_compactions: 0
2019/10/17-14:55:02.983064 7fc3a9fcb700                        Options.compaction_style: kCompactionStyleLevel
2019/10/17-14:55:02.983066 7fc3a9fcb700                          Options.compaction_pri: kByCompensatedSize
2019/10/17-14:55:02.983067 7fc3a9fcb700 Options.compaction_options_universal.size_ratio: 1
2019/10/17-14:55:02.983069 7fc3a9fcb700 Options.compaction_options_universal.min_merge_width: 2
2019/10/17-14:55:02.983070 7fc3a9fcb700 Options.compaction_options_universal.max_merge_width: 4294967295
2019/10/17-14:55:02.983071 7fc3a9fcb700 Options.compaction_options_universal.max_size_amplification_percent: 200
2019/10/17-14:55:02.983073 7fc3a9fcb700 Options.compaction_options_universal.compression_size_percent: -1
2019/10/17-14:55:02.983075 7fc3a9fcb700 Options.compaction_options_universal.stop_style: kCompactionStopStyleTotalSize
2019/10/17-14:55:02.983076 7fc3a9fcb700 Options.compaction_options_fifo.max_table_files_size: 1073741824
2019/10/17-14:55:02.983077 7fc3a9fcb700 Options.compaction_options_fifo.allow_compaction: 0
2019/10/17-14:55:02.983079 7fc3a9fcb700 Options.compaction_options_fifo.ttl: 0
2019/10/17-14:55:02.983080 7fc3a9fcb700                   Options.table_properties_collectors: 
2019/10/17-14:55:02.983081 7fc3a9fcb700                   Options.inplace_update_support: 0
2019/10/17-14:55:02.983083 7fc3a9fcb700                 Options.inplace_update_num_locks: 10000
2019/10/17-14:55:02.983084 7fc3a9fcb700               Options.memtable_prefix_bloom_size_ratio: 0.000000
2019/10/17-14:55:02.983086 7fc3a9fcb700   Options.memtable_huge_page_size: 0
2019/10/17-14:55:02.983088 7fc3a9fcb700                           Options.bloom_locality: 0
2019/10/17-14:55:02.983089 7fc3a9fcb700                    Options.max_successive_merges: 0
2019/10/17-14:55:02.983090 7fc3a9fcb700                Options.optimize_filters_for_hits: 0
2019/10/17-14:55:02.983092 7fc3a9fcb700                Options.paranoid_file_checks: 0
2019/10/17-14:55:02.983093 7fc3a9fcb700                Options.force_consistency_checks: 0
2019/10/17-14:55:02.983094 7fc3a9fcb700                Options.report_bg_io_stats: 0
2019/10/17-14:55:02.983096 7fc3a9fcb700                               Options.ttl: 0
2019/10/17-14:55:02.983136 7fc3a9fcb700 [db/column_family.cc:472] --------------- Options for column family [active_gateways]:
2019/10/17-14:55:02.983139 7fc3a9fcb700               Options.comparator: leveldb.BytewiseComparator
2019/10/17-14:55:02.983141 7fc3a9fcb700           Options.merge_operator: None
2019/10/17-14:55:02.983142 7fc3a9fcb700        Options.compaction_filter: None
2019/10/17-14:55:02.983143 7fc3a9fcb700        Options.compaction_filter_factory: None
2019/10/17-14:55:02.983145 7fc3a9fcb700         Options.memtable_factory: SkipListFactory
2019/10/17-14:55:02.983146 7fc3a9fcb700            Options.table_factory: BlockBasedTable
2019/10/17-14:55:02.983164 7fc3a9fcb700            table_factory options:   flush_block_policy_factory: FlushBlockBySizePolicyFactory (0x7fc3500d65e0)
  cache_index_and_filter_blocks: 0
  cache_index_and_filter_blocks_with_high_priority: 0
  pin_l0_filter_and_index_blocks_in_cache: 0
  pin_top_level_index_and_filter: 1
  index_type: 0
  hash_index_allow_collision: 1
  checksum: 1
  no_block_cache: 0
  block_cache: 0x7fc350034790
  block_cache_name: LRUCache
  block_cache_options:
    capacity : 8388608
    num_shard_bits : 4
    strict_capacity_limit : 0
    memory_allocator : None
    high_pri_pool_ratio: 0.000
  block_cache_compressed: (nil)
  persistent_cache: (nil)
  block_size: 4096
  block_size_deviation: 10
  block_restart_interval: 16
  index_block_restart_interval: 1
  metadata_block_size: 4096
  partition_filters: 0
  use_delta_encoding: 1
  filter_policy: nullptr
  whole_key_filtering: 1
  verify_compression: 0
  read_amp_bytes_per_bit: 0
  format_version: 2
  enable_index_compression: 1
  block_align: 0
2019/10/17-14:55:02.983174 7fc3a9fcb700        Options.write_buffer_size: 67108864
2019/10/17-14:55:02.983176 7fc3a9fcb700  Options.max_write_buffer_number: 2
2019/10/17-14:55:02.983177 7fc3a9fcb700          Options.compression: NoCompression
2019/10/17-14:55:02.983179 7fc3a9fcb700                  Options.bottommost_compression: Disabled
2019/10/17-14:55:02.983180 7fc3a9fcb700       Options.prefix_extractor: nullptr
2019/10/17-14:55:02.983181 7fc3a9fcb700   Options.memtable_insert_with_hint_prefix_extractor: nullptr
2019/10/17-14:55:02.983183 7fc3a9fcb700             Options.num_levels: 7
2019/10/17-14:55:02.983184 7fc3a9fcb700        Options.min_write_buffer_number_to_merge: 1
2019/10/17-14:55:02.983186 7fc3a9fcb700     Options.max_write_buffer_number_to_maintain: 0
2019/10/17-14:55:02.983187 7fc3a9fcb700            Options.bottommost_compression_opts.window_bits: -14
2019/10/17-14:55:02.983189 7fc3a9fcb700                  Options.bottommost_compression_opts.level: 32767
2019/10/17-14:55:02.983190 7fc3a9fcb700               Options.bottommost_compression_opts.strategy: 0
2019/10/17-14:55:02.983191 7fc3a9fcb700         Options.bottommost_compression_opts.max_dict_bytes: 0
2019/10/17-14:55:02.983193 7fc3a9fcb700         Options.bottommost_compression_opts.zstd_max_train_bytes: 0
2019/10/17-14:55:02.983194 7fc3a9fcb700                  Options.bottommost_compression_opts.enabled: false
2019/10/17-14:55:02.983195 7fc3a9fcb700            Options.compression_opts.window_bits: -14
2019/10/17-14:55:02.983197 7fc3a9fcb700                  Options.compression_opts.level: 32767
2019/10/17-14:55:02.983198 7fc3a9fcb700               Options.compression_opts.strategy: 0
2019/10/17-14:55:02.983199 7fc3a9fcb700         Options.compression_opts.max_dict_bytes: 0
2019/10/17-14:55:02.983201 7fc3a9fcb700         Options.compression_opts.zstd_max_train_bytes: 0
2019/10/17-14:55:02.983202 7fc3a9fcb700                  Options.compression_opts.enabled: false
2019/10/17-14:55:02.983203 7fc3a9fcb700      Options.level0_file_num_compaction_trigger: 4
2019/10/17-14:55:02.983204 7fc3a9fcb700          Options.level0_slowdown_writes_trigger: 20
2019/10/17-14:55:02.983205 7fc3a9fcb700              Options.level0_stop_writes_trigger: 36
2019/10/17-14:55:02.983206 7fc3a9fcb700                   Options.target_file_size_base: 67108864
2019/10/17-14:55:02.983207 7fc3a9fcb700             Options.target_file_size_multiplier: 1
2019/10/17-14:55:02.983209 7fc3a9fcb700                Options.max_bytes_for_level_base: 268435456
2019/10/17-14:55:02.983210 7fc3a9fcb700 Options.level_compaction_dynamic_level_bytes: 0
2019/10/17-14:55:02.983211 7fc3a9fcb700          Options.max_bytes_for_level_multiplier: 10.000000
2019/10/17-14:55:02.983213 7fc3a9fcb700 Options.max_bytes_for_level_multiplier_addtl[0]: 1
2019/10/17-14:55:02.983215 7fc3a9fcb700 Options.max_bytes_for_level_multiplier_addtl[1]: 1
2019/10/17-14:55:02.983216 7fc3a9fcb700 Options.max_bytes_for_level_multiplier_addtl[2]: 1
2019/10/17-14:55:02.983217 7fc3a9fcb700 Options.max_bytes_for_level_multiplier_addtl[3]: 1
2019/10/17-14:55:02.983219 7fc3a9fcb700 Options.max_bytes_for_level_multiplier_addtl[4]: 1
2019/10/17-14:55:02.983220 7fc3a9fcb700 Options.max_bytes_for_level_multiplier_addtl[5]: 1
2019/10/17-14:55:02.983221 7fc3a9fcb700 Options.max_bytes_for_level_multiplier_addtl[6]: 1
2019/10/17-14:55:02.983222 7fc3a9fcb700       Options.max_sequential_skip_in_iterations: 8
2019/10/17-14:55:02.983230 7fc3a9fcb700                    Options.max_compaction_bytes: 1677721600
2019/10/17-14:55:02.983232 7fc3a9fcb700                        Options.arena_block_size: 8388608
2019/10/17-14:55:02.983233 7fc3a9fcb700   Options.soft_pending_compaction_bytes_limit: 68719476736
2019/10/17-14:55:02.983234 7fc3a9fcb700   Options.hard_pending_compaction_bytes_limit: 274877906944
2019/10/17-14:55:02.983236 7fc3a9fcb700       Options.rate_limit_delay_max_milliseconds: 100
2019/10/17-14:55:02.983237 7fc3a9fcb700                Options.disable_auto_compactions: 0
2019/10/17-14:55:02.983239 7fc3a9fcb700                        Options.compaction_style: kCompactionStyleLevel
2019/10/17-14:55:02.983241 7fc3a9fcb700                          Options.compaction_pri: kByCompensatedSize
2019/10/17-14:55:02.983242 7fc3a9fcb700 Options.compaction_options_universal.size_ratio: 1
2019/10/17-14:55:02.983243 7fc3a9fcb700 Options.compaction_options_universal.min_merge_width: 2
2019/10/17-14:55:02.983245 7fc3a9fcb700 Options.compaction_options_universal.max_merge_width: 4294967295
2019/10/17-14:55:02.983246 7fc3a9fcb700 Options.compaction_options_universal.max_size_amplification_percent: 200
2019/10/17-14:55:02.983247 7fc3a9fcb700 Options.compaction_options_universal.compression_size_percent: -1
2019/10/17-14:55:02.983249 7fc3a9fcb700 Options.compaction_options_universal.stop_style: kCompactionStopStyleTotalSize
2019/10/17-14:55:02.983250 7fc3a9fcb700 Options.compaction_options_fifo.max_table_files_size: 1073741824
2019/10/17-14:55:02.983252 7fc3a9fcb700 Options.compaction_options_fifo.allow_compaction: 0
2019/10/17-14:55:02.983253 7fc3a9fcb700 Options.compaction_options_fifo.ttl: 0
2019/10/17-14:55:02.983254 7fc3a9fcb700                   Options.table_properties_collectors: 
2019/10/17-14:55:02.983256 7fc3a9fcb700                   Options.inplace_update_support: 0
2019/10/17-14:55:02.983257 7fc3a9fcb700                 Options.inplace_update_num_locks: 10000
2019/10/17-14:55:02.983259 7fc3a9fcb700               Options.memtable_prefix_bloom_size_ratio: 0.000000
2019/10/17-14:55:02.983261 7fc3a9fcb700   Options.memtable_huge_page_size: 0
2019/10/17-14:55:02.983262 7fc3a9fcb700                           Options.bloom_locality: 0
2019/10/17-14:55:02.983263 7fc3a9fcb700                    Options.max_successive_merges: 0
2019/10/17-14:55:02.983265 7fc3a9fcb700                Options.optimize_filters_for_hits: 0
2019/10/17-14:55:02.983266 7fc3a9fcb700                Options.paranoid_file_checks: 0
2019/10/17-14:55:02.983268 7fc3a9fcb700                Options.force_consistency_checks: 0
2019/10/17-14:55:02.983269 7fc3a9fcb700                Options.report_bg_io_stats: 0
2019/10/17-14:55:02.983270 7fc3a9fcb700                               Options.ttl: 0
2019/10/17-14:55:02.983295 7fc3a9fcb700 [db/column_family.cc:472] --------------- Options for column family [entries]:
2019/10/17-14:55:02.983298 7fc3a9fcb700               Options.comparator: leveldb.BytewiseComparator
2019/10/17-14:55:02.983299 7fc3a9fcb700           Options.merge_operator: None
2019/10/17-14:55:02.983301 7fc3a9fcb700        Options.compaction_filter: None
2019/10/17-14:55:02.983302 7fc3a9fcb700        Options.compaction_filter_factory: None
2019/10/17-14:55:02.983303 7fc3a9fcb700         Options.memtable_factory: SkipListFactory
2019/10/17-14:55:02.983305 7fc3a9fcb700            Options.table_factory: BlockBasedTable
2019/10/17-14:55:02.983321 7fc3a9fcb700            table_factory options:   flush_block_policy_factory: FlushBlockBySizePolicyFactory (0x7fc3500895e0)
  cache_index_and_filter_blocks: 0
  cache_index_and_filter_blocks_with_high_priority: 0
  pin_l0_filter_and_index_blocks_in_cache: 0
  pin_top_level_index_and_filter: 1
  index_type: 0
  hash_index_allow_collision: 1
  checksum: 1
  no_block_cache: 0
  block_cache: 0x7fc35002cb70
  block_cache_name: LRUCache
  block_cache_options:
    capacity : 8388608
    num_shard_bits : 4
    strict_capacity_limit : 0
    memory_allocator : None
    high_pri_pool_ratio: 0.000
  block_cache_compressed: (nil)
  persistent_cache: (nil)
  block_size: 4096
  block_size_deviation: 10
  block_restart_interval: 16
  index_block_restart_interval: 1
  metadata_block_size: 4096
  partition_filters: 0
  use_delta_encoding: 1
  filter_policy: nullptr
  whole_key_filtering: 1
  verify_compression: 0
  read_amp_bytes_per_bit: 0
  format_version: 2
  enable_index_compression: 1
  block_align: 0
2019/10/17-14:55:02.983331 7fc3a9fcb700        Options.write_buffer_size: 67108864
2019/10/17-14:55:02.983332 7fc3a9fcb700  Options.max_write_buffer_number: 2
2019/10/17-14:55:02.983334 7fc3a9fcb700          Options.compression: NoCompression
2019/10/17-14:55:02.983335 7fc3a9fcb700                  Options.bottommost_compression: Disabled
2019/10/17-14:55:02.983336 7fc3a9fcb700       Options.prefix_extractor: nullptr
2019/10/17-14:55:02.983338 7fc3a9fcb700   Options.memtable_insert_with_hint_prefix_extractor: nullptr
2019/10/17-14:55:02.983339 7fc3a9fcb700             Options.num_levels: 7
2019/10/17-14:55:02.983340 7fc3a9fcb700        Options.min_write_buffer_number_to_merge: 1
2019/10/17-14:55:02.983341 7fc3a9fcb700     Options.max_write_buffer_number_to_maintain: 0
2019/10/17-14:55:02.983342 7fc3a9fcb700            Options.bottommost_compression_opts.window_bits: -14
2019/10/17-14:55:02.983344 7fc3a9fcb700                  Options.bottommost_compression_opts.level: 32767
2019/10/17-14:55:02.983345 7fc3a9fcb700               Options.bottommost_compression_opts.strategy: 0
2019/10/17-14:55:02.983346 7fc3a9fcb700         Options.bottommost_compression_opts.max_dict_bytes: 0
2019/10/17-14:55:02.983348 7fc3a9fcb700         Options.bottommost_compression_opts.zstd_max_train_bytes: 0
2019/10/17-14:55:02.983349 7fc3a9fcb700                  Options.bottommost_compression_opts.enabled: false
2019/10/17-14:55:02.983350 7fc3a9fcb700            Options.compression_opts.window_bits: -14
2019/10/17-14:55:02.983352 7fc3a9fcb700                  Options.compression_opts.level: 32767
2019/10/17-14:55:02.983353 7fc3a9fcb700               Options.compression_opts.strategy: 0
2019/10/17-14:55:02.983354 7fc3a9fcb700         Options.compression_opts.max_dict_bytes: 0
2019/10/17-14:55:02.983356 7fc3a9fcb700         Options.compression_opts.zstd_max_train_bytes: 0
2019/10/17-14:55:02.983357 7fc3a9fcb700                  Options.compression_opts.enabled: false
2019/10/17-14:55:02.983358 7fc3a9fcb700      Options.level0_file_num_compaction_trigger: 4
2019/10/17-14:55:02.983360 7fc3a9fcb700          Options.level0_slowdown_writes_trigger: 20
2019/10/17-14:55:02.983361 7fc3a9fcb700              Options.level0_stop_writes_trigger: 36
2019/10/17-14:55:02.983362 7fc3a9fcb700                   Options.target_file_size_base: 67108864
2019/10/17-14:55:02.983364 7fc3a9fcb700             Options.target_file_size_multiplier: 1
2019/10/17-14:55:02.983365 7fc3a9fcb700                Options.max_bytes_for_level_base: 268435456
2019/10/17-14:55:02.983366 7fc3a9fcb700 Options.level_compaction_dynamic_level_bytes: 0
2019/10/17-14:55:02.983368 7fc3a9fcb700          Options.max_bytes_for_level_multiplier: 10.000000
2019/10/17-14:55:02.983370 7fc3a9fcb700 Options.max_bytes_for_level_multiplier_addtl[0]: 1
2019/10/17-14:55:02.983372 7fc3a9fcb700 Options.max_bytes_for_level_multiplier_addtl[1]: 1
2019/10/17-14:55:02.983373 7fc3a9fcb700 Options.max_bytes_for_level_multiplier_addtl[2]: 1
2019/10/17-14:55:02.983374 7fc3a9fcb700 Options.max_bytes_for_level_multiplier_addtl[3]: 1
2019/10/17-14:55:02.983376 7fc3a9fcb700 Options.max_bytes_for_level_multiplier_addtl[4]: 1
2019/10/17-14:55:02.983377 7fc3a9fcb700 Options.max_bytes_for_level_multiplier_addtl[5]: 1
2019/10/17-14:55:02.983379 7fc3a9fcb700 Options.max_bytes_for_level_multiplier_addtl[6]: 1
2019/10/17-14:55:02.983380 7fc3a9fcb700       Options.max_sequential_skip_in_iterations: 8
2019/10/17-14:55:02.983381 7fc3a9fcb700                    Options.max_compaction_bytes: 1677721600
2019/10/17-14:55:02.983382 7fc3a9fcb700                        Options.arena_block_size: 8388608
2019/10/17-14:55:02.983384 7fc3a9fcb700   Options.soft_pending_compaction_bytes_limit: 68719476736
2019/10/17-14:55:02.983392 7fc3a9fcb700   Options.hard_pending_compaction_bytes_limit: 274877906944
2019/10/17-14:55:02.983394 7fc3a9fcb700       Options.rate_limit_delay_max_milliseconds: 100
2019/10/17-14:55:02.983395 7fc3a9fcb700                Options.disable_auto_compactions: 0
2019/10/17-14:55:02.983397 7fc3a9fcb700                        Options.compaction_style: kCompactionStyleLevel
2019/10/17-14:55:02.983399 7fc3a9fcb700                          Options.compaction_pri: kByCompensatedSize
2019/10/17-14:55:02.983400 7fc3a9fcb700 Options.compaction_options_universal.size_ratio: 1
2019/10/17-14:55:02.983402 7fc3a9fcb700 Options.compaction_options_universal.min_merge_width: 2
2019/10/17-14:55:02.983403 7fc3a9fcb700 Options.compaction_options_universal.max_merge_width: 4294967295
2019/10/17-14:55:02.983404 7fc3a9fcb700 Options.compaction_options_universal.max_size_amplification_percent: 200
2019/10/17-14:55:02.983405 7fc3a9fcb700 Options.compaction_options_universal.compression_size_percent: -1
2019/10/17-14:55:02.983407 7fc3a9fcb700 Options.compaction_options_universal.stop_style: kCompactionStopStyleTotalSize
2019/10/17-14:55:02.983408 7fc3a9fcb700 Options.compaction_options_fifo.max_table_files_size: 1073741824
2019/10/17-14:55:02.983410 7fc3a9fcb700 Options.compaction_options_fifo.allow_compaction: 0
2019/10/17-14:55:02.983411 7fc3a9fcb700 Options.compaction_options_fifo.ttl: 0
2019/10/17-14:55:02.983412 7fc3a9fcb700                   Options.table_properties_collectors: 
2019/10/17-14:55:02.983414 7fc3a9fcb700                   Options.inplace_update_support: 0
2019/10/17-14:55:02.983415 7fc3a9fcb700                 Options.inplace_update_num_locks: 10000
2019/10/17-14:55:02.983417 7fc3a9fcb700               Options.memtable_prefix_bloom_size_ratio: 0.000000
2019/10/17-14:55:02.983419 7fc3a9fcb700   Options.memtable_huge_page_size: 0
2019/10/17-14:55:02.983420 7fc3a9fcb700                           Options.bloom_locality: 0
2019/10/17-14:55:02.983421 7fc3a9fcb700                    Options.max_successive_merges: 0
2019/10/17-14:55:02.983423 7fc3a9fcb700                Options.optimize_filters_for_hits: 0
2019/10/17-14:55:02.983424 7fc3a9fcb700                Options.paranoid_file_checks: 0
2019/10/17-14:55:02.983425 7fc3a9fcb700                Options.force_consistency_checks: 0
2019/10/17-14:55:02.983427 7fc3a9fcb700                Options.report_bg_io_stats: 0
2019/10/17-14:55:02.983428 7fc3a9fcb700                               Options.ttl: 0
2019/10/17-14:55:02.983454 7fc3a9fcb700 [db/column_family.cc:472] --------------- Options for column family [dc_entries]:
2019/10/17-14:55:02.983456 7fc3a9fcb700               Options.comparator: leveldb.BytewiseComparator
2019/10/17-14:55:02.983457 7fc3a9fcb700           Options.merge_operator: None
2019/10/17-14:55:02.983459 7fc3a9fcb700        Options.compaction_filter: None
2019/10/17-14:55:02.983460 7fc3a9fcb700        Options.compaction_filter_factory: None
2019/10/17-14:55:02.983461 7fc3a9fcb700         Options.memtable_factory: SkipListFactory
2019/10/17-14:55:02.983462 7fc3a9fcb700            Options.table_factory: BlockBasedTable
2019/10/17-14:55:02.983479 7fc3a9fcb700            table_factory options:   flush_block_policy_factory: FlushBlockBySizePolicyFactory (0x7fc3500dbd10)
  cache_index_and_filter_blocks: 0
  cache_index_and_filter_blocks_with_high_priority: 0
  pin_l0_filter_and_index_blocks_in_cache: 0
  pin_top_level_index_and_filter: 1
  index_type: 0
  hash_index_allow_collision: 1
  checksum: 1
  no_block_cache: 0
  block_cache: 0x7fc35006cf00
  block_cache_name: LRUCache
  block_cache_options:
    capacity : 8388608
    num_shard_bits : 4
    strict_capacity_limit : 0
    memory_allocator : None
    high_pri_pool_ratio: 0.000
  block_cache_compressed: (nil)
  persistent_cache: (nil)
  block_size: 4096
  block_size_deviation: 10
  block_restart_interval: 16
  index_block_restart_interval: 1
  metadata_block_size: 4096
  partition_filters: 0
  use_delta_encoding: 1
  filter_policy: nullptr
  whole_key_filtering: 1
  verify_compression: 0
  read_amp_bytes_per_bit: 0
  format_version: 2
  enable_index_compression: 1
  block_align: 0
2019/10/17-14:55:02.983489 7fc3a9fcb700        Options.write_buffer_size: 67108864
2019/10/17-14:55:02.983491 7fc3a9fcb700  Options.max_write_buffer_number: 2
2019/10/17-14:55:02.983493 7fc3a9fcb700          Options.compression: NoCompression
2019/10/17-14:55:02.983494 7fc3a9fcb700                  Options.bottommost_compression: Disabled
2019/10/17-14:55:02.983495 7fc3a9fcb700       Options.prefix_extractor: nullptr
2019/10/17-14:55:02.983496 7fc3a9fcb700   Options.memtable_insert_with_hint_prefix_extractor: nullptr
2019/10/17-14:55:02.983498 7fc3a9fcb700             Options.num_levels: 7
2019/10/17-14:55:02.983499 7fc3a9fcb700        Options.min_write_buffer_number_to_merge: 1
2019/10/17-14:55:02.983500 7fc3a9fcb700     Options.max_write_buffer_number_to_maintain: 0
2019/10/17-14:55:02.983501 7fc3a9fcb700            Options.bottommost_compression_opts.window_bits: -14
2019/10/17-14:55:02.983502 7fc3a9fcb700                  Options.bottommost_compression_opts.level: 32767
2019/10/17-14:55:02.983503 7fc3a9fcb700               Options.bottommost_compression_opts.strategy: 0
2019/10/17-14:55:02.983504 7fc3a9fcb700         Options.bottommost_compression_opts.max_dict_bytes: 0
2019/10/17-14:55:02.983506 7fc3a9fcb700         Options.bottommost_compression_opts.zstd_max_train_bytes: 0
2019/10/17-14:55:02.983507 7fc3a9fcb700                  Options.bottommost_compression_opts.enabled: false
2019/10/17-14:55:02.983508 7fc3a9fcb700            Options.compression_opts.window_bits: -14
2019/10/17-14:55:02.983510 7fc3a9fcb700                  Options.compression_opts.level: 32767
2019/10/17-14:55:02.983511 7fc3a9fcb700               Options.compression_opts.strategy: 0
2019/10/17-14:55:02.983512 7fc3a9fcb700         Options.compression_opts.max_dict_bytes: 0
2019/10/17-14:55:02.983514 7fc3a9fcb700         Options.compression_opts.zstd_max_train_bytes: 0
2019/10/17-14:55:02.983515 7fc3a9fcb700                  Options.compression_opts.enabled: false
2019/10/17-14:55:02.983516 7fc3a9fcb700      Options.level0_file_num_compaction_trigger: 4
2019/10/17-14:55:02.983518 7fc3a9fcb700          Options.level0_slowdown_writes_trigger: 20
2019/10/17-14:55:02.983519 7fc3a9fcb700              Options.level0_stop_writes_trigger: 36
2019/10/17-14:55:02.983520 7fc3a9fcb700                   Options.target_file_size_base: 67108864
2019/10/17-14:55:02.983522 7fc3a9fcb700             Options.target_file_size_multiplier: 1
2019/10/17-14:55:02.983523 7fc3a9fcb700                Options.max_bytes_for_level_base: 268435456
2019/10/17-14:55:02.983525 7fc3a9fcb700 Options.level_compaction_dynamic_level_bytes: 0
2019/10/17-14:55:02.983526 7fc3a9fcb700          Options.max_bytes_for_level_multiplier: 10.000000
2019/10/17-14:55:02.983528 7fc3a9fcb700 Options.max_bytes_for_level_multiplier_addtl[0]: 1
2019/10/17-14:55:02.983530 7fc3a9fcb700 Options.max_bytes_for_level_multiplier_addtl[1]: 1
2019/10/17-14:55:02.983531 7fc3a9fcb700 Options.max_bytes_for_level_multiplier_addtl[2]: 1
2019/10/17-14:55:02.983533 7fc3a9fcb700 Options.max_bytes_for_level_multiplier_addtl[3]: 1
2019/10/17-14:55:02.983534 7fc3a9fcb700 Options.max_bytes_for_level_multiplier_addtl[4]: 1
2019/10/17-14:55:02.983536 7fc3a9fcb700 Options.max_bytes_for_level_multiplier_addtl[5]: 1
2019/10/17-14:55:02.983537 7fc3a9fcb700 Options.max_bytes_for_level_multiplier_addtl[6]: 1
2019/10/17-14:55:02.983539 7fc3a9fcb700       Options.max_sequential_skip_in_iterations: 8
2019/10/17-14:55:02.983540 7fc3a9fcb700                    Options.max_compaction_bytes: 1677721600
2019/10/17-14:55:02.983541 7fc3a9fcb700                        Options.arena_block_size: 8388608
2019/10/17-14:55:02.983543 7fc3a9fcb700   Options.soft_pending_compaction_bytes_limit: 68719476736
2019/10/17-14:55:02.983544 7fc3a9fcb700   Options.hard_pending_compaction_bytes_limit: 274877906944
2019/10/17-14:55:02.983545 7fc3a9fcb700       Options.rate_limit_delay_max_milliseconds: 100
2019/10/17-14:55:02.983547 7fc3a9fcb700                Options.disable_auto_compactions: 0
2019/10/17-14:55:02.983555 7fc3a9fcb700                        Options.compaction_style: kCompactionStyleLevel
2019/10/17-14:55:02.983557 7fc3a9fcb700                          Options.compaction_pri: kByCompensatedSize
2019/10/17-14:55:02.983558 7fc3a9fcb700 Options.compaction_options_universal.size_ratio: 1
2019/10/17-14:55:02.983560 7fc3a9fcb700 Options.compaction_options_universal.min_merge_width: 2
2019/10/17-14:55:02.983561 7fc3a9fcb700 Options.compaction_options_universal.max_merge_width: 4294967295
2019/10/17-14:55:02.983562 7fc3a9fcb700 Options.compaction_options_universal.max_size_amplification_percent: 200
2019/10/17-14:55:02.983564 7fc3a9fcb700 Options.compaction_options_universal.compression_size_percent: -1
2019/10/17-14:55:02.983565 7fc3a9fcb700 Options.compaction_options_universal.stop_style: kCompactionStopStyleTotalSize
2019/10/17-14:55:02.983567 7fc3a9fcb700 Options.compaction_options_fifo.max_table_files_size: 1073741824
2019/10/17-14:55:02.983568 7fc3a9fcb700 Options.compaction_options_fifo.allow_compaction: 0
2019/10/17-14:55:02.983569 7fc3a9fcb700 Options.compaction_options_fifo.ttl: 0
2019/10/17-14:55:02.983570 7fc3a9fcb700                   Options.table_properties_collectors: 
2019/10/17-14:55:02.983572 7fc3a9fcb700                   Options.inplace_update_support: 0
2019/10/17-14:55:02.983573 7fc3a9fcb700                 Options.inplace_update_num_locks: 10000
2019/10/17-14:55:02.983575 7fc3a9fcb700               Options.memtable_prefix_bloom_size_ratio: 0.000000
2019/10/17-14:55:02.983577 7fc3a9fcb700   Options.memtable_huge_page_size: 0
2019/10/17-14:55:02.983578 7fc3a9fcb700                           Options.bloom_locality: 0
2019/10/17-14:55:02.983579 7fc3a9fcb700                    Options.max_successive_merges: 0
2019/10/17-14:55:02.983580 7fc3a9fcb700                Options.optimize_filters_for_hits: 0
2019/10/17-14:55:02.983582 7fc3a9fcb700                Options.paranoid_file_checks: 0
2019/10/17-14:55:02.983583 7fc3a9fcb700                Options.force_consistency_checks: 0
2019/10/17-14:55:02.983584 7fc3a9fcb700                Options.report_bg_io_stats: 0
2019/10/17-14:55:02.983585 7fc3a9fcb700                               Options.ttl: 0
2019/10/17-14:55:02.983608 7fc3a9fcb700 [db/column_family.cc:472] --------------- Options for column family [htlcs]:
2019/10/17-14:55:02.983610 7fc3a9fcb700               Options.comparator: leveldb.BytewiseComparator
2019/10/17-14:55:02.983611 7fc3a9fcb700           Options.merge_operator: None
2019/10/17-14:55:02.983613 7fc3a9fcb700        Options.compaction_filter: None
2019/10/17-14:55:02.983614 7fc3a9fcb700        Options.compaction_filter_factory: None
2019/10/17-14:55:02.983615 7fc3a9fcb700         Options.memtable_factory: SkipListFactory
2019/10/17-14:55:02.983617 7fc3a9fcb700            Options.table_factory: BlockBasedTable
2019/10/17-14:55:02.983632 7fc3a9fcb700            table_factory options:   flush_block_policy_factory: FlushBlockBySizePolicyFactory (0x7fc35002cbf0)
