2019/10/17-14:55:12.909933 7fc3a9fcb700 RocksDB version: 5.18.3
2019/10/17-14:55:12.910126 7fc3a9fcb700 Git sha rocksdb_build_git_sha:@0@
2019/10/17-14:55:12.910129 7fc3a9fcb700 Compile date Sep 19 2019
2019/10/17-14:55:12.910134 7fc3a9fcb700 DB SUMMARY
2019/10/17-14:55:12.911545 7fc3a9fcb700 CURRENT file:  CURRENT
2019/10/17-14:55:12.911549 7fc3a9fcb700 IDENTITY file:  IDENTITY
2019/10/17-14:55:12.911595 7fc3a9fcb700 MANIFEST file:  MANIFEST-116533 size: 4114 Bytes
2019/10/17-14:55:12.911597 7fc3a9fcb700 SST files in /home/rahul/dev/blockchain-core/eqc/ledger.db dir, Total Num: 29, files: 000624.sst 000627.sst 106940.sst 108447.sst 108450.sst 109471.sst 109483.sst 109485.sst 109486.sst 
2019/10/17-14:55:12.911599 7fc3a9fcb700 Write Ahead Log file in /home/rahul/dev/blockchain-core/eqc/ledger.db: 116534.log size: 0 ; 
2019/10/17-14:55:12.911654 7fc3a9fcb700                         Options.error_if_exists: 0
2019/10/17-14:55:12.911656 7fc3a9fcb700                       Options.create_if_missing: 1
2019/10/17-14:55:12.911657 7fc3a9fcb700                         Options.paranoid_checks: 1
2019/10/17-14:55:12.911658 7fc3a9fcb700                                     Options.env: 0x7fc32ae1fc60
2019/10/17-14:55:12.911659 7fc3a9fcb700                                Options.info_log: 0x7fc35001f740
2019/10/17-14:55:12.911661 7fc3a9fcb700                Options.max_file_opening_threads: 16
2019/10/17-14:55:12.911662 7fc3a9fcb700                              Options.statistics: (nil)
2019/10/17-14:55:12.911663 7fc3a9fcb700                               Options.use_fsync: 0
2019/10/17-14:55:12.911664 7fc3a9fcb700                       Options.max_log_file_size: 0
2019/10/17-14:55:12.911665 7fc3a9fcb700                  Options.max_manifest_file_size: 1073741824
2019/10/17-14:55:12.911666 7fc3a9fcb700                   Options.log_file_time_to_roll: 0
2019/10/17-14:55:12.911667 7fc3a9fcb700                       Options.keep_log_file_num: 1000
2019/10/17-14:55:12.911669 7fc3a9fcb700                    Options.recycle_log_file_num: 0
2019/10/17-14:55:12.911670 7fc3a9fcb700                         Options.allow_fallocate: 1
2019/10/17-14:55:12.911671 7fc3a9fcb700                        Options.allow_mmap_reads: 0
2019/10/17-14:55:12.911672 7fc3a9fcb700                       Options.allow_mmap_writes: 0
2019/10/17-14:55:12.911673 7fc3a9fcb700                        Options.use_direct_reads: 0
2019/10/17-14:55:12.911674 7fc3a9fcb700                        Options.use_direct_io_for_flush_and_compaction: 0
2019/10/17-14:55:12.911674 7fc3a9fcb700          Options.create_missing_column_families: 0
2019/10/17-14:55:12.911675 7fc3a9fcb700                              Options.db_log_dir: 
2019/10/17-14:55:12.911676 7fc3a9fcb700                                 Options.wal_dir: /home/rahul/dev/blockchain-core/eqc/ledger.db
2019/10/17-14:55:12.911678 7fc3a9fcb700                Options.table_cache_numshardbits: 6
2019/10/17-14:55:12.911679 7fc3a9fcb700                      Options.max_subcompactions: 1
2019/10/17-14:55:12.911680 7fc3a9fcb700                  Options.max_background_flushes: -1
2019/10/17-14:55:12.911681 7fc3a9fcb700                         Options.WAL_ttl_seconds: 0
2019/10/17-14:55:12.911682 7fc3a9fcb700                       Options.WAL_size_limit_MB: 0
2019/10/17-14:55:12.911683 7fc3a9fcb700             Options.manifest_preallocation_size: 4194304
2019/10/17-14:55:12.911684 7fc3a9fcb700                     Options.is_fd_close_on_exec: 1
2019/10/17-14:55:12.911685 7fc3a9fcb700                   Options.advise_random_on_open: 1
2019/10/17-14:55:12.911686 7fc3a9fcb700                    Options.db_write_buffer_size: 0
2019/10/17-14:55:12.911687 7fc3a9fcb700                    Options.write_buffer_manager: 0x7fc350048040
2019/10/17-14:55:12.911688 7fc3a9fcb700         Options.access_hint_on_compaction_start: 1
2019/10/17-14:55:12.911689 7fc3a9fcb700  Options.new_table_reader_for_compaction_inputs: 0
2019/10/17-14:55:12.911690 7fc3a9fcb700           Options.random_access_max_buffer_size: 1048576
2019/10/17-14:55:12.911691 7fc3a9fcb700                      Options.use_adaptive_mutex: 0
2019/10/17-14:55:12.911692 7fc3a9fcb700                            Options.rate_limiter: (nil)
2019/10/17-14:55:12.911721 7fc3a9fcb700     Options.sst_file_manager.rate_bytes_per_sec: 0
2019/10/17-14:55:12.911722 7fc3a9fcb700                       Options.wal_recovery_mode: 2
2019/10/17-14:55:12.911723 7fc3a9fcb700                  Options.enable_thread_tracking: 0
2019/10/17-14:55:12.911724 7fc3a9fcb700                  Options.enable_pipelined_write: 0
2019/10/17-14:55:12.911725 7fc3a9fcb700         Options.allow_concurrent_memtable_write: 1
2019/10/17-14:55:12.911726 7fc3a9fcb700      Options.enable_write_thread_adaptive_yield: 1
2019/10/17-14:55:12.911727 7fc3a9fcb700             Options.write_thread_max_yield_usec: 100
2019/10/17-14:55:12.911728 7fc3a9fcb700            Options.write_thread_slow_yield_usec: 3
2019/10/17-14:55:12.911729 7fc3a9fcb700                               Options.row_cache: None
2019/10/17-14:55:12.911730 7fc3a9fcb700                              Options.wal_filter: None
2019/10/17-14:55:12.911732 7fc3a9fcb700             Options.avoid_flush_during_recovery: 0
2019/10/17-14:55:12.911733 7fc3a9fcb700             Options.allow_ingest_behind: 0
2019/10/17-14:55:12.911734 7fc3a9fcb700             Options.preserve_deletes: 0
2019/10/17-14:55:12.911735 7fc3a9fcb700             Options.two_write_queues: 0
2019/10/17-14:55:12.911736 7fc3a9fcb700             Options.manual_wal_flush: 0
2019/10/17-14:55:12.911737 7fc3a9fcb700             Options.max_background_jobs: 2
2019/10/17-14:55:12.911738 7fc3a9fcb700             Options.max_background_compactions: -1
2019/10/17-14:55:12.911739 7fc3a9fcb700             Options.avoid_flush_during_shutdown: 0
2019/10/17-14:55:12.911740 7fc3a9fcb700           Options.writable_file_max_buffer_size: 1048576
2019/10/17-14:55:12.911741 7fc3a9fcb700             Options.delayed_write_rate : 16777216
2019/10/17-14:55:12.911742 7fc3a9fcb700             Options.max_total_wal_size: 0
2019/10/17-14:55:12.911743 7fc3a9fcb700             Options.delete_obsolete_files_period_micros: 21600000000
2019/10/17-14:55:12.911744 7fc3a9fcb700                   Options.stats_dump_period_sec: 600
2019/10/17-14:55:12.911745 7fc3a9fcb700                          Options.max_open_files: -1
2019/10/17-14:55:12.911746 7fc3a9fcb700                          Options.bytes_per_sync: 0
2019/10/17-14:55:12.911747 7fc3a9fcb700                      Options.wal_bytes_per_sync: 0
2019/10/17-14:55:12.911748 7fc3a9fcb700       Options.compaction_readahead_size: 0
2019/10/17-14:55:12.911749 7fc3a9fcb700 Compression algorithms supported:
2019/10/17-14:55:12.911751 7fc3a9fcb700 	kZSTDNotFinalCompression supported: 0
2019/10/17-14:55:12.911752 7fc3a9fcb700 	kZSTD supported: 0
2019/10/17-14:55:12.911753 7fc3a9fcb700 	kXpressCompression supported: 0
2019/10/17-14:55:12.911755 7fc3a9fcb700 	kLZ4HCCompression supported: 0
2019/10/17-14:55:12.911756 7fc3a9fcb700 	kLZ4Compression supported: 0
2019/10/17-14:55:12.911757 7fc3a9fcb700 	kBZip2Compression supported: 0
2019/10/17-14:55:12.911758 7fc3a9fcb700 	kZlibCompression supported: 0
2019/10/17-14:55:12.911759 7fc3a9fcb700 	kSnappyCompression supported: 0
2019/10/17-14:55:12.911762 7fc3a9fcb700 Fast CRC32 supported: Supported on x86
2019/10/17-14:55:12.911959 7fc3a9fcb700 [db/version_set.cc:3507] Recovering from manifest file: MANIFEST-116533
2019/10/17-14:55:12.912012 7fc3a9fcb700 [db/column_family.cc:472] --------------- Options for column family [default]:
2019/10/17-14:55:12.912015 7fc3a9fcb700               Options.comparator: leveldb.BytewiseComparator
2019/10/17-14:55:12.912016 7fc3a9fcb700           Options.merge_operator: None
2019/10/17-14:55:12.912017 7fc3a9fcb700        Options.compaction_filter: None
2019/10/17-14:55:12.912018 7fc3a9fcb700        Options.compaction_filter_factory: None
2019/10/17-14:55:12.912019 7fc3a9fcb700         Options.memtable_factory: SkipListFactory
2019/10/17-14:55:12.912021 7fc3a9fcb700            Options.table_factory: BlockBasedTable
2019/10/17-14:55:12.912044 7fc3a9fcb700            table_factory options:   flush_block_policy_factory: FlushBlockBySizePolicyFactory (0x7fc350069dd0)
  cache_index_and_filter_blocks: 0
  cache_index_and_filter_blocks_with_high_priority: 0
  pin_l0_filter_and_index_blocks_in_cache: 0
  pin_top_level_index_and_filter: 1
  index_type: 0
  hash_index_allow_collision: 1
  checksum: 1
  no_block_cache: 0
  block_cache: 0x7fc3500e3e10
  block_cache_name: LRUCache
  block_cache_options:
    capacity : 8388608
    num_shard_bits : 4
    strict_capacity_limit : 0
    memory_allocator : None
    high_pri_pool_ratio: 0.000
  block_cache_compressed: (nil)
  persistent_cache: (nil)
  block_size: 4096
  block_size_deviation: 10
  block_restart_interval: 16
  index_block_restart_interval: 1
  metadata_block_size: 4096
  partition_filters: 0
  use_delta_encoding: 1
  filter_policy: nullptr
  whole_key_filtering: 1
  verify_compression: 0
  read_amp_bytes_per_bit: 0
  format_version: 2
  enable_index_compression: 1
  block_align: 0
2019/10/17-14:55:12.912060 7fc3a9fcb700        Options.write_buffer_size: 67108864
2019/10/17-14:55:12.912062 7fc3a9fcb700  Options.max_write_buffer_number: 2
2019/10/17-14:55:12.912063 7fc3a9fcb700          Options.compression: NoCompression
2019/10/17-14:55:12.912064 7fc3a9fcb700                  Options.bottommost_compression: Disabled
2019/10/17-14:55:12.912065 7fc3a9fcb700       Options.prefix_extractor: nullptr
2019/10/17-14:55:12.912066 7fc3a9fcb700   Options.memtable_insert_with_hint_prefix_extractor: nullptr
2019/10/17-14:55:12.912067 7fc3a9fcb700             Options.num_levels: 7
2019/10/17-14:55:12.912068 7fc3a9fcb700        Options.min_write_buffer_number_to_merge: 1
2019/10/17-14:55:12.912069 7fc3a9fcb700     Options.max_write_buffer_number_to_maintain: 0
2019/10/17-14:55:12.912071 7fc3a9fcb700            Options.bottommost_compression_opts.window_bits: -14
2019/10/17-14:55:12.912072 7fc3a9fcb700                  Options.bottommost_compression_opts.level: 32767
2019/10/17-14:55:12.912073 7fc3a9fcb700               Options.bottommost_compression_opts.strategy: 0
2019/10/17-14:55:12.912074 7fc3a9fcb700         Options.bottommost_compression_opts.max_dict_bytes: 0
2019/10/17-14:55:12.912075 7fc3a9fcb700         Options.bottommost_compression_opts.zstd_max_train_bytes: 0
2019/10/17-14:55:12.912076 7fc3a9fcb700                  Options.bottommost_compression_opts.enabled: false
2019/10/17-14:55:12.912077 7fc3a9fcb700            Options.compression_opts.window_bits: -14
2019/10/17-14:55:12.912078 7fc3a9fcb700                  Options.compression_opts.level: 32767
2019/10/17-14:55:12.912079 7fc3a9fcb700               Options.compression_opts.strategy: 0
2019/10/17-14:55:12.912080 7fc3a9fcb700         Options.compression_opts.max_dict_bytes: 0
2019/10/17-14:55:12.912081 7fc3a9fcb700         Options.compression_opts.zstd_max_train_bytes: 0
2019/10/17-14:55:12.912082 7fc3a9fcb700                  Options.compression_opts.enabled: false
2019/10/17-14:55:12.912083 7fc3a9fcb700      Options.level0_file_num_compaction_trigger: 4
2019/10/17-14:55:12.912084 7fc3a9fcb700          Options.level0_slowdown_writes_trigger: 20
2019/10/17-14:55:12.912085 7fc3a9fcb700              Options.level0_stop_writes_trigger: 36
2019/10/17-14:55:12.912086 7fc3a9fcb700                   Options.target_file_size_base: 67108864
2019/10/17-14:55:12.912087 7fc3a9fcb700             Options.target_file_size_multiplier: 1
2019/10/17-14:55:12.912088 7fc3a9fcb700                Options.max_bytes_for_level_base: 268435456
2019/10/17-14:55:12.912089 7fc3a9fcb700 Options.level_compaction_dynamic_level_bytes: 0
2019/10/17-14:55:12.912090 7fc3a9fcb700          Options.max_bytes_for_level_multiplier: 10.000000
2019/10/17-14:55:12.912092 7fc3a9fcb700 Options.max_bytes_for_level_multiplier_addtl[0]: 1
2019/10/17-14:55:12.912094 7fc3a9fcb700 Options.max_bytes_for_level_multiplier_addtl[1]: 1
2019/10/17-14:55:12.912095 7fc3a9fcb700 Options.max_bytes_for_level_multiplier_addtl[2]: 1
2019/10/17-14:55:12.912096 7fc3a9fcb700 Options.max_bytes_for_level_multiplier_addtl[3]: 1
2019/10/17-14:55:12.912097 7fc3a9fcb700 Options.max_bytes_for_level_multiplier_addtl[4]: 1
2019/10/17-14:55:12.912104 7fc3a9fcb700 Options.max_bytes_for_level_multiplier_addtl[5]: 1
2019/10/17-14:55:12.912105 7fc3a9fcb700 Options.max_bytes_for_level_multiplier_addtl[6]: 1
2019/10/17-14:55:12.912106 7fc3a9fcb700       Options.max_sequential_skip_in_iterations: 8
2019/10/17-14:55:12.912107 7fc3a9fcb700                    Options.max_compaction_bytes: 1677721600
2019/10/17-14:55:12.912108 7fc3a9fcb700                        Options.arena_block_size: 8388608
2019/10/17-14:55:12.912109 7fc3a9fcb700   Options.soft_pending_compaction_bytes_limit: 68719476736
2019/10/17-14:55:12.912110 7fc3a9fcb700   Options.hard_pending_compaction_bytes_limit: 274877906944
2019/10/17-14:55:12.912111 7fc3a9fcb700       Options.rate_limit_delay_max_milliseconds: 100
2019/10/17-14:55:12.912112 7fc3a9fcb700                Options.disable_auto_compactions: 0
2019/10/17-14:55:12.912114 7fc3a9fcb700                        Options.compaction_style: kCompactionStyleLevel
2019/10/17-14:55:12.912116 7fc3a9fcb700                          Options.compaction_pri: kByCompensatedSize
2019/10/17-14:55:12.912117 7fc3a9fcb700 Options.compaction_options_universal.size_ratio: 1
2019/10/17-14:55:12.912118 7fc3a9fcb700 Options.compaction_options_universal.min_merge_width: 2
2019/10/17-14:55:12.912119 7fc3a9fcb700 Options.compaction_options_universal.max_merge_width: 4294967295
2019/10/17-14:55:12.912120 7fc3a9fcb700 Options.compaction_options_universal.max_size_amplification_percent: 200
2019/10/17-14:55:12.912121 7fc3a9fcb700 Options.compaction_options_universal.compression_size_percent: -1
2019/10/17-14:55:12.912123 7fc3a9fcb700 Options.compaction_options_universal.stop_style: kCompactionStopStyleTotalSize
2019/10/17-14:55:12.912124 7fc3a9fcb700 Options.compaction_options_fifo.max_table_files_size: 1073741824
2019/10/17-14:55:12.912125 7fc3a9fcb700 Options.compaction_options_fifo.allow_compaction: 0
2019/10/17-14:55:12.912126 7fc3a9fcb700 Options.compaction_options_fifo.ttl: 0
2019/10/17-14:55:12.912127 7fc3a9fcb700                   Options.table_properties_collectors: 
2019/10/17-14:55:12.912128 7fc3a9fcb700                   Options.inplace_update_support: 0
2019/10/17-14:55:12.912129 7fc3a9fcb700                 Options.inplace_update_num_locks: 10000
2019/10/17-14:55:12.912131 7fc3a9fcb700               Options.memtable_prefix_bloom_size_ratio: 0.000000
2019/10/17-14:55:12.912132 7fc3a9fcb700   Options.memtable_huge_page_size: 0
2019/10/17-14:55:12.912133 7fc3a9fcb700                           Options.bloom_locality: 0
2019/10/17-14:55:12.912134 7fc3a9fcb700                    Options.max_successive_merges: 0
2019/10/17-14:55:12.912135 7fc3a9fcb700                Options.optimize_filters_for_hits: 0
2019/10/17-14:55:12.912136 7fc3a9fcb700                Options.paranoid_file_checks: 0
2019/10/17-14:55:12.912137 7fc3a9fcb700                Options.force_consistency_checks: 0
2019/10/17-14:55:12.912138 7fc3a9fcb700                Options.report_bg_io_stats: 0
2019/10/17-14:55:12.912139 7fc3a9fcb700                               Options.ttl: 0
2019/10/17-14:55:12.912185 7fc3a9fcb700 [db/column_family.cc:472] --------------- Options for column family [active_gateways]:
2019/10/17-14:55:12.912187 7fc3a9fcb700               Options.comparator: leveldb.BytewiseComparator
2019/10/17-14:55:12.912188 7fc3a9fcb700           Options.merge_operator: None
2019/10/17-14:55:12.912189 7fc3a9fcb700        Options.compaction_filter: None
2019/10/17-14:55:12.912190 7fc3a9fcb700        Options.compaction_filter_factory: None
2019/10/17-14:55:12.912191 7fc3a9fcb700         Options.memtable_factory: SkipListFactory
2019/10/17-14:55:12.912192 7fc3a9fcb700            Options.table_factory: BlockBasedTable
2019/10/17-14:55:12.912208 7fc3a9fcb700            table_factory options:   flush_block_policy_factory: FlushBlockBySizePolicyFactory (0x7fc3500754d0)
  cache_index_and_filter_blocks: 0
  cache_index_and_filter_blocks_with_high_priority: 0
  pin_l0_filter_and_index_blocks_in_cache: 0
  pin_top_level_index_and_filter: 1
  index_type: 0
  hash_index_allow_collision: 1
  checksum: 1
  no_block_cache: 0
  block_cache: 0x7fc3500760d0
  block_cache_name: LRUCache
  block_cache_options:
    capacity : 8388608
    num_shard_bits : 4
    strict_capacity_limit : 0
    memory_allocator : None
    high_pri_pool_ratio: 0.000
  block_cache_compressed: (nil)
  persistent_cache: (nil)
  block_size: 4096
  block_size_deviation: 10
  block_restart_interval: 16
  index_block_restart_interval: 1
  metadata_block_size: 4096
  partition_filters: 0
  use_delta_encoding: 1
  filter_policy: nullptr
  whole_key_filtering: 1
  verify_compression: 0
  read_amp_bytes_per_bit: 0
  format_version: 2
  enable_index_compression: 1
  block_align: 0
2019/10/17-14:55:12.912219 7fc3a9fcb700        Options.write_buffer_size: 67108864
2019/10/17-14:55:12.912220 7fc3a9fcb700  Options.max_write_buffer_number: 2
2019/10/17-14:55:12.912221 7fc3a9fcb700          Options.compression: NoCompression
2019/10/17-14:55:12.912222 7fc3a9fcb700                  Options.bottommost_compression: Disabled
2019/10/17-14:55:12.912223 7fc3a9fcb700       Options.prefix_extractor: nullptr
2019/10/17-14:55:12.912224 7fc3a9fcb700   Options.memtable_insert_with_hint_prefix_extractor: nullptr
2019/10/17-14:55:12.912225 7fc3a9fcb700             Options.num_levels: 7
2019/10/17-14:55:12.912227 7fc3a9fcb700        Options.min_write_buffer_number_to_merge: 1
2019/10/17-14:55:12.912228 7fc3a9fcb700     Options.max_write_buffer_number_to_maintain: 0
2019/10/17-14:55:12.912229 7fc3a9fcb700            Options.bottommost_compression_opts.window_bits: -14
2019/10/17-14:55:12.912230 7fc3a9fcb700                  Options.bottommost_compression_opts.level: 32767
2019/10/17-14:55:12.912231 7fc3a9fcb700               Options.bottommost_compression_opts.strategy: 0
2019/10/17-14:55:12.912232 7fc3a9fcb700         Options.bottommost_compression_opts.max_dict_bytes: 0
2019/10/17-14:55:12.912233 7fc3a9fcb700         Options.bottommost_compression_opts.zstd_max_train_bytes: 0
2019/10/17-14:55:12.912234 7fc3a9fcb700                  Options.bottommost_compression_opts.enabled: false
2019/10/17-14:55:12.912235 7fc3a9fcb700            Options.compression_opts.window_bits: -14
2019/10/17-14:55:12.912236 7fc3a9fcb700                  Options.compression_opts.level: 32767
2019/10/17-14:55:12.912237 7fc3a9fcb700               Options.compression_opts.strategy: 0
2019/10/17-14:55:12.912238 7fc3a9fcb700         Options.compression_opts.max_dict_bytes: 0
2019/10/17-14:55:12.912239 7fc3a9fcb700         Options.compression_opts.zstd_max_train_bytes: 0
2019/10/17-14:55:12.912240 7fc3a9fcb700                  Options.compression_opts.enabled: false
2019/10/17-14:55:12.912241 7fc3a9fcb700      Options.level0_file_num_compaction_trigger: 4
2019/10/17-14:55:12.912242 7fc3a9fcb700          Options.level0_slowdown_writes_trigger: 20
2019/10/17-14:55:12.912243 7fc3a9fcb700              Options.level0_stop_writes_trigger: 36
2019/10/17-14:55:12.912244 7fc3a9fcb700                   Options.target_file_size_base: 67108864
2019/10/17-14:55:12.912245 7fc3a9fcb700             Options.target_file_size_multiplier: 1
2019/10/17-14:55:12.912246 7fc3a9fcb700                Options.max_bytes_for_level_base: 268435456
2019/10/17-14:55:12.912247 7fc3a9fcb700 Options.level_compaction_dynamic_level_bytes: 0
2019/10/17-14:55:12.912248 7fc3a9fcb700          Options.max_bytes_for_level_multiplier: 10.000000
2019/10/17-14:55:12.912250 7fc3a9fcb700 Options.max_bytes_for_level_multiplier_addtl[0]: 1
2019/10/17-14:55:12.912251 7fc3a9fcb700 Options.max_bytes_for_level_multiplier_addtl[1]: 1
2019/10/17-14:55:12.912252 7fc3a9fcb700 Options.max_bytes_for_level_multiplier_addtl[2]: 1
2019/10/17-14:55:12.912253 7fc3a9fcb700 Options.max_bytes_for_level_multiplier_addtl[3]: 1
2019/10/17-14:55:12.912254 7fc3a9fcb700 Options.max_bytes_for_level_multiplier_addtl[4]: 1
2019/10/17-14:55:12.912255 7fc3a9fcb700 Options.max_bytes_for_level_multiplier_addtl[5]: 1
2019/10/17-14:55:12.912256 7fc3a9fcb700 Options.max_bytes_for_level_multiplier_addtl[6]: 1
2019/10/17-14:55:12.912257 7fc3a9fcb700       Options.max_sequential_skip_in_iterations: 8
2019/10/17-14:55:12.912263 7fc3a9fcb700                    Options.max_compaction_bytes: 1677721600
2019/10/17-14:55:12.912265 7fc3a9fcb700                        Options.arena_block_size: 8388608
2019/10/17-14:55:12.912266 7fc3a9fcb700   Options.soft_pending_compaction_bytes_limit: 68719476736
2019/10/17-14:55:12.912267 7fc3a9fcb700   Options.hard_pending_compaction_bytes_limit: 274877906944
2019/10/17-14:55:12.912268 7fc3a9fcb700       Options.rate_limit_delay_max_milliseconds: 100
2019/10/17-14:55:12.912269 7fc3a9fcb700                Options.disable_auto_compactions: 0
2019/10/17-14:55:12.912270 7fc3a9fcb700                        Options.compaction_style: kCompactionStyleLevel
2019/10/17-14:55:12.912271 7fc3a9fcb700                          Options.compaction_pri: kByCompensatedSize
2019/10/17-14:55:12.912273 7fc3a9fcb700 Options.compaction_options_universal.size_ratio: 1
2019/10/17-14:55:12.912274 7fc3a9fcb700 Options.compaction_options_universal.min_merge_width: 2
2019/10/17-14:55:12.912275 7fc3a9fcb700 Options.compaction_options_universal.max_merge_width: 4294967295
2019/10/17-14:55:12.912276 7fc3a9fcb700 Options.compaction_options_universal.max_size_amplification_percent: 200
2019/10/17-14:55:12.912277 7fc3a9fcb700 Options.compaction_options_universal.compression_size_percent: -1
2019/10/17-14:55:12.912278 7fc3a9fcb700 Options.compaction_options_universal.stop_style: kCompactionStopStyleTotalSize
2019/10/17-14:55:12.912279 7fc3a9fcb700 Options.compaction_options_fifo.max_table_files_size: 1073741824
2019/10/17-14:55:12.912280 7fc3a9fcb700 Options.compaction_options_fifo.allow_compaction: 0
2019/10/17-14:55:12.912281 7fc3a9fcb700 Options.compaction_options_fifo.ttl: 0
2019/10/17-14:55:12.912282 7fc3a9fcb700                   Options.table_properties_collectors: 
2019/10/17-14:55:12.912283 7fc3a9fcb700                   Options.inplace_update_support: 0
2019/10/17-14:55:12.912284 7fc3a9fcb700                 Options.inplace_update_num_locks: 10000
2019/10/17-14:55:12.912285 7fc3a9fcb700               Options.memtable_prefix_bloom_size_ratio: 0.000000
2019/10/17-14:55:12.912287 7fc3a9fcb700   Options.memtable_huge_page_size: 0
2019/10/17-14:55:12.912288 7fc3a9fcb700                           Options.bloom_locality: 0
2019/10/17-14:55:12.912289 7fc3a9fcb700                    Options.max_successive_merges: 0
2019/10/17-14:55:12.912290 7fc3a9fcb700                Options.optimize_filters_for_hits: 0
2019/10/17-14:55:12.912291 7fc3a9fcb700                Options.paranoid_file_checks: 0
2019/10/17-14:55:12.912292 7fc3a9fcb700                Options.force_consistency_checks: 0
2019/10/17-14:55:12.912293 7fc3a9fcb700                Options.report_bg_io_stats: 0
2019/10/17-14:55:12.912294 7fc3a9fcb700                               Options.ttl: 0
2019/10/17-14:55:12.912320 7fc3a9fcb700 [db/column_family.cc:472] --------------- Options for column family [entries]:
2019/10/17-14:55:12.912321 7fc3a9fcb700               Options.comparator: leveldb.BytewiseComparator
2019/10/17-14:55:12.912323 7fc3a9fcb700           Options.merge_operator: None
2019/10/17-14:55:12.912324 7fc3a9fcb700        Options.compaction_filter: None
2019/10/17-14:55:12.912325 7fc3a9fcb700        Options.compaction_filter_factory: None
2019/10/17-14:55:12.912326 7fc3a9fcb700         Options.memtable_factory: SkipListFactory
2019/10/17-14:55:12.912327 7fc3a9fcb700            Options.table_factory: BlockBasedTable
2019/10/17-14:55:12.912340 7fc3a9fcb700            table_factory options:   flush_block_policy_factory: FlushBlockBySizePolicyFactory (0x7fc3500a06b0)
  cache_index_and_filter_blocks: 0
  cache_index_and_filter_blocks_with_high_priority: 0
  pin_l0_filter_and_index_blocks_in_cache: 0
  pin_top_level_index_and_filter: 1
  index_type: 0
  hash_index_allow_collision: 1
  checksum: 1
  no_block_cache: 0
  block_cache: 0x7fc350036960
  block_cache_name: LRUCache
  block_cache_options:
    capacity : 8388608
    num_shard_bits : 4
    strict_capacity_limit : 0
    memory_allocator : None
    high_pri_pool_ratio: 0.000
  block_cache_compressed: (nil)
  persistent_cache: (nil)
  block_size: 4096
  block_size_deviation: 10
  block_restart_interval: 16
  index_block_restart_interval: 1
  metadata_block_size: 4096
  partition_filters: 0
  use_delta_encoding: 1
  filter_policy: nullptr
  whole_key_filtering: 1
  verify_compression: 0
  read_amp_bytes_per_bit: 0
  format_version: 2
  enable_index_compression: 1
  block_align: 0
2019/10/17-14:55:12.912350 7fc3a9fcb700        Options.write_buffer_size: 67108864
2019/10/17-14:55:12.912351 7fc3a9fcb700  Options.max_write_buffer_number: 2
2019/10/17-14:55:12.912352 7fc3a9fcb700          Options.compression: NoCompression
2019/10/17-14:55:12.912353 7fc3a9fcb700                  Options.bottommost_compression: Disabled
2019/10/17-14:55:12.912355 7fc3a9fcb700       Options.prefix_extractor: nullptr
2019/10/17-14:55:12.912356 7fc3a9fcb700   Options.memtable_insert_with_hint_prefix_extractor: nullptr
2019/10/17-14:55:12.912357 7fc3a9fcb700             Options.num_levels: 7
2019/10/17-14:55:12.912358 7fc3a9fcb700        Options.min_write_buffer_number_to_merge: 1
2019/10/17-14:55:12.912359 7fc3a9fcb700     Options.max_write_buffer_number_to_maintain: 0
2019/10/17-14:55:12.912360 7fc3a9fcb700            Options.bottommost_compression_opts.window_bits: -14
2019/10/17-14:55:12.912361 7fc3a9fcb700                  Options.bottommost_compression_opts.level: 32767
2019/10/17-14:55:12.912363 7fc3a9fcb700               Options.bottommost_compression_opts.strategy: 0
2019/10/17-14:55:12.912363 7fc3a9fcb700         Options.bottommost_compression_opts.max_dict_bytes: 0
2019/10/17-14:55:12.912364 7fc3a9fcb700         Options.bottommost_compression_opts.zstd_max_train_bytes: 0
2019/10/17-14:55:12.912365 7fc3a9fcb700                  Options.bottommost_compression_opts.enabled: false
2019/10/17-14:55:12.912367 7fc3a9fcb700            Options.compression_opts.window_bits: -14
2019/10/17-14:55:12.912368 7fc3a9fcb700                  Options.compression_opts.level: 32767
2019/10/17-14:55:12.912369 7fc3a9fcb700               Options.compression_opts.strategy: 0
2019/10/17-14:55:12.912370 7fc3a9fcb700         Options.compression_opts.max_dict_bytes: 0
2019/10/17-14:55:12.912371 7fc3a9fcb700         Options.compression_opts.zstd_max_train_bytes: 0
2019/10/17-14:55:12.912372 7fc3a9fcb700                  Options.compression_opts.enabled: false
2019/10/17-14:55:12.912373 7fc3a9fcb700      Options.level0_file_num_compaction_trigger: 4
2019/10/17-14:55:12.912374 7fc3a9fcb700          Options.level0_slowdown_writes_trigger: 20
2019/10/17-14:55:12.912375 7fc3a9fcb700              Options.level0_stop_writes_trigger: 36
2019/10/17-14:55:12.912376 7fc3a9fcb700                   Options.target_file_size_base: 67108864
2019/10/17-14:55:12.912377 7fc3a9fcb700             Options.target_file_size_multiplier: 1
2019/10/17-14:55:12.912378 7fc3a9fcb700                Options.max_bytes_for_level_base: 268435456
2019/10/17-14:55:12.912379 7fc3a9fcb700 Options.level_compaction_dynamic_level_bytes: 0
2019/10/17-14:55:12.912379 7fc3a9fcb700          Options.max_bytes_for_level_multiplier: 10.000000
2019/10/17-14:55:12.912381 7fc3a9fcb700 Options.max_bytes_for_level_multiplier_addtl[0]: 1
2019/10/17-14:55:12.912382 7fc3a9fcb700 Options.max_bytes_for_level_multiplier_addtl[1]: 1
2019/10/17-14:55:12.912383 7fc3a9fcb700 Options.max_bytes_for_level_multiplier_addtl[2]: 1
2019/10/17-14:55:12.912384 7fc3a9fcb700 Options.max_bytes_for_level_multiplier_addtl[3]: 1
2019/10/17-14:55:12.912385 7fc3a9fcb700 Options.max_bytes_for_level_multiplier_addtl[4]: 1
2019/10/17-14:55:12.912386 7fc3a9fcb700 Options.max_bytes_for_level_multiplier_addtl[5]: 1
2019/10/17-14:55:12.912387 7fc3a9fcb700 Options.max_bytes_for_level_multiplier_addtl[6]: 1
2019/10/17-14:55:12.912388 7fc3a9fcb700       Options.max_sequential_skip_in_iterations: 8
2019/10/17-14:55:12.912389 7fc3a9fcb700                    Options.max_compaction_bytes: 1677721600
2019/10/17-14:55:12.912390 7fc3a9fcb700                        Options.arena_block_size: 8388608
2019/10/17-14:55:12.912391 7fc3a9fcb700   Options.soft_pending_compaction_bytes_limit: 68719476736
2019/10/17-14:55:12.912399 7fc3a9fcb700   Options.hard_pending_compaction_bytes_limit: 274877906944
2019/10/17-14:55:12.912400 7fc3a9fcb700       Options.rate_limit_delay_max_milliseconds: 100
2019/10/17-14:55:12.912401 7fc3a9fcb700                Options.disable_auto_compactions: 0
2019/10/17-14:55:12.912402 7fc3a9fcb700                        Options.compaction_style: kCompactionStyleLevel
2019/10/17-14:55:12.912404 7fc3a9fcb700                          Options.compaction_pri: kByCompensatedSize
2019/10/17-14:55:12.912405 7fc3a9fcb700 Options.compaction_options_universal.size_ratio: 1
2019/10/17-14:55:12.912406 7fc3a9fcb700 Options.compaction_options_universal.min_merge_width: 2
2019/10/17-14:55:12.912407 7fc3a9fcb700 Options.compaction_options_universal.max_merge_width: 4294967295
2019/10/17-14:55:12.912408 7fc3a9fcb700 Options.compaction_options_universal.max_size_amplification_percent: 200
2019/10/17-14:55:12.912409 7fc3a9fcb700 Options.compaction_options_universal.compression_size_percent: -1
2019/10/17-14:55:12.912410 7fc3a9fcb700 Options.compaction_options_universal.stop_style: kCompactionStopStyleTotalSize
2019/10/17-14:55:12.912411 7fc3a9fcb700 Options.compaction_options_fifo.max_table_files_size: 1073741824
2019/10/17-14:55:12.912412 7fc3a9fcb700 Options.compaction_options_fifo.allow_compaction: 0
2019/10/17-14:55:12.912413 7fc3a9fcb700 Options.compaction_options_fifo.ttl: 0
2019/10/17-14:55:12.912414 7fc3a9fcb700                   Options.table_properties_collectors: 
2019/10/17-14:55:12.912415 7fc3a9fcb700                   Options.inplace_update_support: 0
2019/10/17-14:55:12.912416 7fc3a9fcb700                 Options.inplace_update_num_locks: 10000
2019/10/17-14:55:12.912417 7fc3a9fcb700               Options.memtable_prefix_bloom_size_ratio: 0.000000
2019/10/17-14:55:12.912418 7fc3a9fcb700   Options.memtable_huge_page_size: 0
2019/10/17-14:55:12.912419 7fc3a9fcb700                           Options.bloom_locality: 0
2019/10/17-14:55:12.912420 7fc3a9fcb700                    Options.max_successive_merges: 0
2019/10/17-14:55:12.912421 7fc3a9fcb700                Options.optimize_filters_for_hits: 0
2019/10/17-14:55:12.912422 7fc3a9fcb700                Options.paranoid_file_checks: 0
2019/10/17-14:55:12.912423 7fc3a9fcb700                Options.force_consistency_checks: 0
2019/10/17-14:55:12.912424 7fc3a9fcb700                Options.report_bg_io_stats: 0
2019/10/17-14:55:12.912425 7fc3a9fcb700                               Options.ttl: 0
2019/10/17-14:55:12.912448 7fc3a9fcb700 [db/column_family.cc:472] --------------- Options for column family [dc_entries]:
2019/10/17-14:55:12.912450 7fc3a9fcb700               Options.comparator: leveldb.BytewiseComparator
2019/10/17-14:55:12.912451 7fc3a9fcb700           Options.merge_operator: None
2019/10/17-14:55:12.912453 7fc3a9fcb700        Options.compaction_filter: None
2019/10/17-14:55:12.912454 7fc3a9fcb700        Options.compaction_filter_factory: None
2019/10/17-14:55:12.912455 7fc3a9fcb700         Options.memtable_factory: SkipListFactory
2019/10/17-14:55:12.912456 7fc3a9fcb700            Options.table_factory: BlockBasedTable
2019/10/17-14:55:12.912469 7fc3a9fcb700            table_factory options:   flush_block_policy_factory: FlushBlockBySizePolicyFactory (0x7fc35001be20)
  cache_index_and_filter_blocks: 0
  cache_index_and_filter_blocks_with_high_priority: 0
  pin_l0_filter_and_index_blocks_in_cache: 0
  pin_top_level_index_and_filter: 1
  index_type: 0
  hash_index_allow_collision: 1
  checksum: 1
  no_block_cache: 0
  block_cache: 0x7fc350071630
  block_cache_name: LRUCache
  block_cache_options:
    capacity : 8388608
    num_shard_bits : 4
    strict_capacity_limit : 0
    memory_allocator : None
    high_pri_pool_ratio: 0.000
  block_cache_compressed: (nil)
  persistent_cache: (nil)
  block_size: 4096
  block_size_deviation: 10
  block_restart_interval: 16
  index_block_restart_interval: 1
  metadata_block_size: 4096
  partition_filters: 0
  use_delta_encoding: 1
  filter_policy: nullptr
  whole_key_filtering: 1
  verify_compression: 0
  read_amp_bytes_per_bit: 0
  format_version: 2
  enable_index_compression: 1
  block_align: 0
2019/10/17-14:55:12.912479 7fc3a9fcb700        Options.write_buffer_size: 67108864
2019/10/17-14:55:12.912481 7fc3a9fcb700  Options.max_write_buffer_number: 2
2019/10/17-14:55:12.912482 7fc3a9fcb700          Options.compression: NoCompression
2019/10/17-14:55:12.912483 7fc3a9fcb700                  Options.bottommost_compression: Disabled
2019/10/17-14:55:12.912484 7fc3a9fcb700       Options.prefix_extractor: nullptr
2019/10/17-14:55:12.912485 7fc3a9fcb700   Options.memtable_insert_with_hint_prefix_extractor: nullptr
2019/10/17-14:55:12.912486 7fc3a9fcb700             Options.num_levels: 7
2019/10/17-14:55:12.912487 7fc3a9fcb700        Options.min_write_buffer_number_to_merge: 1
2019/10/17-14:55:12.912488 7fc3a9fcb700     Options.max_write_buffer_number_to_maintain: 0
2019/10/17-14:55:12.912489 7fc3a9fcb700            Options.bottommost_compression_opts.window_bits: -14
2019/10/17-14:55:12.912490 7fc3a9fcb700                  Options.bottommost_compression_opts.level: 32767
2019/10/17-14:55:12.912491 7fc3a9fcb700               Options.bottommost_compression_opts.strategy: 0
2019/10/17-14:55:12.912492 7fc3a9fcb700         Options.bottommost_compression_opts.max_dict_bytes: 0
2019/10/17-14:55:12.912493 7fc3a9fcb700         Options.bottommost_compression_opts.zstd_max_train_bytes: 0
2019/10/17-14:55:12.912494 7fc3a9fcb700                  Options.bottommost_compression_opts.enabled: false
2019/10/17-14:55:12.912495 7fc3a9fcb700            Options.compression_opts.window_bits: -14
2019/10/17-14:55:12.912496 7fc3a9fcb700                  Options.compression_opts.level: 32767
2019/10/17-14:55:12.912497 7fc3a9fcb700               Options.compression_opts.strategy: 0
2019/10/17-14:55:12.912498 7fc3a9fcb700         Options.compression_opts.max_dict_bytes: 0
2019/10/17-14:55:12.912499 7fc3a9fcb700         Options.compression_opts.zstd_max_train_bytes: 0
2019/10/17-14:55:12.912500 7fc3a9fcb700                  Options.compression_opts.enabled: false
2019/10/17-14:55:12.912502 7fc3a9fcb700      Options.level0_file_num_compaction_trigger: 4
2019/10/17-14:55:12.912503 7fc3a9fcb700          Options.level0_slowdown_writes_trigger: 20
2019/10/17-14:55:12.912504 7fc3a9fcb700              Options.level0_stop_writes_trigger: 36
2019/10/17-14:55:12.912505 7fc3a9fcb700                   Options.target_file_size_base: 67108864
2019/10/17-14:55:12.912506 7fc3a9fcb700             Options.target_file_size_multiplier: 1
2019/10/17-14:55:12.912507 7fc3a9fcb700                Options.max_bytes_for_level_base: 268435456
2019/10/17-14:55:12.912509 7fc3a9fcb700 Options.level_compaction_dynamic_level_bytes: 0
2019/10/17-14:55:12.912510 7fc3a9fcb700          Options.max_bytes_for_level_multiplier: 10.000000
2019/10/17-14:55:12.912511 7fc3a9fcb700 Options.max_bytes_for_level_multiplier_addtl[0]: 1
2019/10/17-14:55:12.912512 7fc3a9fcb700 Options.max_bytes_for_level_multiplier_addtl[1]: 1
2019/10/17-14:55:12.912514 7fc3a9fcb700 Options.max_bytes_for_level_multiplier_addtl[2]: 1
2019/10/17-14:55:12.912515 7fc3a9fcb700 Options.max_bytes_for_level_multiplier_addtl[3]: 1
2019/10/17-14:55:12.912515 7fc3a9fcb700 Options.max_bytes_for_level_multiplier_addtl[4]: 1
2019/10/17-14:55:12.912517 7fc3a9fcb700 Options.max_bytes_for_level_multiplier_addtl[5]: 1
2019/10/17-14:55:12.912518 7fc3a9fcb700 Options.max_bytes_for_level_multiplier_addtl[6]: 1
2019/10/17-14:55:12.912519 7fc3a9fcb700       Options.max_sequential_skip_in_iterations: 8
2019/10/17-14:55:12.912520 7fc3a9fcb700                    Options.max_compaction_bytes: 1677721600
2019/10/17-14:55:12.912521 7fc3a9fcb700                        Options.arena_block_size: 8388608
2019/10/17-14:55:12.912522 7fc3a9fcb700   Options.soft_pending_compaction_bytes_limit: 68719476736
2019/10/17-14:55:12.912523 7fc3a9fcb700   Options.hard_pending_compaction_bytes_limit: 274877906944
2019/10/17-14:55:12.912524 7fc3a9fcb700       Options.rate_limit_delay_max_milliseconds: 100
2019/10/17-14:55:12.912526 7fc3a9fcb700                Options.disable_auto_compactions: 0
2019/10/17-14:55:12.912534 7fc3a9fcb700                        Options.compaction_style: kCompactionStyleLevel
2019/10/17-14:55:12.912535 7fc3a9fcb700                          Options.compaction_pri: kByCompensatedSize
2019/10/17-14:55:12.912536 7fc3a9fcb700 Options.compaction_options_universal.size_ratio: 1
2019/10/17-14:55:12.912537 7fc3a9fcb700 Options.compaction_options_universal.min_merge_width: 2
2019/10/17-14:55:12.912539 7fc3a9fcb700 Options.compaction_options_universal.max_merge_width: 4294967295
2019/10/17-14:55:12.912540 7fc3a9fcb700 Options.compaction_options_universal.max_size_amplification_percent: 200
2019/10/17-14:55:12.912541 7fc3a9fcb700 Options.compaction_options_universal.compression_size_percent: -1
2019/10/17-14:55:12.912542 7fc3a9fcb700 Options.compaction_options_universal.stop_style: kCompactionStopStyleTotalSize
2019/10/17-14:55:12.912544 7fc3a9fcb700 Options.compaction_options_fifo.max_table_files_size: 1073741824
2019/10/17-14:55:12.912545 7fc3a9fcb700 Options.compaction_options_fifo.allow_compaction: 0
2019/10/17-14:55:12.912546 7fc3a9fcb700 Options.compaction_options_fifo.ttl: 0
2019/10/17-14:55:12.912547 7fc3a9fcb700                   Options.table_properties_collectors: 
2019/10/17-14:55:12.912548 7fc3a9fcb700                   Options.inplace_update_support: 0
2019/10/17-14:55:12.912549 7fc3a9fcb700                 Options.inplace_update_num_locks: 10000
2019/10/17-14:55:12.912550 7fc3a9fcb700               Options.memtable_prefix_bloom_size_ratio: 0.000000
2019/10/17-14:55:12.912551 7fc3a9fcb700   Options.memtable_huge_page_size: 0
2019/10/17-14:55:12.912552 7fc3a9fcb700                           Options.bloom_locality: 0
2019/10/17-14:55:12.912553 7fc3a9fcb700                    Options.max_successive_merges: 0
2019/10/17-14:55:12.912554 7fc3a9fcb700                Options.optimize_filters_for_hits: 0
2019/10/17-14:55:12.912555 7fc3a9fcb700                Options.paranoid_file_checks: 0
2019/10/17-14:55:12.912556 7fc3a9fcb700                Options.force_consistency_checks: 0
2019/10/17-14:55:12.912557 7fc3a9fcb700                Options.report_bg_io_stats: 0
2019/10/17-14:55:12.912558 7fc3a9fcb700                               Options.ttl: 0
2019/10/17-14:55:12.912578 7fc3a9fcb700 [db/column_family.cc:472] --------------- Options for column family [htlcs]:
2019/10/17-14:55:12.912580 7fc3a9fcb700               Options.comparator: leveldb.BytewiseComparator
2019/10/17-14:55:12.912581 7fc3a9fcb700           Options.merge_operator: None
2019/10/17-14:55:12.912582 7fc3a9fcb700        Options.compaction_filter: None
2019/10/17-14:55:12.912583 7fc3a9fcb700        Options.compaction_filter_factory: None
2019/10/17-14:55:12.912584 7fc3a9fcb700         Options.memtable_factory: SkipListFactory
2019/10/17-14:55:12.912585 7fc3a9fcb700            Options.table_factory: BlockBasedTable
2019/10/17-14:55:12.912599 7fc3a9fcb700            table_factory options:   flush_block_policy_factory: FlushBlockBySizePolicyFactory (0x7fc3500202e0)
