2019/10/17-14:56:01.821035 7fbc2cd30700 RocksDB version: 5.18.3
2019/10/17-14:56:01.821063 7fbc2cd30700 Git sha rocksdb_build_git_sha:@0@
2019/10/17-14:56:01.821064 7fbc2cd30700 Compile date Sep 19 2019
2019/10/17-14:56:01.821066 7fbc2cd30700 DB SUMMARY
2019/10/17-14:56:01.821693 7fbc2cd30700 CURRENT file:  CURRENT
2019/10/17-14:56:01.821694 7fbc2cd30700 IDENTITY file:  IDENTITY
2019/10/17-14:56:01.821720 7fbc2cd30700 MANIFEST file:  MANIFEST-116683 size: 4114 Bytes
2019/10/17-14:56:01.821722 7fbc2cd30700 SST files in /home/rahul/dev/blockchain-core/eqc/ledger.db dir, Total Num: 29, files: 000624.sst 000627.sst 106940.sst 108447.sst 108450.sst 109471.sst 109483.sst 109485.sst 109486.sst 
2019/10/17-14:56:01.821723 7fbc2cd30700 Write Ahead Log file in /home/rahul/dev/blockchain-core/eqc/ledger.db: 116684.log size: 0 ; 
2019/10/17-14:56:01.821753 7fbc2cd30700                         Options.error_if_exists: 0
2019/10/17-14:56:01.821754 7fbc2cd30700                       Options.create_if_missing: 1
2019/10/17-14:56:01.821755 7fbc2cd30700                         Options.paranoid_checks: 1
2019/10/17-14:56:01.821755 7fbc2cd30700                                     Options.env: 0x7fbbafa7bc60
2019/10/17-14:56:01.821756 7fbc2cd30700                                Options.info_log: 0x7fbbb8114ac0
2019/10/17-14:56:01.821757 7fbc2cd30700                Options.max_file_opening_threads: 16
2019/10/17-14:56:01.821758 7fbc2cd30700                              Options.statistics: (nil)
2019/10/17-14:56:01.821758 7fbc2cd30700                               Options.use_fsync: 0
2019/10/17-14:56:01.821759 7fbc2cd30700                       Options.max_log_file_size: 0
2019/10/17-14:56:01.821760 7fbc2cd30700                  Options.max_manifest_file_size: 1073741824
2019/10/17-14:56:01.821761 7fbc2cd30700                   Options.log_file_time_to_roll: 0
2019/10/17-14:56:01.821761 7fbc2cd30700                       Options.keep_log_file_num: 1000
2019/10/17-14:56:01.821762 7fbc2cd30700                    Options.recycle_log_file_num: 0
2019/10/17-14:56:01.821763 7fbc2cd30700                         Options.allow_fallocate: 1
2019/10/17-14:56:01.821763 7fbc2cd30700                        Options.allow_mmap_reads: 0
2019/10/17-14:56:01.821764 7fbc2cd30700                       Options.allow_mmap_writes: 0
2019/10/17-14:56:01.821765 7fbc2cd30700                        Options.use_direct_reads: 0
2019/10/17-14:56:01.821765 7fbc2cd30700                        Options.use_direct_io_for_flush_and_compaction: 0
2019/10/17-14:56:01.821766 7fbc2cd30700          Options.create_missing_column_families: 0
2019/10/17-14:56:01.821767 7fbc2cd30700                              Options.db_log_dir: 
2019/10/17-14:56:01.821767 7fbc2cd30700                                 Options.wal_dir: /home/rahul/dev/blockchain-core/eqc/ledger.db
2019/10/17-14:56:01.821768 7fbc2cd30700                Options.table_cache_numshardbits: 6
2019/10/17-14:56:01.821769 7fbc2cd30700                      Options.max_subcompactions: 1
2019/10/17-14:56:01.821769 7fbc2cd30700                  Options.max_background_flushes: -1
2019/10/17-14:56:01.821770 7fbc2cd30700                         Options.WAL_ttl_seconds: 0
2019/10/17-14:56:01.821771 7fbc2cd30700                       Options.WAL_size_limit_MB: 0
2019/10/17-14:56:01.821772 7fbc2cd30700             Options.manifest_preallocation_size: 4194304
2019/10/17-14:56:01.821772 7fbc2cd30700                     Options.is_fd_close_on_exec: 1
2019/10/17-14:56:01.821773 7fbc2cd30700                   Options.advise_random_on_open: 1
2019/10/17-14:56:01.821774 7fbc2cd30700                    Options.db_write_buffer_size: 0
2019/10/17-14:56:01.821774 7fbc2cd30700                    Options.write_buffer_manager: 0x7fbbb80e1890
2019/10/17-14:56:01.821775 7fbc2cd30700         Options.access_hint_on_compaction_start: 1
2019/10/17-14:56:01.821776 7fbc2cd30700  Options.new_table_reader_for_compaction_inputs: 0
2019/10/17-14:56:01.821776 7fbc2cd30700           Options.random_access_max_buffer_size: 1048576
2019/10/17-14:56:01.821777 7fbc2cd30700                      Options.use_adaptive_mutex: 0
2019/10/17-14:56:01.821778 7fbc2cd30700                            Options.rate_limiter: (nil)
2019/10/17-14:56:01.821786 7fbc2cd30700     Options.sst_file_manager.rate_bytes_per_sec: 0
2019/10/17-14:56:01.821787 7fbc2cd30700                       Options.wal_recovery_mode: 2
2019/10/17-14:56:01.821788 7fbc2cd30700                  Options.enable_thread_tracking: 0
2019/10/17-14:56:01.821789 7fbc2cd30700                  Options.enable_pipelined_write: 0
2019/10/17-14:56:01.821789 7fbc2cd30700         Options.allow_concurrent_memtable_write: 1
2019/10/17-14:56:01.821790 7fbc2cd30700      Options.enable_write_thread_adaptive_yield: 1
2019/10/17-14:56:01.821790 7fbc2cd30700             Options.write_thread_max_yield_usec: 100
2019/10/17-14:56:01.821791 7fbc2cd30700            Options.write_thread_slow_yield_usec: 3
2019/10/17-14:56:01.821792 7fbc2cd30700                               Options.row_cache: None
2019/10/17-14:56:01.821793 7fbc2cd30700                              Options.wal_filter: None
2019/10/17-14:56:01.821793 7fbc2cd30700             Options.avoid_flush_during_recovery: 0
2019/10/17-14:56:01.821794 7fbc2cd30700             Options.allow_ingest_behind: 0
2019/10/17-14:56:01.821795 7fbc2cd30700             Options.preserve_deletes: 0
2019/10/17-14:56:01.821795 7fbc2cd30700             Options.two_write_queues: 0
2019/10/17-14:56:01.821796 7fbc2cd30700             Options.manual_wal_flush: 0
2019/10/17-14:56:01.821797 7fbc2cd30700             Options.max_background_jobs: 2
2019/10/17-14:56:01.821797 7fbc2cd30700             Options.max_background_compactions: -1
2019/10/17-14:56:01.821798 7fbc2cd30700             Options.avoid_flush_during_shutdown: 0
2019/10/17-14:56:01.821799 7fbc2cd30700           Options.writable_file_max_buffer_size: 1048576
2019/10/17-14:56:01.821799 7fbc2cd30700             Options.delayed_write_rate : 16777216
2019/10/17-14:56:01.821800 7fbc2cd30700             Options.max_total_wal_size: 0
2019/10/17-14:56:01.821801 7fbc2cd30700             Options.delete_obsolete_files_period_micros: 21600000000
2019/10/17-14:56:01.821801 7fbc2cd30700                   Options.stats_dump_period_sec: 600
2019/10/17-14:56:01.821802 7fbc2cd30700                          Options.max_open_files: -1
2019/10/17-14:56:01.821803 7fbc2cd30700                          Options.bytes_per_sync: 0
2019/10/17-14:56:01.821803 7fbc2cd30700                      Options.wal_bytes_per_sync: 0
2019/10/17-14:56:01.821804 7fbc2cd30700       Options.compaction_readahead_size: 0
2019/10/17-14:56:01.821805 7fbc2cd30700 Compression algorithms supported:
2019/10/17-14:56:01.821806 7fbc2cd30700 	kZSTDNotFinalCompression supported: 0
2019/10/17-14:56:01.821807 7fbc2cd30700 	kZSTD supported: 0
2019/10/17-14:56:01.821808 7fbc2cd30700 	kXpressCompression supported: 0
2019/10/17-14:56:01.821808 7fbc2cd30700 	kLZ4HCCompression supported: 0
2019/10/17-14:56:01.821809 7fbc2cd30700 	kLZ4Compression supported: 0
2019/10/17-14:56:01.821810 7fbc2cd30700 	kBZip2Compression supported: 0
2019/10/17-14:56:01.821810 7fbc2cd30700 	kZlibCompression supported: 0
2019/10/17-14:56:01.821811 7fbc2cd30700 	kSnappyCompression supported: 0
2019/10/17-14:56:01.821813 7fbc2cd30700 Fast CRC32 supported: Supported on x86
2019/10/17-14:56:01.821897 7fbc2cd30700 [db/version_set.cc:3507] Recovering from manifest file: MANIFEST-116683
2019/10/17-14:56:01.821926 7fbc2cd30700 [db/column_family.cc:472] --------------- Options for column family [default]:
2019/10/17-14:56:01.821928 7fbc2cd30700               Options.comparator: leveldb.BytewiseComparator
2019/10/17-14:56:01.821928 7fbc2cd30700           Options.merge_operator: None
2019/10/17-14:56:01.821929 7fbc2cd30700        Options.compaction_filter: None
2019/10/17-14:56:01.821930 7fbc2cd30700        Options.compaction_filter_factory: None
2019/10/17-14:56:01.821930 7fbc2cd30700         Options.memtable_factory: SkipListFactory
2019/10/17-14:56:01.821931 7fbc2cd30700            Options.table_factory: BlockBasedTable
2019/10/17-14:56:01.821945 7fbc2cd30700            table_factory options:   flush_block_policy_factory: FlushBlockBySizePolicyFactory (0x7fbbb810f510)
  cache_index_and_filter_blocks: 0
  cache_index_and_filter_blocks_with_high_priority: 0
  pin_l0_filter_and_index_blocks_in_cache: 0
  pin_top_level_index_and_filter: 1
  index_type: 0
  hash_index_allow_collision: 1
  checksum: 1
  no_block_cache: 0
  block_cache: 0x7fbbb844eb10
  block_cache_name: LRUCache
  block_cache_options:
    capacity : 8388608
    num_shard_bits : 4
    strict_capacity_limit : 0
    memory_allocator : None
    high_pri_pool_ratio: 0.000
  block_cache_compressed: (nil)
  persistent_cache: (nil)
  block_size: 4096
  block_size_deviation: 10
  block_restart_interval: 16
  index_block_restart_interval: 1
  metadata_block_size: 4096
  partition_filters: 0
  use_delta_encoding: 1
  filter_policy: nullptr
  whole_key_filtering: 1
  verify_compression: 0
  read_amp_bytes_per_bit: 0
  format_version: 2
  enable_index_compression: 1
  block_align: 0
2019/10/17-14:56:01.821953 7fbc2cd30700        Options.write_buffer_size: 67108864
2019/10/17-14:56:01.821954 7fbc2cd30700  Options.max_write_buffer_number: 2
2019/10/17-14:56:01.821955 7fbc2cd30700          Options.compression: NoCompression
2019/10/17-14:56:01.821956 7fbc2cd30700                  Options.bottommost_compression: Disabled
2019/10/17-14:56:01.821957 7fbc2cd30700       Options.prefix_extractor: nullptr
2019/10/17-14:56:01.821957 7fbc2cd30700   Options.memtable_insert_with_hint_prefix_extractor: nullptr
2019/10/17-14:56:01.821958 7fbc2cd30700             Options.num_levels: 7
2019/10/17-14:56:01.821959 7fbc2cd30700        Options.min_write_buffer_number_to_merge: 1
2019/10/17-14:56:01.821959 7fbc2cd30700     Options.max_write_buffer_number_to_maintain: 0
2019/10/17-14:56:01.821960 7fbc2cd30700            Options.bottommost_compression_opts.window_bits: -14
2019/10/17-14:56:01.821961 7fbc2cd30700                  Options.bottommost_compression_opts.level: 32767
2019/10/17-14:56:01.821961 7fbc2cd30700               Options.bottommost_compression_opts.strategy: 0
2019/10/17-14:56:01.821962 7fbc2cd30700         Options.bottommost_compression_opts.max_dict_bytes: 0
2019/10/17-14:56:01.821963 7fbc2cd30700         Options.bottommost_compression_opts.zstd_max_train_bytes: 0
2019/10/17-14:56:01.821963 7fbc2cd30700                  Options.bottommost_compression_opts.enabled: false
2019/10/17-14:56:01.821964 7fbc2cd30700            Options.compression_opts.window_bits: -14
2019/10/17-14:56:01.821965 7fbc2cd30700                  Options.compression_opts.level: 32767
2019/10/17-14:56:01.821965 7fbc2cd30700               Options.compression_opts.strategy: 0
2019/10/17-14:56:01.821966 7fbc2cd30700         Options.compression_opts.max_dict_bytes: 0
2019/10/17-14:56:01.821967 7fbc2cd30700         Options.compression_opts.zstd_max_train_bytes: 0
2019/10/17-14:56:01.821967 7fbc2cd30700                  Options.compression_opts.enabled: false
2019/10/17-14:56:01.821968 7fbc2cd30700      Options.level0_file_num_compaction_trigger: 4
2019/10/17-14:56:01.821969 7fbc2cd30700          Options.level0_slowdown_writes_trigger: 20
2019/10/17-14:56:01.821969 7fbc2cd30700              Options.level0_stop_writes_trigger: 36
2019/10/17-14:56:01.821970 7fbc2cd30700                   Options.target_file_size_base: 67108864
2019/10/17-14:56:01.821971 7fbc2cd30700             Options.target_file_size_multiplier: 1
2019/10/17-14:56:01.821971 7fbc2cd30700                Options.max_bytes_for_level_base: 268435456
2019/10/17-14:56:01.821972 7fbc2cd30700 Options.level_compaction_dynamic_level_bytes: 0
2019/10/17-14:56:01.821973 7fbc2cd30700          Options.max_bytes_for_level_multiplier: 10.000000
2019/10/17-14:56:01.821975 7fbc2cd30700 Options.max_bytes_for_level_multiplier_addtl[0]: 1
2019/10/17-14:56:01.821975 7fbc2cd30700 Options.max_bytes_for_level_multiplier_addtl[1]: 1
2019/10/17-14:56:01.821976 7fbc2cd30700 Options.max_bytes_for_level_multiplier_addtl[2]: 1
2019/10/17-14:56:01.821977 7fbc2cd30700 Options.max_bytes_for_level_multiplier_addtl[3]: 1
2019/10/17-14:56:01.821977 7fbc2cd30700 Options.max_bytes_for_level_multiplier_addtl[4]: 1
2019/10/17-14:56:01.821982 7fbc2cd30700 Options.max_bytes_for_level_multiplier_addtl[5]: 1
2019/10/17-14:56:01.821982 7fbc2cd30700 Options.max_bytes_for_level_multiplier_addtl[6]: 1
2019/10/17-14:56:01.821983 7fbc2cd30700       Options.max_sequential_skip_in_iterations: 8
2019/10/17-14:56:01.821984 7fbc2cd30700                    Options.max_compaction_bytes: 1677721600
2019/10/17-14:56:01.821984 7fbc2cd30700                        Options.arena_block_size: 8388608
2019/10/17-14:56:01.821985 7fbc2cd30700   Options.soft_pending_compaction_bytes_limit: 68719476736
2019/10/17-14:56:01.821986 7fbc2cd30700   Options.hard_pending_compaction_bytes_limit: 274877906944
2019/10/17-14:56:01.821987 7fbc2cd30700       Options.rate_limit_delay_max_milliseconds: 100
2019/10/17-14:56:01.821987 7fbc2cd30700                Options.disable_auto_compactions: 0
2019/10/17-14:56:01.821989 7fbc2cd30700                        Options.compaction_style: kCompactionStyleLevel
2019/10/17-14:56:01.821990 7fbc2cd30700                          Options.compaction_pri: kByCompensatedSize
2019/10/17-14:56:01.821990 7fbc2cd30700 Options.compaction_options_universal.size_ratio: 1
2019/10/17-14:56:01.821991 7fbc2cd30700 Options.compaction_options_universal.min_merge_width: 2
2019/10/17-14:56:01.821992 7fbc2cd30700 Options.compaction_options_universal.max_merge_width: 4294967295
2019/10/17-14:56:01.821993 7fbc2cd30700 Options.compaction_options_universal.max_size_amplification_percent: 200
2019/10/17-14:56:01.821993 7fbc2cd30700 Options.compaction_options_universal.compression_size_percent: -1
2019/10/17-14:56:01.821994 7fbc2cd30700 Options.compaction_options_universal.stop_style: kCompactionStopStyleTotalSize
2019/10/17-14:56:01.821995 7fbc2cd30700 Options.compaction_options_fifo.max_table_files_size: 1073741824
2019/10/17-14:56:01.821996 7fbc2cd30700 Options.compaction_options_fifo.allow_compaction: 0
2019/10/17-14:56:01.821996 7fbc2cd30700 Options.compaction_options_fifo.ttl: 0
2019/10/17-14:56:01.821997 7fbc2cd30700                   Options.table_properties_collectors: 
2019/10/17-14:56:01.821998 7fbc2cd30700                   Options.inplace_update_support: 0
2019/10/17-14:56:01.821998 7fbc2cd30700                 Options.inplace_update_num_locks: 10000
2019/10/17-14:56:01.821999 7fbc2cd30700               Options.memtable_prefix_bloom_size_ratio: 0.000000
2019/10/17-14:56:01.822000 7fbc2cd30700   Options.memtable_huge_page_size: 0
2019/10/17-14:56:01.822001 7fbc2cd30700                           Options.bloom_locality: 0
2019/10/17-14:56:01.822001 7fbc2cd30700                    Options.max_successive_merges: 0
2019/10/17-14:56:01.822002 7fbc2cd30700                Options.optimize_filters_for_hits: 0
2019/10/17-14:56:01.822003 7fbc2cd30700                Options.paranoid_file_checks: 0
2019/10/17-14:56:01.822003 7fbc2cd30700                Options.force_consistency_checks: 0
2019/10/17-14:56:01.822004 7fbc2cd30700                Options.report_bg_io_stats: 0
2019/10/17-14:56:01.822005 7fbc2cd30700                               Options.ttl: 0
2019/10/17-14:56:01.822029 7fbc2cd30700 [db/column_family.cc:472] --------------- Options for column family [active_gateways]:
2019/10/17-14:56:01.822030 7fbc2cd30700               Options.comparator: leveldb.BytewiseComparator
2019/10/17-14:56:01.822031 7fbc2cd30700           Options.merge_operator: None
2019/10/17-14:56:01.822032 7fbc2cd30700        Options.compaction_filter: None
2019/10/17-14:56:01.822032 7fbc2cd30700        Options.compaction_filter_factory: None
2019/10/17-14:56:01.822033 7fbc2cd30700         Options.memtable_factory: SkipListFactory
2019/10/17-14:56:01.822034 7fbc2cd30700            Options.table_factory: BlockBasedTable
2019/10/17-14:56:01.822043 7fbc2cd30700            table_factory options:   flush_block_policy_factory: FlushBlockBySizePolicyFactory (0x7fbbb80224e0)
  cache_index_and_filter_blocks: 0
  cache_index_and_filter_blocks_with_high_priority: 0
  pin_l0_filter_and_index_blocks_in_cache: 0
  pin_top_level_index_and_filter: 1
  index_type: 0
  hash_index_allow_collision: 1
  checksum: 1
  no_block_cache: 0
  block_cache: 0x7fbbb8078d30
  block_cache_name: LRUCache
  block_cache_options:
    capacity : 8388608
    num_shard_bits : 4
    strict_capacity_limit : 0
    memory_allocator : None
    high_pri_pool_ratio: 0.000
  block_cache_compressed: (nil)
  persistent_cache: (nil)
  block_size: 4096
  block_size_deviation: 10
  block_restart_interval: 16
  index_block_restart_interval: 1
  metadata_block_size: 4096
  partition_filters: 0
  use_delta_encoding: 1
  filter_policy: nullptr
  whole_key_filtering: 1
  verify_compression: 0
  read_amp_bytes_per_bit: 0
  format_version: 2
  enable_index_compression: 1
  block_align: 0
2019/10/17-14:56:01.822049 7fbc2cd30700        Options.write_buffer_size: 67108864
2019/10/17-14:56:01.822049 7fbc2cd30700  Options.max_write_buffer_number: 2
2019/10/17-14:56:01.822050 7fbc2cd30700          Options.compression: NoCompression
2019/10/17-14:56:01.822051 7fbc2cd30700                  Options.bottommost_compression: Disabled
2019/10/17-14:56:01.822052 7fbc2cd30700       Options.prefix_extractor: nullptr
2019/10/17-14:56:01.822052 7fbc2cd30700   Options.memtable_insert_with_hint_prefix_extractor: nullptr
2019/10/17-14:56:01.822053 7fbc2cd30700             Options.num_levels: 7
2019/10/17-14:56:01.822054 7fbc2cd30700        Options.min_write_buffer_number_to_merge: 1
2019/10/17-14:56:01.822054 7fbc2cd30700     Options.max_write_buffer_number_to_maintain: 0
2019/10/17-14:56:01.822055 7fbc2cd30700            Options.bottommost_compression_opts.window_bits: -14
2019/10/17-14:56:01.822056 7fbc2cd30700                  Options.bottommost_compression_opts.level: 32767
2019/10/17-14:56:01.822056 7fbc2cd30700               Options.bottommost_compression_opts.strategy: 0
2019/10/17-14:56:01.822057 7fbc2cd30700         Options.bottommost_compression_opts.max_dict_bytes: 0
2019/10/17-14:56:01.822058 7fbc2cd30700         Options.bottommost_compression_opts.zstd_max_train_bytes: 0
2019/10/17-14:56:01.822058 7fbc2cd30700                  Options.bottommost_compression_opts.enabled: false
2019/10/17-14:56:01.822059 7fbc2cd30700            Options.compression_opts.window_bits: -14
2019/10/17-14:56:01.822060 7fbc2cd30700                  Options.compression_opts.level: 32767
2019/10/17-14:56:01.822060 7fbc2cd30700               Options.compression_opts.strategy: 0
2019/10/17-14:56:01.822061 7fbc2cd30700         Options.compression_opts.max_dict_bytes: 0
2019/10/17-14:56:01.822062 7fbc2cd30700         Options.compression_opts.zstd_max_train_bytes: 0
2019/10/17-14:56:01.822062 7fbc2cd30700                  Options.compression_opts.enabled: false
2019/10/17-14:56:01.822063 7fbc2cd30700      Options.level0_file_num_compaction_trigger: 4
2019/10/17-14:56:01.822064 7fbc2cd30700          Options.level0_slowdown_writes_trigger: 20
2019/10/17-14:56:01.822064 7fbc2cd30700              Options.level0_stop_writes_trigger: 36
2019/10/17-14:56:01.822065 7fbc2cd30700                   Options.target_file_size_base: 67108864
2019/10/17-14:56:01.822066 7fbc2cd30700             Options.target_file_size_multiplier: 1
2019/10/17-14:56:01.822066 7fbc2cd30700                Options.max_bytes_for_level_base: 268435456
2019/10/17-14:56:01.822067 7fbc2cd30700 Options.level_compaction_dynamic_level_bytes: 0
2019/10/17-14:56:01.822068 7fbc2cd30700          Options.max_bytes_for_level_multiplier: 10.000000
2019/10/17-14:56:01.822069 7fbc2cd30700 Options.max_bytes_for_level_multiplier_addtl[0]: 1
2019/10/17-14:56:01.822070 7fbc2cd30700 Options.max_bytes_for_level_multiplier_addtl[1]: 1
2019/10/17-14:56:01.822070 7fbc2cd30700 Options.max_bytes_for_level_multiplier_addtl[2]: 1
2019/10/17-14:56:01.822071 7fbc2cd30700 Options.max_bytes_for_level_multiplier_addtl[3]: 1
2019/10/17-14:56:01.822072 7fbc2cd30700 Options.max_bytes_for_level_multiplier_addtl[4]: 1
2019/10/17-14:56:01.822072 7fbc2cd30700 Options.max_bytes_for_level_multiplier_addtl[5]: 1
2019/10/17-14:56:01.822073 7fbc2cd30700 Options.max_bytes_for_level_multiplier_addtl[6]: 1
2019/10/17-14:56:01.822074 7fbc2cd30700       Options.max_sequential_skip_in_iterations: 8
2019/10/17-14:56:01.822078 7fbc2cd30700                    Options.max_compaction_bytes: 1677721600
2019/10/17-14:56:01.822079 7fbc2cd30700                        Options.arena_block_size: 8388608
2019/10/17-14:56:01.822079 7fbc2cd30700   Options.soft_pending_compaction_bytes_limit: 68719476736
2019/10/17-14:56:01.822080 7fbc2cd30700   Options.hard_pending_compaction_bytes_limit: 274877906944
2019/10/17-14:56:01.822081 7fbc2cd30700       Options.rate_limit_delay_max_milliseconds: 100
2019/10/17-14:56:01.822081 7fbc2cd30700                Options.disable_auto_compactions: 0
2019/10/17-14:56:01.822082 7fbc2cd30700                        Options.compaction_style: kCompactionStyleLevel
2019/10/17-14:56:01.822083 7fbc2cd30700                          Options.compaction_pri: kByCompensatedSize
2019/10/17-14:56:01.822084 7fbc2cd30700 Options.compaction_options_universal.size_ratio: 1
2019/10/17-14:56:01.822084 7fbc2cd30700 Options.compaction_options_universal.min_merge_width: 2
2019/10/17-14:56:01.822085 7fbc2cd30700 Options.compaction_options_universal.max_merge_width: 4294967295
2019/10/17-14:56:01.822086 7fbc2cd30700 Options.compaction_options_universal.max_size_amplification_percent: 200
2019/10/17-14:56:01.822086 7fbc2cd30700 Options.compaction_options_universal.compression_size_percent: -1
2019/10/17-14:56:01.822087 7fbc2cd30700 Options.compaction_options_universal.stop_style: kCompactionStopStyleTotalSize
2019/10/17-14:56:01.822088 7fbc2cd30700 Options.compaction_options_fifo.max_table_files_size: 1073741824
2019/10/17-14:56:01.822088 7fbc2cd30700 Options.compaction_options_fifo.allow_compaction: 0
2019/10/17-14:56:01.822089 7fbc2cd30700 Options.compaction_options_fifo.ttl: 0
2019/10/17-14:56:01.822090 7fbc2cd30700                   Options.table_properties_collectors: 
2019/10/17-14:56:01.822090 7fbc2cd30700                   Options.inplace_update_support: 0
2019/10/17-14:56:01.822091 7fbc2cd30700                 Options.inplace_update_num_locks: 10000
2019/10/17-14:56:01.822092 7fbc2cd30700               Options.memtable_prefix_bloom_size_ratio: 0.000000
2019/10/17-14:56:01.822093 7fbc2cd30700   Options.memtable_huge_page_size: 0
2019/10/17-14:56:01.822093 7fbc2cd30700                           Options.bloom_locality: 0
2019/10/17-14:56:01.822094 7fbc2cd30700                    Options.max_successive_merges: 0
2019/10/17-14:56:01.822095 7fbc2cd30700                Options.optimize_filters_for_hits: 0
2019/10/17-14:56:01.822095 7fbc2cd30700                Options.paranoid_file_checks: 0
2019/10/17-14:56:01.822096 7fbc2cd30700                Options.force_consistency_checks: 0
2019/10/17-14:56:01.822097 7fbc2cd30700                Options.report_bg_io_stats: 0
2019/10/17-14:56:01.822097 7fbc2cd30700                               Options.ttl: 0
2019/10/17-14:56:01.822112 7fbc2cd30700 [db/column_family.cc:472] --------------- Options for column family [entries]:
2019/10/17-14:56:01.822113 7fbc2cd30700               Options.comparator: leveldb.BytewiseComparator
2019/10/17-14:56:01.822113 7fbc2cd30700           Options.merge_operator: None
2019/10/17-14:56:01.822114 7fbc2cd30700        Options.compaction_filter: None
2019/10/17-14:56:01.822115 7fbc2cd30700        Options.compaction_filter_factory: None
2019/10/17-14:56:01.822115 7fbc2cd30700         Options.memtable_factory: SkipListFactory
2019/10/17-14:56:01.822116 7fbc2cd30700            Options.table_factory: BlockBasedTable
2019/10/17-14:56:01.822125 7fbc2cd30700            table_factory options:   flush_block_policy_factory: FlushBlockBySizePolicyFactory (0x7fbbb8059d50)
  cache_index_and_filter_blocks: 0
  cache_index_and_filter_blocks_with_high_priority: 0
  pin_l0_filter_and_index_blocks_in_cache: 0
  pin_top_level_index_and_filter: 1
  index_type: 0
  hash_index_allow_collision: 1
  checksum: 1
  no_block_cache: 0
  block_cache: 0x7fbbb803b180
  block_cache_name: LRUCache
  block_cache_options:
    capacity : 8388608
    num_shard_bits : 4
    strict_capacity_limit : 0
    memory_allocator : None
    high_pri_pool_ratio: 0.000
  block_cache_compressed: (nil)
  persistent_cache: (nil)
  block_size: 4096
  block_size_deviation: 10
  block_restart_interval: 16
  index_block_restart_interval: 1
  metadata_block_size: 4096
  partition_filters: 0
  use_delta_encoding: 1
  filter_policy: nullptr
  whole_key_filtering: 1
  verify_compression: 0
  read_amp_bytes_per_bit: 0
  format_version: 2
  enable_index_compression: 1
  block_align: 0
2019/10/17-14:56:01.822130 7fbc2cd30700        Options.write_buffer_size: 67108864
2019/10/17-14:56:01.822131 7fbc2cd30700  Options.max_write_buffer_number: 2
2019/10/17-14:56:01.822132 7fbc2cd30700          Options.compression: NoCompression
2019/10/17-14:56:01.822132 7fbc2cd30700                  Options.bottommost_compression: Disabled
2019/10/17-14:56:01.822133 7fbc2cd30700       Options.prefix_extractor: nullptr
2019/10/17-14:56:01.822134 7fbc2cd30700   Options.memtable_insert_with_hint_prefix_extractor: nullptr
2019/10/17-14:56:01.822134 7fbc2cd30700             Options.num_levels: 7
2019/10/17-14:56:01.822135 7fbc2cd30700        Options.min_write_buffer_number_to_merge: 1
2019/10/17-14:56:01.822136 7fbc2cd30700     Options.max_write_buffer_number_to_maintain: 0
2019/10/17-14:56:01.822136 7fbc2cd30700            Options.bottommost_compression_opts.window_bits: -14
2019/10/17-14:56:01.822137 7fbc2cd30700                  Options.bottommost_compression_opts.level: 32767
2019/10/17-14:56:01.822138 7fbc2cd30700               Options.bottommost_compression_opts.strategy: 0
2019/10/17-14:56:01.822138 7fbc2cd30700         Options.bottommost_compression_opts.max_dict_bytes: 0
2019/10/17-14:56:01.822139 7fbc2cd30700         Options.bottommost_compression_opts.zstd_max_train_bytes: 0
2019/10/17-14:56:01.822140 7fbc2cd30700                  Options.bottommost_compression_opts.enabled: false
2019/10/17-14:56:01.822140 7fbc2cd30700            Options.compression_opts.window_bits: -14
2019/10/17-14:56:01.822141 7fbc2cd30700                  Options.compression_opts.level: 32767
2019/10/17-14:56:01.822142 7fbc2cd30700               Options.compression_opts.strategy: 0
2019/10/17-14:56:01.822142 7fbc2cd30700         Options.compression_opts.max_dict_bytes: 0
2019/10/17-14:56:01.822143 7fbc2cd30700         Options.compression_opts.zstd_max_train_bytes: 0
2019/10/17-14:56:01.822143 7fbc2cd30700                  Options.compression_opts.enabled: false
2019/10/17-14:56:01.822144 7fbc2cd30700      Options.level0_file_num_compaction_trigger: 4
2019/10/17-14:56:01.822145 7fbc2cd30700          Options.level0_slowdown_writes_trigger: 20
2019/10/17-14:56:01.822145 7fbc2cd30700              Options.level0_stop_writes_trigger: 36
2019/10/17-14:56:01.822146 7fbc2cd30700                   Options.target_file_size_base: 67108864
2019/10/17-14:56:01.822147 7fbc2cd30700             Options.target_file_size_multiplier: 1
2019/10/17-14:56:01.822147 7fbc2cd30700                Options.max_bytes_for_level_base: 268435456
2019/10/17-14:56:01.822148 7fbc2cd30700 Options.level_compaction_dynamic_level_bytes: 0
2019/10/17-14:56:01.822149 7fbc2cd30700          Options.max_bytes_for_level_multiplier: 10.000000
2019/10/17-14:56:01.822150 7fbc2cd30700 Options.max_bytes_for_level_multiplier_addtl[0]: 1
2019/10/17-14:56:01.822151 7fbc2cd30700 Options.max_bytes_for_level_multiplier_addtl[1]: 1
2019/10/17-14:56:01.822151 7fbc2cd30700 Options.max_bytes_for_level_multiplier_addtl[2]: 1
2019/10/17-14:56:01.822152 7fbc2cd30700 Options.max_bytes_for_level_multiplier_addtl[3]: 1
2019/10/17-14:56:01.822153 7fbc2cd30700 Options.max_bytes_for_level_multiplier_addtl[4]: 1
2019/10/17-14:56:01.822153 7fbc2cd30700 Options.max_bytes_for_level_multiplier_addtl[5]: 1
2019/10/17-14:56:01.822154 7fbc2cd30700 Options.max_bytes_for_level_multiplier_addtl[6]: 1
2019/10/17-14:56:01.822154 7fbc2cd30700       Options.max_sequential_skip_in_iterations: 8
2019/10/17-14:56:01.822155 7fbc2cd30700                    Options.max_compaction_bytes: 1677721600
2019/10/17-14:56:01.822156 7fbc2cd30700                        Options.arena_block_size: 8388608
2019/10/17-14:56:01.822156 7fbc2cd30700   Options.soft_pending_compaction_bytes_limit: 68719476736
2019/10/17-14:56:01.822160 7fbc2cd30700   Options.hard_pending_compaction_bytes_limit: 274877906944
2019/10/17-14:56:01.822161 7fbc2cd30700       Options.rate_limit_delay_max_milliseconds: 100
2019/10/17-14:56:01.822162 7fbc2cd30700                Options.disable_auto_compactions: 0
2019/10/17-14:56:01.822163 7fbc2cd30700                        Options.compaction_style: kCompactionStyleLevel
2019/10/17-14:56:01.822164 7fbc2cd30700                          Options.compaction_pri: kByCompensatedSize
2019/10/17-14:56:01.822164 7fbc2cd30700 Options.compaction_options_universal.size_ratio: 1
2019/10/17-14:56:01.822165 7fbc2cd30700 Options.compaction_options_universal.min_merge_width: 2
2019/10/17-14:56:01.822166 7fbc2cd30700 Options.compaction_options_universal.max_merge_width: 4294967295
2019/10/17-14:56:01.822166 7fbc2cd30700 Options.compaction_options_universal.max_size_amplification_percent: 200
2019/10/17-14:56:01.822167 7fbc2cd30700 Options.compaction_options_universal.compression_size_percent: -1
2019/10/17-14:56:01.822168 7fbc2cd30700 Options.compaction_options_universal.stop_style: kCompactionStopStyleTotalSize
2019/10/17-14:56:01.822168 7fbc2cd30700 Options.compaction_options_fifo.max_table_files_size: 1073741824
2019/10/17-14:56:01.822169 7fbc2cd30700 Options.compaction_options_fifo.allow_compaction: 0
2019/10/17-14:56:01.822170 7fbc2cd30700 Options.compaction_options_fifo.ttl: 0
2019/10/17-14:56:01.822170 7fbc2cd30700                   Options.table_properties_collectors: 
2019/10/17-14:56:01.822171 7fbc2cd30700                   Options.inplace_update_support: 0
2019/10/17-14:56:01.822172 7fbc2cd30700                 Options.inplace_update_num_locks: 10000
2019/10/17-14:56:01.822172 7fbc2cd30700               Options.memtable_prefix_bloom_size_ratio: 0.000000
2019/10/17-14:56:01.822173 7fbc2cd30700   Options.memtable_huge_page_size: 0
2019/10/17-14:56:01.822174 7fbc2cd30700                           Options.bloom_locality: 0
2019/10/17-14:56:01.822174 7fbc2cd30700                    Options.max_successive_merges: 0
2019/10/17-14:56:01.822175 7fbc2cd30700                Options.optimize_filters_for_hits: 0
2019/10/17-14:56:01.822176 7fbc2cd30700                Options.paranoid_file_checks: 0
2019/10/17-14:56:01.822176 7fbc2cd30700                Options.force_consistency_checks: 0
2019/10/17-14:56:01.822177 7fbc2cd30700                Options.report_bg_io_stats: 0
2019/10/17-14:56:01.822178 7fbc2cd30700                               Options.ttl: 0
2019/10/17-14:56:01.822190 7fbc2cd30700 [db/column_family.cc:472] --------------- Options for column family [dc_entries]:
2019/10/17-14:56:01.822191 7fbc2cd30700               Options.comparator: leveldb.BytewiseComparator
2019/10/17-14:56:01.822192 7fbc2cd30700           Options.merge_operator: None
2019/10/17-14:56:01.822193 7fbc2cd30700        Options.compaction_filter: None
2019/10/17-14:56:01.822193 7fbc2cd30700        Options.compaction_filter_factory: None
2019/10/17-14:56:01.822194 7fbc2cd30700         Options.memtable_factory: SkipListFactory
2019/10/17-14:56:01.822195 7fbc2cd30700            Options.table_factory: BlockBasedTable
2019/10/17-14:56:01.822203 7fbc2cd30700            table_factory options:   flush_block_policy_factory: FlushBlockBySizePolicyFactory (0x7fbbb809bd10)
  cache_index_and_filter_blocks: 0
  cache_index_and_filter_blocks_with_high_priority: 0
  pin_l0_filter_and_index_blocks_in_cache: 0
  pin_top_level_index_and_filter: 1
  index_type: 0
  hash_index_allow_collision: 1
  checksum: 1
  no_block_cache: 0
  block_cache: 0x7fbbb805af90
  block_cache_name: LRUCache
  block_cache_options:
    capacity : 8388608
    num_shard_bits : 4
    strict_capacity_limit : 0
    memory_allocator : None
    high_pri_pool_ratio: 0.000
  block_cache_compressed: (nil)
  persistent_cache: (nil)
  block_size: 4096
  block_size_deviation: 10
  block_restart_interval: 16
  index_block_restart_interval: 1
  metadata_block_size: 4096
  partition_filters: 0
  use_delta_encoding: 1
  filter_policy: nullptr
  whole_key_filtering: 1
  verify_compression: 0
  read_amp_bytes_per_bit: 0
  format_version: 2
  enable_index_compression: 1
  block_align: 0
2019/10/17-14:56:01.822208 7fbc2cd30700        Options.write_buffer_size: 67108864
2019/10/17-14:56:01.822209 7fbc2cd30700  Options.max_write_buffer_number: 2
2019/10/17-14:56:01.822210 7fbc2cd30700          Options.compression: NoCompression
2019/10/17-14:56:01.822210 7fbc2cd30700                  Options.bottommost_compression: Disabled
2019/10/17-14:56:01.822211 7fbc2cd30700       Options.prefix_extractor: nullptr
2019/10/17-14:56:01.822212 7fbc2cd30700   Options.memtable_insert_with_hint_prefix_extractor: nullptr
2019/10/17-14:56:01.822212 7fbc2cd30700             Options.num_levels: 7
2019/10/17-14:56:01.822213 7fbc2cd30700        Options.min_write_buffer_number_to_merge: 1
2019/10/17-14:56:01.822214 7fbc2cd30700     Options.max_write_buffer_number_to_maintain: 0
2019/10/17-14:56:01.822214 7fbc2cd30700            Options.bottommost_compression_opts.window_bits: -14
2019/10/17-14:56:01.822215 7fbc2cd30700                  Options.bottommost_compression_opts.level: 32767
2019/10/17-14:56:01.822216 7fbc2cd30700               Options.bottommost_compression_opts.strategy: 0
2019/10/17-14:56:01.822216 7fbc2cd30700         Options.bottommost_compression_opts.max_dict_bytes: 0
2019/10/17-14:56:01.822217 7fbc2cd30700         Options.bottommost_compression_opts.zstd_max_train_bytes: 0
2019/10/17-14:56:01.822217 7fbc2cd30700                  Options.bottommost_compression_opts.enabled: false
2019/10/17-14:56:01.822218 7fbc2cd30700            Options.compression_opts.window_bits: -14
2019/10/17-14:56:01.822219 7fbc2cd30700                  Options.compression_opts.level: 32767
2019/10/17-14:56:01.822220 7fbc2cd30700               Options.compression_opts.strategy: 0
2019/10/17-14:56:01.822220 7fbc2cd30700         Options.compression_opts.max_dict_bytes: 0
2019/10/17-14:56:01.822221 7fbc2cd30700         Options.compression_opts.zstd_max_train_bytes: 0
2019/10/17-14:56:01.822221 7fbc2cd30700                  Options.compression_opts.enabled: false
2019/10/17-14:56:01.822222 7fbc2cd30700      Options.level0_file_num_compaction_trigger: 4
2019/10/17-14:56:01.822223 7fbc2cd30700          Options.level0_slowdown_writes_trigger: 20
2019/10/17-14:56:01.822223 7fbc2cd30700              Options.level0_stop_writes_trigger: 36
2019/10/17-14:56:01.822224 7fbc2cd30700                   Options.target_file_size_base: 67108864
2019/10/17-14:56:01.822225 7fbc2cd30700             Options.target_file_size_multiplier: 1
2019/10/17-14:56:01.822225 7fbc2cd30700                Options.max_bytes_for_level_base: 268435456
2019/10/17-14:56:01.822226 7fbc2cd30700 Options.level_compaction_dynamic_level_bytes: 0
2019/10/17-14:56:01.822227 7fbc2cd30700          Options.max_bytes_for_level_multiplier: 10.000000
2019/10/17-14:56:01.822228 7fbc2cd30700 Options.max_bytes_for_level_multiplier_addtl[0]: 1
2019/10/17-14:56:01.822228 7fbc2cd30700 Options.max_bytes_for_level_multiplier_addtl[1]: 1
2019/10/17-14:56:01.822229 7fbc2cd30700 Options.max_bytes_for_level_multiplier_addtl[2]: 1
2019/10/17-14:56:01.822230 7fbc2cd30700 Options.max_bytes_for_level_multiplier_addtl[3]: 1
2019/10/17-14:56:01.822231 7fbc2cd30700 Options.max_bytes_for_level_multiplier_addtl[4]: 1
2019/10/17-14:56:01.822231 7fbc2cd30700 Options.max_bytes_for_level_multiplier_addtl[5]: 1
2019/10/17-14:56:01.822232 7fbc2cd30700 Options.max_bytes_for_level_multiplier_addtl[6]: 1
2019/10/17-14:56:01.822233 7fbc2cd30700       Options.max_sequential_skip_in_iterations: 8
2019/10/17-14:56:01.822233 7fbc2cd30700                    Options.max_compaction_bytes: 1677721600
2019/10/17-14:56:01.822234 7fbc2cd30700                        Options.arena_block_size: 8388608
2019/10/17-14:56:01.822234 7fbc2cd30700   Options.soft_pending_compaction_bytes_limit: 68719476736
2019/10/17-14:56:01.822235 7fbc2cd30700   Options.hard_pending_compaction_bytes_limit: 274877906944
2019/10/17-14:56:01.822236 7fbc2cd30700       Options.rate_limit_delay_max_milliseconds: 100
2019/10/17-14:56:01.822237 7fbc2cd30700                Options.disable_auto_compactions: 0
2019/10/17-14:56:01.822240 7fbc2cd30700                        Options.compaction_style: kCompactionStyleLevel
2019/10/17-14:56:01.822241 7fbc2cd30700                          Options.compaction_pri: kByCompensatedSize
2019/10/17-14:56:01.822242 7fbc2cd30700 Options.compaction_options_universal.size_ratio: 1
2019/10/17-14:56:01.822243 7fbc2cd30700 Options.compaction_options_universal.min_merge_width: 2
2019/10/17-14:56:01.822243 7fbc2cd30700 Options.compaction_options_universal.max_merge_width: 4294967295
2019/10/17-14:56:01.822244 7fbc2cd30700 Options.compaction_options_universal.max_size_amplification_percent: 200
2019/10/17-14:56:01.822245 7fbc2cd30700 Options.compaction_options_universal.compression_size_percent: -1
2019/10/17-14:56:01.822245 7fbc2cd30700 Options.compaction_options_universal.stop_style: kCompactionStopStyleTotalSize
2019/10/17-14:56:01.822246 7fbc2cd30700 Options.compaction_options_fifo.max_table_files_size: 1073741824
2019/10/17-14:56:01.822247 7fbc2cd30700 Options.compaction_options_fifo.allow_compaction: 0
2019/10/17-14:56:01.822247 7fbc2cd30700 Options.compaction_options_fifo.ttl: 0
2019/10/17-14:56:01.822248 7fbc2cd30700                   Options.table_properties_collectors: 
2019/10/17-14:56:01.822249 7fbc2cd30700                   Options.inplace_update_support: 0
2019/10/17-14:56:01.822249 7fbc2cd30700                 Options.inplace_update_num_locks: 10000
2019/10/17-14:56:01.822250 7fbc2cd30700               Options.memtable_prefix_bloom_size_ratio: 0.000000
2019/10/17-14:56:01.822251 7fbc2cd30700   Options.memtable_huge_page_size: 0
2019/10/17-14:56:01.822252 7fbc2cd30700                           Options.bloom_locality: 0
2019/10/17-14:56:01.822252 7fbc2cd30700                    Options.max_successive_merges: 0
2019/10/17-14:56:01.822253 7fbc2cd30700                Options.optimize_filters_for_hits: 0
2019/10/17-14:56:01.822254 7fbc2cd30700                Options.paranoid_file_checks: 0
2019/10/17-14:56:01.822254 7fbc2cd30700                Options.force_consistency_checks: 0
2019/10/17-14:56:01.822255 7fbc2cd30700                Options.report_bg_io_stats: 0
2019/10/17-14:56:01.822256 7fbc2cd30700                               Options.ttl: 0
2019/10/17-14:56:01.822266 7fbc2cd30700 [db/column_family.cc:472] --------------- Options for column family [htlcs]:
2019/10/17-14:56:01.822267 7fbc2cd30700               Options.comparator: leveldb.BytewiseComparator
2019/10/17-14:56:01.822268 7fbc2cd30700           Options.merge_operator: None
2019/10/17-14:56:01.822269 7fbc2cd30700        Options.compaction_filter: None
2019/10/17-14:56:01.822269 7fbc2cd30700        Options.compaction_filter_factory: None
2019/10/17-14:56:01.822270 7fbc2cd30700         Options.memtable_factory: SkipListFactory
2019/10/17-14:56:01.822271 7fbc2cd30700            Options.table_factory: BlockBasedTable
2019/10/17-14:56:01.822279 7fbc2cd30700            table_factory options:   flush_block_policy_factory: FlushBlockBySizePolicyFactory (0x7fbbb80e18c0)
