2019/10/17-14:56:12.569180 7fbc2cd30700 RocksDB version: 5.18.3
2019/10/17-14:56:12.569213 7fbc2cd30700 Git sha rocksdb_build_git_sha:@0@
2019/10/17-14:56:12.569215 7fbc2cd30700 Compile date Sep 19 2019
2019/10/17-14:56:12.569216 7fbc2cd30700 DB SUMMARY
2019/10/17-14:56:12.569857 7fbc2cd30700 CURRENT file:  CURRENT
2019/10/17-14:56:12.569858 7fbc2cd30700 IDENTITY file:  IDENTITY
2019/10/17-14:56:12.569884 7fbc2cd30700 MANIFEST file:  MANIFEST-116920 size: 4114 Bytes
2019/10/17-14:56:12.569886 7fbc2cd30700 SST files in /home/rahul/dev/blockchain-core/eqc/ledger.db dir, Total Num: 29, files: 000624.sst 000627.sst 106940.sst 108447.sst 108450.sst 109471.sst 109483.sst 109485.sst 109486.sst 
2019/10/17-14:56:12.569887 7fbc2cd30700 Write Ahead Log file in /home/rahul/dev/blockchain-core/eqc/ledger.db: 116921.log size: 0 ; 
2019/10/17-14:56:12.569917 7fbc2cd30700                         Options.error_if_exists: 0
2019/10/17-14:56:12.569918 7fbc2cd30700                       Options.create_if_missing: 1
2019/10/17-14:56:12.569919 7fbc2cd30700                         Options.paranoid_checks: 1
2019/10/17-14:56:12.569920 7fbc2cd30700                                     Options.env: 0x7fbbafa7bc60
2019/10/17-14:56:12.569920 7fbc2cd30700                                Options.info_log: 0x7fbbb8091c20
2019/10/17-14:56:12.569921 7fbc2cd30700                Options.max_file_opening_threads: 16
2019/10/17-14:56:12.569922 7fbc2cd30700                              Options.statistics: (nil)
2019/10/17-14:56:12.569923 7fbc2cd30700                               Options.use_fsync: 0
2019/10/17-14:56:12.569923 7fbc2cd30700                       Options.max_log_file_size: 0
2019/10/17-14:56:12.569924 7fbc2cd30700                  Options.max_manifest_file_size: 1073741824
2019/10/17-14:56:12.569925 7fbc2cd30700                   Options.log_file_time_to_roll: 0
2019/10/17-14:56:12.569925 7fbc2cd30700                       Options.keep_log_file_num: 1000
2019/10/17-14:56:12.569926 7fbc2cd30700                    Options.recycle_log_file_num: 0
2019/10/17-14:56:12.569927 7fbc2cd30700                         Options.allow_fallocate: 1
2019/10/17-14:56:12.569927 7fbc2cd30700                        Options.allow_mmap_reads: 0
2019/10/17-14:56:12.569928 7fbc2cd30700                       Options.allow_mmap_writes: 0
2019/10/17-14:56:12.569929 7fbc2cd30700                        Options.use_direct_reads: 0
2019/10/17-14:56:12.569929 7fbc2cd30700                        Options.use_direct_io_for_flush_and_compaction: 0
2019/10/17-14:56:12.569930 7fbc2cd30700          Options.create_missing_column_families: 0
2019/10/17-14:56:12.569931 7fbc2cd30700                              Options.db_log_dir: 
2019/10/17-14:56:12.569931 7fbc2cd30700                                 Options.wal_dir: /home/rahul/dev/blockchain-core/eqc/ledger.db
2019/10/17-14:56:12.569932 7fbc2cd30700                Options.table_cache_numshardbits: 6
2019/10/17-14:56:12.569933 7fbc2cd30700                      Options.max_subcompactions: 1
2019/10/17-14:56:12.569933 7fbc2cd30700                  Options.max_background_flushes: -1
2019/10/17-14:56:12.569934 7fbc2cd30700                         Options.WAL_ttl_seconds: 0
2019/10/17-14:56:12.569935 7fbc2cd30700                       Options.WAL_size_limit_MB: 0
2019/10/17-14:56:12.569935 7fbc2cd30700             Options.manifest_preallocation_size: 4194304
2019/10/17-14:56:12.569936 7fbc2cd30700                     Options.is_fd_close_on_exec: 1
2019/10/17-14:56:12.569937 7fbc2cd30700                   Options.advise_random_on_open: 1
2019/10/17-14:56:12.569937 7fbc2cd30700                    Options.db_write_buffer_size: 0
2019/10/17-14:56:12.569938 7fbc2cd30700                    Options.write_buffer_manager: 0x7fbbb80bf3f0
2019/10/17-14:56:12.569939 7fbc2cd30700         Options.access_hint_on_compaction_start: 1
2019/10/17-14:56:12.569939 7fbc2cd30700  Options.new_table_reader_for_compaction_inputs: 0
2019/10/17-14:56:12.569940 7fbc2cd30700           Options.random_access_max_buffer_size: 1048576
2019/10/17-14:56:12.569941 7fbc2cd30700                      Options.use_adaptive_mutex: 0
2019/10/17-14:56:12.569941 7fbc2cd30700                            Options.rate_limiter: (nil)
2019/10/17-14:56:12.569949 7fbc2cd30700     Options.sst_file_manager.rate_bytes_per_sec: 0
2019/10/17-14:56:12.569950 7fbc2cd30700                       Options.wal_recovery_mode: 2
2019/10/17-14:56:12.569951 7fbc2cd30700                  Options.enable_thread_tracking: 0
2019/10/17-14:56:12.569952 7fbc2cd30700                  Options.enable_pipelined_write: 0
2019/10/17-14:56:12.569952 7fbc2cd30700         Options.allow_concurrent_memtable_write: 1
2019/10/17-14:56:12.569953 7fbc2cd30700      Options.enable_write_thread_adaptive_yield: 1
2019/10/17-14:56:12.569954 7fbc2cd30700             Options.write_thread_max_yield_usec: 100
2019/10/17-14:56:12.569954 7fbc2cd30700            Options.write_thread_slow_yield_usec: 3
2019/10/17-14:56:12.569955 7fbc2cd30700                               Options.row_cache: None
2019/10/17-14:56:12.569956 7fbc2cd30700                              Options.wal_filter: None
2019/10/17-14:56:12.569956 7fbc2cd30700             Options.avoid_flush_during_recovery: 0
2019/10/17-14:56:12.569957 7fbc2cd30700             Options.allow_ingest_behind: 0
2019/10/17-14:56:12.569958 7fbc2cd30700             Options.preserve_deletes: 0
2019/10/17-14:56:12.569958 7fbc2cd30700             Options.two_write_queues: 0
2019/10/17-14:56:12.569959 7fbc2cd30700             Options.manual_wal_flush: 0
2019/10/17-14:56:12.569960 7fbc2cd30700             Options.max_background_jobs: 2
2019/10/17-14:56:12.569960 7fbc2cd30700             Options.max_background_compactions: -1
2019/10/17-14:56:12.569961 7fbc2cd30700             Options.avoid_flush_during_shutdown: 0
2019/10/17-14:56:12.569962 7fbc2cd30700           Options.writable_file_max_buffer_size: 1048576
2019/10/17-14:56:12.569962 7fbc2cd30700             Options.delayed_write_rate : 16777216
2019/10/17-14:56:12.569963 7fbc2cd30700             Options.max_total_wal_size: 0
2019/10/17-14:56:12.569964 7fbc2cd30700             Options.delete_obsolete_files_period_micros: 21600000000
2019/10/17-14:56:12.569964 7fbc2cd30700                   Options.stats_dump_period_sec: 600
2019/10/17-14:56:12.569965 7fbc2cd30700                          Options.max_open_files: -1
2019/10/17-14:56:12.569966 7fbc2cd30700                          Options.bytes_per_sync: 0
2019/10/17-14:56:12.569966 7fbc2cd30700                      Options.wal_bytes_per_sync: 0
2019/10/17-14:56:12.569967 7fbc2cd30700       Options.compaction_readahead_size: 0
2019/10/17-14:56:12.569968 7fbc2cd30700 Compression algorithms supported:
2019/10/17-14:56:12.569969 7fbc2cd30700 	kZSTDNotFinalCompression supported: 0
2019/10/17-14:56:12.569970 7fbc2cd30700 	kZSTD supported: 0
2019/10/17-14:56:12.569970 7fbc2cd30700 	kXpressCompression supported: 0
2019/10/17-14:56:12.569971 7fbc2cd30700 	kLZ4HCCompression supported: 0
2019/10/17-14:56:12.569972 7fbc2cd30700 	kLZ4Compression supported: 0
2019/10/17-14:56:12.569972 7fbc2cd30700 	kBZip2Compression supported: 0
2019/10/17-14:56:12.569973 7fbc2cd30700 	kZlibCompression supported: 0
2019/10/17-14:56:12.569974 7fbc2cd30700 	kSnappyCompression supported: 0
2019/10/17-14:56:12.569976 7fbc2cd30700 Fast CRC32 supported: Supported on x86
2019/10/17-14:56:12.570058 7fbc2cd30700 [db/version_set.cc:3507] Recovering from manifest file: MANIFEST-116920
2019/10/17-14:56:12.570088 7fbc2cd30700 [db/column_family.cc:472] --------------- Options for column family [default]:
2019/10/17-14:56:12.570089 7fbc2cd30700               Options.comparator: leveldb.BytewiseComparator
2019/10/17-14:56:12.570090 7fbc2cd30700           Options.merge_operator: None
2019/10/17-14:56:12.570091 7fbc2cd30700        Options.compaction_filter: None
2019/10/17-14:56:12.570091 7fbc2cd30700        Options.compaction_filter_factory: None
2019/10/17-14:56:12.570092 7fbc2cd30700         Options.memtable_factory: SkipListFactory
2019/10/17-14:56:12.570093 7fbc2cd30700            Options.table_factory: BlockBasedTable
2019/10/17-14:56:12.570107 7fbc2cd30700            table_factory options:   flush_block_policy_factory: FlushBlockBySizePolicyFactory (0x7fbbb804fe50)
  cache_index_and_filter_blocks: 0
  cache_index_and_filter_blocks_with_high_priority: 0
  pin_l0_filter_and_index_blocks_in_cache: 0
  pin_top_level_index_and_filter: 1
  index_type: 0
  hash_index_allow_collision: 1
  checksum: 1
  no_block_cache: 0
  block_cache: 0x7fbbb82ccbb0
  block_cache_name: LRUCache
  block_cache_options:
    capacity : 8388608
    num_shard_bits : 4
    strict_capacity_limit : 0
    memory_allocator : None
    high_pri_pool_ratio: 0.000
  block_cache_compressed: (nil)
  persistent_cache: (nil)
  block_size: 4096
  block_size_deviation: 10
  block_restart_interval: 16
  index_block_restart_interval: 1
  metadata_block_size: 4096
  partition_filters: 0
  use_delta_encoding: 1
  filter_policy: nullptr
  whole_key_filtering: 1
  verify_compression: 0
  read_amp_bytes_per_bit: 0
  format_version: 2
  enable_index_compression: 1
  block_align: 0
2019/10/17-14:56:12.570115 7fbc2cd30700        Options.write_buffer_size: 67108864
2019/10/17-14:56:12.570116 7fbc2cd30700  Options.max_write_buffer_number: 2
2019/10/17-14:56:12.570117 7fbc2cd30700          Options.compression: NoCompression
2019/10/17-14:56:12.570118 7fbc2cd30700                  Options.bottommost_compression: Disabled
2019/10/17-14:56:12.570118 7fbc2cd30700       Options.prefix_extractor: nullptr
2019/10/17-14:56:12.570119 7fbc2cd30700   Options.memtable_insert_with_hint_prefix_extractor: nullptr
2019/10/17-14:56:12.570120 7fbc2cd30700             Options.num_levels: 7
2019/10/17-14:56:12.570120 7fbc2cd30700        Options.min_write_buffer_number_to_merge: 1
2019/10/17-14:56:12.570121 7fbc2cd30700     Options.max_write_buffer_number_to_maintain: 0
2019/10/17-14:56:12.570122 7fbc2cd30700            Options.bottommost_compression_opts.window_bits: -14
2019/10/17-14:56:12.570122 7fbc2cd30700                  Options.bottommost_compression_opts.level: 32767
2019/10/17-14:56:12.570123 7fbc2cd30700               Options.bottommost_compression_opts.strategy: 0
2019/10/17-14:56:12.570124 7fbc2cd30700         Options.bottommost_compression_opts.max_dict_bytes: 0
2019/10/17-14:56:12.570124 7fbc2cd30700         Options.bottommost_compression_opts.zstd_max_train_bytes: 0
2019/10/17-14:56:12.570125 7fbc2cd30700                  Options.bottommost_compression_opts.enabled: false
2019/10/17-14:56:12.570126 7fbc2cd30700            Options.compression_opts.window_bits: -14
2019/10/17-14:56:12.570126 7fbc2cd30700                  Options.compression_opts.level: 32767
2019/10/17-14:56:12.570127 7fbc2cd30700               Options.compression_opts.strategy: 0
2019/10/17-14:56:12.570128 7fbc2cd30700         Options.compression_opts.max_dict_bytes: 0
2019/10/17-14:56:12.570128 7fbc2cd30700         Options.compression_opts.zstd_max_train_bytes: 0
2019/10/17-14:56:12.570129 7fbc2cd30700                  Options.compression_opts.enabled: false
2019/10/17-14:56:12.570130 7fbc2cd30700      Options.level0_file_num_compaction_trigger: 4
2019/10/17-14:56:12.570130 7fbc2cd30700          Options.level0_slowdown_writes_trigger: 20
2019/10/17-14:56:12.570131 7fbc2cd30700              Options.level0_stop_writes_trigger: 36
2019/10/17-14:56:12.570132 7fbc2cd30700                   Options.target_file_size_base: 67108864
2019/10/17-14:56:12.570132 7fbc2cd30700             Options.target_file_size_multiplier: 1
2019/10/17-14:56:12.570133 7fbc2cd30700                Options.max_bytes_for_level_base: 268435456
2019/10/17-14:56:12.570134 7fbc2cd30700 Options.level_compaction_dynamic_level_bytes: 0
2019/10/17-14:56:12.570134 7fbc2cd30700          Options.max_bytes_for_level_multiplier: 10.000000
2019/10/17-14:56:12.570136 7fbc2cd30700 Options.max_bytes_for_level_multiplier_addtl[0]: 1
2019/10/17-14:56:12.570137 7fbc2cd30700 Options.max_bytes_for_level_multiplier_addtl[1]: 1
2019/10/17-14:56:12.570138 7fbc2cd30700 Options.max_bytes_for_level_multiplier_addtl[2]: 1
2019/10/17-14:56:12.570138 7fbc2cd30700 Options.max_bytes_for_level_multiplier_addtl[3]: 1
2019/10/17-14:56:12.570139 7fbc2cd30700 Options.max_bytes_for_level_multiplier_addtl[4]: 1
2019/10/17-14:56:12.570143 7fbc2cd30700 Options.max_bytes_for_level_multiplier_addtl[5]: 1
2019/10/17-14:56:12.570144 7fbc2cd30700 Options.max_bytes_for_level_multiplier_addtl[6]: 1
2019/10/17-14:56:12.570144 7fbc2cd30700       Options.max_sequential_skip_in_iterations: 8
2019/10/17-14:56:12.570145 7fbc2cd30700                    Options.max_compaction_bytes: 1677721600
2019/10/17-14:56:12.570146 7fbc2cd30700                        Options.arena_block_size: 8388608
2019/10/17-14:56:12.570146 7fbc2cd30700   Options.soft_pending_compaction_bytes_limit: 68719476736
2019/10/17-14:56:12.570147 7fbc2cd30700   Options.hard_pending_compaction_bytes_limit: 274877906944
2019/10/17-14:56:12.570148 7fbc2cd30700       Options.rate_limit_delay_max_milliseconds: 100
2019/10/17-14:56:12.570148 7fbc2cd30700                Options.disable_auto_compactions: 0
2019/10/17-14:56:12.570150 7fbc2cd30700                        Options.compaction_style: kCompactionStyleLevel
2019/10/17-14:56:12.570151 7fbc2cd30700                          Options.compaction_pri: kByCompensatedSize
2019/10/17-14:56:12.570151 7fbc2cd30700 Options.compaction_options_universal.size_ratio: 1
2019/10/17-14:56:12.570152 7fbc2cd30700 Options.compaction_options_universal.min_merge_width: 2
2019/10/17-14:56:12.570152 7fbc2cd30700 Options.compaction_options_universal.max_merge_width: 4294967295
2019/10/17-14:56:12.570153 7fbc2cd30700 Options.compaction_options_universal.max_size_amplification_percent: 200
2019/10/17-14:56:12.570154 7fbc2cd30700 Options.compaction_options_universal.compression_size_percent: -1
2019/10/17-14:56:12.570155 7fbc2cd30700 Options.compaction_options_universal.stop_style: kCompactionStopStyleTotalSize
2019/10/17-14:56:12.570156 7fbc2cd30700 Options.compaction_options_fifo.max_table_files_size: 1073741824
2019/10/17-14:56:12.570156 7fbc2cd30700 Options.compaction_options_fifo.allow_compaction: 0
2019/10/17-14:56:12.570157 7fbc2cd30700 Options.compaction_options_fifo.ttl: 0
2019/10/17-14:56:12.570158 7fbc2cd30700                   Options.table_properties_collectors: 
2019/10/17-14:56:12.570158 7fbc2cd30700                   Options.inplace_update_support: 0
2019/10/17-14:56:12.570159 7fbc2cd30700                 Options.inplace_update_num_locks: 10000
2019/10/17-14:56:12.570160 7fbc2cd30700               Options.memtable_prefix_bloom_size_ratio: 0.000000
2019/10/17-14:56:12.570161 7fbc2cd30700   Options.memtable_huge_page_size: 0
2019/10/17-14:56:12.570161 7fbc2cd30700                           Options.bloom_locality: 0
2019/10/17-14:56:12.570162 7fbc2cd30700                    Options.max_successive_merges: 0
2019/10/17-14:56:12.570163 7fbc2cd30700                Options.optimize_filters_for_hits: 0
2019/10/17-14:56:12.570163 7fbc2cd30700                Options.paranoid_file_checks: 0
2019/10/17-14:56:12.570164 7fbc2cd30700                Options.force_consistency_checks: 0
2019/10/17-14:56:12.570164 7fbc2cd30700                Options.report_bg_io_stats: 0
2019/10/17-14:56:12.570165 7fbc2cd30700                               Options.ttl: 0
2019/10/17-14:56:12.570189 7fbc2cd30700 [db/column_family.cc:472] --------------- Options for column family [active_gateways]:
2019/10/17-14:56:12.570190 7fbc2cd30700               Options.comparator: leveldb.BytewiseComparator
2019/10/17-14:56:12.570191 7fbc2cd30700           Options.merge_operator: None
2019/10/17-14:56:12.570192 7fbc2cd30700        Options.compaction_filter: None
2019/10/17-14:56:12.570192 7fbc2cd30700        Options.compaction_filter_factory: None
2019/10/17-14:56:12.570193 7fbc2cd30700         Options.memtable_factory: SkipListFactory
2019/10/17-14:56:12.570194 7fbc2cd30700            Options.table_factory: BlockBasedTable
2019/10/17-14:56:12.570203 7fbc2cd30700            table_factory options:   flush_block_policy_factory: FlushBlockBySizePolicyFactory (0x7fbbb80224e0)
  cache_index_and_filter_blocks: 0
  cache_index_and_filter_blocks_with_high_priority: 0
  pin_l0_filter_and_index_blocks_in_cache: 0
  pin_top_level_index_and_filter: 1
  index_type: 0
  hash_index_allow_collision: 1
  checksum: 1
  no_block_cache: 0
  block_cache: 0x7fbbb809cd80
  block_cache_name: LRUCache
  block_cache_options:
    capacity : 8388608
    num_shard_bits : 4
    strict_capacity_limit : 0
    memory_allocator : None
    high_pri_pool_ratio: 0.000
  block_cache_compressed: (nil)
  persistent_cache: (nil)
  block_size: 4096
  block_size_deviation: 10
  block_restart_interval: 16
  index_block_restart_interval: 1
  metadata_block_size: 4096
  partition_filters: 0
  use_delta_encoding: 1
  filter_policy: nullptr
  whole_key_filtering: 1
  verify_compression: 0
  read_amp_bytes_per_bit: 0
  format_version: 2
  enable_index_compression: 1
  block_align: 0
2019/10/17-14:56:12.570208 7fbc2cd30700        Options.write_buffer_size: 67108864
2019/10/17-14:56:12.570209 7fbc2cd30700  Options.max_write_buffer_number: 2
2019/10/17-14:56:12.570210 7fbc2cd30700          Options.compression: NoCompression
2019/10/17-14:56:12.570211 7fbc2cd30700                  Options.bottommost_compression: Disabled
2019/10/17-14:56:12.570211 7fbc2cd30700       Options.prefix_extractor: nullptr
2019/10/17-14:56:12.570212 7fbc2cd30700   Options.memtable_insert_with_hint_prefix_extractor: nullptr
2019/10/17-14:56:12.570213 7fbc2cd30700             Options.num_levels: 7
2019/10/17-14:56:12.570213 7fbc2cd30700        Options.min_write_buffer_number_to_merge: 1
2019/10/17-14:56:12.570214 7fbc2cd30700     Options.max_write_buffer_number_to_maintain: 0
2019/10/17-14:56:12.570215 7fbc2cd30700            Options.bottommost_compression_opts.window_bits: -14
2019/10/17-14:56:12.570215 7fbc2cd30700                  Options.bottommost_compression_opts.level: 32767
2019/10/17-14:56:12.570216 7fbc2cd30700               Options.bottommost_compression_opts.strategy: 0
2019/10/17-14:56:12.570217 7fbc2cd30700         Options.bottommost_compression_opts.max_dict_bytes: 0
2019/10/17-14:56:12.570217 7fbc2cd30700         Options.bottommost_compression_opts.zstd_max_train_bytes: 0
2019/10/17-14:56:12.570218 7fbc2cd30700                  Options.bottommost_compression_opts.enabled: false
2019/10/17-14:56:12.570219 7fbc2cd30700            Options.compression_opts.window_bits: -14
2019/10/17-14:56:12.570219 7fbc2cd30700                  Options.compression_opts.level: 32767
2019/10/17-14:56:12.570220 7fbc2cd30700               Options.compression_opts.strategy: 0
2019/10/17-14:56:12.570220 7fbc2cd30700         Options.compression_opts.max_dict_bytes: 0
2019/10/17-14:56:12.570221 7fbc2cd30700         Options.compression_opts.zstd_max_train_bytes: 0
2019/10/17-14:56:12.570222 7fbc2cd30700                  Options.compression_opts.enabled: false
2019/10/17-14:56:12.570222 7fbc2cd30700      Options.level0_file_num_compaction_trigger: 4
2019/10/17-14:56:12.570223 7fbc2cd30700          Options.level0_slowdown_writes_trigger: 20
2019/10/17-14:56:12.570224 7fbc2cd30700              Options.level0_stop_writes_trigger: 36
2019/10/17-14:56:12.570224 7fbc2cd30700                   Options.target_file_size_base: 67108864
2019/10/17-14:56:12.570225 7fbc2cd30700             Options.target_file_size_multiplier: 1
2019/10/17-14:56:12.570226 7fbc2cd30700                Options.max_bytes_for_level_base: 268435456
2019/10/17-14:56:12.570226 7fbc2cd30700 Options.level_compaction_dynamic_level_bytes: 0
2019/10/17-14:56:12.570227 7fbc2cd30700          Options.max_bytes_for_level_multiplier: 10.000000
2019/10/17-14:56:12.570228 7fbc2cd30700 Options.max_bytes_for_level_multiplier_addtl[0]: 1
2019/10/17-14:56:12.570229 7fbc2cd30700 Options.max_bytes_for_level_multiplier_addtl[1]: 1
2019/10/17-14:56:12.570230 7fbc2cd30700 Options.max_bytes_for_level_multiplier_addtl[2]: 1
2019/10/17-14:56:12.570230 7fbc2cd30700 Options.max_bytes_for_level_multiplier_addtl[3]: 1
2019/10/17-14:56:12.570231 7fbc2cd30700 Options.max_bytes_for_level_multiplier_addtl[4]: 1
2019/10/17-14:56:12.570232 7fbc2cd30700 Options.max_bytes_for_level_multiplier_addtl[5]: 1
2019/10/17-14:56:12.570232 7fbc2cd30700 Options.max_bytes_for_level_multiplier_addtl[6]: 1
2019/10/17-14:56:12.570233 7fbc2cd30700       Options.max_sequential_skip_in_iterations: 8
2019/10/17-14:56:12.570237 7fbc2cd30700                    Options.max_compaction_bytes: 1677721600
2019/10/17-14:56:12.570237 7fbc2cd30700                        Options.arena_block_size: 8388608
2019/10/17-14:56:12.570238 7fbc2cd30700   Options.soft_pending_compaction_bytes_limit: 68719476736
2019/10/17-14:56:12.570239 7fbc2cd30700   Options.hard_pending_compaction_bytes_limit: 274877906944
2019/10/17-14:56:12.570239 7fbc2cd30700       Options.rate_limit_delay_max_milliseconds: 100
2019/10/17-14:56:12.570240 7fbc2cd30700                Options.disable_auto_compactions: 0
2019/10/17-14:56:12.570241 7fbc2cd30700                        Options.compaction_style: kCompactionStyleLevel
2019/10/17-14:56:12.570242 7fbc2cd30700                          Options.compaction_pri: kByCompensatedSize
2019/10/17-14:56:12.570242 7fbc2cd30700 Options.compaction_options_universal.size_ratio: 1
2019/10/17-14:56:12.570243 7fbc2cd30700 Options.compaction_options_universal.min_merge_width: 2
2019/10/17-14:56:12.570244 7fbc2cd30700 Options.compaction_options_universal.max_merge_width: 4294967295
2019/10/17-14:56:12.570244 7fbc2cd30700 Options.compaction_options_universal.max_size_amplification_percent: 200
2019/10/17-14:56:12.570245 7fbc2cd30700 Options.compaction_options_universal.compression_size_percent: -1
2019/10/17-14:56:12.570246 7fbc2cd30700 Options.compaction_options_universal.stop_style: kCompactionStopStyleTotalSize
2019/10/17-14:56:12.570247 7fbc2cd30700 Options.compaction_options_fifo.max_table_files_size: 1073741824
2019/10/17-14:56:12.570247 7fbc2cd30700 Options.compaction_options_fifo.allow_compaction: 0
2019/10/17-14:56:12.570248 7fbc2cd30700 Options.compaction_options_fifo.ttl: 0
2019/10/17-14:56:12.570248 7fbc2cd30700                   Options.table_properties_collectors: 
2019/10/17-14:56:12.570249 7fbc2cd30700                   Options.inplace_update_support: 0
2019/10/17-14:56:12.570250 7fbc2cd30700                 Options.inplace_update_num_locks: 10000
2019/10/17-14:56:12.570250 7fbc2cd30700               Options.memtable_prefix_bloom_size_ratio: 0.000000
2019/10/17-14:56:12.570251 7fbc2cd30700   Options.memtable_huge_page_size: 0
2019/10/17-14:56:12.570252 7fbc2cd30700                           Options.bloom_locality: 0
2019/10/17-14:56:12.570253 7fbc2cd30700                    Options.max_successive_merges: 0
2019/10/17-14:56:12.570253 7fbc2cd30700                Options.optimize_filters_for_hits: 0
2019/10/17-14:56:12.570254 7fbc2cd30700                Options.paranoid_file_checks: 0
2019/10/17-14:56:12.570255 7fbc2cd30700                Options.force_consistency_checks: 0
2019/10/17-14:56:12.570255 7fbc2cd30700                Options.report_bg_io_stats: 0
2019/10/17-14:56:12.570256 7fbc2cd30700                               Options.ttl: 0
2019/10/17-14:56:12.570270 7fbc2cd30700 [db/column_family.cc:472] --------------- Options for column family [entries]:
2019/10/17-14:56:12.570271 7fbc2cd30700               Options.comparator: leveldb.BytewiseComparator
2019/10/17-14:56:12.570272 7fbc2cd30700           Options.merge_operator: None
2019/10/17-14:56:12.570272 7fbc2cd30700        Options.compaction_filter: None
2019/10/17-14:56:12.570273 7fbc2cd30700        Options.compaction_filter_factory: None
2019/10/17-14:56:12.570274 7fbc2cd30700         Options.memtable_factory: SkipListFactory
2019/10/17-14:56:12.570274 7fbc2cd30700            Options.table_factory: BlockBasedTable
2019/10/17-14:56:12.570283 7fbc2cd30700            table_factory options:   flush_block_policy_factory: FlushBlockBySizePolicyFactory (0x7fbbb80983f0)
  cache_index_and_filter_blocks: 0
  cache_index_and_filter_blocks_with_high_priority: 0
  pin_l0_filter_and_index_blocks_in_cache: 0
  pin_top_level_index_and_filter: 1
  index_type: 0
  hash_index_allow_collision: 1
  checksum: 1
  no_block_cache: 0
  block_cache: 0x7fbbb8045520
  block_cache_name: LRUCache
  block_cache_options:
    capacity : 8388608
    num_shard_bits : 4
    strict_capacity_limit : 0
    memory_allocator : None
    high_pri_pool_ratio: 0.000
  block_cache_compressed: (nil)
  persistent_cache: (nil)
  block_size: 4096
  block_size_deviation: 10
  block_restart_interval: 16
  index_block_restart_interval: 1
  metadata_block_size: 4096
  partition_filters: 0
  use_delta_encoding: 1
  filter_policy: nullptr
  whole_key_filtering: 1
  verify_compression: 0
  read_amp_bytes_per_bit: 0
  format_version: 2
  enable_index_compression: 1
  block_align: 0
2019/10/17-14:56:12.570288 7fbc2cd30700        Options.write_buffer_size: 67108864
2019/10/17-14:56:12.570289 7fbc2cd30700  Options.max_write_buffer_number: 2
2019/10/17-14:56:12.570289 7fbc2cd30700          Options.compression: NoCompression
2019/10/17-14:56:12.570290 7fbc2cd30700                  Options.bottommost_compression: Disabled
2019/10/17-14:56:12.570291 7fbc2cd30700       Options.prefix_extractor: nullptr
2019/10/17-14:56:12.570291 7fbc2cd30700   Options.memtable_insert_with_hint_prefix_extractor: nullptr
2019/10/17-14:56:12.570292 7fbc2cd30700             Options.num_levels: 7
2019/10/17-14:56:12.570293 7fbc2cd30700        Options.min_write_buffer_number_to_merge: 1
2019/10/17-14:56:12.570293 7fbc2cd30700     Options.max_write_buffer_number_to_maintain: 0
2019/10/17-14:56:12.570294 7fbc2cd30700            Options.bottommost_compression_opts.window_bits: -14
2019/10/17-14:56:12.570295 7fbc2cd30700                  Options.bottommost_compression_opts.level: 32767
2019/10/17-14:56:12.570295 7fbc2cd30700               Options.bottommost_compression_opts.strategy: 0
2019/10/17-14:56:12.570296 7fbc2cd30700         Options.bottommost_compression_opts.max_dict_bytes: 0
2019/10/17-14:56:12.570297 7fbc2cd30700         Options.bottommost_compression_opts.zstd_max_train_bytes: 0
2019/10/17-14:56:12.570297 7fbc2cd30700                  Options.bottommost_compression_opts.enabled: false
2019/10/17-14:56:12.570298 7fbc2cd30700            Options.compression_opts.window_bits: -14
2019/10/17-14:56:12.570299 7fbc2cd30700                  Options.compression_opts.level: 32767
2019/10/17-14:56:12.570299 7fbc2cd30700               Options.compression_opts.strategy: 0
2019/10/17-14:56:12.570300 7fbc2cd30700         Options.compression_opts.max_dict_bytes: 0
2019/10/17-14:56:12.570300 7fbc2cd30700         Options.compression_opts.zstd_max_train_bytes: 0
2019/10/17-14:56:12.570301 7fbc2cd30700                  Options.compression_opts.enabled: false
2019/10/17-14:56:12.570302 7fbc2cd30700      Options.level0_file_num_compaction_trigger: 4
2019/10/17-14:56:12.570302 7fbc2cd30700          Options.level0_slowdown_writes_trigger: 20
2019/10/17-14:56:12.570303 7fbc2cd30700              Options.level0_stop_writes_trigger: 36
2019/10/17-14:56:12.570304 7fbc2cd30700                   Options.target_file_size_base: 67108864
2019/10/17-14:56:12.570304 7fbc2cd30700             Options.target_file_size_multiplier: 1
2019/10/17-14:56:12.570305 7fbc2cd30700                Options.max_bytes_for_level_base: 268435456
2019/10/17-14:56:12.570306 7fbc2cd30700 Options.level_compaction_dynamic_level_bytes: 0
2019/10/17-14:56:12.570306 7fbc2cd30700          Options.max_bytes_for_level_multiplier: 10.000000
2019/10/17-14:56:12.570307 7fbc2cd30700 Options.max_bytes_for_level_multiplier_addtl[0]: 1
2019/10/17-14:56:12.570308 7fbc2cd30700 Options.max_bytes_for_level_multiplier_addtl[1]: 1
2019/10/17-14:56:12.570309 7fbc2cd30700 Options.max_bytes_for_level_multiplier_addtl[2]: 1
2019/10/17-14:56:12.570309 7fbc2cd30700 Options.max_bytes_for_level_multiplier_addtl[3]: 1
2019/10/17-14:56:12.570310 7fbc2cd30700 Options.max_bytes_for_level_multiplier_addtl[4]: 1
2019/10/17-14:56:12.570311 7fbc2cd30700 Options.max_bytes_for_level_multiplier_addtl[5]: 1
2019/10/17-14:56:12.570311 7fbc2cd30700 Options.max_bytes_for_level_multiplier_addtl[6]: 1
2019/10/17-14:56:12.570312 7fbc2cd30700       Options.max_sequential_skip_in_iterations: 8
2019/10/17-14:56:12.570313 7fbc2cd30700                    Options.max_compaction_bytes: 1677721600
2019/10/17-14:56:12.570313 7fbc2cd30700                        Options.arena_block_size: 8388608
2019/10/17-14:56:12.570314 7fbc2cd30700   Options.soft_pending_compaction_bytes_limit: 68719476736
2019/10/17-14:56:12.570318 7fbc2cd30700   Options.hard_pending_compaction_bytes_limit: 274877906944
2019/10/17-14:56:12.570319 7fbc2cd30700       Options.rate_limit_delay_max_milliseconds: 100
2019/10/17-14:56:12.570319 7fbc2cd30700                Options.disable_auto_compactions: 0
2019/10/17-14:56:12.570320 7fbc2cd30700                        Options.compaction_style: kCompactionStyleLevel
2019/10/17-14:56:12.570321 7fbc2cd30700                          Options.compaction_pri: kByCompensatedSize
2019/10/17-14:56:12.570322 7fbc2cd30700 Options.compaction_options_universal.size_ratio: 1
2019/10/17-14:56:12.570322 7fbc2cd30700 Options.compaction_options_universal.min_merge_width: 2
2019/10/17-14:56:12.570323 7fbc2cd30700 Options.compaction_options_universal.max_merge_width: 4294967295
2019/10/17-14:56:12.570323 7fbc2cd30700 Options.compaction_options_universal.max_size_amplification_percent: 200
2019/10/17-14:56:12.570324 7fbc2cd30700 Options.compaction_options_universal.compression_size_percent: -1
2019/10/17-14:56:12.570325 7fbc2cd30700 Options.compaction_options_universal.stop_style: kCompactionStopStyleTotalSize
2019/10/17-14:56:12.570326 7fbc2cd30700 Options.compaction_options_fifo.max_table_files_size: 1073741824
2019/10/17-14:56:12.570326 7fbc2cd30700 Options.compaction_options_fifo.allow_compaction: 0
2019/10/17-14:56:12.570327 7fbc2cd30700 Options.compaction_options_fifo.ttl: 0
2019/10/17-14:56:12.570328 7fbc2cd30700                   Options.table_properties_collectors: 
2019/10/17-14:56:12.570328 7fbc2cd30700                   Options.inplace_update_support: 0
2019/10/17-14:56:12.570329 7fbc2cd30700                 Options.inplace_update_num_locks: 10000
2019/10/17-14:56:12.570330 7fbc2cd30700               Options.memtable_prefix_bloom_size_ratio: 0.000000
2019/10/17-14:56:12.570330 7fbc2cd30700   Options.memtable_huge_page_size: 0
2019/10/17-14:56:12.570331 7fbc2cd30700                           Options.bloom_locality: 0
2019/10/17-14:56:12.570332 7fbc2cd30700                    Options.max_successive_merges: 0
2019/10/17-14:56:12.570332 7fbc2cd30700                Options.optimize_filters_for_hits: 0
2019/10/17-14:56:12.570333 7fbc2cd30700                Options.paranoid_file_checks: 0
2019/10/17-14:56:12.570334 7fbc2cd30700                Options.force_consistency_checks: 0
2019/10/17-14:56:12.570334 7fbc2cd30700                Options.report_bg_io_stats: 0
2019/10/17-14:56:12.570335 7fbc2cd30700                               Options.ttl: 0
2019/10/17-14:56:12.570347 7fbc2cd30700 [db/column_family.cc:472] --------------- Options for column family [dc_entries]:
2019/10/17-14:56:12.570348 7fbc2cd30700               Options.comparator: leveldb.BytewiseComparator
2019/10/17-14:56:12.570349 7fbc2cd30700           Options.merge_operator: None
2019/10/17-14:56:12.570350 7fbc2cd30700        Options.compaction_filter: None
2019/10/17-14:56:12.570350 7fbc2cd30700        Options.compaction_filter_factory: None
2019/10/17-14:56:12.570351 7fbc2cd30700         Options.memtable_factory: SkipListFactory
2019/10/17-14:56:12.570352 7fbc2cd30700            Options.table_factory: BlockBasedTable
2019/10/17-14:56:12.570360 7fbc2cd30700            table_factory options:   flush_block_policy_factory: FlushBlockBySizePolicyFactory (0x7fbbb80671f0)
  cache_index_and_filter_blocks: 0
  cache_index_and_filter_blocks_with_high_priority: 0
  pin_l0_filter_and_index_blocks_in_cache: 0
  pin_top_level_index_and_filter: 1
  index_type: 0
  hash_index_allow_collision: 1
  checksum: 1
  no_block_cache: 0
  block_cache: 0x7fbbb8091c90
  block_cache_name: LRUCache
  block_cache_options:
    capacity : 8388608
    num_shard_bits : 4
    strict_capacity_limit : 0
    memory_allocator : None
    high_pri_pool_ratio: 0.000
  block_cache_compressed: (nil)
  persistent_cache: (nil)
  block_size: 4096
  block_size_deviation: 10
  block_restart_interval: 16
  index_block_restart_interval: 1
  metadata_block_size: 4096
  partition_filters: 0
  use_delta_encoding: 1
  filter_policy: nullptr
  whole_key_filtering: 1
  verify_compression: 0
  read_amp_bytes_per_bit: 0
  format_version: 2
  enable_index_compression: 1
  block_align: 0
2019/10/17-14:56:12.570365 7fbc2cd30700        Options.write_buffer_size: 67108864
2019/10/17-14:56:12.570366 7fbc2cd30700  Options.max_write_buffer_number: 2
2019/10/17-14:56:12.570367 7fbc2cd30700          Options.compression: NoCompression
2019/10/17-14:56:12.570367 7fbc2cd30700                  Options.bottommost_compression: Disabled
2019/10/17-14:56:12.570368 7fbc2cd30700       Options.prefix_extractor: nullptr
2019/10/17-14:56:12.570369 7fbc2cd30700   Options.memtable_insert_with_hint_prefix_extractor: nullptr
2019/10/17-14:56:12.570369 7fbc2cd30700             Options.num_levels: 7
2019/10/17-14:56:12.570370 7fbc2cd30700        Options.min_write_buffer_number_to_merge: 1
2019/10/17-14:56:12.570371 7fbc2cd30700     Options.max_write_buffer_number_to_maintain: 0
2019/10/17-14:56:12.570371 7fbc2cd30700            Options.bottommost_compression_opts.window_bits: -14
2019/10/17-14:56:12.570372 7fbc2cd30700                  Options.bottommost_compression_opts.level: 32767
2019/10/17-14:56:12.570372 7fbc2cd30700               Options.bottommost_compression_opts.strategy: 0
2019/10/17-14:56:12.570373 7fbc2cd30700         Options.bottommost_compression_opts.max_dict_bytes: 0
2019/10/17-14:56:12.570374 7fbc2cd30700         Options.bottommost_compression_opts.zstd_max_train_bytes: 0
2019/10/17-14:56:12.570374 7fbc2cd30700                  Options.bottommost_compression_opts.enabled: false
2019/10/17-14:56:12.570375 7fbc2cd30700            Options.compression_opts.window_bits: -14
2019/10/17-14:56:12.570376 7fbc2cd30700                  Options.compression_opts.level: 32767
2019/10/17-14:56:12.570376 7fbc2cd30700               Options.compression_opts.strategy: 0
2019/10/17-14:56:12.570377 7fbc2cd30700         Options.compression_opts.max_dict_bytes: 0
2019/10/17-14:56:12.570378 7fbc2cd30700         Options.compression_opts.zstd_max_train_bytes: 0
2019/10/17-14:56:12.570378 7fbc2cd30700                  Options.compression_opts.enabled: false
2019/10/17-14:56:12.570379 7fbc2cd30700      Options.level0_file_num_compaction_trigger: 4
2019/10/17-14:56:12.570380 7fbc2cd30700          Options.level0_slowdown_writes_trigger: 20
2019/10/17-14:56:12.570380 7fbc2cd30700              Options.level0_stop_writes_trigger: 36
2019/10/17-14:56:12.570381 7fbc2cd30700                   Options.target_file_size_base: 67108864
2019/10/17-14:56:12.570381 7fbc2cd30700             Options.target_file_size_multiplier: 1
2019/10/17-14:56:12.570382 7fbc2cd30700                Options.max_bytes_for_level_base: 268435456
2019/10/17-14:56:12.570383 7fbc2cd30700 Options.level_compaction_dynamic_level_bytes: 0
2019/10/17-14:56:12.570383 7fbc2cd30700          Options.max_bytes_for_level_multiplier: 10.000000
2019/10/17-14:56:12.570384 7fbc2cd30700 Options.max_bytes_for_level_multiplier_addtl[0]: 1
2019/10/17-14:56:12.570385 7fbc2cd30700 Options.max_bytes_for_level_multiplier_addtl[1]: 1
2019/10/17-14:56:12.570386 7fbc2cd30700 Options.max_bytes_for_level_multiplier_addtl[2]: 1
2019/10/17-14:56:12.570386 7fbc2cd30700 Options.max_bytes_for_level_multiplier_addtl[3]: 1
2019/10/17-14:56:12.570387 7fbc2cd30700 Options.max_bytes_for_level_multiplier_addtl[4]: 1
2019/10/17-14:56:12.570388 7fbc2cd30700 Options.max_bytes_for_level_multiplier_addtl[5]: 1
2019/10/17-14:56:12.570388 7fbc2cd30700 Options.max_bytes_for_level_multiplier_addtl[6]: 1
2019/10/17-14:56:12.570389 7fbc2cd30700       Options.max_sequential_skip_in_iterations: 8
2019/10/17-14:56:12.570390 7fbc2cd30700                    Options.max_compaction_bytes: 1677721600
2019/10/17-14:56:12.570390 7fbc2cd30700                        Options.arena_block_size: 8388608
2019/10/17-14:56:12.570391 7fbc2cd30700   Options.soft_pending_compaction_bytes_limit: 68719476736
2019/10/17-14:56:12.570392 7fbc2cd30700   Options.hard_pending_compaction_bytes_limit: 274877906944
2019/10/17-14:56:12.570392 7fbc2cd30700       Options.rate_limit_delay_max_milliseconds: 100
2019/10/17-14:56:12.570393 7fbc2cd30700                Options.disable_auto_compactions: 0
2019/10/17-14:56:12.570397 7fbc2cd30700                        Options.compaction_style: kCompactionStyleLevel
2019/10/17-14:56:12.570398 7fbc2cd30700                          Options.compaction_pri: kByCompensatedSize
2019/10/17-14:56:12.570399 7fbc2cd30700 Options.compaction_options_universal.size_ratio: 1
2019/10/17-14:56:12.570400 7fbc2cd30700 Options.compaction_options_universal.min_merge_width: 2
2019/10/17-14:56:12.570400 7fbc2cd30700 Options.compaction_options_universal.max_merge_width: 4294967295
2019/10/17-14:56:12.570401 7fbc2cd30700 Options.compaction_options_universal.max_size_amplification_percent: 200
2019/10/17-14:56:12.570401 7fbc2cd30700 Options.compaction_options_universal.compression_size_percent: -1
2019/10/17-14:56:12.570402 7fbc2cd30700 Options.compaction_options_universal.stop_style: kCompactionStopStyleTotalSize
2019/10/17-14:56:12.570403 7fbc2cd30700 Options.compaction_options_fifo.max_table_files_size: 1073741824
2019/10/17-14:56:12.570404 7fbc2cd30700 Options.compaction_options_fifo.allow_compaction: 0
2019/10/17-14:56:12.570404 7fbc2cd30700 Options.compaction_options_fifo.ttl: 0
2019/10/17-14:56:12.570405 7fbc2cd30700                   Options.table_properties_collectors: 
2019/10/17-14:56:12.570405 7fbc2cd30700                   Options.inplace_update_support: 0
2019/10/17-14:56:12.570406 7fbc2cd30700                 Options.inplace_update_num_locks: 10000
2019/10/17-14:56:12.570407 7fbc2cd30700               Options.memtable_prefix_bloom_size_ratio: 0.000000
2019/10/17-14:56:12.570408 7fbc2cd30700   Options.memtable_huge_page_size: 0
2019/10/17-14:56:12.570408 7fbc2cd30700                           Options.bloom_locality: 0
2019/10/17-14:56:12.570409 7fbc2cd30700                    Options.max_successive_merges: 0
2019/10/17-14:56:12.570410 7fbc2cd30700                Options.optimize_filters_for_hits: 0
2019/10/17-14:56:12.570410 7fbc2cd30700                Options.paranoid_file_checks: 0
2019/10/17-14:56:12.570411 7fbc2cd30700                Options.force_consistency_checks: 0
2019/10/17-14:56:12.570412 7fbc2cd30700                Options.report_bg_io_stats: 0
2019/10/17-14:56:12.570412 7fbc2cd30700                               Options.ttl: 0
2019/10/17-14:56:12.570423 7fbc2cd30700 [db/column_family.cc:472] --------------- Options for column family [htlcs]:
2019/10/17-14:56:12.570424 7fbc2cd30700               Options.comparator: leveldb.BytewiseComparator
2019/10/17-14:56:12.570425 7fbc2cd30700           Options.merge_operator: None
2019/10/17-14:56:12.570426 7fbc2cd30700        Options.compaction_filter: None
2019/10/17-14:56:12.570427 7fbc2cd30700        Options.compaction_filter_factory: None
2019/10/17-14:56:12.570427 7fbc2cd30700         Options.memtable_factory: SkipListFactory
2019/10/17-14:56:12.570428 7fbc2cd30700            Options.table_factory: BlockBasedTable
2019/10/17-14:56:12.570436 7fbc2cd30700            table_factory options:   flush_block_policy_factory: FlushBlockBySizePolicyFactory (0x7fbbb80bf790)
