2019/10/17-14:54:16.496460 7fc3a9fcb700 RocksDB version: 5.18.3
2019/10/17-14:54:16.496482 7fc3a9fcb700 Git sha rocksdb_build_git_sha:@0@
2019/10/17-14:54:16.496483 7fc3a9fcb700 Compile date Sep 19 2019
2019/10/17-14:54:16.496484 7fc3a9fcb700 DB SUMMARY
2019/10/17-14:54:16.496990 7fc3a9fcb700 CURRENT file:  CURRENT
2019/10/17-14:54:16.496991 7fc3a9fcb700 IDENTITY file:  IDENTITY
2019/10/17-14:54:16.497013 7fc3a9fcb700 MANIFEST file:  MANIFEST-114961 size: 4114 Bytes
2019/10/17-14:54:16.497014 7fc3a9fcb700 SST files in /home/rahul/dev/blockchain-core/eqc/ledger.db dir, Total Num: 29, files: 000624.sst 000627.sst 106940.sst 108447.sst 108450.sst 109471.sst 109483.sst 109485.sst 109486.sst 
2019/10/17-14:54:16.497015 7fc3a9fcb700 Write Ahead Log file in /home/rahul/dev/blockchain-core/eqc/ledger.db: 114962.log size: 0 ; 
2019/10/17-14:54:16.497039 7fc3a9fcb700                         Options.error_if_exists: 0
2019/10/17-14:54:16.497040 7fc3a9fcb700                       Options.create_if_missing: 1
2019/10/17-14:54:16.497040 7fc3a9fcb700                         Options.paranoid_checks: 1
2019/10/17-14:54:16.497041 7fc3a9fcb700                                     Options.env: 0x7fc32ae1fc60
2019/10/17-14:54:16.497042 7fc3a9fcb700                                Options.info_log: 0x7fc350075ff0
2019/10/17-14:54:16.497042 7fc3a9fcb700                Options.max_file_opening_threads: 16
2019/10/17-14:54:16.497043 7fc3a9fcb700                              Options.statistics: (nil)
2019/10/17-14:54:16.497043 7fc3a9fcb700                               Options.use_fsync: 0
2019/10/17-14:54:16.497044 7fc3a9fcb700                       Options.max_log_file_size: 0
2019/10/17-14:54:16.497045 7fc3a9fcb700                  Options.max_manifest_file_size: 1073741824
2019/10/17-14:54:16.497045 7fc3a9fcb700                   Options.log_file_time_to_roll: 0
2019/10/17-14:54:16.497046 7fc3a9fcb700                       Options.keep_log_file_num: 1000
2019/10/17-14:54:16.497046 7fc3a9fcb700                    Options.recycle_log_file_num: 0
2019/10/17-14:54:16.497047 7fc3a9fcb700                         Options.allow_fallocate: 1
2019/10/17-14:54:16.497047 7fc3a9fcb700                        Options.allow_mmap_reads: 0
2019/10/17-14:54:16.497048 7fc3a9fcb700                       Options.allow_mmap_writes: 0
2019/10/17-14:54:16.497048 7fc3a9fcb700                        Options.use_direct_reads: 0
2019/10/17-14:54:16.497049 7fc3a9fcb700                        Options.use_direct_io_for_flush_and_compaction: 0
2019/10/17-14:54:16.497049 7fc3a9fcb700          Options.create_missing_column_families: 0
2019/10/17-14:54:16.497050 7fc3a9fcb700                              Options.db_log_dir: 
2019/10/17-14:54:16.497051 7fc3a9fcb700                                 Options.wal_dir: /home/rahul/dev/blockchain-core/eqc/ledger.db
2019/10/17-14:54:16.497051 7fc3a9fcb700                Options.table_cache_numshardbits: 6
2019/10/17-14:54:16.497052 7fc3a9fcb700                      Options.max_subcompactions: 1
2019/10/17-14:54:16.497052 7fc3a9fcb700                  Options.max_background_flushes: -1
2019/10/17-14:54:16.497053 7fc3a9fcb700                         Options.WAL_ttl_seconds: 0
2019/10/17-14:54:16.497053 7fc3a9fcb700                       Options.WAL_size_limit_MB: 0
2019/10/17-14:54:16.497054 7fc3a9fcb700             Options.manifest_preallocation_size: 4194304
2019/10/17-14:54:16.497054 7fc3a9fcb700                     Options.is_fd_close_on_exec: 1
2019/10/17-14:54:16.497055 7fc3a9fcb700                   Options.advise_random_on_open: 1
2019/10/17-14:54:16.497055 7fc3a9fcb700                    Options.db_write_buffer_size: 0
2019/10/17-14:54:16.497056 7fc3a9fcb700                    Options.write_buffer_manager: 0x7fc3500f9e30
2019/10/17-14:54:16.497057 7fc3a9fcb700         Options.access_hint_on_compaction_start: 1
2019/10/17-14:54:16.497057 7fc3a9fcb700  Options.new_table_reader_for_compaction_inputs: 0
2019/10/17-14:54:16.497058 7fc3a9fcb700           Options.random_access_max_buffer_size: 1048576
2019/10/17-14:54:16.497058 7fc3a9fcb700                      Options.use_adaptive_mutex: 0
2019/10/17-14:54:16.497059 7fc3a9fcb700                            Options.rate_limiter: (nil)
2019/10/17-14:54:16.497065 7fc3a9fcb700     Options.sst_file_manager.rate_bytes_per_sec: 0
2019/10/17-14:54:16.497066 7fc3a9fcb700                       Options.wal_recovery_mode: 2
2019/10/17-14:54:16.497067 7fc3a9fcb700                  Options.enable_thread_tracking: 0
2019/10/17-14:54:16.497067 7fc3a9fcb700                  Options.enable_pipelined_write: 0
2019/10/17-14:54:16.497068 7fc3a9fcb700         Options.allow_concurrent_memtable_write: 1
2019/10/17-14:54:16.497068 7fc3a9fcb700      Options.enable_write_thread_adaptive_yield: 1
2019/10/17-14:54:16.497069 7fc3a9fcb700             Options.write_thread_max_yield_usec: 100
2019/10/17-14:54:16.497069 7fc3a9fcb700            Options.write_thread_slow_yield_usec: 3
2019/10/17-14:54:16.497070 7fc3a9fcb700                               Options.row_cache: None
2019/10/17-14:54:16.497070 7fc3a9fcb700                              Options.wal_filter: None
2019/10/17-14:54:16.497071 7fc3a9fcb700             Options.avoid_flush_during_recovery: 0
2019/10/17-14:54:16.497072 7fc3a9fcb700             Options.allow_ingest_behind: 0
2019/10/17-14:54:16.497072 7fc3a9fcb700             Options.preserve_deletes: 0
2019/10/17-14:54:16.497073 7fc3a9fcb700             Options.two_write_queues: 0
2019/10/17-14:54:16.497073 7fc3a9fcb700             Options.manual_wal_flush: 0
2019/10/17-14:54:16.497074 7fc3a9fcb700             Options.max_background_jobs: 2
2019/10/17-14:54:16.497074 7fc3a9fcb700             Options.max_background_compactions: -1
2019/10/17-14:54:16.497075 7fc3a9fcb700             Options.avoid_flush_during_shutdown: 0
2019/10/17-14:54:16.497075 7fc3a9fcb700           Options.writable_file_max_buffer_size: 1048576
2019/10/17-14:54:16.497076 7fc3a9fcb700             Options.delayed_write_rate : 16777216
2019/10/17-14:54:16.497076 7fc3a9fcb700             Options.max_total_wal_size: 0
2019/10/17-14:54:16.497077 7fc3a9fcb700             Options.delete_obsolete_files_period_micros: 21600000000
2019/10/17-14:54:16.497078 7fc3a9fcb700                   Options.stats_dump_period_sec: 600
2019/10/17-14:54:16.497078 7fc3a9fcb700                          Options.max_open_files: -1
2019/10/17-14:54:16.497079 7fc3a9fcb700                          Options.bytes_per_sync: 0
2019/10/17-14:54:16.497079 7fc3a9fcb700                      Options.wal_bytes_per_sync: 0
2019/10/17-14:54:16.497080 7fc3a9fcb700       Options.compaction_readahead_size: 0
2019/10/17-14:54:16.497080 7fc3a9fcb700 Compression algorithms supported:
2019/10/17-14:54:16.497081 7fc3a9fcb700 	kZSTDNotFinalCompression supported: 0
2019/10/17-14:54:16.497082 7fc3a9fcb700 	kZSTD supported: 0
2019/10/17-14:54:16.497082 7fc3a9fcb700 	kXpressCompression supported: 0
2019/10/17-14:54:16.497083 7fc3a9fcb700 	kLZ4HCCompression supported: 0
2019/10/17-14:54:16.497084 7fc3a9fcb700 	kLZ4Compression supported: 0
2019/10/17-14:54:16.497084 7fc3a9fcb700 	kBZip2Compression supported: 0
2019/10/17-14:54:16.497085 7fc3a9fcb700 	kZlibCompression supported: 0
2019/10/17-14:54:16.497085 7fc3a9fcb700 	kSnappyCompression supported: 0
2019/10/17-14:54:16.497087 7fc3a9fcb700 Fast CRC32 supported: Supported on x86
2019/10/17-14:54:16.497152 7fc3a9fcb700 [db/version_set.cc:3507] Recovering from manifest file: MANIFEST-114961
2019/10/17-14:54:16.497176 7fc3a9fcb700 [db/column_family.cc:472] --------------- Options for column family [default]:
2019/10/17-14:54:16.497177 7fc3a9fcb700               Options.comparator: leveldb.BytewiseComparator
2019/10/17-14:54:16.497178 7fc3a9fcb700           Options.merge_operator: None
2019/10/17-14:54:16.497178 7fc3a9fcb700        Options.compaction_filter: None
2019/10/17-14:54:16.497179 7fc3a9fcb700        Options.compaction_filter_factory: None
2019/10/17-14:54:16.497179 7fc3a9fcb700         Options.memtable_factory: SkipListFactory
2019/10/17-14:54:16.497180 7fc3a9fcb700            Options.table_factory: BlockBasedTable
2019/10/17-14:54:16.497191 7fc3a9fcb700            table_factory options:   flush_block_policy_factory: FlushBlockBySizePolicyFactory (0x7fc35006cc60)
  cache_index_and_filter_blocks: 0
  cache_index_and_filter_blocks_with_high_priority: 0
  pin_l0_filter_and_index_blocks_in_cache: 0
  pin_top_level_index_and_filter: 1
  index_type: 0
  hash_index_allow_collision: 1
  checksum: 1
  no_block_cache: 0
  block_cache: 0x7fc35001b530
  block_cache_name: LRUCache
  block_cache_options:
    capacity : 8388608
    num_shard_bits : 4
    strict_capacity_limit : 0
    memory_allocator : None
    high_pri_pool_ratio: 0.000
  block_cache_compressed: (nil)
  persistent_cache: (nil)
  block_size: 4096
  block_size_deviation: 10
  block_restart_interval: 16
  index_block_restart_interval: 1
  metadata_block_size: 4096
  partition_filters: 0
  use_delta_encoding: 1
  filter_policy: nullptr
  whole_key_filtering: 1
  verify_compression: 0
  read_amp_bytes_per_bit: 0
  format_version: 2
  enable_index_compression: 1
  block_align: 0
2019/10/17-14:54:16.497197 7fc3a9fcb700        Options.write_buffer_size: 67108864
2019/10/17-14:54:16.497198 7fc3a9fcb700  Options.max_write_buffer_number: 2
2019/10/17-14:54:16.497198 7fc3a9fcb700          Options.compression: NoCompression
2019/10/17-14:54:16.497199 7fc3a9fcb700                  Options.bottommost_compression: Disabled
2019/10/17-14:54:16.497200 7fc3a9fcb700       Options.prefix_extractor: nullptr
2019/10/17-14:54:16.497200 7fc3a9fcb700   Options.memtable_insert_with_hint_prefix_extractor: nullptr
2019/10/17-14:54:16.497201 7fc3a9fcb700             Options.num_levels: 7
2019/10/17-14:54:16.497201 7fc3a9fcb700        Options.min_write_buffer_number_to_merge: 1
2019/10/17-14:54:16.497202 7fc3a9fcb700     Options.max_write_buffer_number_to_maintain: 0
2019/10/17-14:54:16.497202 7fc3a9fcb700            Options.bottommost_compression_opts.window_bits: -14
2019/10/17-14:54:16.497203 7fc3a9fcb700                  Options.bottommost_compression_opts.level: 32767
2019/10/17-14:54:16.497203 7fc3a9fcb700               Options.bottommost_compression_opts.strategy: 0
2019/10/17-14:54:16.497204 7fc3a9fcb700         Options.bottommost_compression_opts.max_dict_bytes: 0
2019/10/17-14:54:16.497204 7fc3a9fcb700         Options.bottommost_compression_opts.zstd_max_train_bytes: 0
2019/10/17-14:54:16.497205 7fc3a9fcb700                  Options.bottommost_compression_opts.enabled: false
2019/10/17-14:54:16.497205 7fc3a9fcb700            Options.compression_opts.window_bits: -14
2019/10/17-14:54:16.497206 7fc3a9fcb700                  Options.compression_opts.level: 32767
2019/10/17-14:54:16.497207 7fc3a9fcb700               Options.compression_opts.strategy: 0
2019/10/17-14:54:16.497207 7fc3a9fcb700         Options.compression_opts.max_dict_bytes: 0
2019/10/17-14:54:16.497208 7fc3a9fcb700         Options.compression_opts.zstd_max_train_bytes: 0
2019/10/17-14:54:16.497208 7fc3a9fcb700                  Options.compression_opts.enabled: false
2019/10/17-14:54:16.497209 7fc3a9fcb700      Options.level0_file_num_compaction_trigger: 4
2019/10/17-14:54:16.497209 7fc3a9fcb700          Options.level0_slowdown_writes_trigger: 20
2019/10/17-14:54:16.497210 7fc3a9fcb700              Options.level0_stop_writes_trigger: 36
2019/10/17-14:54:16.497210 7fc3a9fcb700                   Options.target_file_size_base: 67108864
2019/10/17-14:54:16.497211 7fc3a9fcb700             Options.target_file_size_multiplier: 1
2019/10/17-14:54:16.497211 7fc3a9fcb700                Options.max_bytes_for_level_base: 268435456
2019/10/17-14:54:16.497212 7fc3a9fcb700 Options.level_compaction_dynamic_level_bytes: 0
2019/10/17-14:54:16.497212 7fc3a9fcb700          Options.max_bytes_for_level_multiplier: 10.000000
2019/10/17-14:54:16.497214 7fc3a9fcb700 Options.max_bytes_for_level_multiplier_addtl[0]: 1
2019/10/17-14:54:16.497214 7fc3a9fcb700 Options.max_bytes_for_level_multiplier_addtl[1]: 1
2019/10/17-14:54:16.497215 7fc3a9fcb700 Options.max_bytes_for_level_multiplier_addtl[2]: 1
2019/10/17-14:54:16.497216 7fc3a9fcb700 Options.max_bytes_for_level_multiplier_addtl[3]: 1
2019/10/17-14:54:16.497216 7fc3a9fcb700 Options.max_bytes_for_level_multiplier_addtl[4]: 1
2019/10/17-14:54:16.497219 7fc3a9fcb700 Options.max_bytes_for_level_multiplier_addtl[5]: 1
2019/10/17-14:54:16.497220 7fc3a9fcb700 Options.max_bytes_for_level_multiplier_addtl[6]: 1
2019/10/17-14:54:16.497220 7fc3a9fcb700       Options.max_sequential_skip_in_iterations: 8
2019/10/17-14:54:16.497221 7fc3a9fcb700                    Options.max_compaction_bytes: 1677721600
2019/10/17-14:54:16.497222 7fc3a9fcb700                        Options.arena_block_size: 8388608
2019/10/17-14:54:16.497222 7fc3a9fcb700   Options.soft_pending_compaction_bytes_limit: 68719476736
2019/10/17-14:54:16.497223 7fc3a9fcb700   Options.hard_pending_compaction_bytes_limit: 274877906944
2019/10/17-14:54:16.497223 7fc3a9fcb700       Options.rate_limit_delay_max_milliseconds: 100
2019/10/17-14:54:16.497224 7fc3a9fcb700                Options.disable_auto_compactions: 0
2019/10/17-14:54:16.497225 7fc3a9fcb700                        Options.compaction_style: kCompactionStyleLevel
2019/10/17-14:54:16.497226 7fc3a9fcb700                          Options.compaction_pri: kByCompensatedSize
2019/10/17-14:54:16.497226 7fc3a9fcb700 Options.compaction_options_universal.size_ratio: 1
2019/10/17-14:54:16.497227 7fc3a9fcb700 Options.compaction_options_universal.min_merge_width: 2
2019/10/17-14:54:16.497228 7fc3a9fcb700 Options.compaction_options_universal.max_merge_width: 4294967295
2019/10/17-14:54:16.497228 7fc3a9fcb700 Options.compaction_options_universal.max_size_amplification_percent: 200
2019/10/17-14:54:16.497229 7fc3a9fcb700 Options.compaction_options_universal.compression_size_percent: -1
2019/10/17-14:54:16.497229 7fc3a9fcb700 Options.compaction_options_universal.stop_style: kCompactionStopStyleTotalSize
2019/10/17-14:54:16.497230 7fc3a9fcb700 Options.compaction_options_fifo.max_table_files_size: 1073741824
2019/10/17-14:54:16.497230 7fc3a9fcb700 Options.compaction_options_fifo.allow_compaction: 0
2019/10/17-14:54:16.497231 7fc3a9fcb700 Options.compaction_options_fifo.ttl: 0
2019/10/17-14:54:16.497232 7fc3a9fcb700                   Options.table_properties_collectors: 
2019/10/17-14:54:16.497232 7fc3a9fcb700                   Options.inplace_update_support: 0
2019/10/17-14:54:16.497233 7fc3a9fcb700                 Options.inplace_update_num_locks: 10000
2019/10/17-14:54:16.497233 7fc3a9fcb700               Options.memtable_prefix_bloom_size_ratio: 0.000000
2019/10/17-14:54:16.497234 7fc3a9fcb700   Options.memtable_huge_page_size: 0
2019/10/17-14:54:16.497235 7fc3a9fcb700                           Options.bloom_locality: 0
2019/10/17-14:54:16.497235 7fc3a9fcb700                    Options.max_successive_merges: 0
2019/10/17-14:54:16.497236 7fc3a9fcb700                Options.optimize_filters_for_hits: 0
2019/10/17-14:54:16.497236 7fc3a9fcb700                Options.paranoid_file_checks: 0
2019/10/17-14:54:16.497237 7fc3a9fcb700                Options.force_consistency_checks: 0
2019/10/17-14:54:16.497237 7fc3a9fcb700                Options.report_bg_io_stats: 0
2019/10/17-14:54:16.497238 7fc3a9fcb700                               Options.ttl: 0
2019/10/17-14:54:16.497258 7fc3a9fcb700 [db/column_family.cc:472] --------------- Options for column family [active_gateways]:
2019/10/17-14:54:16.497259 7fc3a9fcb700               Options.comparator: leveldb.BytewiseComparator
2019/10/17-14:54:16.497260 7fc3a9fcb700           Options.merge_operator: None
2019/10/17-14:54:16.497260 7fc3a9fcb700        Options.compaction_filter: None
2019/10/17-14:54:16.497261 7fc3a9fcb700        Options.compaction_filter_factory: None
2019/10/17-14:54:16.497261 7fc3a9fcb700         Options.memtable_factory: SkipListFactory
2019/10/17-14:54:16.497262 7fc3a9fcb700            Options.table_factory: BlockBasedTable
2019/10/17-14:54:16.497270 7fc3a9fcb700            table_factory options:   flush_block_policy_factory: FlushBlockBySizePolicyFactory (0x7fc3500a06b0)
  cache_index_and_filter_blocks: 0
  cache_index_and_filter_blocks_with_high_priority: 0
  pin_l0_filter_and_index_blocks_in_cache: 0
  pin_top_level_index_and_filter: 1
  index_type: 0
  hash_index_allow_collision: 1
  checksum: 1
  no_block_cache: 0
  block_cache: 0x7fc35009e050
  block_cache_name: LRUCache
  block_cache_options:
    capacity : 8388608
    num_shard_bits : 4
    strict_capacity_limit : 0
    memory_allocator : None
    high_pri_pool_ratio: 0.000
  block_cache_compressed: (nil)
  persistent_cache: (nil)
  block_size: 4096
  block_size_deviation: 10
  block_restart_interval: 16
  index_block_restart_interval: 1
  metadata_block_size: 4096
  partition_filters: 0
  use_delta_encoding: 1
  filter_policy: nullptr
  whole_key_filtering: 1
  verify_compression: 0
  read_amp_bytes_per_bit: 0
  format_version: 2
  enable_index_compression: 1
  block_align: 0
2019/10/17-14:54:16.497274 7fc3a9fcb700        Options.write_buffer_size: 67108864
2019/10/17-14:54:16.497275 7fc3a9fcb700  Options.max_write_buffer_number: 2
2019/10/17-14:54:16.497275 7fc3a9fcb700          Options.compression: NoCompression
2019/10/17-14:54:16.497276 7fc3a9fcb700                  Options.bottommost_compression: Disabled
2019/10/17-14:54:16.497276 7fc3a9fcb700       Options.prefix_extractor: nullptr
2019/10/17-14:54:16.497277 7fc3a9fcb700   Options.memtable_insert_with_hint_prefix_extractor: nullptr
2019/10/17-14:54:16.497277 7fc3a9fcb700             Options.num_levels: 7
2019/10/17-14:54:16.497278 7fc3a9fcb700        Options.min_write_buffer_number_to_merge: 1
2019/10/17-14:54:16.497279 7fc3a9fcb700     Options.max_write_buffer_number_to_maintain: 0
2019/10/17-14:54:16.497279 7fc3a9fcb700            Options.bottommost_compression_opts.window_bits: -14
2019/10/17-14:54:16.497280 7fc3a9fcb700                  Options.bottommost_compression_opts.level: 32767
2019/10/17-14:54:16.497280 7fc3a9fcb700               Options.bottommost_compression_opts.strategy: 0
2019/10/17-14:54:16.497281 7fc3a9fcb700         Options.bottommost_compression_opts.max_dict_bytes: 0
2019/10/17-14:54:16.497281 7fc3a9fcb700         Options.bottommost_compression_opts.zstd_max_train_bytes: 0
2019/10/17-14:54:16.497282 7fc3a9fcb700                  Options.bottommost_compression_opts.enabled: false
2019/10/17-14:54:16.497282 7fc3a9fcb700            Options.compression_opts.window_bits: -14
2019/10/17-14:54:16.497283 7fc3a9fcb700                  Options.compression_opts.level: 32767
2019/10/17-14:54:16.497283 7fc3a9fcb700               Options.compression_opts.strategy: 0
2019/10/17-14:54:16.497284 7fc3a9fcb700         Options.compression_opts.max_dict_bytes: 0
2019/10/17-14:54:16.497284 7fc3a9fcb700         Options.compression_opts.zstd_max_train_bytes: 0
2019/10/17-14:54:16.497285 7fc3a9fcb700                  Options.compression_opts.enabled: false
2019/10/17-14:54:16.497285 7fc3a9fcb700      Options.level0_file_num_compaction_trigger: 4
2019/10/17-14:54:16.497286 7fc3a9fcb700          Options.level0_slowdown_writes_trigger: 20
2019/10/17-14:54:16.497286 7fc3a9fcb700              Options.level0_stop_writes_trigger: 36
2019/10/17-14:54:16.497287 7fc3a9fcb700                   Options.target_file_size_base: 67108864
2019/10/17-14:54:16.497288 7fc3a9fcb700             Options.target_file_size_multiplier: 1
2019/10/17-14:54:16.497288 7fc3a9fcb700                Options.max_bytes_for_level_base: 268435456
2019/10/17-14:54:16.497289 7fc3a9fcb700 Options.level_compaction_dynamic_level_bytes: 0
2019/10/17-14:54:16.497289 7fc3a9fcb700          Options.max_bytes_for_level_multiplier: 10.000000
2019/10/17-14:54:16.497290 7fc3a9fcb700 Options.max_bytes_for_level_multiplier_addtl[0]: 1
2019/10/17-14:54:16.497291 7fc3a9fcb700 Options.max_bytes_for_level_multiplier_addtl[1]: 1
2019/10/17-14:54:16.497291 7fc3a9fcb700 Options.max_bytes_for_level_multiplier_addtl[2]: 1
2019/10/17-14:54:16.497292 7fc3a9fcb700 Options.max_bytes_for_level_multiplier_addtl[3]: 1
2019/10/17-14:54:16.497292 7fc3a9fcb700 Options.max_bytes_for_level_multiplier_addtl[4]: 1
2019/10/17-14:54:16.497293 7fc3a9fcb700 Options.max_bytes_for_level_multiplier_addtl[5]: 1
2019/10/17-14:54:16.497293 7fc3a9fcb700 Options.max_bytes_for_level_multiplier_addtl[6]: 1
2019/10/17-14:54:16.497294 7fc3a9fcb700       Options.max_sequential_skip_in_iterations: 8
2019/10/17-14:54:16.497297 7fc3a9fcb700                    Options.max_compaction_bytes: 1677721600
2019/10/17-14:54:16.497297 7fc3a9fcb700                        Options.arena_block_size: 8388608
2019/10/17-14:54:16.497298 7fc3a9fcb700   Options.soft_pending_compaction_bytes_limit: 68719476736
2019/10/17-14:54:16.497299 7fc3a9fcb700   Options.hard_pending_compaction_bytes_limit: 274877906944
2019/10/17-14:54:16.497299 7fc3a9fcb700       Options.rate_limit_delay_max_milliseconds: 100
2019/10/17-14:54:16.497300 7fc3a9fcb700                Options.disable_auto_compactions: 0
2019/10/17-14:54:16.497300 7fc3a9fcb700                        Options.compaction_style: kCompactionStyleLevel
2019/10/17-14:54:16.497301 7fc3a9fcb700                          Options.compaction_pri: kByCompensatedSize
2019/10/17-14:54:16.497301 7fc3a9fcb700 Options.compaction_options_universal.size_ratio: 1
2019/10/17-14:54:16.497302 7fc3a9fcb700 Options.compaction_options_universal.min_merge_width: 2
2019/10/17-14:54:16.497303 7fc3a9fcb700 Options.compaction_options_universal.max_merge_width: 4294967295
2019/10/17-14:54:16.497303 7fc3a9fcb700 Options.compaction_options_universal.max_size_amplification_percent: 200
2019/10/17-14:54:16.497304 7fc3a9fcb700 Options.compaction_options_universal.compression_size_percent: -1
2019/10/17-14:54:16.497304 7fc3a9fcb700 Options.compaction_options_universal.stop_style: kCompactionStopStyleTotalSize
2019/10/17-14:54:16.497305 7fc3a9fcb700 Options.compaction_options_fifo.max_table_files_size: 1073741824
2019/10/17-14:54:16.497305 7fc3a9fcb700 Options.compaction_options_fifo.allow_compaction: 0
2019/10/17-14:54:16.497306 7fc3a9fcb700 Options.compaction_options_fifo.ttl: 0
2019/10/17-14:54:16.497306 7fc3a9fcb700                   Options.table_properties_collectors: 
2019/10/17-14:54:16.497307 7fc3a9fcb700                   Options.inplace_update_support: 0
2019/10/17-14:54:16.497307 7fc3a9fcb700                 Options.inplace_update_num_locks: 10000
2019/10/17-14:54:16.497308 7fc3a9fcb700               Options.memtable_prefix_bloom_size_ratio: 0.000000
2019/10/17-14:54:16.497309 7fc3a9fcb700   Options.memtable_huge_page_size: 0
2019/10/17-14:54:16.497309 7fc3a9fcb700                           Options.bloom_locality: 0
2019/10/17-14:54:16.497310 7fc3a9fcb700                    Options.max_successive_merges: 0
2019/10/17-14:54:16.497310 7fc3a9fcb700                Options.optimize_filters_for_hits: 0
2019/10/17-14:54:16.497311 7fc3a9fcb700                Options.paranoid_file_checks: 0
2019/10/17-14:54:16.497311 7fc3a9fcb700                Options.force_consistency_checks: 0
2019/10/17-14:54:16.497312 7fc3a9fcb700                Options.report_bg_io_stats: 0
2019/10/17-14:54:16.497312 7fc3a9fcb700                               Options.ttl: 0
2019/10/17-14:54:16.497324 7fc3a9fcb700 [db/column_family.cc:472] --------------- Options for column family [entries]:
2019/10/17-14:54:16.497325 7fc3a9fcb700               Options.comparator: leveldb.BytewiseComparator
2019/10/17-14:54:16.497325 7fc3a9fcb700           Options.merge_operator: None
2019/10/17-14:54:16.497326 7fc3a9fcb700        Options.compaction_filter: None
2019/10/17-14:54:16.497326 7fc3a9fcb700        Options.compaction_filter_factory: None
2019/10/17-14:54:16.497327 7fc3a9fcb700         Options.memtable_factory: SkipListFactory
2019/10/17-14:54:16.497327 7fc3a9fcb700            Options.table_factory: BlockBasedTable
2019/10/17-14:54:16.497334 7fc3a9fcb700            table_factory options:   flush_block_policy_factory: FlushBlockBySizePolicyFactory (0x7fc3500ee970)
  cache_index_and_filter_blocks: 0
  cache_index_and_filter_blocks_with_high_priority: 0
  pin_l0_filter_and_index_blocks_in_cache: 0
  pin_top_level_index_and_filter: 1
  index_type: 0
  hash_index_allow_collision: 1
  checksum: 1
  no_block_cache: 0
  block_cache: 0x7fc35009dc50
  block_cache_name: LRUCache
  block_cache_options:
    capacity : 8388608
    num_shard_bits : 4
    strict_capacity_limit : 0
    memory_allocator : None
    high_pri_pool_ratio: 0.000
  block_cache_compressed: (nil)
  persistent_cache: (nil)
  block_size: 4096
  block_size_deviation: 10
  block_restart_interval: 16
  index_block_restart_interval: 1
  metadata_block_size: 4096
  partition_filters: 0
  use_delta_encoding: 1
  filter_policy: nullptr
  whole_key_filtering: 1
  verify_compression: 0
  read_amp_bytes_per_bit: 0
  format_version: 2
  enable_index_compression: 1
  block_align: 0
2019/10/17-14:54:16.497339 7fc3a9fcb700        Options.write_buffer_size: 67108864
2019/10/17-14:54:16.497339 7fc3a9fcb700  Options.max_write_buffer_number: 2
2019/10/17-14:54:16.497340 7fc3a9fcb700          Options.compression: NoCompression
2019/10/17-14:54:16.497340 7fc3a9fcb700                  Options.bottommost_compression: Disabled
2019/10/17-14:54:16.497341 7fc3a9fcb700       Options.prefix_extractor: nullptr
2019/10/17-14:54:16.497341 7fc3a9fcb700   Options.memtable_insert_with_hint_prefix_extractor: nullptr
2019/10/17-14:54:16.497342 7fc3a9fcb700             Options.num_levels: 7
2019/10/17-14:54:16.497342 7fc3a9fcb700        Options.min_write_buffer_number_to_merge: 1
2019/10/17-14:54:16.497343 7fc3a9fcb700     Options.max_write_buffer_number_to_maintain: 0
2019/10/17-14:54:16.497343 7fc3a9fcb700            Options.bottommost_compression_opts.window_bits: -14
2019/10/17-14:54:16.497344 7fc3a9fcb700                  Options.bottommost_compression_opts.level: 32767
2019/10/17-14:54:16.497345 7fc3a9fcb700               Options.bottommost_compression_opts.strategy: 0
2019/10/17-14:54:16.497345 7fc3a9fcb700         Options.bottommost_compression_opts.max_dict_bytes: 0
2019/10/17-14:54:16.497346 7fc3a9fcb700         Options.bottommost_compression_opts.zstd_max_train_bytes: 0
2019/10/17-14:54:16.497346 7fc3a9fcb700                  Options.bottommost_compression_opts.enabled: false
2019/10/17-14:54:16.497347 7fc3a9fcb700            Options.compression_opts.window_bits: -14
2019/10/17-14:54:16.497347 7fc3a9fcb700                  Options.compression_opts.level: 32767
2019/10/17-14:54:16.497348 7fc3a9fcb700               Options.compression_opts.strategy: 0
2019/10/17-14:54:16.497348 7fc3a9fcb700         Options.compression_opts.max_dict_bytes: 0
2019/10/17-14:54:16.497349 7fc3a9fcb700         Options.compression_opts.zstd_max_train_bytes: 0
2019/10/17-14:54:16.497349 7fc3a9fcb700                  Options.compression_opts.enabled: false
2019/10/17-14:54:16.497350 7fc3a9fcb700      Options.level0_file_num_compaction_trigger: 4
2019/10/17-14:54:16.497350 7fc3a9fcb700          Options.level0_slowdown_writes_trigger: 20
2019/10/17-14:54:16.497351 7fc3a9fcb700              Options.level0_stop_writes_trigger: 36
2019/10/17-14:54:16.497351 7fc3a9fcb700                   Options.target_file_size_base: 67108864
2019/10/17-14:54:16.497352 7fc3a9fcb700             Options.target_file_size_multiplier: 1
2019/10/17-14:54:16.497352 7fc3a9fcb700                Options.max_bytes_for_level_base: 268435456
2019/10/17-14:54:16.497353 7fc3a9fcb700 Options.level_compaction_dynamic_level_bytes: 0
2019/10/17-14:54:16.497353 7fc3a9fcb700          Options.max_bytes_for_level_multiplier: 10.000000
2019/10/17-14:54:16.497354 7fc3a9fcb700 Options.max_bytes_for_level_multiplier_addtl[0]: 1
2019/10/17-14:54:16.497355 7fc3a9fcb700 Options.max_bytes_for_level_multiplier_addtl[1]: 1
2019/10/17-14:54:16.497355 7fc3a9fcb700 Options.max_bytes_for_level_multiplier_addtl[2]: 1
2019/10/17-14:54:16.497356 7fc3a9fcb700 Options.max_bytes_for_level_multiplier_addtl[3]: 1
2019/10/17-14:54:16.497357 7fc3a9fcb700 Options.max_bytes_for_level_multiplier_addtl[4]: 1
2019/10/17-14:54:16.497357 7fc3a9fcb700 Options.max_bytes_for_level_multiplier_addtl[5]: 1
2019/10/17-14:54:16.497358 7fc3a9fcb700 Options.max_bytes_for_level_multiplier_addtl[6]: 1
2019/10/17-14:54:16.497358 7fc3a9fcb700       Options.max_sequential_skip_in_iterations: 8
2019/10/17-14:54:16.497359 7fc3a9fcb700                    Options.max_compaction_bytes: 1677721600
2019/10/17-14:54:16.497359 7fc3a9fcb700                        Options.arena_block_size: 8388608
2019/10/17-14:54:16.497360 7fc3a9fcb700   Options.soft_pending_compaction_bytes_limit: 68719476736
2019/10/17-14:54:16.497363 7fc3a9fcb700   Options.hard_pending_compaction_bytes_limit: 274877906944
2019/10/17-14:54:16.497363 7fc3a9fcb700       Options.rate_limit_delay_max_milliseconds: 100
2019/10/17-14:54:16.497364 7fc3a9fcb700                Options.disable_auto_compactions: 0
2019/10/17-14:54:16.497364 7fc3a9fcb700                        Options.compaction_style: kCompactionStyleLevel
2019/10/17-14:54:16.497365 7fc3a9fcb700                          Options.compaction_pri: kByCompensatedSize
2019/10/17-14:54:16.497366 7fc3a9fcb700 Options.compaction_options_universal.size_ratio: 1
2019/10/17-14:54:16.497366 7fc3a9fcb700 Options.compaction_options_universal.min_merge_width: 2
2019/10/17-14:54:16.497367 7fc3a9fcb700 Options.compaction_options_universal.max_merge_width: 4294967295
2019/10/17-14:54:16.497367 7fc3a9fcb700 Options.compaction_options_universal.max_size_amplification_percent: 200
2019/10/17-14:54:16.497368 7fc3a9fcb700 Options.compaction_options_universal.compression_size_percent: -1
2019/10/17-14:54:16.497368 7fc3a9fcb700 Options.compaction_options_universal.stop_style: kCompactionStopStyleTotalSize
2019/10/17-14:54:16.497369 7fc3a9fcb700 Options.compaction_options_fifo.max_table_files_size: 1073741824
2019/10/17-14:54:16.497369 7fc3a9fcb700 Options.compaction_options_fifo.allow_compaction: 0
2019/10/17-14:54:16.497370 7fc3a9fcb700 Options.compaction_options_fifo.ttl: 0
2019/10/17-14:54:16.497371 7fc3a9fcb700                   Options.table_properties_collectors: 
2019/10/17-14:54:16.497371 7fc3a9fcb700                   Options.inplace_update_support: 0
2019/10/17-14:54:16.497372 7fc3a9fcb700                 Options.inplace_update_num_locks: 10000
2019/10/17-14:54:16.497372 7fc3a9fcb700               Options.memtable_prefix_bloom_size_ratio: 0.000000
2019/10/17-14:54:16.497373 7fc3a9fcb700   Options.memtable_huge_page_size: 0
2019/10/17-14:54:16.497373 7fc3a9fcb700                           Options.bloom_locality: 0
2019/10/17-14:54:16.497374 7fc3a9fcb700                    Options.max_successive_merges: 0
2019/10/17-14:54:16.497374 7fc3a9fcb700                Options.optimize_filters_for_hits: 0
2019/10/17-14:54:16.497375 7fc3a9fcb700                Options.paranoid_file_checks: 0
2019/10/17-14:54:16.497375 7fc3a9fcb700                Options.force_consistency_checks: 0
2019/10/17-14:54:16.497376 7fc3a9fcb700                Options.report_bg_io_stats: 0
2019/10/17-14:54:16.497376 7fc3a9fcb700                               Options.ttl: 0
2019/10/17-14:54:16.497386 7fc3a9fcb700 [db/column_family.cc:472] --------------- Options for column family [dc_entries]:
2019/10/17-14:54:16.497387 7fc3a9fcb700               Options.comparator: leveldb.BytewiseComparator
2019/10/17-14:54:16.497388 7fc3a9fcb700           Options.merge_operator: None
2019/10/17-14:54:16.497388 7fc3a9fcb700        Options.compaction_filter: None
2019/10/17-14:54:16.497389 7fc3a9fcb700        Options.compaction_filter_factory: None
2019/10/17-14:54:16.497390 7fc3a9fcb700         Options.memtable_factory: SkipListFactory
2019/10/17-14:54:16.497390 7fc3a9fcb700            Options.table_factory: BlockBasedTable
2019/10/17-14:54:16.497397 7fc3a9fcb700            table_factory options:   flush_block_policy_factory: FlushBlockBySizePolicyFactory (0x7fc350002390)
  cache_index_and_filter_blocks: 0
  cache_index_and_filter_blocks_with_high_priority: 0
  pin_l0_filter_and_index_blocks_in_cache: 0
  pin_top_level_index_and_filter: 1
  index_type: 0
  hash_index_allow_collision: 1
  checksum: 1
  no_block_cache: 0
  block_cache: 0x7fc35000b2f0
  block_cache_name: LRUCache
  block_cache_options:
    capacity : 8388608
    num_shard_bits : 4
    strict_capacity_limit : 0
    memory_allocator : None
    high_pri_pool_ratio: 0.000
  block_cache_compressed: (nil)
  persistent_cache: (nil)
  block_size: 4096
  block_size_deviation: 10
  block_restart_interval: 16
  index_block_restart_interval: 1
  metadata_block_size: 4096
  partition_filters: 0
  use_delta_encoding: 1
  filter_policy: nullptr
  whole_key_filtering: 1
  verify_compression: 0
  read_amp_bytes_per_bit: 0
  format_version: 2
  enable_index_compression: 1
  block_align: 0
2019/10/17-14:54:16.497401 7fc3a9fcb700        Options.write_buffer_size: 67108864
2019/10/17-14:54:16.497401 7fc3a9fcb700  Options.max_write_buffer_number: 2
2019/10/17-14:54:16.497402 7fc3a9fcb700          Options.compression: NoCompression
2019/10/17-14:54:16.497403 7fc3a9fcb700                  Options.bottommost_compression: Disabled
2019/10/17-14:54:16.497403 7fc3a9fcb700       Options.prefix_extractor: nullptr
2019/10/17-14:54:16.497404 7fc3a9fcb700   Options.memtable_insert_with_hint_prefix_extractor: nullptr
2019/10/17-14:54:16.497404 7fc3a9fcb700             Options.num_levels: 7
2019/10/17-14:54:16.497405 7fc3a9fcb700        Options.min_write_buffer_number_to_merge: 1
2019/10/17-14:54:16.497405 7fc3a9fcb700     Options.max_write_buffer_number_to_maintain: 0
2019/10/17-14:54:16.497406 7fc3a9fcb700            Options.bottommost_compression_opts.window_bits: -14
2019/10/17-14:54:16.497406 7fc3a9fcb700                  Options.bottommost_compression_opts.level: 32767
2019/10/17-14:54:16.497407 7fc3a9fcb700               Options.bottommost_compression_opts.strategy: 0
2019/10/17-14:54:16.497407 7fc3a9fcb700         Options.bottommost_compression_opts.max_dict_bytes: 0
2019/10/17-14:54:16.497408 7fc3a9fcb700         Options.bottommost_compression_opts.zstd_max_train_bytes: 0
2019/10/17-14:54:16.497408 7fc3a9fcb700                  Options.bottommost_compression_opts.enabled: false
2019/10/17-14:54:16.497409 7fc3a9fcb700            Options.compression_opts.window_bits: -14
2019/10/17-14:54:16.497409 7fc3a9fcb700                  Options.compression_opts.level: 32767
2019/10/17-14:54:16.497410 7fc3a9fcb700               Options.compression_opts.strategy: 0
2019/10/17-14:54:16.497410 7fc3a9fcb700         Options.compression_opts.max_dict_bytes: 0
2019/10/17-14:54:16.497411 7fc3a9fcb700         Options.compression_opts.zstd_max_train_bytes: 0
2019/10/17-14:54:16.497411 7fc3a9fcb700                  Options.compression_opts.enabled: false
2019/10/17-14:54:16.497412 7fc3a9fcb700      Options.level0_file_num_compaction_trigger: 4
2019/10/17-14:54:16.497413 7fc3a9fcb700          Options.level0_slowdown_writes_trigger: 20
2019/10/17-14:54:16.497413 7fc3a9fcb700              Options.level0_stop_writes_trigger: 36
2019/10/17-14:54:16.497414 7fc3a9fcb700                   Options.target_file_size_base: 67108864
2019/10/17-14:54:16.497414 7fc3a9fcb700             Options.target_file_size_multiplier: 1
2019/10/17-14:54:16.497415 7fc3a9fcb700                Options.max_bytes_for_level_base: 268435456
2019/10/17-14:54:16.497415 7fc3a9fcb700 Options.level_compaction_dynamic_level_bytes: 0
2019/10/17-14:54:16.497416 7fc3a9fcb700          Options.max_bytes_for_level_multiplier: 10.000000
2019/10/17-14:54:16.497417 7fc3a9fcb700 Options.max_bytes_for_level_multiplier_addtl[0]: 1
2019/10/17-14:54:16.497417 7fc3a9fcb700 Options.max_bytes_for_level_multiplier_addtl[1]: 1
2019/10/17-14:54:16.497418 7fc3a9fcb700 Options.max_bytes_for_level_multiplier_addtl[2]: 1
2019/10/17-14:54:16.497418 7fc3a9fcb700 Options.max_bytes_for_level_multiplier_addtl[3]: 1
2019/10/17-14:54:16.497419 7fc3a9fcb700 Options.max_bytes_for_level_multiplier_addtl[4]: 1
2019/10/17-14:54:16.497419 7fc3a9fcb700 Options.max_bytes_for_level_multiplier_addtl[5]: 1
2019/10/17-14:54:16.497420 7fc3a9fcb700 Options.max_bytes_for_level_multiplier_addtl[6]: 1
2019/10/17-14:54:16.497420 7fc3a9fcb700       Options.max_sequential_skip_in_iterations: 8
2019/10/17-14:54:16.497421 7fc3a9fcb700                    Options.max_compaction_bytes: 1677721600
2019/10/17-14:54:16.497421 7fc3a9fcb700                        Options.arena_block_size: 8388608
2019/10/17-14:54:16.497422 7fc3a9fcb700   Options.soft_pending_compaction_bytes_limit: 68719476736
2019/10/17-14:54:16.497422 7fc3a9fcb700   Options.hard_pending_compaction_bytes_limit: 274877906944
2019/10/17-14:54:16.497423 7fc3a9fcb700       Options.rate_limit_delay_max_milliseconds: 100
2019/10/17-14:54:16.497423 7fc3a9fcb700                Options.disable_auto_compactions: 0
2019/10/17-14:54:16.497426 7fc3a9fcb700                        Options.compaction_style: kCompactionStyleLevel
2019/10/17-14:54:16.497427 7fc3a9fcb700                          Options.compaction_pri: kByCompensatedSize
2019/10/17-14:54:16.497428 7fc3a9fcb700 Options.compaction_options_universal.size_ratio: 1
2019/10/17-14:54:16.497428 7fc3a9fcb700 Options.compaction_options_universal.min_merge_width: 2
2019/10/17-14:54:16.497429 7fc3a9fcb700 Options.compaction_options_universal.max_merge_width: 4294967295
2019/10/17-14:54:16.497429 7fc3a9fcb700 Options.compaction_options_universal.max_size_amplification_percent: 200
2019/10/17-14:54:16.497430 7fc3a9fcb700 Options.compaction_options_universal.compression_size_percent: -1
2019/10/17-14:54:16.497431 7fc3a9fcb700 Options.compaction_options_universal.stop_style: kCompactionStopStyleTotalSize
2019/10/17-14:54:16.497431 7fc3a9fcb700 Options.compaction_options_fifo.max_table_files_size: 1073741824
2019/10/17-14:54:16.497432 7fc3a9fcb700 Options.compaction_options_fifo.allow_compaction: 0
2019/10/17-14:54:16.497432 7fc3a9fcb700 Options.compaction_options_fifo.ttl: 0
2019/10/17-14:54:16.497433 7fc3a9fcb700                   Options.table_properties_collectors: 
2019/10/17-14:54:16.497433 7fc3a9fcb700                   Options.inplace_update_support: 0
2019/10/17-14:54:16.497434 7fc3a9fcb700                 Options.inplace_update_num_locks: 10000
2019/10/17-14:54:16.497434 7fc3a9fcb700               Options.memtable_prefix_bloom_size_ratio: 0.000000
2019/10/17-14:54:16.497435 7fc3a9fcb700   Options.memtable_huge_page_size: 0
2019/10/17-14:54:16.497436 7fc3a9fcb700                           Options.bloom_locality: 0
2019/10/17-14:54:16.497436 7fc3a9fcb700                    Options.max_successive_merges: 0
2019/10/17-14:54:16.497437 7fc3a9fcb700                Options.optimize_filters_for_hits: 0
2019/10/17-14:54:16.497437 7fc3a9fcb700                Options.paranoid_file_checks: 0
2019/10/17-14:54:16.497438 7fc3a9fcb700                Options.force_consistency_checks: 0
2019/10/17-14:54:16.497438 7fc3a9fcb700                Options.report_bg_io_stats: 0
2019/10/17-14:54:16.497439 7fc3a9fcb700                               Options.ttl: 0
2019/10/17-14:54:16.497447 7fc3a9fcb700 [db/column_family.cc:472] --------------- Options for column family [htlcs]:
2019/10/17-14:54:16.497448 7fc3a9fcb700               Options.comparator: leveldb.BytewiseComparator
2019/10/17-14:54:16.497449 7fc3a9fcb700           Options.merge_operator: None
2019/10/17-14:54:16.497449 7fc3a9fcb700        Options.compaction_filter: None
2019/10/17-14:54:16.497450 7fc3a9fcb700        Options.compaction_filter_factory: None
2019/10/17-14:54:16.497450 7fc3a9fcb700         Options.memtable_factory: SkipListFactory
2019/10/17-14:54:16.497451 7fc3a9fcb700            Options.table_factory: BlockBasedTable
2019/10/17-14:54:16.497457 7fc3a9fcb700            table_factory options:   flush_block_policy_factory: FlushBlockBySizePolicyFactory (0x7fc3500b9660)
