2019/10/17-14:56:02.623821 7fbc2cd30700 RocksDB version: 5.18.3
2019/10/17-14:56:02.623848 7fbc2cd30700 Git sha rocksdb_build_git_sha:@0@
2019/10/17-14:56:02.623850 7fbc2cd30700 Compile date Sep 19 2019
2019/10/17-14:56:02.623851 7fbc2cd30700 DB SUMMARY
2019/10/17-14:56:02.624515 7fbc2cd30700 CURRENT file:  CURRENT
2019/10/17-14:56:02.624517 7fbc2cd30700 IDENTITY file:  IDENTITY
2019/10/17-14:56:02.624543 7fbc2cd30700 MANIFEST file:  MANIFEST-116701 size: 4114 Bytes
2019/10/17-14:56:02.624545 7fbc2cd30700 SST files in /home/rahul/dev/blockchain-core/eqc/ledger.db dir, Total Num: 29, files: 000624.sst 000627.sst 106940.sst 108447.sst 108450.sst 109471.sst 109483.sst 109485.sst 109486.sst 
2019/10/17-14:56:02.624546 7fbc2cd30700 Write Ahead Log file in /home/rahul/dev/blockchain-core/eqc/ledger.db: 116702.log size: 0 ; 
2019/10/17-14:56:02.624577 7fbc2cd30700                         Options.error_if_exists: 0
2019/10/17-14:56:02.624578 7fbc2cd30700                       Options.create_if_missing: 1
2019/10/17-14:56:02.624579 7fbc2cd30700                         Options.paranoid_checks: 1
2019/10/17-14:56:02.624579 7fbc2cd30700                                     Options.env: 0x7fbbafa7bc60
2019/10/17-14:56:02.624580 7fbc2cd30700                                Options.info_log: 0x7fbbb809dcd0
2019/10/17-14:56:02.624581 7fbc2cd30700                Options.max_file_opening_threads: 16
2019/10/17-14:56:02.624582 7fbc2cd30700                              Options.statistics: (nil)
2019/10/17-14:56:02.624583 7fbc2cd30700                               Options.use_fsync: 0
2019/10/17-14:56:02.624583 7fbc2cd30700                       Options.max_log_file_size: 0
2019/10/17-14:56:02.624584 7fbc2cd30700                  Options.max_manifest_file_size: 1073741824
2019/10/17-14:56:02.624585 7fbc2cd30700                   Options.log_file_time_to_roll: 0
2019/10/17-14:56:02.624586 7fbc2cd30700                       Options.keep_log_file_num: 1000
2019/10/17-14:56:02.624587 7fbc2cd30700                    Options.recycle_log_file_num: 0
2019/10/17-14:56:02.624587 7fbc2cd30700                         Options.allow_fallocate: 1
2019/10/17-14:56:02.624588 7fbc2cd30700                        Options.allow_mmap_reads: 0
2019/10/17-14:56:02.624589 7fbc2cd30700                       Options.allow_mmap_writes: 0
2019/10/17-14:56:02.624589 7fbc2cd30700                        Options.use_direct_reads: 0
2019/10/17-14:56:02.624590 7fbc2cd30700                        Options.use_direct_io_for_flush_and_compaction: 0
2019/10/17-14:56:02.624591 7fbc2cd30700          Options.create_missing_column_families: 0
2019/10/17-14:56:02.624591 7fbc2cd30700                              Options.db_log_dir: 
2019/10/17-14:56:02.624592 7fbc2cd30700                                 Options.wal_dir: /home/rahul/dev/blockchain-core/eqc/ledger.db
2019/10/17-14:56:02.624593 7fbc2cd30700                Options.table_cache_numshardbits: 6
2019/10/17-14:56:02.624593 7fbc2cd30700                      Options.max_subcompactions: 1
2019/10/17-14:56:02.624594 7fbc2cd30700                  Options.max_background_flushes: -1
2019/10/17-14:56:02.624595 7fbc2cd30700                         Options.WAL_ttl_seconds: 0
2019/10/17-14:56:02.624596 7fbc2cd30700                       Options.WAL_size_limit_MB: 0
2019/10/17-14:56:02.624596 7fbc2cd30700             Options.manifest_preallocation_size: 4194304
2019/10/17-14:56:02.624597 7fbc2cd30700                     Options.is_fd_close_on_exec: 1
2019/10/17-14:56:02.624598 7fbc2cd30700                   Options.advise_random_on_open: 1
2019/10/17-14:56:02.624598 7fbc2cd30700                    Options.db_write_buffer_size: 0
2019/10/17-14:56:02.624599 7fbc2cd30700                    Options.write_buffer_manager: 0x7fbbb80925d0
2019/10/17-14:56:02.624600 7fbc2cd30700         Options.access_hint_on_compaction_start: 1
2019/10/17-14:56:02.624600 7fbc2cd30700  Options.new_table_reader_for_compaction_inputs: 0
2019/10/17-14:56:02.624601 7fbc2cd30700           Options.random_access_max_buffer_size: 1048576
2019/10/17-14:56:02.624602 7fbc2cd30700                      Options.use_adaptive_mutex: 0
2019/10/17-14:56:02.624603 7fbc2cd30700                            Options.rate_limiter: (nil)
2019/10/17-14:56:02.624612 7fbc2cd30700     Options.sst_file_manager.rate_bytes_per_sec: 0
2019/10/17-14:56:02.624613 7fbc2cd30700                       Options.wal_recovery_mode: 2
2019/10/17-14:56:02.624613 7fbc2cd30700                  Options.enable_thread_tracking: 0
2019/10/17-14:56:02.624614 7fbc2cd30700                  Options.enable_pipelined_write: 0
2019/10/17-14:56:02.624615 7fbc2cd30700         Options.allow_concurrent_memtable_write: 1
2019/10/17-14:56:02.624615 7fbc2cd30700      Options.enable_write_thread_adaptive_yield: 1
2019/10/17-14:56:02.624616 7fbc2cd30700             Options.write_thread_max_yield_usec: 100
2019/10/17-14:56:02.624617 7fbc2cd30700            Options.write_thread_slow_yield_usec: 3
2019/10/17-14:56:02.624617 7fbc2cd30700                               Options.row_cache: None
2019/10/17-14:56:02.624618 7fbc2cd30700                              Options.wal_filter: None
2019/10/17-14:56:02.624619 7fbc2cd30700             Options.avoid_flush_during_recovery: 0
2019/10/17-14:56:02.624620 7fbc2cd30700             Options.allow_ingest_behind: 0
2019/10/17-14:56:02.624620 7fbc2cd30700             Options.preserve_deletes: 0
2019/10/17-14:56:02.624621 7fbc2cd30700             Options.two_write_queues: 0
2019/10/17-14:56:02.624622 7fbc2cd30700             Options.manual_wal_flush: 0
2019/10/17-14:56:02.624622 7fbc2cd30700             Options.max_background_jobs: 2
2019/10/17-14:56:02.624623 7fbc2cd30700             Options.max_background_compactions: -1
2019/10/17-14:56:02.624624 7fbc2cd30700             Options.avoid_flush_during_shutdown: 0
2019/10/17-14:56:02.624625 7fbc2cd30700           Options.writable_file_max_buffer_size: 1048576
2019/10/17-14:56:02.624625 7fbc2cd30700             Options.delayed_write_rate : 16777216
2019/10/17-14:56:02.624626 7fbc2cd30700             Options.max_total_wal_size: 0
2019/10/17-14:56:02.624627 7fbc2cd30700             Options.delete_obsolete_files_period_micros: 21600000000
2019/10/17-14:56:02.624628 7fbc2cd30700                   Options.stats_dump_period_sec: 600
2019/10/17-14:56:02.624628 7fbc2cd30700                          Options.max_open_files: -1
2019/10/17-14:56:02.624629 7fbc2cd30700                          Options.bytes_per_sync: 0
2019/10/17-14:56:02.624630 7fbc2cd30700                      Options.wal_bytes_per_sync: 0
2019/10/17-14:56:02.624630 7fbc2cd30700       Options.compaction_readahead_size: 0
2019/10/17-14:56:02.624631 7fbc2cd30700 Compression algorithms supported:
2019/10/17-14:56:02.624632 7fbc2cd30700 	kZSTDNotFinalCompression supported: 0
2019/10/17-14:56:02.624633 7fbc2cd30700 	kZSTD supported: 0
2019/10/17-14:56:02.624634 7fbc2cd30700 	kXpressCompression supported: 0
2019/10/17-14:56:02.624635 7fbc2cd30700 	kLZ4HCCompression supported: 0
2019/10/17-14:56:02.624636 7fbc2cd30700 	kLZ4Compression supported: 0
2019/10/17-14:56:02.624636 7fbc2cd30700 	kBZip2Compression supported: 0
2019/10/17-14:56:02.624637 7fbc2cd30700 	kZlibCompression supported: 0
2019/10/17-14:56:02.624638 7fbc2cd30700 	kSnappyCompression supported: 0
2019/10/17-14:56:02.624640 7fbc2cd30700 Fast CRC32 supported: Supported on x86
2019/10/17-14:56:02.624723 7fbc2cd30700 [db/version_set.cc:3507] Recovering from manifest file: MANIFEST-116701
2019/10/17-14:56:02.624752 7fbc2cd30700 [db/column_family.cc:472] --------------- Options for column family [default]:
2019/10/17-14:56:02.624754 7fbc2cd30700               Options.comparator: leveldb.BytewiseComparator
2019/10/17-14:56:02.624755 7fbc2cd30700           Options.merge_operator: None
2019/10/17-14:56:02.624755 7fbc2cd30700        Options.compaction_filter: None
2019/10/17-14:56:02.624756 7fbc2cd30700        Options.compaction_filter_factory: None
2019/10/17-14:56:02.624757 7fbc2cd30700         Options.memtable_factory: SkipListFactory
2019/10/17-14:56:02.624758 7fbc2cd30700            Options.table_factory: BlockBasedTable
2019/10/17-14:56:02.624772 7fbc2cd30700            table_factory options:   flush_block_policy_factory: FlushBlockBySizePolicyFactory (0x7fbbb810bc60)
  cache_index_and_filter_blocks: 0
  cache_index_and_filter_blocks_with_high_priority: 0
  pin_l0_filter_and_index_blocks_in_cache: 0
  pin_top_level_index_and_filter: 1
  index_type: 0
  hash_index_allow_collision: 1
  checksum: 1
  no_block_cache: 0
  block_cache: 0x7fbbb85042a0
  block_cache_name: LRUCache
  block_cache_options:
    capacity : 8388608
    num_shard_bits : 4
    strict_capacity_limit : 0
    memory_allocator : None
    high_pri_pool_ratio: 0.000
  block_cache_compressed: (nil)
  persistent_cache: (nil)
  block_size: 4096
  block_size_deviation: 10
  block_restart_interval: 16
  index_block_restart_interval: 1
  metadata_block_size: 4096
  partition_filters: 0
  use_delta_encoding: 1
  filter_policy: nullptr
  whole_key_filtering: 1
  verify_compression: 0
  read_amp_bytes_per_bit: 0
  format_version: 2
  enable_index_compression: 1
  block_align: 0
2019/10/17-14:56:02.624780 7fbc2cd30700        Options.write_buffer_size: 67108864
2019/10/17-14:56:02.624781 7fbc2cd30700  Options.max_write_buffer_number: 2
2019/10/17-14:56:02.624782 7fbc2cd30700          Options.compression: NoCompression
2019/10/17-14:56:02.624783 7fbc2cd30700                  Options.bottommost_compression: Disabled
2019/10/17-14:56:02.624784 7fbc2cd30700       Options.prefix_extractor: nullptr
2019/10/17-14:56:02.624785 7fbc2cd30700   Options.memtable_insert_with_hint_prefix_extractor: nullptr
2019/10/17-14:56:02.624785 7fbc2cd30700             Options.num_levels: 7
2019/10/17-14:56:02.624786 7fbc2cd30700        Options.min_write_buffer_number_to_merge: 1
2019/10/17-14:56:02.624787 7fbc2cd30700     Options.max_write_buffer_number_to_maintain: 0
2019/10/17-14:56:02.624787 7fbc2cd30700            Options.bottommost_compression_opts.window_bits: -14
2019/10/17-14:56:02.624788 7fbc2cd30700                  Options.bottommost_compression_opts.level: 32767
2019/10/17-14:56:02.624789 7fbc2cd30700               Options.bottommost_compression_opts.strategy: 0
2019/10/17-14:56:02.624790 7fbc2cd30700         Options.bottommost_compression_opts.max_dict_bytes: 0
2019/10/17-14:56:02.624790 7fbc2cd30700         Options.bottommost_compression_opts.zstd_max_train_bytes: 0
2019/10/17-14:56:02.624791 7fbc2cd30700                  Options.bottommost_compression_opts.enabled: false
2019/10/17-14:56:02.624792 7fbc2cd30700            Options.compression_opts.window_bits: -14
2019/10/17-14:56:02.624792 7fbc2cd30700                  Options.compression_opts.level: 32767
2019/10/17-14:56:02.624793 7fbc2cd30700               Options.compression_opts.strategy: 0
2019/10/17-14:56:02.624794 7fbc2cd30700         Options.compression_opts.max_dict_bytes: 0
2019/10/17-14:56:02.624794 7fbc2cd30700         Options.compression_opts.zstd_max_train_bytes: 0
2019/10/17-14:56:02.624795 7fbc2cd30700                  Options.compression_opts.enabled: false
2019/10/17-14:56:02.624796 7fbc2cd30700      Options.level0_file_num_compaction_trigger: 4
2019/10/17-14:56:02.624796 7fbc2cd30700          Options.level0_slowdown_writes_trigger: 20
2019/10/17-14:56:02.624797 7fbc2cd30700              Options.level0_stop_writes_trigger: 36
2019/10/17-14:56:02.624798 7fbc2cd30700                   Options.target_file_size_base: 67108864
2019/10/17-14:56:02.624799 7fbc2cd30700             Options.target_file_size_multiplier: 1
2019/10/17-14:56:02.624799 7fbc2cd30700                Options.max_bytes_for_level_base: 268435456
2019/10/17-14:56:02.624800 7fbc2cd30700 Options.level_compaction_dynamic_level_bytes: 0
2019/10/17-14:56:02.624801 7fbc2cd30700          Options.max_bytes_for_level_multiplier: 10.000000
2019/10/17-14:56:02.624803 7fbc2cd30700 Options.max_bytes_for_level_multiplier_addtl[0]: 1
2019/10/17-14:56:02.624804 7fbc2cd30700 Options.max_bytes_for_level_multiplier_addtl[1]: 1
2019/10/17-14:56:02.624804 7fbc2cd30700 Options.max_bytes_for_level_multiplier_addtl[2]: 1
2019/10/17-14:56:02.624805 7fbc2cd30700 Options.max_bytes_for_level_multiplier_addtl[3]: 1
2019/10/17-14:56:02.624806 7fbc2cd30700 Options.max_bytes_for_level_multiplier_addtl[4]: 1
2019/10/17-14:56:02.624810 7fbc2cd30700 Options.max_bytes_for_level_multiplier_addtl[5]: 1
2019/10/17-14:56:02.624811 7fbc2cd30700 Options.max_bytes_for_level_multiplier_addtl[6]: 1
2019/10/17-14:56:02.624812 7fbc2cd30700       Options.max_sequential_skip_in_iterations: 8
2019/10/17-14:56:02.624813 7fbc2cd30700                    Options.max_compaction_bytes: 1677721600
2019/10/17-14:56:02.624813 7fbc2cd30700                        Options.arena_block_size: 8388608
2019/10/17-14:56:02.624814 7fbc2cd30700   Options.soft_pending_compaction_bytes_limit: 68719476736
2019/10/17-14:56:02.624815 7fbc2cd30700   Options.hard_pending_compaction_bytes_limit: 274877906944
2019/10/17-14:56:02.624816 7fbc2cd30700       Options.rate_limit_delay_max_milliseconds: 100
2019/10/17-14:56:02.624816 7fbc2cd30700                Options.disable_auto_compactions: 0
2019/10/17-14:56:02.624818 7fbc2cd30700                        Options.compaction_style: kCompactionStyleLevel
2019/10/17-14:56:02.624819 7fbc2cd30700                          Options.compaction_pri: kByCompensatedSize
2019/10/17-14:56:02.624819 7fbc2cd30700 Options.compaction_options_universal.size_ratio: 1
2019/10/17-14:56:02.624820 7fbc2cd30700 Options.compaction_options_universal.min_merge_width: 2
2019/10/17-14:56:02.624821 7fbc2cd30700 Options.compaction_options_universal.max_merge_width: 4294967295
2019/10/17-14:56:02.624822 7fbc2cd30700 Options.compaction_options_universal.max_size_amplification_percent: 200
2019/10/17-14:56:02.624822 7fbc2cd30700 Options.compaction_options_universal.compression_size_percent: -1
2019/10/17-14:56:02.624823 7fbc2cd30700 Options.compaction_options_universal.stop_style: kCompactionStopStyleTotalSize
2019/10/17-14:56:02.624824 7fbc2cd30700 Options.compaction_options_fifo.max_table_files_size: 1073741824
2019/10/17-14:56:02.624825 7fbc2cd30700 Options.compaction_options_fifo.allow_compaction: 0
2019/10/17-14:56:02.624825 7fbc2cd30700 Options.compaction_options_fifo.ttl: 0
2019/10/17-14:56:02.624826 7fbc2cd30700                   Options.table_properties_collectors: 
2019/10/17-14:56:02.624827 7fbc2cd30700                   Options.inplace_update_support: 0
2019/10/17-14:56:02.624828 7fbc2cd30700                 Options.inplace_update_num_locks: 10000
2019/10/17-14:56:02.624828 7fbc2cd30700               Options.memtable_prefix_bloom_size_ratio: 0.000000
2019/10/17-14:56:02.624829 7fbc2cd30700   Options.memtable_huge_page_size: 0
2019/10/17-14:56:02.624830 7fbc2cd30700                           Options.bloom_locality: 0
2019/10/17-14:56:02.624831 7fbc2cd30700                    Options.max_successive_merges: 0
2019/10/17-14:56:02.624831 7fbc2cd30700                Options.optimize_filters_for_hits: 0
2019/10/17-14:56:02.624832 7fbc2cd30700                Options.paranoid_file_checks: 0
2019/10/17-14:56:02.624833 7fbc2cd30700                Options.force_consistency_checks: 0
2019/10/17-14:56:02.624834 7fbc2cd30700                Options.report_bg_io_stats: 0
2019/10/17-14:56:02.624834 7fbc2cd30700                               Options.ttl: 0
2019/10/17-14:56:02.624860 7fbc2cd30700 [db/column_family.cc:472] --------------- Options for column family [active_gateways]:
2019/10/17-14:56:02.624861 7fbc2cd30700               Options.comparator: leveldb.BytewiseComparator
2019/10/17-14:56:02.624862 7fbc2cd30700           Options.merge_operator: None
2019/10/17-14:56:02.624863 7fbc2cd30700        Options.compaction_filter: None
2019/10/17-14:56:02.624863 7fbc2cd30700        Options.compaction_filter_factory: None
2019/10/17-14:56:02.624864 7fbc2cd30700         Options.memtable_factory: SkipListFactory
2019/10/17-14:56:02.624865 7fbc2cd30700            Options.table_factory: BlockBasedTable
2019/10/17-14:56:02.624874 7fbc2cd30700            table_factory options:   flush_block_policy_factory: FlushBlockBySizePolicyFactory (0x7fbbb80224e0)
  cache_index_and_filter_blocks: 0
  cache_index_and_filter_blocks_with_high_priority: 0
  pin_l0_filter_and_index_blocks_in_cache: 0
  pin_top_level_index_and_filter: 1
  index_type: 0
  hash_index_allow_collision: 1
  checksum: 1
  no_block_cache: 0
  block_cache: 0x7fbbb809e190
  block_cache_name: LRUCache
  block_cache_options:
    capacity : 8388608
    num_shard_bits : 4
    strict_capacity_limit : 0
    memory_allocator : None
    high_pri_pool_ratio: 0.000
  block_cache_compressed: (nil)
  persistent_cache: (nil)
  block_size: 4096
  block_size_deviation: 10
  block_restart_interval: 16
  index_block_restart_interval: 1
  metadata_block_size: 4096
  partition_filters: 0
  use_delta_encoding: 1
  filter_policy: nullptr
  whole_key_filtering: 1
  verify_compression: 0
  read_amp_bytes_per_bit: 0
  format_version: 2
  enable_index_compression: 1
  block_align: 0
2019/10/17-14:56:02.624881 7fbc2cd30700        Options.write_buffer_size: 67108864
2019/10/17-14:56:02.624881 7fbc2cd30700  Options.max_write_buffer_number: 2
2019/10/17-14:56:02.624882 7fbc2cd30700          Options.compression: NoCompression
2019/10/17-14:56:02.624883 7fbc2cd30700                  Options.bottommost_compression: Disabled
2019/10/17-14:56:02.624884 7fbc2cd30700       Options.prefix_extractor: nullptr
2019/10/17-14:56:02.624884 7fbc2cd30700   Options.memtable_insert_with_hint_prefix_extractor: nullptr
2019/10/17-14:56:02.624885 7fbc2cd30700             Options.num_levels: 7
2019/10/17-14:56:02.624886 7fbc2cd30700        Options.min_write_buffer_number_to_merge: 1
2019/10/17-14:56:02.624886 7fbc2cd30700     Options.max_write_buffer_number_to_maintain: 0
2019/10/17-14:56:02.624887 7fbc2cd30700            Options.bottommost_compression_opts.window_bits: -14
2019/10/17-14:56:02.624888 7fbc2cd30700                  Options.bottommost_compression_opts.level: 32767
2019/10/17-14:56:02.624888 7fbc2cd30700               Options.bottommost_compression_opts.strategy: 0
2019/10/17-14:56:02.624889 7fbc2cd30700         Options.bottommost_compression_opts.max_dict_bytes: 0
2019/10/17-14:56:02.624890 7fbc2cd30700         Options.bottommost_compression_opts.zstd_max_train_bytes: 0
2019/10/17-14:56:02.624890 7fbc2cd30700                  Options.bottommost_compression_opts.enabled: false
2019/10/17-14:56:02.624891 7fbc2cd30700            Options.compression_opts.window_bits: -14
2019/10/17-14:56:02.624892 7fbc2cd30700                  Options.compression_opts.level: 32767
2019/10/17-14:56:02.624893 7fbc2cd30700               Options.compression_opts.strategy: 0
2019/10/17-14:56:02.624893 7fbc2cd30700         Options.compression_opts.max_dict_bytes: 0
2019/10/17-14:56:02.624894 7fbc2cd30700         Options.compression_opts.zstd_max_train_bytes: 0
2019/10/17-14:56:02.624895 7fbc2cd30700                  Options.compression_opts.enabled: false
2019/10/17-14:56:02.624895 7fbc2cd30700      Options.level0_file_num_compaction_trigger: 4
2019/10/17-14:56:02.624896 7fbc2cd30700          Options.level0_slowdown_writes_trigger: 20
2019/10/17-14:56:02.624897 7fbc2cd30700              Options.level0_stop_writes_trigger: 36
2019/10/17-14:56:02.624897 7fbc2cd30700                   Options.target_file_size_base: 67108864
2019/10/17-14:56:02.624898 7fbc2cd30700             Options.target_file_size_multiplier: 1
2019/10/17-14:56:02.624899 7fbc2cd30700                Options.max_bytes_for_level_base: 268435456
2019/10/17-14:56:02.624899 7fbc2cd30700 Options.level_compaction_dynamic_level_bytes: 0
2019/10/17-14:56:02.624900 7fbc2cd30700          Options.max_bytes_for_level_multiplier: 10.000000
2019/10/17-14:56:02.624901 7fbc2cd30700 Options.max_bytes_for_level_multiplier_addtl[0]: 1
2019/10/17-14:56:02.624902 7fbc2cd30700 Options.max_bytes_for_level_multiplier_addtl[1]: 1
2019/10/17-14:56:02.624903 7fbc2cd30700 Options.max_bytes_for_level_multiplier_addtl[2]: 1
2019/10/17-14:56:02.624904 7fbc2cd30700 Options.max_bytes_for_level_multiplier_addtl[3]: 1
2019/10/17-14:56:02.624904 7fbc2cd30700 Options.max_bytes_for_level_multiplier_addtl[4]: 1
2019/10/17-14:56:02.624905 7fbc2cd30700 Options.max_bytes_for_level_multiplier_addtl[5]: 1
2019/10/17-14:56:02.624906 7fbc2cd30700 Options.max_bytes_for_level_multiplier_addtl[6]: 1
2019/10/17-14:56:02.624906 7fbc2cd30700       Options.max_sequential_skip_in_iterations: 8
2019/10/17-14:56:02.624910 7fbc2cd30700                    Options.max_compaction_bytes: 1677721600
2019/10/17-14:56:02.624911 7fbc2cd30700                        Options.arena_block_size: 8388608
2019/10/17-14:56:02.624912 7fbc2cd30700   Options.soft_pending_compaction_bytes_limit: 68719476736
2019/10/17-14:56:02.624913 7fbc2cd30700   Options.hard_pending_compaction_bytes_limit: 274877906944
2019/10/17-14:56:02.624913 7fbc2cd30700       Options.rate_limit_delay_max_milliseconds: 100
2019/10/17-14:56:02.624914 7fbc2cd30700                Options.disable_auto_compactions: 0
2019/10/17-14:56:02.624915 7fbc2cd30700                        Options.compaction_style: kCompactionStyleLevel
2019/10/17-14:56:02.624916 7fbc2cd30700                          Options.compaction_pri: kByCompensatedSize
2019/10/17-14:56:02.624917 7fbc2cd30700 Options.compaction_options_universal.size_ratio: 1
2019/10/17-14:56:02.624917 7fbc2cd30700 Options.compaction_options_universal.min_merge_width: 2
2019/10/17-14:56:02.624918 7fbc2cd30700 Options.compaction_options_universal.max_merge_width: 4294967295
2019/10/17-14:56:02.624919 7fbc2cd30700 Options.compaction_options_universal.max_size_amplification_percent: 200
2019/10/17-14:56:02.624919 7fbc2cd30700 Options.compaction_options_universal.compression_size_percent: -1
2019/10/17-14:56:02.624920 7fbc2cd30700 Options.compaction_options_universal.stop_style: kCompactionStopStyleTotalSize
2019/10/17-14:56:02.624921 7fbc2cd30700 Options.compaction_options_fifo.max_table_files_size: 1073741824
2019/10/17-14:56:02.624922 7fbc2cd30700 Options.compaction_options_fifo.allow_compaction: 0
2019/10/17-14:56:02.624922 7fbc2cd30700 Options.compaction_options_fifo.ttl: 0
2019/10/17-14:56:02.624923 7fbc2cd30700                   Options.table_properties_collectors: 
2019/10/17-14:56:02.624924 7fbc2cd30700                   Options.inplace_update_support: 0
2019/10/17-14:56:02.624924 7fbc2cd30700                 Options.inplace_update_num_locks: 10000
2019/10/17-14:56:02.624925 7fbc2cd30700               Options.memtable_prefix_bloom_size_ratio: 0.000000
2019/10/17-14:56:02.624926 7fbc2cd30700   Options.memtable_huge_page_size: 0
2019/10/17-14:56:02.624927 7fbc2cd30700                           Options.bloom_locality: 0
2019/10/17-14:56:02.624927 7fbc2cd30700                    Options.max_successive_merges: 0
2019/10/17-14:56:02.624928 7fbc2cd30700                Options.optimize_filters_for_hits: 0
2019/10/17-14:56:02.624929 7fbc2cd30700                Options.paranoid_file_checks: 0
2019/10/17-14:56:02.624930 7fbc2cd30700                Options.force_consistency_checks: 0
2019/10/17-14:56:02.624930 7fbc2cd30700                Options.report_bg_io_stats: 0
2019/10/17-14:56:02.624931 7fbc2cd30700                               Options.ttl: 0
2019/10/17-14:56:02.624945 7fbc2cd30700 [db/column_family.cc:472] --------------- Options for column family [entries]:
2019/10/17-14:56:02.624946 7fbc2cd30700               Options.comparator: leveldb.BytewiseComparator
2019/10/17-14:56:02.624947 7fbc2cd30700           Options.merge_operator: None
2019/10/17-14:56:02.624948 7fbc2cd30700        Options.compaction_filter: None
2019/10/17-14:56:02.624948 7fbc2cd30700        Options.compaction_filter_factory: None
2019/10/17-14:56:02.624949 7fbc2cd30700         Options.memtable_factory: SkipListFactory
2019/10/17-14:56:02.624950 7fbc2cd30700            Options.table_factory: BlockBasedTable
2019/10/17-14:56:02.624959 7fbc2cd30700            table_factory options:   flush_block_policy_factory: FlushBlockBySizePolicyFactory (0x7fbbb80f6d80)
  cache_index_and_filter_blocks: 0
  cache_index_and_filter_blocks_with_high_priority: 0
  pin_l0_filter_and_index_blocks_in_cache: 0
  pin_top_level_index_and_filter: 1
  index_type: 0
  hash_index_allow_collision: 1
  checksum: 1
  no_block_cache: 0
  block_cache: 0x7fbbb8061a50
  block_cache_name: LRUCache
  block_cache_options:
    capacity : 8388608
    num_shard_bits : 4
    strict_capacity_limit : 0
    memory_allocator : None
    high_pri_pool_ratio: 0.000
  block_cache_compressed: (nil)
  persistent_cache: (nil)
  block_size: 4096
  block_size_deviation: 10
  block_restart_interval: 16
  index_block_restart_interval: 1
  metadata_block_size: 4096
  partition_filters: 0
  use_delta_encoding: 1
  filter_policy: nullptr
  whole_key_filtering: 1
  verify_compression: 0
  read_amp_bytes_per_bit: 0
  format_version: 2
  enable_index_compression: 1
  block_align: 0
2019/10/17-14:56:02.624964 7fbc2cd30700        Options.write_buffer_size: 67108864
2019/10/17-14:56:02.624965 7fbc2cd30700  Options.max_write_buffer_number: 2
2019/10/17-14:56:02.624966 7fbc2cd30700          Options.compression: NoCompression
2019/10/17-14:56:02.624966 7fbc2cd30700                  Options.bottommost_compression: Disabled
2019/10/17-14:56:02.624967 7fbc2cd30700       Options.prefix_extractor: nullptr
2019/10/17-14:56:02.624968 7fbc2cd30700   Options.memtable_insert_with_hint_prefix_extractor: nullptr
2019/10/17-14:56:02.624968 7fbc2cd30700             Options.num_levels: 7
2019/10/17-14:56:02.624969 7fbc2cd30700        Options.min_write_buffer_number_to_merge: 1
2019/10/17-14:56:02.624970 7fbc2cd30700     Options.max_write_buffer_number_to_maintain: 0
2019/10/17-14:56:02.624970 7fbc2cd30700            Options.bottommost_compression_opts.window_bits: -14
2019/10/17-14:56:02.624971 7fbc2cd30700                  Options.bottommost_compression_opts.level: 32767
2019/10/17-14:56:02.624972 7fbc2cd30700               Options.bottommost_compression_opts.strategy: 0
2019/10/17-14:56:02.624973 7fbc2cd30700         Options.bottommost_compression_opts.max_dict_bytes: 0
2019/10/17-14:56:02.624973 7fbc2cd30700         Options.bottommost_compression_opts.zstd_max_train_bytes: 0
2019/10/17-14:56:02.624974 7fbc2cd30700                  Options.bottommost_compression_opts.enabled: false
2019/10/17-14:56:02.624975 7fbc2cd30700            Options.compression_opts.window_bits: -14
2019/10/17-14:56:02.624975 7fbc2cd30700                  Options.compression_opts.level: 32767
2019/10/17-14:56:02.624976 7fbc2cd30700               Options.compression_opts.strategy: 0
2019/10/17-14:56:02.624977 7fbc2cd30700         Options.compression_opts.max_dict_bytes: 0
2019/10/17-14:56:02.624977 7fbc2cd30700         Options.compression_opts.zstd_max_train_bytes: 0
2019/10/17-14:56:02.624978 7fbc2cd30700                  Options.compression_opts.enabled: false
2019/10/17-14:56:02.624979 7fbc2cd30700      Options.level0_file_num_compaction_trigger: 4
2019/10/17-14:56:02.624979 7fbc2cd30700          Options.level0_slowdown_writes_trigger: 20
2019/10/17-14:56:02.624980 7fbc2cd30700              Options.level0_stop_writes_trigger: 36
2019/10/17-14:56:02.624981 7fbc2cd30700                   Options.target_file_size_base: 67108864
2019/10/17-14:56:02.624981 7fbc2cd30700             Options.target_file_size_multiplier: 1
2019/10/17-14:56:02.624982 7fbc2cd30700                Options.max_bytes_for_level_base: 268435456
2019/10/17-14:56:02.624983 7fbc2cd30700 Options.level_compaction_dynamic_level_bytes: 0
2019/10/17-14:56:02.624983 7fbc2cd30700          Options.max_bytes_for_level_multiplier: 10.000000
2019/10/17-14:56:02.624985 7fbc2cd30700 Options.max_bytes_for_level_multiplier_addtl[0]: 1
2019/10/17-14:56:02.624985 7fbc2cd30700 Options.max_bytes_for_level_multiplier_addtl[1]: 1
2019/10/17-14:56:02.624986 7fbc2cd30700 Options.max_bytes_for_level_multiplier_addtl[2]: 1
2019/10/17-14:56:02.624987 7fbc2cd30700 Options.max_bytes_for_level_multiplier_addtl[3]: 1
2019/10/17-14:56:02.624987 7fbc2cd30700 Options.max_bytes_for_level_multiplier_addtl[4]: 1
2019/10/17-14:56:02.624988 7fbc2cd30700 Options.max_bytes_for_level_multiplier_addtl[5]: 1
2019/10/17-14:56:02.624989 7fbc2cd30700 Options.max_bytes_for_level_multiplier_addtl[6]: 1
2019/10/17-14:56:02.624990 7fbc2cd30700       Options.max_sequential_skip_in_iterations: 8
2019/10/17-14:56:02.624990 7fbc2cd30700                    Options.max_compaction_bytes: 1677721600
2019/10/17-14:56:02.624991 7fbc2cd30700                        Options.arena_block_size: 8388608
2019/10/17-14:56:02.624992 7fbc2cd30700   Options.soft_pending_compaction_bytes_limit: 68719476736
2019/10/17-14:56:02.624996 7fbc2cd30700   Options.hard_pending_compaction_bytes_limit: 274877906944
2019/10/17-14:56:02.624996 7fbc2cd30700       Options.rate_limit_delay_max_milliseconds: 100
2019/10/17-14:56:02.624997 7fbc2cd30700                Options.disable_auto_compactions: 0
2019/10/17-14:56:02.624998 7fbc2cd30700                        Options.compaction_style: kCompactionStyleLevel
2019/10/17-14:56:02.624999 7fbc2cd30700                          Options.compaction_pri: kByCompensatedSize
2019/10/17-14:56:02.625000 7fbc2cd30700 Options.compaction_options_universal.size_ratio: 1
2019/10/17-14:56:02.625000 7fbc2cd30700 Options.compaction_options_universal.min_merge_width: 2
2019/10/17-14:56:02.625001 7fbc2cd30700 Options.compaction_options_universal.max_merge_width: 4294967295
2019/10/17-14:56:02.625002 7fbc2cd30700 Options.compaction_options_universal.max_size_amplification_percent: 200
2019/10/17-14:56:02.625002 7fbc2cd30700 Options.compaction_options_universal.compression_size_percent: -1
2019/10/17-14:56:02.625003 7fbc2cd30700 Options.compaction_options_universal.stop_style: kCompactionStopStyleTotalSize
2019/10/17-14:56:02.625004 7fbc2cd30700 Options.compaction_options_fifo.max_table_files_size: 1073741824
2019/10/17-14:56:02.625005 7fbc2cd30700 Options.compaction_options_fifo.allow_compaction: 0
2019/10/17-14:56:02.625005 7fbc2cd30700 Options.compaction_options_fifo.ttl: 0
2019/10/17-14:56:02.625006 7fbc2cd30700                   Options.table_properties_collectors: 
2019/10/17-14:56:02.625007 7fbc2cd30700                   Options.inplace_update_support: 0
2019/10/17-14:56:02.625007 7fbc2cd30700                 Options.inplace_update_num_locks: 10000
2019/10/17-14:56:02.625008 7fbc2cd30700               Options.memtable_prefix_bloom_size_ratio: 0.000000
2019/10/17-14:56:02.625009 7fbc2cd30700   Options.memtable_huge_page_size: 0
2019/10/17-14:56:02.625010 7fbc2cd30700                           Options.bloom_locality: 0
2019/10/17-14:56:02.625010 7fbc2cd30700                    Options.max_successive_merges: 0
2019/10/17-14:56:02.625011 7fbc2cd30700                Options.optimize_filters_for_hits: 0
2019/10/17-14:56:02.625012 7fbc2cd30700                Options.paranoid_file_checks: 0
2019/10/17-14:56:02.625012 7fbc2cd30700                Options.force_consistency_checks: 0
2019/10/17-14:56:02.625013 7fbc2cd30700                Options.report_bg_io_stats: 0
2019/10/17-14:56:02.625014 7fbc2cd30700                               Options.ttl: 0
2019/10/17-14:56:02.625026 7fbc2cd30700 [db/column_family.cc:472] --------------- Options for column family [dc_entries]:
2019/10/17-14:56:02.625028 7fbc2cd30700               Options.comparator: leveldb.BytewiseComparator
2019/10/17-14:56:02.625028 7fbc2cd30700           Options.merge_operator: None
2019/10/17-14:56:02.625029 7fbc2cd30700        Options.compaction_filter: None
2019/10/17-14:56:02.625030 7fbc2cd30700        Options.compaction_filter_factory: None
2019/10/17-14:56:02.625030 7fbc2cd30700         Options.memtable_factory: SkipListFactory
2019/10/17-14:56:02.625031 7fbc2cd30700            Options.table_factory: BlockBasedTable
2019/10/17-14:56:02.625039 7fbc2cd30700            table_factory options:   flush_block_policy_factory: FlushBlockBySizePolicyFactory (0x7fbbb808c9b0)
  cache_index_and_filter_blocks: 0
  cache_index_and_filter_blocks_with_high_priority: 0
  pin_l0_filter_and_index_blocks_in_cache: 0
  pin_top_level_index_and_filter: 1
  index_type: 0
  hash_index_allow_collision: 1
  checksum: 1
  no_block_cache: 0
  block_cache: 0x7fbbb8072fe0
  block_cache_name: LRUCache
  block_cache_options:
    capacity : 8388608
    num_shard_bits : 4
    strict_capacity_limit : 0
    memory_allocator : None
    high_pri_pool_ratio: 0.000
  block_cache_compressed: (nil)
  persistent_cache: (nil)
  block_size: 4096
  block_size_deviation: 10
  block_restart_interval: 16
  index_block_restart_interval: 1
  metadata_block_size: 4096
  partition_filters: 0
  use_delta_encoding: 1
  filter_policy: nullptr
  whole_key_filtering: 1
  verify_compression: 0
  read_amp_bytes_per_bit: 0
  format_version: 2
  enable_index_compression: 1
  block_align: 0
2019/10/17-14:56:02.625045 7fbc2cd30700        Options.write_buffer_size: 67108864
2019/10/17-14:56:02.625046 7fbc2cd30700  Options.max_write_buffer_number: 2
2019/10/17-14:56:02.625047 7fbc2cd30700          Options.compression: NoCompression
2019/10/17-14:56:02.625047 7fbc2cd30700                  Options.bottommost_compression: Disabled
2019/10/17-14:56:02.625048 7fbc2cd30700       Options.prefix_extractor: nullptr
2019/10/17-14:56:02.625049 7fbc2cd30700   Options.memtable_insert_with_hint_prefix_extractor: nullptr
2019/10/17-14:56:02.625049 7fbc2cd30700             Options.num_levels: 7
2019/10/17-14:56:02.625050 7fbc2cd30700        Options.min_write_buffer_number_to_merge: 1
2019/10/17-14:56:02.625051 7fbc2cd30700     Options.max_write_buffer_number_to_maintain: 0
2019/10/17-14:56:02.625051 7fbc2cd30700            Options.bottommost_compression_opts.window_bits: -14
2019/10/17-14:56:02.625052 7fbc2cd30700                  Options.bottommost_compression_opts.level: 32767
2019/10/17-14:56:02.625053 7fbc2cd30700               Options.bottommost_compression_opts.strategy: 0
2019/10/17-14:56:02.625054 7fbc2cd30700         Options.bottommost_compression_opts.max_dict_bytes: 0
2019/10/17-14:56:02.625054 7fbc2cd30700         Options.bottommost_compression_opts.zstd_max_train_bytes: 0
2019/10/17-14:56:02.625055 7fbc2cd30700                  Options.bottommost_compression_opts.enabled: false
2019/10/17-14:56:02.625056 7fbc2cd30700            Options.compression_opts.window_bits: -14
2019/10/17-14:56:02.625056 7fbc2cd30700                  Options.compression_opts.level: 32767
2019/10/17-14:56:02.625057 7fbc2cd30700               Options.compression_opts.strategy: 0
2019/10/17-14:56:02.625058 7fbc2cd30700         Options.compression_opts.max_dict_bytes: 0
2019/10/17-14:56:02.625058 7fbc2cd30700         Options.compression_opts.zstd_max_train_bytes: 0
2019/10/17-14:56:02.625059 7fbc2cd30700                  Options.compression_opts.enabled: false
2019/10/17-14:56:02.625060 7fbc2cd30700      Options.level0_file_num_compaction_trigger: 4
2019/10/17-14:56:02.625060 7fbc2cd30700          Options.level0_slowdown_writes_trigger: 20
2019/10/17-14:56:02.625061 7fbc2cd30700              Options.level0_stop_writes_trigger: 36
2019/10/17-14:56:02.625062 7fbc2cd30700                   Options.target_file_size_base: 67108864
2019/10/17-14:56:02.625062 7fbc2cd30700             Options.target_file_size_multiplier: 1
2019/10/17-14:56:02.625063 7fbc2cd30700                Options.max_bytes_for_level_base: 268435456
2019/10/17-14:56:02.625064 7fbc2cd30700 Options.level_compaction_dynamic_level_bytes: 0
2019/10/17-14:56:02.625064 7fbc2cd30700          Options.max_bytes_for_level_multiplier: 10.000000
2019/10/17-14:56:02.625066 7fbc2cd30700 Options.max_bytes_for_level_multiplier_addtl[0]: 1
2019/10/17-14:56:02.625066 7fbc2cd30700 Options.max_bytes_for_level_multiplier_addtl[1]: 1
2019/10/17-14:56:02.625067 7fbc2cd30700 Options.max_bytes_for_level_multiplier_addtl[2]: 1
2019/10/17-14:56:02.625068 7fbc2cd30700 Options.max_bytes_for_level_multiplier_addtl[3]: 1
2019/10/17-14:56:02.625068 7fbc2cd30700 Options.max_bytes_for_level_multiplier_addtl[4]: 1
2019/10/17-14:56:02.625069 7fbc2cd30700 Options.max_bytes_for_level_multiplier_addtl[5]: 1
2019/10/17-14:56:02.625070 7fbc2cd30700 Options.max_bytes_for_level_multiplier_addtl[6]: 1
2019/10/17-14:56:02.625071 7fbc2cd30700       Options.max_sequential_skip_in_iterations: 8
2019/10/17-14:56:02.625071 7fbc2cd30700                    Options.max_compaction_bytes: 1677721600
2019/10/17-14:56:02.625072 7fbc2cd30700                        Options.arena_block_size: 8388608
2019/10/17-14:56:02.625073 7fbc2cd30700   Options.soft_pending_compaction_bytes_limit: 68719476736
2019/10/17-14:56:02.625073 7fbc2cd30700   Options.hard_pending_compaction_bytes_limit: 274877906944
2019/10/17-14:56:02.625074 7fbc2cd30700       Options.rate_limit_delay_max_milliseconds: 100
2019/10/17-14:56:02.625075 7fbc2cd30700                Options.disable_auto_compactions: 0
2019/10/17-14:56:02.625079 7fbc2cd30700                        Options.compaction_style: kCompactionStyleLevel
2019/10/17-14:56:02.625080 7fbc2cd30700                          Options.compaction_pri: kByCompensatedSize
2019/10/17-14:56:02.625080 7fbc2cd30700 Options.compaction_options_universal.size_ratio: 1
2019/10/17-14:56:02.625081 7fbc2cd30700 Options.compaction_options_universal.min_merge_width: 2
2019/10/17-14:56:02.625082 7fbc2cd30700 Options.compaction_options_universal.max_merge_width: 4294967295
2019/10/17-14:56:02.625082 7fbc2cd30700 Options.compaction_options_universal.max_size_amplification_percent: 200
2019/10/17-14:56:02.625083 7fbc2cd30700 Options.compaction_options_universal.compression_size_percent: -1
2019/10/17-14:56:02.625084 7fbc2cd30700 Options.compaction_options_universal.stop_style: kCompactionStopStyleTotalSize
2019/10/17-14:56:02.625085 7fbc2cd30700 Options.compaction_options_fifo.max_table_files_size: 1073741824
2019/10/17-14:56:02.625085 7fbc2cd30700 Options.compaction_options_fifo.allow_compaction: 0
2019/10/17-14:56:02.625086 7fbc2cd30700 Options.compaction_options_fifo.ttl: 0
2019/10/17-14:56:02.625087 7fbc2cd30700                   Options.table_properties_collectors: 
2019/10/17-14:56:02.625087 7fbc2cd30700                   Options.inplace_update_support: 0
2019/10/17-14:56:02.625088 7fbc2cd30700                 Options.inplace_update_num_locks: 10000
2019/10/17-14:56:02.625089 7fbc2cd30700               Options.memtable_prefix_bloom_size_ratio: 0.000000
2019/10/17-14:56:02.625090 7fbc2cd30700   Options.memtable_huge_page_size: 0
2019/10/17-14:56:02.625090 7fbc2cd30700                           Options.bloom_locality: 0
2019/10/17-14:56:02.625091 7fbc2cd30700                    Options.max_successive_merges: 0
2019/10/17-14:56:02.625092 7fbc2cd30700                Options.optimize_filters_for_hits: 0
2019/10/17-14:56:02.625092 7fbc2cd30700                Options.paranoid_file_checks: 0
2019/10/17-14:56:02.625093 7fbc2cd30700                Options.force_consistency_checks: 0
2019/10/17-14:56:02.625094 7fbc2cd30700                Options.report_bg_io_stats: 0
2019/10/17-14:56:02.625094 7fbc2cd30700                               Options.ttl: 0
2019/10/17-14:56:02.625105 7fbc2cd30700 [db/column_family.cc:472] --------------- Options for column family [htlcs]:
2019/10/17-14:56:02.625106 7fbc2cd30700               Options.comparator: leveldb.BytewiseComparator
2019/10/17-14:56:02.625107 7fbc2cd30700           Options.merge_operator: None
2019/10/17-14:56:02.625107 7fbc2cd30700        Options.compaction_filter: None
2019/10/17-14:56:02.625108 7fbc2cd30700        Options.compaction_filter_factory: None
2019/10/17-14:56:02.625109 7fbc2cd30700         Options.memtable_factory: SkipListFactory
2019/10/17-14:56:02.625109 7fbc2cd30700            Options.table_factory: BlockBasedTable
2019/10/17-14:56:02.625117 7fbc2cd30700            table_factory options:   flush_block_policy_factory: FlushBlockBySizePolicyFactory (0x7fbbb808ebd0)
