2019/10/17-14:55:12.565079 7fc3a9fcb700 RocksDB version: 5.18.3
2019/10/17-14:55:12.565132 7fc3a9fcb700 Git sha rocksdb_build_git_sha:@0@
2019/10/17-14:55:12.565135 7fc3a9fcb700 Compile date Sep 19 2019
2019/10/17-14:55:12.565137 7fc3a9fcb700 DB SUMMARY
2019/10/17-14:55:12.566342 7fc3a9fcb700 CURRENT file:  CURRENT
2019/10/17-14:55:12.566344 7fc3a9fcb700 IDENTITY file:  IDENTITY
2019/10/17-14:55:12.566392 7fc3a9fcb700 MANIFEST file:  MANIFEST-116524 size: 4114 Bytes
2019/10/17-14:55:12.566395 7fc3a9fcb700 SST files in /home/rahul/dev/blockchain-core/eqc/ledger.db dir, Total Num: 29, files: 000624.sst 000627.sst 106940.sst 108447.sst 108450.sst 109471.sst 109483.sst 109485.sst 109486.sst 
2019/10/17-14:55:12.566397 7fc3a9fcb700 Write Ahead Log file in /home/rahul/dev/blockchain-core/eqc/ledger.db: 116525.log size: 0 ; 
2019/10/17-14:55:12.566454 7fc3a9fcb700                         Options.error_if_exists: 0
2019/10/17-14:55:12.566456 7fc3a9fcb700                       Options.create_if_missing: 1
2019/10/17-14:55:12.566457 7fc3a9fcb700                         Options.paranoid_checks: 1
2019/10/17-14:55:12.566459 7fc3a9fcb700                                     Options.env: 0x7fc32ae1fc60
2019/10/17-14:55:12.566460 7fc3a9fcb700                                Options.info_log: 0x7fc350057f50
2019/10/17-14:55:12.566461 7fc3a9fcb700                Options.max_file_opening_threads: 16
2019/10/17-14:55:12.566463 7fc3a9fcb700                              Options.statistics: (nil)
2019/10/17-14:55:12.566464 7fc3a9fcb700                               Options.use_fsync: 0
2019/10/17-14:55:12.566466 7fc3a9fcb700                       Options.max_log_file_size: 0
2019/10/17-14:55:12.566467 7fc3a9fcb700                  Options.max_manifest_file_size: 1073741824
2019/10/17-14:55:12.566468 7fc3a9fcb700                   Options.log_file_time_to_roll: 0
2019/10/17-14:55:12.566470 7fc3a9fcb700                       Options.keep_log_file_num: 1000
2019/10/17-14:55:12.566471 7fc3a9fcb700                    Options.recycle_log_file_num: 0
2019/10/17-14:55:12.566472 7fc3a9fcb700                         Options.allow_fallocate: 1
2019/10/17-14:55:12.566474 7fc3a9fcb700                        Options.allow_mmap_reads: 0
2019/10/17-14:55:12.566475 7fc3a9fcb700                       Options.allow_mmap_writes: 0
2019/10/17-14:55:12.566476 7fc3a9fcb700                        Options.use_direct_reads: 0
2019/10/17-14:55:12.566477 7fc3a9fcb700                        Options.use_direct_io_for_flush_and_compaction: 0
2019/10/17-14:55:12.566478 7fc3a9fcb700          Options.create_missing_column_families: 0
2019/10/17-14:55:12.566480 7fc3a9fcb700                              Options.db_log_dir: 
2019/10/17-14:55:12.566481 7fc3a9fcb700                                 Options.wal_dir: /home/rahul/dev/blockchain-core/eqc/ledger.db
2019/10/17-14:55:12.566482 7fc3a9fcb700                Options.table_cache_numshardbits: 6
2019/10/17-14:55:12.566483 7fc3a9fcb700                      Options.max_subcompactions: 1
2019/10/17-14:55:12.566485 7fc3a9fcb700                  Options.max_background_flushes: -1
2019/10/17-14:55:12.566486 7fc3a9fcb700                         Options.WAL_ttl_seconds: 0
2019/10/17-14:55:12.566487 7fc3a9fcb700                       Options.WAL_size_limit_MB: 0
2019/10/17-14:55:12.566489 7fc3a9fcb700             Options.manifest_preallocation_size: 4194304
2019/10/17-14:55:12.566490 7fc3a9fcb700                     Options.is_fd_close_on_exec: 1
2019/10/17-14:55:12.566491 7fc3a9fcb700                   Options.advise_random_on_open: 1
2019/10/17-14:55:12.566492 7fc3a9fcb700                    Options.db_write_buffer_size: 0
2019/10/17-14:55:12.566493 7fc3a9fcb700                    Options.write_buffer_manager: 0x7fc3500e9250
2019/10/17-14:55:12.566495 7fc3a9fcb700         Options.access_hint_on_compaction_start: 1
2019/10/17-14:55:12.566496 7fc3a9fcb700  Options.new_table_reader_for_compaction_inputs: 0
2019/10/17-14:55:12.566497 7fc3a9fcb700           Options.random_access_max_buffer_size: 1048576
2019/10/17-14:55:12.566498 7fc3a9fcb700                      Options.use_adaptive_mutex: 0
2019/10/17-14:55:12.566500 7fc3a9fcb700                            Options.rate_limiter: (nil)
2019/10/17-14:55:12.566514 7fc3a9fcb700     Options.sst_file_manager.rate_bytes_per_sec: 0
2019/10/17-14:55:12.566516 7fc3a9fcb700                       Options.wal_recovery_mode: 2
2019/10/17-14:55:12.566517 7fc3a9fcb700                  Options.enable_thread_tracking: 0
2019/10/17-14:55:12.566518 7fc3a9fcb700                  Options.enable_pipelined_write: 0
2019/10/17-14:55:12.566520 7fc3a9fcb700         Options.allow_concurrent_memtable_write: 1
2019/10/17-14:55:12.566521 7fc3a9fcb700      Options.enable_write_thread_adaptive_yield: 1
2019/10/17-14:55:12.566522 7fc3a9fcb700             Options.write_thread_max_yield_usec: 100
2019/10/17-14:55:12.566523 7fc3a9fcb700            Options.write_thread_slow_yield_usec: 3
2019/10/17-14:55:12.566525 7fc3a9fcb700                               Options.row_cache: None
2019/10/17-14:55:12.566526 7fc3a9fcb700                              Options.wal_filter: None
2019/10/17-14:55:12.566527 7fc3a9fcb700             Options.avoid_flush_during_recovery: 0
2019/10/17-14:55:12.566528 7fc3a9fcb700             Options.allow_ingest_behind: 0
2019/10/17-14:55:12.566530 7fc3a9fcb700             Options.preserve_deletes: 0
2019/10/17-14:55:12.566531 7fc3a9fcb700             Options.two_write_queues: 0
2019/10/17-14:55:12.566532 7fc3a9fcb700             Options.manual_wal_flush: 0
2019/10/17-14:55:12.566533 7fc3a9fcb700             Options.max_background_jobs: 2
2019/10/17-14:55:12.566535 7fc3a9fcb700             Options.max_background_compactions: -1
2019/10/17-14:55:12.566536 7fc3a9fcb700             Options.avoid_flush_during_shutdown: 0
2019/10/17-14:55:12.566537 7fc3a9fcb700           Options.writable_file_max_buffer_size: 1048576
2019/10/17-14:55:12.566538 7fc3a9fcb700             Options.delayed_write_rate : 16777216
2019/10/17-14:55:12.566540 7fc3a9fcb700             Options.max_total_wal_size: 0
2019/10/17-14:55:12.566541 7fc3a9fcb700             Options.delete_obsolete_files_period_micros: 21600000000
2019/10/17-14:55:12.566542 7fc3a9fcb700                   Options.stats_dump_period_sec: 600
2019/10/17-14:55:12.566543 7fc3a9fcb700                          Options.max_open_files: -1
2019/10/17-14:55:12.566545 7fc3a9fcb700                          Options.bytes_per_sync: 0
2019/10/17-14:55:12.566546 7fc3a9fcb700                      Options.wal_bytes_per_sync: 0
2019/10/17-14:55:12.566547 7fc3a9fcb700       Options.compaction_readahead_size: 0
2019/10/17-14:55:12.566548 7fc3a9fcb700 Compression algorithms supported:
2019/10/17-14:55:12.566550 7fc3a9fcb700 	kZSTDNotFinalCompression supported: 0
2019/10/17-14:55:12.566551 7fc3a9fcb700 	kZSTD supported: 0
2019/10/17-14:55:12.566553 7fc3a9fcb700 	kXpressCompression supported: 0
2019/10/17-14:55:12.566554 7fc3a9fcb700 	kLZ4HCCompression supported: 0
2019/10/17-14:55:12.566556 7fc3a9fcb700 	kLZ4Compression supported: 0
2019/10/17-14:55:12.566557 7fc3a9fcb700 	kBZip2Compression supported: 0
2019/10/17-14:55:12.566558 7fc3a9fcb700 	kZlibCompression supported: 0
2019/10/17-14:55:12.566559 7fc3a9fcb700 	kSnappyCompression supported: 0
2019/10/17-14:55:12.566562 7fc3a9fcb700 Fast CRC32 supported: Supported on x86
2019/10/17-14:55:12.566711 7fc3a9fcb700 [db/version_set.cc:3507] Recovering from manifest file: MANIFEST-116524
2019/10/17-14:55:12.566764 7fc3a9fcb700 [db/column_family.cc:472] --------------- Options for column family [default]:
2019/10/17-14:55:12.566766 7fc3a9fcb700               Options.comparator: leveldb.BytewiseComparator
2019/10/17-14:55:12.566768 7fc3a9fcb700           Options.merge_operator: None
2019/10/17-14:55:12.566769 7fc3a9fcb700        Options.compaction_filter: None
2019/10/17-14:55:12.566770 7fc3a9fcb700        Options.compaction_filter_factory: None
2019/10/17-14:55:12.566772 7fc3a9fcb700         Options.memtable_factory: SkipListFactory
2019/10/17-14:55:12.566773 7fc3a9fcb700            Options.table_factory: BlockBasedTable
2019/10/17-14:55:12.566796 7fc3a9fcb700            table_factory options:   flush_block_policy_factory: FlushBlockBySizePolicyFactory (0x7fc3500fbd30)
  cache_index_and_filter_blocks: 0
  cache_index_and_filter_blocks_with_high_priority: 0
  pin_l0_filter_and_index_blocks_in_cache: 0
  pin_top_level_index_and_filter: 1
  index_type: 0
  hash_index_allow_collision: 1
  checksum: 1
  no_block_cache: 0
  block_cache: 0x7fc3500be920
  block_cache_name: LRUCache
  block_cache_options:
    capacity : 8388608
    num_shard_bits : 4
    strict_capacity_limit : 0
    memory_allocator : None
    high_pri_pool_ratio: 0.000
  block_cache_compressed: (nil)
  persistent_cache: (nil)
  block_size: 4096
  block_size_deviation: 10
  block_restart_interval: 16
  index_block_restart_interval: 1
  metadata_block_size: 4096
  partition_filters: 0
  use_delta_encoding: 1
  filter_policy: nullptr
  whole_key_filtering: 1
  verify_compression: 0
  read_amp_bytes_per_bit: 0
  format_version: 2
  enable_index_compression: 1
  block_align: 0
2019/10/17-14:55:12.566811 7fc3a9fcb700        Options.write_buffer_size: 67108864
2019/10/17-14:55:12.566812 7fc3a9fcb700  Options.max_write_buffer_number: 2
2019/10/17-14:55:12.566814 7fc3a9fcb700          Options.compression: NoCompression
2019/10/17-14:55:12.566815 7fc3a9fcb700                  Options.bottommost_compression: Disabled
2019/10/17-14:55:12.566817 7fc3a9fcb700       Options.prefix_extractor: nullptr
2019/10/17-14:55:12.566818 7fc3a9fcb700   Options.memtable_insert_with_hint_prefix_extractor: nullptr
2019/10/17-14:55:12.566819 7fc3a9fcb700             Options.num_levels: 7
2019/10/17-14:55:12.566820 7fc3a9fcb700        Options.min_write_buffer_number_to_merge: 1
2019/10/17-14:55:12.566822 7fc3a9fcb700     Options.max_write_buffer_number_to_maintain: 0
2019/10/17-14:55:12.566823 7fc3a9fcb700            Options.bottommost_compression_opts.window_bits: -14
2019/10/17-14:55:12.566824 7fc3a9fcb700                  Options.bottommost_compression_opts.level: 32767
2019/10/17-14:55:12.566826 7fc3a9fcb700               Options.bottommost_compression_opts.strategy: 0
2019/10/17-14:55:12.566827 7fc3a9fcb700         Options.bottommost_compression_opts.max_dict_bytes: 0
2019/10/17-14:55:12.566828 7fc3a9fcb700         Options.bottommost_compression_opts.zstd_max_train_bytes: 0
2019/10/17-14:55:12.566829 7fc3a9fcb700                  Options.bottommost_compression_opts.enabled: false
2019/10/17-14:55:12.566831 7fc3a9fcb700            Options.compression_opts.window_bits: -14
2019/10/17-14:55:12.566832 7fc3a9fcb700                  Options.compression_opts.level: 32767
2019/10/17-14:55:12.566833 7fc3a9fcb700               Options.compression_opts.strategy: 0
2019/10/17-14:55:12.566834 7fc3a9fcb700         Options.compression_opts.max_dict_bytes: 0
2019/10/17-14:55:12.566836 7fc3a9fcb700         Options.compression_opts.zstd_max_train_bytes: 0
2019/10/17-14:55:12.566837 7fc3a9fcb700                  Options.compression_opts.enabled: false
2019/10/17-14:55:12.566838 7fc3a9fcb700      Options.level0_file_num_compaction_trigger: 4
2019/10/17-14:55:12.566839 7fc3a9fcb700          Options.level0_slowdown_writes_trigger: 20
2019/10/17-14:55:12.566840 7fc3a9fcb700              Options.level0_stop_writes_trigger: 36
2019/10/17-14:55:12.566842 7fc3a9fcb700                   Options.target_file_size_base: 67108864
2019/10/17-14:55:12.566843 7fc3a9fcb700             Options.target_file_size_multiplier: 1
2019/10/17-14:55:12.566844 7fc3a9fcb700                Options.max_bytes_for_level_base: 268435456
2019/10/17-14:55:12.566846 7fc3a9fcb700 Options.level_compaction_dynamic_level_bytes: 0
2019/10/17-14:55:12.566847 7fc3a9fcb700          Options.max_bytes_for_level_multiplier: 10.000000
2019/10/17-14:55:12.566850 7fc3a9fcb700 Options.max_bytes_for_level_multiplier_addtl[0]: 1
2019/10/17-14:55:12.566851 7fc3a9fcb700 Options.max_bytes_for_level_multiplier_addtl[1]: 1
2019/10/17-14:55:12.566853 7fc3a9fcb700 Options.max_bytes_for_level_multiplier_addtl[2]: 1
2019/10/17-14:55:12.566854 7fc3a9fcb700 Options.max_bytes_for_level_multiplier_addtl[3]: 1
2019/10/17-14:55:12.566855 7fc3a9fcb700 Options.max_bytes_for_level_multiplier_addtl[4]: 1
2019/10/17-14:55:12.566863 7fc3a9fcb700 Options.max_bytes_for_level_multiplier_addtl[5]: 1
2019/10/17-14:55:12.566864 7fc3a9fcb700 Options.max_bytes_for_level_multiplier_addtl[6]: 1
2019/10/17-14:55:12.566865 7fc3a9fcb700       Options.max_sequential_skip_in_iterations: 8
2019/10/17-14:55:12.566867 7fc3a9fcb700                    Options.max_compaction_bytes: 1677721600
2019/10/17-14:55:12.566868 7fc3a9fcb700                        Options.arena_block_size: 8388608
2019/10/17-14:55:12.566869 7fc3a9fcb700   Options.soft_pending_compaction_bytes_limit: 68719476736
2019/10/17-14:55:12.566871 7fc3a9fcb700   Options.hard_pending_compaction_bytes_limit: 274877906944
2019/10/17-14:55:12.566872 7fc3a9fcb700       Options.rate_limit_delay_max_milliseconds: 100
2019/10/17-14:55:12.566873 7fc3a9fcb700                Options.disable_auto_compactions: 0
2019/10/17-14:55:12.566875 7fc3a9fcb700                        Options.compaction_style: kCompactionStyleLevel
2019/10/17-14:55:12.566877 7fc3a9fcb700                          Options.compaction_pri: kByCompensatedSize
2019/10/17-14:55:12.566878 7fc3a9fcb700 Options.compaction_options_universal.size_ratio: 1
2019/10/17-14:55:12.566879 7fc3a9fcb700 Options.compaction_options_universal.min_merge_width: 2
2019/10/17-14:55:12.566880 7fc3a9fcb700 Options.compaction_options_universal.max_merge_width: 4294967295
2019/10/17-14:55:12.566882 7fc3a9fcb700 Options.compaction_options_universal.max_size_amplification_percent: 200
2019/10/17-14:55:12.566883 7fc3a9fcb700 Options.compaction_options_universal.compression_size_percent: -1
2019/10/17-14:55:12.566885 7fc3a9fcb700 Options.compaction_options_universal.stop_style: kCompactionStopStyleTotalSize
2019/10/17-14:55:12.566886 7fc3a9fcb700 Options.compaction_options_fifo.max_table_files_size: 1073741824
2019/10/17-14:55:12.566888 7fc3a9fcb700 Options.compaction_options_fifo.allow_compaction: 0
2019/10/17-14:55:12.566889 7fc3a9fcb700 Options.compaction_options_fifo.ttl: 0
2019/10/17-14:55:12.566890 7fc3a9fcb700                   Options.table_properties_collectors: 
2019/10/17-14:55:12.566891 7fc3a9fcb700                   Options.inplace_update_support: 0
2019/10/17-14:55:12.566892 7fc3a9fcb700                 Options.inplace_update_num_locks: 10000
2019/10/17-14:55:12.566894 7fc3a9fcb700               Options.memtable_prefix_bloom_size_ratio: 0.000000
2019/10/17-14:55:12.566896 7fc3a9fcb700   Options.memtable_huge_page_size: 0
2019/10/17-14:55:12.566897 7fc3a9fcb700                           Options.bloom_locality: 0
2019/10/17-14:55:12.566898 7fc3a9fcb700                    Options.max_successive_merges: 0
2019/10/17-14:55:12.566899 7fc3a9fcb700                Options.optimize_filters_for_hits: 0
2019/10/17-14:55:12.566901 7fc3a9fcb700                Options.paranoid_file_checks: 0
2019/10/17-14:55:12.566902 7fc3a9fcb700                Options.force_consistency_checks: 0
2019/10/17-14:55:12.566903 7fc3a9fcb700                Options.report_bg_io_stats: 0
2019/10/17-14:55:12.566904 7fc3a9fcb700                               Options.ttl: 0
2019/10/17-14:55:12.566950 7fc3a9fcb700 [db/column_family.cc:472] --------------- Options for column family [active_gateways]:
2019/10/17-14:55:12.566952 7fc3a9fcb700               Options.comparator: leveldb.BytewiseComparator
2019/10/17-14:55:12.566954 7fc3a9fcb700           Options.merge_operator: None
2019/10/17-14:55:12.566955 7fc3a9fcb700        Options.compaction_filter: None
2019/10/17-14:55:12.566956 7fc3a9fcb700        Options.compaction_filter_factory: None
2019/10/17-14:55:12.566958 7fc3a9fcb700         Options.memtable_factory: SkipListFactory
2019/10/17-14:55:12.566959 7fc3a9fcb700            Options.table_factory: BlockBasedTable
2019/10/17-14:55:12.566977 7fc3a9fcb700            table_factory options:   flush_block_policy_factory: FlushBlockBySizePolicyFactory (0x7fc350090980)
  cache_index_and_filter_blocks: 0
  cache_index_and_filter_blocks_with_high_priority: 0
  pin_l0_filter_and_index_blocks_in_cache: 0
  pin_top_level_index_and_filter: 1
  index_type: 0
  hash_index_allow_collision: 1
  checksum: 1
  no_block_cache: 0
  block_cache: 0x7fc350000b90
  block_cache_name: LRUCache
  block_cache_options:
    capacity : 8388608
    num_shard_bits : 4
    strict_capacity_limit : 0
    memory_allocator : None
    high_pri_pool_ratio: 0.000
  block_cache_compressed: (nil)
  persistent_cache: (nil)
  block_size: 4096
  block_size_deviation: 10
  block_restart_interval: 16
  index_block_restart_interval: 1
  metadata_block_size: 4096
  partition_filters: 0
  use_delta_encoding: 1
  filter_policy: nullptr
  whole_key_filtering: 1
  verify_compression: 0
  read_amp_bytes_per_bit: 0
  format_version: 2
  enable_index_compression: 1
  block_align: 0
2019/10/17-14:55:12.566988 7fc3a9fcb700        Options.write_buffer_size: 67108864
2019/10/17-14:55:12.566989 7fc3a9fcb700  Options.max_write_buffer_number: 2
2019/10/17-14:55:12.566991 7fc3a9fcb700          Options.compression: NoCompression
2019/10/17-14:55:12.566992 7fc3a9fcb700                  Options.bottommost_compression: Disabled
2019/10/17-14:55:12.566993 7fc3a9fcb700       Options.prefix_extractor: nullptr
2019/10/17-14:55:12.566994 7fc3a9fcb700   Options.memtable_insert_with_hint_prefix_extractor: nullptr
2019/10/17-14:55:12.566996 7fc3a9fcb700             Options.num_levels: 7
2019/10/17-14:55:12.566997 7fc3a9fcb700        Options.min_write_buffer_number_to_merge: 1
2019/10/17-14:55:12.566998 7fc3a9fcb700     Options.max_write_buffer_number_to_maintain: 0
2019/10/17-14:55:12.566999 7fc3a9fcb700            Options.bottommost_compression_opts.window_bits: -14
2019/10/17-14:55:12.567001 7fc3a9fcb700                  Options.bottommost_compression_opts.level: 32767
2019/10/17-14:55:12.567002 7fc3a9fcb700               Options.bottommost_compression_opts.strategy: 0
2019/10/17-14:55:12.567003 7fc3a9fcb700         Options.bottommost_compression_opts.max_dict_bytes: 0
2019/10/17-14:55:12.567004 7fc3a9fcb700         Options.bottommost_compression_opts.zstd_max_train_bytes: 0
2019/10/17-14:55:12.567005 7fc3a9fcb700                  Options.bottommost_compression_opts.enabled: false
2019/10/17-14:55:12.567007 7fc3a9fcb700            Options.compression_opts.window_bits: -14
2019/10/17-14:55:12.567008 7fc3a9fcb700                  Options.compression_opts.level: 32767
2019/10/17-14:55:12.567009 7fc3a9fcb700               Options.compression_opts.strategy: 0
2019/10/17-14:55:12.567010 7fc3a9fcb700         Options.compression_opts.max_dict_bytes: 0
2019/10/17-14:55:12.567012 7fc3a9fcb700         Options.compression_opts.zstd_max_train_bytes: 0
2019/10/17-14:55:12.567013 7fc3a9fcb700                  Options.compression_opts.enabled: false
2019/10/17-14:55:12.567014 7fc3a9fcb700      Options.level0_file_num_compaction_trigger: 4
2019/10/17-14:55:12.567015 7fc3a9fcb700          Options.level0_slowdown_writes_trigger: 20
2019/10/17-14:55:12.567017 7fc3a9fcb700              Options.level0_stop_writes_trigger: 36
2019/10/17-14:55:12.567018 7fc3a9fcb700                   Options.target_file_size_base: 67108864
2019/10/17-14:55:12.567019 7fc3a9fcb700             Options.target_file_size_multiplier: 1
2019/10/17-14:55:12.567020 7fc3a9fcb700                Options.max_bytes_for_level_base: 268435456
2019/10/17-14:55:12.567022 7fc3a9fcb700 Options.level_compaction_dynamic_level_bytes: 0
2019/10/17-14:55:12.567023 7fc3a9fcb700          Options.max_bytes_for_level_multiplier: 10.000000
2019/10/17-14:55:12.567025 7fc3a9fcb700 Options.max_bytes_for_level_multiplier_addtl[0]: 1
2019/10/17-14:55:12.567027 7fc3a9fcb700 Options.max_bytes_for_level_multiplier_addtl[1]: 1
2019/10/17-14:55:12.567028 7fc3a9fcb700 Options.max_bytes_for_level_multiplier_addtl[2]: 1
2019/10/17-14:55:12.567029 7fc3a9fcb700 Options.max_bytes_for_level_multiplier_addtl[3]: 1
2019/10/17-14:55:12.567030 7fc3a9fcb700 Options.max_bytes_for_level_multiplier_addtl[4]: 1
2019/10/17-14:55:12.567032 7fc3a9fcb700 Options.max_bytes_for_level_multiplier_addtl[5]: 1
2019/10/17-14:55:12.567033 7fc3a9fcb700 Options.max_bytes_for_level_multiplier_addtl[6]: 1
2019/10/17-14:55:12.567034 7fc3a9fcb700       Options.max_sequential_skip_in_iterations: 8
2019/10/17-14:55:12.567041 7fc3a9fcb700                    Options.max_compaction_bytes: 1677721600
2019/10/17-14:55:12.567043 7fc3a9fcb700                        Options.arena_block_size: 8388608
2019/10/17-14:55:12.567044 7fc3a9fcb700   Options.soft_pending_compaction_bytes_limit: 68719476736
2019/10/17-14:55:12.567045 7fc3a9fcb700   Options.hard_pending_compaction_bytes_limit: 274877906944
2019/10/17-14:55:12.567047 7fc3a9fcb700       Options.rate_limit_delay_max_milliseconds: 100
2019/10/17-14:55:12.567048 7fc3a9fcb700                Options.disable_auto_compactions: 0
2019/10/17-14:55:12.567049 7fc3a9fcb700                        Options.compaction_style: kCompactionStyleLevel
2019/10/17-14:55:12.567051 7fc3a9fcb700                          Options.compaction_pri: kByCompensatedSize
2019/10/17-14:55:12.567052 7fc3a9fcb700 Options.compaction_options_universal.size_ratio: 1
2019/10/17-14:55:12.567053 7fc3a9fcb700 Options.compaction_options_universal.min_merge_width: 2
2019/10/17-14:55:12.567055 7fc3a9fcb700 Options.compaction_options_universal.max_merge_width: 4294967295
2019/10/17-14:55:12.567056 7fc3a9fcb700 Options.compaction_options_universal.max_size_amplification_percent: 200
2019/10/17-14:55:12.567057 7fc3a9fcb700 Options.compaction_options_universal.compression_size_percent: -1
2019/10/17-14:55:12.567059 7fc3a9fcb700 Options.compaction_options_universal.stop_style: kCompactionStopStyleTotalSize
2019/10/17-14:55:12.567060 7fc3a9fcb700 Options.compaction_options_fifo.max_table_files_size: 1073741824
2019/10/17-14:55:12.567061 7fc3a9fcb700 Options.compaction_options_fifo.allow_compaction: 0
2019/10/17-14:55:12.567063 7fc3a9fcb700 Options.compaction_options_fifo.ttl: 0
2019/10/17-14:55:12.567064 7fc3a9fcb700                   Options.table_properties_collectors: 
2019/10/17-14:55:12.567065 7fc3a9fcb700                   Options.inplace_update_support: 0
2019/10/17-14:55:12.567066 7fc3a9fcb700                 Options.inplace_update_num_locks: 10000
2019/10/17-14:55:12.567068 7fc3a9fcb700               Options.memtable_prefix_bloom_size_ratio: 0.000000
2019/10/17-14:55:12.567069 7fc3a9fcb700   Options.memtable_huge_page_size: 0
2019/10/17-14:55:12.567071 7fc3a9fcb700                           Options.bloom_locality: 0
2019/10/17-14:55:12.567072 7fc3a9fcb700                    Options.max_successive_merges: 0
2019/10/17-14:55:12.567073 7fc3a9fcb700                Options.optimize_filters_for_hits: 0
2019/10/17-14:55:12.567075 7fc3a9fcb700                Options.paranoid_file_checks: 0
2019/10/17-14:55:12.567076 7fc3a9fcb700                Options.force_consistency_checks: 0
2019/10/17-14:55:12.567077 7fc3a9fcb700                Options.report_bg_io_stats: 0
2019/10/17-14:55:12.567078 7fc3a9fcb700                               Options.ttl: 0
2019/10/17-14:55:12.567105 7fc3a9fcb700 [db/column_family.cc:472] --------------- Options for column family [entries]:
2019/10/17-14:55:12.567107 7fc3a9fcb700               Options.comparator: leveldb.BytewiseComparator
2019/10/17-14:55:12.567108 7fc3a9fcb700           Options.merge_operator: None
2019/10/17-14:55:12.567109 7fc3a9fcb700        Options.compaction_filter: None
2019/10/17-14:55:12.567111 7fc3a9fcb700        Options.compaction_filter_factory: None
2019/10/17-14:55:12.567112 7fc3a9fcb700         Options.memtable_factory: SkipListFactory
2019/10/17-14:55:12.567113 7fc3a9fcb700            Options.table_factory: BlockBasedTable
2019/10/17-14:55:12.567129 7fc3a9fcb700            table_factory options:   flush_block_policy_factory: FlushBlockBySizePolicyFactory (0x7fc3500a06b0)
  cache_index_and_filter_blocks: 0
  cache_index_and_filter_blocks_with_high_priority: 0
  pin_l0_filter_and_index_blocks_in_cache: 0
  pin_top_level_index_and_filter: 1
  index_type: 0
  hash_index_allow_collision: 1
  checksum: 1
  no_block_cache: 0
  block_cache: 0x7fc350076090
  block_cache_name: LRUCache
  block_cache_options:
    capacity : 8388608
    num_shard_bits : 4
    strict_capacity_limit : 0
    memory_allocator : None
    high_pri_pool_ratio: 0.000
  block_cache_compressed: (nil)
  persistent_cache: (nil)
  block_size: 4096
  block_size_deviation: 10
  block_restart_interval: 16
  index_block_restart_interval: 1
  metadata_block_size: 4096
  partition_filters: 0
  use_delta_encoding: 1
  filter_policy: nullptr
  whole_key_filtering: 1
  verify_compression: 0
  read_amp_bytes_per_bit: 0
  format_version: 2
  enable_index_compression: 1
  block_align: 0
2019/10/17-14:55:12.567139 7fc3a9fcb700        Options.write_buffer_size: 67108864
2019/10/17-14:55:12.567141 7fc3a9fcb700  Options.max_write_buffer_number: 2
2019/10/17-14:55:12.567142 7fc3a9fcb700          Options.compression: NoCompression
2019/10/17-14:55:12.567143 7fc3a9fcb700                  Options.bottommost_compression: Disabled
2019/10/17-14:55:12.567145 7fc3a9fcb700       Options.prefix_extractor: nullptr
2019/10/17-14:55:12.567146 7fc3a9fcb700   Options.memtable_insert_with_hint_prefix_extractor: nullptr
2019/10/17-14:55:12.567147 7fc3a9fcb700             Options.num_levels: 7
2019/10/17-14:55:12.567148 7fc3a9fcb700        Options.min_write_buffer_number_to_merge: 1
2019/10/17-14:55:12.567150 7fc3a9fcb700     Options.max_write_buffer_number_to_maintain: 0
2019/10/17-14:55:12.567151 7fc3a9fcb700            Options.bottommost_compression_opts.window_bits: -14
2019/10/17-14:55:12.567152 7fc3a9fcb700                  Options.bottommost_compression_opts.level: 32767
2019/10/17-14:55:12.567153 7fc3a9fcb700               Options.bottommost_compression_opts.strategy: 0
2019/10/17-14:55:12.567154 7fc3a9fcb700         Options.bottommost_compression_opts.max_dict_bytes: 0
2019/10/17-14:55:12.567156 7fc3a9fcb700         Options.bottommost_compression_opts.zstd_max_train_bytes: 0
2019/10/17-14:55:12.567157 7fc3a9fcb700                  Options.bottommost_compression_opts.enabled: false
2019/10/17-14:55:12.567158 7fc3a9fcb700            Options.compression_opts.window_bits: -14
2019/10/17-14:55:12.567159 7fc3a9fcb700                  Options.compression_opts.level: 32767
2019/10/17-14:55:12.567161 7fc3a9fcb700               Options.compression_opts.strategy: 0
2019/10/17-14:55:12.567162 7fc3a9fcb700         Options.compression_opts.max_dict_bytes: 0
2019/10/17-14:55:12.567163 7fc3a9fcb700         Options.compression_opts.zstd_max_train_bytes: 0
2019/10/17-14:55:12.567164 7fc3a9fcb700                  Options.compression_opts.enabled: false
2019/10/17-14:55:12.567165 7fc3a9fcb700      Options.level0_file_num_compaction_trigger: 4
2019/10/17-14:55:12.567167 7fc3a9fcb700          Options.level0_slowdown_writes_trigger: 20
2019/10/17-14:55:12.567168 7fc3a9fcb700              Options.level0_stop_writes_trigger: 36
2019/10/17-14:55:12.567169 7fc3a9fcb700                   Options.target_file_size_base: 67108864
2019/10/17-14:55:12.567170 7fc3a9fcb700             Options.target_file_size_multiplier: 1
2019/10/17-14:55:12.567172 7fc3a9fcb700                Options.max_bytes_for_level_base: 268435456
2019/10/17-14:55:12.567173 7fc3a9fcb700 Options.level_compaction_dynamic_level_bytes: 0
2019/10/17-14:55:12.567174 7fc3a9fcb700          Options.max_bytes_for_level_multiplier: 10.000000
2019/10/17-14:55:12.567176 7fc3a9fcb700 Options.max_bytes_for_level_multiplier_addtl[0]: 1
2019/10/17-14:55:12.567177 7fc3a9fcb700 Options.max_bytes_for_level_multiplier_addtl[1]: 1
2019/10/17-14:55:12.567179 7fc3a9fcb700 Options.max_bytes_for_level_multiplier_addtl[2]: 1
2019/10/17-14:55:12.567180 7fc3a9fcb700 Options.max_bytes_for_level_multiplier_addtl[3]: 1
2019/10/17-14:55:12.567181 7fc3a9fcb700 Options.max_bytes_for_level_multiplier_addtl[4]: 1
2019/10/17-14:55:12.567182 7fc3a9fcb700 Options.max_bytes_for_level_multiplier_addtl[5]: 1
2019/10/17-14:55:12.567184 7fc3a9fcb700 Options.max_bytes_for_level_multiplier_addtl[6]: 1
2019/10/17-14:55:12.567185 7fc3a9fcb700       Options.max_sequential_skip_in_iterations: 8
2019/10/17-14:55:12.567186 7fc3a9fcb700                    Options.max_compaction_bytes: 1677721600
2019/10/17-14:55:12.567187 7fc3a9fcb700                        Options.arena_block_size: 8388608
2019/10/17-14:55:12.567189 7fc3a9fcb700   Options.soft_pending_compaction_bytes_limit: 68719476736
2019/10/17-14:55:12.567196 7fc3a9fcb700   Options.hard_pending_compaction_bytes_limit: 274877906944
2019/10/17-14:55:12.567197 7fc3a9fcb700       Options.rate_limit_delay_max_milliseconds: 100
2019/10/17-14:55:12.567198 7fc3a9fcb700                Options.disable_auto_compactions: 0
2019/10/17-14:55:12.567200 7fc3a9fcb700                        Options.compaction_style: kCompactionStyleLevel
2019/10/17-14:55:12.567202 7fc3a9fcb700                          Options.compaction_pri: kByCompensatedSize
2019/10/17-14:55:12.567203 7fc3a9fcb700 Options.compaction_options_universal.size_ratio: 1
2019/10/17-14:55:12.567204 7fc3a9fcb700 Options.compaction_options_universal.min_merge_width: 2
2019/10/17-14:55:12.567205 7fc3a9fcb700 Options.compaction_options_universal.max_merge_width: 4294967295
2019/10/17-14:55:12.567207 7fc3a9fcb700 Options.compaction_options_universal.max_size_amplification_percent: 200
2019/10/17-14:55:12.567208 7fc3a9fcb700 Options.compaction_options_universal.compression_size_percent: -1
2019/10/17-14:55:12.567209 7fc3a9fcb700 Options.compaction_options_universal.stop_style: kCompactionStopStyleTotalSize
2019/10/17-14:55:12.567211 7fc3a9fcb700 Options.compaction_options_fifo.max_table_files_size: 1073741824
2019/10/17-14:55:12.567212 7fc3a9fcb700 Options.compaction_options_fifo.allow_compaction: 0
2019/10/17-14:55:12.567213 7fc3a9fcb700 Options.compaction_options_fifo.ttl: 0
2019/10/17-14:55:12.567214 7fc3a9fcb700                   Options.table_properties_collectors: 
2019/10/17-14:55:12.567215 7fc3a9fcb700                   Options.inplace_update_support: 0
2019/10/17-14:55:12.567217 7fc3a9fcb700                 Options.inplace_update_num_locks: 10000
2019/10/17-14:55:12.567218 7fc3a9fcb700               Options.memtable_prefix_bloom_size_ratio: 0.000000
2019/10/17-14:55:12.567220 7fc3a9fcb700   Options.memtable_huge_page_size: 0
2019/10/17-14:55:12.567221 7fc3a9fcb700                           Options.bloom_locality: 0
2019/10/17-14:55:12.567222 7fc3a9fcb700                    Options.max_successive_merges: 0
2019/10/17-14:55:12.567223 7fc3a9fcb700                Options.optimize_filters_for_hits: 0
2019/10/17-14:55:12.567225 7fc3a9fcb700                Options.paranoid_file_checks: 0
2019/10/17-14:55:12.567226 7fc3a9fcb700                Options.force_consistency_checks: 0
2019/10/17-14:55:12.567227 7fc3a9fcb700                Options.report_bg_io_stats: 0
2019/10/17-14:55:12.567228 7fc3a9fcb700                               Options.ttl: 0
2019/10/17-14:55:12.567251 7fc3a9fcb700 [db/column_family.cc:472] --------------- Options for column family [dc_entries]:
2019/10/17-14:55:12.567253 7fc3a9fcb700               Options.comparator: leveldb.BytewiseComparator
2019/10/17-14:55:12.567255 7fc3a9fcb700           Options.merge_operator: None
2019/10/17-14:55:12.567256 7fc3a9fcb700        Options.compaction_filter: None
2019/10/17-14:55:12.567257 7fc3a9fcb700        Options.compaction_filter_factory: None
2019/10/17-14:55:12.567258 7fc3a9fcb700         Options.memtable_factory: SkipListFactory
2019/10/17-14:55:12.567259 7fc3a9fcb700            Options.table_factory: BlockBasedTable
2019/10/17-14:55:12.567275 7fc3a9fcb700            table_factory options:   flush_block_policy_factory: FlushBlockBySizePolicyFactory (0x7fc350062780)
  cache_index_and_filter_blocks: 0
  cache_index_and_filter_blocks_with_high_priority: 0
  pin_l0_filter_and_index_blocks_in_cache: 0
  pin_top_level_index_and_filter: 1
  index_type: 0
  hash_index_allow_collision: 1
  checksum: 1
  no_block_cache: 0
  block_cache: 0x7fc35003d0d0
  block_cache_name: LRUCache
  block_cache_options:
    capacity : 8388608
    num_shard_bits : 4
    strict_capacity_limit : 0
    memory_allocator : None
    high_pri_pool_ratio: 0.000
  block_cache_compressed: (nil)
  persistent_cache: (nil)
  block_size: 4096
  block_size_deviation: 10
  block_restart_interval: 16
  index_block_restart_interval: 1
  metadata_block_size: 4096
  partition_filters: 0
  use_delta_encoding: 1
  filter_policy: nullptr
  whole_key_filtering: 1
  verify_compression: 0
  read_amp_bytes_per_bit: 0
  format_version: 2
  enable_index_compression: 1
  block_align: 0
2019/10/17-14:55:12.567286 7fc3a9fcb700        Options.write_buffer_size: 67108864
2019/10/17-14:55:12.567287 7fc3a9fcb700  Options.max_write_buffer_number: 2
2019/10/17-14:55:12.567289 7fc3a9fcb700          Options.compression: NoCompression
2019/10/17-14:55:12.567290 7fc3a9fcb700                  Options.bottommost_compression: Disabled
2019/10/17-14:55:12.567291 7fc3a9fcb700       Options.prefix_extractor: nullptr
2019/10/17-14:55:12.567292 7fc3a9fcb700   Options.memtable_insert_with_hint_prefix_extractor: nullptr
2019/10/17-14:55:12.567294 7fc3a9fcb700             Options.num_levels: 7
2019/10/17-14:55:12.567295 7fc3a9fcb700        Options.min_write_buffer_number_to_merge: 1
2019/10/17-14:55:12.567296 7fc3a9fcb700     Options.max_write_buffer_number_to_maintain: 0
2019/10/17-14:55:12.567297 7fc3a9fcb700            Options.bottommost_compression_opts.window_bits: -14
2019/10/17-14:55:12.567299 7fc3a9fcb700                  Options.bottommost_compression_opts.level: 32767
2019/10/17-14:55:12.567300 7fc3a9fcb700               Options.bottommost_compression_opts.strategy: 0
2019/10/17-14:55:12.567301 7fc3a9fcb700         Options.bottommost_compression_opts.max_dict_bytes: 0
2019/10/17-14:55:12.567302 7fc3a9fcb700         Options.bottommost_compression_opts.zstd_max_train_bytes: 0
2019/10/17-14:55:12.567303 7fc3a9fcb700                  Options.bottommost_compression_opts.enabled: false
2019/10/17-14:55:12.567305 7fc3a9fcb700            Options.compression_opts.window_bits: -14
2019/10/17-14:55:12.567306 7fc3a9fcb700                  Options.compression_opts.level: 32767
2019/10/17-14:55:12.567307 7fc3a9fcb700               Options.compression_opts.strategy: 0
2019/10/17-14:55:12.567308 7fc3a9fcb700         Options.compression_opts.max_dict_bytes: 0
2019/10/17-14:55:12.567309 7fc3a9fcb700         Options.compression_opts.zstd_max_train_bytes: 0
2019/10/17-14:55:12.567311 7fc3a9fcb700                  Options.compression_opts.enabled: false
2019/10/17-14:55:12.567312 7fc3a9fcb700      Options.level0_file_num_compaction_trigger: 4
2019/10/17-14:55:12.567313 7fc3a9fcb700          Options.level0_slowdown_writes_trigger: 20
2019/10/17-14:55:12.567314 7fc3a9fcb700              Options.level0_stop_writes_trigger: 36
2019/10/17-14:55:12.567316 7fc3a9fcb700                   Options.target_file_size_base: 67108864
2019/10/17-14:55:12.567317 7fc3a9fcb700             Options.target_file_size_multiplier: 1
2019/10/17-14:55:12.567318 7fc3a9fcb700                Options.max_bytes_for_level_base: 268435456
2019/10/17-14:55:12.567319 7fc3a9fcb700 Options.level_compaction_dynamic_level_bytes: 0
2019/10/17-14:55:12.567320 7fc3a9fcb700          Options.max_bytes_for_level_multiplier: 10.000000
2019/10/17-14:55:12.567322 7fc3a9fcb700 Options.max_bytes_for_level_multiplier_addtl[0]: 1
2019/10/17-14:55:12.567324 7fc3a9fcb700 Options.max_bytes_for_level_multiplier_addtl[1]: 1
2019/10/17-14:55:12.567325 7fc3a9fcb700 Options.max_bytes_for_level_multiplier_addtl[2]: 1
2019/10/17-14:55:12.567326 7fc3a9fcb700 Options.max_bytes_for_level_multiplier_addtl[3]: 1
2019/10/17-14:55:12.567328 7fc3a9fcb700 Options.max_bytes_for_level_multiplier_addtl[4]: 1
2019/10/17-14:55:12.567329 7fc3a9fcb700 Options.max_bytes_for_level_multiplier_addtl[5]: 1
2019/10/17-14:55:12.567330 7fc3a9fcb700 Options.max_bytes_for_level_multiplier_addtl[6]: 1
2019/10/17-14:55:12.567331 7fc3a9fcb700       Options.max_sequential_skip_in_iterations: 8
2019/10/17-14:55:12.567332 7fc3a9fcb700                    Options.max_compaction_bytes: 1677721600
2019/10/17-14:55:12.567334 7fc3a9fcb700                        Options.arena_block_size: 8388608
2019/10/17-14:55:12.567335 7fc3a9fcb700   Options.soft_pending_compaction_bytes_limit: 68719476736
2019/10/17-14:55:12.567336 7fc3a9fcb700   Options.hard_pending_compaction_bytes_limit: 274877906944
2019/10/17-14:55:12.567337 7fc3a9fcb700       Options.rate_limit_delay_max_milliseconds: 100
2019/10/17-14:55:12.567339 7fc3a9fcb700                Options.disable_auto_compactions: 0
2019/10/17-14:55:12.567346 7fc3a9fcb700                        Options.compaction_style: kCompactionStyleLevel
2019/10/17-14:55:12.567348 7fc3a9fcb700                          Options.compaction_pri: kByCompensatedSize
2019/10/17-14:55:12.567349 7fc3a9fcb700 Options.compaction_options_universal.size_ratio: 1
2019/10/17-14:55:12.567351 7fc3a9fcb700 Options.compaction_options_universal.min_merge_width: 2
2019/10/17-14:55:12.567352 7fc3a9fcb700 Options.compaction_options_universal.max_merge_width: 4294967295
2019/10/17-14:55:12.567353 7fc3a9fcb700 Options.compaction_options_universal.max_size_amplification_percent: 200
2019/10/17-14:55:12.567354 7fc3a9fcb700 Options.compaction_options_universal.compression_size_percent: -1
2019/10/17-14:55:12.567356 7fc3a9fcb700 Options.compaction_options_universal.stop_style: kCompactionStopStyleTotalSize
2019/10/17-14:55:12.567357 7fc3a9fcb700 Options.compaction_options_fifo.max_table_files_size: 1073741824
2019/10/17-14:55:12.567358 7fc3a9fcb700 Options.compaction_options_fifo.allow_compaction: 0
2019/10/17-14:55:12.567359 7fc3a9fcb700 Options.compaction_options_fifo.ttl: 0
2019/10/17-14:55:12.567361 7fc3a9fcb700                   Options.table_properties_collectors: 
2019/10/17-14:55:12.567362 7fc3a9fcb700                   Options.inplace_update_support: 0
2019/10/17-14:55:12.567363 7fc3a9fcb700                 Options.inplace_update_num_locks: 10000
2019/10/17-14:55:12.567364 7fc3a9fcb700               Options.memtable_prefix_bloom_size_ratio: 0.000000
2019/10/17-14:55:12.567366 7fc3a9fcb700   Options.memtable_huge_page_size: 0
2019/10/17-14:55:12.567367 7fc3a9fcb700                           Options.bloom_locality: 0
2019/10/17-14:55:12.567369 7fc3a9fcb700                    Options.max_successive_merges: 0
2019/10/17-14:55:12.567370 7fc3a9fcb700                Options.optimize_filters_for_hits: 0
2019/10/17-14:55:12.567371 7fc3a9fcb700                Options.paranoid_file_checks: 0
2019/10/17-14:55:12.567372 7fc3a9fcb700                Options.force_consistency_checks: 0
2019/10/17-14:55:12.567374 7fc3a9fcb700                Options.report_bg_io_stats: 0
2019/10/17-14:55:12.567375 7fc3a9fcb700                               Options.ttl: 0
2019/10/17-14:55:12.567393 7fc3a9fcb700 [db/column_family.cc:472] --------------- Options for column family [htlcs]:
2019/10/17-14:55:12.567396 7fc3a9fcb700               Options.comparator: leveldb.BytewiseComparator
2019/10/17-14:55:12.567397 7fc3a9fcb700           Options.merge_operator: None
2019/10/17-14:55:12.567398 7fc3a9fcb700        Options.compaction_filter: None
2019/10/17-14:55:12.567399 7fc3a9fcb700        Options.compaction_filter_factory: None
2019/10/17-14:55:12.567401 7fc3a9fcb700         Options.memtable_factory: SkipListFactory
2019/10/17-14:55:12.567402 7fc3a9fcb700            Options.table_factory: BlockBasedTable
2019/10/17-14:55:12.567417 7fc3a9fcb700            table_factory options:   flush_block_policy_factory: FlushBlockBySizePolicyFactory (0x7fc35002cbf0)
