2019/10/17-14:55:02.381606 7fc3a9fcb700 RocksDB version: 5.18.3
2019/10/17-14:55:02.381651 7fc3a9fcb700 Git sha rocksdb_build_git_sha:@0@
2019/10/17-14:55:02.381654 7fc3a9fcb700 Compile date Sep 19 2019
2019/10/17-14:55:02.381656 7fc3a9fcb700 DB SUMMARY
2019/10/17-14:55:02.382842 7fc3a9fcb700 CURRENT file:  CURRENT
2019/10/17-14:55:02.382845 7fc3a9fcb700 IDENTITY file:  IDENTITY
2019/10/17-14:55:02.382894 7fc3a9fcb700 MANIFEST file:  MANIFEST-116206 size: 4114 Bytes
2019/10/17-14:55:02.382897 7fc3a9fcb700 SST files in /home/rahul/dev/blockchain-core/eqc/ledger.db dir, Total Num: 29, files: 000624.sst 000627.sst 106940.sst 108447.sst 108450.sst 109471.sst 109483.sst 109485.sst 109486.sst 
2019/10/17-14:55:02.382899 7fc3a9fcb700 Write Ahead Log file in /home/rahul/dev/blockchain-core/eqc/ledger.db: 116207.log size: 0 ; 
2019/10/17-14:55:02.382956 7fc3a9fcb700                         Options.error_if_exists: 0
2019/10/17-14:55:02.382958 7fc3a9fcb700                       Options.create_if_missing: 1
2019/10/17-14:55:02.382959 7fc3a9fcb700                         Options.paranoid_checks: 1
2019/10/17-14:55:02.382961 7fc3a9fcb700                                     Options.env: 0x7fc32ae1fc60
2019/10/17-14:55:02.382962 7fc3a9fcb700                                Options.info_log: 0x7fc350100ae0
2019/10/17-14:55:02.382964 7fc3a9fcb700                Options.max_file_opening_threads: 16
2019/10/17-14:55:02.382965 7fc3a9fcb700                              Options.statistics: (nil)
2019/10/17-14:55:02.382966 7fc3a9fcb700                               Options.use_fsync: 0
2019/10/17-14:55:02.382968 7fc3a9fcb700                       Options.max_log_file_size: 0
2019/10/17-14:55:02.382969 7fc3a9fcb700                  Options.max_manifest_file_size: 1073741824
2019/10/17-14:55:02.382970 7fc3a9fcb700                   Options.log_file_time_to_roll: 0
2019/10/17-14:55:02.382972 7fc3a9fcb700                       Options.keep_log_file_num: 1000
2019/10/17-14:55:02.382973 7fc3a9fcb700                    Options.recycle_log_file_num: 0
2019/10/17-14:55:02.382974 7fc3a9fcb700                         Options.allow_fallocate: 1
2019/10/17-14:55:02.382976 7fc3a9fcb700                        Options.allow_mmap_reads: 0
2019/10/17-14:55:02.382977 7fc3a9fcb700                       Options.allow_mmap_writes: 0
2019/10/17-14:55:02.382978 7fc3a9fcb700                        Options.use_direct_reads: 0
2019/10/17-14:55:02.382979 7fc3a9fcb700                        Options.use_direct_io_for_flush_and_compaction: 0
2019/10/17-14:55:02.382981 7fc3a9fcb700          Options.create_missing_column_families: 0
2019/10/17-14:55:02.382982 7fc3a9fcb700                              Options.db_log_dir: 
2019/10/17-14:55:02.382983 7fc3a9fcb700                                 Options.wal_dir: /home/rahul/dev/blockchain-core/eqc/ledger.db
2019/10/17-14:55:02.382984 7fc3a9fcb700                Options.table_cache_numshardbits: 6
2019/10/17-14:55:02.382986 7fc3a9fcb700                      Options.max_subcompactions: 1
2019/10/17-14:55:02.382987 7fc3a9fcb700                  Options.max_background_flushes: -1
2019/10/17-14:55:02.382988 7fc3a9fcb700                         Options.WAL_ttl_seconds: 0
2019/10/17-14:55:02.382990 7fc3a9fcb700                       Options.WAL_size_limit_MB: 0
2019/10/17-14:55:02.382991 7fc3a9fcb700             Options.manifest_preallocation_size: 4194304
2019/10/17-14:55:02.382992 7fc3a9fcb700                     Options.is_fd_close_on_exec: 1
2019/10/17-14:55:02.382994 7fc3a9fcb700                   Options.advise_random_on_open: 1
2019/10/17-14:55:02.382995 7fc3a9fcb700                    Options.db_write_buffer_size: 0
2019/10/17-14:55:02.382996 7fc3a9fcb700                    Options.write_buffer_manager: 0x7fc3500d6440
2019/10/17-14:55:02.382997 7fc3a9fcb700         Options.access_hint_on_compaction_start: 1
2019/10/17-14:55:02.382998 7fc3a9fcb700  Options.new_table_reader_for_compaction_inputs: 0
2019/10/17-14:55:02.383000 7fc3a9fcb700           Options.random_access_max_buffer_size: 1048576
2019/10/17-14:55:02.383001 7fc3a9fcb700                      Options.use_adaptive_mutex: 0
2019/10/17-14:55:02.383002 7fc3a9fcb700                            Options.rate_limiter: (nil)
2019/10/17-14:55:02.383017 7fc3a9fcb700     Options.sst_file_manager.rate_bytes_per_sec: 0
2019/10/17-14:55:02.383019 7fc3a9fcb700                       Options.wal_recovery_mode: 2
2019/10/17-14:55:02.383020 7fc3a9fcb700                  Options.enable_thread_tracking: 0
2019/10/17-14:55:02.383021 7fc3a9fcb700                  Options.enable_pipelined_write: 0
2019/10/17-14:55:02.383022 7fc3a9fcb700         Options.allow_concurrent_memtable_write: 1
2019/10/17-14:55:02.383024 7fc3a9fcb700      Options.enable_write_thread_adaptive_yield: 1
2019/10/17-14:55:02.383025 7fc3a9fcb700             Options.write_thread_max_yield_usec: 100
2019/10/17-14:55:02.383026 7fc3a9fcb700            Options.write_thread_slow_yield_usec: 3
2019/10/17-14:55:02.383028 7fc3a9fcb700                               Options.row_cache: None
2019/10/17-14:55:02.383029 7fc3a9fcb700                              Options.wal_filter: None
2019/10/17-14:55:02.383030 7fc3a9fcb700             Options.avoid_flush_during_recovery: 0
2019/10/17-14:55:02.383031 7fc3a9fcb700             Options.allow_ingest_behind: 0
2019/10/17-14:55:02.383033 7fc3a9fcb700             Options.preserve_deletes: 0
2019/10/17-14:55:02.383034 7fc3a9fcb700             Options.two_write_queues: 0
2019/10/17-14:55:02.383035 7fc3a9fcb700             Options.manual_wal_flush: 0
2019/10/17-14:55:02.383036 7fc3a9fcb700             Options.max_background_jobs: 2
2019/10/17-14:55:02.383038 7fc3a9fcb700             Options.max_background_compactions: -1
2019/10/17-14:55:02.383039 7fc3a9fcb700             Options.avoid_flush_during_shutdown: 0
2019/10/17-14:55:02.383040 7fc3a9fcb700           Options.writable_file_max_buffer_size: 1048576
2019/10/17-14:55:02.383041 7fc3a9fcb700             Options.delayed_write_rate : 16777216
2019/10/17-14:55:02.383043 7fc3a9fcb700             Options.max_total_wal_size: 0
2019/10/17-14:55:02.383044 7fc3a9fcb700             Options.delete_obsolete_files_period_micros: 21600000000
2019/10/17-14:55:02.383045 7fc3a9fcb700                   Options.stats_dump_period_sec: 600
2019/10/17-14:55:02.383047 7fc3a9fcb700                          Options.max_open_files: -1
2019/10/17-14:55:02.383048 7fc3a9fcb700                          Options.bytes_per_sync: 0
2019/10/17-14:55:02.383049 7fc3a9fcb700                      Options.wal_bytes_per_sync: 0
2019/10/17-14:55:02.383050 7fc3a9fcb700       Options.compaction_readahead_size: 0
2019/10/17-14:55:02.383052 7fc3a9fcb700 Compression algorithms supported:
2019/10/17-14:55:02.383053 7fc3a9fcb700 	kZSTDNotFinalCompression supported: 0
2019/10/17-14:55:02.383055 7fc3a9fcb700 	kZSTD supported: 0
2019/10/17-14:55:02.383056 7fc3a9fcb700 	kXpressCompression supported: 0
2019/10/17-14:55:02.383058 7fc3a9fcb700 	kLZ4HCCompression supported: 0
2019/10/17-14:55:02.383059 7fc3a9fcb700 	kLZ4Compression supported: 0
2019/10/17-14:55:02.383061 7fc3a9fcb700 	kBZip2Compression supported: 0
2019/10/17-14:55:02.383062 7fc3a9fcb700 	kZlibCompression supported: 0
2019/10/17-14:55:02.383063 7fc3a9fcb700 	kSnappyCompression supported: 0
2019/10/17-14:55:02.383066 7fc3a9fcb700 Fast CRC32 supported: Supported on x86
2019/10/17-14:55:02.383214 7fc3a9fcb700 [db/version_set.cc:3507] Recovering from manifest file: MANIFEST-116206
2019/10/17-14:55:02.383266 7fc3a9fcb700 [db/column_family.cc:472] --------------- Options for column family [default]:
2019/10/17-14:55:02.383269 7fc3a9fcb700               Options.comparator: leveldb.BytewiseComparator
2019/10/17-14:55:02.383270 7fc3a9fcb700           Options.merge_operator: None
2019/10/17-14:55:02.383272 7fc3a9fcb700        Options.compaction_filter: None
2019/10/17-14:55:02.383273 7fc3a9fcb700        Options.compaction_filter_factory: None
2019/10/17-14:55:02.383274 7fc3a9fcb700         Options.memtable_factory: SkipListFactory
2019/10/17-14:55:02.383275 7fc3a9fcb700            Options.table_factory: BlockBasedTable
2019/10/17-14:55:02.383299 7fc3a9fcb700            table_factory options:   flush_block_policy_factory: FlushBlockBySizePolicyFactory (0x7fc35002d070)
  cache_index_and_filter_blocks: 0
  cache_index_and_filter_blocks_with_high_priority: 0
  pin_l0_filter_and_index_blocks_in_cache: 0
  pin_top_level_index_and_filter: 1
  index_type: 0
  hash_index_allow_collision: 1
  checksum: 1
  no_block_cache: 0
  block_cache: 0x7fc3500b8ea0
  block_cache_name: LRUCache
  block_cache_options:
    capacity : 8388608
    num_shard_bits : 4
    strict_capacity_limit : 0
    memory_allocator : None
    high_pri_pool_ratio: 0.000
  block_cache_compressed: (nil)
  persistent_cache: (nil)
  block_size: 4096
  block_size_deviation: 10
  block_restart_interval: 16
  index_block_restart_interval: 1
  metadata_block_size: 4096
  partition_filters: 0
  use_delta_encoding: 1
  filter_policy: nullptr
  whole_key_filtering: 1
  verify_compression: 0
  read_amp_bytes_per_bit: 0
  format_version: 2
  enable_index_compression: 1
  block_align: 0
2019/10/17-14:55:02.383314 7fc3a9fcb700        Options.write_buffer_size: 67108864
2019/10/17-14:55:02.383315 7fc3a9fcb700  Options.max_write_buffer_number: 2
2019/10/17-14:55:02.383317 7fc3a9fcb700          Options.compression: NoCompression
2019/10/17-14:55:02.383318 7fc3a9fcb700                  Options.bottommost_compression: Disabled
2019/10/17-14:55:02.383320 7fc3a9fcb700       Options.prefix_extractor: nullptr
2019/10/17-14:55:02.383321 7fc3a9fcb700   Options.memtable_insert_with_hint_prefix_extractor: nullptr
2019/10/17-14:55:02.383322 7fc3a9fcb700             Options.num_levels: 7
2019/10/17-14:55:02.383323 7fc3a9fcb700        Options.min_write_buffer_number_to_merge: 1
2019/10/17-14:55:02.383325 7fc3a9fcb700     Options.max_write_buffer_number_to_maintain: 0
2019/10/17-14:55:02.383326 7fc3a9fcb700            Options.bottommost_compression_opts.window_bits: -14
2019/10/17-14:55:02.383327 7fc3a9fcb700                  Options.bottommost_compression_opts.level: 32767
2019/10/17-14:55:02.383329 7fc3a9fcb700               Options.bottommost_compression_opts.strategy: 0
2019/10/17-14:55:02.383330 7fc3a9fcb700         Options.bottommost_compression_opts.max_dict_bytes: 0
2019/10/17-14:55:02.383331 7fc3a9fcb700         Options.bottommost_compression_opts.zstd_max_train_bytes: 0
2019/10/17-14:55:02.383332 7fc3a9fcb700                  Options.bottommost_compression_opts.enabled: false
2019/10/17-14:55:02.383334 7fc3a9fcb700            Options.compression_opts.window_bits: -14
2019/10/17-14:55:02.383335 7fc3a9fcb700                  Options.compression_opts.level: 32767
2019/10/17-14:55:02.383336 7fc3a9fcb700               Options.compression_opts.strategy: 0
2019/10/17-14:55:02.383337 7fc3a9fcb700         Options.compression_opts.max_dict_bytes: 0
2019/10/17-14:55:02.383339 7fc3a9fcb700         Options.compression_opts.zstd_max_train_bytes: 0
2019/10/17-14:55:02.383340 7fc3a9fcb700                  Options.compression_opts.enabled: false
2019/10/17-14:55:02.383341 7fc3a9fcb700      Options.level0_file_num_compaction_trigger: 4
2019/10/17-14:55:02.383342 7fc3a9fcb700          Options.level0_slowdown_writes_trigger: 20
2019/10/17-14:55:02.383344 7fc3a9fcb700              Options.level0_stop_writes_trigger: 36
2019/10/17-14:55:02.383345 7fc3a9fcb700                   Options.target_file_size_base: 67108864
2019/10/17-14:55:02.383346 7fc3a9fcb700             Options.target_file_size_multiplier: 1
2019/10/17-14:55:02.383347 7fc3a9fcb700                Options.max_bytes_for_level_base: 268435456
2019/10/17-14:55:02.383349 7fc3a9fcb700 Options.level_compaction_dynamic_level_bytes: 0
2019/10/17-14:55:02.383350 7fc3a9fcb700          Options.max_bytes_for_level_multiplier: 10.000000
2019/10/17-14:55:02.383353 7fc3a9fcb700 Options.max_bytes_for_level_multiplier_addtl[0]: 1
2019/10/17-14:55:02.383355 7fc3a9fcb700 Options.max_bytes_for_level_multiplier_addtl[1]: 1
2019/10/17-14:55:02.383356 7fc3a9fcb700 Options.max_bytes_for_level_multiplier_addtl[2]: 1
2019/10/17-14:55:02.383357 7fc3a9fcb700 Options.max_bytes_for_level_multiplier_addtl[3]: 1
2019/10/17-14:55:02.383358 7fc3a9fcb700 Options.max_bytes_for_level_multiplier_addtl[4]: 1
2019/10/17-14:55:02.383366 7fc3a9fcb700 Options.max_bytes_for_level_multiplier_addtl[5]: 1
2019/10/17-14:55:02.383367 7fc3a9fcb700 Options.max_bytes_for_level_multiplier_addtl[6]: 1
2019/10/17-14:55:02.383369 7fc3a9fcb700       Options.max_sequential_skip_in_iterations: 8
2019/10/17-14:55:02.383370 7fc3a9fcb700                    Options.max_compaction_bytes: 1677721600
2019/10/17-14:55:02.383371 7fc3a9fcb700                        Options.arena_block_size: 8388608
2019/10/17-14:55:02.383373 7fc3a9fcb700   Options.soft_pending_compaction_bytes_limit: 68719476736
2019/10/17-14:55:02.383374 7fc3a9fcb700   Options.hard_pending_compaction_bytes_limit: 274877906944
2019/10/17-14:55:02.383375 7fc3a9fcb700       Options.rate_limit_delay_max_milliseconds: 100
2019/10/17-14:55:02.383377 7fc3a9fcb700                Options.disable_auto_compactions: 0
2019/10/17-14:55:02.383378 7fc3a9fcb700                        Options.compaction_style: kCompactionStyleLevel
2019/10/17-14:55:02.383380 7fc3a9fcb700                          Options.compaction_pri: kByCompensatedSize
2019/10/17-14:55:02.383381 7fc3a9fcb700 Options.compaction_options_universal.size_ratio: 1
2019/10/17-14:55:02.383383 7fc3a9fcb700 Options.compaction_options_universal.min_merge_width: 2
2019/10/17-14:55:02.383384 7fc3a9fcb700 Options.compaction_options_universal.max_merge_width: 4294967295
2019/10/17-14:55:02.383385 7fc3a9fcb700 Options.compaction_options_universal.max_size_amplification_percent: 200
2019/10/17-14:55:02.383386 7fc3a9fcb700 Options.compaction_options_universal.compression_size_percent: -1
2019/10/17-14:55:02.383388 7fc3a9fcb700 Options.compaction_options_universal.stop_style: kCompactionStopStyleTotalSize
2019/10/17-14:55:02.383390 7fc3a9fcb700 Options.compaction_options_fifo.max_table_files_size: 1073741824
2019/10/17-14:55:02.383391 7fc3a9fcb700 Options.compaction_options_fifo.allow_compaction: 0
2019/10/17-14:55:02.383392 7fc3a9fcb700 Options.compaction_options_fifo.ttl: 0
2019/10/17-14:55:02.383393 7fc3a9fcb700                   Options.table_properties_collectors: 
2019/10/17-14:55:02.383395 7fc3a9fcb700                   Options.inplace_update_support: 0
2019/10/17-14:55:02.383396 7fc3a9fcb700                 Options.inplace_update_num_locks: 10000
2019/10/17-14:55:02.383397 7fc3a9fcb700               Options.memtable_prefix_bloom_size_ratio: 0.000000
2019/10/17-14:55:02.383399 7fc3a9fcb700   Options.memtable_huge_page_size: 0
2019/10/17-14:55:02.383401 7fc3a9fcb700                           Options.bloom_locality: 0
2019/10/17-14:55:02.383402 7fc3a9fcb700                    Options.max_successive_merges: 0
2019/10/17-14:55:02.383403 7fc3a9fcb700                Options.optimize_filters_for_hits: 0
2019/10/17-14:55:02.383404 7fc3a9fcb700                Options.paranoid_file_checks: 0
2019/10/17-14:55:02.383405 7fc3a9fcb700                Options.force_consistency_checks: 0
2019/10/17-14:55:02.383407 7fc3a9fcb700                Options.report_bg_io_stats: 0
2019/10/17-14:55:02.383408 7fc3a9fcb700                               Options.ttl: 0
2019/10/17-14:55:02.383450 7fc3a9fcb700 [db/column_family.cc:472] --------------- Options for column family [active_gateways]:
2019/10/17-14:55:02.383452 7fc3a9fcb700               Options.comparator: leveldb.BytewiseComparator
2019/10/17-14:55:02.383453 7fc3a9fcb700           Options.merge_operator: None
2019/10/17-14:55:02.383455 7fc3a9fcb700        Options.compaction_filter: None
2019/10/17-14:55:02.383456 7fc3a9fcb700        Options.compaction_filter_factory: None
2019/10/17-14:55:02.383457 7fc3a9fcb700         Options.memtable_factory: SkipListFactory
2019/10/17-14:55:02.383474 7fc3a9fcb700            Options.table_factory: BlockBasedTable
2019/10/17-14:55:02.383488 7fc3a9fcb700            table_factory options:   flush_block_policy_factory: FlushBlockBySizePolicyFactory (0x7fc3500a06b0)
  cache_index_and_filter_blocks: 0
  cache_index_and_filter_blocks_with_high_priority: 0
  pin_l0_filter_and_index_blocks_in_cache: 0
  pin_top_level_index_and_filter: 1
  index_type: 0
  hash_index_allow_collision: 1
  checksum: 1
  no_block_cache: 0
  block_cache: 0x7fc35008d540
  block_cache_name: LRUCache
  block_cache_options:
    capacity : 8388608
    num_shard_bits : 4
    strict_capacity_limit : 0
    memory_allocator : None
    high_pri_pool_ratio: 0.000
  block_cache_compressed: (nil)
  persistent_cache: (nil)
  block_size: 4096
  block_size_deviation: 10
  block_restart_interval: 16
  index_block_restart_interval: 1
  metadata_block_size: 4096
  partition_filters: 0
  use_delta_encoding: 1
  filter_policy: nullptr
  whole_key_filtering: 1
  verify_compression: 0
  read_amp_bytes_per_bit: 0
  format_version: 2
  enable_index_compression: 1
  block_align: 0
2019/10/17-14:55:02.383497 7fc3a9fcb700        Options.write_buffer_size: 67108864
2019/10/17-14:55:02.383498 7fc3a9fcb700  Options.max_write_buffer_number: 2
2019/10/17-14:55:02.383499 7fc3a9fcb700          Options.compression: NoCompression
2019/10/17-14:55:02.383500 7fc3a9fcb700                  Options.bottommost_compression: Disabled
2019/10/17-14:55:02.383501 7fc3a9fcb700       Options.prefix_extractor: nullptr
2019/10/17-14:55:02.383502 7fc3a9fcb700   Options.memtable_insert_with_hint_prefix_extractor: nullptr
2019/10/17-14:55:02.383503 7fc3a9fcb700             Options.num_levels: 7
2019/10/17-14:55:02.383504 7fc3a9fcb700        Options.min_write_buffer_number_to_merge: 1
2019/10/17-14:55:02.383505 7fc3a9fcb700     Options.max_write_buffer_number_to_maintain: 0
2019/10/17-14:55:02.383506 7fc3a9fcb700            Options.bottommost_compression_opts.window_bits: -14
2019/10/17-14:55:02.383507 7fc3a9fcb700                  Options.bottommost_compression_opts.level: 32767
2019/10/17-14:55:02.383508 7fc3a9fcb700               Options.bottommost_compression_opts.strategy: 0
2019/10/17-14:55:02.383509 7fc3a9fcb700         Options.bottommost_compression_opts.max_dict_bytes: 0
2019/10/17-14:55:02.383510 7fc3a9fcb700         Options.bottommost_compression_opts.zstd_max_train_bytes: 0
2019/10/17-14:55:02.383511 7fc3a9fcb700                  Options.bottommost_compression_opts.enabled: false
2019/10/17-14:55:02.383512 7fc3a9fcb700            Options.compression_opts.window_bits: -14
2019/10/17-14:55:02.383513 7fc3a9fcb700                  Options.compression_opts.level: 32767
2019/10/17-14:55:02.383514 7fc3a9fcb700               Options.compression_opts.strategy: 0
2019/10/17-14:55:02.383515 7fc3a9fcb700         Options.compression_opts.max_dict_bytes: 0
2019/10/17-14:55:02.383516 7fc3a9fcb700         Options.compression_opts.zstd_max_train_bytes: 0
2019/10/17-14:55:02.383517 7fc3a9fcb700                  Options.compression_opts.enabled: false
2019/10/17-14:55:02.383518 7fc3a9fcb700      Options.level0_file_num_compaction_trigger: 4
2019/10/17-14:55:02.383519 7fc3a9fcb700          Options.level0_slowdown_writes_trigger: 20
2019/10/17-14:55:02.383520 7fc3a9fcb700              Options.level0_stop_writes_trigger: 36
2019/10/17-14:55:02.383521 7fc3a9fcb700                   Options.target_file_size_base: 67108864
2019/10/17-14:55:02.383522 7fc3a9fcb700             Options.target_file_size_multiplier: 1
2019/10/17-14:55:02.383523 7fc3a9fcb700                Options.max_bytes_for_level_base: 268435456
2019/10/17-14:55:02.383524 7fc3a9fcb700 Options.level_compaction_dynamic_level_bytes: 0
2019/10/17-14:55:02.383525 7fc3a9fcb700          Options.max_bytes_for_level_multiplier: 10.000000
2019/10/17-14:55:02.383527 7fc3a9fcb700 Options.max_bytes_for_level_multiplier_addtl[0]: 1
2019/10/17-14:55:02.383528 7fc3a9fcb700 Options.max_bytes_for_level_multiplier_addtl[1]: 1
2019/10/17-14:55:02.383529 7fc3a9fcb700 Options.max_bytes_for_level_multiplier_addtl[2]: 1
2019/10/17-14:55:02.383530 7fc3a9fcb700 Options.max_bytes_for_level_multiplier_addtl[3]: 1
2019/10/17-14:55:02.383531 7fc3a9fcb700 Options.max_bytes_for_level_multiplier_addtl[4]: 1
2019/10/17-14:55:02.383532 7fc3a9fcb700 Options.max_bytes_for_level_multiplier_addtl[5]: 1
2019/10/17-14:55:02.383533 7fc3a9fcb700 Options.max_bytes_for_level_multiplier_addtl[6]: 1
2019/10/17-14:55:02.383534 7fc3a9fcb700       Options.max_sequential_skip_in_iterations: 8
2019/10/17-14:55:02.383540 7fc3a9fcb700                    Options.max_compaction_bytes: 1677721600
2019/10/17-14:55:02.383541 7fc3a9fcb700                        Options.arena_block_size: 8388608
2019/10/17-14:55:02.383542 7fc3a9fcb700   Options.soft_pending_compaction_bytes_limit: 68719476736
2019/10/17-14:55:02.383543 7fc3a9fcb700   Options.hard_pending_compaction_bytes_limit: 274877906944
2019/10/17-14:55:02.383544 7fc3a9fcb700       Options.rate_limit_delay_max_milliseconds: 100
2019/10/17-14:55:02.383545 7fc3a9fcb700                Options.disable_auto_compactions: 0
2019/10/17-14:55:02.383546 7fc3a9fcb700                        Options.compaction_style: kCompactionStyleLevel
2019/10/17-14:55:02.383547 7fc3a9fcb700                          Options.compaction_pri: kByCompensatedSize
2019/10/17-14:55:02.383548 7fc3a9fcb700 Options.compaction_options_universal.size_ratio: 1
2019/10/17-14:55:02.383549 7fc3a9fcb700 Options.compaction_options_universal.min_merge_width: 2
2019/10/17-14:55:02.383550 7fc3a9fcb700 Options.compaction_options_universal.max_merge_width: 4294967295
2019/10/17-14:55:02.383551 7fc3a9fcb700 Options.compaction_options_universal.max_size_amplification_percent: 200
2019/10/17-14:55:02.383552 7fc3a9fcb700 Options.compaction_options_universal.compression_size_percent: -1
2019/10/17-14:55:02.383554 7fc3a9fcb700 Options.compaction_options_universal.stop_style: kCompactionStopStyleTotalSize
2019/10/17-14:55:02.383555 7fc3a9fcb700 Options.compaction_options_fifo.max_table_files_size: 1073741824
2019/10/17-14:55:02.383556 7fc3a9fcb700 Options.compaction_options_fifo.allow_compaction: 0
2019/10/17-14:55:02.383557 7fc3a9fcb700 Options.compaction_options_fifo.ttl: 0
2019/10/17-14:55:02.383558 7fc3a9fcb700                   Options.table_properties_collectors: 
2019/10/17-14:55:02.383559 7fc3a9fcb700                   Options.inplace_update_support: 0
2019/10/17-14:55:02.383560 7fc3a9fcb700                 Options.inplace_update_num_locks: 10000
2019/10/17-14:55:02.383561 7fc3a9fcb700               Options.memtable_prefix_bloom_size_ratio: 0.000000
2019/10/17-14:55:02.383562 7fc3a9fcb700   Options.memtable_huge_page_size: 0
2019/10/17-14:55:02.383563 7fc3a9fcb700                           Options.bloom_locality: 0
2019/10/17-14:55:02.383564 7fc3a9fcb700                    Options.max_successive_merges: 0
2019/10/17-14:55:02.383565 7fc3a9fcb700                Options.optimize_filters_for_hits: 0
2019/10/17-14:55:02.383566 7fc3a9fcb700                Options.paranoid_file_checks: 0
2019/10/17-14:55:02.383567 7fc3a9fcb700                Options.force_consistency_checks: 0
2019/10/17-14:55:02.383568 7fc3a9fcb700                Options.report_bg_io_stats: 0
2019/10/17-14:55:02.383569 7fc3a9fcb700                               Options.ttl: 0
2019/10/17-14:55:02.383590 7fc3a9fcb700 [db/column_family.cc:472] --------------- Options for column family [entries]:
2019/10/17-14:55:02.383592 7fc3a9fcb700               Options.comparator: leveldb.BytewiseComparator
2019/10/17-14:55:02.383593 7fc3a9fcb700           Options.merge_operator: None
2019/10/17-14:55:02.383594 7fc3a9fcb700        Options.compaction_filter: None
2019/10/17-14:55:02.383595 7fc3a9fcb700        Options.compaction_filter_factory: None
2019/10/17-14:55:02.383596 7fc3a9fcb700         Options.memtable_factory: SkipListFactory
2019/10/17-14:55:02.383597 7fc3a9fcb700            Options.table_factory: BlockBasedTable
2019/10/17-14:55:02.383610 7fc3a9fcb700            table_factory options:   flush_block_policy_factory: FlushBlockBySizePolicyFactory (0x7fc350038e70)
  cache_index_and_filter_blocks: 0
  cache_index_and_filter_blocks_with_high_priority: 0
  pin_l0_filter_and_index_blocks_in_cache: 0
  pin_top_level_index_and_filter: 1
  index_type: 0
  hash_index_allow_collision: 1
  checksum: 1
  no_block_cache: 0
  block_cache: 0x7fc350044860
  block_cache_name: LRUCache
  block_cache_options:
    capacity : 8388608
    num_shard_bits : 4
    strict_capacity_limit : 0
    memory_allocator : None
    high_pri_pool_ratio: 0.000
  block_cache_compressed: (nil)
  persistent_cache: (nil)
  block_size: 4096
  block_size_deviation: 10
  block_restart_interval: 16
  index_block_restart_interval: 1
  metadata_block_size: 4096
  partition_filters: 0
  use_delta_encoding: 1
  filter_policy: nullptr
  whole_key_filtering: 1
  verify_compression: 0
  read_amp_bytes_per_bit: 0
  format_version: 2
  enable_index_compression: 1
  block_align: 0
2019/10/17-14:55:02.383618 7fc3a9fcb700        Options.write_buffer_size: 67108864
2019/10/17-14:55:02.383619 7fc3a9fcb700  Options.max_write_buffer_number: 2
2019/10/17-14:55:02.383620 7fc3a9fcb700          Options.compression: NoCompression
2019/10/17-14:55:02.383621 7fc3a9fcb700                  Options.bottommost_compression: Disabled
2019/10/17-14:55:02.383622 7fc3a9fcb700       Options.prefix_extractor: nullptr
2019/10/17-14:55:02.383623 7fc3a9fcb700   Options.memtable_insert_with_hint_prefix_extractor: nullptr
2019/10/17-14:55:02.383624 7fc3a9fcb700             Options.num_levels: 7
2019/10/17-14:55:02.383625 7fc3a9fcb700        Options.min_write_buffer_number_to_merge: 1
2019/10/17-14:55:02.383626 7fc3a9fcb700     Options.max_write_buffer_number_to_maintain: 0
2019/10/17-14:55:02.383627 7fc3a9fcb700            Options.bottommost_compression_opts.window_bits: -14
2019/10/17-14:55:02.383628 7fc3a9fcb700                  Options.bottommost_compression_opts.level: 32767
2019/10/17-14:55:02.383629 7fc3a9fcb700               Options.bottommost_compression_opts.strategy: 0
2019/10/17-14:55:02.383630 7fc3a9fcb700         Options.bottommost_compression_opts.max_dict_bytes: 0
2019/10/17-14:55:02.383631 7fc3a9fcb700         Options.bottommost_compression_opts.zstd_max_train_bytes: 0
2019/10/17-14:55:02.383632 7fc3a9fcb700                  Options.bottommost_compression_opts.enabled: false
2019/10/17-14:55:02.383633 7fc3a9fcb700            Options.compression_opts.window_bits: -14
2019/10/17-14:55:02.383634 7fc3a9fcb700                  Options.compression_opts.level: 32767
2019/10/17-14:55:02.383635 7fc3a9fcb700               Options.compression_opts.strategy: 0
2019/10/17-14:55:02.383636 7fc3a9fcb700         Options.compression_opts.max_dict_bytes: 0
2019/10/17-14:55:02.383637 7fc3a9fcb700         Options.compression_opts.zstd_max_train_bytes: 0
2019/10/17-14:55:02.383638 7fc3a9fcb700                  Options.compression_opts.enabled: false
2019/10/17-14:55:02.383639 7fc3a9fcb700      Options.level0_file_num_compaction_trigger: 4
2019/10/17-14:55:02.383640 7fc3a9fcb700          Options.level0_slowdown_writes_trigger: 20
2019/10/17-14:55:02.383641 7fc3a9fcb700              Options.level0_stop_writes_trigger: 36
2019/10/17-14:55:02.383642 7fc3a9fcb700                   Options.target_file_size_base: 67108864
2019/10/17-14:55:02.383643 7fc3a9fcb700             Options.target_file_size_multiplier: 1
2019/10/17-14:55:02.383644 7fc3a9fcb700                Options.max_bytes_for_level_base: 268435456
2019/10/17-14:55:02.383645 7fc3a9fcb700 Options.level_compaction_dynamic_level_bytes: 0
2019/10/17-14:55:02.383646 7fc3a9fcb700          Options.max_bytes_for_level_multiplier: 10.000000
2019/10/17-14:55:02.383647 7fc3a9fcb700 Options.max_bytes_for_level_multiplier_addtl[0]: 1
2019/10/17-14:55:02.383649 7fc3a9fcb700 Options.max_bytes_for_level_multiplier_addtl[1]: 1
2019/10/17-14:55:02.383650 7fc3a9fcb700 Options.max_bytes_for_level_multiplier_addtl[2]: 1
2019/10/17-14:55:02.383651 7fc3a9fcb700 Options.max_bytes_for_level_multiplier_addtl[3]: 1
2019/10/17-14:55:02.383652 7fc3a9fcb700 Options.max_bytes_for_level_multiplier_addtl[4]: 1
2019/10/17-14:55:02.383653 7fc3a9fcb700 Options.max_bytes_for_level_multiplier_addtl[5]: 1
2019/10/17-14:55:02.383654 7fc3a9fcb700 Options.max_bytes_for_level_multiplier_addtl[6]: 1
2019/10/17-14:55:02.383655 7fc3a9fcb700       Options.max_sequential_skip_in_iterations: 8
2019/10/17-14:55:02.383656 7fc3a9fcb700                    Options.max_compaction_bytes: 1677721600
2019/10/17-14:55:02.383657 7fc3a9fcb700                        Options.arena_block_size: 8388608
2019/10/17-14:55:02.383658 7fc3a9fcb700   Options.soft_pending_compaction_bytes_limit: 68719476736
2019/10/17-14:55:02.383663 7fc3a9fcb700   Options.hard_pending_compaction_bytes_limit: 274877906944
2019/10/17-14:55:02.383664 7fc3a9fcb700       Options.rate_limit_delay_max_milliseconds: 100
2019/10/17-14:55:02.383665 7fc3a9fcb700                Options.disable_auto_compactions: 0
2019/10/17-14:55:02.383667 7fc3a9fcb700                        Options.compaction_style: kCompactionStyleLevel
2019/10/17-14:55:02.383668 7fc3a9fcb700                          Options.compaction_pri: kByCompensatedSize
2019/10/17-14:55:02.383669 7fc3a9fcb700 Options.compaction_options_universal.size_ratio: 1
2019/10/17-14:55:02.383670 7fc3a9fcb700 Options.compaction_options_universal.min_merge_width: 2
2019/10/17-14:55:02.383671 7fc3a9fcb700 Options.compaction_options_universal.max_merge_width: 4294967295
2019/10/17-14:55:02.383672 7fc3a9fcb700 Options.compaction_options_universal.max_size_amplification_percent: 200
2019/10/17-14:55:02.383673 7fc3a9fcb700 Options.compaction_options_universal.compression_size_percent: -1
2019/10/17-14:55:02.383674 7fc3a9fcb700 Options.compaction_options_universal.stop_style: kCompactionStopStyleTotalSize
2019/10/17-14:55:02.383675 7fc3a9fcb700 Options.compaction_options_fifo.max_table_files_size: 1073741824
2019/10/17-14:55:02.383676 7fc3a9fcb700 Options.compaction_options_fifo.allow_compaction: 0
2019/10/17-14:55:02.383677 7fc3a9fcb700 Options.compaction_options_fifo.ttl: 0
2019/10/17-14:55:02.383678 7fc3a9fcb700                   Options.table_properties_collectors: 
2019/10/17-14:55:02.383679 7fc3a9fcb700                   Options.inplace_update_support: 0
2019/10/17-14:55:02.383680 7fc3a9fcb700                 Options.inplace_update_num_locks: 10000
2019/10/17-14:55:02.383681 7fc3a9fcb700               Options.memtable_prefix_bloom_size_ratio: 0.000000
2019/10/17-14:55:02.383683 7fc3a9fcb700   Options.memtable_huge_page_size: 0
2019/10/17-14:55:02.383684 7fc3a9fcb700                           Options.bloom_locality: 0
2019/10/17-14:55:02.383685 7fc3a9fcb700                    Options.max_successive_merges: 0
2019/10/17-14:55:02.383686 7fc3a9fcb700                Options.optimize_filters_for_hits: 0
2019/10/17-14:55:02.383687 7fc3a9fcb700                Options.paranoid_file_checks: 0
2019/10/17-14:55:02.383688 7fc3a9fcb700                Options.force_consistency_checks: 0
2019/10/17-14:55:02.383689 7fc3a9fcb700                Options.report_bg_io_stats: 0
2019/10/17-14:55:02.383690 7fc3a9fcb700                               Options.ttl: 0
2019/10/17-14:55:02.383709 7fc3a9fcb700 [db/column_family.cc:472] --------------- Options for column family [dc_entries]:
2019/10/17-14:55:02.383710 7fc3a9fcb700               Options.comparator: leveldb.BytewiseComparator
2019/10/17-14:55:02.383712 7fc3a9fcb700           Options.merge_operator: None
2019/10/17-14:55:02.383713 7fc3a9fcb700        Options.compaction_filter: None
2019/10/17-14:55:02.383714 7fc3a9fcb700        Options.compaction_filter_factory: None
2019/10/17-14:55:02.383715 7fc3a9fcb700         Options.memtable_factory: SkipListFactory
2019/10/17-14:55:02.383716 7fc3a9fcb700            Options.table_factory: BlockBasedTable
2019/10/17-14:55:02.383728 7fc3a9fcb700            table_factory options:   flush_block_policy_factory: FlushBlockBySizePolicyFactory (0x7fc350060b60)
  cache_index_and_filter_blocks: 0
  cache_index_and_filter_blocks_with_high_priority: 0
  pin_l0_filter_and_index_blocks_in_cache: 0
  pin_top_level_index_and_filter: 1
  index_type: 0
  hash_index_allow_collision: 1
  checksum: 1
  no_block_cache: 0
  block_cache: 0x7fc35007ff80
  block_cache_name: LRUCache
  block_cache_options:
    capacity : 8388608
    num_shard_bits : 4
    strict_capacity_limit : 0
    memory_allocator : None
    high_pri_pool_ratio: 0.000
  block_cache_compressed: (nil)
  persistent_cache: (nil)
  block_size: 4096
  block_size_deviation: 10
  block_restart_interval: 16
  index_block_restart_interval: 1
  metadata_block_size: 4096
  partition_filters: 0
  use_delta_encoding: 1
  filter_policy: nullptr
  whole_key_filtering: 1
  verify_compression: 0
  read_amp_bytes_per_bit: 0
  format_version: 2
  enable_index_compression: 1
  block_align: 0
2019/10/17-14:55:02.383736 7fc3a9fcb700        Options.write_buffer_size: 67108864
2019/10/17-14:55:02.383737 7fc3a9fcb700  Options.max_write_buffer_number: 2
2019/10/17-14:55:02.383738 7fc3a9fcb700          Options.compression: NoCompression
2019/10/17-14:55:02.383739 7fc3a9fcb700                  Options.bottommost_compression: Disabled
2019/10/17-14:55:02.383740 7fc3a9fcb700       Options.prefix_extractor: nullptr
2019/10/17-14:55:02.383741 7fc3a9fcb700   Options.memtable_insert_with_hint_prefix_extractor: nullptr
2019/10/17-14:55:02.383742 7fc3a9fcb700             Options.num_levels: 7
2019/10/17-14:55:02.383743 7fc3a9fcb700        Options.min_write_buffer_number_to_merge: 1
2019/10/17-14:55:02.383744 7fc3a9fcb700     Options.max_write_buffer_number_to_maintain: 0
2019/10/17-14:55:02.383745 7fc3a9fcb700            Options.bottommost_compression_opts.window_bits: -14
2019/10/17-14:55:02.383746 7fc3a9fcb700                  Options.bottommost_compression_opts.level: 32767
2019/10/17-14:55:02.383747 7fc3a9fcb700               Options.bottommost_compression_opts.strategy: 0
2019/10/17-14:55:02.383748 7fc3a9fcb700         Options.bottommost_compression_opts.max_dict_bytes: 0
2019/10/17-14:55:02.383749 7fc3a9fcb700         Options.bottommost_compression_opts.zstd_max_train_bytes: 0
2019/10/17-14:55:02.383750 7fc3a9fcb700                  Options.bottommost_compression_opts.enabled: false
2019/10/17-14:55:02.383751 7fc3a9fcb700            Options.compression_opts.window_bits: -14
2019/10/17-14:55:02.383752 7fc3a9fcb700                  Options.compression_opts.level: 32767
2019/10/17-14:55:02.383753 7fc3a9fcb700               Options.compression_opts.strategy: 0
2019/10/17-14:55:02.383754 7fc3a9fcb700         Options.compression_opts.max_dict_bytes: 0
2019/10/17-14:55:02.383755 7fc3a9fcb700         Options.compression_opts.zstd_max_train_bytes: 0
2019/10/17-14:55:02.383756 7fc3a9fcb700                  Options.compression_opts.enabled: false
2019/10/17-14:55:02.383757 7fc3a9fcb700      Options.level0_file_num_compaction_trigger: 4
2019/10/17-14:55:02.383758 7fc3a9fcb700          Options.level0_slowdown_writes_trigger: 20
2019/10/17-14:55:02.383759 7fc3a9fcb700              Options.level0_stop_writes_trigger: 36
2019/10/17-14:55:02.383760 7fc3a9fcb700                   Options.target_file_size_base: 67108864
2019/10/17-14:55:02.383760 7fc3a9fcb700             Options.target_file_size_multiplier: 1
2019/10/17-14:55:02.383761 7fc3a9fcb700                Options.max_bytes_for_level_base: 268435456
2019/10/17-14:55:02.383763 7fc3a9fcb700 Options.level_compaction_dynamic_level_bytes: 0
2019/10/17-14:55:02.383763 7fc3a9fcb700          Options.max_bytes_for_level_multiplier: 10.000000
2019/10/17-14:55:02.383765 7fc3a9fcb700 Options.max_bytes_for_level_multiplier_addtl[0]: 1
2019/10/17-14:55:02.383766 7fc3a9fcb700 Options.max_bytes_for_level_multiplier_addtl[1]: 1
2019/10/17-14:55:02.383767 7fc3a9fcb700 Options.max_bytes_for_level_multiplier_addtl[2]: 1
2019/10/17-14:55:02.383768 7fc3a9fcb700 Options.max_bytes_for_level_multiplier_addtl[3]: 1
2019/10/17-14:55:02.383769 7fc3a9fcb700 Options.max_bytes_for_level_multiplier_addtl[4]: 1
2019/10/17-14:55:02.383770 7fc3a9fcb700 Options.max_bytes_for_level_multiplier_addtl[5]: 1
2019/10/17-14:55:02.383771 7fc3a9fcb700 Options.max_bytes_for_level_multiplier_addtl[6]: 1
2019/10/17-14:55:02.383772 7fc3a9fcb700       Options.max_sequential_skip_in_iterations: 8
2019/10/17-14:55:02.383773 7fc3a9fcb700                    Options.max_compaction_bytes: 1677721600
2019/10/17-14:55:02.383774 7fc3a9fcb700                        Options.arena_block_size: 8388608
2019/10/17-14:55:02.383775 7fc3a9fcb700   Options.soft_pending_compaction_bytes_limit: 68719476736
2019/10/17-14:55:02.383776 7fc3a9fcb700   Options.hard_pending_compaction_bytes_limit: 274877906944
2019/10/17-14:55:02.383777 7fc3a9fcb700       Options.rate_limit_delay_max_milliseconds: 100
2019/10/17-14:55:02.383778 7fc3a9fcb700                Options.disable_auto_compactions: 0
2019/10/17-14:55:02.383784 7fc3a9fcb700                        Options.compaction_style: kCompactionStyleLevel
2019/10/17-14:55:02.383786 7fc3a9fcb700                          Options.compaction_pri: kByCompensatedSize
2019/10/17-14:55:02.383787 7fc3a9fcb700 Options.compaction_options_universal.size_ratio: 1
2019/10/17-14:55:02.383788 7fc3a9fcb700 Options.compaction_options_universal.min_merge_width: 2
2019/10/17-14:55:02.383788 7fc3a9fcb700 Options.compaction_options_universal.max_merge_width: 4294967295
2019/10/17-14:55:02.383789 7fc3a9fcb700 Options.compaction_options_universal.max_size_amplification_percent: 200
2019/10/17-14:55:02.383790 7fc3a9fcb700 Options.compaction_options_universal.compression_size_percent: -1
2019/10/17-14:55:02.383792 7fc3a9fcb700 Options.compaction_options_universal.stop_style: kCompactionStopStyleTotalSize
2019/10/17-14:55:02.383792 7fc3a9fcb700 Options.compaction_options_fifo.max_table_files_size: 1073741824
2019/10/17-14:55:02.383793 7fc3a9fcb700 Options.compaction_options_fifo.allow_compaction: 0
2019/10/17-14:55:02.383794 7fc3a9fcb700 Options.compaction_options_fifo.ttl: 0
2019/10/17-14:55:02.383795 7fc3a9fcb700                   Options.table_properties_collectors: 
2019/10/17-14:55:02.383796 7fc3a9fcb700                   Options.inplace_update_support: 0
2019/10/17-14:55:02.383797 7fc3a9fcb700                 Options.inplace_update_num_locks: 10000
2019/10/17-14:55:02.383798 7fc3a9fcb700               Options.memtable_prefix_bloom_size_ratio: 0.000000
2019/10/17-14:55:02.383800 7fc3a9fcb700   Options.memtable_huge_page_size: 0
2019/10/17-14:55:02.383801 7fc3a9fcb700                           Options.bloom_locality: 0
2019/10/17-14:55:02.383802 7fc3a9fcb700                    Options.max_successive_merges: 0
2019/10/17-14:55:02.383803 7fc3a9fcb700                Options.optimize_filters_for_hits: 0
2019/10/17-14:55:02.383804 7fc3a9fcb700                Options.paranoid_file_checks: 0
2019/10/17-14:55:02.383805 7fc3a9fcb700                Options.force_consistency_checks: 0
2019/10/17-14:55:02.383806 7fc3a9fcb700                Options.report_bg_io_stats: 0
2019/10/17-14:55:02.383807 7fc3a9fcb700                               Options.ttl: 0
2019/10/17-14:55:02.383822 7fc3a9fcb700 [db/column_family.cc:472] --------------- Options for column family [htlcs]:
2019/10/17-14:55:02.383824 7fc3a9fcb700               Options.comparator: leveldb.BytewiseComparator
2019/10/17-14:55:02.383825 7fc3a9fcb700           Options.merge_operator: None
2019/10/17-14:55:02.383826 7fc3a9fcb700        Options.compaction_filter: None
2019/10/17-14:55:02.383827 7fc3a9fcb700        Options.compaction_filter_factory: None
2019/10/17-14:55:02.383828 7fc3a9fcb700         Options.memtable_factory: SkipListFactory
2019/10/17-14:55:02.383829 7fc3a9fcb700            Options.table_factory: BlockBasedTable
2019/10/17-14:55:02.383840 7fc3a9fcb700            table_factory options:   flush_block_policy_factory: FlushBlockBySizePolicyFactory (0x7fc350038bc0)
