2019/10/17-14:55:03.106082 7fc3a9fcb700 RocksDB version: 5.18.3
2019/10/17-14:55:03.106110 7fc3a9fcb700 Git sha rocksdb_build_git_sha:@0@
2019/10/17-14:55:03.106112 7fc3a9fcb700 Compile date Sep 19 2019
2019/10/17-14:55:03.106114 7fc3a9fcb700 DB SUMMARY
2019/10/17-14:55:03.106887 7fc3a9fcb700 CURRENT file:  CURRENT
2019/10/17-14:55:03.106889 7fc3a9fcb700 IDENTITY file:  IDENTITY
2019/10/17-14:55:03.106940 7fc3a9fcb700 MANIFEST file:  MANIFEST-116227 size: 4114 Bytes
2019/10/17-14:55:03.106942 7fc3a9fcb700 SST files in /home/rahul/dev/blockchain-core/eqc/ledger.db dir, Total Num: 29, files: 000624.sst 000627.sst 106940.sst 108447.sst 108450.sst 109471.sst 109483.sst 109485.sst 109486.sst 
2019/10/17-14:55:03.106944 7fc3a9fcb700 Write Ahead Log file in /home/rahul/dev/blockchain-core/eqc/ledger.db: 116228.log size: 0 ; 
2019/10/17-14:55:03.106987 7fc3a9fcb700                         Options.error_if_exists: 0
2019/10/17-14:55:03.106989 7fc3a9fcb700                       Options.create_if_missing: 1
2019/10/17-14:55:03.106990 7fc3a9fcb700                         Options.paranoid_checks: 1
2019/10/17-14:55:03.106991 7fc3a9fcb700                                     Options.env: 0x7fc32ae1fc60
2019/10/17-14:55:03.106992 7fc3a9fcb700                                Options.info_log: 0x7fc3500361c0
2019/10/17-14:55:03.106993 7fc3a9fcb700                Options.max_file_opening_threads: 16
2019/10/17-14:55:03.106994 7fc3a9fcb700                              Options.statistics: (nil)
2019/10/17-14:55:03.106995 7fc3a9fcb700                               Options.use_fsync: 0
2019/10/17-14:55:03.106997 7fc3a9fcb700                       Options.max_log_file_size: 0
2019/10/17-14:55:03.106998 7fc3a9fcb700                  Options.max_manifest_file_size: 1073741824
2019/10/17-14:55:03.106999 7fc3a9fcb700                   Options.log_file_time_to_roll: 0
2019/10/17-14:55:03.107000 7fc3a9fcb700                       Options.keep_log_file_num: 1000
2019/10/17-14:55:03.107001 7fc3a9fcb700                    Options.recycle_log_file_num: 0
2019/10/17-14:55:03.107002 7fc3a9fcb700                         Options.allow_fallocate: 1
2019/10/17-14:55:03.107003 7fc3a9fcb700                        Options.allow_mmap_reads: 0
2019/10/17-14:55:03.107004 7fc3a9fcb700                       Options.allow_mmap_writes: 0
2019/10/17-14:55:03.107004 7fc3a9fcb700                        Options.use_direct_reads: 0
2019/10/17-14:55:03.107005 7fc3a9fcb700                        Options.use_direct_io_for_flush_and_compaction: 0
2019/10/17-14:55:03.107006 7fc3a9fcb700          Options.create_missing_column_families: 0
2019/10/17-14:55:03.107007 7fc3a9fcb700                              Options.db_log_dir: 
2019/10/17-14:55:03.107008 7fc3a9fcb700                                 Options.wal_dir: /home/rahul/dev/blockchain-core/eqc/ledger.db
2019/10/17-14:55:03.107008 7fc3a9fcb700                Options.table_cache_numshardbits: 6
2019/10/17-14:55:03.107009 7fc3a9fcb700                      Options.max_subcompactions: 1
2019/10/17-14:55:03.107010 7fc3a9fcb700                  Options.max_background_flushes: -1
2019/10/17-14:55:03.107011 7fc3a9fcb700                         Options.WAL_ttl_seconds: 0
2019/10/17-14:55:03.107012 7fc3a9fcb700                       Options.WAL_size_limit_MB: 0
2019/10/17-14:55:03.107013 7fc3a9fcb700             Options.manifest_preallocation_size: 4194304
2019/10/17-14:55:03.107014 7fc3a9fcb700                     Options.is_fd_close_on_exec: 1
2019/10/17-14:55:03.107015 7fc3a9fcb700                   Options.advise_random_on_open: 1
2019/10/17-14:55:03.107016 7fc3a9fcb700                    Options.db_write_buffer_size: 0
2019/10/17-14:55:03.107016 7fc3a9fcb700                    Options.write_buffer_manager: 0x7fc350029e00
2019/10/17-14:55:03.107017 7fc3a9fcb700         Options.access_hint_on_compaction_start: 1
2019/10/17-14:55:03.107018 7fc3a9fcb700  Options.new_table_reader_for_compaction_inputs: 0
2019/10/17-14:55:03.107019 7fc3a9fcb700           Options.random_access_max_buffer_size: 1048576
2019/10/17-14:55:03.107019 7fc3a9fcb700                      Options.use_adaptive_mutex: 0
2019/10/17-14:55:03.107020 7fc3a9fcb700                            Options.rate_limiter: (nil)
2019/10/17-14:55:03.107030 7fc3a9fcb700     Options.sst_file_manager.rate_bytes_per_sec: 0
2019/10/17-14:55:03.107031 7fc3a9fcb700                       Options.wal_recovery_mode: 2
2019/10/17-14:55:03.107032 7fc3a9fcb700                  Options.enable_thread_tracking: 0
2019/10/17-14:55:03.107033 7fc3a9fcb700                  Options.enable_pipelined_write: 0
2019/10/17-14:55:03.107034 7fc3a9fcb700         Options.allow_concurrent_memtable_write: 1
2019/10/17-14:55:03.107034 7fc3a9fcb700      Options.enable_write_thread_adaptive_yield: 1
2019/10/17-14:55:03.107035 7fc3a9fcb700             Options.write_thread_max_yield_usec: 100
2019/10/17-14:55:03.107036 7fc3a9fcb700            Options.write_thread_slow_yield_usec: 3
2019/10/17-14:55:03.107037 7fc3a9fcb700                               Options.row_cache: None
2019/10/17-14:55:03.107038 7fc3a9fcb700                              Options.wal_filter: None
2019/10/17-14:55:03.107038 7fc3a9fcb700             Options.avoid_flush_during_recovery: 0
2019/10/17-14:55:03.107039 7fc3a9fcb700             Options.allow_ingest_behind: 0
2019/10/17-14:55:03.107040 7fc3a9fcb700             Options.preserve_deletes: 0
2019/10/17-14:55:03.107041 7fc3a9fcb700             Options.two_write_queues: 0
2019/10/17-14:55:03.107041 7fc3a9fcb700             Options.manual_wal_flush: 0
2019/10/17-14:55:03.107042 7fc3a9fcb700             Options.max_background_jobs: 2
2019/10/17-14:55:03.107043 7fc3a9fcb700             Options.max_background_compactions: -1
2019/10/17-14:55:03.107044 7fc3a9fcb700             Options.avoid_flush_during_shutdown: 0
2019/10/17-14:55:03.107044 7fc3a9fcb700           Options.writable_file_max_buffer_size: 1048576
2019/10/17-14:55:03.107045 7fc3a9fcb700             Options.delayed_write_rate : 16777216
2019/10/17-14:55:03.107046 7fc3a9fcb700             Options.max_total_wal_size: 0
2019/10/17-14:55:03.107047 7fc3a9fcb700             Options.delete_obsolete_files_period_micros: 21600000000
2019/10/17-14:55:03.107047 7fc3a9fcb700                   Options.stats_dump_period_sec: 600
2019/10/17-14:55:03.107048 7fc3a9fcb700                          Options.max_open_files: -1
2019/10/17-14:55:03.107049 7fc3a9fcb700                          Options.bytes_per_sync: 0
2019/10/17-14:55:03.107050 7fc3a9fcb700                      Options.wal_bytes_per_sync: 0
2019/10/17-14:55:03.107050 7fc3a9fcb700       Options.compaction_readahead_size: 0
2019/10/17-14:55:03.107051 7fc3a9fcb700 Compression algorithms supported:
2019/10/17-14:55:03.107052 7fc3a9fcb700 	kZSTDNotFinalCompression supported: 0
2019/10/17-14:55:03.107053 7fc3a9fcb700 	kZSTD supported: 0
2019/10/17-14:55:03.107054 7fc3a9fcb700 	kXpressCompression supported: 0
2019/10/17-14:55:03.107055 7fc3a9fcb700 	kLZ4HCCompression supported: 0
2019/10/17-14:55:03.107056 7fc3a9fcb700 	kLZ4Compression supported: 0
2019/10/17-14:55:03.107057 7fc3a9fcb700 	kBZip2Compression supported: 0
2019/10/17-14:55:03.107058 7fc3a9fcb700 	kZlibCompression supported: 0
2019/10/17-14:55:03.107058 7fc3a9fcb700 	kSnappyCompression supported: 0
2019/10/17-14:55:03.107060 7fc3a9fcb700 Fast CRC32 supported: Supported on x86
2019/10/17-14:55:03.107157 7fc3a9fcb700 [db/version_set.cc:3507] Recovering from manifest file: MANIFEST-116227
2019/10/17-14:55:03.107189 7fc3a9fcb700 [db/column_family.cc:472] --------------- Options for column family [default]:
2019/10/17-14:55:03.107191 7fc3a9fcb700               Options.comparator: leveldb.BytewiseComparator
2019/10/17-14:55:03.107192 7fc3a9fcb700           Options.merge_operator: None
2019/10/17-14:55:03.107193 7fc3a9fcb700        Options.compaction_filter: None
2019/10/17-14:55:03.107194 7fc3a9fcb700        Options.compaction_filter_factory: None
2019/10/17-14:55:03.107194 7fc3a9fcb700         Options.memtable_factory: SkipListFactory
2019/10/17-14:55:03.107196 7fc3a9fcb700            Options.table_factory: BlockBasedTable
2019/10/17-14:55:03.107211 7fc3a9fcb700            table_factory options:   flush_block_policy_factory: FlushBlockBySizePolicyFactory (0x7fc350029c60)
  cache_index_and_filter_blocks: 0
  cache_index_and_filter_blocks_with_high_priority: 0
  pin_l0_filter_and_index_blocks_in_cache: 0
  pin_top_level_index_and_filter: 1
  index_type: 0
  hash_index_allow_collision: 1
  checksum: 1
  no_block_cache: 0
  block_cache: 0x7fc3500e67e0
  block_cache_name: LRUCache
  block_cache_options:
    capacity : 8388608
    num_shard_bits : 4
    strict_capacity_limit : 0
    memory_allocator : None
    high_pri_pool_ratio: 0.000
  block_cache_compressed: (nil)
  persistent_cache: (nil)
  block_size: 4096
  block_size_deviation: 10
  block_restart_interval: 16
  index_block_restart_interval: 1
  metadata_block_size: 4096
  partition_filters: 0
  use_delta_encoding: 1
  filter_policy: nullptr
  whole_key_filtering: 1
  verify_compression: 0
  read_amp_bytes_per_bit: 0
  format_version: 2
  enable_index_compression: 1
  block_align: 0
2019/10/17-14:55:03.107219 7fc3a9fcb700        Options.write_buffer_size: 67108864
2019/10/17-14:55:03.107220 7fc3a9fcb700  Options.max_write_buffer_number: 2
2019/10/17-14:55:03.107221 7fc3a9fcb700          Options.compression: NoCompression
2019/10/17-14:55:03.107222 7fc3a9fcb700                  Options.bottommost_compression: Disabled
2019/10/17-14:55:03.107222 7fc3a9fcb700       Options.prefix_extractor: nullptr
2019/10/17-14:55:03.107223 7fc3a9fcb700   Options.memtable_insert_with_hint_prefix_extractor: nullptr
2019/10/17-14:55:03.107224 7fc3a9fcb700             Options.num_levels: 7
2019/10/17-14:55:03.107225 7fc3a9fcb700        Options.min_write_buffer_number_to_merge: 1
2019/10/17-14:55:03.107226 7fc3a9fcb700     Options.max_write_buffer_number_to_maintain: 0
2019/10/17-14:55:03.107226 7fc3a9fcb700            Options.bottommost_compression_opts.window_bits: -14
2019/10/17-14:55:03.107227 7fc3a9fcb700                  Options.bottommost_compression_opts.level: 32767
2019/10/17-14:55:03.107228 7fc3a9fcb700               Options.bottommost_compression_opts.strategy: 0
2019/10/17-14:55:03.107229 7fc3a9fcb700         Options.bottommost_compression_opts.max_dict_bytes: 0
2019/10/17-14:55:03.107230 7fc3a9fcb700         Options.bottommost_compression_opts.zstd_max_train_bytes: 0
2019/10/17-14:55:03.107231 7fc3a9fcb700                  Options.bottommost_compression_opts.enabled: false
2019/10/17-14:55:03.107231 7fc3a9fcb700            Options.compression_opts.window_bits: -14
2019/10/17-14:55:03.107232 7fc3a9fcb700                  Options.compression_opts.level: 32767
2019/10/17-14:55:03.107233 7fc3a9fcb700               Options.compression_opts.strategy: 0
2019/10/17-14:55:03.107234 7fc3a9fcb700         Options.compression_opts.max_dict_bytes: 0
2019/10/17-14:55:03.107235 7fc3a9fcb700         Options.compression_opts.zstd_max_train_bytes: 0
2019/10/17-14:55:03.107236 7fc3a9fcb700                  Options.compression_opts.enabled: false
2019/10/17-14:55:03.107236 7fc3a9fcb700      Options.level0_file_num_compaction_trigger: 4
2019/10/17-14:55:03.107237 7fc3a9fcb700          Options.level0_slowdown_writes_trigger: 20
2019/10/17-14:55:03.107238 7fc3a9fcb700              Options.level0_stop_writes_trigger: 36
2019/10/17-14:55:03.107239 7fc3a9fcb700                   Options.target_file_size_base: 67108864
2019/10/17-14:55:03.107240 7fc3a9fcb700             Options.target_file_size_multiplier: 1
2019/10/17-14:55:03.107241 7fc3a9fcb700                Options.max_bytes_for_level_base: 268435456
2019/10/17-14:55:03.107241 7fc3a9fcb700 Options.level_compaction_dynamic_level_bytes: 0
2019/10/17-14:55:03.107242 7fc3a9fcb700          Options.max_bytes_for_level_multiplier: 10.000000
2019/10/17-14:55:03.107244 7fc3a9fcb700 Options.max_bytes_for_level_multiplier_addtl[0]: 1
2019/10/17-14:55:03.107245 7fc3a9fcb700 Options.max_bytes_for_level_multiplier_addtl[1]: 1
2019/10/17-14:55:03.107246 7fc3a9fcb700 Options.max_bytes_for_level_multiplier_addtl[2]: 1
2019/10/17-14:55:03.107247 7fc3a9fcb700 Options.max_bytes_for_level_multiplier_addtl[3]: 1
2019/10/17-14:55:03.107248 7fc3a9fcb700 Options.max_bytes_for_level_multiplier_addtl[4]: 1
2019/10/17-14:55:03.107253 7fc3a9fcb700 Options.max_bytes_for_level_multiplier_addtl[5]: 1
2019/10/17-14:55:03.107254 7fc3a9fcb700 Options.max_bytes_for_level_multiplier_addtl[6]: 1
2019/10/17-14:55:03.107255 7fc3a9fcb700       Options.max_sequential_skip_in_iterations: 8
2019/10/17-14:55:03.107255 7fc3a9fcb700                    Options.max_compaction_bytes: 1677721600
2019/10/17-14:55:03.107256 7fc3a9fcb700                        Options.arena_block_size: 8388608
2019/10/17-14:55:03.107257 7fc3a9fcb700   Options.soft_pending_compaction_bytes_limit: 68719476736
2019/10/17-14:55:03.107258 7fc3a9fcb700   Options.hard_pending_compaction_bytes_limit: 274877906944
2019/10/17-14:55:03.107259 7fc3a9fcb700       Options.rate_limit_delay_max_milliseconds: 100
2019/10/17-14:55:03.107260 7fc3a9fcb700                Options.disable_auto_compactions: 0
2019/10/17-14:55:03.107261 7fc3a9fcb700                        Options.compaction_style: kCompactionStyleLevel
2019/10/17-14:55:03.107262 7fc3a9fcb700                          Options.compaction_pri: kByCompensatedSize
2019/10/17-14:55:03.107263 7fc3a9fcb700 Options.compaction_options_universal.size_ratio: 1
2019/10/17-14:55:03.107264 7fc3a9fcb700 Options.compaction_options_universal.min_merge_width: 2
2019/10/17-14:55:03.107265 7fc3a9fcb700 Options.compaction_options_universal.max_merge_width: 4294967295
2019/10/17-14:55:03.107266 7fc3a9fcb700 Options.compaction_options_universal.max_size_amplification_percent: 200
2019/10/17-14:55:03.107266 7fc3a9fcb700 Options.compaction_options_universal.compression_size_percent: -1
2019/10/17-14:55:03.107268 7fc3a9fcb700 Options.compaction_options_universal.stop_style: kCompactionStopStyleTotalSize
2019/10/17-14:55:03.107269 7fc3a9fcb700 Options.compaction_options_fifo.max_table_files_size: 1073741824
2019/10/17-14:55:03.107270 7fc3a9fcb700 Options.compaction_options_fifo.allow_compaction: 0
2019/10/17-14:55:03.107271 7fc3a9fcb700 Options.compaction_options_fifo.ttl: 0
2019/10/17-14:55:03.107272 7fc3a9fcb700                   Options.table_properties_collectors: 
2019/10/17-14:55:03.107273 7fc3a9fcb700                   Options.inplace_update_support: 0
2019/10/17-14:55:03.107273 7fc3a9fcb700                 Options.inplace_update_num_locks: 10000
2019/10/17-14:55:03.107274 7fc3a9fcb700               Options.memtable_prefix_bloom_size_ratio: 0.000000
2019/10/17-14:55:03.107276 7fc3a9fcb700   Options.memtable_huge_page_size: 0
2019/10/17-14:55:03.107276 7fc3a9fcb700                           Options.bloom_locality: 0
2019/10/17-14:55:03.107277 7fc3a9fcb700                    Options.max_successive_merges: 0
2019/10/17-14:55:03.107278 7fc3a9fcb700                Options.optimize_filters_for_hits: 0
2019/10/17-14:55:03.107279 7fc3a9fcb700                Options.paranoid_file_checks: 0
2019/10/17-14:55:03.107280 7fc3a9fcb700                Options.force_consistency_checks: 0
2019/10/17-14:55:03.107281 7fc3a9fcb700                Options.report_bg_io_stats: 0
2019/10/17-14:55:03.107281 7fc3a9fcb700                               Options.ttl: 0
2019/10/17-14:55:03.107320 7fc3a9fcb700 [db/column_family.cc:472] --------------- Options for column family [active_gateways]:
2019/10/17-14:55:03.107321 7fc3a9fcb700               Options.comparator: leveldb.BytewiseComparator
2019/10/17-14:55:03.107322 7fc3a9fcb700           Options.merge_operator: None
2019/10/17-14:55:03.107323 7fc3a9fcb700        Options.compaction_filter: None
2019/10/17-14:55:03.107324 7fc3a9fcb700        Options.compaction_filter_factory: None
2019/10/17-14:55:03.107325 7fc3a9fcb700         Options.memtable_factory: SkipListFactory
2019/10/17-14:55:03.107326 7fc3a9fcb700            Options.table_factory: BlockBasedTable
2019/10/17-14:55:03.107337 7fc3a9fcb700            table_factory options:   flush_block_policy_factory: FlushBlockBySizePolicyFactory (0x7fc3500fcc70)
  cache_index_and_filter_blocks: 0
  cache_index_and_filter_blocks_with_high_priority: 0
  pin_l0_filter_and_index_blocks_in_cache: 0
  pin_top_level_index_and_filter: 1
  index_type: 0
  hash_index_allow_collision: 1
  checksum: 1
  no_block_cache: 0
  block_cache: 0x7fc350036230
  block_cache_name: LRUCache
  block_cache_options:
    capacity : 8388608
    num_shard_bits : 4
    strict_capacity_limit : 0
    memory_allocator : None
    high_pri_pool_ratio: 0.000
  block_cache_compressed: (nil)
  persistent_cache: (nil)
  block_size: 4096
  block_size_deviation: 10
  block_restart_interval: 16
  index_block_restart_interval: 1
  metadata_block_size: 4096
  partition_filters: 0
  use_delta_encoding: 1
  filter_policy: nullptr
  whole_key_filtering: 1
  verify_compression: 0
  read_amp_bytes_per_bit: 0
  format_version: 2
  enable_index_compression: 1
  block_align: 0
2019/10/17-14:55:03.107344 7fc3a9fcb700        Options.write_buffer_size: 67108864
2019/10/17-14:55:03.107345 7fc3a9fcb700  Options.max_write_buffer_number: 2
2019/10/17-14:55:03.107346 7fc3a9fcb700          Options.compression: NoCompression
2019/10/17-14:55:03.107347 7fc3a9fcb700                  Options.bottommost_compression: Disabled
2019/10/17-14:55:03.107348 7fc3a9fcb700       Options.prefix_extractor: nullptr
2019/10/17-14:55:03.107349 7fc3a9fcb700   Options.memtable_insert_with_hint_prefix_extractor: nullptr
2019/10/17-14:55:03.107349 7fc3a9fcb700             Options.num_levels: 7
2019/10/17-14:55:03.107350 7fc3a9fcb700        Options.min_write_buffer_number_to_merge: 1
2019/10/17-14:55:03.107351 7fc3a9fcb700     Options.max_write_buffer_number_to_maintain: 0
2019/10/17-14:55:03.107352 7fc3a9fcb700            Options.bottommost_compression_opts.window_bits: -14
2019/10/17-14:55:03.107353 7fc3a9fcb700                  Options.bottommost_compression_opts.level: 32767
2019/10/17-14:55:03.107354 7fc3a9fcb700               Options.bottommost_compression_opts.strategy: 0
2019/10/17-14:55:03.107355 7fc3a9fcb700         Options.bottommost_compression_opts.max_dict_bytes: 0
2019/10/17-14:55:03.107356 7fc3a9fcb700         Options.bottommost_compression_opts.zstd_max_train_bytes: 0
2019/10/17-14:55:03.107357 7fc3a9fcb700                  Options.bottommost_compression_opts.enabled: false
2019/10/17-14:55:03.107357 7fc3a9fcb700            Options.compression_opts.window_bits: -14
2019/10/17-14:55:03.107358 7fc3a9fcb700                  Options.compression_opts.level: 32767
2019/10/17-14:55:03.107359 7fc3a9fcb700               Options.compression_opts.strategy: 0
2019/10/17-14:55:03.107360 7fc3a9fcb700         Options.compression_opts.max_dict_bytes: 0
2019/10/17-14:55:03.107361 7fc3a9fcb700         Options.compression_opts.zstd_max_train_bytes: 0
2019/10/17-14:55:03.107362 7fc3a9fcb700                  Options.compression_opts.enabled: false
2019/10/17-14:55:03.107363 7fc3a9fcb700      Options.level0_file_num_compaction_trigger: 4
2019/10/17-14:55:03.107364 7fc3a9fcb700          Options.level0_slowdown_writes_trigger: 20
2019/10/17-14:55:03.107364 7fc3a9fcb700              Options.level0_stop_writes_trigger: 36
2019/10/17-14:55:03.107365 7fc3a9fcb700                   Options.target_file_size_base: 67108864
2019/10/17-14:55:03.107366 7fc3a9fcb700             Options.target_file_size_multiplier: 1
2019/10/17-14:55:03.107367 7fc3a9fcb700                Options.max_bytes_for_level_base: 268435456
2019/10/17-14:55:03.107368 7fc3a9fcb700 Options.level_compaction_dynamic_level_bytes: 0
2019/10/17-14:55:03.107369 7fc3a9fcb700          Options.max_bytes_for_level_multiplier: 10.000000
2019/10/17-14:55:03.107370 7fc3a9fcb700 Options.max_bytes_for_level_multiplier_addtl[0]: 1
2019/10/17-14:55:03.107371 7fc3a9fcb700 Options.max_bytes_for_level_multiplier_addtl[1]: 1
2019/10/17-14:55:03.107372 7fc3a9fcb700 Options.max_bytes_for_level_multiplier_addtl[2]: 1
2019/10/17-14:55:03.107373 7fc3a9fcb700 Options.max_bytes_for_level_multiplier_addtl[3]: 1
2019/10/17-14:55:03.107374 7fc3a9fcb700 Options.max_bytes_for_level_multiplier_addtl[4]: 1
2019/10/17-14:55:03.107375 7fc3a9fcb700 Options.max_bytes_for_level_multiplier_addtl[5]: 1
2019/10/17-14:55:03.107376 7fc3a9fcb700 Options.max_bytes_for_level_multiplier_addtl[6]: 1
2019/10/17-14:55:03.107377 7fc3a9fcb700       Options.max_sequential_skip_in_iterations: 8
2019/10/17-14:55:03.107382 7fc3a9fcb700                    Options.max_compaction_bytes: 1677721600
2019/10/17-14:55:03.107383 7fc3a9fcb700                        Options.arena_block_size: 8388608
2019/10/17-14:55:03.107384 7fc3a9fcb700   Options.soft_pending_compaction_bytes_limit: 68719476736
2019/10/17-14:55:03.107385 7fc3a9fcb700   Options.hard_pending_compaction_bytes_limit: 274877906944
2019/10/17-14:55:03.107386 7fc3a9fcb700       Options.rate_limit_delay_max_milliseconds: 100
2019/10/17-14:55:03.107387 7fc3a9fcb700                Options.disable_auto_compactions: 0
2019/10/17-14:55:03.107388 7fc3a9fcb700                        Options.compaction_style: kCompactionStyleLevel
2019/10/17-14:55:03.107389 7fc3a9fcb700                          Options.compaction_pri: kByCompensatedSize
2019/10/17-14:55:03.107390 7fc3a9fcb700 Options.compaction_options_universal.size_ratio: 1
2019/10/17-14:55:03.107391 7fc3a9fcb700 Options.compaction_options_universal.min_merge_width: 2
2019/10/17-14:55:03.107392 7fc3a9fcb700 Options.compaction_options_universal.max_merge_width: 4294967295
2019/10/17-14:55:03.107393 7fc3a9fcb700 Options.compaction_options_universal.max_size_amplification_percent: 200
2019/10/17-14:55:03.107394 7fc3a9fcb700 Options.compaction_options_universal.compression_size_percent: -1
2019/10/17-14:55:03.107395 7fc3a9fcb700 Options.compaction_options_universal.stop_style: kCompactionStopStyleTotalSize
2019/10/17-14:55:03.107396 7fc3a9fcb700 Options.compaction_options_fifo.max_table_files_size: 1073741824
2019/10/17-14:55:03.107397 7fc3a9fcb700 Options.compaction_options_fifo.allow_compaction: 0
2019/10/17-14:55:03.107398 7fc3a9fcb700 Options.compaction_options_fifo.ttl: 0
2019/10/17-14:55:03.107399 7fc3a9fcb700                   Options.table_properties_collectors: 
2019/10/17-14:55:03.107399 7fc3a9fcb700                   Options.inplace_update_support: 0
2019/10/17-14:55:03.107400 7fc3a9fcb700                 Options.inplace_update_num_locks: 10000
2019/10/17-14:55:03.107401 7fc3a9fcb700               Options.memtable_prefix_bloom_size_ratio: 0.000000
2019/10/17-14:55:03.107403 7fc3a9fcb700   Options.memtable_huge_page_size: 0
2019/10/17-14:55:03.107403 7fc3a9fcb700                           Options.bloom_locality: 0
2019/10/17-14:55:03.107404 7fc3a9fcb700                    Options.max_successive_merges: 0
2019/10/17-14:55:03.107405 7fc3a9fcb700                Options.optimize_filters_for_hits: 0
2019/10/17-14:55:03.107406 7fc3a9fcb700                Options.paranoid_file_checks: 0
2019/10/17-14:55:03.107407 7fc3a9fcb700                Options.force_consistency_checks: 0
2019/10/17-14:55:03.107408 7fc3a9fcb700                Options.report_bg_io_stats: 0
2019/10/17-14:55:03.107409 7fc3a9fcb700                               Options.ttl: 0
2019/10/17-14:55:03.107426 7fc3a9fcb700 [db/column_family.cc:472] --------------- Options for column family [entries]:
2019/10/17-14:55:03.107428 7fc3a9fcb700               Options.comparator: leveldb.BytewiseComparator
2019/10/17-14:55:03.107429 7fc3a9fcb700           Options.merge_operator: None
2019/10/17-14:55:03.107430 7fc3a9fcb700        Options.compaction_filter: None
2019/10/17-14:55:03.107430 7fc3a9fcb700        Options.compaction_filter_factory: None
2019/10/17-14:55:03.107431 7fc3a9fcb700         Options.memtable_factory: SkipListFactory
2019/10/17-14:55:03.107432 7fc3a9fcb700            Options.table_factory: BlockBasedTable
2019/10/17-14:55:03.107443 7fc3a9fcb700            table_factory options:   flush_block_policy_factory: FlushBlockBySizePolicyFactory (0x7fc35009b480)
  cache_index_and_filter_blocks: 0
  cache_index_and_filter_blocks_with_high_priority: 0
  pin_l0_filter_and_index_blocks_in_cache: 0
  pin_top_level_index_and_filter: 1
  index_type: 0
  hash_index_allow_collision: 1
  checksum: 1
  no_block_cache: 0
  block_cache: 0x7fc35004b800
  block_cache_name: LRUCache
  block_cache_options:
    capacity : 8388608
    num_shard_bits : 4
    strict_capacity_limit : 0
    memory_allocator : None
    high_pri_pool_ratio: 0.000
  block_cache_compressed: (nil)
  persistent_cache: (nil)
  block_size: 4096
  block_size_deviation: 10
  block_restart_interval: 16
  index_block_restart_interval: 1
  metadata_block_size: 4096
  partition_filters: 0
  use_delta_encoding: 1
  filter_policy: nullptr
  whole_key_filtering: 1
  verify_compression: 0
  read_amp_bytes_per_bit: 0
  format_version: 2
  enable_index_compression: 1
  block_align: 0
2019/10/17-14:55:03.107449 7fc3a9fcb700        Options.write_buffer_size: 67108864
2019/10/17-14:55:03.107451 7fc3a9fcb700  Options.max_write_buffer_number: 2
2019/10/17-14:55:03.107452 7fc3a9fcb700          Options.compression: NoCompression
2019/10/17-14:55:03.107453 7fc3a9fcb700                  Options.bottommost_compression: Disabled
2019/10/17-14:55:03.107453 7fc3a9fcb700       Options.prefix_extractor: nullptr
2019/10/17-14:55:03.107454 7fc3a9fcb700   Options.memtable_insert_with_hint_prefix_extractor: nullptr
2019/10/17-14:55:03.107455 7fc3a9fcb700             Options.num_levels: 7
2019/10/17-14:55:03.107456 7fc3a9fcb700        Options.min_write_buffer_number_to_merge: 1
2019/10/17-14:55:03.107457 7fc3a9fcb700     Options.max_write_buffer_number_to_maintain: 0
2019/10/17-14:55:03.107458 7fc3a9fcb700            Options.bottommost_compression_opts.window_bits: -14
2019/10/17-14:55:03.107459 7fc3a9fcb700                  Options.bottommost_compression_opts.level: 32767
2019/10/17-14:55:03.107460 7fc3a9fcb700               Options.bottommost_compression_opts.strategy: 0
2019/10/17-14:55:03.107461 7fc3a9fcb700         Options.bottommost_compression_opts.max_dict_bytes: 0
2019/10/17-14:55:03.107462 7fc3a9fcb700         Options.bottommost_compression_opts.zstd_max_train_bytes: 0
2019/10/17-14:55:03.107463 7fc3a9fcb700                  Options.bottommost_compression_opts.enabled: false
2019/10/17-14:55:03.107464 7fc3a9fcb700            Options.compression_opts.window_bits: -14
2019/10/17-14:55:03.107464 7fc3a9fcb700                  Options.compression_opts.level: 32767
2019/10/17-14:55:03.107465 7fc3a9fcb700               Options.compression_opts.strategy: 0
2019/10/17-14:55:03.107466 7fc3a9fcb700         Options.compression_opts.max_dict_bytes: 0
2019/10/17-14:55:03.107468 7fc3a9fcb700         Options.compression_opts.zstd_max_train_bytes: 0
2019/10/17-14:55:03.107469 7fc3a9fcb700                  Options.compression_opts.enabled: false
2019/10/17-14:55:03.107470 7fc3a9fcb700      Options.level0_file_num_compaction_trigger: 4
2019/10/17-14:55:03.107471 7fc3a9fcb700          Options.level0_slowdown_writes_trigger: 20
2019/10/17-14:55:03.107472 7fc3a9fcb700              Options.level0_stop_writes_trigger: 36
2019/10/17-14:55:03.107473 7fc3a9fcb700                   Options.target_file_size_base: 67108864
2019/10/17-14:55:03.107474 7fc3a9fcb700             Options.target_file_size_multiplier: 1
2019/10/17-14:55:03.107475 7fc3a9fcb700                Options.max_bytes_for_level_base: 268435456
2019/10/17-14:55:03.107476 7fc3a9fcb700 Options.level_compaction_dynamic_level_bytes: 0
2019/10/17-14:55:03.107477 7fc3a9fcb700          Options.max_bytes_for_level_multiplier: 10.000000
2019/10/17-14:55:03.107479 7fc3a9fcb700 Options.max_bytes_for_level_multiplier_addtl[0]: 1
2019/10/17-14:55:03.107480 7fc3a9fcb700 Options.max_bytes_for_level_multiplier_addtl[1]: 1
2019/10/17-14:55:03.107481 7fc3a9fcb700 Options.max_bytes_for_level_multiplier_addtl[2]: 1
2019/10/17-14:55:03.107482 7fc3a9fcb700 Options.max_bytes_for_level_multiplier_addtl[3]: 1
2019/10/17-14:55:03.107483 7fc3a9fcb700 Options.max_bytes_for_level_multiplier_addtl[4]: 1
2019/10/17-14:55:03.107484 7fc3a9fcb700 Options.max_bytes_for_level_multiplier_addtl[5]: 1
2019/10/17-14:55:03.107486 7fc3a9fcb700 Options.max_bytes_for_level_multiplier_addtl[6]: 1
2019/10/17-14:55:03.107487 7fc3a9fcb700       Options.max_sequential_skip_in_iterations: 8
2019/10/17-14:55:03.107488 7fc3a9fcb700                    Options.max_compaction_bytes: 1677721600
2019/10/17-14:55:03.107489 7fc3a9fcb700                        Options.arena_block_size: 8388608
2019/10/17-14:55:03.107490 7fc3a9fcb700   Options.soft_pending_compaction_bytes_limit: 68719476736
2019/10/17-14:55:03.107496 7fc3a9fcb700   Options.hard_pending_compaction_bytes_limit: 274877906944
2019/10/17-14:55:03.107497 7fc3a9fcb700       Options.rate_limit_delay_max_milliseconds: 100
2019/10/17-14:55:03.107498 7fc3a9fcb700                Options.disable_auto_compactions: 0
2019/10/17-14:55:03.107499 7fc3a9fcb700                        Options.compaction_style: kCompactionStyleLevel
2019/10/17-14:55:03.107501 7fc3a9fcb700                          Options.compaction_pri: kByCompensatedSize
2019/10/17-14:55:03.107502 7fc3a9fcb700 Options.compaction_options_universal.size_ratio: 1
2019/10/17-14:55:03.107503 7fc3a9fcb700 Options.compaction_options_universal.min_merge_width: 2
2019/10/17-14:55:03.107504 7fc3a9fcb700 Options.compaction_options_universal.max_merge_width: 4294967295
2019/10/17-14:55:03.107505 7fc3a9fcb700 Options.compaction_options_universal.max_size_amplification_percent: 200
2019/10/17-14:55:03.107506 7fc3a9fcb700 Options.compaction_options_universal.compression_size_percent: -1
2019/10/17-14:55:03.107508 7fc3a9fcb700 Options.compaction_options_universal.stop_style: kCompactionStopStyleTotalSize
2019/10/17-14:55:03.107509 7fc3a9fcb700 Options.compaction_options_fifo.max_table_files_size: 1073741824
2019/10/17-14:55:03.107510 7fc3a9fcb700 Options.compaction_options_fifo.allow_compaction: 0
2019/10/17-14:55:03.107511 7fc3a9fcb700 Options.compaction_options_fifo.ttl: 0
2019/10/17-14:55:03.107512 7fc3a9fcb700                   Options.table_properties_collectors: 
2019/10/17-14:55:03.107513 7fc3a9fcb700                   Options.inplace_update_support: 0
2019/10/17-14:55:03.107515 7fc3a9fcb700                 Options.inplace_update_num_locks: 10000
2019/10/17-14:55:03.107516 7fc3a9fcb700               Options.memtable_prefix_bloom_size_ratio: 0.000000
2019/10/17-14:55:03.107517 7fc3a9fcb700   Options.memtable_huge_page_size: 0
2019/10/17-14:55:03.107518 7fc3a9fcb700                           Options.bloom_locality: 0
2019/10/17-14:55:03.107519 7fc3a9fcb700                    Options.max_successive_merges: 0
2019/10/17-14:55:03.107520 7fc3a9fcb700                Options.optimize_filters_for_hits: 0
2019/10/17-14:55:03.107522 7fc3a9fcb700                Options.paranoid_file_checks: 0
2019/10/17-14:55:03.107523 7fc3a9fcb700                Options.force_consistency_checks: 0
2019/10/17-14:55:03.107524 7fc3a9fcb700                Options.report_bg_io_stats: 0
2019/10/17-14:55:03.107525 7fc3a9fcb700                               Options.ttl: 0
2019/10/17-14:55:03.107542 7fc3a9fcb700 [db/column_family.cc:472] --------------- Options for column family [dc_entries]:
2019/10/17-14:55:03.107543 7fc3a9fcb700               Options.comparator: leveldb.BytewiseComparator
2019/10/17-14:55:03.107545 7fc3a9fcb700           Options.merge_operator: None
2019/10/17-14:55:03.107546 7fc3a9fcb700        Options.compaction_filter: None
2019/10/17-14:55:03.107547 7fc3a9fcb700        Options.compaction_filter_factory: None
2019/10/17-14:55:03.107548 7fc3a9fcb700         Options.memtable_factory: SkipListFactory
2019/10/17-14:55:03.107549 7fc3a9fcb700            Options.table_factory: BlockBasedTable
2019/10/17-14:55:03.107562 7fc3a9fcb700            table_factory options:   flush_block_policy_factory: FlushBlockBySizePolicyFactory (0x7fc35007d640)
  cache_index_and_filter_blocks: 0
  cache_index_and_filter_blocks_with_high_priority: 0
  pin_l0_filter_and_index_blocks_in_cache: 0
  pin_top_level_index_and_filter: 1
  index_type: 0
  hash_index_allow_collision: 1
  checksum: 1
  no_block_cache: 0
  block_cache: 0x7fc35005b5d0
  block_cache_name: LRUCache
  block_cache_options:
    capacity : 8388608
    num_shard_bits : 4
    strict_capacity_limit : 0
    memory_allocator : None
    high_pri_pool_ratio: 0.000
  block_cache_compressed: (nil)
  persistent_cache: (nil)
  block_size: 4096
  block_size_deviation: 10
  block_restart_interval: 16
  index_block_restart_interval: 1
  metadata_block_size: 4096
  partition_filters: 0
  use_delta_encoding: 1
  filter_policy: nullptr
  whole_key_filtering: 1
  verify_compression: 0
  read_amp_bytes_per_bit: 0
  format_version: 2
  enable_index_compression: 1
  block_align: 0
2019/10/17-14:55:03.107568 7fc3a9fcb700        Options.write_buffer_size: 67108864
2019/10/17-14:55:03.107570 7fc3a9fcb700  Options.max_write_buffer_number: 2
2019/10/17-14:55:03.107571 7fc3a9fcb700          Options.compression: NoCompression
2019/10/17-14:55:03.107572 7fc3a9fcb700                  Options.bottommost_compression: Disabled
2019/10/17-14:55:03.107573 7fc3a9fcb700       Options.prefix_extractor: nullptr
2019/10/17-14:55:03.107574 7fc3a9fcb700   Options.memtable_insert_with_hint_prefix_extractor: nullptr
2019/10/17-14:55:03.107575 7fc3a9fcb700             Options.num_levels: 7
2019/10/17-14:55:03.107576 7fc3a9fcb700        Options.min_write_buffer_number_to_merge: 1
2019/10/17-14:55:03.107577 7fc3a9fcb700     Options.max_write_buffer_number_to_maintain: 0
2019/10/17-14:55:03.107578 7fc3a9fcb700            Options.bottommost_compression_opts.window_bits: -14
2019/10/17-14:55:03.107580 7fc3a9fcb700                  Options.bottommost_compression_opts.level: 32767
2019/10/17-14:55:03.107581 7fc3a9fcb700               Options.bottommost_compression_opts.strategy: 0
2019/10/17-14:55:03.107582 7fc3a9fcb700         Options.bottommost_compression_opts.max_dict_bytes: 0
2019/10/17-14:55:03.107583 7fc3a9fcb700         Options.bottommost_compression_opts.zstd_max_train_bytes: 0
2019/10/17-14:55:03.107584 7fc3a9fcb700                  Options.bottommost_compression_opts.enabled: false
2019/10/17-14:55:03.107585 7fc3a9fcb700            Options.compression_opts.window_bits: -14
2019/10/17-14:55:03.107586 7fc3a9fcb700                  Options.compression_opts.level: 32767
2019/10/17-14:55:03.107587 7fc3a9fcb700               Options.compression_opts.strategy: 0
2019/10/17-14:55:03.107588 7fc3a9fcb700         Options.compression_opts.max_dict_bytes: 0
2019/10/17-14:55:03.107590 7fc3a9fcb700         Options.compression_opts.zstd_max_train_bytes: 0
2019/10/17-14:55:03.107591 7fc3a9fcb700                  Options.compression_opts.enabled: false
2019/10/17-14:55:03.107592 7fc3a9fcb700      Options.level0_file_num_compaction_trigger: 4
2019/10/17-14:55:03.107593 7fc3a9fcb700          Options.level0_slowdown_writes_trigger: 20
2019/10/17-14:55:03.107594 7fc3a9fcb700              Options.level0_stop_writes_trigger: 36
2019/10/17-14:55:03.107595 7fc3a9fcb700                   Options.target_file_size_base: 67108864
2019/10/17-14:55:03.107596 7fc3a9fcb700             Options.target_file_size_multiplier: 1
2019/10/17-14:55:03.107597 7fc3a9fcb700                Options.max_bytes_for_level_base: 268435456
2019/10/17-14:55:03.107598 7fc3a9fcb700 Options.level_compaction_dynamic_level_bytes: 0
2019/10/17-14:55:03.107600 7fc3a9fcb700          Options.max_bytes_for_level_multiplier: 10.000000
2019/10/17-14:55:03.107601 7fc3a9fcb700 Options.max_bytes_for_level_multiplier_addtl[0]: 1
2019/10/17-14:55:03.107602 7fc3a9fcb700 Options.max_bytes_for_level_multiplier_addtl[1]: 1
2019/10/17-14:55:03.107603 7fc3a9fcb700 Options.max_bytes_for_level_multiplier_addtl[2]: 1
2019/10/17-14:55:03.107605 7fc3a9fcb700 Options.max_bytes_for_level_multiplier_addtl[3]: 1
2019/10/17-14:55:03.107606 7fc3a9fcb700 Options.max_bytes_for_level_multiplier_addtl[4]: 1
2019/10/17-14:55:03.107607 7fc3a9fcb700 Options.max_bytes_for_level_multiplier_addtl[5]: 1
2019/10/17-14:55:03.107608 7fc3a9fcb700 Options.max_bytes_for_level_multiplier_addtl[6]: 1
2019/10/17-14:55:03.107609 7fc3a9fcb700       Options.max_sequential_skip_in_iterations: 8
2019/10/17-14:55:03.107610 7fc3a9fcb700                    Options.max_compaction_bytes: 1677721600
2019/10/17-14:55:03.107611 7fc3a9fcb700                        Options.arena_block_size: 8388608
2019/10/17-14:55:03.107613 7fc3a9fcb700   Options.soft_pending_compaction_bytes_limit: 68719476736
2019/10/17-14:55:03.107614 7fc3a9fcb700   Options.hard_pending_compaction_bytes_limit: 274877906944
2019/10/17-14:55:03.107615 7fc3a9fcb700       Options.rate_limit_delay_max_milliseconds: 100
2019/10/17-14:55:03.107616 7fc3a9fcb700                Options.disable_auto_compactions: 0
2019/10/17-14:55:03.107621 7fc3a9fcb700                        Options.compaction_style: kCompactionStyleLevel
2019/10/17-14:55:03.107623 7fc3a9fcb700                          Options.compaction_pri: kByCompensatedSize
2019/10/17-14:55:03.107624 7fc3a9fcb700 Options.compaction_options_universal.size_ratio: 1
2019/10/17-14:55:03.107625 7fc3a9fcb700 Options.compaction_options_universal.min_merge_width: 2
2019/10/17-14:55:03.107626 7fc3a9fcb700 Options.compaction_options_universal.max_merge_width: 4294967295
2019/10/17-14:55:03.107627 7fc3a9fcb700 Options.compaction_options_universal.max_size_amplification_percent: 200
2019/10/17-14:55:03.107628 7fc3a9fcb700 Options.compaction_options_universal.compression_size_percent: -1
2019/10/17-14:55:03.107630 7fc3a9fcb700 Options.compaction_options_universal.stop_style: kCompactionStopStyleTotalSize
2019/10/17-14:55:03.107631 7fc3a9fcb700 Options.compaction_options_fifo.max_table_files_size: 1073741824
2019/10/17-14:55:03.107632 7fc3a9fcb700 Options.compaction_options_fifo.allow_compaction: 0
2019/10/17-14:55:03.107633 7fc3a9fcb700 Options.compaction_options_fifo.ttl: 0
2019/10/17-14:55:03.107634 7fc3a9fcb700                   Options.table_properties_collectors: 
2019/10/17-14:55:03.107635 7fc3a9fcb700                   Options.inplace_update_support: 0
2019/10/17-14:55:03.107636 7fc3a9fcb700                 Options.inplace_update_num_locks: 10000
2019/10/17-14:55:03.107638 7fc3a9fcb700               Options.memtable_prefix_bloom_size_ratio: 0.000000
2019/10/17-14:55:03.107639 7fc3a9fcb700   Options.memtable_huge_page_size: 0
2019/10/17-14:55:03.107640 7fc3a9fcb700                           Options.bloom_locality: 0
2019/10/17-14:55:03.107641 7fc3a9fcb700                    Options.max_successive_merges: 0
2019/10/17-14:55:03.107642 7fc3a9fcb700                Options.optimize_filters_for_hits: 0
2019/10/17-14:55:03.107643 7fc3a9fcb700                Options.paranoid_file_checks: 0
2019/10/17-14:55:03.107645 7fc3a9fcb700                Options.force_consistency_checks: 0
2019/10/17-14:55:03.107646 7fc3a9fcb700                Options.report_bg_io_stats: 0
2019/10/17-14:55:03.107647 7fc3a9fcb700                               Options.ttl: 0
2019/10/17-14:55:03.107661 7fc3a9fcb700 [db/column_family.cc:472] --------------- Options for column family [htlcs]:
2019/10/17-14:55:03.107662 7fc3a9fcb700               Options.comparator: leveldb.BytewiseComparator
2019/10/17-14:55:03.107664 7fc3a9fcb700           Options.merge_operator: None
2019/10/17-14:55:03.107665 7fc3a9fcb700        Options.compaction_filter: None
2019/10/17-14:55:03.107666 7fc3a9fcb700        Options.compaction_filter_factory: None
2019/10/17-14:55:03.107667 7fc3a9fcb700         Options.memtable_factory: SkipListFactory
2019/10/17-14:55:03.107668 7fc3a9fcb700            Options.table_factory: BlockBasedTable
2019/10/17-14:55:03.107680 7fc3a9fcb700            table_factory options:   flush_block_policy_factory: FlushBlockBySizePolicyFactory (0x7fc3500e6440)
