2019/10/17-14:54:04.099333 7fc3a9fcb700 RocksDB version: 5.18.3
2019/10/17-14:54:04.099421 7fc3a9fcb700 Git sha rocksdb_build_git_sha:@0@
2019/10/17-14:54:04.099424 7fc3a9fcb700 Compile date Sep 19 2019
2019/10/17-14:54:04.099425 7fc3a9fcb700 DB SUMMARY
2019/10/17-14:54:04.100255 7fc3a9fcb700 CURRENT file:  CURRENT
2019/10/17-14:54:04.100258 7fc3a9fcb700 IDENTITY file:  IDENTITY
2019/10/17-14:54:04.100293 7fc3a9fcb700 MANIFEST file:  MANIFEST-114625 size: 4114 Bytes
2019/10/17-14:54:04.100296 7fc3a9fcb700 SST files in /home/rahul/dev/blockchain-core/eqc/ledger.db dir, Total Num: 29, files: 000624.sst 000627.sst 106940.sst 108447.sst 108450.sst 109471.sst 109483.sst 109485.sst 109486.sst 
2019/10/17-14:54:04.100297 7fc3a9fcb700 Write Ahead Log file in /home/rahul/dev/blockchain-core/eqc/ledger.db: 114626.log size: 0 ; 
2019/10/17-14:54:04.100340 7fc3a9fcb700                         Options.error_if_exists: 0
2019/10/17-14:54:04.100341 7fc3a9fcb700                       Options.create_if_missing: 1
2019/10/17-14:54:04.100342 7fc3a9fcb700                         Options.paranoid_checks: 1
2019/10/17-14:54:04.100343 7fc3a9fcb700                                     Options.env: 0x7fc32ae1fc60
2019/10/17-14:54:04.100344 7fc3a9fcb700                                Options.info_log: 0x7fc35006f480
2019/10/17-14:54:04.100345 7fc3a9fcb700                Options.max_file_opening_threads: 16
2019/10/17-14:54:04.100346 7fc3a9fcb700                              Options.statistics: (nil)
2019/10/17-14:54:04.100347 7fc3a9fcb700                               Options.use_fsync: 0
2019/10/17-14:54:04.100348 7fc3a9fcb700                       Options.max_log_file_size: 0
2019/10/17-14:54:04.100349 7fc3a9fcb700                  Options.max_manifest_file_size: 1073741824
2019/10/17-14:54:04.100350 7fc3a9fcb700                   Options.log_file_time_to_roll: 0
2019/10/17-14:54:04.100351 7fc3a9fcb700                       Options.keep_log_file_num: 1000
2019/10/17-14:54:04.100352 7fc3a9fcb700                    Options.recycle_log_file_num: 0
2019/10/17-14:54:04.100353 7fc3a9fcb700                         Options.allow_fallocate: 1
2019/10/17-14:54:04.100354 7fc3a9fcb700                        Options.allow_mmap_reads: 0
2019/10/17-14:54:04.100354 7fc3a9fcb700                       Options.allow_mmap_writes: 0
2019/10/17-14:54:04.100355 7fc3a9fcb700                        Options.use_direct_reads: 0
2019/10/17-14:54:04.100356 7fc3a9fcb700                        Options.use_direct_io_for_flush_and_compaction: 0
2019/10/17-14:54:04.100357 7fc3a9fcb700          Options.create_missing_column_families: 0
2019/10/17-14:54:04.100358 7fc3a9fcb700                              Options.db_log_dir: 
2019/10/17-14:54:04.100358 7fc3a9fcb700                                 Options.wal_dir: /home/rahul/dev/blockchain-core/eqc/ledger.db
2019/10/17-14:54:04.100359 7fc3a9fcb700                Options.table_cache_numshardbits: 6
2019/10/17-14:54:04.100360 7fc3a9fcb700                      Options.max_subcompactions: 1
2019/10/17-14:54:04.100361 7fc3a9fcb700                  Options.max_background_flushes: -1
2019/10/17-14:54:04.100362 7fc3a9fcb700                         Options.WAL_ttl_seconds: 0
2019/10/17-14:54:04.100363 7fc3a9fcb700                       Options.WAL_size_limit_MB: 0
2019/10/17-14:54:04.100364 7fc3a9fcb700             Options.manifest_preallocation_size: 4194304
2019/10/17-14:54:04.100365 7fc3a9fcb700                     Options.is_fd_close_on_exec: 1
2019/10/17-14:54:04.100366 7fc3a9fcb700                   Options.advise_random_on_open: 1
2019/10/17-14:54:04.100367 7fc3a9fcb700                    Options.db_write_buffer_size: 0
2019/10/17-14:54:04.100367 7fc3a9fcb700                    Options.write_buffer_manager: 0x7fc3500c5680
2019/10/17-14:54:04.100368 7fc3a9fcb700         Options.access_hint_on_compaction_start: 1
2019/10/17-14:54:04.100369 7fc3a9fcb700  Options.new_table_reader_for_compaction_inputs: 0
2019/10/17-14:54:04.100370 7fc3a9fcb700           Options.random_access_max_buffer_size: 1048576
2019/10/17-14:54:04.100371 7fc3a9fcb700                      Options.use_adaptive_mutex: 0
2019/10/17-14:54:04.100372 7fc3a9fcb700                            Options.rate_limiter: (nil)
2019/10/17-14:54:04.100389 7fc3a9fcb700     Options.sst_file_manager.rate_bytes_per_sec: 0
2019/10/17-14:54:04.100390 7fc3a9fcb700                       Options.wal_recovery_mode: 2
2019/10/17-14:54:04.100391 7fc3a9fcb700                  Options.enable_thread_tracking: 0
2019/10/17-14:54:04.100392 7fc3a9fcb700                  Options.enable_pipelined_write: 0
2019/10/17-14:54:04.100392 7fc3a9fcb700         Options.allow_concurrent_memtable_write: 1
2019/10/17-14:54:04.100393 7fc3a9fcb700      Options.enable_write_thread_adaptive_yield: 1
2019/10/17-14:54:04.100394 7fc3a9fcb700             Options.write_thread_max_yield_usec: 100
2019/10/17-14:54:04.100395 7fc3a9fcb700            Options.write_thread_slow_yield_usec: 3
2019/10/17-14:54:04.100396 7fc3a9fcb700                               Options.row_cache: None
2019/10/17-14:54:04.100397 7fc3a9fcb700                              Options.wal_filter: None
2019/10/17-14:54:04.100398 7fc3a9fcb700             Options.avoid_flush_during_recovery: 0
2019/10/17-14:54:04.100398 7fc3a9fcb700             Options.allow_ingest_behind: 0
2019/10/17-14:54:04.100399 7fc3a9fcb700             Options.preserve_deletes: 0
2019/10/17-14:54:04.100400 7fc3a9fcb700             Options.two_write_queues: 0
2019/10/17-14:54:04.100401 7fc3a9fcb700             Options.manual_wal_flush: 0
2019/10/17-14:54:04.100402 7fc3a9fcb700             Options.max_background_jobs: 2
2019/10/17-14:54:04.100403 7fc3a9fcb700             Options.max_background_compactions: -1
2019/10/17-14:54:04.100404 7fc3a9fcb700             Options.avoid_flush_during_shutdown: 0
2019/10/17-14:54:04.100404 7fc3a9fcb700           Options.writable_file_max_buffer_size: 1048576
2019/10/17-14:54:04.100405 7fc3a9fcb700             Options.delayed_write_rate : 16777216
2019/10/17-14:54:04.100406 7fc3a9fcb700             Options.max_total_wal_size: 0
2019/10/17-14:54:04.100407 7fc3a9fcb700             Options.delete_obsolete_files_period_micros: 21600000000
2019/10/17-14:54:04.100408 7fc3a9fcb700                   Options.stats_dump_period_sec: 600
2019/10/17-14:54:04.100409 7fc3a9fcb700                          Options.max_open_files: -1
2019/10/17-14:54:04.100410 7fc3a9fcb700                          Options.bytes_per_sync: 0
2019/10/17-14:54:04.100411 7fc3a9fcb700                      Options.wal_bytes_per_sync: 0
2019/10/17-14:54:04.100411 7fc3a9fcb700       Options.compaction_readahead_size: 0
2019/10/17-14:54:04.100412 7fc3a9fcb700 Compression algorithms supported:
2019/10/17-14:54:04.100414 7fc3a9fcb700 	kZSTDNotFinalCompression supported: 0
2019/10/17-14:54:04.100415 7fc3a9fcb700 	kZSTD supported: 0
2019/10/17-14:54:04.100416 7fc3a9fcb700 	kXpressCompression supported: 0
2019/10/17-14:54:04.100417 7fc3a9fcb700 	kLZ4HCCompression supported: 0
2019/10/17-14:54:04.100418 7fc3a9fcb700 	kLZ4Compression supported: 0
2019/10/17-14:54:04.100419 7fc3a9fcb700 	kBZip2Compression supported: 0
2019/10/17-14:54:04.100420 7fc3a9fcb700 	kZlibCompression supported: 0
2019/10/17-14:54:04.100421 7fc3a9fcb700 	kSnappyCompression supported: 0
2019/10/17-14:54:04.100423 7fc3a9fcb700 Fast CRC32 supported: Supported on x86
2019/10/17-14:54:04.100570 7fc3a9fcb700 [db/version_set.cc:3507] Recovering from manifest file: MANIFEST-114625
2019/10/17-14:54:04.100614 7fc3a9fcb700 [db/column_family.cc:472] --------------- Options for column family [default]:
2019/10/17-14:54:04.100616 7fc3a9fcb700               Options.comparator: leveldb.BytewiseComparator
2019/10/17-14:54:04.100617 7fc3a9fcb700           Options.merge_operator: None
2019/10/17-14:54:04.100618 7fc3a9fcb700        Options.compaction_filter: None
2019/10/17-14:54:04.100619 7fc3a9fcb700        Options.compaction_filter_factory: None
2019/10/17-14:54:04.100620 7fc3a9fcb700         Options.memtable_factory: SkipListFactory
2019/10/17-14:54:04.100621 7fc3a9fcb700            Options.table_factory: BlockBasedTable
2019/10/17-14:54:04.100640 7fc3a9fcb700            table_factory options:   flush_block_policy_factory: FlushBlockBySizePolicyFactory (0x7fc3500d7760)
  cache_index_and_filter_blocks: 0
  cache_index_and_filter_blocks_with_high_priority: 0
  pin_l0_filter_and_index_blocks_in_cache: 0
  pin_top_level_index_and_filter: 1
  index_type: 0
  hash_index_allow_collision: 1
  checksum: 1
  no_block_cache: 0
  block_cache: 0x7fc3500c5e70
  block_cache_name: LRUCache
  block_cache_options:
    capacity : 8388608
    num_shard_bits : 4
    strict_capacity_limit : 0
    memory_allocator : None
    high_pri_pool_ratio: 0.000
  block_cache_compressed: (nil)
  persistent_cache: (nil)
  block_size: 4096
  block_size_deviation: 10
  block_restart_interval: 16
  index_block_restart_interval: 1
  metadata_block_size: 4096
  partition_filters: 0
  use_delta_encoding: 1
  filter_policy: nullptr
  whole_key_filtering: 1
  verify_compression: 0
  read_amp_bytes_per_bit: 0
  format_version: 2
  enable_index_compression: 1
  block_align: 0
2019/10/17-14:54:04.100651 7fc3a9fcb700        Options.write_buffer_size: 67108864
2019/10/17-14:54:04.100652 7fc3a9fcb700  Options.max_write_buffer_number: 2
2019/10/17-14:54:04.100653 7fc3a9fcb700          Options.compression: NoCompression
2019/10/17-14:54:04.100654 7fc3a9fcb700                  Options.bottommost_compression: Disabled
2019/10/17-14:54:04.100655 7fc3a9fcb700       Options.prefix_extractor: nullptr
2019/10/17-14:54:04.100656 7fc3a9fcb700   Options.memtable_insert_with_hint_prefix_extractor: nullptr
2019/10/17-14:54:04.100656 7fc3a9fcb700             Options.num_levels: 7
2019/10/17-14:54:04.100657 7fc3a9fcb700        Options.min_write_buffer_number_to_merge: 1
2019/10/17-14:54:04.100658 7fc3a9fcb700     Options.max_write_buffer_number_to_maintain: 0
2019/10/17-14:54:04.100659 7fc3a9fcb700            Options.bottommost_compression_opts.window_bits: -14
2019/10/17-14:54:04.100660 7fc3a9fcb700                  Options.bottommost_compression_opts.level: 32767
2019/10/17-14:54:04.100661 7fc3a9fcb700               Options.bottommost_compression_opts.strategy: 0
2019/10/17-14:54:04.100662 7fc3a9fcb700         Options.bottommost_compression_opts.max_dict_bytes: 0
2019/10/17-14:54:04.100662 7fc3a9fcb700         Options.bottommost_compression_opts.zstd_max_train_bytes: 0
2019/10/17-14:54:04.100663 7fc3a9fcb700                  Options.bottommost_compression_opts.enabled: false
2019/10/17-14:54:04.100664 7fc3a9fcb700            Options.compression_opts.window_bits: -14
2019/10/17-14:54:04.100665 7fc3a9fcb700                  Options.compression_opts.level: 32767
2019/10/17-14:54:04.100666 7fc3a9fcb700               Options.compression_opts.strategy: 0
2019/10/17-14:54:04.100667 7fc3a9fcb700         Options.compression_opts.max_dict_bytes: 0
2019/10/17-14:54:04.100668 7fc3a9fcb700         Options.compression_opts.zstd_max_train_bytes: 0
2019/10/17-14:54:04.100668 7fc3a9fcb700                  Options.compression_opts.enabled: false
2019/10/17-14:54:04.100669 7fc3a9fcb700      Options.level0_file_num_compaction_trigger: 4
2019/10/17-14:54:04.100670 7fc3a9fcb700          Options.level0_slowdown_writes_trigger: 20
2019/10/17-14:54:04.100671 7fc3a9fcb700              Options.level0_stop_writes_trigger: 36
2019/10/17-14:54:04.100672 7fc3a9fcb700                   Options.target_file_size_base: 67108864
2019/10/17-14:54:04.100673 7fc3a9fcb700             Options.target_file_size_multiplier: 1
2019/10/17-14:54:04.100674 7fc3a9fcb700                Options.max_bytes_for_level_base: 268435456
2019/10/17-14:54:04.100674 7fc3a9fcb700 Options.level_compaction_dynamic_level_bytes: 0
2019/10/17-14:54:04.100675 7fc3a9fcb700          Options.max_bytes_for_level_multiplier: 10.000000
2019/10/17-14:54:04.100678 7fc3a9fcb700 Options.max_bytes_for_level_multiplier_addtl[0]: 1
2019/10/17-14:54:04.100679 7fc3a9fcb700 Options.max_bytes_for_level_multiplier_addtl[1]: 1
2019/10/17-14:54:04.100679 7fc3a9fcb700 Options.max_bytes_for_level_multiplier_addtl[2]: 1
2019/10/17-14:54:04.100680 7fc3a9fcb700 Options.max_bytes_for_level_multiplier_addtl[3]: 1
2019/10/17-14:54:04.100681 7fc3a9fcb700 Options.max_bytes_for_level_multiplier_addtl[4]: 1
2019/10/17-14:54:04.100686 7fc3a9fcb700 Options.max_bytes_for_level_multiplier_addtl[5]: 1
2019/10/17-14:54:04.100687 7fc3a9fcb700 Options.max_bytes_for_level_multiplier_addtl[6]: 1
2019/10/17-14:54:04.100688 7fc3a9fcb700       Options.max_sequential_skip_in_iterations: 8
2019/10/17-14:54:04.100689 7fc3a9fcb700                    Options.max_compaction_bytes: 1677721600
2019/10/17-14:54:04.100690 7fc3a9fcb700                        Options.arena_block_size: 8388608
2019/10/17-14:54:04.100691 7fc3a9fcb700   Options.soft_pending_compaction_bytes_limit: 68719476736
2019/10/17-14:54:04.100692 7fc3a9fcb700   Options.hard_pending_compaction_bytes_limit: 274877906944
2019/10/17-14:54:04.100692 7fc3a9fcb700       Options.rate_limit_delay_max_milliseconds: 100
2019/10/17-14:54:04.100693 7fc3a9fcb700                Options.disable_auto_compactions: 0
2019/10/17-14:54:04.100695 7fc3a9fcb700                        Options.compaction_style: kCompactionStyleLevel
2019/10/17-14:54:04.100696 7fc3a9fcb700                          Options.compaction_pri: kByCompensatedSize
2019/10/17-14:54:04.100697 7fc3a9fcb700 Options.compaction_options_universal.size_ratio: 1
2019/10/17-14:54:04.100698 7fc3a9fcb700 Options.compaction_options_universal.min_merge_width: 2
2019/10/17-14:54:04.100699 7fc3a9fcb700 Options.compaction_options_universal.max_merge_width: 4294967295
2019/10/17-14:54:04.100700 7fc3a9fcb700 Options.compaction_options_universal.max_size_amplification_percent: 200
2019/10/17-14:54:04.100701 7fc3a9fcb700 Options.compaction_options_universal.compression_size_percent: -1
2019/10/17-14:54:04.100702 7fc3a9fcb700 Options.compaction_options_universal.stop_style: kCompactionStopStyleTotalSize
2019/10/17-14:54:04.100703 7fc3a9fcb700 Options.compaction_options_fifo.max_table_files_size: 1073741824
2019/10/17-14:54:04.100704 7fc3a9fcb700 Options.compaction_options_fifo.allow_compaction: 0
2019/10/17-14:54:04.100705 7fc3a9fcb700 Options.compaction_options_fifo.ttl: 0
2019/10/17-14:54:04.100705 7fc3a9fcb700                   Options.table_properties_collectors: 
2019/10/17-14:54:04.100706 7fc3a9fcb700                   Options.inplace_update_support: 0
2019/10/17-14:54:04.100707 7fc3a9fcb700                 Options.inplace_update_num_locks: 10000
2019/10/17-14:54:04.100708 7fc3a9fcb700               Options.memtable_prefix_bloom_size_ratio: 0.000000
2019/10/17-14:54:04.100709 7fc3a9fcb700   Options.memtable_huge_page_size: 0
2019/10/17-14:54:04.100710 7fc3a9fcb700                           Options.bloom_locality: 0
2019/10/17-14:54:04.100711 7fc3a9fcb700                    Options.max_successive_merges: 0
2019/10/17-14:54:04.100712 7fc3a9fcb700                Options.optimize_filters_for_hits: 0
2019/10/17-14:54:04.100713 7fc3a9fcb700                Options.paranoid_file_checks: 0
2019/10/17-14:54:04.100713 7fc3a9fcb700                Options.force_consistency_checks: 0
2019/10/17-14:54:04.100714 7fc3a9fcb700                Options.report_bg_io_stats: 0
2019/10/17-14:54:04.100715 7fc3a9fcb700                               Options.ttl: 0
2019/10/17-14:54:04.100766 7fc3a9fcb700 [db/column_family.cc:472] --------------- Options for column family [active_gateways]:
2019/10/17-14:54:04.100768 7fc3a9fcb700               Options.comparator: leveldb.BytewiseComparator
2019/10/17-14:54:04.100769 7fc3a9fcb700           Options.merge_operator: None
2019/10/17-14:54:04.100770 7fc3a9fcb700        Options.compaction_filter: None
2019/10/17-14:54:04.100771 7fc3a9fcb700        Options.compaction_filter_factory: None
2019/10/17-14:54:04.100771 7fc3a9fcb700         Options.memtable_factory: SkipListFactory
2019/10/17-14:54:04.100772 7fc3a9fcb700            Options.table_factory: BlockBasedTable
2019/10/17-14:54:04.100785 7fc3a9fcb700            table_factory options:   flush_block_policy_factory: FlushBlockBySizePolicyFactory (0x7fc3501103b0)
  cache_index_and_filter_blocks: 0
  cache_index_and_filter_blocks_with_high_priority: 0
  pin_l0_filter_and_index_blocks_in_cache: 0
  pin_top_level_index_and_filter: 1
  index_type: 0
  hash_index_allow_collision: 1
  checksum: 1
  no_block_cache: 0
  block_cache: 0x7fc350036230
  block_cache_name: LRUCache
  block_cache_options:
    capacity : 8388608
    num_shard_bits : 4
    strict_capacity_limit : 0
    memory_allocator : None
    high_pri_pool_ratio: 0.000
  block_cache_compressed: (nil)
  persistent_cache: (nil)
  block_size: 4096
  block_size_deviation: 10
  block_restart_interval: 16
  index_block_restart_interval: 1
  metadata_block_size: 4096
  partition_filters: 0
  use_delta_encoding: 1
  filter_policy: nullptr
  whole_key_filtering: 1
  verify_compression: 0
  read_amp_bytes_per_bit: 0
  format_version: 2
  enable_index_compression: 1
  block_align: 0
2019/10/17-14:54:04.100793 7fc3a9fcb700        Options.write_buffer_size: 67108864
2019/10/17-14:54:04.100794 7fc3a9fcb700  Options.max_write_buffer_number: 2
2019/10/17-14:54:04.100795 7fc3a9fcb700          Options.compression: NoCompression
2019/10/17-14:54:04.100796 7fc3a9fcb700                  Options.bottommost_compression: Disabled
2019/10/17-14:54:04.100796 7fc3a9fcb700       Options.prefix_extractor: nullptr
2019/10/17-14:54:04.100797 7fc3a9fcb700   Options.memtable_insert_with_hint_prefix_extractor: nullptr
2019/10/17-14:54:04.100798 7fc3a9fcb700             Options.num_levels: 7
2019/10/17-14:54:04.100799 7fc3a9fcb700        Options.min_write_buffer_number_to_merge: 1
2019/10/17-14:54:04.100800 7fc3a9fcb700     Options.max_write_buffer_number_to_maintain: 0
2019/10/17-14:54:04.100801 7fc3a9fcb700            Options.bottommost_compression_opts.window_bits: -14
2019/10/17-14:54:04.100802 7fc3a9fcb700                  Options.bottommost_compression_opts.level: 32767
2019/10/17-14:54:04.100802 7fc3a9fcb700               Options.bottommost_compression_opts.strategy: 0
2019/10/17-14:54:04.100803 7fc3a9fcb700         Options.bottommost_compression_opts.max_dict_bytes: 0
2019/10/17-14:54:04.100804 7fc3a9fcb700         Options.bottommost_compression_opts.zstd_max_train_bytes: 0
2019/10/17-14:54:04.100805 7fc3a9fcb700                  Options.bottommost_compression_opts.enabled: false
2019/10/17-14:54:04.100806 7fc3a9fcb700            Options.compression_opts.window_bits: -14
2019/10/17-14:54:04.100807 7fc3a9fcb700                  Options.compression_opts.level: 32767
2019/10/17-14:54:04.100807 7fc3a9fcb700               Options.compression_opts.strategy: 0
2019/10/17-14:54:04.100808 7fc3a9fcb700         Options.compression_opts.max_dict_bytes: 0
2019/10/17-14:54:04.100809 7fc3a9fcb700         Options.compression_opts.zstd_max_train_bytes: 0
2019/10/17-14:54:04.100810 7fc3a9fcb700                  Options.compression_opts.enabled: false
2019/10/17-14:54:04.100811 7fc3a9fcb700      Options.level0_file_num_compaction_trigger: 4
2019/10/17-14:54:04.100811 7fc3a9fcb700          Options.level0_slowdown_writes_trigger: 20
2019/10/17-14:54:04.100812 7fc3a9fcb700              Options.level0_stop_writes_trigger: 36
2019/10/17-14:54:04.100813 7fc3a9fcb700                   Options.target_file_size_base: 67108864
2019/10/17-14:54:04.100814 7fc3a9fcb700             Options.target_file_size_multiplier: 1
2019/10/17-14:54:04.100815 7fc3a9fcb700                Options.max_bytes_for_level_base: 268435456
2019/10/17-14:54:04.100816 7fc3a9fcb700 Options.level_compaction_dynamic_level_bytes: 0
2019/10/17-14:54:04.100816 7fc3a9fcb700          Options.max_bytes_for_level_multiplier: 10.000000
2019/10/17-14:54:04.100818 7fc3a9fcb700 Options.max_bytes_for_level_multiplier_addtl[0]: 1
2019/10/17-14:54:04.100819 7fc3a9fcb700 Options.max_bytes_for_level_multiplier_addtl[1]: 1
2019/10/17-14:54:04.100820 7fc3a9fcb700 Options.max_bytes_for_level_multiplier_addtl[2]: 1
2019/10/17-14:54:04.100821 7fc3a9fcb700 Options.max_bytes_for_level_multiplier_addtl[3]: 1
2019/10/17-14:54:04.100821 7fc3a9fcb700 Options.max_bytes_for_level_multiplier_addtl[4]: 1
2019/10/17-14:54:04.100822 7fc3a9fcb700 Options.max_bytes_for_level_multiplier_addtl[5]: 1
2019/10/17-14:54:04.100823 7fc3a9fcb700 Options.max_bytes_for_level_multiplier_addtl[6]: 1
2019/10/17-14:54:04.100824 7fc3a9fcb700       Options.max_sequential_skip_in_iterations: 8
2019/10/17-14:54:04.100829 7fc3a9fcb700                    Options.max_compaction_bytes: 1677721600
2019/10/17-14:54:04.100830 7fc3a9fcb700                        Options.arena_block_size: 8388608
2019/10/17-14:54:04.100831 7fc3a9fcb700   Options.soft_pending_compaction_bytes_limit: 68719476736
2019/10/17-14:54:04.100832 7fc3a9fcb700   Options.hard_pending_compaction_bytes_limit: 274877906944
2019/10/17-14:54:04.100832 7fc3a9fcb700       Options.rate_limit_delay_max_milliseconds: 100
2019/10/17-14:54:04.100833 7fc3a9fcb700                Options.disable_auto_compactions: 0
2019/10/17-14:54:04.100834 7fc3a9fcb700                        Options.compaction_style: kCompactionStyleLevel
2019/10/17-14:54:04.100835 7fc3a9fcb700                          Options.compaction_pri: kByCompensatedSize
2019/10/17-14:54:04.100836 7fc3a9fcb700 Options.compaction_options_universal.size_ratio: 1
2019/10/17-14:54:04.100837 7fc3a9fcb700 Options.compaction_options_universal.min_merge_width: 2
2019/10/17-14:54:04.100838 7fc3a9fcb700 Options.compaction_options_universal.max_merge_width: 4294967295
2019/10/17-14:54:04.100839 7fc3a9fcb700 Options.compaction_options_universal.max_size_amplification_percent: 200
2019/10/17-14:54:04.100840 7fc3a9fcb700 Options.compaction_options_universal.compression_size_percent: -1
2019/10/17-14:54:04.100841 7fc3a9fcb700 Options.compaction_options_universal.stop_style: kCompactionStopStyleTotalSize
2019/10/17-14:54:04.100842 7fc3a9fcb700 Options.compaction_options_fifo.max_table_files_size: 1073741824
2019/10/17-14:54:04.100842 7fc3a9fcb700 Options.compaction_options_fifo.allow_compaction: 0
2019/10/17-14:54:04.100843 7fc3a9fcb700 Options.compaction_options_fifo.ttl: 0
2019/10/17-14:54:04.100844 7fc3a9fcb700                   Options.table_properties_collectors: 
2019/10/17-14:54:04.100845 7fc3a9fcb700                   Options.inplace_update_support: 0
2019/10/17-14:54:04.100846 7fc3a9fcb700                 Options.inplace_update_num_locks: 10000
2019/10/17-14:54:04.100847 7fc3a9fcb700               Options.memtable_prefix_bloom_size_ratio: 0.000000
2019/10/17-14:54:04.100848 7fc3a9fcb700   Options.memtable_huge_page_size: 0
2019/10/17-14:54:04.100849 7fc3a9fcb700                           Options.bloom_locality: 0
2019/10/17-14:54:04.100850 7fc3a9fcb700                    Options.max_successive_merges: 0
2019/10/17-14:54:04.100850 7fc3a9fcb700                Options.optimize_filters_for_hits: 0
2019/10/17-14:54:04.100851 7fc3a9fcb700                Options.paranoid_file_checks: 0
2019/10/17-14:54:04.100852 7fc3a9fcb700                Options.force_consistency_checks: 0
2019/10/17-14:54:04.100853 7fc3a9fcb700                Options.report_bg_io_stats: 0
2019/10/17-14:54:04.100854 7fc3a9fcb700                               Options.ttl: 0
2019/10/17-14:54:04.100874 7fc3a9fcb700 [db/column_family.cc:472] --------------- Options for column family [entries]:
2019/10/17-14:54:04.100875 7fc3a9fcb700               Options.comparator: leveldb.BytewiseComparator
2019/10/17-14:54:04.100876 7fc3a9fcb700           Options.merge_operator: None
2019/10/17-14:54:04.100877 7fc3a9fcb700        Options.compaction_filter: None
2019/10/17-14:54:04.100878 7fc3a9fcb700        Options.compaction_filter_factory: None
2019/10/17-14:54:04.100879 7fc3a9fcb700         Options.memtable_factory: SkipListFactory
2019/10/17-14:54:04.100880 7fc3a9fcb700            Options.table_factory: BlockBasedTable
2019/10/17-14:54:04.100890 7fc3a9fcb700            table_factory options:   flush_block_policy_factory: FlushBlockBySizePolicyFactory (0x7fc350033b40)
  cache_index_and_filter_blocks: 0
  cache_index_and_filter_blocks_with_high_priority: 0
  pin_l0_filter_and_index_blocks_in_cache: 0
  pin_top_level_index_and_filter: 1
  index_type: 0
  hash_index_allow_collision: 1
  checksum: 1
  no_block_cache: 0
  block_cache: 0x7fc35002db40
  block_cache_name: LRUCache
  block_cache_options:
    capacity : 8388608
    num_shard_bits : 4
    strict_capacity_limit : 0
    memory_allocator : None
    high_pri_pool_ratio: 0.000
  block_cache_compressed: (nil)
  persistent_cache: (nil)
  block_size: 4096
  block_size_deviation: 10
  block_restart_interval: 16
  index_block_restart_interval: 1
  metadata_block_size: 4096
  partition_filters: 0
  use_delta_encoding: 1
  filter_policy: nullptr
  whole_key_filtering: 1
  verify_compression: 0
  read_amp_bytes_per_bit: 0
  format_version: 2
  enable_index_compression: 1
  block_align: 0
2019/10/17-14:54:04.100897 7fc3a9fcb700        Options.write_buffer_size: 67108864
2019/10/17-14:54:04.100898 7fc3a9fcb700  Options.max_write_buffer_number: 2
2019/10/17-14:54:04.100899 7fc3a9fcb700          Options.compression: NoCompression
2019/10/17-14:54:04.100900 7fc3a9fcb700                  Options.bottommost_compression: Disabled
2019/10/17-14:54:04.100901 7fc3a9fcb700       Options.prefix_extractor: nullptr
2019/10/17-14:54:04.100901 7fc3a9fcb700   Options.memtable_insert_with_hint_prefix_extractor: nullptr
2019/10/17-14:54:04.100902 7fc3a9fcb700             Options.num_levels: 7
2019/10/17-14:54:04.100903 7fc3a9fcb700        Options.min_write_buffer_number_to_merge: 1
2019/10/17-14:54:04.100904 7fc3a9fcb700     Options.max_write_buffer_number_to_maintain: 0
2019/10/17-14:54:04.100905 7fc3a9fcb700            Options.bottommost_compression_opts.window_bits: -14
2019/10/17-14:54:04.100906 7fc3a9fcb700                  Options.bottommost_compression_opts.level: 32767
2019/10/17-14:54:04.100906 7fc3a9fcb700               Options.bottommost_compression_opts.strategy: 0
2019/10/17-14:54:04.100907 7fc3a9fcb700         Options.bottommost_compression_opts.max_dict_bytes: 0
2019/10/17-14:54:04.100908 7fc3a9fcb700         Options.bottommost_compression_opts.zstd_max_train_bytes: 0
2019/10/17-14:54:04.100909 7fc3a9fcb700                  Options.bottommost_compression_opts.enabled: false
2019/10/17-14:54:04.100910 7fc3a9fcb700            Options.compression_opts.window_bits: -14
2019/10/17-14:54:04.100911 7fc3a9fcb700                  Options.compression_opts.level: 32767
2019/10/17-14:54:04.100912 7fc3a9fcb700               Options.compression_opts.strategy: 0
2019/10/17-14:54:04.100912 7fc3a9fcb700         Options.compression_opts.max_dict_bytes: 0
2019/10/17-14:54:04.100913 7fc3a9fcb700         Options.compression_opts.zstd_max_train_bytes: 0
2019/10/17-14:54:04.100914 7fc3a9fcb700                  Options.compression_opts.enabled: false
2019/10/17-14:54:04.100915 7fc3a9fcb700      Options.level0_file_num_compaction_trigger: 4
2019/10/17-14:54:04.100916 7fc3a9fcb700          Options.level0_slowdown_writes_trigger: 20
2019/10/17-14:54:04.100916 7fc3a9fcb700              Options.level0_stop_writes_trigger: 36
2019/10/17-14:54:04.100917 7fc3a9fcb700                   Options.target_file_size_base: 67108864
2019/10/17-14:54:04.100918 7fc3a9fcb700             Options.target_file_size_multiplier: 1
2019/10/17-14:54:04.100919 7fc3a9fcb700                Options.max_bytes_for_level_base: 268435456
2019/10/17-14:54:04.100920 7fc3a9fcb700 Options.level_compaction_dynamic_level_bytes: 0
2019/10/17-14:54:04.100921 7fc3a9fcb700          Options.max_bytes_for_level_multiplier: 10.000000
2019/10/17-14:54:04.100922 7fc3a9fcb700 Options.max_bytes_for_level_multiplier_addtl[0]: 1
2019/10/17-14:54:04.100923 7fc3a9fcb700 Options.max_bytes_for_level_multiplier_addtl[1]: 1
2019/10/17-14:54:04.100924 7fc3a9fcb700 Options.max_bytes_for_level_multiplier_addtl[2]: 1
2019/10/17-14:54:04.100925 7fc3a9fcb700 Options.max_bytes_for_level_multiplier_addtl[3]: 1
2019/10/17-14:54:04.100925 7fc3a9fcb700 Options.max_bytes_for_level_multiplier_addtl[4]: 1
2019/10/17-14:54:04.100926 7fc3a9fcb700 Options.max_bytes_for_level_multiplier_addtl[5]: 1
2019/10/17-14:54:04.100927 7fc3a9fcb700 Options.max_bytes_for_level_multiplier_addtl[6]: 1
2019/10/17-14:54:04.100928 7fc3a9fcb700       Options.max_sequential_skip_in_iterations: 8
2019/10/17-14:54:04.100929 7fc3a9fcb700                    Options.max_compaction_bytes: 1677721600
2019/10/17-14:54:04.100930 7fc3a9fcb700                        Options.arena_block_size: 8388608
2019/10/17-14:54:04.100930 7fc3a9fcb700   Options.soft_pending_compaction_bytes_limit: 68719476736
2019/10/17-14:54:04.100936 7fc3a9fcb700   Options.hard_pending_compaction_bytes_limit: 274877906944
2019/10/17-14:54:04.100937 7fc3a9fcb700       Options.rate_limit_delay_max_milliseconds: 100
2019/10/17-14:54:04.100937 7fc3a9fcb700                Options.disable_auto_compactions: 0
2019/10/17-14:54:04.100938 7fc3a9fcb700                        Options.compaction_style: kCompactionStyleLevel
2019/10/17-14:54:04.100940 7fc3a9fcb700                          Options.compaction_pri: kByCompensatedSize
2019/10/17-14:54:04.100941 7fc3a9fcb700 Options.compaction_options_universal.size_ratio: 1
2019/10/17-14:54:04.100941 7fc3a9fcb700 Options.compaction_options_universal.min_merge_width: 2
2019/10/17-14:54:04.100942 7fc3a9fcb700 Options.compaction_options_universal.max_merge_width: 4294967295
2019/10/17-14:54:04.100943 7fc3a9fcb700 Options.compaction_options_universal.max_size_amplification_percent: 200
2019/10/17-14:54:04.100944 7fc3a9fcb700 Options.compaction_options_universal.compression_size_percent: -1
2019/10/17-14:54:04.100945 7fc3a9fcb700 Options.compaction_options_universal.stop_style: kCompactionStopStyleTotalSize
2019/10/17-14:54:04.100946 7fc3a9fcb700 Options.compaction_options_fifo.max_table_files_size: 1073741824
2019/10/17-14:54:04.100946 7fc3a9fcb700 Options.compaction_options_fifo.allow_compaction: 0
2019/10/17-14:54:04.100947 7fc3a9fcb700 Options.compaction_options_fifo.ttl: 0
2019/10/17-14:54:04.100948 7fc3a9fcb700                   Options.table_properties_collectors: 
2019/10/17-14:54:04.100949 7fc3a9fcb700                   Options.inplace_update_support: 0
2019/10/17-14:54:04.100950 7fc3a9fcb700                 Options.inplace_update_num_locks: 10000
2019/10/17-14:54:04.100951 7fc3a9fcb700               Options.memtable_prefix_bloom_size_ratio: 0.000000
2019/10/17-14:54:04.100952 7fc3a9fcb700   Options.memtable_huge_page_size: 0
2019/10/17-14:54:04.100953 7fc3a9fcb700                           Options.bloom_locality: 0
2019/10/17-14:54:04.100953 7fc3a9fcb700                    Options.max_successive_merges: 0
2019/10/17-14:54:04.100954 7fc3a9fcb700                Options.optimize_filters_for_hits: 0
2019/10/17-14:54:04.100955 7fc3a9fcb700                Options.paranoid_file_checks: 0
2019/10/17-14:54:04.100956 7fc3a9fcb700                Options.force_consistency_checks: 0
2019/10/17-14:54:04.100957 7fc3a9fcb700                Options.report_bg_io_stats: 0
2019/10/17-14:54:04.100957 7fc3a9fcb700                               Options.ttl: 0
2019/10/17-14:54:04.100975 7fc3a9fcb700 [db/column_family.cc:472] --------------- Options for column family [dc_entries]:
2019/10/17-14:54:04.100976 7fc3a9fcb700               Options.comparator: leveldb.BytewiseComparator
2019/10/17-14:54:04.100977 7fc3a9fcb700           Options.merge_operator: None
2019/10/17-14:54:04.100978 7fc3a9fcb700        Options.compaction_filter: None
2019/10/17-14:54:04.100979 7fc3a9fcb700        Options.compaction_filter_factory: None
2019/10/17-14:54:04.100980 7fc3a9fcb700         Options.memtable_factory: SkipListFactory
2019/10/17-14:54:04.100980 7fc3a9fcb700            Options.table_factory: BlockBasedTable
2019/10/17-14:54:04.100991 7fc3a9fcb700            table_factory options:   flush_block_policy_factory: FlushBlockBySizePolicyFactory (0x7fc3500d7820)
  cache_index_and_filter_blocks: 0
  cache_index_and_filter_blocks_with_high_priority: 0
  pin_l0_filter_and_index_blocks_in_cache: 0
  pin_top_level_index_and_filter: 1
  index_type: 0
  hash_index_allow_collision: 1
  checksum: 1
  no_block_cache: 0
  block_cache: 0x7fc35000a600
  block_cache_name: LRUCache
  block_cache_options:
    capacity : 8388608
    num_shard_bits : 4
    strict_capacity_limit : 0
    memory_allocator : None
    high_pri_pool_ratio: 0.000
  block_cache_compressed: (nil)
  persistent_cache: (nil)
  block_size: 4096
  block_size_deviation: 10
  block_restart_interval: 16
  index_block_restart_interval: 1
  metadata_block_size: 4096
  partition_filters: 0
  use_delta_encoding: 1
  filter_policy: nullptr
  whole_key_filtering: 1
  verify_compression: 0
  read_amp_bytes_per_bit: 0
  format_version: 2
  enable_index_compression: 1
  block_align: 0
2019/10/17-14:54:04.100998 7fc3a9fcb700        Options.write_buffer_size: 67108864
2019/10/17-14:54:04.100999 7fc3a9fcb700  Options.max_write_buffer_number: 2
2019/10/17-14:54:04.101000 7fc3a9fcb700          Options.compression: NoCompression
2019/10/17-14:54:04.101001 7fc3a9fcb700                  Options.bottommost_compression: Disabled
2019/10/17-14:54:04.101002 7fc3a9fcb700       Options.prefix_extractor: nullptr
2019/10/17-14:54:04.101002 7fc3a9fcb700   Options.memtable_insert_with_hint_prefix_extractor: nullptr
2019/10/17-14:54:04.101003 7fc3a9fcb700             Options.num_levels: 7
2019/10/17-14:54:04.101004 7fc3a9fcb700        Options.min_write_buffer_number_to_merge: 1
2019/10/17-14:54:04.101005 7fc3a9fcb700     Options.max_write_buffer_number_to_maintain: 0
2019/10/17-14:54:04.101006 7fc3a9fcb700            Options.bottommost_compression_opts.window_bits: -14
2019/10/17-14:54:04.101007 7fc3a9fcb700                  Options.bottommost_compression_opts.level: 32767
2019/10/17-14:54:04.101007 7fc3a9fcb700               Options.bottommost_compression_opts.strategy: 0
2019/10/17-14:54:04.101008 7fc3a9fcb700         Options.bottommost_compression_opts.max_dict_bytes: 0
2019/10/17-14:54:04.101009 7fc3a9fcb700         Options.bottommost_compression_opts.zstd_max_train_bytes: 0
2019/10/17-14:54:04.101010 7fc3a9fcb700                  Options.bottommost_compression_opts.enabled: false
2019/10/17-14:54:04.101011 7fc3a9fcb700            Options.compression_opts.window_bits: -14
2019/10/17-14:54:04.101012 7fc3a9fcb700                  Options.compression_opts.level: 32767
2019/10/17-14:54:04.101012 7fc3a9fcb700               Options.compression_opts.strategy: 0
2019/10/17-14:54:04.101013 7fc3a9fcb700         Options.compression_opts.max_dict_bytes: 0
2019/10/17-14:54:04.101014 7fc3a9fcb700         Options.compression_opts.zstd_max_train_bytes: 0
2019/10/17-14:54:04.101015 7fc3a9fcb700                  Options.compression_opts.enabled: false
2019/10/17-14:54:04.101016 7fc3a9fcb700      Options.level0_file_num_compaction_trigger: 4
2019/10/17-14:54:04.101016 7fc3a9fcb700          Options.level0_slowdown_writes_trigger: 20
2019/10/17-14:54:04.101017 7fc3a9fcb700              Options.level0_stop_writes_trigger: 36
2019/10/17-14:54:04.101018 7fc3a9fcb700                   Options.target_file_size_base: 67108864
2019/10/17-14:54:04.101019 7fc3a9fcb700             Options.target_file_size_multiplier: 1
2019/10/17-14:54:04.101020 7fc3a9fcb700                Options.max_bytes_for_level_base: 268435456
2019/10/17-14:54:04.101021 7fc3a9fcb700 Options.level_compaction_dynamic_level_bytes: 0
2019/10/17-14:54:04.101021 7fc3a9fcb700          Options.max_bytes_for_level_multiplier: 10.000000
2019/10/17-14:54:04.101023 7fc3a9fcb700 Options.max_bytes_for_level_multiplier_addtl[0]: 1
2019/10/17-14:54:04.101024 7fc3a9fcb700 Options.max_bytes_for_level_multiplier_addtl[1]: 1
2019/10/17-14:54:04.101024 7fc3a9fcb700 Options.max_bytes_for_level_multiplier_addtl[2]: 1
2019/10/17-14:54:04.101025 7fc3a9fcb700 Options.max_bytes_for_level_multiplier_addtl[3]: 1
2019/10/17-14:54:04.101026 7fc3a9fcb700 Options.max_bytes_for_level_multiplier_addtl[4]: 1
2019/10/17-14:54:04.101027 7fc3a9fcb700 Options.max_bytes_for_level_multiplier_addtl[5]: 1
2019/10/17-14:54:04.101028 7fc3a9fcb700 Options.max_bytes_for_level_multiplier_addtl[6]: 1
2019/10/17-14:54:04.101029 7fc3a9fcb700       Options.max_sequential_skip_in_iterations: 8
2019/10/17-14:54:04.101030 7fc3a9fcb700                    Options.max_compaction_bytes: 1677721600
2019/10/17-14:54:04.101030 7fc3a9fcb700                        Options.arena_block_size: 8388608
2019/10/17-14:54:04.101031 7fc3a9fcb700   Options.soft_pending_compaction_bytes_limit: 68719476736
2019/10/17-14:54:04.101032 7fc3a9fcb700   Options.hard_pending_compaction_bytes_limit: 274877906944
2019/10/17-14:54:04.101033 7fc3a9fcb700       Options.rate_limit_delay_max_milliseconds: 100
2019/10/17-14:54:04.101034 7fc3a9fcb700                Options.disable_auto_compactions: 0
2019/10/17-14:54:04.101039 7fc3a9fcb700                        Options.compaction_style: kCompactionStyleLevel
2019/10/17-14:54:04.101040 7fc3a9fcb700                          Options.compaction_pri: kByCompensatedSize
2019/10/17-14:54:04.101041 7fc3a9fcb700 Options.compaction_options_universal.size_ratio: 1
2019/10/17-14:54:04.101042 7fc3a9fcb700 Options.compaction_options_universal.min_merge_width: 2
2019/10/17-14:54:04.101042 7fc3a9fcb700 Options.compaction_options_universal.max_merge_width: 4294967295
2019/10/17-14:54:04.101043 7fc3a9fcb700 Options.compaction_options_universal.max_size_amplification_percent: 200
2019/10/17-14:54:04.101044 7fc3a9fcb700 Options.compaction_options_universal.compression_size_percent: -1
2019/10/17-14:54:04.101045 7fc3a9fcb700 Options.compaction_options_universal.stop_style: kCompactionStopStyleTotalSize
2019/10/17-14:54:04.101046 7fc3a9fcb700 Options.compaction_options_fifo.max_table_files_size: 1073741824
2019/10/17-14:54:04.101047 7fc3a9fcb700 Options.compaction_options_fifo.allow_compaction: 0
2019/10/17-14:54:04.101048 7fc3a9fcb700 Options.compaction_options_fifo.ttl: 0
2019/10/17-14:54:04.101048 7fc3a9fcb700                   Options.table_properties_collectors: 
2019/10/17-14:54:04.101049 7fc3a9fcb700                   Options.inplace_update_support: 0
2019/10/17-14:54:04.101050 7fc3a9fcb700                 Options.inplace_update_num_locks: 10000
2019/10/17-14:54:04.101051 7fc3a9fcb700               Options.memtable_prefix_bloom_size_ratio: 0.000000
2019/10/17-14:54:04.101052 7fc3a9fcb700   Options.memtable_huge_page_size: 0
2019/10/17-14:54:04.101053 7fc3a9fcb700                           Options.bloom_locality: 0
2019/10/17-14:54:04.101054 7fc3a9fcb700                    Options.max_successive_merges: 0
2019/10/17-14:54:04.101055 7fc3a9fcb700                Options.optimize_filters_for_hits: 0
2019/10/17-14:54:04.101055 7fc3a9fcb700                Options.paranoid_file_checks: 0
2019/10/17-14:54:04.101056 7fc3a9fcb700                Options.force_consistency_checks: 0
2019/10/17-14:54:04.101057 7fc3a9fcb700                Options.report_bg_io_stats: 0
2019/10/17-14:54:04.101058 7fc3a9fcb700                               Options.ttl: 0
2019/10/17-14:54:04.101072 7fc3a9fcb700 [db/column_family.cc:472] --------------- Options for column family [htlcs]:
2019/10/17-14:54:04.101074 7fc3a9fcb700               Options.comparator: leveldb.BytewiseComparator
2019/10/17-14:54:04.101075 7fc3a9fcb700           Options.merge_operator: None
2019/10/17-14:54:04.101075 7fc3a9fcb700        Options.compaction_filter: None
2019/10/17-14:54:04.101076 7fc3a9fcb700        Options.compaction_filter_factory: None
2019/10/17-14:54:04.101077 7fc3a9fcb700         Options.memtable_factory: SkipListFactory
2019/10/17-14:54:04.101078 7fc3a9fcb700            Options.table_factory: BlockBasedTable
2019/10/17-14:54:04.101088 7fc3a9fcb700            table_factory options:   flush_block_policy_factory: FlushBlockBySizePolicyFactory (0x7fc35002ae20)
