2019/10/17-14:56:14.241711 7fbc2cd30700 RocksDB version: 5.18.3
2019/10/17-14:56:14.241747 7fbc2cd30700 Git sha rocksdb_build_git_sha:@0@
2019/10/17-14:56:14.241748 7fbc2cd30700 Compile date Sep 19 2019
2019/10/17-14:56:14.241750 7fbc2cd30700 DB SUMMARY
2019/10/17-14:56:14.242406 7fbc2cd30700 CURRENT file:  CURRENT
2019/10/17-14:56:14.242408 7fbc2cd30700 IDENTITY file:  IDENTITY
2019/10/17-14:56:14.242435 7fbc2cd30700 MANIFEST file:  MANIFEST-116956 size: 4114 Bytes
2019/10/17-14:56:14.242436 7fbc2cd30700 SST files in /home/rahul/dev/blockchain-core/eqc/ledger.db dir, Total Num: 29, files: 000624.sst 000627.sst 106940.sst 108447.sst 108450.sst 109471.sst 109483.sst 109485.sst 109486.sst 
2019/10/17-14:56:14.242438 7fbc2cd30700 Write Ahead Log file in /home/rahul/dev/blockchain-core/eqc/ledger.db: 116957.log size: 0 ; 
2019/10/17-14:56:14.242468 7fbc2cd30700                         Options.error_if_exists: 0
2019/10/17-14:56:14.242470 7fbc2cd30700                       Options.create_if_missing: 1
2019/10/17-14:56:14.242471 7fbc2cd30700                         Options.paranoid_checks: 1
2019/10/17-14:56:14.242471 7fbc2cd30700                                     Options.env: 0x7fbbafa7bc60
2019/10/17-14:56:14.242472 7fbc2cd30700                                Options.info_log: 0x7fbbb803ae40
2019/10/17-14:56:14.242473 7fbc2cd30700                Options.max_file_opening_threads: 16
2019/10/17-14:56:14.242473 7fbc2cd30700                              Options.statistics: (nil)
2019/10/17-14:56:14.242474 7fbc2cd30700                               Options.use_fsync: 0
2019/10/17-14:56:14.242475 7fbc2cd30700                       Options.max_log_file_size: 0
2019/10/17-14:56:14.242476 7fbc2cd30700                  Options.max_manifest_file_size: 1073741824
2019/10/17-14:56:14.242476 7fbc2cd30700                   Options.log_file_time_to_roll: 0
2019/10/17-14:56:14.242477 7fbc2cd30700                       Options.keep_log_file_num: 1000
2019/10/17-14:56:14.242478 7fbc2cd30700                    Options.recycle_log_file_num: 0
2019/10/17-14:56:14.242479 7fbc2cd30700                         Options.allow_fallocate: 1
2019/10/17-14:56:14.242479 7fbc2cd30700                        Options.allow_mmap_reads: 0
2019/10/17-14:56:14.242480 7fbc2cd30700                       Options.allow_mmap_writes: 0
2019/10/17-14:56:14.242481 7fbc2cd30700                        Options.use_direct_reads: 0
2019/10/17-14:56:14.242481 7fbc2cd30700                        Options.use_direct_io_for_flush_and_compaction: 0
2019/10/17-14:56:14.242482 7fbc2cd30700          Options.create_missing_column_families: 0
2019/10/17-14:56:14.242483 7fbc2cd30700                              Options.db_log_dir: 
2019/10/17-14:56:14.242483 7fbc2cd30700                                 Options.wal_dir: /home/rahul/dev/blockchain-core/eqc/ledger.db
2019/10/17-14:56:14.242484 7fbc2cd30700                Options.table_cache_numshardbits: 6
2019/10/17-14:56:14.242485 7fbc2cd30700                      Options.max_subcompactions: 1
2019/10/17-14:56:14.242485 7fbc2cd30700                  Options.max_background_flushes: -1
2019/10/17-14:56:14.242486 7fbc2cd30700                         Options.WAL_ttl_seconds: 0
2019/10/17-14:56:14.242487 7fbc2cd30700                       Options.WAL_size_limit_MB: 0
2019/10/17-14:56:14.242487 7fbc2cd30700             Options.manifest_preallocation_size: 4194304
2019/10/17-14:56:14.242488 7fbc2cd30700                     Options.is_fd_close_on_exec: 1
2019/10/17-14:56:14.242489 7fbc2cd30700                   Options.advise_random_on_open: 1
2019/10/17-14:56:14.242490 7fbc2cd30700                    Options.db_write_buffer_size: 0
2019/10/17-14:56:14.242490 7fbc2cd30700                    Options.write_buffer_manager: 0x7fbbb8070940
2019/10/17-14:56:14.242491 7fbc2cd30700         Options.access_hint_on_compaction_start: 1
2019/10/17-14:56:14.242492 7fbc2cd30700  Options.new_table_reader_for_compaction_inputs: 0
2019/10/17-14:56:14.242492 7fbc2cd30700           Options.random_access_max_buffer_size: 1048576
2019/10/17-14:56:14.242493 7fbc2cd30700                      Options.use_adaptive_mutex: 0
2019/10/17-14:56:14.242494 7fbc2cd30700                            Options.rate_limiter: (nil)
2019/10/17-14:56:14.242502 7fbc2cd30700     Options.sst_file_manager.rate_bytes_per_sec: 0
2019/10/17-14:56:14.242503 7fbc2cd30700                       Options.wal_recovery_mode: 2
2019/10/17-14:56:14.242503 7fbc2cd30700                  Options.enable_thread_tracking: 0
2019/10/17-14:56:14.242504 7fbc2cd30700                  Options.enable_pipelined_write: 0
2019/10/17-14:56:14.242505 7fbc2cd30700         Options.allow_concurrent_memtable_write: 1
2019/10/17-14:56:14.242505 7fbc2cd30700      Options.enable_write_thread_adaptive_yield: 1
2019/10/17-14:56:14.242506 7fbc2cd30700             Options.write_thread_max_yield_usec: 100
2019/10/17-14:56:14.242507 7fbc2cd30700            Options.write_thread_slow_yield_usec: 3
2019/10/17-14:56:14.242507 7fbc2cd30700                               Options.row_cache: None
2019/10/17-14:56:14.242508 7fbc2cd30700                              Options.wal_filter: None
2019/10/17-14:56:14.242509 7fbc2cd30700             Options.avoid_flush_during_recovery: 0
2019/10/17-14:56:14.242510 7fbc2cd30700             Options.allow_ingest_behind: 0
2019/10/17-14:56:14.242510 7fbc2cd30700             Options.preserve_deletes: 0
2019/10/17-14:56:14.242511 7fbc2cd30700             Options.two_write_queues: 0
2019/10/17-14:56:14.242512 7fbc2cd30700             Options.manual_wal_flush: 0
2019/10/17-14:56:14.242512 7fbc2cd30700             Options.max_background_jobs: 2
2019/10/17-14:56:14.242513 7fbc2cd30700             Options.max_background_compactions: -1
2019/10/17-14:56:14.242514 7fbc2cd30700             Options.avoid_flush_during_shutdown: 0
2019/10/17-14:56:14.242514 7fbc2cd30700           Options.writable_file_max_buffer_size: 1048576
2019/10/17-14:56:14.242515 7fbc2cd30700             Options.delayed_write_rate : 16777216
2019/10/17-14:56:14.242516 7fbc2cd30700             Options.max_total_wal_size: 0
2019/10/17-14:56:14.242517 7fbc2cd30700             Options.delete_obsolete_files_period_micros: 21600000000
2019/10/17-14:56:14.242517 7fbc2cd30700                   Options.stats_dump_period_sec: 600
2019/10/17-14:56:14.242518 7fbc2cd30700                          Options.max_open_files: -1
2019/10/17-14:56:14.242519 7fbc2cd30700                          Options.bytes_per_sync: 0
2019/10/17-14:56:14.242519 7fbc2cd30700                      Options.wal_bytes_per_sync: 0
2019/10/17-14:56:14.242520 7fbc2cd30700       Options.compaction_readahead_size: 0
2019/10/17-14:56:14.242521 7fbc2cd30700 Compression algorithms supported:
2019/10/17-14:56:14.242522 7fbc2cd30700 	kZSTDNotFinalCompression supported: 0
2019/10/17-14:56:14.242523 7fbc2cd30700 	kZSTD supported: 0
2019/10/17-14:56:14.242523 7fbc2cd30700 	kXpressCompression supported: 0
2019/10/17-14:56:14.242524 7fbc2cd30700 	kLZ4HCCompression supported: 0
2019/10/17-14:56:14.242525 7fbc2cd30700 	kLZ4Compression supported: 0
2019/10/17-14:56:14.242526 7fbc2cd30700 	kBZip2Compression supported: 0
2019/10/17-14:56:14.242526 7fbc2cd30700 	kZlibCompression supported: 0
2019/10/17-14:56:14.242527 7fbc2cd30700 	kSnappyCompression supported: 0
2019/10/17-14:56:14.242529 7fbc2cd30700 Fast CRC32 supported: Supported on x86
2019/10/17-14:56:14.242613 7fbc2cd30700 [db/version_set.cc:3507] Recovering from manifest file: MANIFEST-116956
2019/10/17-14:56:14.242643 7fbc2cd30700 [db/column_family.cc:472] --------------- Options for column family [default]:
2019/10/17-14:56:14.242644 7fbc2cd30700               Options.comparator: leveldb.BytewiseComparator
2019/10/17-14:56:14.242645 7fbc2cd30700           Options.merge_operator: None
2019/10/17-14:56:14.242646 7fbc2cd30700        Options.compaction_filter: None
2019/10/17-14:56:14.242647 7fbc2cd30700        Options.compaction_filter_factory: None
2019/10/17-14:56:14.242647 7fbc2cd30700         Options.memtable_factory: SkipListFactory
2019/10/17-14:56:14.242648 7fbc2cd30700            Options.table_factory: BlockBasedTable
2019/10/17-14:56:14.242663 7fbc2cd30700            table_factory options:   flush_block_policy_factory: FlushBlockBySizePolicyFactory (0x7fbbb846c610)
  cache_index_and_filter_blocks: 0
  cache_index_and_filter_blocks_with_high_priority: 0
  pin_l0_filter_and_index_blocks_in_cache: 0
  pin_top_level_index_and_filter: 1
  index_type: 0
  hash_index_allow_collision: 1
  checksum: 1
  no_block_cache: 0
  block_cache: 0x7fbbb846ff70
  block_cache_name: LRUCache
  block_cache_options:
    capacity : 8388608
    num_shard_bits : 4
    strict_capacity_limit : 0
    memory_allocator : None
    high_pri_pool_ratio: 0.000
  block_cache_compressed: (nil)
  persistent_cache: (nil)
  block_size: 4096
  block_size_deviation: 10
  block_restart_interval: 16
  index_block_restart_interval: 1
  metadata_block_size: 4096
  partition_filters: 0
  use_delta_encoding: 1
  filter_policy: nullptr
  whole_key_filtering: 1
  verify_compression: 0
  read_amp_bytes_per_bit: 0
  format_version: 2
  enable_index_compression: 1
  block_align: 0
2019/10/17-14:56:14.242671 7fbc2cd30700        Options.write_buffer_size: 67108864
2019/10/17-14:56:14.242672 7fbc2cd30700  Options.max_write_buffer_number: 2
2019/10/17-14:56:14.242673 7fbc2cd30700          Options.compression: NoCompression
2019/10/17-14:56:14.242673 7fbc2cd30700                  Options.bottommost_compression: Disabled
2019/10/17-14:56:14.242674 7fbc2cd30700       Options.prefix_extractor: nullptr
2019/10/17-14:56:14.242675 7fbc2cd30700   Options.memtable_insert_with_hint_prefix_extractor: nullptr
2019/10/17-14:56:14.242675 7fbc2cd30700             Options.num_levels: 7
2019/10/17-14:56:14.242676 7fbc2cd30700        Options.min_write_buffer_number_to_merge: 1
2019/10/17-14:56:14.242677 7fbc2cd30700     Options.max_write_buffer_number_to_maintain: 0
2019/10/17-14:56:14.242678 7fbc2cd30700            Options.bottommost_compression_opts.window_bits: -14
2019/10/17-14:56:14.242678 7fbc2cd30700                  Options.bottommost_compression_opts.level: 32767
2019/10/17-14:56:14.242679 7fbc2cd30700               Options.bottommost_compression_opts.strategy: 0
2019/10/17-14:56:14.242680 7fbc2cd30700         Options.bottommost_compression_opts.max_dict_bytes: 0
2019/10/17-14:56:14.242680 7fbc2cd30700         Options.bottommost_compression_opts.zstd_max_train_bytes: 0
2019/10/17-14:56:14.242681 7fbc2cd30700                  Options.bottommost_compression_opts.enabled: false
2019/10/17-14:56:14.242682 7fbc2cd30700            Options.compression_opts.window_bits: -14
2019/10/17-14:56:14.242682 7fbc2cd30700                  Options.compression_opts.level: 32767
2019/10/17-14:56:14.242683 7fbc2cd30700               Options.compression_opts.strategy: 0
2019/10/17-14:56:14.242684 7fbc2cd30700         Options.compression_opts.max_dict_bytes: 0
2019/10/17-14:56:14.242684 7fbc2cd30700         Options.compression_opts.zstd_max_train_bytes: 0
2019/10/17-14:56:14.242685 7fbc2cd30700                  Options.compression_opts.enabled: false
2019/10/17-14:56:14.242686 7fbc2cd30700      Options.level0_file_num_compaction_trigger: 4
2019/10/17-14:56:14.242686 7fbc2cd30700          Options.level0_slowdown_writes_trigger: 20
2019/10/17-14:56:14.242687 7fbc2cd30700              Options.level0_stop_writes_trigger: 36
2019/10/17-14:56:14.242688 7fbc2cd30700                   Options.target_file_size_base: 67108864
2019/10/17-14:56:14.242688 7fbc2cd30700             Options.target_file_size_multiplier: 1
2019/10/17-14:56:14.242689 7fbc2cd30700                Options.max_bytes_for_level_base: 268435456
2019/10/17-14:56:14.242690 7fbc2cd30700 Options.level_compaction_dynamic_level_bytes: 0
2019/10/17-14:56:14.242691 7fbc2cd30700          Options.max_bytes_for_level_multiplier: 10.000000
2019/10/17-14:56:14.242692 7fbc2cd30700 Options.max_bytes_for_level_multiplier_addtl[0]: 1
2019/10/17-14:56:14.242693 7fbc2cd30700 Options.max_bytes_for_level_multiplier_addtl[1]: 1
2019/10/17-14:56:14.242694 7fbc2cd30700 Options.max_bytes_for_level_multiplier_addtl[2]: 1
2019/10/17-14:56:14.242695 7fbc2cd30700 Options.max_bytes_for_level_multiplier_addtl[3]: 1
2019/10/17-14:56:14.242695 7fbc2cd30700 Options.max_bytes_for_level_multiplier_addtl[4]: 1
2019/10/17-14:56:14.242699 7fbc2cd30700 Options.max_bytes_for_level_multiplier_addtl[5]: 1
2019/10/17-14:56:14.242700 7fbc2cd30700 Options.max_bytes_for_level_multiplier_addtl[6]: 1
2019/10/17-14:56:14.242701 7fbc2cd30700       Options.max_sequential_skip_in_iterations: 8
2019/10/17-14:56:14.242701 7fbc2cd30700                    Options.max_compaction_bytes: 1677721600
2019/10/17-14:56:14.242702 7fbc2cd30700                        Options.arena_block_size: 8388608
2019/10/17-14:56:14.242703 7fbc2cd30700   Options.soft_pending_compaction_bytes_limit: 68719476736
2019/10/17-14:56:14.242704 7fbc2cd30700   Options.hard_pending_compaction_bytes_limit: 274877906944
2019/10/17-14:56:14.242704 7fbc2cd30700       Options.rate_limit_delay_max_milliseconds: 100
2019/10/17-14:56:14.242705 7fbc2cd30700                Options.disable_auto_compactions: 0
2019/10/17-14:56:14.242707 7fbc2cd30700                        Options.compaction_style: kCompactionStyleLevel
2019/10/17-14:56:14.242708 7fbc2cd30700                          Options.compaction_pri: kByCompensatedSize
2019/10/17-14:56:14.242708 7fbc2cd30700 Options.compaction_options_universal.size_ratio: 1
2019/10/17-14:56:14.242709 7fbc2cd30700 Options.compaction_options_universal.min_merge_width: 2
2019/10/17-14:56:14.242710 7fbc2cd30700 Options.compaction_options_universal.max_merge_width: 4294967295
2019/10/17-14:56:14.242710 7fbc2cd30700 Options.compaction_options_universal.max_size_amplification_percent: 200
2019/10/17-14:56:14.242711 7fbc2cd30700 Options.compaction_options_universal.compression_size_percent: -1
2019/10/17-14:56:14.242712 7fbc2cd30700 Options.compaction_options_universal.stop_style: kCompactionStopStyleTotalSize
2019/10/17-14:56:14.242713 7fbc2cd30700 Options.compaction_options_fifo.max_table_files_size: 1073741824
2019/10/17-14:56:14.242713 7fbc2cd30700 Options.compaction_options_fifo.allow_compaction: 0
2019/10/17-14:56:14.242714 7fbc2cd30700 Options.compaction_options_fifo.ttl: 0
2019/10/17-14:56:14.242715 7fbc2cd30700                   Options.table_properties_collectors: 
2019/10/17-14:56:14.242716 7fbc2cd30700                   Options.inplace_update_support: 0
2019/10/17-14:56:14.242716 7fbc2cd30700                 Options.inplace_update_num_locks: 10000
2019/10/17-14:56:14.242717 7fbc2cd30700               Options.memtable_prefix_bloom_size_ratio: 0.000000
2019/10/17-14:56:14.242718 7fbc2cd30700   Options.memtable_huge_page_size: 0
2019/10/17-14:56:14.242719 7fbc2cd30700                           Options.bloom_locality: 0
2019/10/17-14:56:14.242719 7fbc2cd30700                    Options.max_successive_merges: 0
2019/10/17-14:56:14.242720 7fbc2cd30700                Options.optimize_filters_for_hits: 0
2019/10/17-14:56:14.242721 7fbc2cd30700                Options.paranoid_file_checks: 0
2019/10/17-14:56:14.242721 7fbc2cd30700                Options.force_consistency_checks: 0
2019/10/17-14:56:14.242722 7fbc2cd30700                Options.report_bg_io_stats: 0
2019/10/17-14:56:14.242723 7fbc2cd30700                               Options.ttl: 0
2019/10/17-14:56:14.242748 7fbc2cd30700 [db/column_family.cc:472] --------------- Options for column family [active_gateways]:
2019/10/17-14:56:14.242750 7fbc2cd30700               Options.comparator: leveldb.BytewiseComparator
2019/10/17-14:56:14.242750 7fbc2cd30700           Options.merge_operator: None
2019/10/17-14:56:14.242751 7fbc2cd30700        Options.compaction_filter: None
2019/10/17-14:56:14.242752 7fbc2cd30700        Options.compaction_filter_factory: None
2019/10/17-14:56:14.242752 7fbc2cd30700         Options.memtable_factory: SkipListFactory
2019/10/17-14:56:14.242753 7fbc2cd30700            Options.table_factory: BlockBasedTable
2019/10/17-14:56:14.242763 7fbc2cd30700            table_factory options:   flush_block_policy_factory: FlushBlockBySizePolicyFactory (0x7fbbb80224e0)
  cache_index_and_filter_blocks: 0
  cache_index_and_filter_blocks_with_high_priority: 0
  pin_l0_filter_and_index_blocks_in_cache: 0
  pin_top_level_index_and_filter: 1
  index_type: 0
  hash_index_allow_collision: 1
  checksum: 1
  no_block_cache: 0
  block_cache: 0x7fbbb8022de0
  block_cache_name: LRUCache
  block_cache_options:
    capacity : 8388608
    num_shard_bits : 4
    strict_capacity_limit : 0
    memory_allocator : None
    high_pri_pool_ratio: 0.000
  block_cache_compressed: (nil)
  persistent_cache: (nil)
  block_size: 4096
  block_size_deviation: 10
  block_restart_interval: 16
  index_block_restart_interval: 1
  metadata_block_size: 4096
  partition_filters: 0
  use_delta_encoding: 1
  filter_policy: nullptr
  whole_key_filtering: 1
  verify_compression: 0
  read_amp_bytes_per_bit: 0
  format_version: 2
  enable_index_compression: 1
  block_align: 0
2019/10/17-14:56:14.242768 7fbc2cd30700        Options.write_buffer_size: 67108864
2019/10/17-14:56:14.242769 7fbc2cd30700  Options.max_write_buffer_number: 2
2019/10/17-14:56:14.242770 7fbc2cd30700          Options.compression: NoCompression
2019/10/17-14:56:14.242771 7fbc2cd30700                  Options.bottommost_compression: Disabled
2019/10/17-14:56:14.242772 7fbc2cd30700       Options.prefix_extractor: nullptr
2019/10/17-14:56:14.242772 7fbc2cd30700   Options.memtable_insert_with_hint_prefix_extractor: nullptr
2019/10/17-14:56:14.242773 7fbc2cd30700             Options.num_levels: 7
2019/10/17-14:56:14.242774 7fbc2cd30700        Options.min_write_buffer_number_to_merge: 1
2019/10/17-14:56:14.242774 7fbc2cd30700     Options.max_write_buffer_number_to_maintain: 0
2019/10/17-14:56:14.242775 7fbc2cd30700            Options.bottommost_compression_opts.window_bits: -14
2019/10/17-14:56:14.242776 7fbc2cd30700                  Options.bottommost_compression_opts.level: 32767
2019/10/17-14:56:14.242776 7fbc2cd30700               Options.bottommost_compression_opts.strategy: 0
2019/10/17-14:56:14.242777 7fbc2cd30700         Options.bottommost_compression_opts.max_dict_bytes: 0
2019/10/17-14:56:14.242778 7fbc2cd30700         Options.bottommost_compression_opts.zstd_max_train_bytes: 0
2019/10/17-14:56:14.242778 7fbc2cd30700                  Options.bottommost_compression_opts.enabled: false
2019/10/17-14:56:14.242779 7fbc2cd30700            Options.compression_opts.window_bits: -14
2019/10/17-14:56:14.242780 7fbc2cd30700                  Options.compression_opts.level: 32767
2019/10/17-14:56:14.242780 7fbc2cd30700               Options.compression_opts.strategy: 0
2019/10/17-14:56:14.242781 7fbc2cd30700         Options.compression_opts.max_dict_bytes: 0
2019/10/17-14:56:14.242782 7fbc2cd30700         Options.compression_opts.zstd_max_train_bytes: 0
2019/10/17-14:56:14.242782 7fbc2cd30700                  Options.compression_opts.enabled: false
2019/10/17-14:56:14.242783 7fbc2cd30700      Options.level0_file_num_compaction_trigger: 4
2019/10/17-14:56:14.242784 7fbc2cd30700          Options.level0_slowdown_writes_trigger: 20
2019/10/17-14:56:14.242784 7fbc2cd30700              Options.level0_stop_writes_trigger: 36
2019/10/17-14:56:14.242785 7fbc2cd30700                   Options.target_file_size_base: 67108864
2019/10/17-14:56:14.242786 7fbc2cd30700             Options.target_file_size_multiplier: 1
2019/10/17-14:56:14.242786 7fbc2cd30700                Options.max_bytes_for_level_base: 268435456
2019/10/17-14:56:14.242787 7fbc2cd30700 Options.level_compaction_dynamic_level_bytes: 0
2019/10/17-14:56:14.242788 7fbc2cd30700          Options.max_bytes_for_level_multiplier: 10.000000
2019/10/17-14:56:14.242789 7fbc2cd30700 Options.max_bytes_for_level_multiplier_addtl[0]: 1
2019/10/17-14:56:14.242790 7fbc2cd30700 Options.max_bytes_for_level_multiplier_addtl[1]: 1
2019/10/17-14:56:14.242791 7fbc2cd30700 Options.max_bytes_for_level_multiplier_addtl[2]: 1
2019/10/17-14:56:14.242791 7fbc2cd30700 Options.max_bytes_for_level_multiplier_addtl[3]: 1
2019/10/17-14:56:14.242792 7fbc2cd30700 Options.max_bytes_for_level_multiplier_addtl[4]: 1
2019/10/17-14:56:14.242793 7fbc2cd30700 Options.max_bytes_for_level_multiplier_addtl[5]: 1
2019/10/17-14:56:14.242793 7fbc2cd30700 Options.max_bytes_for_level_multiplier_addtl[6]: 1
2019/10/17-14:56:14.242794 7fbc2cd30700       Options.max_sequential_skip_in_iterations: 8
2019/10/17-14:56:14.242798 7fbc2cd30700                    Options.max_compaction_bytes: 1677721600
2019/10/17-14:56:14.242799 7fbc2cd30700                        Options.arena_block_size: 8388608
2019/10/17-14:56:14.242799 7fbc2cd30700   Options.soft_pending_compaction_bytes_limit: 68719476736
2019/10/17-14:56:14.242800 7fbc2cd30700   Options.hard_pending_compaction_bytes_limit: 274877906944
2019/10/17-14:56:14.242801 7fbc2cd30700       Options.rate_limit_delay_max_milliseconds: 100
2019/10/17-14:56:14.242801 7fbc2cd30700                Options.disable_auto_compactions: 0
2019/10/17-14:56:14.242802 7fbc2cd30700                        Options.compaction_style: kCompactionStyleLevel
2019/10/17-14:56:14.242803 7fbc2cd30700                          Options.compaction_pri: kByCompensatedSize
2019/10/17-14:56:14.242804 7fbc2cd30700 Options.compaction_options_universal.size_ratio: 1
2019/10/17-14:56:14.242804 7fbc2cd30700 Options.compaction_options_universal.min_merge_width: 2
2019/10/17-14:56:14.242805 7fbc2cd30700 Options.compaction_options_universal.max_merge_width: 4294967295
2019/10/17-14:56:14.242806 7fbc2cd30700 Options.compaction_options_universal.max_size_amplification_percent: 200
2019/10/17-14:56:14.242806 7fbc2cd30700 Options.compaction_options_universal.compression_size_percent: -1
2019/10/17-14:56:14.242807 7fbc2cd30700 Options.compaction_options_universal.stop_style: kCompactionStopStyleTotalSize
2019/10/17-14:56:14.242808 7fbc2cd30700 Options.compaction_options_fifo.max_table_files_size: 1073741824
2019/10/17-14:56:14.242809 7fbc2cd30700 Options.compaction_options_fifo.allow_compaction: 0
2019/10/17-14:56:14.242809 7fbc2cd30700 Options.compaction_options_fifo.ttl: 0
2019/10/17-14:56:14.242810 7fbc2cd30700                   Options.table_properties_collectors: 
2019/10/17-14:56:14.242811 7fbc2cd30700                   Options.inplace_update_support: 0
2019/10/17-14:56:14.242811 7fbc2cd30700                 Options.inplace_update_num_locks: 10000
2019/10/17-14:56:14.242812 7fbc2cd30700               Options.memtable_prefix_bloom_size_ratio: 0.000000
2019/10/17-14:56:14.242813 7fbc2cd30700   Options.memtable_huge_page_size: 0
2019/10/17-14:56:14.242814 7fbc2cd30700                           Options.bloom_locality: 0
2019/10/17-14:56:14.242814 7fbc2cd30700                    Options.max_successive_merges: 0
2019/10/17-14:56:14.242815 7fbc2cd30700                Options.optimize_filters_for_hits: 0
2019/10/17-14:56:14.242816 7fbc2cd30700                Options.paranoid_file_checks: 0
2019/10/17-14:56:14.242816 7fbc2cd30700                Options.force_consistency_checks: 0
2019/10/17-14:56:14.242817 7fbc2cd30700                Options.report_bg_io_stats: 0
2019/10/17-14:56:14.242818 7fbc2cd30700                               Options.ttl: 0
2019/10/17-14:56:14.242833 7fbc2cd30700 [db/column_family.cc:472] --------------- Options for column family [entries]:
2019/10/17-14:56:14.242834 7fbc2cd30700               Options.comparator: leveldb.BytewiseComparator
2019/10/17-14:56:14.242834 7fbc2cd30700           Options.merge_operator: None
2019/10/17-14:56:14.242835 7fbc2cd30700        Options.compaction_filter: None
2019/10/17-14:56:14.242836 7fbc2cd30700        Options.compaction_filter_factory: None
2019/10/17-14:56:14.242836 7fbc2cd30700         Options.memtable_factory: SkipListFactory
2019/10/17-14:56:14.242837 7fbc2cd30700            Options.table_factory: BlockBasedTable
2019/10/17-14:56:14.242846 7fbc2cd30700            table_factory options:   flush_block_policy_factory: FlushBlockBySizePolicyFactory (0x7fbbb8057e80)
  cache_index_and_filter_blocks: 0
  cache_index_and_filter_blocks_with_high_priority: 0
  pin_l0_filter_and_index_blocks_in_cache: 0
  pin_top_level_index_and_filter: 1
  index_type: 0
  hash_index_allow_collision: 1
  checksum: 1
  no_block_cache: 0
  block_cache: 0x7fbbb800a660
  block_cache_name: LRUCache
  block_cache_options:
    capacity : 8388608
    num_shard_bits : 4
    strict_capacity_limit : 0
    memory_allocator : None
    high_pri_pool_ratio: 0.000
  block_cache_compressed: (nil)
  persistent_cache: (nil)
  block_size: 4096
  block_size_deviation: 10
  block_restart_interval: 16
  index_block_restart_interval: 1
  metadata_block_size: 4096
  partition_filters: 0
  use_delta_encoding: 1
  filter_policy: nullptr
  whole_key_filtering: 1
  verify_compression: 0
  read_amp_bytes_per_bit: 0
  format_version: 2
  enable_index_compression: 1
  block_align: 0
2019/10/17-14:56:14.242851 7fbc2cd30700        Options.write_buffer_size: 67108864
2019/10/17-14:56:14.242852 7fbc2cd30700  Options.max_write_buffer_number: 2
2019/10/17-14:56:14.242853 7fbc2cd30700          Options.compression: NoCompression
2019/10/17-14:56:14.242854 7fbc2cd30700                  Options.bottommost_compression: Disabled
2019/10/17-14:56:14.242854 7fbc2cd30700       Options.prefix_extractor: nullptr
2019/10/17-14:56:14.242855 7fbc2cd30700   Options.memtable_insert_with_hint_prefix_extractor: nullptr
2019/10/17-14:56:14.242856 7fbc2cd30700             Options.num_levels: 7
2019/10/17-14:56:14.242856 7fbc2cd30700        Options.min_write_buffer_number_to_merge: 1
2019/10/17-14:56:14.242857 7fbc2cd30700     Options.max_write_buffer_number_to_maintain: 0
2019/10/17-14:56:14.242858 7fbc2cd30700            Options.bottommost_compression_opts.window_bits: -14
2019/10/17-14:56:14.242858 7fbc2cd30700                  Options.bottommost_compression_opts.level: 32767
2019/10/17-14:56:14.242859 7fbc2cd30700               Options.bottommost_compression_opts.strategy: 0
2019/10/17-14:56:14.242860 7fbc2cd30700         Options.bottommost_compression_opts.max_dict_bytes: 0
2019/10/17-14:56:14.242860 7fbc2cd30700         Options.bottommost_compression_opts.zstd_max_train_bytes: 0
2019/10/17-14:56:14.242861 7fbc2cd30700                  Options.bottommost_compression_opts.enabled: false
2019/10/17-14:56:14.242862 7fbc2cd30700            Options.compression_opts.window_bits: -14
2019/10/17-14:56:14.242863 7fbc2cd30700                  Options.compression_opts.level: 32767
2019/10/17-14:56:14.242863 7fbc2cd30700               Options.compression_opts.strategy: 0
2019/10/17-14:56:14.242864 7fbc2cd30700         Options.compression_opts.max_dict_bytes: 0
2019/10/17-14:56:14.242864 7fbc2cd30700         Options.compression_opts.zstd_max_train_bytes: 0
2019/10/17-14:56:14.242865 7fbc2cd30700                  Options.compression_opts.enabled: false
2019/10/17-14:56:14.242866 7fbc2cd30700      Options.level0_file_num_compaction_trigger: 4
2019/10/17-14:56:14.242866 7fbc2cd30700          Options.level0_slowdown_writes_trigger: 20
2019/10/17-14:56:14.242867 7fbc2cd30700              Options.level0_stop_writes_trigger: 36
2019/10/17-14:56:14.242868 7fbc2cd30700                   Options.target_file_size_base: 67108864
2019/10/17-14:56:14.242868 7fbc2cd30700             Options.target_file_size_multiplier: 1
2019/10/17-14:56:14.242869 7fbc2cd30700                Options.max_bytes_for_level_base: 268435456
2019/10/17-14:56:14.242870 7fbc2cd30700 Options.level_compaction_dynamic_level_bytes: 0
2019/10/17-14:56:14.242870 7fbc2cd30700          Options.max_bytes_for_level_multiplier: 10.000000
2019/10/17-14:56:14.242872 7fbc2cd30700 Options.max_bytes_for_level_multiplier_addtl[0]: 1
2019/10/17-14:56:14.242872 7fbc2cd30700 Options.max_bytes_for_level_multiplier_addtl[1]: 1
2019/10/17-14:56:14.242873 7fbc2cd30700 Options.max_bytes_for_level_multiplier_addtl[2]: 1
2019/10/17-14:56:14.242874 7fbc2cd30700 Options.max_bytes_for_level_multiplier_addtl[3]: 1
2019/10/17-14:56:14.242874 7fbc2cd30700 Options.max_bytes_for_level_multiplier_addtl[4]: 1
2019/10/17-14:56:14.242875 7fbc2cd30700 Options.max_bytes_for_level_multiplier_addtl[5]: 1
2019/10/17-14:56:14.242876 7fbc2cd30700 Options.max_bytes_for_level_multiplier_addtl[6]: 1
2019/10/17-14:56:14.242876 7fbc2cd30700       Options.max_sequential_skip_in_iterations: 8
2019/10/17-14:56:14.242877 7fbc2cd30700                    Options.max_compaction_bytes: 1677721600
2019/10/17-14:56:14.242878 7fbc2cd30700                        Options.arena_block_size: 8388608
2019/10/17-14:56:14.242878 7fbc2cd30700   Options.soft_pending_compaction_bytes_limit: 68719476736
2019/10/17-14:56:14.242882 7fbc2cd30700   Options.hard_pending_compaction_bytes_limit: 274877906944
2019/10/17-14:56:14.242883 7fbc2cd30700       Options.rate_limit_delay_max_milliseconds: 100
2019/10/17-14:56:14.242884 7fbc2cd30700                Options.disable_auto_compactions: 0
2019/10/17-14:56:14.242885 7fbc2cd30700                        Options.compaction_style: kCompactionStyleLevel
2019/10/17-14:56:14.242886 7fbc2cd30700                          Options.compaction_pri: kByCompensatedSize
2019/10/17-14:56:14.242886 7fbc2cd30700 Options.compaction_options_universal.size_ratio: 1
2019/10/17-14:56:14.242887 7fbc2cd30700 Options.compaction_options_universal.min_merge_width: 2
2019/10/17-14:56:14.242888 7fbc2cd30700 Options.compaction_options_universal.max_merge_width: 4294967295
2019/10/17-14:56:14.242888 7fbc2cd30700 Options.compaction_options_universal.max_size_amplification_percent: 200
2019/10/17-14:56:14.242889 7fbc2cd30700 Options.compaction_options_universal.compression_size_percent: -1
2019/10/17-14:56:14.242890 7fbc2cd30700 Options.compaction_options_universal.stop_style: kCompactionStopStyleTotalSize
2019/10/17-14:56:14.242890 7fbc2cd30700 Options.compaction_options_fifo.max_table_files_size: 1073741824
2019/10/17-14:56:14.242891 7fbc2cd30700 Options.compaction_options_fifo.allow_compaction: 0
2019/10/17-14:56:14.242892 7fbc2cd30700 Options.compaction_options_fifo.ttl: 0
2019/10/17-14:56:14.242892 7fbc2cd30700                   Options.table_properties_collectors: 
2019/10/17-14:56:14.242893 7fbc2cd30700                   Options.inplace_update_support: 0
2019/10/17-14:56:14.242894 7fbc2cd30700                 Options.inplace_update_num_locks: 10000
2019/10/17-14:56:14.242895 7fbc2cd30700               Options.memtable_prefix_bloom_size_ratio: 0.000000
2019/10/17-14:56:14.242895 7fbc2cd30700   Options.memtable_huge_page_size: 0
2019/10/17-14:56:14.242896 7fbc2cd30700                           Options.bloom_locality: 0
2019/10/17-14:56:14.242897 7fbc2cd30700                    Options.max_successive_merges: 0
2019/10/17-14:56:14.242898 7fbc2cd30700                Options.optimize_filters_for_hits: 0
2019/10/17-14:56:14.242898 7fbc2cd30700                Options.paranoid_file_checks: 0
2019/10/17-14:56:14.242899 7fbc2cd30700                Options.force_consistency_checks: 0
2019/10/17-14:56:14.242899 7fbc2cd30700                Options.report_bg_io_stats: 0
2019/10/17-14:56:14.242900 7fbc2cd30700                               Options.ttl: 0
2019/10/17-14:56:14.242913 7fbc2cd30700 [db/column_family.cc:472] --------------- Options for column family [dc_entries]:
2019/10/17-14:56:14.242914 7fbc2cd30700               Options.comparator: leveldb.BytewiseComparator
2019/10/17-14:56:14.242915 7fbc2cd30700           Options.merge_operator: None
2019/10/17-14:56:14.242916 7fbc2cd30700        Options.compaction_filter: None
2019/10/17-14:56:14.242916 7fbc2cd30700        Options.compaction_filter_factory: None
2019/10/17-14:56:14.242917 7fbc2cd30700         Options.memtable_factory: SkipListFactory
2019/10/17-14:56:14.242918 7fbc2cd30700            Options.table_factory: BlockBasedTable
2019/10/17-14:56:14.242926 7fbc2cd30700            table_factory options:   flush_block_policy_factory: FlushBlockBySizePolicyFactory (0x7fbbb8078700)
  cache_index_and_filter_blocks: 0
  cache_index_and_filter_blocks_with_high_priority: 0
  pin_l0_filter_and_index_blocks_in_cache: 0
  pin_top_level_index_and_filter: 1
  index_type: 0
  hash_index_allow_collision: 1
  checksum: 1
  no_block_cache: 0
  block_cache: 0x7fbbb80791e0
  block_cache_name: LRUCache
  block_cache_options:
    capacity : 8388608
    num_shard_bits : 4
    strict_capacity_limit : 0
    memory_allocator : None
    high_pri_pool_ratio: 0.000
  block_cache_compressed: (nil)
  persistent_cache: (nil)
  block_size: 4096
  block_size_deviation: 10
  block_restart_interval: 16
  index_block_restart_interval: 1
  metadata_block_size: 4096
  partition_filters: 0
  use_delta_encoding: 1
  filter_policy: nullptr
  whole_key_filtering: 1
  verify_compression: 0
  read_amp_bytes_per_bit: 0
  format_version: 2
  enable_index_compression: 1
  block_align: 0
2019/10/17-14:56:14.242931 7fbc2cd30700        Options.write_buffer_size: 67108864
2019/10/17-14:56:14.242932 7fbc2cd30700  Options.max_write_buffer_number: 2
2019/10/17-14:56:14.242933 7fbc2cd30700          Options.compression: NoCompression
2019/10/17-14:56:14.242934 7fbc2cd30700                  Options.bottommost_compression: Disabled
2019/10/17-14:56:14.242934 7fbc2cd30700       Options.prefix_extractor: nullptr
2019/10/17-14:56:14.242935 7fbc2cd30700   Options.memtable_insert_with_hint_prefix_extractor: nullptr
2019/10/17-14:56:14.242936 7fbc2cd30700             Options.num_levels: 7
2019/10/17-14:56:14.242936 7fbc2cd30700        Options.min_write_buffer_number_to_merge: 1
2019/10/17-14:56:14.242937 7fbc2cd30700     Options.max_write_buffer_number_to_maintain: 0
2019/10/17-14:56:14.242938 7fbc2cd30700            Options.bottommost_compression_opts.window_bits: -14
2019/10/17-14:56:14.242938 7fbc2cd30700                  Options.bottommost_compression_opts.level: 32767
2019/10/17-14:56:14.242939 7fbc2cd30700               Options.bottommost_compression_opts.strategy: 0
2019/10/17-14:56:14.242940 7fbc2cd30700         Options.bottommost_compression_opts.max_dict_bytes: 0
2019/10/17-14:56:14.242940 7fbc2cd30700         Options.bottommost_compression_opts.zstd_max_train_bytes: 0
2019/10/17-14:56:14.242941 7fbc2cd30700                  Options.bottommost_compression_opts.enabled: false
2019/10/17-14:56:14.242942 7fbc2cd30700            Options.compression_opts.window_bits: -14
2019/10/17-14:56:14.242942 7fbc2cd30700                  Options.compression_opts.level: 32767
2019/10/17-14:56:14.242943 7fbc2cd30700               Options.compression_opts.strategy: 0
2019/10/17-14:56:14.242944 7fbc2cd30700         Options.compression_opts.max_dict_bytes: 0
2019/10/17-14:56:14.242944 7fbc2cd30700         Options.compression_opts.zstd_max_train_bytes: 0
2019/10/17-14:56:14.242945 7fbc2cd30700                  Options.compression_opts.enabled: false
2019/10/17-14:56:14.242946 7fbc2cd30700      Options.level0_file_num_compaction_trigger: 4
2019/10/17-14:56:14.242946 7fbc2cd30700          Options.level0_slowdown_writes_trigger: 20
2019/10/17-14:56:14.242947 7fbc2cd30700              Options.level0_stop_writes_trigger: 36
2019/10/17-14:56:14.242948 7fbc2cd30700                   Options.target_file_size_base: 67108864
2019/10/17-14:56:14.242948 7fbc2cd30700             Options.target_file_size_multiplier: 1
2019/10/17-14:56:14.242949 7fbc2cd30700                Options.max_bytes_for_level_base: 268435456
2019/10/17-14:56:14.242950 7fbc2cd30700 Options.level_compaction_dynamic_level_bytes: 0
2019/10/17-14:56:14.242950 7fbc2cd30700          Options.max_bytes_for_level_multiplier: 10.000000
2019/10/17-14:56:14.242952 7fbc2cd30700 Options.max_bytes_for_level_multiplier_addtl[0]: 1
2019/10/17-14:56:14.242952 7fbc2cd30700 Options.max_bytes_for_level_multiplier_addtl[1]: 1
2019/10/17-14:56:14.242953 7fbc2cd30700 Options.max_bytes_for_level_multiplier_addtl[2]: 1
2019/10/17-14:56:14.242954 7fbc2cd30700 Options.max_bytes_for_level_multiplier_addtl[3]: 1
2019/10/17-14:56:14.242954 7fbc2cd30700 Options.max_bytes_for_level_multiplier_addtl[4]: 1
2019/10/17-14:56:14.242955 7fbc2cd30700 Options.max_bytes_for_level_multiplier_addtl[5]: 1
2019/10/17-14:56:14.242956 7fbc2cd30700 Options.max_bytes_for_level_multiplier_addtl[6]: 1
2019/10/17-14:56:14.242956 7fbc2cd30700       Options.max_sequential_skip_in_iterations: 8
2019/10/17-14:56:14.242957 7fbc2cd30700                    Options.max_compaction_bytes: 1677721600
2019/10/17-14:56:14.242958 7fbc2cd30700                        Options.arena_block_size: 8388608
2019/10/17-14:56:14.242958 7fbc2cd30700   Options.soft_pending_compaction_bytes_limit: 68719476736
2019/10/17-14:56:14.242959 7fbc2cd30700   Options.hard_pending_compaction_bytes_limit: 274877906944
2019/10/17-14:56:14.242960 7fbc2cd30700       Options.rate_limit_delay_max_milliseconds: 100
2019/10/17-14:56:14.242960 7fbc2cd30700                Options.disable_auto_compactions: 0
2019/10/17-14:56:14.242965 7fbc2cd30700                        Options.compaction_style: kCompactionStyleLevel
2019/10/17-14:56:14.242966 7fbc2cd30700                          Options.compaction_pri: kByCompensatedSize
2019/10/17-14:56:14.242966 7fbc2cd30700 Options.compaction_options_universal.size_ratio: 1
2019/10/17-14:56:14.242967 7fbc2cd30700 Options.compaction_options_universal.min_merge_width: 2
2019/10/17-14:56:14.242968 7fbc2cd30700 Options.compaction_options_universal.max_merge_width: 4294967295
2019/10/17-14:56:14.242968 7fbc2cd30700 Options.compaction_options_universal.max_size_amplification_percent: 200
2019/10/17-14:56:14.242969 7fbc2cd30700 Options.compaction_options_universal.compression_size_percent: -1
2019/10/17-14:56:14.242970 7fbc2cd30700 Options.compaction_options_universal.stop_style: kCompactionStopStyleTotalSize
2019/10/17-14:56:14.242971 7fbc2cd30700 Options.compaction_options_fifo.max_table_files_size: 1073741824
2019/10/17-14:56:14.242971 7fbc2cd30700 Options.compaction_options_fifo.allow_compaction: 0
2019/10/17-14:56:14.242972 7fbc2cd30700 Options.compaction_options_fifo.ttl: 0
2019/10/17-14:56:14.242973 7fbc2cd30700                   Options.table_properties_collectors: 
2019/10/17-14:56:14.242973 7fbc2cd30700                   Options.inplace_update_support: 0
2019/10/17-14:56:14.242974 7fbc2cd30700                 Options.inplace_update_num_locks: 10000
2019/10/17-14:56:14.242975 7fbc2cd30700               Options.memtable_prefix_bloom_size_ratio: 0.000000
2019/10/17-14:56:14.242976 7fbc2cd30700   Options.memtable_huge_page_size: 0
2019/10/17-14:56:14.242976 7fbc2cd30700                           Options.bloom_locality: 0
2019/10/17-14:56:14.242977 7fbc2cd30700                    Options.max_successive_merges: 0
2019/10/17-14:56:14.242978 7fbc2cd30700                Options.optimize_filters_for_hits: 0
2019/10/17-14:56:14.242978 7fbc2cd30700                Options.paranoid_file_checks: 0
2019/10/17-14:56:14.242979 7fbc2cd30700                Options.force_consistency_checks: 0
2019/10/17-14:56:14.242980 7fbc2cd30700                Options.report_bg_io_stats: 0
2019/10/17-14:56:14.242980 7fbc2cd30700                               Options.ttl: 0
2019/10/17-14:56:14.242991 7fbc2cd30700 [db/column_family.cc:472] --------------- Options for column family [htlcs]:
2019/10/17-14:56:14.242993 7fbc2cd30700               Options.comparator: leveldb.BytewiseComparator
2019/10/17-14:56:14.242993 7fbc2cd30700           Options.merge_operator: None
2019/10/17-14:56:14.242994 7fbc2cd30700        Options.compaction_filter: None
2019/10/17-14:56:14.242995 7fbc2cd30700        Options.compaction_filter_factory: None
2019/10/17-14:56:14.242995 7fbc2cd30700         Options.memtable_factory: SkipListFactory
2019/10/17-14:56:14.242996 7fbc2cd30700            Options.table_factory: BlockBasedTable
2019/10/17-14:56:14.243004 7fbc2cd30700            table_factory options:   flush_block_policy_factory: FlushBlockBySizePolicyFactory (0x7fbbb8058450)
