2019/10/17-14:56:13.724456 7fbc2cd30700 RocksDB version: 5.18.3
2019/10/17-14:56:13.724491 7fbc2cd30700 Git sha rocksdb_build_git_sha:@0@
2019/10/17-14:56:13.724492 7fbc2cd30700 Compile date Sep 19 2019
2019/10/17-14:56:13.724493 7fbc2cd30700 DB SUMMARY
2019/10/17-14:56:13.725118 7fbc2cd30700 CURRENT file:  CURRENT
2019/10/17-14:56:13.725120 7fbc2cd30700 IDENTITY file:  IDENTITY
2019/10/17-14:56:13.725146 7fbc2cd30700 MANIFEST file:  MANIFEST-116944 size: 4114 Bytes
2019/10/17-14:56:13.725147 7fbc2cd30700 SST files in /home/rahul/dev/blockchain-core/eqc/ledger.db dir, Total Num: 29, files: 000624.sst 000627.sst 106940.sst 108447.sst 108450.sst 109471.sst 109483.sst 109485.sst 109486.sst 
2019/10/17-14:56:13.725148 7fbc2cd30700 Write Ahead Log file in /home/rahul/dev/blockchain-core/eqc/ledger.db: 116945.log size: 0 ; 
2019/10/17-14:56:13.725179 7fbc2cd30700                         Options.error_if_exists: 0
2019/10/17-14:56:13.725180 7fbc2cd30700                       Options.create_if_missing: 1
2019/10/17-14:56:13.725181 7fbc2cd30700                         Options.paranoid_checks: 1
2019/10/17-14:56:13.725181 7fbc2cd30700                                     Options.env: 0x7fbbafa7bc60
2019/10/17-14:56:13.725182 7fbc2cd30700                                Options.info_log: 0x7fbbb8069380
2019/10/17-14:56:13.725183 7fbc2cd30700                Options.max_file_opening_threads: 16
2019/10/17-14:56:13.725183 7fbc2cd30700                              Options.statistics: (nil)
2019/10/17-14:56:13.725184 7fbc2cd30700                               Options.use_fsync: 0
2019/10/17-14:56:13.725185 7fbc2cd30700                       Options.max_log_file_size: 0
2019/10/17-14:56:13.725186 7fbc2cd30700                  Options.max_manifest_file_size: 1073741824
2019/10/17-14:56:13.725186 7fbc2cd30700                   Options.log_file_time_to_roll: 0
2019/10/17-14:56:13.725187 7fbc2cd30700                       Options.keep_log_file_num: 1000
2019/10/17-14:56:13.725188 7fbc2cd30700                    Options.recycle_log_file_num: 0
2019/10/17-14:56:13.725188 7fbc2cd30700                         Options.allow_fallocate: 1
2019/10/17-14:56:13.725189 7fbc2cd30700                        Options.allow_mmap_reads: 0
2019/10/17-14:56:13.725190 7fbc2cd30700                       Options.allow_mmap_writes: 0
2019/10/17-14:56:13.725190 7fbc2cd30700                        Options.use_direct_reads: 0
2019/10/17-14:56:13.725191 7fbc2cd30700                        Options.use_direct_io_for_flush_and_compaction: 0
2019/10/17-14:56:13.725192 7fbc2cd30700          Options.create_missing_column_families: 0
2019/10/17-14:56:13.725192 7fbc2cd30700                              Options.db_log_dir: 
2019/10/17-14:56:13.725193 7fbc2cd30700                                 Options.wal_dir: /home/rahul/dev/blockchain-core/eqc/ledger.db
2019/10/17-14:56:13.725194 7fbc2cd30700                Options.table_cache_numshardbits: 6
2019/10/17-14:56:13.725194 7fbc2cd30700                      Options.max_subcompactions: 1
2019/10/17-14:56:13.725195 7fbc2cd30700                  Options.max_background_flushes: -1
2019/10/17-14:56:13.725196 7fbc2cd30700                         Options.WAL_ttl_seconds: 0
2019/10/17-14:56:13.725197 7fbc2cd30700                       Options.WAL_size_limit_MB: 0
2019/10/17-14:56:13.725197 7fbc2cd30700             Options.manifest_preallocation_size: 4194304
2019/10/17-14:56:13.725198 7fbc2cd30700                     Options.is_fd_close_on_exec: 1
2019/10/17-14:56:13.725199 7fbc2cd30700                   Options.advise_random_on_open: 1
2019/10/17-14:56:13.725199 7fbc2cd30700                    Options.db_write_buffer_size: 0
2019/10/17-14:56:13.725200 7fbc2cd30700                    Options.write_buffer_manager: 0x7fbbb810e660
2019/10/17-14:56:13.725201 7fbc2cd30700         Options.access_hint_on_compaction_start: 1
2019/10/17-14:56:13.725201 7fbc2cd30700  Options.new_table_reader_for_compaction_inputs: 0
2019/10/17-14:56:13.725202 7fbc2cd30700           Options.random_access_max_buffer_size: 1048576
2019/10/17-14:56:13.725202 7fbc2cd30700                      Options.use_adaptive_mutex: 0
2019/10/17-14:56:13.725203 7fbc2cd30700                            Options.rate_limiter: (nil)
2019/10/17-14:56:13.725211 7fbc2cd30700     Options.sst_file_manager.rate_bytes_per_sec: 0
2019/10/17-14:56:13.725212 7fbc2cd30700                       Options.wal_recovery_mode: 2
2019/10/17-14:56:13.725213 7fbc2cd30700                  Options.enable_thread_tracking: 0
2019/10/17-14:56:13.725213 7fbc2cd30700                  Options.enable_pipelined_write: 0
2019/10/17-14:56:13.725214 7fbc2cd30700         Options.allow_concurrent_memtable_write: 1
2019/10/17-14:56:13.725215 7fbc2cd30700      Options.enable_write_thread_adaptive_yield: 1
2019/10/17-14:56:13.725215 7fbc2cd30700             Options.write_thread_max_yield_usec: 100
2019/10/17-14:56:13.725216 7fbc2cd30700            Options.write_thread_slow_yield_usec: 3
2019/10/17-14:56:13.725217 7fbc2cd30700                               Options.row_cache: None
2019/10/17-14:56:13.725217 7fbc2cd30700                              Options.wal_filter: None
2019/10/17-14:56:13.725218 7fbc2cd30700             Options.avoid_flush_during_recovery: 0
2019/10/17-14:56:13.725219 7fbc2cd30700             Options.allow_ingest_behind: 0
2019/10/17-14:56:13.725220 7fbc2cd30700             Options.preserve_deletes: 0
2019/10/17-14:56:13.725220 7fbc2cd30700             Options.two_write_queues: 0
2019/10/17-14:56:13.725221 7fbc2cd30700             Options.manual_wal_flush: 0
2019/10/17-14:56:13.725222 7fbc2cd30700             Options.max_background_jobs: 2
2019/10/17-14:56:13.725222 7fbc2cd30700             Options.max_background_compactions: -1
2019/10/17-14:56:13.725223 7fbc2cd30700             Options.avoid_flush_during_shutdown: 0
2019/10/17-14:56:13.725224 7fbc2cd30700           Options.writable_file_max_buffer_size: 1048576
2019/10/17-14:56:13.725224 7fbc2cd30700             Options.delayed_write_rate : 16777216
2019/10/17-14:56:13.725225 7fbc2cd30700             Options.max_total_wal_size: 0
2019/10/17-14:56:13.725226 7fbc2cd30700             Options.delete_obsolete_files_period_micros: 21600000000
2019/10/17-14:56:13.725226 7fbc2cd30700                   Options.stats_dump_period_sec: 600
2019/10/17-14:56:13.725227 7fbc2cd30700                          Options.max_open_files: -1
2019/10/17-14:56:13.725228 7fbc2cd30700                          Options.bytes_per_sync: 0
2019/10/17-14:56:13.725228 7fbc2cd30700                      Options.wal_bytes_per_sync: 0
2019/10/17-14:56:13.725229 7fbc2cd30700       Options.compaction_readahead_size: 0
2019/10/17-14:56:13.725230 7fbc2cd30700 Compression algorithms supported:
2019/10/17-14:56:13.725231 7fbc2cd30700 	kZSTDNotFinalCompression supported: 0
2019/10/17-14:56:13.725232 7fbc2cd30700 	kZSTD supported: 0
2019/10/17-14:56:13.725232 7fbc2cd30700 	kXpressCompression supported: 0
2019/10/17-14:56:13.725233 7fbc2cd30700 	kLZ4HCCompression supported: 0
2019/10/17-14:56:13.725234 7fbc2cd30700 	kLZ4Compression supported: 0
2019/10/17-14:56:13.725234 7fbc2cd30700 	kBZip2Compression supported: 0
2019/10/17-14:56:13.725235 7fbc2cd30700 	kZlibCompression supported: 0
2019/10/17-14:56:13.725236 7fbc2cd30700 	kSnappyCompression supported: 0
2019/10/17-14:56:13.725237 7fbc2cd30700 Fast CRC32 supported: Supported on x86
2019/10/17-14:56:13.725321 7fbc2cd30700 [db/version_set.cc:3507] Recovering from manifest file: MANIFEST-116944
2019/10/17-14:56:13.725350 7fbc2cd30700 [db/column_family.cc:472] --------------- Options for column family [default]:
2019/10/17-14:56:13.725351 7fbc2cd30700               Options.comparator: leveldb.BytewiseComparator
2019/10/17-14:56:13.725352 7fbc2cd30700           Options.merge_operator: None
2019/10/17-14:56:13.725353 7fbc2cd30700        Options.compaction_filter: None
2019/10/17-14:56:13.725354 7fbc2cd30700        Options.compaction_filter_factory: None
2019/10/17-14:56:13.725354 7fbc2cd30700         Options.memtable_factory: SkipListFactory
2019/10/17-14:56:13.725355 7fbc2cd30700            Options.table_factory: BlockBasedTable
2019/10/17-14:56:13.725369 7fbc2cd30700            table_factory options:   flush_block_policy_factory: FlushBlockBySizePolicyFactory (0x7fbbb80463f0)
  cache_index_and_filter_blocks: 0
  cache_index_and_filter_blocks_with_high_priority: 0
  pin_l0_filter_and_index_blocks_in_cache: 0
  pin_top_level_index_and_filter: 1
  index_type: 0
  hash_index_allow_collision: 1
  checksum: 1
  no_block_cache: 0
  block_cache: 0x7fbbb8299f30
  block_cache_name: LRUCache
  block_cache_options:
    capacity : 8388608
    num_shard_bits : 4
    strict_capacity_limit : 0
    memory_allocator : None
    high_pri_pool_ratio: 0.000
  block_cache_compressed: (nil)
  persistent_cache: (nil)
  block_size: 4096
  block_size_deviation: 10
  block_restart_interval: 16
  index_block_restart_interval: 1
  metadata_block_size: 4096
  partition_filters: 0
  use_delta_encoding: 1
  filter_policy: nullptr
  whole_key_filtering: 1
  verify_compression: 0
  read_amp_bytes_per_bit: 0
  format_version: 2
  enable_index_compression: 1
  block_align: 0
2019/10/17-14:56:13.725377 7fbc2cd30700        Options.write_buffer_size: 67108864
2019/10/17-14:56:13.725378 7fbc2cd30700  Options.max_write_buffer_number: 2
2019/10/17-14:56:13.725379 7fbc2cd30700          Options.compression: NoCompression
2019/10/17-14:56:13.725379 7fbc2cd30700                  Options.bottommost_compression: Disabled
2019/10/17-14:56:13.725380 7fbc2cd30700       Options.prefix_extractor: nullptr
2019/10/17-14:56:13.725381 7fbc2cd30700   Options.memtable_insert_with_hint_prefix_extractor: nullptr
2019/10/17-14:56:13.725382 7fbc2cd30700             Options.num_levels: 7
2019/10/17-14:56:13.725382 7fbc2cd30700        Options.min_write_buffer_number_to_merge: 1
2019/10/17-14:56:13.725383 7fbc2cd30700     Options.max_write_buffer_number_to_maintain: 0
2019/10/17-14:56:13.725384 7fbc2cd30700            Options.bottommost_compression_opts.window_bits: -14
2019/10/17-14:56:13.725384 7fbc2cd30700                  Options.bottommost_compression_opts.level: 32767
2019/10/17-14:56:13.725385 7fbc2cd30700               Options.bottommost_compression_opts.strategy: 0
2019/10/17-14:56:13.725386 7fbc2cd30700         Options.bottommost_compression_opts.max_dict_bytes: 0
2019/10/17-14:56:13.725386 7fbc2cd30700         Options.bottommost_compression_opts.zstd_max_train_bytes: 0
2019/10/17-14:56:13.725387 7fbc2cd30700                  Options.bottommost_compression_opts.enabled: false
2019/10/17-14:56:13.725388 7fbc2cd30700            Options.compression_opts.window_bits: -14
2019/10/17-14:56:13.725388 7fbc2cd30700                  Options.compression_opts.level: 32767
2019/10/17-14:56:13.725389 7fbc2cd30700               Options.compression_opts.strategy: 0
2019/10/17-14:56:13.725390 7fbc2cd30700         Options.compression_opts.max_dict_bytes: 0
2019/10/17-14:56:13.725390 7fbc2cd30700         Options.compression_opts.zstd_max_train_bytes: 0
2019/10/17-14:56:13.725391 7fbc2cd30700                  Options.compression_opts.enabled: false
2019/10/17-14:56:13.725392 7fbc2cd30700      Options.level0_file_num_compaction_trigger: 4
2019/10/17-14:56:13.725392 7fbc2cd30700          Options.level0_slowdown_writes_trigger: 20
2019/10/17-14:56:13.725393 7fbc2cd30700              Options.level0_stop_writes_trigger: 36
2019/10/17-14:56:13.725394 7fbc2cd30700                   Options.target_file_size_base: 67108864
2019/10/17-14:56:13.725394 7fbc2cd30700             Options.target_file_size_multiplier: 1
2019/10/17-14:56:13.725395 7fbc2cd30700                Options.max_bytes_for_level_base: 268435456
2019/10/17-14:56:13.725396 7fbc2cd30700 Options.level_compaction_dynamic_level_bytes: 0
2019/10/17-14:56:13.725396 7fbc2cd30700          Options.max_bytes_for_level_multiplier: 10.000000
2019/10/17-14:56:13.725398 7fbc2cd30700 Options.max_bytes_for_level_multiplier_addtl[0]: 1
2019/10/17-14:56:13.725399 7fbc2cd30700 Options.max_bytes_for_level_multiplier_addtl[1]: 1
2019/10/17-14:56:13.725400 7fbc2cd30700 Options.max_bytes_for_level_multiplier_addtl[2]: 1
2019/10/17-14:56:13.725400 7fbc2cd30700 Options.max_bytes_for_level_multiplier_addtl[3]: 1
2019/10/17-14:56:13.725401 7fbc2cd30700 Options.max_bytes_for_level_multiplier_addtl[4]: 1
2019/10/17-14:56:13.725405 7fbc2cd30700 Options.max_bytes_for_level_multiplier_addtl[5]: 1
2019/10/17-14:56:13.725406 7fbc2cd30700 Options.max_bytes_for_level_multiplier_addtl[6]: 1
2019/10/17-14:56:13.725406 7fbc2cd30700       Options.max_sequential_skip_in_iterations: 8
2019/10/17-14:56:13.725407 7fbc2cd30700                    Options.max_compaction_bytes: 1677721600
2019/10/17-14:56:13.725408 7fbc2cd30700                        Options.arena_block_size: 8388608
2019/10/17-14:56:13.725408 7fbc2cd30700   Options.soft_pending_compaction_bytes_limit: 68719476736
2019/10/17-14:56:13.725409 7fbc2cd30700   Options.hard_pending_compaction_bytes_limit: 274877906944
2019/10/17-14:56:13.725410 7fbc2cd30700       Options.rate_limit_delay_max_milliseconds: 100
2019/10/17-14:56:13.725410 7fbc2cd30700                Options.disable_auto_compactions: 0
2019/10/17-14:56:13.725412 7fbc2cd30700                        Options.compaction_style: kCompactionStyleLevel
2019/10/17-14:56:13.725413 7fbc2cd30700                          Options.compaction_pri: kByCompensatedSize
2019/10/17-14:56:13.725414 7fbc2cd30700 Options.compaction_options_universal.size_ratio: 1
2019/10/17-14:56:13.725414 7fbc2cd30700 Options.compaction_options_universal.min_merge_width: 2
2019/10/17-14:56:13.725415 7fbc2cd30700 Options.compaction_options_universal.max_merge_width: 4294967295
2019/10/17-14:56:13.725416 7fbc2cd30700 Options.compaction_options_universal.max_size_amplification_percent: 200
2019/10/17-14:56:13.725416 7fbc2cd30700 Options.compaction_options_universal.compression_size_percent: -1
2019/10/17-14:56:13.725417 7fbc2cd30700 Options.compaction_options_universal.stop_style: kCompactionStopStyleTotalSize
2019/10/17-14:56:13.725418 7fbc2cd30700 Options.compaction_options_fifo.max_table_files_size: 1073741824
2019/10/17-14:56:13.725419 7fbc2cd30700 Options.compaction_options_fifo.allow_compaction: 0
2019/10/17-14:56:13.725419 7fbc2cd30700 Options.compaction_options_fifo.ttl: 0
2019/10/17-14:56:13.725420 7fbc2cd30700                   Options.table_properties_collectors: 
2019/10/17-14:56:13.725421 7fbc2cd30700                   Options.inplace_update_support: 0
2019/10/17-14:56:13.725421 7fbc2cd30700                 Options.inplace_update_num_locks: 10000
2019/10/17-14:56:13.725422 7fbc2cd30700               Options.memtable_prefix_bloom_size_ratio: 0.000000
2019/10/17-14:56:13.725423 7fbc2cd30700   Options.memtable_huge_page_size: 0
2019/10/17-14:56:13.725424 7fbc2cd30700                           Options.bloom_locality: 0
2019/10/17-14:56:13.725424 7fbc2cd30700                    Options.max_successive_merges: 0
2019/10/17-14:56:13.725425 7fbc2cd30700                Options.optimize_filters_for_hits: 0
2019/10/17-14:56:13.725426 7fbc2cd30700                Options.paranoid_file_checks: 0
2019/10/17-14:56:13.725426 7fbc2cd30700                Options.force_consistency_checks: 0
2019/10/17-14:56:13.725427 7fbc2cd30700                Options.report_bg_io_stats: 0
2019/10/17-14:56:13.725428 7fbc2cd30700                               Options.ttl: 0
2019/10/17-14:56:13.725453 7fbc2cd30700 [db/column_family.cc:472] --------------- Options for column family [active_gateways]:
2019/10/17-14:56:13.725454 7fbc2cd30700               Options.comparator: leveldb.BytewiseComparator
2019/10/17-14:56:13.725455 7fbc2cd30700           Options.merge_operator: None
2019/10/17-14:56:13.725456 7fbc2cd30700        Options.compaction_filter: None
2019/10/17-14:56:13.725456 7fbc2cd30700        Options.compaction_filter_factory: None
2019/10/17-14:56:13.725457 7fbc2cd30700         Options.memtable_factory: SkipListFactory
2019/10/17-14:56:13.725458 7fbc2cd30700            Options.table_factory: BlockBasedTable
2019/10/17-14:56:13.725467 7fbc2cd30700            table_factory options:   flush_block_policy_factory: FlushBlockBySizePolicyFactory (0x7fbbb8110b00)
  cache_index_and_filter_blocks: 0
  cache_index_and_filter_blocks_with_high_priority: 0
  pin_l0_filter_and_index_blocks_in_cache: 0
  pin_top_level_index_and_filter: 1
  index_type: 0
  hash_index_allow_collision: 1
  checksum: 1
  no_block_cache: 0
  block_cache: 0x7fbbb8039d20
  block_cache_name: LRUCache
  block_cache_options:
    capacity : 8388608
    num_shard_bits : 4
    strict_capacity_limit : 0
    memory_allocator : None
    high_pri_pool_ratio: 0.000
  block_cache_compressed: (nil)
  persistent_cache: (nil)
  block_size: 4096
  block_size_deviation: 10
  block_restart_interval: 16
  index_block_restart_interval: 1
  metadata_block_size: 4096
  partition_filters: 0
  use_delta_encoding: 1
  filter_policy: nullptr
  whole_key_filtering: 1
  verify_compression: 0
  read_amp_bytes_per_bit: 0
  format_version: 2
  enable_index_compression: 1
  block_align: 0
2019/10/17-14:56:13.725473 7fbc2cd30700        Options.write_buffer_size: 67108864
2019/10/17-14:56:13.725474 7fbc2cd30700  Options.max_write_buffer_number: 2
2019/10/17-14:56:13.725474 7fbc2cd30700          Options.compression: NoCompression
2019/10/17-14:56:13.725475 7fbc2cd30700                  Options.bottommost_compression: Disabled
2019/10/17-14:56:13.725476 7fbc2cd30700       Options.prefix_extractor: nullptr
2019/10/17-14:56:13.725476 7fbc2cd30700   Options.memtable_insert_with_hint_prefix_extractor: nullptr
2019/10/17-14:56:13.725477 7fbc2cd30700             Options.num_levels: 7
2019/10/17-14:56:13.725478 7fbc2cd30700        Options.min_write_buffer_number_to_merge: 1
2019/10/17-14:56:13.725478 7fbc2cd30700     Options.max_write_buffer_number_to_maintain: 0
2019/10/17-14:56:13.725479 7fbc2cd30700            Options.bottommost_compression_opts.window_bits: -14
2019/10/17-14:56:13.725480 7fbc2cd30700                  Options.bottommost_compression_opts.level: 32767
2019/10/17-14:56:13.725480 7fbc2cd30700               Options.bottommost_compression_opts.strategy: 0
2019/10/17-14:56:13.725481 7fbc2cd30700         Options.bottommost_compression_opts.max_dict_bytes: 0
2019/10/17-14:56:13.725482 7fbc2cd30700         Options.bottommost_compression_opts.zstd_max_train_bytes: 0
2019/10/17-14:56:13.725482 7fbc2cd30700                  Options.bottommost_compression_opts.enabled: false
2019/10/17-14:56:13.725483 7fbc2cd30700            Options.compression_opts.window_bits: -14
2019/10/17-14:56:13.725484 7fbc2cd30700                  Options.compression_opts.level: 32767
2019/10/17-14:56:13.725484 7fbc2cd30700               Options.compression_opts.strategy: 0
2019/10/17-14:56:13.725485 7fbc2cd30700         Options.compression_opts.max_dict_bytes: 0
2019/10/17-14:56:13.725486 7fbc2cd30700         Options.compression_opts.zstd_max_train_bytes: 0
2019/10/17-14:56:13.725486 7fbc2cd30700                  Options.compression_opts.enabled: false
2019/10/17-14:56:13.725487 7fbc2cd30700      Options.level0_file_num_compaction_trigger: 4
2019/10/17-14:56:13.725488 7fbc2cd30700          Options.level0_slowdown_writes_trigger: 20
2019/10/17-14:56:13.725488 7fbc2cd30700              Options.level0_stop_writes_trigger: 36
2019/10/17-14:56:13.725489 7fbc2cd30700                   Options.target_file_size_base: 67108864
2019/10/17-14:56:13.725490 7fbc2cd30700             Options.target_file_size_multiplier: 1
2019/10/17-14:56:13.725490 7fbc2cd30700                Options.max_bytes_for_level_base: 268435456
2019/10/17-14:56:13.725491 7fbc2cd30700 Options.level_compaction_dynamic_level_bytes: 0
2019/10/17-14:56:13.725491 7fbc2cd30700          Options.max_bytes_for_level_multiplier: 10.000000
2019/10/17-14:56:13.725493 7fbc2cd30700 Options.max_bytes_for_level_multiplier_addtl[0]: 1
2019/10/17-14:56:13.725493 7fbc2cd30700 Options.max_bytes_for_level_multiplier_addtl[1]: 1
2019/10/17-14:56:13.725494 7fbc2cd30700 Options.max_bytes_for_level_multiplier_addtl[2]: 1
2019/10/17-14:56:13.725495 7fbc2cd30700 Options.max_bytes_for_level_multiplier_addtl[3]: 1
2019/10/17-14:56:13.725495 7fbc2cd30700 Options.max_bytes_for_level_multiplier_addtl[4]: 1
2019/10/17-14:56:13.725496 7fbc2cd30700 Options.max_bytes_for_level_multiplier_addtl[5]: 1
2019/10/17-14:56:13.725497 7fbc2cd30700 Options.max_bytes_for_level_multiplier_addtl[6]: 1
2019/10/17-14:56:13.725497 7fbc2cd30700       Options.max_sequential_skip_in_iterations: 8
2019/10/17-14:56:13.725501 7fbc2cd30700                    Options.max_compaction_bytes: 1677721600
2019/10/17-14:56:13.725502 7fbc2cd30700                        Options.arena_block_size: 8388608
2019/10/17-14:56:13.725503 7fbc2cd30700   Options.soft_pending_compaction_bytes_limit: 68719476736
2019/10/17-14:56:13.725503 7fbc2cd30700   Options.hard_pending_compaction_bytes_limit: 274877906944
2019/10/17-14:56:13.725504 7fbc2cd30700       Options.rate_limit_delay_max_milliseconds: 100
2019/10/17-14:56:13.725505 7fbc2cd30700                Options.disable_auto_compactions: 0
2019/10/17-14:56:13.725505 7fbc2cd30700                        Options.compaction_style: kCompactionStyleLevel
2019/10/17-14:56:13.725506 7fbc2cd30700                          Options.compaction_pri: kByCompensatedSize
2019/10/17-14:56:13.725507 7fbc2cd30700 Options.compaction_options_universal.size_ratio: 1
2019/10/17-14:56:13.725508 7fbc2cd30700 Options.compaction_options_universal.min_merge_width: 2
2019/10/17-14:56:13.725508 7fbc2cd30700 Options.compaction_options_universal.max_merge_width: 4294967295
2019/10/17-14:56:13.725509 7fbc2cd30700 Options.compaction_options_universal.max_size_amplification_percent: 200
2019/10/17-14:56:13.725509 7fbc2cd30700 Options.compaction_options_universal.compression_size_percent: -1
2019/10/17-14:56:13.725510 7fbc2cd30700 Options.compaction_options_universal.stop_style: kCompactionStopStyleTotalSize
2019/10/17-14:56:13.725511 7fbc2cd30700 Options.compaction_options_fifo.max_table_files_size: 1073741824
2019/10/17-14:56:13.725511 7fbc2cd30700 Options.compaction_options_fifo.allow_compaction: 0
2019/10/17-14:56:13.725512 7fbc2cd30700 Options.compaction_options_fifo.ttl: 0
2019/10/17-14:56:13.725513 7fbc2cd30700                   Options.table_properties_collectors: 
2019/10/17-14:56:13.725513 7fbc2cd30700                   Options.inplace_update_support: 0
2019/10/17-14:56:13.725514 7fbc2cd30700                 Options.inplace_update_num_locks: 10000
2019/10/17-14:56:13.725515 7fbc2cd30700               Options.memtable_prefix_bloom_size_ratio: 0.000000
2019/10/17-14:56:13.725516 7fbc2cd30700   Options.memtable_huge_page_size: 0
2019/10/17-14:56:13.725516 7fbc2cd30700                           Options.bloom_locality: 0
2019/10/17-14:56:13.725517 7fbc2cd30700                    Options.max_successive_merges: 0
2019/10/17-14:56:13.725518 7fbc2cd30700                Options.optimize_filters_for_hits: 0
2019/10/17-14:56:13.725518 7fbc2cd30700                Options.paranoid_file_checks: 0
2019/10/17-14:56:13.725519 7fbc2cd30700                Options.force_consistency_checks: 0
2019/10/17-14:56:13.725520 7fbc2cd30700                Options.report_bg_io_stats: 0
2019/10/17-14:56:13.725520 7fbc2cd30700                               Options.ttl: 0
2019/10/17-14:56:13.725534 7fbc2cd30700 [db/column_family.cc:472] --------------- Options for column family [entries]:
2019/10/17-14:56:13.725536 7fbc2cd30700               Options.comparator: leveldb.BytewiseComparator
2019/10/17-14:56:13.725536 7fbc2cd30700           Options.merge_operator: None
2019/10/17-14:56:13.725537 7fbc2cd30700        Options.compaction_filter: None
2019/10/17-14:56:13.725538 7fbc2cd30700        Options.compaction_filter_factory: None
2019/10/17-14:56:13.725538 7fbc2cd30700         Options.memtable_factory: SkipListFactory
2019/10/17-14:56:13.725539 7fbc2cd30700            Options.table_factory: BlockBasedTable
2019/10/17-14:56:13.725547 7fbc2cd30700            table_factory options:   flush_block_policy_factory: FlushBlockBySizePolicyFactory (0x7fbbb8022180)
  cache_index_and_filter_blocks: 0
  cache_index_and_filter_blocks_with_high_priority: 0
  pin_l0_filter_and_index_blocks_in_cache: 0
  pin_top_level_index_and_filter: 1
  index_type: 0
  hash_index_allow_collision: 1
  checksum: 1
  no_block_cache: 0
  block_cache: 0x7fbbb804afe0
  block_cache_name: LRUCache
  block_cache_options:
    capacity : 8388608
    num_shard_bits : 4
    strict_capacity_limit : 0
    memory_allocator : None
    high_pri_pool_ratio: 0.000
  block_cache_compressed: (nil)
  persistent_cache: (nil)
  block_size: 4096
  block_size_deviation: 10
  block_restart_interval: 16
  index_block_restart_interval: 1
  metadata_block_size: 4096
  partition_filters: 0
  use_delta_encoding: 1
  filter_policy: nullptr
  whole_key_filtering: 1
  verify_compression: 0
  read_amp_bytes_per_bit: 0
  format_version: 2
  enable_index_compression: 1
  block_align: 0
2019/10/17-14:56:13.725552 7fbc2cd30700        Options.write_buffer_size: 67108864
2019/10/17-14:56:13.725553 7fbc2cd30700  Options.max_write_buffer_number: 2
2019/10/17-14:56:13.725554 7fbc2cd30700          Options.compression: NoCompression
2019/10/17-14:56:13.725555 7fbc2cd30700                  Options.bottommost_compression: Disabled
2019/10/17-14:56:13.725555 7fbc2cd30700       Options.prefix_extractor: nullptr
2019/10/17-14:56:13.725556 7fbc2cd30700   Options.memtable_insert_with_hint_prefix_extractor: nullptr
2019/10/17-14:56:13.725557 7fbc2cd30700             Options.num_levels: 7
2019/10/17-14:56:13.725557 7fbc2cd30700        Options.min_write_buffer_number_to_merge: 1
2019/10/17-14:56:13.725558 7fbc2cd30700     Options.max_write_buffer_number_to_maintain: 0
2019/10/17-14:56:13.725559 7fbc2cd30700            Options.bottommost_compression_opts.window_bits: -14
2019/10/17-14:56:13.725559 7fbc2cd30700                  Options.bottommost_compression_opts.level: 32767
2019/10/17-14:56:13.725560 7fbc2cd30700               Options.bottommost_compression_opts.strategy: 0
2019/10/17-14:56:13.725560 7fbc2cd30700         Options.bottommost_compression_opts.max_dict_bytes: 0
2019/10/17-14:56:13.725561 7fbc2cd30700         Options.bottommost_compression_opts.zstd_max_train_bytes: 0
2019/10/17-14:56:13.725562 7fbc2cd30700                  Options.bottommost_compression_opts.enabled: false
2019/10/17-14:56:13.725562 7fbc2cd30700            Options.compression_opts.window_bits: -14
2019/10/17-14:56:13.725563 7fbc2cd30700                  Options.compression_opts.level: 32767
2019/10/17-14:56:13.725564 7fbc2cd30700               Options.compression_opts.strategy: 0
2019/10/17-14:56:13.725564 7fbc2cd30700         Options.compression_opts.max_dict_bytes: 0
2019/10/17-14:56:13.725565 7fbc2cd30700         Options.compression_opts.zstd_max_train_bytes: 0
2019/10/17-14:56:13.725566 7fbc2cd30700                  Options.compression_opts.enabled: false
2019/10/17-14:56:13.725566 7fbc2cd30700      Options.level0_file_num_compaction_trigger: 4
2019/10/17-14:56:13.725567 7fbc2cd30700          Options.level0_slowdown_writes_trigger: 20
2019/10/17-14:56:13.725567 7fbc2cd30700              Options.level0_stop_writes_trigger: 36
2019/10/17-14:56:13.725568 7fbc2cd30700                   Options.target_file_size_base: 67108864
2019/10/17-14:56:13.725569 7fbc2cd30700             Options.target_file_size_multiplier: 1
2019/10/17-14:56:13.725569 7fbc2cd30700                Options.max_bytes_for_level_base: 268435456
2019/10/17-14:56:13.725570 7fbc2cd30700 Options.level_compaction_dynamic_level_bytes: 0
2019/10/17-14:56:13.725571 7fbc2cd30700          Options.max_bytes_for_level_multiplier: 10.000000
2019/10/17-14:56:13.725572 7fbc2cd30700 Options.max_bytes_for_level_multiplier_addtl[0]: 1
2019/10/17-14:56:13.725573 7fbc2cd30700 Options.max_bytes_for_level_multiplier_addtl[1]: 1
2019/10/17-14:56:13.725573 7fbc2cd30700 Options.max_bytes_for_level_multiplier_addtl[2]: 1
2019/10/17-14:56:13.725574 7fbc2cd30700 Options.max_bytes_for_level_multiplier_addtl[3]: 1
2019/10/17-14:56:13.725575 7fbc2cd30700 Options.max_bytes_for_level_multiplier_addtl[4]: 1
2019/10/17-14:56:13.725575 7fbc2cd30700 Options.max_bytes_for_level_multiplier_addtl[5]: 1
2019/10/17-14:56:13.725576 7fbc2cd30700 Options.max_bytes_for_level_multiplier_addtl[6]: 1
2019/10/17-14:56:13.725577 7fbc2cd30700       Options.max_sequential_skip_in_iterations: 8
2019/10/17-14:56:13.725577 7fbc2cd30700                    Options.max_compaction_bytes: 1677721600
2019/10/17-14:56:13.725578 7fbc2cd30700                        Options.arena_block_size: 8388608
2019/10/17-14:56:13.725579 7fbc2cd30700   Options.soft_pending_compaction_bytes_limit: 68719476736
2019/10/17-14:56:13.725583 7fbc2cd30700   Options.hard_pending_compaction_bytes_limit: 274877906944
2019/10/17-14:56:13.725584 7fbc2cd30700       Options.rate_limit_delay_max_milliseconds: 100
2019/10/17-14:56:13.725584 7fbc2cd30700                Options.disable_auto_compactions: 0
2019/10/17-14:56:13.725585 7fbc2cd30700                        Options.compaction_style: kCompactionStyleLevel
2019/10/17-14:56:13.725586 7fbc2cd30700                          Options.compaction_pri: kByCompensatedSize
2019/10/17-14:56:13.725587 7fbc2cd30700 Options.compaction_options_universal.size_ratio: 1
2019/10/17-14:56:13.725587 7fbc2cd30700 Options.compaction_options_universal.min_merge_width: 2
2019/10/17-14:56:13.725588 7fbc2cd30700 Options.compaction_options_universal.max_merge_width: 4294967295
2019/10/17-14:56:13.725588 7fbc2cd30700 Options.compaction_options_universal.max_size_amplification_percent: 200
2019/10/17-14:56:13.725589 7fbc2cd30700 Options.compaction_options_universal.compression_size_percent: -1
2019/10/17-14:56:13.725590 7fbc2cd30700 Options.compaction_options_universal.stop_style: kCompactionStopStyleTotalSize
2019/10/17-14:56:13.725591 7fbc2cd30700 Options.compaction_options_fifo.max_table_files_size: 1073741824
2019/10/17-14:56:13.725591 7fbc2cd30700 Options.compaction_options_fifo.allow_compaction: 0
2019/10/17-14:56:13.725592 7fbc2cd30700 Options.compaction_options_fifo.ttl: 0
2019/10/17-14:56:13.725593 7fbc2cd30700                   Options.table_properties_collectors: 
2019/10/17-14:56:13.725593 7fbc2cd30700                   Options.inplace_update_support: 0
2019/10/17-14:56:13.725594 7fbc2cd30700                 Options.inplace_update_num_locks: 10000
2019/10/17-14:56:13.725594 7fbc2cd30700               Options.memtable_prefix_bloom_size_ratio: 0.000000
2019/10/17-14:56:13.725595 7fbc2cd30700   Options.memtable_huge_page_size: 0
2019/10/17-14:56:13.725596 7fbc2cd30700                           Options.bloom_locality: 0
2019/10/17-14:56:13.725597 7fbc2cd30700                    Options.max_successive_merges: 0
2019/10/17-14:56:13.725597 7fbc2cd30700                Options.optimize_filters_for_hits: 0
2019/10/17-14:56:13.725598 7fbc2cd30700                Options.paranoid_file_checks: 0
2019/10/17-14:56:13.725599 7fbc2cd30700                Options.force_consistency_checks: 0
2019/10/17-14:56:13.725599 7fbc2cd30700                Options.report_bg_io_stats: 0
2019/10/17-14:56:13.725600 7fbc2cd30700                               Options.ttl: 0
2019/10/17-14:56:13.725612 7fbc2cd30700 [db/column_family.cc:472] --------------- Options for column family [dc_entries]:
2019/10/17-14:56:13.725614 7fbc2cd30700               Options.comparator: leveldb.BytewiseComparator
2019/10/17-14:56:13.725614 7fbc2cd30700           Options.merge_operator: None
2019/10/17-14:56:13.725615 7fbc2cd30700        Options.compaction_filter: None
2019/10/17-14:56:13.725616 7fbc2cd30700        Options.compaction_filter_factory: None
2019/10/17-14:56:13.725616 7fbc2cd30700         Options.memtable_factory: SkipListFactory
2019/10/17-14:56:13.725617 7fbc2cd30700            Options.table_factory: BlockBasedTable
2019/10/17-14:56:13.725625 7fbc2cd30700            table_factory options:   flush_block_policy_factory: FlushBlockBySizePolicyFactory (0x7fbbb8035d50)
  cache_index_and_filter_blocks: 0
  cache_index_and_filter_blocks_with_high_priority: 0
  pin_l0_filter_and_index_blocks_in_cache: 0
  pin_top_level_index_and_filter: 1
  index_type: 0
  hash_index_allow_collision: 1
  checksum: 1
  no_block_cache: 0
  block_cache: 0x7fbbb80a1580
  block_cache_name: LRUCache
  block_cache_options:
    capacity : 8388608
    num_shard_bits : 4
    strict_capacity_limit : 0
    memory_allocator : None
    high_pri_pool_ratio: 0.000
  block_cache_compressed: (nil)
  persistent_cache: (nil)
  block_size: 4096
  block_size_deviation: 10
  block_restart_interval: 16
  index_block_restart_interval: 1
  metadata_block_size: 4096
  partition_filters: 0
  use_delta_encoding: 1
  filter_policy: nullptr
  whole_key_filtering: 1
  verify_compression: 0
  read_amp_bytes_per_bit: 0
  format_version: 2
  enable_index_compression: 1
  block_align: 0
2019/10/17-14:56:13.725630 7fbc2cd30700        Options.write_buffer_size: 67108864
2019/10/17-14:56:13.725631 7fbc2cd30700  Options.max_write_buffer_number: 2
2019/10/17-14:56:13.725632 7fbc2cd30700          Options.compression: NoCompression
2019/10/17-14:56:13.725633 7fbc2cd30700                  Options.bottommost_compression: Disabled
2019/10/17-14:56:13.725633 7fbc2cd30700       Options.prefix_extractor: nullptr
2019/10/17-14:56:13.725634 7fbc2cd30700   Options.memtable_insert_with_hint_prefix_extractor: nullptr
2019/10/17-14:56:13.725635 7fbc2cd30700             Options.num_levels: 7
2019/10/17-14:56:13.725635 7fbc2cd30700        Options.min_write_buffer_number_to_merge: 1
2019/10/17-14:56:13.725636 7fbc2cd30700     Options.max_write_buffer_number_to_maintain: 0
2019/10/17-14:56:13.725637 7fbc2cd30700            Options.bottommost_compression_opts.window_bits: -14
2019/10/17-14:56:13.725637 7fbc2cd30700                  Options.bottommost_compression_opts.level: 32767
2019/10/17-14:56:13.725638 7fbc2cd30700               Options.bottommost_compression_opts.strategy: 0
2019/10/17-14:56:13.725639 7fbc2cd30700         Options.bottommost_compression_opts.max_dict_bytes: 0
2019/10/17-14:56:13.725639 7fbc2cd30700         Options.bottommost_compression_opts.zstd_max_train_bytes: 0
2019/10/17-14:56:13.725640 7fbc2cd30700                  Options.bottommost_compression_opts.enabled: false
2019/10/17-14:56:13.725641 7fbc2cd30700            Options.compression_opts.window_bits: -14
2019/10/17-14:56:13.725641 7fbc2cd30700                  Options.compression_opts.level: 32767
2019/10/17-14:56:13.725642 7fbc2cd30700               Options.compression_opts.strategy: 0
2019/10/17-14:56:13.725642 7fbc2cd30700         Options.compression_opts.max_dict_bytes: 0
2019/10/17-14:56:13.725643 7fbc2cd30700         Options.compression_opts.zstd_max_train_bytes: 0
2019/10/17-14:56:13.725644 7fbc2cd30700                  Options.compression_opts.enabled: false
2019/10/17-14:56:13.725644 7fbc2cd30700      Options.level0_file_num_compaction_trigger: 4
2019/10/17-14:56:13.725645 7fbc2cd30700          Options.level0_slowdown_writes_trigger: 20
2019/10/17-14:56:13.725646 7fbc2cd30700              Options.level0_stop_writes_trigger: 36
2019/10/17-14:56:13.725646 7fbc2cd30700                   Options.target_file_size_base: 67108864
2019/10/17-14:56:13.725647 7fbc2cd30700             Options.target_file_size_multiplier: 1
2019/10/17-14:56:13.725648 7fbc2cd30700                Options.max_bytes_for_level_base: 268435456
2019/10/17-14:56:13.725648 7fbc2cd30700 Options.level_compaction_dynamic_level_bytes: 0
2019/10/17-14:56:13.725649 7fbc2cd30700          Options.max_bytes_for_level_multiplier: 10.000000
2019/10/17-14:56:13.725650 7fbc2cd30700 Options.max_bytes_for_level_multiplier_addtl[0]: 1
2019/10/17-14:56:13.725651 7fbc2cd30700 Options.max_bytes_for_level_multiplier_addtl[1]: 1
2019/10/17-14:56:13.725651 7fbc2cd30700 Options.max_bytes_for_level_multiplier_addtl[2]: 1
2019/10/17-14:56:13.725652 7fbc2cd30700 Options.max_bytes_for_level_multiplier_addtl[3]: 1
2019/10/17-14:56:13.725653 7fbc2cd30700 Options.max_bytes_for_level_multiplier_addtl[4]: 1
2019/10/17-14:56:13.725653 7fbc2cd30700 Options.max_bytes_for_level_multiplier_addtl[5]: 1
2019/10/17-14:56:13.725654 7fbc2cd30700 Options.max_bytes_for_level_multiplier_addtl[6]: 1
2019/10/17-14:56:13.725655 7fbc2cd30700       Options.max_sequential_skip_in_iterations: 8
2019/10/17-14:56:13.725655 7fbc2cd30700                    Options.max_compaction_bytes: 1677721600
2019/10/17-14:56:13.725656 7fbc2cd30700                        Options.arena_block_size: 8388608
2019/10/17-14:56:13.725657 7fbc2cd30700   Options.soft_pending_compaction_bytes_limit: 68719476736
2019/10/17-14:56:13.725657 7fbc2cd30700   Options.hard_pending_compaction_bytes_limit: 274877906944
2019/10/17-14:56:13.725658 7fbc2cd30700       Options.rate_limit_delay_max_milliseconds: 100
2019/10/17-14:56:13.725659 7fbc2cd30700                Options.disable_auto_compactions: 0
2019/10/17-14:56:13.725662 7fbc2cd30700                        Options.compaction_style: kCompactionStyleLevel
2019/10/17-14:56:13.725663 7fbc2cd30700                          Options.compaction_pri: kByCompensatedSize
2019/10/17-14:56:13.725664 7fbc2cd30700 Options.compaction_options_universal.size_ratio: 1
2019/10/17-14:56:13.725665 7fbc2cd30700 Options.compaction_options_universal.min_merge_width: 2
2019/10/17-14:56:13.725665 7fbc2cd30700 Options.compaction_options_universal.max_merge_width: 4294967295
2019/10/17-14:56:13.725666 7fbc2cd30700 Options.compaction_options_universal.max_size_amplification_percent: 200
2019/10/17-14:56:13.725667 7fbc2cd30700 Options.compaction_options_universal.compression_size_percent: -1
2019/10/17-14:56:13.725667 7fbc2cd30700 Options.compaction_options_universal.stop_style: kCompactionStopStyleTotalSize
2019/10/17-14:56:13.725668 7fbc2cd30700 Options.compaction_options_fifo.max_table_files_size: 1073741824
2019/10/17-14:56:13.725669 7fbc2cd30700 Options.compaction_options_fifo.allow_compaction: 0
2019/10/17-14:56:13.725669 7fbc2cd30700 Options.compaction_options_fifo.ttl: 0
2019/10/17-14:56:13.725670 7fbc2cd30700                   Options.table_properties_collectors: 
2019/10/17-14:56:13.725671 7fbc2cd30700                   Options.inplace_update_support: 0
2019/10/17-14:56:13.725671 7fbc2cd30700                 Options.inplace_update_num_locks: 10000
2019/10/17-14:56:13.725672 7fbc2cd30700               Options.memtable_prefix_bloom_size_ratio: 0.000000
2019/10/17-14:56:13.725673 7fbc2cd30700   Options.memtable_huge_page_size: 0
2019/10/17-14:56:13.725674 7fbc2cd30700                           Options.bloom_locality: 0
2019/10/17-14:56:13.725674 7fbc2cd30700                    Options.max_successive_merges: 0
2019/10/17-14:56:13.725675 7fbc2cd30700                Options.optimize_filters_for_hits: 0
2019/10/17-14:56:13.725675 7fbc2cd30700                Options.paranoid_file_checks: 0
2019/10/17-14:56:13.725676 7fbc2cd30700                Options.force_consistency_checks: 0
2019/10/17-14:56:13.725677 7fbc2cd30700                Options.report_bg_io_stats: 0
2019/10/17-14:56:13.725677 7fbc2cd30700                               Options.ttl: 0
2019/10/17-14:56:13.725688 7fbc2cd30700 [db/column_family.cc:472] --------------- Options for column family [htlcs]:
2019/10/17-14:56:13.725689 7fbc2cd30700               Options.comparator: leveldb.BytewiseComparator
2019/10/17-14:56:13.725689 7fbc2cd30700           Options.merge_operator: None
2019/10/17-14:56:13.725690 7fbc2cd30700        Options.compaction_filter: None
2019/10/17-14:56:13.725691 7fbc2cd30700        Options.compaction_filter_factory: None
2019/10/17-14:56:13.725691 7fbc2cd30700         Options.memtable_factory: SkipListFactory
2019/10/17-14:56:13.725692 7fbc2cd30700            Options.table_factory: BlockBasedTable
2019/10/17-14:56:13.725700 7fbc2cd30700            table_factory options:   flush_block_policy_factory: FlushBlockBySizePolicyFactory (0x7fbbb80ed310)
