2019/10/17-14:55:02.265915 7fc3a9fcb700 RocksDB version: 5.18.3
2019/10/17-14:55:02.265945 7fc3a9fcb700 Git sha rocksdb_build_git_sha:@0@
2019/10/17-14:55:02.265947 7fc3a9fcb700 Compile date Sep 19 2019
2019/10/17-14:55:02.265949 7fc3a9fcb700 DB SUMMARY
2019/10/17-14:55:02.266728 7fc3a9fcb700 CURRENT file:  CURRENT
2019/10/17-14:55:02.266730 7fc3a9fcb700 IDENTITY file:  IDENTITY
2019/10/17-14:55:02.266763 7fc3a9fcb700 MANIFEST file:  MANIFEST-116203 size: 4114 Bytes
2019/10/17-14:55:02.266765 7fc3a9fcb700 SST files in /home/rahul/dev/blockchain-core/eqc/ledger.db dir, Total Num: 29, files: 000624.sst 000627.sst 106940.sst 108447.sst 108450.sst 109471.sst 109483.sst 109485.sst 109486.sst 
2019/10/17-14:55:02.266766 7fc3a9fcb700 Write Ahead Log file in /home/rahul/dev/blockchain-core/eqc/ledger.db: 116204.log size: 0 ; 
2019/10/17-14:55:02.266804 7fc3a9fcb700                         Options.error_if_exists: 0
2019/10/17-14:55:02.266805 7fc3a9fcb700                       Options.create_if_missing: 1
2019/10/17-14:55:02.266806 7fc3a9fcb700                         Options.paranoid_checks: 1
2019/10/17-14:55:02.266807 7fc3a9fcb700                                     Options.env: 0x7fc32ae1fc60
2019/10/17-14:55:02.266808 7fc3a9fcb700                                Options.info_log: 0x7fc350050fd0
2019/10/17-14:55:02.266809 7fc3a9fcb700                Options.max_file_opening_threads: 16
2019/10/17-14:55:02.266810 7fc3a9fcb700                              Options.statistics: (nil)
2019/10/17-14:55:02.266811 7fc3a9fcb700                               Options.use_fsync: 0
2019/10/17-14:55:02.266811 7fc3a9fcb700                       Options.max_log_file_size: 0
2019/10/17-14:55:02.266812 7fc3a9fcb700                  Options.max_manifest_file_size: 1073741824
2019/10/17-14:55:02.266813 7fc3a9fcb700                   Options.log_file_time_to_roll: 0
2019/10/17-14:55:02.266814 7fc3a9fcb700                       Options.keep_log_file_num: 1000
2019/10/17-14:55:02.266815 7fc3a9fcb700                    Options.recycle_log_file_num: 0
2019/10/17-14:55:02.266816 7fc3a9fcb700                         Options.allow_fallocate: 1
2019/10/17-14:55:02.266817 7fc3a9fcb700                        Options.allow_mmap_reads: 0
2019/10/17-14:55:02.266818 7fc3a9fcb700                       Options.allow_mmap_writes: 0
2019/10/17-14:55:02.266819 7fc3a9fcb700                        Options.use_direct_reads: 0
2019/10/17-14:55:02.266820 7fc3a9fcb700                        Options.use_direct_io_for_flush_and_compaction: 0
2019/10/17-14:55:02.266820 7fc3a9fcb700          Options.create_missing_column_families: 0
2019/10/17-14:55:02.266821 7fc3a9fcb700                              Options.db_log_dir: 
2019/10/17-14:55:02.266822 7fc3a9fcb700                                 Options.wal_dir: /home/rahul/dev/blockchain-core/eqc/ledger.db
2019/10/17-14:55:02.266823 7fc3a9fcb700                Options.table_cache_numshardbits: 6
2019/10/17-14:55:02.266824 7fc3a9fcb700                      Options.max_subcompactions: 1
2019/10/17-14:55:02.266825 7fc3a9fcb700                  Options.max_background_flushes: -1
2019/10/17-14:55:02.266826 7fc3a9fcb700                         Options.WAL_ttl_seconds: 0
2019/10/17-14:55:02.266826 7fc3a9fcb700                       Options.WAL_size_limit_MB: 0
2019/10/17-14:55:02.266827 7fc3a9fcb700             Options.manifest_preallocation_size: 4194304
2019/10/17-14:55:02.266828 7fc3a9fcb700                     Options.is_fd_close_on_exec: 1
2019/10/17-14:55:02.266829 7fc3a9fcb700                   Options.advise_random_on_open: 1
2019/10/17-14:55:02.266830 7fc3a9fcb700                    Options.db_write_buffer_size: 0
2019/10/17-14:55:02.266831 7fc3a9fcb700                    Options.write_buffer_manager: 0x7fc3500e2b30
2019/10/17-14:55:02.266831 7fc3a9fcb700         Options.access_hint_on_compaction_start: 1
2019/10/17-14:55:02.266832 7fc3a9fcb700  Options.new_table_reader_for_compaction_inputs: 0
2019/10/17-14:55:02.266833 7fc3a9fcb700           Options.random_access_max_buffer_size: 1048576
2019/10/17-14:55:02.266834 7fc3a9fcb700                      Options.use_adaptive_mutex: 0
2019/10/17-14:55:02.266835 7fc3a9fcb700                            Options.rate_limiter: (nil)
2019/10/17-14:55:02.266844 7fc3a9fcb700     Options.sst_file_manager.rate_bytes_per_sec: 0
2019/10/17-14:55:02.266845 7fc3a9fcb700                       Options.wal_recovery_mode: 2
2019/10/17-14:55:02.266846 7fc3a9fcb700                  Options.enable_thread_tracking: 0
2019/10/17-14:55:02.266847 7fc3a9fcb700                  Options.enable_pipelined_write: 0
2019/10/17-14:55:02.266848 7fc3a9fcb700         Options.allow_concurrent_memtable_write: 1
2019/10/17-14:55:02.266848 7fc3a9fcb700      Options.enable_write_thread_adaptive_yield: 1
2019/10/17-14:55:02.266849 7fc3a9fcb700             Options.write_thread_max_yield_usec: 100
2019/10/17-14:55:02.266850 7fc3a9fcb700            Options.write_thread_slow_yield_usec: 3
2019/10/17-14:55:02.266851 7fc3a9fcb700                               Options.row_cache: None
2019/10/17-14:55:02.266852 7fc3a9fcb700                              Options.wal_filter: None
2019/10/17-14:55:02.266853 7fc3a9fcb700             Options.avoid_flush_during_recovery: 0
2019/10/17-14:55:02.266854 7fc3a9fcb700             Options.allow_ingest_behind: 0
2019/10/17-14:55:02.266855 7fc3a9fcb700             Options.preserve_deletes: 0
2019/10/17-14:55:02.266855 7fc3a9fcb700             Options.two_write_queues: 0
2019/10/17-14:55:02.266856 7fc3a9fcb700             Options.manual_wal_flush: 0
2019/10/17-14:55:02.266857 7fc3a9fcb700             Options.max_background_jobs: 2
2019/10/17-14:55:02.266858 7fc3a9fcb700             Options.max_background_compactions: -1
2019/10/17-14:55:02.266859 7fc3a9fcb700             Options.avoid_flush_during_shutdown: 0
2019/10/17-14:55:02.266860 7fc3a9fcb700           Options.writable_file_max_buffer_size: 1048576
2019/10/17-14:55:02.266860 7fc3a9fcb700             Options.delayed_write_rate : 16777216
2019/10/17-14:55:02.266861 7fc3a9fcb700             Options.max_total_wal_size: 0
2019/10/17-14:55:02.266862 7fc3a9fcb700             Options.delete_obsolete_files_period_micros: 21600000000
2019/10/17-14:55:02.266863 7fc3a9fcb700                   Options.stats_dump_period_sec: 600
2019/10/17-14:55:02.266864 7fc3a9fcb700                          Options.max_open_files: -1
2019/10/17-14:55:02.266865 7fc3a9fcb700                          Options.bytes_per_sync: 0
2019/10/17-14:55:02.266866 7fc3a9fcb700                      Options.wal_bytes_per_sync: 0
2019/10/17-14:55:02.266866 7fc3a9fcb700       Options.compaction_readahead_size: 0
2019/10/17-14:55:02.266867 7fc3a9fcb700 Compression algorithms supported:
2019/10/17-14:55:02.266868 7fc3a9fcb700 	kZSTDNotFinalCompression supported: 0
2019/10/17-14:55:02.266870 7fc3a9fcb700 	kZSTD supported: 0
2019/10/17-14:55:02.266870 7fc3a9fcb700 	kXpressCompression supported: 0
2019/10/17-14:55:02.266871 7fc3a9fcb700 	kLZ4HCCompression supported: 0
2019/10/17-14:55:02.266872 7fc3a9fcb700 	kLZ4Compression supported: 0
2019/10/17-14:55:02.266873 7fc3a9fcb700 	kBZip2Compression supported: 0
2019/10/17-14:55:02.266874 7fc3a9fcb700 	kZlibCompression supported: 0
2019/10/17-14:55:02.266875 7fc3a9fcb700 	kSnappyCompression supported: 0
2019/10/17-14:55:02.266877 7fc3a9fcb700 Fast CRC32 supported: Supported on x86
2019/10/17-14:55:02.266976 7fc3a9fcb700 [db/version_set.cc:3507] Recovering from manifest file: MANIFEST-116203
2019/10/17-14:55:02.267010 7fc3a9fcb700 [db/column_family.cc:472] --------------- Options for column family [default]:
2019/10/17-14:55:02.267012 7fc3a9fcb700               Options.comparator: leveldb.BytewiseComparator
2019/10/17-14:55:02.267013 7fc3a9fcb700           Options.merge_operator: None
2019/10/17-14:55:02.267014 7fc3a9fcb700        Options.compaction_filter: None
2019/10/17-14:55:02.267015 7fc3a9fcb700        Options.compaction_filter_factory: None
2019/10/17-14:55:02.267015 7fc3a9fcb700         Options.memtable_factory: SkipListFactory
2019/10/17-14:55:02.267016 7fc3a9fcb700            Options.table_factory: BlockBasedTable
2019/10/17-14:55:02.267031 7fc3a9fcb700            table_factory options:   flush_block_policy_factory: FlushBlockBySizePolicyFactory (0x7fc35005f860)
  cache_index_and_filter_blocks: 0
  cache_index_and_filter_blocks_with_high_priority: 0
  pin_l0_filter_and_index_blocks_in_cache: 0
  pin_top_level_index_and_filter: 1
  index_type: 0
  hash_index_allow_collision: 1
  checksum: 1
  no_block_cache: 0
  block_cache: 0x7fc3500ecb00
  block_cache_name: LRUCache
  block_cache_options:
    capacity : 8388608
    num_shard_bits : 4
    strict_capacity_limit : 0
    memory_allocator : None
    high_pri_pool_ratio: 0.000
  block_cache_compressed: (nil)
  persistent_cache: (nil)
  block_size: 4096
  block_size_deviation: 10
  block_restart_interval: 16
  index_block_restart_interval: 1
  metadata_block_size: 4096
  partition_filters: 0
  use_delta_encoding: 1
  filter_policy: nullptr
  whole_key_filtering: 1
  verify_compression: 0
  read_amp_bytes_per_bit: 0
  format_version: 2
  enable_index_compression: 1
  block_align: 0
2019/10/17-14:55:02.267041 7fc3a9fcb700        Options.write_buffer_size: 67108864
2019/10/17-14:55:02.267043 7fc3a9fcb700  Options.max_write_buffer_number: 2
2019/10/17-14:55:02.267044 7fc3a9fcb700          Options.compression: NoCompression
2019/10/17-14:55:02.267045 7fc3a9fcb700                  Options.bottommost_compression: Disabled
2019/10/17-14:55:02.267046 7fc3a9fcb700       Options.prefix_extractor: nullptr
2019/10/17-14:55:02.267046 7fc3a9fcb700   Options.memtable_insert_with_hint_prefix_extractor: nullptr
2019/10/17-14:55:02.267047 7fc3a9fcb700             Options.num_levels: 7
2019/10/17-14:55:02.267048 7fc3a9fcb700        Options.min_write_buffer_number_to_merge: 1
2019/10/17-14:55:02.267049 7fc3a9fcb700     Options.max_write_buffer_number_to_maintain: 0
2019/10/17-14:55:02.267050 7fc3a9fcb700            Options.bottommost_compression_opts.window_bits: -14
2019/10/17-14:55:02.267051 7fc3a9fcb700                  Options.bottommost_compression_opts.level: 32767
2019/10/17-14:55:02.267051 7fc3a9fcb700               Options.bottommost_compression_opts.strategy: 0
2019/10/17-14:55:02.267052 7fc3a9fcb700         Options.bottommost_compression_opts.max_dict_bytes: 0
2019/10/17-14:55:02.267053 7fc3a9fcb700         Options.bottommost_compression_opts.zstd_max_train_bytes: 0
2019/10/17-14:55:02.267054 7fc3a9fcb700                  Options.bottommost_compression_opts.enabled: false
2019/10/17-14:55:02.267055 7fc3a9fcb700            Options.compression_opts.window_bits: -14
2019/10/17-14:55:02.267056 7fc3a9fcb700                  Options.compression_opts.level: 32767
2019/10/17-14:55:02.267056 7fc3a9fcb700               Options.compression_opts.strategy: 0
2019/10/17-14:55:02.267057 7fc3a9fcb700         Options.compression_opts.max_dict_bytes: 0
2019/10/17-14:55:02.267058 7fc3a9fcb700         Options.compression_opts.zstd_max_train_bytes: 0
2019/10/17-14:55:02.267059 7fc3a9fcb700                  Options.compression_opts.enabled: false
2019/10/17-14:55:02.267060 7fc3a9fcb700      Options.level0_file_num_compaction_trigger: 4
2019/10/17-14:55:02.267061 7fc3a9fcb700          Options.level0_slowdown_writes_trigger: 20
2019/10/17-14:55:02.267061 7fc3a9fcb700              Options.level0_stop_writes_trigger: 36
2019/10/17-14:55:02.267062 7fc3a9fcb700                   Options.target_file_size_base: 67108864
2019/10/17-14:55:02.267063 7fc3a9fcb700             Options.target_file_size_multiplier: 1
2019/10/17-14:55:02.267064 7fc3a9fcb700                Options.max_bytes_for_level_base: 268435456
2019/10/17-14:55:02.267065 7fc3a9fcb700 Options.level_compaction_dynamic_level_bytes: 0
2019/10/17-14:55:02.267066 7fc3a9fcb700          Options.max_bytes_for_level_multiplier: 10.000000
2019/10/17-14:55:02.267068 7fc3a9fcb700 Options.max_bytes_for_level_multiplier_addtl[0]: 1
2019/10/17-14:55:02.267069 7fc3a9fcb700 Options.max_bytes_for_level_multiplier_addtl[1]: 1
2019/10/17-14:55:02.267070 7fc3a9fcb700 Options.max_bytes_for_level_multiplier_addtl[2]: 1
2019/10/17-14:55:02.267070 7fc3a9fcb700 Options.max_bytes_for_level_multiplier_addtl[3]: 1
2019/10/17-14:55:02.267071 7fc3a9fcb700 Options.max_bytes_for_level_multiplier_addtl[4]: 1
2019/10/17-14:55:02.267076 7fc3a9fcb700 Options.max_bytes_for_level_multiplier_addtl[5]: 1
2019/10/17-14:55:02.267077 7fc3a9fcb700 Options.max_bytes_for_level_multiplier_addtl[6]: 1
2019/10/17-14:55:02.267078 7fc3a9fcb700       Options.max_sequential_skip_in_iterations: 8
2019/10/17-14:55:02.267079 7fc3a9fcb700                    Options.max_compaction_bytes: 1677721600
2019/10/17-14:55:02.267080 7fc3a9fcb700                        Options.arena_block_size: 8388608
2019/10/17-14:55:02.267081 7fc3a9fcb700   Options.soft_pending_compaction_bytes_limit: 68719476736
2019/10/17-14:55:02.267082 7fc3a9fcb700   Options.hard_pending_compaction_bytes_limit: 274877906944
2019/10/17-14:55:02.267083 7fc3a9fcb700       Options.rate_limit_delay_max_milliseconds: 100
2019/10/17-14:55:02.267083 7fc3a9fcb700                Options.disable_auto_compactions: 0
2019/10/17-14:55:02.267085 7fc3a9fcb700                        Options.compaction_style: kCompactionStyleLevel
2019/10/17-14:55:02.267086 7fc3a9fcb700                          Options.compaction_pri: kByCompensatedSize
2019/10/17-14:55:02.267087 7fc3a9fcb700 Options.compaction_options_universal.size_ratio: 1
2019/10/17-14:55:02.267088 7fc3a9fcb700 Options.compaction_options_universal.min_merge_width: 2
2019/10/17-14:55:02.267089 7fc3a9fcb700 Options.compaction_options_universal.max_merge_width: 4294967295
2019/10/17-14:55:02.267089 7fc3a9fcb700 Options.compaction_options_universal.max_size_amplification_percent: 200
2019/10/17-14:55:02.267090 7fc3a9fcb700 Options.compaction_options_universal.compression_size_percent: -1
2019/10/17-14:55:02.267091 7fc3a9fcb700 Options.compaction_options_universal.stop_style: kCompactionStopStyleTotalSize
2019/10/17-14:55:02.267092 7fc3a9fcb700 Options.compaction_options_fifo.max_table_files_size: 1073741824
2019/10/17-14:55:02.267093 7fc3a9fcb700 Options.compaction_options_fifo.allow_compaction: 0
2019/10/17-14:55:02.267094 7fc3a9fcb700 Options.compaction_options_fifo.ttl: 0
2019/10/17-14:55:02.267095 7fc3a9fcb700                   Options.table_properties_collectors: 
2019/10/17-14:55:02.267096 7fc3a9fcb700                   Options.inplace_update_support: 0
2019/10/17-14:55:02.267097 7fc3a9fcb700                 Options.inplace_update_num_locks: 10000
2019/10/17-14:55:02.267097 7fc3a9fcb700               Options.memtable_prefix_bloom_size_ratio: 0.000000
2019/10/17-14:55:02.267099 7fc3a9fcb700   Options.memtable_huge_page_size: 0
2019/10/17-14:55:02.267100 7fc3a9fcb700                           Options.bloom_locality: 0
2019/10/17-14:55:02.267100 7fc3a9fcb700                    Options.max_successive_merges: 0
2019/10/17-14:55:02.267101 7fc3a9fcb700                Options.optimize_filters_for_hits: 0
2019/10/17-14:55:02.267102 7fc3a9fcb700                Options.paranoid_file_checks: 0
2019/10/17-14:55:02.267103 7fc3a9fcb700                Options.force_consistency_checks: 0
2019/10/17-14:55:02.267104 7fc3a9fcb700                Options.report_bg_io_stats: 0
2019/10/17-14:55:02.267105 7fc3a9fcb700                               Options.ttl: 0
2019/10/17-14:55:02.267133 7fc3a9fcb700 [db/column_family.cc:472] --------------- Options for column family [active_gateways]:
2019/10/17-14:55:02.267135 7fc3a9fcb700               Options.comparator: leveldb.BytewiseComparator
2019/10/17-14:55:02.267136 7fc3a9fcb700           Options.merge_operator: None
2019/10/17-14:55:02.267137 7fc3a9fcb700        Options.compaction_filter: None
2019/10/17-14:55:02.267138 7fc3a9fcb700        Options.compaction_filter_factory: None
2019/10/17-14:55:02.267139 7fc3a9fcb700         Options.memtable_factory: SkipListFactory
2019/10/17-14:55:02.267140 7fc3a9fcb700            Options.table_factory: BlockBasedTable
2019/10/17-14:55:02.267151 7fc3a9fcb700            table_factory options:   flush_block_policy_factory: FlushBlockBySizePolicyFactory (0x7fc350098c10)
  cache_index_and_filter_blocks: 0
  cache_index_and_filter_blocks_with_high_priority: 0
  pin_l0_filter_and_index_blocks_in_cache: 0
  pin_top_level_index_and_filter: 1
  index_type: 0
  hash_index_allow_collision: 1
  checksum: 1
  no_block_cache: 0
  block_cache: 0x7fc350075f80
  block_cache_name: LRUCache
  block_cache_options:
    capacity : 8388608
    num_shard_bits : 4
    strict_capacity_limit : 0
    memory_allocator : None
    high_pri_pool_ratio: 0.000
  block_cache_compressed: (nil)
  persistent_cache: (nil)
  block_size: 4096
  block_size_deviation: 10
  block_restart_interval: 16
  index_block_restart_interval: 1
  metadata_block_size: 4096
  partition_filters: 0
  use_delta_encoding: 1
  filter_policy: nullptr
  whole_key_filtering: 1
  verify_compression: 0
  read_amp_bytes_per_bit: 0
  format_version: 2
  enable_index_compression: 1
  block_align: 0
2019/10/17-14:55:02.267158 7fc3a9fcb700        Options.write_buffer_size: 67108864
2019/10/17-14:55:02.267159 7fc3a9fcb700  Options.max_write_buffer_number: 2
2019/10/17-14:55:02.267160 7fc3a9fcb700          Options.compression: NoCompression
2019/10/17-14:55:02.267161 7fc3a9fcb700                  Options.bottommost_compression: Disabled
2019/10/17-14:55:02.267162 7fc3a9fcb700       Options.prefix_extractor: nullptr
2019/10/17-14:55:02.267162 7fc3a9fcb700   Options.memtable_insert_with_hint_prefix_extractor: nullptr
2019/10/17-14:55:02.267163 7fc3a9fcb700             Options.num_levels: 7
2019/10/17-14:55:02.267164 7fc3a9fcb700        Options.min_write_buffer_number_to_merge: 1
2019/10/17-14:55:02.267165 7fc3a9fcb700     Options.max_write_buffer_number_to_maintain: 0
2019/10/17-14:55:02.267166 7fc3a9fcb700            Options.bottommost_compression_opts.window_bits: -14
2019/10/17-14:55:02.267167 7fc3a9fcb700                  Options.bottommost_compression_opts.level: 32767
2019/10/17-14:55:02.267167 7fc3a9fcb700               Options.bottommost_compression_opts.strategy: 0
2019/10/17-14:55:02.267168 7fc3a9fcb700         Options.bottommost_compression_opts.max_dict_bytes: 0
2019/10/17-14:55:02.267169 7fc3a9fcb700         Options.bottommost_compression_opts.zstd_max_train_bytes: 0
2019/10/17-14:55:02.267170 7fc3a9fcb700                  Options.bottommost_compression_opts.enabled: false
2019/10/17-14:55:02.267171 7fc3a9fcb700            Options.compression_opts.window_bits: -14
2019/10/17-14:55:02.267172 7fc3a9fcb700                  Options.compression_opts.level: 32767
2019/10/17-14:55:02.267172 7fc3a9fcb700               Options.compression_opts.strategy: 0
2019/10/17-14:55:02.267173 7fc3a9fcb700         Options.compression_opts.max_dict_bytes: 0
2019/10/17-14:55:02.267174 7fc3a9fcb700         Options.compression_opts.zstd_max_train_bytes: 0
2019/10/17-14:55:02.267175 7fc3a9fcb700                  Options.compression_opts.enabled: false
2019/10/17-14:55:02.267176 7fc3a9fcb700      Options.level0_file_num_compaction_trigger: 4
2019/10/17-14:55:02.267176 7fc3a9fcb700          Options.level0_slowdown_writes_trigger: 20
2019/10/17-14:55:02.267177 7fc3a9fcb700              Options.level0_stop_writes_trigger: 36
2019/10/17-14:55:02.267178 7fc3a9fcb700                   Options.target_file_size_base: 67108864
2019/10/17-14:55:02.267179 7fc3a9fcb700             Options.target_file_size_multiplier: 1
2019/10/17-14:55:02.267180 7fc3a9fcb700                Options.max_bytes_for_level_base: 268435456
2019/10/17-14:55:02.267181 7fc3a9fcb700 Options.level_compaction_dynamic_level_bytes: 0
2019/10/17-14:55:02.267181 7fc3a9fcb700          Options.max_bytes_for_level_multiplier: 10.000000
2019/10/17-14:55:02.267183 7fc3a9fcb700 Options.max_bytes_for_level_multiplier_addtl[0]: 1
2019/10/17-14:55:02.267184 7fc3a9fcb700 Options.max_bytes_for_level_multiplier_addtl[1]: 1
2019/10/17-14:55:02.267185 7fc3a9fcb700 Options.max_bytes_for_level_multiplier_addtl[2]: 1
2019/10/17-14:55:02.267186 7fc3a9fcb700 Options.max_bytes_for_level_multiplier_addtl[3]: 1
2019/10/17-14:55:02.267186 7fc3a9fcb700 Options.max_bytes_for_level_multiplier_addtl[4]: 1
2019/10/17-14:55:02.267187 7fc3a9fcb700 Options.max_bytes_for_level_multiplier_addtl[5]: 1
2019/10/17-14:55:02.267188 7fc3a9fcb700 Options.max_bytes_for_level_multiplier_addtl[6]: 1
2019/10/17-14:55:02.267189 7fc3a9fcb700       Options.max_sequential_skip_in_iterations: 8
2019/10/17-14:55:02.267194 7fc3a9fcb700                    Options.max_compaction_bytes: 1677721600
2019/10/17-14:55:02.267195 7fc3a9fcb700                        Options.arena_block_size: 8388608
2019/10/17-14:55:02.267196 7fc3a9fcb700   Options.soft_pending_compaction_bytes_limit: 68719476736
2019/10/17-14:55:02.267197 7fc3a9fcb700   Options.hard_pending_compaction_bytes_limit: 274877906944
2019/10/17-14:55:02.267197 7fc3a9fcb700       Options.rate_limit_delay_max_milliseconds: 100
2019/10/17-14:55:02.267198 7fc3a9fcb700                Options.disable_auto_compactions: 0
2019/10/17-14:55:02.267199 7fc3a9fcb700                        Options.compaction_style: kCompactionStyleLevel
2019/10/17-14:55:02.267200 7fc3a9fcb700                          Options.compaction_pri: kByCompensatedSize
2019/10/17-14:55:02.267201 7fc3a9fcb700 Options.compaction_options_universal.size_ratio: 1
2019/10/17-14:55:02.267202 7fc3a9fcb700 Options.compaction_options_universal.min_merge_width: 2
2019/10/17-14:55:02.267203 7fc3a9fcb700 Options.compaction_options_universal.max_merge_width: 4294967295
2019/10/17-14:55:02.267204 7fc3a9fcb700 Options.compaction_options_universal.max_size_amplification_percent: 200
2019/10/17-14:55:02.267205 7fc3a9fcb700 Options.compaction_options_universal.compression_size_percent: -1
2019/10/17-14:55:02.267205 7fc3a9fcb700 Options.compaction_options_universal.stop_style: kCompactionStopStyleTotalSize
2019/10/17-14:55:02.267206 7fc3a9fcb700 Options.compaction_options_fifo.max_table_files_size: 1073741824
2019/10/17-14:55:02.267207 7fc3a9fcb700 Options.compaction_options_fifo.allow_compaction: 0
2019/10/17-14:55:02.267208 7fc3a9fcb700 Options.compaction_options_fifo.ttl: 0
2019/10/17-14:55:02.267209 7fc3a9fcb700                   Options.table_properties_collectors: 
2019/10/17-14:55:02.267210 7fc3a9fcb700                   Options.inplace_update_support: 0
2019/10/17-14:55:02.267210 7fc3a9fcb700                 Options.inplace_update_num_locks: 10000
2019/10/17-14:55:02.267211 7fc3a9fcb700               Options.memtable_prefix_bloom_size_ratio: 0.000000
2019/10/17-14:55:02.267212 7fc3a9fcb700   Options.memtable_huge_page_size: 0
2019/10/17-14:55:02.267213 7fc3a9fcb700                           Options.bloom_locality: 0
2019/10/17-14:55:02.267214 7fc3a9fcb700                    Options.max_successive_merges: 0
2019/10/17-14:55:02.267215 7fc3a9fcb700                Options.optimize_filters_for_hits: 0
2019/10/17-14:55:02.267216 7fc3a9fcb700                Options.paranoid_file_checks: 0
2019/10/17-14:55:02.267217 7fc3a9fcb700                Options.force_consistency_checks: 0
2019/10/17-14:55:02.267217 7fc3a9fcb700                Options.report_bg_io_stats: 0
2019/10/17-14:55:02.267218 7fc3a9fcb700                               Options.ttl: 0
2019/10/17-14:55:02.267235 7fc3a9fcb700 [db/column_family.cc:472] --------------- Options for column family [entries]:
2019/10/17-14:55:02.267236 7fc3a9fcb700               Options.comparator: leveldb.BytewiseComparator
2019/10/17-14:55:02.267237 7fc3a9fcb700           Options.merge_operator: None
2019/10/17-14:55:02.267238 7fc3a9fcb700        Options.compaction_filter: None
2019/10/17-14:55:02.267239 7fc3a9fcb700        Options.compaction_filter_factory: None
2019/10/17-14:55:02.267240 7fc3a9fcb700         Options.memtable_factory: SkipListFactory
2019/10/17-14:55:02.267241 7fc3a9fcb700            Options.table_factory: BlockBasedTable
2019/10/17-14:55:02.267251 7fc3a9fcb700            table_factory options:   flush_block_policy_factory: FlushBlockBySizePolicyFactory (0x7fc35005f880)
  cache_index_and_filter_blocks: 0
  cache_index_and_filter_blocks_with_high_priority: 0
  pin_l0_filter_and_index_blocks_in_cache: 0
  pin_top_level_index_and_filter: 1
  index_type: 0
  hash_index_allow_collision: 1
  checksum: 1
  no_block_cache: 0
  block_cache: 0x7fc350050ca0
  block_cache_name: LRUCache
  block_cache_options:
    capacity : 8388608
    num_shard_bits : 4
    strict_capacity_limit : 0
    memory_allocator : None
    high_pri_pool_ratio: 0.000
  block_cache_compressed: (nil)
  persistent_cache: (nil)
  block_size: 4096
  block_size_deviation: 10
  block_restart_interval: 16
  index_block_restart_interval: 1
  metadata_block_size: 4096
  partition_filters: 0
  use_delta_encoding: 1
  filter_policy: nullptr
  whole_key_filtering: 1
  verify_compression: 0
  read_amp_bytes_per_bit: 0
  format_version: 2
  enable_index_compression: 1
  block_align: 0
2019/10/17-14:55:02.267258 7fc3a9fcb700        Options.write_buffer_size: 67108864
2019/10/17-14:55:02.267259 7fc3a9fcb700  Options.max_write_buffer_number: 2
2019/10/17-14:55:02.267260 7fc3a9fcb700          Options.compression: NoCompression
2019/10/17-14:55:02.267261 7fc3a9fcb700                  Options.bottommost_compression: Disabled
2019/10/17-14:55:02.267262 7fc3a9fcb700       Options.prefix_extractor: nullptr
2019/10/17-14:55:02.267262 7fc3a9fcb700   Options.memtable_insert_with_hint_prefix_extractor: nullptr
2019/10/17-14:55:02.267263 7fc3a9fcb700             Options.num_levels: 7
2019/10/17-14:55:02.267264 7fc3a9fcb700        Options.min_write_buffer_number_to_merge: 1
2019/10/17-14:55:02.267265 7fc3a9fcb700     Options.max_write_buffer_number_to_maintain: 0
2019/10/17-14:55:02.267266 7fc3a9fcb700            Options.bottommost_compression_opts.window_bits: -14
2019/10/17-14:55:02.267266 7fc3a9fcb700                  Options.bottommost_compression_opts.level: 32767
2019/10/17-14:55:02.267267 7fc3a9fcb700               Options.bottommost_compression_opts.strategy: 0
2019/10/17-14:55:02.267268 7fc3a9fcb700         Options.bottommost_compression_opts.max_dict_bytes: 0
2019/10/17-14:55:02.267269 7fc3a9fcb700         Options.bottommost_compression_opts.zstd_max_train_bytes: 0
2019/10/17-14:55:02.267270 7fc3a9fcb700                  Options.bottommost_compression_opts.enabled: false
2019/10/17-14:55:02.267271 7fc3a9fcb700            Options.compression_opts.window_bits: -14
2019/10/17-14:55:02.267271 7fc3a9fcb700                  Options.compression_opts.level: 32767
2019/10/17-14:55:02.267272 7fc3a9fcb700               Options.compression_opts.strategy: 0
2019/10/17-14:55:02.267273 7fc3a9fcb700         Options.compression_opts.max_dict_bytes: 0
2019/10/17-14:55:02.267274 7fc3a9fcb700         Options.compression_opts.zstd_max_train_bytes: 0
2019/10/17-14:55:02.267275 7fc3a9fcb700                  Options.compression_opts.enabled: false
2019/10/17-14:55:02.267275 7fc3a9fcb700      Options.level0_file_num_compaction_trigger: 4
2019/10/17-14:55:02.267276 7fc3a9fcb700          Options.level0_slowdown_writes_trigger: 20
2019/10/17-14:55:02.267277 7fc3a9fcb700              Options.level0_stop_writes_trigger: 36
2019/10/17-14:55:02.267278 7fc3a9fcb700                   Options.target_file_size_base: 67108864
2019/10/17-14:55:02.267279 7fc3a9fcb700             Options.target_file_size_multiplier: 1
2019/10/17-14:55:02.267280 7fc3a9fcb700                Options.max_bytes_for_level_base: 268435456
2019/10/17-14:55:02.267280 7fc3a9fcb700 Options.level_compaction_dynamic_level_bytes: 0
2019/10/17-14:55:02.267281 7fc3a9fcb700          Options.max_bytes_for_level_multiplier: 10.000000
2019/10/17-14:55:02.267283 7fc3a9fcb700 Options.max_bytes_for_level_multiplier_addtl[0]: 1
2019/10/17-14:55:02.267284 7fc3a9fcb700 Options.max_bytes_for_level_multiplier_addtl[1]: 1
2019/10/17-14:55:02.267284 7fc3a9fcb700 Options.max_bytes_for_level_multiplier_addtl[2]: 1
2019/10/17-14:55:02.267285 7fc3a9fcb700 Options.max_bytes_for_level_multiplier_addtl[3]: 1
2019/10/17-14:55:02.267286 7fc3a9fcb700 Options.max_bytes_for_level_multiplier_addtl[4]: 1
2019/10/17-14:55:02.267287 7fc3a9fcb700 Options.max_bytes_for_level_multiplier_addtl[5]: 1
2019/10/17-14:55:02.267288 7fc3a9fcb700 Options.max_bytes_for_level_multiplier_addtl[6]: 1
2019/10/17-14:55:02.267289 7fc3a9fcb700       Options.max_sequential_skip_in_iterations: 8
2019/10/17-14:55:02.267289 7fc3a9fcb700                    Options.max_compaction_bytes: 1677721600
2019/10/17-14:55:02.267290 7fc3a9fcb700                        Options.arena_block_size: 8388608
2019/10/17-14:55:02.267291 7fc3a9fcb700   Options.soft_pending_compaction_bytes_limit: 68719476736
2019/10/17-14:55:02.267296 7fc3a9fcb700   Options.hard_pending_compaction_bytes_limit: 274877906944
2019/10/17-14:55:02.267297 7fc3a9fcb700       Options.rate_limit_delay_max_milliseconds: 100
2019/10/17-14:55:02.267298 7fc3a9fcb700                Options.disable_auto_compactions: 0
2019/10/17-14:55:02.267299 7fc3a9fcb700                        Options.compaction_style: kCompactionStyleLevel
2019/10/17-14:55:02.267299 7fc3a9fcb700                          Options.compaction_pri: kByCompensatedSize
2019/10/17-14:55:02.267300 7fc3a9fcb700 Options.compaction_options_universal.size_ratio: 1
2019/10/17-14:55:02.267301 7fc3a9fcb700 Options.compaction_options_universal.min_merge_width: 2
2019/10/17-14:55:02.267302 7fc3a9fcb700 Options.compaction_options_universal.max_merge_width: 4294967295
2019/10/17-14:55:02.267303 7fc3a9fcb700 Options.compaction_options_universal.max_size_amplification_percent: 200
2019/10/17-14:55:02.267304 7fc3a9fcb700 Options.compaction_options_universal.compression_size_percent: -1
2019/10/17-14:55:02.267305 7fc3a9fcb700 Options.compaction_options_universal.stop_style: kCompactionStopStyleTotalSize
2019/10/17-14:55:02.267305 7fc3a9fcb700 Options.compaction_options_fifo.max_table_files_size: 1073741824
2019/10/17-14:55:02.267306 7fc3a9fcb700 Options.compaction_options_fifo.allow_compaction: 0
2019/10/17-14:55:02.267307 7fc3a9fcb700 Options.compaction_options_fifo.ttl: 0
2019/10/17-14:55:02.267308 7fc3a9fcb700                   Options.table_properties_collectors: 
2019/10/17-14:55:02.267309 7fc3a9fcb700                   Options.inplace_update_support: 0
2019/10/17-14:55:02.267310 7fc3a9fcb700                 Options.inplace_update_num_locks: 10000
2019/10/17-14:55:02.267310 7fc3a9fcb700               Options.memtable_prefix_bloom_size_ratio: 0.000000
2019/10/17-14:55:02.267312 7fc3a9fcb700   Options.memtable_huge_page_size: 0
2019/10/17-14:55:02.267313 7fc3a9fcb700                           Options.bloom_locality: 0
2019/10/17-14:55:02.267313 7fc3a9fcb700                    Options.max_successive_merges: 0
2019/10/17-14:55:02.267314 7fc3a9fcb700                Options.optimize_filters_for_hits: 0
2019/10/17-14:55:02.267315 7fc3a9fcb700                Options.paranoid_file_checks: 0
2019/10/17-14:55:02.267316 7fc3a9fcb700                Options.force_consistency_checks: 0
2019/10/17-14:55:02.267317 7fc3a9fcb700                Options.report_bg_io_stats: 0
2019/10/17-14:55:02.267317 7fc3a9fcb700                               Options.ttl: 0
2019/10/17-14:55:02.267332 7fc3a9fcb700 [db/column_family.cc:472] --------------- Options for column family [dc_entries]:
2019/10/17-14:55:02.267334 7fc3a9fcb700               Options.comparator: leveldb.BytewiseComparator
2019/10/17-14:55:02.267334 7fc3a9fcb700           Options.merge_operator: None
2019/10/17-14:55:02.267335 7fc3a9fcb700        Options.compaction_filter: None
2019/10/17-14:55:02.267336 7fc3a9fcb700        Options.compaction_filter_factory: None
2019/10/17-14:55:02.267337 7fc3a9fcb700         Options.memtable_factory: SkipListFactory
2019/10/17-14:55:02.267338 7fc3a9fcb700            Options.table_factory: BlockBasedTable
2019/10/17-14:55:02.267348 7fc3a9fcb700            table_factory options:   flush_block_policy_factory: FlushBlockBySizePolicyFactory (0x7fc35007ccd0)
  cache_index_and_filter_blocks: 0
  cache_index_and_filter_blocks_with_high_priority: 0
  pin_l0_filter_and_index_blocks_in_cache: 0
  pin_top_level_index_and_filter: 1
  index_type: 0
  hash_index_allow_collision: 1
  checksum: 1
  no_block_cache: 0
  block_cache: 0x7fc3500fc0c0
  block_cache_name: LRUCache
  block_cache_options:
    capacity : 8388608
    num_shard_bits : 4
    strict_capacity_limit : 0
    memory_allocator : None
    high_pri_pool_ratio: 0.000
  block_cache_compressed: (nil)
  persistent_cache: (nil)
  block_size: 4096
  block_size_deviation: 10
  block_restart_interval: 16
  index_block_restart_interval: 1
  metadata_block_size: 4096
  partition_filters: 0
  use_delta_encoding: 1
  filter_policy: nullptr
  whole_key_filtering: 1
  verify_compression: 0
  read_amp_bytes_per_bit: 0
  format_version: 2
  enable_index_compression: 1
  block_align: 0
2019/10/17-14:55:02.267354 7fc3a9fcb700        Options.write_buffer_size: 67108864
2019/10/17-14:55:02.267355 7fc3a9fcb700  Options.max_write_buffer_number: 2
2019/10/17-14:55:02.267356 7fc3a9fcb700          Options.compression: NoCompression
2019/10/17-14:55:02.267357 7fc3a9fcb700                  Options.bottommost_compression: Disabled
2019/10/17-14:55:02.267358 7fc3a9fcb700       Options.prefix_extractor: nullptr
2019/10/17-14:55:02.267359 7fc3a9fcb700   Options.memtable_insert_with_hint_prefix_extractor: nullptr
2019/10/17-14:55:02.267359 7fc3a9fcb700             Options.num_levels: 7
2019/10/17-14:55:02.267360 7fc3a9fcb700        Options.min_write_buffer_number_to_merge: 1
2019/10/17-14:55:02.267361 7fc3a9fcb700     Options.max_write_buffer_number_to_maintain: 0
2019/10/17-14:55:02.267362 7fc3a9fcb700            Options.bottommost_compression_opts.window_bits: -14
2019/10/17-14:55:02.267363 7fc3a9fcb700                  Options.bottommost_compression_opts.level: 32767
2019/10/17-14:55:02.267364 7fc3a9fcb700               Options.bottommost_compression_opts.strategy: 0
2019/10/17-14:55:02.267364 7fc3a9fcb700         Options.bottommost_compression_opts.max_dict_bytes: 0
2019/10/17-14:55:02.267365 7fc3a9fcb700         Options.bottommost_compression_opts.zstd_max_train_bytes: 0
2019/10/17-14:55:02.267366 7fc3a9fcb700                  Options.bottommost_compression_opts.enabled: false
2019/10/17-14:55:02.267367 7fc3a9fcb700            Options.compression_opts.window_bits: -14
2019/10/17-14:55:02.267368 7fc3a9fcb700                  Options.compression_opts.level: 32767
2019/10/17-14:55:02.267369 7fc3a9fcb700               Options.compression_opts.strategy: 0
2019/10/17-14:55:02.267369 7fc3a9fcb700         Options.compression_opts.max_dict_bytes: 0
2019/10/17-14:55:02.267370 7fc3a9fcb700         Options.compression_opts.zstd_max_train_bytes: 0
2019/10/17-14:55:02.267371 7fc3a9fcb700                  Options.compression_opts.enabled: false
2019/10/17-14:55:02.267372 7fc3a9fcb700      Options.level0_file_num_compaction_trigger: 4
2019/10/17-14:55:02.267373 7fc3a9fcb700          Options.level0_slowdown_writes_trigger: 20
2019/10/17-14:55:02.267373 7fc3a9fcb700              Options.level0_stop_writes_trigger: 36
2019/10/17-14:55:02.267374 7fc3a9fcb700                   Options.target_file_size_base: 67108864
2019/10/17-14:55:02.267375 7fc3a9fcb700             Options.target_file_size_multiplier: 1
2019/10/17-14:55:02.267376 7fc3a9fcb700                Options.max_bytes_for_level_base: 268435456
2019/10/17-14:55:02.267377 7fc3a9fcb700 Options.level_compaction_dynamic_level_bytes: 0
2019/10/17-14:55:02.267378 7fc3a9fcb700          Options.max_bytes_for_level_multiplier: 10.000000
2019/10/17-14:55:02.267379 7fc3a9fcb700 Options.max_bytes_for_level_multiplier_addtl[0]: 1
2019/10/17-14:55:02.267380 7fc3a9fcb700 Options.max_bytes_for_level_multiplier_addtl[1]: 1
2019/10/17-14:55:02.267381 7fc3a9fcb700 Options.max_bytes_for_level_multiplier_addtl[2]: 1
2019/10/17-14:55:02.267382 7fc3a9fcb700 Options.max_bytes_for_level_multiplier_addtl[3]: 1
2019/10/17-14:55:02.267382 7fc3a9fcb700 Options.max_bytes_for_level_multiplier_addtl[4]: 1
2019/10/17-14:55:02.267383 7fc3a9fcb700 Options.max_bytes_for_level_multiplier_addtl[5]: 1
2019/10/17-14:55:02.267384 7fc3a9fcb700 Options.max_bytes_for_level_multiplier_addtl[6]: 1
2019/10/17-14:55:02.267385 7fc3a9fcb700       Options.max_sequential_skip_in_iterations: 8
2019/10/17-14:55:02.267386 7fc3a9fcb700                    Options.max_compaction_bytes: 1677721600
2019/10/17-14:55:02.267387 7fc3a9fcb700                        Options.arena_block_size: 8388608
2019/10/17-14:55:02.267387 7fc3a9fcb700   Options.soft_pending_compaction_bytes_limit: 68719476736
2019/10/17-14:55:02.267388 7fc3a9fcb700   Options.hard_pending_compaction_bytes_limit: 274877906944
2019/10/17-14:55:02.267389 7fc3a9fcb700       Options.rate_limit_delay_max_milliseconds: 100
2019/10/17-14:55:02.267390 7fc3a9fcb700                Options.disable_auto_compactions: 0
2019/10/17-14:55:02.267395 7fc3a9fcb700                        Options.compaction_style: kCompactionStyleLevel
2019/10/17-14:55:02.267396 7fc3a9fcb700                          Options.compaction_pri: kByCompensatedSize
2019/10/17-14:55:02.267397 7fc3a9fcb700 Options.compaction_options_universal.size_ratio: 1
2019/10/17-14:55:02.267398 7fc3a9fcb700 Options.compaction_options_universal.min_merge_width: 2
2019/10/17-14:55:02.267399 7fc3a9fcb700 Options.compaction_options_universal.max_merge_width: 4294967295
2019/10/17-14:55:02.267399 7fc3a9fcb700 Options.compaction_options_universal.max_size_amplification_percent: 200
2019/10/17-14:55:02.267400 7fc3a9fcb700 Options.compaction_options_universal.compression_size_percent: -1
2019/10/17-14:55:02.267401 7fc3a9fcb700 Options.compaction_options_universal.stop_style: kCompactionStopStyleTotalSize
2019/10/17-14:55:02.267402 7fc3a9fcb700 Options.compaction_options_fifo.max_table_files_size: 1073741824
2019/10/17-14:55:02.267403 7fc3a9fcb700 Options.compaction_options_fifo.allow_compaction: 0
2019/10/17-14:55:02.267404 7fc3a9fcb700 Options.compaction_options_fifo.ttl: 0
2019/10/17-14:55:02.267405 7fc3a9fcb700                   Options.table_properties_collectors: 
2019/10/17-14:55:02.267405 7fc3a9fcb700                   Options.inplace_update_support: 0
2019/10/17-14:55:02.267406 7fc3a9fcb700                 Options.inplace_update_num_locks: 10000
2019/10/17-14:55:02.267407 7fc3a9fcb700               Options.memtable_prefix_bloom_size_ratio: 0.000000
2019/10/17-14:55:02.267408 7fc3a9fcb700   Options.memtable_huge_page_size: 0
2019/10/17-14:55:02.267409 7fc3a9fcb700                           Options.bloom_locality: 0
2019/10/17-14:55:02.267410 7fc3a9fcb700                    Options.max_successive_merges: 0
2019/10/17-14:55:02.267411 7fc3a9fcb700                Options.optimize_filters_for_hits: 0
2019/10/17-14:55:02.267411 7fc3a9fcb700                Options.paranoid_file_checks: 0
2019/10/17-14:55:02.267412 7fc3a9fcb700                Options.force_consistency_checks: 0
2019/10/17-14:55:02.267413 7fc3a9fcb700                Options.report_bg_io_stats: 0
2019/10/17-14:55:02.267414 7fc3a9fcb700                               Options.ttl: 0
2019/10/17-14:55:02.267427 7fc3a9fcb700 [db/column_family.cc:472] --------------- Options for column family [htlcs]:
2019/10/17-14:55:02.267428 7fc3a9fcb700               Options.comparator: leveldb.BytewiseComparator
2019/10/17-14:55:02.267429 7fc3a9fcb700           Options.merge_operator: None
2019/10/17-14:55:02.267430 7fc3a9fcb700        Options.compaction_filter: None
2019/10/17-14:55:02.267431 7fc3a9fcb700        Options.compaction_filter_factory: None
2019/10/17-14:55:02.267432 7fc3a9fcb700         Options.memtable_factory: SkipListFactory
2019/10/17-14:55:02.267433 7fc3a9fcb700            Options.table_factory: BlockBasedTable
2019/10/17-14:55:02.267442 7fc3a9fcb700            table_factory options:   flush_block_policy_factory: FlushBlockBySizePolicyFactory (0x7fc35002aed0)
