2019/10/17-14:54:14.569999 7fc3a9fcb700 RocksDB version: 5.18.3
2019/10/17-14:54:14.570072 7fc3a9fcb700 Git sha rocksdb_build_git_sha:@0@
2019/10/17-14:54:14.570074 7fc3a9fcb700 Compile date Sep 19 2019
2019/10/17-14:54:14.570075 7fc3a9fcb700 DB SUMMARY
2019/10/17-14:54:14.570810 7fc3a9fcb700 CURRENT file:  CURRENT
2019/10/17-14:54:14.570812 7fc3a9fcb700 IDENTITY file:  IDENTITY
2019/10/17-14:54:14.570851 7fc3a9fcb700 MANIFEST file:  MANIFEST-114898 size: 4114 Bytes
2019/10/17-14:54:14.570853 7fc3a9fcb700 SST files in /home/rahul/dev/blockchain-core/eqc/ledger.db dir, Total Num: 29, files: 000624.sst 000627.sst 106940.sst 108447.sst 108450.sst 109471.sst 109483.sst 109485.sst 109486.sst 
2019/10/17-14:54:14.570855 7fc3a9fcb700 Write Ahead Log file in /home/rahul/dev/blockchain-core/eqc/ledger.db: 114899.log size: 0 ; 
2019/10/17-14:54:14.570889 7fc3a9fcb700                         Options.error_if_exists: 0
2019/10/17-14:54:14.570891 7fc3a9fcb700                       Options.create_if_missing: 1
2019/10/17-14:54:14.570892 7fc3a9fcb700                         Options.paranoid_checks: 1
2019/10/17-14:54:14.570893 7fc3a9fcb700                                     Options.env: 0x7fc32ae1fc60
2019/10/17-14:54:14.570894 7fc3a9fcb700                                Options.info_log: 0x7fc35002a230
2019/10/17-14:54:14.570895 7fc3a9fcb700                Options.max_file_opening_threads: 16
2019/10/17-14:54:14.570896 7fc3a9fcb700                              Options.statistics: (nil)
2019/10/17-14:54:14.570897 7fc3a9fcb700                               Options.use_fsync: 0
2019/10/17-14:54:14.570899 7fc3a9fcb700                       Options.max_log_file_size: 0
2019/10/17-14:54:14.570900 7fc3a9fcb700                  Options.max_manifest_file_size: 1073741824
2019/10/17-14:54:14.570901 7fc3a9fcb700                   Options.log_file_time_to_roll: 0
2019/10/17-14:54:14.570902 7fc3a9fcb700                       Options.keep_log_file_num: 1000
2019/10/17-14:54:14.570903 7fc3a9fcb700                    Options.recycle_log_file_num: 0
2019/10/17-14:54:14.570904 7fc3a9fcb700                         Options.allow_fallocate: 1
2019/10/17-14:54:14.570905 7fc3a9fcb700                        Options.allow_mmap_reads: 0
2019/10/17-14:54:14.570906 7fc3a9fcb700                       Options.allow_mmap_writes: 0
2019/10/17-14:54:14.570907 7fc3a9fcb700                        Options.use_direct_reads: 0
2019/10/17-14:54:14.570908 7fc3a9fcb700                        Options.use_direct_io_for_flush_and_compaction: 0
2019/10/17-14:54:14.570909 7fc3a9fcb700          Options.create_missing_column_families: 0
2019/10/17-14:54:14.570911 7fc3a9fcb700                              Options.db_log_dir: 
2019/10/17-14:54:14.570912 7fc3a9fcb700                                 Options.wal_dir: /home/rahul/dev/blockchain-core/eqc/ledger.db
2019/10/17-14:54:14.570913 7fc3a9fcb700                Options.table_cache_numshardbits: 6
2019/10/17-14:54:14.570914 7fc3a9fcb700                      Options.max_subcompactions: 1
2019/10/17-14:54:14.570915 7fc3a9fcb700                  Options.max_background_flushes: -1
2019/10/17-14:54:14.570916 7fc3a9fcb700                         Options.WAL_ttl_seconds: 0
2019/10/17-14:54:14.570917 7fc3a9fcb700                       Options.WAL_size_limit_MB: 0
2019/10/17-14:54:14.570918 7fc3a9fcb700             Options.manifest_preallocation_size: 4194304
2019/10/17-14:54:14.570919 7fc3a9fcb700                     Options.is_fd_close_on_exec: 1
2019/10/17-14:54:14.570920 7fc3a9fcb700                   Options.advise_random_on_open: 1
2019/10/17-14:54:14.570921 7fc3a9fcb700                    Options.db_write_buffer_size: 0
2019/10/17-14:54:14.570922 7fc3a9fcb700                    Options.write_buffer_manager: 0x7fc350047ff0
2019/10/17-14:54:14.570923 7fc3a9fcb700         Options.access_hint_on_compaction_start: 1
2019/10/17-14:54:14.570924 7fc3a9fcb700  Options.new_table_reader_for_compaction_inputs: 0
2019/10/17-14:54:14.570925 7fc3a9fcb700           Options.random_access_max_buffer_size: 1048576
2019/10/17-14:54:14.570926 7fc3a9fcb700                      Options.use_adaptive_mutex: 0
2019/10/17-14:54:14.570927 7fc3a9fcb700                            Options.rate_limiter: (nil)
2019/10/17-14:54:14.570937 7fc3a9fcb700     Options.sst_file_manager.rate_bytes_per_sec: 0
2019/10/17-14:54:14.570938 7fc3a9fcb700                       Options.wal_recovery_mode: 2
2019/10/17-14:54:14.570939 7fc3a9fcb700                  Options.enable_thread_tracking: 0
2019/10/17-14:54:14.570939 7fc3a9fcb700                  Options.enable_pipelined_write: 0
2019/10/17-14:54:14.570940 7fc3a9fcb700         Options.allow_concurrent_memtable_write: 1
2019/10/17-14:54:14.570941 7fc3a9fcb700      Options.enable_write_thread_adaptive_yield: 1
2019/10/17-14:54:14.570942 7fc3a9fcb700             Options.write_thread_max_yield_usec: 100
2019/10/17-14:54:14.570943 7fc3a9fcb700            Options.write_thread_slow_yield_usec: 3
2019/10/17-14:54:14.570944 7fc3a9fcb700                               Options.row_cache: None
2019/10/17-14:54:14.570945 7fc3a9fcb700                              Options.wal_filter: None
2019/10/17-14:54:14.570946 7fc3a9fcb700             Options.avoid_flush_during_recovery: 0
2019/10/17-14:54:14.570947 7fc3a9fcb700             Options.allow_ingest_behind: 0
2019/10/17-14:54:14.570948 7fc3a9fcb700             Options.preserve_deletes: 0
2019/10/17-14:54:14.570949 7fc3a9fcb700             Options.two_write_queues: 0
2019/10/17-14:54:14.570949 7fc3a9fcb700             Options.manual_wal_flush: 0
2019/10/17-14:54:14.570950 7fc3a9fcb700             Options.max_background_jobs: 2
2019/10/17-14:54:14.570951 7fc3a9fcb700             Options.max_background_compactions: -1
2019/10/17-14:54:14.570952 7fc3a9fcb700             Options.avoid_flush_during_shutdown: 0
2019/10/17-14:54:14.570953 7fc3a9fcb700           Options.writable_file_max_buffer_size: 1048576
2019/10/17-14:54:14.570953 7fc3a9fcb700             Options.delayed_write_rate : 16777216
2019/10/17-14:54:14.570954 7fc3a9fcb700             Options.max_total_wal_size: 0
2019/10/17-14:54:14.570955 7fc3a9fcb700             Options.delete_obsolete_files_period_micros: 21600000000
2019/10/17-14:54:14.570956 7fc3a9fcb700                   Options.stats_dump_period_sec: 600
2019/10/17-14:54:14.570957 7fc3a9fcb700                          Options.max_open_files: -1
2019/10/17-14:54:14.570957 7fc3a9fcb700                          Options.bytes_per_sync: 0
2019/10/17-14:54:14.570958 7fc3a9fcb700                      Options.wal_bytes_per_sync: 0
2019/10/17-14:54:14.570959 7fc3a9fcb700       Options.compaction_readahead_size: 0
2019/10/17-14:54:14.570960 7fc3a9fcb700 Compression algorithms supported:
2019/10/17-14:54:14.570961 7fc3a9fcb700 	kZSTDNotFinalCompression supported: 0
2019/10/17-14:54:14.570962 7fc3a9fcb700 	kZSTD supported: 0
2019/10/17-14:54:14.570963 7fc3a9fcb700 	kXpressCompression supported: 0
2019/10/17-14:54:14.570964 7fc3a9fcb700 	kLZ4HCCompression supported: 0
2019/10/17-14:54:14.570965 7fc3a9fcb700 	kLZ4Compression supported: 0
2019/10/17-14:54:14.570966 7fc3a9fcb700 	kBZip2Compression supported: 0
2019/10/17-14:54:14.570967 7fc3a9fcb700 	kZlibCompression supported: 0
2019/10/17-14:54:14.570967 7fc3a9fcb700 	kSnappyCompression supported: 0
2019/10/17-14:54:14.570969 7fc3a9fcb700 Fast CRC32 supported: Supported on x86
2019/10/17-14:54:14.571063 7fc3a9fcb700 [db/version_set.cc:3507] Recovering from manifest file: MANIFEST-114898
2019/10/17-14:54:14.571100 7fc3a9fcb700 [db/column_family.cc:472] --------------- Options for column family [default]:
2019/10/17-14:54:14.571102 7fc3a9fcb700               Options.comparator: leveldb.BytewiseComparator
2019/10/17-14:54:14.571103 7fc3a9fcb700           Options.merge_operator: None
2019/10/17-14:54:14.571105 7fc3a9fcb700        Options.compaction_filter: None
2019/10/17-14:54:14.571106 7fc3a9fcb700        Options.compaction_filter_factory: None
2019/10/17-14:54:14.571107 7fc3a9fcb700         Options.memtable_factory: SkipListFactory
2019/10/17-14:54:14.571108 7fc3a9fcb700            Options.table_factory: BlockBasedTable
2019/10/17-14:54:14.571125 7fc3a9fcb700            table_factory options:   flush_block_policy_factory: FlushBlockBySizePolicyFactory (0x7fc350104190)
  cache_index_and_filter_blocks: 0
  cache_index_and_filter_blocks_with_high_priority: 0
  pin_l0_filter_and_index_blocks_in_cache: 0
  pin_top_level_index_and_filter: 1
  index_type: 0
  hash_index_allow_collision: 1
  checksum: 1
  no_block_cache: 0
  block_cache: 0x7fc350116e90
  block_cache_name: LRUCache
  block_cache_options:
    capacity : 8388608
    num_shard_bits : 4
    strict_capacity_limit : 0
    memory_allocator : None
    high_pri_pool_ratio: 0.000
  block_cache_compressed: (nil)
  persistent_cache: (nil)
  block_size: 4096
  block_size_deviation: 10
  block_restart_interval: 16
  index_block_restart_interval: 1
  metadata_block_size: 4096
  partition_filters: 0
  use_delta_encoding: 1
  filter_policy: nullptr
  whole_key_filtering: 1
  verify_compression: 0
  read_amp_bytes_per_bit: 0
  format_version: 2
  enable_index_compression: 1
  block_align: 0
2019/10/17-14:54:14.571135 7fc3a9fcb700        Options.write_buffer_size: 67108864
2019/10/17-14:54:14.571136 7fc3a9fcb700  Options.max_write_buffer_number: 2
2019/10/17-14:54:14.571137 7fc3a9fcb700          Options.compression: NoCompression
2019/10/17-14:54:14.571138 7fc3a9fcb700                  Options.bottommost_compression: Disabled
2019/10/17-14:54:14.571139 7fc3a9fcb700       Options.prefix_extractor: nullptr
2019/10/17-14:54:14.571140 7fc3a9fcb700   Options.memtable_insert_with_hint_prefix_extractor: nullptr
2019/10/17-14:54:14.571141 7fc3a9fcb700             Options.num_levels: 7
2019/10/17-14:54:14.571142 7fc3a9fcb700        Options.min_write_buffer_number_to_merge: 1
2019/10/17-14:54:14.571143 7fc3a9fcb700     Options.max_write_buffer_number_to_maintain: 0
2019/10/17-14:54:14.571144 7fc3a9fcb700            Options.bottommost_compression_opts.window_bits: -14
2019/10/17-14:54:14.571145 7fc3a9fcb700                  Options.bottommost_compression_opts.level: 32767
2019/10/17-14:54:14.571146 7fc3a9fcb700               Options.bottommost_compression_opts.strategy: 0
2019/10/17-14:54:14.571147 7fc3a9fcb700         Options.bottommost_compression_opts.max_dict_bytes: 0
2019/10/17-14:54:14.571148 7fc3a9fcb700         Options.bottommost_compression_opts.zstd_max_train_bytes: 0
2019/10/17-14:54:14.571149 7fc3a9fcb700                  Options.bottommost_compression_opts.enabled: false
2019/10/17-14:54:14.571150 7fc3a9fcb700            Options.compression_opts.window_bits: -14
2019/10/17-14:54:14.571152 7fc3a9fcb700                  Options.compression_opts.level: 32767
2019/10/17-14:54:14.571153 7fc3a9fcb700               Options.compression_opts.strategy: 0
2019/10/17-14:54:14.571153 7fc3a9fcb700         Options.compression_opts.max_dict_bytes: 0
2019/10/17-14:54:14.571154 7fc3a9fcb700         Options.compression_opts.zstd_max_train_bytes: 0
2019/10/17-14:54:14.571155 7fc3a9fcb700                  Options.compression_opts.enabled: false
2019/10/17-14:54:14.571156 7fc3a9fcb700      Options.level0_file_num_compaction_trigger: 4
2019/10/17-14:54:14.571157 7fc3a9fcb700          Options.level0_slowdown_writes_trigger: 20
2019/10/17-14:54:14.571158 7fc3a9fcb700              Options.level0_stop_writes_trigger: 36
2019/10/17-14:54:14.571159 7fc3a9fcb700                   Options.target_file_size_base: 67108864
2019/10/17-14:54:14.571160 7fc3a9fcb700             Options.target_file_size_multiplier: 1
2019/10/17-14:54:14.571161 7fc3a9fcb700                Options.max_bytes_for_level_base: 268435456
2019/10/17-14:54:14.571162 7fc3a9fcb700 Options.level_compaction_dynamic_level_bytes: 0
2019/10/17-14:54:14.571163 7fc3a9fcb700          Options.max_bytes_for_level_multiplier: 10.000000
2019/10/17-14:54:14.571165 7fc3a9fcb700 Options.max_bytes_for_level_multiplier_addtl[0]: 1
2019/10/17-14:54:14.571166 7fc3a9fcb700 Options.max_bytes_for_level_multiplier_addtl[1]: 1
2019/10/17-14:54:14.571167 7fc3a9fcb700 Options.max_bytes_for_level_multiplier_addtl[2]: 1
2019/10/17-14:54:14.571168 7fc3a9fcb700 Options.max_bytes_for_level_multiplier_addtl[3]: 1
2019/10/17-14:54:14.571169 7fc3a9fcb700 Options.max_bytes_for_level_multiplier_addtl[4]: 1
2019/10/17-14:54:14.571175 7fc3a9fcb700 Options.max_bytes_for_level_multiplier_addtl[5]: 1
2019/10/17-14:54:14.571176 7fc3a9fcb700 Options.max_bytes_for_level_multiplier_addtl[6]: 1
2019/10/17-14:54:14.571177 7fc3a9fcb700       Options.max_sequential_skip_in_iterations: 8
2019/10/17-14:54:14.571178 7fc3a9fcb700                    Options.max_compaction_bytes: 1677721600
2019/10/17-14:54:14.571179 7fc3a9fcb700                        Options.arena_block_size: 8388608
2019/10/17-14:54:14.571180 7fc3a9fcb700   Options.soft_pending_compaction_bytes_limit: 68719476736
2019/10/17-14:54:14.571181 7fc3a9fcb700   Options.hard_pending_compaction_bytes_limit: 274877906944
2019/10/17-14:54:14.571182 7fc3a9fcb700       Options.rate_limit_delay_max_milliseconds: 100
2019/10/17-14:54:14.571183 7fc3a9fcb700                Options.disable_auto_compactions: 0
2019/10/17-14:54:14.571185 7fc3a9fcb700                        Options.compaction_style: kCompactionStyleLevel
2019/10/17-14:54:14.571186 7fc3a9fcb700                          Options.compaction_pri: kByCompensatedSize
2019/10/17-14:54:14.571187 7fc3a9fcb700 Options.compaction_options_universal.size_ratio: 1
2019/10/17-14:54:14.571188 7fc3a9fcb700 Options.compaction_options_universal.min_merge_width: 2
2019/10/17-14:54:14.571189 7fc3a9fcb700 Options.compaction_options_universal.max_merge_width: 4294967295
2019/10/17-14:54:14.571190 7fc3a9fcb700 Options.compaction_options_universal.max_size_amplification_percent: 200
2019/10/17-14:54:14.571191 7fc3a9fcb700 Options.compaction_options_universal.compression_size_percent: -1
2019/10/17-14:54:14.571193 7fc3a9fcb700 Options.compaction_options_universal.stop_style: kCompactionStopStyleTotalSize
2019/10/17-14:54:14.571194 7fc3a9fcb700 Options.compaction_options_fifo.max_table_files_size: 1073741824
2019/10/17-14:54:14.571195 7fc3a9fcb700 Options.compaction_options_fifo.allow_compaction: 0
2019/10/17-14:54:14.571196 7fc3a9fcb700 Options.compaction_options_fifo.ttl: 0
2019/10/17-14:54:14.571196 7fc3a9fcb700                   Options.table_properties_collectors: 
2019/10/17-14:54:14.571197 7fc3a9fcb700                   Options.inplace_update_support: 0
2019/10/17-14:54:14.571198 7fc3a9fcb700                 Options.inplace_update_num_locks: 10000
2019/10/17-14:54:14.571199 7fc3a9fcb700               Options.memtable_prefix_bloom_size_ratio: 0.000000
2019/10/17-14:54:14.571201 7fc3a9fcb700   Options.memtable_huge_page_size: 0
2019/10/17-14:54:14.571202 7fc3a9fcb700                           Options.bloom_locality: 0
2019/10/17-14:54:14.571203 7fc3a9fcb700                    Options.max_successive_merges: 0
2019/10/17-14:54:14.571204 7fc3a9fcb700                Options.optimize_filters_for_hits: 0
2019/10/17-14:54:14.571205 7fc3a9fcb700                Options.paranoid_file_checks: 0
2019/10/17-14:54:14.571205 7fc3a9fcb700                Options.force_consistency_checks: 0
2019/10/17-14:54:14.571206 7fc3a9fcb700                Options.report_bg_io_stats: 0
2019/10/17-14:54:14.571207 7fc3a9fcb700                               Options.ttl: 0
2019/10/17-14:54:14.571238 7fc3a9fcb700 [db/column_family.cc:472] --------------- Options for column family [active_gateways]:
2019/10/17-14:54:14.571240 7fc3a9fcb700               Options.comparator: leveldb.BytewiseComparator
2019/10/17-14:54:14.571241 7fc3a9fcb700           Options.merge_operator: None
2019/10/17-14:54:14.571242 7fc3a9fcb700        Options.compaction_filter: None
2019/10/17-14:54:14.571243 7fc3a9fcb700        Options.compaction_filter_factory: None
2019/10/17-14:54:14.571244 7fc3a9fcb700         Options.memtable_factory: SkipListFactory
2019/10/17-14:54:14.571245 7fc3a9fcb700            Options.table_factory: BlockBasedTable
2019/10/17-14:54:14.571257 7fc3a9fcb700            table_factory options:   flush_block_policy_factory: FlushBlockBySizePolicyFactory (0x7fc350048470)
  cache_index_and_filter_blocks: 0
  cache_index_and_filter_blocks_with_high_priority: 0
  pin_l0_filter_and_index_blocks_in_cache: 0
  pin_top_level_index_and_filter: 1
  index_type: 0
  hash_index_allow_collision: 1
  checksum: 1
  no_block_cache: 0
  block_cache: 0x7fc350000b90
  block_cache_name: LRUCache
  block_cache_options:
    capacity : 8388608
    num_shard_bits : 4
    strict_capacity_limit : 0
    memory_allocator : None
    high_pri_pool_ratio: 0.000
  block_cache_compressed: (nil)
  persistent_cache: (nil)
  block_size: 4096
  block_size_deviation: 10
  block_restart_interval: 16
  index_block_restart_interval: 1
  metadata_block_size: 4096
  partition_filters: 0
  use_delta_encoding: 1
  filter_policy: nullptr
  whole_key_filtering: 1
  verify_compression: 0
  read_amp_bytes_per_bit: 0
  format_version: 2
  enable_index_compression: 1
  block_align: 0
2019/10/17-14:54:14.571264 7fc3a9fcb700        Options.write_buffer_size: 67108864
2019/10/17-14:54:14.571266 7fc3a9fcb700  Options.max_write_buffer_number: 2
2019/10/17-14:54:14.571267 7fc3a9fcb700          Options.compression: NoCompression
2019/10/17-14:54:14.571268 7fc3a9fcb700                  Options.bottommost_compression: Disabled
2019/10/17-14:54:14.571269 7fc3a9fcb700       Options.prefix_extractor: nullptr
2019/10/17-14:54:14.571269 7fc3a9fcb700   Options.memtable_insert_with_hint_prefix_extractor: nullptr
2019/10/17-14:54:14.571270 7fc3a9fcb700             Options.num_levels: 7
2019/10/17-14:54:14.571271 7fc3a9fcb700        Options.min_write_buffer_number_to_merge: 1
2019/10/17-14:54:14.571272 7fc3a9fcb700     Options.max_write_buffer_number_to_maintain: 0
2019/10/17-14:54:14.571273 7fc3a9fcb700            Options.bottommost_compression_opts.window_bits: -14
2019/10/17-14:54:14.571274 7fc3a9fcb700                  Options.bottommost_compression_opts.level: 32767
2019/10/17-14:54:14.571275 7fc3a9fcb700               Options.bottommost_compression_opts.strategy: 0
2019/10/17-14:54:14.571276 7fc3a9fcb700         Options.bottommost_compression_opts.max_dict_bytes: 0
2019/10/17-14:54:14.571277 7fc3a9fcb700         Options.bottommost_compression_opts.zstd_max_train_bytes: 0
2019/10/17-14:54:14.571278 7fc3a9fcb700                  Options.bottommost_compression_opts.enabled: false
2019/10/17-14:54:14.571278 7fc3a9fcb700            Options.compression_opts.window_bits: -14
2019/10/17-14:54:14.571279 7fc3a9fcb700                  Options.compression_opts.level: 32767
2019/10/17-14:54:14.571280 7fc3a9fcb700               Options.compression_opts.strategy: 0
2019/10/17-14:54:14.571281 7fc3a9fcb700         Options.compression_opts.max_dict_bytes: 0
2019/10/17-14:54:14.571282 7fc3a9fcb700         Options.compression_opts.zstd_max_train_bytes: 0
2019/10/17-14:54:14.571283 7fc3a9fcb700                  Options.compression_opts.enabled: false
2019/10/17-14:54:14.571284 7fc3a9fcb700      Options.level0_file_num_compaction_trigger: 4
2019/10/17-14:54:14.571285 7fc3a9fcb700          Options.level0_slowdown_writes_trigger: 20
2019/10/17-14:54:14.571286 7fc3a9fcb700              Options.level0_stop_writes_trigger: 36
2019/10/17-14:54:14.571286 7fc3a9fcb700                   Options.target_file_size_base: 67108864
2019/10/17-14:54:14.571287 7fc3a9fcb700             Options.target_file_size_multiplier: 1
2019/10/17-14:54:14.571288 7fc3a9fcb700                Options.max_bytes_for_level_base: 268435456
2019/10/17-14:54:14.571289 7fc3a9fcb700 Options.level_compaction_dynamic_level_bytes: 0
2019/10/17-14:54:14.571290 7fc3a9fcb700          Options.max_bytes_for_level_multiplier: 10.000000
2019/10/17-14:54:14.571292 7fc3a9fcb700 Options.max_bytes_for_level_multiplier_addtl[0]: 1
2019/10/17-14:54:14.571293 7fc3a9fcb700 Options.max_bytes_for_level_multiplier_addtl[1]: 1
2019/10/17-14:54:14.571294 7fc3a9fcb700 Options.max_bytes_for_level_multiplier_addtl[2]: 1
2019/10/17-14:54:14.571295 7fc3a9fcb700 Options.max_bytes_for_level_multiplier_addtl[3]: 1
2019/10/17-14:54:14.571296 7fc3a9fcb700 Options.max_bytes_for_level_multiplier_addtl[4]: 1
2019/10/17-14:54:14.571296 7fc3a9fcb700 Options.max_bytes_for_level_multiplier_addtl[5]: 1
2019/10/17-14:54:14.571297 7fc3a9fcb700 Options.max_bytes_for_level_multiplier_addtl[6]: 1
2019/10/17-14:54:14.571298 7fc3a9fcb700       Options.max_sequential_skip_in_iterations: 8
2019/10/17-14:54:14.571303 7fc3a9fcb700                    Options.max_compaction_bytes: 1677721600
2019/10/17-14:54:14.571303 7fc3a9fcb700                        Options.arena_block_size: 8388608
2019/10/17-14:54:14.571304 7fc3a9fcb700   Options.soft_pending_compaction_bytes_limit: 68719476736
2019/10/17-14:54:14.571305 7fc3a9fcb700   Options.hard_pending_compaction_bytes_limit: 274877906944
2019/10/17-14:54:14.571306 7fc3a9fcb700       Options.rate_limit_delay_max_milliseconds: 100
2019/10/17-14:54:14.571306 7fc3a9fcb700                Options.disable_auto_compactions: 0
2019/10/17-14:54:14.571307 7fc3a9fcb700                        Options.compaction_style: kCompactionStyleLevel
2019/10/17-14:54:14.571308 7fc3a9fcb700                          Options.compaction_pri: kByCompensatedSize
2019/10/17-14:54:14.571309 7fc3a9fcb700 Options.compaction_options_universal.size_ratio: 1
2019/10/17-14:54:14.571310 7fc3a9fcb700 Options.compaction_options_universal.min_merge_width: 2
2019/10/17-14:54:14.571310 7fc3a9fcb700 Options.compaction_options_universal.max_merge_width: 4294967295
2019/10/17-14:54:14.571311 7fc3a9fcb700 Options.compaction_options_universal.max_size_amplification_percent: 200
2019/10/17-14:54:14.571312 7fc3a9fcb700 Options.compaction_options_universal.compression_size_percent: -1
2019/10/17-14:54:14.571313 7fc3a9fcb700 Options.compaction_options_universal.stop_style: kCompactionStopStyleTotalSize
2019/10/17-14:54:14.571313 7fc3a9fcb700 Options.compaction_options_fifo.max_table_files_size: 1073741824
2019/10/17-14:54:14.571314 7fc3a9fcb700 Options.compaction_options_fifo.allow_compaction: 0
2019/10/17-14:54:14.571315 7fc3a9fcb700 Options.compaction_options_fifo.ttl: 0
2019/10/17-14:54:14.571316 7fc3a9fcb700                   Options.table_properties_collectors: 
2019/10/17-14:54:14.571316 7fc3a9fcb700                   Options.inplace_update_support: 0
2019/10/17-14:54:14.571317 7fc3a9fcb700                 Options.inplace_update_num_locks: 10000
2019/10/17-14:54:14.571318 7fc3a9fcb700               Options.memtable_prefix_bloom_size_ratio: 0.000000
2019/10/17-14:54:14.571319 7fc3a9fcb700   Options.memtable_huge_page_size: 0
2019/10/17-14:54:14.571320 7fc3a9fcb700                           Options.bloom_locality: 0
2019/10/17-14:54:14.571321 7fc3a9fcb700                    Options.max_successive_merges: 0
2019/10/17-14:54:14.571322 7fc3a9fcb700                Options.optimize_filters_for_hits: 0
2019/10/17-14:54:14.571323 7fc3a9fcb700                Options.paranoid_file_checks: 0
2019/10/17-14:54:14.571324 7fc3a9fcb700                Options.force_consistency_checks: 0
2019/10/17-14:54:14.571324 7fc3a9fcb700                Options.report_bg_io_stats: 0
2019/10/17-14:54:14.571325 7fc3a9fcb700                               Options.ttl: 0
2019/10/17-14:54:14.571345 7fc3a9fcb700 [db/column_family.cc:472] --------------- Options for column family [entries]:
2019/10/17-14:54:14.571346 7fc3a9fcb700               Options.comparator: leveldb.BytewiseComparator
2019/10/17-14:54:14.571348 7fc3a9fcb700           Options.merge_operator: None
2019/10/17-14:54:14.571349 7fc3a9fcb700        Options.compaction_filter: None
2019/10/17-14:54:14.571350 7fc3a9fcb700        Options.compaction_filter_factory: None
2019/10/17-14:54:14.571351 7fc3a9fcb700         Options.memtable_factory: SkipListFactory
2019/10/17-14:54:14.571352 7fc3a9fcb700            Options.table_factory: BlockBasedTable
2019/10/17-14:54:14.571365 7fc3a9fcb700            table_factory options:   flush_block_policy_factory: FlushBlockBySizePolicyFactory (0x7fc3500a06b0)
  cache_index_and_filter_blocks: 0
  cache_index_and_filter_blocks_with_high_priority: 0
  pin_l0_filter_and_index_blocks_in_cache: 0
  pin_top_level_index_and_filter: 1
  index_type: 0
  hash_index_allow_collision: 1
  checksum: 1
  no_block_cache: 0
  block_cache: 0x7fc350029f60
  block_cache_name: LRUCache
  block_cache_options:
    capacity : 8388608
    num_shard_bits : 4
    strict_capacity_limit : 0
    memory_allocator : None
    high_pri_pool_ratio: 0.000
  block_cache_compressed: (nil)
  persistent_cache: (nil)
  block_size: 4096
  block_size_deviation: 10
  block_restart_interval: 16
  index_block_restart_interval: 1
  metadata_block_size: 4096
  partition_filters: 0
  use_delta_encoding: 1
  filter_policy: nullptr
  whole_key_filtering: 1
  verify_compression: 0
  read_amp_bytes_per_bit: 0
  format_version: 2
  enable_index_compression: 1
  block_align: 0
2019/10/17-14:54:14.571372 7fc3a9fcb700        Options.write_buffer_size: 67108864
2019/10/17-14:54:14.571373 7fc3a9fcb700  Options.max_write_buffer_number: 2
2019/10/17-14:54:14.571374 7fc3a9fcb700          Options.compression: NoCompression
2019/10/17-14:54:14.571375 7fc3a9fcb700                  Options.bottommost_compression: Disabled
2019/10/17-14:54:14.571377 7fc3a9fcb700       Options.prefix_extractor: nullptr
2019/10/17-14:54:14.571378 7fc3a9fcb700   Options.memtable_insert_with_hint_prefix_extractor: nullptr
2019/10/17-14:54:14.571379 7fc3a9fcb700             Options.num_levels: 7
2019/10/17-14:54:14.571380 7fc3a9fcb700        Options.min_write_buffer_number_to_merge: 1
2019/10/17-14:54:14.571381 7fc3a9fcb700     Options.max_write_buffer_number_to_maintain: 0
2019/10/17-14:54:14.571382 7fc3a9fcb700            Options.bottommost_compression_opts.window_bits: -14
2019/10/17-14:54:14.571383 7fc3a9fcb700                  Options.bottommost_compression_opts.level: 32767
2019/10/17-14:54:14.571384 7fc3a9fcb700               Options.bottommost_compression_opts.strategy: 0
2019/10/17-14:54:14.571385 7fc3a9fcb700         Options.bottommost_compression_opts.max_dict_bytes: 0
2019/10/17-14:54:14.571386 7fc3a9fcb700         Options.bottommost_compression_opts.zstd_max_train_bytes: 0
2019/10/17-14:54:14.571387 7fc3a9fcb700                  Options.bottommost_compression_opts.enabled: false
2019/10/17-14:54:14.571388 7fc3a9fcb700            Options.compression_opts.window_bits: -14
2019/10/17-14:54:14.571389 7fc3a9fcb700                  Options.compression_opts.level: 32767
2019/10/17-14:54:14.571390 7fc3a9fcb700               Options.compression_opts.strategy: 0
2019/10/17-14:54:14.571391 7fc3a9fcb700         Options.compression_opts.max_dict_bytes: 0
2019/10/17-14:54:14.571392 7fc3a9fcb700         Options.compression_opts.zstd_max_train_bytes: 0
2019/10/17-14:54:14.571394 7fc3a9fcb700                  Options.compression_opts.enabled: false
2019/10/17-14:54:14.571395 7fc3a9fcb700      Options.level0_file_num_compaction_trigger: 4
2019/10/17-14:54:14.571396 7fc3a9fcb700          Options.level0_slowdown_writes_trigger: 20
2019/10/17-14:54:14.571397 7fc3a9fcb700              Options.level0_stop_writes_trigger: 36
2019/10/17-14:54:14.571398 7fc3a9fcb700                   Options.target_file_size_base: 67108864
2019/10/17-14:54:14.571399 7fc3a9fcb700             Options.target_file_size_multiplier: 1
2019/10/17-14:54:14.571400 7fc3a9fcb700                Options.max_bytes_for_level_base: 268435456
2019/10/17-14:54:14.571401 7fc3a9fcb700 Options.level_compaction_dynamic_level_bytes: 0
2019/10/17-14:54:14.571402 7fc3a9fcb700          Options.max_bytes_for_level_multiplier: 10.000000
2019/10/17-14:54:14.571404 7fc3a9fcb700 Options.max_bytes_for_level_multiplier_addtl[0]: 1
2019/10/17-14:54:14.571405 7fc3a9fcb700 Options.max_bytes_for_level_multiplier_addtl[1]: 1
2019/10/17-14:54:14.571406 7fc3a9fcb700 Options.max_bytes_for_level_multiplier_addtl[2]: 1
2019/10/17-14:54:14.571407 7fc3a9fcb700 Options.max_bytes_for_level_multiplier_addtl[3]: 1
2019/10/17-14:54:14.571408 7fc3a9fcb700 Options.max_bytes_for_level_multiplier_addtl[4]: 1
2019/10/17-14:54:14.571410 7fc3a9fcb700 Options.max_bytes_for_level_multiplier_addtl[5]: 1
2019/10/17-14:54:14.571411 7fc3a9fcb700 Options.max_bytes_for_level_multiplier_addtl[6]: 1
2019/10/17-14:54:14.571412 7fc3a9fcb700       Options.max_sequential_skip_in_iterations: 8
2019/10/17-14:54:14.571413 7fc3a9fcb700                    Options.max_compaction_bytes: 1677721600
2019/10/17-14:54:14.571414 7fc3a9fcb700                        Options.arena_block_size: 8388608
2019/10/17-14:54:14.571415 7fc3a9fcb700   Options.soft_pending_compaction_bytes_limit: 68719476736
2019/10/17-14:54:14.571420 7fc3a9fcb700   Options.hard_pending_compaction_bytes_limit: 274877906944
2019/10/17-14:54:14.571422 7fc3a9fcb700       Options.rate_limit_delay_max_milliseconds: 100
2019/10/17-14:54:14.571423 7fc3a9fcb700                Options.disable_auto_compactions: 0
2019/10/17-14:54:14.571424 7fc3a9fcb700                        Options.compaction_style: kCompactionStyleLevel
2019/10/17-14:54:14.571425 7fc3a9fcb700                          Options.compaction_pri: kByCompensatedSize
2019/10/17-14:54:14.571426 7fc3a9fcb700 Options.compaction_options_universal.size_ratio: 1
2019/10/17-14:54:14.571428 7fc3a9fcb700 Options.compaction_options_universal.min_merge_width: 2
2019/10/17-14:54:14.571429 7fc3a9fcb700 Options.compaction_options_universal.max_merge_width: 4294967295
2019/10/17-14:54:14.571430 7fc3a9fcb700 Options.compaction_options_universal.max_size_amplification_percent: 200
2019/10/17-14:54:14.571431 7fc3a9fcb700 Options.compaction_options_universal.compression_size_percent: -1
2019/10/17-14:54:14.571432 7fc3a9fcb700 Options.compaction_options_universal.stop_style: kCompactionStopStyleTotalSize
2019/10/17-14:54:14.571433 7fc3a9fcb700 Options.compaction_options_fifo.max_table_files_size: 1073741824
2019/10/17-14:54:14.571434 7fc3a9fcb700 Options.compaction_options_fifo.allow_compaction: 0
2019/10/17-14:54:14.571435 7fc3a9fcb700 Options.compaction_options_fifo.ttl: 0
2019/10/17-14:54:14.571436 7fc3a9fcb700                   Options.table_properties_collectors: 
2019/10/17-14:54:14.571438 7fc3a9fcb700                   Options.inplace_update_support: 0
2019/10/17-14:54:14.571439 7fc3a9fcb700                 Options.inplace_update_num_locks: 10000
2019/10/17-14:54:14.571440 7fc3a9fcb700               Options.memtable_prefix_bloom_size_ratio: 0.000000
2019/10/17-14:54:14.571441 7fc3a9fcb700   Options.memtable_huge_page_size: 0
2019/10/17-14:54:14.571442 7fc3a9fcb700                           Options.bloom_locality: 0
2019/10/17-14:54:14.571443 7fc3a9fcb700                    Options.max_successive_merges: 0
2019/10/17-14:54:14.571444 7fc3a9fcb700                Options.optimize_filters_for_hits: 0
2019/10/17-14:54:14.571445 7fc3a9fcb700                Options.paranoid_file_checks: 0
2019/10/17-14:54:14.571447 7fc3a9fcb700                Options.force_consistency_checks: 0
2019/10/17-14:54:14.571448 7fc3a9fcb700                Options.report_bg_io_stats: 0
2019/10/17-14:54:14.571449 7fc3a9fcb700                               Options.ttl: 0
2019/10/17-14:54:14.571465 7fc3a9fcb700 [db/column_family.cc:472] --------------- Options for column family [dc_entries]:
2019/10/17-14:54:14.571466 7fc3a9fcb700               Options.comparator: leveldb.BytewiseComparator
2019/10/17-14:54:14.571467 7fc3a9fcb700           Options.merge_operator: None
2019/10/17-14:54:14.571468 7fc3a9fcb700        Options.compaction_filter: None
2019/10/17-14:54:14.571469 7fc3a9fcb700        Options.compaction_filter_factory: None
2019/10/17-14:54:14.571470 7fc3a9fcb700         Options.memtable_factory: SkipListFactory
2019/10/17-14:54:14.571471 7fc3a9fcb700            Options.table_factory: BlockBasedTable
2019/10/17-14:54:14.571482 7fc3a9fcb700            table_factory options:   flush_block_policy_factory: FlushBlockBySizePolicyFactory (0x7fc350036080)
  cache_index_and_filter_blocks: 0
  cache_index_and_filter_blocks_with_high_priority: 0
  pin_l0_filter_and_index_blocks_in_cache: 0
  pin_top_level_index_and_filter: 1
  index_type: 0
  hash_index_allow_collision: 1
  checksum: 1
  no_block_cache: 0
  block_cache: 0x7fc350095fb0
  block_cache_name: LRUCache
  block_cache_options:
    capacity : 8388608
    num_shard_bits : 4
    strict_capacity_limit : 0
    memory_allocator : None
    high_pri_pool_ratio: 0.000
  block_cache_compressed: (nil)
  persistent_cache: (nil)
  block_size: 4096
  block_size_deviation: 10
  block_restart_interval: 16
  index_block_restart_interval: 1
  metadata_block_size: 4096
  partition_filters: 0
  use_delta_encoding: 1
  filter_policy: nullptr
  whole_key_filtering: 1
  verify_compression: 0
  read_amp_bytes_per_bit: 0
  format_version: 2
  enable_index_compression: 1
  block_align: 0
2019/10/17-14:54:14.571488 7fc3a9fcb700        Options.write_buffer_size: 67108864
2019/10/17-14:54:14.571489 7fc3a9fcb700  Options.max_write_buffer_number: 2
2019/10/17-14:54:14.571490 7fc3a9fcb700          Options.compression: NoCompression
2019/10/17-14:54:14.571490 7fc3a9fcb700                  Options.bottommost_compression: Disabled
2019/10/17-14:54:14.571491 7fc3a9fcb700       Options.prefix_extractor: nullptr
2019/10/17-14:54:14.571492 7fc3a9fcb700   Options.memtable_insert_with_hint_prefix_extractor: nullptr
2019/10/17-14:54:14.571493 7fc3a9fcb700             Options.num_levels: 7
2019/10/17-14:54:14.571494 7fc3a9fcb700        Options.min_write_buffer_number_to_merge: 1
2019/10/17-14:54:14.571494 7fc3a9fcb700     Options.max_write_buffer_number_to_maintain: 0
2019/10/17-14:54:14.571495 7fc3a9fcb700            Options.bottommost_compression_opts.window_bits: -14
2019/10/17-14:54:14.571496 7fc3a9fcb700                  Options.bottommost_compression_opts.level: 32767
2019/10/17-14:54:14.571497 7fc3a9fcb700               Options.bottommost_compression_opts.strategy: 0
2019/10/17-14:54:14.571498 7fc3a9fcb700         Options.bottommost_compression_opts.max_dict_bytes: 0
2019/10/17-14:54:14.571499 7fc3a9fcb700         Options.bottommost_compression_opts.zstd_max_train_bytes: 0
2019/10/17-14:54:14.571499 7fc3a9fcb700                  Options.bottommost_compression_opts.enabled: false
2019/10/17-14:54:14.571500 7fc3a9fcb700            Options.compression_opts.window_bits: -14
2019/10/17-14:54:14.571501 7fc3a9fcb700                  Options.compression_opts.level: 32767
2019/10/17-14:54:14.571502 7fc3a9fcb700               Options.compression_opts.strategy: 0
2019/10/17-14:54:14.571503 7fc3a9fcb700         Options.compression_opts.max_dict_bytes: 0
2019/10/17-14:54:14.571504 7fc3a9fcb700         Options.compression_opts.zstd_max_train_bytes: 0
2019/10/17-14:54:14.571504 7fc3a9fcb700                  Options.compression_opts.enabled: false
2019/10/17-14:54:14.571505 7fc3a9fcb700      Options.level0_file_num_compaction_trigger: 4
2019/10/17-14:54:14.571506 7fc3a9fcb700          Options.level0_slowdown_writes_trigger: 20
2019/10/17-14:54:14.571507 7fc3a9fcb700              Options.level0_stop_writes_trigger: 36
2019/10/17-14:54:14.571508 7fc3a9fcb700                   Options.target_file_size_base: 67108864
2019/10/17-14:54:14.571509 7fc3a9fcb700             Options.target_file_size_multiplier: 1
2019/10/17-14:54:14.571509 7fc3a9fcb700                Options.max_bytes_for_level_base: 268435456
2019/10/17-14:54:14.571510 7fc3a9fcb700 Options.level_compaction_dynamic_level_bytes: 0
2019/10/17-14:54:14.571511 7fc3a9fcb700          Options.max_bytes_for_level_multiplier: 10.000000
2019/10/17-14:54:14.571513 7fc3a9fcb700 Options.max_bytes_for_level_multiplier_addtl[0]: 1
2019/10/17-14:54:14.571513 7fc3a9fcb700 Options.max_bytes_for_level_multiplier_addtl[1]: 1
2019/10/17-14:54:14.571514 7fc3a9fcb700 Options.max_bytes_for_level_multiplier_addtl[2]: 1
2019/10/17-14:54:14.571515 7fc3a9fcb700 Options.max_bytes_for_level_multiplier_addtl[3]: 1
2019/10/17-14:54:14.571516 7fc3a9fcb700 Options.max_bytes_for_level_multiplier_addtl[4]: 1
2019/10/17-14:54:14.571517 7fc3a9fcb700 Options.max_bytes_for_level_multiplier_addtl[5]: 1
2019/10/17-14:54:14.571518 7fc3a9fcb700 Options.max_bytes_for_level_multiplier_addtl[6]: 1
2019/10/17-14:54:14.571519 7fc3a9fcb700       Options.max_sequential_skip_in_iterations: 8
2019/10/17-14:54:14.571519 7fc3a9fcb700                    Options.max_compaction_bytes: 1677721600
2019/10/17-14:54:14.571520 7fc3a9fcb700                        Options.arena_block_size: 8388608
2019/10/17-14:54:14.571521 7fc3a9fcb700   Options.soft_pending_compaction_bytes_limit: 68719476736
2019/10/17-14:54:14.571522 7fc3a9fcb700   Options.hard_pending_compaction_bytes_limit: 274877906944
2019/10/17-14:54:14.571523 7fc3a9fcb700       Options.rate_limit_delay_max_milliseconds: 100
2019/10/17-14:54:14.571524 7fc3a9fcb700                Options.disable_auto_compactions: 0
2019/10/17-14:54:14.571529 7fc3a9fcb700                        Options.compaction_style: kCompactionStyleLevel
2019/10/17-14:54:14.571530 7fc3a9fcb700                          Options.compaction_pri: kByCompensatedSize
2019/10/17-14:54:14.571531 7fc3a9fcb700 Options.compaction_options_universal.size_ratio: 1
2019/10/17-14:54:14.571531 7fc3a9fcb700 Options.compaction_options_universal.min_merge_width: 2
2019/10/17-14:54:14.571532 7fc3a9fcb700 Options.compaction_options_universal.max_merge_width: 4294967295
2019/10/17-14:54:14.571533 7fc3a9fcb700 Options.compaction_options_universal.max_size_amplification_percent: 200
2019/10/17-14:54:14.571534 7fc3a9fcb700 Options.compaction_options_universal.compression_size_percent: -1
2019/10/17-14:54:14.571535 7fc3a9fcb700 Options.compaction_options_universal.stop_style: kCompactionStopStyleTotalSize
2019/10/17-14:54:14.571536 7fc3a9fcb700 Options.compaction_options_fifo.max_table_files_size: 1073741824
2019/10/17-14:54:14.571537 7fc3a9fcb700 Options.compaction_options_fifo.allow_compaction: 0
2019/10/17-14:54:14.571538 7fc3a9fcb700 Options.compaction_options_fifo.ttl: 0
2019/10/17-14:54:14.571539 7fc3a9fcb700                   Options.table_properties_collectors: 
2019/10/17-14:54:14.571540 7fc3a9fcb700                   Options.inplace_update_support: 0
2019/10/17-14:54:14.571541 7fc3a9fcb700                 Options.inplace_update_num_locks: 10000
2019/10/17-14:54:14.571542 7fc3a9fcb700               Options.memtable_prefix_bloom_size_ratio: 0.000000
2019/10/17-14:54:14.571543 7fc3a9fcb700   Options.memtable_huge_page_size: 0
2019/10/17-14:54:14.571544 7fc3a9fcb700                           Options.bloom_locality: 0
2019/10/17-14:54:14.571544 7fc3a9fcb700                    Options.max_successive_merges: 0
2019/10/17-14:54:14.571545 7fc3a9fcb700                Options.optimize_filters_for_hits: 0
2019/10/17-14:54:14.571546 7fc3a9fcb700                Options.paranoid_file_checks: 0
2019/10/17-14:54:14.571547 7fc3a9fcb700                Options.force_consistency_checks: 0
2019/10/17-14:54:14.571548 7fc3a9fcb700                Options.report_bg_io_stats: 0
2019/10/17-14:54:14.571549 7fc3a9fcb700                               Options.ttl: 0
2019/10/17-14:54:14.571562 7fc3a9fcb700 [db/column_family.cc:472] --------------- Options for column family [htlcs]:
2019/10/17-14:54:14.571563 7fc3a9fcb700               Options.comparator: leveldb.BytewiseComparator
2019/10/17-14:54:14.571564 7fc3a9fcb700           Options.merge_operator: None
2019/10/17-14:54:14.571565 7fc3a9fcb700        Options.compaction_filter: None
2019/10/17-14:54:14.571566 7fc3a9fcb700        Options.compaction_filter_factory: None
2019/10/17-14:54:14.571566 7fc3a9fcb700         Options.memtable_factory: SkipListFactory
2019/10/17-14:54:14.571567 7fc3a9fcb700            Options.table_factory: BlockBasedTable
2019/10/17-14:54:14.571577 7fc3a9fcb700            table_factory options:   flush_block_policy_factory: FlushBlockBySizePolicyFactory (0x7fc3500ac500)
