2019/10/17-14:56:13.971589 7fbc2cd30700 RocksDB version: 5.18.3
2019/10/17-14:56:13.971626 7fbc2cd30700 Git sha rocksdb_build_git_sha:@0@
2019/10/17-14:56:13.971628 7fbc2cd30700 Compile date Sep 19 2019
2019/10/17-14:56:13.971629 7fbc2cd30700 DB SUMMARY
2019/10/17-14:56:13.972318 7fbc2cd30700 CURRENT file:  CURRENT
2019/10/17-14:56:13.972320 7fbc2cd30700 IDENTITY file:  IDENTITY
2019/10/17-14:56:13.972348 7fbc2cd30700 MANIFEST file:  MANIFEST-116950 size: 4114 Bytes
2019/10/17-14:56:13.972349 7fbc2cd30700 SST files in /home/rahul/dev/blockchain-core/eqc/ledger.db dir, Total Num: 29, files: 000624.sst 000627.sst 106940.sst 108447.sst 108450.sst 109471.sst 109483.sst 109485.sst 109486.sst 
2019/10/17-14:56:13.972351 7fbc2cd30700 Write Ahead Log file in /home/rahul/dev/blockchain-core/eqc/ledger.db: 116951.log size: 0 ; 
2019/10/17-14:56:13.972383 7fbc2cd30700                         Options.error_if_exists: 0
2019/10/17-14:56:13.972384 7fbc2cd30700                       Options.create_if_missing: 1
2019/10/17-14:56:13.972385 7fbc2cd30700                         Options.paranoid_checks: 1
2019/10/17-14:56:13.972386 7fbc2cd30700                                     Options.env: 0x7fbbafa7bc60
2019/10/17-14:56:13.972386 7fbc2cd30700                                Options.info_log: 0x7fbbb80a1670
2019/10/17-14:56:13.972387 7fbc2cd30700                Options.max_file_opening_threads: 16
2019/10/17-14:56:13.972388 7fbc2cd30700                              Options.statistics: (nil)
2019/10/17-14:56:13.972389 7fbc2cd30700                               Options.use_fsync: 0
2019/10/17-14:56:13.972390 7fbc2cd30700                       Options.max_log_file_size: 0
2019/10/17-14:56:13.972390 7fbc2cd30700                  Options.max_manifest_file_size: 1073741824
2019/10/17-14:56:13.972391 7fbc2cd30700                   Options.log_file_time_to_roll: 0
2019/10/17-14:56:13.972392 7fbc2cd30700                       Options.keep_log_file_num: 1000
2019/10/17-14:56:13.972393 7fbc2cd30700                    Options.recycle_log_file_num: 0
2019/10/17-14:56:13.972393 7fbc2cd30700                         Options.allow_fallocate: 1
2019/10/17-14:56:13.972394 7fbc2cd30700                        Options.allow_mmap_reads: 0
2019/10/17-14:56:13.972395 7fbc2cd30700                       Options.allow_mmap_writes: 0
2019/10/17-14:56:13.972395 7fbc2cd30700                        Options.use_direct_reads: 0
2019/10/17-14:56:13.972396 7fbc2cd30700                        Options.use_direct_io_for_flush_and_compaction: 0
2019/10/17-14:56:13.972397 7fbc2cd30700          Options.create_missing_column_families: 0
2019/10/17-14:56:13.972397 7fbc2cd30700                              Options.db_log_dir: 
2019/10/17-14:56:13.972398 7fbc2cd30700                                 Options.wal_dir: /home/rahul/dev/blockchain-core/eqc/ledger.db
2019/10/17-14:56:13.972399 7fbc2cd30700                Options.table_cache_numshardbits: 6
2019/10/17-14:56:13.972400 7fbc2cd30700                      Options.max_subcompactions: 1
2019/10/17-14:56:13.972400 7fbc2cd30700                  Options.max_background_flushes: -1
2019/10/17-14:56:13.972401 7fbc2cd30700                         Options.WAL_ttl_seconds: 0
2019/10/17-14:56:13.972402 7fbc2cd30700                       Options.WAL_size_limit_MB: 0
2019/10/17-14:56:13.972402 7fbc2cd30700             Options.manifest_preallocation_size: 4194304
2019/10/17-14:56:13.972403 7fbc2cd30700                     Options.is_fd_close_on_exec: 1
2019/10/17-14:56:13.972404 7fbc2cd30700                   Options.advise_random_on_open: 1
2019/10/17-14:56:13.972405 7fbc2cd30700                    Options.db_write_buffer_size: 0
2019/10/17-14:56:13.972405 7fbc2cd30700                    Options.write_buffer_manager: 0x7fbbb809e580
2019/10/17-14:56:13.972406 7fbc2cd30700         Options.access_hint_on_compaction_start: 1
2019/10/17-14:56:13.972407 7fbc2cd30700  Options.new_table_reader_for_compaction_inputs: 0
2019/10/17-14:56:13.972407 7fbc2cd30700           Options.random_access_max_buffer_size: 1048576
2019/10/17-14:56:13.972408 7fbc2cd30700                      Options.use_adaptive_mutex: 0
2019/10/17-14:56:13.972409 7fbc2cd30700                            Options.rate_limiter: (nil)
2019/10/17-14:56:13.972418 7fbc2cd30700     Options.sst_file_manager.rate_bytes_per_sec: 0
2019/10/17-14:56:13.972419 7fbc2cd30700                       Options.wal_recovery_mode: 2
2019/10/17-14:56:13.972420 7fbc2cd30700                  Options.enable_thread_tracking: 0
2019/10/17-14:56:13.972420 7fbc2cd30700                  Options.enable_pipelined_write: 0
2019/10/17-14:56:13.972421 7fbc2cd30700         Options.allow_concurrent_memtable_write: 1
2019/10/17-14:56:13.972422 7fbc2cd30700      Options.enable_write_thread_adaptive_yield: 1
2019/10/17-14:56:13.972422 7fbc2cd30700             Options.write_thread_max_yield_usec: 100
2019/10/17-14:56:13.972423 7fbc2cd30700            Options.write_thread_slow_yield_usec: 3
2019/10/17-14:56:13.972424 7fbc2cd30700                               Options.row_cache: None
2019/10/17-14:56:13.972425 7fbc2cd30700                              Options.wal_filter: None
2019/10/17-14:56:13.972425 7fbc2cd30700             Options.avoid_flush_during_recovery: 0
2019/10/17-14:56:13.972426 7fbc2cd30700             Options.allow_ingest_behind: 0
2019/10/17-14:56:13.972427 7fbc2cd30700             Options.preserve_deletes: 0
2019/10/17-14:56:13.972427 7fbc2cd30700             Options.two_write_queues: 0
2019/10/17-14:56:13.972428 7fbc2cd30700             Options.manual_wal_flush: 0
2019/10/17-14:56:13.972429 7fbc2cd30700             Options.max_background_jobs: 2
2019/10/17-14:56:13.972430 7fbc2cd30700             Options.max_background_compactions: -1
2019/10/17-14:56:13.972430 7fbc2cd30700             Options.avoid_flush_during_shutdown: 0
2019/10/17-14:56:13.972431 7fbc2cd30700           Options.writable_file_max_buffer_size: 1048576
2019/10/17-14:56:13.972432 7fbc2cd30700             Options.delayed_write_rate : 16777216
2019/10/17-14:56:13.972433 7fbc2cd30700             Options.max_total_wal_size: 0
2019/10/17-14:56:13.972433 7fbc2cd30700             Options.delete_obsolete_files_period_micros: 21600000000
2019/10/17-14:56:13.972434 7fbc2cd30700                   Options.stats_dump_period_sec: 600
2019/10/17-14:56:13.972435 7fbc2cd30700                          Options.max_open_files: -1
2019/10/17-14:56:13.972435 7fbc2cd30700                          Options.bytes_per_sync: 0
2019/10/17-14:56:13.972436 7fbc2cd30700                      Options.wal_bytes_per_sync: 0
2019/10/17-14:56:13.972437 7fbc2cd30700       Options.compaction_readahead_size: 0
2019/10/17-14:56:13.972438 7fbc2cd30700 Compression algorithms supported:
2019/10/17-14:56:13.972439 7fbc2cd30700 	kZSTDNotFinalCompression supported: 0
2019/10/17-14:56:13.972440 7fbc2cd30700 	kZSTD supported: 0
2019/10/17-14:56:13.972440 7fbc2cd30700 	kXpressCompression supported: 0
2019/10/17-14:56:13.972441 7fbc2cd30700 	kLZ4HCCompression supported: 0
2019/10/17-14:56:13.972442 7fbc2cd30700 	kLZ4Compression supported: 0
2019/10/17-14:56:13.972443 7fbc2cd30700 	kBZip2Compression supported: 0
2019/10/17-14:56:13.972443 7fbc2cd30700 	kZlibCompression supported: 0
2019/10/17-14:56:13.972444 7fbc2cd30700 	kSnappyCompression supported: 0
2019/10/17-14:56:13.972446 7fbc2cd30700 Fast CRC32 supported: Supported on x86
2019/10/17-14:56:13.972533 7fbc2cd30700 [db/version_set.cc:3507] Recovering from manifest file: MANIFEST-116950
2019/10/17-14:56:13.972564 7fbc2cd30700 [db/column_family.cc:472] --------------- Options for column family [default]:
2019/10/17-14:56:13.972566 7fbc2cd30700               Options.comparator: leveldb.BytewiseComparator
2019/10/17-14:56:13.972567 7fbc2cd30700           Options.merge_operator: None
2019/10/17-14:56:13.972568 7fbc2cd30700        Options.compaction_filter: None
2019/10/17-14:56:13.972568 7fbc2cd30700        Options.compaction_filter_factory: None
2019/10/17-14:56:13.972569 7fbc2cd30700         Options.memtable_factory: SkipListFactory
2019/10/17-14:56:13.972570 7fbc2cd30700            Options.table_factory: BlockBasedTable
2019/10/17-14:56:13.972585 7fbc2cd30700            table_factory options:   flush_block_policy_factory: FlushBlockBySizePolicyFactory (0x7fbbb844e010)
  cache_index_and_filter_blocks: 0
  cache_index_and_filter_blocks_with_high_priority: 0
  pin_l0_filter_and_index_blocks_in_cache: 0
  pin_top_level_index_and_filter: 1
  index_type: 0
  hash_index_allow_collision: 1
  checksum: 1
  no_block_cache: 0
  block_cache: 0x7fbbb8502930
  block_cache_name: LRUCache
  block_cache_options:
    capacity : 8388608
    num_shard_bits : 4
    strict_capacity_limit : 0
    memory_allocator : None
    high_pri_pool_ratio: 0.000
  block_cache_compressed: (nil)
  persistent_cache: (nil)
  block_size: 4096
  block_size_deviation: 10
  block_restart_interval: 16
  index_block_restart_interval: 1
  metadata_block_size: 4096
  partition_filters: 0
  use_delta_encoding: 1
  filter_policy: nullptr
  whole_key_filtering: 1
  verify_compression: 0
  read_amp_bytes_per_bit: 0
  format_version: 2
  enable_index_compression: 1
  block_align: 0
2019/10/17-14:56:13.972593 7fbc2cd30700        Options.write_buffer_size: 67108864
2019/10/17-14:56:13.972594 7fbc2cd30700  Options.max_write_buffer_number: 2
2019/10/17-14:56:13.972595 7fbc2cd30700          Options.compression: NoCompression
2019/10/17-14:56:13.972596 7fbc2cd30700                  Options.bottommost_compression: Disabled
2019/10/17-14:56:13.972597 7fbc2cd30700       Options.prefix_extractor: nullptr
2019/10/17-14:56:13.972597 7fbc2cd30700   Options.memtable_insert_with_hint_prefix_extractor: nullptr
2019/10/17-14:56:13.972598 7fbc2cd30700             Options.num_levels: 7
2019/10/17-14:56:13.972599 7fbc2cd30700        Options.min_write_buffer_number_to_merge: 1
2019/10/17-14:56:13.972600 7fbc2cd30700     Options.max_write_buffer_number_to_maintain: 0
2019/10/17-14:56:13.972600 7fbc2cd30700            Options.bottommost_compression_opts.window_bits: -14
2019/10/17-14:56:13.972601 7fbc2cd30700                  Options.bottommost_compression_opts.level: 32767
2019/10/17-14:56:13.972602 7fbc2cd30700               Options.bottommost_compression_opts.strategy: 0
2019/10/17-14:56:13.972602 7fbc2cd30700         Options.bottommost_compression_opts.max_dict_bytes: 0
2019/10/17-14:56:13.972603 7fbc2cd30700         Options.bottommost_compression_opts.zstd_max_train_bytes: 0
2019/10/17-14:56:13.972604 7fbc2cd30700                  Options.bottommost_compression_opts.enabled: false
2019/10/17-14:56:13.972605 7fbc2cd30700            Options.compression_opts.window_bits: -14
2019/10/17-14:56:13.972605 7fbc2cd30700                  Options.compression_opts.level: 32767
2019/10/17-14:56:13.972606 7fbc2cd30700               Options.compression_opts.strategy: 0
2019/10/17-14:56:13.972607 7fbc2cd30700         Options.compression_opts.max_dict_bytes: 0
2019/10/17-14:56:13.972608 7fbc2cd30700         Options.compression_opts.zstd_max_train_bytes: 0
2019/10/17-14:56:13.972608 7fbc2cd30700                  Options.compression_opts.enabled: false
2019/10/17-14:56:13.972609 7fbc2cd30700      Options.level0_file_num_compaction_trigger: 4
2019/10/17-14:56:13.972610 7fbc2cd30700          Options.level0_slowdown_writes_trigger: 20
2019/10/17-14:56:13.972610 7fbc2cd30700              Options.level0_stop_writes_trigger: 36
2019/10/17-14:56:13.972611 7fbc2cd30700                   Options.target_file_size_base: 67108864
2019/10/17-14:56:13.972612 7fbc2cd30700             Options.target_file_size_multiplier: 1
2019/10/17-14:56:13.972612 7fbc2cd30700                Options.max_bytes_for_level_base: 268435456
2019/10/17-14:56:13.972613 7fbc2cd30700 Options.level_compaction_dynamic_level_bytes: 0
2019/10/17-14:56:13.972614 7fbc2cd30700          Options.max_bytes_for_level_multiplier: 10.000000
2019/10/17-14:56:13.972616 7fbc2cd30700 Options.max_bytes_for_level_multiplier_addtl[0]: 1
2019/10/17-14:56:13.972617 7fbc2cd30700 Options.max_bytes_for_level_multiplier_addtl[1]: 1
2019/10/17-14:56:13.972617 7fbc2cd30700 Options.max_bytes_for_level_multiplier_addtl[2]: 1
2019/10/17-14:56:13.972618 7fbc2cd30700 Options.max_bytes_for_level_multiplier_addtl[3]: 1
2019/10/17-14:56:13.972619 7fbc2cd30700 Options.max_bytes_for_level_multiplier_addtl[4]: 1
2019/10/17-14:56:13.972623 7fbc2cd30700 Options.max_bytes_for_level_multiplier_addtl[5]: 1
2019/10/17-14:56:13.972624 7fbc2cd30700 Options.max_bytes_for_level_multiplier_addtl[6]: 1
2019/10/17-14:56:13.972625 7fbc2cd30700       Options.max_sequential_skip_in_iterations: 8
2019/10/17-14:56:13.972625 7fbc2cd30700                    Options.max_compaction_bytes: 1677721600
2019/10/17-14:56:13.972626 7fbc2cd30700                        Options.arena_block_size: 8388608
2019/10/17-14:56:13.972627 7fbc2cd30700   Options.soft_pending_compaction_bytes_limit: 68719476736
2019/10/17-14:56:13.972628 7fbc2cd30700   Options.hard_pending_compaction_bytes_limit: 274877906944
2019/10/17-14:56:13.972628 7fbc2cd30700       Options.rate_limit_delay_max_milliseconds: 100
2019/10/17-14:56:13.972629 7fbc2cd30700                Options.disable_auto_compactions: 0
2019/10/17-14:56:13.972630 7fbc2cd30700                        Options.compaction_style: kCompactionStyleLevel
2019/10/17-14:56:13.972632 7fbc2cd30700                          Options.compaction_pri: kByCompensatedSize
2019/10/17-14:56:13.972632 7fbc2cd30700 Options.compaction_options_universal.size_ratio: 1
2019/10/17-14:56:13.972633 7fbc2cd30700 Options.compaction_options_universal.min_merge_width: 2
2019/10/17-14:56:13.972634 7fbc2cd30700 Options.compaction_options_universal.max_merge_width: 4294967295
2019/10/17-14:56:13.972635 7fbc2cd30700 Options.compaction_options_universal.max_size_amplification_percent: 200
2019/10/17-14:56:13.972635 7fbc2cd30700 Options.compaction_options_universal.compression_size_percent: -1
2019/10/17-14:56:13.972636 7fbc2cd30700 Options.compaction_options_universal.stop_style: kCompactionStopStyleTotalSize
2019/10/17-14:56:13.972637 7fbc2cd30700 Options.compaction_options_fifo.max_table_files_size: 1073741824
2019/10/17-14:56:13.972638 7fbc2cd30700 Options.compaction_options_fifo.allow_compaction: 0
2019/10/17-14:56:13.972639 7fbc2cd30700 Options.compaction_options_fifo.ttl: 0
2019/10/17-14:56:13.972639 7fbc2cd30700                   Options.table_properties_collectors: 
2019/10/17-14:56:13.972640 7fbc2cd30700                   Options.inplace_update_support: 0
2019/10/17-14:56:13.972641 7fbc2cd30700                 Options.inplace_update_num_locks: 10000
2019/10/17-14:56:13.972641 7fbc2cd30700               Options.memtable_prefix_bloom_size_ratio: 0.000000
2019/10/17-14:56:13.972642 7fbc2cd30700   Options.memtable_huge_page_size: 0
2019/10/17-14:56:13.972643 7fbc2cd30700                           Options.bloom_locality: 0
2019/10/17-14:56:13.972644 7fbc2cd30700                    Options.max_successive_merges: 0
2019/10/17-14:56:13.972645 7fbc2cd30700                Options.optimize_filters_for_hits: 0
2019/10/17-14:56:13.972645 7fbc2cd30700                Options.paranoid_file_checks: 0
2019/10/17-14:56:13.972646 7fbc2cd30700                Options.force_consistency_checks: 0
2019/10/17-14:56:13.972647 7fbc2cd30700                Options.report_bg_io_stats: 0
2019/10/17-14:56:13.972647 7fbc2cd30700                               Options.ttl: 0
2019/10/17-14:56:13.972673 7fbc2cd30700 [db/column_family.cc:472] --------------- Options for column family [active_gateways]:
2019/10/17-14:56:13.972674 7fbc2cd30700               Options.comparator: leveldb.BytewiseComparator
2019/10/17-14:56:13.972675 7fbc2cd30700           Options.merge_operator: None
2019/10/17-14:56:13.972676 7fbc2cd30700        Options.compaction_filter: None
2019/10/17-14:56:13.972676 7fbc2cd30700        Options.compaction_filter_factory: None
2019/10/17-14:56:13.972677 7fbc2cd30700         Options.memtable_factory: SkipListFactory
2019/10/17-14:56:13.972678 7fbc2cd30700            Options.table_factory: BlockBasedTable
2019/10/17-14:56:13.972688 7fbc2cd30700            table_factory options:   flush_block_policy_factory: FlushBlockBySizePolicyFactory (0x7fbbb80224e0)
  cache_index_and_filter_blocks: 0
  cache_index_and_filter_blocks_with_high_priority: 0
  pin_l0_filter_and_index_blocks_in_cache: 0
  pin_top_level_index_and_filter: 1
  index_type: 0
  hash_index_allow_collision: 1
  checksum: 1
  no_block_cache: 0
  block_cache: 0x7fbbb804dfe0
  block_cache_name: LRUCache
  block_cache_options:
    capacity : 8388608
    num_shard_bits : 4
    strict_capacity_limit : 0
    memory_allocator : None
    high_pri_pool_ratio: 0.000
  block_cache_compressed: (nil)
  persistent_cache: (nil)
  block_size: 4096
  block_size_deviation: 10
  block_restart_interval: 16
  index_block_restart_interval: 1
  metadata_block_size: 4096
  partition_filters: 0
  use_delta_encoding: 1
  filter_policy: nullptr
  whole_key_filtering: 1
  verify_compression: 0
  read_amp_bytes_per_bit: 0
  format_version: 2
  enable_index_compression: 1
  block_align: 0
2019/10/17-14:56:13.972694 7fbc2cd30700        Options.write_buffer_size: 67108864
2019/10/17-14:56:13.972695 7fbc2cd30700  Options.max_write_buffer_number: 2
2019/10/17-14:56:13.972696 7fbc2cd30700          Options.compression: NoCompression
2019/10/17-14:56:13.972696 7fbc2cd30700                  Options.bottommost_compression: Disabled
2019/10/17-14:56:13.972697 7fbc2cd30700       Options.prefix_extractor: nullptr
2019/10/17-14:56:13.972698 7fbc2cd30700   Options.memtable_insert_with_hint_prefix_extractor: nullptr
2019/10/17-14:56:13.972698 7fbc2cd30700             Options.num_levels: 7
2019/10/17-14:56:13.972699 7fbc2cd30700        Options.min_write_buffer_number_to_merge: 1
2019/10/17-14:56:13.972700 7fbc2cd30700     Options.max_write_buffer_number_to_maintain: 0
2019/10/17-14:56:13.972700 7fbc2cd30700            Options.bottommost_compression_opts.window_bits: -14
2019/10/17-14:56:13.972701 7fbc2cd30700                  Options.bottommost_compression_opts.level: 32767
2019/10/17-14:56:13.972702 7fbc2cd30700               Options.bottommost_compression_opts.strategy: 0
2019/10/17-14:56:13.972702 7fbc2cd30700         Options.bottommost_compression_opts.max_dict_bytes: 0
2019/10/17-14:56:13.972703 7fbc2cd30700         Options.bottommost_compression_opts.zstd_max_train_bytes: 0
2019/10/17-14:56:13.972704 7fbc2cd30700                  Options.bottommost_compression_opts.enabled: false
2019/10/17-14:56:13.972705 7fbc2cd30700            Options.compression_opts.window_bits: -14
2019/10/17-14:56:13.972705 7fbc2cd30700                  Options.compression_opts.level: 32767
2019/10/17-14:56:13.972706 7fbc2cd30700               Options.compression_opts.strategy: 0
2019/10/17-14:56:13.972707 7fbc2cd30700         Options.compression_opts.max_dict_bytes: 0
2019/10/17-14:56:13.972707 7fbc2cd30700         Options.compression_opts.zstd_max_train_bytes: 0
2019/10/17-14:56:13.972708 7fbc2cd30700                  Options.compression_opts.enabled: false
2019/10/17-14:56:13.972709 7fbc2cd30700      Options.level0_file_num_compaction_trigger: 4
2019/10/17-14:56:13.972709 7fbc2cd30700          Options.level0_slowdown_writes_trigger: 20
2019/10/17-14:56:13.972710 7fbc2cd30700              Options.level0_stop_writes_trigger: 36
2019/10/17-14:56:13.972711 7fbc2cd30700                   Options.target_file_size_base: 67108864
2019/10/17-14:56:13.972712 7fbc2cd30700             Options.target_file_size_multiplier: 1
2019/10/17-14:56:13.972712 7fbc2cd30700                Options.max_bytes_for_level_base: 268435456
2019/10/17-14:56:13.972713 7fbc2cd30700 Options.level_compaction_dynamic_level_bytes: 0
2019/10/17-14:56:13.972714 7fbc2cd30700          Options.max_bytes_for_level_multiplier: 10.000000
2019/10/17-14:56:13.972715 7fbc2cd30700 Options.max_bytes_for_level_multiplier_addtl[0]: 1
2019/10/17-14:56:13.972716 7fbc2cd30700 Options.max_bytes_for_level_multiplier_addtl[1]: 1
2019/10/17-14:56:13.972717 7fbc2cd30700 Options.max_bytes_for_level_multiplier_addtl[2]: 1
2019/10/17-14:56:13.972717 7fbc2cd30700 Options.max_bytes_for_level_multiplier_addtl[3]: 1
2019/10/17-14:56:13.972718 7fbc2cd30700 Options.max_bytes_for_level_multiplier_addtl[4]: 1
2019/10/17-14:56:13.972719 7fbc2cd30700 Options.max_bytes_for_level_multiplier_addtl[5]: 1
2019/10/17-14:56:13.972719 7fbc2cd30700 Options.max_bytes_for_level_multiplier_addtl[6]: 1
2019/10/17-14:56:13.972720 7fbc2cd30700       Options.max_sequential_skip_in_iterations: 8
2019/10/17-14:56:13.972724 7fbc2cd30700                    Options.max_compaction_bytes: 1677721600
2019/10/17-14:56:13.972725 7fbc2cd30700                        Options.arena_block_size: 8388608
2019/10/17-14:56:13.972726 7fbc2cd30700   Options.soft_pending_compaction_bytes_limit: 68719476736
2019/10/17-14:56:13.972727 7fbc2cd30700   Options.hard_pending_compaction_bytes_limit: 274877906944
2019/10/17-14:56:13.972727 7fbc2cd30700       Options.rate_limit_delay_max_milliseconds: 100
2019/10/17-14:56:13.972728 7fbc2cd30700                Options.disable_auto_compactions: 0
2019/10/17-14:56:13.972729 7fbc2cd30700                        Options.compaction_style: kCompactionStyleLevel
2019/10/17-14:56:13.972730 7fbc2cd30700                          Options.compaction_pri: kByCompensatedSize
2019/10/17-14:56:13.972730 7fbc2cd30700 Options.compaction_options_universal.size_ratio: 1
2019/10/17-14:56:13.972731 7fbc2cd30700 Options.compaction_options_universal.min_merge_width: 2
2019/10/17-14:56:13.972732 7fbc2cd30700 Options.compaction_options_universal.max_merge_width: 4294967295
2019/10/17-14:56:13.972732 7fbc2cd30700 Options.compaction_options_universal.max_size_amplification_percent: 200
2019/10/17-14:56:13.972733 7fbc2cd30700 Options.compaction_options_universal.compression_size_percent: -1
2019/10/17-14:56:13.972734 7fbc2cd30700 Options.compaction_options_universal.stop_style: kCompactionStopStyleTotalSize
2019/10/17-14:56:13.972735 7fbc2cd30700 Options.compaction_options_fifo.max_table_files_size: 1073741824
2019/10/17-14:56:13.972736 7fbc2cd30700 Options.compaction_options_fifo.allow_compaction: 0
2019/10/17-14:56:13.972736 7fbc2cd30700 Options.compaction_options_fifo.ttl: 0
2019/10/17-14:56:13.972737 7fbc2cd30700                   Options.table_properties_collectors: 
2019/10/17-14:56:13.972738 7fbc2cd30700                   Options.inplace_update_support: 0
2019/10/17-14:56:13.972738 7fbc2cd30700                 Options.inplace_update_num_locks: 10000
2019/10/17-14:56:13.972739 7fbc2cd30700               Options.memtable_prefix_bloom_size_ratio: 0.000000
2019/10/17-14:56:13.972740 7fbc2cd30700   Options.memtable_huge_page_size: 0
2019/10/17-14:56:13.972741 7fbc2cd30700                           Options.bloom_locality: 0
2019/10/17-14:56:13.972742 7fbc2cd30700                    Options.max_successive_merges: 0
2019/10/17-14:56:13.972742 7fbc2cd30700                Options.optimize_filters_for_hits: 0
2019/10/17-14:56:13.972743 7fbc2cd30700                Options.paranoid_file_checks: 0
2019/10/17-14:56:13.972744 7fbc2cd30700                Options.force_consistency_checks: 0
2019/10/17-14:56:13.972744 7fbc2cd30700                Options.report_bg_io_stats: 0
2019/10/17-14:56:13.972745 7fbc2cd30700                               Options.ttl: 0
2019/10/17-14:56:13.972761 7fbc2cd30700 [db/column_family.cc:472] --------------- Options for column family [entries]:
2019/10/17-14:56:13.972762 7fbc2cd30700               Options.comparator: leveldb.BytewiseComparator
2019/10/17-14:56:13.972763 7fbc2cd30700           Options.merge_operator: None
2019/10/17-14:56:13.972763 7fbc2cd30700        Options.compaction_filter: None
2019/10/17-14:56:13.972764 7fbc2cd30700        Options.compaction_filter_factory: None
2019/10/17-14:56:13.972765 7fbc2cd30700         Options.memtable_factory: SkipListFactory
2019/10/17-14:56:13.972766 7fbc2cd30700            Options.table_factory: BlockBasedTable
2019/10/17-14:56:13.972774 7fbc2cd30700            table_factory options:   flush_block_policy_factory: FlushBlockBySizePolicyFactory (0x7fbbb8057e80)
  cache_index_and_filter_blocks: 0
  cache_index_and_filter_blocks_with_high_priority: 0
  pin_l0_filter_and_index_blocks_in_cache: 0
  pin_top_level_index_and_filter: 1
  index_type: 0
  hash_index_allow_collision: 1
  checksum: 1
  no_block_cache: 0
  block_cache: 0x7fbbb802a410
  block_cache_name: LRUCache
  block_cache_options:
    capacity : 8388608
    num_shard_bits : 4
    strict_capacity_limit : 0
    memory_allocator : None
    high_pri_pool_ratio: 0.000
  block_cache_compressed: (nil)
  persistent_cache: (nil)
  block_size: 4096
  block_size_deviation: 10
  block_restart_interval: 16
  index_block_restart_interval: 1
  metadata_block_size: 4096
  partition_filters: 0
  use_delta_encoding: 1
  filter_policy: nullptr
  whole_key_filtering: 1
  verify_compression: 0
  read_amp_bytes_per_bit: 0
  format_version: 2
  enable_index_compression: 1
  block_align: 0
2019/10/17-14:56:13.972780 7fbc2cd30700        Options.write_buffer_size: 67108864
2019/10/17-14:56:13.972781 7fbc2cd30700  Options.max_write_buffer_number: 2
2019/10/17-14:56:13.972782 7fbc2cd30700          Options.compression: NoCompression
2019/10/17-14:56:13.972782 7fbc2cd30700                  Options.bottommost_compression: Disabled
2019/10/17-14:56:13.972783 7fbc2cd30700       Options.prefix_extractor: nullptr
2019/10/17-14:56:13.972784 7fbc2cd30700   Options.memtable_insert_with_hint_prefix_extractor: nullptr
2019/10/17-14:56:13.972784 7fbc2cd30700             Options.num_levels: 7
2019/10/17-14:56:13.972785 7fbc2cd30700        Options.min_write_buffer_number_to_merge: 1
2019/10/17-14:56:13.972786 7fbc2cd30700     Options.max_write_buffer_number_to_maintain: 0
2019/10/17-14:56:13.972787 7fbc2cd30700            Options.bottommost_compression_opts.window_bits: -14
2019/10/17-14:56:13.972787 7fbc2cd30700                  Options.bottommost_compression_opts.level: 32767
2019/10/17-14:56:13.972788 7fbc2cd30700               Options.bottommost_compression_opts.strategy: 0
2019/10/17-14:56:13.972789 7fbc2cd30700         Options.bottommost_compression_opts.max_dict_bytes: 0
2019/10/17-14:56:13.972789 7fbc2cd30700         Options.bottommost_compression_opts.zstd_max_train_bytes: 0
2019/10/17-14:56:13.972790 7fbc2cd30700                  Options.bottommost_compression_opts.enabled: false
2019/10/17-14:56:13.972791 7fbc2cd30700            Options.compression_opts.window_bits: -14
2019/10/17-14:56:13.972791 7fbc2cd30700                  Options.compression_opts.level: 32767
2019/10/17-14:56:13.972792 7fbc2cd30700               Options.compression_opts.strategy: 0
2019/10/17-14:56:13.972793 7fbc2cd30700         Options.compression_opts.max_dict_bytes: 0
2019/10/17-14:56:13.972793 7fbc2cd30700         Options.compression_opts.zstd_max_train_bytes: 0
2019/10/17-14:56:13.972794 7fbc2cd30700                  Options.compression_opts.enabled: false
2019/10/17-14:56:13.972795 7fbc2cd30700      Options.level0_file_num_compaction_trigger: 4
2019/10/17-14:56:13.972796 7fbc2cd30700          Options.level0_slowdown_writes_trigger: 20
2019/10/17-14:56:13.972796 7fbc2cd30700              Options.level0_stop_writes_trigger: 36
2019/10/17-14:56:13.972797 7fbc2cd30700                   Options.target_file_size_base: 67108864
2019/10/17-14:56:13.972798 7fbc2cd30700             Options.target_file_size_multiplier: 1
2019/10/17-14:56:13.972798 7fbc2cd30700                Options.max_bytes_for_level_base: 268435456
2019/10/17-14:56:13.972799 7fbc2cd30700 Options.level_compaction_dynamic_level_bytes: 0
2019/10/17-14:56:13.972800 7fbc2cd30700          Options.max_bytes_for_level_multiplier: 10.000000
2019/10/17-14:56:13.972801 7fbc2cd30700 Options.max_bytes_for_level_multiplier_addtl[0]: 1
2019/10/17-14:56:13.972802 7fbc2cd30700 Options.max_bytes_for_level_multiplier_addtl[1]: 1
2019/10/17-14:56:13.972802 7fbc2cd30700 Options.max_bytes_for_level_multiplier_addtl[2]: 1
2019/10/17-14:56:13.972803 7fbc2cd30700 Options.max_bytes_for_level_multiplier_addtl[3]: 1
2019/10/17-14:56:13.972804 7fbc2cd30700 Options.max_bytes_for_level_multiplier_addtl[4]: 1
2019/10/17-14:56:13.972805 7fbc2cd30700 Options.max_bytes_for_level_multiplier_addtl[5]: 1
2019/10/17-14:56:13.972805 7fbc2cd30700 Options.max_bytes_for_level_multiplier_addtl[6]: 1
2019/10/17-14:56:13.972806 7fbc2cd30700       Options.max_sequential_skip_in_iterations: 8
2019/10/17-14:56:13.972807 7fbc2cd30700                    Options.max_compaction_bytes: 1677721600
2019/10/17-14:56:13.972807 7fbc2cd30700                        Options.arena_block_size: 8388608
2019/10/17-14:56:13.972808 7fbc2cd30700   Options.soft_pending_compaction_bytes_limit: 68719476736
2019/10/17-14:56:13.972812 7fbc2cd30700   Options.hard_pending_compaction_bytes_limit: 274877906944
2019/10/17-14:56:13.972813 7fbc2cd30700       Options.rate_limit_delay_max_milliseconds: 100
2019/10/17-14:56:13.972814 7fbc2cd30700                Options.disable_auto_compactions: 0
2019/10/17-14:56:13.972815 7fbc2cd30700                        Options.compaction_style: kCompactionStyleLevel
2019/10/17-14:56:13.972816 7fbc2cd30700                          Options.compaction_pri: kByCompensatedSize
2019/10/17-14:56:13.972816 7fbc2cd30700 Options.compaction_options_universal.size_ratio: 1
2019/10/17-14:56:13.972817 7fbc2cd30700 Options.compaction_options_universal.min_merge_width: 2
2019/10/17-14:56:13.972818 7fbc2cd30700 Options.compaction_options_universal.max_merge_width: 4294967295
2019/10/17-14:56:13.972818 7fbc2cd30700 Options.compaction_options_universal.max_size_amplification_percent: 200
2019/10/17-14:56:13.972819 7fbc2cd30700 Options.compaction_options_universal.compression_size_percent: -1
2019/10/17-14:56:13.972820 7fbc2cd30700 Options.compaction_options_universal.stop_style: kCompactionStopStyleTotalSize
2019/10/17-14:56:13.972821 7fbc2cd30700 Options.compaction_options_fifo.max_table_files_size: 1073741824
2019/10/17-14:56:13.972821 7fbc2cd30700 Options.compaction_options_fifo.allow_compaction: 0
2019/10/17-14:56:13.972822 7fbc2cd30700 Options.compaction_options_fifo.ttl: 0
2019/10/17-14:56:13.972823 7fbc2cd30700                   Options.table_properties_collectors: 
2019/10/17-14:56:13.972823 7fbc2cd30700                   Options.inplace_update_support: 0
2019/10/17-14:56:13.972824 7fbc2cd30700                 Options.inplace_update_num_locks: 10000
2019/10/17-14:56:13.972825 7fbc2cd30700               Options.memtable_prefix_bloom_size_ratio: 0.000000
2019/10/17-14:56:13.972826 7fbc2cd30700   Options.memtable_huge_page_size: 0
2019/10/17-14:56:13.972826 7fbc2cd30700                           Options.bloom_locality: 0
2019/10/17-14:56:13.972827 7fbc2cd30700                    Options.max_successive_merges: 0
2019/10/17-14:56:13.972828 7fbc2cd30700                Options.optimize_filters_for_hits: 0
2019/10/17-14:56:13.972828 7fbc2cd30700                Options.paranoid_file_checks: 0
2019/10/17-14:56:13.972829 7fbc2cd30700                Options.force_consistency_checks: 0
2019/10/17-14:56:13.972830 7fbc2cd30700                Options.report_bg_io_stats: 0
2019/10/17-14:56:13.972830 7fbc2cd30700                               Options.ttl: 0
2019/10/17-14:56:13.972844 7fbc2cd30700 [db/column_family.cc:472] --------------- Options for column family [dc_entries]:
2019/10/17-14:56:13.972845 7fbc2cd30700               Options.comparator: leveldb.BytewiseComparator
2019/10/17-14:56:13.972846 7fbc2cd30700           Options.merge_operator: None
2019/10/17-14:56:13.972846 7fbc2cd30700        Options.compaction_filter: None
2019/10/17-14:56:13.972847 7fbc2cd30700        Options.compaction_filter_factory: None
2019/10/17-14:56:13.972848 7fbc2cd30700         Options.memtable_factory: SkipListFactory
2019/10/17-14:56:13.972848 7fbc2cd30700            Options.table_factory: BlockBasedTable
2019/10/17-14:56:13.972857 7fbc2cd30700            table_factory options:   flush_block_policy_factory: FlushBlockBySizePolicyFactory (0x7fbbb8041c30)
  cache_index_and_filter_blocks: 0
  cache_index_and_filter_blocks_with_high_priority: 0
  pin_l0_filter_and_index_blocks_in_cache: 0
  pin_top_level_index_and_filter: 1
  index_type: 0
  hash_index_allow_collision: 1
  checksum: 1
  no_block_cache: 0
  block_cache: 0x7fbbb80ed1c0
  block_cache_name: LRUCache
  block_cache_options:
    capacity : 8388608
    num_shard_bits : 4
    strict_capacity_limit : 0
    memory_allocator : None
    high_pri_pool_ratio: 0.000
  block_cache_compressed: (nil)
  persistent_cache: (nil)
  block_size: 4096
  block_size_deviation: 10
  block_restart_interval: 16
  index_block_restart_interval: 1
  metadata_block_size: 4096
  partition_filters: 0
  use_delta_encoding: 1
  filter_policy: nullptr
  whole_key_filtering: 1
  verify_compression: 0
  read_amp_bytes_per_bit: 0
  format_version: 2
  enable_index_compression: 1
  block_align: 0
2019/10/17-14:56:13.972863 7fbc2cd30700        Options.write_buffer_size: 67108864
2019/10/17-14:56:13.972864 7fbc2cd30700  Options.max_write_buffer_number: 2
2019/10/17-14:56:13.972864 7fbc2cd30700          Options.compression: NoCompression
2019/10/17-14:56:13.972865 7fbc2cd30700                  Options.bottommost_compression: Disabled
2019/10/17-14:56:13.972866 7fbc2cd30700       Options.prefix_extractor: nullptr
2019/10/17-14:56:13.972866 7fbc2cd30700   Options.memtable_insert_with_hint_prefix_extractor: nullptr
2019/10/17-14:56:13.972867 7fbc2cd30700             Options.num_levels: 7
2019/10/17-14:56:13.972868 7fbc2cd30700        Options.min_write_buffer_number_to_merge: 1
2019/10/17-14:56:13.972869 7fbc2cd30700     Options.max_write_buffer_number_to_maintain: 0
2019/10/17-14:56:13.972869 7fbc2cd30700            Options.bottommost_compression_opts.window_bits: -14
2019/10/17-14:56:13.972870 7fbc2cd30700                  Options.bottommost_compression_opts.level: 32767
2019/10/17-14:56:13.972871 7fbc2cd30700               Options.bottommost_compression_opts.strategy: 0
2019/10/17-14:56:13.972871 7fbc2cd30700         Options.bottommost_compression_opts.max_dict_bytes: 0
2019/10/17-14:56:13.972872 7fbc2cd30700         Options.bottommost_compression_opts.zstd_max_train_bytes: 0
2019/10/17-14:56:13.972873 7fbc2cd30700                  Options.bottommost_compression_opts.enabled: false
2019/10/17-14:56:13.972873 7fbc2cd30700            Options.compression_opts.window_bits: -14
2019/10/17-14:56:13.972874 7fbc2cd30700                  Options.compression_opts.level: 32767
2019/10/17-14:56:13.972875 7fbc2cd30700               Options.compression_opts.strategy: 0
2019/10/17-14:56:13.972875 7fbc2cd30700         Options.compression_opts.max_dict_bytes: 0
2019/10/17-14:56:13.972876 7fbc2cd30700         Options.compression_opts.zstd_max_train_bytes: 0
2019/10/17-14:56:13.972877 7fbc2cd30700                  Options.compression_opts.enabled: false
2019/10/17-14:56:13.972877 7fbc2cd30700      Options.level0_file_num_compaction_trigger: 4
2019/10/17-14:56:13.972878 7fbc2cd30700          Options.level0_slowdown_writes_trigger: 20
2019/10/17-14:56:13.972879 7fbc2cd30700              Options.level0_stop_writes_trigger: 36
2019/10/17-14:56:13.972879 7fbc2cd30700                   Options.target_file_size_base: 67108864
2019/10/17-14:56:13.972880 7fbc2cd30700             Options.target_file_size_multiplier: 1
2019/10/17-14:56:13.972881 7fbc2cd30700                Options.max_bytes_for_level_base: 268435456
2019/10/17-14:56:13.972882 7fbc2cd30700 Options.level_compaction_dynamic_level_bytes: 0
2019/10/17-14:56:13.972882 7fbc2cd30700          Options.max_bytes_for_level_multiplier: 10.000000
2019/10/17-14:56:13.972883 7fbc2cd30700 Options.max_bytes_for_level_multiplier_addtl[0]: 1
2019/10/17-14:56:13.972884 7fbc2cd30700 Options.max_bytes_for_level_multiplier_addtl[1]: 1
2019/10/17-14:56:13.972885 7fbc2cd30700 Options.max_bytes_for_level_multiplier_addtl[2]: 1
2019/10/17-14:56:13.972886 7fbc2cd30700 Options.max_bytes_for_level_multiplier_addtl[3]: 1
2019/10/17-14:56:13.972886 7fbc2cd30700 Options.max_bytes_for_level_multiplier_addtl[4]: 1
2019/10/17-14:56:13.972887 7fbc2cd30700 Options.max_bytes_for_level_multiplier_addtl[5]: 1
2019/10/17-14:56:13.972888 7fbc2cd30700 Options.max_bytes_for_level_multiplier_addtl[6]: 1
2019/10/17-14:56:13.972888 7fbc2cd30700       Options.max_sequential_skip_in_iterations: 8
2019/10/17-14:56:13.972889 7fbc2cd30700                    Options.max_compaction_bytes: 1677721600
2019/10/17-14:56:13.972890 7fbc2cd30700                        Options.arena_block_size: 8388608
2019/10/17-14:56:13.972891 7fbc2cd30700   Options.soft_pending_compaction_bytes_limit: 68719476736
2019/10/17-14:56:13.972891 7fbc2cd30700   Options.hard_pending_compaction_bytes_limit: 274877906944
2019/10/17-14:56:13.972892 7fbc2cd30700       Options.rate_limit_delay_max_milliseconds: 100
2019/10/17-14:56:13.972893 7fbc2cd30700                Options.disable_auto_compactions: 0
2019/10/17-14:56:13.972897 7fbc2cd30700                        Options.compaction_style: kCompactionStyleLevel
2019/10/17-14:56:13.972898 7fbc2cd30700                          Options.compaction_pri: kByCompensatedSize
2019/10/17-14:56:13.972899 7fbc2cd30700 Options.compaction_options_universal.size_ratio: 1
2019/10/17-14:56:13.972899 7fbc2cd30700 Options.compaction_options_universal.min_merge_width: 2
2019/10/17-14:56:13.972900 7fbc2cd30700 Options.compaction_options_universal.max_merge_width: 4294967295
2019/10/17-14:56:13.972901 7fbc2cd30700 Options.compaction_options_universal.max_size_amplification_percent: 200
2019/10/17-14:56:13.972901 7fbc2cd30700 Options.compaction_options_universal.compression_size_percent: -1
2019/10/17-14:56:13.972902 7fbc2cd30700 Options.compaction_options_universal.stop_style: kCompactionStopStyleTotalSize
2019/10/17-14:56:13.972903 7fbc2cd30700 Options.compaction_options_fifo.max_table_files_size: 1073741824
2019/10/17-14:56:13.972904 7fbc2cd30700 Options.compaction_options_fifo.allow_compaction: 0
2019/10/17-14:56:13.972904 7fbc2cd30700 Options.compaction_options_fifo.ttl: 0
2019/10/17-14:56:13.972905 7fbc2cd30700                   Options.table_properties_collectors: 
2019/10/17-14:56:13.972906 7fbc2cd30700                   Options.inplace_update_support: 0
2019/10/17-14:56:13.972906 7fbc2cd30700                 Options.inplace_update_num_locks: 10000
2019/10/17-14:56:13.972907 7fbc2cd30700               Options.memtable_prefix_bloom_size_ratio: 0.000000
2019/10/17-14:56:13.972908 7fbc2cd30700   Options.memtable_huge_page_size: 0
2019/10/17-14:56:13.972909 7fbc2cd30700                           Options.bloom_locality: 0
2019/10/17-14:56:13.972909 7fbc2cd30700                    Options.max_successive_merges: 0
2019/10/17-14:56:13.972910 7fbc2cd30700                Options.optimize_filters_for_hits: 0
2019/10/17-14:56:13.972911 7fbc2cd30700                Options.paranoid_file_checks: 0
2019/10/17-14:56:13.972911 7fbc2cd30700                Options.force_consistency_checks: 0
2019/10/17-14:56:13.972912 7fbc2cd30700                Options.report_bg_io_stats: 0
2019/10/17-14:56:13.972913 7fbc2cd30700                               Options.ttl: 0
2019/10/17-14:56:13.972924 7fbc2cd30700 [db/column_family.cc:472] --------------- Options for column family [htlcs]:
2019/10/17-14:56:13.972925 7fbc2cd30700               Options.comparator: leveldb.BytewiseComparator
2019/10/17-14:56:13.972926 7fbc2cd30700           Options.merge_operator: None
2019/10/17-14:56:13.972926 7fbc2cd30700        Options.compaction_filter: None
2019/10/17-14:56:13.972927 7fbc2cd30700        Options.compaction_filter_factory: None
2019/10/17-14:56:13.972928 7fbc2cd30700         Options.memtable_factory: SkipListFactory
2019/10/17-14:56:13.972929 7fbc2cd30700            Options.table_factory: BlockBasedTable
2019/10/17-14:56:13.972937 7fbc2cd30700            table_factory options:   flush_block_policy_factory: FlushBlockBySizePolicyFactory (0x7fbbb80416c0)
