2019/10/17-14:56:04.375154 7fbc2cd30700 RocksDB version: 5.18.3
2019/10/17-14:56:04.375185 7fbc2cd30700 Git sha rocksdb_build_git_sha:@0@
2019/10/17-14:56:04.375187 7fbc2cd30700 Compile date Sep 19 2019
2019/10/17-14:56:04.375188 7fbc2cd30700 DB SUMMARY
2019/10/17-14:56:04.375869 7fbc2cd30700 CURRENT file:  CURRENT
2019/10/17-14:56:04.375871 7fbc2cd30700 IDENTITY file:  IDENTITY
2019/10/17-14:56:04.375899 7fbc2cd30700 MANIFEST file:  MANIFEST-116740 size: 4114 Bytes
2019/10/17-14:56:04.375900 7fbc2cd30700 SST files in /home/rahul/dev/blockchain-core/eqc/ledger.db dir, Total Num: 29, files: 000624.sst 000627.sst 106940.sst 108447.sst 108450.sst 109471.sst 109483.sst 109485.sst 109486.sst 
2019/10/17-14:56:04.375901 7fbc2cd30700 Write Ahead Log file in /home/rahul/dev/blockchain-core/eqc/ledger.db: 116741.log size: 0 ; 
2019/10/17-14:56:04.375933 7fbc2cd30700                         Options.error_if_exists: 0
2019/10/17-14:56:04.375935 7fbc2cd30700                       Options.create_if_missing: 1
2019/10/17-14:56:04.375936 7fbc2cd30700                         Options.paranoid_checks: 1
2019/10/17-14:56:04.375936 7fbc2cd30700                                     Options.env: 0x7fbbafa7bc60
2019/10/17-14:56:04.375937 7fbc2cd30700                                Options.info_log: 0x7fbbb80801a0
2019/10/17-14:56:04.375938 7fbc2cd30700                Options.max_file_opening_threads: 16
2019/10/17-14:56:04.375939 7fbc2cd30700                              Options.statistics: (nil)
2019/10/17-14:56:04.375940 7fbc2cd30700                               Options.use_fsync: 0
2019/10/17-14:56:04.375941 7fbc2cd30700                       Options.max_log_file_size: 0
2019/10/17-14:56:04.375941 7fbc2cd30700                  Options.max_manifest_file_size: 1073741824
2019/10/17-14:56:04.375942 7fbc2cd30700                   Options.log_file_time_to_roll: 0
2019/10/17-14:56:04.375943 7fbc2cd30700                       Options.keep_log_file_num: 1000
2019/10/17-14:56:04.375944 7fbc2cd30700                    Options.recycle_log_file_num: 0
2019/10/17-14:56:04.375945 7fbc2cd30700                         Options.allow_fallocate: 1
2019/10/17-14:56:04.375945 7fbc2cd30700                        Options.allow_mmap_reads: 0
2019/10/17-14:56:04.375946 7fbc2cd30700                       Options.allow_mmap_writes: 0
2019/10/17-14:56:04.375947 7fbc2cd30700                        Options.use_direct_reads: 0
2019/10/17-14:56:04.375947 7fbc2cd30700                        Options.use_direct_io_for_flush_and_compaction: 0
2019/10/17-14:56:04.375948 7fbc2cd30700          Options.create_missing_column_families: 0
2019/10/17-14:56:04.375949 7fbc2cd30700                              Options.db_log_dir: 
2019/10/17-14:56:04.375950 7fbc2cd30700                                 Options.wal_dir: /home/rahul/dev/blockchain-core/eqc/ledger.db
2019/10/17-14:56:04.375950 7fbc2cd30700                Options.table_cache_numshardbits: 6
2019/10/17-14:56:04.375951 7fbc2cd30700                      Options.max_subcompactions: 1
2019/10/17-14:56:04.375952 7fbc2cd30700                  Options.max_background_flushes: -1
2019/10/17-14:56:04.375953 7fbc2cd30700                         Options.WAL_ttl_seconds: 0
2019/10/17-14:56:04.375953 7fbc2cd30700                       Options.WAL_size_limit_MB: 0
2019/10/17-14:56:04.375954 7fbc2cd30700             Options.manifest_preallocation_size: 4194304
2019/10/17-14:56:04.375955 7fbc2cd30700                     Options.is_fd_close_on_exec: 1
2019/10/17-14:56:04.375955 7fbc2cd30700                   Options.advise_random_on_open: 1
2019/10/17-14:56:04.375956 7fbc2cd30700                    Options.db_write_buffer_size: 0
2019/10/17-14:56:04.375957 7fbc2cd30700                    Options.write_buffer_manager: 0x7fbbb810cf90
2019/10/17-14:56:04.375958 7fbc2cd30700         Options.access_hint_on_compaction_start: 1
2019/10/17-14:56:04.375958 7fbc2cd30700  Options.new_table_reader_for_compaction_inputs: 0
2019/10/17-14:56:04.375959 7fbc2cd30700           Options.random_access_max_buffer_size: 1048576
2019/10/17-14:56:04.375960 7fbc2cd30700                      Options.use_adaptive_mutex: 0
2019/10/17-14:56:04.375961 7fbc2cd30700                            Options.rate_limiter: (nil)
2019/10/17-14:56:04.375969 7fbc2cd30700     Options.sst_file_manager.rate_bytes_per_sec: 0
2019/10/17-14:56:04.375970 7fbc2cd30700                       Options.wal_recovery_mode: 2
2019/10/17-14:56:04.375971 7fbc2cd30700                  Options.enable_thread_tracking: 0
2019/10/17-14:56:04.375971 7fbc2cd30700                  Options.enable_pipelined_write: 0
2019/10/17-14:56:04.375972 7fbc2cd30700         Options.allow_concurrent_memtable_write: 1
2019/10/17-14:56:04.375973 7fbc2cd30700      Options.enable_write_thread_adaptive_yield: 1
2019/10/17-14:56:04.375973 7fbc2cd30700             Options.write_thread_max_yield_usec: 100
2019/10/17-14:56:04.375974 7fbc2cd30700            Options.write_thread_slow_yield_usec: 3
2019/10/17-14:56:04.375975 7fbc2cd30700                               Options.row_cache: None
2019/10/17-14:56:04.375976 7fbc2cd30700                              Options.wal_filter: None
2019/10/17-14:56:04.375977 7fbc2cd30700             Options.avoid_flush_during_recovery: 0
2019/10/17-14:56:04.375977 7fbc2cd30700             Options.allow_ingest_behind: 0
2019/10/17-14:56:04.375978 7fbc2cd30700             Options.preserve_deletes: 0
2019/10/17-14:56:04.375979 7fbc2cd30700             Options.two_write_queues: 0
2019/10/17-14:56:04.375979 7fbc2cd30700             Options.manual_wal_flush: 0
2019/10/17-14:56:04.375980 7fbc2cd30700             Options.max_background_jobs: 2
2019/10/17-14:56:04.375981 7fbc2cd30700             Options.max_background_compactions: -1
2019/10/17-14:56:04.375982 7fbc2cd30700             Options.avoid_flush_during_shutdown: 0
2019/10/17-14:56:04.375982 7fbc2cd30700           Options.writable_file_max_buffer_size: 1048576
2019/10/17-14:56:04.375983 7fbc2cd30700             Options.delayed_write_rate : 16777216
2019/10/17-14:56:04.375984 7fbc2cd30700             Options.max_total_wal_size: 0
2019/10/17-14:56:04.375985 7fbc2cd30700             Options.delete_obsolete_files_period_micros: 21600000000
2019/10/17-14:56:04.375985 7fbc2cd30700                   Options.stats_dump_period_sec: 600
2019/10/17-14:56:04.375986 7fbc2cd30700                          Options.max_open_files: -1
2019/10/17-14:56:04.375987 7fbc2cd30700                          Options.bytes_per_sync: 0
2019/10/17-14:56:04.375988 7fbc2cd30700                      Options.wal_bytes_per_sync: 0
2019/10/17-14:56:04.375988 7fbc2cd30700       Options.compaction_readahead_size: 0
2019/10/17-14:56:04.375989 7fbc2cd30700 Compression algorithms supported:
2019/10/17-14:56:04.375990 7fbc2cd30700 	kZSTDNotFinalCompression supported: 0
2019/10/17-14:56:04.375991 7fbc2cd30700 	kZSTD supported: 0
2019/10/17-14:56:04.375992 7fbc2cd30700 	kXpressCompression supported: 0
2019/10/17-14:56:04.375993 7fbc2cd30700 	kLZ4HCCompression supported: 0
2019/10/17-14:56:04.375994 7fbc2cd30700 	kLZ4Compression supported: 0
2019/10/17-14:56:04.375994 7fbc2cd30700 	kBZip2Compression supported: 0
2019/10/17-14:56:04.375995 7fbc2cd30700 	kZlibCompression supported: 0
2019/10/17-14:56:04.375996 7fbc2cd30700 	kSnappyCompression supported: 0
2019/10/17-14:56:04.375998 7fbc2cd30700 Fast CRC32 supported: Supported on x86
2019/10/17-14:56:04.376087 7fbc2cd30700 [db/version_set.cc:3507] Recovering from manifest file: MANIFEST-116740
2019/10/17-14:56:04.376120 7fbc2cd30700 [db/column_family.cc:472] --------------- Options for column family [default]:
2019/10/17-14:56:04.376121 7fbc2cd30700               Options.comparator: leveldb.BytewiseComparator
2019/10/17-14:56:04.376122 7fbc2cd30700           Options.merge_operator: None
2019/10/17-14:56:04.376123 7fbc2cd30700        Options.compaction_filter: None
2019/10/17-14:56:04.376124 7fbc2cd30700        Options.compaction_filter_factory: None
2019/10/17-14:56:04.376124 7fbc2cd30700         Options.memtable_factory: SkipListFactory
2019/10/17-14:56:04.376125 7fbc2cd30700            Options.table_factory: BlockBasedTable
2019/10/17-14:56:04.376141 7fbc2cd30700            table_factory options:   flush_block_policy_factory: FlushBlockBySizePolicyFactory (0x7fbbb8099e80)
  cache_index_and_filter_blocks: 0
  cache_index_and_filter_blocks_with_high_priority: 0
  pin_l0_filter_and_index_blocks_in_cache: 0
  pin_top_level_index_and_filter: 1
  index_type: 0
  hash_index_allow_collision: 1
  checksum: 1
  no_block_cache: 0
  block_cache: 0x7fbbb80cbbc0
  block_cache_name: LRUCache
  block_cache_options:
    capacity : 8388608
    num_shard_bits : 4
    strict_capacity_limit : 0
    memory_allocator : None
    high_pri_pool_ratio: 0.000
  block_cache_compressed: (nil)
  persistent_cache: (nil)
  block_size: 4096
  block_size_deviation: 10
  block_restart_interval: 16
  index_block_restart_interval: 1
  metadata_block_size: 4096
  partition_filters: 0
  use_delta_encoding: 1
  filter_policy: nullptr
  whole_key_filtering: 1
  verify_compression: 0
  read_amp_bytes_per_bit: 0
  format_version: 2
  enable_index_compression: 1
  block_align: 0
2019/10/17-14:56:04.376149 7fbc2cd30700        Options.write_buffer_size: 67108864
2019/10/17-14:56:04.376150 7fbc2cd30700  Options.max_write_buffer_number: 2
2019/10/17-14:56:04.376151 7fbc2cd30700          Options.compression: NoCompression
2019/10/17-14:56:04.376152 7fbc2cd30700                  Options.bottommost_compression: Disabled
2019/10/17-14:56:04.376153 7fbc2cd30700       Options.prefix_extractor: nullptr
2019/10/17-14:56:04.376154 7fbc2cd30700   Options.memtable_insert_with_hint_prefix_extractor: nullptr
2019/10/17-14:56:04.376155 7fbc2cd30700             Options.num_levels: 7
2019/10/17-14:56:04.376155 7fbc2cd30700        Options.min_write_buffer_number_to_merge: 1
2019/10/17-14:56:04.376156 7fbc2cd30700     Options.max_write_buffer_number_to_maintain: 0
2019/10/17-14:56:04.376157 7fbc2cd30700            Options.bottommost_compression_opts.window_bits: -14
2019/10/17-14:56:04.376158 7fbc2cd30700                  Options.bottommost_compression_opts.level: 32767
2019/10/17-14:56:04.376158 7fbc2cd30700               Options.bottommost_compression_opts.strategy: 0
2019/10/17-14:56:04.376159 7fbc2cd30700         Options.bottommost_compression_opts.max_dict_bytes: 0
2019/10/17-14:56:04.376160 7fbc2cd30700         Options.bottommost_compression_opts.zstd_max_train_bytes: 0
2019/10/17-14:56:04.376160 7fbc2cd30700                  Options.bottommost_compression_opts.enabled: false
2019/10/17-14:56:04.376161 7fbc2cd30700            Options.compression_opts.window_bits: -14
2019/10/17-14:56:04.376162 7fbc2cd30700                  Options.compression_opts.level: 32767
2019/10/17-14:56:04.376163 7fbc2cd30700               Options.compression_opts.strategy: 0
2019/10/17-14:56:04.376163 7fbc2cd30700         Options.compression_opts.max_dict_bytes: 0
2019/10/17-14:56:04.376164 7fbc2cd30700         Options.compression_opts.zstd_max_train_bytes: 0
2019/10/17-14:56:04.376165 7fbc2cd30700                  Options.compression_opts.enabled: false
2019/10/17-14:56:04.376165 7fbc2cd30700      Options.level0_file_num_compaction_trigger: 4
2019/10/17-14:56:04.376166 7fbc2cd30700          Options.level0_slowdown_writes_trigger: 20
2019/10/17-14:56:04.376167 7fbc2cd30700              Options.level0_stop_writes_trigger: 36
2019/10/17-14:56:04.376168 7fbc2cd30700                   Options.target_file_size_base: 67108864
2019/10/17-14:56:04.376168 7fbc2cd30700             Options.target_file_size_multiplier: 1
2019/10/17-14:56:04.376169 7fbc2cd30700                Options.max_bytes_for_level_base: 268435456
2019/10/17-14:56:04.376170 7fbc2cd30700 Options.level_compaction_dynamic_level_bytes: 0
2019/10/17-14:56:04.376171 7fbc2cd30700          Options.max_bytes_for_level_multiplier: 10.000000
2019/10/17-14:56:04.376173 7fbc2cd30700 Options.max_bytes_for_level_multiplier_addtl[0]: 1
2019/10/17-14:56:04.376174 7fbc2cd30700 Options.max_bytes_for_level_multiplier_addtl[1]: 1
2019/10/17-14:56:04.376174 7fbc2cd30700 Options.max_bytes_for_level_multiplier_addtl[2]: 1
2019/10/17-14:56:04.376175 7fbc2cd30700 Options.max_bytes_for_level_multiplier_addtl[3]: 1
2019/10/17-14:56:04.376176 7fbc2cd30700 Options.max_bytes_for_level_multiplier_addtl[4]: 1
2019/10/17-14:56:04.376180 7fbc2cd30700 Options.max_bytes_for_level_multiplier_addtl[5]: 1
2019/10/17-14:56:04.376181 7fbc2cd30700 Options.max_bytes_for_level_multiplier_addtl[6]: 1
2019/10/17-14:56:04.376182 7fbc2cd30700       Options.max_sequential_skip_in_iterations: 8
2019/10/17-14:56:04.376183 7fbc2cd30700                    Options.max_compaction_bytes: 1677721600
2019/10/17-14:56:04.376183 7fbc2cd30700                        Options.arena_block_size: 8388608
2019/10/17-14:56:04.376184 7fbc2cd30700   Options.soft_pending_compaction_bytes_limit: 68719476736
2019/10/17-14:56:04.376185 7fbc2cd30700   Options.hard_pending_compaction_bytes_limit: 274877906944
2019/10/17-14:56:04.376186 7fbc2cd30700       Options.rate_limit_delay_max_milliseconds: 100
2019/10/17-14:56:04.376186 7fbc2cd30700                Options.disable_auto_compactions: 0
2019/10/17-14:56:04.376188 7fbc2cd30700                        Options.compaction_style: kCompactionStyleLevel
2019/10/17-14:56:04.376189 7fbc2cd30700                          Options.compaction_pri: kByCompensatedSize
2019/10/17-14:56:04.376190 7fbc2cd30700 Options.compaction_options_universal.size_ratio: 1
2019/10/17-14:56:04.376190 7fbc2cd30700 Options.compaction_options_universal.min_merge_width: 2
2019/10/17-14:56:04.376191 7fbc2cd30700 Options.compaction_options_universal.max_merge_width: 4294967295
2019/10/17-14:56:04.376192 7fbc2cd30700 Options.compaction_options_universal.max_size_amplification_percent: 200
2019/10/17-14:56:04.376193 7fbc2cd30700 Options.compaction_options_universal.compression_size_percent: -1
2019/10/17-14:56:04.376194 7fbc2cd30700 Options.compaction_options_universal.stop_style: kCompactionStopStyleTotalSize
2019/10/17-14:56:04.376195 7fbc2cd30700 Options.compaction_options_fifo.max_table_files_size: 1073741824
2019/10/17-14:56:04.376195 7fbc2cd30700 Options.compaction_options_fifo.allow_compaction: 0
2019/10/17-14:56:04.376196 7fbc2cd30700 Options.compaction_options_fifo.ttl: 0
2019/10/17-14:56:04.376197 7fbc2cd30700                   Options.table_properties_collectors: 
2019/10/17-14:56:04.376198 7fbc2cd30700                   Options.inplace_update_support: 0
2019/10/17-14:56:04.376198 7fbc2cd30700                 Options.inplace_update_num_locks: 10000
2019/10/17-14:56:04.376199 7fbc2cd30700               Options.memtable_prefix_bloom_size_ratio: 0.000000
2019/10/17-14:56:04.376200 7fbc2cd30700   Options.memtable_huge_page_size: 0
2019/10/17-14:56:04.376201 7fbc2cd30700                           Options.bloom_locality: 0
2019/10/17-14:56:04.376202 7fbc2cd30700                    Options.max_successive_merges: 0
2019/10/17-14:56:04.376202 7fbc2cd30700                Options.optimize_filters_for_hits: 0
2019/10/17-14:56:04.376203 7fbc2cd30700                Options.paranoid_file_checks: 0
2019/10/17-14:56:04.376204 7fbc2cd30700                Options.force_consistency_checks: 0
2019/10/17-14:56:04.376204 7fbc2cd30700                Options.report_bg_io_stats: 0
2019/10/17-14:56:04.376205 7fbc2cd30700                               Options.ttl: 0
2019/10/17-14:56:04.376231 7fbc2cd30700 [db/column_family.cc:472] --------------- Options for column family [active_gateways]:
2019/10/17-14:56:04.376232 7fbc2cd30700               Options.comparator: leveldb.BytewiseComparator
2019/10/17-14:56:04.376233 7fbc2cd30700           Options.merge_operator: None
2019/10/17-14:56:04.376234 7fbc2cd30700        Options.compaction_filter: None
2019/10/17-14:56:04.376235 7fbc2cd30700        Options.compaction_filter_factory: None
2019/10/17-14:56:04.376236 7fbc2cd30700         Options.memtable_factory: SkipListFactory
2019/10/17-14:56:04.376236 7fbc2cd30700            Options.table_factory: BlockBasedTable
2019/10/17-14:56:04.376246 7fbc2cd30700            table_factory options:   flush_block_policy_factory: FlushBlockBySizePolicyFactory (0x7fbbb80224e0)
  cache_index_and_filter_blocks: 0
  cache_index_and_filter_blocks_with_high_priority: 0
  pin_l0_filter_and_index_blocks_in_cache: 0
  pin_top_level_index_and_filter: 1
  index_type: 0
  hash_index_allow_collision: 1
  checksum: 1
  no_block_cache: 0
  block_cache: 0x7fbbb80672c0
  block_cache_name: LRUCache
  block_cache_options:
    capacity : 8388608
    num_shard_bits : 4
    strict_capacity_limit : 0
    memory_allocator : None
    high_pri_pool_ratio: 0.000
  block_cache_compressed: (nil)
  persistent_cache: (nil)
  block_size: 4096
  block_size_deviation: 10
  block_restart_interval: 16
  index_block_restart_interval: 1
  metadata_block_size: 4096
  partition_filters: 0
  use_delta_encoding: 1
  filter_policy: nullptr
  whole_key_filtering: 1
  verify_compression: 0
  read_amp_bytes_per_bit: 0
  format_version: 2
  enable_index_compression: 1
  block_align: 0
2019/10/17-14:56:04.376253 7fbc2cd30700        Options.write_buffer_size: 67108864
2019/10/17-14:56:04.376253 7fbc2cd30700  Options.max_write_buffer_number: 2
2019/10/17-14:56:04.376254 7fbc2cd30700          Options.compression: NoCompression
2019/10/17-14:56:04.376255 7fbc2cd30700                  Options.bottommost_compression: Disabled
2019/10/17-14:56:04.376256 7fbc2cd30700       Options.prefix_extractor: nullptr
2019/10/17-14:56:04.376256 7fbc2cd30700   Options.memtable_insert_with_hint_prefix_extractor: nullptr
2019/10/17-14:56:04.376257 7fbc2cd30700             Options.num_levels: 7
2019/10/17-14:56:04.376258 7fbc2cd30700        Options.min_write_buffer_number_to_merge: 1
2019/10/17-14:56:04.376259 7fbc2cd30700     Options.max_write_buffer_number_to_maintain: 0
2019/10/17-14:56:04.376259 7fbc2cd30700            Options.bottommost_compression_opts.window_bits: -14
2019/10/17-14:56:04.376260 7fbc2cd30700                  Options.bottommost_compression_opts.level: 32767
2019/10/17-14:56:04.376261 7fbc2cd30700               Options.bottommost_compression_opts.strategy: 0
2019/10/17-14:56:04.376261 7fbc2cd30700         Options.bottommost_compression_opts.max_dict_bytes: 0
2019/10/17-14:56:04.376262 7fbc2cd30700         Options.bottommost_compression_opts.zstd_max_train_bytes: 0
2019/10/17-14:56:04.376263 7fbc2cd30700                  Options.bottommost_compression_opts.enabled: false
2019/10/17-14:56:04.376263 7fbc2cd30700            Options.compression_opts.window_bits: -14
2019/10/17-14:56:04.376264 7fbc2cd30700                  Options.compression_opts.level: 32767
2019/10/17-14:56:04.376265 7fbc2cd30700               Options.compression_opts.strategy: 0
2019/10/17-14:56:04.376266 7fbc2cd30700         Options.compression_opts.max_dict_bytes: 0
2019/10/17-14:56:04.376266 7fbc2cd30700         Options.compression_opts.zstd_max_train_bytes: 0
2019/10/17-14:56:04.376267 7fbc2cd30700                  Options.compression_opts.enabled: false
2019/10/17-14:56:04.376268 7fbc2cd30700      Options.level0_file_num_compaction_trigger: 4
2019/10/17-14:56:04.376268 7fbc2cd30700          Options.level0_slowdown_writes_trigger: 20
2019/10/17-14:56:04.376269 7fbc2cd30700              Options.level0_stop_writes_trigger: 36
2019/10/17-14:56:04.376270 7fbc2cd30700                   Options.target_file_size_base: 67108864
2019/10/17-14:56:04.376271 7fbc2cd30700             Options.target_file_size_multiplier: 1
2019/10/17-14:56:04.376271 7fbc2cd30700                Options.max_bytes_for_level_base: 268435456
2019/10/17-14:56:04.376272 7fbc2cd30700 Options.level_compaction_dynamic_level_bytes: 0
2019/10/17-14:56:04.376273 7fbc2cd30700          Options.max_bytes_for_level_multiplier: 10.000000
2019/10/17-14:56:04.376274 7fbc2cd30700 Options.max_bytes_for_level_multiplier_addtl[0]: 1
2019/10/17-14:56:04.376275 7fbc2cd30700 Options.max_bytes_for_level_multiplier_addtl[1]: 1
2019/10/17-14:56:04.376276 7fbc2cd30700 Options.max_bytes_for_level_multiplier_addtl[2]: 1
2019/10/17-14:56:04.376276 7fbc2cd30700 Options.max_bytes_for_level_multiplier_addtl[3]: 1
2019/10/17-14:56:04.376277 7fbc2cd30700 Options.max_bytes_for_level_multiplier_addtl[4]: 1
2019/10/17-14:56:04.376278 7fbc2cd30700 Options.max_bytes_for_level_multiplier_addtl[5]: 1
2019/10/17-14:56:04.376279 7fbc2cd30700 Options.max_bytes_for_level_multiplier_addtl[6]: 1
2019/10/17-14:56:04.376279 7fbc2cd30700       Options.max_sequential_skip_in_iterations: 8
2019/10/17-14:56:04.376283 7fbc2cd30700                    Options.max_compaction_bytes: 1677721600
2019/10/17-14:56:04.376284 7fbc2cd30700                        Options.arena_block_size: 8388608
2019/10/17-14:56:04.376285 7fbc2cd30700   Options.soft_pending_compaction_bytes_limit: 68719476736
2019/10/17-14:56:04.376286 7fbc2cd30700   Options.hard_pending_compaction_bytes_limit: 274877906944
2019/10/17-14:56:04.376286 7fbc2cd30700       Options.rate_limit_delay_max_milliseconds: 100
2019/10/17-14:56:04.376287 7fbc2cd30700                Options.disable_auto_compactions: 0
2019/10/17-14:56:04.376288 7fbc2cd30700                        Options.compaction_style: kCompactionStyleLevel
2019/10/17-14:56:04.376289 7fbc2cd30700                          Options.compaction_pri: kByCompensatedSize
2019/10/17-14:56:04.376290 7fbc2cd30700 Options.compaction_options_universal.size_ratio: 1
2019/10/17-14:56:04.376291 7fbc2cd30700 Options.compaction_options_universal.min_merge_width: 2
2019/10/17-14:56:04.376291 7fbc2cd30700 Options.compaction_options_universal.max_merge_width: 4294967295
2019/10/17-14:56:04.376292 7fbc2cd30700 Options.compaction_options_universal.max_size_amplification_percent: 200
2019/10/17-14:56:04.376293 7fbc2cd30700 Options.compaction_options_universal.compression_size_percent: -1
2019/10/17-14:56:04.376294 7fbc2cd30700 Options.compaction_options_universal.stop_style: kCompactionStopStyleTotalSize
2019/10/17-14:56:04.376294 7fbc2cd30700 Options.compaction_options_fifo.max_table_files_size: 1073741824
2019/10/17-14:56:04.376295 7fbc2cd30700 Options.compaction_options_fifo.allow_compaction: 0
2019/10/17-14:56:04.376296 7fbc2cd30700 Options.compaction_options_fifo.ttl: 0
2019/10/17-14:56:04.376296 7fbc2cd30700                   Options.table_properties_collectors: 
2019/10/17-14:56:04.376297 7fbc2cd30700                   Options.inplace_update_support: 0
2019/10/17-14:56:04.376298 7fbc2cd30700                 Options.inplace_update_num_locks: 10000
2019/10/17-14:56:04.376299 7fbc2cd30700               Options.memtable_prefix_bloom_size_ratio: 0.000000
2019/10/17-14:56:04.376300 7fbc2cd30700   Options.memtable_huge_page_size: 0
2019/10/17-14:56:04.376300 7fbc2cd30700                           Options.bloom_locality: 0
2019/10/17-14:56:04.376301 7fbc2cd30700                    Options.max_successive_merges: 0
2019/10/17-14:56:04.376302 7fbc2cd30700                Options.optimize_filters_for_hits: 0
2019/10/17-14:56:04.376302 7fbc2cd30700                Options.paranoid_file_checks: 0
2019/10/17-14:56:04.376303 7fbc2cd30700                Options.force_consistency_checks: 0
2019/10/17-14:56:04.376304 7fbc2cd30700                Options.report_bg_io_stats: 0
2019/10/17-14:56:04.376305 7fbc2cd30700                               Options.ttl: 0
2019/10/17-14:56:04.376320 7fbc2cd30700 [db/column_family.cc:472] --------------- Options for column family [entries]:
2019/10/17-14:56:04.376321 7fbc2cd30700               Options.comparator: leveldb.BytewiseComparator
2019/10/17-14:56:04.376322 7fbc2cd30700           Options.merge_operator: None
2019/10/17-14:56:04.376322 7fbc2cd30700        Options.compaction_filter: None
2019/10/17-14:56:04.376323 7fbc2cd30700        Options.compaction_filter_factory: None
2019/10/17-14:56:04.376324 7fbc2cd30700         Options.memtable_factory: SkipListFactory
2019/10/17-14:56:04.376325 7fbc2cd30700            Options.table_factory: BlockBasedTable
2019/10/17-14:56:04.376334 7fbc2cd30700            table_factory options:   flush_block_policy_factory: FlushBlockBySizePolicyFactory (0x7fbbb8022180)
  cache_index_and_filter_blocks: 0
  cache_index_and_filter_blocks_with_high_priority: 0
  pin_l0_filter_and_index_blocks_in_cache: 0
  pin_top_level_index_and_filter: 1
  index_type: 0
  hash_index_allow_collision: 1
  checksum: 1
  no_block_cache: 0
  block_cache: 0x7fbbb8096880
  block_cache_name: LRUCache
  block_cache_options:
    capacity : 8388608
    num_shard_bits : 4
    strict_capacity_limit : 0
    memory_allocator : None
    high_pri_pool_ratio: 0.000
  block_cache_compressed: (nil)
  persistent_cache: (nil)
  block_size: 4096
  block_size_deviation: 10
  block_restart_interval: 16
  index_block_restart_interval: 1
  metadata_block_size: 4096
  partition_filters: 0
  use_delta_encoding: 1
  filter_policy: nullptr
  whole_key_filtering: 1
  verify_compression: 0
  read_amp_bytes_per_bit: 0
  format_version: 2
  enable_index_compression: 1
  block_align: 0
2019/10/17-14:56:04.376340 7fbc2cd30700        Options.write_buffer_size: 67108864
2019/10/17-14:56:04.376341 7fbc2cd30700  Options.max_write_buffer_number: 2
2019/10/17-14:56:04.376342 7fbc2cd30700          Options.compression: NoCompression
2019/10/17-14:56:04.376342 7fbc2cd30700                  Options.bottommost_compression: Disabled
2019/10/17-14:56:04.376343 7fbc2cd30700       Options.prefix_extractor: nullptr
2019/10/17-14:56:04.376344 7fbc2cd30700   Options.memtable_insert_with_hint_prefix_extractor: nullptr
2019/10/17-14:56:04.376344 7fbc2cd30700             Options.num_levels: 7
2019/10/17-14:56:04.376345 7fbc2cd30700        Options.min_write_buffer_number_to_merge: 1
2019/10/17-14:56:04.376346 7fbc2cd30700     Options.max_write_buffer_number_to_maintain: 0
2019/10/17-14:56:04.376347 7fbc2cd30700            Options.bottommost_compression_opts.window_bits: -14
2019/10/17-14:56:04.376347 7fbc2cd30700                  Options.bottommost_compression_opts.level: 32767
2019/10/17-14:56:04.376348 7fbc2cd30700               Options.bottommost_compression_opts.strategy: 0
2019/10/17-14:56:04.376349 7fbc2cd30700         Options.bottommost_compression_opts.max_dict_bytes: 0
2019/10/17-14:56:04.376349 7fbc2cd30700         Options.bottommost_compression_opts.zstd_max_train_bytes: 0
2019/10/17-14:56:04.376350 7fbc2cd30700                  Options.bottommost_compression_opts.enabled: false
2019/10/17-14:56:04.376351 7fbc2cd30700            Options.compression_opts.window_bits: -14
2019/10/17-14:56:04.376352 7fbc2cd30700                  Options.compression_opts.level: 32767
2019/10/17-14:56:04.376352 7fbc2cd30700               Options.compression_opts.strategy: 0
2019/10/17-14:56:04.376353 7fbc2cd30700         Options.compression_opts.max_dict_bytes: 0
2019/10/17-14:56:04.376354 7fbc2cd30700         Options.compression_opts.zstd_max_train_bytes: 0
2019/10/17-14:56:04.376354 7fbc2cd30700                  Options.compression_opts.enabled: false
2019/10/17-14:56:04.376355 7fbc2cd30700      Options.level0_file_num_compaction_trigger: 4
2019/10/17-14:56:04.376356 7fbc2cd30700          Options.level0_slowdown_writes_trigger: 20
2019/10/17-14:56:04.376356 7fbc2cd30700              Options.level0_stop_writes_trigger: 36
2019/10/17-14:56:04.376357 7fbc2cd30700                   Options.target_file_size_base: 67108864
2019/10/17-14:56:04.376358 7fbc2cd30700             Options.target_file_size_multiplier: 1
2019/10/17-14:56:04.376359 7fbc2cd30700                Options.max_bytes_for_level_base: 268435456
2019/10/17-14:56:04.376359 7fbc2cd30700 Options.level_compaction_dynamic_level_bytes: 0
2019/10/17-14:56:04.376360 7fbc2cd30700          Options.max_bytes_for_level_multiplier: 10.000000
2019/10/17-14:56:04.376361 7fbc2cd30700 Options.max_bytes_for_level_multiplier_addtl[0]: 1
2019/10/17-14:56:04.376362 7fbc2cd30700 Options.max_bytes_for_level_multiplier_addtl[1]: 1
2019/10/17-14:56:04.376363 7fbc2cd30700 Options.max_bytes_for_level_multiplier_addtl[2]: 1
2019/10/17-14:56:04.376364 7fbc2cd30700 Options.max_bytes_for_level_multiplier_addtl[3]: 1
2019/10/17-14:56:04.376364 7fbc2cd30700 Options.max_bytes_for_level_multiplier_addtl[4]: 1
2019/10/17-14:56:04.376365 7fbc2cd30700 Options.max_bytes_for_level_multiplier_addtl[5]: 1
2019/10/17-14:56:04.376366 7fbc2cd30700 Options.max_bytes_for_level_multiplier_addtl[6]: 1
2019/10/17-14:56:04.376366 7fbc2cd30700       Options.max_sequential_skip_in_iterations: 8
2019/10/17-14:56:04.376367 7fbc2cd30700                    Options.max_compaction_bytes: 1677721600
2019/10/17-14:56:04.376368 7fbc2cd30700                        Options.arena_block_size: 8388608
2019/10/17-14:56:04.376369 7fbc2cd30700   Options.soft_pending_compaction_bytes_limit: 68719476736
2019/10/17-14:56:04.376373 7fbc2cd30700   Options.hard_pending_compaction_bytes_limit: 274877906944
2019/10/17-14:56:04.376374 7fbc2cd30700       Options.rate_limit_delay_max_milliseconds: 100
2019/10/17-14:56:04.376375 7fbc2cd30700                Options.disable_auto_compactions: 0
2019/10/17-14:56:04.376375 7fbc2cd30700                        Options.compaction_style: kCompactionStyleLevel
2019/10/17-14:56:04.376376 7fbc2cd30700                          Options.compaction_pri: kByCompensatedSize
2019/10/17-14:56:04.376377 7fbc2cd30700 Options.compaction_options_universal.size_ratio: 1
2019/10/17-14:56:04.376378 7fbc2cd30700 Options.compaction_options_universal.min_merge_width: 2
2019/10/17-14:56:04.376378 7fbc2cd30700 Options.compaction_options_universal.max_merge_width: 4294967295
2019/10/17-14:56:04.376379 7fbc2cd30700 Options.compaction_options_universal.max_size_amplification_percent: 200
2019/10/17-14:56:04.376380 7fbc2cd30700 Options.compaction_options_universal.compression_size_percent: -1
2019/10/17-14:56:04.376381 7fbc2cd30700 Options.compaction_options_universal.stop_style: kCompactionStopStyleTotalSize
2019/10/17-14:56:04.376381 7fbc2cd30700 Options.compaction_options_fifo.max_table_files_size: 1073741824
2019/10/17-14:56:04.376382 7fbc2cd30700 Options.compaction_options_fifo.allow_compaction: 0
2019/10/17-14:56:04.376383 7fbc2cd30700 Options.compaction_options_fifo.ttl: 0
2019/10/17-14:56:04.376384 7fbc2cd30700                   Options.table_properties_collectors: 
2019/10/17-14:56:04.376384 7fbc2cd30700                   Options.inplace_update_support: 0
2019/10/17-14:56:04.376385 7fbc2cd30700                 Options.inplace_update_num_locks: 10000
2019/10/17-14:56:04.376386 7fbc2cd30700               Options.memtable_prefix_bloom_size_ratio: 0.000000
2019/10/17-14:56:04.376387 7fbc2cd30700   Options.memtable_huge_page_size: 0
2019/10/17-14:56:04.376387 7fbc2cd30700                           Options.bloom_locality: 0
2019/10/17-14:56:04.376388 7fbc2cd30700                    Options.max_successive_merges: 0
2019/10/17-14:56:04.376389 7fbc2cd30700                Options.optimize_filters_for_hits: 0
2019/10/17-14:56:04.376390 7fbc2cd30700                Options.paranoid_file_checks: 0
2019/10/17-14:56:04.376390 7fbc2cd30700                Options.force_consistency_checks: 0
2019/10/17-14:56:04.376391 7fbc2cd30700                Options.report_bg_io_stats: 0
2019/10/17-14:56:04.376392 7fbc2cd30700                               Options.ttl: 0
2019/10/17-14:56:04.376405 7fbc2cd30700 [db/column_family.cc:472] --------------- Options for column family [dc_entries]:
2019/10/17-14:56:04.376407 7fbc2cd30700               Options.comparator: leveldb.BytewiseComparator
2019/10/17-14:56:04.376407 7fbc2cd30700           Options.merge_operator: None
2019/10/17-14:56:04.376408 7fbc2cd30700        Options.compaction_filter: None
2019/10/17-14:56:04.376409 7fbc2cd30700        Options.compaction_filter_factory: None
2019/10/17-14:56:04.376410 7fbc2cd30700         Options.memtable_factory: SkipListFactory
2019/10/17-14:56:04.376410 7fbc2cd30700            Options.table_factory: BlockBasedTable
2019/10/17-14:56:04.376419 7fbc2cd30700            table_factory options:   flush_block_policy_factory: FlushBlockBySizePolicyFactory (0x7fbbb80a69e0)
  cache_index_and_filter_blocks: 0
  cache_index_and_filter_blocks_with_high_priority: 0
  pin_l0_filter_and_index_blocks_in_cache: 0
  pin_top_level_index_and_filter: 1
  index_type: 0
  hash_index_allow_collision: 1
  checksum: 1
  no_block_cache: 0
  block_cache: 0x7fbbb80ed110
  block_cache_name: LRUCache
  block_cache_options:
    capacity : 8388608
    num_shard_bits : 4
    strict_capacity_limit : 0
    memory_allocator : None
    high_pri_pool_ratio: 0.000
  block_cache_compressed: (nil)
  persistent_cache: (nil)
  block_size: 4096
  block_size_deviation: 10
  block_restart_interval: 16
  index_block_restart_interval: 1
  metadata_block_size: 4096
  partition_filters: 0
  use_delta_encoding: 1
  filter_policy: nullptr
  whole_key_filtering: 1
  verify_compression: 0
  read_amp_bytes_per_bit: 0
  format_version: 2
  enable_index_compression: 1
  block_align: 0
2019/10/17-14:56:04.376425 7fbc2cd30700        Options.write_buffer_size: 67108864
2019/10/17-14:56:04.376426 7fbc2cd30700  Options.max_write_buffer_number: 2
2019/10/17-14:56:04.376426 7fbc2cd30700          Options.compression: NoCompression
2019/10/17-14:56:04.376427 7fbc2cd30700                  Options.bottommost_compression: Disabled
2019/10/17-14:56:04.376428 7fbc2cd30700       Options.prefix_extractor: nullptr
2019/10/17-14:56:04.376429 7fbc2cd30700   Options.memtable_insert_with_hint_prefix_extractor: nullptr
2019/10/17-14:56:04.376429 7fbc2cd30700             Options.num_levels: 7
2019/10/17-14:56:04.376430 7fbc2cd30700        Options.min_write_buffer_number_to_merge: 1
2019/10/17-14:56:04.376431 7fbc2cd30700     Options.max_write_buffer_number_to_maintain: 0
2019/10/17-14:56:04.376431 7fbc2cd30700            Options.bottommost_compression_opts.window_bits: -14
2019/10/17-14:56:04.376432 7fbc2cd30700                  Options.bottommost_compression_opts.level: 32767
2019/10/17-14:56:04.376433 7fbc2cd30700               Options.bottommost_compression_opts.strategy: 0
2019/10/17-14:56:04.376434 7fbc2cd30700         Options.bottommost_compression_opts.max_dict_bytes: 0
2019/10/17-14:56:04.376434 7fbc2cd30700         Options.bottommost_compression_opts.zstd_max_train_bytes: 0
2019/10/17-14:56:04.376435 7fbc2cd30700                  Options.bottommost_compression_opts.enabled: false
2019/10/17-14:56:04.376436 7fbc2cd30700            Options.compression_opts.window_bits: -14
2019/10/17-14:56:04.376436 7fbc2cd30700                  Options.compression_opts.level: 32767
2019/10/17-14:56:04.376437 7fbc2cd30700               Options.compression_opts.strategy: 0
2019/10/17-14:56:04.376438 7fbc2cd30700         Options.compression_opts.max_dict_bytes: 0
2019/10/17-14:56:04.376439 7fbc2cd30700         Options.compression_opts.zstd_max_train_bytes: 0
2019/10/17-14:56:04.376439 7fbc2cd30700                  Options.compression_opts.enabled: false
2019/10/17-14:56:04.376440 7fbc2cd30700      Options.level0_file_num_compaction_trigger: 4
2019/10/17-14:56:04.376441 7fbc2cd30700          Options.level0_slowdown_writes_trigger: 20
2019/10/17-14:56:04.376441 7fbc2cd30700              Options.level0_stop_writes_trigger: 36
2019/10/17-14:56:04.376442 7fbc2cd30700                   Options.target_file_size_base: 67108864
2019/10/17-14:56:04.376443 7fbc2cd30700             Options.target_file_size_multiplier: 1
2019/10/17-14:56:04.376443 7fbc2cd30700                Options.max_bytes_for_level_base: 268435456
2019/10/17-14:56:04.376444 7fbc2cd30700 Options.level_compaction_dynamic_level_bytes: 0
2019/10/17-14:56:04.376445 7fbc2cd30700          Options.max_bytes_for_level_multiplier: 10.000000
2019/10/17-14:56:04.376446 7fbc2cd30700 Options.max_bytes_for_level_multiplier_addtl[0]: 1
2019/10/17-14:56:04.376447 7fbc2cd30700 Options.max_bytes_for_level_multiplier_addtl[1]: 1
2019/10/17-14:56:04.376448 7fbc2cd30700 Options.max_bytes_for_level_multiplier_addtl[2]: 1
2019/10/17-14:56:04.376448 7fbc2cd30700 Options.max_bytes_for_level_multiplier_addtl[3]: 1
2019/10/17-14:56:04.376449 7fbc2cd30700 Options.max_bytes_for_level_multiplier_addtl[4]: 1
2019/10/17-14:56:04.376450 7fbc2cd30700 Options.max_bytes_for_level_multiplier_addtl[5]: 1
2019/10/17-14:56:04.376450 7fbc2cd30700 Options.max_bytes_for_level_multiplier_addtl[6]: 1
2019/10/17-14:56:04.376451 7fbc2cd30700       Options.max_sequential_skip_in_iterations: 8
2019/10/17-14:56:04.376452 7fbc2cd30700                    Options.max_compaction_bytes: 1677721600
2019/10/17-14:56:04.376453 7fbc2cd30700                        Options.arena_block_size: 8388608
2019/10/17-14:56:04.376453 7fbc2cd30700   Options.soft_pending_compaction_bytes_limit: 68719476736
2019/10/17-14:56:04.376454 7fbc2cd30700   Options.hard_pending_compaction_bytes_limit: 274877906944
2019/10/17-14:56:04.376455 7fbc2cd30700       Options.rate_limit_delay_max_milliseconds: 100
2019/10/17-14:56:04.376456 7fbc2cd30700                Options.disable_auto_compactions: 0
2019/10/17-14:56:04.376460 7fbc2cd30700                        Options.compaction_style: kCompactionStyleLevel
2019/10/17-14:56:04.376461 7fbc2cd30700                          Options.compaction_pri: kByCompensatedSize
2019/10/17-14:56:04.376461 7fbc2cd30700 Options.compaction_options_universal.size_ratio: 1
2019/10/17-14:56:04.376462 7fbc2cd30700 Options.compaction_options_universal.min_merge_width: 2
2019/10/17-14:56:04.376463 7fbc2cd30700 Options.compaction_options_universal.max_merge_width: 4294967295
2019/10/17-14:56:04.376463 7fbc2cd30700 Options.compaction_options_universal.max_size_amplification_percent: 200
2019/10/17-14:56:04.376464 7fbc2cd30700 Options.compaction_options_universal.compression_size_percent: -1
2019/10/17-14:56:04.376465 7fbc2cd30700 Options.compaction_options_universal.stop_style: kCompactionStopStyleTotalSize
2019/10/17-14:56:04.376466 7fbc2cd30700 Options.compaction_options_fifo.max_table_files_size: 1073741824
2019/10/17-14:56:04.376466 7fbc2cd30700 Options.compaction_options_fifo.allow_compaction: 0
2019/10/17-14:56:04.376467 7fbc2cd30700 Options.compaction_options_fifo.ttl: 0
2019/10/17-14:56:04.376468 7fbc2cd30700                   Options.table_properties_collectors: 
2019/10/17-14:56:04.376469 7fbc2cd30700                   Options.inplace_update_support: 0
2019/10/17-14:56:04.376469 7fbc2cd30700                 Options.inplace_update_num_locks: 10000
2019/10/17-14:56:04.376470 7fbc2cd30700               Options.memtable_prefix_bloom_size_ratio: 0.000000
2019/10/17-14:56:04.376471 7fbc2cd30700   Options.memtable_huge_page_size: 0
2019/10/17-14:56:04.376472 7fbc2cd30700                           Options.bloom_locality: 0
2019/10/17-14:56:04.376472 7fbc2cd30700                    Options.max_successive_merges: 0
2019/10/17-14:56:04.376473 7fbc2cd30700                Options.optimize_filters_for_hits: 0
2019/10/17-14:56:04.376474 7fbc2cd30700                Options.paranoid_file_checks: 0
2019/10/17-14:56:04.376474 7fbc2cd30700                Options.force_consistency_checks: 0
2019/10/17-14:56:04.376475 7fbc2cd30700                Options.report_bg_io_stats: 0
2019/10/17-14:56:04.376476 7fbc2cd30700                               Options.ttl: 0
2019/10/17-14:56:04.376487 7fbc2cd30700 [db/column_family.cc:472] --------------- Options for column family [htlcs]:
2019/10/17-14:56:04.376489 7fbc2cd30700               Options.comparator: leveldb.BytewiseComparator
2019/10/17-14:56:04.376489 7fbc2cd30700           Options.merge_operator: None
2019/10/17-14:56:04.376490 7fbc2cd30700        Options.compaction_filter: None
2019/10/17-14:56:04.376491 7fbc2cd30700        Options.compaction_filter_factory: None
2019/10/17-14:56:04.376491 7fbc2cd30700         Options.memtable_factory: SkipListFactory
2019/10/17-14:56:04.376492 7fbc2cd30700            Options.table_factory: BlockBasedTable
2019/10/17-14:56:04.376501 7fbc2cd30700            table_factory options:   flush_block_policy_factory: FlushBlockBySizePolicyFactory (0x7fbbb8054d70)
