2019/10/17-14:56:01.573680 7fbc2cd30700 RocksDB version: 5.18.3
2019/10/17-14:56:01.573707 7fbc2cd30700 Git sha rocksdb_build_git_sha:@0@
2019/10/17-14:56:01.573709 7fbc2cd30700 Compile date Sep 19 2019
2019/10/17-14:56:01.573710 7fbc2cd30700 DB SUMMARY
2019/10/17-14:56:01.574360 7fbc2cd30700 CURRENT file:  CURRENT
2019/10/17-14:56:01.574362 7fbc2cd30700 IDENTITY file:  IDENTITY
2019/10/17-14:56:01.574388 7fbc2cd30700 MANIFEST file:  MANIFEST-116677 size: 4114 Bytes
2019/10/17-14:56:01.574389 7fbc2cd30700 SST files in /home/rahul/dev/blockchain-core/eqc/ledger.db dir, Total Num: 29, files: 000624.sst 000627.sst 106940.sst 108447.sst 108450.sst 109471.sst 109483.sst 109485.sst 109486.sst 
2019/10/17-14:56:01.574391 7fbc2cd30700 Write Ahead Log file in /home/rahul/dev/blockchain-core/eqc/ledger.db: 116678.log size: 0 ; 
2019/10/17-14:56:01.574421 7fbc2cd30700                         Options.error_if_exists: 0
2019/10/17-14:56:01.574422 7fbc2cd30700                       Options.create_if_missing: 1
2019/10/17-14:56:01.574423 7fbc2cd30700                         Options.paranoid_checks: 1
2019/10/17-14:56:01.574423 7fbc2cd30700                                     Options.env: 0x7fbbafa7bc60
2019/10/17-14:56:01.574424 7fbc2cd30700                                Options.info_log: 0x7fbbb80298e0
2019/10/17-14:56:01.574425 7fbc2cd30700                Options.max_file_opening_threads: 16
2019/10/17-14:56:01.574426 7fbc2cd30700                              Options.statistics: (nil)
2019/10/17-14:56:01.574426 7fbc2cd30700                               Options.use_fsync: 0
2019/10/17-14:56:01.574427 7fbc2cd30700                       Options.max_log_file_size: 0
2019/10/17-14:56:01.574428 7fbc2cd30700                  Options.max_manifest_file_size: 1073741824
2019/10/17-14:56:01.574428 7fbc2cd30700                   Options.log_file_time_to_roll: 0
2019/10/17-14:56:01.574429 7fbc2cd30700                       Options.keep_log_file_num: 1000
2019/10/17-14:56:01.574430 7fbc2cd30700                    Options.recycle_log_file_num: 0
2019/10/17-14:56:01.574431 7fbc2cd30700                         Options.allow_fallocate: 1
2019/10/17-14:56:01.574431 7fbc2cd30700                        Options.allow_mmap_reads: 0
2019/10/17-14:56:01.574432 7fbc2cd30700                       Options.allow_mmap_writes: 0
2019/10/17-14:56:01.574433 7fbc2cd30700                        Options.use_direct_reads: 0
2019/10/17-14:56:01.574433 7fbc2cd30700                        Options.use_direct_io_for_flush_and_compaction: 0
2019/10/17-14:56:01.574434 7fbc2cd30700          Options.create_missing_column_families: 0
2019/10/17-14:56:01.574435 7fbc2cd30700                              Options.db_log_dir: 
2019/10/17-14:56:01.574435 7fbc2cd30700                                 Options.wal_dir: /home/rahul/dev/blockchain-core/eqc/ledger.db
2019/10/17-14:56:01.574436 7fbc2cd30700                Options.table_cache_numshardbits: 6
2019/10/17-14:56:01.574437 7fbc2cd30700                      Options.max_subcompactions: 1
2019/10/17-14:56:01.574437 7fbc2cd30700                  Options.max_background_flushes: -1
2019/10/17-14:56:01.574438 7fbc2cd30700                         Options.WAL_ttl_seconds: 0
2019/10/17-14:56:01.574439 7fbc2cd30700                       Options.WAL_size_limit_MB: 0
2019/10/17-14:56:01.574439 7fbc2cd30700             Options.manifest_preallocation_size: 4194304
2019/10/17-14:56:01.574440 7fbc2cd30700                     Options.is_fd_close_on_exec: 1
2019/10/17-14:56:01.574441 7fbc2cd30700                   Options.advise_random_on_open: 1
2019/10/17-14:56:01.574441 7fbc2cd30700                    Options.db_write_buffer_size: 0
2019/10/17-14:56:01.574442 7fbc2cd30700                    Options.write_buffer_manager: 0x7fbbb8004a60
2019/10/17-14:56:01.574443 7fbc2cd30700         Options.access_hint_on_compaction_start: 1
2019/10/17-14:56:01.574443 7fbc2cd30700  Options.new_table_reader_for_compaction_inputs: 0
2019/10/17-14:56:01.574444 7fbc2cd30700           Options.random_access_max_buffer_size: 1048576
2019/10/17-14:56:01.574445 7fbc2cd30700                      Options.use_adaptive_mutex: 0
2019/10/17-14:56:01.574446 7fbc2cd30700                            Options.rate_limiter: (nil)
2019/10/17-14:56:01.574454 7fbc2cd30700     Options.sst_file_manager.rate_bytes_per_sec: 0
2019/10/17-14:56:01.574455 7fbc2cd30700                       Options.wal_recovery_mode: 2
2019/10/17-14:56:01.574456 7fbc2cd30700                  Options.enable_thread_tracking: 0
2019/10/17-14:56:01.574457 7fbc2cd30700                  Options.enable_pipelined_write: 0
2019/10/17-14:56:01.574457 7fbc2cd30700         Options.allow_concurrent_memtable_write: 1
2019/10/17-14:56:01.574458 7fbc2cd30700      Options.enable_write_thread_adaptive_yield: 1
2019/10/17-14:56:01.574459 7fbc2cd30700             Options.write_thread_max_yield_usec: 100
2019/10/17-14:56:01.574459 7fbc2cd30700            Options.write_thread_slow_yield_usec: 3
2019/10/17-14:56:01.574460 7fbc2cd30700                               Options.row_cache: None
2019/10/17-14:56:01.574461 7fbc2cd30700                              Options.wal_filter: None
2019/10/17-14:56:01.574462 7fbc2cd30700             Options.avoid_flush_during_recovery: 0
2019/10/17-14:56:01.574462 7fbc2cd30700             Options.allow_ingest_behind: 0
2019/10/17-14:56:01.574463 7fbc2cd30700             Options.preserve_deletes: 0
2019/10/17-14:56:01.574464 7fbc2cd30700             Options.two_write_queues: 0
2019/10/17-14:56:01.574464 7fbc2cd30700             Options.manual_wal_flush: 0
2019/10/17-14:56:01.574465 7fbc2cd30700             Options.max_background_jobs: 2
2019/10/17-14:56:01.574466 7fbc2cd30700             Options.max_background_compactions: -1
2019/10/17-14:56:01.574466 7fbc2cd30700             Options.avoid_flush_during_shutdown: 0
2019/10/17-14:56:01.574467 7fbc2cd30700           Options.writable_file_max_buffer_size: 1048576
2019/10/17-14:56:01.574468 7fbc2cd30700             Options.delayed_write_rate : 16777216
2019/10/17-14:56:01.574468 7fbc2cd30700             Options.max_total_wal_size: 0
2019/10/17-14:56:01.574469 7fbc2cd30700             Options.delete_obsolete_files_period_micros: 21600000000
2019/10/17-14:56:01.574470 7fbc2cd30700                   Options.stats_dump_period_sec: 600
2019/10/17-14:56:01.574470 7fbc2cd30700                          Options.max_open_files: -1
2019/10/17-14:56:01.574471 7fbc2cd30700                          Options.bytes_per_sync: 0
2019/10/17-14:56:01.574472 7fbc2cd30700                      Options.wal_bytes_per_sync: 0
2019/10/17-14:56:01.574472 7fbc2cd30700       Options.compaction_readahead_size: 0
2019/10/17-14:56:01.574473 7fbc2cd30700 Compression algorithms supported:
2019/10/17-14:56:01.574474 7fbc2cd30700 	kZSTDNotFinalCompression supported: 0
2019/10/17-14:56:01.574475 7fbc2cd30700 	kZSTD supported: 0
2019/10/17-14:56:01.574476 7fbc2cd30700 	kXpressCompression supported: 0
2019/10/17-14:56:01.574477 7fbc2cd30700 	kLZ4HCCompression supported: 0
2019/10/17-14:56:01.574477 7fbc2cd30700 	kLZ4Compression supported: 0
2019/10/17-14:56:01.574478 7fbc2cd30700 	kBZip2Compression supported: 0
2019/10/17-14:56:01.574479 7fbc2cd30700 	kZlibCompression supported: 0
2019/10/17-14:56:01.574479 7fbc2cd30700 	kSnappyCompression supported: 0
2019/10/17-14:56:01.574481 7fbc2cd30700 Fast CRC32 supported: Supported on x86
2019/10/17-14:56:01.574561 7fbc2cd30700 [db/version_set.cc:3507] Recovering from manifest file: MANIFEST-116677
2019/10/17-14:56:01.574590 7fbc2cd30700 [db/column_family.cc:472] --------------- Options for column family [default]:
2019/10/17-14:56:01.574592 7fbc2cd30700               Options.comparator: leveldb.BytewiseComparator
2019/10/17-14:56:01.574593 7fbc2cd30700           Options.merge_operator: None
2019/10/17-14:56:01.574594 7fbc2cd30700        Options.compaction_filter: None
2019/10/17-14:56:01.574594 7fbc2cd30700        Options.compaction_filter_factory: None
2019/10/17-14:56:01.574595 7fbc2cd30700         Options.memtable_factory: SkipListFactory
2019/10/17-14:56:01.574596 7fbc2cd30700            Options.table_factory: BlockBasedTable
2019/10/17-14:56:01.574609 7fbc2cd30700            table_factory options:   flush_block_policy_factory: FlushBlockBySizePolicyFactory (0x7fbbb8451a10)
  cache_index_and_filter_blocks: 0
  cache_index_and_filter_blocks_with_high_priority: 0
  pin_l0_filter_and_index_blocks_in_cache: 0
  pin_top_level_index_and_filter: 1
  index_type: 0
  hash_index_allow_collision: 1
  checksum: 1
  no_block_cache: 0
  block_cache: 0x7fbbb8105bb0
  block_cache_name: LRUCache
  block_cache_options:
    capacity : 8388608
    num_shard_bits : 4
    strict_capacity_limit : 0
    memory_allocator : None
    high_pri_pool_ratio: 0.000
  block_cache_compressed: (nil)
  persistent_cache: (nil)
  block_size: 4096
  block_size_deviation: 10
  block_restart_interval: 16
  index_block_restart_interval: 1
  metadata_block_size: 4096
  partition_filters: 0
  use_delta_encoding: 1
  filter_policy: nullptr
  whole_key_filtering: 1
  verify_compression: 0
  read_amp_bytes_per_bit: 0
  format_version: 2
  enable_index_compression: 1
  block_align: 0
2019/10/17-14:56:01.574617 7fbc2cd30700        Options.write_buffer_size: 67108864
2019/10/17-14:56:01.574618 7fbc2cd30700  Options.max_write_buffer_number: 2
2019/10/17-14:56:01.574619 7fbc2cd30700          Options.compression: NoCompression
2019/10/17-14:56:01.574620 7fbc2cd30700                  Options.bottommost_compression: Disabled
2019/10/17-14:56:01.574620 7fbc2cd30700       Options.prefix_extractor: nullptr
2019/10/17-14:56:01.574621 7fbc2cd30700   Options.memtable_insert_with_hint_prefix_extractor: nullptr
2019/10/17-14:56:01.574622 7fbc2cd30700             Options.num_levels: 7
2019/10/17-14:56:01.574622 7fbc2cd30700        Options.min_write_buffer_number_to_merge: 1
2019/10/17-14:56:01.574623 7fbc2cd30700     Options.max_write_buffer_number_to_maintain: 0
2019/10/17-14:56:01.574624 7fbc2cd30700            Options.bottommost_compression_opts.window_bits: -14
2019/10/17-14:56:01.574624 7fbc2cd30700                  Options.bottommost_compression_opts.level: 32767
2019/10/17-14:56:01.574625 7fbc2cd30700               Options.bottommost_compression_opts.strategy: 0
2019/10/17-14:56:01.574626 7fbc2cd30700         Options.bottommost_compression_opts.max_dict_bytes: 0
2019/10/17-14:56:01.574626 7fbc2cd30700         Options.bottommost_compression_opts.zstd_max_train_bytes: 0
2019/10/17-14:56:01.574627 7fbc2cd30700                  Options.bottommost_compression_opts.enabled: false
2019/10/17-14:56:01.574628 7fbc2cd30700            Options.compression_opts.window_bits: -14
2019/10/17-14:56:01.574629 7fbc2cd30700                  Options.compression_opts.level: 32767
2019/10/17-14:56:01.574629 7fbc2cd30700               Options.compression_opts.strategy: 0
2019/10/17-14:56:01.574630 7fbc2cd30700         Options.compression_opts.max_dict_bytes: 0
2019/10/17-14:56:01.574631 7fbc2cd30700         Options.compression_opts.zstd_max_train_bytes: 0
2019/10/17-14:56:01.574631 7fbc2cd30700                  Options.compression_opts.enabled: false
2019/10/17-14:56:01.574632 7fbc2cd30700      Options.level0_file_num_compaction_trigger: 4
2019/10/17-14:56:01.574633 7fbc2cd30700          Options.level0_slowdown_writes_trigger: 20
2019/10/17-14:56:01.574633 7fbc2cd30700              Options.level0_stop_writes_trigger: 36
2019/10/17-14:56:01.574634 7fbc2cd30700                   Options.target_file_size_base: 67108864
2019/10/17-14:56:01.574635 7fbc2cd30700             Options.target_file_size_multiplier: 1
2019/10/17-14:56:01.574635 7fbc2cd30700                Options.max_bytes_for_level_base: 268435456
2019/10/17-14:56:01.574636 7fbc2cd30700 Options.level_compaction_dynamic_level_bytes: 0
2019/10/17-14:56:01.574637 7fbc2cd30700          Options.max_bytes_for_level_multiplier: 10.000000
2019/10/17-14:56:01.574639 7fbc2cd30700 Options.max_bytes_for_level_multiplier_addtl[0]: 1
2019/10/17-14:56:01.574639 7fbc2cd30700 Options.max_bytes_for_level_multiplier_addtl[1]: 1
2019/10/17-14:56:01.574640 7fbc2cd30700 Options.max_bytes_for_level_multiplier_addtl[2]: 1
2019/10/17-14:56:01.574641 7fbc2cd30700 Options.max_bytes_for_level_multiplier_addtl[3]: 1
2019/10/17-14:56:01.574641 7fbc2cd30700 Options.max_bytes_for_level_multiplier_addtl[4]: 1
2019/10/17-14:56:01.574646 7fbc2cd30700 Options.max_bytes_for_level_multiplier_addtl[5]: 1
2019/10/17-14:56:01.574647 7fbc2cd30700 Options.max_bytes_for_level_multiplier_addtl[6]: 1
2019/10/17-14:56:01.574647 7fbc2cd30700       Options.max_sequential_skip_in_iterations: 8
2019/10/17-14:56:01.574648 7fbc2cd30700                    Options.max_compaction_bytes: 1677721600
2019/10/17-14:56:01.574649 7fbc2cd30700                        Options.arena_block_size: 8388608
2019/10/17-14:56:01.574650 7fbc2cd30700   Options.soft_pending_compaction_bytes_limit: 68719476736
2019/10/17-14:56:01.574650 7fbc2cd30700   Options.hard_pending_compaction_bytes_limit: 274877906944
2019/10/17-14:56:01.574651 7fbc2cd30700       Options.rate_limit_delay_max_milliseconds: 100
2019/10/17-14:56:01.574652 7fbc2cd30700                Options.disable_auto_compactions: 0
2019/10/17-14:56:01.574653 7fbc2cd30700                        Options.compaction_style: kCompactionStyleLevel
2019/10/17-14:56:01.574654 7fbc2cd30700                          Options.compaction_pri: kByCompensatedSize
2019/10/17-14:56:01.574654 7fbc2cd30700 Options.compaction_options_universal.size_ratio: 1
2019/10/17-14:56:01.574655 7fbc2cd30700 Options.compaction_options_universal.min_merge_width: 2
2019/10/17-14:56:01.574656 7fbc2cd30700 Options.compaction_options_universal.max_merge_width: 4294967295
2019/10/17-14:56:01.574657 7fbc2cd30700 Options.compaction_options_universal.max_size_amplification_percent: 200
2019/10/17-14:56:01.574657 7fbc2cd30700 Options.compaction_options_universal.compression_size_percent: -1
2019/10/17-14:56:01.574658 7fbc2cd30700 Options.compaction_options_universal.stop_style: kCompactionStopStyleTotalSize
2019/10/17-14:56:01.574659 7fbc2cd30700 Options.compaction_options_fifo.max_table_files_size: 1073741824
2019/10/17-14:56:01.574660 7fbc2cd30700 Options.compaction_options_fifo.allow_compaction: 0
2019/10/17-14:56:01.574660 7fbc2cd30700 Options.compaction_options_fifo.ttl: 0
2019/10/17-14:56:01.574661 7fbc2cd30700                   Options.table_properties_collectors: 
2019/10/17-14:56:01.574662 7fbc2cd30700                   Options.inplace_update_support: 0
2019/10/17-14:56:01.574662 7fbc2cd30700                 Options.inplace_update_num_locks: 10000
2019/10/17-14:56:01.574663 7fbc2cd30700               Options.memtable_prefix_bloom_size_ratio: 0.000000
2019/10/17-14:56:01.574664 7fbc2cd30700   Options.memtable_huge_page_size: 0
2019/10/17-14:56:01.574665 7fbc2cd30700                           Options.bloom_locality: 0
2019/10/17-14:56:01.574666 7fbc2cd30700                    Options.max_successive_merges: 0
2019/10/17-14:56:01.574666 7fbc2cd30700                Options.optimize_filters_for_hits: 0
2019/10/17-14:56:01.574667 7fbc2cd30700                Options.paranoid_file_checks: 0
2019/10/17-14:56:01.574668 7fbc2cd30700                Options.force_consistency_checks: 0
2019/10/17-14:56:01.574668 7fbc2cd30700                Options.report_bg_io_stats: 0
2019/10/17-14:56:01.574669 7fbc2cd30700                               Options.ttl: 0
2019/10/17-14:56:01.574694 7fbc2cd30700 [db/column_family.cc:472] --------------- Options for column family [active_gateways]:
2019/10/17-14:56:01.574695 7fbc2cd30700               Options.comparator: leveldb.BytewiseComparator
2019/10/17-14:56:01.574696 7fbc2cd30700           Options.merge_operator: None
2019/10/17-14:56:01.574696 7fbc2cd30700        Options.compaction_filter: None
2019/10/17-14:56:01.574697 7fbc2cd30700        Options.compaction_filter_factory: None
2019/10/17-14:56:01.574698 7fbc2cd30700         Options.memtable_factory: SkipListFactory
2019/10/17-14:56:01.574698 7fbc2cd30700            Options.table_factory: BlockBasedTable
2019/10/17-14:56:01.574708 7fbc2cd30700            table_factory options:   flush_block_policy_factory: FlushBlockBySizePolicyFactory (0x7fbbb80224e0)
  cache_index_and_filter_blocks: 0
  cache_index_and_filter_blocks_with_high_priority: 0
  pin_l0_filter_and_index_blocks_in_cache: 0
  pin_top_level_index_and_filter: 1
  index_type: 0
  hash_index_allow_collision: 1
  checksum: 1
  no_block_cache: 0
  block_cache: 0x7fbbb808c310
  block_cache_name: LRUCache
  block_cache_options:
    capacity : 8388608
    num_shard_bits : 4
    strict_capacity_limit : 0
    memory_allocator : None
    high_pri_pool_ratio: 0.000
  block_cache_compressed: (nil)
  persistent_cache: (nil)
  block_size: 4096
  block_size_deviation: 10
  block_restart_interval: 16
  index_block_restart_interval: 1
  metadata_block_size: 4096
  partition_filters: 0
  use_delta_encoding: 1
  filter_policy: nullptr
  whole_key_filtering: 1
  verify_compression: 0
  read_amp_bytes_per_bit: 0
  format_version: 2
  enable_index_compression: 1
  block_align: 0
2019/10/17-14:56:01.574714 7fbc2cd30700        Options.write_buffer_size: 67108864
2019/10/17-14:56:01.574715 7fbc2cd30700  Options.max_write_buffer_number: 2
2019/10/17-14:56:01.574715 7fbc2cd30700          Options.compression: NoCompression
2019/10/17-14:56:01.574716 7fbc2cd30700                  Options.bottommost_compression: Disabled
2019/10/17-14:56:01.574717 7fbc2cd30700       Options.prefix_extractor: nullptr
2019/10/17-14:56:01.574717 7fbc2cd30700   Options.memtable_insert_with_hint_prefix_extractor: nullptr
2019/10/17-14:56:01.574718 7fbc2cd30700             Options.num_levels: 7
2019/10/17-14:56:01.574719 7fbc2cd30700        Options.min_write_buffer_number_to_merge: 1
2019/10/17-14:56:01.574719 7fbc2cd30700     Options.max_write_buffer_number_to_maintain: 0
2019/10/17-14:56:01.574720 7fbc2cd30700            Options.bottommost_compression_opts.window_bits: -14
2019/10/17-14:56:01.574721 7fbc2cd30700                  Options.bottommost_compression_opts.level: 32767
2019/10/17-14:56:01.574721 7fbc2cd30700               Options.bottommost_compression_opts.strategy: 0
2019/10/17-14:56:01.574722 7fbc2cd30700         Options.bottommost_compression_opts.max_dict_bytes: 0
2019/10/17-14:56:01.574723 7fbc2cd30700         Options.bottommost_compression_opts.zstd_max_train_bytes: 0
2019/10/17-14:56:01.574723 7fbc2cd30700                  Options.bottommost_compression_opts.enabled: false
2019/10/17-14:56:01.574724 7fbc2cd30700            Options.compression_opts.window_bits: -14
2019/10/17-14:56:01.574725 7fbc2cd30700                  Options.compression_opts.level: 32767
2019/10/17-14:56:01.574725 7fbc2cd30700               Options.compression_opts.strategy: 0
2019/10/17-14:56:01.574726 7fbc2cd30700         Options.compression_opts.max_dict_bytes: 0
2019/10/17-14:56:01.574727 7fbc2cd30700         Options.compression_opts.zstd_max_train_bytes: 0
2019/10/17-14:56:01.574727 7fbc2cd30700                  Options.compression_opts.enabled: false
2019/10/17-14:56:01.574728 7fbc2cd30700      Options.level0_file_num_compaction_trigger: 4
2019/10/17-14:56:01.574729 7fbc2cd30700          Options.level0_slowdown_writes_trigger: 20
2019/10/17-14:56:01.574729 7fbc2cd30700              Options.level0_stop_writes_trigger: 36
2019/10/17-14:56:01.574730 7fbc2cd30700                   Options.target_file_size_base: 67108864
2019/10/17-14:56:01.574731 7fbc2cd30700             Options.target_file_size_multiplier: 1
2019/10/17-14:56:01.574731 7fbc2cd30700                Options.max_bytes_for_level_base: 268435456
2019/10/17-14:56:01.574732 7fbc2cd30700 Options.level_compaction_dynamic_level_bytes: 0
2019/10/17-14:56:01.574733 7fbc2cd30700          Options.max_bytes_for_level_multiplier: 10.000000
2019/10/17-14:56:01.574734 7fbc2cd30700 Options.max_bytes_for_level_multiplier_addtl[0]: 1
2019/10/17-14:56:01.574735 7fbc2cd30700 Options.max_bytes_for_level_multiplier_addtl[1]: 1
2019/10/17-14:56:01.574735 7fbc2cd30700 Options.max_bytes_for_level_multiplier_addtl[2]: 1
2019/10/17-14:56:01.574736 7fbc2cd30700 Options.max_bytes_for_level_multiplier_addtl[3]: 1
2019/10/17-14:56:01.574737 7fbc2cd30700 Options.max_bytes_for_level_multiplier_addtl[4]: 1
2019/10/17-14:56:01.574737 7fbc2cd30700 Options.max_bytes_for_level_multiplier_addtl[5]: 1
2019/10/17-14:56:01.574738 7fbc2cd30700 Options.max_bytes_for_level_multiplier_addtl[6]: 1
2019/10/17-14:56:01.574739 7fbc2cd30700       Options.max_sequential_skip_in_iterations: 8
2019/10/17-14:56:01.574743 7fbc2cd30700                    Options.max_compaction_bytes: 1677721600
2019/10/17-14:56:01.574744 7fbc2cd30700                        Options.arena_block_size: 8388608
2019/10/17-14:56:01.574744 7fbc2cd30700   Options.soft_pending_compaction_bytes_limit: 68719476736
2019/10/17-14:56:01.574745 7fbc2cd30700   Options.hard_pending_compaction_bytes_limit: 274877906944
2019/10/17-14:56:01.574746 7fbc2cd30700       Options.rate_limit_delay_max_milliseconds: 100
2019/10/17-14:56:01.574746 7fbc2cd30700                Options.disable_auto_compactions: 0
2019/10/17-14:56:01.574747 7fbc2cd30700                        Options.compaction_style: kCompactionStyleLevel
2019/10/17-14:56:01.574748 7fbc2cd30700                          Options.compaction_pri: kByCompensatedSize
2019/10/17-14:56:01.574749 7fbc2cd30700 Options.compaction_options_universal.size_ratio: 1
2019/10/17-14:56:01.574749 7fbc2cd30700 Options.compaction_options_universal.min_merge_width: 2
2019/10/17-14:56:01.574750 7fbc2cd30700 Options.compaction_options_universal.max_merge_width: 4294967295
2019/10/17-14:56:01.574751 7fbc2cd30700 Options.compaction_options_universal.max_size_amplification_percent: 200
2019/10/17-14:56:01.574751 7fbc2cd30700 Options.compaction_options_universal.compression_size_percent: -1
2019/10/17-14:56:01.574752 7fbc2cd30700 Options.compaction_options_universal.stop_style: kCompactionStopStyleTotalSize
2019/10/17-14:56:01.574753 7fbc2cd30700 Options.compaction_options_fifo.max_table_files_size: 1073741824
2019/10/17-14:56:01.574754 7fbc2cd30700 Options.compaction_options_fifo.allow_compaction: 0
2019/10/17-14:56:01.574754 7fbc2cd30700 Options.compaction_options_fifo.ttl: 0
2019/10/17-14:56:01.574755 7fbc2cd30700                   Options.table_properties_collectors: 
2019/10/17-14:56:01.574756 7fbc2cd30700                   Options.inplace_update_support: 0
2019/10/17-14:56:01.574756 7fbc2cd30700                 Options.inplace_update_num_locks: 10000
2019/10/17-14:56:01.574757 7fbc2cd30700               Options.memtable_prefix_bloom_size_ratio: 0.000000
2019/10/17-14:56:01.574758 7fbc2cd30700   Options.memtable_huge_page_size: 0
2019/10/17-14:56:01.574759 7fbc2cd30700                           Options.bloom_locality: 0
2019/10/17-14:56:01.574759 7fbc2cd30700                    Options.max_successive_merges: 0
2019/10/17-14:56:01.574760 7fbc2cd30700                Options.optimize_filters_for_hits: 0
2019/10/17-14:56:01.574761 7fbc2cd30700                Options.paranoid_file_checks: 0
2019/10/17-14:56:01.574761 7fbc2cd30700                Options.force_consistency_checks: 0
2019/10/17-14:56:01.574762 7fbc2cd30700                Options.report_bg_io_stats: 0
2019/10/17-14:56:01.574763 7fbc2cd30700                               Options.ttl: 0
2019/10/17-14:56:01.574777 7fbc2cd30700 [db/column_family.cc:472] --------------- Options for column family [entries]:
2019/10/17-14:56:01.574778 7fbc2cd30700               Options.comparator: leveldb.BytewiseComparator
2019/10/17-14:56:01.574778 7fbc2cd30700           Options.merge_operator: None
2019/10/17-14:56:01.574779 7fbc2cd30700        Options.compaction_filter: None
2019/10/17-14:56:01.574780 7fbc2cd30700        Options.compaction_filter_factory: None
2019/10/17-14:56:01.574780 7fbc2cd30700         Options.memtable_factory: SkipListFactory
2019/10/17-14:56:01.574781 7fbc2cd30700            Options.table_factory: BlockBasedTable
2019/10/17-14:56:01.574790 7fbc2cd30700            table_factory options:   flush_block_policy_factory: FlushBlockBySizePolicyFactory (0x7fbbb8022180)
  cache_index_and_filter_blocks: 0
  cache_index_and_filter_blocks_with_high_priority: 0
  pin_l0_filter_and_index_blocks_in_cache: 0
  pin_top_level_index_and_filter: 1
  index_type: 0
  hash_index_allow_collision: 1
  checksum: 1
  no_block_cache: 0
  block_cache: 0x7fbbb807a1f0
  block_cache_name: LRUCache
  block_cache_options:
    capacity : 8388608
    num_shard_bits : 4
    strict_capacity_limit : 0
    memory_allocator : None
    high_pri_pool_ratio: 0.000
  block_cache_compressed: (nil)
  persistent_cache: (nil)
  block_size: 4096
  block_size_deviation: 10
  block_restart_interval: 16
  index_block_restart_interval: 1
  metadata_block_size: 4096
  partition_filters: 0
  use_delta_encoding: 1
  filter_policy: nullptr
  whole_key_filtering: 1
  verify_compression: 0
  read_amp_bytes_per_bit: 0
  format_version: 2
  enable_index_compression: 1
  block_align: 0
2019/10/17-14:56:01.574795 7fbc2cd30700        Options.write_buffer_size: 67108864
2019/10/17-14:56:01.574796 7fbc2cd30700  Options.max_write_buffer_number: 2
2019/10/17-14:56:01.574797 7fbc2cd30700          Options.compression: NoCompression
2019/10/17-14:56:01.574798 7fbc2cd30700                  Options.bottommost_compression: Disabled
2019/10/17-14:56:01.574798 7fbc2cd30700       Options.prefix_extractor: nullptr
2019/10/17-14:56:01.574799 7fbc2cd30700   Options.memtable_insert_with_hint_prefix_extractor: nullptr
2019/10/17-14:56:01.574800 7fbc2cd30700             Options.num_levels: 7
2019/10/17-14:56:01.574800 7fbc2cd30700        Options.min_write_buffer_number_to_merge: 1
2019/10/17-14:56:01.574801 7fbc2cd30700     Options.max_write_buffer_number_to_maintain: 0
2019/10/17-14:56:01.574802 7fbc2cd30700            Options.bottommost_compression_opts.window_bits: -14
2019/10/17-14:56:01.574802 7fbc2cd30700                  Options.bottommost_compression_opts.level: 32767
2019/10/17-14:56:01.574803 7fbc2cd30700               Options.bottommost_compression_opts.strategy: 0
2019/10/17-14:56:01.574804 7fbc2cd30700         Options.bottommost_compression_opts.max_dict_bytes: 0
2019/10/17-14:56:01.574804 7fbc2cd30700         Options.bottommost_compression_opts.zstd_max_train_bytes: 0
2019/10/17-14:56:01.574805 7fbc2cd30700                  Options.bottommost_compression_opts.enabled: false
2019/10/17-14:56:01.574806 7fbc2cd30700            Options.compression_opts.window_bits: -14
2019/10/17-14:56:01.574806 7fbc2cd30700                  Options.compression_opts.level: 32767
2019/10/17-14:56:01.574807 7fbc2cd30700               Options.compression_opts.strategy: 0
2019/10/17-14:56:01.574808 7fbc2cd30700         Options.compression_opts.max_dict_bytes: 0
2019/10/17-14:56:01.574808 7fbc2cd30700         Options.compression_opts.zstd_max_train_bytes: 0
2019/10/17-14:56:01.574809 7fbc2cd30700                  Options.compression_opts.enabled: false
2019/10/17-14:56:01.574810 7fbc2cd30700      Options.level0_file_num_compaction_trigger: 4
2019/10/17-14:56:01.574810 7fbc2cd30700          Options.level0_slowdown_writes_trigger: 20
2019/10/17-14:56:01.574811 7fbc2cd30700              Options.level0_stop_writes_trigger: 36
2019/10/17-14:56:01.574812 7fbc2cd30700                   Options.target_file_size_base: 67108864
2019/10/17-14:56:01.574812 7fbc2cd30700             Options.target_file_size_multiplier: 1
2019/10/17-14:56:01.574813 7fbc2cd30700                Options.max_bytes_for_level_base: 268435456
2019/10/17-14:56:01.574814 7fbc2cd30700 Options.level_compaction_dynamic_level_bytes: 0
2019/10/17-14:56:01.574814 7fbc2cd30700          Options.max_bytes_for_level_multiplier: 10.000000
2019/10/17-14:56:01.574815 7fbc2cd30700 Options.max_bytes_for_level_multiplier_addtl[0]: 1
2019/10/17-14:56:01.574816 7fbc2cd30700 Options.max_bytes_for_level_multiplier_addtl[1]: 1
2019/10/17-14:56:01.574817 7fbc2cd30700 Options.max_bytes_for_level_multiplier_addtl[2]: 1
2019/10/17-14:56:01.574817 7fbc2cd30700 Options.max_bytes_for_level_multiplier_addtl[3]: 1
2019/10/17-14:56:01.574818 7fbc2cd30700 Options.max_bytes_for_level_multiplier_addtl[4]: 1
2019/10/17-14:56:01.574819 7fbc2cd30700 Options.max_bytes_for_level_multiplier_addtl[5]: 1
2019/10/17-14:56:01.574819 7fbc2cd30700 Options.max_bytes_for_level_multiplier_addtl[6]: 1
2019/10/17-14:56:01.574820 7fbc2cd30700       Options.max_sequential_skip_in_iterations: 8
2019/10/17-14:56:01.574821 7fbc2cd30700                    Options.max_compaction_bytes: 1677721600
2019/10/17-14:56:01.574821 7fbc2cd30700                        Options.arena_block_size: 8388608
2019/10/17-14:56:01.574822 7fbc2cd30700   Options.soft_pending_compaction_bytes_limit: 68719476736
2019/10/17-14:56:01.574826 7fbc2cd30700   Options.hard_pending_compaction_bytes_limit: 274877906944
2019/10/17-14:56:01.574827 7fbc2cd30700       Options.rate_limit_delay_max_milliseconds: 100
2019/10/17-14:56:01.574827 7fbc2cd30700                Options.disable_auto_compactions: 0
2019/10/17-14:56:01.574828 7fbc2cd30700                        Options.compaction_style: kCompactionStyleLevel
2019/10/17-14:56:01.574829 7fbc2cd30700                          Options.compaction_pri: kByCompensatedSize
2019/10/17-14:56:01.574830 7fbc2cd30700 Options.compaction_options_universal.size_ratio: 1
2019/10/17-14:56:01.574830 7fbc2cd30700 Options.compaction_options_universal.min_merge_width: 2
2019/10/17-14:56:01.574831 7fbc2cd30700 Options.compaction_options_universal.max_merge_width: 4294967295
2019/10/17-14:56:01.574832 7fbc2cd30700 Options.compaction_options_universal.max_size_amplification_percent: 200
2019/10/17-14:56:01.574832 7fbc2cd30700 Options.compaction_options_universal.compression_size_percent: -1
2019/10/17-14:56:01.574833 7fbc2cd30700 Options.compaction_options_universal.stop_style: kCompactionStopStyleTotalSize
2019/10/17-14:56:01.574834 7fbc2cd30700 Options.compaction_options_fifo.max_table_files_size: 1073741824
2019/10/17-14:56:01.574835 7fbc2cd30700 Options.compaction_options_fifo.allow_compaction: 0
2019/10/17-14:56:01.574835 7fbc2cd30700 Options.compaction_options_fifo.ttl: 0
2019/10/17-14:56:01.574836 7fbc2cd30700                   Options.table_properties_collectors: 
2019/10/17-14:56:01.574837 7fbc2cd30700                   Options.inplace_update_support: 0
2019/10/17-14:56:01.574837 7fbc2cd30700                 Options.inplace_update_num_locks: 10000
2019/10/17-14:56:01.574838 7fbc2cd30700               Options.memtable_prefix_bloom_size_ratio: 0.000000
2019/10/17-14:56:01.574839 7fbc2cd30700   Options.memtable_huge_page_size: 0
2019/10/17-14:56:01.574840 7fbc2cd30700                           Options.bloom_locality: 0
2019/10/17-14:56:01.574840 7fbc2cd30700                    Options.max_successive_merges: 0
2019/10/17-14:56:01.574841 7fbc2cd30700                Options.optimize_filters_for_hits: 0
2019/10/17-14:56:01.574842 7fbc2cd30700                Options.paranoid_file_checks: 0
2019/10/17-14:56:01.574842 7fbc2cd30700                Options.force_consistency_checks: 0
2019/10/17-14:56:01.574843 7fbc2cd30700                Options.report_bg_io_stats: 0
2019/10/17-14:56:01.574843 7fbc2cd30700                               Options.ttl: 0
2019/10/17-14:56:01.574856 7fbc2cd30700 [db/column_family.cc:472] --------------- Options for column family [dc_entries]:
2019/10/17-14:56:01.574857 7fbc2cd30700               Options.comparator: leveldb.BytewiseComparator
2019/10/17-14:56:01.574858 7fbc2cd30700           Options.merge_operator: None
2019/10/17-14:56:01.574858 7fbc2cd30700        Options.compaction_filter: None
2019/10/17-14:56:01.574859 7fbc2cd30700        Options.compaction_filter_factory: None
2019/10/17-14:56:01.574860 7fbc2cd30700         Options.memtable_factory: SkipListFactory
2019/10/17-14:56:01.574860 7fbc2cd30700            Options.table_factory: BlockBasedTable
2019/10/17-14:56:01.574868 7fbc2cd30700            table_factory options:   flush_block_policy_factory: FlushBlockBySizePolicyFactory (0x7fbbb8092af0)
  cache_index_and_filter_blocks: 0
  cache_index_and_filter_blocks_with_high_priority: 0
  pin_l0_filter_and_index_blocks_in_cache: 0
  pin_top_level_index_and_filter: 1
  index_type: 0
  hash_index_allow_collision: 1
  checksum: 1
  no_block_cache: 0
  block_cache: 0x7fbbb8022da0
  block_cache_name: LRUCache
  block_cache_options:
    capacity : 8388608
    num_shard_bits : 4
    strict_capacity_limit : 0
    memory_allocator : None
    high_pri_pool_ratio: 0.000
  block_cache_compressed: (nil)
  persistent_cache: (nil)
  block_size: 4096
  block_size_deviation: 10
  block_restart_interval: 16
  index_block_restart_interval: 1
  metadata_block_size: 4096
  partition_filters: 0
  use_delta_encoding: 1
  filter_policy: nullptr
  whole_key_filtering: 1
  verify_compression: 0
  read_amp_bytes_per_bit: 0
  format_version: 2
  enable_index_compression: 1
  block_align: 0
2019/10/17-14:56:01.574874 7fbc2cd30700        Options.write_buffer_size: 67108864
2019/10/17-14:56:01.574875 7fbc2cd30700  Options.max_write_buffer_number: 2
2019/10/17-14:56:01.574875 7fbc2cd30700          Options.compression: NoCompression
2019/10/17-14:56:01.574876 7fbc2cd30700                  Options.bottommost_compression: Disabled
2019/10/17-14:56:01.574877 7fbc2cd30700       Options.prefix_extractor: nullptr
2019/10/17-14:56:01.574877 7fbc2cd30700   Options.memtable_insert_with_hint_prefix_extractor: nullptr
2019/10/17-14:56:01.574878 7fbc2cd30700             Options.num_levels: 7
2019/10/17-14:56:01.574878 7fbc2cd30700        Options.min_write_buffer_number_to_merge: 1
2019/10/17-14:56:01.574879 7fbc2cd30700     Options.max_write_buffer_number_to_maintain: 0
2019/10/17-14:56:01.574880 7fbc2cd30700            Options.bottommost_compression_opts.window_bits: -14
2019/10/17-14:56:01.574881 7fbc2cd30700                  Options.bottommost_compression_opts.level: 32767
2019/10/17-14:56:01.574881 7fbc2cd30700               Options.bottommost_compression_opts.strategy: 0
2019/10/17-14:56:01.574882 7fbc2cd30700         Options.bottommost_compression_opts.max_dict_bytes: 0
2019/10/17-14:56:01.574882 7fbc2cd30700         Options.bottommost_compression_opts.zstd_max_train_bytes: 0
2019/10/17-14:56:01.574883 7fbc2cd30700                  Options.bottommost_compression_opts.enabled: false
2019/10/17-14:56:01.574884 7fbc2cd30700            Options.compression_opts.window_bits: -14
2019/10/17-14:56:01.574884 7fbc2cd30700                  Options.compression_opts.level: 32767
2019/10/17-14:56:01.574885 7fbc2cd30700               Options.compression_opts.strategy: 0
2019/10/17-14:56:01.574886 7fbc2cd30700         Options.compression_opts.max_dict_bytes: 0
2019/10/17-14:56:01.574886 7fbc2cd30700         Options.compression_opts.zstd_max_train_bytes: 0
2019/10/17-14:56:01.574887 7fbc2cd30700                  Options.compression_opts.enabled: false
2019/10/17-14:56:01.574888 7fbc2cd30700      Options.level0_file_num_compaction_trigger: 4
2019/10/17-14:56:01.574888 7fbc2cd30700          Options.level0_slowdown_writes_trigger: 20
2019/10/17-14:56:01.574889 7fbc2cd30700              Options.level0_stop_writes_trigger: 36
2019/10/17-14:56:01.574890 7fbc2cd30700                   Options.target_file_size_base: 67108864
2019/10/17-14:56:01.574890 7fbc2cd30700             Options.target_file_size_multiplier: 1
2019/10/17-14:56:01.574891 7fbc2cd30700                Options.max_bytes_for_level_base: 268435456
2019/10/17-14:56:01.574892 7fbc2cd30700 Options.level_compaction_dynamic_level_bytes: 0
2019/10/17-14:56:01.574892 7fbc2cd30700          Options.max_bytes_for_level_multiplier: 10.000000
2019/10/17-14:56:01.574893 7fbc2cd30700 Options.max_bytes_for_level_multiplier_addtl[0]: 1
2019/10/17-14:56:01.574894 7fbc2cd30700 Options.max_bytes_for_level_multiplier_addtl[1]: 1
2019/10/17-14:56:01.574895 7fbc2cd30700 Options.max_bytes_for_level_multiplier_addtl[2]: 1
2019/10/17-14:56:01.574896 7fbc2cd30700 Options.max_bytes_for_level_multiplier_addtl[3]: 1
2019/10/17-14:56:01.574896 7fbc2cd30700 Options.max_bytes_for_level_multiplier_addtl[4]: 1
2019/10/17-14:56:01.574897 7fbc2cd30700 Options.max_bytes_for_level_multiplier_addtl[5]: 1
2019/10/17-14:56:01.574898 7fbc2cd30700 Options.max_bytes_for_level_multiplier_addtl[6]: 1
2019/10/17-14:56:01.574898 7fbc2cd30700       Options.max_sequential_skip_in_iterations: 8
2019/10/17-14:56:01.574899 7fbc2cd30700                    Options.max_compaction_bytes: 1677721600
2019/10/17-14:56:01.574900 7fbc2cd30700                        Options.arena_block_size: 8388608
2019/10/17-14:56:01.574900 7fbc2cd30700   Options.soft_pending_compaction_bytes_limit: 68719476736
2019/10/17-14:56:01.574901 7fbc2cd30700   Options.hard_pending_compaction_bytes_limit: 274877906944
2019/10/17-14:56:01.574902 7fbc2cd30700       Options.rate_limit_delay_max_milliseconds: 100
2019/10/17-14:56:01.574902 7fbc2cd30700                Options.disable_auto_compactions: 0
2019/10/17-14:56:01.574906 7fbc2cd30700                        Options.compaction_style: kCompactionStyleLevel
2019/10/17-14:56:01.574907 7fbc2cd30700                          Options.compaction_pri: kByCompensatedSize
2019/10/17-14:56:01.574908 7fbc2cd30700 Options.compaction_options_universal.size_ratio: 1
2019/10/17-14:56:01.574909 7fbc2cd30700 Options.compaction_options_universal.min_merge_width: 2
2019/10/17-14:56:01.574910 7fbc2cd30700 Options.compaction_options_universal.max_merge_width: 4294967295
2019/10/17-14:56:01.574910 7fbc2cd30700 Options.compaction_options_universal.max_size_amplification_percent: 200
2019/10/17-14:56:01.574911 7fbc2cd30700 Options.compaction_options_universal.compression_size_percent: -1
2019/10/17-14:56:01.574912 7fbc2cd30700 Options.compaction_options_universal.stop_style: kCompactionStopStyleTotalSize
2019/10/17-14:56:01.574912 7fbc2cd30700 Options.compaction_options_fifo.max_table_files_size: 1073741824
2019/10/17-14:56:01.574913 7fbc2cd30700 Options.compaction_options_fifo.allow_compaction: 0
2019/10/17-14:56:01.574914 7fbc2cd30700 Options.compaction_options_fifo.ttl: 0
2019/10/17-14:56:01.574914 7fbc2cd30700                   Options.table_properties_collectors: 
2019/10/17-14:56:01.574915 7fbc2cd30700                   Options.inplace_update_support: 0
2019/10/17-14:56:01.574916 7fbc2cd30700                 Options.inplace_update_num_locks: 10000
2019/10/17-14:56:01.574916 7fbc2cd30700               Options.memtable_prefix_bloom_size_ratio: 0.000000
2019/10/17-14:56:01.574917 7fbc2cd30700   Options.memtable_huge_page_size: 0
2019/10/17-14:56:01.574918 7fbc2cd30700                           Options.bloom_locality: 0
2019/10/17-14:56:01.574918 7fbc2cd30700                    Options.max_successive_merges: 0
2019/10/17-14:56:01.574919 7fbc2cd30700                Options.optimize_filters_for_hits: 0
2019/10/17-14:56:01.574920 7fbc2cd30700                Options.paranoid_file_checks: 0
2019/10/17-14:56:01.574920 7fbc2cd30700                Options.force_consistency_checks: 0
2019/10/17-14:56:01.574921 7fbc2cd30700                Options.report_bg_io_stats: 0
2019/10/17-14:56:01.574922 7fbc2cd30700                               Options.ttl: 0
2019/10/17-14:56:01.574932 7fbc2cd30700 [db/column_family.cc:472] --------------- Options for column family [htlcs]:
2019/10/17-14:56:01.574933 7fbc2cd30700               Options.comparator: leveldb.BytewiseComparator
2019/10/17-14:56:01.574934 7fbc2cd30700           Options.merge_operator: None
2019/10/17-14:56:01.574934 7fbc2cd30700        Options.compaction_filter: None
2019/10/17-14:56:01.574935 7fbc2cd30700        Options.compaction_filter_factory: None
2019/10/17-14:56:01.574936 7fbc2cd30700         Options.memtable_factory: SkipListFactory
2019/10/17-14:56:01.574936 7fbc2cd30700            Options.table_factory: BlockBasedTable
2019/10/17-14:56:01.574944 7fbc2cd30700            table_factory options:   flush_block_policy_factory: FlushBlockBySizePolicyFactory (0x7fbbb80367a0)
