2019/10/17-14:55:12.684802 7fc3a9fcb700 RocksDB version: 5.18.3
2019/10/17-14:55:12.684857 7fc3a9fcb700 Git sha rocksdb_build_git_sha:@0@
2019/10/17-14:55:12.684860 7fc3a9fcb700 Compile date Sep 19 2019
2019/10/17-14:55:12.684862 7fc3a9fcb700 DB SUMMARY
2019/10/17-14:55:12.686031 7fc3a9fcb700 CURRENT file:  CURRENT
2019/10/17-14:55:12.686034 7fc3a9fcb700 IDENTITY file:  IDENTITY
2019/10/17-14:55:12.686083 7fc3a9fcb700 MANIFEST file:  MANIFEST-116527 size: 4114 Bytes
2019/10/17-14:55:12.686086 7fc3a9fcb700 SST files in /home/rahul/dev/blockchain-core/eqc/ledger.db dir, Total Num: 29, files: 000624.sst 000627.sst 106940.sst 108447.sst 108450.sst 109471.sst 109483.sst 109485.sst 109486.sst 
2019/10/17-14:55:12.686088 7fc3a9fcb700 Write Ahead Log file in /home/rahul/dev/blockchain-core/eqc/ledger.db: 116528.log size: 0 ; 
2019/10/17-14:55:12.686144 7fc3a9fcb700                         Options.error_if_exists: 0
2019/10/17-14:55:12.686146 7fc3a9fcb700                       Options.create_if_missing: 1
2019/10/17-14:55:12.686148 7fc3a9fcb700                         Options.paranoid_checks: 1
2019/10/17-14:55:12.686149 7fc3a9fcb700                                     Options.env: 0x7fc32ae1fc60
2019/10/17-14:55:12.686151 7fc3a9fcb700                                Options.info_log: 0x7fc3500c1e60
2019/10/17-14:55:12.686152 7fc3a9fcb700                Options.max_file_opening_threads: 16
2019/10/17-14:55:12.686153 7fc3a9fcb700                              Options.statistics: (nil)
2019/10/17-14:55:12.686155 7fc3a9fcb700                               Options.use_fsync: 0
2019/10/17-14:55:12.686156 7fc3a9fcb700                       Options.max_log_file_size: 0
2019/10/17-14:55:12.686157 7fc3a9fcb700                  Options.max_manifest_file_size: 1073741824
2019/10/17-14:55:12.686159 7fc3a9fcb700                   Options.log_file_time_to_roll: 0
2019/10/17-14:55:12.686160 7fc3a9fcb700                       Options.keep_log_file_num: 1000
2019/10/17-14:55:12.686161 7fc3a9fcb700                    Options.recycle_log_file_num: 0
2019/10/17-14:55:12.686163 7fc3a9fcb700                         Options.allow_fallocate: 1
2019/10/17-14:55:12.686164 7fc3a9fcb700                        Options.allow_mmap_reads: 0
2019/10/17-14:55:12.686165 7fc3a9fcb700                       Options.allow_mmap_writes: 0
2019/10/17-14:55:12.686166 7fc3a9fcb700                        Options.use_direct_reads: 0
2019/10/17-14:55:12.686167 7fc3a9fcb700                        Options.use_direct_io_for_flush_and_compaction: 0
2019/10/17-14:55:12.686169 7fc3a9fcb700          Options.create_missing_column_families: 0
2019/10/17-14:55:12.686170 7fc3a9fcb700                              Options.db_log_dir: 
2019/10/17-14:55:12.686171 7fc3a9fcb700                                 Options.wal_dir: /home/rahul/dev/blockchain-core/eqc/ledger.db
2019/10/17-14:55:12.686173 7fc3a9fcb700                Options.table_cache_numshardbits: 6
2019/10/17-14:55:12.686174 7fc3a9fcb700                      Options.max_subcompactions: 1
2019/10/17-14:55:12.686175 7fc3a9fcb700                  Options.max_background_flushes: -1
2019/10/17-14:55:12.686176 7fc3a9fcb700                         Options.WAL_ttl_seconds: 0
2019/10/17-14:55:12.686178 7fc3a9fcb700                       Options.WAL_size_limit_MB: 0
2019/10/17-14:55:12.686179 7fc3a9fcb700             Options.manifest_preallocation_size: 4194304
2019/10/17-14:55:12.686180 7fc3a9fcb700                     Options.is_fd_close_on_exec: 1
2019/10/17-14:55:12.686182 7fc3a9fcb700                   Options.advise_random_on_open: 1
2019/10/17-14:55:12.686183 7fc3a9fcb700                    Options.db_write_buffer_size: 0
2019/10/17-14:55:12.686184 7fc3a9fcb700                    Options.write_buffer_manager: 0x7fc350090210
2019/10/17-14:55:12.686185 7fc3a9fcb700         Options.access_hint_on_compaction_start: 1
2019/10/17-14:55:12.686187 7fc3a9fcb700  Options.new_table_reader_for_compaction_inputs: 0
2019/10/17-14:55:12.686188 7fc3a9fcb700           Options.random_access_max_buffer_size: 1048576
2019/10/17-14:55:12.686189 7fc3a9fcb700                      Options.use_adaptive_mutex: 0
2019/10/17-14:55:12.686190 7fc3a9fcb700                            Options.rate_limiter: (nil)
2019/10/17-14:55:12.686205 7fc3a9fcb700     Options.sst_file_manager.rate_bytes_per_sec: 0
2019/10/17-14:55:12.686207 7fc3a9fcb700                       Options.wal_recovery_mode: 2
2019/10/17-14:55:12.686208 7fc3a9fcb700                  Options.enable_thread_tracking: 0
2019/10/17-14:55:12.686210 7fc3a9fcb700                  Options.enable_pipelined_write: 0
2019/10/17-14:55:12.686211 7fc3a9fcb700         Options.allow_concurrent_memtable_write: 1
2019/10/17-14:55:12.686212 7fc3a9fcb700      Options.enable_write_thread_adaptive_yield: 1
2019/10/17-14:55:12.686213 7fc3a9fcb700             Options.write_thread_max_yield_usec: 100
2019/10/17-14:55:12.686214 7fc3a9fcb700            Options.write_thread_slow_yield_usec: 3
2019/10/17-14:55:12.686216 7fc3a9fcb700                               Options.row_cache: None
2019/10/17-14:55:12.686217 7fc3a9fcb700                              Options.wal_filter: None
2019/10/17-14:55:12.686218 7fc3a9fcb700             Options.avoid_flush_during_recovery: 0
2019/10/17-14:55:12.686220 7fc3a9fcb700             Options.allow_ingest_behind: 0
2019/10/17-14:55:12.686221 7fc3a9fcb700             Options.preserve_deletes: 0
2019/10/17-14:55:12.686222 7fc3a9fcb700             Options.two_write_queues: 0
2019/10/17-14:55:12.686223 7fc3a9fcb700             Options.manual_wal_flush: 0
2019/10/17-14:55:12.686225 7fc3a9fcb700             Options.max_background_jobs: 2
2019/10/17-14:55:12.686226 7fc3a9fcb700             Options.max_background_compactions: -1
2019/10/17-14:55:12.686227 7fc3a9fcb700             Options.avoid_flush_during_shutdown: 0
2019/10/17-14:55:12.686228 7fc3a9fcb700           Options.writable_file_max_buffer_size: 1048576
2019/10/17-14:55:12.686230 7fc3a9fcb700             Options.delayed_write_rate : 16777216
2019/10/17-14:55:12.686231 7fc3a9fcb700             Options.max_total_wal_size: 0
2019/10/17-14:55:12.686232 7fc3a9fcb700             Options.delete_obsolete_files_period_micros: 21600000000
2019/10/17-14:55:12.686234 7fc3a9fcb700                   Options.stats_dump_period_sec: 600
2019/10/17-14:55:12.686235 7fc3a9fcb700                          Options.max_open_files: -1
2019/10/17-14:55:12.686236 7fc3a9fcb700                          Options.bytes_per_sync: 0
2019/10/17-14:55:12.686237 7fc3a9fcb700                      Options.wal_bytes_per_sync: 0
2019/10/17-14:55:12.686238 7fc3a9fcb700       Options.compaction_readahead_size: 0
2019/10/17-14:55:12.686240 7fc3a9fcb700 Compression algorithms supported:
2019/10/17-14:55:12.686242 7fc3a9fcb700 	kZSTDNotFinalCompression supported: 0
2019/10/17-14:55:12.686243 7fc3a9fcb700 	kZSTD supported: 0
2019/10/17-14:55:12.686245 7fc3a9fcb700 	kXpressCompression supported: 0
2019/10/17-14:55:12.686246 7fc3a9fcb700 	kLZ4HCCompression supported: 0
2019/10/17-14:55:12.686248 7fc3a9fcb700 	kLZ4Compression supported: 0
2019/10/17-14:55:12.686249 7fc3a9fcb700 	kBZip2Compression supported: 0
2019/10/17-14:55:12.686250 7fc3a9fcb700 	kZlibCompression supported: 0
2019/10/17-14:55:12.686251 7fc3a9fcb700 	kSnappyCompression supported: 0
2019/10/17-14:55:12.686254 7fc3a9fcb700 Fast CRC32 supported: Supported on x86
2019/10/17-14:55:12.686403 7fc3a9fcb700 [db/version_set.cc:3507] Recovering from manifest file: MANIFEST-116527
2019/10/17-14:55:12.686456 7fc3a9fcb700 [db/column_family.cc:472] --------------- Options for column family [default]:
2019/10/17-14:55:12.686459 7fc3a9fcb700               Options.comparator: leveldb.BytewiseComparator
2019/10/17-14:55:12.686461 7fc3a9fcb700           Options.merge_operator: None
2019/10/17-14:55:12.686462 7fc3a9fcb700        Options.compaction_filter: None
2019/10/17-14:55:12.686463 7fc3a9fcb700        Options.compaction_filter_factory: None
2019/10/17-14:55:12.686465 7fc3a9fcb700         Options.memtable_factory: SkipListFactory
2019/10/17-14:55:12.686466 7fc3a9fcb700            Options.table_factory: BlockBasedTable
2019/10/17-14:55:12.686489 7fc3a9fcb700            table_factory options:   flush_block_policy_factory: FlushBlockBySizePolicyFactory (0x7fc350088fc0)
  cache_index_and_filter_blocks: 0
  cache_index_and_filter_blocks_with_high_priority: 0
  pin_l0_filter_and_index_blocks_in_cache: 0
  pin_top_level_index_and_filter: 1
  index_type: 0
  hash_index_allow_collision: 1
  checksum: 1
  no_block_cache: 0
  block_cache: 0x7fc350117590
  block_cache_name: LRUCache
  block_cache_options:
    capacity : 8388608
    num_shard_bits : 4
    strict_capacity_limit : 0
    memory_allocator : None
    high_pri_pool_ratio: 0.000
  block_cache_compressed: (nil)
  persistent_cache: (nil)
  block_size: 4096
  block_size_deviation: 10
  block_restart_interval: 16
  index_block_restart_interval: 1
  metadata_block_size: 4096
  partition_filters: 0
  use_delta_encoding: 1
  filter_policy: nullptr
  whole_key_filtering: 1
  verify_compression: 0
  read_amp_bytes_per_bit: 0
  format_version: 2
  enable_index_compression: 1
  block_align: 0
2019/10/17-14:55:12.686505 7fc3a9fcb700        Options.write_buffer_size: 67108864
2019/10/17-14:55:12.686506 7fc3a9fcb700  Options.max_write_buffer_number: 2
2019/10/17-14:55:12.686508 7fc3a9fcb700          Options.compression: NoCompression
2019/10/17-14:55:12.686509 7fc3a9fcb700                  Options.bottommost_compression: Disabled
2019/10/17-14:55:12.686511 7fc3a9fcb700       Options.prefix_extractor: nullptr
2019/10/17-14:55:12.686512 7fc3a9fcb700   Options.memtable_insert_with_hint_prefix_extractor: nullptr
2019/10/17-14:55:12.686513 7fc3a9fcb700             Options.num_levels: 7
2019/10/17-14:55:12.686514 7fc3a9fcb700        Options.min_write_buffer_number_to_merge: 1
2019/10/17-14:55:12.686516 7fc3a9fcb700     Options.max_write_buffer_number_to_maintain: 0
2019/10/17-14:55:12.686517 7fc3a9fcb700            Options.bottommost_compression_opts.window_bits: -14
2019/10/17-14:55:12.686518 7fc3a9fcb700                  Options.bottommost_compression_opts.level: 32767
2019/10/17-14:55:12.686520 7fc3a9fcb700               Options.bottommost_compression_opts.strategy: 0
2019/10/17-14:55:12.686521 7fc3a9fcb700         Options.bottommost_compression_opts.max_dict_bytes: 0
2019/10/17-14:55:12.686522 7fc3a9fcb700         Options.bottommost_compression_opts.zstd_max_train_bytes: 0
2019/10/17-14:55:12.686523 7fc3a9fcb700                  Options.bottommost_compression_opts.enabled: false
2019/10/17-14:55:12.686525 7fc3a9fcb700            Options.compression_opts.window_bits: -14
2019/10/17-14:55:12.686526 7fc3a9fcb700                  Options.compression_opts.level: 32767
2019/10/17-14:55:12.686527 7fc3a9fcb700               Options.compression_opts.strategy: 0
2019/10/17-14:55:12.686528 7fc3a9fcb700         Options.compression_opts.max_dict_bytes: 0
2019/10/17-14:55:12.686530 7fc3a9fcb700         Options.compression_opts.zstd_max_train_bytes: 0
2019/10/17-14:55:12.686531 7fc3a9fcb700                  Options.compression_opts.enabled: false
2019/10/17-14:55:12.686532 7fc3a9fcb700      Options.level0_file_num_compaction_trigger: 4
2019/10/17-14:55:12.686533 7fc3a9fcb700          Options.level0_slowdown_writes_trigger: 20
2019/10/17-14:55:12.686535 7fc3a9fcb700              Options.level0_stop_writes_trigger: 36
2019/10/17-14:55:12.686536 7fc3a9fcb700                   Options.target_file_size_base: 67108864
2019/10/17-14:55:12.686537 7fc3a9fcb700             Options.target_file_size_multiplier: 1
2019/10/17-14:55:12.686538 7fc3a9fcb700                Options.max_bytes_for_level_base: 268435456
2019/10/17-14:55:12.686540 7fc3a9fcb700 Options.level_compaction_dynamic_level_bytes: 0
2019/10/17-14:55:12.686541 7fc3a9fcb700          Options.max_bytes_for_level_multiplier: 10.000000
2019/10/17-14:55:12.686544 7fc3a9fcb700 Options.max_bytes_for_level_multiplier_addtl[0]: 1
2019/10/17-14:55:12.686546 7fc3a9fcb700 Options.max_bytes_for_level_multiplier_addtl[1]: 1
2019/10/17-14:55:12.686547 7fc3a9fcb700 Options.max_bytes_for_level_multiplier_addtl[2]: 1
2019/10/17-14:55:12.686548 7fc3a9fcb700 Options.max_bytes_for_level_multiplier_addtl[3]: 1
2019/10/17-14:55:12.686549 7fc3a9fcb700 Options.max_bytes_for_level_multiplier_addtl[4]: 1
2019/10/17-14:55:12.686557 7fc3a9fcb700 Options.max_bytes_for_level_multiplier_addtl[5]: 1
2019/10/17-14:55:12.686558 7fc3a9fcb700 Options.max_bytes_for_level_multiplier_addtl[6]: 1
2019/10/17-14:55:12.686559 7fc3a9fcb700       Options.max_sequential_skip_in_iterations: 8
2019/10/17-14:55:12.686561 7fc3a9fcb700                    Options.max_compaction_bytes: 1677721600
2019/10/17-14:55:12.686562 7fc3a9fcb700                        Options.arena_block_size: 8388608
2019/10/17-14:55:12.686563 7fc3a9fcb700   Options.soft_pending_compaction_bytes_limit: 68719476736
2019/10/17-14:55:12.686565 7fc3a9fcb700   Options.hard_pending_compaction_bytes_limit: 274877906944
2019/10/17-14:55:12.686566 7fc3a9fcb700       Options.rate_limit_delay_max_milliseconds: 100
2019/10/17-14:55:12.686567 7fc3a9fcb700                Options.disable_auto_compactions: 0
2019/10/17-14:55:12.686569 7fc3a9fcb700                        Options.compaction_style: kCompactionStyleLevel
2019/10/17-14:55:12.686571 7fc3a9fcb700                          Options.compaction_pri: kByCompensatedSize
2019/10/17-14:55:12.686573 7fc3a9fcb700 Options.compaction_options_universal.size_ratio: 1
2019/10/17-14:55:12.686574 7fc3a9fcb700 Options.compaction_options_universal.min_merge_width: 2
2019/10/17-14:55:12.686575 7fc3a9fcb700 Options.compaction_options_universal.max_merge_width: 4294967295
2019/10/17-14:55:12.686576 7fc3a9fcb700 Options.compaction_options_universal.max_size_amplification_percent: 200
2019/10/17-14:55:12.686578 7fc3a9fcb700 Options.compaction_options_universal.compression_size_percent: -1
2019/10/17-14:55:12.686580 7fc3a9fcb700 Options.compaction_options_universal.stop_style: kCompactionStopStyleTotalSize
2019/10/17-14:55:12.686581 7fc3a9fcb700 Options.compaction_options_fifo.max_table_files_size: 1073741824
2019/10/17-14:55:12.686582 7fc3a9fcb700 Options.compaction_options_fifo.allow_compaction: 0
2019/10/17-14:55:12.686583 7fc3a9fcb700 Options.compaction_options_fifo.ttl: 0
2019/10/17-14:55:12.686585 7fc3a9fcb700                   Options.table_properties_collectors: 
2019/10/17-14:55:12.686586 7fc3a9fcb700                   Options.inplace_update_support: 0
2019/10/17-14:55:12.686587 7fc3a9fcb700                 Options.inplace_update_num_locks: 10000
2019/10/17-14:55:12.686588 7fc3a9fcb700               Options.memtable_prefix_bloom_size_ratio: 0.000000
2019/10/17-14:55:12.686590 7fc3a9fcb700   Options.memtable_huge_page_size: 0
2019/10/17-14:55:12.686591 7fc3a9fcb700                           Options.bloom_locality: 0
2019/10/17-14:55:12.686593 7fc3a9fcb700                    Options.max_successive_merges: 0
2019/10/17-14:55:12.686594 7fc3a9fcb700                Options.optimize_filters_for_hits: 0
2019/10/17-14:55:12.686595 7fc3a9fcb700                Options.paranoid_file_checks: 0
2019/10/17-14:55:12.686596 7fc3a9fcb700                Options.force_consistency_checks: 0
2019/10/17-14:55:12.686598 7fc3a9fcb700                Options.report_bg_io_stats: 0
2019/10/17-14:55:12.686599 7fc3a9fcb700                               Options.ttl: 0
2019/10/17-14:55:12.686645 7fc3a9fcb700 [db/column_family.cc:472] --------------- Options for column family [active_gateways]:
2019/10/17-14:55:12.686648 7fc3a9fcb700               Options.comparator: leveldb.BytewiseComparator
2019/10/17-14:55:12.686649 7fc3a9fcb700           Options.merge_operator: None
2019/10/17-14:55:12.686650 7fc3a9fcb700        Options.compaction_filter: None
2019/10/17-14:55:12.686652 7fc3a9fcb700        Options.compaction_filter_factory: None
2019/10/17-14:55:12.686653 7fc3a9fcb700         Options.memtable_factory: SkipListFactory
2019/10/17-14:55:12.686654 7fc3a9fcb700            Options.table_factory: BlockBasedTable
2019/10/17-14:55:12.686671 7fc3a9fcb700            table_factory options:   flush_block_policy_factory: FlushBlockBySizePolicyFactory (0x7fc35010a130)
  cache_index_and_filter_blocks: 0
  cache_index_and_filter_blocks_with_high_priority: 0
  pin_l0_filter_and_index_blocks_in_cache: 0
  pin_top_level_index_and_filter: 1
  index_type: 0
  hash_index_allow_collision: 1
  checksum: 1
  no_block_cache: 0
  block_cache: 0x7fc350090250
  block_cache_name: LRUCache
  block_cache_options:
    capacity : 8388608
    num_shard_bits : 4
    strict_capacity_limit : 0
    memory_allocator : None
    high_pri_pool_ratio: 0.000
  block_cache_compressed: (nil)
  persistent_cache: (nil)
  block_size: 4096
  block_size_deviation: 10
  block_restart_interval: 16
  index_block_restart_interval: 1
  metadata_block_size: 4096
  partition_filters: 0
  use_delta_encoding: 1
  filter_policy: nullptr
  whole_key_filtering: 1
  verify_compression: 0
  read_amp_bytes_per_bit: 0
  format_version: 2
  enable_index_compression: 1
  block_align: 0
2019/10/17-14:55:12.686682 7fc3a9fcb700        Options.write_buffer_size: 67108864
2019/10/17-14:55:12.686684 7fc3a9fcb700  Options.max_write_buffer_number: 2
2019/10/17-14:55:12.686685 7fc3a9fcb700          Options.compression: NoCompression
2019/10/17-14:55:12.686687 7fc3a9fcb700                  Options.bottommost_compression: Disabled
2019/10/17-14:55:12.686688 7fc3a9fcb700       Options.prefix_extractor: nullptr
2019/10/17-14:55:12.686689 7fc3a9fcb700   Options.memtable_insert_with_hint_prefix_extractor: nullptr
2019/10/17-14:55:12.686690 7fc3a9fcb700             Options.num_levels: 7
2019/10/17-14:55:12.686692 7fc3a9fcb700        Options.min_write_buffer_number_to_merge: 1
2019/10/17-14:55:12.686693 7fc3a9fcb700     Options.max_write_buffer_number_to_maintain: 0
2019/10/17-14:55:12.686694 7fc3a9fcb700            Options.bottommost_compression_opts.window_bits: -14
2019/10/17-14:55:12.686695 7fc3a9fcb700                  Options.bottommost_compression_opts.level: 32767
2019/10/17-14:55:12.686697 7fc3a9fcb700               Options.bottommost_compression_opts.strategy: 0
2019/10/17-14:55:12.686698 7fc3a9fcb700         Options.bottommost_compression_opts.max_dict_bytes: 0
2019/10/17-14:55:12.686699 7fc3a9fcb700         Options.bottommost_compression_opts.zstd_max_train_bytes: 0
2019/10/17-14:55:12.686700 7fc3a9fcb700                  Options.bottommost_compression_opts.enabled: false
2019/10/17-14:55:12.686701 7fc3a9fcb700            Options.compression_opts.window_bits: -14
2019/10/17-14:55:12.686703 7fc3a9fcb700                  Options.compression_opts.level: 32767
2019/10/17-14:55:12.686704 7fc3a9fcb700               Options.compression_opts.strategy: 0
2019/10/17-14:55:12.686705 7fc3a9fcb700         Options.compression_opts.max_dict_bytes: 0
2019/10/17-14:55:12.686706 7fc3a9fcb700         Options.compression_opts.zstd_max_train_bytes: 0
2019/10/17-14:55:12.686708 7fc3a9fcb700                  Options.compression_opts.enabled: false
2019/10/17-14:55:12.686709 7fc3a9fcb700      Options.level0_file_num_compaction_trigger: 4
2019/10/17-14:55:12.686710 7fc3a9fcb700          Options.level0_slowdown_writes_trigger: 20
2019/10/17-14:55:12.686711 7fc3a9fcb700              Options.level0_stop_writes_trigger: 36
2019/10/17-14:55:12.686712 7fc3a9fcb700                   Options.target_file_size_base: 67108864
2019/10/17-14:55:12.686714 7fc3a9fcb700             Options.target_file_size_multiplier: 1
2019/10/17-14:55:12.686715 7fc3a9fcb700                Options.max_bytes_for_level_base: 268435456
2019/10/17-14:55:12.686716 7fc3a9fcb700 Options.level_compaction_dynamic_level_bytes: 0
2019/10/17-14:55:12.686717 7fc3a9fcb700          Options.max_bytes_for_level_multiplier: 10.000000
2019/10/17-14:55:12.686720 7fc3a9fcb700 Options.max_bytes_for_level_multiplier_addtl[0]: 1
2019/10/17-14:55:12.686721 7fc3a9fcb700 Options.max_bytes_for_level_multiplier_addtl[1]: 1
2019/10/17-14:55:12.686722 7fc3a9fcb700 Options.max_bytes_for_level_multiplier_addtl[2]: 1
2019/10/17-14:55:12.686723 7fc3a9fcb700 Options.max_bytes_for_level_multiplier_addtl[3]: 1
2019/10/17-14:55:12.686725 7fc3a9fcb700 Options.max_bytes_for_level_multiplier_addtl[4]: 1
2019/10/17-14:55:12.686726 7fc3a9fcb700 Options.max_bytes_for_level_multiplier_addtl[5]: 1
2019/10/17-14:55:12.686727 7fc3a9fcb700 Options.max_bytes_for_level_multiplier_addtl[6]: 1
2019/10/17-14:55:12.686728 7fc3a9fcb700       Options.max_sequential_skip_in_iterations: 8
2019/10/17-14:55:12.686736 7fc3a9fcb700                    Options.max_compaction_bytes: 1677721600
2019/10/17-14:55:12.686738 7fc3a9fcb700                        Options.arena_block_size: 8388608
2019/10/17-14:55:12.686739 7fc3a9fcb700   Options.soft_pending_compaction_bytes_limit: 68719476736
2019/10/17-14:55:12.686740 7fc3a9fcb700   Options.hard_pending_compaction_bytes_limit: 274877906944
2019/10/17-14:55:12.686741 7fc3a9fcb700       Options.rate_limit_delay_max_milliseconds: 100
2019/10/17-14:55:12.686743 7fc3a9fcb700                Options.disable_auto_compactions: 0
2019/10/17-14:55:12.686744 7fc3a9fcb700                        Options.compaction_style: kCompactionStyleLevel
2019/10/17-14:55:12.686746 7fc3a9fcb700                          Options.compaction_pri: kByCompensatedSize
2019/10/17-14:55:12.686747 7fc3a9fcb700 Options.compaction_options_universal.size_ratio: 1
2019/10/17-14:55:12.686748 7fc3a9fcb700 Options.compaction_options_universal.min_merge_width: 2
2019/10/17-14:55:12.686749 7fc3a9fcb700 Options.compaction_options_universal.max_merge_width: 4294967295
2019/10/17-14:55:12.686750 7fc3a9fcb700 Options.compaction_options_universal.max_size_amplification_percent: 200
2019/10/17-14:55:12.686752 7fc3a9fcb700 Options.compaction_options_universal.compression_size_percent: -1
2019/10/17-14:55:12.686753 7fc3a9fcb700 Options.compaction_options_universal.stop_style: kCompactionStopStyleTotalSize
2019/10/17-14:55:12.686754 7fc3a9fcb700 Options.compaction_options_fifo.max_table_files_size: 1073741824
2019/10/17-14:55:12.686756 7fc3a9fcb700 Options.compaction_options_fifo.allow_compaction: 0
2019/10/17-14:55:12.686757 7fc3a9fcb700 Options.compaction_options_fifo.ttl: 0
2019/10/17-14:55:12.686758 7fc3a9fcb700                   Options.table_properties_collectors: 
2019/10/17-14:55:12.686759 7fc3a9fcb700                   Options.inplace_update_support: 0
2019/10/17-14:55:12.686760 7fc3a9fcb700                 Options.inplace_update_num_locks: 10000
2019/10/17-14:55:12.686762 7fc3a9fcb700               Options.memtable_prefix_bloom_size_ratio: 0.000000
2019/10/17-14:55:12.686763 7fc3a9fcb700   Options.memtable_huge_page_size: 0
2019/10/17-14:55:12.686765 7fc3a9fcb700                           Options.bloom_locality: 0
2019/10/17-14:55:12.686766 7fc3a9fcb700                    Options.max_successive_merges: 0
2019/10/17-14:55:12.686767 7fc3a9fcb700                Options.optimize_filters_for_hits: 0
2019/10/17-14:55:12.686768 7fc3a9fcb700                Options.paranoid_file_checks: 0
2019/10/17-14:55:12.686769 7fc3a9fcb700                Options.force_consistency_checks: 0
2019/10/17-14:55:12.686771 7fc3a9fcb700                Options.report_bg_io_stats: 0
2019/10/17-14:55:12.686772 7fc3a9fcb700                               Options.ttl: 0
2019/10/17-14:55:12.686797 7fc3a9fcb700 [db/column_family.cc:472] --------------- Options for column family [entries]:
2019/10/17-14:55:12.686800 7fc3a9fcb700               Options.comparator: leveldb.BytewiseComparator
2019/10/17-14:55:12.686801 7fc3a9fcb700           Options.merge_operator: None
2019/10/17-14:55:12.686802 7fc3a9fcb700        Options.compaction_filter: None
2019/10/17-14:55:12.686803 7fc3a9fcb700        Options.compaction_filter_factory: None
2019/10/17-14:55:12.686805 7fc3a9fcb700         Options.memtable_factory: SkipListFactory
2019/10/17-14:55:12.686806 7fc3a9fcb700            Options.table_factory: BlockBasedTable
2019/10/17-14:55:12.686822 7fc3a9fcb700            table_factory options:   flush_block_policy_factory: FlushBlockBySizePolicyFactory (0x7fc35004db80)
  cache_index_and_filter_blocks: 0
  cache_index_and_filter_blocks_with_high_priority: 0
  pin_l0_filter_and_index_blocks_in_cache: 0
  pin_top_level_index_and_filter: 1
  index_type: 0
  hash_index_allow_collision: 1
  checksum: 1
  no_block_cache: 0
  block_cache: 0x7fc350066d60
  block_cache_name: LRUCache
  block_cache_options:
    capacity : 8388608
    num_shard_bits : 4
    strict_capacity_limit : 0
    memory_allocator : None
    high_pri_pool_ratio: 0.000
  block_cache_compressed: (nil)
  persistent_cache: (nil)
  block_size: 4096
  block_size_deviation: 10
  block_restart_interval: 16
  index_block_restart_interval: 1
  metadata_block_size: 4096
  partition_filters: 0
  use_delta_encoding: 1
  filter_policy: nullptr
  whole_key_filtering: 1
  verify_compression: 0
  read_amp_bytes_per_bit: 0
  format_version: 2
  enable_index_compression: 1
  block_align: 0
2019/10/17-14:55:12.686832 7fc3a9fcb700        Options.write_buffer_size: 67108864
2019/10/17-14:55:12.686833 7fc3a9fcb700  Options.max_write_buffer_number: 2
2019/10/17-14:55:12.686835 7fc3a9fcb700          Options.compression: NoCompression
2019/10/17-14:55:12.686836 7fc3a9fcb700                  Options.bottommost_compression: Disabled
2019/10/17-14:55:12.686837 7fc3a9fcb700       Options.prefix_extractor: nullptr
2019/10/17-14:55:12.686838 7fc3a9fcb700   Options.memtable_insert_with_hint_prefix_extractor: nullptr
2019/10/17-14:55:12.686840 7fc3a9fcb700             Options.num_levels: 7
2019/10/17-14:55:12.686841 7fc3a9fcb700        Options.min_write_buffer_number_to_merge: 1
2019/10/17-14:55:12.686842 7fc3a9fcb700     Options.max_write_buffer_number_to_maintain: 0
2019/10/17-14:55:12.686843 7fc3a9fcb700            Options.bottommost_compression_opts.window_bits: -14
2019/10/17-14:55:12.686844 7fc3a9fcb700                  Options.bottommost_compression_opts.level: 32767
2019/10/17-14:55:12.686846 7fc3a9fcb700               Options.bottommost_compression_opts.strategy: 0
2019/10/17-14:55:12.686847 7fc3a9fcb700         Options.bottommost_compression_opts.max_dict_bytes: 0
2019/10/17-14:55:12.686848 7fc3a9fcb700         Options.bottommost_compression_opts.zstd_max_train_bytes: 0
2019/10/17-14:55:12.686849 7fc3a9fcb700                  Options.bottommost_compression_opts.enabled: false
2019/10/17-14:55:12.686851 7fc3a9fcb700            Options.compression_opts.window_bits: -14
2019/10/17-14:55:12.686852 7fc3a9fcb700                  Options.compression_opts.level: 32767
2019/10/17-14:55:12.686853 7fc3a9fcb700               Options.compression_opts.strategy: 0
2019/10/17-14:55:12.686854 7fc3a9fcb700         Options.compression_opts.max_dict_bytes: 0
2019/10/17-14:55:12.686855 7fc3a9fcb700         Options.compression_opts.zstd_max_train_bytes: 0
2019/10/17-14:55:12.686857 7fc3a9fcb700                  Options.compression_opts.enabled: false
2019/10/17-14:55:12.686858 7fc3a9fcb700      Options.level0_file_num_compaction_trigger: 4
2019/10/17-14:55:12.686859 7fc3a9fcb700          Options.level0_slowdown_writes_trigger: 20
2019/10/17-14:55:12.686860 7fc3a9fcb700              Options.level0_stop_writes_trigger: 36
2019/10/17-14:55:12.686862 7fc3a9fcb700                   Options.target_file_size_base: 67108864
2019/10/17-14:55:12.686863 7fc3a9fcb700             Options.target_file_size_multiplier: 1
2019/10/17-14:55:12.686864 7fc3a9fcb700                Options.max_bytes_for_level_base: 268435456
2019/10/17-14:55:12.686865 7fc3a9fcb700 Options.level_compaction_dynamic_level_bytes: 0
2019/10/17-14:55:12.686866 7fc3a9fcb700          Options.max_bytes_for_level_multiplier: 10.000000
2019/10/17-14:55:12.686869 7fc3a9fcb700 Options.max_bytes_for_level_multiplier_addtl[0]: 1
2019/10/17-14:55:12.686870 7fc3a9fcb700 Options.max_bytes_for_level_multiplier_addtl[1]: 1
2019/10/17-14:55:12.686871 7fc3a9fcb700 Options.max_bytes_for_level_multiplier_addtl[2]: 1
2019/10/17-14:55:12.686872 7fc3a9fcb700 Options.max_bytes_for_level_multiplier_addtl[3]: 1
2019/10/17-14:55:12.686874 7fc3a9fcb700 Options.max_bytes_for_level_multiplier_addtl[4]: 1
2019/10/17-14:55:12.686875 7fc3a9fcb700 Options.max_bytes_for_level_multiplier_addtl[5]: 1
2019/10/17-14:55:12.686876 7fc3a9fcb700 Options.max_bytes_for_level_multiplier_addtl[6]: 1
2019/10/17-14:55:12.686877 7fc3a9fcb700       Options.max_sequential_skip_in_iterations: 8
2019/10/17-14:55:12.686878 7fc3a9fcb700                    Options.max_compaction_bytes: 1677721600
2019/10/17-14:55:12.686880 7fc3a9fcb700                        Options.arena_block_size: 8388608
2019/10/17-14:55:12.686881 7fc3a9fcb700   Options.soft_pending_compaction_bytes_limit: 68719476736
2019/10/17-14:55:12.686888 7fc3a9fcb700   Options.hard_pending_compaction_bytes_limit: 274877906944
2019/10/17-14:55:12.686890 7fc3a9fcb700       Options.rate_limit_delay_max_milliseconds: 100
2019/10/17-14:55:12.686891 7fc3a9fcb700                Options.disable_auto_compactions: 0
2019/10/17-14:55:12.686892 7fc3a9fcb700                        Options.compaction_style: kCompactionStyleLevel
2019/10/17-14:55:12.686894 7fc3a9fcb700                          Options.compaction_pri: kByCompensatedSize
2019/10/17-14:55:12.686895 7fc3a9fcb700 Options.compaction_options_universal.size_ratio: 1
2019/10/17-14:55:12.686896 7fc3a9fcb700 Options.compaction_options_universal.min_merge_width: 2
2019/10/17-14:55:12.686897 7fc3a9fcb700 Options.compaction_options_universal.max_merge_width: 4294967295
2019/10/17-14:55:12.686899 7fc3a9fcb700 Options.compaction_options_universal.max_size_amplification_percent: 200
2019/10/17-14:55:12.686900 7fc3a9fcb700 Options.compaction_options_universal.compression_size_percent: -1
2019/10/17-14:55:12.686901 7fc3a9fcb700 Options.compaction_options_universal.stop_style: kCompactionStopStyleTotalSize
2019/10/17-14:55:12.686903 7fc3a9fcb700 Options.compaction_options_fifo.max_table_files_size: 1073741824
2019/10/17-14:55:12.686904 7fc3a9fcb700 Options.compaction_options_fifo.allow_compaction: 0
2019/10/17-14:55:12.686905 7fc3a9fcb700 Options.compaction_options_fifo.ttl: 0
2019/10/17-14:55:12.686907 7fc3a9fcb700                   Options.table_properties_collectors: 
2019/10/17-14:55:12.686908 7fc3a9fcb700                   Options.inplace_update_support: 0
2019/10/17-14:55:12.686909 7fc3a9fcb700                 Options.inplace_update_num_locks: 10000
2019/10/17-14:55:12.686910 7fc3a9fcb700               Options.memtable_prefix_bloom_size_ratio: 0.000000
2019/10/17-14:55:12.686912 7fc3a9fcb700   Options.memtable_huge_page_size: 0
2019/10/17-14:55:12.686913 7fc3a9fcb700                           Options.bloom_locality: 0
2019/10/17-14:55:12.686914 7fc3a9fcb700                    Options.max_successive_merges: 0
2019/10/17-14:55:12.686916 7fc3a9fcb700                Options.optimize_filters_for_hits: 0
2019/10/17-14:55:12.686917 7fc3a9fcb700                Options.paranoid_file_checks: 0
2019/10/17-14:55:12.686918 7fc3a9fcb700                Options.force_consistency_checks: 0
2019/10/17-14:55:12.686919 7fc3a9fcb700                Options.report_bg_io_stats: 0
2019/10/17-14:55:12.686920 7fc3a9fcb700                               Options.ttl: 0
2019/10/17-14:55:12.686943 7fc3a9fcb700 [db/column_family.cc:472] --------------- Options for column family [dc_entries]:
2019/10/17-14:55:12.686945 7fc3a9fcb700               Options.comparator: leveldb.BytewiseComparator
2019/10/17-14:55:12.686947 7fc3a9fcb700           Options.merge_operator: None
2019/10/17-14:55:12.686948 7fc3a9fcb700        Options.compaction_filter: None
2019/10/17-14:55:12.686949 7fc3a9fcb700        Options.compaction_filter_factory: None
2019/10/17-14:55:12.686950 7fc3a9fcb700         Options.memtable_factory: SkipListFactory
2019/10/17-14:55:12.686952 7fc3a9fcb700            Options.table_factory: BlockBasedTable
2019/10/17-14:55:12.686967 7fc3a9fcb700            table_factory options:   flush_block_policy_factory: FlushBlockBySizePolicyFactory (0x7fc35006d5a0)
  cache_index_and_filter_blocks: 0
  cache_index_and_filter_blocks_with_high_priority: 0
  pin_l0_filter_and_index_blocks_in_cache: 0
  pin_top_level_index_and_filter: 1
  index_type: 0
  hash_index_allow_collision: 1
  checksum: 1
  no_block_cache: 0
  block_cache: 0x7fc3500c18a0
  block_cache_name: LRUCache
  block_cache_options:
    capacity : 8388608
    num_shard_bits : 4
    strict_capacity_limit : 0
    memory_allocator : None
    high_pri_pool_ratio: 0.000
  block_cache_compressed: (nil)
  persistent_cache: (nil)
  block_size: 4096
  block_size_deviation: 10
  block_restart_interval: 16
  index_block_restart_interval: 1
  metadata_block_size: 4096
  partition_filters: 0
  use_delta_encoding: 1
  filter_policy: nullptr
  whole_key_filtering: 1
  verify_compression: 0
  read_amp_bytes_per_bit: 0
  format_version: 2
  enable_index_compression: 1
  block_align: 0
2019/10/17-14:55:12.686976 7fc3a9fcb700        Options.write_buffer_size: 67108864
2019/10/17-14:55:12.686978 7fc3a9fcb700  Options.max_write_buffer_number: 2
2019/10/17-14:55:12.686979 7fc3a9fcb700          Options.compression: NoCompression
2019/10/17-14:55:12.686980 7fc3a9fcb700                  Options.bottommost_compression: Disabled
2019/10/17-14:55:12.686982 7fc3a9fcb700       Options.prefix_extractor: nullptr
2019/10/17-14:55:12.686983 7fc3a9fcb700   Options.memtable_insert_with_hint_prefix_extractor: nullptr
2019/10/17-14:55:12.686984 7fc3a9fcb700             Options.num_levels: 7
2019/10/17-14:55:12.686985 7fc3a9fcb700        Options.min_write_buffer_number_to_merge: 1
2019/10/17-14:55:12.686986 7fc3a9fcb700     Options.max_write_buffer_number_to_maintain: 0
2019/10/17-14:55:12.686988 7fc3a9fcb700            Options.bottommost_compression_opts.window_bits: -14
2019/10/17-14:55:12.686989 7fc3a9fcb700                  Options.bottommost_compression_opts.level: 32767
2019/10/17-14:55:12.686990 7fc3a9fcb700               Options.bottommost_compression_opts.strategy: 0
2019/10/17-14:55:12.686991 7fc3a9fcb700         Options.bottommost_compression_opts.max_dict_bytes: 0
2019/10/17-14:55:12.686992 7fc3a9fcb700         Options.bottommost_compression_opts.zstd_max_train_bytes: 0
2019/10/17-14:55:12.686993 7fc3a9fcb700                  Options.bottommost_compression_opts.enabled: false
2019/10/17-14:55:12.686995 7fc3a9fcb700            Options.compression_opts.window_bits: -14
2019/10/17-14:55:12.686996 7fc3a9fcb700                  Options.compression_opts.level: 32767
2019/10/17-14:55:12.686997 7fc3a9fcb700               Options.compression_opts.strategy: 0
2019/10/17-14:55:12.686998 7fc3a9fcb700         Options.compression_opts.max_dict_bytes: 0
2019/10/17-14:55:12.686999 7fc3a9fcb700         Options.compression_opts.zstd_max_train_bytes: 0
2019/10/17-14:55:12.687001 7fc3a9fcb700                  Options.compression_opts.enabled: false
2019/10/17-14:55:12.687002 7fc3a9fcb700      Options.level0_file_num_compaction_trigger: 4
2019/10/17-14:55:12.687003 7fc3a9fcb700          Options.level0_slowdown_writes_trigger: 20
2019/10/17-14:55:12.687004 7fc3a9fcb700              Options.level0_stop_writes_trigger: 36
2019/10/17-14:55:12.687006 7fc3a9fcb700                   Options.target_file_size_base: 67108864
2019/10/17-14:55:12.687007 7fc3a9fcb700             Options.target_file_size_multiplier: 1
2019/10/17-14:55:12.687008 7fc3a9fcb700                Options.max_bytes_for_level_base: 268435456
2019/10/17-14:55:12.687009 7fc3a9fcb700 Options.level_compaction_dynamic_level_bytes: 0
2019/10/17-14:55:12.687011 7fc3a9fcb700          Options.max_bytes_for_level_multiplier: 10.000000
2019/10/17-14:55:12.687013 7fc3a9fcb700 Options.max_bytes_for_level_multiplier_addtl[0]: 1
2019/10/17-14:55:12.687014 7fc3a9fcb700 Options.max_bytes_for_level_multiplier_addtl[1]: 1
2019/10/17-14:55:12.687015 7fc3a9fcb700 Options.max_bytes_for_level_multiplier_addtl[2]: 1
2019/10/17-14:55:12.687016 7fc3a9fcb700 Options.max_bytes_for_level_multiplier_addtl[3]: 1
2019/10/17-14:55:12.687018 7fc3a9fcb700 Options.max_bytes_for_level_multiplier_addtl[4]: 1
2019/10/17-14:55:12.687019 7fc3a9fcb700 Options.max_bytes_for_level_multiplier_addtl[5]: 1
2019/10/17-14:55:12.687020 7fc3a9fcb700 Options.max_bytes_for_level_multiplier_addtl[6]: 1
2019/10/17-14:55:12.687021 7fc3a9fcb700       Options.max_sequential_skip_in_iterations: 8
2019/10/17-14:55:12.687023 7fc3a9fcb700                    Options.max_compaction_bytes: 1677721600
2019/10/17-14:55:12.687024 7fc3a9fcb700                        Options.arena_block_size: 8388608
2019/10/17-14:55:12.687025 7fc3a9fcb700   Options.soft_pending_compaction_bytes_limit: 68719476736
2019/10/17-14:55:12.687026 7fc3a9fcb700   Options.hard_pending_compaction_bytes_limit: 274877906944
2019/10/17-14:55:12.687027 7fc3a9fcb700       Options.rate_limit_delay_max_milliseconds: 100
2019/10/17-14:55:12.687029 7fc3a9fcb700                Options.disable_auto_compactions: 0
2019/10/17-14:55:12.687036 7fc3a9fcb700                        Options.compaction_style: kCompactionStyleLevel
2019/10/17-14:55:12.687038 7fc3a9fcb700                          Options.compaction_pri: kByCompensatedSize
2019/10/17-14:55:12.687039 7fc3a9fcb700 Options.compaction_options_universal.size_ratio: 1
2019/10/17-14:55:12.687040 7fc3a9fcb700 Options.compaction_options_universal.min_merge_width: 2
2019/10/17-14:55:12.687041 7fc3a9fcb700 Options.compaction_options_universal.max_merge_width: 4294967295
2019/10/17-14:55:12.687043 7fc3a9fcb700 Options.compaction_options_universal.max_size_amplification_percent: 200
2019/10/17-14:55:12.687044 7fc3a9fcb700 Options.compaction_options_universal.compression_size_percent: -1
2019/10/17-14:55:12.687045 7fc3a9fcb700 Options.compaction_options_universal.stop_style: kCompactionStopStyleTotalSize
2019/10/17-14:55:12.687047 7fc3a9fcb700 Options.compaction_options_fifo.max_table_files_size: 1073741824
2019/10/17-14:55:12.687048 7fc3a9fcb700 Options.compaction_options_fifo.allow_compaction: 0
2019/10/17-14:55:12.687049 7fc3a9fcb700 Options.compaction_options_fifo.ttl: 0
2019/10/17-14:55:12.687050 7fc3a9fcb700                   Options.table_properties_collectors: 
2019/10/17-14:55:12.687051 7fc3a9fcb700                   Options.inplace_update_support: 0
2019/10/17-14:55:12.687053 7fc3a9fcb700                 Options.inplace_update_num_locks: 10000
2019/10/17-14:55:12.687054 7fc3a9fcb700               Options.memtable_prefix_bloom_size_ratio: 0.000000
2019/10/17-14:55:12.687056 7fc3a9fcb700   Options.memtable_huge_page_size: 0
2019/10/17-14:55:12.687057 7fc3a9fcb700                           Options.bloom_locality: 0
2019/10/17-14:55:12.687058 7fc3a9fcb700                    Options.max_successive_merges: 0
2019/10/17-14:55:12.687059 7fc3a9fcb700                Options.optimize_filters_for_hits: 0
2019/10/17-14:55:12.687060 7fc3a9fcb700                Options.paranoid_file_checks: 0
2019/10/17-14:55:12.687062 7fc3a9fcb700                Options.force_consistency_checks: 0
2019/10/17-14:55:12.687063 7fc3a9fcb700                Options.report_bg_io_stats: 0
2019/10/17-14:55:12.687064 7fc3a9fcb700                               Options.ttl: 0
2019/10/17-14:55:12.687083 7fc3a9fcb700 [db/column_family.cc:472] --------------- Options for column family [htlcs]:
2019/10/17-14:55:12.687086 7fc3a9fcb700               Options.comparator: leveldb.BytewiseComparator
2019/10/17-14:55:12.687087 7fc3a9fcb700           Options.merge_operator: None
2019/10/17-14:55:12.687088 7fc3a9fcb700        Options.compaction_filter: None
2019/10/17-14:55:12.687089 7fc3a9fcb700        Options.compaction_filter_factory: None
2019/10/17-14:55:12.687091 7fc3a9fcb700         Options.memtable_factory: SkipListFactory
2019/10/17-14:55:12.687092 7fc3a9fcb700            Options.table_factory: BlockBasedTable
2019/10/17-14:55:12.687106 7fc3a9fcb700            table_factory options:   flush_block_policy_factory: FlushBlockBySizePolicyFactory (0x7fc35007cbd0)
