2019/10/17-14:54:14.018632 7fc3a9fcb700 RocksDB version: 5.18.3
2019/10/17-14:54:14.018696 7fc3a9fcb700 Git sha rocksdb_build_git_sha:@0@
2019/10/17-14:54:14.018698 7fc3a9fcb700 Compile date Sep 19 2019
2019/10/17-14:54:14.018700 7fc3a9fcb700 DB SUMMARY
2019/10/17-14:54:14.019636 7fc3a9fcb700 CURRENT file:  CURRENT
2019/10/17-14:54:14.019638 7fc3a9fcb700 IDENTITY file:  IDENTITY
2019/10/17-14:54:14.019678 7fc3a9fcb700 MANIFEST file:  MANIFEST-114880 size: 4114 Bytes
2019/10/17-14:54:14.019680 7fc3a9fcb700 SST files in /home/rahul/dev/blockchain-core/eqc/ledger.db dir, Total Num: 29, files: 000624.sst 000627.sst 106940.sst 108447.sst 108450.sst 109471.sst 109483.sst 109485.sst 109486.sst 
2019/10/17-14:54:14.019682 7fc3a9fcb700 Write Ahead Log file in /home/rahul/dev/blockchain-core/eqc/ledger.db: 114881.log size: 0 ; 
2019/10/17-14:54:14.019727 7fc3a9fcb700                         Options.error_if_exists: 0
2019/10/17-14:54:14.019728 7fc3a9fcb700                       Options.create_if_missing: 1
2019/10/17-14:54:14.019730 7fc3a9fcb700                         Options.paranoid_checks: 1
2019/10/17-14:54:14.019731 7fc3a9fcb700                                     Options.env: 0x7fc32ae1fc60
2019/10/17-14:54:14.019732 7fc3a9fcb700                                Options.info_log: 0x7fc35009d700
2019/10/17-14:54:14.019733 7fc3a9fcb700                Options.max_file_opening_threads: 16
2019/10/17-14:54:14.019734 7fc3a9fcb700                              Options.statistics: (nil)
2019/10/17-14:54:14.019735 7fc3a9fcb700                               Options.use_fsync: 0
2019/10/17-14:54:14.019736 7fc3a9fcb700                       Options.max_log_file_size: 0
2019/10/17-14:54:14.019737 7fc3a9fcb700                  Options.max_manifest_file_size: 1073741824
2019/10/17-14:54:14.019738 7fc3a9fcb700                   Options.log_file_time_to_roll: 0
2019/10/17-14:54:14.019739 7fc3a9fcb700                       Options.keep_log_file_num: 1000
2019/10/17-14:54:14.019740 7fc3a9fcb700                    Options.recycle_log_file_num: 0
2019/10/17-14:54:14.019741 7fc3a9fcb700                         Options.allow_fallocate: 1
2019/10/17-14:54:14.019742 7fc3a9fcb700                        Options.allow_mmap_reads: 0
2019/10/17-14:54:14.019743 7fc3a9fcb700                       Options.allow_mmap_writes: 0
2019/10/17-14:54:14.019744 7fc3a9fcb700                        Options.use_direct_reads: 0
2019/10/17-14:54:14.019745 7fc3a9fcb700                        Options.use_direct_io_for_flush_and_compaction: 0
2019/10/17-14:54:14.019746 7fc3a9fcb700          Options.create_missing_column_families: 0
2019/10/17-14:54:14.019747 7fc3a9fcb700                              Options.db_log_dir: 
2019/10/17-14:54:14.019748 7fc3a9fcb700                                 Options.wal_dir: /home/rahul/dev/blockchain-core/eqc/ledger.db
2019/10/17-14:54:14.019749 7fc3a9fcb700                Options.table_cache_numshardbits: 6
2019/10/17-14:54:14.019750 7fc3a9fcb700                      Options.max_subcompactions: 1
2019/10/17-14:54:14.019751 7fc3a9fcb700                  Options.max_background_flushes: -1
2019/10/17-14:54:14.019753 7fc3a9fcb700                         Options.WAL_ttl_seconds: 0
2019/10/17-14:54:14.019754 7fc3a9fcb700                       Options.WAL_size_limit_MB: 0
2019/10/17-14:54:14.019755 7fc3a9fcb700             Options.manifest_preallocation_size: 4194304
2019/10/17-14:54:14.019756 7fc3a9fcb700                     Options.is_fd_close_on_exec: 1
2019/10/17-14:54:14.019757 7fc3a9fcb700                   Options.advise_random_on_open: 1
2019/10/17-14:54:14.019758 7fc3a9fcb700                    Options.db_write_buffer_size: 0
2019/10/17-14:54:14.019759 7fc3a9fcb700                    Options.write_buffer_manager: 0x7fc35003a250
2019/10/17-14:54:14.019760 7fc3a9fcb700         Options.access_hint_on_compaction_start: 1
2019/10/17-14:54:14.019761 7fc3a9fcb700  Options.new_table_reader_for_compaction_inputs: 0
2019/10/17-14:54:14.019762 7fc3a9fcb700           Options.random_access_max_buffer_size: 1048576
2019/10/17-14:54:14.019763 7fc3a9fcb700                      Options.use_adaptive_mutex: 0
2019/10/17-14:54:14.019764 7fc3a9fcb700                            Options.rate_limiter: (nil)
2019/10/17-14:54:14.019775 7fc3a9fcb700     Options.sst_file_manager.rate_bytes_per_sec: 0
2019/10/17-14:54:14.019777 7fc3a9fcb700                       Options.wal_recovery_mode: 2
2019/10/17-14:54:14.019778 7fc3a9fcb700                  Options.enable_thread_tracking: 0
2019/10/17-14:54:14.019779 7fc3a9fcb700                  Options.enable_pipelined_write: 0
2019/10/17-14:54:14.019780 7fc3a9fcb700         Options.allow_concurrent_memtable_write: 1
2019/10/17-14:54:14.019781 7fc3a9fcb700      Options.enable_write_thread_adaptive_yield: 1
2019/10/17-14:54:14.019782 7fc3a9fcb700             Options.write_thread_max_yield_usec: 100
2019/10/17-14:54:14.019783 7fc3a9fcb700            Options.write_thread_slow_yield_usec: 3
2019/10/17-14:54:14.019784 7fc3a9fcb700                               Options.row_cache: None
2019/10/17-14:54:14.019785 7fc3a9fcb700                              Options.wal_filter: None
2019/10/17-14:54:14.019786 7fc3a9fcb700             Options.avoid_flush_during_recovery: 0
2019/10/17-14:54:14.019787 7fc3a9fcb700             Options.allow_ingest_behind: 0
2019/10/17-14:54:14.019788 7fc3a9fcb700             Options.preserve_deletes: 0
2019/10/17-14:54:14.019789 7fc3a9fcb700             Options.two_write_queues: 0
2019/10/17-14:54:14.019790 7fc3a9fcb700             Options.manual_wal_flush: 0
2019/10/17-14:54:14.019791 7fc3a9fcb700             Options.max_background_jobs: 2
2019/10/17-14:54:14.019792 7fc3a9fcb700             Options.max_background_compactions: -1
2019/10/17-14:54:14.019793 7fc3a9fcb700             Options.avoid_flush_during_shutdown: 0
2019/10/17-14:54:14.019794 7fc3a9fcb700           Options.writable_file_max_buffer_size: 1048576
2019/10/17-14:54:14.019795 7fc3a9fcb700             Options.delayed_write_rate : 16777216
2019/10/17-14:54:14.019796 7fc3a9fcb700             Options.max_total_wal_size: 0
2019/10/17-14:54:14.019797 7fc3a9fcb700             Options.delete_obsolete_files_period_micros: 21600000000
2019/10/17-14:54:14.019798 7fc3a9fcb700                   Options.stats_dump_period_sec: 600
2019/10/17-14:54:14.019799 7fc3a9fcb700                          Options.max_open_files: -1
2019/10/17-14:54:14.019800 7fc3a9fcb700                          Options.bytes_per_sync: 0
2019/10/17-14:54:14.019801 7fc3a9fcb700                      Options.wal_bytes_per_sync: 0
2019/10/17-14:54:14.019802 7fc3a9fcb700       Options.compaction_readahead_size: 0
2019/10/17-14:54:14.019803 7fc3a9fcb700 Compression algorithms supported:
2019/10/17-14:54:14.019804 7fc3a9fcb700 	kZSTDNotFinalCompression supported: 0
2019/10/17-14:54:14.019806 7fc3a9fcb700 	kZSTD supported: 0
2019/10/17-14:54:14.019807 7fc3a9fcb700 	kXpressCompression supported: 0
2019/10/17-14:54:14.019808 7fc3a9fcb700 	kLZ4HCCompression supported: 0
2019/10/17-14:54:14.019809 7fc3a9fcb700 	kLZ4Compression supported: 0
2019/10/17-14:54:14.019810 7fc3a9fcb700 	kBZip2Compression supported: 0
2019/10/17-14:54:14.019811 7fc3a9fcb700 	kZlibCompression supported: 0
2019/10/17-14:54:14.019812 7fc3a9fcb700 	kSnappyCompression supported: 0
2019/10/17-14:54:14.019815 7fc3a9fcb700 Fast CRC32 supported: Supported on x86
2019/10/17-14:54:14.019935 7fc3a9fcb700 [db/version_set.cc:3507] Recovering from manifest file: MANIFEST-114880
2019/10/17-14:54:14.019977 7fc3a9fcb700 [db/column_family.cc:472] --------------- Options for column family [default]:
2019/10/17-14:54:14.019979 7fc3a9fcb700               Options.comparator: leveldb.BytewiseComparator
2019/10/17-14:54:14.019980 7fc3a9fcb700           Options.merge_operator: None
2019/10/17-14:54:14.019981 7fc3a9fcb700        Options.compaction_filter: None
2019/10/17-14:54:14.019982 7fc3a9fcb700        Options.compaction_filter_factory: None
2019/10/17-14:54:14.019983 7fc3a9fcb700         Options.memtable_factory: SkipListFactory
2019/10/17-14:54:14.019984 7fc3a9fcb700            Options.table_factory: BlockBasedTable
2019/10/17-14:54:14.020003 7fc3a9fcb700            table_factory options:   flush_block_policy_factory: FlushBlockBySizePolicyFactory (0x7fc35005c4f0)
  cache_index_and_filter_blocks: 0
  cache_index_and_filter_blocks_with_high_priority: 0
  pin_l0_filter_and_index_blocks_in_cache: 0
  pin_top_level_index_and_filter: 1
  index_type: 0
  hash_index_allow_collision: 1
  checksum: 1
  no_block_cache: 0
  block_cache: 0x7fc3500e3840
  block_cache_name: LRUCache
  block_cache_options:
    capacity : 8388608
    num_shard_bits : 4
    strict_capacity_limit : 0
    memory_allocator : None
    high_pri_pool_ratio: 0.000
  block_cache_compressed: (nil)
  persistent_cache: (nil)
  block_size: 4096
  block_size_deviation: 10
  block_restart_interval: 16
  index_block_restart_interval: 1
  metadata_block_size: 4096
  partition_filters: 0
  use_delta_encoding: 1
  filter_policy: nullptr
  whole_key_filtering: 1
  verify_compression: 0
  read_amp_bytes_per_bit: 0
  format_version: 2
  enable_index_compression: 1
  block_align: 0
2019/10/17-14:54:14.020014 7fc3a9fcb700        Options.write_buffer_size: 67108864
2019/10/17-14:54:14.020016 7fc3a9fcb700  Options.max_write_buffer_number: 2
2019/10/17-14:54:14.020017 7fc3a9fcb700          Options.compression: NoCompression
2019/10/17-14:54:14.020018 7fc3a9fcb700                  Options.bottommost_compression: Disabled
2019/10/17-14:54:14.020019 7fc3a9fcb700       Options.prefix_extractor: nullptr
2019/10/17-14:54:14.020020 7fc3a9fcb700   Options.memtable_insert_with_hint_prefix_extractor: nullptr
2019/10/17-14:54:14.020021 7fc3a9fcb700             Options.num_levels: 7
2019/10/17-14:54:14.020022 7fc3a9fcb700        Options.min_write_buffer_number_to_merge: 1
2019/10/17-14:54:14.020023 7fc3a9fcb700     Options.max_write_buffer_number_to_maintain: 0
2019/10/17-14:54:14.020024 7fc3a9fcb700            Options.bottommost_compression_opts.window_bits: -14
2019/10/17-14:54:14.020025 7fc3a9fcb700                  Options.bottommost_compression_opts.level: 32767
2019/10/17-14:54:14.020026 7fc3a9fcb700               Options.bottommost_compression_opts.strategy: 0
2019/10/17-14:54:14.020027 7fc3a9fcb700         Options.bottommost_compression_opts.max_dict_bytes: 0
2019/10/17-14:54:14.020028 7fc3a9fcb700         Options.bottommost_compression_opts.zstd_max_train_bytes: 0
2019/10/17-14:54:14.020029 7fc3a9fcb700                  Options.bottommost_compression_opts.enabled: false
2019/10/17-14:54:14.020030 7fc3a9fcb700            Options.compression_opts.window_bits: -14
2019/10/17-14:54:14.020031 7fc3a9fcb700                  Options.compression_opts.level: 32767
2019/10/17-14:54:14.020032 7fc3a9fcb700               Options.compression_opts.strategy: 0
2019/10/17-14:54:14.020033 7fc3a9fcb700         Options.compression_opts.max_dict_bytes: 0
2019/10/17-14:54:14.020034 7fc3a9fcb700         Options.compression_opts.zstd_max_train_bytes: 0
2019/10/17-14:54:14.020035 7fc3a9fcb700                  Options.compression_opts.enabled: false
2019/10/17-14:54:14.020036 7fc3a9fcb700      Options.level0_file_num_compaction_trigger: 4
2019/10/17-14:54:14.020037 7fc3a9fcb700          Options.level0_slowdown_writes_trigger: 20
2019/10/17-14:54:14.020038 7fc3a9fcb700              Options.level0_stop_writes_trigger: 36
2019/10/17-14:54:14.020039 7fc3a9fcb700                   Options.target_file_size_base: 67108864
2019/10/17-14:54:14.020040 7fc3a9fcb700             Options.target_file_size_multiplier: 1
2019/10/17-14:54:14.020041 7fc3a9fcb700                Options.max_bytes_for_level_base: 268435456
2019/10/17-14:54:14.020042 7fc3a9fcb700 Options.level_compaction_dynamic_level_bytes: 0
2019/10/17-14:54:14.020043 7fc3a9fcb700          Options.max_bytes_for_level_multiplier: 10.000000
2019/10/17-14:54:14.020046 7fc3a9fcb700 Options.max_bytes_for_level_multiplier_addtl[0]: 1
2019/10/17-14:54:14.020047 7fc3a9fcb700 Options.max_bytes_for_level_multiplier_addtl[1]: 1
2019/10/17-14:54:14.020048 7fc3a9fcb700 Options.max_bytes_for_level_multiplier_addtl[2]: 1
2019/10/17-14:54:14.020049 7fc3a9fcb700 Options.max_bytes_for_level_multiplier_addtl[3]: 1
2019/10/17-14:54:14.020050 7fc3a9fcb700 Options.max_bytes_for_level_multiplier_addtl[4]: 1
2019/10/17-14:54:14.020056 7fc3a9fcb700 Options.max_bytes_for_level_multiplier_addtl[5]: 1
2019/10/17-14:54:14.020057 7fc3a9fcb700 Options.max_bytes_for_level_multiplier_addtl[6]: 1
2019/10/17-14:54:14.020058 7fc3a9fcb700       Options.max_sequential_skip_in_iterations: 8
2019/10/17-14:54:14.020059 7fc3a9fcb700                    Options.max_compaction_bytes: 1677721600
2019/10/17-14:54:14.020060 7fc3a9fcb700                        Options.arena_block_size: 8388608
2019/10/17-14:54:14.020061 7fc3a9fcb700   Options.soft_pending_compaction_bytes_limit: 68719476736
2019/10/17-14:54:14.020062 7fc3a9fcb700   Options.hard_pending_compaction_bytes_limit: 274877906944
2019/10/17-14:54:14.020064 7fc3a9fcb700       Options.rate_limit_delay_max_milliseconds: 100
2019/10/17-14:54:14.020064 7fc3a9fcb700                Options.disable_auto_compactions: 0
2019/10/17-14:54:14.020066 7fc3a9fcb700                        Options.compaction_style: kCompactionStyleLevel
2019/10/17-14:54:14.020067 7fc3a9fcb700                          Options.compaction_pri: kByCompensatedSize
2019/10/17-14:54:14.020069 7fc3a9fcb700 Options.compaction_options_universal.size_ratio: 1
2019/10/17-14:54:14.020070 7fc3a9fcb700 Options.compaction_options_universal.min_merge_width: 2
2019/10/17-14:54:14.020071 7fc3a9fcb700 Options.compaction_options_universal.max_merge_width: 4294967295
2019/10/17-14:54:14.020072 7fc3a9fcb700 Options.compaction_options_universal.max_size_amplification_percent: 200
2019/10/17-14:54:14.020073 7fc3a9fcb700 Options.compaction_options_universal.compression_size_percent: -1
2019/10/17-14:54:14.020074 7fc3a9fcb700 Options.compaction_options_universal.stop_style: kCompactionStopStyleTotalSize
2019/10/17-14:54:14.020075 7fc3a9fcb700 Options.compaction_options_fifo.max_table_files_size: 1073741824
2019/10/17-14:54:14.020076 7fc3a9fcb700 Options.compaction_options_fifo.allow_compaction: 0
2019/10/17-14:54:14.020077 7fc3a9fcb700 Options.compaction_options_fifo.ttl: 0
2019/10/17-14:54:14.020078 7fc3a9fcb700                   Options.table_properties_collectors: 
2019/10/17-14:54:14.020079 7fc3a9fcb700                   Options.inplace_update_support: 0
2019/10/17-14:54:14.020080 7fc3a9fcb700                 Options.inplace_update_num_locks: 10000
2019/10/17-14:54:14.020081 7fc3a9fcb700               Options.memtable_prefix_bloom_size_ratio: 0.000000
2019/10/17-14:54:14.020083 7fc3a9fcb700   Options.memtable_huge_page_size: 0
2019/10/17-14:54:14.020084 7fc3a9fcb700                           Options.bloom_locality: 0
2019/10/17-14:54:14.020085 7fc3a9fcb700                    Options.max_successive_merges: 0
2019/10/17-14:54:14.020086 7fc3a9fcb700                Options.optimize_filters_for_hits: 0
2019/10/17-14:54:14.020087 7fc3a9fcb700                Options.paranoid_file_checks: 0
2019/10/17-14:54:14.020088 7fc3a9fcb700                Options.force_consistency_checks: 0
2019/10/17-14:54:14.020089 7fc3a9fcb700                Options.report_bg_io_stats: 0
2019/10/17-14:54:14.020090 7fc3a9fcb700                               Options.ttl: 0
2019/10/17-14:54:14.020137 7fc3a9fcb700 [db/column_family.cc:472] --------------- Options for column family [active_gateways]:
2019/10/17-14:54:14.020140 7fc3a9fcb700               Options.comparator: leveldb.BytewiseComparator
2019/10/17-14:54:14.020141 7fc3a9fcb700           Options.merge_operator: None
2019/10/17-14:54:14.020142 7fc3a9fcb700        Options.compaction_filter: None
2019/10/17-14:54:14.020143 7fc3a9fcb700        Options.compaction_filter_factory: None
2019/10/17-14:54:14.020144 7fc3a9fcb700         Options.memtable_factory: SkipListFactory
2019/10/17-14:54:14.020145 7fc3a9fcb700            Options.table_factory: BlockBasedTable
2019/10/17-14:54:14.020159 7fc3a9fcb700            table_factory options:   flush_block_policy_factory: FlushBlockBySizePolicyFactory (0x7fc3500a06b0)
  cache_index_and_filter_blocks: 0
  cache_index_and_filter_blocks_with_high_priority: 0
  pin_l0_filter_and_index_blocks_in_cache: 0
  pin_top_level_index_and_filter: 1
  index_type: 0
  hash_index_allow_collision: 1
  checksum: 1
  no_block_cache: 0
  block_cache: 0x7fc350070a00
  block_cache_name: LRUCache
  block_cache_options:
    capacity : 8388608
    num_shard_bits : 4
    strict_capacity_limit : 0
    memory_allocator : None
    high_pri_pool_ratio: 0.000
  block_cache_compressed: (nil)
  persistent_cache: (nil)
  block_size: 4096
  block_size_deviation: 10
  block_restart_interval: 16
  index_block_restart_interval: 1
  metadata_block_size: 4096
  partition_filters: 0
  use_delta_encoding: 1
  filter_policy: nullptr
  whole_key_filtering: 1
  verify_compression: 0
  read_amp_bytes_per_bit: 0
  format_version: 2
  enable_index_compression: 1
  block_align: 0
2019/10/17-14:54:14.020169 7fc3a9fcb700        Options.write_buffer_size: 67108864
2019/10/17-14:54:14.020170 7fc3a9fcb700  Options.max_write_buffer_number: 2
2019/10/17-14:54:14.020171 7fc3a9fcb700          Options.compression: NoCompression
2019/10/17-14:54:14.020172 7fc3a9fcb700                  Options.bottommost_compression: Disabled
2019/10/17-14:54:14.020173 7fc3a9fcb700       Options.prefix_extractor: nullptr
2019/10/17-14:54:14.020174 7fc3a9fcb700   Options.memtable_insert_with_hint_prefix_extractor: nullptr
2019/10/17-14:54:14.020175 7fc3a9fcb700             Options.num_levels: 7
2019/10/17-14:54:14.020176 7fc3a9fcb700        Options.min_write_buffer_number_to_merge: 1
2019/10/17-14:54:14.020177 7fc3a9fcb700     Options.max_write_buffer_number_to_maintain: 0
2019/10/17-14:54:14.020178 7fc3a9fcb700            Options.bottommost_compression_opts.window_bits: -14
2019/10/17-14:54:14.020179 7fc3a9fcb700                  Options.bottommost_compression_opts.level: 32767
2019/10/17-14:54:14.020180 7fc3a9fcb700               Options.bottommost_compression_opts.strategy: 0
2019/10/17-14:54:14.020181 7fc3a9fcb700         Options.bottommost_compression_opts.max_dict_bytes: 0
2019/10/17-14:54:14.020182 7fc3a9fcb700         Options.bottommost_compression_opts.zstd_max_train_bytes: 0
2019/10/17-14:54:14.020183 7fc3a9fcb700                  Options.bottommost_compression_opts.enabled: false
2019/10/17-14:54:14.020184 7fc3a9fcb700            Options.compression_opts.window_bits: -14
2019/10/17-14:54:14.020185 7fc3a9fcb700                  Options.compression_opts.level: 32767
2019/10/17-14:54:14.020186 7fc3a9fcb700               Options.compression_opts.strategy: 0
2019/10/17-14:54:14.020187 7fc3a9fcb700         Options.compression_opts.max_dict_bytes: 0
2019/10/17-14:54:14.020188 7fc3a9fcb700         Options.compression_opts.zstd_max_train_bytes: 0
2019/10/17-14:54:14.020189 7fc3a9fcb700                  Options.compression_opts.enabled: false
2019/10/17-14:54:14.020190 7fc3a9fcb700      Options.level0_file_num_compaction_trigger: 4
2019/10/17-14:54:14.020191 7fc3a9fcb700          Options.level0_slowdown_writes_trigger: 20
2019/10/17-14:54:14.020192 7fc3a9fcb700              Options.level0_stop_writes_trigger: 36
2019/10/17-14:54:14.020193 7fc3a9fcb700                   Options.target_file_size_base: 67108864
2019/10/17-14:54:14.020194 7fc3a9fcb700             Options.target_file_size_multiplier: 1
2019/10/17-14:54:14.020195 7fc3a9fcb700                Options.max_bytes_for_level_base: 268435456
2019/10/17-14:54:14.020196 7fc3a9fcb700 Options.level_compaction_dynamic_level_bytes: 0
2019/10/17-14:54:14.020197 7fc3a9fcb700          Options.max_bytes_for_level_multiplier: 10.000000
2019/10/17-14:54:14.020199 7fc3a9fcb700 Options.max_bytes_for_level_multiplier_addtl[0]: 1
2019/10/17-14:54:14.020200 7fc3a9fcb700 Options.max_bytes_for_level_multiplier_addtl[1]: 1
2019/10/17-14:54:14.020201 7fc3a9fcb700 Options.max_bytes_for_level_multiplier_addtl[2]: 1
2019/10/17-14:54:14.020202 7fc3a9fcb700 Options.max_bytes_for_level_multiplier_addtl[3]: 1
2019/10/17-14:54:14.020203 7fc3a9fcb700 Options.max_bytes_for_level_multiplier_addtl[4]: 1
2019/10/17-14:54:14.020204 7fc3a9fcb700 Options.max_bytes_for_level_multiplier_addtl[5]: 1
2019/10/17-14:54:14.020205 7fc3a9fcb700 Options.max_bytes_for_level_multiplier_addtl[6]: 1
2019/10/17-14:54:14.020206 7fc3a9fcb700       Options.max_sequential_skip_in_iterations: 8
2019/10/17-14:54:14.020212 7fc3a9fcb700                    Options.max_compaction_bytes: 1677721600
2019/10/17-14:54:14.020213 7fc3a9fcb700                        Options.arena_block_size: 8388608
2019/10/17-14:54:14.020214 7fc3a9fcb700   Options.soft_pending_compaction_bytes_limit: 68719476736
2019/10/17-14:54:14.020215 7fc3a9fcb700   Options.hard_pending_compaction_bytes_limit: 274877906944
2019/10/17-14:54:14.020216 7fc3a9fcb700       Options.rate_limit_delay_max_milliseconds: 100
2019/10/17-14:54:14.020217 7fc3a9fcb700                Options.disable_auto_compactions: 0
2019/10/17-14:54:14.020219 7fc3a9fcb700                        Options.compaction_style: kCompactionStyleLevel
2019/10/17-14:54:14.020220 7fc3a9fcb700                          Options.compaction_pri: kByCompensatedSize
2019/10/17-14:54:14.020221 7fc3a9fcb700 Options.compaction_options_universal.size_ratio: 1
2019/10/17-14:54:14.020222 7fc3a9fcb700 Options.compaction_options_universal.min_merge_width: 2
2019/10/17-14:54:14.020223 7fc3a9fcb700 Options.compaction_options_universal.max_merge_width: 4294967295
2019/10/17-14:54:14.020224 7fc3a9fcb700 Options.compaction_options_universal.max_size_amplification_percent: 200
2019/10/17-14:54:14.020225 7fc3a9fcb700 Options.compaction_options_universal.compression_size_percent: -1
2019/10/17-14:54:14.020226 7fc3a9fcb700 Options.compaction_options_universal.stop_style: kCompactionStopStyleTotalSize
2019/10/17-14:54:14.020227 7fc3a9fcb700 Options.compaction_options_fifo.max_table_files_size: 1073741824
2019/10/17-14:54:14.020228 7fc3a9fcb700 Options.compaction_options_fifo.allow_compaction: 0
2019/10/17-14:54:14.020229 7fc3a9fcb700 Options.compaction_options_fifo.ttl: 0
2019/10/17-14:54:14.020230 7fc3a9fcb700                   Options.table_properties_collectors: 
2019/10/17-14:54:14.020231 7fc3a9fcb700                   Options.inplace_update_support: 0
2019/10/17-14:54:14.020232 7fc3a9fcb700                 Options.inplace_update_num_locks: 10000
2019/10/17-14:54:14.020233 7fc3a9fcb700               Options.memtable_prefix_bloom_size_ratio: 0.000000
2019/10/17-14:54:14.020235 7fc3a9fcb700   Options.memtable_huge_page_size: 0
2019/10/17-14:54:14.020236 7fc3a9fcb700                           Options.bloom_locality: 0
2019/10/17-14:54:14.020237 7fc3a9fcb700                    Options.max_successive_merges: 0
2019/10/17-14:54:14.020238 7fc3a9fcb700                Options.optimize_filters_for_hits: 0
2019/10/17-14:54:14.020239 7fc3a9fcb700                Options.paranoid_file_checks: 0
2019/10/17-14:54:14.020240 7fc3a9fcb700                Options.force_consistency_checks: 0
2019/10/17-14:54:14.020241 7fc3a9fcb700                Options.report_bg_io_stats: 0
2019/10/17-14:54:14.020242 7fc3a9fcb700                               Options.ttl: 0
2019/10/17-14:54:14.020263 7fc3a9fcb700 [db/column_family.cc:472] --------------- Options for column family [entries]:
2019/10/17-14:54:14.020265 7fc3a9fcb700               Options.comparator: leveldb.BytewiseComparator
2019/10/17-14:54:14.020266 7fc3a9fcb700           Options.merge_operator: None
2019/10/17-14:54:14.020267 7fc3a9fcb700        Options.compaction_filter: None
2019/10/17-14:54:14.020268 7fc3a9fcb700        Options.compaction_filter_factory: None
2019/10/17-14:54:14.020269 7fc3a9fcb700         Options.memtable_factory: SkipListFactory
2019/10/17-14:54:14.020270 7fc3a9fcb700            Options.table_factory: BlockBasedTable
2019/10/17-14:54:14.020282 7fc3a9fcb700            table_factory options:   flush_block_policy_factory: FlushBlockBySizePolicyFactory (0x7fc350057440)
  cache_index_and_filter_blocks: 0
  cache_index_and_filter_blocks_with_high_priority: 0
  pin_l0_filter_and_index_blocks_in_cache: 0
  pin_top_level_index_and_filter: 1
  index_type: 0
  hash_index_allow_collision: 1
  checksum: 1
  no_block_cache: 0
  block_cache: 0x7fc3500894d0
  block_cache_name: LRUCache
  block_cache_options:
    capacity : 8388608
    num_shard_bits : 4
    strict_capacity_limit : 0
    memory_allocator : None
    high_pri_pool_ratio: 0.000
  block_cache_compressed: (nil)
  persistent_cache: (nil)
  block_size: 4096
  block_size_deviation: 10
  block_restart_interval: 16
  index_block_restart_interval: 1
  metadata_block_size: 4096
  partition_filters: 0
  use_delta_encoding: 1
  filter_policy: nullptr
  whole_key_filtering: 1
  verify_compression: 0
  read_amp_bytes_per_bit: 0
  format_version: 2
  enable_index_compression: 1
  block_align: 0
2019/10/17-14:54:14.020290 7fc3a9fcb700        Options.write_buffer_size: 67108864
2019/10/17-14:54:14.020291 7fc3a9fcb700  Options.max_write_buffer_number: 2
2019/10/17-14:54:14.020293 7fc3a9fcb700          Options.compression: NoCompression
2019/10/17-14:54:14.020294 7fc3a9fcb700                  Options.bottommost_compression: Disabled
2019/10/17-14:54:14.020295 7fc3a9fcb700       Options.prefix_extractor: nullptr
2019/10/17-14:54:14.020296 7fc3a9fcb700   Options.memtable_insert_with_hint_prefix_extractor: nullptr
2019/10/17-14:54:14.020297 7fc3a9fcb700             Options.num_levels: 7
2019/10/17-14:54:14.020298 7fc3a9fcb700        Options.min_write_buffer_number_to_merge: 1
2019/10/17-14:54:14.020299 7fc3a9fcb700     Options.max_write_buffer_number_to_maintain: 0
2019/10/17-14:54:14.020300 7fc3a9fcb700            Options.bottommost_compression_opts.window_bits: -14
2019/10/17-14:54:14.020301 7fc3a9fcb700                  Options.bottommost_compression_opts.level: 32767
2019/10/17-14:54:14.020302 7fc3a9fcb700               Options.bottommost_compression_opts.strategy: 0
2019/10/17-14:54:14.020303 7fc3a9fcb700         Options.bottommost_compression_opts.max_dict_bytes: 0
2019/10/17-14:54:14.020304 7fc3a9fcb700         Options.bottommost_compression_opts.zstd_max_train_bytes: 0
2019/10/17-14:54:14.020305 7fc3a9fcb700                  Options.bottommost_compression_opts.enabled: false
2019/10/17-14:54:14.020306 7fc3a9fcb700            Options.compression_opts.window_bits: -14
2019/10/17-14:54:14.020307 7fc3a9fcb700                  Options.compression_opts.level: 32767
2019/10/17-14:54:14.020308 7fc3a9fcb700               Options.compression_opts.strategy: 0
2019/10/17-14:54:14.020309 7fc3a9fcb700         Options.compression_opts.max_dict_bytes: 0
2019/10/17-14:54:14.020310 7fc3a9fcb700         Options.compression_opts.zstd_max_train_bytes: 0
2019/10/17-14:54:14.020311 7fc3a9fcb700                  Options.compression_opts.enabled: false
2019/10/17-14:54:14.020312 7fc3a9fcb700      Options.level0_file_num_compaction_trigger: 4
2019/10/17-14:54:14.020313 7fc3a9fcb700          Options.level0_slowdown_writes_trigger: 20
2019/10/17-14:54:14.020314 7fc3a9fcb700              Options.level0_stop_writes_trigger: 36
2019/10/17-14:54:14.020315 7fc3a9fcb700                   Options.target_file_size_base: 67108864
2019/10/17-14:54:14.020316 7fc3a9fcb700             Options.target_file_size_multiplier: 1
2019/10/17-14:54:14.020317 7fc3a9fcb700                Options.max_bytes_for_level_base: 268435456
2019/10/17-14:54:14.020318 7fc3a9fcb700 Options.level_compaction_dynamic_level_bytes: 0
2019/10/17-14:54:14.020319 7fc3a9fcb700          Options.max_bytes_for_level_multiplier: 10.000000
2019/10/17-14:54:14.020320 7fc3a9fcb700 Options.max_bytes_for_level_multiplier_addtl[0]: 1
2019/10/17-14:54:14.020321 7fc3a9fcb700 Options.max_bytes_for_level_multiplier_addtl[1]: 1
2019/10/17-14:54:14.020323 7fc3a9fcb700 Options.max_bytes_for_level_multiplier_addtl[2]: 1
2019/10/17-14:54:14.020324 7fc3a9fcb700 Options.max_bytes_for_level_multiplier_addtl[3]: 1
2019/10/17-14:54:14.020325 7fc3a9fcb700 Options.max_bytes_for_level_multiplier_addtl[4]: 1
2019/10/17-14:54:14.020326 7fc3a9fcb700 Options.max_bytes_for_level_multiplier_addtl[5]: 1
2019/10/17-14:54:14.020327 7fc3a9fcb700 Options.max_bytes_for_level_multiplier_addtl[6]: 1
2019/10/17-14:54:14.020328 7fc3a9fcb700       Options.max_sequential_skip_in_iterations: 8
2019/10/17-14:54:14.020329 7fc3a9fcb700                    Options.max_compaction_bytes: 1677721600
2019/10/17-14:54:14.020330 7fc3a9fcb700                        Options.arena_block_size: 8388608
2019/10/17-14:54:14.020331 7fc3a9fcb700   Options.soft_pending_compaction_bytes_limit: 68719476736
2019/10/17-14:54:14.020336 7fc3a9fcb700   Options.hard_pending_compaction_bytes_limit: 274877906944
2019/10/17-14:54:14.020338 7fc3a9fcb700       Options.rate_limit_delay_max_milliseconds: 100
2019/10/17-14:54:14.020339 7fc3a9fcb700                Options.disable_auto_compactions: 0
2019/10/17-14:54:14.020340 7fc3a9fcb700                        Options.compaction_style: kCompactionStyleLevel
2019/10/17-14:54:14.020341 7fc3a9fcb700                          Options.compaction_pri: kByCompensatedSize
2019/10/17-14:54:14.020342 7fc3a9fcb700 Options.compaction_options_universal.size_ratio: 1
2019/10/17-14:54:14.020343 7fc3a9fcb700 Options.compaction_options_universal.min_merge_width: 2
2019/10/17-14:54:14.020344 7fc3a9fcb700 Options.compaction_options_universal.max_merge_width: 4294967295
2019/10/17-14:54:14.020345 7fc3a9fcb700 Options.compaction_options_universal.max_size_amplification_percent: 200
2019/10/17-14:54:14.020346 7fc3a9fcb700 Options.compaction_options_universal.compression_size_percent: -1
2019/10/17-14:54:14.020347 7fc3a9fcb700 Options.compaction_options_universal.stop_style: kCompactionStopStyleTotalSize
2019/10/17-14:54:14.020348 7fc3a9fcb700 Options.compaction_options_fifo.max_table_files_size: 1073741824
2019/10/17-14:54:14.020349 7fc3a9fcb700 Options.compaction_options_fifo.allow_compaction: 0
2019/10/17-14:54:14.020350 7fc3a9fcb700 Options.compaction_options_fifo.ttl: 0
2019/10/17-14:54:14.020351 7fc3a9fcb700                   Options.table_properties_collectors: 
2019/10/17-14:54:14.020352 7fc3a9fcb700                   Options.inplace_update_support: 0
2019/10/17-14:54:14.020353 7fc3a9fcb700                 Options.inplace_update_num_locks: 10000
2019/10/17-14:54:14.020354 7fc3a9fcb700               Options.memtable_prefix_bloom_size_ratio: 0.000000
2019/10/17-14:54:14.020356 7fc3a9fcb700   Options.memtable_huge_page_size: 0
2019/10/17-14:54:14.020357 7fc3a9fcb700                           Options.bloom_locality: 0
2019/10/17-14:54:14.020358 7fc3a9fcb700                    Options.max_successive_merges: 0
2019/10/17-14:54:14.020359 7fc3a9fcb700                Options.optimize_filters_for_hits: 0
2019/10/17-14:54:14.020360 7fc3a9fcb700                Options.paranoid_file_checks: 0
2019/10/17-14:54:14.020361 7fc3a9fcb700                Options.force_consistency_checks: 0
2019/10/17-14:54:14.020362 7fc3a9fcb700                Options.report_bg_io_stats: 0
2019/10/17-14:54:14.020363 7fc3a9fcb700                               Options.ttl: 0
2019/10/17-14:54:14.020380 7fc3a9fcb700 [db/column_family.cc:472] --------------- Options for column family [dc_entries]:
2019/10/17-14:54:14.020382 7fc3a9fcb700               Options.comparator: leveldb.BytewiseComparator
2019/10/17-14:54:14.020383 7fc3a9fcb700           Options.merge_operator: None
2019/10/17-14:54:14.020384 7fc3a9fcb700        Options.compaction_filter: None
2019/10/17-14:54:14.020385 7fc3a9fcb700        Options.compaction_filter_factory: None
2019/10/17-14:54:14.020386 7fc3a9fcb700         Options.memtable_factory: SkipListFactory
2019/10/17-14:54:14.020387 7fc3a9fcb700            Options.table_factory: BlockBasedTable
2019/10/17-14:54:14.020399 7fc3a9fcb700            table_factory options:   flush_block_policy_factory: FlushBlockBySizePolicyFactory (0x7fc35002cbf0)
  cache_index_and_filter_blocks: 0
  cache_index_and_filter_blocks_with_high_priority: 0
  pin_l0_filter_and_index_blocks_in_cache: 0
  pin_top_level_index_and_filter: 1
  index_type: 0
  hash_index_allow_collision: 1
  checksum: 1
  no_block_cache: 0
  block_cache: 0x7fc35007e670
  block_cache_name: LRUCache
  block_cache_options:
    capacity : 8388608
    num_shard_bits : 4
    strict_capacity_limit : 0
    memory_allocator : None
    high_pri_pool_ratio: 0.000
  block_cache_compressed: (nil)
  persistent_cache: (nil)
  block_size: 4096
  block_size_deviation: 10
  block_restart_interval: 16
  index_block_restart_interval: 1
  metadata_block_size: 4096
  partition_filters: 0
  use_delta_encoding: 1
  filter_policy: nullptr
  whole_key_filtering: 1
  verify_compression: 0
  read_amp_bytes_per_bit: 0
  format_version: 2
  enable_index_compression: 1
  block_align: 0
2019/10/17-14:54:14.020407 7fc3a9fcb700        Options.write_buffer_size: 67108864
2019/10/17-14:54:14.020408 7fc3a9fcb700  Options.max_write_buffer_number: 2
2019/10/17-14:54:14.020410 7fc3a9fcb700          Options.compression: NoCompression
2019/10/17-14:54:14.020411 7fc3a9fcb700                  Options.bottommost_compression: Disabled
2019/10/17-14:54:14.020412 7fc3a9fcb700       Options.prefix_extractor: nullptr
2019/10/17-14:54:14.020413 7fc3a9fcb700   Options.memtable_insert_with_hint_prefix_extractor: nullptr
2019/10/17-14:54:14.020414 7fc3a9fcb700             Options.num_levels: 7
2019/10/17-14:54:14.020415 7fc3a9fcb700        Options.min_write_buffer_number_to_merge: 1
2019/10/17-14:54:14.020416 7fc3a9fcb700     Options.max_write_buffer_number_to_maintain: 0
2019/10/17-14:54:14.020417 7fc3a9fcb700            Options.bottommost_compression_opts.window_bits: -14
2019/10/17-14:54:14.020418 7fc3a9fcb700                  Options.bottommost_compression_opts.level: 32767
2019/10/17-14:54:14.020419 7fc3a9fcb700               Options.bottommost_compression_opts.strategy: 0
2019/10/17-14:54:14.020420 7fc3a9fcb700         Options.bottommost_compression_opts.max_dict_bytes: 0
2019/10/17-14:54:14.020421 7fc3a9fcb700         Options.bottommost_compression_opts.zstd_max_train_bytes: 0
2019/10/17-14:54:14.020422 7fc3a9fcb700                  Options.bottommost_compression_opts.enabled: false
2019/10/17-14:54:14.020423 7fc3a9fcb700            Options.compression_opts.window_bits: -14
2019/10/17-14:54:14.020424 7fc3a9fcb700                  Options.compression_opts.level: 32767
2019/10/17-14:54:14.020425 7fc3a9fcb700               Options.compression_opts.strategy: 0
2019/10/17-14:54:14.020426 7fc3a9fcb700         Options.compression_opts.max_dict_bytes: 0
2019/10/17-14:54:14.020427 7fc3a9fcb700         Options.compression_opts.zstd_max_train_bytes: 0
2019/10/17-14:54:14.020428 7fc3a9fcb700                  Options.compression_opts.enabled: false
2019/10/17-14:54:14.020429 7fc3a9fcb700      Options.level0_file_num_compaction_trigger: 4
2019/10/17-14:54:14.020429 7fc3a9fcb700          Options.level0_slowdown_writes_trigger: 20
2019/10/17-14:54:14.020430 7fc3a9fcb700              Options.level0_stop_writes_trigger: 36
2019/10/17-14:54:14.020432 7fc3a9fcb700                   Options.target_file_size_base: 67108864
2019/10/17-14:54:14.020433 7fc3a9fcb700             Options.target_file_size_multiplier: 1
2019/10/17-14:54:14.020434 7fc3a9fcb700                Options.max_bytes_for_level_base: 268435456
2019/10/17-14:54:14.020435 7fc3a9fcb700 Options.level_compaction_dynamic_level_bytes: 0
2019/10/17-14:54:14.020436 7fc3a9fcb700          Options.max_bytes_for_level_multiplier: 10.000000
2019/10/17-14:54:14.020437 7fc3a9fcb700 Options.max_bytes_for_level_multiplier_addtl[0]: 1
2019/10/17-14:54:14.020438 7fc3a9fcb700 Options.max_bytes_for_level_multiplier_addtl[1]: 1
2019/10/17-14:54:14.020440 7fc3a9fcb700 Options.max_bytes_for_level_multiplier_addtl[2]: 1
2019/10/17-14:54:14.020441 7fc3a9fcb700 Options.max_bytes_for_level_multiplier_addtl[3]: 1
2019/10/17-14:54:14.020442 7fc3a9fcb700 Options.max_bytes_for_level_multiplier_addtl[4]: 1
2019/10/17-14:54:14.020443 7fc3a9fcb700 Options.max_bytes_for_level_multiplier_addtl[5]: 1
2019/10/17-14:54:14.020444 7fc3a9fcb700 Options.max_bytes_for_level_multiplier_addtl[6]: 1
2019/10/17-14:54:14.020445 7fc3a9fcb700       Options.max_sequential_skip_in_iterations: 8
2019/10/17-14:54:14.020446 7fc3a9fcb700                    Options.max_compaction_bytes: 1677721600
2019/10/17-14:54:14.020447 7fc3a9fcb700                        Options.arena_block_size: 8388608
2019/10/17-14:54:14.020448 7fc3a9fcb700   Options.soft_pending_compaction_bytes_limit: 68719476736
2019/10/17-14:54:14.020449 7fc3a9fcb700   Options.hard_pending_compaction_bytes_limit: 274877906944
2019/10/17-14:54:14.020450 7fc3a9fcb700       Options.rate_limit_delay_max_milliseconds: 100
2019/10/17-14:54:14.020451 7fc3a9fcb700                Options.disable_auto_compactions: 0
2019/10/17-14:54:14.020457 7fc3a9fcb700                        Options.compaction_style: kCompactionStyleLevel
2019/10/17-14:54:14.020458 7fc3a9fcb700                          Options.compaction_pri: kByCompensatedSize
2019/10/17-14:54:14.020459 7fc3a9fcb700 Options.compaction_options_universal.size_ratio: 1
2019/10/17-14:54:14.020460 7fc3a9fcb700 Options.compaction_options_universal.min_merge_width: 2
2019/10/17-14:54:14.020461 7fc3a9fcb700 Options.compaction_options_universal.max_merge_width: 4294967295
2019/10/17-14:54:14.020462 7fc3a9fcb700 Options.compaction_options_universal.max_size_amplification_percent: 200
2019/10/17-14:54:14.020463 7fc3a9fcb700 Options.compaction_options_universal.compression_size_percent: -1
2019/10/17-14:54:14.020465 7fc3a9fcb700 Options.compaction_options_universal.stop_style: kCompactionStopStyleTotalSize
2019/10/17-14:54:14.020466 7fc3a9fcb700 Options.compaction_options_fifo.max_table_files_size: 1073741824
2019/10/17-14:54:14.020467 7fc3a9fcb700 Options.compaction_options_fifo.allow_compaction: 0
2019/10/17-14:54:14.020468 7fc3a9fcb700 Options.compaction_options_fifo.ttl: 0
2019/10/17-14:54:14.020469 7fc3a9fcb700                   Options.table_properties_collectors: 
2019/10/17-14:54:14.020470 7fc3a9fcb700                   Options.inplace_update_support: 0
2019/10/17-14:54:14.020471 7fc3a9fcb700                 Options.inplace_update_num_locks: 10000
2019/10/17-14:54:14.020472 7fc3a9fcb700               Options.memtable_prefix_bloom_size_ratio: 0.000000
2019/10/17-14:54:14.020473 7fc3a9fcb700   Options.memtable_huge_page_size: 0
2019/10/17-14:54:14.020474 7fc3a9fcb700                           Options.bloom_locality: 0
2019/10/17-14:54:14.020475 7fc3a9fcb700                    Options.max_successive_merges: 0
2019/10/17-14:54:14.020476 7fc3a9fcb700                Options.optimize_filters_for_hits: 0
2019/10/17-14:54:14.020477 7fc3a9fcb700                Options.paranoid_file_checks: 0
2019/10/17-14:54:14.020478 7fc3a9fcb700                Options.force_consistency_checks: 0
2019/10/17-14:54:14.020479 7fc3a9fcb700                Options.report_bg_io_stats: 0
2019/10/17-14:54:14.020480 7fc3a9fcb700                               Options.ttl: 0
2019/10/17-14:54:14.020496 7fc3a9fcb700 [db/column_family.cc:472] --------------- Options for column family [htlcs]:
2019/10/17-14:54:14.020497 7fc3a9fcb700               Options.comparator: leveldb.BytewiseComparator
2019/10/17-14:54:14.020498 7fc3a9fcb700           Options.merge_operator: None
2019/10/17-14:54:14.020500 7fc3a9fcb700        Options.compaction_filter: None
2019/10/17-14:54:14.020501 7fc3a9fcb700        Options.compaction_filter_factory: None
2019/10/17-14:54:14.020502 7fc3a9fcb700         Options.memtable_factory: SkipListFactory
2019/10/17-14:54:14.020503 7fc3a9fcb700            Options.table_factory: BlockBasedTable
2019/10/17-14:54:14.020514 7fc3a9fcb700            table_factory options:   flush_block_policy_factory: FlushBlockBySizePolicyFactory (0x7fc35003d100)
