2019/10/17-14:54:16.334472 7fc3a9fcb700 RocksDB version: 5.18.3
2019/10/17-14:54:16.334507 7fc3a9fcb700 Git sha rocksdb_build_git_sha:@0@
2019/10/17-14:54:16.334509 7fc3a9fcb700 Compile date Sep 19 2019
2019/10/17-14:54:16.334510 7fc3a9fcb700 DB SUMMARY
2019/10/17-14:54:16.335185 7fc3a9fcb700 CURRENT file:  CURRENT
2019/10/17-14:54:16.335187 7fc3a9fcb700 IDENTITY file:  IDENTITY
2019/10/17-14:54:16.335214 7fc3a9fcb700 MANIFEST file:  MANIFEST-114955 size: 4114 Bytes
2019/10/17-14:54:16.335216 7fc3a9fcb700 SST files in /home/rahul/dev/blockchain-core/eqc/ledger.db dir, Total Num: 29, files: 000624.sst 000627.sst 106940.sst 108447.sst 108450.sst 109471.sst 109483.sst 109485.sst 109486.sst 
2019/10/17-14:54:16.335217 7fc3a9fcb700 Write Ahead Log file in /home/rahul/dev/blockchain-core/eqc/ledger.db: 114956.log size: 0 ; 
2019/10/17-14:54:16.335250 7fc3a9fcb700                         Options.error_if_exists: 0
2019/10/17-14:54:16.335251 7fc3a9fcb700                       Options.create_if_missing: 1
2019/10/17-14:54:16.335252 7fc3a9fcb700                         Options.paranoid_checks: 1
2019/10/17-14:54:16.335252 7fc3a9fcb700                                     Options.env: 0x7fc32ae1fc60
2019/10/17-14:54:16.335253 7fc3a9fcb700                                Options.info_log: 0x7fc350067570
2019/10/17-14:54:16.335254 7fc3a9fcb700                Options.max_file_opening_threads: 16
2019/10/17-14:54:16.335255 7fc3a9fcb700                              Options.statistics: (nil)
2019/10/17-14:54:16.335256 7fc3a9fcb700                               Options.use_fsync: 0
2019/10/17-14:54:16.335256 7fc3a9fcb700                       Options.max_log_file_size: 0
2019/10/17-14:54:16.335257 7fc3a9fcb700                  Options.max_manifest_file_size: 1073741824
2019/10/17-14:54:16.335258 7fc3a9fcb700                   Options.log_file_time_to_roll: 0
2019/10/17-14:54:16.335259 7fc3a9fcb700                       Options.keep_log_file_num: 1000
2019/10/17-14:54:16.335259 7fc3a9fcb700                    Options.recycle_log_file_num: 0
2019/10/17-14:54:16.335260 7fc3a9fcb700                         Options.allow_fallocate: 1
2019/10/17-14:54:16.335261 7fc3a9fcb700                        Options.allow_mmap_reads: 0
2019/10/17-14:54:16.335262 7fc3a9fcb700                       Options.allow_mmap_writes: 0
2019/10/17-14:54:16.335262 7fc3a9fcb700                        Options.use_direct_reads: 0
2019/10/17-14:54:16.335263 7fc3a9fcb700                        Options.use_direct_io_for_flush_and_compaction: 0
2019/10/17-14:54:16.335264 7fc3a9fcb700          Options.create_missing_column_families: 0
2019/10/17-14:54:16.335264 7fc3a9fcb700                              Options.db_log_dir: 
2019/10/17-14:54:16.335265 7fc3a9fcb700                                 Options.wal_dir: /home/rahul/dev/blockchain-core/eqc/ledger.db
2019/10/17-14:54:16.335266 7fc3a9fcb700                Options.table_cache_numshardbits: 6
2019/10/17-14:54:16.335266 7fc3a9fcb700                      Options.max_subcompactions: 1
2019/10/17-14:54:16.335267 7fc3a9fcb700                  Options.max_background_flushes: -1
2019/10/17-14:54:16.335268 7fc3a9fcb700                         Options.WAL_ttl_seconds: 0
2019/10/17-14:54:16.335269 7fc3a9fcb700                       Options.WAL_size_limit_MB: 0
2019/10/17-14:54:16.335269 7fc3a9fcb700             Options.manifest_preallocation_size: 4194304
2019/10/17-14:54:16.335270 7fc3a9fcb700                     Options.is_fd_close_on_exec: 1
2019/10/17-14:54:16.335271 7fc3a9fcb700                   Options.advise_random_on_open: 1
2019/10/17-14:54:16.335272 7fc3a9fcb700                    Options.db_write_buffer_size: 0
2019/10/17-14:54:16.335272 7fc3a9fcb700                    Options.write_buffer_manager: 0x7fc3500a3d40
2019/10/17-14:54:16.335273 7fc3a9fcb700         Options.access_hint_on_compaction_start: 1
2019/10/17-14:54:16.335274 7fc3a9fcb700  Options.new_table_reader_for_compaction_inputs: 0
2019/10/17-14:54:16.335274 7fc3a9fcb700           Options.random_access_max_buffer_size: 1048576
2019/10/17-14:54:16.335275 7fc3a9fcb700                      Options.use_adaptive_mutex: 0
2019/10/17-14:54:16.335276 7fc3a9fcb700                            Options.rate_limiter: (nil)
2019/10/17-14:54:16.335284 7fc3a9fcb700     Options.sst_file_manager.rate_bytes_per_sec: 0
2019/10/17-14:54:16.335285 7fc3a9fcb700                       Options.wal_recovery_mode: 2
2019/10/17-14:54:16.335286 7fc3a9fcb700                  Options.enable_thread_tracking: 0
2019/10/17-14:54:16.335287 7fc3a9fcb700                  Options.enable_pipelined_write: 0
2019/10/17-14:54:16.335287 7fc3a9fcb700         Options.allow_concurrent_memtable_write: 1
2019/10/17-14:54:16.335288 7fc3a9fcb700      Options.enable_write_thread_adaptive_yield: 1
2019/10/17-14:54:16.335289 7fc3a9fcb700             Options.write_thread_max_yield_usec: 100
2019/10/17-14:54:16.335290 7fc3a9fcb700            Options.write_thread_slow_yield_usec: 3
2019/10/17-14:54:16.335290 7fc3a9fcb700                               Options.row_cache: None
2019/10/17-14:54:16.335291 7fc3a9fcb700                              Options.wal_filter: None
2019/10/17-14:54:16.335292 7fc3a9fcb700             Options.avoid_flush_during_recovery: 0
2019/10/17-14:54:16.335293 7fc3a9fcb700             Options.allow_ingest_behind: 0
2019/10/17-14:54:16.335293 7fc3a9fcb700             Options.preserve_deletes: 0
2019/10/17-14:54:16.335294 7fc3a9fcb700             Options.two_write_queues: 0
2019/10/17-14:54:16.335295 7fc3a9fcb700             Options.manual_wal_flush: 0
2019/10/17-14:54:16.335295 7fc3a9fcb700             Options.max_background_jobs: 2
2019/10/17-14:54:16.335296 7fc3a9fcb700             Options.max_background_compactions: -1
2019/10/17-14:54:16.335297 7fc3a9fcb700             Options.avoid_flush_during_shutdown: 0
2019/10/17-14:54:16.335297 7fc3a9fcb700           Options.writable_file_max_buffer_size: 1048576
2019/10/17-14:54:16.335298 7fc3a9fcb700             Options.delayed_write_rate : 16777216
2019/10/17-14:54:16.335299 7fc3a9fcb700             Options.max_total_wal_size: 0
2019/10/17-14:54:16.335300 7fc3a9fcb700             Options.delete_obsolete_files_period_micros: 21600000000
2019/10/17-14:54:16.335300 7fc3a9fcb700                   Options.stats_dump_period_sec: 600
2019/10/17-14:54:16.335301 7fc3a9fcb700                          Options.max_open_files: -1
2019/10/17-14:54:16.335302 7fc3a9fcb700                          Options.bytes_per_sync: 0
2019/10/17-14:54:16.335302 7fc3a9fcb700                      Options.wal_bytes_per_sync: 0
2019/10/17-14:54:16.335303 7fc3a9fcb700       Options.compaction_readahead_size: 0
2019/10/17-14:54:16.335304 7fc3a9fcb700 Compression algorithms supported:
2019/10/17-14:54:16.335305 7fc3a9fcb700 	kZSTDNotFinalCompression supported: 0
2019/10/17-14:54:16.335306 7fc3a9fcb700 	kZSTD supported: 0
2019/10/17-14:54:16.335307 7fc3a9fcb700 	kXpressCompression supported: 0
2019/10/17-14:54:16.335308 7fc3a9fcb700 	kLZ4HCCompression supported: 0
2019/10/17-14:54:16.335309 7fc3a9fcb700 	kLZ4Compression supported: 0
2019/10/17-14:54:16.335309 7fc3a9fcb700 	kBZip2Compression supported: 0
2019/10/17-14:54:16.335310 7fc3a9fcb700 	kZlibCompression supported: 0
2019/10/17-14:54:16.335311 7fc3a9fcb700 	kSnappyCompression supported: 0
2019/10/17-14:54:16.335313 7fc3a9fcb700 Fast CRC32 supported: Supported on x86
2019/10/17-14:54:16.335416 7fc3a9fcb700 [db/version_set.cc:3507] Recovering from manifest file: MANIFEST-114955
2019/10/17-14:54:16.335446 7fc3a9fcb700 [db/column_family.cc:472] --------------- Options for column family [default]:
2019/10/17-14:54:16.335448 7fc3a9fcb700               Options.comparator: leveldb.BytewiseComparator
2019/10/17-14:54:16.335449 7fc3a9fcb700           Options.merge_operator: None
2019/10/17-14:54:16.335450 7fc3a9fcb700        Options.compaction_filter: None
2019/10/17-14:54:16.335450 7fc3a9fcb700        Options.compaction_filter_factory: None
2019/10/17-14:54:16.335451 7fc3a9fcb700         Options.memtable_factory: SkipListFactory
2019/10/17-14:54:16.335452 7fc3a9fcb700            Options.table_factory: BlockBasedTable
2019/10/17-14:54:16.335466 7fc3a9fcb700            table_factory options:   flush_block_policy_factory: FlushBlockBySizePolicyFactory (0x7fc350069200)
  cache_index_and_filter_blocks: 0
  cache_index_and_filter_blocks_with_high_priority: 0
  pin_l0_filter_and_index_blocks_in_cache: 0
  pin_top_level_index_and_filter: 1
  index_type: 0
  hash_index_allow_collision: 1
  checksum: 1
  no_block_cache: 0
  block_cache: 0x7fc3500f2df0
  block_cache_name: LRUCache
  block_cache_options:
    capacity : 8388608
    num_shard_bits : 4
    strict_capacity_limit : 0
    memory_allocator : None
    high_pri_pool_ratio: 0.000
  block_cache_compressed: (nil)
  persistent_cache: (nil)
  block_size: 4096
  block_size_deviation: 10
  block_restart_interval: 16
  index_block_restart_interval: 1
  metadata_block_size: 4096
  partition_filters: 0
  use_delta_encoding: 1
  filter_policy: nullptr
  whole_key_filtering: 1
  verify_compression: 0
  read_amp_bytes_per_bit: 0
  format_version: 2
  enable_index_compression: 1
  block_align: 0
2019/10/17-14:54:16.335474 7fc3a9fcb700        Options.write_buffer_size: 67108864
2019/10/17-14:54:16.335475 7fc3a9fcb700  Options.max_write_buffer_number: 2
2019/10/17-14:54:16.335476 7fc3a9fcb700          Options.compression: NoCompression
2019/10/17-14:54:16.335477 7fc3a9fcb700                  Options.bottommost_compression: Disabled
2019/10/17-14:54:16.335478 7fc3a9fcb700       Options.prefix_extractor: nullptr
2019/10/17-14:54:16.335478 7fc3a9fcb700   Options.memtable_insert_with_hint_prefix_extractor: nullptr
2019/10/17-14:54:16.335479 7fc3a9fcb700             Options.num_levels: 7
2019/10/17-14:54:16.335480 7fc3a9fcb700        Options.min_write_buffer_number_to_merge: 1
2019/10/17-14:54:16.335481 7fc3a9fcb700     Options.max_write_buffer_number_to_maintain: 0
2019/10/17-14:54:16.335481 7fc3a9fcb700            Options.bottommost_compression_opts.window_bits: -14
2019/10/17-14:54:16.335482 7fc3a9fcb700                  Options.bottommost_compression_opts.level: 32767
2019/10/17-14:54:16.335483 7fc3a9fcb700               Options.bottommost_compression_opts.strategy: 0
2019/10/17-14:54:16.335483 7fc3a9fcb700         Options.bottommost_compression_opts.max_dict_bytes: 0
2019/10/17-14:54:16.335484 7fc3a9fcb700         Options.bottommost_compression_opts.zstd_max_train_bytes: 0
2019/10/17-14:54:16.335485 7fc3a9fcb700                  Options.bottommost_compression_opts.enabled: false
2019/10/17-14:54:16.335485 7fc3a9fcb700            Options.compression_opts.window_bits: -14
2019/10/17-14:54:16.335486 7fc3a9fcb700                  Options.compression_opts.level: 32767
2019/10/17-14:54:16.335487 7fc3a9fcb700               Options.compression_opts.strategy: 0
2019/10/17-14:54:16.335488 7fc3a9fcb700         Options.compression_opts.max_dict_bytes: 0
2019/10/17-14:54:16.335488 7fc3a9fcb700         Options.compression_opts.zstd_max_train_bytes: 0
2019/10/17-14:54:16.335489 7fc3a9fcb700                  Options.compression_opts.enabled: false
2019/10/17-14:54:16.335490 7fc3a9fcb700      Options.level0_file_num_compaction_trigger: 4
2019/10/17-14:54:16.335490 7fc3a9fcb700          Options.level0_slowdown_writes_trigger: 20
2019/10/17-14:54:16.335491 7fc3a9fcb700              Options.level0_stop_writes_trigger: 36
2019/10/17-14:54:16.335492 7fc3a9fcb700                   Options.target_file_size_base: 67108864
2019/10/17-14:54:16.335493 7fc3a9fcb700             Options.target_file_size_multiplier: 1
2019/10/17-14:54:16.335493 7fc3a9fcb700                Options.max_bytes_for_level_base: 268435456
2019/10/17-14:54:16.335494 7fc3a9fcb700 Options.level_compaction_dynamic_level_bytes: 0
2019/10/17-14:54:16.335495 7fc3a9fcb700          Options.max_bytes_for_level_multiplier: 10.000000
2019/10/17-14:54:16.335497 7fc3a9fcb700 Options.max_bytes_for_level_multiplier_addtl[0]: 1
2019/10/17-14:54:16.335497 7fc3a9fcb700 Options.max_bytes_for_level_multiplier_addtl[1]: 1
2019/10/17-14:54:16.335498 7fc3a9fcb700 Options.max_bytes_for_level_multiplier_addtl[2]: 1
2019/10/17-14:54:16.335499 7fc3a9fcb700 Options.max_bytes_for_level_multiplier_addtl[3]: 1
2019/10/17-14:54:16.335500 7fc3a9fcb700 Options.max_bytes_for_level_multiplier_addtl[4]: 1
2019/10/17-14:54:16.335504 7fc3a9fcb700 Options.max_bytes_for_level_multiplier_addtl[5]: 1
2019/10/17-14:54:16.335505 7fc3a9fcb700 Options.max_bytes_for_level_multiplier_addtl[6]: 1
2019/10/17-14:54:16.335505 7fc3a9fcb700       Options.max_sequential_skip_in_iterations: 8
2019/10/17-14:54:16.335506 7fc3a9fcb700                    Options.max_compaction_bytes: 1677721600
2019/10/17-14:54:16.335507 7fc3a9fcb700                        Options.arena_block_size: 8388608
2019/10/17-14:54:16.335508 7fc3a9fcb700   Options.soft_pending_compaction_bytes_limit: 68719476736
2019/10/17-14:54:16.335508 7fc3a9fcb700   Options.hard_pending_compaction_bytes_limit: 274877906944
2019/10/17-14:54:16.335509 7fc3a9fcb700       Options.rate_limit_delay_max_milliseconds: 100
2019/10/17-14:54:16.335510 7fc3a9fcb700                Options.disable_auto_compactions: 0
2019/10/17-14:54:16.335511 7fc3a9fcb700                        Options.compaction_style: kCompactionStyleLevel
2019/10/17-14:54:16.335512 7fc3a9fcb700                          Options.compaction_pri: kByCompensatedSize
2019/10/17-14:54:16.335513 7fc3a9fcb700 Options.compaction_options_universal.size_ratio: 1
2019/10/17-14:54:16.335514 7fc3a9fcb700 Options.compaction_options_universal.min_merge_width: 2
2019/10/17-14:54:16.335515 7fc3a9fcb700 Options.compaction_options_universal.max_merge_width: 4294967295
2019/10/17-14:54:16.335515 7fc3a9fcb700 Options.compaction_options_universal.max_size_amplification_percent: 200
2019/10/17-14:54:16.335516 7fc3a9fcb700 Options.compaction_options_universal.compression_size_percent: -1
2019/10/17-14:54:16.335517 7fc3a9fcb700 Options.compaction_options_universal.stop_style: kCompactionStopStyleTotalSize
2019/10/17-14:54:16.335518 7fc3a9fcb700 Options.compaction_options_fifo.max_table_files_size: 1073741824
2019/10/17-14:54:16.335518 7fc3a9fcb700 Options.compaction_options_fifo.allow_compaction: 0
2019/10/17-14:54:16.335519 7fc3a9fcb700 Options.compaction_options_fifo.ttl: 0
2019/10/17-14:54:16.335520 7fc3a9fcb700                   Options.table_properties_collectors: 
2019/10/17-14:54:16.335521 7fc3a9fcb700                   Options.inplace_update_support: 0
2019/10/17-14:54:16.335521 7fc3a9fcb700                 Options.inplace_update_num_locks: 10000
2019/10/17-14:54:16.335522 7fc3a9fcb700               Options.memtable_prefix_bloom_size_ratio: 0.000000
2019/10/17-14:54:16.335523 7fc3a9fcb700   Options.memtable_huge_page_size: 0
2019/10/17-14:54:16.335524 7fc3a9fcb700                           Options.bloom_locality: 0
2019/10/17-14:54:16.335525 7fc3a9fcb700                    Options.max_successive_merges: 0
2019/10/17-14:54:16.335525 7fc3a9fcb700                Options.optimize_filters_for_hits: 0
2019/10/17-14:54:16.335526 7fc3a9fcb700                Options.paranoid_file_checks: 0
2019/10/17-14:54:16.335527 7fc3a9fcb700                Options.force_consistency_checks: 0
2019/10/17-14:54:16.335527 7fc3a9fcb700                Options.report_bg_io_stats: 0
2019/10/17-14:54:16.335528 7fc3a9fcb700                               Options.ttl: 0
2019/10/17-14:54:16.335556 7fc3a9fcb700 [db/column_family.cc:472] --------------- Options for column family [active_gateways]:
2019/10/17-14:54:16.335557 7fc3a9fcb700               Options.comparator: leveldb.BytewiseComparator
2019/10/17-14:54:16.335558 7fc3a9fcb700           Options.merge_operator: None
2019/10/17-14:54:16.335559 7fc3a9fcb700        Options.compaction_filter: None
2019/10/17-14:54:16.335559 7fc3a9fcb700        Options.compaction_filter_factory: None
2019/10/17-14:54:16.335560 7fc3a9fcb700         Options.memtable_factory: SkipListFactory
2019/10/17-14:54:16.335561 7fc3a9fcb700            Options.table_factory: BlockBasedTable
2019/10/17-14:54:16.335575 7fc3a9fcb700            table_factory options:   flush_block_policy_factory: FlushBlockBySizePolicyFactory (0x7fc3500579c0)
  cache_index_and_filter_blocks: 0
  cache_index_and_filter_blocks_with_high_priority: 0
  pin_l0_filter_and_index_blocks_in_cache: 0
  pin_top_level_index_and_filter: 1
  index_type: 0
  hash_index_allow_collision: 1
  checksum: 1
  no_block_cache: 0
  block_cache: 0x7fc35005f4d0
  block_cache_name: LRUCache
  block_cache_options:
    capacity : 8388608
    num_shard_bits : 4
    strict_capacity_limit : 0
    memory_allocator : None
    high_pri_pool_ratio: 0.000
  block_cache_compressed: (nil)
  persistent_cache: (nil)
  block_size: 4096
  block_size_deviation: 10
  block_restart_interval: 16
  index_block_restart_interval: 1
  metadata_block_size: 4096
  partition_filters: 0
  use_delta_encoding: 1
  filter_policy: nullptr
  whole_key_filtering: 1
  verify_compression: 0
  read_amp_bytes_per_bit: 0
  format_version: 2
  enable_index_compression: 1
  block_align: 0
2019/10/17-14:54:16.335583 7fc3a9fcb700        Options.write_buffer_size: 67108864
2019/10/17-14:54:16.335583 7fc3a9fcb700  Options.max_write_buffer_number: 2
2019/10/17-14:54:16.335584 7fc3a9fcb700          Options.compression: NoCompression
2019/10/17-14:54:16.335585 7fc3a9fcb700                  Options.bottommost_compression: Disabled
2019/10/17-14:54:16.335586 7fc3a9fcb700       Options.prefix_extractor: nullptr
2019/10/17-14:54:16.335586 7fc3a9fcb700   Options.memtable_insert_with_hint_prefix_extractor: nullptr
2019/10/17-14:54:16.335587 7fc3a9fcb700             Options.num_levels: 7
2019/10/17-14:54:16.335588 7fc3a9fcb700        Options.min_write_buffer_number_to_merge: 1
2019/10/17-14:54:16.335589 7fc3a9fcb700     Options.max_write_buffer_number_to_maintain: 0
2019/10/17-14:54:16.335589 7fc3a9fcb700            Options.bottommost_compression_opts.window_bits: -14
2019/10/17-14:54:16.335590 7fc3a9fcb700                  Options.bottommost_compression_opts.level: 32767
2019/10/17-14:54:16.335591 7fc3a9fcb700               Options.bottommost_compression_opts.strategy: 0
2019/10/17-14:54:16.335591 7fc3a9fcb700         Options.bottommost_compression_opts.max_dict_bytes: 0
2019/10/17-14:54:16.335592 7fc3a9fcb700         Options.bottommost_compression_opts.zstd_max_train_bytes: 0
2019/10/17-14:54:16.335593 7fc3a9fcb700                  Options.bottommost_compression_opts.enabled: false
2019/10/17-14:54:16.335594 7fc3a9fcb700            Options.compression_opts.window_bits: -14
2019/10/17-14:54:16.335594 7fc3a9fcb700                  Options.compression_opts.level: 32767
2019/10/17-14:54:16.335595 7fc3a9fcb700               Options.compression_opts.strategy: 0
2019/10/17-14:54:16.335596 7fc3a9fcb700         Options.compression_opts.max_dict_bytes: 0
2019/10/17-14:54:16.335596 7fc3a9fcb700         Options.compression_opts.zstd_max_train_bytes: 0
2019/10/17-14:54:16.335597 7fc3a9fcb700                  Options.compression_opts.enabled: false
2019/10/17-14:54:16.335598 7fc3a9fcb700      Options.level0_file_num_compaction_trigger: 4
2019/10/17-14:54:16.335598 7fc3a9fcb700          Options.level0_slowdown_writes_trigger: 20
2019/10/17-14:54:16.335599 7fc3a9fcb700              Options.level0_stop_writes_trigger: 36
2019/10/17-14:54:16.335600 7fc3a9fcb700                   Options.target_file_size_base: 67108864
2019/10/17-14:54:16.335600 7fc3a9fcb700             Options.target_file_size_multiplier: 1
2019/10/17-14:54:16.335601 7fc3a9fcb700                Options.max_bytes_for_level_base: 268435456
2019/10/17-14:54:16.335602 7fc3a9fcb700 Options.level_compaction_dynamic_level_bytes: 0
2019/10/17-14:54:16.335603 7fc3a9fcb700          Options.max_bytes_for_level_multiplier: 10.000000
2019/10/17-14:54:16.335604 7fc3a9fcb700 Options.max_bytes_for_level_multiplier_addtl[0]: 1
2019/10/17-14:54:16.335605 7fc3a9fcb700 Options.max_bytes_for_level_multiplier_addtl[1]: 1
2019/10/17-14:54:16.335605 7fc3a9fcb700 Options.max_bytes_for_level_multiplier_addtl[2]: 1
2019/10/17-14:54:16.335606 7fc3a9fcb700 Options.max_bytes_for_level_multiplier_addtl[3]: 1
2019/10/17-14:54:16.335607 7fc3a9fcb700 Options.max_bytes_for_level_multiplier_addtl[4]: 1
2019/10/17-14:54:16.335608 7fc3a9fcb700 Options.max_bytes_for_level_multiplier_addtl[5]: 1
2019/10/17-14:54:16.335608 7fc3a9fcb700 Options.max_bytes_for_level_multiplier_addtl[6]: 1
2019/10/17-14:54:16.335609 7fc3a9fcb700       Options.max_sequential_skip_in_iterations: 8
2019/10/17-14:54:16.335613 7fc3a9fcb700                    Options.max_compaction_bytes: 1677721600
2019/10/17-14:54:16.335614 7fc3a9fcb700                        Options.arena_block_size: 8388608
2019/10/17-14:54:16.335615 7fc3a9fcb700   Options.soft_pending_compaction_bytes_limit: 68719476736
2019/10/17-14:54:16.335615 7fc3a9fcb700   Options.hard_pending_compaction_bytes_limit: 274877906944
2019/10/17-14:54:16.335616 7fc3a9fcb700       Options.rate_limit_delay_max_milliseconds: 100
2019/10/17-14:54:16.335617 7fc3a9fcb700                Options.disable_auto_compactions: 0
2019/10/17-14:54:16.335618 7fc3a9fcb700                        Options.compaction_style: kCompactionStyleLevel
2019/10/17-14:54:16.335619 7fc3a9fcb700                          Options.compaction_pri: kByCompensatedSize
2019/10/17-14:54:16.335619 7fc3a9fcb700 Options.compaction_options_universal.size_ratio: 1
2019/10/17-14:54:16.335620 7fc3a9fcb700 Options.compaction_options_universal.min_merge_width: 2
2019/10/17-14:54:16.335621 7fc3a9fcb700 Options.compaction_options_universal.max_merge_width: 4294967295
2019/10/17-14:54:16.335622 7fc3a9fcb700 Options.compaction_options_universal.max_size_amplification_percent: 200
2019/10/17-14:54:16.335622 7fc3a9fcb700 Options.compaction_options_universal.compression_size_percent: -1
2019/10/17-14:54:16.335623 7fc3a9fcb700 Options.compaction_options_universal.stop_style: kCompactionStopStyleTotalSize
2019/10/17-14:54:16.335624 7fc3a9fcb700 Options.compaction_options_fifo.max_table_files_size: 1073741824
2019/10/17-14:54:16.335625 7fc3a9fcb700 Options.compaction_options_fifo.allow_compaction: 0
2019/10/17-14:54:16.335625 7fc3a9fcb700 Options.compaction_options_fifo.ttl: 0
2019/10/17-14:54:16.335626 7fc3a9fcb700                   Options.table_properties_collectors: 
2019/10/17-14:54:16.335627 7fc3a9fcb700                   Options.inplace_update_support: 0
2019/10/17-14:54:16.335627 7fc3a9fcb700                 Options.inplace_update_num_locks: 10000
2019/10/17-14:54:16.335628 7fc3a9fcb700               Options.memtable_prefix_bloom_size_ratio: 0.000000
2019/10/17-14:54:16.335629 7fc3a9fcb700   Options.memtable_huge_page_size: 0
2019/10/17-14:54:16.335630 7fc3a9fcb700                           Options.bloom_locality: 0
2019/10/17-14:54:16.335630 7fc3a9fcb700                    Options.max_successive_merges: 0
2019/10/17-14:54:16.335631 7fc3a9fcb700                Options.optimize_filters_for_hits: 0
2019/10/17-14:54:16.335632 7fc3a9fcb700                Options.paranoid_file_checks: 0
2019/10/17-14:54:16.335633 7fc3a9fcb700                Options.force_consistency_checks: 0
2019/10/17-14:54:16.335633 7fc3a9fcb700                Options.report_bg_io_stats: 0
2019/10/17-14:54:16.335634 7fc3a9fcb700                               Options.ttl: 0
2019/10/17-14:54:16.335654 7fc3a9fcb700 [db/column_family.cc:472] --------------- Options for column family [entries]:
2019/10/17-14:54:16.335656 7fc3a9fcb700               Options.comparator: leveldb.BytewiseComparator
2019/10/17-14:54:16.335656 7fc3a9fcb700           Options.merge_operator: None
2019/10/17-14:54:16.335657 7fc3a9fcb700        Options.compaction_filter: None
2019/10/17-14:54:16.335658 7fc3a9fcb700        Options.compaction_filter_factory: None
2019/10/17-14:54:16.335658 7fc3a9fcb700         Options.memtable_factory: SkipListFactory
2019/10/17-14:54:16.335659 7fc3a9fcb700            Options.table_factory: BlockBasedTable
2019/10/17-14:54:16.335669 7fc3a9fcb700            table_factory options:   flush_block_policy_factory: FlushBlockBySizePolicyFactory (0x7fc3500895e0)
  cache_index_and_filter_blocks: 0
  cache_index_and_filter_blocks_with_high_priority: 0
  pin_l0_filter_and_index_blocks_in_cache: 0
  pin_top_level_index_and_filter: 1
  index_type: 0
  hash_index_allow_collision: 1
  checksum: 1
  no_block_cache: 0
  block_cache: 0x7fc3500a6160
  block_cache_name: LRUCache
  block_cache_options:
    capacity : 8388608
    num_shard_bits : 4
    strict_capacity_limit : 0
    memory_allocator : None
    high_pri_pool_ratio: 0.000
  block_cache_compressed: (nil)
  persistent_cache: (nil)
  block_size: 4096
  block_size_deviation: 10
  block_restart_interval: 16
  index_block_restart_interval: 1
  metadata_block_size: 4096
  partition_filters: 0
  use_delta_encoding: 1
  filter_policy: nullptr
  whole_key_filtering: 1
  verify_compression: 0
  read_amp_bytes_per_bit: 0
  format_version: 2
  enable_index_compression: 1
  block_align: 0
2019/10/17-14:54:16.335675 7fc3a9fcb700        Options.write_buffer_size: 67108864
2019/10/17-14:54:16.335676 7fc3a9fcb700  Options.max_write_buffer_number: 2
2019/10/17-14:54:16.335677 7fc3a9fcb700          Options.compression: NoCompression
2019/10/17-14:54:16.335678 7fc3a9fcb700                  Options.bottommost_compression: Disabled
2019/10/17-14:54:16.335678 7fc3a9fcb700       Options.prefix_extractor: nullptr
2019/10/17-14:54:16.335679 7fc3a9fcb700   Options.memtable_insert_with_hint_prefix_extractor: nullptr
2019/10/17-14:54:16.335680 7fc3a9fcb700             Options.num_levels: 7
2019/10/17-14:54:16.335680 7fc3a9fcb700        Options.min_write_buffer_number_to_merge: 1
2019/10/17-14:54:16.335681 7fc3a9fcb700     Options.max_write_buffer_number_to_maintain: 0
2019/10/17-14:54:16.335682 7fc3a9fcb700            Options.bottommost_compression_opts.window_bits: -14
2019/10/17-14:54:16.335683 7fc3a9fcb700                  Options.bottommost_compression_opts.level: 32767
2019/10/17-14:54:16.335683 7fc3a9fcb700               Options.bottommost_compression_opts.strategy: 0
2019/10/17-14:54:16.335684 7fc3a9fcb700         Options.bottommost_compression_opts.max_dict_bytes: 0
2019/10/17-14:54:16.335685 7fc3a9fcb700         Options.bottommost_compression_opts.zstd_max_train_bytes: 0
2019/10/17-14:54:16.335685 7fc3a9fcb700                  Options.bottommost_compression_opts.enabled: false
2019/10/17-14:54:16.335686 7fc3a9fcb700            Options.compression_opts.window_bits: -14
2019/10/17-14:54:16.335687 7fc3a9fcb700                  Options.compression_opts.level: 32767
2019/10/17-14:54:16.335687 7fc3a9fcb700               Options.compression_opts.strategy: 0
2019/10/17-14:54:16.335688 7fc3a9fcb700         Options.compression_opts.max_dict_bytes: 0
2019/10/17-14:54:16.335689 7fc3a9fcb700         Options.compression_opts.zstd_max_train_bytes: 0
2019/10/17-14:54:16.335689 7fc3a9fcb700                  Options.compression_opts.enabled: false
2019/10/17-14:54:16.335690 7fc3a9fcb700      Options.level0_file_num_compaction_trigger: 4
2019/10/17-14:54:16.335691 7fc3a9fcb700          Options.level0_slowdown_writes_trigger: 20
2019/10/17-14:54:16.335691 7fc3a9fcb700              Options.level0_stop_writes_trigger: 36
2019/10/17-14:54:16.335692 7fc3a9fcb700                   Options.target_file_size_base: 67108864
2019/10/17-14:54:16.335693 7fc3a9fcb700             Options.target_file_size_multiplier: 1
2019/10/17-14:54:16.335693 7fc3a9fcb700                Options.max_bytes_for_level_base: 268435456
2019/10/17-14:54:16.335694 7fc3a9fcb700 Options.level_compaction_dynamic_level_bytes: 0
2019/10/17-14:54:16.335695 7fc3a9fcb700          Options.max_bytes_for_level_multiplier: 10.000000
2019/10/17-14:54:16.335696 7fc3a9fcb700 Options.max_bytes_for_level_multiplier_addtl[0]: 1
2019/10/17-14:54:16.335697 7fc3a9fcb700 Options.max_bytes_for_level_multiplier_addtl[1]: 1
2019/10/17-14:54:16.335698 7fc3a9fcb700 Options.max_bytes_for_level_multiplier_addtl[2]: 1
2019/10/17-14:54:16.335698 7fc3a9fcb700 Options.max_bytes_for_level_multiplier_addtl[3]: 1
2019/10/17-14:54:16.335699 7fc3a9fcb700 Options.max_bytes_for_level_multiplier_addtl[4]: 1
2019/10/17-14:54:16.335700 7fc3a9fcb700 Options.max_bytes_for_level_multiplier_addtl[5]: 1
2019/10/17-14:54:16.335700 7fc3a9fcb700 Options.max_bytes_for_level_multiplier_addtl[6]: 1
2019/10/17-14:54:16.335701 7fc3a9fcb700       Options.max_sequential_skip_in_iterations: 8
2019/10/17-14:54:16.335702 7fc3a9fcb700                    Options.max_compaction_bytes: 1677721600
2019/10/17-14:54:16.335703 7fc3a9fcb700                        Options.arena_block_size: 8388608
2019/10/17-14:54:16.335703 7fc3a9fcb700   Options.soft_pending_compaction_bytes_limit: 68719476736
2019/10/17-14:54:16.335707 7fc3a9fcb700   Options.hard_pending_compaction_bytes_limit: 274877906944
2019/10/17-14:54:16.335708 7fc3a9fcb700       Options.rate_limit_delay_max_milliseconds: 100
2019/10/17-14:54:16.335709 7fc3a9fcb700                Options.disable_auto_compactions: 0
2019/10/17-14:54:16.335710 7fc3a9fcb700                        Options.compaction_style: kCompactionStyleLevel
2019/10/17-14:54:16.335711 7fc3a9fcb700                          Options.compaction_pri: kByCompensatedSize
2019/10/17-14:54:16.335711 7fc3a9fcb700 Options.compaction_options_universal.size_ratio: 1
2019/10/17-14:54:16.335712 7fc3a9fcb700 Options.compaction_options_universal.min_merge_width: 2
2019/10/17-14:54:16.335713 7fc3a9fcb700 Options.compaction_options_universal.max_merge_width: 4294967295
2019/10/17-14:54:16.335713 7fc3a9fcb700 Options.compaction_options_universal.max_size_amplification_percent: 200
2019/10/17-14:54:16.335714 7fc3a9fcb700 Options.compaction_options_universal.compression_size_percent: -1
2019/10/17-14:54:16.335715 7fc3a9fcb700 Options.compaction_options_universal.stop_style: kCompactionStopStyleTotalSize
2019/10/17-14:54:16.335716 7fc3a9fcb700 Options.compaction_options_fifo.max_table_files_size: 1073741824
2019/10/17-14:54:16.335717 7fc3a9fcb700 Options.compaction_options_fifo.allow_compaction: 0
2019/10/17-14:54:16.335717 7fc3a9fcb700 Options.compaction_options_fifo.ttl: 0
2019/10/17-14:54:16.335718 7fc3a9fcb700                   Options.table_properties_collectors: 
2019/10/17-14:54:16.335719 7fc3a9fcb700                   Options.inplace_update_support: 0
2019/10/17-14:54:16.335719 7fc3a9fcb700                 Options.inplace_update_num_locks: 10000
2019/10/17-14:54:16.335720 7fc3a9fcb700               Options.memtable_prefix_bloom_size_ratio: 0.000000
2019/10/17-14:54:16.335721 7fc3a9fcb700   Options.memtable_huge_page_size: 0
2019/10/17-14:54:16.335722 7fc3a9fcb700                           Options.bloom_locality: 0
2019/10/17-14:54:16.335722 7fc3a9fcb700                    Options.max_successive_merges: 0
2019/10/17-14:54:16.335723 7fc3a9fcb700                Options.optimize_filters_for_hits: 0
2019/10/17-14:54:16.335724 7fc3a9fcb700                Options.paranoid_file_checks: 0
2019/10/17-14:54:16.335724 7fc3a9fcb700                Options.force_consistency_checks: 0
2019/10/17-14:54:16.335725 7fc3a9fcb700                Options.report_bg_io_stats: 0
2019/10/17-14:54:16.335726 7fc3a9fcb700                               Options.ttl: 0
2019/10/17-14:54:16.335740 7fc3a9fcb700 [db/column_family.cc:472] --------------- Options for column family [dc_entries]:
2019/10/17-14:54:16.335742 7fc3a9fcb700               Options.comparator: leveldb.BytewiseComparator
2019/10/17-14:54:16.335742 7fc3a9fcb700           Options.merge_operator: None
2019/10/17-14:54:16.335743 7fc3a9fcb700        Options.compaction_filter: None
2019/10/17-14:54:16.335744 7fc3a9fcb700        Options.compaction_filter_factory: None
2019/10/17-14:54:16.335744 7fc3a9fcb700         Options.memtable_factory: SkipListFactory
2019/10/17-14:54:16.335745 7fc3a9fcb700            Options.table_factory: BlockBasedTable
2019/10/17-14:54:16.335754 7fc3a9fcb700            table_factory options:   flush_block_policy_factory: FlushBlockBySizePolicyFactory (0x7fc3500955e0)
  cache_index_and_filter_blocks: 0
  cache_index_and_filter_blocks_with_high_priority: 0
  pin_l0_filter_and_index_blocks_in_cache: 0
  pin_top_level_index_and_filter: 1
  index_type: 0
  hash_index_allow_collision: 1
  checksum: 1
  no_block_cache: 0
  block_cache: 0x7fc35010aa90
  block_cache_name: LRUCache
  block_cache_options:
    capacity : 8388608
    num_shard_bits : 4
    strict_capacity_limit : 0
    memory_allocator : None
    high_pri_pool_ratio: 0.000
  block_cache_compressed: (nil)
  persistent_cache: (nil)
  block_size: 4096
  block_size_deviation: 10
  block_restart_interval: 16
  index_block_restart_interval: 1
  metadata_block_size: 4096
  partition_filters: 0
  use_delta_encoding: 1
  filter_policy: nullptr
  whole_key_filtering: 1
  verify_compression: 0
  read_amp_bytes_per_bit: 0
  format_version: 2
  enable_index_compression: 1
  block_align: 0
2019/10/17-14:54:16.335760 7fc3a9fcb700        Options.write_buffer_size: 67108864
2019/10/17-14:54:16.335761 7fc3a9fcb700  Options.max_write_buffer_number: 2
2019/10/17-14:54:16.335761 7fc3a9fcb700          Options.compression: NoCompression
2019/10/17-14:54:16.335762 7fc3a9fcb700                  Options.bottommost_compression: Disabled
2019/10/17-14:54:16.335763 7fc3a9fcb700       Options.prefix_extractor: nullptr
2019/10/17-14:54:16.335764 7fc3a9fcb700   Options.memtable_insert_with_hint_prefix_extractor: nullptr
2019/10/17-14:54:16.335764 7fc3a9fcb700             Options.num_levels: 7
2019/10/17-14:54:16.335765 7fc3a9fcb700        Options.min_write_buffer_number_to_merge: 1
2019/10/17-14:54:16.335766 7fc3a9fcb700     Options.max_write_buffer_number_to_maintain: 0
2019/10/17-14:54:16.335766 7fc3a9fcb700            Options.bottommost_compression_opts.window_bits: -14
2019/10/17-14:54:16.335767 7fc3a9fcb700                  Options.bottommost_compression_opts.level: 32767
2019/10/17-14:54:16.335768 7fc3a9fcb700               Options.bottommost_compression_opts.strategy: 0
2019/10/17-14:54:16.335768 7fc3a9fcb700         Options.bottommost_compression_opts.max_dict_bytes: 0
2019/10/17-14:54:16.335769 7fc3a9fcb700         Options.bottommost_compression_opts.zstd_max_train_bytes: 0
2019/10/17-14:54:16.335770 7fc3a9fcb700                  Options.bottommost_compression_opts.enabled: false
2019/10/17-14:54:16.335770 7fc3a9fcb700            Options.compression_opts.window_bits: -14
2019/10/17-14:54:16.335771 7fc3a9fcb700                  Options.compression_opts.level: 32767
2019/10/17-14:54:16.335772 7fc3a9fcb700               Options.compression_opts.strategy: 0
2019/10/17-14:54:16.335772 7fc3a9fcb700         Options.compression_opts.max_dict_bytes: 0
2019/10/17-14:54:16.335773 7fc3a9fcb700         Options.compression_opts.zstd_max_train_bytes: 0
2019/10/17-14:54:16.335774 7fc3a9fcb700                  Options.compression_opts.enabled: false
2019/10/17-14:54:16.335775 7fc3a9fcb700      Options.level0_file_num_compaction_trigger: 4
2019/10/17-14:54:16.335775 7fc3a9fcb700          Options.level0_slowdown_writes_trigger: 20
2019/10/17-14:54:16.335776 7fc3a9fcb700              Options.level0_stop_writes_trigger: 36
2019/10/17-14:54:16.335777 7fc3a9fcb700                   Options.target_file_size_base: 67108864
2019/10/17-14:54:16.335777 7fc3a9fcb700             Options.target_file_size_multiplier: 1
2019/10/17-14:54:16.335778 7fc3a9fcb700                Options.max_bytes_for_level_base: 268435456
2019/10/17-14:54:16.335779 7fc3a9fcb700 Options.level_compaction_dynamic_level_bytes: 0
2019/10/17-14:54:16.335779 7fc3a9fcb700          Options.max_bytes_for_level_multiplier: 10.000000
2019/10/17-14:54:16.335781 7fc3a9fcb700 Options.max_bytes_for_level_multiplier_addtl[0]: 1
2019/10/17-14:54:16.335781 7fc3a9fcb700 Options.max_bytes_for_level_multiplier_addtl[1]: 1
2019/10/17-14:54:16.335782 7fc3a9fcb700 Options.max_bytes_for_level_multiplier_addtl[2]: 1
2019/10/17-14:54:16.335783 7fc3a9fcb700 Options.max_bytes_for_level_multiplier_addtl[3]: 1
2019/10/17-14:54:16.335784 7fc3a9fcb700 Options.max_bytes_for_level_multiplier_addtl[4]: 1
2019/10/17-14:54:16.335784 7fc3a9fcb700 Options.max_bytes_for_level_multiplier_addtl[5]: 1
2019/10/17-14:54:16.335785 7fc3a9fcb700 Options.max_bytes_for_level_multiplier_addtl[6]: 1
2019/10/17-14:54:16.335786 7fc3a9fcb700       Options.max_sequential_skip_in_iterations: 8
2019/10/17-14:54:16.335786 7fc3a9fcb700                    Options.max_compaction_bytes: 1677721600
2019/10/17-14:54:16.335787 7fc3a9fcb700                        Options.arena_block_size: 8388608
2019/10/17-14:54:16.335788 7fc3a9fcb700   Options.soft_pending_compaction_bytes_limit: 68719476736
2019/10/17-14:54:16.335789 7fc3a9fcb700   Options.hard_pending_compaction_bytes_limit: 274877906944
2019/10/17-14:54:16.335789 7fc3a9fcb700       Options.rate_limit_delay_max_milliseconds: 100
2019/10/17-14:54:16.335790 7fc3a9fcb700                Options.disable_auto_compactions: 0
2019/10/17-14:54:16.335794 7fc3a9fcb700                        Options.compaction_style: kCompactionStyleLevel
2019/10/17-14:54:16.335795 7fc3a9fcb700                          Options.compaction_pri: kByCompensatedSize
2019/10/17-14:54:16.335796 7fc3a9fcb700 Options.compaction_options_universal.size_ratio: 1
2019/10/17-14:54:16.335797 7fc3a9fcb700 Options.compaction_options_universal.min_merge_width: 2
2019/10/17-14:54:16.335797 7fc3a9fcb700 Options.compaction_options_universal.max_merge_width: 4294967295
2019/10/17-14:54:16.335798 7fc3a9fcb700 Options.compaction_options_universal.max_size_amplification_percent: 200
2019/10/17-14:54:16.335799 7fc3a9fcb700 Options.compaction_options_universal.compression_size_percent: -1
2019/10/17-14:54:16.335800 7fc3a9fcb700 Options.compaction_options_universal.stop_style: kCompactionStopStyleTotalSize
2019/10/17-14:54:16.335800 7fc3a9fcb700 Options.compaction_options_fifo.max_table_files_size: 1073741824
2019/10/17-14:54:16.335801 7fc3a9fcb700 Options.compaction_options_fifo.allow_compaction: 0
2019/10/17-14:54:16.335802 7fc3a9fcb700 Options.compaction_options_fifo.ttl: 0
2019/10/17-14:54:16.335802 7fc3a9fcb700                   Options.table_properties_collectors: 
2019/10/17-14:54:16.335803 7fc3a9fcb700                   Options.inplace_update_support: 0
2019/10/17-14:54:16.335804 7fc3a9fcb700                 Options.inplace_update_num_locks: 10000
2019/10/17-14:54:16.335804 7fc3a9fcb700               Options.memtable_prefix_bloom_size_ratio: 0.000000
2019/10/17-14:54:16.335805 7fc3a9fcb700   Options.memtable_huge_page_size: 0
2019/10/17-14:54:16.335806 7fc3a9fcb700                           Options.bloom_locality: 0
2019/10/17-14:54:16.335807 7fc3a9fcb700                    Options.max_successive_merges: 0
2019/10/17-14:54:16.335807 7fc3a9fcb700                Options.optimize_filters_for_hits: 0
2019/10/17-14:54:16.335808 7fc3a9fcb700                Options.paranoid_file_checks: 0
2019/10/17-14:54:16.335809 7fc3a9fcb700                Options.force_consistency_checks: 0
2019/10/17-14:54:16.335809 7fc3a9fcb700                Options.report_bg_io_stats: 0
2019/10/17-14:54:16.335810 7fc3a9fcb700                               Options.ttl: 0
2019/10/17-14:54:16.335821 7fc3a9fcb700 [db/column_family.cc:472] --------------- Options for column family [htlcs]:
2019/10/17-14:54:16.335822 7fc3a9fcb700               Options.comparator: leveldb.BytewiseComparator
2019/10/17-14:54:16.335823 7fc3a9fcb700           Options.merge_operator: None
2019/10/17-14:54:16.335824 7fc3a9fcb700        Options.compaction_filter: None
2019/10/17-14:54:16.335824 7fc3a9fcb700        Options.compaction_filter_factory: None
2019/10/17-14:54:16.335825 7fc3a9fcb700         Options.memtable_factory: SkipListFactory
2019/10/17-14:54:16.335826 7fc3a9fcb700            Options.table_factory: BlockBasedTable
2019/10/17-14:54:16.335834 7fc3a9fcb700            table_factory options:   flush_block_policy_factory: FlushBlockBySizePolicyFactory (0x7fc35007cbd0)
