2019/10/17-14:56:01.954296 7fbc2cd30700 RocksDB version: 5.18.3
2019/10/17-14:56:01.954325 7fbc2cd30700 Git sha rocksdb_build_git_sha:@0@
2019/10/17-14:56:01.954327 7fbc2cd30700 Compile date Sep 19 2019
2019/10/17-14:56:01.954328 7fbc2cd30700 DB SUMMARY
2019/10/17-14:56:01.954972 7fbc2cd30700 CURRENT file:  CURRENT
2019/10/17-14:56:01.954973 7fbc2cd30700 IDENTITY file:  IDENTITY
2019/10/17-14:56:01.955000 7fbc2cd30700 MANIFEST file:  MANIFEST-116686 size: 4114 Bytes
2019/10/17-14:56:01.955002 7fbc2cd30700 SST files in /home/rahul/dev/blockchain-core/eqc/ledger.db dir, Total Num: 29, files: 000624.sst 000627.sst 106940.sst 108447.sst 108450.sst 109471.sst 109483.sst 109485.sst 109486.sst 
2019/10/17-14:56:01.955003 7fbc2cd30700 Write Ahead Log file in /home/rahul/dev/blockchain-core/eqc/ledger.db: 116687.log size: 0 ; 
2019/10/17-14:56:01.955034 7fbc2cd30700                         Options.error_if_exists: 0
2019/10/17-14:56:01.955036 7fbc2cd30700                       Options.create_if_missing: 1
2019/10/17-14:56:01.955036 7fbc2cd30700                         Options.paranoid_checks: 1
2019/10/17-14:56:01.955037 7fbc2cd30700                                     Options.env: 0x7fbbafa7bc60
2019/10/17-14:56:01.955038 7fbc2cd30700                                Options.info_log: 0x7fbbb8092800
2019/10/17-14:56:01.955039 7fbc2cd30700                Options.max_file_opening_threads: 16
2019/10/17-14:56:01.955039 7fbc2cd30700                              Options.statistics: (nil)
2019/10/17-14:56:01.955040 7fbc2cd30700                               Options.use_fsync: 0
2019/10/17-14:56:01.955041 7fbc2cd30700                       Options.max_log_file_size: 0
2019/10/17-14:56:01.955042 7fbc2cd30700                  Options.max_manifest_file_size: 1073741824
2019/10/17-14:56:01.955042 7fbc2cd30700                   Options.log_file_time_to_roll: 0
2019/10/17-14:56:01.955043 7fbc2cd30700                       Options.keep_log_file_num: 1000
2019/10/17-14:56:01.955044 7fbc2cd30700                    Options.recycle_log_file_num: 0
2019/10/17-14:56:01.955045 7fbc2cd30700                         Options.allow_fallocate: 1
2019/10/17-14:56:01.955045 7fbc2cd30700                        Options.allow_mmap_reads: 0
2019/10/17-14:56:01.955046 7fbc2cd30700                       Options.allow_mmap_writes: 0
2019/10/17-14:56:01.955047 7fbc2cd30700                        Options.use_direct_reads: 0
2019/10/17-14:56:01.955047 7fbc2cd30700                        Options.use_direct_io_for_flush_and_compaction: 0
2019/10/17-14:56:01.955048 7fbc2cd30700          Options.create_missing_column_families: 0
2019/10/17-14:56:01.955049 7fbc2cd30700                              Options.db_log_dir: 
2019/10/17-14:56:01.955049 7fbc2cd30700                                 Options.wal_dir: /home/rahul/dev/blockchain-core/eqc/ledger.db
2019/10/17-14:56:01.955050 7fbc2cd30700                Options.table_cache_numshardbits: 6
2019/10/17-14:56:01.955051 7fbc2cd30700                      Options.max_subcompactions: 1
2019/10/17-14:56:01.955052 7fbc2cd30700                  Options.max_background_flushes: -1
2019/10/17-14:56:01.955052 7fbc2cd30700                         Options.WAL_ttl_seconds: 0
2019/10/17-14:56:01.955053 7fbc2cd30700                       Options.WAL_size_limit_MB: 0
2019/10/17-14:56:01.955054 7fbc2cd30700             Options.manifest_preallocation_size: 4194304
2019/10/17-14:56:01.955054 7fbc2cd30700                     Options.is_fd_close_on_exec: 1
2019/10/17-14:56:01.955055 7fbc2cd30700                   Options.advise_random_on_open: 1
2019/10/17-14:56:01.955056 7fbc2cd30700                    Options.db_write_buffer_size: 0
2019/10/17-14:56:01.955056 7fbc2cd30700                    Options.write_buffer_manager: 0x7fbbb80303d0
2019/10/17-14:56:01.955057 7fbc2cd30700         Options.access_hint_on_compaction_start: 1
2019/10/17-14:56:01.955058 7fbc2cd30700  Options.new_table_reader_for_compaction_inputs: 0
2019/10/17-14:56:01.955059 7fbc2cd30700           Options.random_access_max_buffer_size: 1048576
2019/10/17-14:56:01.955059 7fbc2cd30700                      Options.use_adaptive_mutex: 0
2019/10/17-14:56:01.955060 7fbc2cd30700                            Options.rate_limiter: (nil)
2019/10/17-14:56:01.955068 7fbc2cd30700     Options.sst_file_manager.rate_bytes_per_sec: 0
2019/10/17-14:56:01.955069 7fbc2cd30700                       Options.wal_recovery_mode: 2
2019/10/17-14:56:01.955070 7fbc2cd30700                  Options.enable_thread_tracking: 0
2019/10/17-14:56:01.955070 7fbc2cd30700                  Options.enable_pipelined_write: 0
2019/10/17-14:56:01.955071 7fbc2cd30700         Options.allow_concurrent_memtable_write: 1
2019/10/17-14:56:01.955072 7fbc2cd30700      Options.enable_write_thread_adaptive_yield: 1
2019/10/17-14:56:01.955072 7fbc2cd30700             Options.write_thread_max_yield_usec: 100
2019/10/17-14:56:01.955073 7fbc2cd30700            Options.write_thread_slow_yield_usec: 3
2019/10/17-14:56:01.955074 7fbc2cd30700                               Options.row_cache: None
2019/10/17-14:56:01.955075 7fbc2cd30700                              Options.wal_filter: None
2019/10/17-14:56:01.955075 7fbc2cd30700             Options.avoid_flush_during_recovery: 0
2019/10/17-14:56:01.955076 7fbc2cd30700             Options.allow_ingest_behind: 0
2019/10/17-14:56:01.955077 7fbc2cd30700             Options.preserve_deletes: 0
2019/10/17-14:56:01.955077 7fbc2cd30700             Options.two_write_queues: 0
2019/10/17-14:56:01.955078 7fbc2cd30700             Options.manual_wal_flush: 0
2019/10/17-14:56:01.955079 7fbc2cd30700             Options.max_background_jobs: 2
2019/10/17-14:56:01.955079 7fbc2cd30700             Options.max_background_compactions: -1
2019/10/17-14:56:01.955080 7fbc2cd30700             Options.avoid_flush_during_shutdown: 0
2019/10/17-14:56:01.955081 7fbc2cd30700           Options.writable_file_max_buffer_size: 1048576
2019/10/17-14:56:01.955082 7fbc2cd30700             Options.delayed_write_rate : 16777216
2019/10/17-14:56:01.955082 7fbc2cd30700             Options.max_total_wal_size: 0
2019/10/17-14:56:01.955083 7fbc2cd30700             Options.delete_obsolete_files_period_micros: 21600000000
2019/10/17-14:56:01.955084 7fbc2cd30700                   Options.stats_dump_period_sec: 600
2019/10/17-14:56:01.955084 7fbc2cd30700                          Options.max_open_files: -1
2019/10/17-14:56:01.955085 7fbc2cd30700                          Options.bytes_per_sync: 0
2019/10/17-14:56:01.955086 7fbc2cd30700                      Options.wal_bytes_per_sync: 0
2019/10/17-14:56:01.955086 7fbc2cd30700       Options.compaction_readahead_size: 0
2019/10/17-14:56:01.955087 7fbc2cd30700 Compression algorithms supported:
2019/10/17-14:56:01.955089 7fbc2cd30700 	kZSTDNotFinalCompression supported: 0
2019/10/17-14:56:01.955090 7fbc2cd30700 	kZSTD supported: 0
2019/10/17-14:56:01.955090 7fbc2cd30700 	kXpressCompression supported: 0
2019/10/17-14:56:01.955091 7fbc2cd30700 	kLZ4HCCompression supported: 0
2019/10/17-14:56:01.955092 7fbc2cd30700 	kLZ4Compression supported: 0
2019/10/17-14:56:01.955093 7fbc2cd30700 	kBZip2Compression supported: 0
2019/10/17-14:56:01.955093 7fbc2cd30700 	kZlibCompression supported: 0
2019/10/17-14:56:01.955094 7fbc2cd30700 	kSnappyCompression supported: 0
2019/10/17-14:56:01.955096 7fbc2cd30700 Fast CRC32 supported: Supported on x86
2019/10/17-14:56:01.955181 7fbc2cd30700 [db/version_set.cc:3507] Recovering from manifest file: MANIFEST-116686
2019/10/17-14:56:01.955211 7fbc2cd30700 [db/column_family.cc:472] --------------- Options for column family [default]:
2019/10/17-14:56:01.955213 7fbc2cd30700               Options.comparator: leveldb.BytewiseComparator
2019/10/17-14:56:01.955214 7fbc2cd30700           Options.merge_operator: None
2019/10/17-14:56:01.955215 7fbc2cd30700        Options.compaction_filter: None
2019/10/17-14:56:01.955215 7fbc2cd30700        Options.compaction_filter_factory: None
2019/10/17-14:56:01.955216 7fbc2cd30700         Options.memtable_factory: SkipListFactory
2019/10/17-14:56:01.955217 7fbc2cd30700            Options.table_factory: BlockBasedTable
2019/10/17-14:56:01.955232 7fbc2cd30700            table_factory options:   flush_block_policy_factory: FlushBlockBySizePolicyFactory (0x7fbbb8033aa0)
  cache_index_and_filter_blocks: 0
  cache_index_and_filter_blocks_with_high_priority: 0
  pin_l0_filter_and_index_blocks_in_cache: 0
  pin_top_level_index_and_filter: 1
  index_type: 0
  hash_index_allow_collision: 1
  checksum: 1
  no_block_cache: 0
  block_cache: 0x7fbbb84dc880
  block_cache_name: LRUCache
  block_cache_options:
    capacity : 8388608
    num_shard_bits : 4
    strict_capacity_limit : 0
    memory_allocator : None
    high_pri_pool_ratio: 0.000
  block_cache_compressed: (nil)
  persistent_cache: (nil)
  block_size: 4096
  block_size_deviation: 10
  block_restart_interval: 16
  index_block_restart_interval: 1
  metadata_block_size: 4096
  partition_filters: 0
  use_delta_encoding: 1
  filter_policy: nullptr
  whole_key_filtering: 1
  verify_compression: 0
  read_amp_bytes_per_bit: 0
  format_version: 2
  enable_index_compression: 1
  block_align: 0
2019/10/17-14:56:01.955240 7fbc2cd30700        Options.write_buffer_size: 67108864
2019/10/17-14:56:01.955241 7fbc2cd30700  Options.max_write_buffer_number: 2
2019/10/17-14:56:01.955242 7fbc2cd30700          Options.compression: NoCompression
2019/10/17-14:56:01.955242 7fbc2cd30700                  Options.bottommost_compression: Disabled
2019/10/17-14:56:01.955243 7fbc2cd30700       Options.prefix_extractor: nullptr
2019/10/17-14:56:01.955244 7fbc2cd30700   Options.memtable_insert_with_hint_prefix_extractor: nullptr
2019/10/17-14:56:01.955245 7fbc2cd30700             Options.num_levels: 7
2019/10/17-14:56:01.955245 7fbc2cd30700        Options.min_write_buffer_number_to_merge: 1
2019/10/17-14:56:01.955246 7fbc2cd30700     Options.max_write_buffer_number_to_maintain: 0
2019/10/17-14:56:01.955247 7fbc2cd30700            Options.bottommost_compression_opts.window_bits: -14
2019/10/17-14:56:01.955247 7fbc2cd30700                  Options.bottommost_compression_opts.level: 32767
2019/10/17-14:56:01.955248 7fbc2cd30700               Options.bottommost_compression_opts.strategy: 0
2019/10/17-14:56:01.955249 7fbc2cd30700         Options.bottommost_compression_opts.max_dict_bytes: 0
2019/10/17-14:56:01.955250 7fbc2cd30700         Options.bottommost_compression_opts.zstd_max_train_bytes: 0
2019/10/17-14:56:01.955250 7fbc2cd30700                  Options.bottommost_compression_opts.enabled: false
2019/10/17-14:56:01.955251 7fbc2cd30700            Options.compression_opts.window_bits: -14
2019/10/17-14:56:01.955252 7fbc2cd30700                  Options.compression_opts.level: 32767
2019/10/17-14:56:01.955253 7fbc2cd30700               Options.compression_opts.strategy: 0
2019/10/17-14:56:01.955253 7fbc2cd30700         Options.compression_opts.max_dict_bytes: 0
2019/10/17-14:56:01.955254 7fbc2cd30700         Options.compression_opts.zstd_max_train_bytes: 0
2019/10/17-14:56:01.955255 7fbc2cd30700                  Options.compression_opts.enabled: false
2019/10/17-14:56:01.955256 7fbc2cd30700      Options.level0_file_num_compaction_trigger: 4
2019/10/17-14:56:01.955256 7fbc2cd30700          Options.level0_slowdown_writes_trigger: 20
2019/10/17-14:56:01.955257 7fbc2cd30700              Options.level0_stop_writes_trigger: 36
2019/10/17-14:56:01.955258 7fbc2cd30700                   Options.target_file_size_base: 67108864
2019/10/17-14:56:01.955258 7fbc2cd30700             Options.target_file_size_multiplier: 1
2019/10/17-14:56:01.955259 7fbc2cd30700                Options.max_bytes_for_level_base: 268435456
2019/10/17-14:56:01.955260 7fbc2cd30700 Options.level_compaction_dynamic_level_bytes: 0
2019/10/17-14:56:01.955260 7fbc2cd30700          Options.max_bytes_for_level_multiplier: 10.000000
2019/10/17-14:56:01.955262 7fbc2cd30700 Options.max_bytes_for_level_multiplier_addtl[0]: 1
2019/10/17-14:56:01.955263 7fbc2cd30700 Options.max_bytes_for_level_multiplier_addtl[1]: 1
2019/10/17-14:56:01.955264 7fbc2cd30700 Options.max_bytes_for_level_multiplier_addtl[2]: 1
2019/10/17-14:56:01.955265 7fbc2cd30700 Options.max_bytes_for_level_multiplier_addtl[3]: 1
2019/10/17-14:56:01.955265 7fbc2cd30700 Options.max_bytes_for_level_multiplier_addtl[4]: 1
2019/10/17-14:56:01.955269 7fbc2cd30700 Options.max_bytes_for_level_multiplier_addtl[5]: 1
2019/10/17-14:56:01.955270 7fbc2cd30700 Options.max_bytes_for_level_multiplier_addtl[6]: 1
2019/10/17-14:56:01.955271 7fbc2cd30700       Options.max_sequential_skip_in_iterations: 8
2019/10/17-14:56:01.955271 7fbc2cd30700                    Options.max_compaction_bytes: 1677721600
2019/10/17-14:56:01.955272 7fbc2cd30700                        Options.arena_block_size: 8388608
2019/10/17-14:56:01.955273 7fbc2cd30700   Options.soft_pending_compaction_bytes_limit: 68719476736
2019/10/17-14:56:01.955274 7fbc2cd30700   Options.hard_pending_compaction_bytes_limit: 274877906944
2019/10/17-14:56:01.955274 7fbc2cd30700       Options.rate_limit_delay_max_milliseconds: 100
2019/10/17-14:56:01.955275 7fbc2cd30700                Options.disable_auto_compactions: 0
2019/10/17-14:56:01.955277 7fbc2cd30700                        Options.compaction_style: kCompactionStyleLevel
2019/10/17-14:56:01.955278 7fbc2cd30700                          Options.compaction_pri: kByCompensatedSize
2019/10/17-14:56:01.955278 7fbc2cd30700 Options.compaction_options_universal.size_ratio: 1
2019/10/17-14:56:01.955279 7fbc2cd30700 Options.compaction_options_universal.min_merge_width: 2
2019/10/17-14:56:01.955280 7fbc2cd30700 Options.compaction_options_universal.max_merge_width: 4294967295
2019/10/17-14:56:01.955280 7fbc2cd30700 Options.compaction_options_universal.max_size_amplification_percent: 200
2019/10/17-14:56:01.955281 7fbc2cd30700 Options.compaction_options_universal.compression_size_percent: -1
2019/10/17-14:56:01.955282 7fbc2cd30700 Options.compaction_options_universal.stop_style: kCompactionStopStyleTotalSize
2019/10/17-14:56:01.955283 7fbc2cd30700 Options.compaction_options_fifo.max_table_files_size: 1073741824
2019/10/17-14:56:01.955284 7fbc2cd30700 Options.compaction_options_fifo.allow_compaction: 0
2019/10/17-14:56:01.955284 7fbc2cd30700 Options.compaction_options_fifo.ttl: 0
2019/10/17-14:56:01.955285 7fbc2cd30700                   Options.table_properties_collectors: 
2019/10/17-14:56:01.955286 7fbc2cd30700                   Options.inplace_update_support: 0
2019/10/17-14:56:01.955286 7fbc2cd30700                 Options.inplace_update_num_locks: 10000
2019/10/17-14:56:01.955287 7fbc2cd30700               Options.memtable_prefix_bloom_size_ratio: 0.000000
2019/10/17-14:56:01.955288 7fbc2cd30700   Options.memtable_huge_page_size: 0
2019/10/17-14:56:01.955289 7fbc2cd30700                           Options.bloom_locality: 0
2019/10/17-14:56:01.955290 7fbc2cd30700                    Options.max_successive_merges: 0
2019/10/17-14:56:01.955290 7fbc2cd30700                Options.optimize_filters_for_hits: 0
2019/10/17-14:56:01.955291 7fbc2cd30700                Options.paranoid_file_checks: 0
2019/10/17-14:56:01.955292 7fbc2cd30700                Options.force_consistency_checks: 0
2019/10/17-14:56:01.955292 7fbc2cd30700                Options.report_bg_io_stats: 0
2019/10/17-14:56:01.955293 7fbc2cd30700                               Options.ttl: 0
2019/10/17-14:56:01.955319 7fbc2cd30700 [db/column_family.cc:472] --------------- Options for column family [active_gateways]:
2019/10/17-14:56:01.955320 7fbc2cd30700               Options.comparator: leveldb.BytewiseComparator
2019/10/17-14:56:01.955321 7fbc2cd30700           Options.merge_operator: None
2019/10/17-14:56:01.955321 7fbc2cd30700        Options.compaction_filter: None
2019/10/17-14:56:01.955322 7fbc2cd30700        Options.compaction_filter_factory: None
2019/10/17-14:56:01.955323 7fbc2cd30700         Options.memtable_factory: SkipListFactory
2019/10/17-14:56:01.955323 7fbc2cd30700            Options.table_factory: BlockBasedTable
2019/10/17-14:56:01.955333 7fbc2cd30700            table_factory options:   flush_block_policy_factory: FlushBlockBySizePolicyFactory (0x7fbbb8058ba0)
  cache_index_and_filter_blocks: 0
  cache_index_and_filter_blocks_with_high_priority: 0
  pin_l0_filter_and_index_blocks_in_cache: 0
  pin_top_level_index_and_filter: 1
  index_type: 0
  hash_index_allow_collision: 1
  checksum: 1
  no_block_cache: 0
  block_cache: 0x7fbbb809cc70
  block_cache_name: LRUCache
  block_cache_options:
    capacity : 8388608
    num_shard_bits : 4
    strict_capacity_limit : 0
    memory_allocator : None
    high_pri_pool_ratio: 0.000
  block_cache_compressed: (nil)
  persistent_cache: (nil)
  block_size: 4096
  block_size_deviation: 10
  block_restart_interval: 16
  index_block_restart_interval: 1
  metadata_block_size: 4096
  partition_filters: 0
  use_delta_encoding: 1
  filter_policy: nullptr
  whole_key_filtering: 1
  verify_compression: 0
  read_amp_bytes_per_bit: 0
  format_version: 2
  enable_index_compression: 1
  block_align: 0
2019/10/17-14:56:01.955339 7fbc2cd30700        Options.write_buffer_size: 67108864
2019/10/17-14:56:01.955340 7fbc2cd30700  Options.max_write_buffer_number: 2
2019/10/17-14:56:01.955340 7fbc2cd30700          Options.compression: NoCompression
2019/10/17-14:56:01.955341 7fbc2cd30700                  Options.bottommost_compression: Disabled
2019/10/17-14:56:01.955342 7fbc2cd30700       Options.prefix_extractor: nullptr
2019/10/17-14:56:01.955342 7fbc2cd30700   Options.memtable_insert_with_hint_prefix_extractor: nullptr
2019/10/17-14:56:01.955343 7fbc2cd30700             Options.num_levels: 7
2019/10/17-14:56:01.955344 7fbc2cd30700        Options.min_write_buffer_number_to_merge: 1
2019/10/17-14:56:01.955344 7fbc2cd30700     Options.max_write_buffer_number_to_maintain: 0
2019/10/17-14:56:01.955345 7fbc2cd30700            Options.bottommost_compression_opts.window_bits: -14
2019/10/17-14:56:01.955346 7fbc2cd30700                  Options.bottommost_compression_opts.level: 32767
2019/10/17-14:56:01.955347 7fbc2cd30700               Options.bottommost_compression_opts.strategy: 0
2019/10/17-14:56:01.955347 7fbc2cd30700         Options.bottommost_compression_opts.max_dict_bytes: 0
2019/10/17-14:56:01.955348 7fbc2cd30700         Options.bottommost_compression_opts.zstd_max_train_bytes: 0
2019/10/17-14:56:01.955349 7fbc2cd30700                  Options.bottommost_compression_opts.enabled: false
2019/10/17-14:56:01.955349 7fbc2cd30700            Options.compression_opts.window_bits: -14
2019/10/17-14:56:01.955350 7fbc2cd30700                  Options.compression_opts.level: 32767
2019/10/17-14:56:01.955351 7fbc2cd30700               Options.compression_opts.strategy: 0
2019/10/17-14:56:01.955351 7fbc2cd30700         Options.compression_opts.max_dict_bytes: 0
2019/10/17-14:56:01.955352 7fbc2cd30700         Options.compression_opts.zstd_max_train_bytes: 0
2019/10/17-14:56:01.955353 7fbc2cd30700                  Options.compression_opts.enabled: false
2019/10/17-14:56:01.955353 7fbc2cd30700      Options.level0_file_num_compaction_trigger: 4
2019/10/17-14:56:01.955354 7fbc2cd30700          Options.level0_slowdown_writes_trigger: 20
2019/10/17-14:56:01.955355 7fbc2cd30700              Options.level0_stop_writes_trigger: 36
2019/10/17-14:56:01.955355 7fbc2cd30700                   Options.target_file_size_base: 67108864
2019/10/17-14:56:01.955356 7fbc2cd30700             Options.target_file_size_multiplier: 1
2019/10/17-14:56:01.955357 7fbc2cd30700                Options.max_bytes_for_level_base: 268435456
2019/10/17-14:56:01.955358 7fbc2cd30700 Options.level_compaction_dynamic_level_bytes: 0
2019/10/17-14:56:01.955358 7fbc2cd30700          Options.max_bytes_for_level_multiplier: 10.000000
2019/10/17-14:56:01.955360 7fbc2cd30700 Options.max_bytes_for_level_multiplier_addtl[0]: 1
2019/10/17-14:56:01.955360 7fbc2cd30700 Options.max_bytes_for_level_multiplier_addtl[1]: 1
2019/10/17-14:56:01.955361 7fbc2cd30700 Options.max_bytes_for_level_multiplier_addtl[2]: 1
2019/10/17-14:56:01.955362 7fbc2cd30700 Options.max_bytes_for_level_multiplier_addtl[3]: 1
2019/10/17-14:56:01.955362 7fbc2cd30700 Options.max_bytes_for_level_multiplier_addtl[4]: 1
2019/10/17-14:56:01.955363 7fbc2cd30700 Options.max_bytes_for_level_multiplier_addtl[5]: 1
2019/10/17-14:56:01.955364 7fbc2cd30700 Options.max_bytes_for_level_multiplier_addtl[6]: 1
2019/10/17-14:56:01.955364 7fbc2cd30700       Options.max_sequential_skip_in_iterations: 8
2019/10/17-14:56:01.955369 7fbc2cd30700                    Options.max_compaction_bytes: 1677721600
2019/10/17-14:56:01.955370 7fbc2cd30700                        Options.arena_block_size: 8388608
2019/10/17-14:56:01.955370 7fbc2cd30700   Options.soft_pending_compaction_bytes_limit: 68719476736
2019/10/17-14:56:01.955371 7fbc2cd30700   Options.hard_pending_compaction_bytes_limit: 274877906944
2019/10/17-14:56:01.955372 7fbc2cd30700       Options.rate_limit_delay_max_milliseconds: 100
2019/10/17-14:56:01.955372 7fbc2cd30700                Options.disable_auto_compactions: 0
2019/10/17-14:56:01.955373 7fbc2cd30700                        Options.compaction_style: kCompactionStyleLevel
2019/10/17-14:56:01.955374 7fbc2cd30700                          Options.compaction_pri: kByCompensatedSize
2019/10/17-14:56:01.955375 7fbc2cd30700 Options.compaction_options_universal.size_ratio: 1
2019/10/17-14:56:01.955376 7fbc2cd30700 Options.compaction_options_universal.min_merge_width: 2
2019/10/17-14:56:01.955376 7fbc2cd30700 Options.compaction_options_universal.max_merge_width: 4294967295
2019/10/17-14:56:01.955377 7fbc2cd30700 Options.compaction_options_universal.max_size_amplification_percent: 200
2019/10/17-14:56:01.955378 7fbc2cd30700 Options.compaction_options_universal.compression_size_percent: -1
2019/10/17-14:56:01.955379 7fbc2cd30700 Options.compaction_options_universal.stop_style: kCompactionStopStyleTotalSize
2019/10/17-14:56:01.955379 7fbc2cd30700 Options.compaction_options_fifo.max_table_files_size: 1073741824
2019/10/17-14:56:01.955380 7fbc2cd30700 Options.compaction_options_fifo.allow_compaction: 0
2019/10/17-14:56:01.955381 7fbc2cd30700 Options.compaction_options_fifo.ttl: 0
2019/10/17-14:56:01.955381 7fbc2cd30700                   Options.table_properties_collectors: 
2019/10/17-14:56:01.955382 7fbc2cd30700                   Options.inplace_update_support: 0
2019/10/17-14:56:01.955383 7fbc2cd30700                 Options.inplace_update_num_locks: 10000
2019/10/17-14:56:01.955383 7fbc2cd30700               Options.memtable_prefix_bloom_size_ratio: 0.000000
2019/10/17-14:56:01.955384 7fbc2cd30700   Options.memtable_huge_page_size: 0
2019/10/17-14:56:01.955385 7fbc2cd30700                           Options.bloom_locality: 0
2019/10/17-14:56:01.955386 7fbc2cd30700                    Options.max_successive_merges: 0
2019/10/17-14:56:01.955387 7fbc2cd30700                Options.optimize_filters_for_hits: 0
2019/10/17-14:56:01.955387 7fbc2cd30700                Options.paranoid_file_checks: 0
2019/10/17-14:56:01.955388 7fbc2cd30700                Options.force_consistency_checks: 0
2019/10/17-14:56:01.955389 7fbc2cd30700                Options.report_bg_io_stats: 0
2019/10/17-14:56:01.955389 7fbc2cd30700                               Options.ttl: 0
2019/10/17-14:56:01.955404 7fbc2cd30700 [db/column_family.cc:472] --------------- Options for column family [entries]:
2019/10/17-14:56:01.955405 7fbc2cd30700               Options.comparator: leveldb.BytewiseComparator
2019/10/17-14:56:01.955405 7fbc2cd30700           Options.merge_operator: None
2019/10/17-14:56:01.955406 7fbc2cd30700        Options.compaction_filter: None
2019/10/17-14:56:01.955407 7fbc2cd30700        Options.compaction_filter_factory: None
2019/10/17-14:56:01.955408 7fbc2cd30700         Options.memtable_factory: SkipListFactory
2019/10/17-14:56:01.955408 7fbc2cd30700            Options.table_factory: BlockBasedTable
2019/10/17-14:56:01.955417 7fbc2cd30700            table_factory options:   flush_block_policy_factory: FlushBlockBySizePolicyFactory (0x7fbbb80224e0)
  cache_index_and_filter_blocks: 0
  cache_index_and_filter_blocks_with_high_priority: 0
  pin_l0_filter_and_index_blocks_in_cache: 0
  pin_top_level_index_and_filter: 1
  index_type: 0
  hash_index_allow_collision: 1
  checksum: 1
  no_block_cache: 0
  block_cache: 0x7fbbb802a410
  block_cache_name: LRUCache
  block_cache_options:
    capacity : 8388608
    num_shard_bits : 4
    strict_capacity_limit : 0
    memory_allocator : None
    high_pri_pool_ratio: 0.000
  block_cache_compressed: (nil)
  persistent_cache: (nil)
  block_size: 4096
  block_size_deviation: 10
  block_restart_interval: 16
  index_block_restart_interval: 1
  metadata_block_size: 4096
  partition_filters: 0
  use_delta_encoding: 1
  filter_policy: nullptr
  whole_key_filtering: 1
  verify_compression: 0
  read_amp_bytes_per_bit: 0
  format_version: 2
  enable_index_compression: 1
  block_align: 0
2019/10/17-14:56:01.955422 7fbc2cd30700        Options.write_buffer_size: 67108864
2019/10/17-14:56:01.955423 7fbc2cd30700  Options.max_write_buffer_number: 2
2019/10/17-14:56:01.955424 7fbc2cd30700          Options.compression: NoCompression
2019/10/17-14:56:01.955425 7fbc2cd30700                  Options.bottommost_compression: Disabled
2019/10/17-14:56:01.955425 7fbc2cd30700       Options.prefix_extractor: nullptr
2019/10/17-14:56:01.955426 7fbc2cd30700   Options.memtable_insert_with_hint_prefix_extractor: nullptr
2019/10/17-14:56:01.955427 7fbc2cd30700             Options.num_levels: 7
2019/10/17-14:56:01.955427 7fbc2cd30700        Options.min_write_buffer_number_to_merge: 1
2019/10/17-14:56:01.955428 7fbc2cd30700     Options.max_write_buffer_number_to_maintain: 0
2019/10/17-14:56:01.955429 7fbc2cd30700            Options.bottommost_compression_opts.window_bits: -14
2019/10/17-14:56:01.955430 7fbc2cd30700                  Options.bottommost_compression_opts.level: 32767
2019/10/17-14:56:01.955430 7fbc2cd30700               Options.bottommost_compression_opts.strategy: 0
2019/10/17-14:56:01.955431 7fbc2cd30700         Options.bottommost_compression_opts.max_dict_bytes: 0
2019/10/17-14:56:01.955432 7fbc2cd30700         Options.bottommost_compression_opts.zstd_max_train_bytes: 0
2019/10/17-14:56:01.955432 7fbc2cd30700                  Options.bottommost_compression_opts.enabled: false
2019/10/17-14:56:01.955433 7fbc2cd30700            Options.compression_opts.window_bits: -14
2019/10/17-14:56:01.955434 7fbc2cd30700                  Options.compression_opts.level: 32767
2019/10/17-14:56:01.955434 7fbc2cd30700               Options.compression_opts.strategy: 0
2019/10/17-14:56:01.955435 7fbc2cd30700         Options.compression_opts.max_dict_bytes: 0
2019/10/17-14:56:01.955436 7fbc2cd30700         Options.compression_opts.zstd_max_train_bytes: 0
2019/10/17-14:56:01.955436 7fbc2cd30700                  Options.compression_opts.enabled: false
2019/10/17-14:56:01.955437 7fbc2cd30700      Options.level0_file_num_compaction_trigger: 4
2019/10/17-14:56:01.955438 7fbc2cd30700          Options.level0_slowdown_writes_trigger: 20
2019/10/17-14:56:01.955438 7fbc2cd30700              Options.level0_stop_writes_trigger: 36
2019/10/17-14:56:01.955439 7fbc2cd30700                   Options.target_file_size_base: 67108864
2019/10/17-14:56:01.955440 7fbc2cd30700             Options.target_file_size_multiplier: 1
2019/10/17-14:56:01.955440 7fbc2cd30700                Options.max_bytes_for_level_base: 268435456
2019/10/17-14:56:01.955441 7fbc2cd30700 Options.level_compaction_dynamic_level_bytes: 0
2019/10/17-14:56:01.955442 7fbc2cd30700          Options.max_bytes_for_level_multiplier: 10.000000
2019/10/17-14:56:01.955443 7fbc2cd30700 Options.max_bytes_for_level_multiplier_addtl[0]: 1
2019/10/17-14:56:01.955444 7fbc2cd30700 Options.max_bytes_for_level_multiplier_addtl[1]: 1
2019/10/17-14:56:01.955444 7fbc2cd30700 Options.max_bytes_for_level_multiplier_addtl[2]: 1
2019/10/17-14:56:01.955445 7fbc2cd30700 Options.max_bytes_for_level_multiplier_addtl[3]: 1
2019/10/17-14:56:01.955446 7fbc2cd30700 Options.max_bytes_for_level_multiplier_addtl[4]: 1
2019/10/17-14:56:01.955447 7fbc2cd30700 Options.max_bytes_for_level_multiplier_addtl[5]: 1
2019/10/17-14:56:01.955447 7fbc2cd30700 Options.max_bytes_for_level_multiplier_addtl[6]: 1
2019/10/17-14:56:01.955448 7fbc2cd30700       Options.max_sequential_skip_in_iterations: 8
2019/10/17-14:56:01.955449 7fbc2cd30700                    Options.max_compaction_bytes: 1677721600
2019/10/17-14:56:01.955449 7fbc2cd30700                        Options.arena_block_size: 8388608
2019/10/17-14:56:01.955450 7fbc2cd30700   Options.soft_pending_compaction_bytes_limit: 68719476736
2019/10/17-14:56:01.955454 7fbc2cd30700   Options.hard_pending_compaction_bytes_limit: 274877906944
2019/10/17-14:56:01.955455 7fbc2cd30700       Options.rate_limit_delay_max_milliseconds: 100
2019/10/17-14:56:01.955456 7fbc2cd30700                Options.disable_auto_compactions: 0
2019/10/17-14:56:01.955457 7fbc2cd30700                        Options.compaction_style: kCompactionStyleLevel
2019/10/17-14:56:01.955457 7fbc2cd30700                          Options.compaction_pri: kByCompensatedSize
2019/10/17-14:56:01.955458 7fbc2cd30700 Options.compaction_options_universal.size_ratio: 1
2019/10/17-14:56:01.955459 7fbc2cd30700 Options.compaction_options_universal.min_merge_width: 2
2019/10/17-14:56:01.955459 7fbc2cd30700 Options.compaction_options_universal.max_merge_width: 4294967295
2019/10/17-14:56:01.955460 7fbc2cd30700 Options.compaction_options_universal.max_size_amplification_percent: 200
2019/10/17-14:56:01.955461 7fbc2cd30700 Options.compaction_options_universal.compression_size_percent: -1
2019/10/17-14:56:01.955462 7fbc2cd30700 Options.compaction_options_universal.stop_style: kCompactionStopStyleTotalSize
2019/10/17-14:56:01.955462 7fbc2cd30700 Options.compaction_options_fifo.max_table_files_size: 1073741824
2019/10/17-14:56:01.955463 7fbc2cd30700 Options.compaction_options_fifo.allow_compaction: 0
2019/10/17-14:56:01.955464 7fbc2cd30700 Options.compaction_options_fifo.ttl: 0
2019/10/17-14:56:01.955464 7fbc2cd30700                   Options.table_properties_collectors: 
2019/10/17-14:56:01.955465 7fbc2cd30700                   Options.inplace_update_support: 0
2019/10/17-14:56:01.955466 7fbc2cd30700                 Options.inplace_update_num_locks: 10000
2019/10/17-14:56:01.955467 7fbc2cd30700               Options.memtable_prefix_bloom_size_ratio: 0.000000
2019/10/17-14:56:01.955467 7fbc2cd30700   Options.memtable_huge_page_size: 0
2019/10/17-14:56:01.955468 7fbc2cd30700                           Options.bloom_locality: 0
2019/10/17-14:56:01.955469 7fbc2cd30700                    Options.max_successive_merges: 0
2019/10/17-14:56:01.955470 7fbc2cd30700                Options.optimize_filters_for_hits: 0
2019/10/17-14:56:01.955470 7fbc2cd30700                Options.paranoid_file_checks: 0
2019/10/17-14:56:01.955471 7fbc2cd30700                Options.force_consistency_checks: 0
2019/10/17-14:56:01.955472 7fbc2cd30700                Options.report_bg_io_stats: 0
2019/10/17-14:56:01.955472 7fbc2cd30700                               Options.ttl: 0
2019/10/17-14:56:01.955485 7fbc2cd30700 [db/column_family.cc:472] --------------- Options for column family [dc_entries]:
2019/10/17-14:56:01.955486 7fbc2cd30700               Options.comparator: leveldb.BytewiseComparator
2019/10/17-14:56:01.955487 7fbc2cd30700           Options.merge_operator: None
2019/10/17-14:56:01.955487 7fbc2cd30700        Options.compaction_filter: None
2019/10/17-14:56:01.955488 7fbc2cd30700        Options.compaction_filter_factory: None
2019/10/17-14:56:01.955489 7fbc2cd30700         Options.memtable_factory: SkipListFactory
2019/10/17-14:56:01.955489 7fbc2cd30700            Options.table_factory: BlockBasedTable
2019/10/17-14:56:01.955498 7fbc2cd30700            table_factory options:   flush_block_policy_factory: FlushBlockBySizePolicyFactory (0x7fbbb809bd10)
  cache_index_and_filter_blocks: 0
  cache_index_and_filter_blocks_with_high_priority: 0
  pin_l0_filter_and_index_blocks_in_cache: 0
  pin_top_level_index_and_filter: 1
  index_type: 0
  hash_index_allow_collision: 1
  checksum: 1
  no_block_cache: 0
  block_cache: 0x7fbbb807dd10
  block_cache_name: LRUCache
  block_cache_options:
    capacity : 8388608
    num_shard_bits : 4
    strict_capacity_limit : 0
    memory_allocator : None
    high_pri_pool_ratio: 0.000
  block_cache_compressed: (nil)
  persistent_cache: (nil)
  block_size: 4096
  block_size_deviation: 10
  block_restart_interval: 16
  index_block_restart_interval: 1
  metadata_block_size: 4096
  partition_filters: 0
  use_delta_encoding: 1
  filter_policy: nullptr
  whole_key_filtering: 1
  verify_compression: 0
  read_amp_bytes_per_bit: 0
  format_version: 2
  enable_index_compression: 1
  block_align: 0
2019/10/17-14:56:01.955503 7fbc2cd30700        Options.write_buffer_size: 67108864
2019/10/17-14:56:01.955504 7fbc2cd30700  Options.max_write_buffer_number: 2
2019/10/17-14:56:01.955505 7fbc2cd30700          Options.compression: NoCompression
2019/10/17-14:56:01.955506 7fbc2cd30700                  Options.bottommost_compression: Disabled
2019/10/17-14:56:01.955506 7fbc2cd30700       Options.prefix_extractor: nullptr
2019/10/17-14:56:01.955507 7fbc2cd30700   Options.memtable_insert_with_hint_prefix_extractor: nullptr
2019/10/17-14:56:01.955508 7fbc2cd30700             Options.num_levels: 7
2019/10/17-14:56:01.955508 7fbc2cd30700        Options.min_write_buffer_number_to_merge: 1
2019/10/17-14:56:01.955509 7fbc2cd30700     Options.max_write_buffer_number_to_maintain: 0
2019/10/17-14:56:01.955510 7fbc2cd30700            Options.bottommost_compression_opts.window_bits: -14
2019/10/17-14:56:01.955510 7fbc2cd30700                  Options.bottommost_compression_opts.level: 32767
2019/10/17-14:56:01.955511 7fbc2cd30700               Options.bottommost_compression_opts.strategy: 0
2019/10/17-14:56:01.955512 7fbc2cd30700         Options.bottommost_compression_opts.max_dict_bytes: 0
2019/10/17-14:56:01.955513 7fbc2cd30700         Options.bottommost_compression_opts.zstd_max_train_bytes: 0
2019/10/17-14:56:01.955513 7fbc2cd30700                  Options.bottommost_compression_opts.enabled: false
2019/10/17-14:56:01.955514 7fbc2cd30700            Options.compression_opts.window_bits: -14
2019/10/17-14:56:01.955515 7fbc2cd30700                  Options.compression_opts.level: 32767
2019/10/17-14:56:01.955515 7fbc2cd30700               Options.compression_opts.strategy: 0
2019/10/17-14:56:01.955516 7fbc2cd30700         Options.compression_opts.max_dict_bytes: 0
2019/10/17-14:56:01.955517 7fbc2cd30700         Options.compression_opts.zstd_max_train_bytes: 0
2019/10/17-14:56:01.955517 7fbc2cd30700                  Options.compression_opts.enabled: false
2019/10/17-14:56:01.955518 7fbc2cd30700      Options.level0_file_num_compaction_trigger: 4
2019/10/17-14:56:01.955519 7fbc2cd30700          Options.level0_slowdown_writes_trigger: 20
2019/10/17-14:56:01.955519 7fbc2cd30700              Options.level0_stop_writes_trigger: 36
2019/10/17-14:56:01.955520 7fbc2cd30700                   Options.target_file_size_base: 67108864
2019/10/17-14:56:01.955521 7fbc2cd30700             Options.target_file_size_multiplier: 1
2019/10/17-14:56:01.955521 7fbc2cd30700                Options.max_bytes_for_level_base: 268435456
2019/10/17-14:56:01.955522 7fbc2cd30700 Options.level_compaction_dynamic_level_bytes: 0
2019/10/17-14:56:01.955523 7fbc2cd30700          Options.max_bytes_for_level_multiplier: 10.000000
2019/10/17-14:56:01.955524 7fbc2cd30700 Options.max_bytes_for_level_multiplier_addtl[0]: 1
2019/10/17-14:56:01.955525 7fbc2cd30700 Options.max_bytes_for_level_multiplier_addtl[1]: 1
2019/10/17-14:56:01.955525 7fbc2cd30700 Options.max_bytes_for_level_multiplier_addtl[2]: 1
2019/10/17-14:56:01.955526 7fbc2cd30700 Options.max_bytes_for_level_multiplier_addtl[3]: 1
2019/10/17-14:56:01.955527 7fbc2cd30700 Options.max_bytes_for_level_multiplier_addtl[4]: 1
2019/10/17-14:56:01.955527 7fbc2cd30700 Options.max_bytes_for_level_multiplier_addtl[5]: 1
2019/10/17-14:56:01.955528 7fbc2cd30700 Options.max_bytes_for_level_multiplier_addtl[6]: 1
2019/10/17-14:56:01.955529 7fbc2cd30700       Options.max_sequential_skip_in_iterations: 8
2019/10/17-14:56:01.955529 7fbc2cd30700                    Options.max_compaction_bytes: 1677721600
2019/10/17-14:56:01.955530 7fbc2cd30700                        Options.arena_block_size: 8388608
2019/10/17-14:56:01.955531 7fbc2cd30700   Options.soft_pending_compaction_bytes_limit: 68719476736
2019/10/17-14:56:01.955531 7fbc2cd30700   Options.hard_pending_compaction_bytes_limit: 274877906944
2019/10/17-14:56:01.955532 7fbc2cd30700       Options.rate_limit_delay_max_milliseconds: 100
2019/10/17-14:56:01.955533 7fbc2cd30700                Options.disable_auto_compactions: 0
2019/10/17-14:56:01.955537 7fbc2cd30700                        Options.compaction_style: kCompactionStyleLevel
2019/10/17-14:56:01.955538 7fbc2cd30700                          Options.compaction_pri: kByCompensatedSize
2019/10/17-14:56:01.955539 7fbc2cd30700 Options.compaction_options_universal.size_ratio: 1
2019/10/17-14:56:01.955539 7fbc2cd30700 Options.compaction_options_universal.min_merge_width: 2
2019/10/17-14:56:01.955540 7fbc2cd30700 Options.compaction_options_universal.max_merge_width: 4294967295
2019/10/17-14:56:01.955541 7fbc2cd30700 Options.compaction_options_universal.max_size_amplification_percent: 200
2019/10/17-14:56:01.955541 7fbc2cd30700 Options.compaction_options_universal.compression_size_percent: -1
2019/10/17-14:56:01.955542 7fbc2cd30700 Options.compaction_options_universal.stop_style: kCompactionStopStyleTotalSize
2019/10/17-14:56:01.955543 7fbc2cd30700 Options.compaction_options_fifo.max_table_files_size: 1073741824
2019/10/17-14:56:01.955544 7fbc2cd30700 Options.compaction_options_fifo.allow_compaction: 0
2019/10/17-14:56:01.955544 7fbc2cd30700 Options.compaction_options_fifo.ttl: 0
2019/10/17-14:56:01.955545 7fbc2cd30700                   Options.table_properties_collectors: 
2019/10/17-14:56:01.955546 7fbc2cd30700                   Options.inplace_update_support: 0
2019/10/17-14:56:01.955546 7fbc2cd30700                 Options.inplace_update_num_locks: 10000
2019/10/17-14:56:01.955547 7fbc2cd30700               Options.memtable_prefix_bloom_size_ratio: 0.000000
2019/10/17-14:56:01.955548 7fbc2cd30700   Options.memtable_huge_page_size: 0
2019/10/17-14:56:01.955549 7fbc2cd30700                           Options.bloom_locality: 0
2019/10/17-14:56:01.955549 7fbc2cd30700                    Options.max_successive_merges: 0
2019/10/17-14:56:01.955550 7fbc2cd30700                Options.optimize_filters_for_hits: 0
2019/10/17-14:56:01.955551 7fbc2cd30700                Options.paranoid_file_checks: 0
2019/10/17-14:56:01.955551 7fbc2cd30700                Options.force_consistency_checks: 0
2019/10/17-14:56:01.955552 7fbc2cd30700                Options.report_bg_io_stats: 0
2019/10/17-14:56:01.955553 7fbc2cd30700                               Options.ttl: 0
2019/10/17-14:56:01.955563 7fbc2cd30700 [db/column_family.cc:472] --------------- Options for column family [htlcs]:
2019/10/17-14:56:01.955565 7fbc2cd30700               Options.comparator: leveldb.BytewiseComparator
2019/10/17-14:56:01.955565 7fbc2cd30700           Options.merge_operator: None
2019/10/17-14:56:01.955566 7fbc2cd30700        Options.compaction_filter: None
2019/10/17-14:56:01.955567 7fbc2cd30700        Options.compaction_filter_factory: None
2019/10/17-14:56:01.955567 7fbc2cd30700         Options.memtable_factory: SkipListFactory
2019/10/17-14:56:01.955568 7fbc2cd30700            Options.table_factory: BlockBasedTable
2019/10/17-14:56:01.955576 7fbc2cd30700            table_factory options:   flush_block_policy_factory: FlushBlockBySizePolicyFactory (0x7fbbb84da5d0)
