2019/10/17-14:55:02.079639 7fc3a9fcb700 RocksDB version: 5.18.3
2019/10/17-14:55:02.079682 7fc3a9fcb700 Git sha rocksdb_build_git_sha:@0@
2019/10/17-14:55:02.079685 7fc3a9fcb700 Compile date Sep 19 2019
2019/10/17-14:55:02.079687 7fc3a9fcb700 DB SUMMARY
2019/10/17-14:55:02.081105 7fc3a9fcb700 CURRENT file:  CURRENT
2019/10/17-14:55:02.081111 7fc3a9fcb700 IDENTITY file:  IDENTITY
2019/10/17-14:55:02.081203 7fc3a9fcb700 MANIFEST file:  MANIFEST-116197 size: 4114 Bytes
2019/10/17-14:55:02.081208 7fc3a9fcb700 SST files in /home/rahul/dev/blockchain-core/eqc/ledger.db dir, Total Num: 29, files: 000624.sst 000627.sst 106940.sst 108447.sst 108450.sst 109471.sst 109483.sst 109485.sst 109486.sst 
2019/10/17-14:55:02.081212 7fc3a9fcb700 Write Ahead Log file in /home/rahul/dev/blockchain-core/eqc/ledger.db: 116198.log size: 0 ; 
2019/10/17-14:55:02.081294 7fc3a9fcb700                         Options.error_if_exists: 0
2019/10/17-14:55:02.081299 7fc3a9fcb700                       Options.create_if_missing: 1
2019/10/17-14:55:02.081302 7fc3a9fcb700                         Options.paranoid_checks: 1
2019/10/17-14:55:02.081304 7fc3a9fcb700                                     Options.env: 0x7fc32ae1fc60
2019/10/17-14:55:02.081307 7fc3a9fcb700                                Options.info_log: 0x7fc35008f7d0
2019/10/17-14:55:02.081310 7fc3a9fcb700                Options.max_file_opening_threads: 16
2019/10/17-14:55:02.081313 7fc3a9fcb700                              Options.statistics: (nil)
2019/10/17-14:55:02.081316 7fc3a9fcb700                               Options.use_fsync: 0
2019/10/17-14:55:02.081318 7fc3a9fcb700                       Options.max_log_file_size: 0
2019/10/17-14:55:02.081321 7fc3a9fcb700                  Options.max_manifest_file_size: 1073741824
2019/10/17-14:55:02.081324 7fc3a9fcb700                   Options.log_file_time_to_roll: 0
2019/10/17-14:55:02.081327 7fc3a9fcb700                       Options.keep_log_file_num: 1000
2019/10/17-14:55:02.081329 7fc3a9fcb700                    Options.recycle_log_file_num: 0
2019/10/17-14:55:02.081332 7fc3a9fcb700                         Options.allow_fallocate: 1
2019/10/17-14:55:02.081335 7fc3a9fcb700                        Options.allow_mmap_reads: 0
2019/10/17-14:55:02.081337 7fc3a9fcb700                       Options.allow_mmap_writes: 0
2019/10/17-14:55:02.081340 7fc3a9fcb700                        Options.use_direct_reads: 0
2019/10/17-14:55:02.081343 7fc3a9fcb700                        Options.use_direct_io_for_flush_and_compaction: 0
2019/10/17-14:55:02.081345 7fc3a9fcb700          Options.create_missing_column_families: 0
2019/10/17-14:55:02.081348 7fc3a9fcb700                              Options.db_log_dir: 
2019/10/17-14:55:02.081350 7fc3a9fcb700                                 Options.wal_dir: /home/rahul/dev/blockchain-core/eqc/ledger.db
2019/10/17-14:55:02.081353 7fc3a9fcb700                Options.table_cache_numshardbits: 6
2019/10/17-14:55:02.081356 7fc3a9fcb700                      Options.max_subcompactions: 1
2019/10/17-14:55:02.081358 7fc3a9fcb700                  Options.max_background_flushes: -1
2019/10/17-14:55:02.081361 7fc3a9fcb700                         Options.WAL_ttl_seconds: 0
2019/10/17-14:55:02.081364 7fc3a9fcb700                       Options.WAL_size_limit_MB: 0
2019/10/17-14:55:02.081366 7fc3a9fcb700             Options.manifest_preallocation_size: 4194304
2019/10/17-14:55:02.081369 7fc3a9fcb700                     Options.is_fd_close_on_exec: 1
2019/10/17-14:55:02.081372 7fc3a9fcb700                   Options.advise_random_on_open: 1
2019/10/17-14:55:02.081375 7fc3a9fcb700                    Options.db_write_buffer_size: 0
2019/10/17-14:55:02.081377 7fc3a9fcb700                    Options.write_buffer_manager: 0x7fc3500b9e00
2019/10/17-14:55:02.081380 7fc3a9fcb700         Options.access_hint_on_compaction_start: 1
2019/10/17-14:55:02.081382 7fc3a9fcb700  Options.new_table_reader_for_compaction_inputs: 0
2019/10/17-14:55:02.081385 7fc3a9fcb700           Options.random_access_max_buffer_size: 1048576
2019/10/17-14:55:02.081388 7fc3a9fcb700                      Options.use_adaptive_mutex: 0
2019/10/17-14:55:02.081390 7fc3a9fcb700                            Options.rate_limiter: (nil)
2019/10/17-14:55:02.081417 7fc3a9fcb700     Options.sst_file_manager.rate_bytes_per_sec: 0
2019/10/17-14:55:02.081420 7fc3a9fcb700                       Options.wal_recovery_mode: 2
2019/10/17-14:55:02.081422 7fc3a9fcb700                  Options.enable_thread_tracking: 0
2019/10/17-14:55:02.081425 7fc3a9fcb700                  Options.enable_pipelined_write: 0
2019/10/17-14:55:02.081427 7fc3a9fcb700         Options.allow_concurrent_memtable_write: 1
2019/10/17-14:55:02.081429 7fc3a9fcb700      Options.enable_write_thread_adaptive_yield: 1
2019/10/17-14:55:02.081431 7fc3a9fcb700             Options.write_thread_max_yield_usec: 100
2019/10/17-14:55:02.081434 7fc3a9fcb700            Options.write_thread_slow_yield_usec: 3
2019/10/17-14:55:02.081437 7fc3a9fcb700                               Options.row_cache: None
2019/10/17-14:55:02.081439 7fc3a9fcb700                              Options.wal_filter: None
2019/10/17-14:55:02.081442 7fc3a9fcb700             Options.avoid_flush_during_recovery: 0
2019/10/17-14:55:02.081445 7fc3a9fcb700             Options.allow_ingest_behind: 0
2019/10/17-14:55:02.081447 7fc3a9fcb700             Options.preserve_deletes: 0
2019/10/17-14:55:02.081450 7fc3a9fcb700             Options.two_write_queues: 0
2019/10/17-14:55:02.081452 7fc3a9fcb700             Options.manual_wal_flush: 0
2019/10/17-14:55:02.081455 7fc3a9fcb700             Options.max_background_jobs: 2
2019/10/17-14:55:02.081457 7fc3a9fcb700             Options.max_background_compactions: -1
2019/10/17-14:55:02.081460 7fc3a9fcb700             Options.avoid_flush_during_shutdown: 0
2019/10/17-14:55:02.081462 7fc3a9fcb700           Options.writable_file_max_buffer_size: 1048576
2019/10/17-14:55:02.081465 7fc3a9fcb700             Options.delayed_write_rate : 16777216
2019/10/17-14:55:02.081468 7fc3a9fcb700             Options.max_total_wal_size: 0
2019/10/17-14:55:02.081470 7fc3a9fcb700             Options.delete_obsolete_files_period_micros: 21600000000
2019/10/17-14:55:02.081473 7fc3a9fcb700                   Options.stats_dump_period_sec: 600
2019/10/17-14:55:02.081476 7fc3a9fcb700                          Options.max_open_files: -1
2019/10/17-14:55:02.081478 7fc3a9fcb700                          Options.bytes_per_sync: 0
2019/10/17-14:55:02.081480 7fc3a9fcb700                      Options.wal_bytes_per_sync: 0
2019/10/17-14:55:02.081483 7fc3a9fcb700       Options.compaction_readahead_size: 0
2019/10/17-14:55:02.081485 7fc3a9fcb700 Compression algorithms supported:
2019/10/17-14:55:02.081488 7fc3a9fcb700 	kZSTDNotFinalCompression supported: 0
2019/10/17-14:55:02.081491 7fc3a9fcb700 	kZSTD supported: 0
2019/10/17-14:55:02.081494 7fc3a9fcb700 	kXpressCompression supported: 0
2019/10/17-14:55:02.081496 7fc3a9fcb700 	kLZ4HCCompression supported: 0
2019/10/17-14:55:02.081499 7fc3a9fcb700 	kLZ4Compression supported: 0
2019/10/17-14:55:02.081502 7fc3a9fcb700 	kBZip2Compression supported: 0
2019/10/17-14:55:02.081505 7fc3a9fcb700 	kZlibCompression supported: 0
2019/10/17-14:55:02.081508 7fc3a9fcb700 	kSnappyCompression supported: 0
2019/10/17-14:55:02.081513 7fc3a9fcb700 Fast CRC32 supported: Supported on x86
2019/10/17-14:55:02.081744 7fc3a9fcb700 [db/version_set.cc:3507] Recovering from manifest file: MANIFEST-116197
2019/10/17-14:55:02.081829 7fc3a9fcb700 [db/column_family.cc:472] --------------- Options for column family [default]:
2019/10/17-14:55:02.081834 7fc3a9fcb700               Options.comparator: leveldb.BytewiseComparator
2019/10/17-14:55:02.081837 7fc3a9fcb700           Options.merge_operator: None
2019/10/17-14:55:02.081840 7fc3a9fcb700        Options.compaction_filter: None
2019/10/17-14:55:02.081842 7fc3a9fcb700        Options.compaction_filter_factory: None
2019/10/17-14:55:02.081845 7fc3a9fcb700         Options.memtable_factory: SkipListFactory
2019/10/17-14:55:02.081848 7fc3a9fcb700            Options.table_factory: BlockBasedTable
2019/10/17-14:55:02.081885 7fc3a9fcb700            table_factory options:   flush_block_policy_factory: FlushBlockBySizePolicyFactory (0x7fc350105b30)
  cache_index_and_filter_blocks: 0
  cache_index_and_filter_blocks_with_high_priority: 0
  pin_l0_filter_and_index_blocks_in_cache: 0
  pin_top_level_index_and_filter: 1
  index_type: 0
  hash_index_allow_collision: 1
  checksum: 1
  no_block_cache: 0
  block_cache: 0x7fc35001b1b0
  block_cache_name: LRUCache
  block_cache_options:
    capacity : 8388608
    num_shard_bits : 4
    strict_capacity_limit : 0
    memory_allocator : None
    high_pri_pool_ratio: 0.000
  block_cache_compressed: (nil)
  persistent_cache: (nil)
  block_size: 4096
  block_size_deviation: 10
  block_restart_interval: 16
  index_block_restart_interval: 1
  metadata_block_size: 4096
  partition_filters: 0
  use_delta_encoding: 1
  filter_policy: nullptr
  whole_key_filtering: 1
  verify_compression: 0
  read_amp_bytes_per_bit: 0
  format_version: 2
  enable_index_compression: 1
  block_align: 0
2019/10/17-14:55:02.081907 7fc3a9fcb700        Options.write_buffer_size: 67108864
2019/10/17-14:55:02.081910 7fc3a9fcb700  Options.max_write_buffer_number: 2
2019/10/17-14:55:02.081913 7fc3a9fcb700          Options.compression: NoCompression
2019/10/17-14:55:02.081916 7fc3a9fcb700                  Options.bottommost_compression: Disabled
2019/10/17-14:55:02.081919 7fc3a9fcb700       Options.prefix_extractor: nullptr
2019/10/17-14:55:02.081922 7fc3a9fcb700   Options.memtable_insert_with_hint_prefix_extractor: nullptr
2019/10/17-14:55:02.081924 7fc3a9fcb700             Options.num_levels: 7
2019/10/17-14:55:02.081927 7fc3a9fcb700        Options.min_write_buffer_number_to_merge: 1
2019/10/17-14:55:02.081929 7fc3a9fcb700     Options.max_write_buffer_number_to_maintain: 0
2019/10/17-14:55:02.081932 7fc3a9fcb700            Options.bottommost_compression_opts.window_bits: -14
2019/10/17-14:55:02.081935 7fc3a9fcb700                  Options.bottommost_compression_opts.level: 32767
2019/10/17-14:55:02.081937 7fc3a9fcb700               Options.bottommost_compression_opts.strategy: 0
2019/10/17-14:55:02.081940 7fc3a9fcb700         Options.bottommost_compression_opts.max_dict_bytes: 0
2019/10/17-14:55:02.081943 7fc3a9fcb700         Options.bottommost_compression_opts.zstd_max_train_bytes: 0
2019/10/17-14:55:02.081945 7fc3a9fcb700                  Options.bottommost_compression_opts.enabled: false
2019/10/17-14:55:02.081948 7fc3a9fcb700            Options.compression_opts.window_bits: -14
2019/10/17-14:55:02.081951 7fc3a9fcb700                  Options.compression_opts.level: 32767
2019/10/17-14:55:02.081953 7fc3a9fcb700               Options.compression_opts.strategy: 0
2019/10/17-14:55:02.081956 7fc3a9fcb700         Options.compression_opts.max_dict_bytes: 0
2019/10/17-14:55:02.081958 7fc3a9fcb700         Options.compression_opts.zstd_max_train_bytes: 0
2019/10/17-14:55:02.081961 7fc3a9fcb700                  Options.compression_opts.enabled: false
2019/10/17-14:55:02.081964 7fc3a9fcb700      Options.level0_file_num_compaction_trigger: 4
2019/10/17-14:55:02.081966 7fc3a9fcb700          Options.level0_slowdown_writes_trigger: 20
2019/10/17-14:55:02.081969 7fc3a9fcb700              Options.level0_stop_writes_trigger: 36
2019/10/17-14:55:02.081971 7fc3a9fcb700                   Options.target_file_size_base: 67108864
2019/10/17-14:55:02.081974 7fc3a9fcb700             Options.target_file_size_multiplier: 1
2019/10/17-14:55:02.081977 7fc3a9fcb700                Options.max_bytes_for_level_base: 268435456
2019/10/17-14:55:02.081979 7fc3a9fcb700 Options.level_compaction_dynamic_level_bytes: 0
2019/10/17-14:55:02.081982 7fc3a9fcb700          Options.max_bytes_for_level_multiplier: 10.000000
2019/10/17-14:55:02.081987 7fc3a9fcb700 Options.max_bytes_for_level_multiplier_addtl[0]: 1
2019/10/17-14:55:02.081990 7fc3a9fcb700 Options.max_bytes_for_level_multiplier_addtl[1]: 1
2019/10/17-14:55:02.081993 7fc3a9fcb700 Options.max_bytes_for_level_multiplier_addtl[2]: 1
2019/10/17-14:55:02.081996 7fc3a9fcb700 Options.max_bytes_for_level_multiplier_addtl[3]: 1
2019/10/17-14:55:02.081998 7fc3a9fcb700 Options.max_bytes_for_level_multiplier_addtl[4]: 1
2019/10/17-14:55:02.082012 7fc3a9fcb700 Options.max_bytes_for_level_multiplier_addtl[5]: 1
2019/10/17-14:55:02.082014 7fc3a9fcb700 Options.max_bytes_for_level_multiplier_addtl[6]: 1
2019/10/17-14:55:02.082017 7fc3a9fcb700       Options.max_sequential_skip_in_iterations: 8
2019/10/17-14:55:02.082020 7fc3a9fcb700                    Options.max_compaction_bytes: 1677721600
2019/10/17-14:55:02.082023 7fc3a9fcb700                        Options.arena_block_size: 8388608
2019/10/17-14:55:02.082025 7fc3a9fcb700   Options.soft_pending_compaction_bytes_limit: 68719476736
2019/10/17-14:55:02.082028 7fc3a9fcb700   Options.hard_pending_compaction_bytes_limit: 274877906944
2019/10/17-14:55:02.082031 7fc3a9fcb700       Options.rate_limit_delay_max_milliseconds: 100
2019/10/17-14:55:02.082033 7fc3a9fcb700                Options.disable_auto_compactions: 0
2019/10/17-14:55:02.082037 7fc3a9fcb700                        Options.compaction_style: kCompactionStyleLevel
2019/10/17-14:55:02.082040 7fc3a9fcb700                          Options.compaction_pri: kByCompensatedSize
2019/10/17-14:55:02.082043 7fc3a9fcb700 Options.compaction_options_universal.size_ratio: 1
2019/10/17-14:55:02.082046 7fc3a9fcb700 Options.compaction_options_universal.min_merge_width: 2
2019/10/17-14:55:02.082048 7fc3a9fcb700 Options.compaction_options_universal.max_merge_width: 4294967295
2019/10/17-14:55:02.082051 7fc3a9fcb700 Options.compaction_options_universal.max_size_amplification_percent: 200
2019/10/17-14:55:02.082054 7fc3a9fcb700 Options.compaction_options_universal.compression_size_percent: -1
2019/10/17-14:55:02.082058 7fc3a9fcb700 Options.compaction_options_universal.stop_style: kCompactionStopStyleTotalSize
2019/10/17-14:55:02.082060 7fc3a9fcb700 Options.compaction_options_fifo.max_table_files_size: 1073741824
2019/10/17-14:55:02.082063 7fc3a9fcb700 Options.compaction_options_fifo.allow_compaction: 0
2019/10/17-14:55:02.082066 7fc3a9fcb700 Options.compaction_options_fifo.ttl: 0
2019/10/17-14:55:02.082068 7fc3a9fcb700                   Options.table_properties_collectors: 
2019/10/17-14:55:02.082071 7fc3a9fcb700                   Options.inplace_update_support: 0
2019/10/17-14:55:02.082074 7fc3a9fcb700                 Options.inplace_update_num_locks: 10000
2019/10/17-14:55:02.082077 7fc3a9fcb700               Options.memtable_prefix_bloom_size_ratio: 0.000000
2019/10/17-14:55:02.082080 7fc3a9fcb700   Options.memtable_huge_page_size: 0
2019/10/17-14:55:02.082083 7fc3a9fcb700                           Options.bloom_locality: 0
2019/10/17-14:55:02.082086 7fc3a9fcb700                    Options.max_successive_merges: 0
2019/10/17-14:55:02.082088 7fc3a9fcb700                Options.optimize_filters_for_hits: 0
2019/10/17-14:55:02.082091 7fc3a9fcb700                Options.paranoid_file_checks: 0
2019/10/17-14:55:02.082093 7fc3a9fcb700                Options.force_consistency_checks: 0
2019/10/17-14:55:02.082095 7fc3a9fcb700                Options.report_bg_io_stats: 0
2019/10/17-14:55:02.082098 7fc3a9fcb700                               Options.ttl: 0
2019/10/17-14:55:02.082182 7fc3a9fcb700 [db/column_family.cc:472] --------------- Options for column family [active_gateways]:
2019/10/17-14:55:02.082187 7fc3a9fcb700               Options.comparator: leveldb.BytewiseComparator
2019/10/17-14:55:02.082190 7fc3a9fcb700           Options.merge_operator: None
2019/10/17-14:55:02.082193 7fc3a9fcb700        Options.compaction_filter: None
2019/10/17-14:55:02.082195 7fc3a9fcb700        Options.compaction_filter_factory: None
2019/10/17-14:55:02.082198 7fc3a9fcb700         Options.memtable_factory: SkipListFactory
2019/10/17-14:55:02.082200 7fc3a9fcb700            Options.table_factory: BlockBasedTable
2019/10/17-14:55:02.082233 7fc3a9fcb700            table_factory options:   flush_block_policy_factory: FlushBlockBySizePolicyFactory (0x7fc3500d26f0)
  cache_index_and_filter_blocks: 0
  cache_index_and_filter_blocks_with_high_priority: 0
  pin_l0_filter_and_index_blocks_in_cache: 0
  pin_top_level_index_and_filter: 1
  index_type: 0
  hash_index_allow_collision: 1
  checksum: 1
  no_block_cache: 0
  block_cache: 0x7fc350105b60
  block_cache_name: LRUCache
  block_cache_options:
    capacity : 8388608
    num_shard_bits : 4
    strict_capacity_limit : 0
    memory_allocator : None
    high_pri_pool_ratio: 0.000
  block_cache_compressed: (nil)
  persistent_cache: (nil)
  block_size: 4096
  block_size_deviation: 10
  block_restart_interval: 16
  index_block_restart_interval: 1
  metadata_block_size: 4096
  partition_filters: 0
  use_delta_encoding: 1
  filter_policy: nullptr
  whole_key_filtering: 1
  verify_compression: 0
  read_amp_bytes_per_bit: 0
  format_version: 2
  enable_index_compression: 1
  block_align: 0
2019/10/17-14:55:02.082255 7fc3a9fcb700        Options.write_buffer_size: 67108864
2019/10/17-14:55:02.082258 7fc3a9fcb700  Options.max_write_buffer_number: 2
2019/10/17-14:55:02.082261 7fc3a9fcb700          Options.compression: NoCompression
2019/10/17-14:55:02.082264 7fc3a9fcb700                  Options.bottommost_compression: Disabled
2019/10/17-14:55:02.082266 7fc3a9fcb700       Options.prefix_extractor: nullptr
2019/10/17-14:55:02.082269 7fc3a9fcb700   Options.memtable_insert_with_hint_prefix_extractor: nullptr
2019/10/17-14:55:02.082272 7fc3a9fcb700             Options.num_levels: 7
2019/10/17-14:55:02.082274 7fc3a9fcb700        Options.min_write_buffer_number_to_merge: 1
2019/10/17-14:55:02.082277 7fc3a9fcb700     Options.max_write_buffer_number_to_maintain: 0
2019/10/17-14:55:02.082280 7fc3a9fcb700            Options.bottommost_compression_opts.window_bits: -14
2019/10/17-14:55:02.082282 7fc3a9fcb700                  Options.bottommost_compression_opts.level: 32767
2019/10/17-14:55:02.082285 7fc3a9fcb700               Options.bottommost_compression_opts.strategy: 0
2019/10/17-14:55:02.082288 7fc3a9fcb700         Options.bottommost_compression_opts.max_dict_bytes: 0
2019/10/17-14:55:02.082291 7fc3a9fcb700         Options.bottommost_compression_opts.zstd_max_train_bytes: 0
2019/10/17-14:55:02.082293 7fc3a9fcb700                  Options.bottommost_compression_opts.enabled: false
2019/10/17-14:55:02.082296 7fc3a9fcb700            Options.compression_opts.window_bits: -14
2019/10/17-14:55:02.082299 7fc3a9fcb700                  Options.compression_opts.level: 32767
2019/10/17-14:55:02.082301 7fc3a9fcb700               Options.compression_opts.strategy: 0
2019/10/17-14:55:02.082304 7fc3a9fcb700         Options.compression_opts.max_dict_bytes: 0
2019/10/17-14:55:02.082306 7fc3a9fcb700         Options.compression_opts.zstd_max_train_bytes: 0
2019/10/17-14:55:02.082309 7fc3a9fcb700                  Options.compression_opts.enabled: false
2019/10/17-14:55:02.082312 7fc3a9fcb700      Options.level0_file_num_compaction_trigger: 4
2019/10/17-14:55:02.082315 7fc3a9fcb700          Options.level0_slowdown_writes_trigger: 20
2019/10/17-14:55:02.082317 7fc3a9fcb700              Options.level0_stop_writes_trigger: 36
2019/10/17-14:55:02.082320 7fc3a9fcb700                   Options.target_file_size_base: 67108864
2019/10/17-14:55:02.082323 7fc3a9fcb700             Options.target_file_size_multiplier: 1
2019/10/17-14:55:02.082325 7fc3a9fcb700                Options.max_bytes_for_level_base: 268435456
2019/10/17-14:55:02.082328 7fc3a9fcb700 Options.level_compaction_dynamic_level_bytes: 0
2019/10/17-14:55:02.082331 7fc3a9fcb700          Options.max_bytes_for_level_multiplier: 10.000000
2019/10/17-14:55:02.082335 7fc3a9fcb700 Options.max_bytes_for_level_multiplier_addtl[0]: 1
2019/10/17-14:55:02.082338 7fc3a9fcb700 Options.max_bytes_for_level_multiplier_addtl[1]: 1
2019/10/17-14:55:02.082341 7fc3a9fcb700 Options.max_bytes_for_level_multiplier_addtl[2]: 1
2019/10/17-14:55:02.082344 7fc3a9fcb700 Options.max_bytes_for_level_multiplier_addtl[3]: 1
2019/10/17-14:55:02.082346 7fc3a9fcb700 Options.max_bytes_for_level_multiplier_addtl[4]: 1
2019/10/17-14:55:02.082349 7fc3a9fcb700 Options.max_bytes_for_level_multiplier_addtl[5]: 1
2019/10/17-14:55:02.082352 7fc3a9fcb700 Options.max_bytes_for_level_multiplier_addtl[6]: 1
2019/10/17-14:55:02.082355 7fc3a9fcb700       Options.max_sequential_skip_in_iterations: 8
2019/10/17-14:55:02.082370 7fc3a9fcb700                    Options.max_compaction_bytes: 1677721600
2019/10/17-14:55:02.082373 7fc3a9fcb700                        Options.arena_block_size: 8388608
2019/10/17-14:55:02.082376 7fc3a9fcb700   Options.soft_pending_compaction_bytes_limit: 68719476736
2019/10/17-14:55:02.082379 7fc3a9fcb700   Options.hard_pending_compaction_bytes_limit: 274877906944
2019/10/17-14:55:02.082381 7fc3a9fcb700       Options.rate_limit_delay_max_milliseconds: 100
2019/10/17-14:55:02.082384 7fc3a9fcb700                Options.disable_auto_compactions: 0
2019/10/17-14:55:02.082388 7fc3a9fcb700                        Options.compaction_style: kCompactionStyleLevel
2019/10/17-14:55:02.082391 7fc3a9fcb700                          Options.compaction_pri: kByCompensatedSize
2019/10/17-14:55:02.082393 7fc3a9fcb700 Options.compaction_options_universal.size_ratio: 1
2019/10/17-14:55:02.082396 7fc3a9fcb700 Options.compaction_options_universal.min_merge_width: 2
2019/10/17-14:55:02.082399 7fc3a9fcb700 Options.compaction_options_universal.max_merge_width: 4294967295
2019/10/17-14:55:02.082401 7fc3a9fcb700 Options.compaction_options_universal.max_size_amplification_percent: 200
2019/10/17-14:55:02.082404 7fc3a9fcb700 Options.compaction_options_universal.compression_size_percent: -1
2019/10/17-14:55:02.082407 7fc3a9fcb700 Options.compaction_options_universal.stop_style: kCompactionStopStyleTotalSize
2019/10/17-14:55:02.082409 7fc3a9fcb700 Options.compaction_options_fifo.max_table_files_size: 1073741824
2019/10/17-14:55:02.082412 7fc3a9fcb700 Options.compaction_options_fifo.allow_compaction: 0
2019/10/17-14:55:02.082415 7fc3a9fcb700 Options.compaction_options_fifo.ttl: 0
2019/10/17-14:55:02.082417 7fc3a9fcb700                   Options.table_properties_collectors: 
2019/10/17-14:55:02.082420 7fc3a9fcb700                   Options.inplace_update_support: 0
2019/10/17-14:55:02.082423 7fc3a9fcb700                 Options.inplace_update_num_locks: 10000
2019/10/17-14:55:02.082425 7fc3a9fcb700               Options.memtable_prefix_bloom_size_ratio: 0.000000
2019/10/17-14:55:02.082429 7fc3a9fcb700   Options.memtable_huge_page_size: 0
2019/10/17-14:55:02.082432 7fc3a9fcb700                           Options.bloom_locality: 0
2019/10/17-14:55:02.082434 7fc3a9fcb700                    Options.max_successive_merges: 0
2019/10/17-14:55:02.082437 7fc3a9fcb700                Options.optimize_filters_for_hits: 0
2019/10/17-14:55:02.082439 7fc3a9fcb700                Options.paranoid_file_checks: 0
2019/10/17-14:55:02.082442 7fc3a9fcb700                Options.force_consistency_checks: 0
2019/10/17-14:55:02.082445 7fc3a9fcb700                Options.report_bg_io_stats: 0
2019/10/17-14:55:02.082447 7fc3a9fcb700                               Options.ttl: 0
2019/10/17-14:55:02.082495 7fc3a9fcb700 [db/column_family.cc:472] --------------- Options for column family [entries]:
2019/10/17-14:55:02.082499 7fc3a9fcb700               Options.comparator: leveldb.BytewiseComparator
2019/10/17-14:55:02.082502 7fc3a9fcb700           Options.merge_operator: None
2019/10/17-14:55:02.082505 7fc3a9fcb700        Options.compaction_filter: None
2019/10/17-14:55:02.082507 7fc3a9fcb700        Options.compaction_filter_factory: None
2019/10/17-14:55:02.082510 7fc3a9fcb700         Options.memtable_factory: SkipListFactory
2019/10/17-14:55:02.082512 7fc3a9fcb700            Options.table_factory: BlockBasedTable
2019/10/17-14:55:02.082544 7fc3a9fcb700            table_factory options:   flush_block_policy_factory: FlushBlockBySizePolicyFactory (0x7fc3500895e0)
  cache_index_and_filter_blocks: 0
  cache_index_and_filter_blocks_with_high_priority: 0
  pin_l0_filter_and_index_blocks_in_cache: 0
  pin_top_level_index_and_filter: 1
  index_type: 0
  hash_index_allow_collision: 1
  checksum: 1
  no_block_cache: 0
  block_cache: 0x7fc350036200
  block_cache_name: LRUCache
  block_cache_options:
    capacity : 8388608
    num_shard_bits : 4
    strict_capacity_limit : 0
    memory_allocator : None
    high_pri_pool_ratio: 0.000
  block_cache_compressed: (nil)
  persistent_cache: (nil)
  block_size: 4096
  block_size_deviation: 10
  block_restart_interval: 16
  index_block_restart_interval: 1
  metadata_block_size: 4096
  partition_filters: 0
  use_delta_encoding: 1
  filter_policy: nullptr
  whole_key_filtering: 1
  verify_compression: 0
  read_amp_bytes_per_bit: 0
  format_version: 2
  enable_index_compression: 1
  block_align: 0
2019/10/17-14:55:02.082564 7fc3a9fcb700        Options.write_buffer_size: 67108864
2019/10/17-14:55:02.082567 7fc3a9fcb700  Options.max_write_buffer_number: 2
2019/10/17-14:55:02.082570 7fc3a9fcb700          Options.compression: NoCompression
2019/10/17-14:55:02.082572 7fc3a9fcb700                  Options.bottommost_compression: Disabled
2019/10/17-14:55:02.082575 7fc3a9fcb700       Options.prefix_extractor: nullptr
2019/10/17-14:55:02.082577 7fc3a9fcb700   Options.memtable_insert_with_hint_prefix_extractor: nullptr
2019/10/17-14:55:02.082580 7fc3a9fcb700             Options.num_levels: 7
2019/10/17-14:55:02.082582 7fc3a9fcb700        Options.min_write_buffer_number_to_merge: 1
2019/10/17-14:55:02.082585 7fc3a9fcb700     Options.max_write_buffer_number_to_maintain: 0
2019/10/17-14:55:02.082588 7fc3a9fcb700            Options.bottommost_compression_opts.window_bits: -14
2019/10/17-14:55:02.082590 7fc3a9fcb700                  Options.bottommost_compression_opts.level: 32767
2019/10/17-14:55:02.082592 7fc3a9fcb700               Options.bottommost_compression_opts.strategy: 0
2019/10/17-14:55:02.082595 7fc3a9fcb700         Options.bottommost_compression_opts.max_dict_bytes: 0
2019/10/17-14:55:02.082598 7fc3a9fcb700         Options.bottommost_compression_opts.zstd_max_train_bytes: 0
2019/10/17-14:55:02.082600 7fc3a9fcb700                  Options.bottommost_compression_opts.enabled: false
2019/10/17-14:55:02.082603 7fc3a9fcb700            Options.compression_opts.window_bits: -14
2019/10/17-14:55:02.082606 7fc3a9fcb700                  Options.compression_opts.level: 32767
2019/10/17-14:55:02.082608 7fc3a9fcb700               Options.compression_opts.strategy: 0
2019/10/17-14:55:02.082611 7fc3a9fcb700         Options.compression_opts.max_dict_bytes: 0
2019/10/17-14:55:02.082614 7fc3a9fcb700         Options.compression_opts.zstd_max_train_bytes: 0
2019/10/17-14:55:02.082616 7fc3a9fcb700                  Options.compression_opts.enabled: false
2019/10/17-14:55:02.082619 7fc3a9fcb700      Options.level0_file_num_compaction_trigger: 4
2019/10/17-14:55:02.082622 7fc3a9fcb700          Options.level0_slowdown_writes_trigger: 20
2019/10/17-14:55:02.082624 7fc3a9fcb700              Options.level0_stop_writes_trigger: 36
2019/10/17-14:55:02.082627 7fc3a9fcb700                   Options.target_file_size_base: 67108864
2019/10/17-14:55:02.082630 7fc3a9fcb700             Options.target_file_size_multiplier: 1
2019/10/17-14:55:02.082632 7fc3a9fcb700                Options.max_bytes_for_level_base: 268435456
2019/10/17-14:55:02.082635 7fc3a9fcb700 Options.level_compaction_dynamic_level_bytes: 0
2019/10/17-14:55:02.082637 7fc3a9fcb700          Options.max_bytes_for_level_multiplier: 10.000000
2019/10/17-14:55:02.082642 7fc3a9fcb700 Options.max_bytes_for_level_multiplier_addtl[0]: 1
2019/10/17-14:55:02.082645 7fc3a9fcb700 Options.max_bytes_for_level_multiplier_addtl[1]: 1
2019/10/17-14:55:02.082648 7fc3a9fcb700 Options.max_bytes_for_level_multiplier_addtl[2]: 1
2019/10/17-14:55:02.082650 7fc3a9fcb700 Options.max_bytes_for_level_multiplier_addtl[3]: 1
2019/10/17-14:55:02.082653 7fc3a9fcb700 Options.max_bytes_for_level_multiplier_addtl[4]: 1
2019/10/17-14:55:02.082656 7fc3a9fcb700 Options.max_bytes_for_level_multiplier_addtl[5]: 1
2019/10/17-14:55:02.082658 7fc3a9fcb700 Options.max_bytes_for_level_multiplier_addtl[6]: 1
2019/10/17-14:55:02.082661 7fc3a9fcb700       Options.max_sequential_skip_in_iterations: 8
2019/10/17-14:55:02.082664 7fc3a9fcb700                    Options.max_compaction_bytes: 1677721600
2019/10/17-14:55:02.082666 7fc3a9fcb700                        Options.arena_block_size: 8388608
2019/10/17-14:55:02.082669 7fc3a9fcb700   Options.soft_pending_compaction_bytes_limit: 68719476736
2019/10/17-14:55:02.082683 7fc3a9fcb700   Options.hard_pending_compaction_bytes_limit: 274877906944
2019/10/17-14:55:02.082686 7fc3a9fcb700       Options.rate_limit_delay_max_milliseconds: 100
2019/10/17-14:55:02.082688 7fc3a9fcb700                Options.disable_auto_compactions: 0
2019/10/17-14:55:02.082691 7fc3a9fcb700                        Options.compaction_style: kCompactionStyleLevel
2019/10/17-14:55:02.082695 7fc3a9fcb700                          Options.compaction_pri: kByCompensatedSize
2019/10/17-14:55:02.082698 7fc3a9fcb700 Options.compaction_options_universal.size_ratio: 1
2019/10/17-14:55:02.082701 7fc3a9fcb700 Options.compaction_options_universal.min_merge_width: 2
2019/10/17-14:55:02.082703 7fc3a9fcb700 Options.compaction_options_universal.max_merge_width: 4294967295
2019/10/17-14:55:02.082706 7fc3a9fcb700 Options.compaction_options_universal.max_size_amplification_percent: 200
2019/10/17-14:55:02.082709 7fc3a9fcb700 Options.compaction_options_universal.compression_size_percent: -1
2019/10/17-14:55:02.082712 7fc3a9fcb700 Options.compaction_options_universal.stop_style: kCompactionStopStyleTotalSize
2019/10/17-14:55:02.082715 7fc3a9fcb700 Options.compaction_options_fifo.max_table_files_size: 1073741824
2019/10/17-14:55:02.082717 7fc3a9fcb700 Options.compaction_options_fifo.allow_compaction: 0
2019/10/17-14:55:02.082720 7fc3a9fcb700 Options.compaction_options_fifo.ttl: 0
2019/10/17-14:55:02.082723 7fc3a9fcb700                   Options.table_properties_collectors: 
2019/10/17-14:55:02.082725 7fc3a9fcb700                   Options.inplace_update_support: 0
2019/10/17-14:55:02.082728 7fc3a9fcb700                 Options.inplace_update_num_locks: 10000
2019/10/17-14:55:02.082731 7fc3a9fcb700               Options.memtable_prefix_bloom_size_ratio: 0.000000
2019/10/17-14:55:02.082734 7fc3a9fcb700   Options.memtable_huge_page_size: 0
2019/10/17-14:55:02.082737 7fc3a9fcb700                           Options.bloom_locality: 0
2019/10/17-14:55:02.082740 7fc3a9fcb700                    Options.max_successive_merges: 0
2019/10/17-14:55:02.082742 7fc3a9fcb700                Options.optimize_filters_for_hits: 0
2019/10/17-14:55:02.082745 7fc3a9fcb700                Options.paranoid_file_checks: 0
2019/10/17-14:55:02.082748 7fc3a9fcb700                Options.force_consistency_checks: 0
2019/10/17-14:55:02.082750 7fc3a9fcb700                Options.report_bg_io_stats: 0
2019/10/17-14:55:02.082753 7fc3a9fcb700                               Options.ttl: 0
2019/10/17-14:55:02.082796 7fc3a9fcb700 [db/column_family.cc:472] --------------- Options for column family [dc_entries]:
2019/10/17-14:55:02.082800 7fc3a9fcb700               Options.comparator: leveldb.BytewiseComparator
2019/10/17-14:55:02.082803 7fc3a9fcb700           Options.merge_operator: None
2019/10/17-14:55:02.082805 7fc3a9fcb700        Options.compaction_filter: None
2019/10/17-14:55:02.082808 7fc3a9fcb700        Options.compaction_filter_factory: None
2019/10/17-14:55:02.082810 7fc3a9fcb700         Options.memtable_factory: SkipListFactory
2019/10/17-14:55:02.082813 7fc3a9fcb700            Options.table_factory: BlockBasedTable
2019/10/17-14:55:02.082841 7fc3a9fcb700            table_factory options:   flush_block_policy_factory: FlushBlockBySizePolicyFactory (0x7fc350105af0)
  cache_index_and_filter_blocks: 0
  cache_index_and_filter_blocks_with_high_priority: 0
  pin_l0_filter_and_index_blocks_in_cache: 0
  pin_top_level_index_and_filter: 1
  index_type: 0
  hash_index_allow_collision: 1
  checksum: 1
  no_block_cache: 0
  block_cache: 0x7fc350038e70
  block_cache_name: LRUCache
  block_cache_options:
    capacity : 8388608
    num_shard_bits : 4
    strict_capacity_limit : 0
    memory_allocator : None
    high_pri_pool_ratio: 0.000
  block_cache_compressed: (nil)
  persistent_cache: (nil)
  block_size: 4096
  block_size_deviation: 10
  block_restart_interval: 16
  index_block_restart_interval: 1
  metadata_block_size: 4096
  partition_filters: 0
  use_delta_encoding: 1
  filter_policy: nullptr
  whole_key_filtering: 1
  verify_compression: 0
  read_amp_bytes_per_bit: 0
  format_version: 2
  enable_index_compression: 1
  block_align: 0
2019/10/17-14:55:02.082858 7fc3a9fcb700        Options.write_buffer_size: 67108864
2019/10/17-14:55:02.082861 7fc3a9fcb700  Options.max_write_buffer_number: 2
2019/10/17-14:55:02.082864 7fc3a9fcb700          Options.compression: NoCompression
2019/10/17-14:55:02.082866 7fc3a9fcb700                  Options.bottommost_compression: Disabled
2019/10/17-14:55:02.082868 7fc3a9fcb700       Options.prefix_extractor: nullptr
2019/10/17-14:55:02.082871 7fc3a9fcb700   Options.memtable_insert_with_hint_prefix_extractor: nullptr
2019/10/17-14:55:02.082873 7fc3a9fcb700             Options.num_levels: 7
2019/10/17-14:55:02.082876 7fc3a9fcb700        Options.min_write_buffer_number_to_merge: 1
2019/10/17-14:55:02.082878 7fc3a9fcb700     Options.max_write_buffer_number_to_maintain: 0
2019/10/17-14:55:02.082881 7fc3a9fcb700            Options.bottommost_compression_opts.window_bits: -14
2019/10/17-14:55:02.082883 7fc3a9fcb700                  Options.bottommost_compression_opts.level: 32767
2019/10/17-14:55:02.082886 7fc3a9fcb700               Options.bottommost_compression_opts.strategy: 0
2019/10/17-14:55:02.082888 7fc3a9fcb700         Options.bottommost_compression_opts.max_dict_bytes: 0
2019/10/17-14:55:02.082890 7fc3a9fcb700         Options.bottommost_compression_opts.zstd_max_train_bytes: 0
2019/10/17-14:55:02.082893 7fc3a9fcb700                  Options.bottommost_compression_opts.enabled: false
2019/10/17-14:55:02.082895 7fc3a9fcb700            Options.compression_opts.window_bits: -14
2019/10/17-14:55:02.082897 7fc3a9fcb700                  Options.compression_opts.level: 32767
2019/10/17-14:55:02.082900 7fc3a9fcb700               Options.compression_opts.strategy: 0
2019/10/17-14:55:02.082903 7fc3a9fcb700         Options.compression_opts.max_dict_bytes: 0
2019/10/17-14:55:02.082905 7fc3a9fcb700         Options.compression_opts.zstd_max_train_bytes: 0
2019/10/17-14:55:02.082907 7fc3a9fcb700                  Options.compression_opts.enabled: false
2019/10/17-14:55:02.082909 7fc3a9fcb700      Options.level0_file_num_compaction_trigger: 4
2019/10/17-14:55:02.082912 7fc3a9fcb700          Options.level0_slowdown_writes_trigger: 20
2019/10/17-14:55:02.082914 7fc3a9fcb700              Options.level0_stop_writes_trigger: 36
2019/10/17-14:55:02.082917 7fc3a9fcb700                   Options.target_file_size_base: 67108864
2019/10/17-14:55:02.082920 7fc3a9fcb700             Options.target_file_size_multiplier: 1
2019/10/17-14:55:02.082922 7fc3a9fcb700                Options.max_bytes_for_level_base: 268435456
2019/10/17-14:55:02.082924 7fc3a9fcb700 Options.level_compaction_dynamic_level_bytes: 0
2019/10/17-14:55:02.082927 7fc3a9fcb700          Options.max_bytes_for_level_multiplier: 10.000000
2019/10/17-14:55:02.082931 7fc3a9fcb700 Options.max_bytes_for_level_multiplier_addtl[0]: 1
2019/10/17-14:55:02.082934 7fc3a9fcb700 Options.max_bytes_for_level_multiplier_addtl[1]: 1
2019/10/17-14:55:02.082937 7fc3a9fcb700 Options.max_bytes_for_level_multiplier_addtl[2]: 1
2019/10/17-14:55:02.082939 7fc3a9fcb700 Options.max_bytes_for_level_multiplier_addtl[3]: 1
2019/10/17-14:55:02.082942 7fc3a9fcb700 Options.max_bytes_for_level_multiplier_addtl[4]: 1
2019/10/17-14:55:02.082944 7fc3a9fcb700 Options.max_bytes_for_level_multiplier_addtl[5]: 1
2019/10/17-14:55:02.082947 7fc3a9fcb700 Options.max_bytes_for_level_multiplier_addtl[6]: 1
2019/10/17-14:55:02.082949 7fc3a9fcb700       Options.max_sequential_skip_in_iterations: 8
2019/10/17-14:55:02.082952 7fc3a9fcb700                    Options.max_compaction_bytes: 1677721600
2019/10/17-14:55:02.082954 7fc3a9fcb700                        Options.arena_block_size: 8388608
2019/10/17-14:55:02.082956 7fc3a9fcb700   Options.soft_pending_compaction_bytes_limit: 68719476736
2019/10/17-14:55:02.082959 7fc3a9fcb700   Options.hard_pending_compaction_bytes_limit: 274877906944
2019/10/17-14:55:02.082961 7fc3a9fcb700       Options.rate_limit_delay_max_milliseconds: 100
2019/10/17-14:55:02.082964 7fc3a9fcb700                Options.disable_auto_compactions: 0
2019/10/17-14:55:02.082981 7fc3a9fcb700                        Options.compaction_style: kCompactionStyleLevel
2019/10/17-14:55:02.082985 7fc3a9fcb700                          Options.compaction_pri: kByCompensatedSize
2019/10/17-14:55:02.082988 7fc3a9fcb700 Options.compaction_options_universal.size_ratio: 1
2019/10/17-14:55:02.082990 7fc3a9fcb700 Options.compaction_options_universal.min_merge_width: 2
2019/10/17-14:55:02.082993 7fc3a9fcb700 Options.compaction_options_universal.max_merge_width: 4294967295
2019/10/17-14:55:02.082996 7fc3a9fcb700 Options.compaction_options_universal.max_size_amplification_percent: 200
2019/10/17-14:55:02.082999 7fc3a9fcb700 Options.compaction_options_universal.compression_size_percent: -1
2019/10/17-14:55:02.083002 7fc3a9fcb700 Options.compaction_options_universal.stop_style: kCompactionStopStyleTotalSize
2019/10/17-14:55:02.083004 7fc3a9fcb700 Options.compaction_options_fifo.max_table_files_size: 1073741824
2019/10/17-14:55:02.083006 7fc3a9fcb700 Options.compaction_options_fifo.allow_compaction: 0
2019/10/17-14:55:02.083008 7fc3a9fcb700 Options.compaction_options_fifo.ttl: 0
2019/10/17-14:55:02.083011 7fc3a9fcb700                   Options.table_properties_collectors: 
2019/10/17-14:55:02.083014 7fc3a9fcb700                   Options.inplace_update_support: 0
2019/10/17-14:55:02.083016 7fc3a9fcb700                 Options.inplace_update_num_locks: 10000
2019/10/17-14:55:02.083019 7fc3a9fcb700               Options.memtable_prefix_bloom_size_ratio: 0.000000
2019/10/17-14:55:02.083022 7fc3a9fcb700   Options.memtable_huge_page_size: 0
2019/10/17-14:55:02.083025 7fc3a9fcb700                           Options.bloom_locality: 0
2019/10/17-14:55:02.083028 7fc3a9fcb700                    Options.max_successive_merges: 0
2019/10/17-14:55:02.083030 7fc3a9fcb700                Options.optimize_filters_for_hits: 0
2019/10/17-14:55:02.083033 7fc3a9fcb700                Options.paranoid_file_checks: 0
2019/10/17-14:55:02.083035 7fc3a9fcb700                Options.force_consistency_checks: 0
2019/10/17-14:55:02.083038 7fc3a9fcb700                Options.report_bg_io_stats: 0
2019/10/17-14:55:02.083040 7fc3a9fcb700                               Options.ttl: 0
2019/10/17-14:55:02.083082 7fc3a9fcb700 [db/column_family.cc:472] --------------- Options for column family [htlcs]:
2019/10/17-14:55:02.083086 7fc3a9fcb700               Options.comparator: leveldb.BytewiseComparator
2019/10/17-14:55:02.083089 7fc3a9fcb700           Options.merge_operator: None
2019/10/17-14:55:02.083091 7fc3a9fcb700        Options.compaction_filter: None
2019/10/17-14:55:02.083094 7fc3a9fcb700        Options.compaction_filter_factory: None
2019/10/17-14:55:02.083097 7fc3a9fcb700         Options.memtable_factory: SkipListFactory
2019/10/17-14:55:02.083099 7fc3a9fcb700            Options.table_factory: BlockBasedTable
2019/10/17-14:55:02.083130 7fc3a9fcb700            table_factory options:   flush_block_policy_factory: FlushBlockBySizePolicyFactory (0x7fc35002ae40)
