2019/10/17-14:56:01.144459 7fbc2cd30700 RocksDB version: 5.18.3
2019/10/17-14:56:01.144481 7fbc2cd30700 Git sha rocksdb_build_git_sha:@0@
2019/10/17-14:56:01.144482 7fbc2cd30700 Compile date Sep 19 2019
2019/10/17-14:56:01.144483 7fbc2cd30700 DB SUMMARY
2019/10/17-14:56:01.144992 7fbc2cd30700 CURRENT file:  CURRENT
2019/10/17-14:56:01.144994 7fbc2cd30700 IDENTITY file:  IDENTITY
2019/10/17-14:56:01.145015 7fbc2cd30700 MANIFEST file:  MANIFEST-116668 size: 4114 Bytes
2019/10/17-14:56:01.145016 7fbc2cd30700 SST files in /home/rahul/dev/blockchain-core/eqc/ledger.db dir, Total Num: 29, files: 000624.sst 000627.sst 106940.sst 108447.sst 108450.sst 109471.sst 109483.sst 109485.sst 109486.sst 
2019/10/17-14:56:01.145017 7fbc2cd30700 Write Ahead Log file in /home/rahul/dev/blockchain-core/eqc/ledger.db: 116669.log size: 0 ; 
2019/10/17-14:56:01.145041 7fbc2cd30700                         Options.error_if_exists: 0
2019/10/17-14:56:01.145042 7fbc2cd30700                       Options.create_if_missing: 1
2019/10/17-14:56:01.145043 7fbc2cd30700                         Options.paranoid_checks: 1
2019/10/17-14:56:01.145043 7fbc2cd30700                                     Options.env: 0x7fbbafa7bc60
2019/10/17-14:56:01.145044 7fbc2cd30700                                Options.info_log: 0x7fbbb80909f0
2019/10/17-14:56:01.145044 7fbc2cd30700                Options.max_file_opening_threads: 16
2019/10/17-14:56:01.145045 7fbc2cd30700                              Options.statistics: (nil)
2019/10/17-14:56:01.145046 7fbc2cd30700                               Options.use_fsync: 0
2019/10/17-14:56:01.145046 7fbc2cd30700                       Options.max_log_file_size: 0
2019/10/17-14:56:01.145047 7fbc2cd30700                  Options.max_manifest_file_size: 1073741824
2019/10/17-14:56:01.145047 7fbc2cd30700                   Options.log_file_time_to_roll: 0
2019/10/17-14:56:01.145048 7fbc2cd30700                       Options.keep_log_file_num: 1000
2019/10/17-14:56:01.145049 7fbc2cd30700                    Options.recycle_log_file_num: 0
2019/10/17-14:56:01.145049 7fbc2cd30700                         Options.allow_fallocate: 1
2019/10/17-14:56:01.145050 7fbc2cd30700                        Options.allow_mmap_reads: 0
2019/10/17-14:56:01.145050 7fbc2cd30700                       Options.allow_mmap_writes: 0
2019/10/17-14:56:01.145051 7fbc2cd30700                        Options.use_direct_reads: 0
2019/10/17-14:56:01.145051 7fbc2cd30700                        Options.use_direct_io_for_flush_and_compaction: 0
2019/10/17-14:56:01.145052 7fbc2cd30700          Options.create_missing_column_families: 0
2019/10/17-14:56:01.145053 7fbc2cd30700                              Options.db_log_dir: 
2019/10/17-14:56:01.145053 7fbc2cd30700                                 Options.wal_dir: /home/rahul/dev/blockchain-core/eqc/ledger.db
2019/10/17-14:56:01.145054 7fbc2cd30700                Options.table_cache_numshardbits: 6
2019/10/17-14:56:01.145054 7fbc2cd30700                      Options.max_subcompactions: 1
2019/10/17-14:56:01.145055 7fbc2cd30700                  Options.max_background_flushes: -1
2019/10/17-14:56:01.145055 7fbc2cd30700                         Options.WAL_ttl_seconds: 0
2019/10/17-14:56:01.145056 7fbc2cd30700                       Options.WAL_size_limit_MB: 0
2019/10/17-14:56:01.145057 7fbc2cd30700             Options.manifest_preallocation_size: 4194304
2019/10/17-14:56:01.145057 7fbc2cd30700                     Options.is_fd_close_on_exec: 1
2019/10/17-14:56:01.145058 7fbc2cd30700                   Options.advise_random_on_open: 1
2019/10/17-14:56:01.145058 7fbc2cd30700                    Options.db_write_buffer_size: 0
2019/10/17-14:56:01.145059 7fbc2cd30700                    Options.write_buffer_manager: 0x7fbbb8032d30
2019/10/17-14:56:01.145060 7fbc2cd30700         Options.access_hint_on_compaction_start: 1
2019/10/17-14:56:01.145060 7fbc2cd30700  Options.new_table_reader_for_compaction_inputs: 0
2019/10/17-14:56:01.145061 7fbc2cd30700           Options.random_access_max_buffer_size: 1048576
2019/10/17-14:56:01.145061 7fbc2cd30700                      Options.use_adaptive_mutex: 0
2019/10/17-14:56:01.145062 7fbc2cd30700                            Options.rate_limiter: (nil)
2019/10/17-14:56:01.145068 7fbc2cd30700     Options.sst_file_manager.rate_bytes_per_sec: 0
2019/10/17-14:56:01.145069 7fbc2cd30700                       Options.wal_recovery_mode: 2
2019/10/17-14:56:01.145070 7fbc2cd30700                  Options.enable_thread_tracking: 0
2019/10/17-14:56:01.145070 7fbc2cd30700                  Options.enable_pipelined_write: 0
2019/10/17-14:56:01.145071 7fbc2cd30700         Options.allow_concurrent_memtable_write: 1
2019/10/17-14:56:01.145071 7fbc2cd30700      Options.enable_write_thread_adaptive_yield: 1
2019/10/17-14:56:01.145072 7fbc2cd30700             Options.write_thread_max_yield_usec: 100
2019/10/17-14:56:01.145073 7fbc2cd30700            Options.write_thread_slow_yield_usec: 3
2019/10/17-14:56:01.145073 7fbc2cd30700                               Options.row_cache: None
2019/10/17-14:56:01.145074 7fbc2cd30700                              Options.wal_filter: None
2019/10/17-14:56:01.145075 7fbc2cd30700             Options.avoid_flush_during_recovery: 0
2019/10/17-14:56:01.145075 7fbc2cd30700             Options.allow_ingest_behind: 0
2019/10/17-14:56:01.145076 7fbc2cd30700             Options.preserve_deletes: 0
2019/10/17-14:56:01.145076 7fbc2cd30700             Options.two_write_queues: 0
2019/10/17-14:56:01.145077 7fbc2cd30700             Options.manual_wal_flush: 0
2019/10/17-14:56:01.145077 7fbc2cd30700             Options.max_background_jobs: 2
2019/10/17-14:56:01.145078 7fbc2cd30700             Options.max_background_compactions: -1
2019/10/17-14:56:01.145079 7fbc2cd30700             Options.avoid_flush_during_shutdown: 0
2019/10/17-14:56:01.145079 7fbc2cd30700           Options.writable_file_max_buffer_size: 1048576
2019/10/17-14:56:01.145080 7fbc2cd30700             Options.delayed_write_rate : 16777216
2019/10/17-14:56:01.145080 7fbc2cd30700             Options.max_total_wal_size: 0
2019/10/17-14:56:01.145081 7fbc2cd30700             Options.delete_obsolete_files_period_micros: 21600000000
2019/10/17-14:56:01.145082 7fbc2cd30700                   Options.stats_dump_period_sec: 600
2019/10/17-14:56:01.145082 7fbc2cd30700                          Options.max_open_files: -1
2019/10/17-14:56:01.145083 7fbc2cd30700                          Options.bytes_per_sync: 0
2019/10/17-14:56:01.145083 7fbc2cd30700                      Options.wal_bytes_per_sync: 0
2019/10/17-14:56:01.145084 7fbc2cd30700       Options.compaction_readahead_size: 0
2019/10/17-14:56:01.145084 7fbc2cd30700 Compression algorithms supported:
2019/10/17-14:56:01.145085 7fbc2cd30700 	kZSTDNotFinalCompression supported: 0
2019/10/17-14:56:01.145086 7fbc2cd30700 	kZSTD supported: 0
2019/10/17-14:56:01.145087 7fbc2cd30700 	kXpressCompression supported: 0
2019/10/17-14:56:01.145087 7fbc2cd30700 	kLZ4HCCompression supported: 0
2019/10/17-14:56:01.145088 7fbc2cd30700 	kLZ4Compression supported: 0
2019/10/17-14:56:01.145089 7fbc2cd30700 	kBZip2Compression supported: 0
2019/10/17-14:56:01.145089 7fbc2cd30700 	kZlibCompression supported: 0
2019/10/17-14:56:01.145090 7fbc2cd30700 	kSnappyCompression supported: 0
2019/10/17-14:56:01.145091 7fbc2cd30700 Fast CRC32 supported: Supported on x86
2019/10/17-14:56:01.145161 7fbc2cd30700 [db/version_set.cc:3507] Recovering from manifest file: MANIFEST-116668
2019/10/17-14:56:01.145184 7fbc2cd30700 [db/column_family.cc:472] --------------- Options for column family [default]:
2019/10/17-14:56:01.145186 7fbc2cd30700               Options.comparator: leveldb.BytewiseComparator
2019/10/17-14:56:01.145186 7fbc2cd30700           Options.merge_operator: None
2019/10/17-14:56:01.145187 7fbc2cd30700        Options.compaction_filter: None
2019/10/17-14:56:01.145187 7fbc2cd30700        Options.compaction_filter_factory: None
2019/10/17-14:56:01.145188 7fbc2cd30700         Options.memtable_factory: SkipListFactory
2019/10/17-14:56:01.145189 7fbc2cd30700            Options.table_factory: BlockBasedTable
2019/10/17-14:56:01.145200 7fbc2cd30700            table_factory options:   flush_block_policy_factory: FlushBlockBySizePolicyFactory (0x7fbbb84df3e0)
  cache_index_and_filter_blocks: 0
  cache_index_and_filter_blocks_with_high_priority: 0
  pin_l0_filter_and_index_blocks_in_cache: 0
  pin_top_level_index_and_filter: 1
  index_type: 0
  hash_index_allow_collision: 1
  checksum: 1
  no_block_cache: 0
  block_cache: 0x7fbbb810b330
  block_cache_name: LRUCache
  block_cache_options:
    capacity : 8388608
    num_shard_bits : 4
    strict_capacity_limit : 0
    memory_allocator : None
    high_pri_pool_ratio: 0.000
  block_cache_compressed: (nil)
  persistent_cache: (nil)
  block_size: 4096
  block_size_deviation: 10
  block_restart_interval: 16
  index_block_restart_interval: 1
  metadata_block_size: 4096
  partition_filters: 0
  use_delta_encoding: 1
  filter_policy: nullptr
  whole_key_filtering: 1
  verify_compression: 0
  read_amp_bytes_per_bit: 0
  format_version: 2
  enable_index_compression: 1
  block_align: 0
2019/10/17-14:56:01.145206 7fbc2cd30700        Options.write_buffer_size: 67108864
2019/10/17-14:56:01.145207 7fbc2cd30700  Options.max_write_buffer_number: 2
2019/10/17-14:56:01.145208 7fbc2cd30700          Options.compression: NoCompression
2019/10/17-14:56:01.145208 7fbc2cd30700                  Options.bottommost_compression: Disabled
2019/10/17-14:56:01.145209 7fbc2cd30700       Options.prefix_extractor: nullptr
2019/10/17-14:56:01.145209 7fbc2cd30700   Options.memtable_insert_with_hint_prefix_extractor: nullptr
2019/10/17-14:56:01.145210 7fbc2cd30700             Options.num_levels: 7
2019/10/17-14:56:01.145211 7fbc2cd30700        Options.min_write_buffer_number_to_merge: 1
2019/10/17-14:56:01.145211 7fbc2cd30700     Options.max_write_buffer_number_to_maintain: 0
2019/10/17-14:56:01.145212 7fbc2cd30700            Options.bottommost_compression_opts.window_bits: -14
2019/10/17-14:56:01.145212 7fbc2cd30700                  Options.bottommost_compression_opts.level: 32767
2019/10/17-14:56:01.145213 7fbc2cd30700               Options.bottommost_compression_opts.strategy: 0
2019/10/17-14:56:01.145213 7fbc2cd30700         Options.bottommost_compression_opts.max_dict_bytes: 0
2019/10/17-14:56:01.145214 7fbc2cd30700         Options.bottommost_compression_opts.zstd_max_train_bytes: 0
2019/10/17-14:56:01.145214 7fbc2cd30700                  Options.bottommost_compression_opts.enabled: false
2019/10/17-14:56:01.145215 7fbc2cd30700            Options.compression_opts.window_bits: -14
2019/10/17-14:56:01.145216 7fbc2cd30700                  Options.compression_opts.level: 32767
2019/10/17-14:56:01.145216 7fbc2cd30700               Options.compression_opts.strategy: 0
2019/10/17-14:56:01.145217 7fbc2cd30700         Options.compression_opts.max_dict_bytes: 0
2019/10/17-14:56:01.145217 7fbc2cd30700         Options.compression_opts.zstd_max_train_bytes: 0
2019/10/17-14:56:01.145218 7fbc2cd30700                  Options.compression_opts.enabled: false
2019/10/17-14:56:01.145218 7fbc2cd30700      Options.level0_file_num_compaction_trigger: 4
2019/10/17-14:56:01.145219 7fbc2cd30700          Options.level0_slowdown_writes_trigger: 20
2019/10/17-14:56:01.145219 7fbc2cd30700              Options.level0_stop_writes_trigger: 36
2019/10/17-14:56:01.145220 7fbc2cd30700                   Options.target_file_size_base: 67108864
2019/10/17-14:56:01.145221 7fbc2cd30700             Options.target_file_size_multiplier: 1
2019/10/17-14:56:01.145221 7fbc2cd30700                Options.max_bytes_for_level_base: 268435456
2019/10/17-14:56:01.145222 7fbc2cd30700 Options.level_compaction_dynamic_level_bytes: 0
2019/10/17-14:56:01.145222 7fbc2cd30700          Options.max_bytes_for_level_multiplier: 10.000000
2019/10/17-14:56:01.145224 7fbc2cd30700 Options.max_bytes_for_level_multiplier_addtl[0]: 1
2019/10/17-14:56:01.145224 7fbc2cd30700 Options.max_bytes_for_level_multiplier_addtl[1]: 1
2019/10/17-14:56:01.145225 7fbc2cd30700 Options.max_bytes_for_level_multiplier_addtl[2]: 1
2019/10/17-14:56:01.145226 7fbc2cd30700 Options.max_bytes_for_level_multiplier_addtl[3]: 1
2019/10/17-14:56:01.145226 7fbc2cd30700 Options.max_bytes_for_level_multiplier_addtl[4]: 1
2019/10/17-14:56:01.145230 7fbc2cd30700 Options.max_bytes_for_level_multiplier_addtl[5]: 1
2019/10/17-14:56:01.145230 7fbc2cd30700 Options.max_bytes_for_level_multiplier_addtl[6]: 1
2019/10/17-14:56:01.145231 7fbc2cd30700       Options.max_sequential_skip_in_iterations: 8
2019/10/17-14:56:01.145231 7fbc2cd30700                    Options.max_compaction_bytes: 1677721600
2019/10/17-14:56:01.145232 7fbc2cd30700                        Options.arena_block_size: 8388608
2019/10/17-14:56:01.145233 7fbc2cd30700   Options.soft_pending_compaction_bytes_limit: 68719476736
2019/10/17-14:56:01.145233 7fbc2cd30700   Options.hard_pending_compaction_bytes_limit: 274877906944
2019/10/17-14:56:01.145234 7fbc2cd30700       Options.rate_limit_delay_max_milliseconds: 100
2019/10/17-14:56:01.145234 7fbc2cd30700                Options.disable_auto_compactions: 0
2019/10/17-14:56:01.145235 7fbc2cd30700                        Options.compaction_style: kCompactionStyleLevel
2019/10/17-14:56:01.145236 7fbc2cd30700                          Options.compaction_pri: kByCompensatedSize
2019/10/17-14:56:01.145237 7fbc2cd30700 Options.compaction_options_universal.size_ratio: 1
2019/10/17-14:56:01.145237 7fbc2cd30700 Options.compaction_options_universal.min_merge_width: 2
2019/10/17-14:56:01.145238 7fbc2cd30700 Options.compaction_options_universal.max_merge_width: 4294967295
2019/10/17-14:56:01.145239 7fbc2cd30700 Options.compaction_options_universal.max_size_amplification_percent: 200
2019/10/17-14:56:01.145239 7fbc2cd30700 Options.compaction_options_universal.compression_size_percent: -1
2019/10/17-14:56:01.145240 7fbc2cd30700 Options.compaction_options_universal.stop_style: kCompactionStopStyleTotalSize
2019/10/17-14:56:01.145240 7fbc2cd30700 Options.compaction_options_fifo.max_table_files_size: 1073741824
2019/10/17-14:56:01.145241 7fbc2cd30700 Options.compaction_options_fifo.allow_compaction: 0
2019/10/17-14:56:01.145242 7fbc2cd30700 Options.compaction_options_fifo.ttl: 0
2019/10/17-14:56:01.145242 7fbc2cd30700                   Options.table_properties_collectors: 
2019/10/17-14:56:01.145243 7fbc2cd30700                   Options.inplace_update_support: 0
2019/10/17-14:56:01.145243 7fbc2cd30700                 Options.inplace_update_num_locks: 10000
2019/10/17-14:56:01.145244 7fbc2cd30700               Options.memtable_prefix_bloom_size_ratio: 0.000000
2019/10/17-14:56:01.145245 7fbc2cd30700   Options.memtable_huge_page_size: 0
2019/10/17-14:56:01.145245 7fbc2cd30700                           Options.bloom_locality: 0
2019/10/17-14:56:01.145246 7fbc2cd30700                    Options.max_successive_merges: 0
2019/10/17-14:56:01.145246 7fbc2cd30700                Options.optimize_filters_for_hits: 0
2019/10/17-14:56:01.145247 7fbc2cd30700                Options.paranoid_file_checks: 0
2019/10/17-14:56:01.145247 7fbc2cd30700                Options.force_consistency_checks: 0
2019/10/17-14:56:01.145248 7fbc2cd30700                Options.report_bg_io_stats: 0
2019/10/17-14:56:01.145249 7fbc2cd30700                               Options.ttl: 0
2019/10/17-14:56:01.145279 7fbc2cd30700 [db/column_family.cc:472] --------------- Options for column family [active_gateways]:
2019/10/17-14:56:01.145281 7fbc2cd30700               Options.comparator: leveldb.BytewiseComparator
2019/10/17-14:56:01.145281 7fbc2cd30700           Options.merge_operator: None
2019/10/17-14:56:01.145282 7fbc2cd30700        Options.compaction_filter: None
2019/10/17-14:56:01.145282 7fbc2cd30700        Options.compaction_filter_factory: None
2019/10/17-14:56:01.145283 7fbc2cd30700         Options.memtable_factory: SkipListFactory
2019/10/17-14:56:01.145283 7fbc2cd30700            Options.table_factory: BlockBasedTable
2019/10/17-14:56:01.145291 7fbc2cd30700            table_factory options:   flush_block_policy_factory: FlushBlockBySizePolicyFactory (0x7fbbb808f910)
  cache_index_and_filter_blocks: 0
  cache_index_and_filter_blocks_with_high_priority: 0
  pin_l0_filter_and_index_blocks_in_cache: 0
  pin_top_level_index_and_filter: 1
  index_type: 0
  hash_index_allow_collision: 1
  checksum: 1
  no_block_cache: 0
  block_cache: 0x7fbbb808aa80
  block_cache_name: LRUCache
  block_cache_options:
    capacity : 8388608
    num_shard_bits : 4
    strict_capacity_limit : 0
    memory_allocator : None
    high_pri_pool_ratio: 0.000
  block_cache_compressed: (nil)
  persistent_cache: (nil)
  block_size: 4096
  block_size_deviation: 10
  block_restart_interval: 16
  index_block_restart_interval: 1
  metadata_block_size: 4096
  partition_filters: 0
  use_delta_encoding: 1
  filter_policy: nullptr
  whole_key_filtering: 1
  verify_compression: 0
  read_amp_bytes_per_bit: 0
  format_version: 2
  enable_index_compression: 1
  block_align: 0
2019/10/17-14:56:01.145296 7fbc2cd30700        Options.write_buffer_size: 67108864
2019/10/17-14:56:01.145297 7fbc2cd30700  Options.max_write_buffer_number: 2
2019/10/17-14:56:01.145297 7fbc2cd30700          Options.compression: NoCompression
2019/10/17-14:56:01.145298 7fbc2cd30700                  Options.bottommost_compression: Disabled
2019/10/17-14:56:01.145298 7fbc2cd30700       Options.prefix_extractor: nullptr
2019/10/17-14:56:01.145299 7fbc2cd30700   Options.memtable_insert_with_hint_prefix_extractor: nullptr
2019/10/17-14:56:01.145300 7fbc2cd30700             Options.num_levels: 7
2019/10/17-14:56:01.145300 7fbc2cd30700        Options.min_write_buffer_number_to_merge: 1
2019/10/17-14:56:01.145301 7fbc2cd30700     Options.max_write_buffer_number_to_maintain: 0
2019/10/17-14:56:01.145301 7fbc2cd30700            Options.bottommost_compression_opts.window_bits: -14
2019/10/17-14:56:01.145302 7fbc2cd30700                  Options.bottommost_compression_opts.level: 32767
2019/10/17-14:56:01.145302 7fbc2cd30700               Options.bottommost_compression_opts.strategy: 0
2019/10/17-14:56:01.145303 7fbc2cd30700         Options.bottommost_compression_opts.max_dict_bytes: 0
2019/10/17-14:56:01.145303 7fbc2cd30700         Options.bottommost_compression_opts.zstd_max_train_bytes: 0
2019/10/17-14:56:01.145304 7fbc2cd30700                  Options.bottommost_compression_opts.enabled: false
2019/10/17-14:56:01.145304 7fbc2cd30700            Options.compression_opts.window_bits: -14
2019/10/17-14:56:01.145305 7fbc2cd30700                  Options.compression_opts.level: 32767
2019/10/17-14:56:01.145306 7fbc2cd30700               Options.compression_opts.strategy: 0
2019/10/17-14:56:01.145306 7fbc2cd30700         Options.compression_opts.max_dict_bytes: 0
2019/10/17-14:56:01.145307 7fbc2cd30700         Options.compression_opts.zstd_max_train_bytes: 0
2019/10/17-14:56:01.145307 7fbc2cd30700                  Options.compression_opts.enabled: false
2019/10/17-14:56:01.145308 7fbc2cd30700      Options.level0_file_num_compaction_trigger: 4
2019/10/17-14:56:01.145308 7fbc2cd30700          Options.level0_slowdown_writes_trigger: 20
2019/10/17-14:56:01.145309 7fbc2cd30700              Options.level0_stop_writes_trigger: 36
2019/10/17-14:56:01.145309 7fbc2cd30700                   Options.target_file_size_base: 67108864
2019/10/17-14:56:01.145310 7fbc2cd30700             Options.target_file_size_multiplier: 1
2019/10/17-14:56:01.145310 7fbc2cd30700                Options.max_bytes_for_level_base: 268435456
2019/10/17-14:56:01.145311 7fbc2cd30700 Options.level_compaction_dynamic_level_bytes: 0
2019/10/17-14:56:01.145312 7fbc2cd30700          Options.max_bytes_for_level_multiplier: 10.000000
2019/10/17-14:56:01.145313 7fbc2cd30700 Options.max_bytes_for_level_multiplier_addtl[0]: 1
2019/10/17-14:56:01.145313 7fbc2cd30700 Options.max_bytes_for_level_multiplier_addtl[1]: 1
2019/10/17-14:56:01.145314 7fbc2cd30700 Options.max_bytes_for_level_multiplier_addtl[2]: 1
2019/10/17-14:56:01.145314 7fbc2cd30700 Options.max_bytes_for_level_multiplier_addtl[3]: 1
2019/10/17-14:56:01.145315 7fbc2cd30700 Options.max_bytes_for_level_multiplier_addtl[4]: 1
2019/10/17-14:56:01.145315 7fbc2cd30700 Options.max_bytes_for_level_multiplier_addtl[5]: 1
2019/10/17-14:56:01.145316 7fbc2cd30700 Options.max_bytes_for_level_multiplier_addtl[6]: 1
2019/10/17-14:56:01.145317 7fbc2cd30700       Options.max_sequential_skip_in_iterations: 8
2019/10/17-14:56:01.145320 7fbc2cd30700                    Options.max_compaction_bytes: 1677721600
2019/10/17-14:56:01.145320 7fbc2cd30700                        Options.arena_block_size: 8388608
2019/10/17-14:56:01.145321 7fbc2cd30700   Options.soft_pending_compaction_bytes_limit: 68719476736
2019/10/17-14:56:01.145321 7fbc2cd30700   Options.hard_pending_compaction_bytes_limit: 274877906944
2019/10/17-14:56:01.145322 7fbc2cd30700       Options.rate_limit_delay_max_milliseconds: 100
2019/10/17-14:56:01.145322 7fbc2cd30700                Options.disable_auto_compactions: 0
2019/10/17-14:56:01.145323 7fbc2cd30700                        Options.compaction_style: kCompactionStyleLevel
2019/10/17-14:56:01.145324 7fbc2cd30700                          Options.compaction_pri: kByCompensatedSize
2019/10/17-14:56:01.145324 7fbc2cd30700 Options.compaction_options_universal.size_ratio: 1
2019/10/17-14:56:01.145325 7fbc2cd30700 Options.compaction_options_universal.min_merge_width: 2
2019/10/17-14:56:01.145325 7fbc2cd30700 Options.compaction_options_universal.max_merge_width: 4294967295
2019/10/17-14:56:01.145326 7fbc2cd30700 Options.compaction_options_universal.max_size_amplification_percent: 200
2019/10/17-14:56:01.145326 7fbc2cd30700 Options.compaction_options_universal.compression_size_percent: -1
2019/10/17-14:56:01.145327 7fbc2cd30700 Options.compaction_options_universal.stop_style: kCompactionStopStyleTotalSize
2019/10/17-14:56:01.145328 7fbc2cd30700 Options.compaction_options_fifo.max_table_files_size: 1073741824
2019/10/17-14:56:01.145328 7fbc2cd30700 Options.compaction_options_fifo.allow_compaction: 0
2019/10/17-14:56:01.145329 7fbc2cd30700 Options.compaction_options_fifo.ttl: 0
2019/10/17-14:56:01.145329 7fbc2cd30700                   Options.table_properties_collectors: 
2019/10/17-14:56:01.145330 7fbc2cd30700                   Options.inplace_update_support: 0
2019/10/17-14:56:01.145330 7fbc2cd30700                 Options.inplace_update_num_locks: 10000
2019/10/17-14:56:01.145331 7fbc2cd30700               Options.memtable_prefix_bloom_size_ratio: 0.000000
2019/10/17-14:56:01.145332 7fbc2cd30700   Options.memtable_huge_page_size: 0
2019/10/17-14:56:01.145332 7fbc2cd30700                           Options.bloom_locality: 0
2019/10/17-14:56:01.145333 7fbc2cd30700                    Options.max_successive_merges: 0
2019/10/17-14:56:01.145333 7fbc2cd30700                Options.optimize_filters_for_hits: 0
2019/10/17-14:56:01.145334 7fbc2cd30700                Options.paranoid_file_checks: 0
2019/10/17-14:56:01.145335 7fbc2cd30700                Options.force_consistency_checks: 0
2019/10/17-14:56:01.145335 7fbc2cd30700                Options.report_bg_io_stats: 0
2019/10/17-14:56:01.145336 7fbc2cd30700                               Options.ttl: 0
2019/10/17-14:56:01.145347 7fbc2cd30700 [db/column_family.cc:472] --------------- Options for column family [entries]:
2019/10/17-14:56:01.145348 7fbc2cd30700               Options.comparator: leveldb.BytewiseComparator
2019/10/17-14:56:01.145349 7fbc2cd30700           Options.merge_operator: None
2019/10/17-14:56:01.145349 7fbc2cd30700        Options.compaction_filter: None
2019/10/17-14:56:01.145350 7fbc2cd30700        Options.compaction_filter_factory: None
2019/10/17-14:56:01.145351 7fbc2cd30700         Options.memtable_factory: SkipListFactory
2019/10/17-14:56:01.145351 7fbc2cd30700            Options.table_factory: BlockBasedTable
2019/10/17-14:56:01.145358 7fbc2cd30700            table_factory options:   flush_block_policy_factory: FlushBlockBySizePolicyFactory (0x7fbbb809bd10)
  cache_index_and_filter_blocks: 0
  cache_index_and_filter_blocks_with_high_priority: 0
  pin_l0_filter_and_index_blocks_in_cache: 0
  pin_top_level_index_and_filter: 1
  index_type: 0
  hash_index_allow_collision: 1
  checksum: 1
  no_block_cache: 0
  block_cache: 0x7fbbb803b180
  block_cache_name: LRUCache
  block_cache_options:
    capacity : 8388608
    num_shard_bits : 4
    strict_capacity_limit : 0
    memory_allocator : None
    high_pri_pool_ratio: 0.000
  block_cache_compressed: (nil)
  persistent_cache: (nil)
  block_size: 4096
  block_size_deviation: 10
  block_restart_interval: 16
  index_block_restart_interval: 1
  metadata_block_size: 4096
  partition_filters: 0
  use_delta_encoding: 1
  filter_policy: nullptr
  whole_key_filtering: 1
  verify_compression: 0
  read_amp_bytes_per_bit: 0
  format_version: 2
  enable_index_compression: 1
  block_align: 0
2019/10/17-14:56:01.145362 7fbc2cd30700        Options.write_buffer_size: 67108864
2019/10/17-14:56:01.145363 7fbc2cd30700  Options.max_write_buffer_number: 2
2019/10/17-14:56:01.145363 7fbc2cd30700          Options.compression: NoCompression
2019/10/17-14:56:01.145364 7fbc2cd30700                  Options.bottommost_compression: Disabled
2019/10/17-14:56:01.145365 7fbc2cd30700       Options.prefix_extractor: nullptr
2019/10/17-14:56:01.145365 7fbc2cd30700   Options.memtable_insert_with_hint_prefix_extractor: nullptr
2019/10/17-14:56:01.145366 7fbc2cd30700             Options.num_levels: 7
2019/10/17-14:56:01.145366 7fbc2cd30700        Options.min_write_buffer_number_to_merge: 1
2019/10/17-14:56:01.145367 7fbc2cd30700     Options.max_write_buffer_number_to_maintain: 0
2019/10/17-14:56:01.145367 7fbc2cd30700            Options.bottommost_compression_opts.window_bits: -14
2019/10/17-14:56:01.145368 7fbc2cd30700                  Options.bottommost_compression_opts.level: 32767
2019/10/17-14:56:01.145368 7fbc2cd30700               Options.bottommost_compression_opts.strategy: 0
2019/10/17-14:56:01.145369 7fbc2cd30700         Options.bottommost_compression_opts.max_dict_bytes: 0
2019/10/17-14:56:01.145369 7fbc2cd30700         Options.bottommost_compression_opts.zstd_max_train_bytes: 0
2019/10/17-14:56:01.145370 7fbc2cd30700                  Options.bottommost_compression_opts.enabled: false
2019/10/17-14:56:01.145370 7fbc2cd30700            Options.compression_opts.window_bits: -14
2019/10/17-14:56:01.145371 7fbc2cd30700                  Options.compression_opts.level: 32767
2019/10/17-14:56:01.145372 7fbc2cd30700               Options.compression_opts.strategy: 0
2019/10/17-14:56:01.145372 7fbc2cd30700         Options.compression_opts.max_dict_bytes: 0
2019/10/17-14:56:01.145373 7fbc2cd30700         Options.compression_opts.zstd_max_train_bytes: 0
2019/10/17-14:56:01.145373 7fbc2cd30700                  Options.compression_opts.enabled: false
2019/10/17-14:56:01.145374 7fbc2cd30700      Options.level0_file_num_compaction_trigger: 4
2019/10/17-14:56:01.145374 7fbc2cd30700          Options.level0_slowdown_writes_trigger: 20
2019/10/17-14:56:01.145375 7fbc2cd30700              Options.level0_stop_writes_trigger: 36
2019/10/17-14:56:01.145375 7fbc2cd30700                   Options.target_file_size_base: 67108864
2019/10/17-14:56:01.145376 7fbc2cd30700             Options.target_file_size_multiplier: 1
2019/10/17-14:56:01.145376 7fbc2cd30700                Options.max_bytes_for_level_base: 268435456
2019/10/17-14:56:01.145377 7fbc2cd30700 Options.level_compaction_dynamic_level_bytes: 0
2019/10/17-14:56:01.145377 7fbc2cd30700          Options.max_bytes_for_level_multiplier: 10.000000
2019/10/17-14:56:01.145378 7fbc2cd30700 Options.max_bytes_for_level_multiplier_addtl[0]: 1
2019/10/17-14:56:01.145379 7fbc2cd30700 Options.max_bytes_for_level_multiplier_addtl[1]: 1
2019/10/17-14:56:01.145380 7fbc2cd30700 Options.max_bytes_for_level_multiplier_addtl[2]: 1
2019/10/17-14:56:01.145380 7fbc2cd30700 Options.max_bytes_for_level_multiplier_addtl[3]: 1
2019/10/17-14:56:01.145381 7fbc2cd30700 Options.max_bytes_for_level_multiplier_addtl[4]: 1
2019/10/17-14:56:01.145381 7fbc2cd30700 Options.max_bytes_for_level_multiplier_addtl[5]: 1
2019/10/17-14:56:01.145382 7fbc2cd30700 Options.max_bytes_for_level_multiplier_addtl[6]: 1
2019/10/17-14:56:01.145382 7fbc2cd30700       Options.max_sequential_skip_in_iterations: 8
2019/10/17-14:56:01.145383 7fbc2cd30700                    Options.max_compaction_bytes: 1677721600
2019/10/17-14:56:01.145383 7fbc2cd30700                        Options.arena_block_size: 8388608
2019/10/17-14:56:01.145384 7fbc2cd30700   Options.soft_pending_compaction_bytes_limit: 68719476736
2019/10/17-14:56:01.145387 7fbc2cd30700   Options.hard_pending_compaction_bytes_limit: 274877906944
2019/10/17-14:56:01.145388 7fbc2cd30700       Options.rate_limit_delay_max_milliseconds: 100
2019/10/17-14:56:01.145388 7fbc2cd30700                Options.disable_auto_compactions: 0
2019/10/17-14:56:01.145389 7fbc2cd30700                        Options.compaction_style: kCompactionStyleLevel
2019/10/17-14:56:01.145390 7fbc2cd30700                          Options.compaction_pri: kByCompensatedSize
2019/10/17-14:56:01.145390 7fbc2cd30700 Options.compaction_options_universal.size_ratio: 1
2019/10/17-14:56:01.145391 7fbc2cd30700 Options.compaction_options_universal.min_merge_width: 2
2019/10/17-14:56:01.145391 7fbc2cd30700 Options.compaction_options_universal.max_merge_width: 4294967295
2019/10/17-14:56:01.145392 7fbc2cd30700 Options.compaction_options_universal.max_size_amplification_percent: 200
2019/10/17-14:56:01.145392 7fbc2cd30700 Options.compaction_options_universal.compression_size_percent: -1
2019/10/17-14:56:01.145393 7fbc2cd30700 Options.compaction_options_universal.stop_style: kCompactionStopStyleTotalSize
2019/10/17-14:56:01.145394 7fbc2cd30700 Options.compaction_options_fifo.max_table_files_size: 1073741824
2019/10/17-14:56:01.145394 7fbc2cd30700 Options.compaction_options_fifo.allow_compaction: 0
2019/10/17-14:56:01.145395 7fbc2cd30700 Options.compaction_options_fifo.ttl: 0
2019/10/17-14:56:01.145395 7fbc2cd30700                   Options.table_properties_collectors: 
2019/10/17-14:56:01.145396 7fbc2cd30700                   Options.inplace_update_support: 0
2019/10/17-14:56:01.145396 7fbc2cd30700                 Options.inplace_update_num_locks: 10000
2019/10/17-14:56:01.145397 7fbc2cd30700               Options.memtable_prefix_bloom_size_ratio: 0.000000
2019/10/17-14:56:01.145398 7fbc2cd30700   Options.memtable_huge_page_size: 0
2019/10/17-14:56:01.145398 7fbc2cd30700                           Options.bloom_locality: 0
2019/10/17-14:56:01.145399 7fbc2cd30700                    Options.max_successive_merges: 0
2019/10/17-14:56:01.145399 7fbc2cd30700                Options.optimize_filters_for_hits: 0
2019/10/17-14:56:01.145400 7fbc2cd30700                Options.paranoid_file_checks: 0
2019/10/17-14:56:01.145400 7fbc2cd30700                Options.force_consistency_checks: 0
2019/10/17-14:56:01.145401 7fbc2cd30700                Options.report_bg_io_stats: 0
2019/10/17-14:56:01.145401 7fbc2cd30700                               Options.ttl: 0
2019/10/17-14:56:01.145411 7fbc2cd30700 [db/column_family.cc:472] --------------- Options for column family [dc_entries]:
2019/10/17-14:56:01.145412 7fbc2cd30700               Options.comparator: leveldb.BytewiseComparator
2019/10/17-14:56:01.145413 7fbc2cd30700           Options.merge_operator: None
2019/10/17-14:56:01.145413 7fbc2cd30700        Options.compaction_filter: None
2019/10/17-14:56:01.145414 7fbc2cd30700        Options.compaction_filter_factory: None
2019/10/17-14:56:01.145414 7fbc2cd30700         Options.memtable_factory: SkipListFactory
2019/10/17-14:56:01.145415 7fbc2cd30700            Options.table_factory: BlockBasedTable
2019/10/17-14:56:01.145422 7fbc2cd30700            table_factory options:   flush_block_policy_factory: FlushBlockBySizePolicyFactory (0x7fbbb803de90)
  cache_index_and_filter_blocks: 0
  cache_index_and_filter_blocks_with_high_priority: 0
  pin_l0_filter_and_index_blocks_in_cache: 0
  pin_top_level_index_and_filter: 1
  index_type: 0
  hash_index_allow_collision: 1
  checksum: 1
  no_block_cache: 0
  block_cache: 0x7fbbb8095bf0
  block_cache_name: LRUCache
  block_cache_options:
    capacity : 8388608
    num_shard_bits : 4
    strict_capacity_limit : 0
    memory_allocator : None
    high_pri_pool_ratio: 0.000
  block_cache_compressed: (nil)
  persistent_cache: (nil)
  block_size: 4096
  block_size_deviation: 10
  block_restart_interval: 16
  index_block_restart_interval: 1
  metadata_block_size: 4096
  partition_filters: 0
  use_delta_encoding: 1
  filter_policy: nullptr
  whole_key_filtering: 1
  verify_compression: 0
  read_amp_bytes_per_bit: 0
  format_version: 2
  enable_index_compression: 1
  block_align: 0
2019/10/17-14:56:01.145426 7fbc2cd30700        Options.write_buffer_size: 67108864
2019/10/17-14:56:01.145426 7fbc2cd30700  Options.max_write_buffer_number: 2
2019/10/17-14:56:01.145427 7fbc2cd30700          Options.compression: NoCompression
2019/10/17-14:56:01.145427 7fbc2cd30700                  Options.bottommost_compression: Disabled
2019/10/17-14:56:01.145428 7fbc2cd30700       Options.prefix_extractor: nullptr
2019/10/17-14:56:01.145428 7fbc2cd30700   Options.memtable_insert_with_hint_prefix_extractor: nullptr
2019/10/17-14:56:01.145429 7fbc2cd30700             Options.num_levels: 7
2019/10/17-14:56:01.145430 7fbc2cd30700        Options.min_write_buffer_number_to_merge: 1
2019/10/17-14:56:01.145430 7fbc2cd30700     Options.max_write_buffer_number_to_maintain: 0
2019/10/17-14:56:01.145431 7fbc2cd30700            Options.bottommost_compression_opts.window_bits: -14
2019/10/17-14:56:01.145431 7fbc2cd30700                  Options.bottommost_compression_opts.level: 32767
2019/10/17-14:56:01.145432 7fbc2cd30700               Options.bottommost_compression_opts.strategy: 0
2019/10/17-14:56:01.145432 7fbc2cd30700         Options.bottommost_compression_opts.max_dict_bytes: 0
2019/10/17-14:56:01.145433 7fbc2cd30700         Options.bottommost_compression_opts.zstd_max_train_bytes: 0
2019/10/17-14:56:01.145433 7fbc2cd30700                  Options.bottommost_compression_opts.enabled: false
2019/10/17-14:56:01.145434 7fbc2cd30700            Options.compression_opts.window_bits: -14
2019/10/17-14:56:01.145434 7fbc2cd30700                  Options.compression_opts.level: 32767
2019/10/17-14:56:01.145435 7fbc2cd30700               Options.compression_opts.strategy: 0
2019/10/17-14:56:01.145435 7fbc2cd30700         Options.compression_opts.max_dict_bytes: 0
2019/10/17-14:56:01.145436 7fbc2cd30700         Options.compression_opts.zstd_max_train_bytes: 0
2019/10/17-14:56:01.145436 7fbc2cd30700                  Options.compression_opts.enabled: false
2019/10/17-14:56:01.145437 7fbc2cd30700      Options.level0_file_num_compaction_trigger: 4
2019/10/17-14:56:01.145438 7fbc2cd30700          Options.level0_slowdown_writes_trigger: 20
2019/10/17-14:56:01.145438 7fbc2cd30700              Options.level0_stop_writes_trigger: 36
2019/10/17-14:56:01.145439 7fbc2cd30700                   Options.target_file_size_base: 67108864
2019/10/17-14:56:01.145439 7fbc2cd30700             Options.target_file_size_multiplier: 1
2019/10/17-14:56:01.145440 7fbc2cd30700                Options.max_bytes_for_level_base: 268435456
2019/10/17-14:56:01.145440 7fbc2cd30700 Options.level_compaction_dynamic_level_bytes: 0
2019/10/17-14:56:01.145441 7fbc2cd30700          Options.max_bytes_for_level_multiplier: 10.000000
2019/10/17-14:56:01.145442 7fbc2cd30700 Options.max_bytes_for_level_multiplier_addtl[0]: 1
2019/10/17-14:56:01.145442 7fbc2cd30700 Options.max_bytes_for_level_multiplier_addtl[1]: 1
2019/10/17-14:56:01.145443 7fbc2cd30700 Options.max_bytes_for_level_multiplier_addtl[2]: 1
2019/10/17-14:56:01.145443 7fbc2cd30700 Options.max_bytes_for_level_multiplier_addtl[3]: 1
2019/10/17-14:56:01.145444 7fbc2cd30700 Options.max_bytes_for_level_multiplier_addtl[4]: 1
2019/10/17-14:56:01.145445 7fbc2cd30700 Options.max_bytes_for_level_multiplier_addtl[5]: 1
2019/10/17-14:56:01.145445 7fbc2cd30700 Options.max_bytes_for_level_multiplier_addtl[6]: 1
2019/10/17-14:56:01.145446 7fbc2cd30700       Options.max_sequential_skip_in_iterations: 8
2019/10/17-14:56:01.145446 7fbc2cd30700                    Options.max_compaction_bytes: 1677721600
2019/10/17-14:56:01.145447 7fbc2cd30700                        Options.arena_block_size: 8388608
2019/10/17-14:56:01.145447 7fbc2cd30700   Options.soft_pending_compaction_bytes_limit: 68719476736
2019/10/17-14:56:01.145448 7fbc2cd30700   Options.hard_pending_compaction_bytes_limit: 274877906944
2019/10/17-14:56:01.145448 7fbc2cd30700       Options.rate_limit_delay_max_milliseconds: 100
2019/10/17-14:56:01.145449 7fbc2cd30700                Options.disable_auto_compactions: 0
2019/10/17-14:56:01.145452 7fbc2cd30700                        Options.compaction_style: kCompactionStyleLevel
2019/10/17-14:56:01.145453 7fbc2cd30700                          Options.compaction_pri: kByCompensatedSize
2019/10/17-14:56:01.145453 7fbc2cd30700 Options.compaction_options_universal.size_ratio: 1
2019/10/17-14:56:01.145454 7fbc2cd30700 Options.compaction_options_universal.min_merge_width: 2
2019/10/17-14:56:01.145454 7fbc2cd30700 Options.compaction_options_universal.max_merge_width: 4294967295
2019/10/17-14:56:01.145455 7fbc2cd30700 Options.compaction_options_universal.max_size_amplification_percent: 200
2019/10/17-14:56:01.145455 7fbc2cd30700 Options.compaction_options_universal.compression_size_percent: -1
2019/10/17-14:56:01.145456 7fbc2cd30700 Options.compaction_options_universal.stop_style: kCompactionStopStyleTotalSize
2019/10/17-14:56:01.145457 7fbc2cd30700 Options.compaction_options_fifo.max_table_files_size: 1073741824
2019/10/17-14:56:01.145457 7fbc2cd30700 Options.compaction_options_fifo.allow_compaction: 0
2019/10/17-14:56:01.145458 7fbc2cd30700 Options.compaction_options_fifo.ttl: 0
2019/10/17-14:56:01.145458 7fbc2cd30700                   Options.table_properties_collectors: 
2019/10/17-14:56:01.145459 7fbc2cd30700                   Options.inplace_update_support: 0
2019/10/17-14:56:01.145459 7fbc2cd30700                 Options.inplace_update_num_locks: 10000
2019/10/17-14:56:01.145460 7fbc2cd30700               Options.memtable_prefix_bloom_size_ratio: 0.000000
2019/10/17-14:56:01.145461 7fbc2cd30700   Options.memtable_huge_page_size: 0
2019/10/17-14:56:01.145461 7fbc2cd30700                           Options.bloom_locality: 0
2019/10/17-14:56:01.145462 7fbc2cd30700                    Options.max_successive_merges: 0
2019/10/17-14:56:01.145462 7fbc2cd30700                Options.optimize_filters_for_hits: 0
2019/10/17-14:56:01.145463 7fbc2cd30700                Options.paranoid_file_checks: 0
2019/10/17-14:56:01.145463 7fbc2cd30700                Options.force_consistency_checks: 0
2019/10/17-14:56:01.145464 7fbc2cd30700                Options.report_bg_io_stats: 0
2019/10/17-14:56:01.145464 7fbc2cd30700                               Options.ttl: 0
2019/10/17-14:56:01.145472 7fbc2cd30700 [db/column_family.cc:472] --------------- Options for column family [htlcs]:
2019/10/17-14:56:01.145473 7fbc2cd30700               Options.comparator: leveldb.BytewiseComparator
2019/10/17-14:56:01.145474 7fbc2cd30700           Options.merge_operator: None
2019/10/17-14:56:01.145474 7fbc2cd30700        Options.compaction_filter: None
2019/10/17-14:56:01.145475 7fbc2cd30700        Options.compaction_filter_factory: None
2019/10/17-14:56:01.145476 7fbc2cd30700         Options.memtable_factory: SkipListFactory
2019/10/17-14:56:01.145476 7fbc2cd30700            Options.table_factory: BlockBasedTable
2019/10/17-14:56:01.145482 7fbc2cd30700            table_factory options:   flush_block_policy_factory: FlushBlockBySizePolicyFactory (0x7fbbb80a7760)
