2019/10/17-14:56:12.055924 7fbc2cd30700 RocksDB version: 5.18.3
2019/10/17-14:56:12.055955 7fbc2cd30700 Git sha rocksdb_build_git_sha:@0@
2019/10/17-14:56:12.055957 7fbc2cd30700 Compile date Sep 19 2019
2019/10/17-14:56:12.055958 7fbc2cd30700 DB SUMMARY
2019/10/17-14:56:12.056550 7fbc2cd30700 CURRENT file:  CURRENT
2019/10/17-14:56:12.056551 7fbc2cd30700 IDENTITY file:  IDENTITY
2019/10/17-14:56:12.056575 7fbc2cd30700 MANIFEST file:  MANIFEST-116908 size: 4114 Bytes
2019/10/17-14:56:12.056577 7fbc2cd30700 SST files in /home/rahul/dev/blockchain-core/eqc/ledger.db dir, Total Num: 29, files: 000624.sst 000627.sst 106940.sst 108447.sst 108450.sst 109471.sst 109483.sst 109485.sst 109486.sst 
2019/10/17-14:56:12.056578 7fbc2cd30700 Write Ahead Log file in /home/rahul/dev/blockchain-core/eqc/ledger.db: 116909.log size: 0 ; 
2019/10/17-14:56:12.056606 7fbc2cd30700                         Options.error_if_exists: 0
2019/10/17-14:56:12.056607 7fbc2cd30700                       Options.create_if_missing: 1
2019/10/17-14:56:12.056608 7fbc2cd30700                         Options.paranoid_checks: 1
2019/10/17-14:56:12.056608 7fbc2cd30700                                     Options.env: 0x7fbbafa7bc60
2019/10/17-14:56:12.056609 7fbc2cd30700                                Options.info_log: 0x7fbbb8035db0
2019/10/17-14:56:12.056610 7fbc2cd30700                Options.max_file_opening_threads: 16
2019/10/17-14:56:12.056611 7fbc2cd30700                              Options.statistics: (nil)
2019/10/17-14:56:12.056611 7fbc2cd30700                               Options.use_fsync: 0
2019/10/17-14:56:12.056612 7fbc2cd30700                       Options.max_log_file_size: 0
2019/10/17-14:56:12.056613 7fbc2cd30700                  Options.max_manifest_file_size: 1073741824
2019/10/17-14:56:12.056613 7fbc2cd30700                   Options.log_file_time_to_roll: 0
2019/10/17-14:56:12.056614 7fbc2cd30700                       Options.keep_log_file_num: 1000
2019/10/17-14:56:12.056615 7fbc2cd30700                    Options.recycle_log_file_num: 0
2019/10/17-14:56:12.056615 7fbc2cd30700                         Options.allow_fallocate: 1
2019/10/17-14:56:12.056616 7fbc2cd30700                        Options.allow_mmap_reads: 0
2019/10/17-14:56:12.056617 7fbc2cd30700                       Options.allow_mmap_writes: 0
2019/10/17-14:56:12.056617 7fbc2cd30700                        Options.use_direct_reads: 0
2019/10/17-14:56:12.056618 7fbc2cd30700                        Options.use_direct_io_for_flush_and_compaction: 0
2019/10/17-14:56:12.056618 7fbc2cd30700          Options.create_missing_column_families: 0
2019/10/17-14:56:12.056619 7fbc2cd30700                              Options.db_log_dir: 
2019/10/17-14:56:12.056620 7fbc2cd30700                                 Options.wal_dir: /home/rahul/dev/blockchain-core/eqc/ledger.db
2019/10/17-14:56:12.056620 7fbc2cd30700                Options.table_cache_numshardbits: 6
2019/10/17-14:56:12.056621 7fbc2cd30700                      Options.max_subcompactions: 1
2019/10/17-14:56:12.056622 7fbc2cd30700                  Options.max_background_flushes: -1
2019/10/17-14:56:12.056622 7fbc2cd30700                         Options.WAL_ttl_seconds: 0
2019/10/17-14:56:12.056623 7fbc2cd30700                       Options.WAL_size_limit_MB: 0
2019/10/17-14:56:12.056624 7fbc2cd30700             Options.manifest_preallocation_size: 4194304
2019/10/17-14:56:12.056624 7fbc2cd30700                     Options.is_fd_close_on_exec: 1
2019/10/17-14:56:12.056625 7fbc2cd30700                   Options.advise_random_on_open: 1
2019/10/17-14:56:12.056625 7fbc2cd30700                    Options.db_write_buffer_size: 0
2019/10/17-14:56:12.056626 7fbc2cd30700                    Options.write_buffer_manager: 0x7fbbb84d9350
2019/10/17-14:56:12.056627 7fbc2cd30700         Options.access_hint_on_compaction_start: 1
2019/10/17-14:56:12.056627 7fbc2cd30700  Options.new_table_reader_for_compaction_inputs: 0
2019/10/17-14:56:12.056628 7fbc2cd30700           Options.random_access_max_buffer_size: 1048576
2019/10/17-14:56:12.056628 7fbc2cd30700                      Options.use_adaptive_mutex: 0
2019/10/17-14:56:12.056629 7fbc2cd30700                            Options.rate_limiter: (nil)
2019/10/17-14:56:12.056644 7fbc2cd30700     Options.sst_file_manager.rate_bytes_per_sec: 0
2019/10/17-14:56:12.056645 7fbc2cd30700                       Options.wal_recovery_mode: 2
2019/10/17-14:56:12.056645 7fbc2cd30700                  Options.enable_thread_tracking: 0
2019/10/17-14:56:12.056646 7fbc2cd30700                  Options.enable_pipelined_write: 0
2019/10/17-14:56:12.056647 7fbc2cd30700         Options.allow_concurrent_memtable_write: 1
2019/10/17-14:56:12.056647 7fbc2cd30700      Options.enable_write_thread_adaptive_yield: 1
2019/10/17-14:56:12.056648 7fbc2cd30700             Options.write_thread_max_yield_usec: 100
2019/10/17-14:56:12.056648 7fbc2cd30700            Options.write_thread_slow_yield_usec: 3
2019/10/17-14:56:12.056649 7fbc2cd30700                               Options.row_cache: None
2019/10/17-14:56:12.056650 7fbc2cd30700                              Options.wal_filter: None
2019/10/17-14:56:12.056651 7fbc2cd30700             Options.avoid_flush_during_recovery: 0
2019/10/17-14:56:12.056651 7fbc2cd30700             Options.allow_ingest_behind: 0
2019/10/17-14:56:12.056652 7fbc2cd30700             Options.preserve_deletes: 0
2019/10/17-14:56:12.056653 7fbc2cd30700             Options.two_write_queues: 0
2019/10/17-14:56:12.056653 7fbc2cd30700             Options.manual_wal_flush: 0
2019/10/17-14:56:12.056654 7fbc2cd30700             Options.max_background_jobs: 2
2019/10/17-14:56:12.056655 7fbc2cd30700             Options.max_background_compactions: -1
2019/10/17-14:56:12.056655 7fbc2cd30700             Options.avoid_flush_during_shutdown: 0
2019/10/17-14:56:12.056656 7fbc2cd30700           Options.writable_file_max_buffer_size: 1048576
2019/10/17-14:56:12.056657 7fbc2cd30700             Options.delayed_write_rate : 16777216
2019/10/17-14:56:12.056657 7fbc2cd30700             Options.max_total_wal_size: 0
2019/10/17-14:56:12.056658 7fbc2cd30700             Options.delete_obsolete_files_period_micros: 21600000000
2019/10/17-14:56:12.056659 7fbc2cd30700                   Options.stats_dump_period_sec: 600
2019/10/17-14:56:12.056659 7fbc2cd30700                          Options.max_open_files: -1
2019/10/17-14:56:12.056660 7fbc2cd30700                          Options.bytes_per_sync: 0
2019/10/17-14:56:12.056660 7fbc2cd30700                      Options.wal_bytes_per_sync: 0
2019/10/17-14:56:12.056661 7fbc2cd30700       Options.compaction_readahead_size: 0
2019/10/17-14:56:12.056662 7fbc2cd30700 Compression algorithms supported:
2019/10/17-14:56:12.056663 7fbc2cd30700 	kZSTDNotFinalCompression supported: 0
2019/10/17-14:56:12.056664 7fbc2cd30700 	kZSTD supported: 0
2019/10/17-14:56:12.056664 7fbc2cd30700 	kXpressCompression supported: 0
2019/10/17-14:56:12.056665 7fbc2cd30700 	kLZ4HCCompression supported: 0
2019/10/17-14:56:12.056666 7fbc2cd30700 	kLZ4Compression supported: 0
2019/10/17-14:56:12.056666 7fbc2cd30700 	kBZip2Compression supported: 0
2019/10/17-14:56:12.056667 7fbc2cd30700 	kZlibCompression supported: 0
2019/10/17-14:56:12.056668 7fbc2cd30700 	kSnappyCompression supported: 0
2019/10/17-14:56:12.056669 7fbc2cd30700 Fast CRC32 supported: Supported on x86
2019/10/17-14:56:12.056747 7fbc2cd30700 [db/version_set.cc:3507] Recovering from manifest file: MANIFEST-116908
2019/10/17-14:56:12.056775 7fbc2cd30700 [db/column_family.cc:472] --------------- Options for column family [default]:
2019/10/17-14:56:12.056776 7fbc2cd30700               Options.comparator: leveldb.BytewiseComparator
2019/10/17-14:56:12.056777 7fbc2cd30700           Options.merge_operator: None
2019/10/17-14:56:12.056778 7fbc2cd30700        Options.compaction_filter: None
2019/10/17-14:56:12.056778 7fbc2cd30700        Options.compaction_filter_factory: None
2019/10/17-14:56:12.056779 7fbc2cd30700         Options.memtable_factory: SkipListFactory
2019/10/17-14:56:12.056780 7fbc2cd30700            Options.table_factory: BlockBasedTable
2019/10/17-14:56:12.056794 7fbc2cd30700            table_factory options:   flush_block_policy_factory: FlushBlockBySizePolicyFactory (0x7fbbb84d97f0)
  cache_index_and_filter_blocks: 0
  cache_index_and_filter_blocks_with_high_priority: 0
  pin_l0_filter_and_index_blocks_in_cache: 0
  pin_top_level_index_and_filter: 1
  index_type: 0
  hash_index_allow_collision: 1
  checksum: 1
  no_block_cache: 0
  block_cache: 0x7fbbb80d4630
  block_cache_name: LRUCache
  block_cache_options:
    capacity : 8388608
    num_shard_bits : 4
    strict_capacity_limit : 0
    memory_allocator : None
    high_pri_pool_ratio: 0.000
  block_cache_compressed: (nil)
  persistent_cache: (nil)
  block_size: 4096
  block_size_deviation: 10
  block_restart_interval: 16
  index_block_restart_interval: 1
  metadata_block_size: 4096
  partition_filters: 0
  use_delta_encoding: 1
  filter_policy: nullptr
  whole_key_filtering: 1
  verify_compression: 0
  read_amp_bytes_per_bit: 0
  format_version: 2
  enable_index_compression: 1
  block_align: 0
2019/10/17-14:56:12.056801 7fbc2cd30700        Options.write_buffer_size: 67108864
2019/10/17-14:56:12.056802 7fbc2cd30700  Options.max_write_buffer_number: 2
2019/10/17-14:56:12.056803 7fbc2cd30700          Options.compression: NoCompression
2019/10/17-14:56:12.056803 7fbc2cd30700                  Options.bottommost_compression: Disabled
2019/10/17-14:56:12.056804 7fbc2cd30700       Options.prefix_extractor: nullptr
2019/10/17-14:56:12.056805 7fbc2cd30700   Options.memtable_insert_with_hint_prefix_extractor: nullptr
2019/10/17-14:56:12.056805 7fbc2cd30700             Options.num_levels: 7
2019/10/17-14:56:12.056806 7fbc2cd30700        Options.min_write_buffer_number_to_merge: 1
2019/10/17-14:56:12.056807 7fbc2cd30700     Options.max_write_buffer_number_to_maintain: 0
2019/10/17-14:56:12.056807 7fbc2cd30700            Options.bottommost_compression_opts.window_bits: -14
2019/10/17-14:56:12.056808 7fbc2cd30700                  Options.bottommost_compression_opts.level: 32767
2019/10/17-14:56:12.056809 7fbc2cd30700               Options.bottommost_compression_opts.strategy: 0
2019/10/17-14:56:12.056809 7fbc2cd30700         Options.bottommost_compression_opts.max_dict_bytes: 0
2019/10/17-14:56:12.056810 7fbc2cd30700         Options.bottommost_compression_opts.zstd_max_train_bytes: 0
2019/10/17-14:56:12.056810 7fbc2cd30700                  Options.bottommost_compression_opts.enabled: false
2019/10/17-14:56:12.056811 7fbc2cd30700            Options.compression_opts.window_bits: -14
2019/10/17-14:56:12.056812 7fbc2cd30700                  Options.compression_opts.level: 32767
2019/10/17-14:56:12.056812 7fbc2cd30700               Options.compression_opts.strategy: 0
2019/10/17-14:56:12.056813 7fbc2cd30700         Options.compression_opts.max_dict_bytes: 0
2019/10/17-14:56:12.056814 7fbc2cd30700         Options.compression_opts.zstd_max_train_bytes: 0
2019/10/17-14:56:12.056814 7fbc2cd30700                  Options.compression_opts.enabled: false
2019/10/17-14:56:12.056815 7fbc2cd30700      Options.level0_file_num_compaction_trigger: 4
2019/10/17-14:56:12.056815 7fbc2cd30700          Options.level0_slowdown_writes_trigger: 20
2019/10/17-14:56:12.056816 7fbc2cd30700              Options.level0_stop_writes_trigger: 36
2019/10/17-14:56:12.056817 7fbc2cd30700                   Options.target_file_size_base: 67108864
2019/10/17-14:56:12.056817 7fbc2cd30700             Options.target_file_size_multiplier: 1
2019/10/17-14:56:12.056818 7fbc2cd30700                Options.max_bytes_for_level_base: 268435456
2019/10/17-14:56:12.056819 7fbc2cd30700 Options.level_compaction_dynamic_level_bytes: 0
2019/10/17-14:56:12.056819 7fbc2cd30700          Options.max_bytes_for_level_multiplier: 10.000000
2019/10/17-14:56:12.056821 7fbc2cd30700 Options.max_bytes_for_level_multiplier_addtl[0]: 1
2019/10/17-14:56:12.056822 7fbc2cd30700 Options.max_bytes_for_level_multiplier_addtl[1]: 1
2019/10/17-14:56:12.056823 7fbc2cd30700 Options.max_bytes_for_level_multiplier_addtl[2]: 1
2019/10/17-14:56:12.056823 7fbc2cd30700 Options.max_bytes_for_level_multiplier_addtl[3]: 1
2019/10/17-14:56:12.056824 7fbc2cd30700 Options.max_bytes_for_level_multiplier_addtl[4]: 1
2019/10/17-14:56:12.056828 7fbc2cd30700 Options.max_bytes_for_level_multiplier_addtl[5]: 1
2019/10/17-14:56:12.056829 7fbc2cd30700 Options.max_bytes_for_level_multiplier_addtl[6]: 1
2019/10/17-14:56:12.056829 7fbc2cd30700       Options.max_sequential_skip_in_iterations: 8
2019/10/17-14:56:12.056830 7fbc2cd30700                    Options.max_compaction_bytes: 1677721600
2019/10/17-14:56:12.056831 7fbc2cd30700                        Options.arena_block_size: 8388608
2019/10/17-14:56:12.056831 7fbc2cd30700   Options.soft_pending_compaction_bytes_limit: 68719476736
2019/10/17-14:56:12.056832 7fbc2cd30700   Options.hard_pending_compaction_bytes_limit: 274877906944
2019/10/17-14:56:12.056833 7fbc2cd30700       Options.rate_limit_delay_max_milliseconds: 100
2019/10/17-14:56:12.056833 7fbc2cd30700                Options.disable_auto_compactions: 0
2019/10/17-14:56:12.056834 7fbc2cd30700                        Options.compaction_style: kCompactionStyleLevel
2019/10/17-14:56:12.056835 7fbc2cd30700                          Options.compaction_pri: kByCompensatedSize
2019/10/17-14:56:12.056836 7fbc2cd30700 Options.compaction_options_universal.size_ratio: 1
2019/10/17-14:56:12.056837 7fbc2cd30700 Options.compaction_options_universal.min_merge_width: 2
2019/10/17-14:56:12.056837 7fbc2cd30700 Options.compaction_options_universal.max_merge_width: 4294967295
2019/10/17-14:56:12.056838 7fbc2cd30700 Options.compaction_options_universal.max_size_amplification_percent: 200
2019/10/17-14:56:12.056839 7fbc2cd30700 Options.compaction_options_universal.compression_size_percent: -1
2019/10/17-14:56:12.056840 7fbc2cd30700 Options.compaction_options_universal.stop_style: kCompactionStopStyleTotalSize
2019/10/17-14:56:12.056840 7fbc2cd30700 Options.compaction_options_fifo.max_table_files_size: 1073741824
2019/10/17-14:56:12.056841 7fbc2cd30700 Options.compaction_options_fifo.allow_compaction: 0
2019/10/17-14:56:12.056842 7fbc2cd30700 Options.compaction_options_fifo.ttl: 0
2019/10/17-14:56:12.056842 7fbc2cd30700                   Options.table_properties_collectors: 
2019/10/17-14:56:12.056843 7fbc2cd30700                   Options.inplace_update_support: 0
2019/10/17-14:56:12.056844 7fbc2cd30700                 Options.inplace_update_num_locks: 10000
2019/10/17-14:56:12.056844 7fbc2cd30700               Options.memtable_prefix_bloom_size_ratio: 0.000000
2019/10/17-14:56:12.056845 7fbc2cd30700   Options.memtable_huge_page_size: 0
2019/10/17-14:56:12.056846 7fbc2cd30700                           Options.bloom_locality: 0
2019/10/17-14:56:12.056846 7fbc2cd30700                    Options.max_successive_merges: 0
2019/10/17-14:56:12.056847 7fbc2cd30700                Options.optimize_filters_for_hits: 0
2019/10/17-14:56:12.056848 7fbc2cd30700                Options.paranoid_file_checks: 0
2019/10/17-14:56:12.056848 7fbc2cd30700                Options.force_consistency_checks: 0
2019/10/17-14:56:12.056849 7fbc2cd30700                Options.report_bg_io_stats: 0
2019/10/17-14:56:12.056849 7fbc2cd30700                               Options.ttl: 0
2019/10/17-14:56:12.056880 7fbc2cd30700 [db/column_family.cc:472] --------------- Options for column family [active_gateways]:
2019/10/17-14:56:12.056881 7fbc2cd30700               Options.comparator: leveldb.BytewiseComparator
2019/10/17-14:56:12.056882 7fbc2cd30700           Options.merge_operator: None
2019/10/17-14:56:12.056883 7fbc2cd30700        Options.compaction_filter: None
2019/10/17-14:56:12.056883 7fbc2cd30700        Options.compaction_filter_factory: None
2019/10/17-14:56:12.056884 7fbc2cd30700         Options.memtable_factory: SkipListFactory
2019/10/17-14:56:12.056885 7fbc2cd30700            Options.table_factory: BlockBasedTable
2019/10/17-14:56:12.056893 7fbc2cd30700            table_factory options:   flush_block_policy_factory: FlushBlockBySizePolicyFactory (0x7fbbb80045f0)
  cache_index_and_filter_blocks: 0
  cache_index_and_filter_blocks_with_high_priority: 0
  pin_l0_filter_and_index_blocks_in_cache: 0
  pin_top_level_index_and_filter: 1
  index_type: 0
  hash_index_allow_collision: 1
  checksum: 1
  no_block_cache: 0
  block_cache: 0x7fbbb809ccc0
  block_cache_name: LRUCache
  block_cache_options:
    capacity : 8388608
    num_shard_bits : 4
    strict_capacity_limit : 0
    memory_allocator : None
    high_pri_pool_ratio: 0.000
  block_cache_compressed: (nil)
  persistent_cache: (nil)
  block_size: 4096
  block_size_deviation: 10
  block_restart_interval: 16
  index_block_restart_interval: 1
  metadata_block_size: 4096
  partition_filters: 0
  use_delta_encoding: 1
  filter_policy: nullptr
  whole_key_filtering: 1
  verify_compression: 0
  read_amp_bytes_per_bit: 0
  format_version: 2
  enable_index_compression: 1
  block_align: 0
2019/10/17-14:56:12.056899 7fbc2cd30700        Options.write_buffer_size: 67108864
2019/10/17-14:56:12.056900 7fbc2cd30700  Options.max_write_buffer_number: 2
2019/10/17-14:56:12.056901 7fbc2cd30700          Options.compression: NoCompression
2019/10/17-14:56:12.056901 7fbc2cd30700                  Options.bottommost_compression: Disabled
2019/10/17-14:56:12.056902 7fbc2cd30700       Options.prefix_extractor: nullptr
2019/10/17-14:56:12.056903 7fbc2cd30700   Options.memtable_insert_with_hint_prefix_extractor: nullptr
2019/10/17-14:56:12.056903 7fbc2cd30700             Options.num_levels: 7
2019/10/17-14:56:12.056904 7fbc2cd30700        Options.min_write_buffer_number_to_merge: 1
2019/10/17-14:56:12.056905 7fbc2cd30700     Options.max_write_buffer_number_to_maintain: 0
2019/10/17-14:56:12.056905 7fbc2cd30700            Options.bottommost_compression_opts.window_bits: -14
2019/10/17-14:56:12.056906 7fbc2cd30700                  Options.bottommost_compression_opts.level: 32767
2019/10/17-14:56:12.056906 7fbc2cd30700               Options.bottommost_compression_opts.strategy: 0
2019/10/17-14:56:12.056907 7fbc2cd30700         Options.bottommost_compression_opts.max_dict_bytes: 0
2019/10/17-14:56:12.056908 7fbc2cd30700         Options.bottommost_compression_opts.zstd_max_train_bytes: 0
2019/10/17-14:56:12.056908 7fbc2cd30700                  Options.bottommost_compression_opts.enabled: false
2019/10/17-14:56:12.056909 7fbc2cd30700            Options.compression_opts.window_bits: -14
2019/10/17-14:56:12.056909 7fbc2cd30700                  Options.compression_opts.level: 32767
2019/10/17-14:56:12.056910 7fbc2cd30700               Options.compression_opts.strategy: 0
2019/10/17-14:56:12.056911 7fbc2cd30700         Options.compression_opts.max_dict_bytes: 0
2019/10/17-14:56:12.056911 7fbc2cd30700         Options.compression_opts.zstd_max_train_bytes: 0
2019/10/17-14:56:12.056912 7fbc2cd30700                  Options.compression_opts.enabled: false
2019/10/17-14:56:12.056912 7fbc2cd30700      Options.level0_file_num_compaction_trigger: 4
2019/10/17-14:56:12.056913 7fbc2cd30700          Options.level0_slowdown_writes_trigger: 20
2019/10/17-14:56:12.056914 7fbc2cd30700              Options.level0_stop_writes_trigger: 36
2019/10/17-14:56:12.056914 7fbc2cd30700                   Options.target_file_size_base: 67108864
2019/10/17-14:56:12.056915 7fbc2cd30700             Options.target_file_size_multiplier: 1
2019/10/17-14:56:12.056916 7fbc2cd30700                Options.max_bytes_for_level_base: 268435456
2019/10/17-14:56:12.056916 7fbc2cd30700 Options.level_compaction_dynamic_level_bytes: 0
2019/10/17-14:56:12.056917 7fbc2cd30700          Options.max_bytes_for_level_multiplier: 10.000000
2019/10/17-14:56:12.056918 7fbc2cd30700 Options.max_bytes_for_level_multiplier_addtl[0]: 1
2019/10/17-14:56:12.056919 7fbc2cd30700 Options.max_bytes_for_level_multiplier_addtl[1]: 1
2019/10/17-14:56:12.056920 7fbc2cd30700 Options.max_bytes_for_level_multiplier_addtl[2]: 1
2019/10/17-14:56:12.056920 7fbc2cd30700 Options.max_bytes_for_level_multiplier_addtl[3]: 1
2019/10/17-14:56:12.056921 7fbc2cd30700 Options.max_bytes_for_level_multiplier_addtl[4]: 1
2019/10/17-14:56:12.056921 7fbc2cd30700 Options.max_bytes_for_level_multiplier_addtl[5]: 1
2019/10/17-14:56:12.056922 7fbc2cd30700 Options.max_bytes_for_level_multiplier_addtl[6]: 1
2019/10/17-14:56:12.056923 7fbc2cd30700       Options.max_sequential_skip_in_iterations: 8
2019/10/17-14:56:12.056926 7fbc2cd30700                    Options.max_compaction_bytes: 1677721600
2019/10/17-14:56:12.056927 7fbc2cd30700                        Options.arena_block_size: 8388608
2019/10/17-14:56:12.056928 7fbc2cd30700   Options.soft_pending_compaction_bytes_limit: 68719476736
2019/10/17-14:56:12.056928 7fbc2cd30700   Options.hard_pending_compaction_bytes_limit: 274877906944
2019/10/17-14:56:12.056929 7fbc2cd30700       Options.rate_limit_delay_max_milliseconds: 100
2019/10/17-14:56:12.056930 7fbc2cd30700                Options.disable_auto_compactions: 0
2019/10/17-14:56:12.056930 7fbc2cd30700                        Options.compaction_style: kCompactionStyleLevel
2019/10/17-14:56:12.056931 7fbc2cd30700                          Options.compaction_pri: kByCompensatedSize
2019/10/17-14:56:12.056932 7fbc2cd30700 Options.compaction_options_universal.size_ratio: 1
2019/10/17-14:56:12.056932 7fbc2cd30700 Options.compaction_options_universal.min_merge_width: 2
2019/10/17-14:56:12.056933 7fbc2cd30700 Options.compaction_options_universal.max_merge_width: 4294967295
2019/10/17-14:56:12.056934 7fbc2cd30700 Options.compaction_options_universal.max_size_amplification_percent: 200
2019/10/17-14:56:12.056934 7fbc2cd30700 Options.compaction_options_universal.compression_size_percent: -1
2019/10/17-14:56:12.056935 7fbc2cd30700 Options.compaction_options_universal.stop_style: kCompactionStopStyleTotalSize
2019/10/17-14:56:12.056936 7fbc2cd30700 Options.compaction_options_fifo.max_table_files_size: 1073741824
2019/10/17-14:56:12.056936 7fbc2cd30700 Options.compaction_options_fifo.allow_compaction: 0
2019/10/17-14:56:12.056937 7fbc2cd30700 Options.compaction_options_fifo.ttl: 0
2019/10/17-14:56:12.056938 7fbc2cd30700                   Options.table_properties_collectors: 
2019/10/17-14:56:12.056938 7fbc2cd30700                   Options.inplace_update_support: 0
2019/10/17-14:56:12.056939 7fbc2cd30700                 Options.inplace_update_num_locks: 10000
2019/10/17-14:56:12.056939 7fbc2cd30700               Options.memtable_prefix_bloom_size_ratio: 0.000000
2019/10/17-14:56:12.056940 7fbc2cd30700   Options.memtable_huge_page_size: 0
2019/10/17-14:56:12.056941 7fbc2cd30700                           Options.bloom_locality: 0
2019/10/17-14:56:12.056942 7fbc2cd30700                    Options.max_successive_merges: 0
2019/10/17-14:56:12.056942 7fbc2cd30700                Options.optimize_filters_for_hits: 0
2019/10/17-14:56:12.056943 7fbc2cd30700                Options.paranoid_file_checks: 0
2019/10/17-14:56:12.056943 7fbc2cd30700                Options.force_consistency_checks: 0
2019/10/17-14:56:12.056944 7fbc2cd30700                Options.report_bg_io_stats: 0
2019/10/17-14:56:12.056945 7fbc2cd30700                               Options.ttl: 0
2019/10/17-14:56:12.056957 7fbc2cd30700 [db/column_family.cc:472] --------------- Options for column family [entries]:
2019/10/17-14:56:12.056959 7fbc2cd30700               Options.comparator: leveldb.BytewiseComparator
2019/10/17-14:56:12.056959 7fbc2cd30700           Options.merge_operator: None
2019/10/17-14:56:12.056960 7fbc2cd30700        Options.compaction_filter: None
2019/10/17-14:56:12.056960 7fbc2cd30700        Options.compaction_filter_factory: None
2019/10/17-14:56:12.056961 7fbc2cd30700         Options.memtable_factory: SkipListFactory
2019/10/17-14:56:12.056962 7fbc2cd30700            Options.table_factory: BlockBasedTable
2019/10/17-14:56:12.056970 7fbc2cd30700            table_factory options:   flush_block_policy_factory: FlushBlockBySizePolicyFactory (0x7fbbb8004370)
  cache_index_and_filter_blocks: 0
  cache_index_and_filter_blocks_with_high_priority: 0
  pin_l0_filter_and_index_blocks_in_cache: 0
  pin_top_level_index_and_filter: 1
  index_type: 0
  hash_index_allow_collision: 1
  checksum: 1
  no_block_cache: 0
  block_cache: 0x7fbbb802e780
  block_cache_name: LRUCache
  block_cache_options:
    capacity : 8388608
    num_shard_bits : 4
    strict_capacity_limit : 0
    memory_allocator : None
    high_pri_pool_ratio: 0.000
  block_cache_compressed: (nil)
  persistent_cache: (nil)
  block_size: 4096
  block_size_deviation: 10
  block_restart_interval: 16
  index_block_restart_interval: 1
  metadata_block_size: 4096
  partition_filters: 0
  use_delta_encoding: 1
  filter_policy: nullptr
  whole_key_filtering: 1
  verify_compression: 0
  read_amp_bytes_per_bit: 0
  format_version: 2
  enable_index_compression: 1
  block_align: 0
2019/10/17-14:56:12.056975 7fbc2cd30700        Options.write_buffer_size: 67108864
2019/10/17-14:56:12.056976 7fbc2cd30700  Options.max_write_buffer_number: 2
2019/10/17-14:56:12.056976 7fbc2cd30700          Options.compression: NoCompression
2019/10/17-14:56:12.056977 7fbc2cd30700                  Options.bottommost_compression: Disabled
2019/10/17-14:56:12.056977 7fbc2cd30700       Options.prefix_extractor: nullptr
2019/10/17-14:56:12.056978 7fbc2cd30700   Options.memtable_insert_with_hint_prefix_extractor: nullptr
2019/10/17-14:56:12.056979 7fbc2cd30700             Options.num_levels: 7
2019/10/17-14:56:12.056979 7fbc2cd30700        Options.min_write_buffer_number_to_merge: 1
2019/10/17-14:56:12.056980 7fbc2cd30700     Options.max_write_buffer_number_to_maintain: 0
2019/10/17-14:56:12.056981 7fbc2cd30700            Options.bottommost_compression_opts.window_bits: -14
2019/10/17-14:56:12.056981 7fbc2cd30700                  Options.bottommost_compression_opts.level: 32767
2019/10/17-14:56:12.056982 7fbc2cd30700               Options.bottommost_compression_opts.strategy: 0
2019/10/17-14:56:12.056982 7fbc2cd30700         Options.bottommost_compression_opts.max_dict_bytes: 0
2019/10/17-14:56:12.056983 7fbc2cd30700         Options.bottommost_compression_opts.zstd_max_train_bytes: 0
2019/10/17-14:56:12.056984 7fbc2cd30700                  Options.bottommost_compression_opts.enabled: false
2019/10/17-14:56:12.056984 7fbc2cd30700            Options.compression_opts.window_bits: -14
2019/10/17-14:56:12.056985 7fbc2cd30700                  Options.compression_opts.level: 32767
2019/10/17-14:56:12.056985 7fbc2cd30700               Options.compression_opts.strategy: 0
2019/10/17-14:56:12.056986 7fbc2cd30700         Options.compression_opts.max_dict_bytes: 0
2019/10/17-14:56:12.056987 7fbc2cd30700         Options.compression_opts.zstd_max_train_bytes: 0
2019/10/17-14:56:12.056987 7fbc2cd30700                  Options.compression_opts.enabled: false
2019/10/17-14:56:12.056988 7fbc2cd30700      Options.level0_file_num_compaction_trigger: 4
2019/10/17-14:56:12.056988 7fbc2cd30700          Options.level0_slowdown_writes_trigger: 20
2019/10/17-14:56:12.056989 7fbc2cd30700              Options.level0_stop_writes_trigger: 36
2019/10/17-14:56:12.056990 7fbc2cd30700                   Options.target_file_size_base: 67108864
2019/10/17-14:56:12.056990 7fbc2cd30700             Options.target_file_size_multiplier: 1
2019/10/17-14:56:12.056991 7fbc2cd30700                Options.max_bytes_for_level_base: 268435456
2019/10/17-14:56:12.056992 7fbc2cd30700 Options.level_compaction_dynamic_level_bytes: 0
2019/10/17-14:56:12.056992 7fbc2cd30700          Options.max_bytes_for_level_multiplier: 10.000000
2019/10/17-14:56:12.056993 7fbc2cd30700 Options.max_bytes_for_level_multiplier_addtl[0]: 1
2019/10/17-14:56:12.056994 7fbc2cd30700 Options.max_bytes_for_level_multiplier_addtl[1]: 1
2019/10/17-14:56:12.056995 7fbc2cd30700 Options.max_bytes_for_level_multiplier_addtl[2]: 1
2019/10/17-14:56:12.056995 7fbc2cd30700 Options.max_bytes_for_level_multiplier_addtl[3]: 1
2019/10/17-14:56:12.056996 7fbc2cd30700 Options.max_bytes_for_level_multiplier_addtl[4]: 1
2019/10/17-14:56:12.056996 7fbc2cd30700 Options.max_bytes_for_level_multiplier_addtl[5]: 1
2019/10/17-14:56:12.056997 7fbc2cd30700 Options.max_bytes_for_level_multiplier_addtl[6]: 1
2019/10/17-14:56:12.056998 7fbc2cd30700       Options.max_sequential_skip_in_iterations: 8
2019/10/17-14:56:12.056998 7fbc2cd30700                    Options.max_compaction_bytes: 1677721600
2019/10/17-14:56:12.056999 7fbc2cd30700                        Options.arena_block_size: 8388608
2019/10/17-14:56:12.057000 7fbc2cd30700   Options.soft_pending_compaction_bytes_limit: 68719476736
2019/10/17-14:56:12.057004 7fbc2cd30700   Options.hard_pending_compaction_bytes_limit: 274877906944
2019/10/17-14:56:12.057004 7fbc2cd30700       Options.rate_limit_delay_max_milliseconds: 100
2019/10/17-14:56:12.057005 7fbc2cd30700                Options.disable_auto_compactions: 0
2019/10/17-14:56:12.057006 7fbc2cd30700                        Options.compaction_style: kCompactionStyleLevel
2019/10/17-14:56:12.057007 7fbc2cd30700                          Options.compaction_pri: kByCompensatedSize
2019/10/17-14:56:12.057007 7fbc2cd30700 Options.compaction_options_universal.size_ratio: 1
2019/10/17-14:56:12.057008 7fbc2cd30700 Options.compaction_options_universal.min_merge_width: 2
2019/10/17-14:56:12.057008 7fbc2cd30700 Options.compaction_options_universal.max_merge_width: 4294967295
2019/10/17-14:56:12.057009 7fbc2cd30700 Options.compaction_options_universal.max_size_amplification_percent: 200
2019/10/17-14:56:12.057010 7fbc2cd30700 Options.compaction_options_universal.compression_size_percent: -1
2019/10/17-14:56:12.057010 7fbc2cd30700 Options.compaction_options_universal.stop_style: kCompactionStopStyleTotalSize
2019/10/17-14:56:12.057011 7fbc2cd30700 Options.compaction_options_fifo.max_table_files_size: 1073741824
2019/10/17-14:56:12.057012 7fbc2cd30700 Options.compaction_options_fifo.allow_compaction: 0
2019/10/17-14:56:12.057012 7fbc2cd30700 Options.compaction_options_fifo.ttl: 0
2019/10/17-14:56:12.057013 7fbc2cd30700                   Options.table_properties_collectors: 
2019/10/17-14:56:12.057013 7fbc2cd30700                   Options.inplace_update_support: 0
2019/10/17-14:56:12.057014 7fbc2cd30700                 Options.inplace_update_num_locks: 10000
2019/10/17-14:56:12.057015 7fbc2cd30700               Options.memtable_prefix_bloom_size_ratio: 0.000000
2019/10/17-14:56:12.057015 7fbc2cd30700   Options.memtable_huge_page_size: 0
2019/10/17-14:56:12.057016 7fbc2cd30700                           Options.bloom_locality: 0
2019/10/17-14:56:12.057017 7fbc2cd30700                    Options.max_successive_merges: 0
2019/10/17-14:56:12.057017 7fbc2cd30700                Options.optimize_filters_for_hits: 0
2019/10/17-14:56:12.057018 7fbc2cd30700                Options.paranoid_file_checks: 0
2019/10/17-14:56:12.057019 7fbc2cd30700                Options.force_consistency_checks: 0
2019/10/17-14:56:12.057019 7fbc2cd30700                Options.report_bg_io_stats: 0
2019/10/17-14:56:12.057020 7fbc2cd30700                               Options.ttl: 0
2019/10/17-14:56:12.057032 7fbc2cd30700 [db/column_family.cc:472] --------------- Options for column family [dc_entries]:
2019/10/17-14:56:12.057033 7fbc2cd30700               Options.comparator: leveldb.BytewiseComparator
2019/10/17-14:56:12.057033 7fbc2cd30700           Options.merge_operator: None
2019/10/17-14:56:12.057034 7fbc2cd30700        Options.compaction_filter: None
2019/10/17-14:56:12.057035 7fbc2cd30700        Options.compaction_filter_factory: None
2019/10/17-14:56:12.057035 7fbc2cd30700         Options.memtable_factory: SkipListFactory
2019/10/17-14:56:12.057036 7fbc2cd30700            Options.table_factory: BlockBasedTable
2019/10/17-14:56:12.057043 7fbc2cd30700            table_factory options:   flush_block_policy_factory: FlushBlockBySizePolicyFactory (0x7fbbb8057e80)
  cache_index_and_filter_blocks: 0
  cache_index_and_filter_blocks_with_high_priority: 0
  pin_l0_filter_and_index_blocks_in_cache: 0
  pin_top_level_index_and_filter: 1
  index_type: 0
  hash_index_allow_collision: 1
  checksum: 1
  no_block_cache: 0
  block_cache: 0x7fbbb80e0fe0
  block_cache_name: LRUCache
  block_cache_options:
    capacity : 8388608
    num_shard_bits : 4
    strict_capacity_limit : 0
    memory_allocator : None
    high_pri_pool_ratio: 0.000
  block_cache_compressed: (nil)
  persistent_cache: (nil)
  block_size: 4096
  block_size_deviation: 10
  block_restart_interval: 16
  index_block_restart_interval: 1
  metadata_block_size: 4096
  partition_filters: 0
  use_delta_encoding: 1
  filter_policy: nullptr
  whole_key_filtering: 1
  verify_compression: 0
  read_amp_bytes_per_bit: 0
  format_version: 2
  enable_index_compression: 1
  block_align: 0
2019/10/17-14:56:12.057048 7fbc2cd30700        Options.write_buffer_size: 67108864
2019/10/17-14:56:12.057049 7fbc2cd30700  Options.max_write_buffer_number: 2
2019/10/17-14:56:12.057050 7fbc2cd30700          Options.compression: NoCompression
2019/10/17-14:56:12.057050 7fbc2cd30700                  Options.bottommost_compression: Disabled
2019/10/17-14:56:12.057051 7fbc2cd30700       Options.prefix_extractor: nullptr
2019/10/17-14:56:12.057051 7fbc2cd30700   Options.memtable_insert_with_hint_prefix_extractor: nullptr
2019/10/17-14:56:12.057052 7fbc2cd30700             Options.num_levels: 7
2019/10/17-14:56:12.057053 7fbc2cd30700        Options.min_write_buffer_number_to_merge: 1
2019/10/17-14:56:12.057053 7fbc2cd30700     Options.max_write_buffer_number_to_maintain: 0
2019/10/17-14:56:12.057054 7fbc2cd30700            Options.bottommost_compression_opts.window_bits: -14
2019/10/17-14:56:12.057054 7fbc2cd30700                  Options.bottommost_compression_opts.level: 32767
2019/10/17-14:56:12.057055 7fbc2cd30700               Options.bottommost_compression_opts.strategy: 0
2019/10/17-14:56:12.057056 7fbc2cd30700         Options.bottommost_compression_opts.max_dict_bytes: 0
2019/10/17-14:56:12.057056 7fbc2cd30700         Options.bottommost_compression_opts.zstd_max_train_bytes: 0
2019/10/17-14:56:12.057057 7fbc2cd30700                  Options.bottommost_compression_opts.enabled: false
2019/10/17-14:56:12.057057 7fbc2cd30700            Options.compression_opts.window_bits: -14
2019/10/17-14:56:12.057058 7fbc2cd30700                  Options.compression_opts.level: 32767
2019/10/17-14:56:12.057059 7fbc2cd30700               Options.compression_opts.strategy: 0
2019/10/17-14:56:12.057059 7fbc2cd30700         Options.compression_opts.max_dict_bytes: 0
2019/10/17-14:56:12.057060 7fbc2cd30700         Options.compression_opts.zstd_max_train_bytes: 0
2019/10/17-14:56:12.057061 7fbc2cd30700                  Options.compression_opts.enabled: false
2019/10/17-14:56:12.057061 7fbc2cd30700      Options.level0_file_num_compaction_trigger: 4
2019/10/17-14:56:12.057062 7fbc2cd30700          Options.level0_slowdown_writes_trigger: 20
2019/10/17-14:56:12.057062 7fbc2cd30700              Options.level0_stop_writes_trigger: 36
2019/10/17-14:56:12.057063 7fbc2cd30700                   Options.target_file_size_base: 67108864
2019/10/17-14:56:12.057064 7fbc2cd30700             Options.target_file_size_multiplier: 1
2019/10/17-14:56:12.057064 7fbc2cd30700                Options.max_bytes_for_level_base: 268435456
2019/10/17-14:56:12.057065 7fbc2cd30700 Options.level_compaction_dynamic_level_bytes: 0
2019/10/17-14:56:12.057065 7fbc2cd30700          Options.max_bytes_for_level_multiplier: 10.000000
2019/10/17-14:56:12.057066 7fbc2cd30700 Options.max_bytes_for_level_multiplier_addtl[0]: 1
2019/10/17-14:56:12.057067 7fbc2cd30700 Options.max_bytes_for_level_multiplier_addtl[1]: 1
2019/10/17-14:56:12.057068 7fbc2cd30700 Options.max_bytes_for_level_multiplier_addtl[2]: 1
2019/10/17-14:56:12.057068 7fbc2cd30700 Options.max_bytes_for_level_multiplier_addtl[3]: 1
2019/10/17-14:56:12.057069 7fbc2cd30700 Options.max_bytes_for_level_multiplier_addtl[4]: 1
2019/10/17-14:56:12.057070 7fbc2cd30700 Options.max_bytes_for_level_multiplier_addtl[5]: 1
2019/10/17-14:56:12.057070 7fbc2cd30700 Options.max_bytes_for_level_multiplier_addtl[6]: 1
2019/10/17-14:56:12.057071 7fbc2cd30700       Options.max_sequential_skip_in_iterations: 8
2019/10/17-14:56:12.057072 7fbc2cd30700                    Options.max_compaction_bytes: 1677721600
2019/10/17-14:56:12.057072 7fbc2cd30700                        Options.arena_block_size: 8388608
2019/10/17-14:56:12.057073 7fbc2cd30700   Options.soft_pending_compaction_bytes_limit: 68719476736
2019/10/17-14:56:12.057073 7fbc2cd30700   Options.hard_pending_compaction_bytes_limit: 274877906944
2019/10/17-14:56:12.057074 7fbc2cd30700       Options.rate_limit_delay_max_milliseconds: 100
2019/10/17-14:56:12.057075 7fbc2cd30700                Options.disable_auto_compactions: 0
2019/10/17-14:56:12.057078 7fbc2cd30700                        Options.compaction_style: kCompactionStyleLevel
2019/10/17-14:56:12.057079 7fbc2cd30700                          Options.compaction_pri: kByCompensatedSize
2019/10/17-14:56:12.057080 7fbc2cd30700 Options.compaction_options_universal.size_ratio: 1
2019/10/17-14:56:12.057081 7fbc2cd30700 Options.compaction_options_universal.min_merge_width: 2
2019/10/17-14:56:12.057081 7fbc2cd30700 Options.compaction_options_universal.max_merge_width: 4294967295
2019/10/17-14:56:12.057082 7fbc2cd30700 Options.compaction_options_universal.max_size_amplification_percent: 200
2019/10/17-14:56:12.057082 7fbc2cd30700 Options.compaction_options_universal.compression_size_percent: -1
2019/10/17-14:56:12.057083 7fbc2cd30700 Options.compaction_options_universal.stop_style: kCompactionStopStyleTotalSize
2019/10/17-14:56:12.057084 7fbc2cd30700 Options.compaction_options_fifo.max_table_files_size: 1073741824
2019/10/17-14:56:12.057084 7fbc2cd30700 Options.compaction_options_fifo.allow_compaction: 0
2019/10/17-14:56:12.057085 7fbc2cd30700 Options.compaction_options_fifo.ttl: 0
2019/10/17-14:56:12.057086 7fbc2cd30700                   Options.table_properties_collectors: 
2019/10/17-14:56:12.057086 7fbc2cd30700                   Options.inplace_update_support: 0
2019/10/17-14:56:12.057087 7fbc2cd30700                 Options.inplace_update_num_locks: 10000
2019/10/17-14:56:12.057088 7fbc2cd30700               Options.memtable_prefix_bloom_size_ratio: 0.000000
2019/10/17-14:56:12.057088 7fbc2cd30700   Options.memtable_huge_page_size: 0
2019/10/17-14:56:12.057089 7fbc2cd30700                           Options.bloom_locality: 0
2019/10/17-14:56:12.057090 7fbc2cd30700                    Options.max_successive_merges: 0
2019/10/17-14:56:12.057090 7fbc2cd30700                Options.optimize_filters_for_hits: 0
2019/10/17-14:56:12.057091 7fbc2cd30700                Options.paranoid_file_checks: 0
2019/10/17-14:56:12.057091 7fbc2cd30700                Options.force_consistency_checks: 0
2019/10/17-14:56:12.057092 7fbc2cd30700                Options.report_bg_io_stats: 0
2019/10/17-14:56:12.057093 7fbc2cd30700                               Options.ttl: 0
2019/10/17-14:56:12.057102 7fbc2cd30700 [db/column_family.cc:472] --------------- Options for column family [htlcs]:
2019/10/17-14:56:12.057103 7fbc2cd30700               Options.comparator: leveldb.BytewiseComparator
2019/10/17-14:56:12.057104 7fbc2cd30700           Options.merge_operator: None
2019/10/17-14:56:12.057105 7fbc2cd30700        Options.compaction_filter: None
2019/10/17-14:56:12.057105 7fbc2cd30700        Options.compaction_filter_factory: None
2019/10/17-14:56:12.057106 7fbc2cd30700         Options.memtable_factory: SkipListFactory
2019/10/17-14:56:12.057106 7fbc2cd30700            Options.table_factory: BlockBasedTable
2019/10/17-14:56:12.057114 7fbc2cd30700            table_factory options:   flush_block_policy_factory: FlushBlockBySizePolicyFactory (0x7fbbb8098500)
