2019/10/17-14:55:15.095801 7fc3a9fcb700 RocksDB version: 5.18.3
2019/10/17-14:55:15.095875 7fc3a9fcb700 Git sha rocksdb_build_git_sha:@0@
2019/10/17-14:55:15.095879 7fc3a9fcb700 Compile date Sep 19 2019
2019/10/17-14:55:15.095882 7fc3a9fcb700 DB SUMMARY
2019/10/17-14:55:15.097464 7fc3a9fcb700 CURRENT file:  CURRENT
2019/10/17-14:55:15.097468 7fc3a9fcb700 IDENTITY file:  IDENTITY
2019/10/17-14:55:15.097533 7fc3a9fcb700 MANIFEST file:  MANIFEST-116587 size: 4114 Bytes
2019/10/17-14:55:15.097537 7fc3a9fcb700 SST files in /home/rahul/dev/blockchain-core/eqc/ledger.db dir, Total Num: 29, files: 000624.sst 000627.sst 106940.sst 108447.sst 108450.sst 109471.sst 109483.sst 109485.sst 109486.sst 
2019/10/17-14:55:15.097540 7fc3a9fcb700 Write Ahead Log file in /home/rahul/dev/blockchain-core/eqc/ledger.db: 116588.log size: 0 ; 
2019/10/17-14:55:15.097615 7fc3a9fcb700                         Options.error_if_exists: 0
2019/10/17-14:55:15.097618 7fc3a9fcb700                       Options.create_if_missing: 1
2019/10/17-14:55:15.097620 7fc3a9fcb700                         Options.paranoid_checks: 1
2019/10/17-14:55:15.097622 7fc3a9fcb700                                     Options.env: 0x7fc32ae1fc60
2019/10/17-14:55:15.097624 7fc3a9fcb700                                Options.info_log: 0x7fc350093960
2019/10/17-14:55:15.097626 7fc3a9fcb700                Options.max_file_opening_threads: 16
2019/10/17-14:55:15.097627 7fc3a9fcb700                              Options.statistics: (nil)
2019/10/17-14:55:15.097629 7fc3a9fcb700                               Options.use_fsync: 0
2019/10/17-14:55:15.097631 7fc3a9fcb700                       Options.max_log_file_size: 0
2019/10/17-14:55:15.097633 7fc3a9fcb700                  Options.max_manifest_file_size: 1073741824
2019/10/17-14:55:15.097635 7fc3a9fcb700                   Options.log_file_time_to_roll: 0
2019/10/17-14:55:15.097636 7fc3a9fcb700                       Options.keep_log_file_num: 1000
2019/10/17-14:55:15.097638 7fc3a9fcb700                    Options.recycle_log_file_num: 0
2019/10/17-14:55:15.097640 7fc3a9fcb700                         Options.allow_fallocate: 1
2019/10/17-14:55:15.097642 7fc3a9fcb700                        Options.allow_mmap_reads: 0
2019/10/17-14:55:15.097643 7fc3a9fcb700                       Options.allow_mmap_writes: 0
2019/10/17-14:55:15.097645 7fc3a9fcb700                        Options.use_direct_reads: 0
2019/10/17-14:55:15.097646 7fc3a9fcb700                        Options.use_direct_io_for_flush_and_compaction: 0
2019/10/17-14:55:15.097648 7fc3a9fcb700          Options.create_missing_column_families: 0
2019/10/17-14:55:15.097650 7fc3a9fcb700                              Options.db_log_dir: 
2019/10/17-14:55:15.097651 7fc3a9fcb700                                 Options.wal_dir: /home/rahul/dev/blockchain-core/eqc/ledger.db
2019/10/17-14:55:15.097653 7fc3a9fcb700                Options.table_cache_numshardbits: 6
2019/10/17-14:55:15.097655 7fc3a9fcb700                      Options.max_subcompactions: 1
2019/10/17-14:55:15.097656 7fc3a9fcb700                  Options.max_background_flushes: -1
2019/10/17-14:55:15.097658 7fc3a9fcb700                         Options.WAL_ttl_seconds: 0
2019/10/17-14:55:15.097660 7fc3a9fcb700                       Options.WAL_size_limit_MB: 0
2019/10/17-14:55:15.097662 7fc3a9fcb700             Options.manifest_preallocation_size: 4194304
2019/10/17-14:55:15.097663 7fc3a9fcb700                     Options.is_fd_close_on_exec: 1
2019/10/17-14:55:15.097665 7fc3a9fcb700                   Options.advise_random_on_open: 1
2019/10/17-14:55:15.097667 7fc3a9fcb700                    Options.db_write_buffer_size: 0
2019/10/17-14:55:15.097668 7fc3a9fcb700                    Options.write_buffer_manager: 0x7fc3500a2760
2019/10/17-14:55:15.097670 7fc3a9fcb700         Options.access_hint_on_compaction_start: 1
2019/10/17-14:55:15.097672 7fc3a9fcb700  Options.new_table_reader_for_compaction_inputs: 0
2019/10/17-14:55:15.097673 7fc3a9fcb700           Options.random_access_max_buffer_size: 1048576
2019/10/17-14:55:15.097675 7fc3a9fcb700                      Options.use_adaptive_mutex: 0
2019/10/17-14:55:15.097677 7fc3a9fcb700                            Options.rate_limiter: (nil)
2019/10/17-14:55:15.097696 7fc3a9fcb700     Options.sst_file_manager.rate_bytes_per_sec: 0
2019/10/17-14:55:15.097698 7fc3a9fcb700                       Options.wal_recovery_mode: 2
2019/10/17-14:55:15.097700 7fc3a9fcb700                  Options.enable_thread_tracking: 0
2019/10/17-14:55:15.097702 7fc3a9fcb700                  Options.enable_pipelined_write: 0
2019/10/17-14:55:15.097703 7fc3a9fcb700         Options.allow_concurrent_memtable_write: 1
2019/10/17-14:55:15.097705 7fc3a9fcb700      Options.enable_write_thread_adaptive_yield: 1
2019/10/17-14:55:15.097707 7fc3a9fcb700             Options.write_thread_max_yield_usec: 100
2019/10/17-14:55:15.097708 7fc3a9fcb700            Options.write_thread_slow_yield_usec: 3
2019/10/17-14:55:15.097710 7fc3a9fcb700                               Options.row_cache: None
2019/10/17-14:55:15.097712 7fc3a9fcb700                              Options.wal_filter: None
2019/10/17-14:55:15.097714 7fc3a9fcb700             Options.avoid_flush_during_recovery: 0
2019/10/17-14:55:15.097715 7fc3a9fcb700             Options.allow_ingest_behind: 0
2019/10/17-14:55:15.097717 7fc3a9fcb700             Options.preserve_deletes: 0
2019/10/17-14:55:15.097719 7fc3a9fcb700             Options.two_write_queues: 0
2019/10/17-14:55:15.097720 7fc3a9fcb700             Options.manual_wal_flush: 0
2019/10/17-14:55:15.097722 7fc3a9fcb700             Options.max_background_jobs: 2
2019/10/17-14:55:15.097724 7fc3a9fcb700             Options.max_background_compactions: -1
2019/10/17-14:55:15.097725 7fc3a9fcb700             Options.avoid_flush_during_shutdown: 0
2019/10/17-14:55:15.097727 7fc3a9fcb700           Options.writable_file_max_buffer_size: 1048576
2019/10/17-14:55:15.097729 7fc3a9fcb700             Options.delayed_write_rate : 16777216
2019/10/17-14:55:15.097730 7fc3a9fcb700             Options.max_total_wal_size: 0
2019/10/17-14:55:15.097732 7fc3a9fcb700             Options.delete_obsolete_files_period_micros: 21600000000
2019/10/17-14:55:15.097734 7fc3a9fcb700                   Options.stats_dump_period_sec: 600
2019/10/17-14:55:15.097736 7fc3a9fcb700                          Options.max_open_files: -1
2019/10/17-14:55:15.097737 7fc3a9fcb700                          Options.bytes_per_sync: 0
2019/10/17-14:55:15.097739 7fc3a9fcb700                      Options.wal_bytes_per_sync: 0
2019/10/17-14:55:15.097741 7fc3a9fcb700       Options.compaction_readahead_size: 0
2019/10/17-14:55:15.097742 7fc3a9fcb700 Compression algorithms supported:
2019/10/17-14:55:15.097744 7fc3a9fcb700 	kZSTDNotFinalCompression supported: 0
2019/10/17-14:55:15.097746 7fc3a9fcb700 	kZSTD supported: 0
2019/10/17-14:55:15.097748 7fc3a9fcb700 	kXpressCompression supported: 0
2019/10/17-14:55:15.097750 7fc3a9fcb700 	kLZ4HCCompression supported: 0
2019/10/17-14:55:15.097752 7fc3a9fcb700 	kLZ4Compression supported: 0
2019/10/17-14:55:15.097754 7fc3a9fcb700 	kBZip2Compression supported: 0
2019/10/17-14:55:15.097756 7fc3a9fcb700 	kZlibCompression supported: 0
2019/10/17-14:55:15.097757 7fc3a9fcb700 	kSnappyCompression supported: 0
2019/10/17-14:55:15.097761 7fc3a9fcb700 Fast CRC32 supported: Supported on x86
2019/10/17-14:55:15.097960 7fc3a9fcb700 [db/version_set.cc:3507] Recovering from manifest file: MANIFEST-116587
2019/10/17-14:55:15.098030 7fc3a9fcb700 [db/column_family.cc:472] --------------- Options for column family [default]:
2019/10/17-14:55:15.098033 7fc3a9fcb700               Options.comparator: leveldb.BytewiseComparator
2019/10/17-14:55:15.098035 7fc3a9fcb700           Options.merge_operator: None
2019/10/17-14:55:15.098037 7fc3a9fcb700        Options.compaction_filter: None
2019/10/17-14:55:15.098039 7fc3a9fcb700        Options.compaction_filter_factory: None
2019/10/17-14:55:15.098040 7fc3a9fcb700         Options.memtable_factory: SkipListFactory
2019/10/17-14:55:15.098042 7fc3a9fcb700            Options.table_factory: BlockBasedTable
2019/10/17-14:55:15.098074 7fc3a9fcb700            table_factory options:   flush_block_policy_factory: FlushBlockBySizePolicyFactory (0x7fc350069df0)
  cache_index_and_filter_blocks: 0
  cache_index_and_filter_blocks_with_high_priority: 0
  pin_l0_filter_and_index_blocks_in_cache: 0
  pin_top_level_index_and_filter: 1
  index_type: 0
  hash_index_allow_collision: 1
  checksum: 1
  no_block_cache: 0
  block_cache: 0x7fc3500358c0
  block_cache_name: LRUCache
  block_cache_options:
    capacity : 8388608
    num_shard_bits : 4
    strict_capacity_limit : 0
    memory_allocator : None
    high_pri_pool_ratio: 0.000
  block_cache_compressed: (nil)
  persistent_cache: (nil)
  block_size: 4096
  block_size_deviation: 10
  block_restart_interval: 16
  index_block_restart_interval: 1
  metadata_block_size: 4096
  partition_filters: 0
  use_delta_encoding: 1
  filter_policy: nullptr
  whole_key_filtering: 1
  verify_compression: 0
  read_amp_bytes_per_bit: 0
  format_version: 2
  enable_index_compression: 1
  block_align: 0
2019/10/17-14:55:15.098093 7fc3a9fcb700        Options.write_buffer_size: 67108864
2019/10/17-14:55:15.098095 7fc3a9fcb700  Options.max_write_buffer_number: 2
2019/10/17-14:55:15.098097 7fc3a9fcb700          Options.compression: NoCompression
2019/10/17-14:55:15.098099 7fc3a9fcb700                  Options.bottommost_compression: Disabled
2019/10/17-14:55:15.098101 7fc3a9fcb700       Options.prefix_extractor: nullptr
2019/10/17-14:55:15.098103 7fc3a9fcb700   Options.memtable_insert_with_hint_prefix_extractor: nullptr
2019/10/17-14:55:15.098105 7fc3a9fcb700             Options.num_levels: 7
2019/10/17-14:55:15.098106 7fc3a9fcb700        Options.min_write_buffer_number_to_merge: 1
2019/10/17-14:55:15.098108 7fc3a9fcb700     Options.max_write_buffer_number_to_maintain: 0
2019/10/17-14:55:15.098110 7fc3a9fcb700            Options.bottommost_compression_opts.window_bits: -14
2019/10/17-14:55:15.098111 7fc3a9fcb700                  Options.bottommost_compression_opts.level: 32767
2019/10/17-14:55:15.098113 7fc3a9fcb700               Options.bottommost_compression_opts.strategy: 0
2019/10/17-14:55:15.098115 7fc3a9fcb700         Options.bottommost_compression_opts.max_dict_bytes: 0
2019/10/17-14:55:15.098117 7fc3a9fcb700         Options.bottommost_compression_opts.zstd_max_train_bytes: 0
2019/10/17-14:55:15.098118 7fc3a9fcb700                  Options.bottommost_compression_opts.enabled: false
2019/10/17-14:55:15.098120 7fc3a9fcb700            Options.compression_opts.window_bits: -14
2019/10/17-14:55:15.098122 7fc3a9fcb700                  Options.compression_opts.level: 32767
2019/10/17-14:55:15.098124 7fc3a9fcb700               Options.compression_opts.strategy: 0
2019/10/17-14:55:15.098125 7fc3a9fcb700         Options.compression_opts.max_dict_bytes: 0
2019/10/17-14:55:15.098127 7fc3a9fcb700         Options.compression_opts.zstd_max_train_bytes: 0
2019/10/17-14:55:15.098128 7fc3a9fcb700                  Options.compression_opts.enabled: false
2019/10/17-14:55:15.098130 7fc3a9fcb700      Options.level0_file_num_compaction_trigger: 4
2019/10/17-14:55:15.098132 7fc3a9fcb700          Options.level0_slowdown_writes_trigger: 20
2019/10/17-14:55:15.098133 7fc3a9fcb700              Options.level0_stop_writes_trigger: 36
2019/10/17-14:55:15.098135 7fc3a9fcb700                   Options.target_file_size_base: 67108864
2019/10/17-14:55:15.098137 7fc3a9fcb700             Options.target_file_size_multiplier: 1
2019/10/17-14:55:15.098138 7fc3a9fcb700                Options.max_bytes_for_level_base: 268435456
2019/10/17-14:55:15.098140 7fc3a9fcb700 Options.level_compaction_dynamic_level_bytes: 0
2019/10/17-14:55:15.098142 7fc3a9fcb700          Options.max_bytes_for_level_multiplier: 10.000000
2019/10/17-14:55:15.098146 7fc3a9fcb700 Options.max_bytes_for_level_multiplier_addtl[0]: 1
2019/10/17-14:55:15.098148 7fc3a9fcb700 Options.max_bytes_for_level_multiplier_addtl[1]: 1
2019/10/17-14:55:15.098150 7fc3a9fcb700 Options.max_bytes_for_level_multiplier_addtl[2]: 1
2019/10/17-14:55:15.098151 7fc3a9fcb700 Options.max_bytes_for_level_multiplier_addtl[3]: 1
2019/10/17-14:55:15.098153 7fc3a9fcb700 Options.max_bytes_for_level_multiplier_addtl[4]: 1
2019/10/17-14:55:15.098163 7fc3a9fcb700 Options.max_bytes_for_level_multiplier_addtl[5]: 1
2019/10/17-14:55:15.098165 7fc3a9fcb700 Options.max_bytes_for_level_multiplier_addtl[6]: 1
2019/10/17-14:55:15.098167 7fc3a9fcb700       Options.max_sequential_skip_in_iterations: 8
2019/10/17-14:55:15.098168 7fc3a9fcb700                    Options.max_compaction_bytes: 1677721600
2019/10/17-14:55:15.098170 7fc3a9fcb700                        Options.arena_block_size: 8388608
2019/10/17-14:55:15.098172 7fc3a9fcb700   Options.soft_pending_compaction_bytes_limit: 68719476736
2019/10/17-14:55:15.098174 7fc3a9fcb700   Options.hard_pending_compaction_bytes_limit: 274877906944
2019/10/17-14:55:15.098176 7fc3a9fcb700       Options.rate_limit_delay_max_milliseconds: 100
2019/10/17-14:55:15.098177 7fc3a9fcb700                Options.disable_auto_compactions: 0
2019/10/17-14:55:15.098180 7fc3a9fcb700                        Options.compaction_style: kCompactionStyleLevel
2019/10/17-14:55:15.098183 7fc3a9fcb700                          Options.compaction_pri: kByCompensatedSize
2019/10/17-14:55:15.098184 7fc3a9fcb700 Options.compaction_options_universal.size_ratio: 1
2019/10/17-14:55:15.098186 7fc3a9fcb700 Options.compaction_options_universal.min_merge_width: 2
2019/10/17-14:55:15.098188 7fc3a9fcb700 Options.compaction_options_universal.max_merge_width: 4294967295
2019/10/17-14:55:15.098190 7fc3a9fcb700 Options.compaction_options_universal.max_size_amplification_percent: 200
2019/10/17-14:55:15.098191 7fc3a9fcb700 Options.compaction_options_universal.compression_size_percent: -1
2019/10/17-14:55:15.098194 7fc3a9fcb700 Options.compaction_options_universal.stop_style: kCompactionStopStyleTotalSize
2019/10/17-14:55:15.098195 7fc3a9fcb700 Options.compaction_options_fifo.max_table_files_size: 1073741824
2019/10/17-14:55:15.098197 7fc3a9fcb700 Options.compaction_options_fifo.allow_compaction: 0
2019/10/17-14:55:15.098199 7fc3a9fcb700 Options.compaction_options_fifo.ttl: 0
2019/10/17-14:55:15.098200 7fc3a9fcb700                   Options.table_properties_collectors: 
2019/10/17-14:55:15.098202 7fc3a9fcb700                   Options.inplace_update_support: 0
2019/10/17-14:55:15.098204 7fc3a9fcb700                 Options.inplace_update_num_locks: 10000
2019/10/17-14:55:15.098206 7fc3a9fcb700               Options.memtable_prefix_bloom_size_ratio: 0.000000
2019/10/17-14:55:15.098208 7fc3a9fcb700   Options.memtable_huge_page_size: 0
2019/10/17-14:55:15.098210 7fc3a9fcb700                           Options.bloom_locality: 0
2019/10/17-14:55:15.098211 7fc3a9fcb700                    Options.max_successive_merges: 0
2019/10/17-14:55:15.098213 7fc3a9fcb700                Options.optimize_filters_for_hits: 0
2019/10/17-14:55:15.098215 7fc3a9fcb700                Options.paranoid_file_checks: 0
2019/10/17-14:55:15.098216 7fc3a9fcb700                Options.force_consistency_checks: 0
2019/10/17-14:55:15.098218 7fc3a9fcb700                Options.report_bg_io_stats: 0
2019/10/17-14:55:15.098220 7fc3a9fcb700                               Options.ttl: 0
2019/10/17-14:55:15.098303 7fc3a9fcb700 [db/column_family.cc:472] --------------- Options for column family [active_gateways]:
2019/10/17-14:55:15.098307 7fc3a9fcb700               Options.comparator: leveldb.BytewiseComparator
2019/10/17-14:55:15.098308 7fc3a9fcb700           Options.merge_operator: None
2019/10/17-14:55:15.098310 7fc3a9fcb700        Options.compaction_filter: None
2019/10/17-14:55:15.098312 7fc3a9fcb700        Options.compaction_filter_factory: None
2019/10/17-14:55:15.098314 7fc3a9fcb700         Options.memtable_factory: SkipListFactory
2019/10/17-14:55:15.098315 7fc3a9fcb700            Options.table_factory: BlockBasedTable
2019/10/17-14:55:15.098339 7fc3a9fcb700            table_factory options:   flush_block_policy_factory: FlushBlockBySizePolicyFactory (0x7fc3500a06b0)
  cache_index_and_filter_blocks: 0
  cache_index_and_filter_blocks_with_high_priority: 0
  pin_l0_filter_and_index_blocks_in_cache: 0
  pin_top_level_index_and_filter: 1
  index_type: 0
  hash_index_allow_collision: 1
  checksum: 1
  no_block_cache: 0
  block_cache: 0x7fc3500448f0
  block_cache_name: LRUCache
  block_cache_options:
    capacity : 8388608
    num_shard_bits : 4
    strict_capacity_limit : 0
    memory_allocator : None
    high_pri_pool_ratio: 0.000
  block_cache_compressed: (nil)
  persistent_cache: (nil)
  block_size: 4096
  block_size_deviation: 10
  block_restart_interval: 16
  index_block_restart_interval: 1
  metadata_block_size: 4096
  partition_filters: 0
  use_delta_encoding: 1
  filter_policy: nullptr
  whole_key_filtering: 1
  verify_compression: 0
  read_amp_bytes_per_bit: 0
  format_version: 2
  enable_index_compression: 1
  block_align: 0
2019/10/17-14:55:15.098354 7fc3a9fcb700        Options.write_buffer_size: 67108864
2019/10/17-14:55:15.098357 7fc3a9fcb700  Options.max_write_buffer_number: 2
2019/10/17-14:55:15.098358 7fc3a9fcb700          Options.compression: NoCompression
2019/10/17-14:55:15.098360 7fc3a9fcb700                  Options.bottommost_compression: Disabled
2019/10/17-14:55:15.098362 7fc3a9fcb700       Options.prefix_extractor: nullptr
2019/10/17-14:55:15.098364 7fc3a9fcb700   Options.memtable_insert_with_hint_prefix_extractor: nullptr
2019/10/17-14:55:15.098365 7fc3a9fcb700             Options.num_levels: 7
2019/10/17-14:55:15.098367 7fc3a9fcb700        Options.min_write_buffer_number_to_merge: 1
2019/10/17-14:55:15.098368 7fc3a9fcb700     Options.max_write_buffer_number_to_maintain: 0
2019/10/17-14:55:15.098370 7fc3a9fcb700            Options.bottommost_compression_opts.window_bits: -14
2019/10/17-14:55:15.098372 7fc3a9fcb700                  Options.bottommost_compression_opts.level: 32767
2019/10/17-14:55:15.098373 7fc3a9fcb700               Options.bottommost_compression_opts.strategy: 0
2019/10/17-14:55:15.098375 7fc3a9fcb700         Options.bottommost_compression_opts.max_dict_bytes: 0
2019/10/17-14:55:15.098377 7fc3a9fcb700         Options.bottommost_compression_opts.zstd_max_train_bytes: 0
2019/10/17-14:55:15.098378 7fc3a9fcb700                  Options.bottommost_compression_opts.enabled: false
2019/10/17-14:55:15.098380 7fc3a9fcb700            Options.compression_opts.window_bits: -14
2019/10/17-14:55:15.098382 7fc3a9fcb700                  Options.compression_opts.level: 32767
2019/10/17-14:55:15.098383 7fc3a9fcb700               Options.compression_opts.strategy: 0
2019/10/17-14:55:15.098385 7fc3a9fcb700         Options.compression_opts.max_dict_bytes: 0
2019/10/17-14:55:15.098387 7fc3a9fcb700         Options.compression_opts.zstd_max_train_bytes: 0
2019/10/17-14:55:15.098388 7fc3a9fcb700                  Options.compression_opts.enabled: false
2019/10/17-14:55:15.098390 7fc3a9fcb700      Options.level0_file_num_compaction_trigger: 4
2019/10/17-14:55:15.098392 7fc3a9fcb700          Options.level0_slowdown_writes_trigger: 20
2019/10/17-14:55:15.098393 7fc3a9fcb700              Options.level0_stop_writes_trigger: 36
2019/10/17-14:55:15.098395 7fc3a9fcb700                   Options.target_file_size_base: 67108864
2019/10/17-14:55:15.098396 7fc3a9fcb700             Options.target_file_size_multiplier: 1
2019/10/17-14:55:15.098398 7fc3a9fcb700                Options.max_bytes_for_level_base: 268435456
2019/10/17-14:55:15.098400 7fc3a9fcb700 Options.level_compaction_dynamic_level_bytes: 0
2019/10/17-14:55:15.098401 7fc3a9fcb700          Options.max_bytes_for_level_multiplier: 10.000000
2019/10/17-14:55:15.098405 7fc3a9fcb700 Options.max_bytes_for_level_multiplier_addtl[0]: 1
2019/10/17-14:55:15.098407 7fc3a9fcb700 Options.max_bytes_for_level_multiplier_addtl[1]: 1
2019/10/17-14:55:15.098408 7fc3a9fcb700 Options.max_bytes_for_level_multiplier_addtl[2]: 1
2019/10/17-14:55:15.098410 7fc3a9fcb700 Options.max_bytes_for_level_multiplier_addtl[3]: 1
2019/10/17-14:55:15.098412 7fc3a9fcb700 Options.max_bytes_for_level_multiplier_addtl[4]: 1
2019/10/17-14:55:15.098413 7fc3a9fcb700 Options.max_bytes_for_level_multiplier_addtl[5]: 1
2019/10/17-14:55:15.098415 7fc3a9fcb700 Options.max_bytes_for_level_multiplier_addtl[6]: 1
2019/10/17-14:55:15.098416 7fc3a9fcb700       Options.max_sequential_skip_in_iterations: 8
2019/10/17-14:55:15.098426 7fc3a9fcb700                    Options.max_compaction_bytes: 1677721600
2019/10/17-14:55:15.098428 7fc3a9fcb700                        Options.arena_block_size: 8388608
2019/10/17-14:55:15.098430 7fc3a9fcb700   Options.soft_pending_compaction_bytes_limit: 68719476736
2019/10/17-14:55:15.098432 7fc3a9fcb700   Options.hard_pending_compaction_bytes_limit: 274877906944
2019/10/17-14:55:15.098433 7fc3a9fcb700       Options.rate_limit_delay_max_milliseconds: 100
2019/10/17-14:55:15.098435 7fc3a9fcb700                Options.disable_auto_compactions: 0
2019/10/17-14:55:15.098437 7fc3a9fcb700                        Options.compaction_style: kCompactionStyleLevel
2019/10/17-14:55:15.098439 7fc3a9fcb700                          Options.compaction_pri: kByCompensatedSize
2019/10/17-14:55:15.098441 7fc3a9fcb700 Options.compaction_options_universal.size_ratio: 1
2019/10/17-14:55:15.098442 7fc3a9fcb700 Options.compaction_options_universal.min_merge_width: 2
2019/10/17-14:55:15.098444 7fc3a9fcb700 Options.compaction_options_universal.max_merge_width: 4294967295
2019/10/17-14:55:15.098446 7fc3a9fcb700 Options.compaction_options_universal.max_size_amplification_percent: 200
2019/10/17-14:55:15.098447 7fc3a9fcb700 Options.compaction_options_universal.compression_size_percent: -1
2019/10/17-14:55:15.098449 7fc3a9fcb700 Options.compaction_options_universal.stop_style: kCompactionStopStyleTotalSize
2019/10/17-14:55:15.098451 7fc3a9fcb700 Options.compaction_options_fifo.max_table_files_size: 1073741824
2019/10/17-14:55:15.098453 7fc3a9fcb700 Options.compaction_options_fifo.allow_compaction: 0
2019/10/17-14:55:15.098454 7fc3a9fcb700 Options.compaction_options_fifo.ttl: 0
2019/10/17-14:55:15.098456 7fc3a9fcb700                   Options.table_properties_collectors: 
2019/10/17-14:55:15.098458 7fc3a9fcb700                   Options.inplace_update_support: 0
2019/10/17-14:55:15.098459 7fc3a9fcb700                 Options.inplace_update_num_locks: 10000
2019/10/17-14:55:15.098461 7fc3a9fcb700               Options.memtable_prefix_bloom_size_ratio: 0.000000
2019/10/17-14:55:15.098463 7fc3a9fcb700   Options.memtable_huge_page_size: 0
2019/10/17-14:55:15.098465 7fc3a9fcb700                           Options.bloom_locality: 0
2019/10/17-14:55:15.098467 7fc3a9fcb700                    Options.max_successive_merges: 0
2019/10/17-14:55:15.098469 7fc3a9fcb700                Options.optimize_filters_for_hits: 0
2019/10/17-14:55:15.098470 7fc3a9fcb700                Options.paranoid_file_checks: 0
2019/10/17-14:55:15.098472 7fc3a9fcb700                Options.force_consistency_checks: 0
2019/10/17-14:55:15.098473 7fc3a9fcb700                Options.report_bg_io_stats: 0
2019/10/17-14:55:15.098475 7fc3a9fcb700                               Options.ttl: 0
2019/10/17-14:55:15.098511 7fc3a9fcb700 [db/column_family.cc:472] --------------- Options for column family [entries]:
2019/10/17-14:55:15.098514 7fc3a9fcb700               Options.comparator: leveldb.BytewiseComparator
2019/10/17-14:55:15.098516 7fc3a9fcb700           Options.merge_operator: None
2019/10/17-14:55:15.098518 7fc3a9fcb700        Options.compaction_filter: None
2019/10/17-14:55:15.098519 7fc3a9fcb700        Options.compaction_filter_factory: None
2019/10/17-14:55:15.098521 7fc3a9fcb700         Options.memtable_factory: SkipListFactory
2019/10/17-14:55:15.098523 7fc3a9fcb700            Options.table_factory: BlockBasedTable
2019/10/17-14:55:15.098544 7fc3a9fcb700            table_factory options:   flush_block_policy_factory: FlushBlockBySizePolicyFactory (0x7fc35003f790)
  cache_index_and_filter_blocks: 0
  cache_index_and_filter_blocks_with_high_priority: 0
  pin_l0_filter_and_index_blocks_in_cache: 0
  pin_top_level_index_and_filter: 1
  index_type: 0
  hash_index_allow_collision: 1
  checksum: 1
  no_block_cache: 0
  block_cache: 0x7fc350089560
  block_cache_name: LRUCache
  block_cache_options:
    capacity : 8388608
    num_shard_bits : 4
    strict_capacity_limit : 0
    memory_allocator : None
    high_pri_pool_ratio: 0.000
  block_cache_compressed: (nil)
  persistent_cache: (nil)
  block_size: 4096
  block_size_deviation: 10
  block_restart_interval: 16
  index_block_restart_interval: 1
  metadata_block_size: 4096
  partition_filters: 0
  use_delta_encoding: 1
  filter_policy: nullptr
  whole_key_filtering: 1
  verify_compression: 0
  read_amp_bytes_per_bit: 0
  format_version: 2
  enable_index_compression: 1
  block_align: 0
2019/10/17-14:55:15.098558 7fc3a9fcb700        Options.write_buffer_size: 67108864
2019/10/17-14:55:15.098560 7fc3a9fcb700  Options.max_write_buffer_number: 2
2019/10/17-14:55:15.098562 7fc3a9fcb700          Options.compression: NoCompression
2019/10/17-14:55:15.098564 7fc3a9fcb700                  Options.bottommost_compression: Disabled
2019/10/17-14:55:15.098565 7fc3a9fcb700       Options.prefix_extractor: nullptr
2019/10/17-14:55:15.098567 7fc3a9fcb700   Options.memtable_insert_with_hint_prefix_extractor: nullptr
2019/10/17-14:55:15.098569 7fc3a9fcb700             Options.num_levels: 7
2019/10/17-14:55:15.098570 7fc3a9fcb700        Options.min_write_buffer_number_to_merge: 1
2019/10/17-14:55:15.098572 7fc3a9fcb700     Options.max_write_buffer_number_to_maintain: 0
2019/10/17-14:55:15.098574 7fc3a9fcb700            Options.bottommost_compression_opts.window_bits: -14
2019/10/17-14:55:15.098575 7fc3a9fcb700                  Options.bottommost_compression_opts.level: 32767
2019/10/17-14:55:15.098577 7fc3a9fcb700               Options.bottommost_compression_opts.strategy: 0
2019/10/17-14:55:15.098579 7fc3a9fcb700         Options.bottommost_compression_opts.max_dict_bytes: 0
2019/10/17-14:55:15.098580 7fc3a9fcb700         Options.bottommost_compression_opts.zstd_max_train_bytes: 0
2019/10/17-14:55:15.098582 7fc3a9fcb700                  Options.bottommost_compression_opts.enabled: false
2019/10/17-14:55:15.098583 7fc3a9fcb700            Options.compression_opts.window_bits: -14
2019/10/17-14:55:15.098585 7fc3a9fcb700                  Options.compression_opts.level: 32767
2019/10/17-14:55:15.098587 7fc3a9fcb700               Options.compression_opts.strategy: 0
2019/10/17-14:55:15.098588 7fc3a9fcb700         Options.compression_opts.max_dict_bytes: 0
2019/10/17-14:55:15.098590 7fc3a9fcb700         Options.compression_opts.zstd_max_train_bytes: 0
2019/10/17-14:55:15.098592 7fc3a9fcb700                  Options.compression_opts.enabled: false
2019/10/17-14:55:15.098593 7fc3a9fcb700      Options.level0_file_num_compaction_trigger: 4
2019/10/17-14:55:15.098595 7fc3a9fcb700          Options.level0_slowdown_writes_trigger: 20
2019/10/17-14:55:15.098597 7fc3a9fcb700              Options.level0_stop_writes_trigger: 36
2019/10/17-14:55:15.098598 7fc3a9fcb700                   Options.target_file_size_base: 67108864
2019/10/17-14:55:15.098600 7fc3a9fcb700             Options.target_file_size_multiplier: 1
2019/10/17-14:55:15.098602 7fc3a9fcb700                Options.max_bytes_for_level_base: 268435456
2019/10/17-14:55:15.098603 7fc3a9fcb700 Options.level_compaction_dynamic_level_bytes: 0
2019/10/17-14:55:15.098605 7fc3a9fcb700          Options.max_bytes_for_level_multiplier: 10.000000
2019/10/17-14:55:15.098608 7fc3a9fcb700 Options.max_bytes_for_level_multiplier_addtl[0]: 1
2019/10/17-14:55:15.098610 7fc3a9fcb700 Options.max_bytes_for_level_multiplier_addtl[1]: 1
2019/10/17-14:55:15.098612 7fc3a9fcb700 Options.max_bytes_for_level_multiplier_addtl[2]: 1
2019/10/17-14:55:15.098614 7fc3a9fcb700 Options.max_bytes_for_level_multiplier_addtl[3]: 1
2019/10/17-14:55:15.098615 7fc3a9fcb700 Options.max_bytes_for_level_multiplier_addtl[4]: 1
2019/10/17-14:55:15.098617 7fc3a9fcb700 Options.max_bytes_for_level_multiplier_addtl[5]: 1
2019/10/17-14:55:15.098619 7fc3a9fcb700 Options.max_bytes_for_level_multiplier_addtl[6]: 1
2019/10/17-14:55:15.098620 7fc3a9fcb700       Options.max_sequential_skip_in_iterations: 8
2019/10/17-14:55:15.098622 7fc3a9fcb700                    Options.max_compaction_bytes: 1677721600
2019/10/17-14:55:15.098624 7fc3a9fcb700                        Options.arena_block_size: 8388608
2019/10/17-14:55:15.098625 7fc3a9fcb700   Options.soft_pending_compaction_bytes_limit: 68719476736
2019/10/17-14:55:15.098636 7fc3a9fcb700   Options.hard_pending_compaction_bytes_limit: 274877906944
2019/10/17-14:55:15.098638 7fc3a9fcb700       Options.rate_limit_delay_max_milliseconds: 100
2019/10/17-14:55:15.098640 7fc3a9fcb700                Options.disable_auto_compactions: 0
2019/10/17-14:55:15.098642 7fc3a9fcb700                        Options.compaction_style: kCompactionStyleLevel
2019/10/17-14:55:15.098644 7fc3a9fcb700                          Options.compaction_pri: kByCompensatedSize
2019/10/17-14:55:15.098646 7fc3a9fcb700 Options.compaction_options_universal.size_ratio: 1
2019/10/17-14:55:15.098648 7fc3a9fcb700 Options.compaction_options_universal.min_merge_width: 2
2019/10/17-14:55:15.098649 7fc3a9fcb700 Options.compaction_options_universal.max_merge_width: 4294967295
2019/10/17-14:55:15.098651 7fc3a9fcb700 Options.compaction_options_universal.max_size_amplification_percent: 200
2019/10/17-14:55:15.098653 7fc3a9fcb700 Options.compaction_options_universal.compression_size_percent: -1
2019/10/17-14:55:15.098655 7fc3a9fcb700 Options.compaction_options_universal.stop_style: kCompactionStopStyleTotalSize
2019/10/17-14:55:15.098656 7fc3a9fcb700 Options.compaction_options_fifo.max_table_files_size: 1073741824
2019/10/17-14:55:15.098658 7fc3a9fcb700 Options.compaction_options_fifo.allow_compaction: 0
2019/10/17-14:55:15.098660 7fc3a9fcb700 Options.compaction_options_fifo.ttl: 0
2019/10/17-14:55:15.098661 7fc3a9fcb700                   Options.table_properties_collectors: 
2019/10/17-14:55:15.098663 7fc3a9fcb700                   Options.inplace_update_support: 0
2019/10/17-14:55:15.098665 7fc3a9fcb700                 Options.inplace_update_num_locks: 10000
2019/10/17-14:55:15.098666 7fc3a9fcb700               Options.memtable_prefix_bloom_size_ratio: 0.000000
2019/10/17-14:55:15.098669 7fc3a9fcb700   Options.memtable_huge_page_size: 0
2019/10/17-14:55:15.098671 7fc3a9fcb700                           Options.bloom_locality: 0
2019/10/17-14:55:15.098672 7fc3a9fcb700                    Options.max_successive_merges: 0
2019/10/17-14:55:15.098674 7fc3a9fcb700                Options.optimize_filters_for_hits: 0
2019/10/17-14:55:15.098676 7fc3a9fcb700                Options.paranoid_file_checks: 0
2019/10/17-14:55:15.098677 7fc3a9fcb700                Options.force_consistency_checks: 0
2019/10/17-14:55:15.098679 7fc3a9fcb700                Options.report_bg_io_stats: 0
2019/10/17-14:55:15.098680 7fc3a9fcb700                               Options.ttl: 0
2019/10/17-14:55:15.098712 7fc3a9fcb700 [db/column_family.cc:472] --------------- Options for column family [dc_entries]:
2019/10/17-14:55:15.098715 7fc3a9fcb700               Options.comparator: leveldb.BytewiseComparator
2019/10/17-14:55:15.098716 7fc3a9fcb700           Options.merge_operator: None
2019/10/17-14:55:15.098718 7fc3a9fcb700        Options.compaction_filter: None
2019/10/17-14:55:15.098720 7fc3a9fcb700        Options.compaction_filter_factory: None
2019/10/17-14:55:15.098721 7fc3a9fcb700         Options.memtable_factory: SkipListFactory
2019/10/17-14:55:15.098723 7fc3a9fcb700            Options.table_factory: BlockBasedTable
2019/10/17-14:55:15.098744 7fc3a9fcb700            table_factory options:   flush_block_policy_factory: FlushBlockBySizePolicyFactory (0x7fc35002cbf0)
  cache_index_and_filter_blocks: 0
  cache_index_and_filter_blocks_with_high_priority: 0
  pin_l0_filter_and_index_blocks_in_cache: 0
  pin_top_level_index_and_filter: 1
  index_type: 0
  hash_index_allow_collision: 1
  checksum: 1
  no_block_cache: 0
  block_cache: 0x7fc35008f210
  block_cache_name: LRUCache
  block_cache_options:
    capacity : 8388608
    num_shard_bits : 4
    strict_capacity_limit : 0
    memory_allocator : None
    high_pri_pool_ratio: 0.000
  block_cache_compressed: (nil)
  persistent_cache: (nil)
  block_size: 4096
  block_size_deviation: 10
  block_restart_interval: 16
  index_block_restart_interval: 1
  metadata_block_size: 4096
  partition_filters: 0
  use_delta_encoding: 1
  filter_policy: nullptr
  whole_key_filtering: 1
  verify_compression: 0
  read_amp_bytes_per_bit: 0
  format_version: 2
  enable_index_compression: 1
  block_align: 0
2019/10/17-14:55:15.098758 7fc3a9fcb700        Options.write_buffer_size: 67108864
2019/10/17-14:55:15.098760 7fc3a9fcb700  Options.max_write_buffer_number: 2
2019/10/17-14:55:15.098762 7fc3a9fcb700          Options.compression: NoCompression
2019/10/17-14:55:15.098764 7fc3a9fcb700                  Options.bottommost_compression: Disabled
2019/10/17-14:55:15.098765 7fc3a9fcb700       Options.prefix_extractor: nullptr
2019/10/17-14:55:15.098767 7fc3a9fcb700   Options.memtable_insert_with_hint_prefix_extractor: nullptr
2019/10/17-14:55:15.098769 7fc3a9fcb700             Options.num_levels: 7
2019/10/17-14:55:15.098770 7fc3a9fcb700        Options.min_write_buffer_number_to_merge: 1
2019/10/17-14:55:15.098772 7fc3a9fcb700     Options.max_write_buffer_number_to_maintain: 0
2019/10/17-14:55:15.098774 7fc3a9fcb700            Options.bottommost_compression_opts.window_bits: -14
2019/10/17-14:55:15.098775 7fc3a9fcb700                  Options.bottommost_compression_opts.level: 32767
2019/10/17-14:55:15.098777 7fc3a9fcb700               Options.bottommost_compression_opts.strategy: 0
2019/10/17-14:55:15.098779 7fc3a9fcb700         Options.bottommost_compression_opts.max_dict_bytes: 0
2019/10/17-14:55:15.098780 7fc3a9fcb700         Options.bottommost_compression_opts.zstd_max_train_bytes: 0
2019/10/17-14:55:15.098782 7fc3a9fcb700                  Options.bottommost_compression_opts.enabled: false
2019/10/17-14:55:15.098784 7fc3a9fcb700            Options.compression_opts.window_bits: -14
2019/10/17-14:55:15.098785 7fc3a9fcb700                  Options.compression_opts.level: 32767
2019/10/17-14:55:15.098787 7fc3a9fcb700               Options.compression_opts.strategy: 0
2019/10/17-14:55:15.098788 7fc3a9fcb700         Options.compression_opts.max_dict_bytes: 0
2019/10/17-14:55:15.098790 7fc3a9fcb700         Options.compression_opts.zstd_max_train_bytes: 0
2019/10/17-14:55:15.098792 7fc3a9fcb700                  Options.compression_opts.enabled: false
2019/10/17-14:55:15.098793 7fc3a9fcb700      Options.level0_file_num_compaction_trigger: 4
2019/10/17-14:55:15.098795 7fc3a9fcb700          Options.level0_slowdown_writes_trigger: 20
2019/10/17-14:55:15.098797 7fc3a9fcb700              Options.level0_stop_writes_trigger: 36
2019/10/17-14:55:15.098798 7fc3a9fcb700                   Options.target_file_size_base: 67108864
2019/10/17-14:55:15.098800 7fc3a9fcb700             Options.target_file_size_multiplier: 1
2019/10/17-14:55:15.098802 7fc3a9fcb700                Options.max_bytes_for_level_base: 268435456
2019/10/17-14:55:15.098803 7fc3a9fcb700 Options.level_compaction_dynamic_level_bytes: 0
2019/10/17-14:55:15.098805 7fc3a9fcb700          Options.max_bytes_for_level_multiplier: 10.000000
2019/10/17-14:55:15.098808 7fc3a9fcb700 Options.max_bytes_for_level_multiplier_addtl[0]: 1
2019/10/17-14:55:15.098810 7fc3a9fcb700 Options.max_bytes_for_level_multiplier_addtl[1]: 1
2019/10/17-14:55:15.098811 7fc3a9fcb700 Options.max_bytes_for_level_multiplier_addtl[2]: 1
2019/10/17-14:55:15.098813 7fc3a9fcb700 Options.max_bytes_for_level_multiplier_addtl[3]: 1
2019/10/17-14:55:15.098815 7fc3a9fcb700 Options.max_bytes_for_level_multiplier_addtl[4]: 1
2019/10/17-14:55:15.098816 7fc3a9fcb700 Options.max_bytes_for_level_multiplier_addtl[5]: 1
2019/10/17-14:55:15.098818 7fc3a9fcb700 Options.max_bytes_for_level_multiplier_addtl[6]: 1
2019/10/17-14:55:15.098820 7fc3a9fcb700       Options.max_sequential_skip_in_iterations: 8
2019/10/17-14:55:15.098821 7fc3a9fcb700                    Options.max_compaction_bytes: 1677721600
2019/10/17-14:55:15.098823 7fc3a9fcb700                        Options.arena_block_size: 8388608
2019/10/17-14:55:15.098825 7fc3a9fcb700   Options.soft_pending_compaction_bytes_limit: 68719476736
2019/10/17-14:55:15.098827 7fc3a9fcb700   Options.hard_pending_compaction_bytes_limit: 274877906944
2019/10/17-14:55:15.098828 7fc3a9fcb700       Options.rate_limit_delay_max_milliseconds: 100
2019/10/17-14:55:15.098830 7fc3a9fcb700                Options.disable_auto_compactions: 0
2019/10/17-14:55:15.098840 7fc3a9fcb700                        Options.compaction_style: kCompactionStyleLevel
2019/10/17-14:55:15.098842 7fc3a9fcb700                          Options.compaction_pri: kByCompensatedSize
2019/10/17-14:55:15.098844 7fc3a9fcb700 Options.compaction_options_universal.size_ratio: 1
2019/10/17-14:55:15.098846 7fc3a9fcb700 Options.compaction_options_universal.min_merge_width: 2
2019/10/17-14:55:15.098848 7fc3a9fcb700 Options.compaction_options_universal.max_merge_width: 4294967295
2019/10/17-14:55:15.098849 7fc3a9fcb700 Options.compaction_options_universal.max_size_amplification_percent: 200
2019/10/17-14:55:15.098851 7fc3a9fcb700 Options.compaction_options_universal.compression_size_percent: -1
2019/10/17-14:55:15.098853 7fc3a9fcb700 Options.compaction_options_universal.stop_style: kCompactionStopStyleTotalSize
2019/10/17-14:55:15.098854 7fc3a9fcb700 Options.compaction_options_fifo.max_table_files_size: 1073741824
2019/10/17-14:55:15.098856 7fc3a9fcb700 Options.compaction_options_fifo.allow_compaction: 0
2019/10/17-14:55:15.098858 7fc3a9fcb700 Options.compaction_options_fifo.ttl: 0
2019/10/17-14:55:15.098860 7fc3a9fcb700                   Options.table_properties_collectors: 
2019/10/17-14:55:15.098861 7fc3a9fcb700                   Options.inplace_update_support: 0
2019/10/17-14:55:15.098863 7fc3a9fcb700                 Options.inplace_update_num_locks: 10000
2019/10/17-14:55:15.098865 7fc3a9fcb700               Options.memtable_prefix_bloom_size_ratio: 0.000000
2019/10/17-14:55:15.098867 7fc3a9fcb700   Options.memtable_huge_page_size: 0
2019/10/17-14:55:15.098868 7fc3a9fcb700                           Options.bloom_locality: 0
2019/10/17-14:55:15.098870 7fc3a9fcb700                    Options.max_successive_merges: 0
2019/10/17-14:55:15.098872 7fc3a9fcb700                Options.optimize_filters_for_hits: 0
2019/10/17-14:55:15.098873 7fc3a9fcb700                Options.paranoid_file_checks: 0
2019/10/17-14:55:15.098875 7fc3a9fcb700                Options.force_consistency_checks: 0
2019/10/17-14:55:15.098877 7fc3a9fcb700                Options.report_bg_io_stats: 0
2019/10/17-14:55:15.098878 7fc3a9fcb700                               Options.ttl: 0
2019/10/17-14:55:15.098904 7fc3a9fcb700 [db/column_family.cc:472] --------------- Options for column family [htlcs]:
2019/10/17-14:55:15.098907 7fc3a9fcb700               Options.comparator: leveldb.BytewiseComparator
2019/10/17-14:55:15.098908 7fc3a9fcb700           Options.merge_operator: None
2019/10/17-14:55:15.098910 7fc3a9fcb700        Options.compaction_filter: None
2019/10/17-14:55:15.098912 7fc3a9fcb700        Options.compaction_filter_factory: None
2019/10/17-14:55:15.098913 7fc3a9fcb700         Options.memtable_factory: SkipListFactory
2019/10/17-14:55:15.098915 7fc3a9fcb700            Options.table_factory: BlockBasedTable
2019/10/17-14:55:15.098934 7fc3a9fcb700            table_factory options:   flush_block_policy_factory: FlushBlockBySizePolicyFactory (0x7fc350035510)
