2019/10/17-14:56:03.817794 7fbc2cd30700 RocksDB version: 5.18.3
2019/10/17-14:56:03.817822 7fbc2cd30700 Git sha rocksdb_build_git_sha:@0@
2019/10/17-14:56:03.817823 7fbc2cd30700 Compile date Sep 19 2019
2019/10/17-14:56:03.817824 7fbc2cd30700 DB SUMMARY
2019/10/17-14:56:03.818421 7fbc2cd30700 CURRENT file:  CURRENT
2019/10/17-14:56:03.818422 7fbc2cd30700 IDENTITY file:  IDENTITY
2019/10/17-14:56:03.818447 7fbc2cd30700 MANIFEST file:  MANIFEST-116728 size: 4114 Bytes
2019/10/17-14:56:03.818448 7fbc2cd30700 SST files in /home/rahul/dev/blockchain-core/eqc/ledger.db dir, Total Num: 29, files: 000624.sst 000627.sst 106940.sst 108447.sst 108450.sst 109471.sst 109483.sst 109485.sst 109486.sst 
2019/10/17-14:56:03.818449 7fbc2cd30700 Write Ahead Log file in /home/rahul/dev/blockchain-core/eqc/ledger.db: 116729.log size: 0 ; 
2019/10/17-14:56:03.818478 7fbc2cd30700                         Options.error_if_exists: 0
2019/10/17-14:56:03.818479 7fbc2cd30700                       Options.create_if_missing: 1
2019/10/17-14:56:03.818479 7fbc2cd30700                         Options.paranoid_checks: 1
2019/10/17-14:56:03.818480 7fbc2cd30700                                     Options.env: 0x7fbbafa7bc60
2019/10/17-14:56:03.818481 7fbc2cd30700                                Options.info_log: 0x7fbbb80f2600
2019/10/17-14:56:03.818482 7fbc2cd30700                Options.max_file_opening_threads: 16
2019/10/17-14:56:03.818482 7fbc2cd30700                              Options.statistics: (nil)
2019/10/17-14:56:03.818483 7fbc2cd30700                               Options.use_fsync: 0
2019/10/17-14:56:03.818484 7fbc2cd30700                       Options.max_log_file_size: 0
2019/10/17-14:56:03.818485 7fbc2cd30700                  Options.max_manifest_file_size: 1073741824
2019/10/17-14:56:03.818485 7fbc2cd30700                   Options.log_file_time_to_roll: 0
2019/10/17-14:56:03.818486 7fbc2cd30700                       Options.keep_log_file_num: 1000
2019/10/17-14:56:03.818487 7fbc2cd30700                    Options.recycle_log_file_num: 0
2019/10/17-14:56:03.818487 7fbc2cd30700                         Options.allow_fallocate: 1
2019/10/17-14:56:03.818488 7fbc2cd30700                        Options.allow_mmap_reads: 0
2019/10/17-14:56:03.818489 7fbc2cd30700                       Options.allow_mmap_writes: 0
2019/10/17-14:56:03.818489 7fbc2cd30700                        Options.use_direct_reads: 0
2019/10/17-14:56:03.818490 7fbc2cd30700                        Options.use_direct_io_for_flush_and_compaction: 0
2019/10/17-14:56:03.818490 7fbc2cd30700          Options.create_missing_column_families: 0
2019/10/17-14:56:03.818491 7fbc2cd30700                              Options.db_log_dir: 
2019/10/17-14:56:03.818492 7fbc2cd30700                                 Options.wal_dir: /home/rahul/dev/blockchain-core/eqc/ledger.db
2019/10/17-14:56:03.818492 7fbc2cd30700                Options.table_cache_numshardbits: 6
2019/10/17-14:56:03.818493 7fbc2cd30700                      Options.max_subcompactions: 1
2019/10/17-14:56:03.818494 7fbc2cd30700                  Options.max_background_flushes: -1
2019/10/17-14:56:03.818494 7fbc2cd30700                         Options.WAL_ttl_seconds: 0
2019/10/17-14:56:03.818495 7fbc2cd30700                       Options.WAL_size_limit_MB: 0
2019/10/17-14:56:03.818496 7fbc2cd30700             Options.manifest_preallocation_size: 4194304
2019/10/17-14:56:03.818496 7fbc2cd30700                     Options.is_fd_close_on_exec: 1
2019/10/17-14:56:03.818497 7fbc2cd30700                   Options.advise_random_on_open: 1
2019/10/17-14:56:03.818498 7fbc2cd30700                    Options.db_write_buffer_size: 0
2019/10/17-14:56:03.818498 7fbc2cd30700                    Options.write_buffer_manager: 0x7fbbb8086260
2019/10/17-14:56:03.818499 7fbc2cd30700         Options.access_hint_on_compaction_start: 1
2019/10/17-14:56:03.818499 7fbc2cd30700  Options.new_table_reader_for_compaction_inputs: 0
2019/10/17-14:56:03.818500 7fbc2cd30700           Options.random_access_max_buffer_size: 1048576
2019/10/17-14:56:03.818501 7fbc2cd30700                      Options.use_adaptive_mutex: 0
2019/10/17-14:56:03.818501 7fbc2cd30700                            Options.rate_limiter: (nil)
2019/10/17-14:56:03.818509 7fbc2cd30700     Options.sst_file_manager.rate_bytes_per_sec: 0
2019/10/17-14:56:03.818510 7fbc2cd30700                       Options.wal_recovery_mode: 2
2019/10/17-14:56:03.818510 7fbc2cd30700                  Options.enable_thread_tracking: 0
2019/10/17-14:56:03.818511 7fbc2cd30700                  Options.enable_pipelined_write: 0
2019/10/17-14:56:03.818512 7fbc2cd30700         Options.allow_concurrent_memtable_write: 1
2019/10/17-14:56:03.818512 7fbc2cd30700      Options.enable_write_thread_adaptive_yield: 1
2019/10/17-14:56:03.818513 7fbc2cd30700             Options.write_thread_max_yield_usec: 100
2019/10/17-14:56:03.818514 7fbc2cd30700            Options.write_thread_slow_yield_usec: 3
2019/10/17-14:56:03.818514 7fbc2cd30700                               Options.row_cache: None
2019/10/17-14:56:03.818515 7fbc2cd30700                              Options.wal_filter: None
2019/10/17-14:56:03.818516 7fbc2cd30700             Options.avoid_flush_during_recovery: 0
2019/10/17-14:56:03.818516 7fbc2cd30700             Options.allow_ingest_behind: 0
2019/10/17-14:56:03.818517 7fbc2cd30700             Options.preserve_deletes: 0
2019/10/17-14:56:03.818517 7fbc2cd30700             Options.two_write_queues: 0
2019/10/17-14:56:03.818518 7fbc2cd30700             Options.manual_wal_flush: 0
2019/10/17-14:56:03.818519 7fbc2cd30700             Options.max_background_jobs: 2
2019/10/17-14:56:03.818519 7fbc2cd30700             Options.max_background_compactions: -1
2019/10/17-14:56:03.818520 7fbc2cd30700             Options.avoid_flush_during_shutdown: 0
2019/10/17-14:56:03.818521 7fbc2cd30700           Options.writable_file_max_buffer_size: 1048576
2019/10/17-14:56:03.818521 7fbc2cd30700             Options.delayed_write_rate : 16777216
2019/10/17-14:56:03.818522 7fbc2cd30700             Options.max_total_wal_size: 0
2019/10/17-14:56:03.818523 7fbc2cd30700             Options.delete_obsolete_files_period_micros: 21600000000
2019/10/17-14:56:03.818523 7fbc2cd30700                   Options.stats_dump_period_sec: 600
2019/10/17-14:56:03.818524 7fbc2cd30700                          Options.max_open_files: -1
2019/10/17-14:56:03.818524 7fbc2cd30700                          Options.bytes_per_sync: 0
2019/10/17-14:56:03.818525 7fbc2cd30700                      Options.wal_bytes_per_sync: 0
2019/10/17-14:56:03.818526 7fbc2cd30700       Options.compaction_readahead_size: 0
2019/10/17-14:56:03.818526 7fbc2cd30700 Compression algorithms supported:
2019/10/17-14:56:03.818527 7fbc2cd30700 	kZSTDNotFinalCompression supported: 0
2019/10/17-14:56:03.818528 7fbc2cd30700 	kZSTD supported: 0
2019/10/17-14:56:03.818529 7fbc2cd30700 	kXpressCompression supported: 0
2019/10/17-14:56:03.818530 7fbc2cd30700 	kLZ4HCCompression supported: 0
2019/10/17-14:56:03.818530 7fbc2cd30700 	kLZ4Compression supported: 0
2019/10/17-14:56:03.818531 7fbc2cd30700 	kBZip2Compression supported: 0
2019/10/17-14:56:03.818531 7fbc2cd30700 	kZlibCompression supported: 0
2019/10/17-14:56:03.818532 7fbc2cd30700 	kSnappyCompression supported: 0
2019/10/17-14:56:03.818534 7fbc2cd30700 Fast CRC32 supported: Supported on x86
2019/10/17-14:56:03.818612 7fbc2cd30700 [db/version_set.cc:3507] Recovering from manifest file: MANIFEST-116728
2019/10/17-14:56:03.818639 7fbc2cd30700 [db/column_family.cc:472] --------------- Options for column family [default]:
2019/10/17-14:56:03.818641 7fbc2cd30700               Options.comparator: leveldb.BytewiseComparator
2019/10/17-14:56:03.818642 7fbc2cd30700           Options.merge_operator: None
2019/10/17-14:56:03.818642 7fbc2cd30700        Options.compaction_filter: None
2019/10/17-14:56:03.818643 7fbc2cd30700        Options.compaction_filter_factory: None
2019/10/17-14:56:03.818644 7fbc2cd30700         Options.memtable_factory: SkipListFactory
2019/10/17-14:56:03.818644 7fbc2cd30700            Options.table_factory: BlockBasedTable
2019/10/17-14:56:03.818658 7fbc2cd30700            table_factory options:   flush_block_policy_factory: FlushBlockBySizePolicyFactory (0x7fbbb8091230)
  cache_index_and_filter_blocks: 0
  cache_index_and_filter_blocks_with_high_priority: 0
  pin_l0_filter_and_index_blocks_in_cache: 0
  pin_top_level_index_and_filter: 1
  index_type: 0
  hash_index_allow_collision: 1
  checksum: 1
  no_block_cache: 0
  block_cache: 0x7fbbb83a88d0
  block_cache_name: LRUCache
  block_cache_options:
    capacity : 8388608
    num_shard_bits : 4
    strict_capacity_limit : 0
    memory_allocator : None
    high_pri_pool_ratio: 0.000
  block_cache_compressed: (nil)
  persistent_cache: (nil)
  block_size: 4096
  block_size_deviation: 10
  block_restart_interval: 16
  index_block_restart_interval: 1
  metadata_block_size: 4096
  partition_filters: 0
  use_delta_encoding: 1
  filter_policy: nullptr
  whole_key_filtering: 1
  verify_compression: 0
  read_amp_bytes_per_bit: 0
  format_version: 2
  enable_index_compression: 1
  block_align: 0
2019/10/17-14:56:03.818665 7fbc2cd30700        Options.write_buffer_size: 67108864
2019/10/17-14:56:03.818666 7fbc2cd30700  Options.max_write_buffer_number: 2
2019/10/17-14:56:03.818667 7fbc2cd30700          Options.compression: NoCompression
2019/10/17-14:56:03.818667 7fbc2cd30700                  Options.bottommost_compression: Disabled
2019/10/17-14:56:03.818668 7fbc2cd30700       Options.prefix_extractor: nullptr
2019/10/17-14:56:03.818669 7fbc2cd30700   Options.memtable_insert_with_hint_prefix_extractor: nullptr
2019/10/17-14:56:03.818669 7fbc2cd30700             Options.num_levels: 7
2019/10/17-14:56:03.818670 7fbc2cd30700        Options.min_write_buffer_number_to_merge: 1
2019/10/17-14:56:03.818670 7fbc2cd30700     Options.max_write_buffer_number_to_maintain: 0
2019/10/17-14:56:03.818671 7fbc2cd30700            Options.bottommost_compression_opts.window_bits: -14
2019/10/17-14:56:03.818672 7fbc2cd30700                  Options.bottommost_compression_opts.level: 32767
2019/10/17-14:56:03.818672 7fbc2cd30700               Options.bottommost_compression_opts.strategy: 0
2019/10/17-14:56:03.818673 7fbc2cd30700         Options.bottommost_compression_opts.max_dict_bytes: 0
2019/10/17-14:56:03.818674 7fbc2cd30700         Options.bottommost_compression_opts.zstd_max_train_bytes: 0
2019/10/17-14:56:03.818674 7fbc2cd30700                  Options.bottommost_compression_opts.enabled: false
2019/10/17-14:56:03.818675 7fbc2cd30700            Options.compression_opts.window_bits: -14
2019/10/17-14:56:03.818676 7fbc2cd30700                  Options.compression_opts.level: 32767
2019/10/17-14:56:03.818676 7fbc2cd30700               Options.compression_opts.strategy: 0
2019/10/17-14:56:03.818677 7fbc2cd30700         Options.compression_opts.max_dict_bytes: 0
2019/10/17-14:56:03.818678 7fbc2cd30700         Options.compression_opts.zstd_max_train_bytes: 0
2019/10/17-14:56:03.818678 7fbc2cd30700                  Options.compression_opts.enabled: false
2019/10/17-14:56:03.818679 7fbc2cd30700      Options.level0_file_num_compaction_trigger: 4
2019/10/17-14:56:03.818679 7fbc2cd30700          Options.level0_slowdown_writes_trigger: 20
2019/10/17-14:56:03.818680 7fbc2cd30700              Options.level0_stop_writes_trigger: 36
2019/10/17-14:56:03.818681 7fbc2cd30700                   Options.target_file_size_base: 67108864
2019/10/17-14:56:03.818681 7fbc2cd30700             Options.target_file_size_multiplier: 1
2019/10/17-14:56:03.818682 7fbc2cd30700                Options.max_bytes_for_level_base: 268435456
2019/10/17-14:56:03.818683 7fbc2cd30700 Options.level_compaction_dynamic_level_bytes: 0
2019/10/17-14:56:03.818683 7fbc2cd30700          Options.max_bytes_for_level_multiplier: 10.000000
2019/10/17-14:56:03.818685 7fbc2cd30700 Options.max_bytes_for_level_multiplier_addtl[0]: 1
2019/10/17-14:56:03.818686 7fbc2cd30700 Options.max_bytes_for_level_multiplier_addtl[1]: 1
2019/10/17-14:56:03.818686 7fbc2cd30700 Options.max_bytes_for_level_multiplier_addtl[2]: 1
2019/10/17-14:56:03.818687 7fbc2cd30700 Options.max_bytes_for_level_multiplier_addtl[3]: 1
2019/10/17-14:56:03.818688 7fbc2cd30700 Options.max_bytes_for_level_multiplier_addtl[4]: 1
2019/10/17-14:56:03.818691 7fbc2cd30700 Options.max_bytes_for_level_multiplier_addtl[5]: 1
2019/10/17-14:56:03.818692 7fbc2cd30700 Options.max_bytes_for_level_multiplier_addtl[6]: 1
2019/10/17-14:56:03.818693 7fbc2cd30700       Options.max_sequential_skip_in_iterations: 8
2019/10/17-14:56:03.818693 7fbc2cd30700                    Options.max_compaction_bytes: 1677721600
2019/10/17-14:56:03.818694 7fbc2cd30700                        Options.arena_block_size: 8388608
2019/10/17-14:56:03.818695 7fbc2cd30700   Options.soft_pending_compaction_bytes_limit: 68719476736
2019/10/17-14:56:03.818695 7fbc2cd30700   Options.hard_pending_compaction_bytes_limit: 274877906944
2019/10/17-14:56:03.818696 7fbc2cd30700       Options.rate_limit_delay_max_milliseconds: 100
2019/10/17-14:56:03.818697 7fbc2cd30700                Options.disable_auto_compactions: 0
2019/10/17-14:56:03.818698 7fbc2cd30700                        Options.compaction_style: kCompactionStyleLevel
2019/10/17-14:56:03.818699 7fbc2cd30700                          Options.compaction_pri: kByCompensatedSize
2019/10/17-14:56:03.818700 7fbc2cd30700 Options.compaction_options_universal.size_ratio: 1
2019/10/17-14:56:03.818700 7fbc2cd30700 Options.compaction_options_universal.min_merge_width: 2
2019/10/17-14:56:03.818701 7fbc2cd30700 Options.compaction_options_universal.max_merge_width: 4294967295
2019/10/17-14:56:03.818702 7fbc2cd30700 Options.compaction_options_universal.max_size_amplification_percent: 200
2019/10/17-14:56:03.818702 7fbc2cd30700 Options.compaction_options_universal.compression_size_percent: -1
2019/10/17-14:56:03.818703 7fbc2cd30700 Options.compaction_options_universal.stop_style: kCompactionStopStyleTotalSize
2019/10/17-14:56:03.818704 7fbc2cd30700 Options.compaction_options_fifo.max_table_files_size: 1073741824
2019/10/17-14:56:03.818704 7fbc2cd30700 Options.compaction_options_fifo.allow_compaction: 0
2019/10/17-14:56:03.818705 7fbc2cd30700 Options.compaction_options_fifo.ttl: 0
2019/10/17-14:56:03.818706 7fbc2cd30700                   Options.table_properties_collectors: 
2019/10/17-14:56:03.818706 7fbc2cd30700                   Options.inplace_update_support: 0
2019/10/17-14:56:03.818707 7fbc2cd30700                 Options.inplace_update_num_locks: 10000
2019/10/17-14:56:03.818708 7fbc2cd30700               Options.memtable_prefix_bloom_size_ratio: 0.000000
2019/10/17-14:56:03.818708 7fbc2cd30700   Options.memtable_huge_page_size: 0
2019/10/17-14:56:03.818709 7fbc2cd30700                           Options.bloom_locality: 0
2019/10/17-14:56:03.818710 7fbc2cd30700                    Options.max_successive_merges: 0
2019/10/17-14:56:03.818710 7fbc2cd30700                Options.optimize_filters_for_hits: 0
2019/10/17-14:56:03.818711 7fbc2cd30700                Options.paranoid_file_checks: 0
2019/10/17-14:56:03.818712 7fbc2cd30700                Options.force_consistency_checks: 0
2019/10/17-14:56:03.818712 7fbc2cd30700                Options.report_bg_io_stats: 0
2019/10/17-14:56:03.818713 7fbc2cd30700                               Options.ttl: 0
2019/10/17-14:56:03.818735 7fbc2cd30700 [db/column_family.cc:472] --------------- Options for column family [active_gateways]:
2019/10/17-14:56:03.818736 7fbc2cd30700               Options.comparator: leveldb.BytewiseComparator
2019/10/17-14:56:03.818737 7fbc2cd30700           Options.merge_operator: None
2019/10/17-14:56:03.818738 7fbc2cd30700        Options.compaction_filter: None
2019/10/17-14:56:03.818738 7fbc2cd30700        Options.compaction_filter_factory: None
2019/10/17-14:56:03.818739 7fbc2cd30700         Options.memtable_factory: SkipListFactory
2019/10/17-14:56:03.818740 7fbc2cd30700            Options.table_factory: BlockBasedTable
2019/10/17-14:56:03.818748 7fbc2cd30700            table_factory options:   flush_block_policy_factory: FlushBlockBySizePolicyFactory (0x7fbbb8047300)
  cache_index_and_filter_blocks: 0
  cache_index_and_filter_blocks_with_high_priority: 0
  pin_l0_filter_and_index_blocks_in_cache: 0
  pin_top_level_index_and_filter: 1
  index_type: 0
  hash_index_allow_collision: 1
  checksum: 1
  no_block_cache: 0
  block_cache: 0x7fbbb809bdf0
  block_cache_name: LRUCache
  block_cache_options:
    capacity : 8388608
    num_shard_bits : 4
    strict_capacity_limit : 0
    memory_allocator : None
    high_pri_pool_ratio: 0.000
  block_cache_compressed: (nil)
  persistent_cache: (nil)
  block_size: 4096
  block_size_deviation: 10
  block_restart_interval: 16
  index_block_restart_interval: 1
  metadata_block_size: 4096
  partition_filters: 0
  use_delta_encoding: 1
  filter_policy: nullptr
  whole_key_filtering: 1
  verify_compression: 0
  read_amp_bytes_per_bit: 0
  format_version: 2
  enable_index_compression: 1
  block_align: 0
2019/10/17-14:56:03.818754 7fbc2cd30700        Options.write_buffer_size: 67108864
2019/10/17-14:56:03.818754 7fbc2cd30700  Options.max_write_buffer_number: 2
2019/10/17-14:56:03.818755 7fbc2cd30700          Options.compression: NoCompression
2019/10/17-14:56:03.818756 7fbc2cd30700                  Options.bottommost_compression: Disabled
2019/10/17-14:56:03.818757 7fbc2cd30700       Options.prefix_extractor: nullptr
2019/10/17-14:56:03.818757 7fbc2cd30700   Options.memtable_insert_with_hint_prefix_extractor: nullptr
2019/10/17-14:56:03.818758 7fbc2cd30700             Options.num_levels: 7
2019/10/17-14:56:03.818758 7fbc2cd30700        Options.min_write_buffer_number_to_merge: 1
2019/10/17-14:56:03.818759 7fbc2cd30700     Options.max_write_buffer_number_to_maintain: 0
2019/10/17-14:56:03.818760 7fbc2cd30700            Options.bottommost_compression_opts.window_bits: -14
2019/10/17-14:56:03.818760 7fbc2cd30700                  Options.bottommost_compression_opts.level: 32767
2019/10/17-14:56:03.818761 7fbc2cd30700               Options.bottommost_compression_opts.strategy: 0
2019/10/17-14:56:03.818761 7fbc2cd30700         Options.bottommost_compression_opts.max_dict_bytes: 0
2019/10/17-14:56:03.818762 7fbc2cd30700         Options.bottommost_compression_opts.zstd_max_train_bytes: 0
2019/10/17-14:56:03.818763 7fbc2cd30700                  Options.bottommost_compression_opts.enabled: false
2019/10/17-14:56:03.818763 7fbc2cd30700            Options.compression_opts.window_bits: -14
2019/10/17-14:56:03.818764 7fbc2cd30700                  Options.compression_opts.level: 32767
2019/10/17-14:56:03.818765 7fbc2cd30700               Options.compression_opts.strategy: 0
2019/10/17-14:56:03.818765 7fbc2cd30700         Options.compression_opts.max_dict_bytes: 0
2019/10/17-14:56:03.818766 7fbc2cd30700         Options.compression_opts.zstd_max_train_bytes: 0
2019/10/17-14:56:03.818766 7fbc2cd30700                  Options.compression_opts.enabled: false
2019/10/17-14:56:03.818767 7fbc2cd30700      Options.level0_file_num_compaction_trigger: 4
2019/10/17-14:56:03.818768 7fbc2cd30700          Options.level0_slowdown_writes_trigger: 20
2019/10/17-14:56:03.818768 7fbc2cd30700              Options.level0_stop_writes_trigger: 36
2019/10/17-14:56:03.818769 7fbc2cd30700                   Options.target_file_size_base: 67108864
2019/10/17-14:56:03.818770 7fbc2cd30700             Options.target_file_size_multiplier: 1
2019/10/17-14:56:03.818770 7fbc2cd30700                Options.max_bytes_for_level_base: 268435456
2019/10/17-14:56:03.818771 7fbc2cd30700 Options.level_compaction_dynamic_level_bytes: 0
2019/10/17-14:56:03.818771 7fbc2cd30700          Options.max_bytes_for_level_multiplier: 10.000000
2019/10/17-14:56:03.818773 7fbc2cd30700 Options.max_bytes_for_level_multiplier_addtl[0]: 1
2019/10/17-14:56:03.818773 7fbc2cd30700 Options.max_bytes_for_level_multiplier_addtl[1]: 1
2019/10/17-14:56:03.818774 7fbc2cd30700 Options.max_bytes_for_level_multiplier_addtl[2]: 1
2019/10/17-14:56:03.818775 7fbc2cd30700 Options.max_bytes_for_level_multiplier_addtl[3]: 1
2019/10/17-14:56:03.818775 7fbc2cd30700 Options.max_bytes_for_level_multiplier_addtl[4]: 1
2019/10/17-14:56:03.818776 7fbc2cd30700 Options.max_bytes_for_level_multiplier_addtl[5]: 1
2019/10/17-14:56:03.818777 7fbc2cd30700 Options.max_bytes_for_level_multiplier_addtl[6]: 1
2019/10/17-14:56:03.818777 7fbc2cd30700       Options.max_sequential_skip_in_iterations: 8
2019/10/17-14:56:03.818781 7fbc2cd30700                    Options.max_compaction_bytes: 1677721600
2019/10/17-14:56:03.818781 7fbc2cd30700                        Options.arena_block_size: 8388608
2019/10/17-14:56:03.818782 7fbc2cd30700   Options.soft_pending_compaction_bytes_limit: 68719476736
2019/10/17-14:56:03.818783 7fbc2cd30700   Options.hard_pending_compaction_bytes_limit: 274877906944
2019/10/17-14:56:03.818783 7fbc2cd30700       Options.rate_limit_delay_max_milliseconds: 100
2019/10/17-14:56:03.818784 7fbc2cd30700                Options.disable_auto_compactions: 0
2019/10/17-14:56:03.818785 7fbc2cd30700                        Options.compaction_style: kCompactionStyleLevel
2019/10/17-14:56:03.818785 7fbc2cd30700                          Options.compaction_pri: kByCompensatedSize
2019/10/17-14:56:03.818786 7fbc2cd30700 Options.compaction_options_universal.size_ratio: 1
2019/10/17-14:56:03.818787 7fbc2cd30700 Options.compaction_options_universal.min_merge_width: 2
2019/10/17-14:56:03.818787 7fbc2cd30700 Options.compaction_options_universal.max_merge_width: 4294967295
2019/10/17-14:56:03.818788 7fbc2cd30700 Options.compaction_options_universal.max_size_amplification_percent: 200
2019/10/17-14:56:03.818789 7fbc2cd30700 Options.compaction_options_universal.compression_size_percent: -1
2019/10/17-14:56:03.818789 7fbc2cd30700 Options.compaction_options_universal.stop_style: kCompactionStopStyleTotalSize
2019/10/17-14:56:03.818790 7fbc2cd30700 Options.compaction_options_fifo.max_table_files_size: 1073741824
2019/10/17-14:56:03.818791 7fbc2cd30700 Options.compaction_options_fifo.allow_compaction: 0
2019/10/17-14:56:03.818791 7fbc2cd30700 Options.compaction_options_fifo.ttl: 0
2019/10/17-14:56:03.818792 7fbc2cd30700                   Options.table_properties_collectors: 
2019/10/17-14:56:03.818793 7fbc2cd30700                   Options.inplace_update_support: 0
2019/10/17-14:56:03.818793 7fbc2cd30700                 Options.inplace_update_num_locks: 10000
2019/10/17-14:56:03.818794 7fbc2cd30700               Options.memtable_prefix_bloom_size_ratio: 0.000000
2019/10/17-14:56:03.818795 7fbc2cd30700   Options.memtable_huge_page_size: 0
2019/10/17-14:56:03.818795 7fbc2cd30700                           Options.bloom_locality: 0
2019/10/17-14:56:03.818796 7fbc2cd30700                    Options.max_successive_merges: 0
2019/10/17-14:56:03.818797 7fbc2cd30700                Options.optimize_filters_for_hits: 0
2019/10/17-14:56:03.818797 7fbc2cd30700                Options.paranoid_file_checks: 0
2019/10/17-14:56:03.818798 7fbc2cd30700                Options.force_consistency_checks: 0
2019/10/17-14:56:03.818798 7fbc2cd30700                Options.report_bg_io_stats: 0
2019/10/17-14:56:03.818799 7fbc2cd30700                               Options.ttl: 0
2019/10/17-14:56:03.818813 7fbc2cd30700 [db/column_family.cc:472] --------------- Options for column family [entries]:
2019/10/17-14:56:03.818814 7fbc2cd30700               Options.comparator: leveldb.BytewiseComparator
2019/10/17-14:56:03.818815 7fbc2cd30700           Options.merge_operator: None
2019/10/17-14:56:03.818816 7fbc2cd30700        Options.compaction_filter: None
2019/10/17-14:56:03.818816 7fbc2cd30700        Options.compaction_filter_factory: None
2019/10/17-14:56:03.818817 7fbc2cd30700         Options.memtable_factory: SkipListFactory
2019/10/17-14:56:03.818817 7fbc2cd30700            Options.table_factory: BlockBasedTable
2019/10/17-14:56:03.818826 7fbc2cd30700            table_factory options:   flush_block_policy_factory: FlushBlockBySizePolicyFactory (0x7fbbb809bd10)
  cache_index_and_filter_blocks: 0
  cache_index_and_filter_blocks_with_high_priority: 0
  pin_l0_filter_and_index_blocks_in_cache: 0
  pin_top_level_index_and_filter: 1
  index_type: 0
  hash_index_allow_collision: 1
  checksum: 1
  no_block_cache: 0
  block_cache: 0x7fbbb80f4d20
  block_cache_name: LRUCache
  block_cache_options:
    capacity : 8388608
    num_shard_bits : 4
    strict_capacity_limit : 0
    memory_allocator : None
    high_pri_pool_ratio: 0.000
  block_cache_compressed: (nil)
  persistent_cache: (nil)
  block_size: 4096
  block_size_deviation: 10
  block_restart_interval: 16
  index_block_restart_interval: 1
  metadata_block_size: 4096
  partition_filters: 0
  use_delta_encoding: 1
  filter_policy: nullptr
  whole_key_filtering: 1
  verify_compression: 0
  read_amp_bytes_per_bit: 0
  format_version: 2
  enable_index_compression: 1
  block_align: 0
2019/10/17-14:56:03.818831 7fbc2cd30700        Options.write_buffer_size: 67108864
2019/10/17-14:56:03.818831 7fbc2cd30700  Options.max_write_buffer_number: 2
2019/10/17-14:56:03.818832 7fbc2cd30700          Options.compression: NoCompression
2019/10/17-14:56:03.818833 7fbc2cd30700                  Options.bottommost_compression: Disabled
2019/10/17-14:56:03.818833 7fbc2cd30700       Options.prefix_extractor: nullptr
2019/10/17-14:56:03.818834 7fbc2cd30700   Options.memtable_insert_with_hint_prefix_extractor: nullptr
2019/10/17-14:56:03.818835 7fbc2cd30700             Options.num_levels: 7
2019/10/17-14:56:03.818835 7fbc2cd30700        Options.min_write_buffer_number_to_merge: 1
2019/10/17-14:56:03.818836 7fbc2cd30700     Options.max_write_buffer_number_to_maintain: 0
2019/10/17-14:56:03.818836 7fbc2cd30700            Options.bottommost_compression_opts.window_bits: -14
2019/10/17-14:56:03.818837 7fbc2cd30700                  Options.bottommost_compression_opts.level: 32767
2019/10/17-14:56:03.818838 7fbc2cd30700               Options.bottommost_compression_opts.strategy: 0
2019/10/17-14:56:03.818838 7fbc2cd30700         Options.bottommost_compression_opts.max_dict_bytes: 0
2019/10/17-14:56:03.818839 7fbc2cd30700         Options.bottommost_compression_opts.zstd_max_train_bytes: 0
2019/10/17-14:56:03.818840 7fbc2cd30700                  Options.bottommost_compression_opts.enabled: false
2019/10/17-14:56:03.818840 7fbc2cd30700            Options.compression_opts.window_bits: -14
2019/10/17-14:56:03.818841 7fbc2cd30700                  Options.compression_opts.level: 32767
2019/10/17-14:56:03.818841 7fbc2cd30700               Options.compression_opts.strategy: 0
2019/10/17-14:56:03.818842 7fbc2cd30700         Options.compression_opts.max_dict_bytes: 0
2019/10/17-14:56:03.818843 7fbc2cd30700         Options.compression_opts.zstd_max_train_bytes: 0
2019/10/17-14:56:03.818843 7fbc2cd30700                  Options.compression_opts.enabled: false
2019/10/17-14:56:03.818844 7fbc2cd30700      Options.level0_file_num_compaction_trigger: 4
2019/10/17-14:56:03.818844 7fbc2cd30700          Options.level0_slowdown_writes_trigger: 20
2019/10/17-14:56:03.818845 7fbc2cd30700              Options.level0_stop_writes_trigger: 36
2019/10/17-14:56:03.818846 7fbc2cd30700                   Options.target_file_size_base: 67108864
2019/10/17-14:56:03.818846 7fbc2cd30700             Options.target_file_size_multiplier: 1
2019/10/17-14:56:03.818847 7fbc2cd30700                Options.max_bytes_for_level_base: 268435456
2019/10/17-14:56:03.818848 7fbc2cd30700 Options.level_compaction_dynamic_level_bytes: 0
2019/10/17-14:56:03.818848 7fbc2cd30700          Options.max_bytes_for_level_multiplier: 10.000000
2019/10/17-14:56:03.818849 7fbc2cd30700 Options.max_bytes_for_level_multiplier_addtl[0]: 1
2019/10/17-14:56:03.818850 7fbc2cd30700 Options.max_bytes_for_level_multiplier_addtl[1]: 1
2019/10/17-14:56:03.818851 7fbc2cd30700 Options.max_bytes_for_level_multiplier_addtl[2]: 1
2019/10/17-14:56:03.818851 7fbc2cd30700 Options.max_bytes_for_level_multiplier_addtl[3]: 1
2019/10/17-14:56:03.818852 7fbc2cd30700 Options.max_bytes_for_level_multiplier_addtl[4]: 1
2019/10/17-14:56:03.818852 7fbc2cd30700 Options.max_bytes_for_level_multiplier_addtl[5]: 1
2019/10/17-14:56:03.818853 7fbc2cd30700 Options.max_bytes_for_level_multiplier_addtl[6]: 1
2019/10/17-14:56:03.818854 7fbc2cd30700       Options.max_sequential_skip_in_iterations: 8
2019/10/17-14:56:03.818854 7fbc2cd30700                    Options.max_compaction_bytes: 1677721600
2019/10/17-14:56:03.818855 7fbc2cd30700                        Options.arena_block_size: 8388608
2019/10/17-14:56:03.818856 7fbc2cd30700   Options.soft_pending_compaction_bytes_limit: 68719476736
2019/10/17-14:56:03.818859 7fbc2cd30700   Options.hard_pending_compaction_bytes_limit: 274877906944
2019/10/17-14:56:03.818860 7fbc2cd30700       Options.rate_limit_delay_max_milliseconds: 100
2019/10/17-14:56:03.818861 7fbc2cd30700                Options.disable_auto_compactions: 0
2019/10/17-14:56:03.818861 7fbc2cd30700                        Options.compaction_style: kCompactionStyleLevel
2019/10/17-14:56:03.818862 7fbc2cd30700                          Options.compaction_pri: kByCompensatedSize
2019/10/17-14:56:03.818863 7fbc2cd30700 Options.compaction_options_universal.size_ratio: 1
2019/10/17-14:56:03.818863 7fbc2cd30700 Options.compaction_options_universal.min_merge_width: 2
2019/10/17-14:56:03.818864 7fbc2cd30700 Options.compaction_options_universal.max_merge_width: 4294967295
2019/10/17-14:56:03.818864 7fbc2cd30700 Options.compaction_options_universal.max_size_amplification_percent: 200
2019/10/17-14:56:03.818865 7fbc2cd30700 Options.compaction_options_universal.compression_size_percent: -1
2019/10/17-14:56:03.818866 7fbc2cd30700 Options.compaction_options_universal.stop_style: kCompactionStopStyleTotalSize
2019/10/17-14:56:03.818867 7fbc2cd30700 Options.compaction_options_fifo.max_table_files_size: 1073741824
2019/10/17-14:56:03.818867 7fbc2cd30700 Options.compaction_options_fifo.allow_compaction: 0
2019/10/17-14:56:03.818868 7fbc2cd30700 Options.compaction_options_fifo.ttl: 0
2019/10/17-14:56:03.818868 7fbc2cd30700                   Options.table_properties_collectors: 
2019/10/17-14:56:03.818869 7fbc2cd30700                   Options.inplace_update_support: 0
2019/10/17-14:56:03.818870 7fbc2cd30700                 Options.inplace_update_num_locks: 10000
2019/10/17-14:56:03.818870 7fbc2cd30700               Options.memtable_prefix_bloom_size_ratio: 0.000000
2019/10/17-14:56:03.818871 7fbc2cd30700   Options.memtable_huge_page_size: 0
2019/10/17-14:56:03.818872 7fbc2cd30700                           Options.bloom_locality: 0
2019/10/17-14:56:03.818872 7fbc2cd30700                    Options.max_successive_merges: 0
2019/10/17-14:56:03.818873 7fbc2cd30700                Options.optimize_filters_for_hits: 0
2019/10/17-14:56:03.818874 7fbc2cd30700                Options.paranoid_file_checks: 0
2019/10/17-14:56:03.818874 7fbc2cd30700                Options.force_consistency_checks: 0
2019/10/17-14:56:03.818875 7fbc2cd30700                Options.report_bg_io_stats: 0
2019/10/17-14:56:03.818875 7fbc2cd30700                               Options.ttl: 0
2019/10/17-14:56:03.818888 7fbc2cd30700 [db/column_family.cc:472] --------------- Options for column family [dc_entries]:
2019/10/17-14:56:03.818889 7fbc2cd30700               Options.comparator: leveldb.BytewiseComparator
2019/10/17-14:56:03.818890 7fbc2cd30700           Options.merge_operator: None
2019/10/17-14:56:03.818890 7fbc2cd30700        Options.compaction_filter: None
2019/10/17-14:56:03.818891 7fbc2cd30700        Options.compaction_filter_factory: None
2019/10/17-14:56:03.818892 7fbc2cd30700         Options.memtable_factory: SkipListFactory
2019/10/17-14:56:03.818892 7fbc2cd30700            Options.table_factory: BlockBasedTable
2019/10/17-14:56:03.818900 7fbc2cd30700            table_factory options:   flush_block_policy_factory: FlushBlockBySizePolicyFactory (0x7fbbb80ee680)
  cache_index_and_filter_blocks: 0
  cache_index_and_filter_blocks_with_high_priority: 0
  pin_l0_filter_and_index_blocks_in_cache: 0
  pin_top_level_index_and_filter: 1
  index_type: 0
  hash_index_allow_collision: 1
  checksum: 1
  no_block_cache: 0
  block_cache: 0x7fbbb80801b0
  block_cache_name: LRUCache
  block_cache_options:
    capacity : 8388608
    num_shard_bits : 4
    strict_capacity_limit : 0
    memory_allocator : None
    high_pri_pool_ratio: 0.000
  block_cache_compressed: (nil)
  persistent_cache: (nil)
  block_size: 4096
  block_size_deviation: 10
  block_restart_interval: 16
  index_block_restart_interval: 1
  metadata_block_size: 4096
  partition_filters: 0
  use_delta_encoding: 1
  filter_policy: nullptr
  whole_key_filtering: 1
  verify_compression: 0
  read_amp_bytes_per_bit: 0
  format_version: 2
  enable_index_compression: 1
  block_align: 0
2019/10/17-14:56:03.818905 7fbc2cd30700        Options.write_buffer_size: 67108864
2019/10/17-14:56:03.818906 7fbc2cd30700  Options.max_write_buffer_number: 2
2019/10/17-14:56:03.818906 7fbc2cd30700          Options.compression: NoCompression
2019/10/17-14:56:03.818907 7fbc2cd30700                  Options.bottommost_compression: Disabled
2019/10/17-14:56:03.818908 7fbc2cd30700       Options.prefix_extractor: nullptr
2019/10/17-14:56:03.818908 7fbc2cd30700   Options.memtable_insert_with_hint_prefix_extractor: nullptr
2019/10/17-14:56:03.818909 7fbc2cd30700             Options.num_levels: 7
2019/10/17-14:56:03.818909 7fbc2cd30700        Options.min_write_buffer_number_to_merge: 1
2019/10/17-14:56:03.818910 7fbc2cd30700     Options.max_write_buffer_number_to_maintain: 0
2019/10/17-14:56:03.818911 7fbc2cd30700            Options.bottommost_compression_opts.window_bits: -14
2019/10/17-14:56:03.818911 7fbc2cd30700                  Options.bottommost_compression_opts.level: 32767
2019/10/17-14:56:03.818912 7fbc2cd30700               Options.bottommost_compression_opts.strategy: 0
2019/10/17-14:56:03.818913 7fbc2cd30700         Options.bottommost_compression_opts.max_dict_bytes: 0
2019/10/17-14:56:03.818913 7fbc2cd30700         Options.bottommost_compression_opts.zstd_max_train_bytes: 0
2019/10/17-14:56:03.818914 7fbc2cd30700                  Options.bottommost_compression_opts.enabled: false
2019/10/17-14:56:03.818914 7fbc2cd30700            Options.compression_opts.window_bits: -14
2019/10/17-14:56:03.818915 7fbc2cd30700                  Options.compression_opts.level: 32767
2019/10/17-14:56:03.818916 7fbc2cd30700               Options.compression_opts.strategy: 0
2019/10/17-14:56:03.818916 7fbc2cd30700         Options.compression_opts.max_dict_bytes: 0
2019/10/17-14:56:03.818917 7fbc2cd30700         Options.compression_opts.zstd_max_train_bytes: 0
2019/10/17-14:56:03.818917 7fbc2cd30700                  Options.compression_opts.enabled: false
2019/10/17-14:56:03.818918 7fbc2cd30700      Options.level0_file_num_compaction_trigger: 4
2019/10/17-14:56:03.818919 7fbc2cd30700          Options.level0_slowdown_writes_trigger: 20
2019/10/17-14:56:03.818919 7fbc2cd30700              Options.level0_stop_writes_trigger: 36
2019/10/17-14:56:03.818920 7fbc2cd30700                   Options.target_file_size_base: 67108864
2019/10/17-14:56:03.818920 7fbc2cd30700             Options.target_file_size_multiplier: 1
2019/10/17-14:56:03.818921 7fbc2cd30700                Options.max_bytes_for_level_base: 268435456
2019/10/17-14:56:03.818922 7fbc2cd30700 Options.level_compaction_dynamic_level_bytes: 0
2019/10/17-14:56:03.818922 7fbc2cd30700          Options.max_bytes_for_level_multiplier: 10.000000
2019/10/17-14:56:03.818923 7fbc2cd30700 Options.max_bytes_for_level_multiplier_addtl[0]: 1
2019/10/17-14:56:03.818924 7fbc2cd30700 Options.max_bytes_for_level_multiplier_addtl[1]: 1
2019/10/17-14:56:03.818925 7fbc2cd30700 Options.max_bytes_for_level_multiplier_addtl[2]: 1
2019/10/17-14:56:03.818925 7fbc2cd30700 Options.max_bytes_for_level_multiplier_addtl[3]: 1
2019/10/17-14:56:03.818926 7fbc2cd30700 Options.max_bytes_for_level_multiplier_addtl[4]: 1
2019/10/17-14:56:03.818927 7fbc2cd30700 Options.max_bytes_for_level_multiplier_addtl[5]: 1
2019/10/17-14:56:03.818927 7fbc2cd30700 Options.max_bytes_for_level_multiplier_addtl[6]: 1
2019/10/17-14:56:03.818928 7fbc2cd30700       Options.max_sequential_skip_in_iterations: 8
2019/10/17-14:56:03.818928 7fbc2cd30700                    Options.max_compaction_bytes: 1677721600
2019/10/17-14:56:03.818929 7fbc2cd30700                        Options.arena_block_size: 8388608
2019/10/17-14:56:03.818930 7fbc2cd30700   Options.soft_pending_compaction_bytes_limit: 68719476736
2019/10/17-14:56:03.818930 7fbc2cd30700   Options.hard_pending_compaction_bytes_limit: 274877906944
2019/10/17-14:56:03.818931 7fbc2cd30700       Options.rate_limit_delay_max_milliseconds: 100
2019/10/17-14:56:03.818932 7fbc2cd30700                Options.disable_auto_compactions: 0
2019/10/17-14:56:03.818935 7fbc2cd30700                        Options.compaction_style: kCompactionStyleLevel
2019/10/17-14:56:03.818936 7fbc2cd30700                          Options.compaction_pri: kByCompensatedSize
2019/10/17-14:56:03.818937 7fbc2cd30700 Options.compaction_options_universal.size_ratio: 1
2019/10/17-14:56:03.818937 7fbc2cd30700 Options.compaction_options_universal.min_merge_width: 2
2019/10/17-14:56:03.818938 7fbc2cd30700 Options.compaction_options_universal.max_merge_width: 4294967295
2019/10/17-14:56:03.818939 7fbc2cd30700 Options.compaction_options_universal.max_size_amplification_percent: 200
2019/10/17-14:56:03.818939 7fbc2cd30700 Options.compaction_options_universal.compression_size_percent: -1
2019/10/17-14:56:03.818940 7fbc2cd30700 Options.compaction_options_universal.stop_style: kCompactionStopStyleTotalSize
2019/10/17-14:56:03.818941 7fbc2cd30700 Options.compaction_options_fifo.max_table_files_size: 1073741824
2019/10/17-14:56:03.818941 7fbc2cd30700 Options.compaction_options_fifo.allow_compaction: 0
2019/10/17-14:56:03.818942 7fbc2cd30700 Options.compaction_options_fifo.ttl: 0
2019/10/17-14:56:03.818942 7fbc2cd30700                   Options.table_properties_collectors: 
2019/10/17-14:56:03.818943 7fbc2cd30700                   Options.inplace_update_support: 0
2019/10/17-14:56:03.818944 7fbc2cd30700                 Options.inplace_update_num_locks: 10000
2019/10/17-14:56:03.818944 7fbc2cd30700               Options.memtable_prefix_bloom_size_ratio: 0.000000
2019/10/17-14:56:03.818945 7fbc2cd30700   Options.memtable_huge_page_size: 0
2019/10/17-14:56:03.818946 7fbc2cd30700                           Options.bloom_locality: 0
2019/10/17-14:56:03.818946 7fbc2cd30700                    Options.max_successive_merges: 0
2019/10/17-14:56:03.818947 7fbc2cd30700                Options.optimize_filters_for_hits: 0
2019/10/17-14:56:03.818948 7fbc2cd30700                Options.paranoid_file_checks: 0
2019/10/17-14:56:03.818948 7fbc2cd30700                Options.force_consistency_checks: 0
2019/10/17-14:56:03.818949 7fbc2cd30700                Options.report_bg_io_stats: 0
2019/10/17-14:56:03.818949 7fbc2cd30700                               Options.ttl: 0
2019/10/17-14:56:03.818960 7fbc2cd30700 [db/column_family.cc:472] --------------- Options for column family [htlcs]:
2019/10/17-14:56:03.818961 7fbc2cd30700               Options.comparator: leveldb.BytewiseComparator
2019/10/17-14:56:03.818961 7fbc2cd30700           Options.merge_operator: None
2019/10/17-14:56:03.818962 7fbc2cd30700        Options.compaction_filter: None
2019/10/17-14:56:03.818963 7fbc2cd30700        Options.compaction_filter_factory: None
2019/10/17-14:56:03.818963 7fbc2cd30700         Options.memtable_factory: SkipListFactory
2019/10/17-14:56:03.818964 7fbc2cd30700            Options.table_factory: BlockBasedTable
2019/10/17-14:56:03.818971 7fbc2cd30700            table_factory options:   flush_block_policy_factory: FlushBlockBySizePolicyFactory (0x7fbbb8008b90)
