2019/10/17-14:55:05.213936 7fc3a9fcb700 RocksDB version: 5.18.3
2019/10/17-14:55:05.214003 7fc3a9fcb700 Git sha rocksdb_build_git_sha:@0@
2019/10/17-14:55:05.214007 7fc3a9fcb700 Compile date Sep 19 2019
2019/10/17-14:55:05.214010 7fc3a9fcb700 DB SUMMARY
2019/10/17-14:55:05.215449 7fc3a9fcb700 CURRENT file:  CURRENT
2019/10/17-14:55:05.215451 7fc3a9fcb700 IDENTITY file:  IDENTITY
2019/10/17-14:55:05.215497 7fc3a9fcb700 MANIFEST file:  MANIFEST-116299 size: 4114 Bytes
2019/10/17-14:55:05.215500 7fc3a9fcb700 SST files in /home/rahul/dev/blockchain-core/eqc/ledger.db dir, Total Num: 29, files: 000624.sst 000627.sst 106940.sst 108447.sst 108450.sst 109471.sst 109483.sst 109485.sst 109486.sst 
2019/10/17-14:55:05.215502 7fc3a9fcb700 Write Ahead Log file in /home/rahul/dev/blockchain-core/eqc/ledger.db: 116300.log size: 0 ; 
2019/10/17-14:55:05.215556 7fc3a9fcb700                         Options.error_if_exists: 0
2019/10/17-14:55:05.215558 7fc3a9fcb700                       Options.create_if_missing: 1
2019/10/17-14:55:05.215560 7fc3a9fcb700                         Options.paranoid_checks: 1
2019/10/17-14:55:05.215561 7fc3a9fcb700                                     Options.env: 0x7fc32ae1fc60
2019/10/17-14:55:05.215562 7fc3a9fcb700                                Options.info_log: 0x7fc350047e50
2019/10/17-14:55:05.215563 7fc3a9fcb700                Options.max_file_opening_threads: 16
2019/10/17-14:55:05.215565 7fc3a9fcb700                              Options.statistics: (nil)
2019/10/17-14:55:05.215566 7fc3a9fcb700                               Options.use_fsync: 0
2019/10/17-14:55:05.215567 7fc3a9fcb700                       Options.max_log_file_size: 0
2019/10/17-14:55:05.215568 7fc3a9fcb700                  Options.max_manifest_file_size: 1073741824
2019/10/17-14:55:05.215570 7fc3a9fcb700                   Options.log_file_time_to_roll: 0
2019/10/17-14:55:05.215571 7fc3a9fcb700                       Options.keep_log_file_num: 1000
2019/10/17-14:55:05.215572 7fc3a9fcb700                    Options.recycle_log_file_num: 0
2019/10/17-14:55:05.215573 7fc3a9fcb700                         Options.allow_fallocate: 1
2019/10/17-14:55:05.215575 7fc3a9fcb700                        Options.allow_mmap_reads: 0
2019/10/17-14:55:05.215576 7fc3a9fcb700                       Options.allow_mmap_writes: 0
2019/10/17-14:55:05.215577 7fc3a9fcb700                        Options.use_direct_reads: 0
2019/10/17-14:55:05.215578 7fc3a9fcb700                        Options.use_direct_io_for_flush_and_compaction: 0
2019/10/17-14:55:05.215579 7fc3a9fcb700          Options.create_missing_column_families: 0
2019/10/17-14:55:05.215580 7fc3a9fcb700                              Options.db_log_dir: 
2019/10/17-14:55:05.215582 7fc3a9fcb700                                 Options.wal_dir: /home/rahul/dev/blockchain-core/eqc/ledger.db
2019/10/17-14:55:05.215583 7fc3a9fcb700                Options.table_cache_numshardbits: 6
2019/10/17-14:55:05.215584 7fc3a9fcb700                      Options.max_subcompactions: 1
2019/10/17-14:55:05.215585 7fc3a9fcb700                  Options.max_background_flushes: -1
2019/10/17-14:55:05.215587 7fc3a9fcb700                         Options.WAL_ttl_seconds: 0
2019/10/17-14:55:05.215588 7fc3a9fcb700                       Options.WAL_size_limit_MB: 0
2019/10/17-14:55:05.215589 7fc3a9fcb700             Options.manifest_preallocation_size: 4194304
2019/10/17-14:55:05.215590 7fc3a9fcb700                     Options.is_fd_close_on_exec: 1
2019/10/17-14:55:05.215592 7fc3a9fcb700                   Options.advise_random_on_open: 1
2019/10/17-14:55:05.215593 7fc3a9fcb700                    Options.db_write_buffer_size: 0
2019/10/17-14:55:05.215594 7fc3a9fcb700                    Options.write_buffer_manager: 0x7fc35003c4b0
2019/10/17-14:55:05.215595 7fc3a9fcb700         Options.access_hint_on_compaction_start: 1
2019/10/17-14:55:05.215596 7fc3a9fcb700  Options.new_table_reader_for_compaction_inputs: 0
2019/10/17-14:55:05.215597 7fc3a9fcb700           Options.random_access_max_buffer_size: 1048576
2019/10/17-14:55:05.215599 7fc3a9fcb700                      Options.use_adaptive_mutex: 0
2019/10/17-14:55:05.215600 7fc3a9fcb700                            Options.rate_limiter: (nil)
2019/10/17-14:55:05.215614 7fc3a9fcb700     Options.sst_file_manager.rate_bytes_per_sec: 0
2019/10/17-14:55:05.215616 7fc3a9fcb700                       Options.wal_recovery_mode: 2
2019/10/17-14:55:05.215617 7fc3a9fcb700                  Options.enable_thread_tracking: 0
2019/10/17-14:55:05.215618 7fc3a9fcb700                  Options.enable_pipelined_write: 0
2019/10/17-14:55:05.215619 7fc3a9fcb700         Options.allow_concurrent_memtable_write: 1
2019/10/17-14:55:05.215620 7fc3a9fcb700      Options.enable_write_thread_adaptive_yield: 1
2019/10/17-14:55:05.215621 7fc3a9fcb700             Options.write_thread_max_yield_usec: 100
2019/10/17-14:55:05.215623 7fc3a9fcb700            Options.write_thread_slow_yield_usec: 3
2019/10/17-14:55:05.215624 7fc3a9fcb700                               Options.row_cache: None
2019/10/17-14:55:05.215625 7fc3a9fcb700                              Options.wal_filter: None
2019/10/17-14:55:05.215627 7fc3a9fcb700             Options.avoid_flush_during_recovery: 0
2019/10/17-14:55:05.215628 7fc3a9fcb700             Options.allow_ingest_behind: 0
2019/10/17-14:55:05.215629 7fc3a9fcb700             Options.preserve_deletes: 0
2019/10/17-14:55:05.215630 7fc3a9fcb700             Options.two_write_queues: 0
2019/10/17-14:55:05.215631 7fc3a9fcb700             Options.manual_wal_flush: 0
2019/10/17-14:55:05.215632 7fc3a9fcb700             Options.max_background_jobs: 2
2019/10/17-14:55:05.215634 7fc3a9fcb700             Options.max_background_compactions: -1
2019/10/17-14:55:05.215635 7fc3a9fcb700             Options.avoid_flush_during_shutdown: 0
2019/10/17-14:55:05.215636 7fc3a9fcb700           Options.writable_file_max_buffer_size: 1048576
2019/10/17-14:55:05.215637 7fc3a9fcb700             Options.delayed_write_rate : 16777216
2019/10/17-14:55:05.215638 7fc3a9fcb700             Options.max_total_wal_size: 0
2019/10/17-14:55:05.215640 7fc3a9fcb700             Options.delete_obsolete_files_period_micros: 21600000000
2019/10/17-14:55:05.215641 7fc3a9fcb700                   Options.stats_dump_period_sec: 600
2019/10/17-14:55:05.215642 7fc3a9fcb700                          Options.max_open_files: -1
2019/10/17-14:55:05.215643 7fc3a9fcb700                          Options.bytes_per_sync: 0
2019/10/17-14:55:05.215644 7fc3a9fcb700                      Options.wal_bytes_per_sync: 0
2019/10/17-14:55:05.215646 7fc3a9fcb700       Options.compaction_readahead_size: 0
2019/10/17-14:55:05.215647 7fc3a9fcb700 Compression algorithms supported:
2019/10/17-14:55:05.215648 7fc3a9fcb700 	kZSTDNotFinalCompression supported: 0
2019/10/17-14:55:05.215650 7fc3a9fcb700 	kZSTD supported: 0
2019/10/17-14:55:05.215651 7fc3a9fcb700 	kXpressCompression supported: 0
2019/10/17-14:55:05.215653 7fc3a9fcb700 	kLZ4HCCompression supported: 0
2019/10/17-14:55:05.215654 7fc3a9fcb700 	kLZ4Compression supported: 0
2019/10/17-14:55:05.215655 7fc3a9fcb700 	kBZip2Compression supported: 0
2019/10/17-14:55:05.215657 7fc3a9fcb700 	kZlibCompression supported: 0
2019/10/17-14:55:05.215658 7fc3a9fcb700 	kSnappyCompression supported: 0
2019/10/17-14:55:05.215660 7fc3a9fcb700 Fast CRC32 supported: Supported on x86
2019/10/17-14:55:05.215803 7fc3a9fcb700 [db/version_set.cc:3507] Recovering from manifest file: MANIFEST-116299
2019/10/17-14:55:05.215854 7fc3a9fcb700 [db/column_family.cc:472] --------------- Options for column family [default]:
2019/10/17-14:55:05.215856 7fc3a9fcb700               Options.comparator: leveldb.BytewiseComparator
2019/10/17-14:55:05.215857 7fc3a9fcb700           Options.merge_operator: None
2019/10/17-14:55:05.215859 7fc3a9fcb700        Options.compaction_filter: None
2019/10/17-14:55:05.215860 7fc3a9fcb700        Options.compaction_filter_factory: None
2019/10/17-14:55:05.215861 7fc3a9fcb700         Options.memtable_factory: SkipListFactory
2019/10/17-14:55:05.215862 7fc3a9fcb700            Options.table_factory: BlockBasedTable
2019/10/17-14:55:05.215884 7fc3a9fcb700            table_factory options:   flush_block_policy_factory: FlushBlockBySizePolicyFactory (0x7fc350021dd0)
  cache_index_and_filter_blocks: 0
  cache_index_and_filter_blocks_with_high_priority: 0
  pin_l0_filter_and_index_blocks_in_cache: 0
  pin_top_level_index_and_filter: 1
  index_type: 0
  hash_index_allow_collision: 1
  checksum: 1
  no_block_cache: 0
  block_cache: 0x7fc3500bda40
  block_cache_name: LRUCache
  block_cache_options:
    capacity : 8388608
    num_shard_bits : 4
    strict_capacity_limit : 0
    memory_allocator : None
    high_pri_pool_ratio: 0.000
  block_cache_compressed: (nil)
  persistent_cache: (nil)
  block_size: 4096
  block_size_deviation: 10
  block_restart_interval: 16
  index_block_restart_interval: 1
  metadata_block_size: 4096
  partition_filters: 0
  use_delta_encoding: 1
  filter_policy: nullptr
  whole_key_filtering: 1
  verify_compression: 0
  read_amp_bytes_per_bit: 0
  format_version: 2
  enable_index_compression: 1
  block_align: 0
2019/10/17-14:55:05.215898 7fc3a9fcb700        Options.write_buffer_size: 67108864
2019/10/17-14:55:05.215899 7fc3a9fcb700  Options.max_write_buffer_number: 2
2019/10/17-14:55:05.215901 7fc3a9fcb700          Options.compression: NoCompression
2019/10/17-14:55:05.215902 7fc3a9fcb700                  Options.bottommost_compression: Disabled
2019/10/17-14:55:05.215903 7fc3a9fcb700       Options.prefix_extractor: nullptr
2019/10/17-14:55:05.215904 7fc3a9fcb700   Options.memtable_insert_with_hint_prefix_extractor: nullptr
2019/10/17-14:55:05.215906 7fc3a9fcb700             Options.num_levels: 7
2019/10/17-14:55:05.215907 7fc3a9fcb700        Options.min_write_buffer_number_to_merge: 1
2019/10/17-14:55:05.215908 7fc3a9fcb700     Options.max_write_buffer_number_to_maintain: 0
2019/10/17-14:55:05.215909 7fc3a9fcb700            Options.bottommost_compression_opts.window_bits: -14
2019/10/17-14:55:05.215910 7fc3a9fcb700                  Options.bottommost_compression_opts.level: 32767
2019/10/17-14:55:05.215912 7fc3a9fcb700               Options.bottommost_compression_opts.strategy: 0
2019/10/17-14:55:05.215913 7fc3a9fcb700         Options.bottommost_compression_opts.max_dict_bytes: 0
2019/10/17-14:55:05.215914 7fc3a9fcb700         Options.bottommost_compression_opts.zstd_max_train_bytes: 0
2019/10/17-14:55:05.215915 7fc3a9fcb700                  Options.bottommost_compression_opts.enabled: false
2019/10/17-14:55:05.215917 7fc3a9fcb700            Options.compression_opts.window_bits: -14
2019/10/17-14:55:05.215918 7fc3a9fcb700                  Options.compression_opts.level: 32767
2019/10/17-14:55:05.215919 7fc3a9fcb700               Options.compression_opts.strategy: 0
2019/10/17-14:55:05.215920 7fc3a9fcb700         Options.compression_opts.max_dict_bytes: 0
2019/10/17-14:55:05.215921 7fc3a9fcb700         Options.compression_opts.zstd_max_train_bytes: 0
2019/10/17-14:55:05.215922 7fc3a9fcb700                  Options.compression_opts.enabled: false
2019/10/17-14:55:05.215924 7fc3a9fcb700      Options.level0_file_num_compaction_trigger: 4
2019/10/17-14:55:05.215925 7fc3a9fcb700          Options.level0_slowdown_writes_trigger: 20
2019/10/17-14:55:05.215926 7fc3a9fcb700              Options.level0_stop_writes_trigger: 36
2019/10/17-14:55:05.215927 7fc3a9fcb700                   Options.target_file_size_base: 67108864
2019/10/17-14:55:05.215928 7fc3a9fcb700             Options.target_file_size_multiplier: 1
2019/10/17-14:55:05.215930 7fc3a9fcb700                Options.max_bytes_for_level_base: 268435456
2019/10/17-14:55:05.215931 7fc3a9fcb700 Options.level_compaction_dynamic_level_bytes: 0
2019/10/17-14:55:05.215932 7fc3a9fcb700          Options.max_bytes_for_level_multiplier: 10.000000
2019/10/17-14:55:05.215935 7fc3a9fcb700 Options.max_bytes_for_level_multiplier_addtl[0]: 1
2019/10/17-14:55:05.215936 7fc3a9fcb700 Options.max_bytes_for_level_multiplier_addtl[1]: 1
2019/10/17-14:55:05.215937 7fc3a9fcb700 Options.max_bytes_for_level_multiplier_addtl[2]: 1
2019/10/17-14:55:05.215939 7fc3a9fcb700 Options.max_bytes_for_level_multiplier_addtl[3]: 1
2019/10/17-14:55:05.215940 7fc3a9fcb700 Options.max_bytes_for_level_multiplier_addtl[4]: 1
2019/10/17-14:55:05.215947 7fc3a9fcb700 Options.max_bytes_for_level_multiplier_addtl[5]: 1
2019/10/17-14:55:05.215948 7fc3a9fcb700 Options.max_bytes_for_level_multiplier_addtl[6]: 1
2019/10/17-14:55:05.215949 7fc3a9fcb700       Options.max_sequential_skip_in_iterations: 8
2019/10/17-14:55:05.215951 7fc3a9fcb700                    Options.max_compaction_bytes: 1677721600
2019/10/17-14:55:05.215952 7fc3a9fcb700                        Options.arena_block_size: 8388608
2019/10/17-14:55:05.215953 7fc3a9fcb700   Options.soft_pending_compaction_bytes_limit: 68719476736
2019/10/17-14:55:05.215954 7fc3a9fcb700   Options.hard_pending_compaction_bytes_limit: 274877906944
2019/10/17-14:55:05.215956 7fc3a9fcb700       Options.rate_limit_delay_max_milliseconds: 100
2019/10/17-14:55:05.215957 7fc3a9fcb700                Options.disable_auto_compactions: 0
2019/10/17-14:55:05.215958 7fc3a9fcb700                        Options.compaction_style: kCompactionStyleLevel
2019/10/17-14:55:05.215961 7fc3a9fcb700                          Options.compaction_pri: kByCompensatedSize
2019/10/17-14:55:05.215962 7fc3a9fcb700 Options.compaction_options_universal.size_ratio: 1
2019/10/17-14:55:05.215963 7fc3a9fcb700 Options.compaction_options_universal.min_merge_width: 2
2019/10/17-14:55:05.215964 7fc3a9fcb700 Options.compaction_options_universal.max_merge_width: 4294967295
2019/10/17-14:55:05.215965 7fc3a9fcb700 Options.compaction_options_universal.max_size_amplification_percent: 200
2019/10/17-14:55:05.215967 7fc3a9fcb700 Options.compaction_options_universal.compression_size_percent: -1
2019/10/17-14:55:05.215968 7fc3a9fcb700 Options.compaction_options_universal.stop_style: kCompactionStopStyleTotalSize
2019/10/17-14:55:05.215969 7fc3a9fcb700 Options.compaction_options_fifo.max_table_files_size: 1073741824
2019/10/17-14:55:05.215971 7fc3a9fcb700 Options.compaction_options_fifo.allow_compaction: 0
2019/10/17-14:55:05.215972 7fc3a9fcb700 Options.compaction_options_fifo.ttl: 0
2019/10/17-14:55:05.215973 7fc3a9fcb700                   Options.table_properties_collectors: 
2019/10/17-14:55:05.215974 7fc3a9fcb700                   Options.inplace_update_support: 0
2019/10/17-14:55:05.215976 7fc3a9fcb700                 Options.inplace_update_num_locks: 10000
2019/10/17-14:55:05.215977 7fc3a9fcb700               Options.memtable_prefix_bloom_size_ratio: 0.000000
2019/10/17-14:55:05.215979 7fc3a9fcb700   Options.memtable_huge_page_size: 0
2019/10/17-14:55:05.215980 7fc3a9fcb700                           Options.bloom_locality: 0
2019/10/17-14:55:05.215981 7fc3a9fcb700                    Options.max_successive_merges: 0
2019/10/17-14:55:05.215982 7fc3a9fcb700                Options.optimize_filters_for_hits: 0
2019/10/17-14:55:05.215983 7fc3a9fcb700                Options.paranoid_file_checks: 0
2019/10/17-14:55:05.215985 7fc3a9fcb700                Options.force_consistency_checks: 0
2019/10/17-14:55:05.215986 7fc3a9fcb700                Options.report_bg_io_stats: 0
2019/10/17-14:55:05.215987 7fc3a9fcb700                               Options.ttl: 0
2019/10/17-14:55:05.216030 7fc3a9fcb700 [db/column_family.cc:472] --------------- Options for column family [active_gateways]:
2019/10/17-14:55:05.216032 7fc3a9fcb700               Options.comparator: leveldb.BytewiseComparator
2019/10/17-14:55:05.216034 7fc3a9fcb700           Options.merge_operator: None
2019/10/17-14:55:05.216035 7fc3a9fcb700        Options.compaction_filter: None
2019/10/17-14:55:05.216036 7fc3a9fcb700        Options.compaction_filter_factory: None
2019/10/17-14:55:05.216037 7fc3a9fcb700         Options.memtable_factory: SkipListFactory
2019/10/17-14:55:05.216039 7fc3a9fcb700            Options.table_factory: BlockBasedTable
2019/10/17-14:55:05.216055 7fc3a9fcb700            table_factory options:   flush_block_policy_factory: FlushBlockBySizePolicyFactory (0x7fc3500496e0)
  cache_index_and_filter_blocks: 0
  cache_index_and_filter_blocks_with_high_priority: 0
  pin_l0_filter_and_index_blocks_in_cache: 0
  pin_top_level_index_and_filter: 1
  index_type: 0
  hash_index_allow_collision: 1
  checksum: 1
  no_block_cache: 0
  block_cache: 0x7fc35003de70
  block_cache_name: LRUCache
  block_cache_options:
    capacity : 8388608
    num_shard_bits : 4
    strict_capacity_limit : 0
    memory_allocator : None
    high_pri_pool_ratio: 0.000
  block_cache_compressed: (nil)
  persistent_cache: (nil)
  block_size: 4096
  block_size_deviation: 10
  block_restart_interval: 16
  index_block_restart_interval: 1
  metadata_block_size: 4096
  partition_filters: 0
  use_delta_encoding: 1
  filter_policy: nullptr
  whole_key_filtering: 1
  verify_compression: 0
  read_amp_bytes_per_bit: 0
  format_version: 2
  enable_index_compression: 1
  block_align: 0
2019/10/17-14:55:05.216065 7fc3a9fcb700        Options.write_buffer_size: 67108864
2019/10/17-14:55:05.216067 7fc3a9fcb700  Options.max_write_buffer_number: 2
2019/10/17-14:55:05.216068 7fc3a9fcb700          Options.compression: NoCompression
2019/10/17-14:55:05.216069 7fc3a9fcb700                  Options.bottommost_compression: Disabled
2019/10/17-14:55:05.216070 7fc3a9fcb700       Options.prefix_extractor: nullptr
2019/10/17-14:55:05.216072 7fc3a9fcb700   Options.memtable_insert_with_hint_prefix_extractor: nullptr
2019/10/17-14:55:05.216073 7fc3a9fcb700             Options.num_levels: 7
2019/10/17-14:55:05.216074 7fc3a9fcb700        Options.min_write_buffer_number_to_merge: 1
2019/10/17-14:55:05.216075 7fc3a9fcb700     Options.max_write_buffer_number_to_maintain: 0
2019/10/17-14:55:05.216076 7fc3a9fcb700            Options.bottommost_compression_opts.window_bits: -14
2019/10/17-14:55:05.216077 7fc3a9fcb700                  Options.bottommost_compression_opts.level: 32767
2019/10/17-14:55:05.216079 7fc3a9fcb700               Options.bottommost_compression_opts.strategy: 0
2019/10/17-14:55:05.216080 7fc3a9fcb700         Options.bottommost_compression_opts.max_dict_bytes: 0
2019/10/17-14:55:05.216081 7fc3a9fcb700         Options.bottommost_compression_opts.zstd_max_train_bytes: 0
2019/10/17-14:55:05.216082 7fc3a9fcb700                  Options.bottommost_compression_opts.enabled: false
2019/10/17-14:55:05.216083 7fc3a9fcb700            Options.compression_opts.window_bits: -14
2019/10/17-14:55:05.216085 7fc3a9fcb700                  Options.compression_opts.level: 32767
2019/10/17-14:55:05.216086 7fc3a9fcb700               Options.compression_opts.strategy: 0
2019/10/17-14:55:05.216087 7fc3a9fcb700         Options.compression_opts.max_dict_bytes: 0
2019/10/17-14:55:05.216088 7fc3a9fcb700         Options.compression_opts.zstd_max_train_bytes: 0
2019/10/17-14:55:05.216089 7fc3a9fcb700                  Options.compression_opts.enabled: false
2019/10/17-14:55:05.216090 7fc3a9fcb700      Options.level0_file_num_compaction_trigger: 4
2019/10/17-14:55:05.216092 7fc3a9fcb700          Options.level0_slowdown_writes_trigger: 20
2019/10/17-14:55:05.216093 7fc3a9fcb700              Options.level0_stop_writes_trigger: 36
2019/10/17-14:55:05.216094 7fc3a9fcb700                   Options.target_file_size_base: 67108864
2019/10/17-14:55:05.216095 7fc3a9fcb700             Options.target_file_size_multiplier: 1
2019/10/17-14:55:05.216096 7fc3a9fcb700                Options.max_bytes_for_level_base: 268435456
2019/10/17-14:55:05.216097 7fc3a9fcb700 Options.level_compaction_dynamic_level_bytes: 0
2019/10/17-14:55:05.216099 7fc3a9fcb700          Options.max_bytes_for_level_multiplier: 10.000000
2019/10/17-14:55:05.216101 7fc3a9fcb700 Options.max_bytes_for_level_multiplier_addtl[0]: 1
2019/10/17-14:55:05.216102 7fc3a9fcb700 Options.max_bytes_for_level_multiplier_addtl[1]: 1
2019/10/17-14:55:05.216103 7fc3a9fcb700 Options.max_bytes_for_level_multiplier_addtl[2]: 1
2019/10/17-14:55:05.216105 7fc3a9fcb700 Options.max_bytes_for_level_multiplier_addtl[3]: 1
2019/10/17-14:55:05.216106 7fc3a9fcb700 Options.max_bytes_for_level_multiplier_addtl[4]: 1
2019/10/17-14:55:05.216107 7fc3a9fcb700 Options.max_bytes_for_level_multiplier_addtl[5]: 1
2019/10/17-14:55:05.216108 7fc3a9fcb700 Options.max_bytes_for_level_multiplier_addtl[6]: 1
2019/10/17-14:55:05.216109 7fc3a9fcb700       Options.max_sequential_skip_in_iterations: 8
2019/10/17-14:55:05.216116 7fc3a9fcb700                    Options.max_compaction_bytes: 1677721600
2019/10/17-14:55:05.216117 7fc3a9fcb700                        Options.arena_block_size: 8388608
2019/10/17-14:55:05.216119 7fc3a9fcb700   Options.soft_pending_compaction_bytes_limit: 68719476736
2019/10/17-14:55:05.216120 7fc3a9fcb700   Options.hard_pending_compaction_bytes_limit: 274877906944
2019/10/17-14:55:05.216121 7fc3a9fcb700       Options.rate_limit_delay_max_milliseconds: 100
2019/10/17-14:55:05.216122 7fc3a9fcb700                Options.disable_auto_compactions: 0
2019/10/17-14:55:05.216124 7fc3a9fcb700                        Options.compaction_style: kCompactionStyleLevel
2019/10/17-14:55:05.216125 7fc3a9fcb700                          Options.compaction_pri: kByCompensatedSize
2019/10/17-14:55:05.216126 7fc3a9fcb700 Options.compaction_options_universal.size_ratio: 1
2019/10/17-14:55:05.216127 7fc3a9fcb700 Options.compaction_options_universal.min_merge_width: 2
2019/10/17-14:55:05.216129 7fc3a9fcb700 Options.compaction_options_universal.max_merge_width: 4294967295
2019/10/17-14:55:05.216130 7fc3a9fcb700 Options.compaction_options_universal.max_size_amplification_percent: 200
2019/10/17-14:55:05.216131 7fc3a9fcb700 Options.compaction_options_universal.compression_size_percent: -1
2019/10/17-14:55:05.216132 7fc3a9fcb700 Options.compaction_options_universal.stop_style: kCompactionStopStyleTotalSize
2019/10/17-14:55:05.216133 7fc3a9fcb700 Options.compaction_options_fifo.max_table_files_size: 1073741824
2019/10/17-14:55:05.216135 7fc3a9fcb700 Options.compaction_options_fifo.allow_compaction: 0
2019/10/17-14:55:05.216136 7fc3a9fcb700 Options.compaction_options_fifo.ttl: 0
2019/10/17-14:55:05.216137 7fc3a9fcb700                   Options.table_properties_collectors: 
2019/10/17-14:55:05.216138 7fc3a9fcb700                   Options.inplace_update_support: 0
2019/10/17-14:55:05.216139 7fc3a9fcb700                 Options.inplace_update_num_locks: 10000
2019/10/17-14:55:05.216141 7fc3a9fcb700               Options.memtable_prefix_bloom_size_ratio: 0.000000
2019/10/17-14:55:05.216142 7fc3a9fcb700   Options.memtable_huge_page_size: 0
2019/10/17-14:55:05.216143 7fc3a9fcb700                           Options.bloom_locality: 0
2019/10/17-14:55:05.216145 7fc3a9fcb700                    Options.max_successive_merges: 0
2019/10/17-14:55:05.216146 7fc3a9fcb700                Options.optimize_filters_for_hits: 0
2019/10/17-14:55:05.216147 7fc3a9fcb700                Options.paranoid_file_checks: 0
2019/10/17-14:55:05.216148 7fc3a9fcb700                Options.force_consistency_checks: 0
2019/10/17-14:55:05.216149 7fc3a9fcb700                Options.report_bg_io_stats: 0
2019/10/17-14:55:05.216150 7fc3a9fcb700                               Options.ttl: 0
2019/10/17-14:55:05.216175 7fc3a9fcb700 [db/column_family.cc:472] --------------- Options for column family [entries]:
2019/10/17-14:55:05.216177 7fc3a9fcb700               Options.comparator: leveldb.BytewiseComparator
2019/10/17-14:55:05.216179 7fc3a9fcb700           Options.merge_operator: None
2019/10/17-14:55:05.216180 7fc3a9fcb700        Options.compaction_filter: None
2019/10/17-14:55:05.216181 7fc3a9fcb700        Options.compaction_filter_factory: None
2019/10/17-14:55:05.216182 7fc3a9fcb700         Options.memtable_factory: SkipListFactory
2019/10/17-14:55:05.216183 7fc3a9fcb700            Options.table_factory: BlockBasedTable
2019/10/17-14:55:05.216198 7fc3a9fcb700            table_factory options:   flush_block_policy_factory: FlushBlockBySizePolicyFactory (0x7fc35002d270)
  cache_index_and_filter_blocks: 0
  cache_index_and_filter_blocks_with_high_priority: 0
  pin_l0_filter_and_index_blocks_in_cache: 0
  pin_top_level_index_and_filter: 1
  index_type: 0
  hash_index_allow_collision: 1
  checksum: 1
  no_block_cache: 0
  block_cache: 0x7fc35002cb70
  block_cache_name: LRUCache
  block_cache_options:
    capacity : 8388608
    num_shard_bits : 4
    strict_capacity_limit : 0
    memory_allocator : None
    high_pri_pool_ratio: 0.000
  block_cache_compressed: (nil)
  persistent_cache: (nil)
  block_size: 4096
  block_size_deviation: 10
  block_restart_interval: 16
  index_block_restart_interval: 1
  metadata_block_size: 4096
  partition_filters: 0
  use_delta_encoding: 1
  filter_policy: nullptr
  whole_key_filtering: 1
  verify_compression: 0
  read_amp_bytes_per_bit: 0
  format_version: 2
  enable_index_compression: 1
  block_align: 0
2019/10/17-14:55:05.216208 7fc3a9fcb700        Options.write_buffer_size: 67108864
2019/10/17-14:55:05.216209 7fc3a9fcb700  Options.max_write_buffer_number: 2
2019/10/17-14:55:05.216211 7fc3a9fcb700          Options.compression: NoCompression
2019/10/17-14:55:05.216212 7fc3a9fcb700                  Options.bottommost_compression: Disabled
2019/10/17-14:55:05.216213 7fc3a9fcb700       Options.prefix_extractor: nullptr
2019/10/17-14:55:05.216214 7fc3a9fcb700   Options.memtable_insert_with_hint_prefix_extractor: nullptr
2019/10/17-14:55:05.216215 7fc3a9fcb700             Options.num_levels: 7
2019/10/17-14:55:05.216217 7fc3a9fcb700        Options.min_write_buffer_number_to_merge: 1
2019/10/17-14:55:05.216218 7fc3a9fcb700     Options.max_write_buffer_number_to_maintain: 0
2019/10/17-14:55:05.216219 7fc3a9fcb700            Options.bottommost_compression_opts.window_bits: -14
2019/10/17-14:55:05.216220 7fc3a9fcb700                  Options.bottommost_compression_opts.level: 32767
2019/10/17-14:55:05.216221 7fc3a9fcb700               Options.bottommost_compression_opts.strategy: 0
2019/10/17-14:55:05.216222 7fc3a9fcb700         Options.bottommost_compression_opts.max_dict_bytes: 0
2019/10/17-14:55:05.216223 7fc3a9fcb700         Options.bottommost_compression_opts.zstd_max_train_bytes: 0
2019/10/17-14:55:05.216225 7fc3a9fcb700                  Options.bottommost_compression_opts.enabled: false
2019/10/17-14:55:05.216226 7fc3a9fcb700            Options.compression_opts.window_bits: -14
2019/10/17-14:55:05.216227 7fc3a9fcb700                  Options.compression_opts.level: 32767
2019/10/17-14:55:05.216228 7fc3a9fcb700               Options.compression_opts.strategy: 0
2019/10/17-14:55:05.216229 7fc3a9fcb700         Options.compression_opts.max_dict_bytes: 0
2019/10/17-14:55:05.216230 7fc3a9fcb700         Options.compression_opts.zstd_max_train_bytes: 0
2019/10/17-14:55:05.216232 7fc3a9fcb700                  Options.compression_opts.enabled: false
2019/10/17-14:55:05.216233 7fc3a9fcb700      Options.level0_file_num_compaction_trigger: 4
2019/10/17-14:55:05.216234 7fc3a9fcb700          Options.level0_slowdown_writes_trigger: 20
2019/10/17-14:55:05.216235 7fc3a9fcb700              Options.level0_stop_writes_trigger: 36
2019/10/17-14:55:05.216236 7fc3a9fcb700                   Options.target_file_size_base: 67108864
2019/10/17-14:55:05.216237 7fc3a9fcb700             Options.target_file_size_multiplier: 1
2019/10/17-14:55:05.216239 7fc3a9fcb700                Options.max_bytes_for_level_base: 268435456
2019/10/17-14:55:05.216240 7fc3a9fcb700 Options.level_compaction_dynamic_level_bytes: 0
2019/10/17-14:55:05.216241 7fc3a9fcb700          Options.max_bytes_for_level_multiplier: 10.000000
2019/10/17-14:55:05.216243 7fc3a9fcb700 Options.max_bytes_for_level_multiplier_addtl[0]: 1
2019/10/17-14:55:05.216244 7fc3a9fcb700 Options.max_bytes_for_level_multiplier_addtl[1]: 1
2019/10/17-14:55:05.216246 7fc3a9fcb700 Options.max_bytes_for_level_multiplier_addtl[2]: 1
2019/10/17-14:55:05.216247 7fc3a9fcb700 Options.max_bytes_for_level_multiplier_addtl[3]: 1
2019/10/17-14:55:05.216248 7fc3a9fcb700 Options.max_bytes_for_level_multiplier_addtl[4]: 1
2019/10/17-14:55:05.216249 7fc3a9fcb700 Options.max_bytes_for_level_multiplier_addtl[5]: 1
2019/10/17-14:55:05.216250 7fc3a9fcb700 Options.max_bytes_for_level_multiplier_addtl[6]: 1
2019/10/17-14:55:05.216251 7fc3a9fcb700       Options.max_sequential_skip_in_iterations: 8
2019/10/17-14:55:05.216253 7fc3a9fcb700                    Options.max_compaction_bytes: 1677721600
2019/10/17-14:55:05.216254 7fc3a9fcb700                        Options.arena_block_size: 8388608
2019/10/17-14:55:05.216255 7fc3a9fcb700   Options.soft_pending_compaction_bytes_limit: 68719476736
2019/10/17-14:55:05.216262 7fc3a9fcb700   Options.hard_pending_compaction_bytes_limit: 274877906944
2019/10/17-14:55:05.216263 7fc3a9fcb700       Options.rate_limit_delay_max_milliseconds: 100
2019/10/17-14:55:05.216264 7fc3a9fcb700                Options.disable_auto_compactions: 0
2019/10/17-14:55:05.216266 7fc3a9fcb700                        Options.compaction_style: kCompactionStyleLevel
2019/10/17-14:55:05.216267 7fc3a9fcb700                          Options.compaction_pri: kByCompensatedSize
2019/10/17-14:55:05.216269 7fc3a9fcb700 Options.compaction_options_universal.size_ratio: 1
2019/10/17-14:55:05.216270 7fc3a9fcb700 Options.compaction_options_universal.min_merge_width: 2
2019/10/17-14:55:05.216271 7fc3a9fcb700 Options.compaction_options_universal.max_merge_width: 4294967295
2019/10/17-14:55:05.216272 7fc3a9fcb700 Options.compaction_options_universal.max_size_amplification_percent: 200
2019/10/17-14:55:05.216273 7fc3a9fcb700 Options.compaction_options_universal.compression_size_percent: -1
2019/10/17-14:55:05.216275 7fc3a9fcb700 Options.compaction_options_universal.stop_style: kCompactionStopStyleTotalSize
2019/10/17-14:55:05.216276 7fc3a9fcb700 Options.compaction_options_fifo.max_table_files_size: 1073741824
2019/10/17-14:55:05.216277 7fc3a9fcb700 Options.compaction_options_fifo.allow_compaction: 0
2019/10/17-14:55:05.216278 7fc3a9fcb700 Options.compaction_options_fifo.ttl: 0
2019/10/17-14:55:05.216279 7fc3a9fcb700                   Options.table_properties_collectors: 
2019/10/17-14:55:05.216281 7fc3a9fcb700                   Options.inplace_update_support: 0
2019/10/17-14:55:05.216282 7fc3a9fcb700                 Options.inplace_update_num_locks: 10000
2019/10/17-14:55:05.216283 7fc3a9fcb700               Options.memtable_prefix_bloom_size_ratio: 0.000000
2019/10/17-14:55:05.216284 7fc3a9fcb700   Options.memtable_huge_page_size: 0
2019/10/17-14:55:05.216286 7fc3a9fcb700                           Options.bloom_locality: 0
2019/10/17-14:55:05.216287 7fc3a9fcb700                    Options.max_successive_merges: 0
2019/10/17-14:55:05.216288 7fc3a9fcb700                Options.optimize_filters_for_hits: 0
2019/10/17-14:55:05.216289 7fc3a9fcb700                Options.paranoid_file_checks: 0
2019/10/17-14:55:05.216290 7fc3a9fcb700                Options.force_consistency_checks: 0
2019/10/17-14:55:05.216291 7fc3a9fcb700                Options.report_bg_io_stats: 0
2019/10/17-14:55:05.216293 7fc3a9fcb700                               Options.ttl: 0
2019/10/17-14:55:05.216314 7fc3a9fcb700 [db/column_family.cc:472] --------------- Options for column family [dc_entries]:
2019/10/17-14:55:05.216316 7fc3a9fcb700               Options.comparator: leveldb.BytewiseComparator
2019/10/17-14:55:05.216317 7fc3a9fcb700           Options.merge_operator: None
2019/10/17-14:55:05.216318 7fc3a9fcb700        Options.compaction_filter: None
2019/10/17-14:55:05.216320 7fc3a9fcb700        Options.compaction_filter_factory: None
2019/10/17-14:55:05.216321 7fc3a9fcb700         Options.memtable_factory: SkipListFactory
2019/10/17-14:55:05.216322 7fc3a9fcb700            Options.table_factory: BlockBasedTable
2019/10/17-14:55:05.216336 7fc3a9fcb700            table_factory options:   flush_block_policy_factory: FlushBlockBySizePolicyFactory (0x7fc3500fdda0)
  cache_index_and_filter_blocks: 0
  cache_index_and_filter_blocks_with_high_priority: 0
  pin_l0_filter_and_index_blocks_in_cache: 0
  pin_top_level_index_and_filter: 1
  index_type: 0
  hash_index_allow_collision: 1
  checksum: 1
  no_block_cache: 0
  block_cache: 0x7fc350067480
  block_cache_name: LRUCache
  block_cache_options:
    capacity : 8388608
    num_shard_bits : 4
    strict_capacity_limit : 0
    memory_allocator : None
    high_pri_pool_ratio: 0.000
  block_cache_compressed: (nil)
  persistent_cache: (nil)
  block_size: 4096
  block_size_deviation: 10
  block_restart_interval: 16
  index_block_restart_interval: 1
  metadata_block_size: 4096
  partition_filters: 0
  use_delta_encoding: 1
  filter_policy: nullptr
  whole_key_filtering: 1
  verify_compression: 0
  read_amp_bytes_per_bit: 0
  format_version: 2
  enable_index_compression: 1
  block_align: 0
2019/10/17-14:55:05.216346 7fc3a9fcb700        Options.write_buffer_size: 67108864
2019/10/17-14:55:05.216347 7fc3a9fcb700  Options.max_write_buffer_number: 2
2019/10/17-14:55:05.216349 7fc3a9fcb700          Options.compression: NoCompression
2019/10/17-14:55:05.216350 7fc3a9fcb700                  Options.bottommost_compression: Disabled
2019/10/17-14:55:05.216351 7fc3a9fcb700       Options.prefix_extractor: nullptr
2019/10/17-14:55:05.216352 7fc3a9fcb700   Options.memtable_insert_with_hint_prefix_extractor: nullptr
2019/10/17-14:55:05.216353 7fc3a9fcb700             Options.num_levels: 7
2019/10/17-14:55:05.216355 7fc3a9fcb700        Options.min_write_buffer_number_to_merge: 1
2019/10/17-14:55:05.216356 7fc3a9fcb700     Options.max_write_buffer_number_to_maintain: 0
2019/10/17-14:55:05.216357 7fc3a9fcb700            Options.bottommost_compression_opts.window_bits: -14
2019/10/17-14:55:05.216358 7fc3a9fcb700                  Options.bottommost_compression_opts.level: 32767
2019/10/17-14:55:05.216359 7fc3a9fcb700               Options.bottommost_compression_opts.strategy: 0
2019/10/17-14:55:05.216360 7fc3a9fcb700         Options.bottommost_compression_opts.max_dict_bytes: 0
2019/10/17-14:55:05.216361 7fc3a9fcb700         Options.bottommost_compression_opts.zstd_max_train_bytes: 0
2019/10/17-14:55:05.216363 7fc3a9fcb700                  Options.bottommost_compression_opts.enabled: false
2019/10/17-14:55:05.216364 7fc3a9fcb700            Options.compression_opts.window_bits: -14
2019/10/17-14:55:05.216365 7fc3a9fcb700                  Options.compression_opts.level: 32767
2019/10/17-14:55:05.216366 7fc3a9fcb700               Options.compression_opts.strategy: 0
2019/10/17-14:55:05.216367 7fc3a9fcb700         Options.compression_opts.max_dict_bytes: 0
2019/10/17-14:55:05.216368 7fc3a9fcb700         Options.compression_opts.zstd_max_train_bytes: 0
2019/10/17-14:55:05.216370 7fc3a9fcb700                  Options.compression_opts.enabled: false
2019/10/17-14:55:05.216371 7fc3a9fcb700      Options.level0_file_num_compaction_trigger: 4
2019/10/17-14:55:05.216372 7fc3a9fcb700          Options.level0_slowdown_writes_trigger: 20
2019/10/17-14:55:05.216373 7fc3a9fcb700              Options.level0_stop_writes_trigger: 36
2019/10/17-14:55:05.216374 7fc3a9fcb700                   Options.target_file_size_base: 67108864
2019/10/17-14:55:05.216375 7fc3a9fcb700             Options.target_file_size_multiplier: 1
2019/10/17-14:55:05.216377 7fc3a9fcb700                Options.max_bytes_for_level_base: 268435456
2019/10/17-14:55:05.216378 7fc3a9fcb700 Options.level_compaction_dynamic_level_bytes: 0
2019/10/17-14:55:05.216379 7fc3a9fcb700          Options.max_bytes_for_level_multiplier: 10.000000
2019/10/17-14:55:05.216381 7fc3a9fcb700 Options.max_bytes_for_level_multiplier_addtl[0]: 1
2019/10/17-14:55:05.216382 7fc3a9fcb700 Options.max_bytes_for_level_multiplier_addtl[1]: 1
2019/10/17-14:55:05.216383 7fc3a9fcb700 Options.max_bytes_for_level_multiplier_addtl[2]: 1
2019/10/17-14:55:05.216385 7fc3a9fcb700 Options.max_bytes_for_level_multiplier_addtl[3]: 1
2019/10/17-14:55:05.216386 7fc3a9fcb700 Options.max_bytes_for_level_multiplier_addtl[4]: 1
2019/10/17-14:55:05.216387 7fc3a9fcb700 Options.max_bytes_for_level_multiplier_addtl[5]: 1
2019/10/17-14:55:05.216388 7fc3a9fcb700 Options.max_bytes_for_level_multiplier_addtl[6]: 1
2019/10/17-14:55:05.216389 7fc3a9fcb700       Options.max_sequential_skip_in_iterations: 8
2019/10/17-14:55:05.216390 7fc3a9fcb700                    Options.max_compaction_bytes: 1677721600
2019/10/17-14:55:05.216392 7fc3a9fcb700                        Options.arena_block_size: 8388608
2019/10/17-14:55:05.216393 7fc3a9fcb700   Options.soft_pending_compaction_bytes_limit: 68719476736
2019/10/17-14:55:05.216394 7fc3a9fcb700   Options.hard_pending_compaction_bytes_limit: 274877906944
2019/10/17-14:55:05.216395 7fc3a9fcb700       Options.rate_limit_delay_max_milliseconds: 100
2019/10/17-14:55:05.216396 7fc3a9fcb700                Options.disable_auto_compactions: 0
2019/10/17-14:55:05.216403 7fc3a9fcb700                        Options.compaction_style: kCompactionStyleLevel
2019/10/17-14:55:05.216405 7fc3a9fcb700                          Options.compaction_pri: kByCompensatedSize
2019/10/17-14:55:05.216406 7fc3a9fcb700 Options.compaction_options_universal.size_ratio: 1
2019/10/17-14:55:05.216408 7fc3a9fcb700 Options.compaction_options_universal.min_merge_width: 2
2019/10/17-14:55:05.216409 7fc3a9fcb700 Options.compaction_options_universal.max_merge_width: 4294967295
2019/10/17-14:55:05.216410 7fc3a9fcb700 Options.compaction_options_universal.max_size_amplification_percent: 200
2019/10/17-14:55:05.216411 7fc3a9fcb700 Options.compaction_options_universal.compression_size_percent: -1
2019/10/17-14:55:05.216412 7fc3a9fcb700 Options.compaction_options_universal.stop_style: kCompactionStopStyleTotalSize
2019/10/17-14:55:05.216414 7fc3a9fcb700 Options.compaction_options_fifo.max_table_files_size: 1073741824
2019/10/17-14:55:05.216415 7fc3a9fcb700 Options.compaction_options_fifo.allow_compaction: 0
2019/10/17-14:55:05.216416 7fc3a9fcb700 Options.compaction_options_fifo.ttl: 0
2019/10/17-14:55:05.216417 7fc3a9fcb700                   Options.table_properties_collectors: 
2019/10/17-14:55:05.216418 7fc3a9fcb700                   Options.inplace_update_support: 0
2019/10/17-14:55:05.216419 7fc3a9fcb700                 Options.inplace_update_num_locks: 10000
2019/10/17-14:55:05.216421 7fc3a9fcb700               Options.memtable_prefix_bloom_size_ratio: 0.000000
2019/10/17-14:55:05.216422 7fc3a9fcb700   Options.memtable_huge_page_size: 0
2019/10/17-14:55:05.216423 7fc3a9fcb700                           Options.bloom_locality: 0
2019/10/17-14:55:05.216424 7fc3a9fcb700                    Options.max_successive_merges: 0
2019/10/17-14:55:05.216426 7fc3a9fcb700                Options.optimize_filters_for_hits: 0
2019/10/17-14:55:05.216427 7fc3a9fcb700                Options.paranoid_file_checks: 0
2019/10/17-14:55:05.216428 7fc3a9fcb700                Options.force_consistency_checks: 0
2019/10/17-14:55:05.216429 7fc3a9fcb700                Options.report_bg_io_stats: 0
2019/10/17-14:55:05.216430 7fc3a9fcb700                               Options.ttl: 0
2019/10/17-14:55:05.216449 7fc3a9fcb700 [db/column_family.cc:472] --------------- Options for column family [htlcs]:
2019/10/17-14:55:05.216451 7fc3a9fcb700               Options.comparator: leveldb.BytewiseComparator
2019/10/17-14:55:05.216452 7fc3a9fcb700           Options.merge_operator: None
2019/10/17-14:55:05.216453 7fc3a9fcb700        Options.compaction_filter: None
2019/10/17-14:55:05.216454 7fc3a9fcb700        Options.compaction_filter_factory: None
2019/10/17-14:55:05.216456 7fc3a9fcb700         Options.memtable_factory: SkipListFactory
2019/10/17-14:55:05.216457 7fc3a9fcb700            Options.table_factory: BlockBasedTable
2019/10/17-14:55:05.216471 7fc3a9fcb700            table_factory options:   flush_block_policy_factory: FlushBlockBySizePolicyFactory (0x7fc35002a3b0)
