2019/10/17-14:56:03.028232 7fbc2cd30700 RocksDB version: 5.18.3
2019/10/17-14:56:03.028261 7fbc2cd30700 Git sha rocksdb_build_git_sha:@0@
2019/10/17-14:56:03.028263 7fbc2cd30700 Compile date Sep 19 2019
2019/10/17-14:56:03.028264 7fbc2cd30700 DB SUMMARY
2019/10/17-14:56:03.028925 7fbc2cd30700 CURRENT file:  CURRENT
2019/10/17-14:56:03.028926 7fbc2cd30700 IDENTITY file:  IDENTITY
2019/10/17-14:56:03.028954 7fbc2cd30700 MANIFEST file:  MANIFEST-116710 size: 4114 Bytes
2019/10/17-14:56:03.028955 7fbc2cd30700 SST files in /home/rahul/dev/blockchain-core/eqc/ledger.db dir, Total Num: 29, files: 000624.sst 000627.sst 106940.sst 108447.sst 108450.sst 109471.sst 109483.sst 109485.sst 109486.sst 
2019/10/17-14:56:03.028956 7fbc2cd30700 Write Ahead Log file in /home/rahul/dev/blockchain-core/eqc/ledger.db: 116711.log size: 0 ; 
2019/10/17-14:56:03.028987 7fbc2cd30700                         Options.error_if_exists: 0
2019/10/17-14:56:03.028989 7fbc2cd30700                       Options.create_if_missing: 1
2019/10/17-14:56:03.028990 7fbc2cd30700                         Options.paranoid_checks: 1
2019/10/17-14:56:03.028990 7fbc2cd30700                                     Options.env: 0x7fbbafa7bc60
2019/10/17-14:56:03.028991 7fbc2cd30700                                Options.info_log: 0x7fbbb8109230
2019/10/17-14:56:03.028992 7fbc2cd30700                Options.max_file_opening_threads: 16
2019/10/17-14:56:03.028993 7fbc2cd30700                              Options.statistics: (nil)
2019/10/17-14:56:03.028993 7fbc2cd30700                               Options.use_fsync: 0
2019/10/17-14:56:03.028994 7fbc2cd30700                       Options.max_log_file_size: 0
2019/10/17-14:56:03.028995 7fbc2cd30700                  Options.max_manifest_file_size: 1073741824
2019/10/17-14:56:03.028996 7fbc2cd30700                   Options.log_file_time_to_roll: 0
2019/10/17-14:56:03.028997 7fbc2cd30700                       Options.keep_log_file_num: 1000
2019/10/17-14:56:03.028997 7fbc2cd30700                    Options.recycle_log_file_num: 0
2019/10/17-14:56:03.028998 7fbc2cd30700                         Options.allow_fallocate: 1
2019/10/17-14:56:03.028999 7fbc2cd30700                        Options.allow_mmap_reads: 0
2019/10/17-14:56:03.028999 7fbc2cd30700                       Options.allow_mmap_writes: 0
2019/10/17-14:56:03.029000 7fbc2cd30700                        Options.use_direct_reads: 0
2019/10/17-14:56:03.029001 7fbc2cd30700                        Options.use_direct_io_for_flush_and_compaction: 0
2019/10/17-14:56:03.029001 7fbc2cd30700          Options.create_missing_column_families: 0
2019/10/17-14:56:03.029002 7fbc2cd30700                              Options.db_log_dir: 
2019/10/17-14:56:03.029003 7fbc2cd30700                                 Options.wal_dir: /home/rahul/dev/blockchain-core/eqc/ledger.db
2019/10/17-14:56:03.029004 7fbc2cd30700                Options.table_cache_numshardbits: 6
2019/10/17-14:56:03.029004 7fbc2cd30700                      Options.max_subcompactions: 1
2019/10/17-14:56:03.029005 7fbc2cd30700                  Options.max_background_flushes: -1
2019/10/17-14:56:03.029006 7fbc2cd30700                         Options.WAL_ttl_seconds: 0
2019/10/17-14:56:03.029007 7fbc2cd30700                       Options.WAL_size_limit_MB: 0
2019/10/17-14:56:03.029007 7fbc2cd30700             Options.manifest_preallocation_size: 4194304
2019/10/17-14:56:03.029008 7fbc2cd30700                     Options.is_fd_close_on_exec: 1
2019/10/17-14:56:03.029009 7fbc2cd30700                   Options.advise_random_on_open: 1
2019/10/17-14:56:03.029009 7fbc2cd30700                    Options.db_write_buffer_size: 0
2019/10/17-14:56:03.029010 7fbc2cd30700                    Options.write_buffer_manager: 0x7fbbb8003fd0
2019/10/17-14:56:03.029011 7fbc2cd30700         Options.access_hint_on_compaction_start: 1
2019/10/17-14:56:03.029012 7fbc2cd30700  Options.new_table_reader_for_compaction_inputs: 0
2019/10/17-14:56:03.029012 7fbc2cd30700           Options.random_access_max_buffer_size: 1048576
2019/10/17-14:56:03.029013 7fbc2cd30700                      Options.use_adaptive_mutex: 0
2019/10/17-14:56:03.029014 7fbc2cd30700                            Options.rate_limiter: (nil)
2019/10/17-14:56:03.029022 7fbc2cd30700     Options.sst_file_manager.rate_bytes_per_sec: 0
2019/10/17-14:56:03.029023 7fbc2cd30700                       Options.wal_recovery_mode: 2
2019/10/17-14:56:03.029024 7fbc2cd30700                  Options.enable_thread_tracking: 0
2019/10/17-14:56:03.029025 7fbc2cd30700                  Options.enable_pipelined_write: 0
2019/10/17-14:56:03.029025 7fbc2cd30700         Options.allow_concurrent_memtable_write: 1
2019/10/17-14:56:03.029026 7fbc2cd30700      Options.enable_write_thread_adaptive_yield: 1
2019/10/17-14:56:03.029027 7fbc2cd30700             Options.write_thread_max_yield_usec: 100
2019/10/17-14:56:03.029027 7fbc2cd30700            Options.write_thread_slow_yield_usec: 3
2019/10/17-14:56:03.029028 7fbc2cd30700                               Options.row_cache: None
2019/10/17-14:56:03.029029 7fbc2cd30700                              Options.wal_filter: None
2019/10/17-14:56:03.029030 7fbc2cd30700             Options.avoid_flush_during_recovery: 0
2019/10/17-14:56:03.029030 7fbc2cd30700             Options.allow_ingest_behind: 0
2019/10/17-14:56:03.029031 7fbc2cd30700             Options.preserve_deletes: 0
2019/10/17-14:56:03.029032 7fbc2cd30700             Options.two_write_queues: 0
2019/10/17-14:56:03.029032 7fbc2cd30700             Options.manual_wal_flush: 0
2019/10/17-14:56:03.029033 7fbc2cd30700             Options.max_background_jobs: 2
2019/10/17-14:56:03.029034 7fbc2cd30700             Options.max_background_compactions: -1
2019/10/17-14:56:03.029035 7fbc2cd30700             Options.avoid_flush_during_shutdown: 0
2019/10/17-14:56:03.029035 7fbc2cd30700           Options.writable_file_max_buffer_size: 1048576
2019/10/17-14:56:03.029036 7fbc2cd30700             Options.delayed_write_rate : 16777216
2019/10/17-14:56:03.029037 7fbc2cd30700             Options.max_total_wal_size: 0
2019/10/17-14:56:03.029037 7fbc2cd30700             Options.delete_obsolete_files_period_micros: 21600000000
2019/10/17-14:56:03.029038 7fbc2cd30700                   Options.stats_dump_period_sec: 600
2019/10/17-14:56:03.029039 7fbc2cd30700                          Options.max_open_files: -1
2019/10/17-14:56:03.029039 7fbc2cd30700                          Options.bytes_per_sync: 0
2019/10/17-14:56:03.029040 7fbc2cd30700                      Options.wal_bytes_per_sync: 0
2019/10/17-14:56:03.029041 7fbc2cd30700       Options.compaction_readahead_size: 0
2019/10/17-14:56:03.029042 7fbc2cd30700 Compression algorithms supported:
2019/10/17-14:56:03.029043 7fbc2cd30700 	kZSTDNotFinalCompression supported: 0
2019/10/17-14:56:03.029044 7fbc2cd30700 	kZSTD supported: 0
2019/10/17-14:56:03.029045 7fbc2cd30700 	kXpressCompression supported: 0
2019/10/17-14:56:03.029045 7fbc2cd30700 	kLZ4HCCompression supported: 0
2019/10/17-14:56:03.029046 7fbc2cd30700 	kLZ4Compression supported: 0
2019/10/17-14:56:03.029047 7fbc2cd30700 	kBZip2Compression supported: 0
2019/10/17-14:56:03.029048 7fbc2cd30700 	kZlibCompression supported: 0
2019/10/17-14:56:03.029048 7fbc2cd30700 	kSnappyCompression supported: 0
2019/10/17-14:56:03.029050 7fbc2cd30700 Fast CRC32 supported: Supported on x86
2019/10/17-14:56:03.029137 7fbc2cd30700 [db/version_set.cc:3507] Recovering from manifest file: MANIFEST-116710
2019/10/17-14:56:03.029166 7fbc2cd30700 [db/column_family.cc:472] --------------- Options for column family [default]:
2019/10/17-14:56:03.029167 7fbc2cd30700               Options.comparator: leveldb.BytewiseComparator
2019/10/17-14:56:03.029168 7fbc2cd30700           Options.merge_operator: None
2019/10/17-14:56:03.029169 7fbc2cd30700        Options.compaction_filter: None
2019/10/17-14:56:03.029170 7fbc2cd30700        Options.compaction_filter_factory: None
2019/10/17-14:56:03.029170 7fbc2cd30700         Options.memtable_factory: SkipListFactory
2019/10/17-14:56:03.029171 7fbc2cd30700            Options.table_factory: BlockBasedTable
2019/10/17-14:56:03.029186 7fbc2cd30700            table_factory options:   flush_block_policy_factory: FlushBlockBySizePolicyFactory (0x7fbbb84417e0)
  cache_index_and_filter_blocks: 0
  cache_index_and_filter_blocks_with_high_priority: 0
  pin_l0_filter_and_index_blocks_in_cache: 0
  pin_top_level_index_and_filter: 1
  index_type: 0
  hash_index_allow_collision: 1
  checksum: 1
  no_block_cache: 0
  block_cache: 0x7fbbb8103320
  block_cache_name: LRUCache
  block_cache_options:
    capacity : 8388608
    num_shard_bits : 4
    strict_capacity_limit : 0
    memory_allocator : None
    high_pri_pool_ratio: 0.000
  block_cache_compressed: (nil)
  persistent_cache: (nil)
  block_size: 4096
  block_size_deviation: 10
  block_restart_interval: 16
  index_block_restart_interval: 1
  metadata_block_size: 4096
  partition_filters: 0
  use_delta_encoding: 1
  filter_policy: nullptr
  whole_key_filtering: 1
  verify_compression: 0
  read_amp_bytes_per_bit: 0
  format_version: 2
  enable_index_compression: 1
  block_align: 0
2019/10/17-14:56:03.029194 7fbc2cd30700        Options.write_buffer_size: 67108864
2019/10/17-14:56:03.029195 7fbc2cd30700  Options.max_write_buffer_number: 2
2019/10/17-14:56:03.029196 7fbc2cd30700          Options.compression: NoCompression
2019/10/17-14:56:03.029197 7fbc2cd30700                  Options.bottommost_compression: Disabled
2019/10/17-14:56:03.029197 7fbc2cd30700       Options.prefix_extractor: nullptr
2019/10/17-14:56:03.029198 7fbc2cd30700   Options.memtable_insert_with_hint_prefix_extractor: nullptr
2019/10/17-14:56:03.029199 7fbc2cd30700             Options.num_levels: 7
2019/10/17-14:56:03.029200 7fbc2cd30700        Options.min_write_buffer_number_to_merge: 1
2019/10/17-14:56:03.029200 7fbc2cd30700     Options.max_write_buffer_number_to_maintain: 0
2019/10/17-14:56:03.029201 7fbc2cd30700            Options.bottommost_compression_opts.window_bits: -14
2019/10/17-14:56:03.029202 7fbc2cd30700                  Options.bottommost_compression_opts.level: 32767
2019/10/17-14:56:03.029203 7fbc2cd30700               Options.bottommost_compression_opts.strategy: 0
2019/10/17-14:56:03.029203 7fbc2cd30700         Options.bottommost_compression_opts.max_dict_bytes: 0
2019/10/17-14:56:03.029204 7fbc2cd30700         Options.bottommost_compression_opts.zstd_max_train_bytes: 0
2019/10/17-14:56:03.029205 7fbc2cd30700                  Options.bottommost_compression_opts.enabled: false
2019/10/17-14:56:03.029205 7fbc2cd30700            Options.compression_opts.window_bits: -14
2019/10/17-14:56:03.029206 7fbc2cd30700                  Options.compression_opts.level: 32767
2019/10/17-14:56:03.029207 7fbc2cd30700               Options.compression_opts.strategy: 0
2019/10/17-14:56:03.029208 7fbc2cd30700         Options.compression_opts.max_dict_bytes: 0
2019/10/17-14:56:03.029208 7fbc2cd30700         Options.compression_opts.zstd_max_train_bytes: 0
2019/10/17-14:56:03.029209 7fbc2cd30700                  Options.compression_opts.enabled: false
2019/10/17-14:56:03.029210 7fbc2cd30700      Options.level0_file_num_compaction_trigger: 4
2019/10/17-14:56:03.029210 7fbc2cd30700          Options.level0_slowdown_writes_trigger: 20
2019/10/17-14:56:03.029211 7fbc2cd30700              Options.level0_stop_writes_trigger: 36
2019/10/17-14:56:03.029212 7fbc2cd30700                   Options.target_file_size_base: 67108864
2019/10/17-14:56:03.029213 7fbc2cd30700             Options.target_file_size_multiplier: 1
2019/10/17-14:56:03.029213 7fbc2cd30700                Options.max_bytes_for_level_base: 268435456
2019/10/17-14:56:03.029214 7fbc2cd30700 Options.level_compaction_dynamic_level_bytes: 0
2019/10/17-14:56:03.029215 7fbc2cd30700          Options.max_bytes_for_level_multiplier: 10.000000
2019/10/17-14:56:03.029217 7fbc2cd30700 Options.max_bytes_for_level_multiplier_addtl[0]: 1
2019/10/17-14:56:03.029218 7fbc2cd30700 Options.max_bytes_for_level_multiplier_addtl[1]: 1
2019/10/17-14:56:03.029218 7fbc2cd30700 Options.max_bytes_for_level_multiplier_addtl[2]: 1
2019/10/17-14:56:03.029219 7fbc2cd30700 Options.max_bytes_for_level_multiplier_addtl[3]: 1
2019/10/17-14:56:03.029220 7fbc2cd30700 Options.max_bytes_for_level_multiplier_addtl[4]: 1
2019/10/17-14:56:03.029224 7fbc2cd30700 Options.max_bytes_for_level_multiplier_addtl[5]: 1
2019/10/17-14:56:03.029225 7fbc2cd30700 Options.max_bytes_for_level_multiplier_addtl[6]: 1
2019/10/17-14:56:03.029226 7fbc2cd30700       Options.max_sequential_skip_in_iterations: 8
2019/10/17-14:56:03.029226 7fbc2cd30700                    Options.max_compaction_bytes: 1677721600
2019/10/17-14:56:03.029227 7fbc2cd30700                        Options.arena_block_size: 8388608
2019/10/17-14:56:03.029228 7fbc2cd30700   Options.soft_pending_compaction_bytes_limit: 68719476736
2019/10/17-14:56:03.029229 7fbc2cd30700   Options.hard_pending_compaction_bytes_limit: 274877906944
2019/10/17-14:56:03.029229 7fbc2cd30700       Options.rate_limit_delay_max_milliseconds: 100
2019/10/17-14:56:03.029230 7fbc2cd30700                Options.disable_auto_compactions: 0
2019/10/17-14:56:03.029232 7fbc2cd30700                        Options.compaction_style: kCompactionStyleLevel
2019/10/17-14:56:03.029233 7fbc2cd30700                          Options.compaction_pri: kByCompensatedSize
2019/10/17-14:56:03.029234 7fbc2cd30700 Options.compaction_options_universal.size_ratio: 1
2019/10/17-14:56:03.029234 7fbc2cd30700 Options.compaction_options_universal.min_merge_width: 2
2019/10/17-14:56:03.029235 7fbc2cd30700 Options.compaction_options_universal.max_merge_width: 4294967295
2019/10/17-14:56:03.029236 7fbc2cd30700 Options.compaction_options_universal.max_size_amplification_percent: 200
2019/10/17-14:56:03.029236 7fbc2cd30700 Options.compaction_options_universal.compression_size_percent: -1
2019/10/17-14:56:03.029237 7fbc2cd30700 Options.compaction_options_universal.stop_style: kCompactionStopStyleTotalSize
2019/10/17-14:56:03.029238 7fbc2cd30700 Options.compaction_options_fifo.max_table_files_size: 1073741824
2019/10/17-14:56:03.029239 7fbc2cd30700 Options.compaction_options_fifo.allow_compaction: 0
2019/10/17-14:56:03.029240 7fbc2cd30700 Options.compaction_options_fifo.ttl: 0
2019/10/17-14:56:03.029240 7fbc2cd30700                   Options.table_properties_collectors: 
2019/10/17-14:56:03.029241 7fbc2cd30700                   Options.inplace_update_support: 0
2019/10/17-14:56:03.029242 7fbc2cd30700                 Options.inplace_update_num_locks: 10000
2019/10/17-14:56:03.029243 7fbc2cd30700               Options.memtable_prefix_bloom_size_ratio: 0.000000
2019/10/17-14:56:03.029244 7fbc2cd30700   Options.memtable_huge_page_size: 0
2019/10/17-14:56:03.029244 7fbc2cd30700                           Options.bloom_locality: 0
2019/10/17-14:56:03.029245 7fbc2cd30700                    Options.max_successive_merges: 0
2019/10/17-14:56:03.029246 7fbc2cd30700                Options.optimize_filters_for_hits: 0
2019/10/17-14:56:03.029246 7fbc2cd30700                Options.paranoid_file_checks: 0
2019/10/17-14:56:03.029247 7fbc2cd30700                Options.force_consistency_checks: 0
2019/10/17-14:56:03.029248 7fbc2cd30700                Options.report_bg_io_stats: 0
2019/10/17-14:56:03.029248 7fbc2cd30700                               Options.ttl: 0
2019/10/17-14:56:03.029284 7fbc2cd30700 [db/column_family.cc:472] --------------- Options for column family [active_gateways]:
2019/10/17-14:56:03.029285 7fbc2cd30700               Options.comparator: leveldb.BytewiseComparator
2019/10/17-14:56:03.029286 7fbc2cd30700           Options.merge_operator: None
2019/10/17-14:56:03.029287 7fbc2cd30700        Options.compaction_filter: None
2019/10/17-14:56:03.029288 7fbc2cd30700        Options.compaction_filter_factory: None
2019/10/17-14:56:03.029288 7fbc2cd30700         Options.memtable_factory: SkipListFactory
2019/10/17-14:56:03.029289 7fbc2cd30700            Options.table_factory: BlockBasedTable
2019/10/17-14:56:03.029299 7fbc2cd30700            table_factory options:   flush_block_policy_factory: FlushBlockBySizePolicyFactory (0x7fbbb80224e0)
  cache_index_and_filter_blocks: 0
  cache_index_and_filter_blocks_with_high_priority: 0
  pin_l0_filter_and_index_blocks_in_cache: 0
  pin_top_level_index_and_filter: 1
  index_type: 0
  hash_index_allow_collision: 1
  checksum: 1
  no_block_cache: 0
  block_cache: 0x7fbbb8109690
  block_cache_name: LRUCache
  block_cache_options:
    capacity : 8388608
    num_shard_bits : 4
    strict_capacity_limit : 0
    memory_allocator : None
    high_pri_pool_ratio: 0.000
  block_cache_compressed: (nil)
  persistent_cache: (nil)
  block_size: 4096
  block_size_deviation: 10
  block_restart_interval: 16
  index_block_restart_interval: 1
  metadata_block_size: 4096
  partition_filters: 0
  use_delta_encoding: 1
  filter_policy: nullptr
  whole_key_filtering: 1
  verify_compression: 0
  read_amp_bytes_per_bit: 0
  format_version: 2
  enable_index_compression: 1
  block_align: 0
2019/10/17-14:56:03.029306 7fbc2cd30700        Options.write_buffer_size: 67108864
2019/10/17-14:56:03.029307 7fbc2cd30700  Options.max_write_buffer_number: 2
2019/10/17-14:56:03.029307 7fbc2cd30700          Options.compression: NoCompression
2019/10/17-14:56:03.029308 7fbc2cd30700                  Options.bottommost_compression: Disabled
2019/10/17-14:56:03.029309 7fbc2cd30700       Options.prefix_extractor: nullptr
2019/10/17-14:56:03.029310 7fbc2cd30700   Options.memtable_insert_with_hint_prefix_extractor: nullptr
2019/10/17-14:56:03.029310 7fbc2cd30700             Options.num_levels: 7
2019/10/17-14:56:03.029311 7fbc2cd30700        Options.min_write_buffer_number_to_merge: 1
2019/10/17-14:56:03.029312 7fbc2cd30700     Options.max_write_buffer_number_to_maintain: 0
2019/10/17-14:56:03.029312 7fbc2cd30700            Options.bottommost_compression_opts.window_bits: -14
2019/10/17-14:56:03.029313 7fbc2cd30700                  Options.bottommost_compression_opts.level: 32767
2019/10/17-14:56:03.029314 7fbc2cd30700               Options.bottommost_compression_opts.strategy: 0
2019/10/17-14:56:03.029314 7fbc2cd30700         Options.bottommost_compression_opts.max_dict_bytes: 0
2019/10/17-14:56:03.029315 7fbc2cd30700         Options.bottommost_compression_opts.zstd_max_train_bytes: 0
2019/10/17-14:56:03.029316 7fbc2cd30700                  Options.bottommost_compression_opts.enabled: false
2019/10/17-14:56:03.029317 7fbc2cd30700            Options.compression_opts.window_bits: -14
2019/10/17-14:56:03.029317 7fbc2cd30700                  Options.compression_opts.level: 32767
2019/10/17-14:56:03.029318 7fbc2cd30700               Options.compression_opts.strategy: 0
2019/10/17-14:56:03.029319 7fbc2cd30700         Options.compression_opts.max_dict_bytes: 0
2019/10/17-14:56:03.029319 7fbc2cd30700         Options.compression_opts.zstd_max_train_bytes: 0
2019/10/17-14:56:03.029320 7fbc2cd30700                  Options.compression_opts.enabled: false
2019/10/17-14:56:03.029321 7fbc2cd30700      Options.level0_file_num_compaction_trigger: 4
2019/10/17-14:56:03.029321 7fbc2cd30700          Options.level0_slowdown_writes_trigger: 20
2019/10/17-14:56:03.029322 7fbc2cd30700              Options.level0_stop_writes_trigger: 36
2019/10/17-14:56:03.029323 7fbc2cd30700                   Options.target_file_size_base: 67108864
2019/10/17-14:56:03.029324 7fbc2cd30700             Options.target_file_size_multiplier: 1
2019/10/17-14:56:03.029324 7fbc2cd30700                Options.max_bytes_for_level_base: 268435456
2019/10/17-14:56:03.029325 7fbc2cd30700 Options.level_compaction_dynamic_level_bytes: 0
2019/10/17-14:56:03.029326 7fbc2cd30700          Options.max_bytes_for_level_multiplier: 10.000000
2019/10/17-14:56:03.029327 7fbc2cd30700 Options.max_bytes_for_level_multiplier_addtl[0]: 1
2019/10/17-14:56:03.029328 7fbc2cd30700 Options.max_bytes_for_level_multiplier_addtl[1]: 1
2019/10/17-14:56:03.029329 7fbc2cd30700 Options.max_bytes_for_level_multiplier_addtl[2]: 1
2019/10/17-14:56:03.029329 7fbc2cd30700 Options.max_bytes_for_level_multiplier_addtl[3]: 1
2019/10/17-14:56:03.029330 7fbc2cd30700 Options.max_bytes_for_level_multiplier_addtl[4]: 1
2019/10/17-14:56:03.029331 7fbc2cd30700 Options.max_bytes_for_level_multiplier_addtl[5]: 1
2019/10/17-14:56:03.029331 7fbc2cd30700 Options.max_bytes_for_level_multiplier_addtl[6]: 1
2019/10/17-14:56:03.029332 7fbc2cd30700       Options.max_sequential_skip_in_iterations: 8
2019/10/17-14:56:03.029336 7fbc2cd30700                    Options.max_compaction_bytes: 1677721600
2019/10/17-14:56:03.029337 7fbc2cd30700                        Options.arena_block_size: 8388608
2019/10/17-14:56:03.029338 7fbc2cd30700   Options.soft_pending_compaction_bytes_limit: 68719476736
2019/10/17-14:56:03.029338 7fbc2cd30700   Options.hard_pending_compaction_bytes_limit: 274877906944
2019/10/17-14:56:03.029339 7fbc2cd30700       Options.rate_limit_delay_max_milliseconds: 100
2019/10/17-14:56:03.029340 7fbc2cd30700                Options.disable_auto_compactions: 0
2019/10/17-14:56:03.029341 7fbc2cd30700                        Options.compaction_style: kCompactionStyleLevel
2019/10/17-14:56:03.029341 7fbc2cd30700                          Options.compaction_pri: kByCompensatedSize
2019/10/17-14:56:03.029342 7fbc2cd30700 Options.compaction_options_universal.size_ratio: 1
2019/10/17-14:56:03.029343 7fbc2cd30700 Options.compaction_options_universal.min_merge_width: 2
2019/10/17-14:56:03.029344 7fbc2cd30700 Options.compaction_options_universal.max_merge_width: 4294967295
2019/10/17-14:56:03.029344 7fbc2cd30700 Options.compaction_options_universal.max_size_amplification_percent: 200
2019/10/17-14:56:03.029345 7fbc2cd30700 Options.compaction_options_universal.compression_size_percent: -1
2019/10/17-14:56:03.029346 7fbc2cd30700 Options.compaction_options_universal.stop_style: kCompactionStopStyleTotalSize
2019/10/17-14:56:03.029347 7fbc2cd30700 Options.compaction_options_fifo.max_table_files_size: 1073741824
2019/10/17-14:56:03.029347 7fbc2cd30700 Options.compaction_options_fifo.allow_compaction: 0
2019/10/17-14:56:03.029348 7fbc2cd30700 Options.compaction_options_fifo.ttl: 0
2019/10/17-14:56:03.029349 7fbc2cd30700                   Options.table_properties_collectors: 
2019/10/17-14:56:03.029350 7fbc2cd30700                   Options.inplace_update_support: 0
2019/10/17-14:56:03.029350 7fbc2cd30700                 Options.inplace_update_num_locks: 10000
2019/10/17-14:56:03.029351 7fbc2cd30700               Options.memtable_prefix_bloom_size_ratio: 0.000000
2019/10/17-14:56:03.029352 7fbc2cd30700   Options.memtable_huge_page_size: 0
2019/10/17-14:56:03.029353 7fbc2cd30700                           Options.bloom_locality: 0
2019/10/17-14:56:03.029353 7fbc2cd30700                    Options.max_successive_merges: 0
2019/10/17-14:56:03.029354 7fbc2cd30700                Options.optimize_filters_for_hits: 0
2019/10/17-14:56:03.029355 7fbc2cd30700                Options.paranoid_file_checks: 0
2019/10/17-14:56:03.029355 7fbc2cd30700                Options.force_consistency_checks: 0
2019/10/17-14:56:03.029356 7fbc2cd30700                Options.report_bg_io_stats: 0
2019/10/17-14:56:03.029357 7fbc2cd30700                               Options.ttl: 0
2019/10/17-14:56:03.029372 7fbc2cd30700 [db/column_family.cc:472] --------------- Options for column family [entries]:
2019/10/17-14:56:03.029373 7fbc2cd30700               Options.comparator: leveldb.BytewiseComparator
2019/10/17-14:56:03.029374 7fbc2cd30700           Options.merge_operator: None
2019/10/17-14:56:03.029374 7fbc2cd30700        Options.compaction_filter: None
2019/10/17-14:56:03.029375 7fbc2cd30700        Options.compaction_filter_factory: None
2019/10/17-14:56:03.029376 7fbc2cd30700         Options.memtable_factory: SkipListFactory
2019/10/17-14:56:03.029376 7fbc2cd30700            Options.table_factory: BlockBasedTable
2019/10/17-14:56:03.029385 7fbc2cd30700            table_factory options:   flush_block_policy_factory: FlushBlockBySizePolicyFactory (0x7fbbb804ade0)
  cache_index_and_filter_blocks: 0
  cache_index_and_filter_blocks_with_high_priority: 0
  pin_l0_filter_and_index_blocks_in_cache: 0
  pin_top_level_index_and_filter: 1
  index_type: 0
  hash_index_allow_collision: 1
  checksum: 1
  no_block_cache: 0
  block_cache: 0x7fbbb802a410
  block_cache_name: LRUCache
  block_cache_options:
    capacity : 8388608
    num_shard_bits : 4
    strict_capacity_limit : 0
    memory_allocator : None
    high_pri_pool_ratio: 0.000
  block_cache_compressed: (nil)
  persistent_cache: (nil)
  block_size: 4096
  block_size_deviation: 10
  block_restart_interval: 16
  index_block_restart_interval: 1
  metadata_block_size: 4096
  partition_filters: 0
  use_delta_encoding: 1
  filter_policy: nullptr
  whole_key_filtering: 1
  verify_compression: 0
  read_amp_bytes_per_bit: 0
  format_version: 2
  enable_index_compression: 1
  block_align: 0
2019/10/17-14:56:03.029391 7fbc2cd30700        Options.write_buffer_size: 67108864
2019/10/17-14:56:03.029391 7fbc2cd30700  Options.max_write_buffer_number: 2
2019/10/17-14:56:03.029392 7fbc2cd30700          Options.compression: NoCompression
2019/10/17-14:56:03.029393 7fbc2cd30700                  Options.bottommost_compression: Disabled
2019/10/17-14:56:03.029394 7fbc2cd30700       Options.prefix_extractor: nullptr
2019/10/17-14:56:03.029394 7fbc2cd30700   Options.memtable_insert_with_hint_prefix_extractor: nullptr
2019/10/17-14:56:03.029395 7fbc2cd30700             Options.num_levels: 7
2019/10/17-14:56:03.029396 7fbc2cd30700        Options.min_write_buffer_number_to_merge: 1
2019/10/17-14:56:03.029396 7fbc2cd30700     Options.max_write_buffer_number_to_maintain: 0
2019/10/17-14:56:03.029397 7fbc2cd30700            Options.bottommost_compression_opts.window_bits: -14
2019/10/17-14:56:03.029398 7fbc2cd30700                  Options.bottommost_compression_opts.level: 32767
2019/10/17-14:56:03.029399 7fbc2cd30700               Options.bottommost_compression_opts.strategy: 0
2019/10/17-14:56:03.029399 7fbc2cd30700         Options.bottommost_compression_opts.max_dict_bytes: 0
2019/10/17-14:56:03.029400 7fbc2cd30700         Options.bottommost_compression_opts.zstd_max_train_bytes: 0
2019/10/17-14:56:03.029401 7fbc2cd30700                  Options.bottommost_compression_opts.enabled: false
2019/10/17-14:56:03.029401 7fbc2cd30700            Options.compression_opts.window_bits: -14
2019/10/17-14:56:03.029402 7fbc2cd30700                  Options.compression_opts.level: 32767
2019/10/17-14:56:03.029403 7fbc2cd30700               Options.compression_opts.strategy: 0
2019/10/17-14:56:03.029403 7fbc2cd30700         Options.compression_opts.max_dict_bytes: 0
2019/10/17-14:56:03.029404 7fbc2cd30700         Options.compression_opts.zstd_max_train_bytes: 0
2019/10/17-14:56:03.029405 7fbc2cd30700                  Options.compression_opts.enabled: false
2019/10/17-14:56:03.029405 7fbc2cd30700      Options.level0_file_num_compaction_trigger: 4
2019/10/17-14:56:03.029406 7fbc2cd30700          Options.level0_slowdown_writes_trigger: 20
2019/10/17-14:56:03.029407 7fbc2cd30700              Options.level0_stop_writes_trigger: 36
2019/10/17-14:56:03.029408 7fbc2cd30700                   Options.target_file_size_base: 67108864
2019/10/17-14:56:03.029408 7fbc2cd30700             Options.target_file_size_multiplier: 1
2019/10/17-14:56:03.029409 7fbc2cd30700                Options.max_bytes_for_level_base: 268435456
2019/10/17-14:56:03.029410 7fbc2cd30700 Options.level_compaction_dynamic_level_bytes: 0
2019/10/17-14:56:03.029410 7fbc2cd30700          Options.max_bytes_for_level_multiplier: 10.000000
2019/10/17-14:56:03.029411 7fbc2cd30700 Options.max_bytes_for_level_multiplier_addtl[0]: 1
2019/10/17-14:56:03.029412 7fbc2cd30700 Options.max_bytes_for_level_multiplier_addtl[1]: 1
2019/10/17-14:56:03.029413 7fbc2cd30700 Options.max_bytes_for_level_multiplier_addtl[2]: 1
2019/10/17-14:56:03.029414 7fbc2cd30700 Options.max_bytes_for_level_multiplier_addtl[3]: 1
2019/10/17-14:56:03.029414 7fbc2cd30700 Options.max_bytes_for_level_multiplier_addtl[4]: 1
2019/10/17-14:56:03.029415 7fbc2cd30700 Options.max_bytes_for_level_multiplier_addtl[5]: 1
2019/10/17-14:56:03.029416 7fbc2cd30700 Options.max_bytes_for_level_multiplier_addtl[6]: 1
2019/10/17-14:56:03.029416 7fbc2cd30700       Options.max_sequential_skip_in_iterations: 8
2019/10/17-14:56:03.029417 7fbc2cd30700                    Options.max_compaction_bytes: 1677721600
2019/10/17-14:56:03.029418 7fbc2cd30700                        Options.arena_block_size: 8388608
2019/10/17-14:56:03.029419 7fbc2cd30700   Options.soft_pending_compaction_bytes_limit: 68719476736
2019/10/17-14:56:03.029422 7fbc2cd30700   Options.hard_pending_compaction_bytes_limit: 274877906944
2019/10/17-14:56:03.029423 7fbc2cd30700       Options.rate_limit_delay_max_milliseconds: 100
2019/10/17-14:56:03.029424 7fbc2cd30700                Options.disable_auto_compactions: 0
2019/10/17-14:56:03.029425 7fbc2cd30700                        Options.compaction_style: kCompactionStyleLevel
2019/10/17-14:56:03.029426 7fbc2cd30700                          Options.compaction_pri: kByCompensatedSize
2019/10/17-14:56:03.029426 7fbc2cd30700 Options.compaction_options_universal.size_ratio: 1
2019/10/17-14:56:03.029427 7fbc2cd30700 Options.compaction_options_universal.min_merge_width: 2
2019/10/17-14:56:03.029428 7fbc2cd30700 Options.compaction_options_universal.max_merge_width: 4294967295
2019/10/17-14:56:03.029428 7fbc2cd30700 Options.compaction_options_universal.max_size_amplification_percent: 200
2019/10/17-14:56:03.029429 7fbc2cd30700 Options.compaction_options_universal.compression_size_percent: -1
2019/10/17-14:56:03.029430 7fbc2cd30700 Options.compaction_options_universal.stop_style: kCompactionStopStyleTotalSize
2019/10/17-14:56:03.029431 7fbc2cd30700 Options.compaction_options_fifo.max_table_files_size: 1073741824
2019/10/17-14:56:03.029431 7fbc2cd30700 Options.compaction_options_fifo.allow_compaction: 0
2019/10/17-14:56:03.029432 7fbc2cd30700 Options.compaction_options_fifo.ttl: 0
2019/10/17-14:56:03.029433 7fbc2cd30700                   Options.table_properties_collectors: 
2019/10/17-14:56:03.029434 7fbc2cd30700                   Options.inplace_update_support: 0
2019/10/17-14:56:03.029434 7fbc2cd30700                 Options.inplace_update_num_locks: 10000
2019/10/17-14:56:03.029435 7fbc2cd30700               Options.memtable_prefix_bloom_size_ratio: 0.000000
2019/10/17-14:56:03.029436 7fbc2cd30700   Options.memtable_huge_page_size: 0
2019/10/17-14:56:03.029437 7fbc2cd30700                           Options.bloom_locality: 0
2019/10/17-14:56:03.029437 7fbc2cd30700                    Options.max_successive_merges: 0
2019/10/17-14:56:03.029438 7fbc2cd30700                Options.optimize_filters_for_hits: 0
2019/10/17-14:56:03.029439 7fbc2cd30700                Options.paranoid_file_checks: 0
2019/10/17-14:56:03.029439 7fbc2cd30700                Options.force_consistency_checks: 0
2019/10/17-14:56:03.029440 7fbc2cd30700                Options.report_bg_io_stats: 0
2019/10/17-14:56:03.029441 7fbc2cd30700                               Options.ttl: 0
2019/10/17-14:56:03.029454 7fbc2cd30700 [db/column_family.cc:472] --------------- Options for column family [dc_entries]:
2019/10/17-14:56:03.029455 7fbc2cd30700               Options.comparator: leveldb.BytewiseComparator
2019/10/17-14:56:03.029456 7fbc2cd30700           Options.merge_operator: None
2019/10/17-14:56:03.029456 7fbc2cd30700        Options.compaction_filter: None
2019/10/17-14:56:03.029457 7fbc2cd30700        Options.compaction_filter_factory: None
2019/10/17-14:56:03.029458 7fbc2cd30700         Options.memtable_factory: SkipListFactory
2019/10/17-14:56:03.029459 7fbc2cd30700            Options.table_factory: BlockBasedTable
2019/10/17-14:56:03.029467 7fbc2cd30700            table_factory options:   flush_block_policy_factory: FlushBlockBySizePolicyFactory (0x7fbbb8022180)
  cache_index_and_filter_blocks: 0
  cache_index_and_filter_blocks_with_high_priority: 0
  pin_l0_filter_and_index_blocks_in_cache: 0
  pin_top_level_index_and_filter: 1
  index_type: 0
  hash_index_allow_collision: 1
  checksum: 1
  no_block_cache: 0
  block_cache: 0x7fbbb8004150
  block_cache_name: LRUCache
  block_cache_options:
    capacity : 8388608
    num_shard_bits : 4
    strict_capacity_limit : 0
    memory_allocator : None
    high_pri_pool_ratio: 0.000
  block_cache_compressed: (nil)
  persistent_cache: (nil)
  block_size: 4096
  block_size_deviation: 10
  block_restart_interval: 16
  index_block_restart_interval: 1
  metadata_block_size: 4096
  partition_filters: 0
  use_delta_encoding: 1
  filter_policy: nullptr
  whole_key_filtering: 1
  verify_compression: 0
  read_amp_bytes_per_bit: 0
  format_version: 2
  enable_index_compression: 1
  block_align: 0
2019/10/17-14:56:03.029472 7fbc2cd30700        Options.write_buffer_size: 67108864
2019/10/17-14:56:03.029473 7fbc2cd30700  Options.max_write_buffer_number: 2
2019/10/17-14:56:03.029474 7fbc2cd30700          Options.compression: NoCompression
2019/10/17-14:56:03.029475 7fbc2cd30700                  Options.bottommost_compression: Disabled
2019/10/17-14:56:03.029475 7fbc2cd30700       Options.prefix_extractor: nullptr
2019/10/17-14:56:03.029476 7fbc2cd30700   Options.memtable_insert_with_hint_prefix_extractor: nullptr
2019/10/17-14:56:03.029477 7fbc2cd30700             Options.num_levels: 7
2019/10/17-14:56:03.029477 7fbc2cd30700        Options.min_write_buffer_number_to_merge: 1
2019/10/17-14:56:03.029478 7fbc2cd30700     Options.max_write_buffer_number_to_maintain: 0
2019/10/17-14:56:03.029479 7fbc2cd30700            Options.bottommost_compression_opts.window_bits: -14
2019/10/17-14:56:03.029479 7fbc2cd30700                  Options.bottommost_compression_opts.level: 32767
2019/10/17-14:56:03.029480 7fbc2cd30700               Options.bottommost_compression_opts.strategy: 0
2019/10/17-14:56:03.029481 7fbc2cd30700         Options.bottommost_compression_opts.max_dict_bytes: 0
2019/10/17-14:56:03.029481 7fbc2cd30700         Options.bottommost_compression_opts.zstd_max_train_bytes: 0
2019/10/17-14:56:03.029482 7fbc2cd30700                  Options.bottommost_compression_opts.enabled: false
2019/10/17-14:56:03.029483 7fbc2cd30700            Options.compression_opts.window_bits: -14
2019/10/17-14:56:03.029484 7fbc2cd30700                  Options.compression_opts.level: 32767
2019/10/17-14:56:03.029484 7fbc2cd30700               Options.compression_opts.strategy: 0
2019/10/17-14:56:03.029485 7fbc2cd30700         Options.compression_opts.max_dict_bytes: 0
2019/10/17-14:56:03.029486 7fbc2cd30700         Options.compression_opts.zstd_max_train_bytes: 0
2019/10/17-14:56:03.029486 7fbc2cd30700                  Options.compression_opts.enabled: false
2019/10/17-14:56:03.029487 7fbc2cd30700      Options.level0_file_num_compaction_trigger: 4
2019/10/17-14:56:03.029488 7fbc2cd30700          Options.level0_slowdown_writes_trigger: 20
2019/10/17-14:56:03.029488 7fbc2cd30700              Options.level0_stop_writes_trigger: 36
2019/10/17-14:56:03.029489 7fbc2cd30700                   Options.target_file_size_base: 67108864
2019/10/17-14:56:03.029490 7fbc2cd30700             Options.target_file_size_multiplier: 1
2019/10/17-14:56:03.029491 7fbc2cd30700                Options.max_bytes_for_level_base: 268435456
2019/10/17-14:56:03.029491 7fbc2cd30700 Options.level_compaction_dynamic_level_bytes: 0
2019/10/17-14:56:03.029492 7fbc2cd30700          Options.max_bytes_for_level_multiplier: 10.000000
2019/10/17-14:56:03.029493 7fbc2cd30700 Options.max_bytes_for_level_multiplier_addtl[0]: 1
2019/10/17-14:56:03.029494 7fbc2cd30700 Options.max_bytes_for_level_multiplier_addtl[1]: 1
2019/10/17-14:56:03.029495 7fbc2cd30700 Options.max_bytes_for_level_multiplier_addtl[2]: 1
2019/10/17-14:56:03.029495 7fbc2cd30700 Options.max_bytes_for_level_multiplier_addtl[3]: 1
2019/10/17-14:56:03.029496 7fbc2cd30700 Options.max_bytes_for_level_multiplier_addtl[4]: 1
2019/10/17-14:56:03.029497 7fbc2cd30700 Options.max_bytes_for_level_multiplier_addtl[5]: 1
2019/10/17-14:56:03.029497 7fbc2cd30700 Options.max_bytes_for_level_multiplier_addtl[6]: 1
2019/10/17-14:56:03.029498 7fbc2cd30700       Options.max_sequential_skip_in_iterations: 8
2019/10/17-14:56:03.029499 7fbc2cd30700                    Options.max_compaction_bytes: 1677721600
2019/10/17-14:56:03.029499 7fbc2cd30700                        Options.arena_block_size: 8388608
2019/10/17-14:56:03.029500 7fbc2cd30700   Options.soft_pending_compaction_bytes_limit: 68719476736
2019/10/17-14:56:03.029501 7fbc2cd30700   Options.hard_pending_compaction_bytes_limit: 274877906944
2019/10/17-14:56:03.029502 7fbc2cd30700       Options.rate_limit_delay_max_milliseconds: 100
2019/10/17-14:56:03.029502 7fbc2cd30700                Options.disable_auto_compactions: 0
2019/10/17-14:56:03.029506 7fbc2cd30700                        Options.compaction_style: kCompactionStyleLevel
2019/10/17-14:56:03.029507 7fbc2cd30700                          Options.compaction_pri: kByCompensatedSize
2019/10/17-14:56:03.029508 7fbc2cd30700 Options.compaction_options_universal.size_ratio: 1
2019/10/17-14:56:03.029509 7fbc2cd30700 Options.compaction_options_universal.min_merge_width: 2
2019/10/17-14:56:03.029509 7fbc2cd30700 Options.compaction_options_universal.max_merge_width: 4294967295
2019/10/17-14:56:03.029510 7fbc2cd30700 Options.compaction_options_universal.max_size_amplification_percent: 200
2019/10/17-14:56:03.029511 7fbc2cd30700 Options.compaction_options_universal.compression_size_percent: -1
2019/10/17-14:56:03.029512 7fbc2cd30700 Options.compaction_options_universal.stop_style: kCompactionStopStyleTotalSize
2019/10/17-14:56:03.029512 7fbc2cd30700 Options.compaction_options_fifo.max_table_files_size: 1073741824
2019/10/17-14:56:03.029513 7fbc2cd30700 Options.compaction_options_fifo.allow_compaction: 0
2019/10/17-14:56:03.029514 7fbc2cd30700 Options.compaction_options_fifo.ttl: 0
2019/10/17-14:56:03.029514 7fbc2cd30700                   Options.table_properties_collectors: 
2019/10/17-14:56:03.029515 7fbc2cd30700                   Options.inplace_update_support: 0
2019/10/17-14:56:03.029516 7fbc2cd30700                 Options.inplace_update_num_locks: 10000
2019/10/17-14:56:03.029516 7fbc2cd30700               Options.memtable_prefix_bloom_size_ratio: 0.000000
2019/10/17-14:56:03.029517 7fbc2cd30700   Options.memtable_huge_page_size: 0
2019/10/17-14:56:03.029518 7fbc2cd30700                           Options.bloom_locality: 0
2019/10/17-14:56:03.029519 7fbc2cd30700                    Options.max_successive_merges: 0
2019/10/17-14:56:03.029520 7fbc2cd30700                Options.optimize_filters_for_hits: 0
2019/10/17-14:56:03.029520 7fbc2cd30700                Options.paranoid_file_checks: 0
2019/10/17-14:56:03.029521 7fbc2cd30700                Options.force_consistency_checks: 0
2019/10/17-14:56:03.029522 7fbc2cd30700                Options.report_bg_io_stats: 0
2019/10/17-14:56:03.029522 7fbc2cd30700                               Options.ttl: 0
2019/10/17-14:56:03.029534 7fbc2cd30700 [db/column_family.cc:472] --------------- Options for column family [htlcs]:
2019/10/17-14:56:03.029535 7fbc2cd30700               Options.comparator: leveldb.BytewiseComparator
2019/10/17-14:56:03.029535 7fbc2cd30700           Options.merge_operator: None
2019/10/17-14:56:03.029536 7fbc2cd30700        Options.compaction_filter: None
2019/10/17-14:56:03.029537 7fbc2cd30700        Options.compaction_filter_factory: None
2019/10/17-14:56:03.029538 7fbc2cd30700         Options.memtable_factory: SkipListFactory
2019/10/17-14:56:03.029538 7fbc2cd30700            Options.table_factory: BlockBasedTable
2019/10/17-14:56:03.029547 7fbc2cd30700            table_factory options:   flush_block_policy_factory: FlushBlockBySizePolicyFactory (0x7fbbb80ed280)
