2019/10/17-14:55:02.731683 7fc3a9fcb700 RocksDB version: 5.18.3
2019/10/17-14:55:02.731709 7fc3a9fcb700 Git sha rocksdb_build_git_sha:@0@
2019/10/17-14:55:02.731711 7fc3a9fcb700 Compile date Sep 19 2019
2019/10/17-14:55:02.731712 7fc3a9fcb700 DB SUMMARY
2019/10/17-14:55:02.732340 7fc3a9fcb700 CURRENT file:  CURRENT
2019/10/17-14:55:02.732341 7fc3a9fcb700 IDENTITY file:  IDENTITY
2019/10/17-14:55:02.732368 7fc3a9fcb700 MANIFEST file:  MANIFEST-116215 size: 4114 Bytes
2019/10/17-14:55:02.732369 7fc3a9fcb700 SST files in /home/rahul/dev/blockchain-core/eqc/ledger.db dir, Total Num: 29, files: 000624.sst 000627.sst 106940.sst 108447.sst 108450.sst 109471.sst 109483.sst 109485.sst 109486.sst 
2019/10/17-14:55:02.732370 7fc3a9fcb700 Write Ahead Log file in /home/rahul/dev/blockchain-core/eqc/ledger.db: 116216.log size: 0 ; 
2019/10/17-14:55:02.732401 7fc3a9fcb700                         Options.error_if_exists: 0
2019/10/17-14:55:02.732402 7fc3a9fcb700                       Options.create_if_missing: 1
2019/10/17-14:55:02.732403 7fc3a9fcb700                         Options.paranoid_checks: 1
2019/10/17-14:55:02.732404 7fc3a9fcb700                                     Options.env: 0x7fc32ae1fc60
2019/10/17-14:55:02.732404 7fc3a9fcb700                                Options.info_log: 0x7fc350047c60
2019/10/17-14:55:02.732405 7fc3a9fcb700                Options.max_file_opening_threads: 16
2019/10/17-14:55:02.732406 7fc3a9fcb700                              Options.statistics: (nil)
2019/10/17-14:55:02.732407 7fc3a9fcb700                               Options.use_fsync: 0
2019/10/17-14:55:02.732407 7fc3a9fcb700                       Options.max_log_file_size: 0
2019/10/17-14:55:02.732408 7fc3a9fcb700                  Options.max_manifest_file_size: 1073741824
2019/10/17-14:55:02.732409 7fc3a9fcb700                   Options.log_file_time_to_roll: 0
2019/10/17-14:55:02.732410 7fc3a9fcb700                       Options.keep_log_file_num: 1000
2019/10/17-14:55:02.732411 7fc3a9fcb700                    Options.recycle_log_file_num: 0
2019/10/17-14:55:02.732411 7fc3a9fcb700                         Options.allow_fallocate: 1
2019/10/17-14:55:02.732412 7fc3a9fcb700                        Options.allow_mmap_reads: 0
2019/10/17-14:55:02.732413 7fc3a9fcb700                       Options.allow_mmap_writes: 0
2019/10/17-14:55:02.732413 7fc3a9fcb700                        Options.use_direct_reads: 0
2019/10/17-14:55:02.732414 7fc3a9fcb700                        Options.use_direct_io_for_flush_and_compaction: 0
2019/10/17-14:55:02.732414 7fc3a9fcb700          Options.create_missing_column_families: 0
2019/10/17-14:55:02.732415 7fc3a9fcb700                              Options.db_log_dir: 
2019/10/17-14:55:02.732416 7fc3a9fcb700                                 Options.wal_dir: /home/rahul/dev/blockchain-core/eqc/ledger.db
2019/10/17-14:55:02.732417 7fc3a9fcb700                Options.table_cache_numshardbits: 6
2019/10/17-14:55:02.732417 7fc3a9fcb700                      Options.max_subcompactions: 1
2019/10/17-14:55:02.732418 7fc3a9fcb700                  Options.max_background_flushes: -1
2019/10/17-14:55:02.732419 7fc3a9fcb700                         Options.WAL_ttl_seconds: 0
2019/10/17-14:55:02.732419 7fc3a9fcb700                       Options.WAL_size_limit_MB: 0
2019/10/17-14:55:02.732420 7fc3a9fcb700             Options.manifest_preallocation_size: 4194304
2019/10/17-14:55:02.732421 7fc3a9fcb700                     Options.is_fd_close_on_exec: 1
2019/10/17-14:55:02.732421 7fc3a9fcb700                   Options.advise_random_on_open: 1
2019/10/17-14:55:02.732422 7fc3a9fcb700                    Options.db_write_buffer_size: 0
2019/10/17-14:55:02.732423 7fc3a9fcb700                    Options.write_buffer_manager: 0x7fc35003ca40
2019/10/17-14:55:02.732423 7fc3a9fcb700         Options.access_hint_on_compaction_start: 1
2019/10/17-14:55:02.732424 7fc3a9fcb700  Options.new_table_reader_for_compaction_inputs: 0
2019/10/17-14:55:02.732425 7fc3a9fcb700           Options.random_access_max_buffer_size: 1048576
2019/10/17-14:55:02.732425 7fc3a9fcb700                      Options.use_adaptive_mutex: 0
2019/10/17-14:55:02.732426 7fc3a9fcb700                            Options.rate_limiter: (nil)
2019/10/17-14:55:02.732435 7fc3a9fcb700     Options.sst_file_manager.rate_bytes_per_sec: 0
2019/10/17-14:55:02.732435 7fc3a9fcb700                       Options.wal_recovery_mode: 2
2019/10/17-14:55:02.732436 7fc3a9fcb700                  Options.enable_thread_tracking: 0
2019/10/17-14:55:02.732437 7fc3a9fcb700                  Options.enable_pipelined_write: 0
2019/10/17-14:55:02.732437 7fc3a9fcb700         Options.allow_concurrent_memtable_write: 1
2019/10/17-14:55:02.732438 7fc3a9fcb700      Options.enable_write_thread_adaptive_yield: 1
2019/10/17-14:55:02.732439 7fc3a9fcb700             Options.write_thread_max_yield_usec: 100
2019/10/17-14:55:02.732439 7fc3a9fcb700            Options.write_thread_slow_yield_usec: 3
2019/10/17-14:55:02.732440 7fc3a9fcb700                               Options.row_cache: None
2019/10/17-14:55:02.732441 7fc3a9fcb700                              Options.wal_filter: None
2019/10/17-14:55:02.732442 7fc3a9fcb700             Options.avoid_flush_during_recovery: 0
2019/10/17-14:55:02.732442 7fc3a9fcb700             Options.allow_ingest_behind: 0
2019/10/17-14:55:02.732443 7fc3a9fcb700             Options.preserve_deletes: 0
2019/10/17-14:55:02.732444 7fc3a9fcb700             Options.two_write_queues: 0
2019/10/17-14:55:02.732444 7fc3a9fcb700             Options.manual_wal_flush: 0
2019/10/17-14:55:02.732445 7fc3a9fcb700             Options.max_background_jobs: 2
2019/10/17-14:55:02.732446 7fc3a9fcb700             Options.max_background_compactions: -1
2019/10/17-14:55:02.732446 7fc3a9fcb700             Options.avoid_flush_during_shutdown: 0
2019/10/17-14:55:02.732447 7fc3a9fcb700           Options.writable_file_max_buffer_size: 1048576
2019/10/17-14:55:02.732448 7fc3a9fcb700             Options.delayed_write_rate : 16777216
2019/10/17-14:55:02.732448 7fc3a9fcb700             Options.max_total_wal_size: 0
2019/10/17-14:55:02.732449 7fc3a9fcb700             Options.delete_obsolete_files_period_micros: 21600000000
2019/10/17-14:55:02.732450 7fc3a9fcb700                   Options.stats_dump_period_sec: 600
2019/10/17-14:55:02.732450 7fc3a9fcb700                          Options.max_open_files: -1
2019/10/17-14:55:02.732451 7fc3a9fcb700                          Options.bytes_per_sync: 0
2019/10/17-14:55:02.732452 7fc3a9fcb700                      Options.wal_bytes_per_sync: 0
2019/10/17-14:55:02.732452 7fc3a9fcb700       Options.compaction_readahead_size: 0
2019/10/17-14:55:02.732453 7fc3a9fcb700 Compression algorithms supported:
2019/10/17-14:55:02.732454 7fc3a9fcb700 	kZSTDNotFinalCompression supported: 0
2019/10/17-14:55:02.732455 7fc3a9fcb700 	kZSTD supported: 0
2019/10/17-14:55:02.732456 7fc3a9fcb700 	kXpressCompression supported: 0
2019/10/17-14:55:02.732457 7fc3a9fcb700 	kLZ4HCCompression supported: 0
2019/10/17-14:55:02.732458 7fc3a9fcb700 	kLZ4Compression supported: 0
2019/10/17-14:55:02.732458 7fc3a9fcb700 	kBZip2Compression supported: 0
2019/10/17-14:55:02.732459 7fc3a9fcb700 	kZlibCompression supported: 0
2019/10/17-14:55:02.732460 7fc3a9fcb700 	kSnappyCompression supported: 0
2019/10/17-14:55:02.732461 7fc3a9fcb700 Fast CRC32 supported: Supported on x86
2019/10/17-14:55:02.732544 7fc3a9fcb700 [db/version_set.cc:3507] Recovering from manifest file: MANIFEST-116215
2019/10/17-14:55:02.732573 7fc3a9fcb700 [db/column_family.cc:472] --------------- Options for column family [default]:
2019/10/17-14:55:02.732574 7fc3a9fcb700               Options.comparator: leveldb.BytewiseComparator
2019/10/17-14:55:02.732575 7fc3a9fcb700           Options.merge_operator: None
2019/10/17-14:55:02.732576 7fc3a9fcb700        Options.compaction_filter: None
2019/10/17-14:55:02.732576 7fc3a9fcb700        Options.compaction_filter_factory: None
2019/10/17-14:55:02.732577 7fc3a9fcb700         Options.memtable_factory: SkipListFactory
2019/10/17-14:55:02.732578 7fc3a9fcb700            Options.table_factory: BlockBasedTable
2019/10/17-14:55:02.732591 7fc3a9fcb700            table_factory options:   flush_block_policy_factory: FlushBlockBySizePolicyFactory (0x7fc35007bf20)
  cache_index_and_filter_blocks: 0
  cache_index_and_filter_blocks_with_high_priority: 0
  pin_l0_filter_and_index_blocks_in_cache: 0
  pin_top_level_index_and_filter: 1
  index_type: 0
  hash_index_allow_collision: 1
  checksum: 1
  no_block_cache: 0
  block_cache: 0x7fc3500edb00
  block_cache_name: LRUCache
  block_cache_options:
    capacity : 8388608
    num_shard_bits : 4
    strict_capacity_limit : 0
    memory_allocator : None
    high_pri_pool_ratio: 0.000
  block_cache_compressed: (nil)
  persistent_cache: (nil)
  block_size: 4096
  block_size_deviation: 10
  block_restart_interval: 16
  index_block_restart_interval: 1
  metadata_block_size: 4096
  partition_filters: 0
  use_delta_encoding: 1
  filter_policy: nullptr
  whole_key_filtering: 1
  verify_compression: 0
  read_amp_bytes_per_bit: 0
  format_version: 2
  enable_index_compression: 1
  block_align: 0
2019/10/17-14:55:02.732600 7fc3a9fcb700        Options.write_buffer_size: 67108864
2019/10/17-14:55:02.732601 7fc3a9fcb700  Options.max_write_buffer_number: 2
2019/10/17-14:55:02.732602 7fc3a9fcb700          Options.compression: NoCompression
2019/10/17-14:55:02.732602 7fc3a9fcb700                  Options.bottommost_compression: Disabled
2019/10/17-14:55:02.732603 7fc3a9fcb700       Options.prefix_extractor: nullptr
2019/10/17-14:55:02.732604 7fc3a9fcb700   Options.memtable_insert_with_hint_prefix_extractor: nullptr
2019/10/17-14:55:02.732604 7fc3a9fcb700             Options.num_levels: 7
2019/10/17-14:55:02.732605 7fc3a9fcb700        Options.min_write_buffer_number_to_merge: 1
2019/10/17-14:55:02.732606 7fc3a9fcb700     Options.max_write_buffer_number_to_maintain: 0
2019/10/17-14:55:02.732606 7fc3a9fcb700            Options.bottommost_compression_opts.window_bits: -14
2019/10/17-14:55:02.732607 7fc3a9fcb700                  Options.bottommost_compression_opts.level: 32767
2019/10/17-14:55:02.732608 7fc3a9fcb700               Options.bottommost_compression_opts.strategy: 0
2019/10/17-14:55:02.732609 7fc3a9fcb700         Options.bottommost_compression_opts.max_dict_bytes: 0
2019/10/17-14:55:02.732609 7fc3a9fcb700         Options.bottommost_compression_opts.zstd_max_train_bytes: 0
2019/10/17-14:55:02.732610 7fc3a9fcb700                  Options.bottommost_compression_opts.enabled: false
2019/10/17-14:55:02.732611 7fc3a9fcb700            Options.compression_opts.window_bits: -14
2019/10/17-14:55:02.732611 7fc3a9fcb700                  Options.compression_opts.level: 32767
2019/10/17-14:55:02.732612 7fc3a9fcb700               Options.compression_opts.strategy: 0
2019/10/17-14:55:02.732613 7fc3a9fcb700         Options.compression_opts.max_dict_bytes: 0
2019/10/17-14:55:02.732613 7fc3a9fcb700         Options.compression_opts.zstd_max_train_bytes: 0
2019/10/17-14:55:02.732614 7fc3a9fcb700                  Options.compression_opts.enabled: false
2019/10/17-14:55:02.732615 7fc3a9fcb700      Options.level0_file_num_compaction_trigger: 4
2019/10/17-14:55:02.732615 7fc3a9fcb700          Options.level0_slowdown_writes_trigger: 20
2019/10/17-14:55:02.732616 7fc3a9fcb700              Options.level0_stop_writes_trigger: 36
2019/10/17-14:55:02.732617 7fc3a9fcb700                   Options.target_file_size_base: 67108864
2019/10/17-14:55:02.732617 7fc3a9fcb700             Options.target_file_size_multiplier: 1
2019/10/17-14:55:02.732618 7fc3a9fcb700                Options.max_bytes_for_level_base: 268435456
2019/10/17-14:55:02.732619 7fc3a9fcb700 Options.level_compaction_dynamic_level_bytes: 0
2019/10/17-14:55:02.732619 7fc3a9fcb700          Options.max_bytes_for_level_multiplier: 10.000000
2019/10/17-14:55:02.732621 7fc3a9fcb700 Options.max_bytes_for_level_multiplier_addtl[0]: 1
2019/10/17-14:55:02.732622 7fc3a9fcb700 Options.max_bytes_for_level_multiplier_addtl[1]: 1
2019/10/17-14:55:02.732623 7fc3a9fcb700 Options.max_bytes_for_level_multiplier_addtl[2]: 1
2019/10/17-14:55:02.732623 7fc3a9fcb700 Options.max_bytes_for_level_multiplier_addtl[3]: 1
2019/10/17-14:55:02.732624 7fc3a9fcb700 Options.max_bytes_for_level_multiplier_addtl[4]: 1
2019/10/17-14:55:02.732628 7fc3a9fcb700 Options.max_bytes_for_level_multiplier_addtl[5]: 1
2019/10/17-14:55:02.732629 7fc3a9fcb700 Options.max_bytes_for_level_multiplier_addtl[6]: 1
2019/10/17-14:55:02.732629 7fc3a9fcb700       Options.max_sequential_skip_in_iterations: 8
2019/10/17-14:55:02.732630 7fc3a9fcb700                    Options.max_compaction_bytes: 1677721600
2019/10/17-14:55:02.732631 7fc3a9fcb700                        Options.arena_block_size: 8388608
2019/10/17-14:55:02.732631 7fc3a9fcb700   Options.soft_pending_compaction_bytes_limit: 68719476736
2019/10/17-14:55:02.732632 7fc3a9fcb700   Options.hard_pending_compaction_bytes_limit: 274877906944
2019/10/17-14:55:02.732633 7fc3a9fcb700       Options.rate_limit_delay_max_milliseconds: 100
2019/10/17-14:55:02.732634 7fc3a9fcb700                Options.disable_auto_compactions: 0
2019/10/17-14:55:02.732635 7fc3a9fcb700                        Options.compaction_style: kCompactionStyleLevel
2019/10/17-14:55:02.732636 7fc3a9fcb700                          Options.compaction_pri: kByCompensatedSize
2019/10/17-14:55:02.732636 7fc3a9fcb700 Options.compaction_options_universal.size_ratio: 1
2019/10/17-14:55:02.732637 7fc3a9fcb700 Options.compaction_options_universal.min_merge_width: 2
2019/10/17-14:55:02.732638 7fc3a9fcb700 Options.compaction_options_universal.max_merge_width: 4294967295
2019/10/17-14:55:02.732638 7fc3a9fcb700 Options.compaction_options_universal.max_size_amplification_percent: 200
2019/10/17-14:55:02.732639 7fc3a9fcb700 Options.compaction_options_universal.compression_size_percent: -1
2019/10/17-14:55:02.732640 7fc3a9fcb700 Options.compaction_options_universal.stop_style: kCompactionStopStyleTotalSize
2019/10/17-14:55:02.732641 7fc3a9fcb700 Options.compaction_options_fifo.max_table_files_size: 1073741824
2019/10/17-14:55:02.732642 7fc3a9fcb700 Options.compaction_options_fifo.allow_compaction: 0
2019/10/17-14:55:02.732642 7fc3a9fcb700 Options.compaction_options_fifo.ttl: 0
2019/10/17-14:55:02.732643 7fc3a9fcb700                   Options.table_properties_collectors: 
2019/10/17-14:55:02.732644 7fc3a9fcb700                   Options.inplace_update_support: 0
2019/10/17-14:55:02.732644 7fc3a9fcb700                 Options.inplace_update_num_locks: 10000
2019/10/17-14:55:02.732645 7fc3a9fcb700               Options.memtable_prefix_bloom_size_ratio: 0.000000
2019/10/17-14:55:02.732646 7fc3a9fcb700   Options.memtable_huge_page_size: 0
2019/10/17-14:55:02.732647 7fc3a9fcb700                           Options.bloom_locality: 0
2019/10/17-14:55:02.732648 7fc3a9fcb700                    Options.max_successive_merges: 0
2019/10/17-14:55:02.732648 7fc3a9fcb700                Options.optimize_filters_for_hits: 0
2019/10/17-14:55:02.732649 7fc3a9fcb700                Options.paranoid_file_checks: 0
2019/10/17-14:55:02.732650 7fc3a9fcb700                Options.force_consistency_checks: 0
2019/10/17-14:55:02.732650 7fc3a9fcb700                Options.report_bg_io_stats: 0
2019/10/17-14:55:02.732651 7fc3a9fcb700                               Options.ttl: 0
2019/10/17-14:55:02.732675 7fc3a9fcb700 [db/column_family.cc:472] --------------- Options for column family [active_gateways]:
2019/10/17-14:55:02.732676 7fc3a9fcb700               Options.comparator: leveldb.BytewiseComparator
2019/10/17-14:55:02.732677 7fc3a9fcb700           Options.merge_operator: None
2019/10/17-14:55:02.732678 7fc3a9fcb700        Options.compaction_filter: None
2019/10/17-14:55:02.732679 7fc3a9fcb700        Options.compaction_filter_factory: None
2019/10/17-14:55:02.732679 7fc3a9fcb700         Options.memtable_factory: SkipListFactory
2019/10/17-14:55:02.732680 7fc3a9fcb700            Options.table_factory: BlockBasedTable
2019/10/17-14:55:02.732689 7fc3a9fcb700            table_factory options:   flush_block_policy_factory: FlushBlockBySizePolicyFactory (0x7fc35007bf40)
  cache_index_and_filter_blocks: 0
  cache_index_and_filter_blocks_with_high_priority: 0
  pin_l0_filter_and_index_blocks_in_cache: 0
  pin_top_level_index_and_filter: 1
  index_type: 0
  hash_index_allow_collision: 1
  checksum: 1
  no_block_cache: 0
  block_cache: 0x7fc350042330
  block_cache_name: LRUCache
  block_cache_options:
    capacity : 8388608
    num_shard_bits : 4
    strict_capacity_limit : 0
    memory_allocator : None
    high_pri_pool_ratio: 0.000
  block_cache_compressed: (nil)
  persistent_cache: (nil)
  block_size: 4096
  block_size_deviation: 10
  block_restart_interval: 16
  index_block_restart_interval: 1
  metadata_block_size: 4096
  partition_filters: 0
  use_delta_encoding: 1
  filter_policy: nullptr
  whole_key_filtering: 1
  verify_compression: 0
  read_amp_bytes_per_bit: 0
  format_version: 2
  enable_index_compression: 1
  block_align: 0
2019/10/17-14:55:02.732695 7fc3a9fcb700        Options.write_buffer_size: 67108864
2019/10/17-14:55:02.732696 7fc3a9fcb700  Options.max_write_buffer_number: 2
2019/10/17-14:55:02.732697 7fc3a9fcb700          Options.compression: NoCompression
2019/10/17-14:55:02.732697 7fc3a9fcb700                  Options.bottommost_compression: Disabled
2019/10/17-14:55:02.732698 7fc3a9fcb700       Options.prefix_extractor: nullptr
2019/10/17-14:55:02.732699 7fc3a9fcb700   Options.memtable_insert_with_hint_prefix_extractor: nullptr
2019/10/17-14:55:02.732699 7fc3a9fcb700             Options.num_levels: 7
2019/10/17-14:55:02.732700 7fc3a9fcb700        Options.min_write_buffer_number_to_merge: 1
2019/10/17-14:55:02.732701 7fc3a9fcb700     Options.max_write_buffer_number_to_maintain: 0
2019/10/17-14:55:02.732701 7fc3a9fcb700            Options.bottommost_compression_opts.window_bits: -14
2019/10/17-14:55:02.732702 7fc3a9fcb700                  Options.bottommost_compression_opts.level: 32767
2019/10/17-14:55:02.732703 7fc3a9fcb700               Options.bottommost_compression_opts.strategy: 0
2019/10/17-14:55:02.732703 7fc3a9fcb700         Options.bottommost_compression_opts.max_dict_bytes: 0
2019/10/17-14:55:02.732704 7fc3a9fcb700         Options.bottommost_compression_opts.zstd_max_train_bytes: 0
2019/10/17-14:55:02.732705 7fc3a9fcb700                  Options.bottommost_compression_opts.enabled: false
2019/10/17-14:55:02.732705 7fc3a9fcb700            Options.compression_opts.window_bits: -14
2019/10/17-14:55:02.732706 7fc3a9fcb700                  Options.compression_opts.level: 32767
2019/10/17-14:55:02.732707 7fc3a9fcb700               Options.compression_opts.strategy: 0
2019/10/17-14:55:02.732708 7fc3a9fcb700         Options.compression_opts.max_dict_bytes: 0
2019/10/17-14:55:02.732708 7fc3a9fcb700         Options.compression_opts.zstd_max_train_bytes: 0
2019/10/17-14:55:02.732709 7fc3a9fcb700                  Options.compression_opts.enabled: false
2019/10/17-14:55:02.732710 7fc3a9fcb700      Options.level0_file_num_compaction_trigger: 4
2019/10/17-14:55:02.732710 7fc3a9fcb700          Options.level0_slowdown_writes_trigger: 20
2019/10/17-14:55:02.732711 7fc3a9fcb700              Options.level0_stop_writes_trigger: 36
2019/10/17-14:55:02.732712 7fc3a9fcb700                   Options.target_file_size_base: 67108864
2019/10/17-14:55:02.732712 7fc3a9fcb700             Options.target_file_size_multiplier: 1
2019/10/17-14:55:02.732713 7fc3a9fcb700                Options.max_bytes_for_level_base: 268435456
2019/10/17-14:55:02.732714 7fc3a9fcb700 Options.level_compaction_dynamic_level_bytes: 0
2019/10/17-14:55:02.732714 7fc3a9fcb700          Options.max_bytes_for_level_multiplier: 10.000000
2019/10/17-14:55:02.732715 7fc3a9fcb700 Options.max_bytes_for_level_multiplier_addtl[0]: 1
2019/10/17-14:55:02.732716 7fc3a9fcb700 Options.max_bytes_for_level_multiplier_addtl[1]: 1
2019/10/17-14:55:02.732717 7fc3a9fcb700 Options.max_bytes_for_level_multiplier_addtl[2]: 1
2019/10/17-14:55:02.732718 7fc3a9fcb700 Options.max_bytes_for_level_multiplier_addtl[3]: 1
2019/10/17-14:55:02.732718 7fc3a9fcb700 Options.max_bytes_for_level_multiplier_addtl[4]: 1
2019/10/17-14:55:02.732719 7fc3a9fcb700 Options.max_bytes_for_level_multiplier_addtl[5]: 1
2019/10/17-14:55:02.732720 7fc3a9fcb700 Options.max_bytes_for_level_multiplier_addtl[6]: 1
2019/10/17-14:55:02.732720 7fc3a9fcb700       Options.max_sequential_skip_in_iterations: 8
2019/10/17-14:55:02.732724 7fc3a9fcb700                    Options.max_compaction_bytes: 1677721600
2019/10/17-14:55:02.732725 7fc3a9fcb700                        Options.arena_block_size: 8388608
2019/10/17-14:55:02.732725 7fc3a9fcb700   Options.soft_pending_compaction_bytes_limit: 68719476736
2019/10/17-14:55:02.732726 7fc3a9fcb700   Options.hard_pending_compaction_bytes_limit: 274877906944
2019/10/17-14:55:02.732727 7fc3a9fcb700       Options.rate_limit_delay_max_milliseconds: 100
2019/10/17-14:55:02.732728 7fc3a9fcb700                Options.disable_auto_compactions: 0
2019/10/17-14:55:02.732728 7fc3a9fcb700                        Options.compaction_style: kCompactionStyleLevel
2019/10/17-14:55:02.732729 7fc3a9fcb700                          Options.compaction_pri: kByCompensatedSize
2019/10/17-14:55:02.732730 7fc3a9fcb700 Options.compaction_options_universal.size_ratio: 1
2019/10/17-14:55:02.732731 7fc3a9fcb700 Options.compaction_options_universal.min_merge_width: 2
2019/10/17-14:55:02.732731 7fc3a9fcb700 Options.compaction_options_universal.max_merge_width: 4294967295
2019/10/17-14:55:02.732732 7fc3a9fcb700 Options.compaction_options_universal.max_size_amplification_percent: 200
2019/10/17-14:55:02.732733 7fc3a9fcb700 Options.compaction_options_universal.compression_size_percent: -1
2019/10/17-14:55:02.732734 7fc3a9fcb700 Options.compaction_options_universal.stop_style: kCompactionStopStyleTotalSize
2019/10/17-14:55:02.732734 7fc3a9fcb700 Options.compaction_options_fifo.max_table_files_size: 1073741824
2019/10/17-14:55:02.732735 7fc3a9fcb700 Options.compaction_options_fifo.allow_compaction: 0
2019/10/17-14:55:02.732735 7fc3a9fcb700 Options.compaction_options_fifo.ttl: 0
2019/10/17-14:55:02.732736 7fc3a9fcb700                   Options.table_properties_collectors: 
2019/10/17-14:55:02.732737 7fc3a9fcb700                   Options.inplace_update_support: 0
2019/10/17-14:55:02.732738 7fc3a9fcb700                 Options.inplace_update_num_locks: 10000
2019/10/17-14:55:02.732738 7fc3a9fcb700               Options.memtable_prefix_bloom_size_ratio: 0.000000
2019/10/17-14:55:02.732739 7fc3a9fcb700   Options.memtable_huge_page_size: 0
2019/10/17-14:55:02.732740 7fc3a9fcb700                           Options.bloom_locality: 0
2019/10/17-14:55:02.732740 7fc3a9fcb700                    Options.max_successive_merges: 0
2019/10/17-14:55:02.732741 7fc3a9fcb700                Options.optimize_filters_for_hits: 0
2019/10/17-14:55:02.732742 7fc3a9fcb700                Options.paranoid_file_checks: 0
2019/10/17-14:55:02.732742 7fc3a9fcb700                Options.force_consistency_checks: 0
2019/10/17-14:55:02.732743 7fc3a9fcb700                Options.report_bg_io_stats: 0
2019/10/17-14:55:02.732744 7fc3a9fcb700                               Options.ttl: 0
2019/10/17-14:55:02.732758 7fc3a9fcb700 [db/column_family.cc:472] --------------- Options for column family [entries]:
2019/10/17-14:55:02.732759 7fc3a9fcb700               Options.comparator: leveldb.BytewiseComparator
2019/10/17-14:55:02.732760 7fc3a9fcb700           Options.merge_operator: None
2019/10/17-14:55:02.732760 7fc3a9fcb700        Options.compaction_filter: None
2019/10/17-14:55:02.732761 7fc3a9fcb700        Options.compaction_filter_factory: None
2019/10/17-14:55:02.732762 7fc3a9fcb700         Options.memtable_factory: SkipListFactory
2019/10/17-14:55:02.732762 7fc3a9fcb700            Options.table_factory: BlockBasedTable
2019/10/17-14:55:02.732771 7fc3a9fcb700            table_factory options:   flush_block_policy_factory: FlushBlockBySizePolicyFactory (0x7fc350047960)
  cache_index_and_filter_blocks: 0
  cache_index_and_filter_blocks_with_high_priority: 0
  pin_l0_filter_and_index_blocks_in_cache: 0
  pin_top_level_index_and_filter: 1
  index_type: 0
  hash_index_allow_collision: 1
  checksum: 1
  no_block_cache: 0
  block_cache: 0x7fc3500546f0
  block_cache_name: LRUCache
  block_cache_options:
    capacity : 8388608
    num_shard_bits : 4
    strict_capacity_limit : 0
    memory_allocator : None
    high_pri_pool_ratio: 0.000
  block_cache_compressed: (nil)
  persistent_cache: (nil)
  block_size: 4096
  block_size_deviation: 10
  block_restart_interval: 16
  index_block_restart_interval: 1
  metadata_block_size: 4096
  partition_filters: 0
  use_delta_encoding: 1
  filter_policy: nullptr
  whole_key_filtering: 1
  verify_compression: 0
  read_amp_bytes_per_bit: 0
  format_version: 2
  enable_index_compression: 1
  block_align: 0
2019/10/17-14:55:02.732776 7fc3a9fcb700        Options.write_buffer_size: 67108864
2019/10/17-14:55:02.732777 7fc3a9fcb700  Options.max_write_buffer_number: 2
2019/10/17-14:55:02.732778 7fc3a9fcb700          Options.compression: NoCompression
2019/10/17-14:55:02.732779 7fc3a9fcb700                  Options.bottommost_compression: Disabled
2019/10/17-14:55:02.732779 7fc3a9fcb700       Options.prefix_extractor: nullptr
2019/10/17-14:55:02.732780 7fc3a9fcb700   Options.memtable_insert_with_hint_prefix_extractor: nullptr
2019/10/17-14:55:02.732781 7fc3a9fcb700             Options.num_levels: 7
2019/10/17-14:55:02.732781 7fc3a9fcb700        Options.min_write_buffer_number_to_merge: 1
2019/10/17-14:55:02.732782 7fc3a9fcb700     Options.max_write_buffer_number_to_maintain: 0
2019/10/17-14:55:02.732782 7fc3a9fcb700            Options.bottommost_compression_opts.window_bits: -14
2019/10/17-14:55:02.732783 7fc3a9fcb700                  Options.bottommost_compression_opts.level: 32767
2019/10/17-14:55:02.732784 7fc3a9fcb700               Options.bottommost_compression_opts.strategy: 0
2019/10/17-14:55:02.732784 7fc3a9fcb700         Options.bottommost_compression_opts.max_dict_bytes: 0
2019/10/17-14:55:02.732785 7fc3a9fcb700         Options.bottommost_compression_opts.zstd_max_train_bytes: 0
2019/10/17-14:55:02.732786 7fc3a9fcb700                  Options.bottommost_compression_opts.enabled: false
2019/10/17-14:55:02.732786 7fc3a9fcb700            Options.compression_opts.window_bits: -14
2019/10/17-14:55:02.732787 7fc3a9fcb700                  Options.compression_opts.level: 32767
2019/10/17-14:55:02.732788 7fc3a9fcb700               Options.compression_opts.strategy: 0
2019/10/17-14:55:02.732788 7fc3a9fcb700         Options.compression_opts.max_dict_bytes: 0
2019/10/17-14:55:02.732789 7fc3a9fcb700         Options.compression_opts.zstd_max_train_bytes: 0
2019/10/17-14:55:02.732790 7fc3a9fcb700                  Options.compression_opts.enabled: false
2019/10/17-14:55:02.732790 7fc3a9fcb700      Options.level0_file_num_compaction_trigger: 4
2019/10/17-14:55:02.732791 7fc3a9fcb700          Options.level0_slowdown_writes_trigger: 20
2019/10/17-14:55:02.732792 7fc3a9fcb700              Options.level0_stop_writes_trigger: 36
2019/10/17-14:55:02.732792 7fc3a9fcb700                   Options.target_file_size_base: 67108864
2019/10/17-14:55:02.732793 7fc3a9fcb700             Options.target_file_size_multiplier: 1
2019/10/17-14:55:02.732794 7fc3a9fcb700                Options.max_bytes_for_level_base: 268435456
2019/10/17-14:55:02.732794 7fc3a9fcb700 Options.level_compaction_dynamic_level_bytes: 0
2019/10/17-14:55:02.732795 7fc3a9fcb700          Options.max_bytes_for_level_multiplier: 10.000000
2019/10/17-14:55:02.732796 7fc3a9fcb700 Options.max_bytes_for_level_multiplier_addtl[0]: 1
2019/10/17-14:55:02.732797 7fc3a9fcb700 Options.max_bytes_for_level_multiplier_addtl[1]: 1
2019/10/17-14:55:02.732798 7fc3a9fcb700 Options.max_bytes_for_level_multiplier_addtl[2]: 1
2019/10/17-14:55:02.732798 7fc3a9fcb700 Options.max_bytes_for_level_multiplier_addtl[3]: 1
2019/10/17-14:55:02.732799 7fc3a9fcb700 Options.max_bytes_for_level_multiplier_addtl[4]: 1
2019/10/17-14:55:02.732800 7fc3a9fcb700 Options.max_bytes_for_level_multiplier_addtl[5]: 1
2019/10/17-14:55:02.732800 7fc3a9fcb700 Options.max_bytes_for_level_multiplier_addtl[6]: 1
2019/10/17-14:55:02.732801 7fc3a9fcb700       Options.max_sequential_skip_in_iterations: 8
2019/10/17-14:55:02.732802 7fc3a9fcb700                    Options.max_compaction_bytes: 1677721600
2019/10/17-14:55:02.732802 7fc3a9fcb700                        Options.arena_block_size: 8388608
2019/10/17-14:55:02.732803 7fc3a9fcb700   Options.soft_pending_compaction_bytes_limit: 68719476736
2019/10/17-14:55:02.732807 7fc3a9fcb700   Options.hard_pending_compaction_bytes_limit: 274877906944
2019/10/17-14:55:02.732808 7fc3a9fcb700       Options.rate_limit_delay_max_milliseconds: 100
2019/10/17-14:55:02.732808 7fc3a9fcb700                Options.disable_auto_compactions: 0
2019/10/17-14:55:02.732809 7fc3a9fcb700                        Options.compaction_style: kCompactionStyleLevel
2019/10/17-14:55:02.732810 7fc3a9fcb700                          Options.compaction_pri: kByCompensatedSize
2019/10/17-14:55:02.732810 7fc3a9fcb700 Options.compaction_options_universal.size_ratio: 1
2019/10/17-14:55:02.732811 7fc3a9fcb700 Options.compaction_options_universal.min_merge_width: 2
2019/10/17-14:55:02.732812 7fc3a9fcb700 Options.compaction_options_universal.max_merge_width: 4294967295
2019/10/17-14:55:02.732812 7fc3a9fcb700 Options.compaction_options_universal.max_size_amplification_percent: 200
2019/10/17-14:55:02.732813 7fc3a9fcb700 Options.compaction_options_universal.compression_size_percent: -1
2019/10/17-14:55:02.732814 7fc3a9fcb700 Options.compaction_options_universal.stop_style: kCompactionStopStyleTotalSize
2019/10/17-14:55:02.732815 7fc3a9fcb700 Options.compaction_options_fifo.max_table_files_size: 1073741824
2019/10/17-14:55:02.732815 7fc3a9fcb700 Options.compaction_options_fifo.allow_compaction: 0
2019/10/17-14:55:02.732816 7fc3a9fcb700 Options.compaction_options_fifo.ttl: 0
2019/10/17-14:55:02.732817 7fc3a9fcb700                   Options.table_properties_collectors: 
2019/10/17-14:55:02.732817 7fc3a9fcb700                   Options.inplace_update_support: 0
2019/10/17-14:55:02.732818 7fc3a9fcb700                 Options.inplace_update_num_locks: 10000
2019/10/17-14:55:02.732819 7fc3a9fcb700               Options.memtable_prefix_bloom_size_ratio: 0.000000
2019/10/17-14:55:02.732819 7fc3a9fcb700   Options.memtable_huge_page_size: 0
2019/10/17-14:55:02.732820 7fc3a9fcb700                           Options.bloom_locality: 0
2019/10/17-14:55:02.732821 7fc3a9fcb700                    Options.max_successive_merges: 0
2019/10/17-14:55:02.732821 7fc3a9fcb700                Options.optimize_filters_for_hits: 0
2019/10/17-14:55:02.732822 7fc3a9fcb700                Options.paranoid_file_checks: 0
2019/10/17-14:55:02.732823 7fc3a9fcb700                Options.force_consistency_checks: 0
2019/10/17-14:55:02.732823 7fc3a9fcb700                Options.report_bg_io_stats: 0
2019/10/17-14:55:02.732824 7fc3a9fcb700                               Options.ttl: 0
2019/10/17-14:55:02.732837 7fc3a9fcb700 [db/column_family.cc:472] --------------- Options for column family [dc_entries]:
2019/10/17-14:55:02.732838 7fc3a9fcb700               Options.comparator: leveldb.BytewiseComparator
2019/10/17-14:55:02.732839 7fc3a9fcb700           Options.merge_operator: None
2019/10/17-14:55:02.732839 7fc3a9fcb700        Options.compaction_filter: None
2019/10/17-14:55:02.732840 7fc3a9fcb700        Options.compaction_filter_factory: None
2019/10/17-14:55:02.732841 7fc3a9fcb700         Options.memtable_factory: SkipListFactory
2019/10/17-14:55:02.732841 7fc3a9fcb700            Options.table_factory: BlockBasedTable
2019/10/17-14:55:02.732850 7fc3a9fcb700            table_factory options:   flush_block_policy_factory: FlushBlockBySizePolicyFactory (0x7fc350047dc0)
  cache_index_and_filter_blocks: 0
  cache_index_and_filter_blocks_with_high_priority: 0
  pin_l0_filter_and_index_blocks_in_cache: 0
  pin_top_level_index_and_filter: 1
  index_type: 0
  hash_index_allow_collision: 1
  checksum: 1
  no_block_cache: 0
  block_cache: 0x7fc350049d70
  block_cache_name: LRUCache
  block_cache_options:
    capacity : 8388608
    num_shard_bits : 4
    strict_capacity_limit : 0
    memory_allocator : None
    high_pri_pool_ratio: 0.000
  block_cache_compressed: (nil)
  persistent_cache: (nil)
  block_size: 4096
  block_size_deviation: 10
  block_restart_interval: 16
  index_block_restart_interval: 1
  metadata_block_size: 4096
  partition_filters: 0
  use_delta_encoding: 1
  filter_policy: nullptr
  whole_key_filtering: 1
  verify_compression: 0
  read_amp_bytes_per_bit: 0
  format_version: 2
  enable_index_compression: 1
  block_align: 0
2019/10/17-14:55:02.732855 7fc3a9fcb700        Options.write_buffer_size: 67108864
2019/10/17-14:55:02.732855 7fc3a9fcb700  Options.max_write_buffer_number: 2
2019/10/17-14:55:02.732856 7fc3a9fcb700          Options.compression: NoCompression
2019/10/17-14:55:02.732857 7fc3a9fcb700                  Options.bottommost_compression: Disabled
2019/10/17-14:55:02.732858 7fc3a9fcb700       Options.prefix_extractor: nullptr
2019/10/17-14:55:02.732858 7fc3a9fcb700   Options.memtable_insert_with_hint_prefix_extractor: nullptr
2019/10/17-14:55:02.732859 7fc3a9fcb700             Options.num_levels: 7
2019/10/17-14:55:02.732859 7fc3a9fcb700        Options.min_write_buffer_number_to_merge: 1
2019/10/17-14:55:02.732860 7fc3a9fcb700     Options.max_write_buffer_number_to_maintain: 0
2019/10/17-14:55:02.732861 7fc3a9fcb700            Options.bottommost_compression_opts.window_bits: -14
2019/10/17-14:55:02.732861 7fc3a9fcb700                  Options.bottommost_compression_opts.level: 32767
2019/10/17-14:55:02.732862 7fc3a9fcb700               Options.bottommost_compression_opts.strategy: 0
2019/10/17-14:55:02.732863 7fc3a9fcb700         Options.bottommost_compression_opts.max_dict_bytes: 0
2019/10/17-14:55:02.732863 7fc3a9fcb700         Options.bottommost_compression_opts.zstd_max_train_bytes: 0
2019/10/17-14:55:02.732864 7fc3a9fcb700                  Options.bottommost_compression_opts.enabled: false
2019/10/17-14:55:02.732865 7fc3a9fcb700            Options.compression_opts.window_bits: -14
2019/10/17-14:55:02.732865 7fc3a9fcb700                  Options.compression_opts.level: 32767
2019/10/17-14:55:02.732866 7fc3a9fcb700               Options.compression_opts.strategy: 0
2019/10/17-14:55:02.732867 7fc3a9fcb700         Options.compression_opts.max_dict_bytes: 0
2019/10/17-14:55:02.732867 7fc3a9fcb700         Options.compression_opts.zstd_max_train_bytes: 0
2019/10/17-14:55:02.732868 7fc3a9fcb700                  Options.compression_opts.enabled: false
2019/10/17-14:55:02.732869 7fc3a9fcb700      Options.level0_file_num_compaction_trigger: 4
2019/10/17-14:55:02.732869 7fc3a9fcb700          Options.level0_slowdown_writes_trigger: 20
2019/10/17-14:55:02.732870 7fc3a9fcb700              Options.level0_stop_writes_trigger: 36
2019/10/17-14:55:02.732871 7fc3a9fcb700                   Options.target_file_size_base: 67108864
2019/10/17-14:55:02.732871 7fc3a9fcb700             Options.target_file_size_multiplier: 1
2019/10/17-14:55:02.732872 7fc3a9fcb700                Options.max_bytes_for_level_base: 268435456
2019/10/17-14:55:02.732873 7fc3a9fcb700 Options.level_compaction_dynamic_level_bytes: 0
2019/10/17-14:55:02.732873 7fc3a9fcb700          Options.max_bytes_for_level_multiplier: 10.000000
2019/10/17-14:55:02.732874 7fc3a9fcb700 Options.max_bytes_for_level_multiplier_addtl[0]: 1
2019/10/17-14:55:02.732875 7fc3a9fcb700 Options.max_bytes_for_level_multiplier_addtl[1]: 1
2019/10/17-14:55:02.732876 7fc3a9fcb700 Options.max_bytes_for_level_multiplier_addtl[2]: 1
2019/10/17-14:55:02.732877 7fc3a9fcb700 Options.max_bytes_for_level_multiplier_addtl[3]: 1
2019/10/17-14:55:02.732877 7fc3a9fcb700 Options.max_bytes_for_level_multiplier_addtl[4]: 1
2019/10/17-14:55:02.732878 7fc3a9fcb700 Options.max_bytes_for_level_multiplier_addtl[5]: 1
2019/10/17-14:55:02.732879 7fc3a9fcb700 Options.max_bytes_for_level_multiplier_addtl[6]: 1
2019/10/17-14:55:02.732879 7fc3a9fcb700       Options.max_sequential_skip_in_iterations: 8
2019/10/17-14:55:02.732880 7fc3a9fcb700                    Options.max_compaction_bytes: 1677721600
2019/10/17-14:55:02.732881 7fc3a9fcb700                        Options.arena_block_size: 8388608
2019/10/17-14:55:02.732881 7fc3a9fcb700   Options.soft_pending_compaction_bytes_limit: 68719476736
2019/10/17-14:55:02.732882 7fc3a9fcb700   Options.hard_pending_compaction_bytes_limit: 274877906944
2019/10/17-14:55:02.732883 7fc3a9fcb700       Options.rate_limit_delay_max_milliseconds: 100
2019/10/17-14:55:02.732883 7fc3a9fcb700                Options.disable_auto_compactions: 0
2019/10/17-14:55:02.732888 7fc3a9fcb700                        Options.compaction_style: kCompactionStyleLevel
2019/10/17-14:55:02.732889 7fc3a9fcb700                          Options.compaction_pri: kByCompensatedSize
2019/10/17-14:55:02.732889 7fc3a9fcb700 Options.compaction_options_universal.size_ratio: 1
2019/10/17-14:55:02.732890 7fc3a9fcb700 Options.compaction_options_universal.min_merge_width: 2
2019/10/17-14:55:02.732891 7fc3a9fcb700 Options.compaction_options_universal.max_merge_width: 4294967295
2019/10/17-14:55:02.732891 7fc3a9fcb700 Options.compaction_options_universal.max_size_amplification_percent: 200
2019/10/17-14:55:02.732892 7fc3a9fcb700 Options.compaction_options_universal.compression_size_percent: -1
2019/10/17-14:55:02.732893 7fc3a9fcb700 Options.compaction_options_universal.stop_style: kCompactionStopStyleTotalSize
2019/10/17-14:55:02.732893 7fc3a9fcb700 Options.compaction_options_fifo.max_table_files_size: 1073741824
2019/10/17-14:55:02.732894 7fc3a9fcb700 Options.compaction_options_fifo.allow_compaction: 0
2019/10/17-14:55:02.732895 7fc3a9fcb700 Options.compaction_options_fifo.ttl: 0
2019/10/17-14:55:02.732895 7fc3a9fcb700                   Options.table_properties_collectors: 
2019/10/17-14:55:02.732896 7fc3a9fcb700                   Options.inplace_update_support: 0
2019/10/17-14:55:02.732897 7fc3a9fcb700                 Options.inplace_update_num_locks: 10000
2019/10/17-14:55:02.732897 7fc3a9fcb700               Options.memtable_prefix_bloom_size_ratio: 0.000000
2019/10/17-14:55:02.732898 7fc3a9fcb700   Options.memtable_huge_page_size: 0
2019/10/17-14:55:02.732899 7fc3a9fcb700                           Options.bloom_locality: 0
2019/10/17-14:55:02.732900 7fc3a9fcb700                    Options.max_successive_merges: 0
2019/10/17-14:55:02.732900 7fc3a9fcb700                Options.optimize_filters_for_hits: 0
2019/10/17-14:55:02.732901 7fc3a9fcb700                Options.paranoid_file_checks: 0
2019/10/17-14:55:02.732902 7fc3a9fcb700                Options.force_consistency_checks: 0
2019/10/17-14:55:02.732902 7fc3a9fcb700                Options.report_bg_io_stats: 0
2019/10/17-14:55:02.732903 7fc3a9fcb700                               Options.ttl: 0
2019/10/17-14:55:02.732914 7fc3a9fcb700 [db/column_family.cc:472] --------------- Options for column family [htlcs]:
2019/10/17-14:55:02.732915 7fc3a9fcb700               Options.comparator: leveldb.BytewiseComparator
2019/10/17-14:55:02.732915 7fc3a9fcb700           Options.merge_operator: None
2019/10/17-14:55:02.732916 7fc3a9fcb700        Options.compaction_filter: None
2019/10/17-14:55:02.732917 7fc3a9fcb700        Options.compaction_filter_factory: None
2019/10/17-14:55:02.732917 7fc3a9fcb700         Options.memtable_factory: SkipListFactory
2019/10/17-14:55:02.732918 7fc3a9fcb700            Options.table_factory: BlockBasedTable
2019/10/17-14:55:02.732926 7fc3a9fcb700            table_factory options:   flush_block_policy_factory: FlushBlockBySizePolicyFactory (0x7fc350049f10)
