2019/10/17-14:54:15.417615 7fc3a9fcb700 RocksDB version: 5.18.3
2019/10/17-14:54:15.417636 7fc3a9fcb700 Git sha rocksdb_build_git_sha:@0@
2019/10/17-14:54:15.417637 7fc3a9fcb700 Compile date Sep 19 2019
2019/10/17-14:54:15.417638 7fc3a9fcb700 DB SUMMARY
2019/10/17-14:54:15.418149 7fc3a9fcb700 CURRENT file:  CURRENT
2019/10/17-14:54:15.418151 7fc3a9fcb700 IDENTITY file:  IDENTITY
2019/10/17-14:54:15.418172 7fc3a9fcb700 MANIFEST file:  MANIFEST-114922 size: 4114 Bytes
2019/10/17-14:54:15.418173 7fc3a9fcb700 SST files in /home/rahul/dev/blockchain-core/eqc/ledger.db dir, Total Num: 29, files: 000624.sst 000627.sst 106940.sst 108447.sst 108450.sst 109471.sst 109483.sst 109485.sst 109486.sst 
2019/10/17-14:54:15.418174 7fc3a9fcb700 Write Ahead Log file in /home/rahul/dev/blockchain-core/eqc/ledger.db: 114923.log size: 0 ; 
2019/10/17-14:54:15.418198 7fc3a9fcb700                         Options.error_if_exists: 0
2019/10/17-14:54:15.418199 7fc3a9fcb700                       Options.create_if_missing: 1
2019/10/17-14:54:15.418200 7fc3a9fcb700                         Options.paranoid_checks: 1
2019/10/17-14:54:15.418200 7fc3a9fcb700                                     Options.env: 0x7fc32ae1fc60
2019/10/17-14:54:15.418201 7fc3a9fcb700                                Options.info_log: 0x7fc35006c5c0
2019/10/17-14:54:15.418202 7fc3a9fcb700                Options.max_file_opening_threads: 16
2019/10/17-14:54:15.418202 7fc3a9fcb700                              Options.statistics: (nil)
2019/10/17-14:54:15.418203 7fc3a9fcb700                               Options.use_fsync: 0
2019/10/17-14:54:15.418203 7fc3a9fcb700                       Options.max_log_file_size: 0
2019/10/17-14:54:15.418204 7fc3a9fcb700                  Options.max_manifest_file_size: 1073741824
2019/10/17-14:54:15.418204 7fc3a9fcb700                   Options.log_file_time_to_roll: 0
2019/10/17-14:54:15.418205 7fc3a9fcb700                       Options.keep_log_file_num: 1000
2019/10/17-14:54:15.418206 7fc3a9fcb700                    Options.recycle_log_file_num: 0
2019/10/17-14:54:15.418206 7fc3a9fcb700                         Options.allow_fallocate: 1
2019/10/17-14:54:15.418207 7fc3a9fcb700                        Options.allow_mmap_reads: 0
2019/10/17-14:54:15.418207 7fc3a9fcb700                       Options.allow_mmap_writes: 0
2019/10/17-14:54:15.418208 7fc3a9fcb700                        Options.use_direct_reads: 0
2019/10/17-14:54:15.418208 7fc3a9fcb700                        Options.use_direct_io_for_flush_and_compaction: 0
2019/10/17-14:54:15.418209 7fc3a9fcb700          Options.create_missing_column_families: 0
2019/10/17-14:54:15.418209 7fc3a9fcb700                              Options.db_log_dir: 
2019/10/17-14:54:15.418210 7fc3a9fcb700                                 Options.wal_dir: /home/rahul/dev/blockchain-core/eqc/ledger.db
2019/10/17-14:54:15.418210 7fc3a9fcb700                Options.table_cache_numshardbits: 6
2019/10/17-14:54:15.418211 7fc3a9fcb700                      Options.max_subcompactions: 1
2019/10/17-14:54:15.418212 7fc3a9fcb700                  Options.max_background_flushes: -1
2019/10/17-14:54:15.418212 7fc3a9fcb700                         Options.WAL_ttl_seconds: 0
2019/10/17-14:54:15.418213 7fc3a9fcb700                       Options.WAL_size_limit_MB: 0
2019/10/17-14:54:15.418213 7fc3a9fcb700             Options.manifest_preallocation_size: 4194304
2019/10/17-14:54:15.418214 7fc3a9fcb700                     Options.is_fd_close_on_exec: 1
2019/10/17-14:54:15.418214 7fc3a9fcb700                   Options.advise_random_on_open: 1
2019/10/17-14:54:15.418215 7fc3a9fcb700                    Options.db_write_buffer_size: 0
2019/10/17-14:54:15.418215 7fc3a9fcb700                    Options.write_buffer_manager: 0x7fc3500fe0c0
2019/10/17-14:54:15.418216 7fc3a9fcb700         Options.access_hint_on_compaction_start: 1
2019/10/17-14:54:15.418216 7fc3a9fcb700  Options.new_table_reader_for_compaction_inputs: 0
2019/10/17-14:54:15.418217 7fc3a9fcb700           Options.random_access_max_buffer_size: 1048576
2019/10/17-14:54:15.418218 7fc3a9fcb700                      Options.use_adaptive_mutex: 0
2019/10/17-14:54:15.418218 7fc3a9fcb700                            Options.rate_limiter: (nil)
2019/10/17-14:54:15.418224 7fc3a9fcb700     Options.sst_file_manager.rate_bytes_per_sec: 0
2019/10/17-14:54:15.418225 7fc3a9fcb700                       Options.wal_recovery_mode: 2
2019/10/17-14:54:15.418226 7fc3a9fcb700                  Options.enable_thread_tracking: 0
2019/10/17-14:54:15.418226 7fc3a9fcb700                  Options.enable_pipelined_write: 0
2019/10/17-14:54:15.418227 7fc3a9fcb700         Options.allow_concurrent_memtable_write: 1
2019/10/17-14:54:15.418227 7fc3a9fcb700      Options.enable_write_thread_adaptive_yield: 1
2019/10/17-14:54:15.418228 7fc3a9fcb700             Options.write_thread_max_yield_usec: 100
2019/10/17-14:54:15.418228 7fc3a9fcb700            Options.write_thread_slow_yield_usec: 3
2019/10/17-14:54:15.418229 7fc3a9fcb700                               Options.row_cache: None
2019/10/17-14:54:15.418229 7fc3a9fcb700                              Options.wal_filter: None
2019/10/17-14:54:15.418230 7fc3a9fcb700             Options.avoid_flush_during_recovery: 0
2019/10/17-14:54:15.418231 7fc3a9fcb700             Options.allow_ingest_behind: 0
2019/10/17-14:54:15.418231 7fc3a9fcb700             Options.preserve_deletes: 0
2019/10/17-14:54:15.418232 7fc3a9fcb700             Options.two_write_queues: 0
2019/10/17-14:54:15.418232 7fc3a9fcb700             Options.manual_wal_flush: 0
2019/10/17-14:54:15.418233 7fc3a9fcb700             Options.max_background_jobs: 2
2019/10/17-14:54:15.418233 7fc3a9fcb700             Options.max_background_compactions: -1
2019/10/17-14:54:15.418234 7fc3a9fcb700             Options.avoid_flush_during_shutdown: 0
2019/10/17-14:54:15.418234 7fc3a9fcb700           Options.writable_file_max_buffer_size: 1048576
2019/10/17-14:54:15.418235 7fc3a9fcb700             Options.delayed_write_rate : 16777216
2019/10/17-14:54:15.418235 7fc3a9fcb700             Options.max_total_wal_size: 0
2019/10/17-14:54:15.418236 7fc3a9fcb700             Options.delete_obsolete_files_period_micros: 21600000000
2019/10/17-14:54:15.418237 7fc3a9fcb700                   Options.stats_dump_period_sec: 600
2019/10/17-14:54:15.418237 7fc3a9fcb700                          Options.max_open_files: -1
2019/10/17-14:54:15.418238 7fc3a9fcb700                          Options.bytes_per_sync: 0
2019/10/17-14:54:15.418238 7fc3a9fcb700                      Options.wal_bytes_per_sync: 0
2019/10/17-14:54:15.418239 7fc3a9fcb700       Options.compaction_readahead_size: 0
2019/10/17-14:54:15.418239 7fc3a9fcb700 Compression algorithms supported:
2019/10/17-14:54:15.418240 7fc3a9fcb700 	kZSTDNotFinalCompression supported: 0
2019/10/17-14:54:15.418241 7fc3a9fcb700 	kZSTD supported: 0
2019/10/17-14:54:15.418241 7fc3a9fcb700 	kXpressCompression supported: 0
2019/10/17-14:54:15.418242 7fc3a9fcb700 	kLZ4HCCompression supported: 0
2019/10/17-14:54:15.418243 7fc3a9fcb700 	kLZ4Compression supported: 0
2019/10/17-14:54:15.418243 7fc3a9fcb700 	kBZip2Compression supported: 0
2019/10/17-14:54:15.418244 7fc3a9fcb700 	kZlibCompression supported: 0
2019/10/17-14:54:15.418244 7fc3a9fcb700 	kSnappyCompression supported: 0
2019/10/17-14:54:15.418246 7fc3a9fcb700 Fast CRC32 supported: Supported on x86
2019/10/17-14:54:15.418313 7fc3a9fcb700 [db/version_set.cc:3507] Recovering from manifest file: MANIFEST-114922
2019/10/17-14:54:15.418336 7fc3a9fcb700 [db/column_family.cc:472] --------------- Options for column family [default]:
2019/10/17-14:54:15.418337 7fc3a9fcb700               Options.comparator: leveldb.BytewiseComparator
2019/10/17-14:54:15.418338 7fc3a9fcb700           Options.merge_operator: None
2019/10/17-14:54:15.418339 7fc3a9fcb700        Options.compaction_filter: None
2019/10/17-14:54:15.418339 7fc3a9fcb700        Options.compaction_filter_factory: None
2019/10/17-14:54:15.418340 7fc3a9fcb700         Options.memtable_factory: SkipListFactory
2019/10/17-14:54:15.418340 7fc3a9fcb700            Options.table_factory: BlockBasedTable
2019/10/17-14:54:15.418350 7fc3a9fcb700            table_factory options:   flush_block_policy_factory: FlushBlockBySizePolicyFactory (0x7fc350037b00)
  cache_index_and_filter_blocks: 0
  cache_index_and_filter_blocks_with_high_priority: 0
  pin_l0_filter_and_index_blocks_in_cache: 0
  pin_top_level_index_and_filter: 1
  index_type: 0
  hash_index_allow_collision: 1
  checksum: 1
  no_block_cache: 0
  block_cache: 0x7fc3500e0d10
  block_cache_name: LRUCache
  block_cache_options:
    capacity : 8388608
    num_shard_bits : 4
    strict_capacity_limit : 0
    memory_allocator : None
    high_pri_pool_ratio: 0.000
  block_cache_compressed: (nil)
  persistent_cache: (nil)
  block_size: 4096
  block_size_deviation: 10
  block_restart_interval: 16
  index_block_restart_interval: 1
  metadata_block_size: 4096
  partition_filters: 0
  use_delta_encoding: 1
  filter_policy: nullptr
  whole_key_filtering: 1
  verify_compression: 0
  read_amp_bytes_per_bit: 0
  format_version: 2
  enable_index_compression: 1
  block_align: 0
2019/10/17-14:54:15.418357 7fc3a9fcb700        Options.write_buffer_size: 67108864
2019/10/17-14:54:15.418358 7fc3a9fcb700  Options.max_write_buffer_number: 2
2019/10/17-14:54:15.418358 7fc3a9fcb700          Options.compression: NoCompression
2019/10/17-14:54:15.418359 7fc3a9fcb700                  Options.bottommost_compression: Disabled
2019/10/17-14:54:15.418359 7fc3a9fcb700       Options.prefix_extractor: nullptr
2019/10/17-14:54:15.418360 7fc3a9fcb700   Options.memtable_insert_with_hint_prefix_extractor: nullptr
2019/10/17-14:54:15.418361 7fc3a9fcb700             Options.num_levels: 7
2019/10/17-14:54:15.418361 7fc3a9fcb700        Options.min_write_buffer_number_to_merge: 1
2019/10/17-14:54:15.418362 7fc3a9fcb700     Options.max_write_buffer_number_to_maintain: 0
2019/10/17-14:54:15.418362 7fc3a9fcb700            Options.bottommost_compression_opts.window_bits: -14
2019/10/17-14:54:15.418363 7fc3a9fcb700                  Options.bottommost_compression_opts.level: 32767
2019/10/17-14:54:15.418363 7fc3a9fcb700               Options.bottommost_compression_opts.strategy: 0
2019/10/17-14:54:15.418364 7fc3a9fcb700         Options.bottommost_compression_opts.max_dict_bytes: 0
2019/10/17-14:54:15.418364 7fc3a9fcb700         Options.bottommost_compression_opts.zstd_max_train_bytes: 0
2019/10/17-14:54:15.418365 7fc3a9fcb700                  Options.bottommost_compression_opts.enabled: false
2019/10/17-14:54:15.418365 7fc3a9fcb700            Options.compression_opts.window_bits: -14
2019/10/17-14:54:15.418366 7fc3a9fcb700                  Options.compression_opts.level: 32767
2019/10/17-14:54:15.418367 7fc3a9fcb700               Options.compression_opts.strategy: 0
2019/10/17-14:54:15.418367 7fc3a9fcb700         Options.compression_opts.max_dict_bytes: 0
2019/10/17-14:54:15.418368 7fc3a9fcb700         Options.compression_opts.zstd_max_train_bytes: 0
2019/10/17-14:54:15.418368 7fc3a9fcb700                  Options.compression_opts.enabled: false
2019/10/17-14:54:15.418369 7fc3a9fcb700      Options.level0_file_num_compaction_trigger: 4
2019/10/17-14:54:15.418369 7fc3a9fcb700          Options.level0_slowdown_writes_trigger: 20
2019/10/17-14:54:15.418370 7fc3a9fcb700              Options.level0_stop_writes_trigger: 36
2019/10/17-14:54:15.418370 7fc3a9fcb700                   Options.target_file_size_base: 67108864
2019/10/17-14:54:15.418371 7fc3a9fcb700             Options.target_file_size_multiplier: 1
2019/10/17-14:54:15.418371 7fc3a9fcb700                Options.max_bytes_for_level_base: 268435456
2019/10/17-14:54:15.418372 7fc3a9fcb700 Options.level_compaction_dynamic_level_bytes: 0
2019/10/17-14:54:15.418372 7fc3a9fcb700          Options.max_bytes_for_level_multiplier: 10.000000
2019/10/17-14:54:15.418374 7fc3a9fcb700 Options.max_bytes_for_level_multiplier_addtl[0]: 1
2019/10/17-14:54:15.418375 7fc3a9fcb700 Options.max_bytes_for_level_multiplier_addtl[1]: 1
2019/10/17-14:54:15.418375 7fc3a9fcb700 Options.max_bytes_for_level_multiplier_addtl[2]: 1
2019/10/17-14:54:15.418376 7fc3a9fcb700 Options.max_bytes_for_level_multiplier_addtl[3]: 1
2019/10/17-14:54:15.418376 7fc3a9fcb700 Options.max_bytes_for_level_multiplier_addtl[4]: 1
2019/10/17-14:54:15.418379 7fc3a9fcb700 Options.max_bytes_for_level_multiplier_addtl[5]: 1
2019/10/17-14:54:15.418380 7fc3a9fcb700 Options.max_bytes_for_level_multiplier_addtl[6]: 1
2019/10/17-14:54:15.418381 7fc3a9fcb700       Options.max_sequential_skip_in_iterations: 8
2019/10/17-14:54:15.418381 7fc3a9fcb700                    Options.max_compaction_bytes: 1677721600
2019/10/17-14:54:15.418382 7fc3a9fcb700                        Options.arena_block_size: 8388608
2019/10/17-14:54:15.418382 7fc3a9fcb700   Options.soft_pending_compaction_bytes_limit: 68719476736
2019/10/17-14:54:15.418383 7fc3a9fcb700   Options.hard_pending_compaction_bytes_limit: 274877906944
2019/10/17-14:54:15.418383 7fc3a9fcb700       Options.rate_limit_delay_max_milliseconds: 100
2019/10/17-14:54:15.418384 7fc3a9fcb700                Options.disable_auto_compactions: 0
2019/10/17-14:54:15.418385 7fc3a9fcb700                        Options.compaction_style: kCompactionStyleLevel
2019/10/17-14:54:15.418386 7fc3a9fcb700                          Options.compaction_pri: kByCompensatedSize
2019/10/17-14:54:15.418386 7fc3a9fcb700 Options.compaction_options_universal.size_ratio: 1
2019/10/17-14:54:15.418387 7fc3a9fcb700 Options.compaction_options_universal.min_merge_width: 2
2019/10/17-14:54:15.418387 7fc3a9fcb700 Options.compaction_options_universal.max_merge_width: 4294967295
2019/10/17-14:54:15.418388 7fc3a9fcb700 Options.compaction_options_universal.max_size_amplification_percent: 200
2019/10/17-14:54:15.418389 7fc3a9fcb700 Options.compaction_options_universal.compression_size_percent: -1
2019/10/17-14:54:15.418389 7fc3a9fcb700 Options.compaction_options_universal.stop_style: kCompactionStopStyleTotalSize
2019/10/17-14:54:15.418390 7fc3a9fcb700 Options.compaction_options_fifo.max_table_files_size: 1073741824
2019/10/17-14:54:15.418390 7fc3a9fcb700 Options.compaction_options_fifo.allow_compaction: 0
2019/10/17-14:54:15.418391 7fc3a9fcb700 Options.compaction_options_fifo.ttl: 0
2019/10/17-14:54:15.418391 7fc3a9fcb700                   Options.table_properties_collectors: 
2019/10/17-14:54:15.418392 7fc3a9fcb700                   Options.inplace_update_support: 0
2019/10/17-14:54:15.418393 7fc3a9fcb700                 Options.inplace_update_num_locks: 10000
2019/10/17-14:54:15.418393 7fc3a9fcb700               Options.memtable_prefix_bloom_size_ratio: 0.000000
2019/10/17-14:54:15.418394 7fc3a9fcb700   Options.memtable_huge_page_size: 0
2019/10/17-14:54:15.418394 7fc3a9fcb700                           Options.bloom_locality: 0
2019/10/17-14:54:15.418395 7fc3a9fcb700                    Options.max_successive_merges: 0
2019/10/17-14:54:15.418396 7fc3a9fcb700                Options.optimize_filters_for_hits: 0
2019/10/17-14:54:15.418396 7fc3a9fcb700                Options.paranoid_file_checks: 0
2019/10/17-14:54:15.418397 7fc3a9fcb700                Options.force_consistency_checks: 0
2019/10/17-14:54:15.418397 7fc3a9fcb700                Options.report_bg_io_stats: 0
2019/10/17-14:54:15.418398 7fc3a9fcb700                               Options.ttl: 0
2019/10/17-14:54:15.418418 7fc3a9fcb700 [db/column_family.cc:472] --------------- Options for column family [active_gateways]:
2019/10/17-14:54:15.418419 7fc3a9fcb700               Options.comparator: leveldb.BytewiseComparator
2019/10/17-14:54:15.418420 7fc3a9fcb700           Options.merge_operator: None
2019/10/17-14:54:15.418420 7fc3a9fcb700        Options.compaction_filter: None
2019/10/17-14:54:15.418421 7fc3a9fcb700        Options.compaction_filter_factory: None
2019/10/17-14:54:15.418421 7fc3a9fcb700         Options.memtable_factory: SkipListFactory
2019/10/17-14:54:15.418422 7fc3a9fcb700            Options.table_factory: BlockBasedTable
2019/10/17-14:54:15.418429 7fc3a9fcb700            table_factory options:   flush_block_policy_factory: FlushBlockBySizePolicyFactory (0x7fc3500a1f70)
  cache_index_and_filter_blocks: 0
  cache_index_and_filter_blocks_with_high_priority: 0
  pin_l0_filter_and_index_blocks_in_cache: 0
  pin_top_level_index_and_filter: 1
  index_type: 0
  hash_index_allow_collision: 1
  checksum: 1
  no_block_cache: 0
  block_cache: 0x7fc350089560
  block_cache_name: LRUCache
  block_cache_options:
    capacity : 8388608
    num_shard_bits : 4
    strict_capacity_limit : 0
    memory_allocator : None
    high_pri_pool_ratio: 0.000
  block_cache_compressed: (nil)
  persistent_cache: (nil)
  block_size: 4096
  block_size_deviation: 10
  block_restart_interval: 16
  index_block_restart_interval: 1
  metadata_block_size: 4096
  partition_filters: 0
  use_delta_encoding: 1
  filter_policy: nullptr
  whole_key_filtering: 1
  verify_compression: 0
  read_amp_bytes_per_bit: 0
  format_version: 2
  enable_index_compression: 1
  block_align: 0
2019/10/17-14:54:15.418434 7fc3a9fcb700        Options.write_buffer_size: 67108864
2019/10/17-14:54:15.418434 7fc3a9fcb700  Options.max_write_buffer_number: 2
2019/10/17-14:54:15.418435 7fc3a9fcb700          Options.compression: NoCompression
2019/10/17-14:54:15.418436 7fc3a9fcb700                  Options.bottommost_compression: Disabled
2019/10/17-14:54:15.418436 7fc3a9fcb700       Options.prefix_extractor: nullptr
2019/10/17-14:54:15.418437 7fc3a9fcb700   Options.memtable_insert_with_hint_prefix_extractor: nullptr
2019/10/17-14:54:15.418437 7fc3a9fcb700             Options.num_levels: 7
2019/10/17-14:54:15.418438 7fc3a9fcb700        Options.min_write_buffer_number_to_merge: 1
2019/10/17-14:54:15.418438 7fc3a9fcb700     Options.max_write_buffer_number_to_maintain: 0
2019/10/17-14:54:15.418439 7fc3a9fcb700            Options.bottommost_compression_opts.window_bits: -14
2019/10/17-14:54:15.418439 7fc3a9fcb700                  Options.bottommost_compression_opts.level: 32767
2019/10/17-14:54:15.418440 7fc3a9fcb700               Options.bottommost_compression_opts.strategy: 0
2019/10/17-14:54:15.418440 7fc3a9fcb700         Options.bottommost_compression_opts.max_dict_bytes: 0
2019/10/17-14:54:15.418441 7fc3a9fcb700         Options.bottommost_compression_opts.zstd_max_train_bytes: 0
2019/10/17-14:54:15.418441 7fc3a9fcb700                  Options.bottommost_compression_opts.enabled: false
2019/10/17-14:54:15.418442 7fc3a9fcb700            Options.compression_opts.window_bits: -14
2019/10/17-14:54:15.418442 7fc3a9fcb700                  Options.compression_opts.level: 32767
2019/10/17-14:54:15.418443 7fc3a9fcb700               Options.compression_opts.strategy: 0
2019/10/17-14:54:15.418444 7fc3a9fcb700         Options.compression_opts.max_dict_bytes: 0
2019/10/17-14:54:15.418444 7fc3a9fcb700         Options.compression_opts.zstd_max_train_bytes: 0
2019/10/17-14:54:15.418445 7fc3a9fcb700                  Options.compression_opts.enabled: false
2019/10/17-14:54:15.418445 7fc3a9fcb700      Options.level0_file_num_compaction_trigger: 4
2019/10/17-14:54:15.418446 7fc3a9fcb700          Options.level0_slowdown_writes_trigger: 20
2019/10/17-14:54:15.418446 7fc3a9fcb700              Options.level0_stop_writes_trigger: 36
2019/10/17-14:54:15.418447 7fc3a9fcb700                   Options.target_file_size_base: 67108864
2019/10/17-14:54:15.418447 7fc3a9fcb700             Options.target_file_size_multiplier: 1
2019/10/17-14:54:15.418448 7fc3a9fcb700                Options.max_bytes_for_level_base: 268435456
2019/10/17-14:54:15.418448 7fc3a9fcb700 Options.level_compaction_dynamic_level_bytes: 0
2019/10/17-14:54:15.418449 7fc3a9fcb700          Options.max_bytes_for_level_multiplier: 10.000000
2019/10/17-14:54:15.418450 7fc3a9fcb700 Options.max_bytes_for_level_multiplier_addtl[0]: 1
2019/10/17-14:54:15.418450 7fc3a9fcb700 Options.max_bytes_for_level_multiplier_addtl[1]: 1
2019/10/17-14:54:15.418451 7fc3a9fcb700 Options.max_bytes_for_level_multiplier_addtl[2]: 1
2019/10/17-14:54:15.418451 7fc3a9fcb700 Options.max_bytes_for_level_multiplier_addtl[3]: 1
2019/10/17-14:54:15.418452 7fc3a9fcb700 Options.max_bytes_for_level_multiplier_addtl[4]: 1
2019/10/17-14:54:15.418452 7fc3a9fcb700 Options.max_bytes_for_level_multiplier_addtl[5]: 1
2019/10/17-14:54:15.418453 7fc3a9fcb700 Options.max_bytes_for_level_multiplier_addtl[6]: 1
2019/10/17-14:54:15.418453 7fc3a9fcb700       Options.max_sequential_skip_in_iterations: 8
2019/10/17-14:54:15.418457 7fc3a9fcb700                    Options.max_compaction_bytes: 1677721600
2019/10/17-14:54:15.418457 7fc3a9fcb700                        Options.arena_block_size: 8388608
2019/10/17-14:54:15.418458 7fc3a9fcb700   Options.soft_pending_compaction_bytes_limit: 68719476736
2019/10/17-14:54:15.418458 7fc3a9fcb700   Options.hard_pending_compaction_bytes_limit: 274877906944
2019/10/17-14:54:15.418459 7fc3a9fcb700       Options.rate_limit_delay_max_milliseconds: 100
2019/10/17-14:54:15.418459 7fc3a9fcb700                Options.disable_auto_compactions: 0
2019/10/17-14:54:15.418460 7fc3a9fcb700                        Options.compaction_style: kCompactionStyleLevel
2019/10/17-14:54:15.418461 7fc3a9fcb700                          Options.compaction_pri: kByCompensatedSize
2019/10/17-14:54:15.418461 7fc3a9fcb700 Options.compaction_options_universal.size_ratio: 1
2019/10/17-14:54:15.418462 7fc3a9fcb700 Options.compaction_options_universal.min_merge_width: 2
2019/10/17-14:54:15.418462 7fc3a9fcb700 Options.compaction_options_universal.max_merge_width: 4294967295
2019/10/17-14:54:15.418463 7fc3a9fcb700 Options.compaction_options_universal.max_size_amplification_percent: 200
2019/10/17-14:54:15.418463 7fc3a9fcb700 Options.compaction_options_universal.compression_size_percent: -1
2019/10/17-14:54:15.418464 7fc3a9fcb700 Options.compaction_options_universal.stop_style: kCompactionStopStyleTotalSize
2019/10/17-14:54:15.418465 7fc3a9fcb700 Options.compaction_options_fifo.max_table_files_size: 1073741824
2019/10/17-14:54:15.418465 7fc3a9fcb700 Options.compaction_options_fifo.allow_compaction: 0
2019/10/17-14:54:15.418466 7fc3a9fcb700 Options.compaction_options_fifo.ttl: 0
2019/10/17-14:54:15.418466 7fc3a9fcb700                   Options.table_properties_collectors: 
2019/10/17-14:54:15.418467 7fc3a9fcb700                   Options.inplace_update_support: 0
2019/10/17-14:54:15.418467 7fc3a9fcb700                 Options.inplace_update_num_locks: 10000
2019/10/17-14:54:15.418468 7fc3a9fcb700               Options.memtable_prefix_bloom_size_ratio: 0.000000
2019/10/17-14:54:15.418469 7fc3a9fcb700   Options.memtable_huge_page_size: 0
2019/10/17-14:54:15.418469 7fc3a9fcb700                           Options.bloom_locality: 0
2019/10/17-14:54:15.418470 7fc3a9fcb700                    Options.max_successive_merges: 0
2019/10/17-14:54:15.418470 7fc3a9fcb700                Options.optimize_filters_for_hits: 0
2019/10/17-14:54:15.418471 7fc3a9fcb700                Options.paranoid_file_checks: 0
2019/10/17-14:54:15.418471 7fc3a9fcb700                Options.force_consistency_checks: 0
2019/10/17-14:54:15.418472 7fc3a9fcb700                Options.report_bg_io_stats: 0
2019/10/17-14:54:15.418472 7fc3a9fcb700                               Options.ttl: 0
2019/10/17-14:54:15.418483 7fc3a9fcb700 [db/column_family.cc:472] --------------- Options for column family [entries]:
2019/10/17-14:54:15.418484 7fc3a9fcb700               Options.comparator: leveldb.BytewiseComparator
2019/10/17-14:54:15.418485 7fc3a9fcb700           Options.merge_operator: None
2019/10/17-14:54:15.418486 7fc3a9fcb700        Options.compaction_filter: None
2019/10/17-14:54:15.418486 7fc3a9fcb700        Options.compaction_filter_factory: None
2019/10/17-14:54:15.418487 7fc3a9fcb700         Options.memtable_factory: SkipListFactory
2019/10/17-14:54:15.418487 7fc3a9fcb700            Options.table_factory: BlockBasedTable
2019/10/17-14:54:15.418494 7fc3a9fcb700            table_factory options:   flush_block_policy_factory: FlushBlockBySizePolicyFactory (0x7fc350073210)
  cache_index_and_filter_blocks: 0
  cache_index_and_filter_blocks_with_high_priority: 0
  pin_l0_filter_and_index_blocks_in_cache: 0
  pin_top_level_index_and_filter: 1
  index_type: 0
  hash_index_allow_collision: 1
  checksum: 1
  no_block_cache: 0
  block_cache: 0x7fc350020170
  block_cache_name: LRUCache
  block_cache_options:
    capacity : 8388608
    num_shard_bits : 4
    strict_capacity_limit : 0
    memory_allocator : None
    high_pri_pool_ratio: 0.000
  block_cache_compressed: (nil)
  persistent_cache: (nil)
  block_size: 4096
  block_size_deviation: 10
  block_restart_interval: 16
  index_block_restart_interval: 1
  metadata_block_size: 4096
  partition_filters: 0
  use_delta_encoding: 1
  filter_policy: nullptr
  whole_key_filtering: 1
  verify_compression: 0
  read_amp_bytes_per_bit: 0
  format_version: 2
  enable_index_compression: 1
  block_align: 0
2019/10/17-14:54:15.418498 7fc3a9fcb700        Options.write_buffer_size: 67108864
2019/10/17-14:54:15.418499 7fc3a9fcb700  Options.max_write_buffer_number: 2
2019/10/17-14:54:15.418499 7fc3a9fcb700          Options.compression: NoCompression
2019/10/17-14:54:15.418500 7fc3a9fcb700                  Options.bottommost_compression: Disabled
2019/10/17-14:54:15.418501 7fc3a9fcb700       Options.prefix_extractor: nullptr
2019/10/17-14:54:15.418501 7fc3a9fcb700   Options.memtable_insert_with_hint_prefix_extractor: nullptr
2019/10/17-14:54:15.418502 7fc3a9fcb700             Options.num_levels: 7
2019/10/17-14:54:15.418502 7fc3a9fcb700        Options.min_write_buffer_number_to_merge: 1
2019/10/17-14:54:15.418503 7fc3a9fcb700     Options.max_write_buffer_number_to_maintain: 0
2019/10/17-14:54:15.418503 7fc3a9fcb700            Options.bottommost_compression_opts.window_bits: -14
2019/10/17-14:54:15.418504 7fc3a9fcb700                  Options.bottommost_compression_opts.level: 32767
2019/10/17-14:54:15.418504 7fc3a9fcb700               Options.bottommost_compression_opts.strategy: 0
2019/10/17-14:54:15.418505 7fc3a9fcb700         Options.bottommost_compression_opts.max_dict_bytes: 0
2019/10/17-14:54:15.418505 7fc3a9fcb700         Options.bottommost_compression_opts.zstd_max_train_bytes: 0
2019/10/17-14:54:15.418506 7fc3a9fcb700                  Options.bottommost_compression_opts.enabled: false
2019/10/17-14:54:15.418506 7fc3a9fcb700            Options.compression_opts.window_bits: -14
2019/10/17-14:54:15.418507 7fc3a9fcb700                  Options.compression_opts.level: 32767
2019/10/17-14:54:15.418507 7fc3a9fcb700               Options.compression_opts.strategy: 0
2019/10/17-14:54:15.418508 7fc3a9fcb700         Options.compression_opts.max_dict_bytes: 0
2019/10/17-14:54:15.418508 7fc3a9fcb700         Options.compression_opts.zstd_max_train_bytes: 0
2019/10/17-14:54:15.418509 7fc3a9fcb700                  Options.compression_opts.enabled: false
2019/10/17-14:54:15.418509 7fc3a9fcb700      Options.level0_file_num_compaction_trigger: 4
2019/10/17-14:54:15.418510 7fc3a9fcb700          Options.level0_slowdown_writes_trigger: 20
2019/10/17-14:54:15.418510 7fc3a9fcb700              Options.level0_stop_writes_trigger: 36
2019/10/17-14:54:15.418511 7fc3a9fcb700                   Options.target_file_size_base: 67108864
2019/10/17-14:54:15.418512 7fc3a9fcb700             Options.target_file_size_multiplier: 1
2019/10/17-14:54:15.418512 7fc3a9fcb700                Options.max_bytes_for_level_base: 268435456
2019/10/17-14:54:15.418513 7fc3a9fcb700 Options.level_compaction_dynamic_level_bytes: 0
2019/10/17-14:54:15.418513 7fc3a9fcb700          Options.max_bytes_for_level_multiplier: 10.000000
2019/10/17-14:54:15.418514 7fc3a9fcb700 Options.max_bytes_for_level_multiplier_addtl[0]: 1
2019/10/17-14:54:15.418515 7fc3a9fcb700 Options.max_bytes_for_level_multiplier_addtl[1]: 1
2019/10/17-14:54:15.418515 7fc3a9fcb700 Options.max_bytes_for_level_multiplier_addtl[2]: 1
2019/10/17-14:54:15.418516 7fc3a9fcb700 Options.max_bytes_for_level_multiplier_addtl[3]: 1
2019/10/17-14:54:15.418516 7fc3a9fcb700 Options.max_bytes_for_level_multiplier_addtl[4]: 1
2019/10/17-14:54:15.418517 7fc3a9fcb700 Options.max_bytes_for_level_multiplier_addtl[5]: 1
2019/10/17-14:54:15.418517 7fc3a9fcb700 Options.max_bytes_for_level_multiplier_addtl[6]: 1
2019/10/17-14:54:15.418518 7fc3a9fcb700       Options.max_sequential_skip_in_iterations: 8
2019/10/17-14:54:15.418518 7fc3a9fcb700                    Options.max_compaction_bytes: 1677721600
2019/10/17-14:54:15.418519 7fc3a9fcb700                        Options.arena_block_size: 8388608
2019/10/17-14:54:15.418519 7fc3a9fcb700   Options.soft_pending_compaction_bytes_limit: 68719476736
2019/10/17-14:54:15.418523 7fc3a9fcb700   Options.hard_pending_compaction_bytes_limit: 274877906944
2019/10/17-14:54:15.418523 7fc3a9fcb700       Options.rate_limit_delay_max_milliseconds: 100
2019/10/17-14:54:15.418524 7fc3a9fcb700                Options.disable_auto_compactions: 0
2019/10/17-14:54:15.418524 7fc3a9fcb700                        Options.compaction_style: kCompactionStyleLevel
2019/10/17-14:54:15.418525 7fc3a9fcb700                          Options.compaction_pri: kByCompensatedSize
2019/10/17-14:54:15.418526 7fc3a9fcb700 Options.compaction_options_universal.size_ratio: 1
2019/10/17-14:54:15.418526 7fc3a9fcb700 Options.compaction_options_universal.min_merge_width: 2
2019/10/17-14:54:15.418527 7fc3a9fcb700 Options.compaction_options_universal.max_merge_width: 4294967295
2019/10/17-14:54:15.418527 7fc3a9fcb700 Options.compaction_options_universal.max_size_amplification_percent: 200
2019/10/17-14:54:15.418528 7fc3a9fcb700 Options.compaction_options_universal.compression_size_percent: -1
2019/10/17-14:54:15.418528 7fc3a9fcb700 Options.compaction_options_universal.stop_style: kCompactionStopStyleTotalSize
2019/10/17-14:54:15.418529 7fc3a9fcb700 Options.compaction_options_fifo.max_table_files_size: 1073741824
2019/10/17-14:54:15.418529 7fc3a9fcb700 Options.compaction_options_fifo.allow_compaction: 0
2019/10/17-14:54:15.418530 7fc3a9fcb700 Options.compaction_options_fifo.ttl: 0
2019/10/17-14:54:15.418531 7fc3a9fcb700                   Options.table_properties_collectors: 
2019/10/17-14:54:15.418531 7fc3a9fcb700                   Options.inplace_update_support: 0
2019/10/17-14:54:15.418532 7fc3a9fcb700                 Options.inplace_update_num_locks: 10000
2019/10/17-14:54:15.418532 7fc3a9fcb700               Options.memtable_prefix_bloom_size_ratio: 0.000000
2019/10/17-14:54:15.418533 7fc3a9fcb700   Options.memtable_huge_page_size: 0
2019/10/17-14:54:15.418533 7fc3a9fcb700                           Options.bloom_locality: 0
2019/10/17-14:54:15.418534 7fc3a9fcb700                    Options.max_successive_merges: 0
2019/10/17-14:54:15.418534 7fc3a9fcb700                Options.optimize_filters_for_hits: 0
2019/10/17-14:54:15.418535 7fc3a9fcb700                Options.paranoid_file_checks: 0
2019/10/17-14:54:15.418535 7fc3a9fcb700                Options.force_consistency_checks: 0
2019/10/17-14:54:15.418536 7fc3a9fcb700                Options.report_bg_io_stats: 0
2019/10/17-14:54:15.418536 7fc3a9fcb700                               Options.ttl: 0
2019/10/17-14:54:15.418547 7fc3a9fcb700 [db/column_family.cc:472] --------------- Options for column family [dc_entries]:
2019/10/17-14:54:15.418548 7fc3a9fcb700               Options.comparator: leveldb.BytewiseComparator
2019/10/17-14:54:15.418548 7fc3a9fcb700           Options.merge_operator: None
2019/10/17-14:54:15.418549 7fc3a9fcb700        Options.compaction_filter: None
2019/10/17-14:54:15.418549 7fc3a9fcb700        Options.compaction_filter_factory: None
2019/10/17-14:54:15.418550 7fc3a9fcb700         Options.memtable_factory: SkipListFactory
2019/10/17-14:54:15.418550 7fc3a9fcb700            Options.table_factory: BlockBasedTable
2019/10/17-14:54:15.418557 7fc3a9fcb700            table_factory options:   flush_block_policy_factory: FlushBlockBySizePolicyFactory (0x7fc3500760c0)
  cache_index_and_filter_blocks: 0
  cache_index_and_filter_blocks_with_high_priority: 0
  pin_l0_filter_and_index_blocks_in_cache: 0
  pin_top_level_index_and_filter: 1
  index_type: 0
  hash_index_allow_collision: 1
  checksum: 1
  no_block_cache: 0
  block_cache: 0x7fc35002a370
  block_cache_name: LRUCache
  block_cache_options:
    capacity : 8388608
    num_shard_bits : 4
    strict_capacity_limit : 0
    memory_allocator : None
    high_pri_pool_ratio: 0.000
  block_cache_compressed: (nil)
  persistent_cache: (nil)
  block_size: 4096
  block_size_deviation: 10
  block_restart_interval: 16
  index_block_restart_interval: 1
  metadata_block_size: 4096
  partition_filters: 0
  use_delta_encoding: 1
  filter_policy: nullptr
  whole_key_filtering: 1
  verify_compression: 0
  read_amp_bytes_per_bit: 0
  format_version: 2
  enable_index_compression: 1
  block_align: 0
2019/10/17-14:54:15.418561 7fc3a9fcb700        Options.write_buffer_size: 67108864
2019/10/17-14:54:15.418562 7fc3a9fcb700  Options.max_write_buffer_number: 2
2019/10/17-14:54:15.418562 7fc3a9fcb700          Options.compression: NoCompression
2019/10/17-14:54:15.418563 7fc3a9fcb700                  Options.bottommost_compression: Disabled
2019/10/17-14:54:15.418563 7fc3a9fcb700       Options.prefix_extractor: nullptr
2019/10/17-14:54:15.418564 7fc3a9fcb700   Options.memtable_insert_with_hint_prefix_extractor: nullptr
2019/10/17-14:54:15.418564 7fc3a9fcb700             Options.num_levels: 7
2019/10/17-14:54:15.418565 7fc3a9fcb700        Options.min_write_buffer_number_to_merge: 1
2019/10/17-14:54:15.418565 7fc3a9fcb700     Options.max_write_buffer_number_to_maintain: 0
2019/10/17-14:54:15.418566 7fc3a9fcb700            Options.bottommost_compression_opts.window_bits: -14
2019/10/17-14:54:15.418566 7fc3a9fcb700                  Options.bottommost_compression_opts.level: 32767
2019/10/17-14:54:15.418567 7fc3a9fcb700               Options.bottommost_compression_opts.strategy: 0
2019/10/17-14:54:15.418567 7fc3a9fcb700         Options.bottommost_compression_opts.max_dict_bytes: 0
2019/10/17-14:54:15.418568 7fc3a9fcb700         Options.bottommost_compression_opts.zstd_max_train_bytes: 0
2019/10/17-14:54:15.418568 7fc3a9fcb700                  Options.bottommost_compression_opts.enabled: false
2019/10/17-14:54:15.418569 7fc3a9fcb700            Options.compression_opts.window_bits: -14
2019/10/17-14:54:15.418570 7fc3a9fcb700                  Options.compression_opts.level: 32767
2019/10/17-14:54:15.418570 7fc3a9fcb700               Options.compression_opts.strategy: 0
2019/10/17-14:54:15.418571 7fc3a9fcb700         Options.compression_opts.max_dict_bytes: 0
2019/10/17-14:54:15.418571 7fc3a9fcb700         Options.compression_opts.zstd_max_train_bytes: 0
2019/10/17-14:54:15.418572 7fc3a9fcb700                  Options.compression_opts.enabled: false
2019/10/17-14:54:15.418572 7fc3a9fcb700      Options.level0_file_num_compaction_trigger: 4
2019/10/17-14:54:15.418573 7fc3a9fcb700          Options.level0_slowdown_writes_trigger: 20
2019/10/17-14:54:15.418573 7fc3a9fcb700              Options.level0_stop_writes_trigger: 36
2019/10/17-14:54:15.418574 7fc3a9fcb700                   Options.target_file_size_base: 67108864
2019/10/17-14:54:15.418574 7fc3a9fcb700             Options.target_file_size_multiplier: 1
2019/10/17-14:54:15.418575 7fc3a9fcb700                Options.max_bytes_for_level_base: 268435456
2019/10/17-14:54:15.418575 7fc3a9fcb700 Options.level_compaction_dynamic_level_bytes: 0
2019/10/17-14:54:15.418576 7fc3a9fcb700          Options.max_bytes_for_level_multiplier: 10.000000
2019/10/17-14:54:15.418577 7fc3a9fcb700 Options.max_bytes_for_level_multiplier_addtl[0]: 1
2019/10/17-14:54:15.418577 7fc3a9fcb700 Options.max_bytes_for_level_multiplier_addtl[1]: 1
2019/10/17-14:54:15.418578 7fc3a9fcb700 Options.max_bytes_for_level_multiplier_addtl[2]: 1
2019/10/17-14:54:15.418578 7fc3a9fcb700 Options.max_bytes_for_level_multiplier_addtl[3]: 1
2019/10/17-14:54:15.418579 7fc3a9fcb700 Options.max_bytes_for_level_multiplier_addtl[4]: 1
2019/10/17-14:54:15.418579 7fc3a9fcb700 Options.max_bytes_for_level_multiplier_addtl[5]: 1
2019/10/17-14:54:15.418580 7fc3a9fcb700 Options.max_bytes_for_level_multiplier_addtl[6]: 1
2019/10/17-14:54:15.418580 7fc3a9fcb700       Options.max_sequential_skip_in_iterations: 8
2019/10/17-14:54:15.418581 7fc3a9fcb700                    Options.max_compaction_bytes: 1677721600
2019/10/17-14:54:15.418582 7fc3a9fcb700                        Options.arena_block_size: 8388608
2019/10/17-14:54:15.418582 7fc3a9fcb700   Options.soft_pending_compaction_bytes_limit: 68719476736
2019/10/17-14:54:15.418583 7fc3a9fcb700   Options.hard_pending_compaction_bytes_limit: 274877906944
2019/10/17-14:54:15.418583 7fc3a9fcb700       Options.rate_limit_delay_max_milliseconds: 100
2019/10/17-14:54:15.418584 7fc3a9fcb700                Options.disable_auto_compactions: 0
2019/10/17-14:54:15.418587 7fc3a9fcb700                        Options.compaction_style: kCompactionStyleLevel
2019/10/17-14:54:15.418588 7fc3a9fcb700                          Options.compaction_pri: kByCompensatedSize
2019/10/17-14:54:15.418588 7fc3a9fcb700 Options.compaction_options_universal.size_ratio: 1
2019/10/17-14:54:15.418589 7fc3a9fcb700 Options.compaction_options_universal.min_merge_width: 2
2019/10/17-14:54:15.418589 7fc3a9fcb700 Options.compaction_options_universal.max_merge_width: 4294967295
2019/10/17-14:54:15.418590 7fc3a9fcb700 Options.compaction_options_universal.max_size_amplification_percent: 200
2019/10/17-14:54:15.418590 7fc3a9fcb700 Options.compaction_options_universal.compression_size_percent: -1
2019/10/17-14:54:15.418591 7fc3a9fcb700 Options.compaction_options_universal.stop_style: kCompactionStopStyleTotalSize
2019/10/17-14:54:15.418591 7fc3a9fcb700 Options.compaction_options_fifo.max_table_files_size: 1073741824
2019/10/17-14:54:15.418592 7fc3a9fcb700 Options.compaction_options_fifo.allow_compaction: 0
2019/10/17-14:54:15.418592 7fc3a9fcb700 Options.compaction_options_fifo.ttl: 0
2019/10/17-14:54:15.418593 7fc3a9fcb700                   Options.table_properties_collectors: 
2019/10/17-14:54:15.418593 7fc3a9fcb700                   Options.inplace_update_support: 0
2019/10/17-14:54:15.418594 7fc3a9fcb700                 Options.inplace_update_num_locks: 10000
2019/10/17-14:54:15.418594 7fc3a9fcb700               Options.memtable_prefix_bloom_size_ratio: 0.000000
2019/10/17-14:54:15.418595 7fc3a9fcb700   Options.memtable_huge_page_size: 0
2019/10/17-14:54:15.418596 7fc3a9fcb700                           Options.bloom_locality: 0
2019/10/17-14:54:15.418596 7fc3a9fcb700                    Options.max_successive_merges: 0
2019/10/17-14:54:15.418597 7fc3a9fcb700                Options.optimize_filters_for_hits: 0
2019/10/17-14:54:15.418597 7fc3a9fcb700                Options.paranoid_file_checks: 0
2019/10/17-14:54:15.418598 7fc3a9fcb700                Options.force_consistency_checks: 0
2019/10/17-14:54:15.418598 7fc3a9fcb700                Options.report_bg_io_stats: 0
2019/10/17-14:54:15.418599 7fc3a9fcb700                               Options.ttl: 0
2019/10/17-14:54:15.418607 7fc3a9fcb700 [db/column_family.cc:472] --------------- Options for column family [htlcs]:
2019/10/17-14:54:15.418608 7fc3a9fcb700               Options.comparator: leveldb.BytewiseComparator
2019/10/17-14:54:15.418608 7fc3a9fcb700           Options.merge_operator: None
2019/10/17-14:54:15.418609 7fc3a9fcb700        Options.compaction_filter: None
2019/10/17-14:54:15.418610 7fc3a9fcb700        Options.compaction_filter_factory: None
2019/10/17-14:54:15.418610 7fc3a9fcb700         Options.memtable_factory: SkipListFactory
2019/10/17-14:54:15.418611 7fc3a9fcb700            Options.table_factory: BlockBasedTable
2019/10/17-14:54:15.418617 7fc3a9fcb700            table_factory options:   flush_block_policy_factory: FlushBlockBySizePolicyFactory (0x7fc350068a80)
