2019/10/17-14:54:14.208415 7fc3a9fcb700 RocksDB version: 5.18.3
2019/10/17-14:54:14.208489 7fc3a9fcb700 Git sha rocksdb_build_git_sha:@0@
2019/10/17-14:54:14.208492 7fc3a9fcb700 Compile date Sep 19 2019
2019/10/17-14:54:14.208494 7fc3a9fcb700 DB SUMMARY
2019/10/17-14:54:14.209342 7fc3a9fcb700 CURRENT file:  CURRENT
2019/10/17-14:54:14.209345 7fc3a9fcb700 IDENTITY file:  IDENTITY
2019/10/17-14:54:14.209386 7fc3a9fcb700 MANIFEST file:  MANIFEST-114886 size: 4114 Bytes
2019/10/17-14:54:14.209388 7fc3a9fcb700 SST files in /home/rahul/dev/blockchain-core/eqc/ledger.db dir, Total Num: 29, files: 000624.sst 000627.sst 106940.sst 108447.sst 108450.sst 109471.sst 109483.sst 109485.sst 109486.sst 
2019/10/17-14:54:14.209389 7fc3a9fcb700 Write Ahead Log file in /home/rahul/dev/blockchain-core/eqc/ledger.db: 114887.log size: 0 ; 
2019/10/17-14:54:14.209425 7fc3a9fcb700                         Options.error_if_exists: 0
2019/10/17-14:54:14.209427 7fc3a9fcb700                       Options.create_if_missing: 1
2019/10/17-14:54:14.209428 7fc3a9fcb700                         Options.paranoid_checks: 1
2019/10/17-14:54:14.209429 7fc3a9fcb700                                     Options.env: 0x7fc32ae1fc60
2019/10/17-14:54:14.209430 7fc3a9fcb700                                Options.info_log: 0x7fc3500392d0
2019/10/17-14:54:14.209431 7fc3a9fcb700                Options.max_file_opening_threads: 16
2019/10/17-14:54:14.209432 7fc3a9fcb700                              Options.statistics: (nil)
2019/10/17-14:54:14.209433 7fc3a9fcb700                               Options.use_fsync: 0
2019/10/17-14:54:14.209434 7fc3a9fcb700                       Options.max_log_file_size: 0
2019/10/17-14:54:14.209435 7fc3a9fcb700                  Options.max_manifest_file_size: 1073741824
2019/10/17-14:54:14.209436 7fc3a9fcb700                   Options.log_file_time_to_roll: 0
2019/10/17-14:54:14.209437 7fc3a9fcb700                       Options.keep_log_file_num: 1000
2019/10/17-14:54:14.209438 7fc3a9fcb700                    Options.recycle_log_file_num: 0
2019/10/17-14:54:14.209439 7fc3a9fcb700                         Options.allow_fallocate: 1
2019/10/17-14:54:14.209440 7fc3a9fcb700                        Options.allow_mmap_reads: 0
2019/10/17-14:54:14.209441 7fc3a9fcb700                       Options.allow_mmap_writes: 0
2019/10/17-14:54:14.209442 7fc3a9fcb700                        Options.use_direct_reads: 0
2019/10/17-14:54:14.209443 7fc3a9fcb700                        Options.use_direct_io_for_flush_and_compaction: 0
2019/10/17-14:54:14.209444 7fc3a9fcb700          Options.create_missing_column_families: 0
2019/10/17-14:54:14.209444 7fc3a9fcb700                              Options.db_log_dir: 
2019/10/17-14:54:14.209445 7fc3a9fcb700                                 Options.wal_dir: /home/rahul/dev/blockchain-core/eqc/ledger.db
2019/10/17-14:54:14.209446 7fc3a9fcb700                Options.table_cache_numshardbits: 6
2019/10/17-14:54:14.209447 7fc3a9fcb700                      Options.max_subcompactions: 1
2019/10/17-14:54:14.209448 7fc3a9fcb700                  Options.max_background_flushes: -1
2019/10/17-14:54:14.209449 7fc3a9fcb700                         Options.WAL_ttl_seconds: 0
2019/10/17-14:54:14.209450 7fc3a9fcb700                       Options.WAL_size_limit_MB: 0
2019/10/17-14:54:14.209451 7fc3a9fcb700             Options.manifest_preallocation_size: 4194304
2019/10/17-14:54:14.209452 7fc3a9fcb700                     Options.is_fd_close_on_exec: 1
2019/10/17-14:54:14.209453 7fc3a9fcb700                   Options.advise_random_on_open: 1
2019/10/17-14:54:14.209454 7fc3a9fcb700                    Options.db_write_buffer_size: 0
2019/10/17-14:54:14.209455 7fc3a9fcb700                    Options.write_buffer_manager: 0x7fc350090210
2019/10/17-14:54:14.209456 7fc3a9fcb700         Options.access_hint_on_compaction_start: 1
2019/10/17-14:54:14.209457 7fc3a9fcb700  Options.new_table_reader_for_compaction_inputs: 0
2019/10/17-14:54:14.209458 7fc3a9fcb700           Options.random_access_max_buffer_size: 1048576
2019/10/17-14:54:14.209459 7fc3a9fcb700                      Options.use_adaptive_mutex: 0
2019/10/17-14:54:14.209460 7fc3a9fcb700                            Options.rate_limiter: (nil)
2019/10/17-14:54:14.209474 7fc3a9fcb700     Options.sst_file_manager.rate_bytes_per_sec: 0
2019/10/17-14:54:14.209476 7fc3a9fcb700                       Options.wal_recovery_mode: 2
2019/10/17-14:54:14.209477 7fc3a9fcb700                  Options.enable_thread_tracking: 0
2019/10/17-14:54:14.209477 7fc3a9fcb700                  Options.enable_pipelined_write: 0
2019/10/17-14:54:14.209478 7fc3a9fcb700         Options.allow_concurrent_memtable_write: 1
2019/10/17-14:54:14.209479 7fc3a9fcb700      Options.enable_write_thread_adaptive_yield: 1
2019/10/17-14:54:14.209480 7fc3a9fcb700             Options.write_thread_max_yield_usec: 100
2019/10/17-14:54:14.209481 7fc3a9fcb700            Options.write_thread_slow_yield_usec: 3
2019/10/17-14:54:14.209482 7fc3a9fcb700                               Options.row_cache: None
2019/10/17-14:54:14.209483 7fc3a9fcb700                              Options.wal_filter: None
2019/10/17-14:54:14.209484 7fc3a9fcb700             Options.avoid_flush_during_recovery: 0
2019/10/17-14:54:14.209485 7fc3a9fcb700             Options.allow_ingest_behind: 0
2019/10/17-14:54:14.209486 7fc3a9fcb700             Options.preserve_deletes: 0
2019/10/17-14:54:14.209487 7fc3a9fcb700             Options.two_write_queues: 0
2019/10/17-14:54:14.209488 7fc3a9fcb700             Options.manual_wal_flush: 0
2019/10/17-14:54:14.209489 7fc3a9fcb700             Options.max_background_jobs: 2
2019/10/17-14:54:14.209490 7fc3a9fcb700             Options.max_background_compactions: -1
2019/10/17-14:54:14.209491 7fc3a9fcb700             Options.avoid_flush_during_shutdown: 0
2019/10/17-14:54:14.209492 7fc3a9fcb700           Options.writable_file_max_buffer_size: 1048576
2019/10/17-14:54:14.209493 7fc3a9fcb700             Options.delayed_write_rate : 16777216
2019/10/17-14:54:14.209494 7fc3a9fcb700             Options.max_total_wal_size: 0
2019/10/17-14:54:14.209494 7fc3a9fcb700             Options.delete_obsolete_files_period_micros: 21600000000
2019/10/17-14:54:14.209495 7fc3a9fcb700                   Options.stats_dump_period_sec: 600
2019/10/17-14:54:14.209496 7fc3a9fcb700                          Options.max_open_files: -1
2019/10/17-14:54:14.209497 7fc3a9fcb700                          Options.bytes_per_sync: 0
2019/10/17-14:54:14.209498 7fc3a9fcb700                      Options.wal_bytes_per_sync: 0
2019/10/17-14:54:14.209499 7fc3a9fcb700       Options.compaction_readahead_size: 0
2019/10/17-14:54:14.209500 7fc3a9fcb700 Compression algorithms supported:
2019/10/17-14:54:14.209502 7fc3a9fcb700 	kZSTDNotFinalCompression supported: 0
2019/10/17-14:54:14.209503 7fc3a9fcb700 	kZSTD supported: 0
2019/10/17-14:54:14.209504 7fc3a9fcb700 	kXpressCompression supported: 0
2019/10/17-14:54:14.209505 7fc3a9fcb700 	kLZ4HCCompression supported: 0
2019/10/17-14:54:14.209506 7fc3a9fcb700 	kLZ4Compression supported: 0
2019/10/17-14:54:14.209507 7fc3a9fcb700 	kBZip2Compression supported: 0
2019/10/17-14:54:14.209508 7fc3a9fcb700 	kZlibCompression supported: 0
2019/10/17-14:54:14.209509 7fc3a9fcb700 	kSnappyCompression supported: 0
2019/10/17-14:54:14.209511 7fc3a9fcb700 Fast CRC32 supported: Supported on x86
2019/10/17-14:54:14.209642 7fc3a9fcb700 [db/version_set.cc:3507] Recovering from manifest file: MANIFEST-114886
2019/10/17-14:54:14.209683 7fc3a9fcb700 [db/column_family.cc:472] --------------- Options for column family [default]:
2019/10/17-14:54:14.209685 7fc3a9fcb700               Options.comparator: leveldb.BytewiseComparator
2019/10/17-14:54:14.209686 7fc3a9fcb700           Options.merge_operator: None
2019/10/17-14:54:14.209687 7fc3a9fcb700        Options.compaction_filter: None
2019/10/17-14:54:14.209688 7fc3a9fcb700        Options.compaction_filter_factory: None
2019/10/17-14:54:14.209689 7fc3a9fcb700         Options.memtable_factory: SkipListFactory
2019/10/17-14:54:14.209690 7fc3a9fcb700            Options.table_factory: BlockBasedTable
2019/10/17-14:54:14.209709 7fc3a9fcb700            table_factory options:   flush_block_policy_factory: FlushBlockBySizePolicyFactory (0x7fc35003c6c0)
  cache_index_and_filter_blocks: 0
  cache_index_and_filter_blocks_with_high_priority: 0
  pin_l0_filter_and_index_blocks_in_cache: 0
  pin_top_level_index_and_filter: 1
  index_type: 0
  hash_index_allow_collision: 1
  checksum: 1
  no_block_cache: 0
  block_cache: 0x7fc350053c80
  block_cache_name: LRUCache
  block_cache_options:
    capacity : 8388608
    num_shard_bits : 4
    strict_capacity_limit : 0
    memory_allocator : None
    high_pri_pool_ratio: 0.000
  block_cache_compressed: (nil)
  persistent_cache: (nil)
  block_size: 4096
  block_size_deviation: 10
  block_restart_interval: 16
  index_block_restart_interval: 1
  metadata_block_size: 4096
  partition_filters: 0
  use_delta_encoding: 1
  filter_policy: nullptr
  whole_key_filtering: 1
  verify_compression: 0
  read_amp_bytes_per_bit: 0
  format_version: 2
  enable_index_compression: 1
  block_align: 0
2019/10/17-14:54:14.209718 7fc3a9fcb700        Options.write_buffer_size: 67108864
2019/10/17-14:54:14.209720 7fc3a9fcb700  Options.max_write_buffer_number: 2
2019/10/17-14:54:14.209721 7fc3a9fcb700          Options.compression: NoCompression
2019/10/17-14:54:14.209722 7fc3a9fcb700                  Options.bottommost_compression: Disabled
2019/10/17-14:54:14.209723 7fc3a9fcb700       Options.prefix_extractor: nullptr
2019/10/17-14:54:14.209724 7fc3a9fcb700   Options.memtable_insert_with_hint_prefix_extractor: nullptr
2019/10/17-14:54:14.209725 7fc3a9fcb700             Options.num_levels: 7
2019/10/17-14:54:14.209726 7fc3a9fcb700        Options.min_write_buffer_number_to_merge: 1
2019/10/17-14:54:14.209727 7fc3a9fcb700     Options.max_write_buffer_number_to_maintain: 0
2019/10/17-14:54:14.209728 7fc3a9fcb700            Options.bottommost_compression_opts.window_bits: -14
2019/10/17-14:54:14.209729 7fc3a9fcb700                  Options.bottommost_compression_opts.level: 32767
2019/10/17-14:54:14.209730 7fc3a9fcb700               Options.bottommost_compression_opts.strategy: 0
2019/10/17-14:54:14.209731 7fc3a9fcb700         Options.bottommost_compression_opts.max_dict_bytes: 0
2019/10/17-14:54:14.209731 7fc3a9fcb700         Options.bottommost_compression_opts.zstd_max_train_bytes: 0
2019/10/17-14:54:14.209732 7fc3a9fcb700                  Options.bottommost_compression_opts.enabled: false
2019/10/17-14:54:14.209733 7fc3a9fcb700            Options.compression_opts.window_bits: -14
2019/10/17-14:54:14.209734 7fc3a9fcb700                  Options.compression_opts.level: 32767
2019/10/17-14:54:14.209735 7fc3a9fcb700               Options.compression_opts.strategy: 0
2019/10/17-14:54:14.209736 7fc3a9fcb700         Options.compression_opts.max_dict_bytes: 0
2019/10/17-14:54:14.209737 7fc3a9fcb700         Options.compression_opts.zstd_max_train_bytes: 0
2019/10/17-14:54:14.209738 7fc3a9fcb700                  Options.compression_opts.enabled: false
2019/10/17-14:54:14.209739 7fc3a9fcb700      Options.level0_file_num_compaction_trigger: 4
2019/10/17-14:54:14.209740 7fc3a9fcb700          Options.level0_slowdown_writes_trigger: 20
2019/10/17-14:54:14.209741 7fc3a9fcb700              Options.level0_stop_writes_trigger: 36
2019/10/17-14:54:14.209742 7fc3a9fcb700                   Options.target_file_size_base: 67108864
2019/10/17-14:54:14.209743 7fc3a9fcb700             Options.target_file_size_multiplier: 1
2019/10/17-14:54:14.209744 7fc3a9fcb700                Options.max_bytes_for_level_base: 268435456
2019/10/17-14:54:14.209745 7fc3a9fcb700 Options.level_compaction_dynamic_level_bytes: 0
2019/10/17-14:54:14.209745 7fc3a9fcb700          Options.max_bytes_for_level_multiplier: 10.000000
2019/10/17-14:54:14.209748 7fc3a9fcb700 Options.max_bytes_for_level_multiplier_addtl[0]: 1
2019/10/17-14:54:14.209749 7fc3a9fcb700 Options.max_bytes_for_level_multiplier_addtl[1]: 1
2019/10/17-14:54:14.209750 7fc3a9fcb700 Options.max_bytes_for_level_multiplier_addtl[2]: 1
2019/10/17-14:54:14.209751 7fc3a9fcb700 Options.max_bytes_for_level_multiplier_addtl[3]: 1
2019/10/17-14:54:14.209752 7fc3a9fcb700 Options.max_bytes_for_level_multiplier_addtl[4]: 1
2019/10/17-14:54:14.209757 7fc3a9fcb700 Options.max_bytes_for_level_multiplier_addtl[5]: 1
2019/10/17-14:54:14.209759 7fc3a9fcb700 Options.max_bytes_for_level_multiplier_addtl[6]: 1
2019/10/17-14:54:14.209760 7fc3a9fcb700       Options.max_sequential_skip_in_iterations: 8
2019/10/17-14:54:14.209761 7fc3a9fcb700                    Options.max_compaction_bytes: 1677721600
2019/10/17-14:54:14.209762 7fc3a9fcb700                        Options.arena_block_size: 8388608
2019/10/17-14:54:14.209762 7fc3a9fcb700   Options.soft_pending_compaction_bytes_limit: 68719476736
2019/10/17-14:54:14.209763 7fc3a9fcb700   Options.hard_pending_compaction_bytes_limit: 274877906944
2019/10/17-14:54:14.209765 7fc3a9fcb700       Options.rate_limit_delay_max_milliseconds: 100
2019/10/17-14:54:14.209765 7fc3a9fcb700                Options.disable_auto_compactions: 0
2019/10/17-14:54:14.209767 7fc3a9fcb700                        Options.compaction_style: kCompactionStyleLevel
2019/10/17-14:54:14.209769 7fc3a9fcb700                          Options.compaction_pri: kByCompensatedSize
2019/10/17-14:54:14.209770 7fc3a9fcb700 Options.compaction_options_universal.size_ratio: 1
2019/10/17-14:54:14.209771 7fc3a9fcb700 Options.compaction_options_universal.min_merge_width: 2
2019/10/17-14:54:14.209772 7fc3a9fcb700 Options.compaction_options_universal.max_merge_width: 4294967295
2019/10/17-14:54:14.209773 7fc3a9fcb700 Options.compaction_options_universal.max_size_amplification_percent: 200
2019/10/17-14:54:14.209773 7fc3a9fcb700 Options.compaction_options_universal.compression_size_percent: -1
2019/10/17-14:54:14.209775 7fc3a9fcb700 Options.compaction_options_universal.stop_style: kCompactionStopStyleTotalSize
2019/10/17-14:54:14.209776 7fc3a9fcb700 Options.compaction_options_fifo.max_table_files_size: 1073741824
2019/10/17-14:54:14.209777 7fc3a9fcb700 Options.compaction_options_fifo.allow_compaction: 0
2019/10/17-14:54:14.209778 7fc3a9fcb700 Options.compaction_options_fifo.ttl: 0
2019/10/17-14:54:14.209778 7fc3a9fcb700                   Options.table_properties_collectors: 
2019/10/17-14:54:14.209779 7fc3a9fcb700                   Options.inplace_update_support: 0
2019/10/17-14:54:14.209780 7fc3a9fcb700                 Options.inplace_update_num_locks: 10000
2019/10/17-14:54:14.209781 7fc3a9fcb700               Options.memtable_prefix_bloom_size_ratio: 0.000000
2019/10/17-14:54:14.209783 7fc3a9fcb700   Options.memtable_huge_page_size: 0
2019/10/17-14:54:14.209784 7fc3a9fcb700                           Options.bloom_locality: 0
2019/10/17-14:54:14.209784 7fc3a9fcb700                    Options.max_successive_merges: 0
2019/10/17-14:54:14.209785 7fc3a9fcb700                Options.optimize_filters_for_hits: 0
2019/10/17-14:54:14.209786 7fc3a9fcb700                Options.paranoid_file_checks: 0
2019/10/17-14:54:14.209787 7fc3a9fcb700                Options.force_consistency_checks: 0
2019/10/17-14:54:14.209788 7fc3a9fcb700                Options.report_bg_io_stats: 0
2019/10/17-14:54:14.209789 7fc3a9fcb700                               Options.ttl: 0
2019/10/17-14:54:14.209824 7fc3a9fcb700 [db/column_family.cc:472] --------------- Options for column family [active_gateways]:
2019/10/17-14:54:14.209826 7fc3a9fcb700               Options.comparator: leveldb.BytewiseComparator
2019/10/17-14:54:14.209827 7fc3a9fcb700           Options.merge_operator: None
2019/10/17-14:54:14.209828 7fc3a9fcb700        Options.compaction_filter: None
2019/10/17-14:54:14.209829 7fc3a9fcb700        Options.compaction_filter_factory: None
2019/10/17-14:54:14.209829 7fc3a9fcb700         Options.memtable_factory: SkipListFactory
2019/10/17-14:54:14.209830 7fc3a9fcb700            Options.table_factory: BlockBasedTable
2019/10/17-14:54:14.209843 7fc3a9fcb700            table_factory options:   flush_block_policy_factory: FlushBlockBySizePolicyFactory (0x7fc3500091e0)
  cache_index_and_filter_blocks: 0
  cache_index_and_filter_blocks_with_high_priority: 0
  pin_l0_filter_and_index_blocks_in_cache: 0
  pin_top_level_index_and_filter: 1
  index_type: 0
  hash_index_allow_collision: 1
  checksum: 1
  no_block_cache: 0
  block_cache: 0x7fc35005b2a0
  block_cache_name: LRUCache
  block_cache_options:
    capacity : 8388608
    num_shard_bits : 4
    strict_capacity_limit : 0
    memory_allocator : None
    high_pri_pool_ratio: 0.000
  block_cache_compressed: (nil)
  persistent_cache: (nil)
  block_size: 4096
  block_size_deviation: 10
  block_restart_interval: 16
  index_block_restart_interval: 1
  metadata_block_size: 4096
  partition_filters: 0
  use_delta_encoding: 1
  filter_policy: nullptr
  whole_key_filtering: 1
  verify_compression: 0
  read_amp_bytes_per_bit: 0
  format_version: 2
  enable_index_compression: 1
  block_align: 0
2019/10/17-14:54:14.209850 7fc3a9fcb700        Options.write_buffer_size: 67108864
2019/10/17-14:54:14.209851 7fc3a9fcb700  Options.max_write_buffer_number: 2
2019/10/17-14:54:14.209852 7fc3a9fcb700          Options.compression: NoCompression
2019/10/17-14:54:14.209853 7fc3a9fcb700                  Options.bottommost_compression: Disabled
2019/10/17-14:54:14.209854 7fc3a9fcb700       Options.prefix_extractor: nullptr
2019/10/17-14:54:14.209855 7fc3a9fcb700   Options.memtable_insert_with_hint_prefix_extractor: nullptr
2019/10/17-14:54:14.209856 7fc3a9fcb700             Options.num_levels: 7
2019/10/17-14:54:14.209857 7fc3a9fcb700        Options.min_write_buffer_number_to_merge: 1
2019/10/17-14:54:14.209858 7fc3a9fcb700     Options.max_write_buffer_number_to_maintain: 0
2019/10/17-14:54:14.209858 7fc3a9fcb700            Options.bottommost_compression_opts.window_bits: -14
2019/10/17-14:54:14.209859 7fc3a9fcb700                  Options.bottommost_compression_opts.level: 32767
2019/10/17-14:54:14.209860 7fc3a9fcb700               Options.bottommost_compression_opts.strategy: 0
2019/10/17-14:54:14.209861 7fc3a9fcb700         Options.bottommost_compression_opts.max_dict_bytes: 0
2019/10/17-14:54:14.209862 7fc3a9fcb700         Options.bottommost_compression_opts.zstd_max_train_bytes: 0
2019/10/17-14:54:14.209863 7fc3a9fcb700                  Options.bottommost_compression_opts.enabled: false
2019/10/17-14:54:14.209864 7fc3a9fcb700            Options.compression_opts.window_bits: -14
2019/10/17-14:54:14.209865 7fc3a9fcb700                  Options.compression_opts.level: 32767
2019/10/17-14:54:14.209866 7fc3a9fcb700               Options.compression_opts.strategy: 0
2019/10/17-14:54:14.209867 7fc3a9fcb700         Options.compression_opts.max_dict_bytes: 0
2019/10/17-14:54:14.209868 7fc3a9fcb700         Options.compression_opts.zstd_max_train_bytes: 0
2019/10/17-14:54:14.209869 7fc3a9fcb700                  Options.compression_opts.enabled: false
2019/10/17-14:54:14.209870 7fc3a9fcb700      Options.level0_file_num_compaction_trigger: 4
2019/10/17-14:54:14.209870 7fc3a9fcb700          Options.level0_slowdown_writes_trigger: 20
2019/10/17-14:54:14.209871 7fc3a9fcb700              Options.level0_stop_writes_trigger: 36
2019/10/17-14:54:14.209872 7fc3a9fcb700                   Options.target_file_size_base: 67108864
2019/10/17-14:54:14.209873 7fc3a9fcb700             Options.target_file_size_multiplier: 1
2019/10/17-14:54:14.209874 7fc3a9fcb700                Options.max_bytes_for_level_base: 268435456
2019/10/17-14:54:14.209875 7fc3a9fcb700 Options.level_compaction_dynamic_level_bytes: 0
2019/10/17-14:54:14.209876 7fc3a9fcb700          Options.max_bytes_for_level_multiplier: 10.000000
2019/10/17-14:54:14.209878 7fc3a9fcb700 Options.max_bytes_for_level_multiplier_addtl[0]: 1
2019/10/17-14:54:14.209879 7fc3a9fcb700 Options.max_bytes_for_level_multiplier_addtl[1]: 1
2019/10/17-14:54:14.209880 7fc3a9fcb700 Options.max_bytes_for_level_multiplier_addtl[2]: 1
2019/10/17-14:54:14.209881 7fc3a9fcb700 Options.max_bytes_for_level_multiplier_addtl[3]: 1
2019/10/17-14:54:14.209882 7fc3a9fcb700 Options.max_bytes_for_level_multiplier_addtl[4]: 1
2019/10/17-14:54:14.209883 7fc3a9fcb700 Options.max_bytes_for_level_multiplier_addtl[5]: 1
2019/10/17-14:54:14.209883 7fc3a9fcb700 Options.max_bytes_for_level_multiplier_addtl[6]: 1
2019/10/17-14:54:14.209884 7fc3a9fcb700       Options.max_sequential_skip_in_iterations: 8
2019/10/17-14:54:14.209890 7fc3a9fcb700                    Options.max_compaction_bytes: 1677721600
2019/10/17-14:54:14.209891 7fc3a9fcb700                        Options.arena_block_size: 8388608
2019/10/17-14:54:14.209892 7fc3a9fcb700   Options.soft_pending_compaction_bytes_limit: 68719476736
2019/10/17-14:54:14.209893 7fc3a9fcb700   Options.hard_pending_compaction_bytes_limit: 274877906944
2019/10/17-14:54:14.209894 7fc3a9fcb700       Options.rate_limit_delay_max_milliseconds: 100
2019/10/17-14:54:14.209895 7fc3a9fcb700                Options.disable_auto_compactions: 0
2019/10/17-14:54:14.209896 7fc3a9fcb700                        Options.compaction_style: kCompactionStyleLevel
2019/10/17-14:54:14.209897 7fc3a9fcb700                          Options.compaction_pri: kByCompensatedSize
2019/10/17-14:54:14.209898 7fc3a9fcb700 Options.compaction_options_universal.size_ratio: 1
2019/10/17-14:54:14.209899 7fc3a9fcb700 Options.compaction_options_universal.min_merge_width: 2
2019/10/17-14:54:14.209900 7fc3a9fcb700 Options.compaction_options_universal.max_merge_width: 4294967295
2019/10/17-14:54:14.209901 7fc3a9fcb700 Options.compaction_options_universal.max_size_amplification_percent: 200
2019/10/17-14:54:14.209902 7fc3a9fcb700 Options.compaction_options_universal.compression_size_percent: -1
2019/10/17-14:54:14.209903 7fc3a9fcb700 Options.compaction_options_universal.stop_style: kCompactionStopStyleTotalSize
2019/10/17-14:54:14.209904 7fc3a9fcb700 Options.compaction_options_fifo.max_table_files_size: 1073741824
2019/10/17-14:54:14.209905 7fc3a9fcb700 Options.compaction_options_fifo.allow_compaction: 0
2019/10/17-14:54:14.209906 7fc3a9fcb700 Options.compaction_options_fifo.ttl: 0
2019/10/17-14:54:14.209907 7fc3a9fcb700                   Options.table_properties_collectors: 
2019/10/17-14:54:14.209908 7fc3a9fcb700                   Options.inplace_update_support: 0
2019/10/17-14:54:14.209909 7fc3a9fcb700                 Options.inplace_update_num_locks: 10000
2019/10/17-14:54:14.209911 7fc3a9fcb700               Options.memtable_prefix_bloom_size_ratio: 0.000000
2019/10/17-14:54:14.209912 7fc3a9fcb700   Options.memtable_huge_page_size: 0
2019/10/17-14:54:14.209913 7fc3a9fcb700                           Options.bloom_locality: 0
2019/10/17-14:54:14.209914 7fc3a9fcb700                    Options.max_successive_merges: 0
2019/10/17-14:54:14.209915 7fc3a9fcb700                Options.optimize_filters_for_hits: 0
2019/10/17-14:54:14.209916 7fc3a9fcb700                Options.paranoid_file_checks: 0
2019/10/17-14:54:14.209917 7fc3a9fcb700                Options.force_consistency_checks: 0
2019/10/17-14:54:14.209917 7fc3a9fcb700                Options.report_bg_io_stats: 0
2019/10/17-14:54:14.209918 7fc3a9fcb700                               Options.ttl: 0
2019/10/17-14:54:14.209937 7fc3a9fcb700 [db/column_family.cc:472] --------------- Options for column family [entries]:
2019/10/17-14:54:14.209939 7fc3a9fcb700               Options.comparator: leveldb.BytewiseComparator
2019/10/17-14:54:14.209940 7fc3a9fcb700           Options.merge_operator: None
2019/10/17-14:54:14.209941 7fc3a9fcb700        Options.compaction_filter: None
2019/10/17-14:54:14.209942 7fc3a9fcb700        Options.compaction_filter_factory: None
2019/10/17-14:54:14.209943 7fc3a9fcb700         Options.memtable_factory: SkipListFactory
2019/10/17-14:54:14.209944 7fc3a9fcb700            Options.table_factory: BlockBasedTable
2019/10/17-14:54:14.209956 7fc3a9fcb700            table_factory options:   flush_block_policy_factory: FlushBlockBySizePolicyFactory (0x7fc3500868c0)
  cache_index_and_filter_blocks: 0
  cache_index_and_filter_blocks_with_high_priority: 0
  pin_l0_filter_and_index_blocks_in_cache: 0
  pin_top_level_index_and_filter: 1
  index_type: 0
  hash_index_allow_collision: 1
  checksum: 1
  no_block_cache: 0
  block_cache: 0x7fc350008e50
  block_cache_name: LRUCache
  block_cache_options:
    capacity : 8388608
    num_shard_bits : 4
    strict_capacity_limit : 0
    memory_allocator : None
    high_pri_pool_ratio: 0.000
  block_cache_compressed: (nil)
  persistent_cache: (nil)
  block_size: 4096
  block_size_deviation: 10
  block_restart_interval: 16
  index_block_restart_interval: 1
  metadata_block_size: 4096
  partition_filters: 0
  use_delta_encoding: 1
  filter_policy: nullptr
  whole_key_filtering: 1
  verify_compression: 0
  read_amp_bytes_per_bit: 0
  format_version: 2
  enable_index_compression: 1
  block_align: 0
2019/10/17-14:54:14.209963 7fc3a9fcb700        Options.write_buffer_size: 67108864
2019/10/17-14:54:14.209964 7fc3a9fcb700  Options.max_write_buffer_number: 2
2019/10/17-14:54:14.209965 7fc3a9fcb700          Options.compression: NoCompression
2019/10/17-14:54:14.209966 7fc3a9fcb700                  Options.bottommost_compression: Disabled
2019/10/17-14:54:14.209967 7fc3a9fcb700       Options.prefix_extractor: nullptr
2019/10/17-14:54:14.209968 7fc3a9fcb700   Options.memtable_insert_with_hint_prefix_extractor: nullptr
2019/10/17-14:54:14.209969 7fc3a9fcb700             Options.num_levels: 7
2019/10/17-14:54:14.209970 7fc3a9fcb700        Options.min_write_buffer_number_to_merge: 1
2019/10/17-14:54:14.209971 7fc3a9fcb700     Options.max_write_buffer_number_to_maintain: 0
2019/10/17-14:54:14.209972 7fc3a9fcb700            Options.bottommost_compression_opts.window_bits: -14
2019/10/17-14:54:14.209972 7fc3a9fcb700                  Options.bottommost_compression_opts.level: 32767
2019/10/17-14:54:14.209973 7fc3a9fcb700               Options.bottommost_compression_opts.strategy: 0
2019/10/17-14:54:14.209974 7fc3a9fcb700         Options.bottommost_compression_opts.max_dict_bytes: 0
2019/10/17-14:54:14.209975 7fc3a9fcb700         Options.bottommost_compression_opts.zstd_max_train_bytes: 0
2019/10/17-14:54:14.209976 7fc3a9fcb700                  Options.bottommost_compression_opts.enabled: false
2019/10/17-14:54:14.209977 7fc3a9fcb700            Options.compression_opts.window_bits: -14
2019/10/17-14:54:14.209978 7fc3a9fcb700                  Options.compression_opts.level: 32767
2019/10/17-14:54:14.209979 7fc3a9fcb700               Options.compression_opts.strategy: 0
2019/10/17-14:54:14.209980 7fc3a9fcb700         Options.compression_opts.max_dict_bytes: 0
2019/10/17-14:54:14.209980 7fc3a9fcb700         Options.compression_opts.zstd_max_train_bytes: 0
2019/10/17-14:54:14.209981 7fc3a9fcb700                  Options.compression_opts.enabled: false
2019/10/17-14:54:14.209982 7fc3a9fcb700      Options.level0_file_num_compaction_trigger: 4
2019/10/17-14:54:14.209983 7fc3a9fcb700          Options.level0_slowdown_writes_trigger: 20
2019/10/17-14:54:14.209984 7fc3a9fcb700              Options.level0_stop_writes_trigger: 36
2019/10/17-14:54:14.209985 7fc3a9fcb700                   Options.target_file_size_base: 67108864
2019/10/17-14:54:14.209986 7fc3a9fcb700             Options.target_file_size_multiplier: 1
2019/10/17-14:54:14.209987 7fc3a9fcb700                Options.max_bytes_for_level_base: 268435456
2019/10/17-14:54:14.209988 7fc3a9fcb700 Options.level_compaction_dynamic_level_bytes: 0
2019/10/17-14:54:14.209988 7fc3a9fcb700          Options.max_bytes_for_level_multiplier: 10.000000
2019/10/17-14:54:14.209990 7fc3a9fcb700 Options.max_bytes_for_level_multiplier_addtl[0]: 1
2019/10/17-14:54:14.209991 7fc3a9fcb700 Options.max_bytes_for_level_multiplier_addtl[1]: 1
2019/10/17-14:54:14.209992 7fc3a9fcb700 Options.max_bytes_for_level_multiplier_addtl[2]: 1
2019/10/17-14:54:14.209993 7fc3a9fcb700 Options.max_bytes_for_level_multiplier_addtl[3]: 1
2019/10/17-14:54:14.209994 7fc3a9fcb700 Options.max_bytes_for_level_multiplier_addtl[4]: 1
2019/10/17-14:54:14.209995 7fc3a9fcb700 Options.max_bytes_for_level_multiplier_addtl[5]: 1
2019/10/17-14:54:14.209996 7fc3a9fcb700 Options.max_bytes_for_level_multiplier_addtl[6]: 1
2019/10/17-14:54:14.209997 7fc3a9fcb700       Options.max_sequential_skip_in_iterations: 8
2019/10/17-14:54:14.209997 7fc3a9fcb700                    Options.max_compaction_bytes: 1677721600
2019/10/17-14:54:14.209998 7fc3a9fcb700                        Options.arena_block_size: 8388608
2019/10/17-14:54:14.209999 7fc3a9fcb700   Options.soft_pending_compaction_bytes_limit: 68719476736
2019/10/17-14:54:14.210005 7fc3a9fcb700   Options.hard_pending_compaction_bytes_limit: 274877906944
2019/10/17-14:54:14.210006 7fc3a9fcb700       Options.rate_limit_delay_max_milliseconds: 100
2019/10/17-14:54:14.210007 7fc3a9fcb700                Options.disable_auto_compactions: 0
2019/10/17-14:54:14.210008 7fc3a9fcb700                        Options.compaction_style: kCompactionStyleLevel
2019/10/17-14:54:14.210009 7fc3a9fcb700                          Options.compaction_pri: kByCompensatedSize
2019/10/17-14:54:14.210010 7fc3a9fcb700 Options.compaction_options_universal.size_ratio: 1
2019/10/17-14:54:14.210011 7fc3a9fcb700 Options.compaction_options_universal.min_merge_width: 2
2019/10/17-14:54:14.210012 7fc3a9fcb700 Options.compaction_options_universal.max_merge_width: 4294967295
2019/10/17-14:54:14.210013 7fc3a9fcb700 Options.compaction_options_universal.max_size_amplification_percent: 200
2019/10/17-14:54:14.210014 7fc3a9fcb700 Options.compaction_options_universal.compression_size_percent: -1
2019/10/17-14:54:14.210015 7fc3a9fcb700 Options.compaction_options_universal.stop_style: kCompactionStopStyleTotalSize
2019/10/17-14:54:14.210016 7fc3a9fcb700 Options.compaction_options_fifo.max_table_files_size: 1073741824
2019/10/17-14:54:14.210017 7fc3a9fcb700 Options.compaction_options_fifo.allow_compaction: 0
2019/10/17-14:54:14.210018 7fc3a9fcb700 Options.compaction_options_fifo.ttl: 0
2019/10/17-14:54:14.210019 7fc3a9fcb700                   Options.table_properties_collectors: 
2019/10/17-14:54:14.210020 7fc3a9fcb700                   Options.inplace_update_support: 0
2019/10/17-14:54:14.210021 7fc3a9fcb700                 Options.inplace_update_num_locks: 10000
2019/10/17-14:54:14.210022 7fc3a9fcb700               Options.memtable_prefix_bloom_size_ratio: 0.000000
2019/10/17-14:54:14.210023 7fc3a9fcb700   Options.memtable_huge_page_size: 0
2019/10/17-14:54:14.210024 7fc3a9fcb700                           Options.bloom_locality: 0
2019/10/17-14:54:14.210025 7fc3a9fcb700                    Options.max_successive_merges: 0
2019/10/17-14:54:14.210025 7fc3a9fcb700                Options.optimize_filters_for_hits: 0
2019/10/17-14:54:14.210026 7fc3a9fcb700                Options.paranoid_file_checks: 0
2019/10/17-14:54:14.210027 7fc3a9fcb700                Options.force_consistency_checks: 0
2019/10/17-14:54:14.210028 7fc3a9fcb700                Options.report_bg_io_stats: 0
2019/10/17-14:54:14.210029 7fc3a9fcb700                               Options.ttl: 0
2019/10/17-14:54:14.210046 7fc3a9fcb700 [db/column_family.cc:472] --------------- Options for column family [dc_entries]:
2019/10/17-14:54:14.210047 7fc3a9fcb700               Options.comparator: leveldb.BytewiseComparator
2019/10/17-14:54:14.210048 7fc3a9fcb700           Options.merge_operator: None
2019/10/17-14:54:14.210049 7fc3a9fcb700        Options.compaction_filter: None
2019/10/17-14:54:14.210050 7fc3a9fcb700        Options.compaction_filter_factory: None
2019/10/17-14:54:14.210051 7fc3a9fcb700         Options.memtable_factory: SkipListFactory
2019/10/17-14:54:14.210052 7fc3a9fcb700            Options.table_factory: BlockBasedTable
2019/10/17-14:54:14.210062 7fc3a9fcb700            table_factory options:   flush_block_policy_factory: FlushBlockBySizePolicyFactory (0x7fc3500446e0)
  cache_index_and_filter_blocks: 0
  cache_index_and_filter_blocks_with_high_priority: 0
  pin_l0_filter_and_index_blocks_in_cache: 0
  pin_top_level_index_and_filter: 1
  index_type: 0
  hash_index_allow_collision: 1
  checksum: 1
  no_block_cache: 0
  block_cache: 0x7fc350095fb0
  block_cache_name: LRUCache
  block_cache_options:
    capacity : 8388608
    num_shard_bits : 4
    strict_capacity_limit : 0
    memory_allocator : None
    high_pri_pool_ratio: 0.000
  block_cache_compressed: (nil)
  persistent_cache: (nil)
  block_size: 4096
  block_size_deviation: 10
  block_restart_interval: 16
  index_block_restart_interval: 1
  metadata_block_size: 4096
  partition_filters: 0
  use_delta_encoding: 1
  filter_policy: nullptr
  whole_key_filtering: 1
  verify_compression: 0
  read_amp_bytes_per_bit: 0
  format_version: 2
  enable_index_compression: 1
  block_align: 0
2019/10/17-14:54:14.210069 7fc3a9fcb700        Options.write_buffer_size: 67108864
2019/10/17-14:54:14.210070 7fc3a9fcb700  Options.max_write_buffer_number: 2
2019/10/17-14:54:14.210071 7fc3a9fcb700          Options.compression: NoCompression
2019/10/17-14:54:14.210072 7fc3a9fcb700                  Options.bottommost_compression: Disabled
2019/10/17-14:54:14.210073 7fc3a9fcb700       Options.prefix_extractor: nullptr
2019/10/17-14:54:14.210073 7fc3a9fcb700   Options.memtable_insert_with_hint_prefix_extractor: nullptr
2019/10/17-14:54:14.210074 7fc3a9fcb700             Options.num_levels: 7
2019/10/17-14:54:14.210075 7fc3a9fcb700        Options.min_write_buffer_number_to_merge: 1
2019/10/17-14:54:14.210076 7fc3a9fcb700     Options.max_write_buffer_number_to_maintain: 0
2019/10/17-14:54:14.210077 7fc3a9fcb700            Options.bottommost_compression_opts.window_bits: -14
2019/10/17-14:54:14.210078 7fc3a9fcb700                  Options.bottommost_compression_opts.level: 32767
2019/10/17-14:54:14.210079 7fc3a9fcb700               Options.bottommost_compression_opts.strategy: 0
2019/10/17-14:54:14.210080 7fc3a9fcb700         Options.bottommost_compression_opts.max_dict_bytes: 0
2019/10/17-14:54:14.210081 7fc3a9fcb700         Options.bottommost_compression_opts.zstd_max_train_bytes: 0
2019/10/17-14:54:14.210081 7fc3a9fcb700                  Options.bottommost_compression_opts.enabled: false
2019/10/17-14:54:14.210082 7fc3a9fcb700            Options.compression_opts.window_bits: -14
2019/10/17-14:54:14.210083 7fc3a9fcb700                  Options.compression_opts.level: 32767
2019/10/17-14:54:14.210084 7fc3a9fcb700               Options.compression_opts.strategy: 0
2019/10/17-14:54:14.210085 7fc3a9fcb700         Options.compression_opts.max_dict_bytes: 0
2019/10/17-14:54:14.210086 7fc3a9fcb700         Options.compression_opts.zstd_max_train_bytes: 0
2019/10/17-14:54:14.210087 7fc3a9fcb700                  Options.compression_opts.enabled: false
2019/10/17-14:54:14.210088 7fc3a9fcb700      Options.level0_file_num_compaction_trigger: 4
2019/10/17-14:54:14.210089 7fc3a9fcb700          Options.level0_slowdown_writes_trigger: 20
2019/10/17-14:54:14.210089 7fc3a9fcb700              Options.level0_stop_writes_trigger: 36
2019/10/17-14:54:14.210090 7fc3a9fcb700                   Options.target_file_size_base: 67108864
2019/10/17-14:54:14.210091 7fc3a9fcb700             Options.target_file_size_multiplier: 1
2019/10/17-14:54:14.210092 7fc3a9fcb700                Options.max_bytes_for_level_base: 268435456
2019/10/17-14:54:14.210093 7fc3a9fcb700 Options.level_compaction_dynamic_level_bytes: 0
2019/10/17-14:54:14.210094 7fc3a9fcb700          Options.max_bytes_for_level_multiplier: 10.000000
2019/10/17-14:54:14.210095 7fc3a9fcb700 Options.max_bytes_for_level_multiplier_addtl[0]: 1
2019/10/17-14:54:14.210096 7fc3a9fcb700 Options.max_bytes_for_level_multiplier_addtl[1]: 1
2019/10/17-14:54:14.210097 7fc3a9fcb700 Options.max_bytes_for_level_multiplier_addtl[2]: 1
2019/10/17-14:54:14.210098 7fc3a9fcb700 Options.max_bytes_for_level_multiplier_addtl[3]: 1
2019/10/17-14:54:14.210099 7fc3a9fcb700 Options.max_bytes_for_level_multiplier_addtl[4]: 1
2019/10/17-14:54:14.210100 7fc3a9fcb700 Options.max_bytes_for_level_multiplier_addtl[5]: 1
2019/10/17-14:54:14.210101 7fc3a9fcb700 Options.max_bytes_for_level_multiplier_addtl[6]: 1
2019/10/17-14:54:14.210102 7fc3a9fcb700       Options.max_sequential_skip_in_iterations: 8
2019/10/17-14:54:14.210103 7fc3a9fcb700                    Options.max_compaction_bytes: 1677721600
2019/10/17-14:54:14.210104 7fc3a9fcb700                        Options.arena_block_size: 8388608
2019/10/17-14:54:14.210105 7fc3a9fcb700   Options.soft_pending_compaction_bytes_limit: 68719476736
2019/10/17-14:54:14.210106 7fc3a9fcb700   Options.hard_pending_compaction_bytes_limit: 274877906944
2019/10/17-14:54:14.210106 7fc3a9fcb700       Options.rate_limit_delay_max_milliseconds: 100
2019/10/17-14:54:14.210107 7fc3a9fcb700                Options.disable_auto_compactions: 0
2019/10/17-14:54:14.210113 7fc3a9fcb700                        Options.compaction_style: kCompactionStyleLevel
2019/10/17-14:54:14.210114 7fc3a9fcb700                          Options.compaction_pri: kByCompensatedSize
2019/10/17-14:54:14.210115 7fc3a9fcb700 Options.compaction_options_universal.size_ratio: 1
2019/10/17-14:54:14.210116 7fc3a9fcb700 Options.compaction_options_universal.min_merge_width: 2
2019/10/17-14:54:14.210117 7fc3a9fcb700 Options.compaction_options_universal.max_merge_width: 4294967295
2019/10/17-14:54:14.210118 7fc3a9fcb700 Options.compaction_options_universal.max_size_amplification_percent: 200
2019/10/17-14:54:14.210119 7fc3a9fcb700 Options.compaction_options_universal.compression_size_percent: -1
2019/10/17-14:54:14.210120 7fc3a9fcb700 Options.compaction_options_universal.stop_style: kCompactionStopStyleTotalSize
2019/10/17-14:54:14.210121 7fc3a9fcb700 Options.compaction_options_fifo.max_table_files_size: 1073741824
2019/10/17-14:54:14.210122 7fc3a9fcb700 Options.compaction_options_fifo.allow_compaction: 0
2019/10/17-14:54:14.210123 7fc3a9fcb700 Options.compaction_options_fifo.ttl: 0
2019/10/17-14:54:14.210124 7fc3a9fcb700                   Options.table_properties_collectors: 
2019/10/17-14:54:14.210124 7fc3a9fcb700                   Options.inplace_update_support: 0
2019/10/17-14:54:14.210125 7fc3a9fcb700                 Options.inplace_update_num_locks: 10000
2019/10/17-14:54:14.210126 7fc3a9fcb700               Options.memtable_prefix_bloom_size_ratio: 0.000000
2019/10/17-14:54:14.210127 7fc3a9fcb700   Options.memtable_huge_page_size: 0
2019/10/17-14:54:14.210128 7fc3a9fcb700                           Options.bloom_locality: 0
2019/10/17-14:54:14.210129 7fc3a9fcb700                    Options.max_successive_merges: 0
2019/10/17-14:54:14.210130 7fc3a9fcb700                Options.optimize_filters_for_hits: 0
2019/10/17-14:54:14.210131 7fc3a9fcb700                Options.paranoid_file_checks: 0
2019/10/17-14:54:14.210132 7fc3a9fcb700                Options.force_consistency_checks: 0
2019/10/17-14:54:14.210133 7fc3a9fcb700                Options.report_bg_io_stats: 0
2019/10/17-14:54:14.210134 7fc3a9fcb700                               Options.ttl: 0
2019/10/17-14:54:14.210148 7fc3a9fcb700 [db/column_family.cc:472] --------------- Options for column family [htlcs]:
2019/10/17-14:54:14.210149 7fc3a9fcb700               Options.comparator: leveldb.BytewiseComparator
2019/10/17-14:54:14.210150 7fc3a9fcb700           Options.merge_operator: None
2019/10/17-14:54:14.210151 7fc3a9fcb700        Options.compaction_filter: None
2019/10/17-14:54:14.210152 7fc3a9fcb700        Options.compaction_filter_factory: None
2019/10/17-14:54:14.210153 7fc3a9fcb700         Options.memtable_factory: SkipListFactory
2019/10/17-14:54:14.210154 7fc3a9fcb700            Options.table_factory: BlockBasedTable
2019/10/17-14:54:14.210164 7fc3a9fcb700            table_factory options:   flush_block_policy_factory: FlushBlockBySizePolicyFactory (0x7fc35002ae40)
