2019/10/17-14:55:05.808625 7fc3a9fcb700 RocksDB version: 5.18.3
2019/10/17-14:55:05.808690 7fc3a9fcb700 Git sha rocksdb_build_git_sha:@0@
2019/10/17-14:55:05.808694 7fc3a9fcb700 Compile date Sep 19 2019
2019/10/17-14:55:05.808696 7fc3a9fcb700 DB SUMMARY
2019/10/17-14:55:05.810160 7fc3a9fcb700 CURRENT file:  CURRENT
2019/10/17-14:55:05.810164 7fc3a9fcb700 IDENTITY file:  IDENTITY
2019/10/17-14:55:05.810224 7fc3a9fcb700 MANIFEST file:  MANIFEST-116314 size: 4114 Bytes
2019/10/17-14:55:05.810228 7fc3a9fcb700 SST files in /home/rahul/dev/blockchain-core/eqc/ledger.db dir, Total Num: 29, files: 000624.sst 000627.sst 106940.sst 108447.sst 108450.sst 109471.sst 109483.sst 109485.sst 109486.sst 
2019/10/17-14:55:05.810230 7fc3a9fcb700 Write Ahead Log file in /home/rahul/dev/blockchain-core/eqc/ledger.db: 116315.log size: 0 ; 
2019/10/17-14:55:05.810299 7fc3a9fcb700                         Options.error_if_exists: 0
2019/10/17-14:55:05.810302 7fc3a9fcb700                       Options.create_if_missing: 1
2019/10/17-14:55:05.810304 7fc3a9fcb700                         Options.paranoid_checks: 1
2019/10/17-14:55:05.810306 7fc3a9fcb700                                     Options.env: 0x7fc32ae1fc60
2019/10/17-14:55:05.810307 7fc3a9fcb700                                Options.info_log: 0x7fc350076440
2019/10/17-14:55:05.810309 7fc3a9fcb700                Options.max_file_opening_threads: 16
2019/10/17-14:55:05.810311 7fc3a9fcb700                              Options.statistics: (nil)
2019/10/17-14:55:05.810313 7fc3a9fcb700                               Options.use_fsync: 0
2019/10/17-14:55:05.810314 7fc3a9fcb700                       Options.max_log_file_size: 0
2019/10/17-14:55:05.810316 7fc3a9fcb700                  Options.max_manifest_file_size: 1073741824
2019/10/17-14:55:05.810317 7fc3a9fcb700                   Options.log_file_time_to_roll: 0
2019/10/17-14:55:05.810319 7fc3a9fcb700                       Options.keep_log_file_num: 1000
2019/10/17-14:55:05.810321 7fc3a9fcb700                    Options.recycle_log_file_num: 0
2019/10/17-14:55:05.810322 7fc3a9fcb700                         Options.allow_fallocate: 1
2019/10/17-14:55:05.810324 7fc3a9fcb700                        Options.allow_mmap_reads: 0
2019/10/17-14:55:05.810326 7fc3a9fcb700                       Options.allow_mmap_writes: 0
2019/10/17-14:55:05.810327 7fc3a9fcb700                        Options.use_direct_reads: 0
2019/10/17-14:55:05.810328 7fc3a9fcb700                        Options.use_direct_io_for_flush_and_compaction: 0
2019/10/17-14:55:05.810330 7fc3a9fcb700          Options.create_missing_column_families: 0
2019/10/17-14:55:05.810332 7fc3a9fcb700                              Options.db_log_dir: 
2019/10/17-14:55:05.810333 7fc3a9fcb700                                 Options.wal_dir: /home/rahul/dev/blockchain-core/eqc/ledger.db
2019/10/17-14:55:05.810335 7fc3a9fcb700                Options.table_cache_numshardbits: 6
2019/10/17-14:55:05.810336 7fc3a9fcb700                      Options.max_subcompactions: 1
2019/10/17-14:55:05.810338 7fc3a9fcb700                  Options.max_background_flushes: -1
2019/10/17-14:55:05.810340 7fc3a9fcb700                         Options.WAL_ttl_seconds: 0
2019/10/17-14:55:05.810341 7fc3a9fcb700                       Options.WAL_size_limit_MB: 0
2019/10/17-14:55:05.810343 7fc3a9fcb700             Options.manifest_preallocation_size: 4194304
2019/10/17-14:55:05.810344 7fc3a9fcb700                     Options.is_fd_close_on_exec: 1
2019/10/17-14:55:05.810346 7fc3a9fcb700                   Options.advise_random_on_open: 1
2019/10/17-14:55:05.810347 7fc3a9fcb700                    Options.db_write_buffer_size: 0
2019/10/17-14:55:05.810349 7fc3a9fcb700                    Options.write_buffer_manager: 0x7fc3500329f0
2019/10/17-14:55:05.810351 7fc3a9fcb700         Options.access_hint_on_compaction_start: 1
2019/10/17-14:55:05.810352 7fc3a9fcb700  Options.new_table_reader_for_compaction_inputs: 0
2019/10/17-14:55:05.810354 7fc3a9fcb700           Options.random_access_max_buffer_size: 1048576
2019/10/17-14:55:05.810355 7fc3a9fcb700                      Options.use_adaptive_mutex: 0
2019/10/17-14:55:05.810357 7fc3a9fcb700                            Options.rate_limiter: (nil)
2019/10/17-14:55:05.810374 7fc3a9fcb700     Options.sst_file_manager.rate_bytes_per_sec: 0
2019/10/17-14:55:05.810376 7fc3a9fcb700                       Options.wal_recovery_mode: 2
2019/10/17-14:55:05.810378 7fc3a9fcb700                  Options.enable_thread_tracking: 0
2019/10/17-14:55:05.810379 7fc3a9fcb700                  Options.enable_pipelined_write: 0
2019/10/17-14:55:05.810381 7fc3a9fcb700         Options.allow_concurrent_memtable_write: 1
2019/10/17-14:55:05.810382 7fc3a9fcb700      Options.enable_write_thread_adaptive_yield: 1
2019/10/17-14:55:05.810384 7fc3a9fcb700             Options.write_thread_max_yield_usec: 100
2019/10/17-14:55:05.810385 7fc3a9fcb700            Options.write_thread_slow_yield_usec: 3
2019/10/17-14:55:05.810387 7fc3a9fcb700                               Options.row_cache: None
2019/10/17-14:55:05.810389 7fc3a9fcb700                              Options.wal_filter: None
2019/10/17-14:55:05.810390 7fc3a9fcb700             Options.avoid_flush_during_recovery: 0
2019/10/17-14:55:05.810392 7fc3a9fcb700             Options.allow_ingest_behind: 0
2019/10/17-14:55:05.810393 7fc3a9fcb700             Options.preserve_deletes: 0
2019/10/17-14:55:05.810395 7fc3a9fcb700             Options.two_write_queues: 0
2019/10/17-14:55:05.810396 7fc3a9fcb700             Options.manual_wal_flush: 0
2019/10/17-14:55:05.810398 7fc3a9fcb700             Options.max_background_jobs: 2
2019/10/17-14:55:05.810400 7fc3a9fcb700             Options.max_background_compactions: -1
2019/10/17-14:55:05.810401 7fc3a9fcb700             Options.avoid_flush_during_shutdown: 0
2019/10/17-14:55:05.810403 7fc3a9fcb700           Options.writable_file_max_buffer_size: 1048576
2019/10/17-14:55:05.810404 7fc3a9fcb700             Options.delayed_write_rate : 16777216
2019/10/17-14:55:05.810406 7fc3a9fcb700             Options.max_total_wal_size: 0
2019/10/17-14:55:05.810408 7fc3a9fcb700             Options.delete_obsolete_files_period_micros: 21600000000
2019/10/17-14:55:05.810409 7fc3a9fcb700                   Options.stats_dump_period_sec: 600
2019/10/17-14:55:05.810411 7fc3a9fcb700                          Options.max_open_files: -1
2019/10/17-14:55:05.810412 7fc3a9fcb700                          Options.bytes_per_sync: 0
2019/10/17-14:55:05.810414 7fc3a9fcb700                      Options.wal_bytes_per_sync: 0
2019/10/17-14:55:05.810415 7fc3a9fcb700       Options.compaction_readahead_size: 0
2019/10/17-14:55:05.810417 7fc3a9fcb700 Compression algorithms supported:
2019/10/17-14:55:05.810419 7fc3a9fcb700 	kZSTDNotFinalCompression supported: 0
2019/10/17-14:55:05.810421 7fc3a9fcb700 	kZSTD supported: 0
2019/10/17-14:55:05.810422 7fc3a9fcb700 	kXpressCompression supported: 0
2019/10/17-14:55:05.810424 7fc3a9fcb700 	kLZ4HCCompression supported: 0
2019/10/17-14:55:05.810426 7fc3a9fcb700 	kLZ4Compression supported: 0
2019/10/17-14:55:05.810427 7fc3a9fcb700 	kBZip2Compression supported: 0
2019/10/17-14:55:05.810429 7fc3a9fcb700 	kZlibCompression supported: 0
2019/10/17-14:55:05.810431 7fc3a9fcb700 	kSnappyCompression supported: 0
2019/10/17-14:55:05.810434 7fc3a9fcb700 Fast CRC32 supported: Supported on x86
2019/10/17-14:55:05.810617 7fc3a9fcb700 [db/version_set.cc:3507] Recovering from manifest file: MANIFEST-116314
2019/10/17-14:55:05.810682 7fc3a9fcb700 [db/column_family.cc:472] --------------- Options for column family [default]:
2019/10/17-14:55:05.810685 7fc3a9fcb700               Options.comparator: leveldb.BytewiseComparator
2019/10/17-14:55:05.810687 7fc3a9fcb700           Options.merge_operator: None
2019/10/17-14:55:05.810689 7fc3a9fcb700        Options.compaction_filter: None
2019/10/17-14:55:05.810691 7fc3a9fcb700        Options.compaction_filter_factory: None
2019/10/17-14:55:05.810692 7fc3a9fcb700         Options.memtable_factory: SkipListFactory
2019/10/17-14:55:05.810694 7fc3a9fcb700            Options.table_factory: BlockBasedTable
2019/10/17-14:55:05.810733 7fc3a9fcb700            table_factory options:   flush_block_policy_factory: FlushBlockBySizePolicyFactory (0x7fc35003f790)
  cache_index_and_filter_blocks: 0
  cache_index_and_filter_blocks_with_high_priority: 0
  pin_l0_filter_and_index_blocks_in_cache: 0
  pin_top_level_index_and_filter: 1
  index_type: 0
  hash_index_allow_collision: 1
  checksum: 1
  no_block_cache: 0
  block_cache: 0x7fc3500eddf0
  block_cache_name: LRUCache
  block_cache_options:
    capacity : 8388608
    num_shard_bits : 4
    strict_capacity_limit : 0
    memory_allocator : None
    high_pri_pool_ratio: 0.000
  block_cache_compressed: (nil)
  persistent_cache: (nil)
  block_size: 4096
  block_size_deviation: 10
  block_restart_interval: 16
  index_block_restart_interval: 1
  metadata_block_size: 4096
  partition_filters: 0
  use_delta_encoding: 1
  filter_policy: nullptr
  whole_key_filtering: 1
  verify_compression: 0
  read_amp_bytes_per_bit: 0
  format_version: 2
  enable_index_compression: 1
  block_align: 0
2019/10/17-14:55:05.810758 7fc3a9fcb700        Options.write_buffer_size: 67108864
2019/10/17-14:55:05.810760 7fc3a9fcb700  Options.max_write_buffer_number: 2
2019/10/17-14:55:05.810763 7fc3a9fcb700          Options.compression: NoCompression
2019/10/17-14:55:05.810764 7fc3a9fcb700                  Options.bottommost_compression: Disabled
2019/10/17-14:55:05.810766 7fc3a9fcb700       Options.prefix_extractor: nullptr
2019/10/17-14:55:05.810768 7fc3a9fcb700   Options.memtable_insert_with_hint_prefix_extractor: nullptr
2019/10/17-14:55:05.810769 7fc3a9fcb700             Options.num_levels: 7
2019/10/17-14:55:05.810770 7fc3a9fcb700        Options.min_write_buffer_number_to_merge: 1
2019/10/17-14:55:05.810772 7fc3a9fcb700     Options.max_write_buffer_number_to_maintain: 0
2019/10/17-14:55:05.810774 7fc3a9fcb700            Options.bottommost_compression_opts.window_bits: -14
2019/10/17-14:55:05.810776 7fc3a9fcb700                  Options.bottommost_compression_opts.level: 32767
2019/10/17-14:55:05.810777 7fc3a9fcb700               Options.bottommost_compression_opts.strategy: 0
2019/10/17-14:55:05.810779 7fc3a9fcb700         Options.bottommost_compression_opts.max_dict_bytes: 0
2019/10/17-14:55:05.810780 7fc3a9fcb700         Options.bottommost_compression_opts.zstd_max_train_bytes: 0
2019/10/17-14:55:05.810782 7fc3a9fcb700                  Options.bottommost_compression_opts.enabled: false
2019/10/17-14:55:05.810784 7fc3a9fcb700            Options.compression_opts.window_bits: -14
2019/10/17-14:55:05.810785 7fc3a9fcb700                  Options.compression_opts.level: 32767
2019/10/17-14:55:05.810787 7fc3a9fcb700               Options.compression_opts.strategy: 0
2019/10/17-14:55:05.810788 7fc3a9fcb700         Options.compression_opts.max_dict_bytes: 0
2019/10/17-14:55:05.810790 7fc3a9fcb700         Options.compression_opts.zstd_max_train_bytes: 0
2019/10/17-14:55:05.810791 7fc3a9fcb700                  Options.compression_opts.enabled: false
2019/10/17-14:55:05.810793 7fc3a9fcb700      Options.level0_file_num_compaction_trigger: 4
2019/10/17-14:55:05.810794 7fc3a9fcb700          Options.level0_slowdown_writes_trigger: 20
2019/10/17-14:55:05.810796 7fc3a9fcb700              Options.level0_stop_writes_trigger: 36
2019/10/17-14:55:05.810798 7fc3a9fcb700                   Options.target_file_size_base: 67108864
2019/10/17-14:55:05.810799 7fc3a9fcb700             Options.target_file_size_multiplier: 1
2019/10/17-14:55:05.810801 7fc3a9fcb700                Options.max_bytes_for_level_base: 268435456
2019/10/17-14:55:05.810802 7fc3a9fcb700 Options.level_compaction_dynamic_level_bytes: 0
2019/10/17-14:55:05.810804 7fc3a9fcb700          Options.max_bytes_for_level_multiplier: 10.000000
2019/10/17-14:55:05.810808 7fc3a9fcb700 Options.max_bytes_for_level_multiplier_addtl[0]: 1
2019/10/17-14:55:05.810810 7fc3a9fcb700 Options.max_bytes_for_level_multiplier_addtl[1]: 1
2019/10/17-14:55:05.810811 7fc3a9fcb700 Options.max_bytes_for_level_multiplier_addtl[2]: 1
2019/10/17-14:55:05.810813 7fc3a9fcb700 Options.max_bytes_for_level_multiplier_addtl[3]: 1
2019/10/17-14:55:05.810814 7fc3a9fcb700 Options.max_bytes_for_level_multiplier_addtl[4]: 1
2019/10/17-14:55:05.810825 7fc3a9fcb700 Options.max_bytes_for_level_multiplier_addtl[5]: 1
2019/10/17-14:55:05.810827 7fc3a9fcb700 Options.max_bytes_for_level_multiplier_addtl[6]: 1
2019/10/17-14:55:05.810828 7fc3a9fcb700       Options.max_sequential_skip_in_iterations: 8
2019/10/17-14:55:05.810830 7fc3a9fcb700                    Options.max_compaction_bytes: 1677721600
2019/10/17-14:55:05.810831 7fc3a9fcb700                        Options.arena_block_size: 8388608
2019/10/17-14:55:05.810833 7fc3a9fcb700   Options.soft_pending_compaction_bytes_limit: 68719476736
2019/10/17-14:55:05.810835 7fc3a9fcb700   Options.hard_pending_compaction_bytes_limit: 274877906944
2019/10/17-14:55:05.810836 7fc3a9fcb700       Options.rate_limit_delay_max_milliseconds: 100
2019/10/17-14:55:05.810838 7fc3a9fcb700                Options.disable_auto_compactions: 0
2019/10/17-14:55:05.810840 7fc3a9fcb700                        Options.compaction_style: kCompactionStyleLevel
2019/10/17-14:55:05.810843 7fc3a9fcb700                          Options.compaction_pri: kByCompensatedSize
2019/10/17-14:55:05.810844 7fc3a9fcb700 Options.compaction_options_universal.size_ratio: 1
2019/10/17-14:55:05.810846 7fc3a9fcb700 Options.compaction_options_universal.min_merge_width: 2
2019/10/17-14:55:05.810847 7fc3a9fcb700 Options.compaction_options_universal.max_merge_width: 4294967295
2019/10/17-14:55:05.810849 7fc3a9fcb700 Options.compaction_options_universal.max_size_amplification_percent: 200
2019/10/17-14:55:05.810851 7fc3a9fcb700 Options.compaction_options_universal.compression_size_percent: -1
2019/10/17-14:55:05.810853 7fc3a9fcb700 Options.compaction_options_universal.stop_style: kCompactionStopStyleTotalSize
2019/10/17-14:55:05.810854 7fc3a9fcb700 Options.compaction_options_fifo.max_table_files_size: 1073741824
2019/10/17-14:55:05.810856 7fc3a9fcb700 Options.compaction_options_fifo.allow_compaction: 0
2019/10/17-14:55:05.810857 7fc3a9fcb700 Options.compaction_options_fifo.ttl: 0
2019/10/17-14:55:05.810859 7fc3a9fcb700                   Options.table_properties_collectors: 
2019/10/17-14:55:05.810861 7fc3a9fcb700                   Options.inplace_update_support: 0
2019/10/17-14:55:05.810862 7fc3a9fcb700                 Options.inplace_update_num_locks: 10000
2019/10/17-14:55:05.810864 7fc3a9fcb700               Options.memtable_prefix_bloom_size_ratio: 0.000000
2019/10/17-14:55:05.810866 7fc3a9fcb700   Options.memtable_huge_page_size: 0
2019/10/17-14:55:05.810868 7fc3a9fcb700                           Options.bloom_locality: 0
2019/10/17-14:55:05.810869 7fc3a9fcb700                    Options.max_successive_merges: 0
2019/10/17-14:55:05.810871 7fc3a9fcb700                Options.optimize_filters_for_hits: 0
2019/10/17-14:55:05.810872 7fc3a9fcb700                Options.paranoid_file_checks: 0
2019/10/17-14:55:05.810874 7fc3a9fcb700                Options.force_consistency_checks: 0
2019/10/17-14:55:05.810875 7fc3a9fcb700                Options.report_bg_io_stats: 0
2019/10/17-14:55:05.810877 7fc3a9fcb700                               Options.ttl: 0
2019/10/17-14:55:05.810932 7fc3a9fcb700 [db/column_family.cc:472] --------------- Options for column family [active_gateways]:
2019/10/17-14:55:05.810935 7fc3a9fcb700               Options.comparator: leveldb.BytewiseComparator
2019/10/17-14:55:05.810937 7fc3a9fcb700           Options.merge_operator: None
2019/10/17-14:55:05.810938 7fc3a9fcb700        Options.compaction_filter: None
2019/10/17-14:55:05.810940 7fc3a9fcb700        Options.compaction_filter_factory: None
2019/10/17-14:55:05.810942 7fc3a9fcb700         Options.memtable_factory: SkipListFactory
2019/10/17-14:55:05.810943 7fc3a9fcb700            Options.table_factory: BlockBasedTable
2019/10/17-14:55:05.810966 7fc3a9fcb700            table_factory options:   flush_block_policy_factory: FlushBlockBySizePolicyFactory (0x7fc3500980b0)
  cache_index_and_filter_blocks: 0
  cache_index_and_filter_blocks_with_high_priority: 0
  pin_l0_filter_and_index_blocks_in_cache: 0
  pin_top_level_index_and_filter: 1
  index_type: 0
  hash_index_allow_collision: 1
  checksum: 1
  no_block_cache: 0
  block_cache: 0x7fc3500760d0
  block_cache_name: LRUCache
  block_cache_options:
    capacity : 8388608
    num_shard_bits : 4
    strict_capacity_limit : 0
    memory_allocator : None
    high_pri_pool_ratio: 0.000
  block_cache_compressed: (nil)
  persistent_cache: (nil)
  block_size: 4096
  block_size_deviation: 10
  block_restart_interval: 16
  index_block_restart_interval: 1
  metadata_block_size: 4096
  partition_filters: 0
  use_delta_encoding: 1
  filter_policy: nullptr
  whole_key_filtering: 1
  verify_compression: 0
  read_amp_bytes_per_bit: 0
  format_version: 2
  enable_index_compression: 1
  block_align: 0
2019/10/17-14:55:05.810979 7fc3a9fcb700        Options.write_buffer_size: 67108864
2019/10/17-14:55:05.810981 7fc3a9fcb700  Options.max_write_buffer_number: 2
2019/10/17-14:55:05.810983 7fc3a9fcb700          Options.compression: NoCompression
2019/10/17-14:55:05.810984 7fc3a9fcb700                  Options.bottommost_compression: Disabled
2019/10/17-14:55:05.810986 7fc3a9fcb700       Options.prefix_extractor: nullptr
2019/10/17-14:55:05.810987 7fc3a9fcb700   Options.memtable_insert_with_hint_prefix_extractor: nullptr
2019/10/17-14:55:05.810989 7fc3a9fcb700             Options.num_levels: 7
2019/10/17-14:55:05.810990 7fc3a9fcb700        Options.min_write_buffer_number_to_merge: 1
2019/10/17-14:55:05.810992 7fc3a9fcb700     Options.max_write_buffer_number_to_maintain: 0
2019/10/17-14:55:05.810993 7fc3a9fcb700            Options.bottommost_compression_opts.window_bits: -14
2019/10/17-14:55:05.810995 7fc3a9fcb700                  Options.bottommost_compression_opts.level: 32767
2019/10/17-14:55:05.810996 7fc3a9fcb700               Options.bottommost_compression_opts.strategy: 0
2019/10/17-14:55:05.810998 7fc3a9fcb700         Options.bottommost_compression_opts.max_dict_bytes: 0
2019/10/17-14:55:05.810999 7fc3a9fcb700         Options.bottommost_compression_opts.zstd_max_train_bytes: 0
2019/10/17-14:55:05.811001 7fc3a9fcb700                  Options.bottommost_compression_opts.enabled: false
2019/10/17-14:55:05.811002 7fc3a9fcb700            Options.compression_opts.window_bits: -14
2019/10/17-14:55:05.811004 7fc3a9fcb700                  Options.compression_opts.level: 32767
2019/10/17-14:55:05.811006 7fc3a9fcb700               Options.compression_opts.strategy: 0
2019/10/17-14:55:05.811007 7fc3a9fcb700         Options.compression_opts.max_dict_bytes: 0
2019/10/17-14:55:05.811009 7fc3a9fcb700         Options.compression_opts.zstd_max_train_bytes: 0
2019/10/17-14:55:05.811010 7fc3a9fcb700                  Options.compression_opts.enabled: false
2019/10/17-14:55:05.811012 7fc3a9fcb700      Options.level0_file_num_compaction_trigger: 4
2019/10/17-14:55:05.811013 7fc3a9fcb700          Options.level0_slowdown_writes_trigger: 20
2019/10/17-14:55:05.811015 7fc3a9fcb700              Options.level0_stop_writes_trigger: 36
2019/10/17-14:55:05.811016 7fc3a9fcb700                   Options.target_file_size_base: 67108864
2019/10/17-14:55:05.811018 7fc3a9fcb700             Options.target_file_size_multiplier: 1
2019/10/17-14:55:05.811019 7fc3a9fcb700                Options.max_bytes_for_level_base: 268435456
2019/10/17-14:55:05.811021 7fc3a9fcb700 Options.level_compaction_dynamic_level_bytes: 0
2019/10/17-14:55:05.811022 7fc3a9fcb700          Options.max_bytes_for_level_multiplier: 10.000000
2019/10/17-14:55:05.811025 7fc3a9fcb700 Options.max_bytes_for_level_multiplier_addtl[0]: 1
2019/10/17-14:55:05.811027 7fc3a9fcb700 Options.max_bytes_for_level_multiplier_addtl[1]: 1
2019/10/17-14:55:05.811029 7fc3a9fcb700 Options.max_bytes_for_level_multiplier_addtl[2]: 1
2019/10/17-14:55:05.811030 7fc3a9fcb700 Options.max_bytes_for_level_multiplier_addtl[3]: 1
2019/10/17-14:55:05.811032 7fc3a9fcb700 Options.max_bytes_for_level_multiplier_addtl[4]: 1
2019/10/17-14:55:05.811033 7fc3a9fcb700 Options.max_bytes_for_level_multiplier_addtl[5]: 1
2019/10/17-14:55:05.811035 7fc3a9fcb700 Options.max_bytes_for_level_multiplier_addtl[6]: 1
2019/10/17-14:55:05.811036 7fc3a9fcb700       Options.max_sequential_skip_in_iterations: 8
2019/10/17-14:55:05.811045 7fc3a9fcb700                    Options.max_compaction_bytes: 1677721600
2019/10/17-14:55:05.811047 7fc3a9fcb700                        Options.arena_block_size: 8388608
2019/10/17-14:55:05.811048 7fc3a9fcb700   Options.soft_pending_compaction_bytes_limit: 68719476736
2019/10/17-14:55:05.811050 7fc3a9fcb700   Options.hard_pending_compaction_bytes_limit: 274877906944
2019/10/17-14:55:05.811052 7fc3a9fcb700       Options.rate_limit_delay_max_milliseconds: 100
2019/10/17-14:55:05.811053 7fc3a9fcb700                Options.disable_auto_compactions: 0
2019/10/17-14:55:05.811055 7fc3a9fcb700                        Options.compaction_style: kCompactionStyleLevel
2019/10/17-14:55:05.811057 7fc3a9fcb700                          Options.compaction_pri: kByCompensatedSize
2019/10/17-14:55:05.811058 7fc3a9fcb700 Options.compaction_options_universal.size_ratio: 1
2019/10/17-14:55:05.811060 7fc3a9fcb700 Options.compaction_options_universal.min_merge_width: 2
2019/10/17-14:55:05.811061 7fc3a9fcb700 Options.compaction_options_universal.max_merge_width: 4294967295
2019/10/17-14:55:05.811063 7fc3a9fcb700 Options.compaction_options_universal.max_size_amplification_percent: 200
2019/10/17-14:55:05.811064 7fc3a9fcb700 Options.compaction_options_universal.compression_size_percent: -1
2019/10/17-14:55:05.811066 7fc3a9fcb700 Options.compaction_options_universal.stop_style: kCompactionStopStyleTotalSize
2019/10/17-14:55:05.811068 7fc3a9fcb700 Options.compaction_options_fifo.max_table_files_size: 1073741824
2019/10/17-14:55:05.811069 7fc3a9fcb700 Options.compaction_options_fifo.allow_compaction: 0
2019/10/17-14:55:05.811071 7fc3a9fcb700 Options.compaction_options_fifo.ttl: 0
2019/10/17-14:55:05.811072 7fc3a9fcb700                   Options.table_properties_collectors: 
2019/10/17-14:55:05.811074 7fc3a9fcb700                   Options.inplace_update_support: 0
2019/10/17-14:55:05.811075 7fc3a9fcb700                 Options.inplace_update_num_locks: 10000
2019/10/17-14:55:05.811077 7fc3a9fcb700               Options.memtable_prefix_bloom_size_ratio: 0.000000
2019/10/17-14:55:05.811079 7fc3a9fcb700   Options.memtable_huge_page_size: 0
2019/10/17-14:55:05.811081 7fc3a9fcb700                           Options.bloom_locality: 0
2019/10/17-14:55:05.811082 7fc3a9fcb700                    Options.max_successive_merges: 0
2019/10/17-14:55:05.811084 7fc3a9fcb700                Options.optimize_filters_for_hits: 0
2019/10/17-14:55:05.811085 7fc3a9fcb700                Options.paranoid_file_checks: 0
2019/10/17-14:55:05.811087 7fc3a9fcb700                Options.force_consistency_checks: 0
2019/10/17-14:55:05.811088 7fc3a9fcb700                Options.report_bg_io_stats: 0
2019/10/17-14:55:05.811090 7fc3a9fcb700                               Options.ttl: 0
2019/10/17-14:55:05.811122 7fc3a9fcb700 [db/column_family.cc:472] --------------- Options for column family [entries]:
2019/10/17-14:55:05.811125 7fc3a9fcb700               Options.comparator: leveldb.BytewiseComparator
2019/10/17-14:55:05.811126 7fc3a9fcb700           Options.merge_operator: None
2019/10/17-14:55:05.811128 7fc3a9fcb700        Options.compaction_filter: None
2019/10/17-14:55:05.811130 7fc3a9fcb700        Options.compaction_filter_factory: None
2019/10/17-14:55:05.811131 7fc3a9fcb700         Options.memtable_factory: SkipListFactory
2019/10/17-14:55:05.811133 7fc3a9fcb700            Options.table_factory: BlockBasedTable
2019/10/17-14:55:05.811152 7fc3a9fcb700            table_factory options:   flush_block_policy_factory: FlushBlockBySizePolicyFactory (0x7fc35005d2d0)
  cache_index_and_filter_blocks: 0
  cache_index_and_filter_blocks_with_high_priority: 0
  pin_l0_filter_and_index_blocks_in_cache: 0
  pin_top_level_index_and_filter: 1
  index_type: 0
  hash_index_allow_collision: 1
  checksum: 1
  no_block_cache: 0
  block_cache: 0x7fc350089560
  block_cache_name: LRUCache
  block_cache_options:
    capacity : 8388608
    num_shard_bits : 4
    strict_capacity_limit : 0
    memory_allocator : None
    high_pri_pool_ratio: 0.000
  block_cache_compressed: (nil)
  persistent_cache: (nil)
  block_size: 4096
  block_size_deviation: 10
  block_restart_interval: 16
  index_block_restart_interval: 1
  metadata_block_size: 4096
  partition_filters: 0
  use_delta_encoding: 1
  filter_policy: nullptr
  whole_key_filtering: 1
  verify_compression: 0
  read_amp_bytes_per_bit: 0
  format_version: 2
  enable_index_compression: 1
  block_align: 0
2019/10/17-14:55:05.811165 7fc3a9fcb700        Options.write_buffer_size: 67108864
2019/10/17-14:55:05.811166 7fc3a9fcb700  Options.max_write_buffer_number: 2
2019/10/17-14:55:05.811168 7fc3a9fcb700          Options.compression: NoCompression
2019/10/17-14:55:05.811170 7fc3a9fcb700                  Options.bottommost_compression: Disabled
2019/10/17-14:55:05.811171 7fc3a9fcb700       Options.prefix_extractor: nullptr
2019/10/17-14:55:05.811173 7fc3a9fcb700   Options.memtable_insert_with_hint_prefix_extractor: nullptr
2019/10/17-14:55:05.811174 7fc3a9fcb700             Options.num_levels: 7
2019/10/17-14:55:05.811176 7fc3a9fcb700        Options.min_write_buffer_number_to_merge: 1
2019/10/17-14:55:05.811177 7fc3a9fcb700     Options.max_write_buffer_number_to_maintain: 0
2019/10/17-14:55:05.811179 7fc3a9fcb700            Options.bottommost_compression_opts.window_bits: -14
2019/10/17-14:55:05.811180 7fc3a9fcb700                  Options.bottommost_compression_opts.level: 32767
2019/10/17-14:55:05.811182 7fc3a9fcb700               Options.bottommost_compression_opts.strategy: 0
2019/10/17-14:55:05.811183 7fc3a9fcb700         Options.bottommost_compression_opts.max_dict_bytes: 0
2019/10/17-14:55:05.811185 7fc3a9fcb700         Options.bottommost_compression_opts.zstd_max_train_bytes: 0
2019/10/17-14:55:05.811186 7fc3a9fcb700                  Options.bottommost_compression_opts.enabled: false
2019/10/17-14:55:05.811188 7fc3a9fcb700            Options.compression_opts.window_bits: -14
2019/10/17-14:55:05.811189 7fc3a9fcb700                  Options.compression_opts.level: 32767
2019/10/17-14:55:05.811191 7fc3a9fcb700               Options.compression_opts.strategy: 0
2019/10/17-14:55:05.811192 7fc3a9fcb700         Options.compression_opts.max_dict_bytes: 0
2019/10/17-14:55:05.811194 7fc3a9fcb700         Options.compression_opts.zstd_max_train_bytes: 0
2019/10/17-14:55:05.811195 7fc3a9fcb700                  Options.compression_opts.enabled: false
2019/10/17-14:55:05.811197 7fc3a9fcb700      Options.level0_file_num_compaction_trigger: 4
2019/10/17-14:55:05.811198 7fc3a9fcb700          Options.level0_slowdown_writes_trigger: 20
2019/10/17-14:55:05.811200 7fc3a9fcb700              Options.level0_stop_writes_trigger: 36
2019/10/17-14:55:05.811201 7fc3a9fcb700                   Options.target_file_size_base: 67108864
2019/10/17-14:55:05.811203 7fc3a9fcb700             Options.target_file_size_multiplier: 1
2019/10/17-14:55:05.811204 7fc3a9fcb700                Options.max_bytes_for_level_base: 268435456
2019/10/17-14:55:05.811206 7fc3a9fcb700 Options.level_compaction_dynamic_level_bytes: 0
2019/10/17-14:55:05.811207 7fc3a9fcb700          Options.max_bytes_for_level_multiplier: 10.000000
2019/10/17-14:55:05.811210 7fc3a9fcb700 Options.max_bytes_for_level_multiplier_addtl[0]: 1
2019/10/17-14:55:05.811212 7fc3a9fcb700 Options.max_bytes_for_level_multiplier_addtl[1]: 1
2019/10/17-14:55:05.811213 7fc3a9fcb700 Options.max_bytes_for_level_multiplier_addtl[2]: 1
2019/10/17-14:55:05.811215 7fc3a9fcb700 Options.max_bytes_for_level_multiplier_addtl[3]: 1
2019/10/17-14:55:05.811216 7fc3a9fcb700 Options.max_bytes_for_level_multiplier_addtl[4]: 1
2019/10/17-14:55:05.811218 7fc3a9fcb700 Options.max_bytes_for_level_multiplier_addtl[5]: 1
2019/10/17-14:55:05.811219 7fc3a9fcb700 Options.max_bytes_for_level_multiplier_addtl[6]: 1
2019/10/17-14:55:05.811221 7fc3a9fcb700       Options.max_sequential_skip_in_iterations: 8
2019/10/17-14:55:05.811222 7fc3a9fcb700                    Options.max_compaction_bytes: 1677721600
2019/10/17-14:55:05.811224 7fc3a9fcb700                        Options.arena_block_size: 8388608
2019/10/17-14:55:05.811226 7fc3a9fcb700   Options.soft_pending_compaction_bytes_limit: 68719476736
2019/10/17-14:55:05.811235 7fc3a9fcb700   Options.hard_pending_compaction_bytes_limit: 274877906944
2019/10/17-14:55:05.811237 7fc3a9fcb700       Options.rate_limit_delay_max_milliseconds: 100
2019/10/17-14:55:05.811238 7fc3a9fcb700                Options.disable_auto_compactions: 0
2019/10/17-14:55:05.811240 7fc3a9fcb700                        Options.compaction_style: kCompactionStyleLevel
2019/10/17-14:55:05.811242 7fc3a9fcb700                          Options.compaction_pri: kByCompensatedSize
2019/10/17-14:55:05.811244 7fc3a9fcb700 Options.compaction_options_universal.size_ratio: 1
2019/10/17-14:55:05.811246 7fc3a9fcb700 Options.compaction_options_universal.min_merge_width: 2
2019/10/17-14:55:05.811247 7fc3a9fcb700 Options.compaction_options_universal.max_merge_width: 4294967295
2019/10/17-14:55:05.811248 7fc3a9fcb700 Options.compaction_options_universal.max_size_amplification_percent: 200
2019/10/17-14:55:05.811250 7fc3a9fcb700 Options.compaction_options_universal.compression_size_percent: -1
2019/10/17-14:55:05.811252 7fc3a9fcb700 Options.compaction_options_universal.stop_style: kCompactionStopStyleTotalSize
2019/10/17-14:55:05.811254 7fc3a9fcb700 Options.compaction_options_fifo.max_table_files_size: 1073741824
2019/10/17-14:55:05.811255 7fc3a9fcb700 Options.compaction_options_fifo.allow_compaction: 0
2019/10/17-14:55:05.811257 7fc3a9fcb700 Options.compaction_options_fifo.ttl: 0
2019/10/17-14:55:05.811258 7fc3a9fcb700                   Options.table_properties_collectors: 
2019/10/17-14:55:05.811260 7fc3a9fcb700                   Options.inplace_update_support: 0
2019/10/17-14:55:05.811261 7fc3a9fcb700                 Options.inplace_update_num_locks: 10000
2019/10/17-14:55:05.811263 7fc3a9fcb700               Options.memtable_prefix_bloom_size_ratio: 0.000000
2019/10/17-14:55:05.811265 7fc3a9fcb700   Options.memtable_huge_page_size: 0
2019/10/17-14:55:05.811266 7fc3a9fcb700                           Options.bloom_locality: 0
2019/10/17-14:55:05.811268 7fc3a9fcb700                    Options.max_successive_merges: 0
2019/10/17-14:55:05.811269 7fc3a9fcb700                Options.optimize_filters_for_hits: 0
2019/10/17-14:55:05.811271 7fc3a9fcb700                Options.paranoid_file_checks: 0
2019/10/17-14:55:05.811272 7fc3a9fcb700                Options.force_consistency_checks: 0
2019/10/17-14:55:05.811274 7fc3a9fcb700                Options.report_bg_io_stats: 0
2019/10/17-14:55:05.811275 7fc3a9fcb700                               Options.ttl: 0
2019/10/17-14:55:05.811303 7fc3a9fcb700 [db/column_family.cc:472] --------------- Options for column family [dc_entries]:
2019/10/17-14:55:05.811306 7fc3a9fcb700               Options.comparator: leveldb.BytewiseComparator
2019/10/17-14:55:05.811308 7fc3a9fcb700           Options.merge_operator: None
2019/10/17-14:55:05.811309 7fc3a9fcb700        Options.compaction_filter: None
2019/10/17-14:55:05.811311 7fc3a9fcb700        Options.compaction_filter_factory: None
2019/10/17-14:55:05.811312 7fc3a9fcb700         Options.memtable_factory: SkipListFactory
2019/10/17-14:55:05.811314 7fc3a9fcb700            Options.table_factory: BlockBasedTable
2019/10/17-14:55:05.811332 7fc3a9fcb700            table_factory options:   flush_block_policy_factory: FlushBlockBySizePolicyFactory (0x7fc35002cbf0)
  cache_index_and_filter_blocks: 0
  cache_index_and_filter_blocks_with_high_priority: 0
  pin_l0_filter_and_index_blocks_in_cache: 0
  pin_top_level_index_and_filter: 1
  index_type: 0
  hash_index_allow_collision: 1
  checksum: 1
  no_block_cache: 0
  block_cache: 0x7fc35000b2f0
  block_cache_name: LRUCache
  block_cache_options:
    capacity : 8388608
    num_shard_bits : 4
    strict_capacity_limit : 0
    memory_allocator : None
    high_pri_pool_ratio: 0.000
  block_cache_compressed: (nil)
  persistent_cache: (nil)
  block_size: 4096
  block_size_deviation: 10
  block_restart_interval: 16
  index_block_restart_interval: 1
  metadata_block_size: 4096
  partition_filters: 0
  use_delta_encoding: 1
  filter_policy: nullptr
  whole_key_filtering: 1
  verify_compression: 0
  read_amp_bytes_per_bit: 0
  format_version: 2
  enable_index_compression: 1
  block_align: 0
2019/10/17-14:55:05.811345 7fc3a9fcb700        Options.write_buffer_size: 67108864
2019/10/17-14:55:05.811346 7fc3a9fcb700  Options.max_write_buffer_number: 2
2019/10/17-14:55:05.811348 7fc3a9fcb700          Options.compression: NoCompression
2019/10/17-14:55:05.811350 7fc3a9fcb700                  Options.bottommost_compression: Disabled
2019/10/17-14:55:05.811351 7fc3a9fcb700       Options.prefix_extractor: nullptr
2019/10/17-14:55:05.811353 7fc3a9fcb700   Options.memtable_insert_with_hint_prefix_extractor: nullptr
2019/10/17-14:55:05.811354 7fc3a9fcb700             Options.num_levels: 7
2019/10/17-14:55:05.811355 7fc3a9fcb700        Options.min_write_buffer_number_to_merge: 1
2019/10/17-14:55:05.811357 7fc3a9fcb700     Options.max_write_buffer_number_to_maintain: 0
2019/10/17-14:55:05.811358 7fc3a9fcb700            Options.bottommost_compression_opts.window_bits: -14
2019/10/17-14:55:05.811360 7fc3a9fcb700                  Options.bottommost_compression_opts.level: 32767
2019/10/17-14:55:05.811361 7fc3a9fcb700               Options.bottommost_compression_opts.strategy: 0
2019/10/17-14:55:05.811363 7fc3a9fcb700         Options.bottommost_compression_opts.max_dict_bytes: 0
2019/10/17-14:55:05.811364 7fc3a9fcb700         Options.bottommost_compression_opts.zstd_max_train_bytes: 0
2019/10/17-14:55:05.811366 7fc3a9fcb700                  Options.bottommost_compression_opts.enabled: false
2019/10/17-14:55:05.811367 7fc3a9fcb700            Options.compression_opts.window_bits: -14
2019/10/17-14:55:05.811369 7fc3a9fcb700                  Options.compression_opts.level: 32767
2019/10/17-14:55:05.811370 7fc3a9fcb700               Options.compression_opts.strategy: 0
2019/10/17-14:55:05.811372 7fc3a9fcb700         Options.compression_opts.max_dict_bytes: 0
2019/10/17-14:55:05.811373 7fc3a9fcb700         Options.compression_opts.zstd_max_train_bytes: 0
2019/10/17-14:55:05.811375 7fc3a9fcb700                  Options.compression_opts.enabled: false
2019/10/17-14:55:05.811376 7fc3a9fcb700      Options.level0_file_num_compaction_trigger: 4
2019/10/17-14:55:05.811378 7fc3a9fcb700          Options.level0_slowdown_writes_trigger: 20
2019/10/17-14:55:05.811379 7fc3a9fcb700              Options.level0_stop_writes_trigger: 36
2019/10/17-14:55:05.811381 7fc3a9fcb700                   Options.target_file_size_base: 67108864
2019/10/17-14:55:05.811382 7fc3a9fcb700             Options.target_file_size_multiplier: 1
2019/10/17-14:55:05.811384 7fc3a9fcb700                Options.max_bytes_for_level_base: 268435456
2019/10/17-14:55:05.811385 7fc3a9fcb700 Options.level_compaction_dynamic_level_bytes: 0
2019/10/17-14:55:05.811387 7fc3a9fcb700          Options.max_bytes_for_level_multiplier: 10.000000
2019/10/17-14:55:05.811390 7fc3a9fcb700 Options.max_bytes_for_level_multiplier_addtl[0]: 1
2019/10/17-14:55:05.811391 7fc3a9fcb700 Options.max_bytes_for_level_multiplier_addtl[1]: 1
2019/10/17-14:55:05.811393 7fc3a9fcb700 Options.max_bytes_for_level_multiplier_addtl[2]: 1
2019/10/17-14:55:05.811394 7fc3a9fcb700 Options.max_bytes_for_level_multiplier_addtl[3]: 1
2019/10/17-14:55:05.811396 7fc3a9fcb700 Options.max_bytes_for_level_multiplier_addtl[4]: 1
2019/10/17-14:55:05.811397 7fc3a9fcb700 Options.max_bytes_for_level_multiplier_addtl[5]: 1
2019/10/17-14:55:05.811399 7fc3a9fcb700 Options.max_bytes_for_level_multiplier_addtl[6]: 1
2019/10/17-14:55:05.811401 7fc3a9fcb700       Options.max_sequential_skip_in_iterations: 8
2019/10/17-14:55:05.811402 7fc3a9fcb700                    Options.max_compaction_bytes: 1677721600
2019/10/17-14:55:05.811403 7fc3a9fcb700                        Options.arena_block_size: 8388608
2019/10/17-14:55:05.811405 7fc3a9fcb700   Options.soft_pending_compaction_bytes_limit: 68719476736
2019/10/17-14:55:05.811407 7fc3a9fcb700   Options.hard_pending_compaction_bytes_limit: 274877906944
2019/10/17-14:55:05.811408 7fc3a9fcb700       Options.rate_limit_delay_max_milliseconds: 100
2019/10/17-14:55:05.811410 7fc3a9fcb700                Options.disable_auto_compactions: 0
2019/10/17-14:55:05.811419 7fc3a9fcb700                        Options.compaction_style: kCompactionStyleLevel
2019/10/17-14:55:05.811421 7fc3a9fcb700                          Options.compaction_pri: kByCompensatedSize
2019/10/17-14:55:05.811423 7fc3a9fcb700 Options.compaction_options_universal.size_ratio: 1
2019/10/17-14:55:05.811424 7fc3a9fcb700 Options.compaction_options_universal.min_merge_width: 2
2019/10/17-14:55:05.811426 7fc3a9fcb700 Options.compaction_options_universal.max_merge_width: 4294967295
2019/10/17-14:55:05.811427 7fc3a9fcb700 Options.compaction_options_universal.max_size_amplification_percent: 200
2019/10/17-14:55:05.811429 7fc3a9fcb700 Options.compaction_options_universal.compression_size_percent: -1
2019/10/17-14:55:05.811431 7fc3a9fcb700 Options.compaction_options_universal.stop_style: kCompactionStopStyleTotalSize
2019/10/17-14:55:05.811433 7fc3a9fcb700 Options.compaction_options_fifo.max_table_files_size: 1073741824
2019/10/17-14:55:05.811434 7fc3a9fcb700 Options.compaction_options_fifo.allow_compaction: 0
2019/10/17-14:55:05.811436 7fc3a9fcb700 Options.compaction_options_fifo.ttl: 0
2019/10/17-14:55:05.811437 7fc3a9fcb700                   Options.table_properties_collectors: 
2019/10/17-14:55:05.811439 7fc3a9fcb700                   Options.inplace_update_support: 0
2019/10/17-14:55:05.811440 7fc3a9fcb700                 Options.inplace_update_num_locks: 10000
2019/10/17-14:55:05.811442 7fc3a9fcb700               Options.memtable_prefix_bloom_size_ratio: 0.000000
2019/10/17-14:55:05.811444 7fc3a9fcb700   Options.memtable_huge_page_size: 0
2019/10/17-14:55:05.811445 7fc3a9fcb700                           Options.bloom_locality: 0
2019/10/17-14:55:05.811447 7fc3a9fcb700                    Options.max_successive_merges: 0
2019/10/17-14:55:05.811448 7fc3a9fcb700                Options.optimize_filters_for_hits: 0
2019/10/17-14:55:05.811450 7fc3a9fcb700                Options.paranoid_file_checks: 0
2019/10/17-14:55:05.811451 7fc3a9fcb700                Options.force_consistency_checks: 0
2019/10/17-14:55:05.811453 7fc3a9fcb700                Options.report_bg_io_stats: 0
2019/10/17-14:55:05.811454 7fc3a9fcb700                               Options.ttl: 0
2019/10/17-14:55:05.811477 7fc3a9fcb700 [db/column_family.cc:472] --------------- Options for column family [htlcs]:
2019/10/17-14:55:05.811480 7fc3a9fcb700               Options.comparator: leveldb.BytewiseComparator
2019/10/17-14:55:05.811481 7fc3a9fcb700           Options.merge_operator: None
2019/10/17-14:55:05.811483 7fc3a9fcb700        Options.compaction_filter: None
2019/10/17-14:55:05.811484 7fc3a9fcb700        Options.compaction_filter_factory: None
2019/10/17-14:55:05.811486 7fc3a9fcb700         Options.memtable_factory: SkipListFactory
2019/10/17-14:55:05.811488 7fc3a9fcb700            Options.table_factory: BlockBasedTable
2019/10/17-14:55:05.811505 7fc3a9fcb700            table_factory options:   flush_block_policy_factory: FlushBlockBySizePolicyFactory (0x7fc350061400)
