2019/10/17-14:54:04.995754 7fc3a9fcb700 RocksDB version: 5.18.3
2019/10/17-14:54:04.995861 7fc3a9fcb700 Git sha rocksdb_build_git_sha:@0@
2019/10/17-14:54:04.995864 7fc3a9fcb700 Compile date Sep 19 2019
2019/10/17-14:54:04.995866 7fc3a9fcb700 DB SUMMARY
2019/10/17-14:54:04.996941 7fc3a9fcb700 CURRENT file:  CURRENT
2019/10/17-14:54:04.996943 7fc3a9fcb700 IDENTITY file:  IDENTITY
2019/10/17-14:54:04.996982 7fc3a9fcb700 MANIFEST file:  MANIFEST-114649 size: 4114 Bytes
2019/10/17-14:54:04.996984 7fc3a9fcb700 SST files in /home/rahul/dev/blockchain-core/eqc/ledger.db dir, Total Num: 29, files: 000624.sst 000627.sst 106940.sst 108447.sst 108450.sst 109471.sst 109483.sst 109485.sst 109486.sst 
2019/10/17-14:54:04.996986 7fc3a9fcb700 Write Ahead Log file in /home/rahul/dev/blockchain-core/eqc/ledger.db: 114650.log size: 0 ; 
2019/10/17-14:54:04.997031 7fc3a9fcb700                         Options.error_if_exists: 0
2019/10/17-14:54:04.997033 7fc3a9fcb700                       Options.create_if_missing: 1
2019/10/17-14:54:04.997034 7fc3a9fcb700                         Options.paranoid_checks: 1
2019/10/17-14:54:04.997035 7fc3a9fcb700                                     Options.env: 0x7fc32ae1fc60
2019/10/17-14:54:04.997037 7fc3a9fcb700                                Options.info_log: 0x7fc350085ea0
2019/10/17-14:54:04.997038 7fc3a9fcb700                Options.max_file_opening_threads: 16
2019/10/17-14:54:04.997039 7fc3a9fcb700                              Options.statistics: (nil)
2019/10/17-14:54:04.997040 7fc3a9fcb700                               Options.use_fsync: 0
2019/10/17-14:54:04.997041 7fc3a9fcb700                       Options.max_log_file_size: 0
2019/10/17-14:54:04.997042 7fc3a9fcb700                  Options.max_manifest_file_size: 1073741824
2019/10/17-14:54:04.997043 7fc3a9fcb700                   Options.log_file_time_to_roll: 0
2019/10/17-14:54:04.997044 7fc3a9fcb700                       Options.keep_log_file_num: 1000
2019/10/17-14:54:04.997045 7fc3a9fcb700                    Options.recycle_log_file_num: 0
2019/10/17-14:54:04.997046 7fc3a9fcb700                         Options.allow_fallocate: 1
2019/10/17-14:54:04.997047 7fc3a9fcb700                        Options.allow_mmap_reads: 0
2019/10/17-14:54:04.997048 7fc3a9fcb700                       Options.allow_mmap_writes: 0
2019/10/17-14:54:04.997049 7fc3a9fcb700                        Options.use_direct_reads: 0
2019/10/17-14:54:04.997050 7fc3a9fcb700                        Options.use_direct_io_for_flush_and_compaction: 0
2019/10/17-14:54:04.997051 7fc3a9fcb700          Options.create_missing_column_families: 0
2019/10/17-14:54:04.997052 7fc3a9fcb700                              Options.db_log_dir: 
2019/10/17-14:54:04.997053 7fc3a9fcb700                                 Options.wal_dir: /home/rahul/dev/blockchain-core/eqc/ledger.db
2019/10/17-14:54:04.997054 7fc3a9fcb700                Options.table_cache_numshardbits: 6
2019/10/17-14:54:04.997055 7fc3a9fcb700                      Options.max_subcompactions: 1
2019/10/17-14:54:04.997056 7fc3a9fcb700                  Options.max_background_flushes: -1
2019/10/17-14:54:04.997057 7fc3a9fcb700                         Options.WAL_ttl_seconds: 0
2019/10/17-14:54:04.997058 7fc3a9fcb700                       Options.WAL_size_limit_MB: 0
2019/10/17-14:54:04.997059 7fc3a9fcb700             Options.manifest_preallocation_size: 4194304
2019/10/17-14:54:04.997061 7fc3a9fcb700                     Options.is_fd_close_on_exec: 1
2019/10/17-14:54:04.997062 7fc3a9fcb700                   Options.advise_random_on_open: 1
2019/10/17-14:54:04.997063 7fc3a9fcb700                    Options.db_write_buffer_size: 0
2019/10/17-14:54:04.997064 7fc3a9fcb700                    Options.write_buffer_manager: 0x7fc3501116e0
2019/10/17-14:54:04.997065 7fc3a9fcb700         Options.access_hint_on_compaction_start: 1
2019/10/17-14:54:04.997066 7fc3a9fcb700  Options.new_table_reader_for_compaction_inputs: 0
2019/10/17-14:54:04.997067 7fc3a9fcb700           Options.random_access_max_buffer_size: 1048576
2019/10/17-14:54:04.997068 7fc3a9fcb700                      Options.use_adaptive_mutex: 0
2019/10/17-14:54:04.997069 7fc3a9fcb700                            Options.rate_limiter: (nil)
2019/10/17-14:54:04.997080 7fc3a9fcb700     Options.sst_file_manager.rate_bytes_per_sec: 0
2019/10/17-14:54:04.997081 7fc3a9fcb700                       Options.wal_recovery_mode: 2
2019/10/17-14:54:04.997082 7fc3a9fcb700                  Options.enable_thread_tracking: 0
2019/10/17-14:54:04.997083 7fc3a9fcb700                  Options.enable_pipelined_write: 0
2019/10/17-14:54:04.997084 7fc3a9fcb700         Options.allow_concurrent_memtable_write: 1
2019/10/17-14:54:04.997085 7fc3a9fcb700      Options.enable_write_thread_adaptive_yield: 1
2019/10/17-14:54:04.997086 7fc3a9fcb700             Options.write_thread_max_yield_usec: 100
2019/10/17-14:54:04.997087 7fc3a9fcb700            Options.write_thread_slow_yield_usec: 3
2019/10/17-14:54:04.997088 7fc3a9fcb700                               Options.row_cache: None
2019/10/17-14:54:04.997089 7fc3a9fcb700                              Options.wal_filter: None
2019/10/17-14:54:04.997090 7fc3a9fcb700             Options.avoid_flush_during_recovery: 0
2019/10/17-14:54:04.997091 7fc3a9fcb700             Options.allow_ingest_behind: 0
2019/10/17-14:54:04.997092 7fc3a9fcb700             Options.preserve_deletes: 0
2019/10/17-14:54:04.997093 7fc3a9fcb700             Options.two_write_queues: 0
2019/10/17-14:54:04.997094 7fc3a9fcb700             Options.manual_wal_flush: 0
2019/10/17-14:54:04.997095 7fc3a9fcb700             Options.max_background_jobs: 2
2019/10/17-14:54:04.997096 7fc3a9fcb700             Options.max_background_compactions: -1
2019/10/17-14:54:04.997097 7fc3a9fcb700             Options.avoid_flush_during_shutdown: 0
2019/10/17-14:54:04.997098 7fc3a9fcb700           Options.writable_file_max_buffer_size: 1048576
2019/10/17-14:54:04.997099 7fc3a9fcb700             Options.delayed_write_rate : 16777216
2019/10/17-14:54:04.997100 7fc3a9fcb700             Options.max_total_wal_size: 0
2019/10/17-14:54:04.997101 7fc3a9fcb700             Options.delete_obsolete_files_period_micros: 21600000000
2019/10/17-14:54:04.997102 7fc3a9fcb700                   Options.stats_dump_period_sec: 600
2019/10/17-14:54:04.997103 7fc3a9fcb700                          Options.max_open_files: -1
2019/10/17-14:54:04.997104 7fc3a9fcb700                          Options.bytes_per_sync: 0
2019/10/17-14:54:04.997105 7fc3a9fcb700                      Options.wal_bytes_per_sync: 0
2019/10/17-14:54:04.997106 7fc3a9fcb700       Options.compaction_readahead_size: 0
2019/10/17-14:54:04.997107 7fc3a9fcb700 Compression algorithms supported:
2019/10/17-14:54:04.997109 7fc3a9fcb700 	kZSTDNotFinalCompression supported: 0
2019/10/17-14:54:04.997110 7fc3a9fcb700 	kZSTD supported: 0
2019/10/17-14:54:04.997111 7fc3a9fcb700 	kXpressCompression supported: 0
2019/10/17-14:54:04.997112 7fc3a9fcb700 	kLZ4HCCompression supported: 0
2019/10/17-14:54:04.997114 7fc3a9fcb700 	kLZ4Compression supported: 0
2019/10/17-14:54:04.997115 7fc3a9fcb700 	kBZip2Compression supported: 0
2019/10/17-14:54:04.997116 7fc3a9fcb700 	kZlibCompression supported: 0
2019/10/17-14:54:04.997117 7fc3a9fcb700 	kSnappyCompression supported: 0
2019/10/17-14:54:04.997119 7fc3a9fcb700 Fast CRC32 supported: Supported on x86
2019/10/17-14:54:04.997239 7fc3a9fcb700 [db/version_set.cc:3507] Recovering from manifest file: MANIFEST-114649
2019/10/17-14:54:04.997280 7fc3a9fcb700 [db/column_family.cc:472] --------------- Options for column family [default]:
2019/10/17-14:54:04.997283 7fc3a9fcb700               Options.comparator: leveldb.BytewiseComparator
2019/10/17-14:54:04.997284 7fc3a9fcb700           Options.merge_operator: None
2019/10/17-14:54:04.997285 7fc3a9fcb700        Options.compaction_filter: None
2019/10/17-14:54:04.997286 7fc3a9fcb700        Options.compaction_filter_factory: None
2019/10/17-14:54:04.997287 7fc3a9fcb700         Options.memtable_factory: SkipListFactory
2019/10/17-14:54:04.997288 7fc3a9fcb700            Options.table_factory: BlockBasedTable
2019/10/17-14:54:04.997306 7fc3a9fcb700            table_factory options:   flush_block_policy_factory: FlushBlockBySizePolicyFactory (0x7fc3500579b0)
  cache_index_and_filter_blocks: 0
  cache_index_and_filter_blocks_with_high_priority: 0
  pin_l0_filter_and_index_blocks_in_cache: 0
  pin_top_level_index_and_filter: 1
  index_type: 0
  hash_index_allow_collision: 1
  checksum: 1
  no_block_cache: 0
  block_cache: 0x7fc350117110
  block_cache_name: LRUCache
  block_cache_options:
    capacity : 8388608
    num_shard_bits : 4
    strict_capacity_limit : 0
    memory_allocator : None
    high_pri_pool_ratio: 0.000
  block_cache_compressed: (nil)
  persistent_cache: (nil)
  block_size: 4096
  block_size_deviation: 10
  block_restart_interval: 16
  index_block_restart_interval: 1
  metadata_block_size: 4096
  partition_filters: 0
  use_delta_encoding: 1
  filter_policy: nullptr
  whole_key_filtering: 1
  verify_compression: 0
  read_amp_bytes_per_bit: 0
  format_version: 2
  enable_index_compression: 1
  block_align: 0
2019/10/17-14:54:04.997317 7fc3a9fcb700        Options.write_buffer_size: 67108864
2019/10/17-14:54:04.997319 7fc3a9fcb700  Options.max_write_buffer_number: 2
2019/10/17-14:54:04.997320 7fc3a9fcb700          Options.compression: NoCompression
2019/10/17-14:54:04.997321 7fc3a9fcb700                  Options.bottommost_compression: Disabled
2019/10/17-14:54:04.997322 7fc3a9fcb700       Options.prefix_extractor: nullptr
2019/10/17-14:54:04.997323 7fc3a9fcb700   Options.memtable_insert_with_hint_prefix_extractor: nullptr
2019/10/17-14:54:04.997324 7fc3a9fcb700             Options.num_levels: 7
2019/10/17-14:54:04.997325 7fc3a9fcb700        Options.min_write_buffer_number_to_merge: 1
2019/10/17-14:54:04.997326 7fc3a9fcb700     Options.max_write_buffer_number_to_maintain: 0
2019/10/17-14:54:04.997328 7fc3a9fcb700            Options.bottommost_compression_opts.window_bits: -14
2019/10/17-14:54:04.997329 7fc3a9fcb700                  Options.bottommost_compression_opts.level: 32767
2019/10/17-14:54:04.997330 7fc3a9fcb700               Options.bottommost_compression_opts.strategy: 0
2019/10/17-14:54:04.997331 7fc3a9fcb700         Options.bottommost_compression_opts.max_dict_bytes: 0
2019/10/17-14:54:04.997332 7fc3a9fcb700         Options.bottommost_compression_opts.zstd_max_train_bytes: 0
2019/10/17-14:54:04.997333 7fc3a9fcb700                  Options.bottommost_compression_opts.enabled: false
2019/10/17-14:54:04.997334 7fc3a9fcb700            Options.compression_opts.window_bits: -14
2019/10/17-14:54:04.997335 7fc3a9fcb700                  Options.compression_opts.level: 32767
2019/10/17-14:54:04.997336 7fc3a9fcb700               Options.compression_opts.strategy: 0
2019/10/17-14:54:04.997337 7fc3a9fcb700         Options.compression_opts.max_dict_bytes: 0
2019/10/17-14:54:04.997338 7fc3a9fcb700         Options.compression_opts.zstd_max_train_bytes: 0
2019/10/17-14:54:04.997339 7fc3a9fcb700                  Options.compression_opts.enabled: false
2019/10/17-14:54:04.997340 7fc3a9fcb700      Options.level0_file_num_compaction_trigger: 4
2019/10/17-14:54:04.997341 7fc3a9fcb700          Options.level0_slowdown_writes_trigger: 20
2019/10/17-14:54:04.997342 7fc3a9fcb700              Options.level0_stop_writes_trigger: 36
2019/10/17-14:54:04.997343 7fc3a9fcb700                   Options.target_file_size_base: 67108864
2019/10/17-14:54:04.997344 7fc3a9fcb700             Options.target_file_size_multiplier: 1
2019/10/17-14:54:04.997345 7fc3a9fcb700                Options.max_bytes_for_level_base: 268435456
2019/10/17-14:54:04.997346 7fc3a9fcb700 Options.level_compaction_dynamic_level_bytes: 0
2019/10/17-14:54:04.997347 7fc3a9fcb700          Options.max_bytes_for_level_multiplier: 10.000000
2019/10/17-14:54:04.997349 7fc3a9fcb700 Options.max_bytes_for_level_multiplier_addtl[0]: 1
2019/10/17-14:54:04.997350 7fc3a9fcb700 Options.max_bytes_for_level_multiplier_addtl[1]: 1
2019/10/17-14:54:04.997351 7fc3a9fcb700 Options.max_bytes_for_level_multiplier_addtl[2]: 1
2019/10/17-14:54:04.997353 7fc3a9fcb700 Options.max_bytes_for_level_multiplier_addtl[3]: 1
2019/10/17-14:54:04.997353 7fc3a9fcb700 Options.max_bytes_for_level_multiplier_addtl[4]: 1
2019/10/17-14:54:04.997359 7fc3a9fcb700 Options.max_bytes_for_level_multiplier_addtl[5]: 1
2019/10/17-14:54:04.997360 7fc3a9fcb700 Options.max_bytes_for_level_multiplier_addtl[6]: 1
2019/10/17-14:54:04.997361 7fc3a9fcb700       Options.max_sequential_skip_in_iterations: 8
2019/10/17-14:54:04.997362 7fc3a9fcb700                    Options.max_compaction_bytes: 1677721600
2019/10/17-14:54:04.997364 7fc3a9fcb700                        Options.arena_block_size: 8388608
2019/10/17-14:54:04.997365 7fc3a9fcb700   Options.soft_pending_compaction_bytes_limit: 68719476736
2019/10/17-14:54:04.997366 7fc3a9fcb700   Options.hard_pending_compaction_bytes_limit: 274877906944
2019/10/17-14:54:04.997367 7fc3a9fcb700       Options.rate_limit_delay_max_milliseconds: 100
2019/10/17-14:54:04.997368 7fc3a9fcb700                Options.disable_auto_compactions: 0
2019/10/17-14:54:04.997369 7fc3a9fcb700                        Options.compaction_style: kCompactionStyleLevel
2019/10/17-14:54:04.997371 7fc3a9fcb700                          Options.compaction_pri: kByCompensatedSize
2019/10/17-14:54:04.997372 7fc3a9fcb700 Options.compaction_options_universal.size_ratio: 1
2019/10/17-14:54:04.997373 7fc3a9fcb700 Options.compaction_options_universal.min_merge_width: 2
2019/10/17-14:54:04.997374 7fc3a9fcb700 Options.compaction_options_universal.max_merge_width: 4294967295
2019/10/17-14:54:04.997375 7fc3a9fcb700 Options.compaction_options_universal.max_size_amplification_percent: 200
2019/10/17-14:54:04.997376 7fc3a9fcb700 Options.compaction_options_universal.compression_size_percent: -1
2019/10/17-14:54:04.997378 7fc3a9fcb700 Options.compaction_options_universal.stop_style: kCompactionStopStyleTotalSize
2019/10/17-14:54:04.997379 7fc3a9fcb700 Options.compaction_options_fifo.max_table_files_size: 1073741824
2019/10/17-14:54:04.997380 7fc3a9fcb700 Options.compaction_options_fifo.allow_compaction: 0
2019/10/17-14:54:04.997381 7fc3a9fcb700 Options.compaction_options_fifo.ttl: 0
2019/10/17-14:54:04.997382 7fc3a9fcb700                   Options.table_properties_collectors: 
2019/10/17-14:54:04.997383 7fc3a9fcb700                   Options.inplace_update_support: 0
2019/10/17-14:54:04.997384 7fc3a9fcb700                 Options.inplace_update_num_locks: 10000
2019/10/17-14:54:04.997385 7fc3a9fcb700               Options.memtable_prefix_bloom_size_ratio: 0.000000
2019/10/17-14:54:04.997387 7fc3a9fcb700   Options.memtable_huge_page_size: 0
2019/10/17-14:54:04.997388 7fc3a9fcb700                           Options.bloom_locality: 0
2019/10/17-14:54:04.997389 7fc3a9fcb700                    Options.max_successive_merges: 0
2019/10/17-14:54:04.997390 7fc3a9fcb700                Options.optimize_filters_for_hits: 0
2019/10/17-14:54:04.997391 7fc3a9fcb700                Options.paranoid_file_checks: 0
2019/10/17-14:54:04.997392 7fc3a9fcb700                Options.force_consistency_checks: 0
2019/10/17-14:54:04.997393 7fc3a9fcb700                Options.report_bg_io_stats: 0
2019/10/17-14:54:04.997394 7fc3a9fcb700                               Options.ttl: 0
2019/10/17-14:54:04.997428 7fc3a9fcb700 [db/column_family.cc:472] --------------- Options for column family [active_gateways]:
2019/10/17-14:54:04.997430 7fc3a9fcb700               Options.comparator: leveldb.BytewiseComparator
2019/10/17-14:54:04.997431 7fc3a9fcb700           Options.merge_operator: None
2019/10/17-14:54:04.997433 7fc3a9fcb700        Options.compaction_filter: None
2019/10/17-14:54:04.997434 7fc3a9fcb700        Options.compaction_filter_factory: None
2019/10/17-14:54:04.997435 7fc3a9fcb700         Options.memtable_factory: SkipListFactory
2019/10/17-14:54:04.997436 7fc3a9fcb700            Options.table_factory: BlockBasedTable
2019/10/17-14:54:04.997450 7fc3a9fcb700            table_factory options:   flush_block_policy_factory: FlushBlockBySizePolicyFactory (0x7fc350063c20)
  cache_index_and_filter_blocks: 0
  cache_index_and_filter_blocks_with_high_priority: 0
  pin_l0_filter_and_index_blocks_in_cache: 0
  pin_top_level_index_and_filter: 1
  index_type: 0
  hash_index_allow_collision: 1
  checksum: 1
  no_block_cache: 0
  block_cache: 0x7fc350014290
  block_cache_name: LRUCache
  block_cache_options:
    capacity : 8388608
    num_shard_bits : 4
    strict_capacity_limit : 0
    memory_allocator : None
    high_pri_pool_ratio: 0.000
  block_cache_compressed: (nil)
  persistent_cache: (nil)
  block_size: 4096
  block_size_deviation: 10
  block_restart_interval: 16
  index_block_restart_interval: 1
  metadata_block_size: 4096
  partition_filters: 0
  use_delta_encoding: 1
  filter_policy: nullptr
  whole_key_filtering: 1
  verify_compression: 0
  read_amp_bytes_per_bit: 0
  format_version: 2
  enable_index_compression: 1
  block_align: 0
2019/10/17-14:54:04.997458 7fc3a9fcb700        Options.write_buffer_size: 67108864
2019/10/17-14:54:04.997459 7fc3a9fcb700  Options.max_write_buffer_number: 2
2019/10/17-14:54:04.997461 7fc3a9fcb700          Options.compression: NoCompression
2019/10/17-14:54:04.997462 7fc3a9fcb700                  Options.bottommost_compression: Disabled
2019/10/17-14:54:04.997463 7fc3a9fcb700       Options.prefix_extractor: nullptr
2019/10/17-14:54:04.997464 7fc3a9fcb700   Options.memtable_insert_with_hint_prefix_extractor: nullptr
2019/10/17-14:54:04.997465 7fc3a9fcb700             Options.num_levels: 7
2019/10/17-14:54:04.997465 7fc3a9fcb700        Options.min_write_buffer_number_to_merge: 1
2019/10/17-14:54:04.997467 7fc3a9fcb700     Options.max_write_buffer_number_to_maintain: 0
2019/10/17-14:54:04.997468 7fc3a9fcb700            Options.bottommost_compression_opts.window_bits: -14
2019/10/17-14:54:04.997469 7fc3a9fcb700                  Options.bottommost_compression_opts.level: 32767
2019/10/17-14:54:04.997470 7fc3a9fcb700               Options.bottommost_compression_opts.strategy: 0
2019/10/17-14:54:04.997471 7fc3a9fcb700         Options.bottommost_compression_opts.max_dict_bytes: 0
2019/10/17-14:54:04.997472 7fc3a9fcb700         Options.bottommost_compression_opts.zstd_max_train_bytes: 0
2019/10/17-14:54:04.997473 7fc3a9fcb700                  Options.bottommost_compression_opts.enabled: false
2019/10/17-14:54:04.997474 7fc3a9fcb700            Options.compression_opts.window_bits: -14
2019/10/17-14:54:04.997475 7fc3a9fcb700                  Options.compression_opts.level: 32767
2019/10/17-14:54:04.997476 7fc3a9fcb700               Options.compression_opts.strategy: 0
2019/10/17-14:54:04.997477 7fc3a9fcb700         Options.compression_opts.max_dict_bytes: 0
2019/10/17-14:54:04.997478 7fc3a9fcb700         Options.compression_opts.zstd_max_train_bytes: 0
2019/10/17-14:54:04.997479 7fc3a9fcb700                  Options.compression_opts.enabled: false
2019/10/17-14:54:04.997480 7fc3a9fcb700      Options.level0_file_num_compaction_trigger: 4
2019/10/17-14:54:04.997481 7fc3a9fcb700          Options.level0_slowdown_writes_trigger: 20
2019/10/17-14:54:04.997482 7fc3a9fcb700              Options.level0_stop_writes_trigger: 36
2019/10/17-14:54:04.997483 7fc3a9fcb700                   Options.target_file_size_base: 67108864
2019/10/17-14:54:04.997484 7fc3a9fcb700             Options.target_file_size_multiplier: 1
2019/10/17-14:54:04.997485 7fc3a9fcb700                Options.max_bytes_for_level_base: 268435456
2019/10/17-14:54:04.997486 7fc3a9fcb700 Options.level_compaction_dynamic_level_bytes: 0
2019/10/17-14:54:04.997487 7fc3a9fcb700          Options.max_bytes_for_level_multiplier: 10.000000
2019/10/17-14:54:04.997488 7fc3a9fcb700 Options.max_bytes_for_level_multiplier_addtl[0]: 1
2019/10/17-14:54:04.997489 7fc3a9fcb700 Options.max_bytes_for_level_multiplier_addtl[1]: 1
2019/10/17-14:54:04.997491 7fc3a9fcb700 Options.max_bytes_for_level_multiplier_addtl[2]: 1
2019/10/17-14:54:04.997492 7fc3a9fcb700 Options.max_bytes_for_level_multiplier_addtl[3]: 1
2019/10/17-14:54:04.997492 7fc3a9fcb700 Options.max_bytes_for_level_multiplier_addtl[4]: 1
2019/10/17-14:54:04.997493 7fc3a9fcb700 Options.max_bytes_for_level_multiplier_addtl[5]: 1
2019/10/17-14:54:04.997494 7fc3a9fcb700 Options.max_bytes_for_level_multiplier_addtl[6]: 1
2019/10/17-14:54:04.997495 7fc3a9fcb700       Options.max_sequential_skip_in_iterations: 8
2019/10/17-14:54:04.997501 7fc3a9fcb700                    Options.max_compaction_bytes: 1677721600
2019/10/17-14:54:04.997502 7fc3a9fcb700                        Options.arena_block_size: 8388608
2019/10/17-14:54:04.997503 7fc3a9fcb700   Options.soft_pending_compaction_bytes_limit: 68719476736
2019/10/17-14:54:04.997504 7fc3a9fcb700   Options.hard_pending_compaction_bytes_limit: 274877906944
2019/10/17-14:54:04.997505 7fc3a9fcb700       Options.rate_limit_delay_max_milliseconds: 100
2019/10/17-14:54:04.997506 7fc3a9fcb700                Options.disable_auto_compactions: 0
2019/10/17-14:54:04.997507 7fc3a9fcb700                        Options.compaction_style: kCompactionStyleLevel
2019/10/17-14:54:04.997509 7fc3a9fcb700                          Options.compaction_pri: kByCompensatedSize
2019/10/17-14:54:04.997510 7fc3a9fcb700 Options.compaction_options_universal.size_ratio: 1
2019/10/17-14:54:04.997511 7fc3a9fcb700 Options.compaction_options_universal.min_merge_width: 2
2019/10/17-14:54:04.997512 7fc3a9fcb700 Options.compaction_options_universal.max_merge_width: 4294967295
2019/10/17-14:54:04.997513 7fc3a9fcb700 Options.compaction_options_universal.max_size_amplification_percent: 200
2019/10/17-14:54:04.997514 7fc3a9fcb700 Options.compaction_options_universal.compression_size_percent: -1
2019/10/17-14:54:04.997515 7fc3a9fcb700 Options.compaction_options_universal.stop_style: kCompactionStopStyleTotalSize
2019/10/17-14:54:04.997516 7fc3a9fcb700 Options.compaction_options_fifo.max_table_files_size: 1073741824
2019/10/17-14:54:04.997517 7fc3a9fcb700 Options.compaction_options_fifo.allow_compaction: 0
2019/10/17-14:54:04.997518 7fc3a9fcb700 Options.compaction_options_fifo.ttl: 0
2019/10/17-14:54:04.997519 7fc3a9fcb700                   Options.table_properties_collectors: 
2019/10/17-14:54:04.997520 7fc3a9fcb700                   Options.inplace_update_support: 0
2019/10/17-14:54:04.997521 7fc3a9fcb700                 Options.inplace_update_num_locks: 10000
2019/10/17-14:54:04.997522 7fc3a9fcb700               Options.memtable_prefix_bloom_size_ratio: 0.000000
2019/10/17-14:54:04.997523 7fc3a9fcb700   Options.memtable_huge_page_size: 0
2019/10/17-14:54:04.997524 7fc3a9fcb700                           Options.bloom_locality: 0
2019/10/17-14:54:04.997525 7fc3a9fcb700                    Options.max_successive_merges: 0
2019/10/17-14:54:04.997526 7fc3a9fcb700                Options.optimize_filters_for_hits: 0
2019/10/17-14:54:04.997527 7fc3a9fcb700                Options.paranoid_file_checks: 0
2019/10/17-14:54:04.997528 7fc3a9fcb700                Options.force_consistency_checks: 0
2019/10/17-14:54:04.997529 7fc3a9fcb700                Options.report_bg_io_stats: 0
2019/10/17-14:54:04.997530 7fc3a9fcb700                               Options.ttl: 0
2019/10/17-14:54:04.997551 7fc3a9fcb700 [db/column_family.cc:472] --------------- Options for column family [entries]:
2019/10/17-14:54:04.997553 7fc3a9fcb700               Options.comparator: leveldb.BytewiseComparator
2019/10/17-14:54:04.997554 7fc3a9fcb700           Options.merge_operator: None
2019/10/17-14:54:04.997555 7fc3a9fcb700        Options.compaction_filter: None
2019/10/17-14:54:04.997556 7fc3a9fcb700        Options.compaction_filter_factory: None
2019/10/17-14:54:04.997557 7fc3a9fcb700         Options.memtable_factory: SkipListFactory
2019/10/17-14:54:04.997558 7fc3a9fcb700            Options.table_factory: BlockBasedTable
2019/10/17-14:54:04.997570 7fc3a9fcb700            table_factory options:   flush_block_policy_factory: FlushBlockBySizePolicyFactory (0x7fc3500fd430)
  cache_index_and_filter_blocks: 0
  cache_index_and_filter_blocks_with_high_priority: 0
  pin_l0_filter_and_index_blocks_in_cache: 0
  pin_top_level_index_and_filter: 1
  index_type: 0
  hash_index_allow_collision: 1
  checksum: 1
  no_block_cache: 0
  block_cache: 0x7fc350089560
  block_cache_name: LRUCache
  block_cache_options:
    capacity : 8388608
    num_shard_bits : 4
    strict_capacity_limit : 0
    memory_allocator : None
    high_pri_pool_ratio: 0.000
  block_cache_compressed: (nil)
  persistent_cache: (nil)
  block_size: 4096
  block_size_deviation: 10
  block_restart_interval: 16
  index_block_restart_interval: 1
  metadata_block_size: 4096
  partition_filters: 0
  use_delta_encoding: 1
  filter_policy: nullptr
  whole_key_filtering: 1
  verify_compression: 0
  read_amp_bytes_per_bit: 0
  format_version: 2
  enable_index_compression: 1
  block_align: 0
2019/10/17-14:54:04.997579 7fc3a9fcb700        Options.write_buffer_size: 67108864
2019/10/17-14:54:04.997580 7fc3a9fcb700  Options.max_write_buffer_number: 2
2019/10/17-14:54:04.997581 7fc3a9fcb700          Options.compression: NoCompression
2019/10/17-14:54:04.997582 7fc3a9fcb700                  Options.bottommost_compression: Disabled
2019/10/17-14:54:04.997583 7fc3a9fcb700       Options.prefix_extractor: nullptr
2019/10/17-14:54:04.997584 7fc3a9fcb700   Options.memtable_insert_with_hint_prefix_extractor: nullptr
2019/10/17-14:54:04.997585 7fc3a9fcb700             Options.num_levels: 7
2019/10/17-14:54:04.997586 7fc3a9fcb700        Options.min_write_buffer_number_to_merge: 1
2019/10/17-14:54:04.997587 7fc3a9fcb700     Options.max_write_buffer_number_to_maintain: 0
2019/10/17-14:54:04.997588 7fc3a9fcb700            Options.bottommost_compression_opts.window_bits: -14
2019/10/17-14:54:04.997589 7fc3a9fcb700                  Options.bottommost_compression_opts.level: 32767
2019/10/17-14:54:04.997590 7fc3a9fcb700               Options.bottommost_compression_opts.strategy: 0
2019/10/17-14:54:04.997591 7fc3a9fcb700         Options.bottommost_compression_opts.max_dict_bytes: 0
2019/10/17-14:54:04.997592 7fc3a9fcb700         Options.bottommost_compression_opts.zstd_max_train_bytes: 0
2019/10/17-14:54:04.997593 7fc3a9fcb700                  Options.bottommost_compression_opts.enabled: false
2019/10/17-14:54:04.997594 7fc3a9fcb700            Options.compression_opts.window_bits: -14
2019/10/17-14:54:04.997595 7fc3a9fcb700                  Options.compression_opts.level: 32767
2019/10/17-14:54:04.997596 7fc3a9fcb700               Options.compression_opts.strategy: 0
2019/10/17-14:54:04.997597 7fc3a9fcb700         Options.compression_opts.max_dict_bytes: 0
2019/10/17-14:54:04.997598 7fc3a9fcb700         Options.compression_opts.zstd_max_train_bytes: 0
2019/10/17-14:54:04.997599 7fc3a9fcb700                  Options.compression_opts.enabled: false
2019/10/17-14:54:04.997600 7fc3a9fcb700      Options.level0_file_num_compaction_trigger: 4
2019/10/17-14:54:04.997601 7fc3a9fcb700          Options.level0_slowdown_writes_trigger: 20
2019/10/17-14:54:04.997602 7fc3a9fcb700              Options.level0_stop_writes_trigger: 36
2019/10/17-14:54:04.997603 7fc3a9fcb700                   Options.target_file_size_base: 67108864
2019/10/17-14:54:04.997604 7fc3a9fcb700             Options.target_file_size_multiplier: 1
2019/10/17-14:54:04.997605 7fc3a9fcb700                Options.max_bytes_for_level_base: 268435456
2019/10/17-14:54:04.997606 7fc3a9fcb700 Options.level_compaction_dynamic_level_bytes: 0
2019/10/17-14:54:04.997607 7fc3a9fcb700          Options.max_bytes_for_level_multiplier: 10.000000
2019/10/17-14:54:04.997608 7fc3a9fcb700 Options.max_bytes_for_level_multiplier_addtl[0]: 1
2019/10/17-14:54:04.997609 7fc3a9fcb700 Options.max_bytes_for_level_multiplier_addtl[1]: 1
2019/10/17-14:54:04.997610 7fc3a9fcb700 Options.max_bytes_for_level_multiplier_addtl[2]: 1
2019/10/17-14:54:04.997611 7fc3a9fcb700 Options.max_bytes_for_level_multiplier_addtl[3]: 1
2019/10/17-14:54:04.997612 7fc3a9fcb700 Options.max_bytes_for_level_multiplier_addtl[4]: 1
2019/10/17-14:54:04.997613 7fc3a9fcb700 Options.max_bytes_for_level_multiplier_addtl[5]: 1
2019/10/17-14:54:04.997614 7fc3a9fcb700 Options.max_bytes_for_level_multiplier_addtl[6]: 1
2019/10/17-14:54:04.997615 7fc3a9fcb700       Options.max_sequential_skip_in_iterations: 8
2019/10/17-14:54:04.997616 7fc3a9fcb700                    Options.max_compaction_bytes: 1677721600
2019/10/17-14:54:04.997617 7fc3a9fcb700                        Options.arena_block_size: 8388608
2019/10/17-14:54:04.997618 7fc3a9fcb700   Options.soft_pending_compaction_bytes_limit: 68719476736
2019/10/17-14:54:04.997624 7fc3a9fcb700   Options.hard_pending_compaction_bytes_limit: 274877906944
2019/10/17-14:54:04.997625 7fc3a9fcb700       Options.rate_limit_delay_max_milliseconds: 100
2019/10/17-14:54:04.997626 7fc3a9fcb700                Options.disable_auto_compactions: 0
2019/10/17-14:54:04.997627 7fc3a9fcb700                        Options.compaction_style: kCompactionStyleLevel
2019/10/17-14:54:04.997629 7fc3a9fcb700                          Options.compaction_pri: kByCompensatedSize
2019/10/17-14:54:04.997630 7fc3a9fcb700 Options.compaction_options_universal.size_ratio: 1
2019/10/17-14:54:04.997631 7fc3a9fcb700 Options.compaction_options_universal.min_merge_width: 2
2019/10/17-14:54:04.997632 7fc3a9fcb700 Options.compaction_options_universal.max_merge_width: 4294967295
2019/10/17-14:54:04.997633 7fc3a9fcb700 Options.compaction_options_universal.max_size_amplification_percent: 200
2019/10/17-14:54:04.997634 7fc3a9fcb700 Options.compaction_options_universal.compression_size_percent: -1
2019/10/17-14:54:04.997635 7fc3a9fcb700 Options.compaction_options_universal.stop_style: kCompactionStopStyleTotalSize
2019/10/17-14:54:04.997636 7fc3a9fcb700 Options.compaction_options_fifo.max_table_files_size: 1073741824
2019/10/17-14:54:04.997637 7fc3a9fcb700 Options.compaction_options_fifo.allow_compaction: 0
2019/10/17-14:54:04.997638 7fc3a9fcb700 Options.compaction_options_fifo.ttl: 0
2019/10/17-14:54:04.997639 7fc3a9fcb700                   Options.table_properties_collectors: 
2019/10/17-14:54:04.997640 7fc3a9fcb700                   Options.inplace_update_support: 0
2019/10/17-14:54:04.997641 7fc3a9fcb700                 Options.inplace_update_num_locks: 10000
2019/10/17-14:54:04.997642 7fc3a9fcb700               Options.memtable_prefix_bloom_size_ratio: 0.000000
2019/10/17-14:54:04.997643 7fc3a9fcb700   Options.memtable_huge_page_size: 0
2019/10/17-14:54:04.997644 7fc3a9fcb700                           Options.bloom_locality: 0
2019/10/17-14:54:04.997645 7fc3a9fcb700                    Options.max_successive_merges: 0
2019/10/17-14:54:04.997646 7fc3a9fcb700                Options.optimize_filters_for_hits: 0
2019/10/17-14:54:04.997647 7fc3a9fcb700                Options.paranoid_file_checks: 0
2019/10/17-14:54:04.997648 7fc3a9fcb700                Options.force_consistency_checks: 0
2019/10/17-14:54:04.997649 7fc3a9fcb700                Options.report_bg_io_stats: 0
2019/10/17-14:54:04.997650 7fc3a9fcb700                               Options.ttl: 0
2019/10/17-14:54:04.997669 7fc3a9fcb700 [db/column_family.cc:472] --------------- Options for column family [dc_entries]:
2019/10/17-14:54:04.997671 7fc3a9fcb700               Options.comparator: leveldb.BytewiseComparator
2019/10/17-14:54:04.997672 7fc3a9fcb700           Options.merge_operator: None
2019/10/17-14:54:04.997673 7fc3a9fcb700        Options.compaction_filter: None
2019/10/17-14:54:04.997674 7fc3a9fcb700        Options.compaction_filter_factory: None
2019/10/17-14:54:04.997675 7fc3a9fcb700         Options.memtable_factory: SkipListFactory
2019/10/17-14:54:04.997676 7fc3a9fcb700            Options.table_factory: BlockBasedTable
2019/10/17-14:54:04.997689 7fc3a9fcb700            table_factory options:   flush_block_policy_factory: FlushBlockBySizePolicyFactory (0x7fc35002cbf0)
  cache_index_and_filter_blocks: 0
  cache_index_and_filter_blocks_with_high_priority: 0
  pin_l0_filter_and_index_blocks_in_cache: 0
  pin_top_level_index_and_filter: 1
  index_type: 0
  hash_index_allow_collision: 1
  checksum: 1
  no_block_cache: 0
  block_cache: 0x7fc350101440
  block_cache_name: LRUCache
  block_cache_options:
    capacity : 8388608
    num_shard_bits : 4
    strict_capacity_limit : 0
    memory_allocator : None
    high_pri_pool_ratio: 0.000
  block_cache_compressed: (nil)
  persistent_cache: (nil)
  block_size: 4096
  block_size_deviation: 10
  block_restart_interval: 16
  index_block_restart_interval: 1
  metadata_block_size: 4096
  partition_filters: 0
  use_delta_encoding: 1
  filter_policy: nullptr
  whole_key_filtering: 1
  verify_compression: 0
  read_amp_bytes_per_bit: 0
  format_version: 2
  enable_index_compression: 1
  block_align: 0
2019/10/17-14:54:04.997696 7fc3a9fcb700        Options.write_buffer_size: 67108864
2019/10/17-14:54:04.997697 7fc3a9fcb700  Options.max_write_buffer_number: 2
2019/10/17-14:54:04.997699 7fc3a9fcb700          Options.compression: NoCompression
2019/10/17-14:54:04.997700 7fc3a9fcb700                  Options.bottommost_compression: Disabled
2019/10/17-14:54:04.997701 7fc3a9fcb700       Options.prefix_extractor: nullptr
2019/10/17-14:54:04.997702 7fc3a9fcb700   Options.memtable_insert_with_hint_prefix_extractor: nullptr
2019/10/17-14:54:04.997703 7fc3a9fcb700             Options.num_levels: 7
2019/10/17-14:54:04.997703 7fc3a9fcb700        Options.min_write_buffer_number_to_merge: 1
2019/10/17-14:54:04.997705 7fc3a9fcb700     Options.max_write_buffer_number_to_maintain: 0
2019/10/17-14:54:04.997706 7fc3a9fcb700            Options.bottommost_compression_opts.window_bits: -14
2019/10/17-14:54:04.997707 7fc3a9fcb700                  Options.bottommost_compression_opts.level: 32767
2019/10/17-14:54:04.997707 7fc3a9fcb700               Options.bottommost_compression_opts.strategy: 0
2019/10/17-14:54:04.997708 7fc3a9fcb700         Options.bottommost_compression_opts.max_dict_bytes: 0
2019/10/17-14:54:04.997709 7fc3a9fcb700         Options.bottommost_compression_opts.zstd_max_train_bytes: 0
2019/10/17-14:54:04.997710 7fc3a9fcb700                  Options.bottommost_compression_opts.enabled: false
2019/10/17-14:54:04.997711 7fc3a9fcb700            Options.compression_opts.window_bits: -14
2019/10/17-14:54:04.997712 7fc3a9fcb700                  Options.compression_opts.level: 32767
2019/10/17-14:54:04.997713 7fc3a9fcb700               Options.compression_opts.strategy: 0
2019/10/17-14:54:04.997714 7fc3a9fcb700         Options.compression_opts.max_dict_bytes: 0
2019/10/17-14:54:04.997715 7fc3a9fcb700         Options.compression_opts.zstd_max_train_bytes: 0
2019/10/17-14:54:04.997716 7fc3a9fcb700                  Options.compression_opts.enabled: false
2019/10/17-14:54:04.997717 7fc3a9fcb700      Options.level0_file_num_compaction_trigger: 4
2019/10/17-14:54:04.997718 7fc3a9fcb700          Options.level0_slowdown_writes_trigger: 20
2019/10/17-14:54:04.997719 7fc3a9fcb700              Options.level0_stop_writes_trigger: 36
2019/10/17-14:54:04.997720 7fc3a9fcb700                   Options.target_file_size_base: 67108864
2019/10/17-14:54:04.997721 7fc3a9fcb700             Options.target_file_size_multiplier: 1
2019/10/17-14:54:04.997722 7fc3a9fcb700                Options.max_bytes_for_level_base: 268435456
2019/10/17-14:54:04.997723 7fc3a9fcb700 Options.level_compaction_dynamic_level_bytes: 0
2019/10/17-14:54:04.997724 7fc3a9fcb700          Options.max_bytes_for_level_multiplier: 10.000000
2019/10/17-14:54:04.997726 7fc3a9fcb700 Options.max_bytes_for_level_multiplier_addtl[0]: 1
2019/10/17-14:54:04.997727 7fc3a9fcb700 Options.max_bytes_for_level_multiplier_addtl[1]: 1
2019/10/17-14:54:04.997728 7fc3a9fcb700 Options.max_bytes_for_level_multiplier_addtl[2]: 1
2019/10/17-14:54:04.997729 7fc3a9fcb700 Options.max_bytes_for_level_multiplier_addtl[3]: 1
2019/10/17-14:54:04.997730 7fc3a9fcb700 Options.max_bytes_for_level_multiplier_addtl[4]: 1
2019/10/17-14:54:04.997731 7fc3a9fcb700 Options.max_bytes_for_level_multiplier_addtl[5]: 1
2019/10/17-14:54:04.997732 7fc3a9fcb700 Options.max_bytes_for_level_multiplier_addtl[6]: 1
2019/10/17-14:54:04.997733 7fc3a9fcb700       Options.max_sequential_skip_in_iterations: 8
2019/10/17-14:54:04.997734 7fc3a9fcb700                    Options.max_compaction_bytes: 1677721600
2019/10/17-14:54:04.997735 7fc3a9fcb700                        Options.arena_block_size: 8388608
2019/10/17-14:54:04.997736 7fc3a9fcb700   Options.soft_pending_compaction_bytes_limit: 68719476736
2019/10/17-14:54:04.997737 7fc3a9fcb700   Options.hard_pending_compaction_bytes_limit: 274877906944
2019/10/17-14:54:04.997738 7fc3a9fcb700       Options.rate_limit_delay_max_milliseconds: 100
2019/10/17-14:54:04.997739 7fc3a9fcb700                Options.disable_auto_compactions: 0
2019/10/17-14:54:04.997745 7fc3a9fcb700                        Options.compaction_style: kCompactionStyleLevel
2019/10/17-14:54:04.997746 7fc3a9fcb700                          Options.compaction_pri: kByCompensatedSize
2019/10/17-14:54:04.997747 7fc3a9fcb700 Options.compaction_options_universal.size_ratio: 1
2019/10/17-14:54:04.997748 7fc3a9fcb700 Options.compaction_options_universal.min_merge_width: 2
2019/10/17-14:54:04.997749 7fc3a9fcb700 Options.compaction_options_universal.max_merge_width: 4294967295
2019/10/17-14:54:04.997750 7fc3a9fcb700 Options.compaction_options_universal.max_size_amplification_percent: 200
2019/10/17-14:54:04.997751 7fc3a9fcb700 Options.compaction_options_universal.compression_size_percent: -1
2019/10/17-14:54:04.997752 7fc3a9fcb700 Options.compaction_options_universal.stop_style: kCompactionStopStyleTotalSize
2019/10/17-14:54:04.997753 7fc3a9fcb700 Options.compaction_options_fifo.max_table_files_size: 1073741824
2019/10/17-14:54:04.997754 7fc3a9fcb700 Options.compaction_options_fifo.allow_compaction: 0
2019/10/17-14:54:04.997755 7fc3a9fcb700 Options.compaction_options_fifo.ttl: 0
2019/10/17-14:54:04.997756 7fc3a9fcb700                   Options.table_properties_collectors: 
2019/10/17-14:54:04.997757 7fc3a9fcb700                   Options.inplace_update_support: 0
2019/10/17-14:54:04.997758 7fc3a9fcb700                 Options.inplace_update_num_locks: 10000
2019/10/17-14:54:04.997759 7fc3a9fcb700               Options.memtable_prefix_bloom_size_ratio: 0.000000
2019/10/17-14:54:04.997761 7fc3a9fcb700   Options.memtable_huge_page_size: 0
2019/10/17-14:54:04.997762 7fc3a9fcb700                           Options.bloom_locality: 0
2019/10/17-14:54:04.997763 7fc3a9fcb700                    Options.max_successive_merges: 0
2019/10/17-14:54:04.997764 7fc3a9fcb700                Options.optimize_filters_for_hits: 0
2019/10/17-14:54:04.997765 7fc3a9fcb700                Options.paranoid_file_checks: 0
2019/10/17-14:54:04.997766 7fc3a9fcb700                Options.force_consistency_checks: 0
2019/10/17-14:54:04.997767 7fc3a9fcb700                Options.report_bg_io_stats: 0
2019/10/17-14:54:04.997768 7fc3a9fcb700                               Options.ttl: 0
2019/10/17-14:54:04.997783 7fc3a9fcb700 [db/column_family.cc:472] --------------- Options for column family [htlcs]:
2019/10/17-14:54:04.997785 7fc3a9fcb700               Options.comparator: leveldb.BytewiseComparator
2019/10/17-14:54:04.997786 7fc3a9fcb700           Options.merge_operator: None
2019/10/17-14:54:04.997787 7fc3a9fcb700        Options.compaction_filter: None
2019/10/17-14:54:04.997788 7fc3a9fcb700        Options.compaction_filter_factory: None
2019/10/17-14:54:04.997789 7fc3a9fcb700         Options.memtable_factory: SkipListFactory
2019/10/17-14:54:04.997790 7fc3a9fcb700            Options.table_factory: BlockBasedTable
2019/10/17-14:54:04.997802 7fc3a9fcb700            table_factory options:   flush_block_policy_factory: FlushBlockBySizePolicyFactory (0x7fc350108b40)
