2019/10/17-14:54:15.077585 7fc3a9fcb700 RocksDB version: 5.18.3
2019/10/17-14:54:15.077628 7fc3a9fcb700 Git sha rocksdb_build_git_sha:@0@
2019/10/17-14:54:15.077630 7fc3a9fcb700 Compile date Sep 19 2019
2019/10/17-14:54:15.077631 7fc3a9fcb700 DB SUMMARY
2019/10/17-14:54:15.078240 7fc3a9fcb700 CURRENT file:  CURRENT
2019/10/17-14:54:15.078241 7fc3a9fcb700 IDENTITY file:  IDENTITY
2019/10/17-14:54:15.078274 7fc3a9fcb700 MANIFEST file:  MANIFEST-114913 size: 4114 Bytes
2019/10/17-14:54:15.078276 7fc3a9fcb700 SST files in /home/rahul/dev/blockchain-core/eqc/ledger.db dir, Total Num: 29, files: 000624.sst 000627.sst 106940.sst 108447.sst 108450.sst 109471.sst 109483.sst 109485.sst 109486.sst 
2019/10/17-14:54:15.078277 7fc3a9fcb700 Write Ahead Log file in /home/rahul/dev/blockchain-core/eqc/ledger.db: 114914.log size: 0 ; 
2019/10/17-14:54:15.078308 7fc3a9fcb700                         Options.error_if_exists: 0
2019/10/17-14:54:15.078310 7fc3a9fcb700                       Options.create_if_missing: 1
2019/10/17-14:54:15.078311 7fc3a9fcb700                         Options.paranoid_checks: 1
2019/10/17-14:54:15.078311 7fc3a9fcb700                                     Options.env: 0x7fc32ae1fc60
2019/10/17-14:54:15.078313 7fc3a9fcb700                                Options.info_log: 0x7fc350046290
2019/10/17-14:54:15.078314 7fc3a9fcb700                Options.max_file_opening_threads: 16
2019/10/17-14:54:15.078315 7fc3a9fcb700                              Options.statistics: (nil)
2019/10/17-14:54:15.078316 7fc3a9fcb700                               Options.use_fsync: 0
2019/10/17-14:54:15.078317 7fc3a9fcb700                       Options.max_log_file_size: 0
2019/10/17-14:54:15.078319 7fc3a9fcb700                  Options.max_manifest_file_size: 1073741824
2019/10/17-14:54:15.078320 7fc3a9fcb700                   Options.log_file_time_to_roll: 0
2019/10/17-14:54:15.078321 7fc3a9fcb700                       Options.keep_log_file_num: 1000
2019/10/17-14:54:15.078322 7fc3a9fcb700                    Options.recycle_log_file_num: 0
2019/10/17-14:54:15.078322 7fc3a9fcb700                         Options.allow_fallocate: 1
2019/10/17-14:54:15.078323 7fc3a9fcb700                        Options.allow_mmap_reads: 0
2019/10/17-14:54:15.078324 7fc3a9fcb700                       Options.allow_mmap_writes: 0
2019/10/17-14:54:15.078325 7fc3a9fcb700                        Options.use_direct_reads: 0
2019/10/17-14:54:15.078326 7fc3a9fcb700                        Options.use_direct_io_for_flush_and_compaction: 0
2019/10/17-14:54:15.078327 7fc3a9fcb700          Options.create_missing_column_families: 0
2019/10/17-14:54:15.078328 7fc3a9fcb700                              Options.db_log_dir: 
2019/10/17-14:54:15.078329 7fc3a9fcb700                                 Options.wal_dir: /home/rahul/dev/blockchain-core/eqc/ledger.db
2019/10/17-14:54:15.078329 7fc3a9fcb700                Options.table_cache_numshardbits: 6
2019/10/17-14:54:15.078330 7fc3a9fcb700                      Options.max_subcompactions: 1
2019/10/17-14:54:15.078331 7fc3a9fcb700                  Options.max_background_flushes: -1
2019/10/17-14:54:15.078332 7fc3a9fcb700                         Options.WAL_ttl_seconds: 0
2019/10/17-14:54:15.078333 7fc3a9fcb700                       Options.WAL_size_limit_MB: 0
2019/10/17-14:54:15.078334 7fc3a9fcb700             Options.manifest_preallocation_size: 4194304
2019/10/17-14:54:15.078335 7fc3a9fcb700                     Options.is_fd_close_on_exec: 1
2019/10/17-14:54:15.078336 7fc3a9fcb700                   Options.advise_random_on_open: 1
2019/10/17-14:54:15.078336 7fc3a9fcb700                    Options.db_write_buffer_size: 0
2019/10/17-14:54:15.078337 7fc3a9fcb700                    Options.write_buffer_manager: 0x7fc35001be20
2019/10/17-14:54:15.078338 7fc3a9fcb700         Options.access_hint_on_compaction_start: 1
2019/10/17-14:54:15.078339 7fc3a9fcb700  Options.new_table_reader_for_compaction_inputs: 0
2019/10/17-14:54:15.078340 7fc3a9fcb700           Options.random_access_max_buffer_size: 1048576
2019/10/17-14:54:15.078341 7fc3a9fcb700                      Options.use_adaptive_mutex: 0
2019/10/17-14:54:15.078342 7fc3a9fcb700                            Options.rate_limiter: (nil)
2019/10/17-14:54:15.078352 7fc3a9fcb700     Options.sst_file_manager.rate_bytes_per_sec: 0
2019/10/17-14:54:15.078353 7fc3a9fcb700                       Options.wal_recovery_mode: 2
2019/10/17-14:54:15.078354 7fc3a9fcb700                  Options.enable_thread_tracking: 0
2019/10/17-14:54:15.078355 7fc3a9fcb700                  Options.enable_pipelined_write: 0
2019/10/17-14:54:15.078356 7fc3a9fcb700         Options.allow_concurrent_memtable_write: 1
2019/10/17-14:54:15.078357 7fc3a9fcb700      Options.enable_write_thread_adaptive_yield: 1
2019/10/17-14:54:15.078357 7fc3a9fcb700             Options.write_thread_max_yield_usec: 100
2019/10/17-14:54:15.078358 7fc3a9fcb700            Options.write_thread_slow_yield_usec: 3
2019/10/17-14:54:15.078359 7fc3a9fcb700                               Options.row_cache: None
2019/10/17-14:54:15.078360 7fc3a9fcb700                              Options.wal_filter: None
2019/10/17-14:54:15.078361 7fc3a9fcb700             Options.avoid_flush_during_recovery: 0
2019/10/17-14:54:15.078362 7fc3a9fcb700             Options.allow_ingest_behind: 0
2019/10/17-14:54:15.078362 7fc3a9fcb700             Options.preserve_deletes: 0
2019/10/17-14:54:15.078363 7fc3a9fcb700             Options.two_write_queues: 0
2019/10/17-14:54:15.078364 7fc3a9fcb700             Options.manual_wal_flush: 0
2019/10/17-14:54:15.078365 7fc3a9fcb700             Options.max_background_jobs: 2
2019/10/17-14:54:15.078365 7fc3a9fcb700             Options.max_background_compactions: -1
2019/10/17-14:54:15.078366 7fc3a9fcb700             Options.avoid_flush_during_shutdown: 0
2019/10/17-14:54:15.078367 7fc3a9fcb700           Options.writable_file_max_buffer_size: 1048576
2019/10/17-14:54:15.078368 7fc3a9fcb700             Options.delayed_write_rate : 16777216
2019/10/17-14:54:15.078369 7fc3a9fcb700             Options.max_total_wal_size: 0
2019/10/17-14:54:15.078370 7fc3a9fcb700             Options.delete_obsolete_files_period_micros: 21600000000
2019/10/17-14:54:15.078370 7fc3a9fcb700                   Options.stats_dump_period_sec: 600
2019/10/17-14:54:15.078372 7fc3a9fcb700                          Options.max_open_files: -1
2019/10/17-14:54:15.078372 7fc3a9fcb700                          Options.bytes_per_sync: 0
2019/10/17-14:54:15.078373 7fc3a9fcb700                      Options.wal_bytes_per_sync: 0
2019/10/17-14:54:15.078374 7fc3a9fcb700       Options.compaction_readahead_size: 0
2019/10/17-14:54:15.078375 7fc3a9fcb700 Compression algorithms supported:
2019/10/17-14:54:15.078376 7fc3a9fcb700 	kZSTDNotFinalCompression supported: 0
2019/10/17-14:54:15.078377 7fc3a9fcb700 	kZSTD supported: 0
2019/10/17-14:54:15.078378 7fc3a9fcb700 	kXpressCompression supported: 0
2019/10/17-14:54:15.078379 7fc3a9fcb700 	kLZ4HCCompression supported: 0
2019/10/17-14:54:15.078380 7fc3a9fcb700 	kLZ4Compression supported: 0
2019/10/17-14:54:15.078381 7fc3a9fcb700 	kBZip2Compression supported: 0
2019/10/17-14:54:15.078382 7fc3a9fcb700 	kZlibCompression supported: 0
2019/10/17-14:54:15.078383 7fc3a9fcb700 	kSnappyCompression supported: 0
2019/10/17-14:54:15.078385 7fc3a9fcb700 Fast CRC32 supported: Supported on x86
2019/10/17-14:54:15.078478 7fc3a9fcb700 [db/version_set.cc:3507] Recovering from manifest file: MANIFEST-114913
2019/10/17-14:54:15.078511 7fc3a9fcb700 [db/column_family.cc:472] --------------- Options for column family [default]:
2019/10/17-14:54:15.078514 7fc3a9fcb700               Options.comparator: leveldb.BytewiseComparator
2019/10/17-14:54:15.078514 7fc3a9fcb700           Options.merge_operator: None
2019/10/17-14:54:15.078515 7fc3a9fcb700        Options.compaction_filter: None
2019/10/17-14:54:15.078516 7fc3a9fcb700        Options.compaction_filter_factory: None
2019/10/17-14:54:15.078517 7fc3a9fcb700         Options.memtable_factory: SkipListFactory
2019/10/17-14:54:15.078518 7fc3a9fcb700            Options.table_factory: BlockBasedTable
2019/10/17-14:54:15.078534 7fc3a9fcb700            table_factory options:   flush_block_policy_factory: FlushBlockBySizePolicyFactory (0x7fc35003b8f0)
  cache_index_and_filter_blocks: 0
  cache_index_and_filter_blocks_with_high_priority: 0
  pin_l0_filter_and_index_blocks_in_cache: 0
  pin_top_level_index_and_filter: 1
  index_type: 0
  hash_index_allow_collision: 1
  checksum: 1
  no_block_cache: 0
  block_cache: 0x7fc350117c50
  block_cache_name: LRUCache
  block_cache_options:
    capacity : 8388608
    num_shard_bits : 4
    strict_capacity_limit : 0
    memory_allocator : None
    high_pri_pool_ratio: 0.000
  block_cache_compressed: (nil)
  persistent_cache: (nil)
  block_size: 4096
  block_size_deviation: 10
  block_restart_interval: 16
  index_block_restart_interval: 1
  metadata_block_size: 4096
  partition_filters: 0
  use_delta_encoding: 1
  filter_policy: nullptr
  whole_key_filtering: 1
  verify_compression: 0
  read_amp_bytes_per_bit: 0
  format_version: 2
  enable_index_compression: 1
  block_align: 0
2019/10/17-14:54:15.078542 7fc3a9fcb700        Options.write_buffer_size: 67108864
2019/10/17-14:54:15.078543 7fc3a9fcb700  Options.max_write_buffer_number: 2
2019/10/17-14:54:15.078545 7fc3a9fcb700          Options.compression: NoCompression
2019/10/17-14:54:15.078546 7fc3a9fcb700                  Options.bottommost_compression: Disabled
2019/10/17-14:54:15.078547 7fc3a9fcb700       Options.prefix_extractor: nullptr
2019/10/17-14:54:15.078548 7fc3a9fcb700   Options.memtable_insert_with_hint_prefix_extractor: nullptr
2019/10/17-14:54:15.078548 7fc3a9fcb700             Options.num_levels: 7
2019/10/17-14:54:15.078549 7fc3a9fcb700        Options.min_write_buffer_number_to_merge: 1
2019/10/17-14:54:15.078550 7fc3a9fcb700     Options.max_write_buffer_number_to_maintain: 0
2019/10/17-14:54:15.078551 7fc3a9fcb700            Options.bottommost_compression_opts.window_bits: -14
2019/10/17-14:54:15.078552 7fc3a9fcb700                  Options.bottommost_compression_opts.level: 32767
2019/10/17-14:54:15.078553 7fc3a9fcb700               Options.bottommost_compression_opts.strategy: 0
2019/10/17-14:54:15.078554 7fc3a9fcb700         Options.bottommost_compression_opts.max_dict_bytes: 0
2019/10/17-14:54:15.078554 7fc3a9fcb700         Options.bottommost_compression_opts.zstd_max_train_bytes: 0
2019/10/17-14:54:15.078555 7fc3a9fcb700                  Options.bottommost_compression_opts.enabled: false
2019/10/17-14:54:15.078556 7fc3a9fcb700            Options.compression_opts.window_bits: -14
2019/10/17-14:54:15.078557 7fc3a9fcb700                  Options.compression_opts.level: 32767
2019/10/17-14:54:15.078558 7fc3a9fcb700               Options.compression_opts.strategy: 0
2019/10/17-14:54:15.078560 7fc3a9fcb700         Options.compression_opts.max_dict_bytes: 0
2019/10/17-14:54:15.078561 7fc3a9fcb700         Options.compression_opts.zstd_max_train_bytes: 0
2019/10/17-14:54:15.078562 7fc3a9fcb700                  Options.compression_opts.enabled: false
2019/10/17-14:54:15.078563 7fc3a9fcb700      Options.level0_file_num_compaction_trigger: 4
2019/10/17-14:54:15.078564 7fc3a9fcb700          Options.level0_slowdown_writes_trigger: 20
2019/10/17-14:54:15.078565 7fc3a9fcb700              Options.level0_stop_writes_trigger: 36
2019/10/17-14:54:15.078566 7fc3a9fcb700                   Options.target_file_size_base: 67108864
2019/10/17-14:54:15.078567 7fc3a9fcb700             Options.target_file_size_multiplier: 1
2019/10/17-14:54:15.078568 7fc3a9fcb700                Options.max_bytes_for_level_base: 268435456
2019/10/17-14:54:15.078569 7fc3a9fcb700 Options.level_compaction_dynamic_level_bytes: 0
2019/10/17-14:54:15.078570 7fc3a9fcb700          Options.max_bytes_for_level_multiplier: 10.000000
2019/10/17-14:54:15.078572 7fc3a9fcb700 Options.max_bytes_for_level_multiplier_addtl[0]: 1
2019/10/17-14:54:15.078573 7fc3a9fcb700 Options.max_bytes_for_level_multiplier_addtl[1]: 1
2019/10/17-14:54:15.078574 7fc3a9fcb700 Options.max_bytes_for_level_multiplier_addtl[2]: 1
2019/10/17-14:54:15.078575 7fc3a9fcb700 Options.max_bytes_for_level_multiplier_addtl[3]: 1
2019/10/17-14:54:15.078576 7fc3a9fcb700 Options.max_bytes_for_level_multiplier_addtl[4]: 1
2019/10/17-14:54:15.078581 7fc3a9fcb700 Options.max_bytes_for_level_multiplier_addtl[5]: 1
2019/10/17-14:54:15.078583 7fc3a9fcb700 Options.max_bytes_for_level_multiplier_addtl[6]: 1
2019/10/17-14:54:15.078583 7fc3a9fcb700       Options.max_sequential_skip_in_iterations: 8
2019/10/17-14:54:15.078584 7fc3a9fcb700                    Options.max_compaction_bytes: 1677721600
2019/10/17-14:54:15.078585 7fc3a9fcb700                        Options.arena_block_size: 8388608
2019/10/17-14:54:15.078586 7fc3a9fcb700   Options.soft_pending_compaction_bytes_limit: 68719476736
2019/10/17-14:54:15.078587 7fc3a9fcb700   Options.hard_pending_compaction_bytes_limit: 274877906944
2019/10/17-14:54:15.078588 7fc3a9fcb700       Options.rate_limit_delay_max_milliseconds: 100
2019/10/17-14:54:15.078589 7fc3a9fcb700                Options.disable_auto_compactions: 0
2019/10/17-14:54:15.078590 7fc3a9fcb700                        Options.compaction_style: kCompactionStyleLevel
2019/10/17-14:54:15.078592 7fc3a9fcb700                          Options.compaction_pri: kByCompensatedSize
2019/10/17-14:54:15.078593 7fc3a9fcb700 Options.compaction_options_universal.size_ratio: 1
2019/10/17-14:54:15.078594 7fc3a9fcb700 Options.compaction_options_universal.min_merge_width: 2
2019/10/17-14:54:15.078594 7fc3a9fcb700 Options.compaction_options_universal.max_merge_width: 4294967295
2019/10/17-14:54:15.078595 7fc3a9fcb700 Options.compaction_options_universal.max_size_amplification_percent: 200
2019/10/17-14:54:15.078596 7fc3a9fcb700 Options.compaction_options_universal.compression_size_percent: -1
2019/10/17-14:54:15.078597 7fc3a9fcb700 Options.compaction_options_universal.stop_style: kCompactionStopStyleTotalSize
2019/10/17-14:54:15.078598 7fc3a9fcb700 Options.compaction_options_fifo.max_table_files_size: 1073741824
2019/10/17-14:54:15.078599 7fc3a9fcb700 Options.compaction_options_fifo.allow_compaction: 0
2019/10/17-14:54:15.078600 7fc3a9fcb700 Options.compaction_options_fifo.ttl: 0
2019/10/17-14:54:15.078601 7fc3a9fcb700                   Options.table_properties_collectors: 
2019/10/17-14:54:15.078602 7fc3a9fcb700                   Options.inplace_update_support: 0
2019/10/17-14:54:15.078602 7fc3a9fcb700                 Options.inplace_update_num_locks: 10000
2019/10/17-14:54:15.078603 7fc3a9fcb700               Options.memtable_prefix_bloom_size_ratio: 0.000000
2019/10/17-14:54:15.078604 7fc3a9fcb700   Options.memtable_huge_page_size: 0
2019/10/17-14:54:15.078605 7fc3a9fcb700                           Options.bloom_locality: 0
2019/10/17-14:54:15.078606 7fc3a9fcb700                    Options.max_successive_merges: 0
2019/10/17-14:54:15.078607 7fc3a9fcb700                Options.optimize_filters_for_hits: 0
2019/10/17-14:54:15.078608 7fc3a9fcb700                Options.paranoid_file_checks: 0
2019/10/17-14:54:15.078609 7fc3a9fcb700                Options.force_consistency_checks: 0
2019/10/17-14:54:15.078610 7fc3a9fcb700                Options.report_bg_io_stats: 0
2019/10/17-14:54:15.078610 7fc3a9fcb700                               Options.ttl: 0
2019/10/17-14:54:15.078648 7fc3a9fcb700 [db/column_family.cc:472] --------------- Options for column family [active_gateways]:
2019/10/17-14:54:15.078650 7fc3a9fcb700               Options.comparator: leveldb.BytewiseComparator
2019/10/17-14:54:15.078651 7fc3a9fcb700           Options.merge_operator: None
2019/10/17-14:54:15.078651 7fc3a9fcb700        Options.compaction_filter: None
2019/10/17-14:54:15.078652 7fc3a9fcb700        Options.compaction_filter_factory: None
2019/10/17-14:54:15.078653 7fc3a9fcb700         Options.memtable_factory: SkipListFactory
2019/10/17-14:54:15.078654 7fc3a9fcb700            Options.table_factory: BlockBasedTable
2019/10/17-14:54:15.078665 7fc3a9fcb700            table_factory options:   flush_block_policy_factory: FlushBlockBySizePolicyFactory (0x7fc35008c020)
  cache_index_and_filter_blocks: 0
  cache_index_and_filter_blocks_with_high_priority: 0
  pin_l0_filter_and_index_blocks_in_cache: 0
  pin_top_level_index_and_filter: 1
  index_type: 0
  hash_index_allow_collision: 1
  checksum: 1
  no_block_cache: 0
  block_cache: 0x7fc350000b90
  block_cache_name: LRUCache
  block_cache_options:
    capacity : 8388608
    num_shard_bits : 4
    strict_capacity_limit : 0
    memory_allocator : None
    high_pri_pool_ratio: 0.000
  block_cache_compressed: (nil)
  persistent_cache: (nil)
  block_size: 4096
  block_size_deviation: 10
  block_restart_interval: 16
  index_block_restart_interval: 1
  metadata_block_size: 4096
  partition_filters: 0
  use_delta_encoding: 1
  filter_policy: nullptr
  whole_key_filtering: 1
  verify_compression: 0
  read_amp_bytes_per_bit: 0
  format_version: 2
  enable_index_compression: 1
  block_align: 0
2019/10/17-14:54:15.078672 7fc3a9fcb700        Options.write_buffer_size: 67108864
2019/10/17-14:54:15.078674 7fc3a9fcb700  Options.max_write_buffer_number: 2
2019/10/17-14:54:15.078675 7fc3a9fcb700          Options.compression: NoCompression
2019/10/17-14:54:15.078675 7fc3a9fcb700                  Options.bottommost_compression: Disabled
2019/10/17-14:54:15.078676 7fc3a9fcb700       Options.prefix_extractor: nullptr
2019/10/17-14:54:15.078677 7fc3a9fcb700   Options.memtable_insert_with_hint_prefix_extractor: nullptr
2019/10/17-14:54:15.078678 7fc3a9fcb700             Options.num_levels: 7
2019/10/17-14:54:15.078679 7fc3a9fcb700        Options.min_write_buffer_number_to_merge: 1
2019/10/17-14:54:15.078680 7fc3a9fcb700     Options.max_write_buffer_number_to_maintain: 0
2019/10/17-14:54:15.078681 7fc3a9fcb700            Options.bottommost_compression_opts.window_bits: -14
2019/10/17-14:54:15.078682 7fc3a9fcb700                  Options.bottommost_compression_opts.level: 32767
2019/10/17-14:54:15.078683 7fc3a9fcb700               Options.bottommost_compression_opts.strategy: 0
2019/10/17-14:54:15.078684 7fc3a9fcb700         Options.bottommost_compression_opts.max_dict_bytes: 0
2019/10/17-14:54:15.078685 7fc3a9fcb700         Options.bottommost_compression_opts.zstd_max_train_bytes: 0
2019/10/17-14:54:15.078686 7fc3a9fcb700                  Options.bottommost_compression_opts.enabled: false
2019/10/17-14:54:15.078687 7fc3a9fcb700            Options.compression_opts.window_bits: -14
2019/10/17-14:54:15.078687 7fc3a9fcb700                  Options.compression_opts.level: 32767
2019/10/17-14:54:15.078688 7fc3a9fcb700               Options.compression_opts.strategy: 0
2019/10/17-14:54:15.078689 7fc3a9fcb700         Options.compression_opts.max_dict_bytes: 0
2019/10/17-14:54:15.078690 7fc3a9fcb700         Options.compression_opts.zstd_max_train_bytes: 0
2019/10/17-14:54:15.078691 7fc3a9fcb700                  Options.compression_opts.enabled: false
2019/10/17-14:54:15.078692 7fc3a9fcb700      Options.level0_file_num_compaction_trigger: 4
2019/10/17-14:54:15.078693 7fc3a9fcb700          Options.level0_slowdown_writes_trigger: 20
2019/10/17-14:54:15.078693 7fc3a9fcb700              Options.level0_stop_writes_trigger: 36
2019/10/17-14:54:15.078694 7fc3a9fcb700                   Options.target_file_size_base: 67108864
2019/10/17-14:54:15.078695 7fc3a9fcb700             Options.target_file_size_multiplier: 1
2019/10/17-14:54:15.078695 7fc3a9fcb700                Options.max_bytes_for_level_base: 268435456
2019/10/17-14:54:15.078696 7fc3a9fcb700 Options.level_compaction_dynamic_level_bytes: 0
2019/10/17-14:54:15.078697 7fc3a9fcb700          Options.max_bytes_for_level_multiplier: 10.000000
2019/10/17-14:54:15.078699 7fc3a9fcb700 Options.max_bytes_for_level_multiplier_addtl[0]: 1
2019/10/17-14:54:15.078700 7fc3a9fcb700 Options.max_bytes_for_level_multiplier_addtl[1]: 1
2019/10/17-14:54:15.078701 7fc3a9fcb700 Options.max_bytes_for_level_multiplier_addtl[2]: 1
2019/10/17-14:54:15.078702 7fc3a9fcb700 Options.max_bytes_for_level_multiplier_addtl[3]: 1
2019/10/17-14:54:15.078702 7fc3a9fcb700 Options.max_bytes_for_level_multiplier_addtl[4]: 1
2019/10/17-14:54:15.078703 7fc3a9fcb700 Options.max_bytes_for_level_multiplier_addtl[5]: 1
2019/10/17-14:54:15.078704 7fc3a9fcb700 Options.max_bytes_for_level_multiplier_addtl[6]: 1
2019/10/17-14:54:15.078705 7fc3a9fcb700       Options.max_sequential_skip_in_iterations: 8
2019/10/17-14:54:15.078710 7fc3a9fcb700                    Options.max_compaction_bytes: 1677721600
2019/10/17-14:54:15.078711 7fc3a9fcb700                        Options.arena_block_size: 8388608
2019/10/17-14:54:15.078712 7fc3a9fcb700   Options.soft_pending_compaction_bytes_limit: 68719476736
2019/10/17-14:54:15.078713 7fc3a9fcb700   Options.hard_pending_compaction_bytes_limit: 274877906944
2019/10/17-14:54:15.078713 7fc3a9fcb700       Options.rate_limit_delay_max_milliseconds: 100
2019/10/17-14:54:15.078714 7fc3a9fcb700                Options.disable_auto_compactions: 0
2019/10/17-14:54:15.078715 7fc3a9fcb700                        Options.compaction_style: kCompactionStyleLevel
2019/10/17-14:54:15.078716 7fc3a9fcb700                          Options.compaction_pri: kByCompensatedSize
2019/10/17-14:54:15.078717 7fc3a9fcb700 Options.compaction_options_universal.size_ratio: 1
2019/10/17-14:54:15.078718 7fc3a9fcb700 Options.compaction_options_universal.min_merge_width: 2
2019/10/17-14:54:15.078719 7fc3a9fcb700 Options.compaction_options_universal.max_merge_width: 4294967295
2019/10/17-14:54:15.078720 7fc3a9fcb700 Options.compaction_options_universal.max_size_amplification_percent: 200
2019/10/17-14:54:15.078720 7fc3a9fcb700 Options.compaction_options_universal.compression_size_percent: -1
2019/10/17-14:54:15.078721 7fc3a9fcb700 Options.compaction_options_universal.stop_style: kCompactionStopStyleTotalSize
2019/10/17-14:54:15.078722 7fc3a9fcb700 Options.compaction_options_fifo.max_table_files_size: 1073741824
2019/10/17-14:54:15.078723 7fc3a9fcb700 Options.compaction_options_fifo.allow_compaction: 0
2019/10/17-14:54:15.078724 7fc3a9fcb700 Options.compaction_options_fifo.ttl: 0
2019/10/17-14:54:15.078725 7fc3a9fcb700                   Options.table_properties_collectors: 
2019/10/17-14:54:15.078726 7fc3a9fcb700                   Options.inplace_update_support: 0
2019/10/17-14:54:15.078726 7fc3a9fcb700                 Options.inplace_update_num_locks: 10000
2019/10/17-14:54:15.078727 7fc3a9fcb700               Options.memtable_prefix_bloom_size_ratio: 0.000000
2019/10/17-14:54:15.078728 7fc3a9fcb700   Options.memtable_huge_page_size: 0
2019/10/17-14:54:15.078729 7fc3a9fcb700                           Options.bloom_locality: 0
2019/10/17-14:54:15.078730 7fc3a9fcb700                    Options.max_successive_merges: 0
2019/10/17-14:54:15.078730 7fc3a9fcb700                Options.optimize_filters_for_hits: 0
2019/10/17-14:54:15.078731 7fc3a9fcb700                Options.paranoid_file_checks: 0
2019/10/17-14:54:15.078732 7fc3a9fcb700                Options.force_consistency_checks: 0
2019/10/17-14:54:15.078733 7fc3a9fcb700                Options.report_bg_io_stats: 0
2019/10/17-14:54:15.078734 7fc3a9fcb700                               Options.ttl: 0
2019/10/17-14:54:15.078750 7fc3a9fcb700 [db/column_family.cc:472] --------------- Options for column family [entries]:
2019/10/17-14:54:15.078752 7fc3a9fcb700               Options.comparator: leveldb.BytewiseComparator
2019/10/17-14:54:15.078753 7fc3a9fcb700           Options.merge_operator: None
2019/10/17-14:54:15.078754 7fc3a9fcb700        Options.compaction_filter: None
2019/10/17-14:54:15.078755 7fc3a9fcb700        Options.compaction_filter_factory: None
2019/10/17-14:54:15.078756 7fc3a9fcb700         Options.memtable_factory: SkipListFactory
2019/10/17-14:54:15.078756 7fc3a9fcb700            Options.table_factory: BlockBasedTable
2019/10/17-14:54:15.078766 7fc3a9fcb700            table_factory options:   flush_block_policy_factory: FlushBlockBySizePolicyFactory (0x7fc350069df0)
  cache_index_and_filter_blocks: 0
  cache_index_and_filter_blocks_with_high_priority: 0
  pin_l0_filter_and_index_blocks_in_cache: 0
  pin_top_level_index_and_filter: 1
  index_type: 0
  hash_index_allow_collision: 1
  checksum: 1
  no_block_cache: 0
  block_cache: 0x7fc35007b320
  block_cache_name: LRUCache
  block_cache_options:
    capacity : 8388608
    num_shard_bits : 4
    strict_capacity_limit : 0
    memory_allocator : None
    high_pri_pool_ratio: 0.000
  block_cache_compressed: (nil)
  persistent_cache: (nil)
  block_size: 4096
  block_size_deviation: 10
  block_restart_interval: 16
  index_block_restart_interval: 1
  metadata_block_size: 4096
  partition_filters: 0
  use_delta_encoding: 1
  filter_policy: nullptr
  whole_key_filtering: 1
  verify_compression: 0
  read_amp_bytes_per_bit: 0
  format_version: 2
  enable_index_compression: 1
  block_align: 0
2019/10/17-14:54:15.078772 7fc3a9fcb700        Options.write_buffer_size: 67108864
2019/10/17-14:54:15.078773 7fc3a9fcb700  Options.max_write_buffer_number: 2
2019/10/17-14:54:15.078774 7fc3a9fcb700          Options.compression: NoCompression
2019/10/17-14:54:15.078775 7fc3a9fcb700                  Options.bottommost_compression: Disabled
2019/10/17-14:54:15.078775 7fc3a9fcb700       Options.prefix_extractor: nullptr
2019/10/17-14:54:15.078776 7fc3a9fcb700   Options.memtable_insert_with_hint_prefix_extractor: nullptr
2019/10/17-14:54:15.078777 7fc3a9fcb700             Options.num_levels: 7
2019/10/17-14:54:15.078778 7fc3a9fcb700        Options.min_write_buffer_number_to_merge: 1
2019/10/17-14:54:15.078778 7fc3a9fcb700     Options.max_write_buffer_number_to_maintain: 0
2019/10/17-14:54:15.078779 7fc3a9fcb700            Options.bottommost_compression_opts.window_bits: -14
2019/10/17-14:54:15.078780 7fc3a9fcb700                  Options.bottommost_compression_opts.level: 32767
2019/10/17-14:54:15.078781 7fc3a9fcb700               Options.bottommost_compression_opts.strategy: 0
2019/10/17-14:54:15.078782 7fc3a9fcb700         Options.bottommost_compression_opts.max_dict_bytes: 0
2019/10/17-14:54:15.078782 7fc3a9fcb700         Options.bottommost_compression_opts.zstd_max_train_bytes: 0
2019/10/17-14:54:15.078783 7fc3a9fcb700                  Options.bottommost_compression_opts.enabled: false
2019/10/17-14:54:15.078784 7fc3a9fcb700            Options.compression_opts.window_bits: -14
2019/10/17-14:54:15.078785 7fc3a9fcb700                  Options.compression_opts.level: 32767
2019/10/17-14:54:15.078785 7fc3a9fcb700               Options.compression_opts.strategy: 0
2019/10/17-14:54:15.078786 7fc3a9fcb700         Options.compression_opts.max_dict_bytes: 0
2019/10/17-14:54:15.078787 7fc3a9fcb700         Options.compression_opts.zstd_max_train_bytes: 0
2019/10/17-14:54:15.078788 7fc3a9fcb700                  Options.compression_opts.enabled: false
2019/10/17-14:54:15.078788 7fc3a9fcb700      Options.level0_file_num_compaction_trigger: 4
2019/10/17-14:54:15.078789 7fc3a9fcb700          Options.level0_slowdown_writes_trigger: 20
2019/10/17-14:54:15.078790 7fc3a9fcb700              Options.level0_stop_writes_trigger: 36
2019/10/17-14:54:15.078791 7fc3a9fcb700                   Options.target_file_size_base: 67108864
2019/10/17-14:54:15.078791 7fc3a9fcb700             Options.target_file_size_multiplier: 1
2019/10/17-14:54:15.078792 7fc3a9fcb700                Options.max_bytes_for_level_base: 268435456
2019/10/17-14:54:15.078793 7fc3a9fcb700 Options.level_compaction_dynamic_level_bytes: 0
2019/10/17-14:54:15.078794 7fc3a9fcb700          Options.max_bytes_for_level_multiplier: 10.000000
2019/10/17-14:54:15.078795 7fc3a9fcb700 Options.max_bytes_for_level_multiplier_addtl[0]: 1
2019/10/17-14:54:15.078796 7fc3a9fcb700 Options.max_bytes_for_level_multiplier_addtl[1]: 1
2019/10/17-14:54:15.078797 7fc3a9fcb700 Options.max_bytes_for_level_multiplier_addtl[2]: 1
2019/10/17-14:54:15.078797 7fc3a9fcb700 Options.max_bytes_for_level_multiplier_addtl[3]: 1
2019/10/17-14:54:15.078798 7fc3a9fcb700 Options.max_bytes_for_level_multiplier_addtl[4]: 1
2019/10/17-14:54:15.078799 7fc3a9fcb700 Options.max_bytes_for_level_multiplier_addtl[5]: 1
2019/10/17-14:54:15.078800 7fc3a9fcb700 Options.max_bytes_for_level_multiplier_addtl[6]: 1
2019/10/17-14:54:15.078800 7fc3a9fcb700       Options.max_sequential_skip_in_iterations: 8
2019/10/17-14:54:15.078801 7fc3a9fcb700                    Options.max_compaction_bytes: 1677721600
2019/10/17-14:54:15.078802 7fc3a9fcb700                        Options.arena_block_size: 8388608
2019/10/17-14:54:15.078803 7fc3a9fcb700   Options.soft_pending_compaction_bytes_limit: 68719476736
2019/10/17-14:54:15.078806 7fc3a9fcb700   Options.hard_pending_compaction_bytes_limit: 274877906944
2019/10/17-14:54:15.078807 7fc3a9fcb700       Options.rate_limit_delay_max_milliseconds: 100
2019/10/17-14:54:15.078808 7fc3a9fcb700                Options.disable_auto_compactions: 0
2019/10/17-14:54:15.078809 7fc3a9fcb700                        Options.compaction_style: kCompactionStyleLevel
2019/10/17-14:54:15.078810 7fc3a9fcb700                          Options.compaction_pri: kByCompensatedSize
2019/10/17-14:54:15.078811 7fc3a9fcb700 Options.compaction_options_universal.size_ratio: 1
2019/10/17-14:54:15.078812 7fc3a9fcb700 Options.compaction_options_universal.min_merge_width: 2
2019/10/17-14:54:15.078812 7fc3a9fcb700 Options.compaction_options_universal.max_merge_width: 4294967295
2019/10/17-14:54:15.078813 7fc3a9fcb700 Options.compaction_options_universal.max_size_amplification_percent: 200
2019/10/17-14:54:15.078814 7fc3a9fcb700 Options.compaction_options_universal.compression_size_percent: -1
2019/10/17-14:54:15.078815 7fc3a9fcb700 Options.compaction_options_universal.stop_style: kCompactionStopStyleTotalSize
2019/10/17-14:54:15.078816 7fc3a9fcb700 Options.compaction_options_fifo.max_table_files_size: 1073741824
2019/10/17-14:54:15.078817 7fc3a9fcb700 Options.compaction_options_fifo.allow_compaction: 0
2019/10/17-14:54:15.078817 7fc3a9fcb700 Options.compaction_options_fifo.ttl: 0
2019/10/17-14:54:15.078818 7fc3a9fcb700                   Options.table_properties_collectors: 
2019/10/17-14:54:15.078819 7fc3a9fcb700                   Options.inplace_update_support: 0
2019/10/17-14:54:15.078820 7fc3a9fcb700                 Options.inplace_update_num_locks: 10000
2019/10/17-14:54:15.078821 7fc3a9fcb700               Options.memtable_prefix_bloom_size_ratio: 0.000000
2019/10/17-14:54:15.078822 7fc3a9fcb700   Options.memtable_huge_page_size: 0
2019/10/17-14:54:15.078822 7fc3a9fcb700                           Options.bloom_locality: 0
2019/10/17-14:54:15.078823 7fc3a9fcb700                    Options.max_successive_merges: 0
2019/10/17-14:54:15.078824 7fc3a9fcb700                Options.optimize_filters_for_hits: 0
2019/10/17-14:54:15.078825 7fc3a9fcb700                Options.paranoid_file_checks: 0
2019/10/17-14:54:15.078826 7fc3a9fcb700                Options.force_consistency_checks: 0
2019/10/17-14:54:15.078826 7fc3a9fcb700                Options.report_bg_io_stats: 0
2019/10/17-14:54:15.078827 7fc3a9fcb700                               Options.ttl: 0
2019/10/17-14:54:15.078841 7fc3a9fcb700 [db/column_family.cc:472] --------------- Options for column family [dc_entries]:
2019/10/17-14:54:15.078842 7fc3a9fcb700               Options.comparator: leveldb.BytewiseComparator
2019/10/17-14:54:15.078842 7fc3a9fcb700           Options.merge_operator: None
2019/10/17-14:54:15.078843 7fc3a9fcb700        Options.compaction_filter: None
2019/10/17-14:54:15.078844 7fc3a9fcb700        Options.compaction_filter_factory: None
2019/10/17-14:54:15.078845 7fc3a9fcb700         Options.memtable_factory: SkipListFactory
2019/10/17-14:54:15.078845 7fc3a9fcb700            Options.table_factory: BlockBasedTable
2019/10/17-14:54:15.078855 7fc3a9fcb700            table_factory options:   flush_block_policy_factory: FlushBlockBySizePolicyFactory (0x7fc350048d50)
  cache_index_and_filter_blocks: 0
  cache_index_and_filter_blocks_with_high_priority: 0
  pin_l0_filter_and_index_blocks_in_cache: 0
  pin_top_level_index_and_filter: 1
  index_type: 0
  hash_index_allow_collision: 1
  checksum: 1
  no_block_cache: 0
  block_cache: 0x7fc3500483e0
  block_cache_name: LRUCache
  block_cache_options:
    capacity : 8388608
    num_shard_bits : 4
    strict_capacity_limit : 0
    memory_allocator : None
    high_pri_pool_ratio: 0.000
  block_cache_compressed: (nil)
  persistent_cache: (nil)
  block_size: 4096
  block_size_deviation: 10
  block_restart_interval: 16
  index_block_restart_interval: 1
  metadata_block_size: 4096
  partition_filters: 0
  use_delta_encoding: 1
  filter_policy: nullptr
  whole_key_filtering: 1
  verify_compression: 0
  read_amp_bytes_per_bit: 0
  format_version: 2
  enable_index_compression: 1
  block_align: 0
2019/10/17-14:54:15.078860 7fc3a9fcb700        Options.write_buffer_size: 67108864
2019/10/17-14:54:15.078861 7fc3a9fcb700  Options.max_write_buffer_number: 2
2019/10/17-14:54:15.078862 7fc3a9fcb700          Options.compression: NoCompression
2019/10/17-14:54:15.078863 7fc3a9fcb700                  Options.bottommost_compression: Disabled
2019/10/17-14:54:15.078864 7fc3a9fcb700       Options.prefix_extractor: nullptr
2019/10/17-14:54:15.078865 7fc3a9fcb700   Options.memtable_insert_with_hint_prefix_extractor: nullptr
2019/10/17-14:54:15.078865 7fc3a9fcb700             Options.num_levels: 7
2019/10/17-14:54:15.078866 7fc3a9fcb700        Options.min_write_buffer_number_to_merge: 1
2019/10/17-14:54:15.078867 7fc3a9fcb700     Options.max_write_buffer_number_to_maintain: 0
2019/10/17-14:54:15.078868 7fc3a9fcb700            Options.bottommost_compression_opts.window_bits: -14
2019/10/17-14:54:15.078868 7fc3a9fcb700                  Options.bottommost_compression_opts.level: 32767
2019/10/17-14:54:15.078869 7fc3a9fcb700               Options.bottommost_compression_opts.strategy: 0
2019/10/17-14:54:15.078870 7fc3a9fcb700         Options.bottommost_compression_opts.max_dict_bytes: 0
2019/10/17-14:54:15.078871 7fc3a9fcb700         Options.bottommost_compression_opts.zstd_max_train_bytes: 0
2019/10/17-14:54:15.078871 7fc3a9fcb700                  Options.bottommost_compression_opts.enabled: false
2019/10/17-14:54:15.078872 7fc3a9fcb700            Options.compression_opts.window_bits: -14
2019/10/17-14:54:15.078873 7fc3a9fcb700                  Options.compression_opts.level: 32767
2019/10/17-14:54:15.078874 7fc3a9fcb700               Options.compression_opts.strategy: 0
2019/10/17-14:54:15.078875 7fc3a9fcb700         Options.compression_opts.max_dict_bytes: 0
2019/10/17-14:54:15.078875 7fc3a9fcb700         Options.compression_opts.zstd_max_train_bytes: 0
2019/10/17-14:54:15.078876 7fc3a9fcb700                  Options.compression_opts.enabled: false
2019/10/17-14:54:15.078877 7fc3a9fcb700      Options.level0_file_num_compaction_trigger: 4
2019/10/17-14:54:15.078878 7fc3a9fcb700          Options.level0_slowdown_writes_trigger: 20
2019/10/17-14:54:15.078879 7fc3a9fcb700              Options.level0_stop_writes_trigger: 36
2019/10/17-14:54:15.078880 7fc3a9fcb700                   Options.target_file_size_base: 67108864
2019/10/17-14:54:15.078881 7fc3a9fcb700             Options.target_file_size_multiplier: 1
2019/10/17-14:54:15.078881 7fc3a9fcb700                Options.max_bytes_for_level_base: 268435456
2019/10/17-14:54:15.078882 7fc3a9fcb700 Options.level_compaction_dynamic_level_bytes: 0
2019/10/17-14:54:15.078883 7fc3a9fcb700          Options.max_bytes_for_level_multiplier: 10.000000
2019/10/17-14:54:15.078884 7fc3a9fcb700 Options.max_bytes_for_level_multiplier_addtl[0]: 1
2019/10/17-14:54:15.078885 7fc3a9fcb700 Options.max_bytes_for_level_multiplier_addtl[1]: 1
2019/10/17-14:54:15.078886 7fc3a9fcb700 Options.max_bytes_for_level_multiplier_addtl[2]: 1
2019/10/17-14:54:15.078887 7fc3a9fcb700 Options.max_bytes_for_level_multiplier_addtl[3]: 1
2019/10/17-14:54:15.078887 7fc3a9fcb700 Options.max_bytes_for_level_multiplier_addtl[4]: 1
2019/10/17-14:54:15.078888 7fc3a9fcb700 Options.max_bytes_for_level_multiplier_addtl[5]: 1
2019/10/17-14:54:15.078889 7fc3a9fcb700 Options.max_bytes_for_level_multiplier_addtl[6]: 1
2019/10/17-14:54:15.078890 7fc3a9fcb700       Options.max_sequential_skip_in_iterations: 8
2019/10/17-14:54:15.078891 7fc3a9fcb700                    Options.max_compaction_bytes: 1677721600
2019/10/17-14:54:15.078891 7fc3a9fcb700                        Options.arena_block_size: 8388608
2019/10/17-14:54:15.078892 7fc3a9fcb700   Options.soft_pending_compaction_bytes_limit: 68719476736
2019/10/17-14:54:15.078893 7fc3a9fcb700   Options.hard_pending_compaction_bytes_limit: 274877906944
2019/10/17-14:54:15.078894 7fc3a9fcb700       Options.rate_limit_delay_max_milliseconds: 100
2019/10/17-14:54:15.078894 7fc3a9fcb700                Options.disable_auto_compactions: 0
2019/10/17-14:54:15.078899 7fc3a9fcb700                        Options.compaction_style: kCompactionStyleLevel
2019/10/17-14:54:15.078900 7fc3a9fcb700                          Options.compaction_pri: kByCompensatedSize
2019/10/17-14:54:15.078901 7fc3a9fcb700 Options.compaction_options_universal.size_ratio: 1
2019/10/17-14:54:15.078902 7fc3a9fcb700 Options.compaction_options_universal.min_merge_width: 2
2019/10/17-14:54:15.078902 7fc3a9fcb700 Options.compaction_options_universal.max_merge_width: 4294967295
2019/10/17-14:54:15.078903 7fc3a9fcb700 Options.compaction_options_universal.max_size_amplification_percent: 200
2019/10/17-14:54:15.078904 7fc3a9fcb700 Options.compaction_options_universal.compression_size_percent: -1
2019/10/17-14:54:15.078905 7fc3a9fcb700 Options.compaction_options_universal.stop_style: kCompactionStopStyleTotalSize
2019/10/17-14:54:15.078905 7fc3a9fcb700 Options.compaction_options_fifo.max_table_files_size: 1073741824
2019/10/17-14:54:15.078906 7fc3a9fcb700 Options.compaction_options_fifo.allow_compaction: 0
2019/10/17-14:54:15.078907 7fc3a9fcb700 Options.compaction_options_fifo.ttl: 0
2019/10/17-14:54:15.078908 7fc3a9fcb700                   Options.table_properties_collectors: 
2019/10/17-14:54:15.078908 7fc3a9fcb700                   Options.inplace_update_support: 0
2019/10/17-14:54:15.078909 7fc3a9fcb700                 Options.inplace_update_num_locks: 10000
2019/10/17-14:54:15.078910 7fc3a9fcb700               Options.memtable_prefix_bloom_size_ratio: 0.000000
2019/10/17-14:54:15.078911 7fc3a9fcb700   Options.memtable_huge_page_size: 0
2019/10/17-14:54:15.078912 7fc3a9fcb700                           Options.bloom_locality: 0
2019/10/17-14:54:15.078913 7fc3a9fcb700                    Options.max_successive_merges: 0
2019/10/17-14:54:15.078913 7fc3a9fcb700                Options.optimize_filters_for_hits: 0
2019/10/17-14:54:15.078914 7fc3a9fcb700                Options.paranoid_file_checks: 0
2019/10/17-14:54:15.078915 7fc3a9fcb700                Options.force_consistency_checks: 0
2019/10/17-14:54:15.078916 7fc3a9fcb700                Options.report_bg_io_stats: 0
2019/10/17-14:54:15.078916 7fc3a9fcb700                               Options.ttl: 0
2019/10/17-14:54:15.078929 7fc3a9fcb700 [db/column_family.cc:472] --------------- Options for column family [htlcs]:
2019/10/17-14:54:15.078930 7fc3a9fcb700               Options.comparator: leveldb.BytewiseComparator
2019/10/17-14:54:15.078931 7fc3a9fcb700           Options.merge_operator: None
2019/10/17-14:54:15.078931 7fc3a9fcb700        Options.compaction_filter: None
2019/10/17-14:54:15.078932 7fc3a9fcb700        Options.compaction_filter_factory: None
2019/10/17-14:54:15.078933 7fc3a9fcb700         Options.memtable_factory: SkipListFactory
2019/10/17-14:54:15.078934 7fc3a9fcb700            Options.table_factory: BlockBasedTable
2019/10/17-14:54:15.078943 7fc3a9fcb700            table_factory options:   flush_block_policy_factory: FlushBlockBySizePolicyFactory (0x7fc3500367c0)
