2019/10/17-14:55:04.615135 7fc3a9fcb700 RocksDB version: 5.18.3
2019/10/17-14:55:04.615159 7fc3a9fcb700 Git sha rocksdb_build_git_sha:@0@
2019/10/17-14:55:04.615160 7fc3a9fcb700 Compile date Sep 19 2019
2019/10/17-14:55:04.615161 7fc3a9fcb700 DB SUMMARY
2019/10/17-14:55:04.615673 7fc3a9fcb700 CURRENT file:  CURRENT
2019/10/17-14:55:04.615674 7fc3a9fcb700 IDENTITY file:  IDENTITY
2019/10/17-14:55:04.615696 7fc3a9fcb700 MANIFEST file:  MANIFEST-116278 size: 4114 Bytes
2019/10/17-14:55:04.615697 7fc3a9fcb700 SST files in /home/rahul/dev/blockchain-core/eqc/ledger.db dir, Total Num: 29, files: 000624.sst 000627.sst 106940.sst 108447.sst 108450.sst 109471.sst 109483.sst 109485.sst 109486.sst 
2019/10/17-14:55:04.615698 7fc3a9fcb700 Write Ahead Log file in /home/rahul/dev/blockchain-core/eqc/ledger.db: 116279.log size: 0 ; 
2019/10/17-14:55:04.615722 7fc3a9fcb700                         Options.error_if_exists: 0
2019/10/17-14:55:04.615723 7fc3a9fcb700                       Options.create_if_missing: 1
2019/10/17-14:55:04.615724 7fc3a9fcb700                         Options.paranoid_checks: 1
2019/10/17-14:55:04.615724 7fc3a9fcb700                                     Options.env: 0x7fc32ae1fc60
2019/10/17-14:55:04.615725 7fc3a9fcb700                                Options.info_log: 0x7fc350009d90
2019/10/17-14:55:04.615726 7fc3a9fcb700                Options.max_file_opening_threads: 16
2019/10/17-14:55:04.615726 7fc3a9fcb700                              Options.statistics: (nil)
2019/10/17-14:55:04.615727 7fc3a9fcb700                               Options.use_fsync: 0
2019/10/17-14:55:04.615727 7fc3a9fcb700                       Options.max_log_file_size: 0
2019/10/17-14:55:04.615728 7fc3a9fcb700                  Options.max_manifest_file_size: 1073741824
2019/10/17-14:55:04.615729 7fc3a9fcb700                   Options.log_file_time_to_roll: 0
2019/10/17-14:55:04.615729 7fc3a9fcb700                       Options.keep_log_file_num: 1000
2019/10/17-14:55:04.615730 7fc3a9fcb700                    Options.recycle_log_file_num: 0
2019/10/17-14:55:04.615730 7fc3a9fcb700                         Options.allow_fallocate: 1
2019/10/17-14:55:04.615731 7fc3a9fcb700                        Options.allow_mmap_reads: 0
2019/10/17-14:55:04.615732 7fc3a9fcb700                       Options.allow_mmap_writes: 0
2019/10/17-14:55:04.615732 7fc3a9fcb700                        Options.use_direct_reads: 0
2019/10/17-14:55:04.615733 7fc3a9fcb700                        Options.use_direct_io_for_flush_and_compaction: 0
2019/10/17-14:55:04.615733 7fc3a9fcb700          Options.create_missing_column_families: 0
2019/10/17-14:55:04.615734 7fc3a9fcb700                              Options.db_log_dir: 
2019/10/17-14:55:04.615734 7fc3a9fcb700                                 Options.wal_dir: /home/rahul/dev/blockchain-core/eqc/ledger.db
2019/10/17-14:55:04.615735 7fc3a9fcb700                Options.table_cache_numshardbits: 6
2019/10/17-14:55:04.615735 7fc3a9fcb700                      Options.max_subcompactions: 1
2019/10/17-14:55:04.615736 7fc3a9fcb700                  Options.max_background_flushes: -1
2019/10/17-14:55:04.615737 7fc3a9fcb700                         Options.WAL_ttl_seconds: 0
2019/10/17-14:55:04.615737 7fc3a9fcb700                       Options.WAL_size_limit_MB: 0
2019/10/17-14:55:04.615738 7fc3a9fcb700             Options.manifest_preallocation_size: 4194304
2019/10/17-14:55:04.615738 7fc3a9fcb700                     Options.is_fd_close_on_exec: 1
2019/10/17-14:55:04.615739 7fc3a9fcb700                   Options.advise_random_on_open: 1
2019/10/17-14:55:04.615739 7fc3a9fcb700                    Options.db_write_buffer_size: 0
2019/10/17-14:55:04.615740 7fc3a9fcb700                    Options.write_buffer_manager: 0x7fc350101c10
2019/10/17-14:55:04.615740 7fc3a9fcb700         Options.access_hint_on_compaction_start: 1
2019/10/17-14:55:04.615741 7fc3a9fcb700  Options.new_table_reader_for_compaction_inputs: 0
2019/10/17-14:55:04.615741 7fc3a9fcb700           Options.random_access_max_buffer_size: 1048576
2019/10/17-14:55:04.615742 7fc3a9fcb700                      Options.use_adaptive_mutex: 0
2019/10/17-14:55:04.615743 7fc3a9fcb700                            Options.rate_limiter: (nil)
2019/10/17-14:55:04.615749 7fc3a9fcb700     Options.sst_file_manager.rate_bytes_per_sec: 0
2019/10/17-14:55:04.615750 7fc3a9fcb700                       Options.wal_recovery_mode: 2
2019/10/17-14:55:04.615751 7fc3a9fcb700                  Options.enable_thread_tracking: 0
2019/10/17-14:55:04.615751 7fc3a9fcb700                  Options.enable_pipelined_write: 0
2019/10/17-14:55:04.615752 7fc3a9fcb700         Options.allow_concurrent_memtable_write: 1
2019/10/17-14:55:04.615752 7fc3a9fcb700      Options.enable_write_thread_adaptive_yield: 1
2019/10/17-14:55:04.615753 7fc3a9fcb700             Options.write_thread_max_yield_usec: 100
2019/10/17-14:55:04.615753 7fc3a9fcb700            Options.write_thread_slow_yield_usec: 3
2019/10/17-14:55:04.615754 7fc3a9fcb700                               Options.row_cache: None
2019/10/17-14:55:04.615754 7fc3a9fcb700                              Options.wal_filter: None
2019/10/17-14:55:04.615755 7fc3a9fcb700             Options.avoid_flush_during_recovery: 0
2019/10/17-14:55:04.615756 7fc3a9fcb700             Options.allow_ingest_behind: 0
2019/10/17-14:55:04.615756 7fc3a9fcb700             Options.preserve_deletes: 0
2019/10/17-14:55:04.615757 7fc3a9fcb700             Options.two_write_queues: 0
2019/10/17-14:55:04.615757 7fc3a9fcb700             Options.manual_wal_flush: 0
2019/10/17-14:55:04.615758 7fc3a9fcb700             Options.max_background_jobs: 2
2019/10/17-14:55:04.615758 7fc3a9fcb700             Options.max_background_compactions: -1
2019/10/17-14:55:04.615759 7fc3a9fcb700             Options.avoid_flush_during_shutdown: 0
2019/10/17-14:55:04.615759 7fc3a9fcb700           Options.writable_file_max_buffer_size: 1048576
2019/10/17-14:55:04.615760 7fc3a9fcb700             Options.delayed_write_rate : 16777216
2019/10/17-14:55:04.615760 7fc3a9fcb700             Options.max_total_wal_size: 0
2019/10/17-14:55:04.615761 7fc3a9fcb700             Options.delete_obsolete_files_period_micros: 21600000000
2019/10/17-14:55:04.615762 7fc3a9fcb700                   Options.stats_dump_period_sec: 600
2019/10/17-14:55:04.615762 7fc3a9fcb700                          Options.max_open_files: -1
2019/10/17-14:55:04.615763 7fc3a9fcb700                          Options.bytes_per_sync: 0
2019/10/17-14:55:04.615763 7fc3a9fcb700                      Options.wal_bytes_per_sync: 0
2019/10/17-14:55:04.615764 7fc3a9fcb700       Options.compaction_readahead_size: 0
2019/10/17-14:55:04.615764 7fc3a9fcb700 Compression algorithms supported:
2019/10/17-14:55:04.615765 7fc3a9fcb700 	kZSTDNotFinalCompression supported: 0
2019/10/17-14:55:04.615766 7fc3a9fcb700 	kZSTD supported: 0
2019/10/17-14:55:04.615767 7fc3a9fcb700 	kXpressCompression supported: 0
2019/10/17-14:55:04.615767 7fc3a9fcb700 	kLZ4HCCompression supported: 0
2019/10/17-14:55:04.615768 7fc3a9fcb700 	kLZ4Compression supported: 0
2019/10/17-14:55:04.615768 7fc3a9fcb700 	kBZip2Compression supported: 0
2019/10/17-14:55:04.615769 7fc3a9fcb700 	kZlibCompression supported: 0
2019/10/17-14:55:04.615770 7fc3a9fcb700 	kSnappyCompression supported: 0
2019/10/17-14:55:04.615771 7fc3a9fcb700 Fast CRC32 supported: Supported on x86
2019/10/17-14:55:04.615838 7fc3a9fcb700 [db/version_set.cc:3507] Recovering from manifest file: MANIFEST-116278
2019/10/17-14:55:04.615861 7fc3a9fcb700 [db/column_family.cc:472] --------------- Options for column family [default]:
2019/10/17-14:55:04.615862 7fc3a9fcb700               Options.comparator: leveldb.BytewiseComparator
2019/10/17-14:55:04.615863 7fc3a9fcb700           Options.merge_operator: None
2019/10/17-14:55:04.615864 7fc3a9fcb700        Options.compaction_filter: None
2019/10/17-14:55:04.615864 7fc3a9fcb700        Options.compaction_filter_factory: None
2019/10/17-14:55:04.615865 7fc3a9fcb700         Options.memtable_factory: SkipListFactory
2019/10/17-14:55:04.615865 7fc3a9fcb700            Options.table_factory: BlockBasedTable
2019/10/17-14:55:04.615876 7fc3a9fcb700            table_factory options:   flush_block_policy_factory: FlushBlockBySizePolicyFactory (0x7fc35010f190)
  cache_index_and_filter_blocks: 0
  cache_index_and_filter_blocks_with_high_priority: 0
  pin_l0_filter_and_index_blocks_in_cache: 0
  pin_top_level_index_and_filter: 1
  index_type: 0
  hash_index_allow_collision: 1
  checksum: 1
  no_block_cache: 0
  block_cache: 0x7fc350117950
  block_cache_name: LRUCache
  block_cache_options:
    capacity : 8388608
    num_shard_bits : 4
    strict_capacity_limit : 0
    memory_allocator : None
    high_pri_pool_ratio: 0.000
  block_cache_compressed: (nil)
  persistent_cache: (nil)
  block_size: 4096
  block_size_deviation: 10
  block_restart_interval: 16
  index_block_restart_interval: 1
  metadata_block_size: 4096
  partition_filters: 0
  use_delta_encoding: 1
  filter_policy: nullptr
  whole_key_filtering: 1
  verify_compression: 0
  read_amp_bytes_per_bit: 0
  format_version: 2
  enable_index_compression: 1
  block_align: 0
2019/10/17-14:55:04.615882 7fc3a9fcb700        Options.write_buffer_size: 67108864
2019/10/17-14:55:04.615883 7fc3a9fcb700  Options.max_write_buffer_number: 2
2019/10/17-14:55:04.615883 7fc3a9fcb700          Options.compression: NoCompression
2019/10/17-14:55:04.615884 7fc3a9fcb700                  Options.bottommost_compression: Disabled
2019/10/17-14:55:04.615884 7fc3a9fcb700       Options.prefix_extractor: nullptr
2019/10/17-14:55:04.615885 7fc3a9fcb700   Options.memtable_insert_with_hint_prefix_extractor: nullptr
2019/10/17-14:55:04.615886 7fc3a9fcb700             Options.num_levels: 7
2019/10/17-14:55:04.615886 7fc3a9fcb700        Options.min_write_buffer_number_to_merge: 1
2019/10/17-14:55:04.615887 7fc3a9fcb700     Options.max_write_buffer_number_to_maintain: 0
2019/10/17-14:55:04.615887 7fc3a9fcb700            Options.bottommost_compression_opts.window_bits: -14
2019/10/17-14:55:04.615888 7fc3a9fcb700                  Options.bottommost_compression_opts.level: 32767
2019/10/17-14:55:04.615888 7fc3a9fcb700               Options.bottommost_compression_opts.strategy: 0
2019/10/17-14:55:04.615889 7fc3a9fcb700         Options.bottommost_compression_opts.max_dict_bytes: 0
2019/10/17-14:55:04.615889 7fc3a9fcb700         Options.bottommost_compression_opts.zstd_max_train_bytes: 0
2019/10/17-14:55:04.615890 7fc3a9fcb700                  Options.bottommost_compression_opts.enabled: false
2019/10/17-14:55:04.615890 7fc3a9fcb700            Options.compression_opts.window_bits: -14
2019/10/17-14:55:04.615891 7fc3a9fcb700                  Options.compression_opts.level: 32767
2019/10/17-14:55:04.615892 7fc3a9fcb700               Options.compression_opts.strategy: 0
2019/10/17-14:55:04.615892 7fc3a9fcb700         Options.compression_opts.max_dict_bytes: 0
2019/10/17-14:55:04.615893 7fc3a9fcb700         Options.compression_opts.zstd_max_train_bytes: 0
2019/10/17-14:55:04.615893 7fc3a9fcb700                  Options.compression_opts.enabled: false
2019/10/17-14:55:04.615894 7fc3a9fcb700      Options.level0_file_num_compaction_trigger: 4
2019/10/17-14:55:04.615894 7fc3a9fcb700          Options.level0_slowdown_writes_trigger: 20
2019/10/17-14:55:04.615895 7fc3a9fcb700              Options.level0_stop_writes_trigger: 36
2019/10/17-14:55:04.615895 7fc3a9fcb700                   Options.target_file_size_base: 67108864
2019/10/17-14:55:04.615896 7fc3a9fcb700             Options.target_file_size_multiplier: 1
2019/10/17-14:55:04.615897 7fc3a9fcb700                Options.max_bytes_for_level_base: 268435456
2019/10/17-14:55:04.615897 7fc3a9fcb700 Options.level_compaction_dynamic_level_bytes: 0
2019/10/17-14:55:04.615898 7fc3a9fcb700          Options.max_bytes_for_level_multiplier: 10.000000
2019/10/17-14:55:04.615899 7fc3a9fcb700 Options.max_bytes_for_level_multiplier_addtl[0]: 1
2019/10/17-14:55:04.615900 7fc3a9fcb700 Options.max_bytes_for_level_multiplier_addtl[1]: 1
2019/10/17-14:55:04.615900 7fc3a9fcb700 Options.max_bytes_for_level_multiplier_addtl[2]: 1
2019/10/17-14:55:04.615901 7fc3a9fcb700 Options.max_bytes_for_level_multiplier_addtl[3]: 1
2019/10/17-14:55:04.615901 7fc3a9fcb700 Options.max_bytes_for_level_multiplier_addtl[4]: 1
2019/10/17-14:55:04.615905 7fc3a9fcb700 Options.max_bytes_for_level_multiplier_addtl[5]: 1
2019/10/17-14:55:04.615905 7fc3a9fcb700 Options.max_bytes_for_level_multiplier_addtl[6]: 1
2019/10/17-14:55:04.615906 7fc3a9fcb700       Options.max_sequential_skip_in_iterations: 8
2019/10/17-14:55:04.615906 7fc3a9fcb700                    Options.max_compaction_bytes: 1677721600
2019/10/17-14:55:04.615907 7fc3a9fcb700                        Options.arena_block_size: 8388608
2019/10/17-14:55:04.615908 7fc3a9fcb700   Options.soft_pending_compaction_bytes_limit: 68719476736
2019/10/17-14:55:04.615908 7fc3a9fcb700   Options.hard_pending_compaction_bytes_limit: 274877906944
2019/10/17-14:55:04.615909 7fc3a9fcb700       Options.rate_limit_delay_max_milliseconds: 100
2019/10/17-14:55:04.615909 7fc3a9fcb700                Options.disable_auto_compactions: 0
2019/10/17-14:55:04.615910 7fc3a9fcb700                        Options.compaction_style: kCompactionStyleLevel
2019/10/17-14:55:04.615911 7fc3a9fcb700                          Options.compaction_pri: kByCompensatedSize
2019/10/17-14:55:04.615912 7fc3a9fcb700 Options.compaction_options_universal.size_ratio: 1
2019/10/17-14:55:04.615912 7fc3a9fcb700 Options.compaction_options_universal.min_merge_width: 2
2019/10/17-14:55:04.615913 7fc3a9fcb700 Options.compaction_options_universal.max_merge_width: 4294967295
2019/10/17-14:55:04.615913 7fc3a9fcb700 Options.compaction_options_universal.max_size_amplification_percent: 200
2019/10/17-14:55:04.615914 7fc3a9fcb700 Options.compaction_options_universal.compression_size_percent: -1
2019/10/17-14:55:04.615915 7fc3a9fcb700 Options.compaction_options_universal.stop_style: kCompactionStopStyleTotalSize
2019/10/17-14:55:04.615915 7fc3a9fcb700 Options.compaction_options_fifo.max_table_files_size: 1073741824
2019/10/17-14:55:04.615916 7fc3a9fcb700 Options.compaction_options_fifo.allow_compaction: 0
2019/10/17-14:55:04.615917 7fc3a9fcb700 Options.compaction_options_fifo.ttl: 0
2019/10/17-14:55:04.615917 7fc3a9fcb700                   Options.table_properties_collectors: 
2019/10/17-14:55:04.615918 7fc3a9fcb700                   Options.inplace_update_support: 0
2019/10/17-14:55:04.615918 7fc3a9fcb700                 Options.inplace_update_num_locks: 10000
2019/10/17-14:55:04.615919 7fc3a9fcb700               Options.memtable_prefix_bloom_size_ratio: 0.000000
2019/10/17-14:55:04.615920 7fc3a9fcb700   Options.memtable_huge_page_size: 0
2019/10/17-14:55:04.615920 7fc3a9fcb700                           Options.bloom_locality: 0
2019/10/17-14:55:04.615921 7fc3a9fcb700                    Options.max_successive_merges: 0
2019/10/17-14:55:04.615921 7fc3a9fcb700                Options.optimize_filters_for_hits: 0
2019/10/17-14:55:04.615922 7fc3a9fcb700                Options.paranoid_file_checks: 0
2019/10/17-14:55:04.615922 7fc3a9fcb700                Options.force_consistency_checks: 0
2019/10/17-14:55:04.615923 7fc3a9fcb700                Options.report_bg_io_stats: 0
2019/10/17-14:55:04.615923 7fc3a9fcb700                               Options.ttl: 0
2019/10/17-14:55:04.615944 7fc3a9fcb700 [db/column_family.cc:472] --------------- Options for column family [active_gateways]:
2019/10/17-14:55:04.615945 7fc3a9fcb700               Options.comparator: leveldb.BytewiseComparator
2019/10/17-14:55:04.615945 7fc3a9fcb700           Options.merge_operator: None
2019/10/17-14:55:04.615946 7fc3a9fcb700        Options.compaction_filter: None
2019/10/17-14:55:04.615947 7fc3a9fcb700        Options.compaction_filter_factory: None
2019/10/17-14:55:04.615947 7fc3a9fcb700         Options.memtable_factory: SkipListFactory
2019/10/17-14:55:04.615948 7fc3a9fcb700            Options.table_factory: BlockBasedTable
2019/10/17-14:55:04.615955 7fc3a9fcb700            table_factory options:   flush_block_policy_factory: FlushBlockBySizePolicyFactory (0x7fc3500a06b0)
  cache_index_and_filter_blocks: 0
  cache_index_and_filter_blocks_with_high_priority: 0
  pin_l0_filter_and_index_blocks_in_cache: 0
  pin_top_level_index_and_filter: 1
  index_type: 0
  hash_index_allow_collision: 1
  checksum: 1
  no_block_cache: 0
  block_cache: 0x7fc3500453c0
  block_cache_name: LRUCache
  block_cache_options:
    capacity : 8388608
    num_shard_bits : 4
    strict_capacity_limit : 0
    memory_allocator : None
    high_pri_pool_ratio: 0.000
  block_cache_compressed: (nil)
  persistent_cache: (nil)
  block_size: 4096
  block_size_deviation: 10
  block_restart_interval: 16
  index_block_restart_interval: 1
  metadata_block_size: 4096
  partition_filters: 0
  use_delta_encoding: 1
  filter_policy: nullptr
  whole_key_filtering: 1
  verify_compression: 0
  read_amp_bytes_per_bit: 0
  format_version: 2
  enable_index_compression: 1
  block_align: 0
2019/10/17-14:55:04.615960 7fc3a9fcb700        Options.write_buffer_size: 67108864
2019/10/17-14:55:04.615960 7fc3a9fcb700  Options.max_write_buffer_number: 2
2019/10/17-14:55:04.615961 7fc3a9fcb700          Options.compression: NoCompression
2019/10/17-14:55:04.615962 7fc3a9fcb700                  Options.bottommost_compression: Disabled
2019/10/17-14:55:04.615962 7fc3a9fcb700       Options.prefix_extractor: nullptr
2019/10/17-14:55:04.615963 7fc3a9fcb700   Options.memtable_insert_with_hint_prefix_extractor: nullptr
2019/10/17-14:55:04.615963 7fc3a9fcb700             Options.num_levels: 7
2019/10/17-14:55:04.615964 7fc3a9fcb700        Options.min_write_buffer_number_to_merge: 1
2019/10/17-14:55:04.615964 7fc3a9fcb700     Options.max_write_buffer_number_to_maintain: 0
2019/10/17-14:55:04.615965 7fc3a9fcb700            Options.bottommost_compression_opts.window_bits: -14
2019/10/17-14:55:04.615965 7fc3a9fcb700                  Options.bottommost_compression_opts.level: 32767
2019/10/17-14:55:04.615966 7fc3a9fcb700               Options.bottommost_compression_opts.strategy: 0
2019/10/17-14:55:04.615966 7fc3a9fcb700         Options.bottommost_compression_opts.max_dict_bytes: 0
2019/10/17-14:55:04.615967 7fc3a9fcb700         Options.bottommost_compression_opts.zstd_max_train_bytes: 0
2019/10/17-14:55:04.615967 7fc3a9fcb700                  Options.bottommost_compression_opts.enabled: false
2019/10/17-14:55:04.615968 7fc3a9fcb700            Options.compression_opts.window_bits: -14
2019/10/17-14:55:04.615969 7fc3a9fcb700                  Options.compression_opts.level: 32767
2019/10/17-14:55:04.615969 7fc3a9fcb700               Options.compression_opts.strategy: 0
2019/10/17-14:55:04.615970 7fc3a9fcb700         Options.compression_opts.max_dict_bytes: 0
2019/10/17-14:55:04.615970 7fc3a9fcb700         Options.compression_opts.zstd_max_train_bytes: 0
2019/10/17-14:55:04.615971 7fc3a9fcb700                  Options.compression_opts.enabled: false
2019/10/17-14:55:04.615971 7fc3a9fcb700      Options.level0_file_num_compaction_trigger: 4
2019/10/17-14:55:04.615972 7fc3a9fcb700          Options.level0_slowdown_writes_trigger: 20
2019/10/17-14:55:04.615972 7fc3a9fcb700              Options.level0_stop_writes_trigger: 36
2019/10/17-14:55:04.615973 7fc3a9fcb700                   Options.target_file_size_base: 67108864
2019/10/17-14:55:04.615973 7fc3a9fcb700             Options.target_file_size_multiplier: 1
2019/10/17-14:55:04.615974 7fc3a9fcb700                Options.max_bytes_for_level_base: 268435456
2019/10/17-14:55:04.615974 7fc3a9fcb700 Options.level_compaction_dynamic_level_bytes: 0
2019/10/17-14:55:04.615975 7fc3a9fcb700          Options.max_bytes_for_level_multiplier: 10.000000
2019/10/17-14:55:04.615976 7fc3a9fcb700 Options.max_bytes_for_level_multiplier_addtl[0]: 1
2019/10/17-14:55:04.615977 7fc3a9fcb700 Options.max_bytes_for_level_multiplier_addtl[1]: 1
2019/10/17-14:55:04.615977 7fc3a9fcb700 Options.max_bytes_for_level_multiplier_addtl[2]: 1
2019/10/17-14:55:04.615978 7fc3a9fcb700 Options.max_bytes_for_level_multiplier_addtl[3]: 1
2019/10/17-14:55:04.615978 7fc3a9fcb700 Options.max_bytes_for_level_multiplier_addtl[4]: 1
2019/10/17-14:55:04.615979 7fc3a9fcb700 Options.max_bytes_for_level_multiplier_addtl[5]: 1
2019/10/17-14:55:04.615979 7fc3a9fcb700 Options.max_bytes_for_level_multiplier_addtl[6]: 1
2019/10/17-14:55:04.615980 7fc3a9fcb700       Options.max_sequential_skip_in_iterations: 8
2019/10/17-14:55:04.615983 7fc3a9fcb700                    Options.max_compaction_bytes: 1677721600
2019/10/17-14:55:04.615984 7fc3a9fcb700                        Options.arena_block_size: 8388608
2019/10/17-14:55:04.615985 7fc3a9fcb700   Options.soft_pending_compaction_bytes_limit: 68719476736
2019/10/17-14:55:04.615985 7fc3a9fcb700   Options.hard_pending_compaction_bytes_limit: 274877906944
2019/10/17-14:55:04.615986 7fc3a9fcb700       Options.rate_limit_delay_max_milliseconds: 100
2019/10/17-14:55:04.615986 7fc3a9fcb700                Options.disable_auto_compactions: 0
2019/10/17-14:55:04.615987 7fc3a9fcb700                        Options.compaction_style: kCompactionStyleLevel
2019/10/17-14:55:04.615988 7fc3a9fcb700                          Options.compaction_pri: kByCompensatedSize
2019/10/17-14:55:04.615988 7fc3a9fcb700 Options.compaction_options_universal.size_ratio: 1
2019/10/17-14:55:04.615989 7fc3a9fcb700 Options.compaction_options_universal.min_merge_width: 2
2019/10/17-14:55:04.615989 7fc3a9fcb700 Options.compaction_options_universal.max_merge_width: 4294967295
2019/10/17-14:55:04.615990 7fc3a9fcb700 Options.compaction_options_universal.max_size_amplification_percent: 200
2019/10/17-14:55:04.615991 7fc3a9fcb700 Options.compaction_options_universal.compression_size_percent: -1
2019/10/17-14:55:04.615991 7fc3a9fcb700 Options.compaction_options_universal.stop_style: kCompactionStopStyleTotalSize
2019/10/17-14:55:04.615992 7fc3a9fcb700 Options.compaction_options_fifo.max_table_files_size: 1073741824
2019/10/17-14:55:04.615992 7fc3a9fcb700 Options.compaction_options_fifo.allow_compaction: 0
2019/10/17-14:55:04.615993 7fc3a9fcb700 Options.compaction_options_fifo.ttl: 0
2019/10/17-14:55:04.615993 7fc3a9fcb700                   Options.table_properties_collectors: 
2019/10/17-14:55:04.615994 7fc3a9fcb700                   Options.inplace_update_support: 0
2019/10/17-14:55:04.615994 7fc3a9fcb700                 Options.inplace_update_num_locks: 10000
2019/10/17-14:55:04.615995 7fc3a9fcb700               Options.memtable_prefix_bloom_size_ratio: 0.000000
2019/10/17-14:55:04.615996 7fc3a9fcb700   Options.memtable_huge_page_size: 0
2019/10/17-14:55:04.615996 7fc3a9fcb700                           Options.bloom_locality: 0
2019/10/17-14:55:04.615997 7fc3a9fcb700                    Options.max_successive_merges: 0
2019/10/17-14:55:04.615997 7fc3a9fcb700                Options.optimize_filters_for_hits: 0
2019/10/17-14:55:04.615998 7fc3a9fcb700                Options.paranoid_file_checks: 0
2019/10/17-14:55:04.615998 7fc3a9fcb700                Options.force_consistency_checks: 0
2019/10/17-14:55:04.615999 7fc3a9fcb700                Options.report_bg_io_stats: 0
2019/10/17-14:55:04.615999 7fc3a9fcb700                               Options.ttl: 0
2019/10/17-14:55:04.616010 7fc3a9fcb700 [db/column_family.cc:472] --------------- Options for column family [entries]:
2019/10/17-14:55:04.616011 7fc3a9fcb700               Options.comparator: leveldb.BytewiseComparator
2019/10/17-14:55:04.616012 7fc3a9fcb700           Options.merge_operator: None
2019/10/17-14:55:04.616013 7fc3a9fcb700        Options.compaction_filter: None
2019/10/17-14:55:04.616013 7fc3a9fcb700        Options.compaction_filter_factory: None
2019/10/17-14:55:04.616014 7fc3a9fcb700         Options.memtable_factory: SkipListFactory
2019/10/17-14:55:04.616014 7fc3a9fcb700            Options.table_factory: BlockBasedTable
2019/10/17-14:55:04.616021 7fc3a9fcb700            table_factory options:   flush_block_policy_factory: FlushBlockBySizePolicyFactory (0x7fc350061470)
  cache_index_and_filter_blocks: 0
  cache_index_and_filter_blocks_with_high_priority: 0
  pin_l0_filter_and_index_blocks_in_cache: 0
  pin_top_level_index_and_filter: 1
  index_type: 0
  hash_index_allow_collision: 1
  checksum: 1
  no_block_cache: 0
  block_cache: 0x7fc350035b60
  block_cache_name: LRUCache
  block_cache_options:
    capacity : 8388608
    num_shard_bits : 4
    strict_capacity_limit : 0
    memory_allocator : None
    high_pri_pool_ratio: 0.000
  block_cache_compressed: (nil)
  persistent_cache: (nil)
  block_size: 4096
  block_size_deviation: 10
  block_restart_interval: 16
  index_block_restart_interval: 1
  metadata_block_size: 4096
  partition_filters: 0
  use_delta_encoding: 1
  filter_policy: nullptr
  whole_key_filtering: 1
  verify_compression: 0
  read_amp_bytes_per_bit: 0
  format_version: 2
  enable_index_compression: 1
  block_align: 0
2019/10/17-14:55:04.616025 7fc3a9fcb700        Options.write_buffer_size: 67108864
2019/10/17-14:55:04.616026 7fc3a9fcb700  Options.max_write_buffer_number: 2
2019/10/17-14:55:04.616026 7fc3a9fcb700          Options.compression: NoCompression
2019/10/17-14:55:04.616027 7fc3a9fcb700                  Options.bottommost_compression: Disabled
2019/10/17-14:55:04.616027 7fc3a9fcb700       Options.prefix_extractor: nullptr
2019/10/17-14:55:04.616028 7fc3a9fcb700   Options.memtable_insert_with_hint_prefix_extractor: nullptr
2019/10/17-14:55:04.616028 7fc3a9fcb700             Options.num_levels: 7
2019/10/17-14:55:04.616029 7fc3a9fcb700        Options.min_write_buffer_number_to_merge: 1
2019/10/17-14:55:04.616029 7fc3a9fcb700     Options.max_write_buffer_number_to_maintain: 0
2019/10/17-14:55:04.616030 7fc3a9fcb700            Options.bottommost_compression_opts.window_bits: -14
2019/10/17-14:55:04.616030 7fc3a9fcb700                  Options.bottommost_compression_opts.level: 32767
2019/10/17-14:55:04.616031 7fc3a9fcb700               Options.bottommost_compression_opts.strategy: 0
2019/10/17-14:55:04.616031 7fc3a9fcb700         Options.bottommost_compression_opts.max_dict_bytes: 0
2019/10/17-14:55:04.616032 7fc3a9fcb700         Options.bottommost_compression_opts.zstd_max_train_bytes: 0
2019/10/17-14:55:04.616033 7fc3a9fcb700                  Options.bottommost_compression_opts.enabled: false
2019/10/17-14:55:04.616033 7fc3a9fcb700            Options.compression_opts.window_bits: -14
2019/10/17-14:55:04.616034 7fc3a9fcb700                  Options.compression_opts.level: 32767
2019/10/17-14:55:04.616034 7fc3a9fcb700               Options.compression_opts.strategy: 0
2019/10/17-14:55:04.616035 7fc3a9fcb700         Options.compression_opts.max_dict_bytes: 0
2019/10/17-14:55:04.616035 7fc3a9fcb700         Options.compression_opts.zstd_max_train_bytes: 0
2019/10/17-14:55:04.616036 7fc3a9fcb700                  Options.compression_opts.enabled: false
2019/10/17-14:55:04.616036 7fc3a9fcb700      Options.level0_file_num_compaction_trigger: 4
2019/10/17-14:55:04.616037 7fc3a9fcb700          Options.level0_slowdown_writes_trigger: 20
2019/10/17-14:55:04.616037 7fc3a9fcb700              Options.level0_stop_writes_trigger: 36
2019/10/17-14:55:04.616038 7fc3a9fcb700                   Options.target_file_size_base: 67108864
2019/10/17-14:55:04.616038 7fc3a9fcb700             Options.target_file_size_multiplier: 1
2019/10/17-14:55:04.616039 7fc3a9fcb700                Options.max_bytes_for_level_base: 268435456
2019/10/17-14:55:04.616040 7fc3a9fcb700 Options.level_compaction_dynamic_level_bytes: 0
2019/10/17-14:55:04.616040 7fc3a9fcb700          Options.max_bytes_for_level_multiplier: 10.000000
2019/10/17-14:55:04.616041 7fc3a9fcb700 Options.max_bytes_for_level_multiplier_addtl[0]: 1
2019/10/17-14:55:04.616042 7fc3a9fcb700 Options.max_bytes_for_level_multiplier_addtl[1]: 1
2019/10/17-14:55:04.616042 7fc3a9fcb700 Options.max_bytes_for_level_multiplier_addtl[2]: 1
2019/10/17-14:55:04.616043 7fc3a9fcb700 Options.max_bytes_for_level_multiplier_addtl[3]: 1
2019/10/17-14:55:04.616043 7fc3a9fcb700 Options.max_bytes_for_level_multiplier_addtl[4]: 1
2019/10/17-14:55:04.616044 7fc3a9fcb700 Options.max_bytes_for_level_multiplier_addtl[5]: 1
2019/10/17-14:55:04.616044 7fc3a9fcb700 Options.max_bytes_for_level_multiplier_addtl[6]: 1
2019/10/17-14:55:04.616045 7fc3a9fcb700       Options.max_sequential_skip_in_iterations: 8
2019/10/17-14:55:04.616045 7fc3a9fcb700                    Options.max_compaction_bytes: 1677721600
2019/10/17-14:55:04.616046 7fc3a9fcb700                        Options.arena_block_size: 8388608
2019/10/17-14:55:04.616047 7fc3a9fcb700   Options.soft_pending_compaction_bytes_limit: 68719476736
2019/10/17-14:55:04.616050 7fc3a9fcb700   Options.hard_pending_compaction_bytes_limit: 274877906944
2019/10/17-14:55:04.616050 7fc3a9fcb700       Options.rate_limit_delay_max_milliseconds: 100
2019/10/17-14:55:04.616051 7fc3a9fcb700                Options.disable_auto_compactions: 0
2019/10/17-14:55:04.616052 7fc3a9fcb700                        Options.compaction_style: kCompactionStyleLevel
2019/10/17-14:55:04.616052 7fc3a9fcb700                          Options.compaction_pri: kByCompensatedSize
2019/10/17-14:55:04.616053 7fc3a9fcb700 Options.compaction_options_universal.size_ratio: 1
2019/10/17-14:55:04.616053 7fc3a9fcb700 Options.compaction_options_universal.min_merge_width: 2
2019/10/17-14:55:04.616054 7fc3a9fcb700 Options.compaction_options_universal.max_merge_width: 4294967295
2019/10/17-14:55:04.616055 7fc3a9fcb700 Options.compaction_options_universal.max_size_amplification_percent: 200
2019/10/17-14:55:04.616055 7fc3a9fcb700 Options.compaction_options_universal.compression_size_percent: -1
2019/10/17-14:55:04.616056 7fc3a9fcb700 Options.compaction_options_universal.stop_style: kCompactionStopStyleTotalSize
2019/10/17-14:55:04.616056 7fc3a9fcb700 Options.compaction_options_fifo.max_table_files_size: 1073741824
2019/10/17-14:55:04.616057 7fc3a9fcb700 Options.compaction_options_fifo.allow_compaction: 0
2019/10/17-14:55:04.616057 7fc3a9fcb700 Options.compaction_options_fifo.ttl: 0
2019/10/17-14:55:04.616058 7fc3a9fcb700                   Options.table_properties_collectors: 
2019/10/17-14:55:04.616058 7fc3a9fcb700                   Options.inplace_update_support: 0
2019/10/17-14:55:04.616059 7fc3a9fcb700                 Options.inplace_update_num_locks: 10000
2019/10/17-14:55:04.616059 7fc3a9fcb700               Options.memtable_prefix_bloom_size_ratio: 0.000000
2019/10/17-14:55:04.616060 7fc3a9fcb700   Options.memtable_huge_page_size: 0
2019/10/17-14:55:04.616061 7fc3a9fcb700                           Options.bloom_locality: 0
2019/10/17-14:55:04.616061 7fc3a9fcb700                    Options.max_successive_merges: 0
2019/10/17-14:55:04.616062 7fc3a9fcb700                Options.optimize_filters_for_hits: 0
2019/10/17-14:55:04.616062 7fc3a9fcb700                Options.paranoid_file_checks: 0
2019/10/17-14:55:04.616063 7fc3a9fcb700                Options.force_consistency_checks: 0
2019/10/17-14:55:04.616063 7fc3a9fcb700                Options.report_bg_io_stats: 0
2019/10/17-14:55:04.616064 7fc3a9fcb700                               Options.ttl: 0
2019/10/17-14:55:04.616074 7fc3a9fcb700 [db/column_family.cc:472] --------------- Options for column family [dc_entries]:
2019/10/17-14:55:04.616075 7fc3a9fcb700               Options.comparator: leveldb.BytewiseComparator
2019/10/17-14:55:04.616075 7fc3a9fcb700           Options.merge_operator: None
2019/10/17-14:55:04.616076 7fc3a9fcb700        Options.compaction_filter: None
2019/10/17-14:55:04.616076 7fc3a9fcb700        Options.compaction_filter_factory: None
2019/10/17-14:55:04.616077 7fc3a9fcb700         Options.memtable_factory: SkipListFactory
2019/10/17-14:55:04.616078 7fc3a9fcb700            Options.table_factory: BlockBasedTable
2019/10/17-14:55:04.616084 7fc3a9fcb700            table_factory options:   flush_block_policy_factory: FlushBlockBySizePolicyFactory (0x7fc35002cbf0)
  cache_index_and_filter_blocks: 0
  cache_index_and_filter_blocks_with_high_priority: 0
  pin_l0_filter_and_index_blocks_in_cache: 0
  pin_top_level_index_and_filter: 1
  index_type: 0
  hash_index_allow_collision: 1
  checksum: 1
  no_block_cache: 0
  block_cache: 0x7fc35003d1f0
  block_cache_name: LRUCache
  block_cache_options:
    capacity : 8388608
    num_shard_bits : 4
    strict_capacity_limit : 0
    memory_allocator : None
    high_pri_pool_ratio: 0.000
  block_cache_compressed: (nil)
  persistent_cache: (nil)
  block_size: 4096
  block_size_deviation: 10
  block_restart_interval: 16
  index_block_restart_interval: 1
  metadata_block_size: 4096
  partition_filters: 0
  use_delta_encoding: 1
  filter_policy: nullptr
  whole_key_filtering: 1
  verify_compression: 0
  read_amp_bytes_per_bit: 0
  format_version: 2
  enable_index_compression: 1
  block_align: 0
2019/10/17-14:55:04.616088 7fc3a9fcb700        Options.write_buffer_size: 67108864
2019/10/17-14:55:04.616089 7fc3a9fcb700  Options.max_write_buffer_number: 2
2019/10/17-14:55:04.616089 7fc3a9fcb700          Options.compression: NoCompression
2019/10/17-14:55:04.616090 7fc3a9fcb700                  Options.bottommost_compression: Disabled
2019/10/17-14:55:04.616090 7fc3a9fcb700       Options.prefix_extractor: nullptr
2019/10/17-14:55:04.616091 7fc3a9fcb700   Options.memtable_insert_with_hint_prefix_extractor: nullptr
2019/10/17-14:55:04.616091 7fc3a9fcb700             Options.num_levels: 7
2019/10/17-14:55:04.616092 7fc3a9fcb700        Options.min_write_buffer_number_to_merge: 1
2019/10/17-14:55:04.616092 7fc3a9fcb700     Options.max_write_buffer_number_to_maintain: 0
2019/10/17-14:55:04.616093 7fc3a9fcb700            Options.bottommost_compression_opts.window_bits: -14
2019/10/17-14:55:04.616093 7fc3a9fcb700                  Options.bottommost_compression_opts.level: 32767
2019/10/17-14:55:04.616094 7fc3a9fcb700               Options.bottommost_compression_opts.strategy: 0
2019/10/17-14:55:04.616095 7fc3a9fcb700         Options.bottommost_compression_opts.max_dict_bytes: 0
2019/10/17-14:55:04.616095 7fc3a9fcb700         Options.bottommost_compression_opts.zstd_max_train_bytes: 0
2019/10/17-14:55:04.616096 7fc3a9fcb700                  Options.bottommost_compression_opts.enabled: false
2019/10/17-14:55:04.616096 7fc3a9fcb700            Options.compression_opts.window_bits: -14
2019/10/17-14:55:04.616097 7fc3a9fcb700                  Options.compression_opts.level: 32767
2019/10/17-14:55:04.616097 7fc3a9fcb700               Options.compression_opts.strategy: 0
2019/10/17-14:55:04.616098 7fc3a9fcb700         Options.compression_opts.max_dict_bytes: 0
2019/10/17-14:55:04.616098 7fc3a9fcb700         Options.compression_opts.zstd_max_train_bytes: 0
2019/10/17-14:55:04.616099 7fc3a9fcb700                  Options.compression_opts.enabled: false
2019/10/17-14:55:04.616099 7fc3a9fcb700      Options.level0_file_num_compaction_trigger: 4
2019/10/17-14:55:04.616100 7fc3a9fcb700          Options.level0_slowdown_writes_trigger: 20
2019/10/17-14:55:04.616100 7fc3a9fcb700              Options.level0_stop_writes_trigger: 36
2019/10/17-14:55:04.616101 7fc3a9fcb700                   Options.target_file_size_base: 67108864
2019/10/17-14:55:04.616101 7fc3a9fcb700             Options.target_file_size_multiplier: 1
2019/10/17-14:55:04.616102 7fc3a9fcb700                Options.max_bytes_for_level_base: 268435456
2019/10/17-14:55:04.616103 7fc3a9fcb700 Options.level_compaction_dynamic_level_bytes: 0
2019/10/17-14:55:04.616103 7fc3a9fcb700          Options.max_bytes_for_level_multiplier: 10.000000
2019/10/17-14:55:04.616104 7fc3a9fcb700 Options.max_bytes_for_level_multiplier_addtl[0]: 1
2019/10/17-14:55:04.616105 7fc3a9fcb700 Options.max_bytes_for_level_multiplier_addtl[1]: 1
2019/10/17-14:55:04.616105 7fc3a9fcb700 Options.max_bytes_for_level_multiplier_addtl[2]: 1
2019/10/17-14:55:04.616106 7fc3a9fcb700 Options.max_bytes_for_level_multiplier_addtl[3]: 1
2019/10/17-14:55:04.616106 7fc3a9fcb700 Options.max_bytes_for_level_multiplier_addtl[4]: 1
2019/10/17-14:55:04.616107 7fc3a9fcb700 Options.max_bytes_for_level_multiplier_addtl[5]: 1
2019/10/17-14:55:04.616107 7fc3a9fcb700 Options.max_bytes_for_level_multiplier_addtl[6]: 1
2019/10/17-14:55:04.616108 7fc3a9fcb700       Options.max_sequential_skip_in_iterations: 8
2019/10/17-14:55:04.616108 7fc3a9fcb700                    Options.max_compaction_bytes: 1677721600
2019/10/17-14:55:04.616109 7fc3a9fcb700                        Options.arena_block_size: 8388608
2019/10/17-14:55:04.616110 7fc3a9fcb700   Options.soft_pending_compaction_bytes_limit: 68719476736
2019/10/17-14:55:04.616110 7fc3a9fcb700   Options.hard_pending_compaction_bytes_limit: 274877906944
2019/10/17-14:55:04.616111 7fc3a9fcb700       Options.rate_limit_delay_max_milliseconds: 100
2019/10/17-14:55:04.616111 7fc3a9fcb700                Options.disable_auto_compactions: 0
2019/10/17-14:55:04.616114 7fc3a9fcb700                        Options.compaction_style: kCompactionStyleLevel
2019/10/17-14:55:04.616115 7fc3a9fcb700                          Options.compaction_pri: kByCompensatedSize
2019/10/17-14:55:04.616116 7fc3a9fcb700 Options.compaction_options_universal.size_ratio: 1
2019/10/17-14:55:04.616116 7fc3a9fcb700 Options.compaction_options_universal.min_merge_width: 2
2019/10/17-14:55:04.616117 7fc3a9fcb700 Options.compaction_options_universal.max_merge_width: 4294967295
2019/10/17-14:55:04.616117 7fc3a9fcb700 Options.compaction_options_universal.max_size_amplification_percent: 200
2019/10/17-14:55:04.616118 7fc3a9fcb700 Options.compaction_options_universal.compression_size_percent: -1
2019/10/17-14:55:04.616118 7fc3a9fcb700 Options.compaction_options_universal.stop_style: kCompactionStopStyleTotalSize
2019/10/17-14:55:04.616119 7fc3a9fcb700 Options.compaction_options_fifo.max_table_files_size: 1073741824
2019/10/17-14:55:04.616119 7fc3a9fcb700 Options.compaction_options_fifo.allow_compaction: 0
2019/10/17-14:55:04.616120 7fc3a9fcb700 Options.compaction_options_fifo.ttl: 0
2019/10/17-14:55:04.616120 7fc3a9fcb700                   Options.table_properties_collectors: 
2019/10/17-14:55:04.616121 7fc3a9fcb700                   Options.inplace_update_support: 0
2019/10/17-14:55:04.616122 7fc3a9fcb700                 Options.inplace_update_num_locks: 10000
2019/10/17-14:55:04.616122 7fc3a9fcb700               Options.memtable_prefix_bloom_size_ratio: 0.000000
2019/10/17-14:55:04.616123 7fc3a9fcb700   Options.memtable_huge_page_size: 0
2019/10/17-14:55:04.616123 7fc3a9fcb700                           Options.bloom_locality: 0
2019/10/17-14:55:04.616124 7fc3a9fcb700                    Options.max_successive_merges: 0
2019/10/17-14:55:04.616124 7fc3a9fcb700                Options.optimize_filters_for_hits: 0
2019/10/17-14:55:04.616125 7fc3a9fcb700                Options.paranoid_file_checks: 0
2019/10/17-14:55:04.616125 7fc3a9fcb700                Options.force_consistency_checks: 0
2019/10/17-14:55:04.616126 7fc3a9fcb700                Options.report_bg_io_stats: 0
2019/10/17-14:55:04.616127 7fc3a9fcb700                               Options.ttl: 0
2019/10/17-14:55:04.616135 7fc3a9fcb700 [db/column_family.cc:472] --------------- Options for column family [htlcs]:
2019/10/17-14:55:04.616136 7fc3a9fcb700               Options.comparator: leveldb.BytewiseComparator
2019/10/17-14:55:04.616136 7fc3a9fcb700           Options.merge_operator: None
2019/10/17-14:55:04.616137 7fc3a9fcb700        Options.compaction_filter: None
2019/10/17-14:55:04.616138 7fc3a9fcb700        Options.compaction_filter_factory: None
2019/10/17-14:55:04.616138 7fc3a9fcb700         Options.memtable_factory: SkipListFactory
2019/10/17-14:55:04.616139 7fc3a9fcb700            Options.table_factory: BlockBasedTable
2019/10/17-14:55:04.616145 7fc3a9fcb700            table_factory options:   flush_block_policy_factory: FlushBlockBySizePolicyFactory (0x7fc35005f830)
