2019/10/17-14:54:04.547040 7fc3a9fcb700 RocksDB version: 5.18.3
2019/10/17-14:54:04.547149 7fc3a9fcb700 Git sha rocksdb_build_git_sha:@0@
2019/10/17-14:54:04.547152 7fc3a9fcb700 Compile date Sep 19 2019
2019/10/17-14:54:04.547154 7fc3a9fcb700 DB SUMMARY
2019/10/17-14:54:04.548362 7fc3a9fcb700 CURRENT file:  CURRENT
2019/10/17-14:54:04.548365 7fc3a9fcb700 IDENTITY file:  IDENTITY
2019/10/17-14:54:04.548414 7fc3a9fcb700 MANIFEST file:  MANIFEST-114637 size: 4114 Bytes
2019/10/17-14:54:04.548416 7fc3a9fcb700 SST files in /home/rahul/dev/blockchain-core/eqc/ledger.db dir, Total Num: 29, files: 000624.sst 000627.sst 106940.sst 108447.sst 108450.sst 109471.sst 109483.sst 109485.sst 109486.sst 
2019/10/17-14:54:04.548419 7fc3a9fcb700 Write Ahead Log file in /home/rahul/dev/blockchain-core/eqc/ledger.db: 114638.log size: 0 ; 
2019/10/17-14:54:04.548475 7fc3a9fcb700                         Options.error_if_exists: 0
2019/10/17-14:54:04.548477 7fc3a9fcb700                       Options.create_if_missing: 1
2019/10/17-14:54:04.548478 7fc3a9fcb700                         Options.paranoid_checks: 1
2019/10/17-14:54:04.548479 7fc3a9fcb700                                     Options.env: 0x7fc32ae1fc60
2019/10/17-14:54:04.548481 7fc3a9fcb700                                Options.info_log: 0x7fc350076320
2019/10/17-14:54:04.548482 7fc3a9fcb700                Options.max_file_opening_threads: 16
2019/10/17-14:54:04.548484 7fc3a9fcb700                              Options.statistics: (nil)
2019/10/17-14:54:04.548485 7fc3a9fcb700                               Options.use_fsync: 0
2019/10/17-14:54:04.548486 7fc3a9fcb700                       Options.max_log_file_size: 0
2019/10/17-14:54:04.548488 7fc3a9fcb700                  Options.max_manifest_file_size: 1073741824
2019/10/17-14:54:04.548489 7fc3a9fcb700                   Options.log_file_time_to_roll: 0
2019/10/17-14:54:04.548490 7fc3a9fcb700                       Options.keep_log_file_num: 1000
2019/10/17-14:54:04.548492 7fc3a9fcb700                    Options.recycle_log_file_num: 0
2019/10/17-14:54:04.548493 7fc3a9fcb700                         Options.allow_fallocate: 1
2019/10/17-14:54:04.548494 7fc3a9fcb700                        Options.allow_mmap_reads: 0
2019/10/17-14:54:04.548496 7fc3a9fcb700                       Options.allow_mmap_writes: 0
2019/10/17-14:54:04.548497 7fc3a9fcb700                        Options.use_direct_reads: 0
2019/10/17-14:54:04.548498 7fc3a9fcb700                        Options.use_direct_io_for_flush_and_compaction: 0
2019/10/17-14:54:04.548499 7fc3a9fcb700          Options.create_missing_column_families: 0
2019/10/17-14:54:04.548501 7fc3a9fcb700                              Options.db_log_dir: 
2019/10/17-14:54:04.548502 7fc3a9fcb700                                 Options.wal_dir: /home/rahul/dev/blockchain-core/eqc/ledger.db
2019/10/17-14:54:04.548503 7fc3a9fcb700                Options.table_cache_numshardbits: 6
2019/10/17-14:54:04.548505 7fc3a9fcb700                      Options.max_subcompactions: 1
2019/10/17-14:54:04.548506 7fc3a9fcb700                  Options.max_background_flushes: -1
2019/10/17-14:54:04.548507 7fc3a9fcb700                         Options.WAL_ttl_seconds: 0
2019/10/17-14:54:04.548509 7fc3a9fcb700                       Options.WAL_size_limit_MB: 0
2019/10/17-14:54:04.548510 7fc3a9fcb700             Options.manifest_preallocation_size: 4194304
2019/10/17-14:54:04.548511 7fc3a9fcb700                     Options.is_fd_close_on_exec: 1
2019/10/17-14:54:04.548512 7fc3a9fcb700                   Options.advise_random_on_open: 1
2019/10/17-14:54:04.548514 7fc3a9fcb700                    Options.db_write_buffer_size: 0
2019/10/17-14:54:04.548515 7fc3a9fcb700                    Options.write_buffer_manager: 0x7fc350029f20
2019/10/17-14:54:04.548516 7fc3a9fcb700         Options.access_hint_on_compaction_start: 1
2019/10/17-14:54:04.548517 7fc3a9fcb700  Options.new_table_reader_for_compaction_inputs: 0
2019/10/17-14:54:04.548519 7fc3a9fcb700           Options.random_access_max_buffer_size: 1048576
2019/10/17-14:54:04.548520 7fc3a9fcb700                      Options.use_adaptive_mutex: 0
2019/10/17-14:54:04.548521 7fc3a9fcb700                            Options.rate_limiter: (nil)
2019/10/17-14:54:04.548537 7fc3a9fcb700     Options.sst_file_manager.rate_bytes_per_sec: 0
2019/10/17-14:54:04.548538 7fc3a9fcb700                       Options.wal_recovery_mode: 2
2019/10/17-14:54:04.548539 7fc3a9fcb700                  Options.enable_thread_tracking: 0
2019/10/17-14:54:04.548541 7fc3a9fcb700                  Options.enable_pipelined_write: 0
2019/10/17-14:54:04.548542 7fc3a9fcb700         Options.allow_concurrent_memtable_write: 1
2019/10/17-14:54:04.548543 7fc3a9fcb700      Options.enable_write_thread_adaptive_yield: 1
2019/10/17-14:54:04.548544 7fc3a9fcb700             Options.write_thread_max_yield_usec: 100
2019/10/17-14:54:04.548546 7fc3a9fcb700            Options.write_thread_slow_yield_usec: 3
2019/10/17-14:54:04.548547 7fc3a9fcb700                               Options.row_cache: None
2019/10/17-14:54:04.548548 7fc3a9fcb700                              Options.wal_filter: None
2019/10/17-14:54:04.548550 7fc3a9fcb700             Options.avoid_flush_during_recovery: 0
2019/10/17-14:54:04.548551 7fc3a9fcb700             Options.allow_ingest_behind: 0
2019/10/17-14:54:04.548552 7fc3a9fcb700             Options.preserve_deletes: 0
2019/10/17-14:54:04.548554 7fc3a9fcb700             Options.two_write_queues: 0
2019/10/17-14:54:04.548555 7fc3a9fcb700             Options.manual_wal_flush: 0
2019/10/17-14:54:04.548556 7fc3a9fcb700             Options.max_background_jobs: 2
2019/10/17-14:54:04.548557 7fc3a9fcb700             Options.max_background_compactions: -1
2019/10/17-14:54:04.548559 7fc3a9fcb700             Options.avoid_flush_during_shutdown: 0
2019/10/17-14:54:04.548560 7fc3a9fcb700           Options.writable_file_max_buffer_size: 1048576
2019/10/17-14:54:04.548561 7fc3a9fcb700             Options.delayed_write_rate : 16777216
2019/10/17-14:54:04.548563 7fc3a9fcb700             Options.max_total_wal_size: 0
2019/10/17-14:54:04.548564 7fc3a9fcb700             Options.delete_obsolete_files_period_micros: 21600000000
2019/10/17-14:54:04.548565 7fc3a9fcb700                   Options.stats_dump_period_sec: 600
2019/10/17-14:54:04.548567 7fc3a9fcb700                          Options.max_open_files: -1
2019/10/17-14:54:04.548568 7fc3a9fcb700                          Options.bytes_per_sync: 0
2019/10/17-14:54:04.548569 7fc3a9fcb700                      Options.wal_bytes_per_sync: 0
2019/10/17-14:54:04.548570 7fc3a9fcb700       Options.compaction_readahead_size: 0
2019/10/17-14:54:04.548571 7fc3a9fcb700 Compression algorithms supported:
2019/10/17-14:54:04.548573 7fc3a9fcb700 	kZSTDNotFinalCompression supported: 0
2019/10/17-14:54:04.548575 7fc3a9fcb700 	kZSTD supported: 0
2019/10/17-14:54:04.548576 7fc3a9fcb700 	kXpressCompression supported: 0
2019/10/17-14:54:04.548578 7fc3a9fcb700 	kLZ4HCCompression supported: 0
2019/10/17-14:54:04.548579 7fc3a9fcb700 	kLZ4Compression supported: 0
2019/10/17-14:54:04.548581 7fc3a9fcb700 	kBZip2Compression supported: 0
2019/10/17-14:54:04.548582 7fc3a9fcb700 	kZlibCompression supported: 0
2019/10/17-14:54:04.548583 7fc3a9fcb700 	kSnappyCompression supported: 0
2019/10/17-14:54:04.548586 7fc3a9fcb700 Fast CRC32 supported: Supported on x86
2019/10/17-14:54:04.548736 7fc3a9fcb700 [db/version_set.cc:3507] Recovering from manifest file: MANIFEST-114637
2019/10/17-14:54:04.548789 7fc3a9fcb700 [db/column_family.cc:472] --------------- Options for column family [default]:
2019/10/17-14:54:04.548792 7fc3a9fcb700               Options.comparator: leveldb.BytewiseComparator
2019/10/17-14:54:04.548793 7fc3a9fcb700           Options.merge_operator: None
2019/10/17-14:54:04.548795 7fc3a9fcb700        Options.compaction_filter: None
2019/10/17-14:54:04.548796 7fc3a9fcb700        Options.compaction_filter_factory: None
2019/10/17-14:54:04.548797 7fc3a9fcb700         Options.memtable_factory: SkipListFactory
2019/10/17-14:54:04.548799 7fc3a9fcb700            Options.table_factory: BlockBasedTable
2019/10/17-14:54:04.548822 7fc3a9fcb700            table_factory options:   flush_block_policy_factory: FlushBlockBySizePolicyFactory (0x7fc35008fec0)
  cache_index_and_filter_blocks: 0
  cache_index_and_filter_blocks_with_high_priority: 0
  pin_l0_filter_and_index_blocks_in_cache: 0
  pin_top_level_index_and_filter: 1
  index_type: 0
  hash_index_allow_collision: 1
  checksum: 1
  no_block_cache: 0
  block_cache: 0x7fc3500f3960
  block_cache_name: LRUCache
  block_cache_options:
    capacity : 8388608
    num_shard_bits : 4
    strict_capacity_limit : 0
    memory_allocator : None
    high_pri_pool_ratio: 0.000
  block_cache_compressed: (nil)
  persistent_cache: (nil)
  block_size: 4096
  block_size_deviation: 10
  block_restart_interval: 16
  index_block_restart_interval: 1
  metadata_block_size: 4096
  partition_filters: 0
  use_delta_encoding: 1
  filter_policy: nullptr
  whole_key_filtering: 1
  verify_compression: 0
  read_amp_bytes_per_bit: 0
  format_version: 2
  enable_index_compression: 1
  block_align: 0
2019/10/17-14:54:04.548836 7fc3a9fcb700        Options.write_buffer_size: 67108864
2019/10/17-14:54:04.548838 7fc3a9fcb700  Options.max_write_buffer_number: 2
2019/10/17-14:54:04.548839 7fc3a9fcb700          Options.compression: NoCompression
2019/10/17-14:54:04.548841 7fc3a9fcb700                  Options.bottommost_compression: Disabled
2019/10/17-14:54:04.548842 7fc3a9fcb700       Options.prefix_extractor: nullptr
2019/10/17-14:54:04.548843 7fc3a9fcb700   Options.memtable_insert_with_hint_prefix_extractor: nullptr
2019/10/17-14:54:04.548844 7fc3a9fcb700             Options.num_levels: 7
2019/10/17-14:54:04.548846 7fc3a9fcb700        Options.min_write_buffer_number_to_merge: 1
2019/10/17-14:54:04.548847 7fc3a9fcb700     Options.max_write_buffer_number_to_maintain: 0
2019/10/17-14:54:04.548848 7fc3a9fcb700            Options.bottommost_compression_opts.window_bits: -14
2019/10/17-14:54:04.548849 7fc3a9fcb700                  Options.bottommost_compression_opts.level: 32767
2019/10/17-14:54:04.548851 7fc3a9fcb700               Options.bottommost_compression_opts.strategy: 0
2019/10/17-14:54:04.548852 7fc3a9fcb700         Options.bottommost_compression_opts.max_dict_bytes: 0
2019/10/17-14:54:04.548853 7fc3a9fcb700         Options.bottommost_compression_opts.zstd_max_train_bytes: 0
2019/10/17-14:54:04.548855 7fc3a9fcb700                  Options.bottommost_compression_opts.enabled: false
2019/10/17-14:54:04.548856 7fc3a9fcb700            Options.compression_opts.window_bits: -14
2019/10/17-14:54:04.548857 7fc3a9fcb700                  Options.compression_opts.level: 32767
2019/10/17-14:54:04.548859 7fc3a9fcb700               Options.compression_opts.strategy: 0
2019/10/17-14:54:04.548860 7fc3a9fcb700         Options.compression_opts.max_dict_bytes: 0
2019/10/17-14:54:04.548861 7fc3a9fcb700         Options.compression_opts.zstd_max_train_bytes: 0
2019/10/17-14:54:04.548862 7fc3a9fcb700                  Options.compression_opts.enabled: false
2019/10/17-14:54:04.548863 7fc3a9fcb700      Options.level0_file_num_compaction_trigger: 4
2019/10/17-14:54:04.548865 7fc3a9fcb700          Options.level0_slowdown_writes_trigger: 20
2019/10/17-14:54:04.548866 7fc3a9fcb700              Options.level0_stop_writes_trigger: 36
2019/10/17-14:54:04.548867 7fc3a9fcb700                   Options.target_file_size_base: 67108864
2019/10/17-14:54:04.548869 7fc3a9fcb700             Options.target_file_size_multiplier: 1
2019/10/17-14:54:04.548870 7fc3a9fcb700                Options.max_bytes_for_level_base: 268435456
2019/10/17-14:54:04.548871 7fc3a9fcb700 Options.level_compaction_dynamic_level_bytes: 0
2019/10/17-14:54:04.548872 7fc3a9fcb700          Options.max_bytes_for_level_multiplier: 10.000000
2019/10/17-14:54:04.548875 7fc3a9fcb700 Options.max_bytes_for_level_multiplier_addtl[0]: 1
2019/10/17-14:54:04.548877 7fc3a9fcb700 Options.max_bytes_for_level_multiplier_addtl[1]: 1
2019/10/17-14:54:04.548878 7fc3a9fcb700 Options.max_bytes_for_level_multiplier_addtl[2]: 1
2019/10/17-14:54:04.548880 7fc3a9fcb700 Options.max_bytes_for_level_multiplier_addtl[3]: 1
2019/10/17-14:54:04.548881 7fc3a9fcb700 Options.max_bytes_for_level_multiplier_addtl[4]: 1
2019/10/17-14:54:04.548889 7fc3a9fcb700 Options.max_bytes_for_level_multiplier_addtl[5]: 1
2019/10/17-14:54:04.548890 7fc3a9fcb700 Options.max_bytes_for_level_multiplier_addtl[6]: 1
2019/10/17-14:54:04.548891 7fc3a9fcb700       Options.max_sequential_skip_in_iterations: 8
2019/10/17-14:54:04.548893 7fc3a9fcb700                    Options.max_compaction_bytes: 1677721600
2019/10/17-14:54:04.548894 7fc3a9fcb700                        Options.arena_block_size: 8388608
2019/10/17-14:54:04.548895 7fc3a9fcb700   Options.soft_pending_compaction_bytes_limit: 68719476736
2019/10/17-14:54:04.548897 7fc3a9fcb700   Options.hard_pending_compaction_bytes_limit: 274877906944
2019/10/17-14:54:04.548898 7fc3a9fcb700       Options.rate_limit_delay_max_milliseconds: 100
2019/10/17-14:54:04.548899 7fc3a9fcb700                Options.disable_auto_compactions: 0
2019/10/17-14:54:04.548902 7fc3a9fcb700                        Options.compaction_style: kCompactionStyleLevel
2019/10/17-14:54:04.548903 7fc3a9fcb700                          Options.compaction_pri: kByCompensatedSize
2019/10/17-14:54:04.548905 7fc3a9fcb700 Options.compaction_options_universal.size_ratio: 1
2019/10/17-14:54:04.548906 7fc3a9fcb700 Options.compaction_options_universal.min_merge_width: 2
2019/10/17-14:54:04.548907 7fc3a9fcb700 Options.compaction_options_universal.max_merge_width: 4294967295
2019/10/17-14:54:04.548908 7fc3a9fcb700 Options.compaction_options_universal.max_size_amplification_percent: 200
2019/10/17-14:54:04.548910 7fc3a9fcb700 Options.compaction_options_universal.compression_size_percent: -1
2019/10/17-14:54:04.548911 7fc3a9fcb700 Options.compaction_options_universal.stop_style: kCompactionStopStyleTotalSize
2019/10/17-14:54:04.548912 7fc3a9fcb700 Options.compaction_options_fifo.max_table_files_size: 1073741824
2019/10/17-14:54:04.548914 7fc3a9fcb700 Options.compaction_options_fifo.allow_compaction: 0
2019/10/17-14:54:04.548915 7fc3a9fcb700 Options.compaction_options_fifo.ttl: 0
2019/10/17-14:54:04.548916 7fc3a9fcb700                   Options.table_properties_collectors: 
2019/10/17-14:54:04.548918 7fc3a9fcb700                   Options.inplace_update_support: 0
2019/10/17-14:54:04.548919 7fc3a9fcb700                 Options.inplace_update_num_locks: 10000
2019/10/17-14:54:04.548920 7fc3a9fcb700               Options.memtable_prefix_bloom_size_ratio: 0.000000
2019/10/17-14:54:04.548922 7fc3a9fcb700   Options.memtable_huge_page_size: 0
2019/10/17-14:54:04.548924 7fc3a9fcb700                           Options.bloom_locality: 0
2019/10/17-14:54:04.548925 7fc3a9fcb700                    Options.max_successive_merges: 0
2019/10/17-14:54:04.548926 7fc3a9fcb700                Options.optimize_filters_for_hits: 0
2019/10/17-14:54:04.548927 7fc3a9fcb700                Options.paranoid_file_checks: 0
2019/10/17-14:54:04.548929 7fc3a9fcb700                Options.force_consistency_checks: 0
2019/10/17-14:54:04.548930 7fc3a9fcb700                Options.report_bg_io_stats: 0
2019/10/17-14:54:04.548931 7fc3a9fcb700                               Options.ttl: 0
2019/10/17-14:54:04.548973 7fc3a9fcb700 [db/column_family.cc:472] --------------- Options for column family [active_gateways]:
2019/10/17-14:54:04.548976 7fc3a9fcb700               Options.comparator: leveldb.BytewiseComparator
2019/10/17-14:54:04.548977 7fc3a9fcb700           Options.merge_operator: None
2019/10/17-14:54:04.548979 7fc3a9fcb700        Options.compaction_filter: None
2019/10/17-14:54:04.548980 7fc3a9fcb700        Options.compaction_filter_factory: None
2019/10/17-14:54:04.548981 7fc3a9fcb700         Options.memtable_factory: SkipListFactory
2019/10/17-14:54:04.548982 7fc3a9fcb700            Options.table_factory: BlockBasedTable
2019/10/17-14:54:04.549000 7fc3a9fcb700            table_factory options:   flush_block_policy_factory: FlushBlockBySizePolicyFactory (0x7fc3500db190)
  cache_index_and_filter_blocks: 0
  cache_index_and_filter_blocks_with_high_priority: 0
  pin_l0_filter_and_index_blocks_in_cache: 0
  pin_top_level_index_and_filter: 1
  index_type: 0
  hash_index_allow_collision: 1
  checksum: 1
  no_block_cache: 0
  block_cache: 0x7fc350045880
  block_cache_name: LRUCache
  block_cache_options:
    capacity : 8388608
    num_shard_bits : 4
    strict_capacity_limit : 0
    memory_allocator : None
    high_pri_pool_ratio: 0.000
  block_cache_compressed: (nil)
  persistent_cache: (nil)
  block_size: 4096
  block_size_deviation: 10
  block_restart_interval: 16
  index_block_restart_interval: 1
  metadata_block_size: 4096
  partition_filters: 0
  use_delta_encoding: 1
  filter_policy: nullptr
  whole_key_filtering: 1
  verify_compression: 0
  read_amp_bytes_per_bit: 0
  format_version: 2
  enable_index_compression: 1
  block_align: 0
2019/10/17-14:54:04.549011 7fc3a9fcb700        Options.write_buffer_size: 67108864
2019/10/17-14:54:04.549012 7fc3a9fcb700  Options.max_write_buffer_number: 2
2019/10/17-14:54:04.549014 7fc3a9fcb700          Options.compression: NoCompression
2019/10/17-14:54:04.549015 7fc3a9fcb700                  Options.bottommost_compression: Disabled
2019/10/17-14:54:04.549016 7fc3a9fcb700       Options.prefix_extractor: nullptr
2019/10/17-14:54:04.549018 7fc3a9fcb700   Options.memtable_insert_with_hint_prefix_extractor: nullptr
2019/10/17-14:54:04.549019 7fc3a9fcb700             Options.num_levels: 7
2019/10/17-14:54:04.549020 7fc3a9fcb700        Options.min_write_buffer_number_to_merge: 1
2019/10/17-14:54:04.549021 7fc3a9fcb700     Options.max_write_buffer_number_to_maintain: 0
2019/10/17-14:54:04.549023 7fc3a9fcb700            Options.bottommost_compression_opts.window_bits: -14
2019/10/17-14:54:04.549024 7fc3a9fcb700                  Options.bottommost_compression_opts.level: 32767
2019/10/17-14:54:04.549025 7fc3a9fcb700               Options.bottommost_compression_opts.strategy: 0
2019/10/17-14:54:04.549026 7fc3a9fcb700         Options.bottommost_compression_opts.max_dict_bytes: 0
2019/10/17-14:54:04.549028 7fc3a9fcb700         Options.bottommost_compression_opts.zstd_max_train_bytes: 0
2019/10/17-14:54:04.549029 7fc3a9fcb700                  Options.bottommost_compression_opts.enabled: false
2019/10/17-14:54:04.549030 7fc3a9fcb700            Options.compression_opts.window_bits: -14
2019/10/17-14:54:04.549031 7fc3a9fcb700                  Options.compression_opts.level: 32767
2019/10/17-14:54:04.549033 7fc3a9fcb700               Options.compression_opts.strategy: 0
2019/10/17-14:54:04.549034 7fc3a9fcb700         Options.compression_opts.max_dict_bytes: 0
2019/10/17-14:54:04.549035 7fc3a9fcb700         Options.compression_opts.zstd_max_train_bytes: 0
2019/10/17-14:54:04.549036 7fc3a9fcb700                  Options.compression_opts.enabled: false
2019/10/17-14:54:04.549038 7fc3a9fcb700      Options.level0_file_num_compaction_trigger: 4
2019/10/17-14:54:04.549039 7fc3a9fcb700          Options.level0_slowdown_writes_trigger: 20
2019/10/17-14:54:04.549040 7fc3a9fcb700              Options.level0_stop_writes_trigger: 36
2019/10/17-14:54:04.549041 7fc3a9fcb700                   Options.target_file_size_base: 67108864
2019/10/17-14:54:04.549043 7fc3a9fcb700             Options.target_file_size_multiplier: 1
2019/10/17-14:54:04.549044 7fc3a9fcb700                Options.max_bytes_for_level_base: 268435456
2019/10/17-14:54:04.549045 7fc3a9fcb700 Options.level_compaction_dynamic_level_bytes: 0
2019/10/17-14:54:04.549046 7fc3a9fcb700          Options.max_bytes_for_level_multiplier: 10.000000
2019/10/17-14:54:04.549049 7fc3a9fcb700 Options.max_bytes_for_level_multiplier_addtl[0]: 1
2019/10/17-14:54:04.549050 7fc3a9fcb700 Options.max_bytes_for_level_multiplier_addtl[1]: 1
2019/10/17-14:54:04.549051 7fc3a9fcb700 Options.max_bytes_for_level_multiplier_addtl[2]: 1
2019/10/17-14:54:04.549053 7fc3a9fcb700 Options.max_bytes_for_level_multiplier_addtl[3]: 1
2019/10/17-14:54:04.549054 7fc3a9fcb700 Options.max_bytes_for_level_multiplier_addtl[4]: 1
2019/10/17-14:54:04.549055 7fc3a9fcb700 Options.max_bytes_for_level_multiplier_addtl[5]: 1
2019/10/17-14:54:04.549056 7fc3a9fcb700 Options.max_bytes_for_level_multiplier_addtl[6]: 1
2019/10/17-14:54:04.549058 7fc3a9fcb700       Options.max_sequential_skip_in_iterations: 8
2019/10/17-14:54:04.549065 7fc3a9fcb700                    Options.max_compaction_bytes: 1677721600
2019/10/17-14:54:04.549066 7fc3a9fcb700                        Options.arena_block_size: 8388608
2019/10/17-14:54:04.549068 7fc3a9fcb700   Options.soft_pending_compaction_bytes_limit: 68719476736
2019/10/17-14:54:04.549069 7fc3a9fcb700   Options.hard_pending_compaction_bytes_limit: 274877906944
2019/10/17-14:54:04.549070 7fc3a9fcb700       Options.rate_limit_delay_max_milliseconds: 100
2019/10/17-14:54:04.549071 7fc3a9fcb700                Options.disable_auto_compactions: 0
2019/10/17-14:54:04.549073 7fc3a9fcb700                        Options.compaction_style: kCompactionStyleLevel
2019/10/17-14:54:04.549074 7fc3a9fcb700                          Options.compaction_pri: kByCompensatedSize
2019/10/17-14:54:04.549076 7fc3a9fcb700 Options.compaction_options_universal.size_ratio: 1
2019/10/17-14:54:04.549077 7fc3a9fcb700 Options.compaction_options_universal.min_merge_width: 2
2019/10/17-14:54:04.549078 7fc3a9fcb700 Options.compaction_options_universal.max_merge_width: 4294967295
2019/10/17-14:54:04.549079 7fc3a9fcb700 Options.compaction_options_universal.max_size_amplification_percent: 200
2019/10/17-14:54:04.549080 7fc3a9fcb700 Options.compaction_options_universal.compression_size_percent: -1
2019/10/17-14:54:04.549082 7fc3a9fcb700 Options.compaction_options_universal.stop_style: kCompactionStopStyleTotalSize
2019/10/17-14:54:04.549083 7fc3a9fcb700 Options.compaction_options_fifo.max_table_files_size: 1073741824
2019/10/17-14:54:04.549085 7fc3a9fcb700 Options.compaction_options_fifo.allow_compaction: 0
2019/10/17-14:54:04.549086 7fc3a9fcb700 Options.compaction_options_fifo.ttl: 0
2019/10/17-14:54:04.549087 7fc3a9fcb700                   Options.table_properties_collectors: 
2019/10/17-14:54:04.549088 7fc3a9fcb700                   Options.inplace_update_support: 0
2019/10/17-14:54:04.549090 7fc3a9fcb700                 Options.inplace_update_num_locks: 10000
2019/10/17-14:54:04.549091 7fc3a9fcb700               Options.memtable_prefix_bloom_size_ratio: 0.000000
2019/10/17-14:54:04.549093 7fc3a9fcb700   Options.memtable_huge_page_size: 0
2019/10/17-14:54:04.549094 7fc3a9fcb700                           Options.bloom_locality: 0
2019/10/17-14:54:04.549095 7fc3a9fcb700                    Options.max_successive_merges: 0
2019/10/17-14:54:04.549096 7fc3a9fcb700                Options.optimize_filters_for_hits: 0
2019/10/17-14:54:04.549098 7fc3a9fcb700                Options.paranoid_file_checks: 0
2019/10/17-14:54:04.549099 7fc3a9fcb700                Options.force_consistency_checks: 0
2019/10/17-14:54:04.549100 7fc3a9fcb700                Options.report_bg_io_stats: 0
2019/10/17-14:54:04.549101 7fc3a9fcb700                               Options.ttl: 0
2019/10/17-14:54:04.549127 7fc3a9fcb700 [db/column_family.cc:472] --------------- Options for column family [entries]:
2019/10/17-14:54:04.549130 7fc3a9fcb700               Options.comparator: leveldb.BytewiseComparator
2019/10/17-14:54:04.549131 7fc3a9fcb700           Options.merge_operator: None
2019/10/17-14:54:04.549132 7fc3a9fcb700        Options.compaction_filter: None
2019/10/17-14:54:04.549134 7fc3a9fcb700        Options.compaction_filter_factory: None
2019/10/17-14:54:04.549135 7fc3a9fcb700         Options.memtable_factory: SkipListFactory
2019/10/17-14:54:04.549136 7fc3a9fcb700            Options.table_factory: BlockBasedTable
2019/10/17-14:54:04.549152 7fc3a9fcb700            table_factory options:   flush_block_policy_factory: FlushBlockBySizePolicyFactory (0x7fc35002f0f0)
  cache_index_and_filter_blocks: 0
  cache_index_and_filter_blocks_with_high_priority: 0
  pin_l0_filter_and_index_blocks_in_cache: 0
  pin_top_level_index_and_filter: 1
  index_type: 0
  hash_index_allow_collision: 1
  checksum: 1
  no_block_cache: 0
  block_cache: 0x7fc35002cae0
  block_cache_name: LRUCache
  block_cache_options:
    capacity : 8388608
    num_shard_bits : 4
    strict_capacity_limit : 0
    memory_allocator : None
    high_pri_pool_ratio: 0.000
  block_cache_compressed: (nil)
  persistent_cache: (nil)
  block_size: 4096
  block_size_deviation: 10
  block_restart_interval: 16
  index_block_restart_interval: 1
  metadata_block_size: 4096
  partition_filters: 0
  use_delta_encoding: 1
  filter_policy: nullptr
  whole_key_filtering: 1
  verify_compression: 0
  read_amp_bytes_per_bit: 0
  format_version: 2
  enable_index_compression: 1
  block_align: 0
2019/10/17-14:54:04.549162 7fc3a9fcb700        Options.write_buffer_size: 67108864
2019/10/17-14:54:04.549163 7fc3a9fcb700  Options.max_write_buffer_number: 2
2019/10/17-14:54:04.549165 7fc3a9fcb700          Options.compression: NoCompression
2019/10/17-14:54:04.549166 7fc3a9fcb700                  Options.bottommost_compression: Disabled
2019/10/17-14:54:04.549167 7fc3a9fcb700       Options.prefix_extractor: nullptr
2019/10/17-14:54:04.549168 7fc3a9fcb700   Options.memtable_insert_with_hint_prefix_extractor: nullptr
2019/10/17-14:54:04.549170 7fc3a9fcb700             Options.num_levels: 7
2019/10/17-14:54:04.549171 7fc3a9fcb700        Options.min_write_buffer_number_to_merge: 1
2019/10/17-14:54:04.549172 7fc3a9fcb700     Options.max_write_buffer_number_to_maintain: 0
2019/10/17-14:54:04.549173 7fc3a9fcb700            Options.bottommost_compression_opts.window_bits: -14
2019/10/17-14:54:04.549175 7fc3a9fcb700                  Options.bottommost_compression_opts.level: 32767
2019/10/17-14:54:04.549176 7fc3a9fcb700               Options.bottommost_compression_opts.strategy: 0
2019/10/17-14:54:04.549177 7fc3a9fcb700         Options.bottommost_compression_opts.max_dict_bytes: 0
2019/10/17-14:54:04.549178 7fc3a9fcb700         Options.bottommost_compression_opts.zstd_max_train_bytes: 0
2019/10/17-14:54:04.549180 7fc3a9fcb700                  Options.bottommost_compression_opts.enabled: false
2019/10/17-14:54:04.549181 7fc3a9fcb700            Options.compression_opts.window_bits: -14
2019/10/17-14:54:04.549182 7fc3a9fcb700                  Options.compression_opts.level: 32767
2019/10/17-14:54:04.549183 7fc3a9fcb700               Options.compression_opts.strategy: 0
2019/10/17-14:54:04.549185 7fc3a9fcb700         Options.compression_opts.max_dict_bytes: 0
2019/10/17-14:54:04.549186 7fc3a9fcb700         Options.compression_opts.zstd_max_train_bytes: 0
2019/10/17-14:54:04.549187 7fc3a9fcb700                  Options.compression_opts.enabled: false
2019/10/17-14:54:04.549188 7fc3a9fcb700      Options.level0_file_num_compaction_trigger: 4
2019/10/17-14:54:04.549189 7fc3a9fcb700          Options.level0_slowdown_writes_trigger: 20
2019/10/17-14:54:04.549191 7fc3a9fcb700              Options.level0_stop_writes_trigger: 36
2019/10/17-14:54:04.549192 7fc3a9fcb700                   Options.target_file_size_base: 67108864
2019/10/17-14:54:04.549193 7fc3a9fcb700             Options.target_file_size_multiplier: 1
2019/10/17-14:54:04.549194 7fc3a9fcb700                Options.max_bytes_for_level_base: 268435456
2019/10/17-14:54:04.549196 7fc3a9fcb700 Options.level_compaction_dynamic_level_bytes: 0
2019/10/17-14:54:04.549197 7fc3a9fcb700          Options.max_bytes_for_level_multiplier: 10.000000
2019/10/17-14:54:04.549199 7fc3a9fcb700 Options.max_bytes_for_level_multiplier_addtl[0]: 1
2019/10/17-14:54:04.549200 7fc3a9fcb700 Options.max_bytes_for_level_multiplier_addtl[1]: 1
2019/10/17-14:54:04.549202 7fc3a9fcb700 Options.max_bytes_for_level_multiplier_addtl[2]: 1
2019/10/17-14:54:04.549203 7fc3a9fcb700 Options.max_bytes_for_level_multiplier_addtl[3]: 1
2019/10/17-14:54:04.549204 7fc3a9fcb700 Options.max_bytes_for_level_multiplier_addtl[4]: 1
2019/10/17-14:54:04.549205 7fc3a9fcb700 Options.max_bytes_for_level_multiplier_addtl[5]: 1
2019/10/17-14:54:04.549206 7fc3a9fcb700 Options.max_bytes_for_level_multiplier_addtl[6]: 1
2019/10/17-14:54:04.549208 7fc3a9fcb700       Options.max_sequential_skip_in_iterations: 8
2019/10/17-14:54:04.549209 7fc3a9fcb700                    Options.max_compaction_bytes: 1677721600
2019/10/17-14:54:04.549210 7fc3a9fcb700                        Options.arena_block_size: 8388608
2019/10/17-14:54:04.549211 7fc3a9fcb700   Options.soft_pending_compaction_bytes_limit: 68719476736
2019/10/17-14:54:04.549219 7fc3a9fcb700   Options.hard_pending_compaction_bytes_limit: 274877906944
2019/10/17-14:54:04.549220 7fc3a9fcb700       Options.rate_limit_delay_max_milliseconds: 100
2019/10/17-14:54:04.549221 7fc3a9fcb700                Options.disable_auto_compactions: 0
2019/10/17-14:54:04.549223 7fc3a9fcb700                        Options.compaction_style: kCompactionStyleLevel
2019/10/17-14:54:04.549224 7fc3a9fcb700                          Options.compaction_pri: kByCompensatedSize
2019/10/17-14:54:04.549226 7fc3a9fcb700 Options.compaction_options_universal.size_ratio: 1
2019/10/17-14:54:04.549227 7fc3a9fcb700 Options.compaction_options_universal.min_merge_width: 2
2019/10/17-14:54:04.549228 7fc3a9fcb700 Options.compaction_options_universal.max_merge_width: 4294967295
2019/10/17-14:54:04.549229 7fc3a9fcb700 Options.compaction_options_universal.max_size_amplification_percent: 200
2019/10/17-14:54:04.549231 7fc3a9fcb700 Options.compaction_options_universal.compression_size_percent: -1
2019/10/17-14:54:04.549232 7fc3a9fcb700 Options.compaction_options_universal.stop_style: kCompactionStopStyleTotalSize
2019/10/17-14:54:04.549233 7fc3a9fcb700 Options.compaction_options_fifo.max_table_files_size: 1073741824
2019/10/17-14:54:04.549235 7fc3a9fcb700 Options.compaction_options_fifo.allow_compaction: 0
2019/10/17-14:54:04.549236 7fc3a9fcb700 Options.compaction_options_fifo.ttl: 0
2019/10/17-14:54:04.549237 7fc3a9fcb700                   Options.table_properties_collectors: 
2019/10/17-14:54:04.549238 7fc3a9fcb700                   Options.inplace_update_support: 0
2019/10/17-14:54:04.549240 7fc3a9fcb700                 Options.inplace_update_num_locks: 10000
2019/10/17-14:54:04.549241 7fc3a9fcb700               Options.memtable_prefix_bloom_size_ratio: 0.000000
2019/10/17-14:54:04.549243 7fc3a9fcb700   Options.memtable_huge_page_size: 0
2019/10/17-14:54:04.549244 7fc3a9fcb700                           Options.bloom_locality: 0
2019/10/17-14:54:04.549245 7fc3a9fcb700                    Options.max_successive_merges: 0
2019/10/17-14:54:04.549246 7fc3a9fcb700                Options.optimize_filters_for_hits: 0
2019/10/17-14:54:04.549248 7fc3a9fcb700                Options.paranoid_file_checks: 0
2019/10/17-14:54:04.549249 7fc3a9fcb700                Options.force_consistency_checks: 0
2019/10/17-14:54:04.549250 7fc3a9fcb700                Options.report_bg_io_stats: 0
2019/10/17-14:54:04.549251 7fc3a9fcb700                               Options.ttl: 0
2019/10/17-14:54:04.549274 7fc3a9fcb700 [db/column_family.cc:472] --------------- Options for column family [dc_entries]:
2019/10/17-14:54:04.549276 7fc3a9fcb700               Options.comparator: leveldb.BytewiseComparator
2019/10/17-14:54:04.549278 7fc3a9fcb700           Options.merge_operator: None
2019/10/17-14:54:04.549279 7fc3a9fcb700        Options.compaction_filter: None
2019/10/17-14:54:04.549280 7fc3a9fcb700        Options.compaction_filter_factory: None
2019/10/17-14:54:04.549281 7fc3a9fcb700         Options.memtable_factory: SkipListFactory
2019/10/17-14:54:04.549283 7fc3a9fcb700            Options.table_factory: BlockBasedTable
2019/10/17-14:54:04.549298 7fc3a9fcb700            table_factory options:   flush_block_policy_factory: FlushBlockBySizePolicyFactory (0x7fc3500955e0)
  cache_index_and_filter_blocks: 0
  cache_index_and_filter_blocks_with_high_priority: 0
  pin_l0_filter_and_index_blocks_in_cache: 0
  pin_top_level_index_and_filter: 1
  index_type: 0
  hash_index_allow_collision: 1
  checksum: 1
  no_block_cache: 0
  block_cache: 0x7fc3500481b0
  block_cache_name: LRUCache
  block_cache_options:
    capacity : 8388608
    num_shard_bits : 4
    strict_capacity_limit : 0
    memory_allocator : None
    high_pri_pool_ratio: 0.000
  block_cache_compressed: (nil)
  persistent_cache: (nil)
  block_size: 4096
  block_size_deviation: 10
  block_restart_interval: 16
  index_block_restart_interval: 1
  metadata_block_size: 4096
  partition_filters: 0
  use_delta_encoding: 1
  filter_policy: nullptr
  whole_key_filtering: 1
  verify_compression: 0
  read_amp_bytes_per_bit: 0
  format_version: 2
  enable_index_compression: 1
  block_align: 0
2019/10/17-14:54:04.549308 7fc3a9fcb700        Options.write_buffer_size: 67108864
2019/10/17-14:54:04.549309 7fc3a9fcb700  Options.max_write_buffer_number: 2
2019/10/17-14:54:04.549311 7fc3a9fcb700          Options.compression: NoCompression
2019/10/17-14:54:04.549312 7fc3a9fcb700                  Options.bottommost_compression: Disabled
2019/10/17-14:54:04.549313 7fc3a9fcb700       Options.prefix_extractor: nullptr
2019/10/17-14:54:04.549315 7fc3a9fcb700   Options.memtable_insert_with_hint_prefix_extractor: nullptr
2019/10/17-14:54:04.549316 7fc3a9fcb700             Options.num_levels: 7
2019/10/17-14:54:04.549317 7fc3a9fcb700        Options.min_write_buffer_number_to_merge: 1
2019/10/17-14:54:04.549318 7fc3a9fcb700     Options.max_write_buffer_number_to_maintain: 0
2019/10/17-14:54:04.549320 7fc3a9fcb700            Options.bottommost_compression_opts.window_bits: -14
2019/10/17-14:54:04.549321 7fc3a9fcb700                  Options.bottommost_compression_opts.level: 32767
2019/10/17-14:54:04.549322 7fc3a9fcb700               Options.bottommost_compression_opts.strategy: 0
2019/10/17-14:54:04.549323 7fc3a9fcb700         Options.bottommost_compression_opts.max_dict_bytes: 0
2019/10/17-14:54:04.549324 7fc3a9fcb700         Options.bottommost_compression_opts.zstd_max_train_bytes: 0
2019/10/17-14:54:04.549326 7fc3a9fcb700                  Options.bottommost_compression_opts.enabled: false
2019/10/17-14:54:04.549327 7fc3a9fcb700            Options.compression_opts.window_bits: -14
2019/10/17-14:54:04.549328 7fc3a9fcb700                  Options.compression_opts.level: 32767
2019/10/17-14:54:04.549329 7fc3a9fcb700               Options.compression_opts.strategy: 0
2019/10/17-14:54:04.549331 7fc3a9fcb700         Options.compression_opts.max_dict_bytes: 0
2019/10/17-14:54:04.549332 7fc3a9fcb700         Options.compression_opts.zstd_max_train_bytes: 0
2019/10/17-14:54:04.549333 7fc3a9fcb700                  Options.compression_opts.enabled: false
2019/10/17-14:54:04.549334 7fc3a9fcb700      Options.level0_file_num_compaction_trigger: 4
2019/10/17-14:54:04.549336 7fc3a9fcb700          Options.level0_slowdown_writes_trigger: 20
2019/10/17-14:54:04.549337 7fc3a9fcb700              Options.level0_stop_writes_trigger: 36
2019/10/17-14:54:04.549338 7fc3a9fcb700                   Options.target_file_size_base: 67108864
2019/10/17-14:54:04.549339 7fc3a9fcb700             Options.target_file_size_multiplier: 1
2019/10/17-14:54:04.549341 7fc3a9fcb700                Options.max_bytes_for_level_base: 268435456
2019/10/17-14:54:04.549342 7fc3a9fcb700 Options.level_compaction_dynamic_level_bytes: 0
2019/10/17-14:54:04.549343 7fc3a9fcb700          Options.max_bytes_for_level_multiplier: 10.000000
2019/10/17-14:54:04.549345 7fc3a9fcb700 Options.max_bytes_for_level_multiplier_addtl[0]: 1
2019/10/17-14:54:04.549346 7fc3a9fcb700 Options.max_bytes_for_level_multiplier_addtl[1]: 1
2019/10/17-14:54:04.549348 7fc3a9fcb700 Options.max_bytes_for_level_multiplier_addtl[2]: 1
2019/10/17-14:54:04.549349 7fc3a9fcb700 Options.max_bytes_for_level_multiplier_addtl[3]: 1
2019/10/17-14:54:04.549350 7fc3a9fcb700 Options.max_bytes_for_level_multiplier_addtl[4]: 1
2019/10/17-14:54:04.549351 7fc3a9fcb700 Options.max_bytes_for_level_multiplier_addtl[5]: 1
2019/10/17-14:54:04.549353 7fc3a9fcb700 Options.max_bytes_for_level_multiplier_addtl[6]: 1
2019/10/17-14:54:04.549354 7fc3a9fcb700       Options.max_sequential_skip_in_iterations: 8
2019/10/17-14:54:04.549355 7fc3a9fcb700                    Options.max_compaction_bytes: 1677721600
2019/10/17-14:54:04.549356 7fc3a9fcb700                        Options.arena_block_size: 8388608
2019/10/17-14:54:04.549358 7fc3a9fcb700   Options.soft_pending_compaction_bytes_limit: 68719476736
2019/10/17-14:54:04.549359 7fc3a9fcb700   Options.hard_pending_compaction_bytes_limit: 274877906944
2019/10/17-14:54:04.549360 7fc3a9fcb700       Options.rate_limit_delay_max_milliseconds: 100
2019/10/17-14:54:04.549361 7fc3a9fcb700                Options.disable_auto_compactions: 0
2019/10/17-14:54:04.549369 7fc3a9fcb700                        Options.compaction_style: kCompactionStyleLevel
2019/10/17-14:54:04.549371 7fc3a9fcb700                          Options.compaction_pri: kByCompensatedSize
2019/10/17-14:54:04.549372 7fc3a9fcb700 Options.compaction_options_universal.size_ratio: 1
2019/10/17-14:54:04.549373 7fc3a9fcb700 Options.compaction_options_universal.min_merge_width: 2
2019/10/17-14:54:04.549374 7fc3a9fcb700 Options.compaction_options_universal.max_merge_width: 4294967295
2019/10/17-14:54:04.549376 7fc3a9fcb700 Options.compaction_options_universal.max_size_amplification_percent: 200
2019/10/17-14:54:04.549377 7fc3a9fcb700 Options.compaction_options_universal.compression_size_percent: -1
2019/10/17-14:54:04.549379 7fc3a9fcb700 Options.compaction_options_universal.stop_style: kCompactionStopStyleTotalSize
2019/10/17-14:54:04.549380 7fc3a9fcb700 Options.compaction_options_fifo.max_table_files_size: 1073741824
2019/10/17-14:54:04.549381 7fc3a9fcb700 Options.compaction_options_fifo.allow_compaction: 0
2019/10/17-14:54:04.549382 7fc3a9fcb700 Options.compaction_options_fifo.ttl: 0
2019/10/17-14:54:04.549384 7fc3a9fcb700                   Options.table_properties_collectors: 
2019/10/17-14:54:04.549385 7fc3a9fcb700                   Options.inplace_update_support: 0
2019/10/17-14:54:04.549386 7fc3a9fcb700                 Options.inplace_update_num_locks: 10000
2019/10/17-14:54:04.549387 7fc3a9fcb700               Options.memtable_prefix_bloom_size_ratio: 0.000000
2019/10/17-14:54:04.549389 7fc3a9fcb700   Options.memtable_huge_page_size: 0
2019/10/17-14:54:04.549390 7fc3a9fcb700                           Options.bloom_locality: 0
2019/10/17-14:54:04.549391 7fc3a9fcb700                    Options.max_successive_merges: 0
2019/10/17-14:54:04.549393 7fc3a9fcb700                Options.optimize_filters_for_hits: 0
2019/10/17-14:54:04.549394 7fc3a9fcb700                Options.paranoid_file_checks: 0
2019/10/17-14:54:04.549395 7fc3a9fcb700                Options.force_consistency_checks: 0
2019/10/17-14:54:04.549396 7fc3a9fcb700                Options.report_bg_io_stats: 0
2019/10/17-14:54:04.549397 7fc3a9fcb700                               Options.ttl: 0
2019/10/17-14:54:04.549417 7fc3a9fcb700 [db/column_family.cc:472] --------------- Options for column family [htlcs]:
2019/10/17-14:54:04.549419 7fc3a9fcb700               Options.comparator: leveldb.BytewiseComparator
2019/10/17-14:54:04.549420 7fc3a9fcb700           Options.merge_operator: None
2019/10/17-14:54:04.549422 7fc3a9fcb700        Options.compaction_filter: None
2019/10/17-14:54:04.549423 7fc3a9fcb700        Options.compaction_filter_factory: None
2019/10/17-14:54:04.549424 7fc3a9fcb700         Options.memtable_factory: SkipListFactory
2019/10/17-14:54:04.549425 7fc3a9fcb700            Options.table_factory: BlockBasedTable
2019/10/17-14:54:04.549440 7fc3a9fcb700            table_factory options:   flush_block_policy_factory: FlushBlockBySizePolicyFactory (0x7fc35002ae40)
