2019/10/17-14:55:13.388595 7fc3a9fcb700 RocksDB version: 5.18.3
2019/10/17-14:55:13.388647 7fc3a9fcb700 Git sha rocksdb_build_git_sha:@0@
2019/10/17-14:55:13.388650 7fc3a9fcb700 Compile date Sep 19 2019
2019/10/17-14:55:13.388652 7fc3a9fcb700 DB SUMMARY
2019/10/17-14:55:13.389842 7fc3a9fcb700 CURRENT file:  CURRENT
2019/10/17-14:55:13.389845 7fc3a9fcb700 IDENTITY file:  IDENTITY
2019/10/17-14:55:13.389894 7fc3a9fcb700 MANIFEST file:  MANIFEST-116545 size: 4114 Bytes
2019/10/17-14:55:13.389897 7fc3a9fcb700 SST files in /home/rahul/dev/blockchain-core/eqc/ledger.db dir, Total Num: 29, files: 000624.sst 000627.sst 106940.sst 108447.sst 108450.sst 109471.sst 109483.sst 109485.sst 109486.sst 
2019/10/17-14:55:13.389899 7fc3a9fcb700 Write Ahead Log file in /home/rahul/dev/blockchain-core/eqc/ledger.db: 116546.log size: 0 ; 
2019/10/17-14:55:13.389955 7fc3a9fcb700                         Options.error_if_exists: 0
2019/10/17-14:55:13.389958 7fc3a9fcb700                       Options.create_if_missing: 1
2019/10/17-14:55:13.389959 7fc3a9fcb700                         Options.paranoid_checks: 1
2019/10/17-14:55:13.389960 7fc3a9fcb700                                     Options.env: 0x7fc32ae1fc60
2019/10/17-14:55:13.389962 7fc3a9fcb700                                Options.info_log: 0x7fc35004dd40
2019/10/17-14:55:13.389963 7fc3a9fcb700                Options.max_file_opening_threads: 16
2019/10/17-14:55:13.389964 7fc3a9fcb700                              Options.statistics: (nil)
2019/10/17-14:55:13.389966 7fc3a9fcb700                               Options.use_fsync: 0
2019/10/17-14:55:13.389967 7fc3a9fcb700                       Options.max_log_file_size: 0
2019/10/17-14:55:13.389968 7fc3a9fcb700                  Options.max_manifest_file_size: 1073741824
2019/10/17-14:55:13.389970 7fc3a9fcb700                   Options.log_file_time_to_roll: 0
2019/10/17-14:55:13.389971 7fc3a9fcb700                       Options.keep_log_file_num: 1000
2019/10/17-14:55:13.389972 7fc3a9fcb700                    Options.recycle_log_file_num: 0
2019/10/17-14:55:13.389974 7fc3a9fcb700                         Options.allow_fallocate: 1
2019/10/17-14:55:13.389975 7fc3a9fcb700                        Options.allow_mmap_reads: 0
2019/10/17-14:55:13.389976 7fc3a9fcb700                       Options.allow_mmap_writes: 0
2019/10/17-14:55:13.389977 7fc3a9fcb700                        Options.use_direct_reads: 0
2019/10/17-14:55:13.389979 7fc3a9fcb700                        Options.use_direct_io_for_flush_and_compaction: 0
2019/10/17-14:55:13.389980 7fc3a9fcb700          Options.create_missing_column_families: 0
2019/10/17-14:55:13.389981 7fc3a9fcb700                              Options.db_log_dir: 
2019/10/17-14:55:13.389982 7fc3a9fcb700                                 Options.wal_dir: /home/rahul/dev/blockchain-core/eqc/ledger.db
2019/10/17-14:55:13.389983 7fc3a9fcb700                Options.table_cache_numshardbits: 6
2019/10/17-14:55:13.389985 7fc3a9fcb700                      Options.max_subcompactions: 1
2019/10/17-14:55:13.389986 7fc3a9fcb700                  Options.max_background_flushes: -1
2019/10/17-14:55:13.389987 7fc3a9fcb700                         Options.WAL_ttl_seconds: 0
2019/10/17-14:55:13.389989 7fc3a9fcb700                       Options.WAL_size_limit_MB: 0
2019/10/17-14:55:13.389990 7fc3a9fcb700             Options.manifest_preallocation_size: 4194304
2019/10/17-14:55:13.389991 7fc3a9fcb700                     Options.is_fd_close_on_exec: 1
2019/10/17-14:55:13.389992 7fc3a9fcb700                   Options.advise_random_on_open: 1
2019/10/17-14:55:13.389994 7fc3a9fcb700                    Options.db_write_buffer_size: 0
2019/10/17-14:55:13.389995 7fc3a9fcb700                    Options.write_buffer_manager: 0x7fc3500bf1a0
2019/10/17-14:55:13.389996 7fc3a9fcb700         Options.access_hint_on_compaction_start: 1
2019/10/17-14:55:13.389997 7fc3a9fcb700  Options.new_table_reader_for_compaction_inputs: 0
2019/10/17-14:55:13.389999 7fc3a9fcb700           Options.random_access_max_buffer_size: 1048576
2019/10/17-14:55:13.390000 7fc3a9fcb700                      Options.use_adaptive_mutex: 0
2019/10/17-14:55:13.390001 7fc3a9fcb700                            Options.rate_limiter: (nil)
2019/10/17-14:55:13.390015 7fc3a9fcb700     Options.sst_file_manager.rate_bytes_per_sec: 0
2019/10/17-14:55:13.390017 7fc3a9fcb700                       Options.wal_recovery_mode: 2
2019/10/17-14:55:13.390018 7fc3a9fcb700                  Options.enable_thread_tracking: 0
2019/10/17-14:55:13.390019 7fc3a9fcb700                  Options.enable_pipelined_write: 0
2019/10/17-14:55:13.390021 7fc3a9fcb700         Options.allow_concurrent_memtable_write: 1
2019/10/17-14:55:13.390022 7fc3a9fcb700      Options.enable_write_thread_adaptive_yield: 1
2019/10/17-14:55:13.390023 7fc3a9fcb700             Options.write_thread_max_yield_usec: 100
2019/10/17-14:55:13.390024 7fc3a9fcb700            Options.write_thread_slow_yield_usec: 3
2019/10/17-14:55:13.390026 7fc3a9fcb700                               Options.row_cache: None
2019/10/17-14:55:13.390027 7fc3a9fcb700                              Options.wal_filter: None
2019/10/17-14:55:13.390028 7fc3a9fcb700             Options.avoid_flush_during_recovery: 0
2019/10/17-14:55:13.390029 7fc3a9fcb700             Options.allow_ingest_behind: 0
2019/10/17-14:55:13.390031 7fc3a9fcb700             Options.preserve_deletes: 0
2019/10/17-14:55:13.390032 7fc3a9fcb700             Options.two_write_queues: 0
2019/10/17-14:55:13.390033 7fc3a9fcb700             Options.manual_wal_flush: 0
2019/10/17-14:55:13.390034 7fc3a9fcb700             Options.max_background_jobs: 2
2019/10/17-14:55:13.390036 7fc3a9fcb700             Options.max_background_compactions: -1
2019/10/17-14:55:13.390037 7fc3a9fcb700             Options.avoid_flush_during_shutdown: 0
2019/10/17-14:55:13.390038 7fc3a9fcb700           Options.writable_file_max_buffer_size: 1048576
2019/10/17-14:55:13.390039 7fc3a9fcb700             Options.delayed_write_rate : 16777216
2019/10/17-14:55:13.390041 7fc3a9fcb700             Options.max_total_wal_size: 0
2019/10/17-14:55:13.390042 7fc3a9fcb700             Options.delete_obsolete_files_period_micros: 21600000000
2019/10/17-14:55:13.390043 7fc3a9fcb700                   Options.stats_dump_period_sec: 600
2019/10/17-14:55:13.390044 7fc3a9fcb700                          Options.max_open_files: -1
2019/10/17-14:55:13.390046 7fc3a9fcb700                          Options.bytes_per_sync: 0
2019/10/17-14:55:13.390047 7fc3a9fcb700                      Options.wal_bytes_per_sync: 0
2019/10/17-14:55:13.390048 7fc3a9fcb700       Options.compaction_readahead_size: 0
2019/10/17-14:55:13.390049 7fc3a9fcb700 Compression algorithms supported:
2019/10/17-14:55:13.390051 7fc3a9fcb700 	kZSTDNotFinalCompression supported: 0
2019/10/17-14:55:13.390052 7fc3a9fcb700 	kZSTD supported: 0
2019/10/17-14:55:13.390054 7fc3a9fcb700 	kXpressCompression supported: 0
2019/10/17-14:55:13.390055 7fc3a9fcb700 	kLZ4HCCompression supported: 0
2019/10/17-14:55:13.390056 7fc3a9fcb700 	kLZ4Compression supported: 0
2019/10/17-14:55:13.390058 7fc3a9fcb700 	kBZip2Compression supported: 0
2019/10/17-14:55:13.390059 7fc3a9fcb700 	kZlibCompression supported: 0
2019/10/17-14:55:13.390060 7fc3a9fcb700 	kSnappyCompression supported: 0
2019/10/17-14:55:13.390063 7fc3a9fcb700 Fast CRC32 supported: Supported on x86
2019/10/17-14:55:13.390211 7fc3a9fcb700 [db/version_set.cc:3507] Recovering from manifest file: MANIFEST-116545
2019/10/17-14:55:13.390262 7fc3a9fcb700 [db/column_family.cc:472] --------------- Options for column family [default]:
2019/10/17-14:55:13.390265 7fc3a9fcb700               Options.comparator: leveldb.BytewiseComparator
2019/10/17-14:55:13.390266 7fc3a9fcb700           Options.merge_operator: None
2019/10/17-14:55:13.390268 7fc3a9fcb700        Options.compaction_filter: None
2019/10/17-14:55:13.390269 7fc3a9fcb700        Options.compaction_filter_factory: None
2019/10/17-14:55:13.390270 7fc3a9fcb700         Options.memtable_factory: SkipListFactory
2019/10/17-14:55:13.390272 7fc3a9fcb700            Options.table_factory: BlockBasedTable
2019/10/17-14:55:13.390294 7fc3a9fcb700            table_factory options:   flush_block_policy_factory: FlushBlockBySizePolicyFactory (0x7fc3500fd120)
  cache_index_and_filter_blocks: 0
  cache_index_and_filter_blocks_with_high_priority: 0
  pin_l0_filter_and_index_blocks_in_cache: 0
  pin_top_level_index_and_filter: 1
  index_type: 0
  hash_index_allow_collision: 1
  checksum: 1
  no_block_cache: 0
  block_cache: 0x7fc3500ac810
  block_cache_name: LRUCache
  block_cache_options:
    capacity : 8388608
    num_shard_bits : 4
    strict_capacity_limit : 0
    memory_allocator : None
    high_pri_pool_ratio: 0.000
  block_cache_compressed: (nil)
  persistent_cache: (nil)
  block_size: 4096
  block_size_deviation: 10
  block_restart_interval: 16
  index_block_restart_interval: 1
  metadata_block_size: 4096
  partition_filters: 0
  use_delta_encoding: 1
  filter_policy: nullptr
  whole_key_filtering: 1
  verify_compression: 0
  read_amp_bytes_per_bit: 0
  format_version: 2
  enable_index_compression: 1
  block_align: 0
2019/10/17-14:55:13.390308 7fc3a9fcb700        Options.write_buffer_size: 67108864
2019/10/17-14:55:13.390310 7fc3a9fcb700  Options.max_write_buffer_number: 2
2019/10/17-14:55:13.390312 7fc3a9fcb700          Options.compression: NoCompression
2019/10/17-14:55:13.390313 7fc3a9fcb700                  Options.bottommost_compression: Disabled
2019/10/17-14:55:13.390314 7fc3a9fcb700       Options.prefix_extractor: nullptr
2019/10/17-14:55:13.390316 7fc3a9fcb700   Options.memtable_insert_with_hint_prefix_extractor: nullptr
2019/10/17-14:55:13.390317 7fc3a9fcb700             Options.num_levels: 7
2019/10/17-14:55:13.390318 7fc3a9fcb700        Options.min_write_buffer_number_to_merge: 1
2019/10/17-14:55:13.390319 7fc3a9fcb700     Options.max_write_buffer_number_to_maintain: 0
2019/10/17-14:55:13.390320 7fc3a9fcb700            Options.bottommost_compression_opts.window_bits: -14
2019/10/17-14:55:13.390322 7fc3a9fcb700                  Options.bottommost_compression_opts.level: 32767
2019/10/17-14:55:13.390323 7fc3a9fcb700               Options.bottommost_compression_opts.strategy: 0
2019/10/17-14:55:13.390324 7fc3a9fcb700         Options.bottommost_compression_opts.max_dict_bytes: 0
2019/10/17-14:55:13.390326 7fc3a9fcb700         Options.bottommost_compression_opts.zstd_max_train_bytes: 0
2019/10/17-14:55:13.390327 7fc3a9fcb700                  Options.bottommost_compression_opts.enabled: false
2019/10/17-14:55:13.390328 7fc3a9fcb700            Options.compression_opts.window_bits: -14
2019/10/17-14:55:13.390329 7fc3a9fcb700                  Options.compression_opts.level: 32767
2019/10/17-14:55:13.390331 7fc3a9fcb700               Options.compression_opts.strategy: 0
2019/10/17-14:55:13.390332 7fc3a9fcb700         Options.compression_opts.max_dict_bytes: 0
2019/10/17-14:55:13.390333 7fc3a9fcb700         Options.compression_opts.zstd_max_train_bytes: 0
2019/10/17-14:55:13.390334 7fc3a9fcb700                  Options.compression_opts.enabled: false
2019/10/17-14:55:13.390336 7fc3a9fcb700      Options.level0_file_num_compaction_trigger: 4
2019/10/17-14:55:13.390337 7fc3a9fcb700          Options.level0_slowdown_writes_trigger: 20
2019/10/17-14:55:13.390338 7fc3a9fcb700              Options.level0_stop_writes_trigger: 36
2019/10/17-14:55:13.390339 7fc3a9fcb700                   Options.target_file_size_base: 67108864
2019/10/17-14:55:13.390341 7fc3a9fcb700             Options.target_file_size_multiplier: 1
2019/10/17-14:55:13.390342 7fc3a9fcb700                Options.max_bytes_for_level_base: 268435456
2019/10/17-14:55:13.390343 7fc3a9fcb700 Options.level_compaction_dynamic_level_bytes: 0
2019/10/17-14:55:13.390344 7fc3a9fcb700          Options.max_bytes_for_level_multiplier: 10.000000
2019/10/17-14:55:13.390348 7fc3a9fcb700 Options.max_bytes_for_level_multiplier_addtl[0]: 1
2019/10/17-14:55:13.390349 7fc3a9fcb700 Options.max_bytes_for_level_multiplier_addtl[1]: 1
2019/10/17-14:55:13.390350 7fc3a9fcb700 Options.max_bytes_for_level_multiplier_addtl[2]: 1
2019/10/17-14:55:13.390352 7fc3a9fcb700 Options.max_bytes_for_level_multiplier_addtl[3]: 1
2019/10/17-14:55:13.390353 7fc3a9fcb700 Options.max_bytes_for_level_multiplier_addtl[4]: 1
2019/10/17-14:55:13.390360 7fc3a9fcb700 Options.max_bytes_for_level_multiplier_addtl[5]: 1
2019/10/17-14:55:13.390362 7fc3a9fcb700 Options.max_bytes_for_level_multiplier_addtl[6]: 1
2019/10/17-14:55:13.390363 7fc3a9fcb700       Options.max_sequential_skip_in_iterations: 8
2019/10/17-14:55:13.390364 7fc3a9fcb700                    Options.max_compaction_bytes: 1677721600
2019/10/17-14:55:13.390366 7fc3a9fcb700                        Options.arena_block_size: 8388608
2019/10/17-14:55:13.390367 7fc3a9fcb700   Options.soft_pending_compaction_bytes_limit: 68719476736
2019/10/17-14:55:13.390368 7fc3a9fcb700   Options.hard_pending_compaction_bytes_limit: 274877906944
2019/10/17-14:55:13.390370 7fc3a9fcb700       Options.rate_limit_delay_max_milliseconds: 100
2019/10/17-14:55:13.390371 7fc3a9fcb700                Options.disable_auto_compactions: 0
2019/10/17-14:55:13.390373 7fc3a9fcb700                        Options.compaction_style: kCompactionStyleLevel
2019/10/17-14:55:13.390375 7fc3a9fcb700                          Options.compaction_pri: kByCompensatedSize
2019/10/17-14:55:13.390376 7fc3a9fcb700 Options.compaction_options_universal.size_ratio: 1
2019/10/17-14:55:13.390377 7fc3a9fcb700 Options.compaction_options_universal.min_merge_width: 2
2019/10/17-14:55:13.390379 7fc3a9fcb700 Options.compaction_options_universal.max_merge_width: 4294967295
2019/10/17-14:55:13.390380 7fc3a9fcb700 Options.compaction_options_universal.max_size_amplification_percent: 200
2019/10/17-14:55:13.390381 7fc3a9fcb700 Options.compaction_options_universal.compression_size_percent: -1
2019/10/17-14:55:13.390383 7fc3a9fcb700 Options.compaction_options_universal.stop_style: kCompactionStopStyleTotalSize
2019/10/17-14:55:13.390384 7fc3a9fcb700 Options.compaction_options_fifo.max_table_files_size: 1073741824
2019/10/17-14:55:13.390385 7fc3a9fcb700 Options.compaction_options_fifo.allow_compaction: 0
2019/10/17-14:55:13.390386 7fc3a9fcb700 Options.compaction_options_fifo.ttl: 0
2019/10/17-14:55:13.390388 7fc3a9fcb700                   Options.table_properties_collectors: 
2019/10/17-14:55:13.390389 7fc3a9fcb700                   Options.inplace_update_support: 0
2019/10/17-14:55:13.390390 7fc3a9fcb700                 Options.inplace_update_num_locks: 10000
2019/10/17-14:55:13.390392 7fc3a9fcb700               Options.memtable_prefix_bloom_size_ratio: 0.000000
2019/10/17-14:55:13.390393 7fc3a9fcb700   Options.memtable_huge_page_size: 0
2019/10/17-14:55:13.390395 7fc3a9fcb700                           Options.bloom_locality: 0
2019/10/17-14:55:13.390396 7fc3a9fcb700                    Options.max_successive_merges: 0
2019/10/17-14:55:13.390397 7fc3a9fcb700                Options.optimize_filters_for_hits: 0
2019/10/17-14:55:13.390398 7fc3a9fcb700                Options.paranoid_file_checks: 0
2019/10/17-14:55:13.390399 7fc3a9fcb700                Options.force_consistency_checks: 0
2019/10/17-14:55:13.390401 7fc3a9fcb700                Options.report_bg_io_stats: 0
2019/10/17-14:55:13.390402 7fc3a9fcb700                               Options.ttl: 0
2019/10/17-14:55:13.390442 7fc3a9fcb700 [db/column_family.cc:472] --------------- Options for column family [active_gateways]:
2019/10/17-14:55:13.390445 7fc3a9fcb700               Options.comparator: leveldb.BytewiseComparator
2019/10/17-14:55:13.390446 7fc3a9fcb700           Options.merge_operator: None
2019/10/17-14:55:13.390448 7fc3a9fcb700        Options.compaction_filter: None
2019/10/17-14:55:13.390449 7fc3a9fcb700        Options.compaction_filter_factory: None
2019/10/17-14:55:13.390450 7fc3a9fcb700         Options.memtable_factory: SkipListFactory
2019/10/17-14:55:13.390452 7fc3a9fcb700            Options.table_factory: BlockBasedTable
2019/10/17-14:55:13.390469 7fc3a9fcb700            table_factory options:   flush_block_policy_factory: FlushBlockBySizePolicyFactory (0x7fc35003e180)
  cache_index_and_filter_blocks: 0
  cache_index_and_filter_blocks_with_high_priority: 0
  pin_l0_filter_and_index_blocks_in_cache: 0
  pin_top_level_index_and_filter: 1
  index_type: 0
  hash_index_allow_collision: 1
  checksum: 1
  no_block_cache: 0
  block_cache: 0x7fc350079050
  block_cache_name: LRUCache
  block_cache_options:
    capacity : 8388608
    num_shard_bits : 4
    strict_capacity_limit : 0
    memory_allocator : None
    high_pri_pool_ratio: 0.000
  block_cache_compressed: (nil)
  persistent_cache: (nil)
  block_size: 4096
  block_size_deviation: 10
  block_restart_interval: 16
  index_block_restart_interval: 1
  metadata_block_size: 4096
  partition_filters: 0
  use_delta_encoding: 1
  filter_policy: nullptr
  whole_key_filtering: 1
  verify_compression: 0
  read_amp_bytes_per_bit: 0
  format_version: 2
  enable_index_compression: 1
  block_align: 0
2019/10/17-14:55:13.390480 7fc3a9fcb700        Options.write_buffer_size: 67108864
2019/10/17-14:55:13.390482 7fc3a9fcb700  Options.max_write_buffer_number: 2
2019/10/17-14:55:13.390483 7fc3a9fcb700          Options.compression: NoCompression
2019/10/17-14:55:13.390485 7fc3a9fcb700                  Options.bottommost_compression: Disabled
2019/10/17-14:55:13.390486 7fc3a9fcb700       Options.prefix_extractor: nullptr
2019/10/17-14:55:13.390487 7fc3a9fcb700   Options.memtable_insert_with_hint_prefix_extractor: nullptr
2019/10/17-14:55:13.390488 7fc3a9fcb700             Options.num_levels: 7
2019/10/17-14:55:13.390489 7fc3a9fcb700        Options.min_write_buffer_number_to_merge: 1
2019/10/17-14:55:13.390491 7fc3a9fcb700     Options.max_write_buffer_number_to_maintain: 0
2019/10/17-14:55:13.390492 7fc3a9fcb700            Options.bottommost_compression_opts.window_bits: -14
2019/10/17-14:55:13.390493 7fc3a9fcb700                  Options.bottommost_compression_opts.level: 32767
2019/10/17-14:55:13.390494 7fc3a9fcb700               Options.bottommost_compression_opts.strategy: 0
2019/10/17-14:55:13.390496 7fc3a9fcb700         Options.bottommost_compression_opts.max_dict_bytes: 0
2019/10/17-14:55:13.390497 7fc3a9fcb700         Options.bottommost_compression_opts.zstd_max_train_bytes: 0
2019/10/17-14:55:13.390498 7fc3a9fcb700                  Options.bottommost_compression_opts.enabled: false
2019/10/17-14:55:13.390499 7fc3a9fcb700            Options.compression_opts.window_bits: -14
2019/10/17-14:55:13.390501 7fc3a9fcb700                  Options.compression_opts.level: 32767
2019/10/17-14:55:13.390502 7fc3a9fcb700               Options.compression_opts.strategy: 0
2019/10/17-14:55:13.390503 7fc3a9fcb700         Options.compression_opts.max_dict_bytes: 0
2019/10/17-14:55:13.390504 7fc3a9fcb700         Options.compression_opts.zstd_max_train_bytes: 0
2019/10/17-14:55:13.390505 7fc3a9fcb700                  Options.compression_opts.enabled: false
2019/10/17-14:55:13.390507 7fc3a9fcb700      Options.level0_file_num_compaction_trigger: 4
2019/10/17-14:55:13.390508 7fc3a9fcb700          Options.level0_slowdown_writes_trigger: 20
2019/10/17-14:55:13.390509 7fc3a9fcb700              Options.level0_stop_writes_trigger: 36
2019/10/17-14:55:13.390510 7fc3a9fcb700                   Options.target_file_size_base: 67108864
2019/10/17-14:55:13.390511 7fc3a9fcb700             Options.target_file_size_multiplier: 1
2019/10/17-14:55:13.390513 7fc3a9fcb700                Options.max_bytes_for_level_base: 268435456
2019/10/17-14:55:13.390514 7fc3a9fcb700 Options.level_compaction_dynamic_level_bytes: 0
2019/10/17-14:55:13.390515 7fc3a9fcb700          Options.max_bytes_for_level_multiplier: 10.000000
2019/10/17-14:55:13.390517 7fc3a9fcb700 Options.max_bytes_for_level_multiplier_addtl[0]: 1
2019/10/17-14:55:13.390519 7fc3a9fcb700 Options.max_bytes_for_level_multiplier_addtl[1]: 1
2019/10/17-14:55:13.390520 7fc3a9fcb700 Options.max_bytes_for_level_multiplier_addtl[2]: 1
2019/10/17-14:55:13.390521 7fc3a9fcb700 Options.max_bytes_for_level_multiplier_addtl[3]: 1
2019/10/17-14:55:13.390523 7fc3a9fcb700 Options.max_bytes_for_level_multiplier_addtl[4]: 1
2019/10/17-14:55:13.390524 7fc3a9fcb700 Options.max_bytes_for_level_multiplier_addtl[5]: 1
2019/10/17-14:55:13.390525 7fc3a9fcb700 Options.max_bytes_for_level_multiplier_addtl[6]: 1
2019/10/17-14:55:13.390526 7fc3a9fcb700       Options.max_sequential_skip_in_iterations: 8
2019/10/17-14:55:13.390533 7fc3a9fcb700                    Options.max_compaction_bytes: 1677721600
2019/10/17-14:55:13.390535 7fc3a9fcb700                        Options.arena_block_size: 8388608
2019/10/17-14:55:13.390536 7fc3a9fcb700   Options.soft_pending_compaction_bytes_limit: 68719476736
2019/10/17-14:55:13.390537 7fc3a9fcb700   Options.hard_pending_compaction_bytes_limit: 274877906944
2019/10/17-14:55:13.390539 7fc3a9fcb700       Options.rate_limit_delay_max_milliseconds: 100
2019/10/17-14:55:13.390540 7fc3a9fcb700                Options.disable_auto_compactions: 0
2019/10/17-14:55:13.390541 7fc3a9fcb700                        Options.compaction_style: kCompactionStyleLevel
2019/10/17-14:55:13.390543 7fc3a9fcb700                          Options.compaction_pri: kByCompensatedSize
2019/10/17-14:55:13.390544 7fc3a9fcb700 Options.compaction_options_universal.size_ratio: 1
2019/10/17-14:55:13.390545 7fc3a9fcb700 Options.compaction_options_universal.min_merge_width: 2
2019/10/17-14:55:13.390546 7fc3a9fcb700 Options.compaction_options_universal.max_merge_width: 4294967295
2019/10/17-14:55:13.390548 7fc3a9fcb700 Options.compaction_options_universal.max_size_amplification_percent: 200
2019/10/17-14:55:13.390549 7fc3a9fcb700 Options.compaction_options_universal.compression_size_percent: -1
2019/10/17-14:55:13.390551 7fc3a9fcb700 Options.compaction_options_universal.stop_style: kCompactionStopStyleTotalSize
2019/10/17-14:55:13.390552 7fc3a9fcb700 Options.compaction_options_fifo.max_table_files_size: 1073741824
2019/10/17-14:55:13.390553 7fc3a9fcb700 Options.compaction_options_fifo.allow_compaction: 0
2019/10/17-14:55:13.390554 7fc3a9fcb700 Options.compaction_options_fifo.ttl: 0
2019/10/17-14:55:13.390556 7fc3a9fcb700                   Options.table_properties_collectors: 
2019/10/17-14:55:13.390557 7fc3a9fcb700                   Options.inplace_update_support: 0
2019/10/17-14:55:13.390558 7fc3a9fcb700                 Options.inplace_update_num_locks: 10000
2019/10/17-14:55:13.390559 7fc3a9fcb700               Options.memtable_prefix_bloom_size_ratio: 0.000000
2019/10/17-14:55:13.390561 7fc3a9fcb700   Options.memtable_huge_page_size: 0
2019/10/17-14:55:13.390562 7fc3a9fcb700                           Options.bloom_locality: 0
2019/10/17-14:55:13.390564 7fc3a9fcb700                    Options.max_successive_merges: 0
2019/10/17-14:55:13.390565 7fc3a9fcb700                Options.optimize_filters_for_hits: 0
2019/10/17-14:55:13.390566 7fc3a9fcb700                Options.paranoid_file_checks: 0
2019/10/17-14:55:13.390567 7fc3a9fcb700                Options.force_consistency_checks: 0
2019/10/17-14:55:13.390569 7fc3a9fcb700                Options.report_bg_io_stats: 0
2019/10/17-14:55:13.390570 7fc3a9fcb700                               Options.ttl: 0
2019/10/17-14:55:13.390595 7fc3a9fcb700 [db/column_family.cc:472] --------------- Options for column family [entries]:
2019/10/17-14:55:13.390597 7fc3a9fcb700               Options.comparator: leveldb.BytewiseComparator
2019/10/17-14:55:13.390599 7fc3a9fcb700           Options.merge_operator: None
2019/10/17-14:55:13.390600 7fc3a9fcb700        Options.compaction_filter: None
2019/10/17-14:55:13.390601 7fc3a9fcb700        Options.compaction_filter_factory: None
2019/10/17-14:55:13.390602 7fc3a9fcb700         Options.memtable_factory: SkipListFactory
2019/10/17-14:55:13.390604 7fc3a9fcb700            Options.table_factory: BlockBasedTable
2019/10/17-14:55:13.390619 7fc3a9fcb700            table_factory options:   flush_block_policy_factory: FlushBlockBySizePolicyFactory (0x7fc35009b130)
  cache_index_and_filter_blocks: 0
  cache_index_and_filter_blocks_with_high_priority: 0
  pin_l0_filter_and_index_blocks_in_cache: 0
  pin_top_level_index_and_filter: 1
  index_type: 0
  hash_index_allow_collision: 1
  checksum: 1
  no_block_cache: 0
  block_cache: 0x7fc350089560
  block_cache_name: LRUCache
  block_cache_options:
    capacity : 8388608
    num_shard_bits : 4
    strict_capacity_limit : 0
    memory_allocator : None
    high_pri_pool_ratio: 0.000
  block_cache_compressed: (nil)
  persistent_cache: (nil)
  block_size: 4096
  block_size_deviation: 10
  block_restart_interval: 16
  index_block_restart_interval: 1
  metadata_block_size: 4096
  partition_filters: 0
  use_delta_encoding: 1
  filter_policy: nullptr
  whole_key_filtering: 1
  verify_compression: 0
  read_amp_bytes_per_bit: 0
  format_version: 2
  enable_index_compression: 1
  block_align: 0
2019/10/17-14:55:13.390629 7fc3a9fcb700        Options.write_buffer_size: 67108864
2019/10/17-14:55:13.390630 7fc3a9fcb700  Options.max_write_buffer_number: 2
2019/10/17-14:55:13.390631 7fc3a9fcb700          Options.compression: NoCompression
2019/10/17-14:55:13.390633 7fc3a9fcb700                  Options.bottommost_compression: Disabled
2019/10/17-14:55:13.390634 7fc3a9fcb700       Options.prefix_extractor: nullptr
2019/10/17-14:55:13.390635 7fc3a9fcb700   Options.memtable_insert_with_hint_prefix_extractor: nullptr
2019/10/17-14:55:13.390636 7fc3a9fcb700             Options.num_levels: 7
2019/10/17-14:55:13.390638 7fc3a9fcb700        Options.min_write_buffer_number_to_merge: 1
2019/10/17-14:55:13.390639 7fc3a9fcb700     Options.max_write_buffer_number_to_maintain: 0
2019/10/17-14:55:13.390640 7fc3a9fcb700            Options.bottommost_compression_opts.window_bits: -14
2019/10/17-14:55:13.390641 7fc3a9fcb700                  Options.bottommost_compression_opts.level: 32767
2019/10/17-14:55:13.390643 7fc3a9fcb700               Options.bottommost_compression_opts.strategy: 0
2019/10/17-14:55:13.390644 7fc3a9fcb700         Options.bottommost_compression_opts.max_dict_bytes: 0
2019/10/17-14:55:13.390645 7fc3a9fcb700         Options.bottommost_compression_opts.zstd_max_train_bytes: 0
2019/10/17-14:55:13.390646 7fc3a9fcb700                  Options.bottommost_compression_opts.enabled: false
2019/10/17-14:55:13.390647 7fc3a9fcb700            Options.compression_opts.window_bits: -14
2019/10/17-14:55:13.390649 7fc3a9fcb700                  Options.compression_opts.level: 32767
2019/10/17-14:55:13.390650 7fc3a9fcb700               Options.compression_opts.strategy: 0
2019/10/17-14:55:13.390651 7fc3a9fcb700         Options.compression_opts.max_dict_bytes: 0
2019/10/17-14:55:13.390652 7fc3a9fcb700         Options.compression_opts.zstd_max_train_bytes: 0
2019/10/17-14:55:13.390653 7fc3a9fcb700                  Options.compression_opts.enabled: false
2019/10/17-14:55:13.390655 7fc3a9fcb700      Options.level0_file_num_compaction_trigger: 4
2019/10/17-14:55:13.390656 7fc3a9fcb700          Options.level0_slowdown_writes_trigger: 20
2019/10/17-14:55:13.390657 7fc3a9fcb700              Options.level0_stop_writes_trigger: 36
2019/10/17-14:55:13.390658 7fc3a9fcb700                   Options.target_file_size_base: 67108864
2019/10/17-14:55:13.390660 7fc3a9fcb700             Options.target_file_size_multiplier: 1
2019/10/17-14:55:13.390661 7fc3a9fcb700                Options.max_bytes_for_level_base: 268435456
2019/10/17-14:55:13.390662 7fc3a9fcb700 Options.level_compaction_dynamic_level_bytes: 0
2019/10/17-14:55:13.390663 7fc3a9fcb700          Options.max_bytes_for_level_multiplier: 10.000000
2019/10/17-14:55:13.390665 7fc3a9fcb700 Options.max_bytes_for_level_multiplier_addtl[0]: 1
2019/10/17-14:55:13.390667 7fc3a9fcb700 Options.max_bytes_for_level_multiplier_addtl[1]: 1
2019/10/17-14:55:13.390668 7fc3a9fcb700 Options.max_bytes_for_level_multiplier_addtl[2]: 1
2019/10/17-14:55:13.390669 7fc3a9fcb700 Options.max_bytes_for_level_multiplier_addtl[3]: 1
2019/10/17-14:55:13.390670 7fc3a9fcb700 Options.max_bytes_for_level_multiplier_addtl[4]: 1
2019/10/17-14:55:13.390672 7fc3a9fcb700 Options.max_bytes_for_level_multiplier_addtl[5]: 1
2019/10/17-14:55:13.390673 7fc3a9fcb700 Options.max_bytes_for_level_multiplier_addtl[6]: 1
2019/10/17-14:55:13.390674 7fc3a9fcb700       Options.max_sequential_skip_in_iterations: 8
2019/10/17-14:55:13.390675 7fc3a9fcb700                    Options.max_compaction_bytes: 1677721600
2019/10/17-14:55:13.390677 7fc3a9fcb700                        Options.arena_block_size: 8388608
2019/10/17-14:55:13.390678 7fc3a9fcb700   Options.soft_pending_compaction_bytes_limit: 68719476736
2019/10/17-14:55:13.390685 7fc3a9fcb700   Options.hard_pending_compaction_bytes_limit: 274877906944
2019/10/17-14:55:13.390687 7fc3a9fcb700       Options.rate_limit_delay_max_milliseconds: 100
2019/10/17-14:55:13.390688 7fc3a9fcb700                Options.disable_auto_compactions: 0
2019/10/17-14:55:13.390690 7fc3a9fcb700                        Options.compaction_style: kCompactionStyleLevel
2019/10/17-14:55:13.390691 7fc3a9fcb700                          Options.compaction_pri: kByCompensatedSize
2019/10/17-14:55:13.390693 7fc3a9fcb700 Options.compaction_options_universal.size_ratio: 1
2019/10/17-14:55:13.390694 7fc3a9fcb700 Options.compaction_options_universal.min_merge_width: 2
2019/10/17-14:55:13.390695 7fc3a9fcb700 Options.compaction_options_universal.max_merge_width: 4294967295
2019/10/17-14:55:13.390696 7fc3a9fcb700 Options.compaction_options_universal.max_size_amplification_percent: 200
2019/10/17-14:55:13.390697 7fc3a9fcb700 Options.compaction_options_universal.compression_size_percent: -1
2019/10/17-14:55:13.390699 7fc3a9fcb700 Options.compaction_options_universal.stop_style: kCompactionStopStyleTotalSize
2019/10/17-14:55:13.390700 7fc3a9fcb700 Options.compaction_options_fifo.max_table_files_size: 1073741824
2019/10/17-14:55:13.390701 7fc3a9fcb700 Options.compaction_options_fifo.allow_compaction: 0
2019/10/17-14:55:13.390702 7fc3a9fcb700 Options.compaction_options_fifo.ttl: 0
2019/10/17-14:55:13.390704 7fc3a9fcb700                   Options.table_properties_collectors: 
2019/10/17-14:55:13.390705 7fc3a9fcb700                   Options.inplace_update_support: 0
2019/10/17-14:55:13.390706 7fc3a9fcb700                 Options.inplace_update_num_locks: 10000
2019/10/17-14:55:13.390707 7fc3a9fcb700               Options.memtable_prefix_bloom_size_ratio: 0.000000
2019/10/17-14:55:13.390709 7fc3a9fcb700   Options.memtable_huge_page_size: 0
2019/10/17-14:55:13.390710 7fc3a9fcb700                           Options.bloom_locality: 0
2019/10/17-14:55:13.390712 7fc3a9fcb700                    Options.max_successive_merges: 0
2019/10/17-14:55:13.390713 7fc3a9fcb700                Options.optimize_filters_for_hits: 0
2019/10/17-14:55:13.390714 7fc3a9fcb700                Options.paranoid_file_checks: 0
2019/10/17-14:55:13.390715 7fc3a9fcb700                Options.force_consistency_checks: 0
2019/10/17-14:55:13.390716 7fc3a9fcb700                Options.report_bg_io_stats: 0
2019/10/17-14:55:13.390718 7fc3a9fcb700                               Options.ttl: 0
2019/10/17-14:55:13.390740 7fc3a9fcb700 [db/column_family.cc:472] --------------- Options for column family [dc_entries]:
2019/10/17-14:55:13.390743 7fc3a9fcb700               Options.comparator: leveldb.BytewiseComparator
2019/10/17-14:55:13.390744 7fc3a9fcb700           Options.merge_operator: None
2019/10/17-14:55:13.390745 7fc3a9fcb700        Options.compaction_filter: None
2019/10/17-14:55:13.390746 7fc3a9fcb700        Options.compaction_filter_factory: None
2019/10/17-14:55:13.390748 7fc3a9fcb700         Options.memtable_factory: SkipListFactory
2019/10/17-14:55:13.390749 7fc3a9fcb700            Options.table_factory: BlockBasedTable
2019/10/17-14:55:13.390764 7fc3a9fcb700            table_factory options:   flush_block_policy_factory: FlushBlockBySizePolicyFactory (0x7fc350044ee0)
  cache_index_and_filter_blocks: 0
  cache_index_and_filter_blocks_with_high_priority: 0
  pin_l0_filter_and_index_blocks_in_cache: 0
  pin_top_level_index_and_filter: 1
  index_type: 0
  hash_index_allow_collision: 1
  checksum: 1
  no_block_cache: 0
  block_cache: 0x7fc35003cd30
  block_cache_name: LRUCache
  block_cache_options:
    capacity : 8388608
    num_shard_bits : 4
    strict_capacity_limit : 0
    memory_allocator : None
    high_pri_pool_ratio: 0.000
  block_cache_compressed: (nil)
  persistent_cache: (nil)
  block_size: 4096
  block_size_deviation: 10
  block_restart_interval: 16
  index_block_restart_interval: 1
  metadata_block_size: 4096
  partition_filters: 0
  use_delta_encoding: 1
  filter_policy: nullptr
  whole_key_filtering: 1
  verify_compression: 0
  read_amp_bytes_per_bit: 0
  format_version: 2
  enable_index_compression: 1
  block_align: 0
2019/10/17-14:55:13.390774 7fc3a9fcb700        Options.write_buffer_size: 67108864
2019/10/17-14:55:13.390775 7fc3a9fcb700  Options.max_write_buffer_number: 2
2019/10/17-14:55:13.390776 7fc3a9fcb700          Options.compression: NoCompression
2019/10/17-14:55:13.390778 7fc3a9fcb700                  Options.bottommost_compression: Disabled
2019/10/17-14:55:13.390779 7fc3a9fcb700       Options.prefix_extractor: nullptr
2019/10/17-14:55:13.390780 7fc3a9fcb700   Options.memtable_insert_with_hint_prefix_extractor: nullptr
2019/10/17-14:55:13.390781 7fc3a9fcb700             Options.num_levels: 7
2019/10/17-14:55:13.390783 7fc3a9fcb700        Options.min_write_buffer_number_to_merge: 1
2019/10/17-14:55:13.390784 7fc3a9fcb700     Options.max_write_buffer_number_to_maintain: 0
2019/10/17-14:55:13.390785 7fc3a9fcb700            Options.bottommost_compression_opts.window_bits: -14
2019/10/17-14:55:13.390786 7fc3a9fcb700                  Options.bottommost_compression_opts.level: 32767
2019/10/17-14:55:13.390787 7fc3a9fcb700               Options.bottommost_compression_opts.strategy: 0
2019/10/17-14:55:13.390789 7fc3a9fcb700         Options.bottommost_compression_opts.max_dict_bytes: 0
2019/10/17-14:55:13.390790 7fc3a9fcb700         Options.bottommost_compression_opts.zstd_max_train_bytes: 0
2019/10/17-14:55:13.390791 7fc3a9fcb700                  Options.bottommost_compression_opts.enabled: false
2019/10/17-14:55:13.390792 7fc3a9fcb700            Options.compression_opts.window_bits: -14
2019/10/17-14:55:13.390794 7fc3a9fcb700                  Options.compression_opts.level: 32767
2019/10/17-14:55:13.390795 7fc3a9fcb700               Options.compression_opts.strategy: 0
2019/10/17-14:55:13.390796 7fc3a9fcb700         Options.compression_opts.max_dict_bytes: 0
2019/10/17-14:55:13.390797 7fc3a9fcb700         Options.compression_opts.zstd_max_train_bytes: 0
2019/10/17-14:55:13.390798 7fc3a9fcb700                  Options.compression_opts.enabled: false
2019/10/17-14:55:13.390800 7fc3a9fcb700      Options.level0_file_num_compaction_trigger: 4
2019/10/17-14:55:13.390801 7fc3a9fcb700          Options.level0_slowdown_writes_trigger: 20
2019/10/17-14:55:13.390802 7fc3a9fcb700              Options.level0_stop_writes_trigger: 36
2019/10/17-14:55:13.390803 7fc3a9fcb700                   Options.target_file_size_base: 67108864
2019/10/17-14:55:13.390804 7fc3a9fcb700             Options.target_file_size_multiplier: 1
2019/10/17-14:55:13.390806 7fc3a9fcb700                Options.max_bytes_for_level_base: 268435456
2019/10/17-14:55:13.390807 7fc3a9fcb700 Options.level_compaction_dynamic_level_bytes: 0
2019/10/17-14:55:13.390808 7fc3a9fcb700          Options.max_bytes_for_level_multiplier: 10.000000
2019/10/17-14:55:13.390810 7fc3a9fcb700 Options.max_bytes_for_level_multiplier_addtl[0]: 1
2019/10/17-14:55:13.390811 7fc3a9fcb700 Options.max_bytes_for_level_multiplier_addtl[1]: 1
2019/10/17-14:55:13.390813 7fc3a9fcb700 Options.max_bytes_for_level_multiplier_addtl[2]: 1
2019/10/17-14:55:13.390814 7fc3a9fcb700 Options.max_bytes_for_level_multiplier_addtl[3]: 1
2019/10/17-14:55:13.390815 7fc3a9fcb700 Options.max_bytes_for_level_multiplier_addtl[4]: 1
2019/10/17-14:55:13.390816 7fc3a9fcb700 Options.max_bytes_for_level_multiplier_addtl[5]: 1
2019/10/17-14:55:13.390818 7fc3a9fcb700 Options.max_bytes_for_level_multiplier_addtl[6]: 1
2019/10/17-14:55:13.390819 7fc3a9fcb700       Options.max_sequential_skip_in_iterations: 8
2019/10/17-14:55:13.390820 7fc3a9fcb700                    Options.max_compaction_bytes: 1677721600
2019/10/17-14:55:13.390821 7fc3a9fcb700                        Options.arena_block_size: 8388608
2019/10/17-14:55:13.390822 7fc3a9fcb700   Options.soft_pending_compaction_bytes_limit: 68719476736
2019/10/17-14:55:13.390824 7fc3a9fcb700   Options.hard_pending_compaction_bytes_limit: 274877906944
2019/10/17-14:55:13.390825 7fc3a9fcb700       Options.rate_limit_delay_max_milliseconds: 100
2019/10/17-14:55:13.390826 7fc3a9fcb700                Options.disable_auto_compactions: 0
2019/10/17-14:55:13.390833 7fc3a9fcb700                        Options.compaction_style: kCompactionStyleLevel
2019/10/17-14:55:13.390835 7fc3a9fcb700                          Options.compaction_pri: kByCompensatedSize
2019/10/17-14:55:13.390837 7fc3a9fcb700 Options.compaction_options_universal.size_ratio: 1
2019/10/17-14:55:13.390838 7fc3a9fcb700 Options.compaction_options_universal.min_merge_width: 2
2019/10/17-14:55:13.390839 7fc3a9fcb700 Options.compaction_options_universal.max_merge_width: 4294967295
2019/10/17-14:55:13.390840 7fc3a9fcb700 Options.compaction_options_universal.max_size_amplification_percent: 200
2019/10/17-14:55:13.390842 7fc3a9fcb700 Options.compaction_options_universal.compression_size_percent: -1
2019/10/17-14:55:13.390843 7fc3a9fcb700 Options.compaction_options_universal.stop_style: kCompactionStopStyleTotalSize
2019/10/17-14:55:13.390844 7fc3a9fcb700 Options.compaction_options_fifo.max_table_files_size: 1073741824
2019/10/17-14:55:13.390845 7fc3a9fcb700 Options.compaction_options_fifo.allow_compaction: 0
2019/10/17-14:55:13.390847 7fc3a9fcb700 Options.compaction_options_fifo.ttl: 0
2019/10/17-14:55:13.390848 7fc3a9fcb700                   Options.table_properties_collectors: 
2019/10/17-14:55:13.390849 7fc3a9fcb700                   Options.inplace_update_support: 0
2019/10/17-14:55:13.390850 7fc3a9fcb700                 Options.inplace_update_num_locks: 10000
2019/10/17-14:55:13.390851 7fc3a9fcb700               Options.memtable_prefix_bloom_size_ratio: 0.000000
2019/10/17-14:55:13.390853 7fc3a9fcb700   Options.memtable_huge_page_size: 0
2019/10/17-14:55:13.390854 7fc3a9fcb700                           Options.bloom_locality: 0
2019/10/17-14:55:13.390856 7fc3a9fcb700                    Options.max_successive_merges: 0
2019/10/17-14:55:13.390857 7fc3a9fcb700                Options.optimize_filters_for_hits: 0
2019/10/17-14:55:13.390858 7fc3a9fcb700                Options.paranoid_file_checks: 0
2019/10/17-14:55:13.390859 7fc3a9fcb700                Options.force_consistency_checks: 0
2019/10/17-14:55:13.390860 7fc3a9fcb700                Options.report_bg_io_stats: 0
2019/10/17-14:55:13.390862 7fc3a9fcb700                               Options.ttl: 0
2019/10/17-14:55:13.390881 7fc3a9fcb700 [db/column_family.cc:472] --------------- Options for column family [htlcs]:
2019/10/17-14:55:13.390883 7fc3a9fcb700               Options.comparator: leveldb.BytewiseComparator
2019/10/17-14:55:13.390884 7fc3a9fcb700           Options.merge_operator: None
2019/10/17-14:55:13.390885 7fc3a9fcb700        Options.compaction_filter: None
2019/10/17-14:55:13.390887 7fc3a9fcb700        Options.compaction_filter_factory: None
2019/10/17-14:55:13.390888 7fc3a9fcb700         Options.memtable_factory: SkipListFactory
2019/10/17-14:55:13.390889 7fc3a9fcb700            Options.table_factory: BlockBasedTable
2019/10/17-14:55:13.390904 7fc3a9fcb700            table_factory options:   flush_block_policy_factory: FlushBlockBySizePolicyFactory (0x7fc350069c30)
