2019/10/17-14:56:13.322542 7fbc2cd30700 RocksDB version: 5.18.3
2019/10/17-14:56:13.322575 7fbc2cd30700 Git sha rocksdb_build_git_sha:@0@
2019/10/17-14:56:13.322577 7fbc2cd30700 Compile date Sep 19 2019
2019/10/17-14:56:13.322578 7fbc2cd30700 DB SUMMARY
2019/10/17-14:56:13.323216 7fbc2cd30700 CURRENT file:  CURRENT
2019/10/17-14:56:13.323218 7fbc2cd30700 IDENTITY file:  IDENTITY
2019/10/17-14:56:13.323244 7fbc2cd30700 MANIFEST file:  MANIFEST-116935 size: 4114 Bytes
2019/10/17-14:56:13.323245 7fbc2cd30700 SST files in /home/rahul/dev/blockchain-core/eqc/ledger.db dir, Total Num: 29, files: 000624.sst 000627.sst 106940.sst 108447.sst 108450.sst 109471.sst 109483.sst 109485.sst 109486.sst 
2019/10/17-14:56:13.323247 7fbc2cd30700 Write Ahead Log file in /home/rahul/dev/blockchain-core/eqc/ledger.db: 116936.log size: 0 ; 
2019/10/17-14:56:13.323276 7fbc2cd30700                         Options.error_if_exists: 0
2019/10/17-14:56:13.323278 7fbc2cd30700                       Options.create_if_missing: 1
2019/10/17-14:56:13.323278 7fbc2cd30700                         Options.paranoid_checks: 1
2019/10/17-14:56:13.323279 7fbc2cd30700                                     Options.env: 0x7fbbafa7bc60
2019/10/17-14:56:13.323280 7fbc2cd30700                                Options.info_log: 0x7fbbb802f2a0
2019/10/17-14:56:13.323281 7fbc2cd30700                Options.max_file_opening_threads: 16
2019/10/17-14:56:13.323281 7fbc2cd30700                              Options.statistics: (nil)
2019/10/17-14:56:13.323282 7fbc2cd30700                               Options.use_fsync: 0
2019/10/17-14:56:13.323283 7fbc2cd30700                       Options.max_log_file_size: 0
2019/10/17-14:56:13.323284 7fbc2cd30700                  Options.max_manifest_file_size: 1073741824
2019/10/17-14:56:13.323284 7fbc2cd30700                   Options.log_file_time_to_roll: 0
2019/10/17-14:56:13.323285 7fbc2cd30700                       Options.keep_log_file_num: 1000
2019/10/17-14:56:13.323286 7fbc2cd30700                    Options.recycle_log_file_num: 0
2019/10/17-14:56:13.323287 7fbc2cd30700                         Options.allow_fallocate: 1
2019/10/17-14:56:13.323287 7fbc2cd30700                        Options.allow_mmap_reads: 0
2019/10/17-14:56:13.323288 7fbc2cd30700                       Options.allow_mmap_writes: 0
2019/10/17-14:56:13.323289 7fbc2cd30700                        Options.use_direct_reads: 0
2019/10/17-14:56:13.323289 7fbc2cd30700                        Options.use_direct_io_for_flush_and_compaction: 0
2019/10/17-14:56:13.323290 7fbc2cd30700          Options.create_missing_column_families: 0
2019/10/17-14:56:13.323291 7fbc2cd30700                              Options.db_log_dir: 
2019/10/17-14:56:13.323291 7fbc2cd30700                                 Options.wal_dir: /home/rahul/dev/blockchain-core/eqc/ledger.db
2019/10/17-14:56:13.323292 7fbc2cd30700                Options.table_cache_numshardbits: 6
2019/10/17-14:56:13.323293 7fbc2cd30700                      Options.max_subcompactions: 1
2019/10/17-14:56:13.323293 7fbc2cd30700                  Options.max_background_flushes: -1
2019/10/17-14:56:13.323294 7fbc2cd30700                         Options.WAL_ttl_seconds: 0
2019/10/17-14:56:13.323295 7fbc2cd30700                       Options.WAL_size_limit_MB: 0
2019/10/17-14:56:13.323296 7fbc2cd30700             Options.manifest_preallocation_size: 4194304
2019/10/17-14:56:13.323296 7fbc2cd30700                     Options.is_fd_close_on_exec: 1
2019/10/17-14:56:13.323297 7fbc2cd30700                   Options.advise_random_on_open: 1
2019/10/17-14:56:13.323298 7fbc2cd30700                    Options.db_write_buffer_size: 0
2019/10/17-14:56:13.323298 7fbc2cd30700                    Options.write_buffer_manager: 0x7fbbb80e7e70
2019/10/17-14:56:13.323299 7fbc2cd30700         Options.access_hint_on_compaction_start: 1
2019/10/17-14:56:13.323300 7fbc2cd30700  Options.new_table_reader_for_compaction_inputs: 0
2019/10/17-14:56:13.323300 7fbc2cd30700           Options.random_access_max_buffer_size: 1048576
2019/10/17-14:56:13.323301 7fbc2cd30700                      Options.use_adaptive_mutex: 0
2019/10/17-14:56:13.323302 7fbc2cd30700                            Options.rate_limiter: (nil)
2019/10/17-14:56:13.323310 7fbc2cd30700     Options.sst_file_manager.rate_bytes_per_sec: 0
2019/10/17-14:56:13.323311 7fbc2cd30700                       Options.wal_recovery_mode: 2
2019/10/17-14:56:13.323312 7fbc2cd30700                  Options.enable_thread_tracking: 0
2019/10/17-14:56:13.323312 7fbc2cd30700                  Options.enable_pipelined_write: 0
2019/10/17-14:56:13.323313 7fbc2cd30700         Options.allow_concurrent_memtable_write: 1
2019/10/17-14:56:13.323314 7fbc2cd30700      Options.enable_write_thread_adaptive_yield: 1
2019/10/17-14:56:13.323314 7fbc2cd30700             Options.write_thread_max_yield_usec: 100
2019/10/17-14:56:13.323315 7fbc2cd30700            Options.write_thread_slow_yield_usec: 3
2019/10/17-14:56:13.323316 7fbc2cd30700                               Options.row_cache: None
2019/10/17-14:56:13.323316 7fbc2cd30700                              Options.wal_filter: None
2019/10/17-14:56:13.323317 7fbc2cd30700             Options.avoid_flush_during_recovery: 0
2019/10/17-14:56:13.323318 7fbc2cd30700             Options.allow_ingest_behind: 0
2019/10/17-14:56:13.323319 7fbc2cd30700             Options.preserve_deletes: 0
2019/10/17-14:56:13.323319 7fbc2cd30700             Options.two_write_queues: 0
2019/10/17-14:56:13.323320 7fbc2cd30700             Options.manual_wal_flush: 0
2019/10/17-14:56:13.323321 7fbc2cd30700             Options.max_background_jobs: 2
2019/10/17-14:56:13.323321 7fbc2cd30700             Options.max_background_compactions: -1
2019/10/17-14:56:13.323322 7fbc2cd30700             Options.avoid_flush_during_shutdown: 0
2019/10/17-14:56:13.323323 7fbc2cd30700           Options.writable_file_max_buffer_size: 1048576
2019/10/17-14:56:13.323323 7fbc2cd30700             Options.delayed_write_rate : 16777216
2019/10/17-14:56:13.323324 7fbc2cd30700             Options.max_total_wal_size: 0
2019/10/17-14:56:13.323325 7fbc2cd30700             Options.delete_obsolete_files_period_micros: 21600000000
2019/10/17-14:56:13.323326 7fbc2cd30700                   Options.stats_dump_period_sec: 600
2019/10/17-14:56:13.323326 7fbc2cd30700                          Options.max_open_files: -1
2019/10/17-14:56:13.323327 7fbc2cd30700                          Options.bytes_per_sync: 0
2019/10/17-14:56:13.323328 7fbc2cd30700                      Options.wal_bytes_per_sync: 0
2019/10/17-14:56:13.323328 7fbc2cd30700       Options.compaction_readahead_size: 0
2019/10/17-14:56:13.323329 7fbc2cd30700 Compression algorithms supported:
2019/10/17-14:56:13.323330 7fbc2cd30700 	kZSTDNotFinalCompression supported: 0
2019/10/17-14:56:13.323331 7fbc2cd30700 	kZSTD supported: 0
2019/10/17-14:56:13.323332 7fbc2cd30700 	kXpressCompression supported: 0
2019/10/17-14:56:13.323333 7fbc2cd30700 	kLZ4HCCompression supported: 0
2019/10/17-14:56:13.323333 7fbc2cd30700 	kLZ4Compression supported: 0
2019/10/17-14:56:13.323334 7fbc2cd30700 	kBZip2Compression supported: 0
2019/10/17-14:56:13.323335 7fbc2cd30700 	kZlibCompression supported: 0
2019/10/17-14:56:13.323335 7fbc2cd30700 	kSnappyCompression supported: 0
2019/10/17-14:56:13.323337 7fbc2cd30700 Fast CRC32 supported: Supported on x86
2019/10/17-14:56:13.323422 7fbc2cd30700 [db/version_set.cc:3507] Recovering from manifest file: MANIFEST-116935
2019/10/17-14:56:13.323451 7fbc2cd30700 [db/column_family.cc:472] --------------- Options for column family [default]:
2019/10/17-14:56:13.323452 7fbc2cd30700               Options.comparator: leveldb.BytewiseComparator
2019/10/17-14:56:13.323453 7fbc2cd30700           Options.merge_operator: None
2019/10/17-14:56:13.323454 7fbc2cd30700        Options.compaction_filter: None
2019/10/17-14:56:13.323454 7fbc2cd30700        Options.compaction_filter_factory: None
2019/10/17-14:56:13.323455 7fbc2cd30700         Options.memtable_factory: SkipListFactory
2019/10/17-14:56:13.323456 7fbc2cd30700            Options.table_factory: BlockBasedTable
2019/10/17-14:56:13.323470 7fbc2cd30700            table_factory options:   flush_block_policy_factory: FlushBlockBySizePolicyFactory (0x7fbbb810a230)
  cache_index_and_filter_blocks: 0
  cache_index_and_filter_blocks_with_high_priority: 0
  pin_l0_filter_and_index_blocks_in_cache: 0
  pin_top_level_index_and_filter: 1
  index_type: 0
  hash_index_allow_collision: 1
  checksum: 1
  no_block_cache: 0
  block_cache: 0x7fbbb8110170
  block_cache_name: LRUCache
  block_cache_options:
    capacity : 8388608
    num_shard_bits : 4
    strict_capacity_limit : 0
    memory_allocator : None
    high_pri_pool_ratio: 0.000
  block_cache_compressed: (nil)
  persistent_cache: (nil)
  block_size: 4096
  block_size_deviation: 10
  block_restart_interval: 16
  index_block_restart_interval: 1
  metadata_block_size: 4096
  partition_filters: 0
  use_delta_encoding: 1
  filter_policy: nullptr
  whole_key_filtering: 1
  verify_compression: 0
  read_amp_bytes_per_bit: 0
  format_version: 2
  enable_index_compression: 1
  block_align: 0
2019/10/17-14:56:13.323478 7fbc2cd30700        Options.write_buffer_size: 67108864
2019/10/17-14:56:13.323479 7fbc2cd30700  Options.max_write_buffer_number: 2
2019/10/17-14:56:13.323480 7fbc2cd30700          Options.compression: NoCompression
2019/10/17-14:56:13.323481 7fbc2cd30700                  Options.bottommost_compression: Disabled
2019/10/17-14:56:13.323481 7fbc2cd30700       Options.prefix_extractor: nullptr
2019/10/17-14:56:13.323482 7fbc2cd30700   Options.memtable_insert_with_hint_prefix_extractor: nullptr
2019/10/17-14:56:13.323483 7fbc2cd30700             Options.num_levels: 7
2019/10/17-14:56:13.323483 7fbc2cd30700        Options.min_write_buffer_number_to_merge: 1
2019/10/17-14:56:13.323484 7fbc2cd30700     Options.max_write_buffer_number_to_maintain: 0
2019/10/17-14:56:13.323485 7fbc2cd30700            Options.bottommost_compression_opts.window_bits: -14
2019/10/17-14:56:13.323485 7fbc2cd30700                  Options.bottommost_compression_opts.level: 32767
2019/10/17-14:56:13.323486 7fbc2cd30700               Options.bottommost_compression_opts.strategy: 0
2019/10/17-14:56:13.323487 7fbc2cd30700         Options.bottommost_compression_opts.max_dict_bytes: 0
2019/10/17-14:56:13.323487 7fbc2cd30700         Options.bottommost_compression_opts.zstd_max_train_bytes: 0
2019/10/17-14:56:13.323488 7fbc2cd30700                  Options.bottommost_compression_opts.enabled: false
2019/10/17-14:56:13.323489 7fbc2cd30700            Options.compression_opts.window_bits: -14
2019/10/17-14:56:13.323489 7fbc2cd30700                  Options.compression_opts.level: 32767
2019/10/17-14:56:13.323490 7fbc2cd30700               Options.compression_opts.strategy: 0
2019/10/17-14:56:13.323491 7fbc2cd30700         Options.compression_opts.max_dict_bytes: 0
2019/10/17-14:56:13.323491 7fbc2cd30700         Options.compression_opts.zstd_max_train_bytes: 0
2019/10/17-14:56:13.323492 7fbc2cd30700                  Options.compression_opts.enabled: false
2019/10/17-14:56:13.323493 7fbc2cd30700      Options.level0_file_num_compaction_trigger: 4
2019/10/17-14:56:13.323493 7fbc2cd30700          Options.level0_slowdown_writes_trigger: 20
2019/10/17-14:56:13.323494 7fbc2cd30700              Options.level0_stop_writes_trigger: 36
2019/10/17-14:56:13.323495 7fbc2cd30700                   Options.target_file_size_base: 67108864
2019/10/17-14:56:13.323495 7fbc2cd30700             Options.target_file_size_multiplier: 1
2019/10/17-14:56:13.323496 7fbc2cd30700                Options.max_bytes_for_level_base: 268435456
2019/10/17-14:56:13.323497 7fbc2cd30700 Options.level_compaction_dynamic_level_bytes: 0
2019/10/17-14:56:13.323497 7fbc2cd30700          Options.max_bytes_for_level_multiplier: 10.000000
2019/10/17-14:56:13.323499 7fbc2cd30700 Options.max_bytes_for_level_multiplier_addtl[0]: 1
2019/10/17-14:56:13.323500 7fbc2cd30700 Options.max_bytes_for_level_multiplier_addtl[1]: 1
2019/10/17-14:56:13.323501 7fbc2cd30700 Options.max_bytes_for_level_multiplier_addtl[2]: 1
2019/10/17-14:56:13.323501 7fbc2cd30700 Options.max_bytes_for_level_multiplier_addtl[3]: 1
2019/10/17-14:56:13.323502 7fbc2cd30700 Options.max_bytes_for_level_multiplier_addtl[4]: 1
2019/10/17-14:56:13.323506 7fbc2cd30700 Options.max_bytes_for_level_multiplier_addtl[5]: 1
2019/10/17-14:56:13.323507 7fbc2cd30700 Options.max_bytes_for_level_multiplier_addtl[6]: 1
2019/10/17-14:56:13.323508 7fbc2cd30700       Options.max_sequential_skip_in_iterations: 8
2019/10/17-14:56:13.323508 7fbc2cd30700                    Options.max_compaction_bytes: 1677721600
2019/10/17-14:56:13.323509 7fbc2cd30700                        Options.arena_block_size: 8388608
2019/10/17-14:56:13.323510 7fbc2cd30700   Options.soft_pending_compaction_bytes_limit: 68719476736
2019/10/17-14:56:13.323510 7fbc2cd30700   Options.hard_pending_compaction_bytes_limit: 274877906944
2019/10/17-14:56:13.323511 7fbc2cd30700       Options.rate_limit_delay_max_milliseconds: 100
2019/10/17-14:56:13.323512 7fbc2cd30700                Options.disable_auto_compactions: 0
2019/10/17-14:56:13.323513 7fbc2cd30700                        Options.compaction_style: kCompactionStyleLevel
2019/10/17-14:56:13.323514 7fbc2cd30700                          Options.compaction_pri: kByCompensatedSize
2019/10/17-14:56:13.323515 7fbc2cd30700 Options.compaction_options_universal.size_ratio: 1
2019/10/17-14:56:13.323515 7fbc2cd30700 Options.compaction_options_universal.min_merge_width: 2
2019/10/17-14:56:13.323516 7fbc2cd30700 Options.compaction_options_universal.max_merge_width: 4294967295
2019/10/17-14:56:13.323517 7fbc2cd30700 Options.compaction_options_universal.max_size_amplification_percent: 200
2019/10/17-14:56:13.323517 7fbc2cd30700 Options.compaction_options_universal.compression_size_percent: -1
2019/10/17-14:56:13.323519 7fbc2cd30700 Options.compaction_options_universal.stop_style: kCompactionStopStyleTotalSize
2019/10/17-14:56:13.323519 7fbc2cd30700 Options.compaction_options_fifo.max_table_files_size: 1073741824
2019/10/17-14:56:13.323520 7fbc2cd30700 Options.compaction_options_fifo.allow_compaction: 0
2019/10/17-14:56:13.323521 7fbc2cd30700 Options.compaction_options_fifo.ttl: 0
2019/10/17-14:56:13.323521 7fbc2cd30700                   Options.table_properties_collectors: 
2019/10/17-14:56:13.323522 7fbc2cd30700                   Options.inplace_update_support: 0
2019/10/17-14:56:13.323523 7fbc2cd30700                 Options.inplace_update_num_locks: 10000
2019/10/17-14:56:13.323523 7fbc2cd30700               Options.memtable_prefix_bloom_size_ratio: 0.000000
2019/10/17-14:56:13.323524 7fbc2cd30700   Options.memtable_huge_page_size: 0
2019/10/17-14:56:13.323525 7fbc2cd30700                           Options.bloom_locality: 0
2019/10/17-14:56:13.323526 7fbc2cd30700                    Options.max_successive_merges: 0
2019/10/17-14:56:13.323526 7fbc2cd30700                Options.optimize_filters_for_hits: 0
2019/10/17-14:56:13.323527 7fbc2cd30700                Options.paranoid_file_checks: 0
2019/10/17-14:56:13.323528 7fbc2cd30700                Options.force_consistency_checks: 0
2019/10/17-14:56:13.323528 7fbc2cd30700                Options.report_bg_io_stats: 0
2019/10/17-14:56:13.323529 7fbc2cd30700                               Options.ttl: 0
2019/10/17-14:56:13.323552 7fbc2cd30700 [db/column_family.cc:472] --------------- Options for column family [active_gateways]:
2019/10/17-14:56:13.323554 7fbc2cd30700               Options.comparator: leveldb.BytewiseComparator
2019/10/17-14:56:13.323554 7fbc2cd30700           Options.merge_operator: None
2019/10/17-14:56:13.323555 7fbc2cd30700        Options.compaction_filter: None
2019/10/17-14:56:13.323556 7fbc2cd30700        Options.compaction_filter_factory: None
2019/10/17-14:56:13.323556 7fbc2cd30700         Options.memtable_factory: SkipListFactory
2019/10/17-14:56:13.323557 7fbc2cd30700            Options.table_factory: BlockBasedTable
2019/10/17-14:56:13.323566 7fbc2cd30700            table_factory options:   flush_block_policy_factory: FlushBlockBySizePolicyFactory (0x7fbbb80224e0)
  cache_index_and_filter_blocks: 0
  cache_index_and_filter_blocks_with_high_priority: 0
  pin_l0_filter_and_index_blocks_in_cache: 0
  pin_top_level_index_and_filter: 1
  index_type: 0
  hash_index_allow_collision: 1
  checksum: 1
  no_block_cache: 0
  block_cache: 0x7fbbb8054d50
  block_cache_name: LRUCache
  block_cache_options:
    capacity : 8388608
    num_shard_bits : 4
    strict_capacity_limit : 0
    memory_allocator : None
    high_pri_pool_ratio: 0.000
  block_cache_compressed: (nil)
  persistent_cache: (nil)
  block_size: 4096
  block_size_deviation: 10
  block_restart_interval: 16
  index_block_restart_interval: 1
  metadata_block_size: 4096
  partition_filters: 0
  use_delta_encoding: 1
  filter_policy: nullptr
  whole_key_filtering: 1
  verify_compression: 0
  read_amp_bytes_per_bit: 0
  format_version: 2
  enable_index_compression: 1
  block_align: 0
2019/10/17-14:56:13.323572 7fbc2cd30700        Options.write_buffer_size: 67108864
2019/10/17-14:56:13.323573 7fbc2cd30700  Options.max_write_buffer_number: 2
2019/10/17-14:56:13.323573 7fbc2cd30700          Options.compression: NoCompression
2019/10/17-14:56:13.323574 7fbc2cd30700                  Options.bottommost_compression: Disabled
2019/10/17-14:56:13.323575 7fbc2cd30700       Options.prefix_extractor: nullptr
2019/10/17-14:56:13.323575 7fbc2cd30700   Options.memtable_insert_with_hint_prefix_extractor: nullptr
2019/10/17-14:56:13.323576 7fbc2cd30700             Options.num_levels: 7
2019/10/17-14:56:13.323577 7fbc2cd30700        Options.min_write_buffer_number_to_merge: 1
2019/10/17-14:56:13.323577 7fbc2cd30700     Options.max_write_buffer_number_to_maintain: 0
2019/10/17-14:56:13.323578 7fbc2cd30700            Options.bottommost_compression_opts.window_bits: -14
2019/10/17-14:56:13.323579 7fbc2cd30700                  Options.bottommost_compression_opts.level: 32767
2019/10/17-14:56:13.323579 7fbc2cd30700               Options.bottommost_compression_opts.strategy: 0
2019/10/17-14:56:13.323580 7fbc2cd30700         Options.bottommost_compression_opts.max_dict_bytes: 0
2019/10/17-14:56:13.323581 7fbc2cd30700         Options.bottommost_compression_opts.zstd_max_train_bytes: 0
2019/10/17-14:56:13.323581 7fbc2cd30700                  Options.bottommost_compression_opts.enabled: false
2019/10/17-14:56:13.323582 7fbc2cd30700            Options.compression_opts.window_bits: -14
2019/10/17-14:56:13.323583 7fbc2cd30700                  Options.compression_opts.level: 32767
2019/10/17-14:56:13.323583 7fbc2cd30700               Options.compression_opts.strategy: 0
2019/10/17-14:56:13.323584 7fbc2cd30700         Options.compression_opts.max_dict_bytes: 0
2019/10/17-14:56:13.323584 7fbc2cd30700         Options.compression_opts.zstd_max_train_bytes: 0
2019/10/17-14:56:13.323585 7fbc2cd30700                  Options.compression_opts.enabled: false
2019/10/17-14:56:13.323586 7fbc2cd30700      Options.level0_file_num_compaction_trigger: 4
2019/10/17-14:56:13.323586 7fbc2cd30700          Options.level0_slowdown_writes_trigger: 20
2019/10/17-14:56:13.323587 7fbc2cd30700              Options.level0_stop_writes_trigger: 36
2019/10/17-14:56:13.323588 7fbc2cd30700                   Options.target_file_size_base: 67108864
2019/10/17-14:56:13.323588 7fbc2cd30700             Options.target_file_size_multiplier: 1
2019/10/17-14:56:13.323589 7fbc2cd30700                Options.max_bytes_for_level_base: 268435456
2019/10/17-14:56:13.323590 7fbc2cd30700 Options.level_compaction_dynamic_level_bytes: 0
2019/10/17-14:56:13.323590 7fbc2cd30700          Options.max_bytes_for_level_multiplier: 10.000000
2019/10/17-14:56:13.323591 7fbc2cd30700 Options.max_bytes_for_level_multiplier_addtl[0]: 1
2019/10/17-14:56:13.323592 7fbc2cd30700 Options.max_bytes_for_level_multiplier_addtl[1]: 1
2019/10/17-14:56:13.323593 7fbc2cd30700 Options.max_bytes_for_level_multiplier_addtl[2]: 1
2019/10/17-14:56:13.323594 7fbc2cd30700 Options.max_bytes_for_level_multiplier_addtl[3]: 1
2019/10/17-14:56:13.323594 7fbc2cd30700 Options.max_bytes_for_level_multiplier_addtl[4]: 1
2019/10/17-14:56:13.323595 7fbc2cd30700 Options.max_bytes_for_level_multiplier_addtl[5]: 1
2019/10/17-14:56:13.323596 7fbc2cd30700 Options.max_bytes_for_level_multiplier_addtl[6]: 1
2019/10/17-14:56:13.323596 7fbc2cd30700       Options.max_sequential_skip_in_iterations: 8
2019/10/17-14:56:13.323600 7fbc2cd30700                    Options.max_compaction_bytes: 1677721600
2019/10/17-14:56:13.323601 7fbc2cd30700                        Options.arena_block_size: 8388608
2019/10/17-14:56:13.323601 7fbc2cd30700   Options.soft_pending_compaction_bytes_limit: 68719476736
2019/10/17-14:56:13.323602 7fbc2cd30700   Options.hard_pending_compaction_bytes_limit: 274877906944
2019/10/17-14:56:13.323603 7fbc2cd30700       Options.rate_limit_delay_max_milliseconds: 100
2019/10/17-14:56:13.323603 7fbc2cd30700                Options.disable_auto_compactions: 0
2019/10/17-14:56:13.323604 7fbc2cd30700                        Options.compaction_style: kCompactionStyleLevel
2019/10/17-14:56:13.323605 7fbc2cd30700                          Options.compaction_pri: kByCompensatedSize
2019/10/17-14:56:13.323606 7fbc2cd30700 Options.compaction_options_universal.size_ratio: 1
2019/10/17-14:56:13.323606 7fbc2cd30700 Options.compaction_options_universal.min_merge_width: 2
2019/10/17-14:56:13.323607 7fbc2cd30700 Options.compaction_options_universal.max_merge_width: 4294967295
2019/10/17-14:56:13.323608 7fbc2cd30700 Options.compaction_options_universal.max_size_amplification_percent: 200
2019/10/17-14:56:13.323608 7fbc2cd30700 Options.compaction_options_universal.compression_size_percent: -1
2019/10/17-14:56:13.323609 7fbc2cd30700 Options.compaction_options_universal.stop_style: kCompactionStopStyleTotalSize
2019/10/17-14:56:13.323610 7fbc2cd30700 Options.compaction_options_fifo.max_table_files_size: 1073741824
2019/10/17-14:56:13.323611 7fbc2cd30700 Options.compaction_options_fifo.allow_compaction: 0
2019/10/17-14:56:13.323611 7fbc2cd30700 Options.compaction_options_fifo.ttl: 0
2019/10/17-14:56:13.323612 7fbc2cd30700                   Options.table_properties_collectors: 
2019/10/17-14:56:13.323612 7fbc2cd30700                   Options.inplace_update_support: 0
2019/10/17-14:56:13.323613 7fbc2cd30700                 Options.inplace_update_num_locks: 10000
2019/10/17-14:56:13.323614 7fbc2cd30700               Options.memtable_prefix_bloom_size_ratio: 0.000000
2019/10/17-14:56:13.323615 7fbc2cd30700   Options.memtable_huge_page_size: 0
2019/10/17-14:56:13.323615 7fbc2cd30700                           Options.bloom_locality: 0
2019/10/17-14:56:13.323616 7fbc2cd30700                    Options.max_successive_merges: 0
2019/10/17-14:56:13.323617 7fbc2cd30700                Options.optimize_filters_for_hits: 0
2019/10/17-14:56:13.323617 7fbc2cd30700                Options.paranoid_file_checks: 0
2019/10/17-14:56:13.323618 7fbc2cd30700                Options.force_consistency_checks: 0
2019/10/17-14:56:13.323619 7fbc2cd30700                Options.report_bg_io_stats: 0
2019/10/17-14:56:13.323619 7fbc2cd30700                               Options.ttl: 0
2019/10/17-14:56:13.323633 7fbc2cd30700 [db/column_family.cc:472] --------------- Options for column family [entries]:
2019/10/17-14:56:13.323634 7fbc2cd30700               Options.comparator: leveldb.BytewiseComparator
2019/10/17-14:56:13.323635 7fbc2cd30700           Options.merge_operator: None
2019/10/17-14:56:13.323636 7fbc2cd30700        Options.compaction_filter: None
2019/10/17-14:56:13.323636 7fbc2cd30700        Options.compaction_filter_factory: None
2019/10/17-14:56:13.323637 7fbc2cd30700         Options.memtable_factory: SkipListFactory
2019/10/17-14:56:13.323638 7fbc2cd30700            Options.table_factory: BlockBasedTable
2019/10/17-14:56:13.323646 7fbc2cd30700            table_factory options:   flush_block_policy_factory: FlushBlockBySizePolicyFactory (0x7fbbb809bd10)
  cache_index_and_filter_blocks: 0
  cache_index_and_filter_blocks_with_high_priority: 0
  pin_l0_filter_and_index_blocks_in_cache: 0
  pin_top_level_index_and_filter: 1
  index_type: 0
  hash_index_allow_collision: 1
  checksum: 1
  no_block_cache: 0
  block_cache: 0x7fbbb802a380
  block_cache_name: LRUCache
  block_cache_options:
    capacity : 8388608
    num_shard_bits : 4
    strict_capacity_limit : 0
    memory_allocator : None
    high_pri_pool_ratio: 0.000
  block_cache_compressed: (nil)
  persistent_cache: (nil)
  block_size: 4096
  block_size_deviation: 10
  block_restart_interval: 16
  index_block_restart_interval: 1
  metadata_block_size: 4096
  partition_filters: 0
  use_delta_encoding: 1
  filter_policy: nullptr
  whole_key_filtering: 1
  verify_compression: 0
  read_amp_bytes_per_bit: 0
  format_version: 2
  enable_index_compression: 1
  block_align: 0
2019/10/17-14:56:13.323652 7fbc2cd30700        Options.write_buffer_size: 67108864
2019/10/17-14:56:13.323652 7fbc2cd30700  Options.max_write_buffer_number: 2
2019/10/17-14:56:13.323653 7fbc2cd30700          Options.compression: NoCompression
2019/10/17-14:56:13.323654 7fbc2cd30700                  Options.bottommost_compression: Disabled
2019/10/17-14:56:13.323654 7fbc2cd30700       Options.prefix_extractor: nullptr
2019/10/17-14:56:13.323655 7fbc2cd30700   Options.memtable_insert_with_hint_prefix_extractor: nullptr
2019/10/17-14:56:13.323656 7fbc2cd30700             Options.num_levels: 7
2019/10/17-14:56:13.323656 7fbc2cd30700        Options.min_write_buffer_number_to_merge: 1
2019/10/17-14:56:13.323657 7fbc2cd30700     Options.max_write_buffer_number_to_maintain: 0
2019/10/17-14:56:13.323658 7fbc2cd30700            Options.bottommost_compression_opts.window_bits: -14
2019/10/17-14:56:13.323658 7fbc2cd30700                  Options.bottommost_compression_opts.level: 32767
2019/10/17-14:56:13.323659 7fbc2cd30700               Options.bottommost_compression_opts.strategy: 0
2019/10/17-14:56:13.323660 7fbc2cd30700         Options.bottommost_compression_opts.max_dict_bytes: 0
2019/10/17-14:56:13.323660 7fbc2cd30700         Options.bottommost_compression_opts.zstd_max_train_bytes: 0
2019/10/17-14:56:13.323661 7fbc2cd30700                  Options.bottommost_compression_opts.enabled: false
2019/10/17-14:56:13.323661 7fbc2cd30700            Options.compression_opts.window_bits: -14
2019/10/17-14:56:13.323662 7fbc2cd30700                  Options.compression_opts.level: 32767
2019/10/17-14:56:13.323663 7fbc2cd30700               Options.compression_opts.strategy: 0
2019/10/17-14:56:13.323663 7fbc2cd30700         Options.compression_opts.max_dict_bytes: 0
2019/10/17-14:56:13.323664 7fbc2cd30700         Options.compression_opts.zstd_max_train_bytes: 0
2019/10/17-14:56:13.323665 7fbc2cd30700                  Options.compression_opts.enabled: false
2019/10/17-14:56:13.323665 7fbc2cd30700      Options.level0_file_num_compaction_trigger: 4
2019/10/17-14:56:13.323666 7fbc2cd30700          Options.level0_slowdown_writes_trigger: 20
2019/10/17-14:56:13.323667 7fbc2cd30700              Options.level0_stop_writes_trigger: 36
2019/10/17-14:56:13.323667 7fbc2cd30700                   Options.target_file_size_base: 67108864
2019/10/17-14:56:13.323668 7fbc2cd30700             Options.target_file_size_multiplier: 1
2019/10/17-14:56:13.323669 7fbc2cd30700                Options.max_bytes_for_level_base: 268435456
2019/10/17-14:56:13.323669 7fbc2cd30700 Options.level_compaction_dynamic_level_bytes: 0
2019/10/17-14:56:13.323670 7fbc2cd30700          Options.max_bytes_for_level_multiplier: 10.000000
2019/10/17-14:56:13.323671 7fbc2cd30700 Options.max_bytes_for_level_multiplier_addtl[0]: 1
2019/10/17-14:56:13.323672 7fbc2cd30700 Options.max_bytes_for_level_multiplier_addtl[1]: 1
2019/10/17-14:56:13.323672 7fbc2cd30700 Options.max_bytes_for_level_multiplier_addtl[2]: 1
2019/10/17-14:56:13.323673 7fbc2cd30700 Options.max_bytes_for_level_multiplier_addtl[3]: 1
2019/10/17-14:56:13.323674 7fbc2cd30700 Options.max_bytes_for_level_multiplier_addtl[4]: 1
2019/10/17-14:56:13.323674 7fbc2cd30700 Options.max_bytes_for_level_multiplier_addtl[5]: 1
2019/10/17-14:56:13.323675 7fbc2cd30700 Options.max_bytes_for_level_multiplier_addtl[6]: 1
2019/10/17-14:56:13.323676 7fbc2cd30700       Options.max_sequential_skip_in_iterations: 8
2019/10/17-14:56:13.323676 7fbc2cd30700                    Options.max_compaction_bytes: 1677721600
2019/10/17-14:56:13.323677 7fbc2cd30700                        Options.arena_block_size: 8388608
2019/10/17-14:56:13.323678 7fbc2cd30700   Options.soft_pending_compaction_bytes_limit: 68719476736
2019/10/17-14:56:13.323682 7fbc2cd30700   Options.hard_pending_compaction_bytes_limit: 274877906944
2019/10/17-14:56:13.323683 7fbc2cd30700       Options.rate_limit_delay_max_milliseconds: 100
2019/10/17-14:56:13.323683 7fbc2cd30700                Options.disable_auto_compactions: 0
2019/10/17-14:56:13.323684 7fbc2cd30700                        Options.compaction_style: kCompactionStyleLevel
2019/10/17-14:56:13.323685 7fbc2cd30700                          Options.compaction_pri: kByCompensatedSize
2019/10/17-14:56:13.323686 7fbc2cd30700 Options.compaction_options_universal.size_ratio: 1
2019/10/17-14:56:13.323686 7fbc2cd30700 Options.compaction_options_universal.min_merge_width: 2
2019/10/17-14:56:13.323687 7fbc2cd30700 Options.compaction_options_universal.max_merge_width: 4294967295
2019/10/17-14:56:13.323688 7fbc2cd30700 Options.compaction_options_universal.max_size_amplification_percent: 200
2019/10/17-14:56:13.323688 7fbc2cd30700 Options.compaction_options_universal.compression_size_percent: -1
2019/10/17-14:56:13.323689 7fbc2cd30700 Options.compaction_options_universal.stop_style: kCompactionStopStyleTotalSize
2019/10/17-14:56:13.323690 7fbc2cd30700 Options.compaction_options_fifo.max_table_files_size: 1073741824
2019/10/17-14:56:13.323690 7fbc2cd30700 Options.compaction_options_fifo.allow_compaction: 0
2019/10/17-14:56:13.323691 7fbc2cd30700 Options.compaction_options_fifo.ttl: 0
2019/10/17-14:56:13.323692 7fbc2cd30700                   Options.table_properties_collectors: 
2019/10/17-14:56:13.323692 7fbc2cd30700                   Options.inplace_update_support: 0
2019/10/17-14:56:13.323693 7fbc2cd30700                 Options.inplace_update_num_locks: 10000
2019/10/17-14:56:13.323694 7fbc2cd30700               Options.memtable_prefix_bloom_size_ratio: 0.000000
2019/10/17-14:56:13.323695 7fbc2cd30700   Options.memtable_huge_page_size: 0
2019/10/17-14:56:13.323695 7fbc2cd30700                           Options.bloom_locality: 0
2019/10/17-14:56:13.323696 7fbc2cd30700                    Options.max_successive_merges: 0
2019/10/17-14:56:13.323697 7fbc2cd30700                Options.optimize_filters_for_hits: 0
2019/10/17-14:56:13.323697 7fbc2cd30700                Options.paranoid_file_checks: 0
2019/10/17-14:56:13.323698 7fbc2cd30700                Options.force_consistency_checks: 0
2019/10/17-14:56:13.323698 7fbc2cd30700                Options.report_bg_io_stats: 0
2019/10/17-14:56:13.323699 7fbc2cd30700                               Options.ttl: 0
2019/10/17-14:56:13.323712 7fbc2cd30700 [db/column_family.cc:472] --------------- Options for column family [dc_entries]:
2019/10/17-14:56:13.323713 7fbc2cd30700               Options.comparator: leveldb.BytewiseComparator
2019/10/17-14:56:13.323714 7fbc2cd30700           Options.merge_operator: None
2019/10/17-14:56:13.323715 7fbc2cd30700        Options.compaction_filter: None
2019/10/17-14:56:13.323715 7fbc2cd30700        Options.compaction_filter_factory: None
2019/10/17-14:56:13.323716 7fbc2cd30700         Options.memtable_factory: SkipListFactory
2019/10/17-14:56:13.323717 7fbc2cd30700            Options.table_factory: BlockBasedTable
2019/10/17-14:56:13.323724 7fbc2cd30700            table_factory options:   flush_block_policy_factory: FlushBlockBySizePolicyFactory (0x7fbbb80e7ea0)
  cache_index_and_filter_blocks: 0
  cache_index_and_filter_blocks_with_high_priority: 0
  pin_l0_filter_and_index_blocks_in_cache: 0
  pin_top_level_index_and_filter: 1
  index_type: 0
  hash_index_allow_collision: 1
  checksum: 1
  no_block_cache: 0
  block_cache: 0x7fbbb80a7b50
  block_cache_name: LRUCache
  block_cache_options:
    capacity : 8388608
    num_shard_bits : 4
    strict_capacity_limit : 0
    memory_allocator : None
    high_pri_pool_ratio: 0.000
  block_cache_compressed: (nil)
  persistent_cache: (nil)
  block_size: 4096
  block_size_deviation: 10
  block_restart_interval: 16
  index_block_restart_interval: 1
  metadata_block_size: 4096
  partition_filters: 0
  use_delta_encoding: 1
  filter_policy: nullptr
  whole_key_filtering: 1
  verify_compression: 0
  read_amp_bytes_per_bit: 0
  format_version: 2
  enable_index_compression: 1
  block_align: 0
2019/10/17-14:56:13.323730 7fbc2cd30700        Options.write_buffer_size: 67108864
2019/10/17-14:56:13.323731 7fbc2cd30700  Options.max_write_buffer_number: 2
2019/10/17-14:56:13.323731 7fbc2cd30700          Options.compression: NoCompression
2019/10/17-14:56:13.323732 7fbc2cd30700                  Options.bottommost_compression: Disabled
2019/10/17-14:56:13.323733 7fbc2cd30700       Options.prefix_extractor: nullptr
2019/10/17-14:56:13.323733 7fbc2cd30700   Options.memtable_insert_with_hint_prefix_extractor: nullptr
2019/10/17-14:56:13.323734 7fbc2cd30700             Options.num_levels: 7
2019/10/17-14:56:13.323735 7fbc2cd30700        Options.min_write_buffer_number_to_merge: 1
2019/10/17-14:56:13.323735 7fbc2cd30700     Options.max_write_buffer_number_to_maintain: 0
2019/10/17-14:56:13.323736 7fbc2cd30700            Options.bottommost_compression_opts.window_bits: -14
2019/10/17-14:56:13.323736 7fbc2cd30700                  Options.bottommost_compression_opts.level: 32767
2019/10/17-14:56:13.323737 7fbc2cd30700               Options.bottommost_compression_opts.strategy: 0
2019/10/17-14:56:13.323738 7fbc2cd30700         Options.bottommost_compression_opts.max_dict_bytes: 0
2019/10/17-14:56:13.323738 7fbc2cd30700         Options.bottommost_compression_opts.zstd_max_train_bytes: 0
2019/10/17-14:56:13.323739 7fbc2cd30700                  Options.bottommost_compression_opts.enabled: false
2019/10/17-14:56:13.323740 7fbc2cd30700            Options.compression_opts.window_bits: -14
2019/10/17-14:56:13.323740 7fbc2cd30700                  Options.compression_opts.level: 32767
2019/10/17-14:56:13.323741 7fbc2cd30700               Options.compression_opts.strategy: 0
2019/10/17-14:56:13.323742 7fbc2cd30700         Options.compression_opts.max_dict_bytes: 0
2019/10/17-14:56:13.323742 7fbc2cd30700         Options.compression_opts.zstd_max_train_bytes: 0
2019/10/17-14:56:13.323743 7fbc2cd30700                  Options.compression_opts.enabled: false
2019/10/17-14:56:13.323744 7fbc2cd30700      Options.level0_file_num_compaction_trigger: 4
2019/10/17-14:56:13.323744 7fbc2cd30700          Options.level0_slowdown_writes_trigger: 20
2019/10/17-14:56:13.323745 7fbc2cd30700              Options.level0_stop_writes_trigger: 36
2019/10/17-14:56:13.323746 7fbc2cd30700                   Options.target_file_size_base: 67108864
2019/10/17-14:56:13.323746 7fbc2cd30700             Options.target_file_size_multiplier: 1
2019/10/17-14:56:13.323747 7fbc2cd30700                Options.max_bytes_for_level_base: 268435456
2019/10/17-14:56:13.323747 7fbc2cd30700 Options.level_compaction_dynamic_level_bytes: 0
2019/10/17-14:56:13.323748 7fbc2cd30700          Options.max_bytes_for_level_multiplier: 10.000000
2019/10/17-14:56:13.323749 7fbc2cd30700 Options.max_bytes_for_level_multiplier_addtl[0]: 1
2019/10/17-14:56:13.323750 7fbc2cd30700 Options.max_bytes_for_level_multiplier_addtl[1]: 1
2019/10/17-14:56:13.323751 7fbc2cd30700 Options.max_bytes_for_level_multiplier_addtl[2]: 1
2019/10/17-14:56:13.323751 7fbc2cd30700 Options.max_bytes_for_level_multiplier_addtl[3]: 1
2019/10/17-14:56:13.323752 7fbc2cd30700 Options.max_bytes_for_level_multiplier_addtl[4]: 1
2019/10/17-14:56:13.323752 7fbc2cd30700 Options.max_bytes_for_level_multiplier_addtl[5]: 1
2019/10/17-14:56:13.323753 7fbc2cd30700 Options.max_bytes_for_level_multiplier_addtl[6]: 1
2019/10/17-14:56:13.323754 7fbc2cd30700       Options.max_sequential_skip_in_iterations: 8
2019/10/17-14:56:13.323754 7fbc2cd30700                    Options.max_compaction_bytes: 1677721600
2019/10/17-14:56:13.323755 7fbc2cd30700                        Options.arena_block_size: 8388608
2019/10/17-14:56:13.323756 7fbc2cd30700   Options.soft_pending_compaction_bytes_limit: 68719476736
2019/10/17-14:56:13.323756 7fbc2cd30700   Options.hard_pending_compaction_bytes_limit: 274877906944
2019/10/17-14:56:13.323757 7fbc2cd30700       Options.rate_limit_delay_max_milliseconds: 100
2019/10/17-14:56:13.323758 7fbc2cd30700                Options.disable_auto_compactions: 0
2019/10/17-14:56:13.323762 7fbc2cd30700                        Options.compaction_style: kCompactionStyleLevel
2019/10/17-14:56:13.323763 7fbc2cd30700                          Options.compaction_pri: kByCompensatedSize
2019/10/17-14:56:13.323764 7fbc2cd30700 Options.compaction_options_universal.size_ratio: 1
2019/10/17-14:56:13.323765 7fbc2cd30700 Options.compaction_options_universal.min_merge_width: 2
2019/10/17-14:56:13.323765 7fbc2cd30700 Options.compaction_options_universal.max_merge_width: 4294967295
2019/10/17-14:56:13.323766 7fbc2cd30700 Options.compaction_options_universal.max_size_amplification_percent: 200
2019/10/17-14:56:13.323767 7fbc2cd30700 Options.compaction_options_universal.compression_size_percent: -1
2019/10/17-14:56:13.323767 7fbc2cd30700 Options.compaction_options_universal.stop_style: kCompactionStopStyleTotalSize
2019/10/17-14:56:13.323768 7fbc2cd30700 Options.compaction_options_fifo.max_table_files_size: 1073741824
2019/10/17-14:56:13.323769 7fbc2cd30700 Options.compaction_options_fifo.allow_compaction: 0
2019/10/17-14:56:13.323769 7fbc2cd30700 Options.compaction_options_fifo.ttl: 0
2019/10/17-14:56:13.323770 7fbc2cd30700                   Options.table_properties_collectors: 
2019/10/17-14:56:13.323771 7fbc2cd30700                   Options.inplace_update_support: 0
2019/10/17-14:56:13.323771 7fbc2cd30700                 Options.inplace_update_num_locks: 10000
2019/10/17-14:56:13.323772 7fbc2cd30700               Options.memtable_prefix_bloom_size_ratio: 0.000000
2019/10/17-14:56:13.323773 7fbc2cd30700   Options.memtable_huge_page_size: 0
2019/10/17-14:56:13.323773 7fbc2cd30700                           Options.bloom_locality: 0
2019/10/17-14:56:13.323774 7fbc2cd30700                    Options.max_successive_merges: 0
2019/10/17-14:56:13.323775 7fbc2cd30700                Options.optimize_filters_for_hits: 0
2019/10/17-14:56:13.323775 7fbc2cd30700                Options.paranoid_file_checks: 0
2019/10/17-14:56:13.323776 7fbc2cd30700                Options.force_consistency_checks: 0
2019/10/17-14:56:13.323777 7fbc2cd30700                Options.report_bg_io_stats: 0
2019/10/17-14:56:13.323777 7fbc2cd30700                               Options.ttl: 0
2019/10/17-14:56:13.323788 7fbc2cd30700 [db/column_family.cc:472] --------------- Options for column family [htlcs]:
2019/10/17-14:56:13.323789 7fbc2cd30700               Options.comparator: leveldb.BytewiseComparator
2019/10/17-14:56:13.323790 7fbc2cd30700           Options.merge_operator: None
2019/10/17-14:56:13.323790 7fbc2cd30700        Options.compaction_filter: None
2019/10/17-14:56:13.323791 7fbc2cd30700        Options.compaction_filter_factory: None
2019/10/17-14:56:13.323792 7fbc2cd30700         Options.memtable_factory: SkipListFactory
2019/10/17-14:56:13.323792 7fbc2cd30700            Options.table_factory: BlockBasedTable
2019/10/17-14:56:13.323800 7fbc2cd30700            table_factory options:   flush_block_policy_factory: FlushBlockBySizePolicyFactory (0x7fbbb8009230)
