2019/10/17-14:56:14.493065 7fbc2cd30700 RocksDB version: 5.18.3
2019/10/17-14:56:14.493101 7fbc2cd30700 Git sha rocksdb_build_git_sha:@0@
2019/10/17-14:56:14.493103 7fbc2cd30700 Compile date Sep 19 2019
2019/10/17-14:56:14.493105 7fbc2cd30700 DB SUMMARY
2019/10/17-14:56:14.493788 7fbc2cd30700 CURRENT file:  CURRENT
2019/10/17-14:56:14.493790 7fbc2cd30700 IDENTITY file:  IDENTITY
2019/10/17-14:56:14.493817 7fbc2cd30700 MANIFEST file:  MANIFEST-116962 size: 4114 Bytes
2019/10/17-14:56:14.493819 7fbc2cd30700 SST files in /home/rahul/dev/blockchain-core/eqc/ledger.db dir, Total Num: 29, files: 000624.sst 000627.sst 106940.sst 108447.sst 108450.sst 109471.sst 109483.sst 109485.sst 109486.sst 
2019/10/17-14:56:14.493820 7fbc2cd30700 Write Ahead Log file in /home/rahul/dev/blockchain-core/eqc/ledger.db: 116963.log size: 0 ; 
2019/10/17-14:56:14.493852 7fbc2cd30700                         Options.error_if_exists: 0
2019/10/17-14:56:14.493854 7fbc2cd30700                       Options.create_if_missing: 1
2019/10/17-14:56:14.493854 7fbc2cd30700                         Options.paranoid_checks: 1
2019/10/17-14:56:14.493855 7fbc2cd30700                                     Options.env: 0x7fbbafa7bc60
2019/10/17-14:56:14.493856 7fbc2cd30700                                Options.info_log: 0x7fbbb801f8a0
2019/10/17-14:56:14.493857 7fbc2cd30700                Options.max_file_opening_threads: 16
2019/10/17-14:56:14.493857 7fbc2cd30700                              Options.statistics: (nil)
2019/10/17-14:56:14.493858 7fbc2cd30700                               Options.use_fsync: 0
2019/10/17-14:56:14.493877 7fbc2cd30700                       Options.max_log_file_size: 0
2019/10/17-14:56:14.493878 7fbc2cd30700                  Options.max_manifest_file_size: 1073741824
2019/10/17-14:56:14.493879 7fbc2cd30700                   Options.log_file_time_to_roll: 0
2019/10/17-14:56:14.493879 7fbc2cd30700                       Options.keep_log_file_num: 1000
2019/10/17-14:56:14.493880 7fbc2cd30700                    Options.recycle_log_file_num: 0
2019/10/17-14:56:14.493881 7fbc2cd30700                         Options.allow_fallocate: 1
2019/10/17-14:56:14.493882 7fbc2cd30700                        Options.allow_mmap_reads: 0
2019/10/17-14:56:14.493882 7fbc2cd30700                       Options.allow_mmap_writes: 0
2019/10/17-14:56:14.493883 7fbc2cd30700                        Options.use_direct_reads: 0
2019/10/17-14:56:14.493884 7fbc2cd30700                        Options.use_direct_io_for_flush_and_compaction: 0
2019/10/17-14:56:14.493884 7fbc2cd30700          Options.create_missing_column_families: 0
2019/10/17-14:56:14.493885 7fbc2cd30700                              Options.db_log_dir: 
2019/10/17-14:56:14.493886 7fbc2cd30700                                 Options.wal_dir: /home/rahul/dev/blockchain-core/eqc/ledger.db
2019/10/17-14:56:14.493886 7fbc2cd30700                Options.table_cache_numshardbits: 6
2019/10/17-14:56:14.493887 7fbc2cd30700                      Options.max_subcompactions: 1
2019/10/17-14:56:14.493888 7fbc2cd30700                  Options.max_background_flushes: -1
2019/10/17-14:56:14.493889 7fbc2cd30700                         Options.WAL_ttl_seconds: 0
2019/10/17-14:56:14.493889 7fbc2cd30700                       Options.WAL_size_limit_MB: 0
2019/10/17-14:56:14.493890 7fbc2cd30700             Options.manifest_preallocation_size: 4194304
2019/10/17-14:56:14.493891 7fbc2cd30700                     Options.is_fd_close_on_exec: 1
2019/10/17-14:56:14.493892 7fbc2cd30700                   Options.advise_random_on_open: 1
2019/10/17-14:56:14.493892 7fbc2cd30700                    Options.db_write_buffer_size: 0
2019/10/17-14:56:14.493893 7fbc2cd30700                    Options.write_buffer_manager: 0x7fbbb809f060
2019/10/17-14:56:14.493894 7fbc2cd30700         Options.access_hint_on_compaction_start: 1
2019/10/17-14:56:14.493894 7fbc2cd30700  Options.new_table_reader_for_compaction_inputs: 0
2019/10/17-14:56:14.493895 7fbc2cd30700           Options.random_access_max_buffer_size: 1048576
2019/10/17-14:56:14.493896 7fbc2cd30700                      Options.use_adaptive_mutex: 0
2019/10/17-14:56:14.493896 7fbc2cd30700                            Options.rate_limiter: (nil)
2019/10/17-14:56:14.493907 7fbc2cd30700     Options.sst_file_manager.rate_bytes_per_sec: 0
2019/10/17-14:56:14.493907 7fbc2cd30700                       Options.wal_recovery_mode: 2
2019/10/17-14:56:14.493908 7fbc2cd30700                  Options.enable_thread_tracking: 0
2019/10/17-14:56:14.493909 7fbc2cd30700                  Options.enable_pipelined_write: 0
2019/10/17-14:56:14.493910 7fbc2cd30700         Options.allow_concurrent_memtable_write: 1
2019/10/17-14:56:14.493910 7fbc2cd30700      Options.enable_write_thread_adaptive_yield: 1
2019/10/17-14:56:14.493911 7fbc2cd30700             Options.write_thread_max_yield_usec: 100
2019/10/17-14:56:14.493912 7fbc2cd30700            Options.write_thread_slow_yield_usec: 3
2019/10/17-14:56:14.493912 7fbc2cd30700                               Options.row_cache: None
2019/10/17-14:56:14.493913 7fbc2cd30700                              Options.wal_filter: None
2019/10/17-14:56:14.493914 7fbc2cd30700             Options.avoid_flush_during_recovery: 0
2019/10/17-14:56:14.493915 7fbc2cd30700             Options.allow_ingest_behind: 0
2019/10/17-14:56:14.493915 7fbc2cd30700             Options.preserve_deletes: 0
2019/10/17-14:56:14.493916 7fbc2cd30700             Options.two_write_queues: 0
2019/10/17-14:56:14.493917 7fbc2cd30700             Options.manual_wal_flush: 0
2019/10/17-14:56:14.493917 7fbc2cd30700             Options.max_background_jobs: 2
2019/10/17-14:56:14.493918 7fbc2cd30700             Options.max_background_compactions: -1
2019/10/17-14:56:14.493919 7fbc2cd30700             Options.avoid_flush_during_shutdown: 0
2019/10/17-14:56:14.493920 7fbc2cd30700           Options.writable_file_max_buffer_size: 1048576
2019/10/17-14:56:14.493920 7fbc2cd30700             Options.delayed_write_rate : 16777216
2019/10/17-14:56:14.493921 7fbc2cd30700             Options.max_total_wal_size: 0
2019/10/17-14:56:14.493922 7fbc2cd30700             Options.delete_obsolete_files_period_micros: 21600000000
2019/10/17-14:56:14.493923 7fbc2cd30700                   Options.stats_dump_period_sec: 600
2019/10/17-14:56:14.493923 7fbc2cd30700                          Options.max_open_files: -1
2019/10/17-14:56:14.493924 7fbc2cd30700                          Options.bytes_per_sync: 0
2019/10/17-14:56:14.493925 7fbc2cd30700                      Options.wal_bytes_per_sync: 0
2019/10/17-14:56:14.493925 7fbc2cd30700       Options.compaction_readahead_size: 0
2019/10/17-14:56:14.493926 7fbc2cd30700 Compression algorithms supported:
2019/10/17-14:56:14.493928 7fbc2cd30700 	kZSTDNotFinalCompression supported: 0
2019/10/17-14:56:14.493930 7fbc2cd30700 	kZSTD supported: 0
2019/10/17-14:56:14.493930 7fbc2cd30700 	kXpressCompression supported: 0
2019/10/17-14:56:14.493931 7fbc2cd30700 	kLZ4HCCompression supported: 0
2019/10/17-14:56:14.493932 7fbc2cd30700 	kLZ4Compression supported: 0
2019/10/17-14:56:14.493933 7fbc2cd30700 	kBZip2Compression supported: 0
2019/10/17-14:56:14.493933 7fbc2cd30700 	kZlibCompression supported: 0
2019/10/17-14:56:14.493934 7fbc2cd30700 	kSnappyCompression supported: 0
2019/10/17-14:56:14.493936 7fbc2cd30700 Fast CRC32 supported: Supported on x86
2019/10/17-14:56:14.494026 7fbc2cd30700 [db/version_set.cc:3507] Recovering from manifest file: MANIFEST-116962
2019/10/17-14:56:14.494057 7fbc2cd30700 [db/column_family.cc:472] --------------- Options for column family [default]:
2019/10/17-14:56:14.494059 7fbc2cd30700               Options.comparator: leveldb.BytewiseComparator
2019/10/17-14:56:14.494060 7fbc2cd30700           Options.merge_operator: None
2019/10/17-14:56:14.494061 7fbc2cd30700        Options.compaction_filter: None
2019/10/17-14:56:14.494061 7fbc2cd30700        Options.compaction_filter_factory: None
2019/10/17-14:56:14.494062 7fbc2cd30700         Options.memtable_factory: SkipListFactory
2019/10/17-14:56:14.494063 7fbc2cd30700            Options.table_factory: BlockBasedTable
2019/10/17-14:56:14.494078 7fbc2cd30700            table_factory options:   flush_block_policy_factory: FlushBlockBySizePolicyFactory (0x7fbbb83cc590)
  cache_index_and_filter_blocks: 0
  cache_index_and_filter_blocks_with_high_priority: 0
  pin_l0_filter_and_index_blocks_in_cache: 0
  pin_top_level_index_and_filter: 1
  index_type: 0
  hash_index_allow_collision: 1
  checksum: 1
  no_block_cache: 0
  block_cache: 0x7fbbb83f3a90
  block_cache_name: LRUCache
  block_cache_options:
    capacity : 8388608
    num_shard_bits : 4
    strict_capacity_limit : 0
    memory_allocator : None
    high_pri_pool_ratio: 0.000
  block_cache_compressed: (nil)
  persistent_cache: (nil)
  block_size: 4096
  block_size_deviation: 10
  block_restart_interval: 16
  index_block_restart_interval: 1
  metadata_block_size: 4096
  partition_filters: 0
  use_delta_encoding: 1
  filter_policy: nullptr
  whole_key_filtering: 1
  verify_compression: 0
  read_amp_bytes_per_bit: 0
  format_version: 2
  enable_index_compression: 1
  block_align: 0
2019/10/17-14:56:14.494086 7fbc2cd30700        Options.write_buffer_size: 67108864
2019/10/17-14:56:14.494087 7fbc2cd30700  Options.max_write_buffer_number: 2
2019/10/17-14:56:14.494088 7fbc2cd30700          Options.compression: NoCompression
2019/10/17-14:56:14.494089 7fbc2cd30700                  Options.bottommost_compression: Disabled
2019/10/17-14:56:14.494090 7fbc2cd30700       Options.prefix_extractor: nullptr
2019/10/17-14:56:14.494091 7fbc2cd30700   Options.memtable_insert_with_hint_prefix_extractor: nullptr
2019/10/17-14:56:14.494091 7fbc2cd30700             Options.num_levels: 7
2019/10/17-14:56:14.494092 7fbc2cd30700        Options.min_write_buffer_number_to_merge: 1
2019/10/17-14:56:14.494093 7fbc2cd30700     Options.max_write_buffer_number_to_maintain: 0
2019/10/17-14:56:14.494093 7fbc2cd30700            Options.bottommost_compression_opts.window_bits: -14
2019/10/17-14:56:14.494094 7fbc2cd30700                  Options.bottommost_compression_opts.level: 32767
2019/10/17-14:56:14.494095 7fbc2cd30700               Options.bottommost_compression_opts.strategy: 0
2019/10/17-14:56:14.494096 7fbc2cd30700         Options.bottommost_compression_opts.max_dict_bytes: 0
2019/10/17-14:56:14.494096 7fbc2cd30700         Options.bottommost_compression_opts.zstd_max_train_bytes: 0
2019/10/17-14:56:14.494097 7fbc2cd30700                  Options.bottommost_compression_opts.enabled: false
2019/10/17-14:56:14.494098 7fbc2cd30700            Options.compression_opts.window_bits: -14
2019/10/17-14:56:14.494099 7fbc2cd30700                  Options.compression_opts.level: 32767
2019/10/17-14:56:14.494099 7fbc2cd30700               Options.compression_opts.strategy: 0
2019/10/17-14:56:14.494100 7fbc2cd30700         Options.compression_opts.max_dict_bytes: 0
2019/10/17-14:56:14.494101 7fbc2cd30700         Options.compression_opts.zstd_max_train_bytes: 0
2019/10/17-14:56:14.494101 7fbc2cd30700                  Options.compression_opts.enabled: false
2019/10/17-14:56:14.494102 7fbc2cd30700      Options.level0_file_num_compaction_trigger: 4
2019/10/17-14:56:14.494103 7fbc2cd30700          Options.level0_slowdown_writes_trigger: 20
2019/10/17-14:56:14.494103 7fbc2cd30700              Options.level0_stop_writes_trigger: 36
2019/10/17-14:56:14.494104 7fbc2cd30700                   Options.target_file_size_base: 67108864
2019/10/17-14:56:14.494105 7fbc2cd30700             Options.target_file_size_multiplier: 1
2019/10/17-14:56:14.494106 7fbc2cd30700                Options.max_bytes_for_level_base: 268435456
2019/10/17-14:56:14.494106 7fbc2cd30700 Options.level_compaction_dynamic_level_bytes: 0
2019/10/17-14:56:14.494107 7fbc2cd30700          Options.max_bytes_for_level_multiplier: 10.000000
2019/10/17-14:56:14.494109 7fbc2cd30700 Options.max_bytes_for_level_multiplier_addtl[0]: 1
2019/10/17-14:56:14.494110 7fbc2cd30700 Options.max_bytes_for_level_multiplier_addtl[1]: 1
2019/10/17-14:56:14.494111 7fbc2cd30700 Options.max_bytes_for_level_multiplier_addtl[2]: 1
2019/10/17-14:56:14.494111 7fbc2cd30700 Options.max_bytes_for_level_multiplier_addtl[3]: 1
2019/10/17-14:56:14.494112 7fbc2cd30700 Options.max_bytes_for_level_multiplier_addtl[4]: 1
2019/10/17-14:56:14.494116 7fbc2cd30700 Options.max_bytes_for_level_multiplier_addtl[5]: 1
2019/10/17-14:56:14.494117 7fbc2cd30700 Options.max_bytes_for_level_multiplier_addtl[6]: 1
2019/10/17-14:56:14.494118 7fbc2cd30700       Options.max_sequential_skip_in_iterations: 8
2019/10/17-14:56:14.494118 7fbc2cd30700                    Options.max_compaction_bytes: 1677721600
2019/10/17-14:56:14.494119 7fbc2cd30700                        Options.arena_block_size: 8388608
2019/10/17-14:56:14.494120 7fbc2cd30700   Options.soft_pending_compaction_bytes_limit: 68719476736
2019/10/17-14:56:14.494121 7fbc2cd30700   Options.hard_pending_compaction_bytes_limit: 274877906944
2019/10/17-14:56:14.494121 7fbc2cd30700       Options.rate_limit_delay_max_milliseconds: 100
2019/10/17-14:56:14.494122 7fbc2cd30700                Options.disable_auto_compactions: 0
2019/10/17-14:56:14.494123 7fbc2cd30700                        Options.compaction_style: kCompactionStyleLevel
2019/10/17-14:56:14.494124 7fbc2cd30700                          Options.compaction_pri: kByCompensatedSize
2019/10/17-14:56:14.494125 7fbc2cd30700 Options.compaction_options_universal.size_ratio: 1
2019/10/17-14:56:14.494126 7fbc2cd30700 Options.compaction_options_universal.min_merge_width: 2
2019/10/17-14:56:14.494127 7fbc2cd30700 Options.compaction_options_universal.max_merge_width: 4294967295
2019/10/17-14:56:14.494127 7fbc2cd30700 Options.compaction_options_universal.max_size_amplification_percent: 200
2019/10/17-14:56:14.494128 7fbc2cd30700 Options.compaction_options_universal.compression_size_percent: -1
2019/10/17-14:56:14.494129 7fbc2cd30700 Options.compaction_options_universal.stop_style: kCompactionStopStyleTotalSize
2019/10/17-14:56:14.494130 7fbc2cd30700 Options.compaction_options_fifo.max_table_files_size: 1073741824
2019/10/17-14:56:14.494131 7fbc2cd30700 Options.compaction_options_fifo.allow_compaction: 0
2019/10/17-14:56:14.494131 7fbc2cd30700 Options.compaction_options_fifo.ttl: 0
2019/10/17-14:56:14.494132 7fbc2cd30700                   Options.table_properties_collectors: 
2019/10/17-14:56:14.494133 7fbc2cd30700                   Options.inplace_update_support: 0
2019/10/17-14:56:14.494134 7fbc2cd30700                 Options.inplace_update_num_locks: 10000
2019/10/17-14:56:14.494134 7fbc2cd30700               Options.memtable_prefix_bloom_size_ratio: 0.000000
2019/10/17-14:56:14.494135 7fbc2cd30700   Options.memtable_huge_page_size: 0
2019/10/17-14:56:14.494136 7fbc2cd30700                           Options.bloom_locality: 0
2019/10/17-14:56:14.494137 7fbc2cd30700                    Options.max_successive_merges: 0
2019/10/17-14:56:14.494137 7fbc2cd30700                Options.optimize_filters_for_hits: 0
2019/10/17-14:56:14.494138 7fbc2cd30700                Options.paranoid_file_checks: 0
2019/10/17-14:56:14.494139 7fbc2cd30700                Options.force_consistency_checks: 0
2019/10/17-14:56:14.494140 7fbc2cd30700                Options.report_bg_io_stats: 0
2019/10/17-14:56:14.494140 7fbc2cd30700                               Options.ttl: 0
2019/10/17-14:56:14.494167 7fbc2cd30700 [db/column_family.cc:472] --------------- Options for column family [active_gateways]:
2019/10/17-14:56:14.494168 7fbc2cd30700               Options.comparator: leveldb.BytewiseComparator
2019/10/17-14:56:14.494169 7fbc2cd30700           Options.merge_operator: None
2019/10/17-14:56:14.494170 7fbc2cd30700        Options.compaction_filter: None
2019/10/17-14:56:14.494170 7fbc2cd30700        Options.compaction_filter_factory: None
2019/10/17-14:56:14.494171 7fbc2cd30700         Options.memtable_factory: SkipListFactory
2019/10/17-14:56:14.494172 7fbc2cd30700            Options.table_factory: BlockBasedTable
2019/10/17-14:56:14.494182 7fbc2cd30700            table_factory options:   flush_block_policy_factory: FlushBlockBySizePolicyFactory (0x7fbbb80e82e0)
  cache_index_and_filter_blocks: 0
  cache_index_and_filter_blocks_with_high_priority: 0
  pin_l0_filter_and_index_blocks_in_cache: 0
  pin_top_level_index_and_filter: 1
  index_type: 0
  hash_index_allow_collision: 1
  checksum: 1
  no_block_cache: 0
  block_cache: 0x7fbbb80f3080
  block_cache_name: LRUCache
  block_cache_options:
    capacity : 8388608
    num_shard_bits : 4
    strict_capacity_limit : 0
    memory_allocator : None
    high_pri_pool_ratio: 0.000
  block_cache_compressed: (nil)
  persistent_cache: (nil)
  block_size: 4096
  block_size_deviation: 10
  block_restart_interval: 16
  index_block_restart_interval: 1
  metadata_block_size: 4096
  partition_filters: 0
  use_delta_encoding: 1
  filter_policy: nullptr
  whole_key_filtering: 1
  verify_compression: 0
  read_amp_bytes_per_bit: 0
  format_version: 2
  enable_index_compression: 1
  block_align: 0
2019/10/17-14:56:14.494188 7fbc2cd30700        Options.write_buffer_size: 67108864
2019/10/17-14:56:14.494189 7fbc2cd30700  Options.max_write_buffer_number: 2
2019/10/17-14:56:14.494190 7fbc2cd30700          Options.compression: NoCompression
2019/10/17-14:56:14.494191 7fbc2cd30700                  Options.bottommost_compression: Disabled
2019/10/17-14:56:14.494191 7fbc2cd30700       Options.prefix_extractor: nullptr
2019/10/17-14:56:14.494192 7fbc2cd30700   Options.memtable_insert_with_hint_prefix_extractor: nullptr
2019/10/17-14:56:14.494193 7fbc2cd30700             Options.num_levels: 7
2019/10/17-14:56:14.494194 7fbc2cd30700        Options.min_write_buffer_number_to_merge: 1
2019/10/17-14:56:14.494194 7fbc2cd30700     Options.max_write_buffer_number_to_maintain: 0
2019/10/17-14:56:14.494195 7fbc2cd30700            Options.bottommost_compression_opts.window_bits: -14
2019/10/17-14:56:14.494196 7fbc2cd30700                  Options.bottommost_compression_opts.level: 32767
2019/10/17-14:56:14.494196 7fbc2cd30700               Options.bottommost_compression_opts.strategy: 0
2019/10/17-14:56:14.494197 7fbc2cd30700         Options.bottommost_compression_opts.max_dict_bytes: 0
2019/10/17-14:56:14.494198 7fbc2cd30700         Options.bottommost_compression_opts.zstd_max_train_bytes: 0
2019/10/17-14:56:14.494198 7fbc2cd30700                  Options.bottommost_compression_opts.enabled: false
2019/10/17-14:56:14.494199 7fbc2cd30700            Options.compression_opts.window_bits: -14
2019/10/17-14:56:14.494200 7fbc2cd30700                  Options.compression_opts.level: 32767
2019/10/17-14:56:14.494201 7fbc2cd30700               Options.compression_opts.strategy: 0
2019/10/17-14:56:14.494201 7fbc2cd30700         Options.compression_opts.max_dict_bytes: 0
2019/10/17-14:56:14.494202 7fbc2cd30700         Options.compression_opts.zstd_max_train_bytes: 0
2019/10/17-14:56:14.494203 7fbc2cd30700                  Options.compression_opts.enabled: false
2019/10/17-14:56:14.494203 7fbc2cd30700      Options.level0_file_num_compaction_trigger: 4
2019/10/17-14:56:14.494204 7fbc2cd30700          Options.level0_slowdown_writes_trigger: 20
2019/10/17-14:56:14.494205 7fbc2cd30700              Options.level0_stop_writes_trigger: 36
2019/10/17-14:56:14.494205 7fbc2cd30700                   Options.target_file_size_base: 67108864
2019/10/17-14:56:14.494206 7fbc2cd30700             Options.target_file_size_multiplier: 1
2019/10/17-14:56:14.494207 7fbc2cd30700                Options.max_bytes_for_level_base: 268435456
2019/10/17-14:56:14.494208 7fbc2cd30700 Options.level_compaction_dynamic_level_bytes: 0
2019/10/17-14:56:14.494208 7fbc2cd30700          Options.max_bytes_for_level_multiplier: 10.000000
2019/10/17-14:56:14.494210 7fbc2cd30700 Options.max_bytes_for_level_multiplier_addtl[0]: 1
2019/10/17-14:56:14.494210 7fbc2cd30700 Options.max_bytes_for_level_multiplier_addtl[1]: 1
2019/10/17-14:56:14.494211 7fbc2cd30700 Options.max_bytes_for_level_multiplier_addtl[2]: 1
2019/10/17-14:56:14.494212 7fbc2cd30700 Options.max_bytes_for_level_multiplier_addtl[3]: 1
2019/10/17-14:56:14.494212 7fbc2cd30700 Options.max_bytes_for_level_multiplier_addtl[4]: 1
2019/10/17-14:56:14.494213 7fbc2cd30700 Options.max_bytes_for_level_multiplier_addtl[5]: 1
2019/10/17-14:56:14.494214 7fbc2cd30700 Options.max_bytes_for_level_multiplier_addtl[6]: 1
2019/10/17-14:56:14.494215 7fbc2cd30700       Options.max_sequential_skip_in_iterations: 8
2019/10/17-14:56:14.494219 7fbc2cd30700                    Options.max_compaction_bytes: 1677721600
2019/10/17-14:56:14.494220 7fbc2cd30700                        Options.arena_block_size: 8388608
2019/10/17-14:56:14.494221 7fbc2cd30700   Options.soft_pending_compaction_bytes_limit: 68719476736
2019/10/17-14:56:14.494221 7fbc2cd30700   Options.hard_pending_compaction_bytes_limit: 274877906944
2019/10/17-14:56:14.494222 7fbc2cd30700       Options.rate_limit_delay_max_milliseconds: 100
2019/10/17-14:56:14.494223 7fbc2cd30700                Options.disable_auto_compactions: 0
2019/10/17-14:56:14.494224 7fbc2cd30700                        Options.compaction_style: kCompactionStyleLevel
2019/10/17-14:56:14.494225 7fbc2cd30700                          Options.compaction_pri: kByCompensatedSize
2019/10/17-14:56:14.494225 7fbc2cd30700 Options.compaction_options_universal.size_ratio: 1
2019/10/17-14:56:14.494226 7fbc2cd30700 Options.compaction_options_universal.min_merge_width: 2
2019/10/17-14:56:14.494227 7fbc2cd30700 Options.compaction_options_universal.max_merge_width: 4294967295
2019/10/17-14:56:14.494227 7fbc2cd30700 Options.compaction_options_universal.max_size_amplification_percent: 200
2019/10/17-14:56:14.494228 7fbc2cd30700 Options.compaction_options_universal.compression_size_percent: -1
2019/10/17-14:56:14.494229 7fbc2cd30700 Options.compaction_options_universal.stop_style: kCompactionStopStyleTotalSize
2019/10/17-14:56:14.494230 7fbc2cd30700 Options.compaction_options_fifo.max_table_files_size: 1073741824
2019/10/17-14:56:14.494230 7fbc2cd30700 Options.compaction_options_fifo.allow_compaction: 0
2019/10/17-14:56:14.494231 7fbc2cd30700 Options.compaction_options_fifo.ttl: 0
2019/10/17-14:56:14.494232 7fbc2cd30700                   Options.table_properties_collectors: 
2019/10/17-14:56:14.494232 7fbc2cd30700                   Options.inplace_update_support: 0
2019/10/17-14:56:14.494233 7fbc2cd30700                 Options.inplace_update_num_locks: 10000
2019/10/17-14:56:14.494234 7fbc2cd30700               Options.memtable_prefix_bloom_size_ratio: 0.000000
2019/10/17-14:56:14.494235 7fbc2cd30700   Options.memtable_huge_page_size: 0
2019/10/17-14:56:14.494235 7fbc2cd30700                           Options.bloom_locality: 0
2019/10/17-14:56:14.494236 7fbc2cd30700                    Options.max_successive_merges: 0
2019/10/17-14:56:14.494237 7fbc2cd30700                Options.optimize_filters_for_hits: 0
2019/10/17-14:56:14.494238 7fbc2cd30700                Options.paranoid_file_checks: 0
2019/10/17-14:56:14.494238 7fbc2cd30700                Options.force_consistency_checks: 0
2019/10/17-14:56:14.494239 7fbc2cd30700                Options.report_bg_io_stats: 0
2019/10/17-14:56:14.494240 7fbc2cd30700                               Options.ttl: 0
2019/10/17-14:56:14.494254 7fbc2cd30700 [db/column_family.cc:472] --------------- Options for column family [entries]:
2019/10/17-14:56:14.494256 7fbc2cd30700               Options.comparator: leveldb.BytewiseComparator
2019/10/17-14:56:14.494256 7fbc2cd30700           Options.merge_operator: None
2019/10/17-14:56:14.494257 7fbc2cd30700        Options.compaction_filter: None
2019/10/17-14:56:14.494258 7fbc2cd30700        Options.compaction_filter_factory: None
2019/10/17-14:56:14.494259 7fbc2cd30700         Options.memtable_factory: SkipListFactory
2019/10/17-14:56:14.494259 7fbc2cd30700            Options.table_factory: BlockBasedTable
2019/10/17-14:56:14.494269 7fbc2cd30700            table_factory options:   flush_block_policy_factory: FlushBlockBySizePolicyFactory (0x7fbbb8022180)
  cache_index_and_filter_blocks: 0
  cache_index_and_filter_blocks_with_high_priority: 0
  pin_l0_filter_and_index_blocks_in_cache: 0
  pin_top_level_index_and_filter: 1
  index_type: 0
  hash_index_allow_collision: 1
  checksum: 1
  no_block_cache: 0
  block_cache: 0x7fbbb804b870
  block_cache_name: LRUCache
  block_cache_options:
    capacity : 8388608
    num_shard_bits : 4
    strict_capacity_limit : 0
    memory_allocator : None
    high_pri_pool_ratio: 0.000
  block_cache_compressed: (nil)
  persistent_cache: (nil)
  block_size: 4096
  block_size_deviation: 10
  block_restart_interval: 16
  index_block_restart_interval: 1
  metadata_block_size: 4096
  partition_filters: 0
  use_delta_encoding: 1
  filter_policy: nullptr
  whole_key_filtering: 1
  verify_compression: 0
  read_amp_bytes_per_bit: 0
  format_version: 2
  enable_index_compression: 1
  block_align: 0
2019/10/17-14:56:14.494275 7fbc2cd30700        Options.write_buffer_size: 67108864
2019/10/17-14:56:14.494276 7fbc2cd30700  Options.max_write_buffer_number: 2
2019/10/17-14:56:14.494277 7fbc2cd30700          Options.compression: NoCompression
2019/10/17-14:56:14.494277 7fbc2cd30700                  Options.bottommost_compression: Disabled
2019/10/17-14:56:14.494278 7fbc2cd30700       Options.prefix_extractor: nullptr
2019/10/17-14:56:14.494279 7fbc2cd30700   Options.memtable_insert_with_hint_prefix_extractor: nullptr
2019/10/17-14:56:14.494279 7fbc2cd30700             Options.num_levels: 7
2019/10/17-14:56:14.494280 7fbc2cd30700        Options.min_write_buffer_number_to_merge: 1
2019/10/17-14:56:14.494281 7fbc2cd30700     Options.max_write_buffer_number_to_maintain: 0
2019/10/17-14:56:14.494282 7fbc2cd30700            Options.bottommost_compression_opts.window_bits: -14
2019/10/17-14:56:14.494282 7fbc2cd30700                  Options.bottommost_compression_opts.level: 32767
2019/10/17-14:56:14.494283 7fbc2cd30700               Options.bottommost_compression_opts.strategy: 0
2019/10/17-14:56:14.494284 7fbc2cd30700         Options.bottommost_compression_opts.max_dict_bytes: 0
2019/10/17-14:56:14.494284 7fbc2cd30700         Options.bottommost_compression_opts.zstd_max_train_bytes: 0
2019/10/17-14:56:14.494285 7fbc2cd30700                  Options.bottommost_compression_opts.enabled: false
2019/10/17-14:56:14.494286 7fbc2cd30700            Options.compression_opts.window_bits: -14
2019/10/17-14:56:14.494286 7fbc2cd30700                  Options.compression_opts.level: 32767
2019/10/17-14:56:14.494287 7fbc2cd30700               Options.compression_opts.strategy: 0
2019/10/17-14:56:14.494288 7fbc2cd30700         Options.compression_opts.max_dict_bytes: 0
2019/10/17-14:56:14.494288 7fbc2cd30700         Options.compression_opts.zstd_max_train_bytes: 0
2019/10/17-14:56:14.494289 7fbc2cd30700                  Options.compression_opts.enabled: false
2019/10/17-14:56:14.494290 7fbc2cd30700      Options.level0_file_num_compaction_trigger: 4
2019/10/17-14:56:14.494291 7fbc2cd30700          Options.level0_slowdown_writes_trigger: 20
2019/10/17-14:56:14.494291 7fbc2cd30700              Options.level0_stop_writes_trigger: 36
2019/10/17-14:56:14.494292 7fbc2cd30700                   Options.target_file_size_base: 67108864
2019/10/17-14:56:14.494293 7fbc2cd30700             Options.target_file_size_multiplier: 1
2019/10/17-14:56:14.494293 7fbc2cd30700                Options.max_bytes_for_level_base: 268435456
2019/10/17-14:56:14.494294 7fbc2cd30700 Options.level_compaction_dynamic_level_bytes: 0
2019/10/17-14:56:14.494295 7fbc2cd30700          Options.max_bytes_for_level_multiplier: 10.000000
2019/10/17-14:56:14.494296 7fbc2cd30700 Options.max_bytes_for_level_multiplier_addtl[0]: 1
2019/10/17-14:56:14.494297 7fbc2cd30700 Options.max_bytes_for_level_multiplier_addtl[1]: 1
2019/10/17-14:56:14.494297 7fbc2cd30700 Options.max_bytes_for_level_multiplier_addtl[2]: 1
2019/10/17-14:56:14.494298 7fbc2cd30700 Options.max_bytes_for_level_multiplier_addtl[3]: 1
2019/10/17-14:56:14.494299 7fbc2cd30700 Options.max_bytes_for_level_multiplier_addtl[4]: 1
2019/10/17-14:56:14.494300 7fbc2cd30700 Options.max_bytes_for_level_multiplier_addtl[5]: 1
2019/10/17-14:56:14.494300 7fbc2cd30700 Options.max_bytes_for_level_multiplier_addtl[6]: 1
2019/10/17-14:56:14.494301 7fbc2cd30700       Options.max_sequential_skip_in_iterations: 8
2019/10/17-14:56:14.494302 7fbc2cd30700                    Options.max_compaction_bytes: 1677721600
2019/10/17-14:56:14.494302 7fbc2cd30700                        Options.arena_block_size: 8388608
2019/10/17-14:56:14.494303 7fbc2cd30700   Options.soft_pending_compaction_bytes_limit: 68719476736
2019/10/17-14:56:14.494307 7fbc2cd30700   Options.hard_pending_compaction_bytes_limit: 274877906944
2019/10/17-14:56:14.494308 7fbc2cd30700       Options.rate_limit_delay_max_milliseconds: 100
2019/10/17-14:56:14.494309 7fbc2cd30700                Options.disable_auto_compactions: 0
2019/10/17-14:56:14.494310 7fbc2cd30700                        Options.compaction_style: kCompactionStyleLevel
2019/10/17-14:56:14.494311 7fbc2cd30700                          Options.compaction_pri: kByCompensatedSize
2019/10/17-14:56:14.494311 7fbc2cd30700 Options.compaction_options_universal.size_ratio: 1
2019/10/17-14:56:14.494312 7fbc2cd30700 Options.compaction_options_universal.min_merge_width: 2
2019/10/17-14:56:14.494313 7fbc2cd30700 Options.compaction_options_universal.max_merge_width: 4294967295
2019/10/17-14:56:14.494313 7fbc2cd30700 Options.compaction_options_universal.max_size_amplification_percent: 200
2019/10/17-14:56:14.494314 7fbc2cd30700 Options.compaction_options_universal.compression_size_percent: -1
2019/10/17-14:56:14.494315 7fbc2cd30700 Options.compaction_options_universal.stop_style: kCompactionStopStyleTotalSize
2019/10/17-14:56:14.494316 7fbc2cd30700 Options.compaction_options_fifo.max_table_files_size: 1073741824
2019/10/17-14:56:14.494317 7fbc2cd30700 Options.compaction_options_fifo.allow_compaction: 0
2019/10/17-14:56:14.494317 7fbc2cd30700 Options.compaction_options_fifo.ttl: 0
2019/10/17-14:56:14.494318 7fbc2cd30700                   Options.table_properties_collectors: 
2019/10/17-14:56:14.494319 7fbc2cd30700                   Options.inplace_update_support: 0
2019/10/17-14:56:14.494319 7fbc2cd30700                 Options.inplace_update_num_locks: 10000
2019/10/17-14:56:14.494320 7fbc2cd30700               Options.memtable_prefix_bloom_size_ratio: 0.000000
2019/10/17-14:56:14.494321 7fbc2cd30700   Options.memtable_huge_page_size: 0
2019/10/17-14:56:14.494322 7fbc2cd30700                           Options.bloom_locality: 0
2019/10/17-14:56:14.494322 7fbc2cd30700                    Options.max_successive_merges: 0
2019/10/17-14:56:14.494323 7fbc2cd30700                Options.optimize_filters_for_hits: 0
2019/10/17-14:56:14.494324 7fbc2cd30700                Options.paranoid_file_checks: 0
2019/10/17-14:56:14.494324 7fbc2cd30700                Options.force_consistency_checks: 0
2019/10/17-14:56:14.494325 7fbc2cd30700                Options.report_bg_io_stats: 0
2019/10/17-14:56:14.494326 7fbc2cd30700                               Options.ttl: 0
2019/10/17-14:56:14.494339 7fbc2cd30700 [db/column_family.cc:472] --------------- Options for column family [dc_entries]:
2019/10/17-14:56:14.494340 7fbc2cd30700               Options.comparator: leveldb.BytewiseComparator
2019/10/17-14:56:14.494341 7fbc2cd30700           Options.merge_operator: None
2019/10/17-14:56:14.494342 7fbc2cd30700        Options.compaction_filter: None
2019/10/17-14:56:14.494342 7fbc2cd30700        Options.compaction_filter_factory: None
2019/10/17-14:56:14.494343 7fbc2cd30700         Options.memtable_factory: SkipListFactory
2019/10/17-14:56:14.494344 7fbc2cd30700            Options.table_factory: BlockBasedTable
2019/10/17-14:56:14.494352 7fbc2cd30700            table_factory options:   flush_block_policy_factory: FlushBlockBySizePolicyFactory (0x7fbbb8072170)
  cache_index_and_filter_blocks: 0
  cache_index_and_filter_blocks_with_high_priority: 0
  pin_l0_filter_and_index_blocks_in_cache: 0
  pin_top_level_index_and_filter: 1
  index_type: 0
  hash_index_allow_collision: 1
  checksum: 1
  no_block_cache: 0
  block_cache: 0x7fbbb8045f60
  block_cache_name: LRUCache
  block_cache_options:
    capacity : 8388608
    num_shard_bits : 4
    strict_capacity_limit : 0
    memory_allocator : None
    high_pri_pool_ratio: 0.000
  block_cache_compressed: (nil)
  persistent_cache: (nil)
  block_size: 4096
  block_size_deviation: 10
  block_restart_interval: 16
  index_block_restart_interval: 1
  metadata_block_size: 4096
  partition_filters: 0
  use_delta_encoding: 1
  filter_policy: nullptr
  whole_key_filtering: 1
  verify_compression: 0
  read_amp_bytes_per_bit: 0
  format_version: 2
  enable_index_compression: 1
  block_align: 0
2019/10/17-14:56:14.494358 7fbc2cd30700        Options.write_buffer_size: 67108864
2019/10/17-14:56:14.494359 7fbc2cd30700  Options.max_write_buffer_number: 2
2019/10/17-14:56:14.494360 7fbc2cd30700          Options.compression: NoCompression
2019/10/17-14:56:14.494360 7fbc2cd30700                  Options.bottommost_compression: Disabled
2019/10/17-14:56:14.494361 7fbc2cd30700       Options.prefix_extractor: nullptr
2019/10/17-14:56:14.494362 7fbc2cd30700   Options.memtable_insert_with_hint_prefix_extractor: nullptr
2019/10/17-14:56:14.494362 7fbc2cd30700             Options.num_levels: 7
2019/10/17-14:56:14.494363 7fbc2cd30700        Options.min_write_buffer_number_to_merge: 1
2019/10/17-14:56:14.494364 7fbc2cd30700     Options.max_write_buffer_number_to_maintain: 0
2019/10/17-14:56:14.494365 7fbc2cd30700            Options.bottommost_compression_opts.window_bits: -14
2019/10/17-14:56:14.494365 7fbc2cd30700                  Options.bottommost_compression_opts.level: 32767
2019/10/17-14:56:14.494366 7fbc2cd30700               Options.bottommost_compression_opts.strategy: 0
2019/10/17-14:56:14.494367 7fbc2cd30700         Options.bottommost_compression_opts.max_dict_bytes: 0
2019/10/17-14:56:14.494367 7fbc2cd30700         Options.bottommost_compression_opts.zstd_max_train_bytes: 0
2019/10/17-14:56:14.494368 7fbc2cd30700                  Options.bottommost_compression_opts.enabled: false
2019/10/17-14:56:14.494369 7fbc2cd30700            Options.compression_opts.window_bits: -14
2019/10/17-14:56:14.494369 7fbc2cd30700                  Options.compression_opts.level: 32767
2019/10/17-14:56:14.494370 7fbc2cd30700               Options.compression_opts.strategy: 0
2019/10/17-14:56:14.494371 7fbc2cd30700         Options.compression_opts.max_dict_bytes: 0
2019/10/17-14:56:14.494371 7fbc2cd30700         Options.compression_opts.zstd_max_train_bytes: 0
2019/10/17-14:56:14.494372 7fbc2cd30700                  Options.compression_opts.enabled: false
2019/10/17-14:56:14.494373 7fbc2cd30700      Options.level0_file_num_compaction_trigger: 4
2019/10/17-14:56:14.494374 7fbc2cd30700          Options.level0_slowdown_writes_trigger: 20
2019/10/17-14:56:14.494374 7fbc2cd30700              Options.level0_stop_writes_trigger: 36
2019/10/17-14:56:14.494375 7fbc2cd30700                   Options.target_file_size_base: 67108864
2019/10/17-14:56:14.494376 7fbc2cd30700             Options.target_file_size_multiplier: 1
2019/10/17-14:56:14.494376 7fbc2cd30700                Options.max_bytes_for_level_base: 268435456
2019/10/17-14:56:14.494377 7fbc2cd30700 Options.level_compaction_dynamic_level_bytes: 0
2019/10/17-14:56:14.494378 7fbc2cd30700          Options.max_bytes_for_level_multiplier: 10.000000
2019/10/17-14:56:14.494379 7fbc2cd30700 Options.max_bytes_for_level_multiplier_addtl[0]: 1
2019/10/17-14:56:14.494380 7fbc2cd30700 Options.max_bytes_for_level_multiplier_addtl[1]: 1
2019/10/17-14:56:14.494380 7fbc2cd30700 Options.max_bytes_for_level_multiplier_addtl[2]: 1
2019/10/17-14:56:14.494381 7fbc2cd30700 Options.max_bytes_for_level_multiplier_addtl[3]: 1
2019/10/17-14:56:14.494382 7fbc2cd30700 Options.max_bytes_for_level_multiplier_addtl[4]: 1
2019/10/17-14:56:14.494382 7fbc2cd30700 Options.max_bytes_for_level_multiplier_addtl[5]: 1
2019/10/17-14:56:14.494383 7fbc2cd30700 Options.max_bytes_for_level_multiplier_addtl[6]: 1
2019/10/17-14:56:14.494384 7fbc2cd30700       Options.max_sequential_skip_in_iterations: 8
2019/10/17-14:56:14.494385 7fbc2cd30700                    Options.max_compaction_bytes: 1677721600
2019/10/17-14:56:14.494385 7fbc2cd30700                        Options.arena_block_size: 8388608
2019/10/17-14:56:14.494386 7fbc2cd30700   Options.soft_pending_compaction_bytes_limit: 68719476736
2019/10/17-14:56:14.494387 7fbc2cd30700   Options.hard_pending_compaction_bytes_limit: 274877906944
2019/10/17-14:56:14.494387 7fbc2cd30700       Options.rate_limit_delay_max_milliseconds: 100
2019/10/17-14:56:14.494388 7fbc2cd30700                Options.disable_auto_compactions: 0
2019/10/17-14:56:14.494392 7fbc2cd30700                        Options.compaction_style: kCompactionStyleLevel
2019/10/17-14:56:14.494393 7fbc2cd30700                          Options.compaction_pri: kByCompensatedSize
2019/10/17-14:56:14.494394 7fbc2cd30700 Options.compaction_options_universal.size_ratio: 1
2019/10/17-14:56:14.494395 7fbc2cd30700 Options.compaction_options_universal.min_merge_width: 2
2019/10/17-14:56:14.494395 7fbc2cd30700 Options.compaction_options_universal.max_merge_width: 4294967295
2019/10/17-14:56:14.494396 7fbc2cd30700 Options.compaction_options_universal.max_size_amplification_percent: 200
2019/10/17-14:56:14.494397 7fbc2cd30700 Options.compaction_options_universal.compression_size_percent: -1
2019/10/17-14:56:14.494397 7fbc2cd30700 Options.compaction_options_universal.stop_style: kCompactionStopStyleTotalSize
2019/10/17-14:56:14.494398 7fbc2cd30700 Options.compaction_options_fifo.max_table_files_size: 1073741824
2019/10/17-14:56:14.494399 7fbc2cd30700 Options.compaction_options_fifo.allow_compaction: 0
2019/10/17-14:56:14.494400 7fbc2cd30700 Options.compaction_options_fifo.ttl: 0
2019/10/17-14:56:14.494400 7fbc2cd30700                   Options.table_properties_collectors: 
2019/10/17-14:56:14.494401 7fbc2cd30700                   Options.inplace_update_support: 0
2019/10/17-14:56:14.494402 7fbc2cd30700                 Options.inplace_update_num_locks: 10000
2019/10/17-14:56:14.494402 7fbc2cd30700               Options.memtable_prefix_bloom_size_ratio: 0.000000
2019/10/17-14:56:14.494403 7fbc2cd30700   Options.memtable_huge_page_size: 0
2019/10/17-14:56:14.494404 7fbc2cd30700                           Options.bloom_locality: 0
2019/10/17-14:56:14.494405 7fbc2cd30700                    Options.max_successive_merges: 0
2019/10/17-14:56:14.494406 7fbc2cd30700                Options.optimize_filters_for_hits: 0
2019/10/17-14:56:14.494406 7fbc2cd30700                Options.paranoid_file_checks: 0
2019/10/17-14:56:14.494407 7fbc2cd30700                Options.force_consistency_checks: 0
2019/10/17-14:56:14.494408 7fbc2cd30700                Options.report_bg_io_stats: 0
2019/10/17-14:56:14.494408 7fbc2cd30700                               Options.ttl: 0
2019/10/17-14:56:14.494420 7fbc2cd30700 [db/column_family.cc:472] --------------- Options for column family [htlcs]:
2019/10/17-14:56:14.494421 7fbc2cd30700               Options.comparator: leveldb.BytewiseComparator
2019/10/17-14:56:14.494422 7fbc2cd30700           Options.merge_operator: None
2019/10/17-14:56:14.494422 7fbc2cd30700        Options.compaction_filter: None
2019/10/17-14:56:14.494423 7fbc2cd30700        Options.compaction_filter_factory: None
2019/10/17-14:56:14.494424 7fbc2cd30700         Options.memtable_factory: SkipListFactory
2019/10/17-14:56:14.494424 7fbc2cd30700            Options.table_factory: BlockBasedTable
2019/10/17-14:56:14.494433 7fbc2cd30700            table_factory options:   flush_block_policy_factory: FlushBlockBySizePolicyFactory (0x7fbbb80ed310)
