2019/10/17-14:55:04.454213 7fc3a9fcb700 RocksDB version: 5.18.3
2019/10/17-14:55:04.454245 7fc3a9fcb700 Git sha rocksdb_build_git_sha:@0@
2019/10/17-14:55:04.454246 7fc3a9fcb700 Compile date Sep 19 2019
2019/10/17-14:55:04.454248 7fc3a9fcb700 DB SUMMARY
2019/10/17-14:55:04.454928 7fc3a9fcb700 CURRENT file:  CURRENT
2019/10/17-14:55:04.454929 7fc3a9fcb700 IDENTITY file:  IDENTITY
2019/10/17-14:55:04.454957 7fc3a9fcb700 MANIFEST file:  MANIFEST-116272 size: 4114 Bytes
2019/10/17-14:55:04.454959 7fc3a9fcb700 SST files in /home/rahul/dev/blockchain-core/eqc/ledger.db dir, Total Num: 29, files: 000624.sst 000627.sst 106940.sst 108447.sst 108450.sst 109471.sst 109483.sst 109485.sst 109486.sst 
2019/10/17-14:55:04.454960 7fc3a9fcb700 Write Ahead Log file in /home/rahul/dev/blockchain-core/eqc/ledger.db: 116273.log size: 0 ; 
2019/10/17-14:55:04.454993 7fc3a9fcb700                         Options.error_if_exists: 0
2019/10/17-14:55:04.454995 7fc3a9fcb700                       Options.create_if_missing: 1
2019/10/17-14:55:04.454995 7fc3a9fcb700                         Options.paranoid_checks: 1
2019/10/17-14:55:04.454996 7fc3a9fcb700                                     Options.env: 0x7fc32ae1fc60
2019/10/17-14:55:04.454997 7fc3a9fcb700                                Options.info_log: 0x7fc3501009d0
2019/10/17-14:55:04.454998 7fc3a9fcb700                Options.max_file_opening_threads: 16
2019/10/17-14:55:04.454998 7fc3a9fcb700                              Options.statistics: (nil)
2019/10/17-14:55:04.454999 7fc3a9fcb700                               Options.use_fsync: 0
2019/10/17-14:55:04.455000 7fc3a9fcb700                       Options.max_log_file_size: 0
2019/10/17-14:55:04.455001 7fc3a9fcb700                  Options.max_manifest_file_size: 1073741824
2019/10/17-14:55:04.455002 7fc3a9fcb700                   Options.log_file_time_to_roll: 0
2019/10/17-14:55:04.455002 7fc3a9fcb700                       Options.keep_log_file_num: 1000
2019/10/17-14:55:04.455003 7fc3a9fcb700                    Options.recycle_log_file_num: 0
2019/10/17-14:55:04.455004 7fc3a9fcb700                         Options.allow_fallocate: 1
2019/10/17-14:55:04.455005 7fc3a9fcb700                        Options.allow_mmap_reads: 0
2019/10/17-14:55:04.455005 7fc3a9fcb700                       Options.allow_mmap_writes: 0
2019/10/17-14:55:04.455006 7fc3a9fcb700                        Options.use_direct_reads: 0
2019/10/17-14:55:04.455007 7fc3a9fcb700                        Options.use_direct_io_for_flush_and_compaction: 0
2019/10/17-14:55:04.455008 7fc3a9fcb700          Options.create_missing_column_families: 0
2019/10/17-14:55:04.455008 7fc3a9fcb700                              Options.db_log_dir: 
2019/10/17-14:55:04.455009 7fc3a9fcb700                                 Options.wal_dir: /home/rahul/dev/blockchain-core/eqc/ledger.db
2019/10/17-14:55:04.455010 7fc3a9fcb700                Options.table_cache_numshardbits: 6
2019/10/17-14:55:04.455010 7fc3a9fcb700                      Options.max_subcompactions: 1
2019/10/17-14:55:04.455011 7fc3a9fcb700                  Options.max_background_flushes: -1
2019/10/17-14:55:04.455012 7fc3a9fcb700                         Options.WAL_ttl_seconds: 0
2019/10/17-14:55:04.455013 7fc3a9fcb700                       Options.WAL_size_limit_MB: 0
2019/10/17-14:55:04.455013 7fc3a9fcb700             Options.manifest_preallocation_size: 4194304
2019/10/17-14:55:04.455014 7fc3a9fcb700                     Options.is_fd_close_on_exec: 1
2019/10/17-14:55:04.455015 7fc3a9fcb700                   Options.advise_random_on_open: 1
2019/10/17-14:55:04.455016 7fc3a9fcb700                    Options.db_write_buffer_size: 0
2019/10/17-14:55:04.455016 7fc3a9fcb700                    Options.write_buffer_manager: 0x7fc3501098c0
2019/10/17-14:55:04.455017 7fc3a9fcb700         Options.access_hint_on_compaction_start: 1
2019/10/17-14:55:04.455018 7fc3a9fcb700  Options.new_table_reader_for_compaction_inputs: 0
2019/10/17-14:55:04.455018 7fc3a9fcb700           Options.random_access_max_buffer_size: 1048576
2019/10/17-14:55:04.455019 7fc3a9fcb700                      Options.use_adaptive_mutex: 0
2019/10/17-14:55:04.455020 7fc3a9fcb700                            Options.rate_limiter: (nil)
2019/10/17-14:55:04.455028 7fc3a9fcb700     Options.sst_file_manager.rate_bytes_per_sec: 0
2019/10/17-14:55:04.455030 7fc3a9fcb700                       Options.wal_recovery_mode: 2
2019/10/17-14:55:04.455030 7fc3a9fcb700                  Options.enable_thread_tracking: 0
2019/10/17-14:55:04.455031 7fc3a9fcb700                  Options.enable_pipelined_write: 0
2019/10/17-14:55:04.455032 7fc3a9fcb700         Options.allow_concurrent_memtable_write: 1
2019/10/17-14:55:04.455032 7fc3a9fcb700      Options.enable_write_thread_adaptive_yield: 1
2019/10/17-14:55:04.455033 7fc3a9fcb700             Options.write_thread_max_yield_usec: 100
2019/10/17-14:55:04.455034 7fc3a9fcb700            Options.write_thread_slow_yield_usec: 3
2019/10/17-14:55:04.455035 7fc3a9fcb700                               Options.row_cache: None
2019/10/17-14:55:04.455035 7fc3a9fcb700                              Options.wal_filter: None
2019/10/17-14:55:04.455036 7fc3a9fcb700             Options.avoid_flush_during_recovery: 0
2019/10/17-14:55:04.455037 7fc3a9fcb700             Options.allow_ingest_behind: 0
2019/10/17-14:55:04.455038 7fc3a9fcb700             Options.preserve_deletes: 0
2019/10/17-14:55:04.455038 7fc3a9fcb700             Options.two_write_queues: 0
2019/10/17-14:55:04.455039 7fc3a9fcb700             Options.manual_wal_flush: 0
2019/10/17-14:55:04.455040 7fc3a9fcb700             Options.max_background_jobs: 2
2019/10/17-14:55:04.455040 7fc3a9fcb700             Options.max_background_compactions: -1
2019/10/17-14:55:04.455041 7fc3a9fcb700             Options.avoid_flush_during_shutdown: 0
2019/10/17-14:55:04.455042 7fc3a9fcb700           Options.writable_file_max_buffer_size: 1048576
2019/10/17-14:55:04.455043 7fc3a9fcb700             Options.delayed_write_rate : 16777216
2019/10/17-14:55:04.455043 7fc3a9fcb700             Options.max_total_wal_size: 0
2019/10/17-14:55:04.455044 7fc3a9fcb700             Options.delete_obsolete_files_period_micros: 21600000000
2019/10/17-14:55:04.455045 7fc3a9fcb700                   Options.stats_dump_period_sec: 600
2019/10/17-14:55:04.455046 7fc3a9fcb700                          Options.max_open_files: -1
2019/10/17-14:55:04.455046 7fc3a9fcb700                          Options.bytes_per_sync: 0
2019/10/17-14:55:04.455047 7fc3a9fcb700                      Options.wal_bytes_per_sync: 0
2019/10/17-14:55:04.455048 7fc3a9fcb700       Options.compaction_readahead_size: 0
2019/10/17-14:55:04.455048 7fc3a9fcb700 Compression algorithms supported:
2019/10/17-14:55:04.455049 7fc3a9fcb700 	kZSTDNotFinalCompression supported: 0
2019/10/17-14:55:04.455051 7fc3a9fcb700 	kZSTD supported: 0
2019/10/17-14:55:04.455052 7fc3a9fcb700 	kXpressCompression supported: 0
2019/10/17-14:55:04.455052 7fc3a9fcb700 	kLZ4HCCompression supported: 0
2019/10/17-14:55:04.455053 7fc3a9fcb700 	kLZ4Compression supported: 0
2019/10/17-14:55:04.455054 7fc3a9fcb700 	kBZip2Compression supported: 0
2019/10/17-14:55:04.455055 7fc3a9fcb700 	kZlibCompression supported: 0
2019/10/17-14:55:04.455056 7fc3a9fcb700 	kSnappyCompression supported: 0
2019/10/17-14:55:04.455057 7fc3a9fcb700 Fast CRC32 supported: Supported on x86
2019/10/17-14:55:04.455145 7fc3a9fcb700 [db/version_set.cc:3507] Recovering from manifest file: MANIFEST-116272
2019/10/17-14:55:04.455176 7fc3a9fcb700 [db/column_family.cc:472] --------------- Options for column family [default]:
2019/10/17-14:55:04.455177 7fc3a9fcb700               Options.comparator: leveldb.BytewiseComparator
2019/10/17-14:55:04.455178 7fc3a9fcb700           Options.merge_operator: None
2019/10/17-14:55:04.455179 7fc3a9fcb700        Options.compaction_filter: None
2019/10/17-14:55:04.455180 7fc3a9fcb700        Options.compaction_filter_factory: None
2019/10/17-14:55:04.455181 7fc3a9fcb700         Options.memtable_factory: SkipListFactory
2019/10/17-14:55:04.455181 7fc3a9fcb700            Options.table_factory: BlockBasedTable
2019/10/17-14:55:04.455195 7fc3a9fcb700            table_factory options:   flush_block_policy_factory: FlushBlockBySizePolicyFactory (0x7fc3500e59f0)
  cache_index_and_filter_blocks: 0
  cache_index_and_filter_blocks_with_high_priority: 0
  pin_l0_filter_and_index_blocks_in_cache: 0
  pin_top_level_index_and_filter: 1
  index_type: 0
  hash_index_allow_collision: 1
  checksum: 1
  no_block_cache: 0
  block_cache: 0x7fc3500c14f0
  block_cache_name: LRUCache
  block_cache_options:
    capacity : 8388608
    num_shard_bits : 4
    strict_capacity_limit : 0
    memory_allocator : None
    high_pri_pool_ratio: 0.000
  block_cache_compressed: (nil)
  persistent_cache: (nil)
  block_size: 4096
  block_size_deviation: 10
  block_restart_interval: 16
  index_block_restart_interval: 1
  metadata_block_size: 4096
  partition_filters: 0
  use_delta_encoding: 1
  filter_policy: nullptr
  whole_key_filtering: 1
  verify_compression: 0
  read_amp_bytes_per_bit: 0
  format_version: 2
  enable_index_compression: 1
  block_align: 0
2019/10/17-14:55:04.455204 7fc3a9fcb700        Options.write_buffer_size: 67108864
2019/10/17-14:55:04.455205 7fc3a9fcb700  Options.max_write_buffer_number: 2
2019/10/17-14:55:04.455206 7fc3a9fcb700          Options.compression: NoCompression
2019/10/17-14:55:04.455207 7fc3a9fcb700                  Options.bottommost_compression: Disabled
2019/10/17-14:55:04.455207 7fc3a9fcb700       Options.prefix_extractor: nullptr
2019/10/17-14:55:04.455208 7fc3a9fcb700   Options.memtable_insert_with_hint_prefix_extractor: nullptr
2019/10/17-14:55:04.455209 7fc3a9fcb700             Options.num_levels: 7
2019/10/17-14:55:04.455210 7fc3a9fcb700        Options.min_write_buffer_number_to_merge: 1
2019/10/17-14:55:04.455210 7fc3a9fcb700     Options.max_write_buffer_number_to_maintain: 0
2019/10/17-14:55:04.455211 7fc3a9fcb700            Options.bottommost_compression_opts.window_bits: -14
2019/10/17-14:55:04.455212 7fc3a9fcb700                  Options.bottommost_compression_opts.level: 32767
2019/10/17-14:55:04.455213 7fc3a9fcb700               Options.bottommost_compression_opts.strategy: 0
2019/10/17-14:55:04.455213 7fc3a9fcb700         Options.bottommost_compression_opts.max_dict_bytes: 0
2019/10/17-14:55:04.455214 7fc3a9fcb700         Options.bottommost_compression_opts.zstd_max_train_bytes: 0
2019/10/17-14:55:04.455215 7fc3a9fcb700                  Options.bottommost_compression_opts.enabled: false
2019/10/17-14:55:04.455215 7fc3a9fcb700            Options.compression_opts.window_bits: -14
2019/10/17-14:55:04.455216 7fc3a9fcb700                  Options.compression_opts.level: 32767
2019/10/17-14:55:04.455217 7fc3a9fcb700               Options.compression_opts.strategy: 0
2019/10/17-14:55:04.455218 7fc3a9fcb700         Options.compression_opts.max_dict_bytes: 0
2019/10/17-14:55:04.455218 7fc3a9fcb700         Options.compression_opts.zstd_max_train_bytes: 0
2019/10/17-14:55:04.455219 7fc3a9fcb700                  Options.compression_opts.enabled: false
2019/10/17-14:55:04.455220 7fc3a9fcb700      Options.level0_file_num_compaction_trigger: 4
2019/10/17-14:55:04.455221 7fc3a9fcb700          Options.level0_slowdown_writes_trigger: 20
2019/10/17-14:55:04.455221 7fc3a9fcb700              Options.level0_stop_writes_trigger: 36
2019/10/17-14:55:04.455222 7fc3a9fcb700                   Options.target_file_size_base: 67108864
2019/10/17-14:55:04.455223 7fc3a9fcb700             Options.target_file_size_multiplier: 1
2019/10/17-14:55:04.455223 7fc3a9fcb700                Options.max_bytes_for_level_base: 268435456
2019/10/17-14:55:04.455224 7fc3a9fcb700 Options.level_compaction_dynamic_level_bytes: 0
2019/10/17-14:55:04.455225 7fc3a9fcb700          Options.max_bytes_for_level_multiplier: 10.000000
2019/10/17-14:55:04.455227 7fc3a9fcb700 Options.max_bytes_for_level_multiplier_addtl[0]: 1
2019/10/17-14:55:04.455228 7fc3a9fcb700 Options.max_bytes_for_level_multiplier_addtl[1]: 1
2019/10/17-14:55:04.455228 7fc3a9fcb700 Options.max_bytes_for_level_multiplier_addtl[2]: 1
2019/10/17-14:55:04.455229 7fc3a9fcb700 Options.max_bytes_for_level_multiplier_addtl[3]: 1
2019/10/17-14:55:04.455230 7fc3a9fcb700 Options.max_bytes_for_level_multiplier_addtl[4]: 1
2019/10/17-14:55:04.455248 7fc3a9fcb700 Options.max_bytes_for_level_multiplier_addtl[5]: 1
2019/10/17-14:55:04.455249 7fc3a9fcb700 Options.max_bytes_for_level_multiplier_addtl[6]: 1
2019/10/17-14:55:04.455249 7fc3a9fcb700       Options.max_sequential_skip_in_iterations: 8
2019/10/17-14:55:04.455250 7fc3a9fcb700                    Options.max_compaction_bytes: 1677721600
2019/10/17-14:55:04.455251 7fc3a9fcb700                        Options.arena_block_size: 8388608
2019/10/17-14:55:04.455251 7fc3a9fcb700   Options.soft_pending_compaction_bytes_limit: 68719476736
2019/10/17-14:55:04.455252 7fc3a9fcb700   Options.hard_pending_compaction_bytes_limit: 274877906944
2019/10/17-14:55:04.455253 7fc3a9fcb700       Options.rate_limit_delay_max_milliseconds: 100
2019/10/17-14:55:04.455254 7fc3a9fcb700                Options.disable_auto_compactions: 0
2019/10/17-14:55:04.455255 7fc3a9fcb700                        Options.compaction_style: kCompactionStyleLevel
2019/10/17-14:55:04.455256 7fc3a9fcb700                          Options.compaction_pri: kByCompensatedSize
2019/10/17-14:55:04.455257 7fc3a9fcb700 Options.compaction_options_universal.size_ratio: 1
2019/10/17-14:55:04.455258 7fc3a9fcb700 Options.compaction_options_universal.min_merge_width: 2
2019/10/17-14:55:04.455258 7fc3a9fcb700 Options.compaction_options_universal.max_merge_width: 4294967295
2019/10/17-14:55:04.455259 7fc3a9fcb700 Options.compaction_options_universal.max_size_amplification_percent: 200
2019/10/17-14:55:04.455260 7fc3a9fcb700 Options.compaction_options_universal.compression_size_percent: -1
2019/10/17-14:55:04.455261 7fc3a9fcb700 Options.compaction_options_universal.stop_style: kCompactionStopStyleTotalSize
2019/10/17-14:55:04.455261 7fc3a9fcb700 Options.compaction_options_fifo.max_table_files_size: 1073741824
2019/10/17-14:55:04.455262 7fc3a9fcb700 Options.compaction_options_fifo.allow_compaction: 0
2019/10/17-14:55:04.455263 7fc3a9fcb700 Options.compaction_options_fifo.ttl: 0
2019/10/17-14:55:04.455264 7fc3a9fcb700                   Options.table_properties_collectors: 
2019/10/17-14:55:04.455264 7fc3a9fcb700                   Options.inplace_update_support: 0
2019/10/17-14:55:04.455265 7fc3a9fcb700                 Options.inplace_update_num_locks: 10000
2019/10/17-14:55:04.455266 7fc3a9fcb700               Options.memtable_prefix_bloom_size_ratio: 0.000000
2019/10/17-14:55:04.455267 7fc3a9fcb700   Options.memtable_huge_page_size: 0
2019/10/17-14:55:04.455268 7fc3a9fcb700                           Options.bloom_locality: 0
2019/10/17-14:55:04.455268 7fc3a9fcb700                    Options.max_successive_merges: 0
2019/10/17-14:55:04.455269 7fc3a9fcb700                Options.optimize_filters_for_hits: 0
2019/10/17-14:55:04.455270 7fc3a9fcb700                Options.paranoid_file_checks: 0
2019/10/17-14:55:04.455270 7fc3a9fcb700                Options.force_consistency_checks: 0
2019/10/17-14:55:04.455271 7fc3a9fcb700                Options.report_bg_io_stats: 0
2019/10/17-14:55:04.455272 7fc3a9fcb700                               Options.ttl: 0
2019/10/17-14:55:04.455298 7fc3a9fcb700 [db/column_family.cc:472] --------------- Options for column family [active_gateways]:
2019/10/17-14:55:04.455300 7fc3a9fcb700               Options.comparator: leveldb.BytewiseComparator
2019/10/17-14:55:04.455301 7fc3a9fcb700           Options.merge_operator: None
2019/10/17-14:55:04.455301 7fc3a9fcb700        Options.compaction_filter: None
2019/10/17-14:55:04.455302 7fc3a9fcb700        Options.compaction_filter_factory: None
2019/10/17-14:55:04.455303 7fc3a9fcb700         Options.memtable_factory: SkipListFactory
2019/10/17-14:55:04.455303 7fc3a9fcb700            Options.table_factory: BlockBasedTable
2019/10/17-14:55:04.455313 7fc3a9fcb700            table_factory options:   flush_block_policy_factory: FlushBlockBySizePolicyFactory (0x7fc35005bba0)
  cache_index_and_filter_blocks: 0
  cache_index_and_filter_blocks_with_high_priority: 0
  pin_l0_filter_and_index_blocks_in_cache: 0
  pin_top_level_index_and_filter: 1
  index_type: 0
  hash_index_allow_collision: 1
  checksum: 1
  no_block_cache: 0
  block_cache: 0x7fc350065e40
  block_cache_name: LRUCache
  block_cache_options:
    capacity : 8388608
    num_shard_bits : 4
    strict_capacity_limit : 0
    memory_allocator : None
    high_pri_pool_ratio: 0.000
  block_cache_compressed: (nil)
  persistent_cache: (nil)
  block_size: 4096
  block_size_deviation: 10
  block_restart_interval: 16
  index_block_restart_interval: 1
  metadata_block_size: 4096
  partition_filters: 0
  use_delta_encoding: 1
  filter_policy: nullptr
  whole_key_filtering: 1
  verify_compression: 0
  read_amp_bytes_per_bit: 0
  format_version: 2
  enable_index_compression: 1
  block_align: 0
2019/10/17-14:55:04.455319 7fc3a9fcb700        Options.write_buffer_size: 67108864
2019/10/17-14:55:04.455320 7fc3a9fcb700  Options.max_write_buffer_number: 2
2019/10/17-14:55:04.455321 7fc3a9fcb700          Options.compression: NoCompression
2019/10/17-14:55:04.455321 7fc3a9fcb700                  Options.bottommost_compression: Disabled
2019/10/17-14:55:04.455322 7fc3a9fcb700       Options.prefix_extractor: nullptr
2019/10/17-14:55:04.455323 7fc3a9fcb700   Options.memtable_insert_with_hint_prefix_extractor: nullptr
2019/10/17-14:55:04.455323 7fc3a9fcb700             Options.num_levels: 7
2019/10/17-14:55:04.455324 7fc3a9fcb700        Options.min_write_buffer_number_to_merge: 1
2019/10/17-14:55:04.455325 7fc3a9fcb700     Options.max_write_buffer_number_to_maintain: 0
2019/10/17-14:55:04.455325 7fc3a9fcb700            Options.bottommost_compression_opts.window_bits: -14
2019/10/17-14:55:04.455326 7fc3a9fcb700                  Options.bottommost_compression_opts.level: 32767
2019/10/17-14:55:04.455327 7fc3a9fcb700               Options.bottommost_compression_opts.strategy: 0
2019/10/17-14:55:04.455328 7fc3a9fcb700         Options.bottommost_compression_opts.max_dict_bytes: 0
2019/10/17-14:55:04.455328 7fc3a9fcb700         Options.bottommost_compression_opts.zstd_max_train_bytes: 0
2019/10/17-14:55:04.455329 7fc3a9fcb700                  Options.bottommost_compression_opts.enabled: false
2019/10/17-14:55:04.455330 7fc3a9fcb700            Options.compression_opts.window_bits: -14
2019/10/17-14:55:04.455330 7fc3a9fcb700                  Options.compression_opts.level: 32767
2019/10/17-14:55:04.455331 7fc3a9fcb700               Options.compression_opts.strategy: 0
2019/10/17-14:55:04.455332 7fc3a9fcb700         Options.compression_opts.max_dict_bytes: 0
2019/10/17-14:55:04.455332 7fc3a9fcb700         Options.compression_opts.zstd_max_train_bytes: 0
2019/10/17-14:55:04.455333 7fc3a9fcb700                  Options.compression_opts.enabled: false
2019/10/17-14:55:04.455334 7fc3a9fcb700      Options.level0_file_num_compaction_trigger: 4
2019/10/17-14:55:04.455334 7fc3a9fcb700          Options.level0_slowdown_writes_trigger: 20
2019/10/17-14:55:04.455335 7fc3a9fcb700              Options.level0_stop_writes_trigger: 36
2019/10/17-14:55:04.455336 7fc3a9fcb700                   Options.target_file_size_base: 67108864
2019/10/17-14:55:04.455337 7fc3a9fcb700             Options.target_file_size_multiplier: 1
2019/10/17-14:55:04.455337 7fc3a9fcb700                Options.max_bytes_for_level_base: 268435456
2019/10/17-14:55:04.455338 7fc3a9fcb700 Options.level_compaction_dynamic_level_bytes: 0
2019/10/17-14:55:04.455339 7fc3a9fcb700          Options.max_bytes_for_level_multiplier: 10.000000
2019/10/17-14:55:04.455340 7fc3a9fcb700 Options.max_bytes_for_level_multiplier_addtl[0]: 1
2019/10/17-14:55:04.455341 7fc3a9fcb700 Options.max_bytes_for_level_multiplier_addtl[1]: 1
2019/10/17-14:55:04.455341 7fc3a9fcb700 Options.max_bytes_for_level_multiplier_addtl[2]: 1
2019/10/17-14:55:04.455342 7fc3a9fcb700 Options.max_bytes_for_level_multiplier_addtl[3]: 1
2019/10/17-14:55:04.455343 7fc3a9fcb700 Options.max_bytes_for_level_multiplier_addtl[4]: 1
2019/10/17-14:55:04.455343 7fc3a9fcb700 Options.max_bytes_for_level_multiplier_addtl[5]: 1
2019/10/17-14:55:04.455344 7fc3a9fcb700 Options.max_bytes_for_level_multiplier_addtl[6]: 1
2019/10/17-14:55:04.455345 7fc3a9fcb700       Options.max_sequential_skip_in_iterations: 8
2019/10/17-14:55:04.455349 7fc3a9fcb700                    Options.max_compaction_bytes: 1677721600
2019/10/17-14:55:04.455350 7fc3a9fcb700                        Options.arena_block_size: 8388608
2019/10/17-14:55:04.455350 7fc3a9fcb700   Options.soft_pending_compaction_bytes_limit: 68719476736
2019/10/17-14:55:04.455351 7fc3a9fcb700   Options.hard_pending_compaction_bytes_limit: 274877906944
2019/10/17-14:55:04.455352 7fc3a9fcb700       Options.rate_limit_delay_max_milliseconds: 100
2019/10/17-14:55:04.455353 7fc3a9fcb700                Options.disable_auto_compactions: 0
2019/10/17-14:55:04.455353 7fc3a9fcb700                        Options.compaction_style: kCompactionStyleLevel
2019/10/17-14:55:04.455354 7fc3a9fcb700                          Options.compaction_pri: kByCompensatedSize
2019/10/17-14:55:04.455355 7fc3a9fcb700 Options.compaction_options_universal.size_ratio: 1
2019/10/17-14:55:04.455356 7fc3a9fcb700 Options.compaction_options_universal.min_merge_width: 2
2019/10/17-14:55:04.455356 7fc3a9fcb700 Options.compaction_options_universal.max_merge_width: 4294967295
2019/10/17-14:55:04.455357 7fc3a9fcb700 Options.compaction_options_universal.max_size_amplification_percent: 200
2019/10/17-14:55:04.455358 7fc3a9fcb700 Options.compaction_options_universal.compression_size_percent: -1
2019/10/17-14:55:04.455358 7fc3a9fcb700 Options.compaction_options_universal.stop_style: kCompactionStopStyleTotalSize
2019/10/17-14:55:04.455359 7fc3a9fcb700 Options.compaction_options_fifo.max_table_files_size: 1073741824
2019/10/17-14:55:04.455360 7fc3a9fcb700 Options.compaction_options_fifo.allow_compaction: 0
2019/10/17-14:55:04.455361 7fc3a9fcb700 Options.compaction_options_fifo.ttl: 0
2019/10/17-14:55:04.455361 7fc3a9fcb700                   Options.table_properties_collectors: 
2019/10/17-14:55:04.455362 7fc3a9fcb700                   Options.inplace_update_support: 0
2019/10/17-14:55:04.455363 7fc3a9fcb700                 Options.inplace_update_num_locks: 10000
2019/10/17-14:55:04.455363 7fc3a9fcb700               Options.memtable_prefix_bloom_size_ratio: 0.000000
2019/10/17-14:55:04.455364 7fc3a9fcb700   Options.memtable_huge_page_size: 0
2019/10/17-14:55:04.455365 7fc3a9fcb700                           Options.bloom_locality: 0
2019/10/17-14:55:04.455366 7fc3a9fcb700                    Options.max_successive_merges: 0
2019/10/17-14:55:04.455366 7fc3a9fcb700                Options.optimize_filters_for_hits: 0
2019/10/17-14:55:04.455367 7fc3a9fcb700                Options.paranoid_file_checks: 0
2019/10/17-14:55:04.455368 7fc3a9fcb700                Options.force_consistency_checks: 0
2019/10/17-14:55:04.455368 7fc3a9fcb700                Options.report_bg_io_stats: 0
2019/10/17-14:55:04.455369 7fc3a9fcb700                               Options.ttl: 0
2019/10/17-14:55:04.455384 7fc3a9fcb700 [db/column_family.cc:472] --------------- Options for column family [entries]:
2019/10/17-14:55:04.455385 7fc3a9fcb700               Options.comparator: leveldb.BytewiseComparator
2019/10/17-14:55:04.455386 7fc3a9fcb700           Options.merge_operator: None
2019/10/17-14:55:04.455387 7fc3a9fcb700        Options.compaction_filter: None
2019/10/17-14:55:04.455387 7fc3a9fcb700        Options.compaction_filter_factory: None
2019/10/17-14:55:04.455388 7fc3a9fcb700         Options.memtable_factory: SkipListFactory
2019/10/17-14:55:04.455389 7fc3a9fcb700            Options.table_factory: BlockBasedTable
2019/10/17-14:55:04.455397 7fc3a9fcb700            table_factory options:   flush_block_policy_factory: FlushBlockBySizePolicyFactory (0x7fc35008fdf0)
  cache_index_and_filter_blocks: 0
  cache_index_and_filter_blocks_with_high_priority: 0
  pin_l0_filter_and_index_blocks_in_cache: 0
  pin_top_level_index_and_filter: 1
  index_type: 0
  hash_index_allow_collision: 1
  checksum: 1
  no_block_cache: 0
  block_cache: 0x7fc3500448f0
  block_cache_name: LRUCache
  block_cache_options:
    capacity : 8388608
    num_shard_bits : 4
    strict_capacity_limit : 0
    memory_allocator : None
    high_pri_pool_ratio: 0.000
  block_cache_compressed: (nil)
  persistent_cache: (nil)
  block_size: 4096
  block_size_deviation: 10
  block_restart_interval: 16
  index_block_restart_interval: 1
  metadata_block_size: 4096
  partition_filters: 0
  use_delta_encoding: 1
  filter_policy: nullptr
  whole_key_filtering: 1
  verify_compression: 0
  read_amp_bytes_per_bit: 0
  format_version: 2
  enable_index_compression: 1
  block_align: 0
2019/10/17-14:55:04.455403 7fc3a9fcb700        Options.write_buffer_size: 67108864
2019/10/17-14:55:04.455404 7fc3a9fcb700  Options.max_write_buffer_number: 2
2019/10/17-14:55:04.455405 7fc3a9fcb700          Options.compression: NoCompression
2019/10/17-14:55:04.455406 7fc3a9fcb700                  Options.bottommost_compression: Disabled
2019/10/17-14:55:04.455406 7fc3a9fcb700       Options.prefix_extractor: nullptr
2019/10/17-14:55:04.455407 7fc3a9fcb700   Options.memtable_insert_with_hint_prefix_extractor: nullptr
2019/10/17-14:55:04.455408 7fc3a9fcb700             Options.num_levels: 7
2019/10/17-14:55:04.455408 7fc3a9fcb700        Options.min_write_buffer_number_to_merge: 1
2019/10/17-14:55:04.455409 7fc3a9fcb700     Options.max_write_buffer_number_to_maintain: 0
2019/10/17-14:55:04.455410 7fc3a9fcb700            Options.bottommost_compression_opts.window_bits: -14
2019/10/17-14:55:04.455411 7fc3a9fcb700                  Options.bottommost_compression_opts.level: 32767
2019/10/17-14:55:04.455411 7fc3a9fcb700               Options.bottommost_compression_opts.strategy: 0
2019/10/17-14:55:04.455412 7fc3a9fcb700         Options.bottommost_compression_opts.max_dict_bytes: 0
2019/10/17-14:55:04.455413 7fc3a9fcb700         Options.bottommost_compression_opts.zstd_max_train_bytes: 0
2019/10/17-14:55:04.455413 7fc3a9fcb700                  Options.bottommost_compression_opts.enabled: false
2019/10/17-14:55:04.455414 7fc3a9fcb700            Options.compression_opts.window_bits: -14
2019/10/17-14:55:04.455415 7fc3a9fcb700                  Options.compression_opts.level: 32767
2019/10/17-14:55:04.455415 7fc3a9fcb700               Options.compression_opts.strategy: 0
2019/10/17-14:55:04.455416 7fc3a9fcb700         Options.compression_opts.max_dict_bytes: 0
2019/10/17-14:55:04.455417 7fc3a9fcb700         Options.compression_opts.zstd_max_train_bytes: 0
2019/10/17-14:55:04.455417 7fc3a9fcb700                  Options.compression_opts.enabled: false
2019/10/17-14:55:04.455418 7fc3a9fcb700      Options.level0_file_num_compaction_trigger: 4
2019/10/17-14:55:04.455419 7fc3a9fcb700          Options.level0_slowdown_writes_trigger: 20
2019/10/17-14:55:04.455419 7fc3a9fcb700              Options.level0_stop_writes_trigger: 36
2019/10/17-14:55:04.455420 7fc3a9fcb700                   Options.target_file_size_base: 67108864
2019/10/17-14:55:04.455421 7fc3a9fcb700             Options.target_file_size_multiplier: 1
2019/10/17-14:55:04.455421 7fc3a9fcb700                Options.max_bytes_for_level_base: 268435456
2019/10/17-14:55:04.455422 7fc3a9fcb700 Options.level_compaction_dynamic_level_bytes: 0
2019/10/17-14:55:04.455423 7fc3a9fcb700          Options.max_bytes_for_level_multiplier: 10.000000
2019/10/17-14:55:04.455424 7fc3a9fcb700 Options.max_bytes_for_level_multiplier_addtl[0]: 1
2019/10/17-14:55:04.455425 7fc3a9fcb700 Options.max_bytes_for_level_multiplier_addtl[1]: 1
2019/10/17-14:55:04.455425 7fc3a9fcb700 Options.max_bytes_for_level_multiplier_addtl[2]: 1
2019/10/17-14:55:04.455426 7fc3a9fcb700 Options.max_bytes_for_level_multiplier_addtl[3]: 1
2019/10/17-14:55:04.455427 7fc3a9fcb700 Options.max_bytes_for_level_multiplier_addtl[4]: 1
2019/10/17-14:55:04.455428 7fc3a9fcb700 Options.max_bytes_for_level_multiplier_addtl[5]: 1
2019/10/17-14:55:04.455428 7fc3a9fcb700 Options.max_bytes_for_level_multiplier_addtl[6]: 1
2019/10/17-14:55:04.455429 7fc3a9fcb700       Options.max_sequential_skip_in_iterations: 8
2019/10/17-14:55:04.455430 7fc3a9fcb700                    Options.max_compaction_bytes: 1677721600
2019/10/17-14:55:04.455430 7fc3a9fcb700                        Options.arena_block_size: 8388608
2019/10/17-14:55:04.455431 7fc3a9fcb700   Options.soft_pending_compaction_bytes_limit: 68719476736
2019/10/17-14:55:04.455435 7fc3a9fcb700   Options.hard_pending_compaction_bytes_limit: 274877906944
2019/10/17-14:55:04.455436 7fc3a9fcb700       Options.rate_limit_delay_max_milliseconds: 100
2019/10/17-14:55:04.455437 7fc3a9fcb700                Options.disable_auto_compactions: 0
2019/10/17-14:55:04.455437 7fc3a9fcb700                        Options.compaction_style: kCompactionStyleLevel
2019/10/17-14:55:04.455438 7fc3a9fcb700                          Options.compaction_pri: kByCompensatedSize
2019/10/17-14:55:04.455439 7fc3a9fcb700 Options.compaction_options_universal.size_ratio: 1
2019/10/17-14:55:04.455440 7fc3a9fcb700 Options.compaction_options_universal.min_merge_width: 2
2019/10/17-14:55:04.455440 7fc3a9fcb700 Options.compaction_options_universal.max_merge_width: 4294967295
2019/10/17-14:55:04.455441 7fc3a9fcb700 Options.compaction_options_universal.max_size_amplification_percent: 200
2019/10/17-14:55:04.455442 7fc3a9fcb700 Options.compaction_options_universal.compression_size_percent: -1
2019/10/17-14:55:04.455443 7fc3a9fcb700 Options.compaction_options_universal.stop_style: kCompactionStopStyleTotalSize
2019/10/17-14:55:04.455443 7fc3a9fcb700 Options.compaction_options_fifo.max_table_files_size: 1073741824
2019/10/17-14:55:04.455444 7fc3a9fcb700 Options.compaction_options_fifo.allow_compaction: 0
2019/10/17-14:55:04.455445 7fc3a9fcb700 Options.compaction_options_fifo.ttl: 0
2019/10/17-14:55:04.455445 7fc3a9fcb700                   Options.table_properties_collectors: 
2019/10/17-14:55:04.455446 7fc3a9fcb700                   Options.inplace_update_support: 0
2019/10/17-14:55:04.455447 7fc3a9fcb700                 Options.inplace_update_num_locks: 10000
2019/10/17-14:55:04.455447 7fc3a9fcb700               Options.memtable_prefix_bloom_size_ratio: 0.000000
2019/10/17-14:55:04.455448 7fc3a9fcb700   Options.memtable_huge_page_size: 0
2019/10/17-14:55:04.455449 7fc3a9fcb700                           Options.bloom_locality: 0
2019/10/17-14:55:04.455450 7fc3a9fcb700                    Options.max_successive_merges: 0
2019/10/17-14:55:04.455450 7fc3a9fcb700                Options.optimize_filters_for_hits: 0
2019/10/17-14:55:04.455451 7fc3a9fcb700                Options.paranoid_file_checks: 0
2019/10/17-14:55:04.455452 7fc3a9fcb700                Options.force_consistency_checks: 0
2019/10/17-14:55:04.455452 7fc3a9fcb700                Options.report_bg_io_stats: 0
2019/10/17-14:55:04.455453 7fc3a9fcb700                               Options.ttl: 0
2019/10/17-14:55:04.455466 7fc3a9fcb700 [db/column_family.cc:472] --------------- Options for column family [dc_entries]:
2019/10/17-14:55:04.455467 7fc3a9fcb700               Options.comparator: leveldb.BytewiseComparator
2019/10/17-14:55:04.455468 7fc3a9fcb700           Options.merge_operator: None
2019/10/17-14:55:04.455469 7fc3a9fcb700        Options.compaction_filter: None
2019/10/17-14:55:04.455470 7fc3a9fcb700        Options.compaction_filter_factory: None
2019/10/17-14:55:04.455470 7fc3a9fcb700         Options.memtable_factory: SkipListFactory
2019/10/17-14:55:04.455471 7fc3a9fcb700            Options.table_factory: BlockBasedTable
2019/10/17-14:55:04.455479 7fc3a9fcb700            table_factory options:   flush_block_policy_factory: FlushBlockBySizePolicyFactory (0x7fc35008fc20)
  cache_index_and_filter_blocks: 0
  cache_index_and_filter_blocks_with_high_priority: 0
  pin_l0_filter_and_index_blocks_in_cache: 0
  pin_top_level_index_and_filter: 1
  index_type: 0
  hash_index_allow_collision: 1
  checksum: 1
  no_block_cache: 0
  block_cache: 0x7fc35005fc40
  block_cache_name: LRUCache
  block_cache_options:
    capacity : 8388608
    num_shard_bits : 4
    strict_capacity_limit : 0
    memory_allocator : None
    high_pri_pool_ratio: 0.000
  block_cache_compressed: (nil)
  persistent_cache: (nil)
  block_size: 4096
  block_size_deviation: 10
  block_restart_interval: 16
  index_block_restart_interval: 1
  metadata_block_size: 4096
  partition_filters: 0
  use_delta_encoding: 1
  filter_policy: nullptr
  whole_key_filtering: 1
  verify_compression: 0
  read_amp_bytes_per_bit: 0
  format_version: 2
  enable_index_compression: 1
  block_align: 0
2019/10/17-14:55:04.455485 7fc3a9fcb700        Options.write_buffer_size: 67108864
2019/10/17-14:55:04.455486 7fc3a9fcb700  Options.max_write_buffer_number: 2
2019/10/17-14:55:04.455487 7fc3a9fcb700          Options.compression: NoCompression
2019/10/17-14:55:04.455487 7fc3a9fcb700                  Options.bottommost_compression: Disabled
2019/10/17-14:55:04.455488 7fc3a9fcb700       Options.prefix_extractor: nullptr
2019/10/17-14:55:04.455489 7fc3a9fcb700   Options.memtable_insert_with_hint_prefix_extractor: nullptr
2019/10/17-14:55:04.455489 7fc3a9fcb700             Options.num_levels: 7
2019/10/17-14:55:04.455490 7fc3a9fcb700        Options.min_write_buffer_number_to_merge: 1
2019/10/17-14:55:04.455491 7fc3a9fcb700     Options.max_write_buffer_number_to_maintain: 0
2019/10/17-14:55:04.455491 7fc3a9fcb700            Options.bottommost_compression_opts.window_bits: -14
2019/10/17-14:55:04.455492 7fc3a9fcb700                  Options.bottommost_compression_opts.level: 32767
2019/10/17-14:55:04.455493 7fc3a9fcb700               Options.bottommost_compression_opts.strategy: 0
2019/10/17-14:55:04.455493 7fc3a9fcb700         Options.bottommost_compression_opts.max_dict_bytes: 0
2019/10/17-14:55:04.455494 7fc3a9fcb700         Options.bottommost_compression_opts.zstd_max_train_bytes: 0
2019/10/17-14:55:04.455495 7fc3a9fcb700                  Options.bottommost_compression_opts.enabled: false
2019/10/17-14:55:04.455496 7fc3a9fcb700            Options.compression_opts.window_bits: -14
2019/10/17-14:55:04.455496 7fc3a9fcb700                  Options.compression_opts.level: 32767
2019/10/17-14:55:04.455497 7fc3a9fcb700               Options.compression_opts.strategy: 0
2019/10/17-14:55:04.455498 7fc3a9fcb700         Options.compression_opts.max_dict_bytes: 0
2019/10/17-14:55:04.455498 7fc3a9fcb700         Options.compression_opts.zstd_max_train_bytes: 0
2019/10/17-14:55:04.455499 7fc3a9fcb700                  Options.compression_opts.enabled: false
2019/10/17-14:55:04.455500 7fc3a9fcb700      Options.level0_file_num_compaction_trigger: 4
2019/10/17-14:55:04.455500 7fc3a9fcb700          Options.level0_slowdown_writes_trigger: 20
2019/10/17-14:55:04.455501 7fc3a9fcb700              Options.level0_stop_writes_trigger: 36
2019/10/17-14:55:04.455502 7fc3a9fcb700                   Options.target_file_size_base: 67108864
2019/10/17-14:55:04.455502 7fc3a9fcb700             Options.target_file_size_multiplier: 1
2019/10/17-14:55:04.455503 7fc3a9fcb700                Options.max_bytes_for_level_base: 268435456
2019/10/17-14:55:04.455504 7fc3a9fcb700 Options.level_compaction_dynamic_level_bytes: 0
2019/10/17-14:55:04.455504 7fc3a9fcb700          Options.max_bytes_for_level_multiplier: 10.000000
2019/10/17-14:55:04.455506 7fc3a9fcb700 Options.max_bytes_for_level_multiplier_addtl[0]: 1
2019/10/17-14:55:04.455506 7fc3a9fcb700 Options.max_bytes_for_level_multiplier_addtl[1]: 1
2019/10/17-14:55:04.455507 7fc3a9fcb700 Options.max_bytes_for_level_multiplier_addtl[2]: 1
2019/10/17-14:55:04.455508 7fc3a9fcb700 Options.max_bytes_for_level_multiplier_addtl[3]: 1
2019/10/17-14:55:04.455508 7fc3a9fcb700 Options.max_bytes_for_level_multiplier_addtl[4]: 1
2019/10/17-14:55:04.455509 7fc3a9fcb700 Options.max_bytes_for_level_multiplier_addtl[5]: 1
2019/10/17-14:55:04.455510 7fc3a9fcb700 Options.max_bytes_for_level_multiplier_addtl[6]: 1
2019/10/17-14:55:04.455511 7fc3a9fcb700       Options.max_sequential_skip_in_iterations: 8
2019/10/17-14:55:04.455511 7fc3a9fcb700                    Options.max_compaction_bytes: 1677721600
2019/10/17-14:55:04.455512 7fc3a9fcb700                        Options.arena_block_size: 8388608
2019/10/17-14:55:04.455513 7fc3a9fcb700   Options.soft_pending_compaction_bytes_limit: 68719476736
2019/10/17-14:55:04.455513 7fc3a9fcb700   Options.hard_pending_compaction_bytes_limit: 274877906944
2019/10/17-14:55:04.455514 7fc3a9fcb700       Options.rate_limit_delay_max_milliseconds: 100
2019/10/17-14:55:04.455515 7fc3a9fcb700                Options.disable_auto_compactions: 0
2019/10/17-14:55:04.455519 7fc3a9fcb700                        Options.compaction_style: kCompactionStyleLevel
2019/10/17-14:55:04.455520 7fc3a9fcb700                          Options.compaction_pri: kByCompensatedSize
2019/10/17-14:55:04.455521 7fc3a9fcb700 Options.compaction_options_universal.size_ratio: 1
2019/10/17-14:55:04.455521 7fc3a9fcb700 Options.compaction_options_universal.min_merge_width: 2
2019/10/17-14:55:04.455522 7fc3a9fcb700 Options.compaction_options_universal.max_merge_width: 4294967295
2019/10/17-14:55:04.455523 7fc3a9fcb700 Options.compaction_options_universal.max_size_amplification_percent: 200
2019/10/17-14:55:04.455523 7fc3a9fcb700 Options.compaction_options_universal.compression_size_percent: -1
2019/10/17-14:55:04.455524 7fc3a9fcb700 Options.compaction_options_universal.stop_style: kCompactionStopStyleTotalSize
2019/10/17-14:55:04.455525 7fc3a9fcb700 Options.compaction_options_fifo.max_table_files_size: 1073741824
2019/10/17-14:55:04.455525 7fc3a9fcb700 Options.compaction_options_fifo.allow_compaction: 0
2019/10/17-14:55:04.455526 7fc3a9fcb700 Options.compaction_options_fifo.ttl: 0
2019/10/17-14:55:04.455527 7fc3a9fcb700                   Options.table_properties_collectors: 
2019/10/17-14:55:04.455527 7fc3a9fcb700                   Options.inplace_update_support: 0
2019/10/17-14:55:04.455528 7fc3a9fcb700                 Options.inplace_update_num_locks: 10000
2019/10/17-14:55:04.455529 7fc3a9fcb700               Options.memtable_prefix_bloom_size_ratio: 0.000000
2019/10/17-14:55:04.455530 7fc3a9fcb700   Options.memtable_huge_page_size: 0
2019/10/17-14:55:04.455530 7fc3a9fcb700                           Options.bloom_locality: 0
2019/10/17-14:55:04.455531 7fc3a9fcb700                    Options.max_successive_merges: 0
2019/10/17-14:55:04.455532 7fc3a9fcb700                Options.optimize_filters_for_hits: 0
2019/10/17-14:55:04.455532 7fc3a9fcb700                Options.paranoid_file_checks: 0
2019/10/17-14:55:04.455533 7fc3a9fcb700                Options.force_consistency_checks: 0
2019/10/17-14:55:04.455534 7fc3a9fcb700                Options.report_bg_io_stats: 0
2019/10/17-14:55:04.455534 7fc3a9fcb700                               Options.ttl: 0
2019/10/17-14:55:04.455545 7fc3a9fcb700 [db/column_family.cc:472] --------------- Options for column family [htlcs]:
2019/10/17-14:55:04.455546 7fc3a9fcb700               Options.comparator: leveldb.BytewiseComparator
2019/10/17-14:55:04.455547 7fc3a9fcb700           Options.merge_operator: None
2019/10/17-14:55:04.455548 7fc3a9fcb700        Options.compaction_filter: None
2019/10/17-14:55:04.455548 7fc3a9fcb700        Options.compaction_filter_factory: None
2019/10/17-14:55:04.455549 7fc3a9fcb700         Options.memtable_factory: SkipListFactory
2019/10/17-14:55:04.455550 7fc3a9fcb700            Options.table_factory: BlockBasedTable
2019/10/17-14:55:04.455558 7fc3a9fcb700            table_factory options:   flush_block_policy_factory: FlushBlockBySizePolicyFactory (0x7fc35007a7c0)
