2019/10/17-14:56:13.456581 7fbc2cd30700 RocksDB version: 5.18.3
2019/10/17-14:56:13.456618 7fbc2cd30700 Git sha rocksdb_build_git_sha:@0@
2019/10/17-14:56:13.456619 7fbc2cd30700 Compile date Sep 19 2019
2019/10/17-14:56:13.456621 7fbc2cd30700 DB SUMMARY
2019/10/17-14:56:13.457299 7fbc2cd30700 CURRENT file:  CURRENT
2019/10/17-14:56:13.457301 7fbc2cd30700 IDENTITY file:  IDENTITY
2019/10/17-14:56:13.457328 7fbc2cd30700 MANIFEST file:  MANIFEST-116938 size: 4114 Bytes
2019/10/17-14:56:13.457330 7fbc2cd30700 SST files in /home/rahul/dev/blockchain-core/eqc/ledger.db dir, Total Num: 29, files: 000624.sst 000627.sst 106940.sst 108447.sst 108450.sst 109471.sst 109483.sst 109485.sst 109486.sst 
2019/10/17-14:56:13.457331 7fbc2cd30700 Write Ahead Log file in /home/rahul/dev/blockchain-core/eqc/ledger.db: 116939.log size: 0 ; 
2019/10/17-14:56:13.457363 7fbc2cd30700                         Options.error_if_exists: 0
2019/10/17-14:56:13.457365 7fbc2cd30700                       Options.create_if_missing: 1
2019/10/17-14:56:13.457365 7fbc2cd30700                         Options.paranoid_checks: 1
2019/10/17-14:56:13.457366 7fbc2cd30700                                     Options.env: 0x7fbbafa7bc60
2019/10/17-14:56:13.457367 7fbc2cd30700                                Options.info_log: 0x7fbbb8065f80
2019/10/17-14:56:13.457368 7fbc2cd30700                Options.max_file_opening_threads: 16
2019/10/17-14:56:13.457369 7fbc2cd30700                              Options.statistics: (nil)
2019/10/17-14:56:13.457369 7fbc2cd30700                               Options.use_fsync: 0
2019/10/17-14:56:13.457370 7fbc2cd30700                       Options.max_log_file_size: 0
2019/10/17-14:56:13.457371 7fbc2cd30700                  Options.max_manifest_file_size: 1073741824
2019/10/17-14:56:13.457372 7fbc2cd30700                   Options.log_file_time_to_roll: 0
2019/10/17-14:56:13.457373 7fbc2cd30700                       Options.keep_log_file_num: 1000
2019/10/17-14:56:13.457373 7fbc2cd30700                    Options.recycle_log_file_num: 0
2019/10/17-14:56:13.457374 7fbc2cd30700                         Options.allow_fallocate: 1
2019/10/17-14:56:13.457375 7fbc2cd30700                        Options.allow_mmap_reads: 0
2019/10/17-14:56:13.457375 7fbc2cd30700                       Options.allow_mmap_writes: 0
2019/10/17-14:56:13.457376 7fbc2cd30700                        Options.use_direct_reads: 0
2019/10/17-14:56:13.457377 7fbc2cd30700                        Options.use_direct_io_for_flush_and_compaction: 0
2019/10/17-14:56:13.457377 7fbc2cd30700          Options.create_missing_column_families: 0
2019/10/17-14:56:13.457378 7fbc2cd30700                              Options.db_log_dir: 
2019/10/17-14:56:13.457379 7fbc2cd30700                                 Options.wal_dir: /home/rahul/dev/blockchain-core/eqc/ledger.db
2019/10/17-14:56:13.457380 7fbc2cd30700                Options.table_cache_numshardbits: 6
2019/10/17-14:56:13.457380 7fbc2cd30700                      Options.max_subcompactions: 1
2019/10/17-14:56:13.457381 7fbc2cd30700                  Options.max_background_flushes: -1
2019/10/17-14:56:13.457382 7fbc2cd30700                         Options.WAL_ttl_seconds: 0
2019/10/17-14:56:13.457382 7fbc2cd30700                       Options.WAL_size_limit_MB: 0
2019/10/17-14:56:13.457383 7fbc2cd30700             Options.manifest_preallocation_size: 4194304
2019/10/17-14:56:13.457384 7fbc2cd30700                     Options.is_fd_close_on_exec: 1
2019/10/17-14:56:13.457385 7fbc2cd30700                   Options.advise_random_on_open: 1
2019/10/17-14:56:13.457385 7fbc2cd30700                    Options.db_write_buffer_size: 0
2019/10/17-14:56:13.457386 7fbc2cd30700                    Options.write_buffer_manager: 0x7fbbb81097f0
2019/10/17-14:56:13.457387 7fbc2cd30700         Options.access_hint_on_compaction_start: 1
2019/10/17-14:56:13.457388 7fbc2cd30700  Options.new_table_reader_for_compaction_inputs: 0
2019/10/17-14:56:13.457388 7fbc2cd30700           Options.random_access_max_buffer_size: 1048576
2019/10/17-14:56:13.457389 7fbc2cd30700                      Options.use_adaptive_mutex: 0
2019/10/17-14:56:13.457390 7fbc2cd30700                            Options.rate_limiter: (nil)
2019/10/17-14:56:13.457398 7fbc2cd30700     Options.sst_file_manager.rate_bytes_per_sec: 0
2019/10/17-14:56:13.457399 7fbc2cd30700                       Options.wal_recovery_mode: 2
2019/10/17-14:56:13.457400 7fbc2cd30700                  Options.enable_thread_tracking: 0
2019/10/17-14:56:13.457401 7fbc2cd30700                  Options.enable_pipelined_write: 0
2019/10/17-14:56:13.457401 7fbc2cd30700         Options.allow_concurrent_memtable_write: 1
2019/10/17-14:56:13.457402 7fbc2cd30700      Options.enable_write_thread_adaptive_yield: 1
2019/10/17-14:56:13.457403 7fbc2cd30700             Options.write_thread_max_yield_usec: 100
2019/10/17-14:56:13.457403 7fbc2cd30700            Options.write_thread_slow_yield_usec: 3
2019/10/17-14:56:13.457404 7fbc2cd30700                               Options.row_cache: None
2019/10/17-14:56:13.457405 7fbc2cd30700                              Options.wal_filter: None
2019/10/17-14:56:13.457406 7fbc2cd30700             Options.avoid_flush_during_recovery: 0
2019/10/17-14:56:13.457406 7fbc2cd30700             Options.allow_ingest_behind: 0
2019/10/17-14:56:13.457407 7fbc2cd30700             Options.preserve_deletes: 0
2019/10/17-14:56:13.457408 7fbc2cd30700             Options.two_write_queues: 0
2019/10/17-14:56:13.457408 7fbc2cd30700             Options.manual_wal_flush: 0
2019/10/17-14:56:13.457409 7fbc2cd30700             Options.max_background_jobs: 2
2019/10/17-14:56:13.457410 7fbc2cd30700             Options.max_background_compactions: -1
2019/10/17-14:56:13.457411 7fbc2cd30700             Options.avoid_flush_during_shutdown: 0
2019/10/17-14:56:13.457411 7fbc2cd30700           Options.writable_file_max_buffer_size: 1048576
2019/10/17-14:56:13.457412 7fbc2cd30700             Options.delayed_write_rate : 16777216
2019/10/17-14:56:13.457413 7fbc2cd30700             Options.max_total_wal_size: 0
2019/10/17-14:56:13.457413 7fbc2cd30700             Options.delete_obsolete_files_period_micros: 21600000000
2019/10/17-14:56:13.457414 7fbc2cd30700                   Options.stats_dump_period_sec: 600
2019/10/17-14:56:13.457415 7fbc2cd30700                          Options.max_open_files: -1
2019/10/17-14:56:13.457416 7fbc2cd30700                          Options.bytes_per_sync: 0
2019/10/17-14:56:13.457416 7fbc2cd30700                      Options.wal_bytes_per_sync: 0
2019/10/17-14:56:13.457417 7fbc2cd30700       Options.compaction_readahead_size: 0
2019/10/17-14:56:13.457418 7fbc2cd30700 Compression algorithms supported:
2019/10/17-14:56:13.457419 7fbc2cd30700 	kZSTDNotFinalCompression supported: 0
2019/10/17-14:56:13.457420 7fbc2cd30700 	kZSTD supported: 0
2019/10/17-14:56:13.457421 7fbc2cd30700 	kXpressCompression supported: 0
2019/10/17-14:56:13.457421 7fbc2cd30700 	kLZ4HCCompression supported: 0
2019/10/17-14:56:13.457422 7fbc2cd30700 	kLZ4Compression supported: 0
2019/10/17-14:56:13.457423 7fbc2cd30700 	kBZip2Compression supported: 0
2019/10/17-14:56:13.457424 7fbc2cd30700 	kZlibCompression supported: 0
2019/10/17-14:56:13.457424 7fbc2cd30700 	kSnappyCompression supported: 0
2019/10/17-14:56:13.457426 7fbc2cd30700 Fast CRC32 supported: Supported on x86
2019/10/17-14:56:13.457515 7fbc2cd30700 [db/version_set.cc:3507] Recovering from manifest file: MANIFEST-116938
2019/10/17-14:56:13.457547 7fbc2cd30700 [db/column_family.cc:472] --------------- Options for column family [default]:
2019/10/17-14:56:13.457548 7fbc2cd30700               Options.comparator: leveldb.BytewiseComparator
2019/10/17-14:56:13.457549 7fbc2cd30700           Options.merge_operator: None
2019/10/17-14:56:13.457550 7fbc2cd30700        Options.compaction_filter: None
2019/10/17-14:56:13.457551 7fbc2cd30700        Options.compaction_filter_factory: None
2019/10/17-14:56:13.457552 7fbc2cd30700         Options.memtable_factory: SkipListFactory
2019/10/17-14:56:13.457552 7fbc2cd30700            Options.table_factory: BlockBasedTable
2019/10/17-14:56:13.457567 7fbc2cd30700            table_factory options:   flush_block_policy_factory: FlushBlockBySizePolicyFactory (0x7fbbb804fa30)
  cache_index_and_filter_blocks: 0
  cache_index_and_filter_blocks_with_high_priority: 0
  pin_l0_filter_and_index_blocks_in_cache: 0
  pin_top_level_index_and_filter: 1
  index_type: 0
  hash_index_allow_collision: 1
  checksum: 1
  no_block_cache: 0
  block_cache: 0x7fbbb80c02d0
  block_cache_name: LRUCache
  block_cache_options:
    capacity : 8388608
    num_shard_bits : 4
    strict_capacity_limit : 0
    memory_allocator : None
    high_pri_pool_ratio: 0.000
  block_cache_compressed: (nil)
  persistent_cache: (nil)
  block_size: 4096
  block_size_deviation: 10
  block_restart_interval: 16
  index_block_restart_interval: 1
  metadata_block_size: 4096
  partition_filters: 0
  use_delta_encoding: 1
  filter_policy: nullptr
  whole_key_filtering: 1
  verify_compression: 0
  read_amp_bytes_per_bit: 0
  format_version: 2
  enable_index_compression: 1
  block_align: 0
2019/10/17-14:56:13.457576 7fbc2cd30700        Options.write_buffer_size: 67108864
2019/10/17-14:56:13.457577 7fbc2cd30700  Options.max_write_buffer_number: 2
2019/10/17-14:56:13.457577 7fbc2cd30700          Options.compression: NoCompression
2019/10/17-14:56:13.457578 7fbc2cd30700                  Options.bottommost_compression: Disabled
2019/10/17-14:56:13.457579 7fbc2cd30700       Options.prefix_extractor: nullptr
2019/10/17-14:56:13.457580 7fbc2cd30700   Options.memtable_insert_with_hint_prefix_extractor: nullptr
2019/10/17-14:56:13.457580 7fbc2cd30700             Options.num_levels: 7
2019/10/17-14:56:13.457581 7fbc2cd30700        Options.min_write_buffer_number_to_merge: 1
2019/10/17-14:56:13.457582 7fbc2cd30700     Options.max_write_buffer_number_to_maintain: 0
2019/10/17-14:56:13.457583 7fbc2cd30700            Options.bottommost_compression_opts.window_bits: -14
2019/10/17-14:56:13.457583 7fbc2cd30700                  Options.bottommost_compression_opts.level: 32767
2019/10/17-14:56:13.457584 7fbc2cd30700               Options.bottommost_compression_opts.strategy: 0
2019/10/17-14:56:13.457585 7fbc2cd30700         Options.bottommost_compression_opts.max_dict_bytes: 0
2019/10/17-14:56:13.457585 7fbc2cd30700         Options.bottommost_compression_opts.zstd_max_train_bytes: 0
2019/10/17-14:56:13.457586 7fbc2cd30700                  Options.bottommost_compression_opts.enabled: false
2019/10/17-14:56:13.457587 7fbc2cd30700            Options.compression_opts.window_bits: -14
2019/10/17-14:56:13.457588 7fbc2cd30700                  Options.compression_opts.level: 32767
2019/10/17-14:56:13.457588 7fbc2cd30700               Options.compression_opts.strategy: 0
2019/10/17-14:56:13.457589 7fbc2cd30700         Options.compression_opts.max_dict_bytes: 0
2019/10/17-14:56:13.457590 7fbc2cd30700         Options.compression_opts.zstd_max_train_bytes: 0
2019/10/17-14:56:13.457590 7fbc2cd30700                  Options.compression_opts.enabled: false
2019/10/17-14:56:13.457591 7fbc2cd30700      Options.level0_file_num_compaction_trigger: 4
2019/10/17-14:56:13.457592 7fbc2cd30700          Options.level0_slowdown_writes_trigger: 20
2019/10/17-14:56:13.457592 7fbc2cd30700              Options.level0_stop_writes_trigger: 36
2019/10/17-14:56:13.457593 7fbc2cd30700                   Options.target_file_size_base: 67108864
2019/10/17-14:56:13.457594 7fbc2cd30700             Options.target_file_size_multiplier: 1
2019/10/17-14:56:13.457595 7fbc2cd30700                Options.max_bytes_for_level_base: 268435456
2019/10/17-14:56:13.457595 7fbc2cd30700 Options.level_compaction_dynamic_level_bytes: 0
2019/10/17-14:56:13.457596 7fbc2cd30700          Options.max_bytes_for_level_multiplier: 10.000000
2019/10/17-14:56:13.457598 7fbc2cd30700 Options.max_bytes_for_level_multiplier_addtl[0]: 1
2019/10/17-14:56:13.457599 7fbc2cd30700 Options.max_bytes_for_level_multiplier_addtl[1]: 1
2019/10/17-14:56:13.457600 7fbc2cd30700 Options.max_bytes_for_level_multiplier_addtl[2]: 1
2019/10/17-14:56:13.457600 7fbc2cd30700 Options.max_bytes_for_level_multiplier_addtl[3]: 1
2019/10/17-14:56:13.457601 7fbc2cd30700 Options.max_bytes_for_level_multiplier_addtl[4]: 1
2019/10/17-14:56:13.457605 7fbc2cd30700 Options.max_bytes_for_level_multiplier_addtl[5]: 1
2019/10/17-14:56:13.457606 7fbc2cd30700 Options.max_bytes_for_level_multiplier_addtl[6]: 1
2019/10/17-14:56:13.457607 7fbc2cd30700       Options.max_sequential_skip_in_iterations: 8
2019/10/17-14:56:13.457608 7fbc2cd30700                    Options.max_compaction_bytes: 1677721600
2019/10/17-14:56:13.457608 7fbc2cd30700                        Options.arena_block_size: 8388608
2019/10/17-14:56:13.457609 7fbc2cd30700   Options.soft_pending_compaction_bytes_limit: 68719476736
2019/10/17-14:56:13.457610 7fbc2cd30700   Options.hard_pending_compaction_bytes_limit: 274877906944
2019/10/17-14:56:13.457611 7fbc2cd30700       Options.rate_limit_delay_max_milliseconds: 100
2019/10/17-14:56:13.457611 7fbc2cd30700                Options.disable_auto_compactions: 0
2019/10/17-14:56:13.457613 7fbc2cd30700                        Options.compaction_style: kCompactionStyleLevel
2019/10/17-14:56:13.457614 7fbc2cd30700                          Options.compaction_pri: kByCompensatedSize
2019/10/17-14:56:13.457614 7fbc2cd30700 Options.compaction_options_universal.size_ratio: 1
2019/10/17-14:56:13.457615 7fbc2cd30700 Options.compaction_options_universal.min_merge_width: 2
2019/10/17-14:56:13.457616 7fbc2cd30700 Options.compaction_options_universal.max_merge_width: 4294967295
2019/10/17-14:56:13.457617 7fbc2cd30700 Options.compaction_options_universal.max_size_amplification_percent: 200
2019/10/17-14:56:13.457617 7fbc2cd30700 Options.compaction_options_universal.compression_size_percent: -1
2019/10/17-14:56:13.457618 7fbc2cd30700 Options.compaction_options_universal.stop_style: kCompactionStopStyleTotalSize
2019/10/17-14:56:13.457619 7fbc2cd30700 Options.compaction_options_fifo.max_table_files_size: 1073741824
2019/10/17-14:56:13.457620 7fbc2cd30700 Options.compaction_options_fifo.allow_compaction: 0
2019/10/17-14:56:13.457621 7fbc2cd30700 Options.compaction_options_fifo.ttl: 0
2019/10/17-14:56:13.457621 7fbc2cd30700                   Options.table_properties_collectors: 
2019/10/17-14:56:13.457622 7fbc2cd30700                   Options.inplace_update_support: 0
2019/10/17-14:56:13.457623 7fbc2cd30700                 Options.inplace_update_num_locks: 10000
2019/10/17-14:56:13.457624 7fbc2cd30700               Options.memtable_prefix_bloom_size_ratio: 0.000000
2019/10/17-14:56:13.457625 7fbc2cd30700   Options.memtable_huge_page_size: 0
2019/10/17-14:56:13.457625 7fbc2cd30700                           Options.bloom_locality: 0
2019/10/17-14:56:13.457626 7fbc2cd30700                    Options.max_successive_merges: 0
2019/10/17-14:56:13.457627 7fbc2cd30700                Options.optimize_filters_for_hits: 0
2019/10/17-14:56:13.457627 7fbc2cd30700                Options.paranoid_file_checks: 0
2019/10/17-14:56:13.457628 7fbc2cd30700                Options.force_consistency_checks: 0
2019/10/17-14:56:13.457629 7fbc2cd30700                Options.report_bg_io_stats: 0
2019/10/17-14:56:13.457629 7fbc2cd30700                               Options.ttl: 0
2019/10/17-14:56:13.457655 7fbc2cd30700 [db/column_family.cc:472] --------------- Options for column family [active_gateways]:
2019/10/17-14:56:13.457656 7fbc2cd30700               Options.comparator: leveldb.BytewiseComparator
2019/10/17-14:56:13.457657 7fbc2cd30700           Options.merge_operator: None
2019/10/17-14:56:13.457657 7fbc2cd30700        Options.compaction_filter: None
2019/10/17-14:56:13.457658 7fbc2cd30700        Options.compaction_filter_factory: None
2019/10/17-14:56:13.457659 7fbc2cd30700         Options.memtable_factory: SkipListFactory
2019/10/17-14:56:13.457660 7fbc2cd30700            Options.table_factory: BlockBasedTable
2019/10/17-14:56:13.457670 7fbc2cd30700            table_factory options:   flush_block_policy_factory: FlushBlockBySizePolicyFactory (0x7fbbb80224e0)
  cache_index_and_filter_blocks: 0
  cache_index_and_filter_blocks_with_high_priority: 0
  pin_l0_filter_and_index_blocks_in_cache: 0
  pin_top_level_index_and_filter: 1
  index_type: 0
  hash_index_allow_collision: 1
  checksum: 1
  no_block_cache: 0
  block_cache: 0x7fbbb8043350
  block_cache_name: LRUCache
  block_cache_options:
    capacity : 8388608
    num_shard_bits : 4
    strict_capacity_limit : 0
    memory_allocator : None
    high_pri_pool_ratio: 0.000
  block_cache_compressed: (nil)
  persistent_cache: (nil)
  block_size: 4096
  block_size_deviation: 10
  block_restart_interval: 16
  index_block_restart_interval: 1
  metadata_block_size: 4096
  partition_filters: 0
  use_delta_encoding: 1
  filter_policy: nullptr
  whole_key_filtering: 1
  verify_compression: 0
  read_amp_bytes_per_bit: 0
  format_version: 2
  enable_index_compression: 1
  block_align: 0
2019/10/17-14:56:13.457676 7fbc2cd30700        Options.write_buffer_size: 67108864
2019/10/17-14:56:13.457677 7fbc2cd30700  Options.max_write_buffer_number: 2
2019/10/17-14:56:13.457677 7fbc2cd30700          Options.compression: NoCompression
2019/10/17-14:56:13.457678 7fbc2cd30700                  Options.bottommost_compression: Disabled
2019/10/17-14:56:13.457679 7fbc2cd30700       Options.prefix_extractor: nullptr
2019/10/17-14:56:13.457680 7fbc2cd30700   Options.memtable_insert_with_hint_prefix_extractor: nullptr
2019/10/17-14:56:13.457680 7fbc2cd30700             Options.num_levels: 7
2019/10/17-14:56:13.457681 7fbc2cd30700        Options.min_write_buffer_number_to_merge: 1
2019/10/17-14:56:13.457682 7fbc2cd30700     Options.max_write_buffer_number_to_maintain: 0
2019/10/17-14:56:13.457682 7fbc2cd30700            Options.bottommost_compression_opts.window_bits: -14
2019/10/17-14:56:13.457683 7fbc2cd30700                  Options.bottommost_compression_opts.level: 32767
2019/10/17-14:56:13.457684 7fbc2cd30700               Options.bottommost_compression_opts.strategy: 0
2019/10/17-14:56:13.457685 7fbc2cd30700         Options.bottommost_compression_opts.max_dict_bytes: 0
2019/10/17-14:56:13.457685 7fbc2cd30700         Options.bottommost_compression_opts.zstd_max_train_bytes: 0
2019/10/17-14:56:13.457686 7fbc2cd30700                  Options.bottommost_compression_opts.enabled: false
2019/10/17-14:56:13.457687 7fbc2cd30700            Options.compression_opts.window_bits: -14
2019/10/17-14:56:13.457687 7fbc2cd30700                  Options.compression_opts.level: 32767
2019/10/17-14:56:13.457688 7fbc2cd30700               Options.compression_opts.strategy: 0
2019/10/17-14:56:13.457689 7fbc2cd30700         Options.compression_opts.max_dict_bytes: 0
2019/10/17-14:56:13.457689 7fbc2cd30700         Options.compression_opts.zstd_max_train_bytes: 0
2019/10/17-14:56:13.457690 7fbc2cd30700                  Options.compression_opts.enabled: false
2019/10/17-14:56:13.457691 7fbc2cd30700      Options.level0_file_num_compaction_trigger: 4
2019/10/17-14:56:13.457692 7fbc2cd30700          Options.level0_slowdown_writes_trigger: 20
2019/10/17-14:56:13.457692 7fbc2cd30700              Options.level0_stop_writes_trigger: 36
2019/10/17-14:56:13.457693 7fbc2cd30700                   Options.target_file_size_base: 67108864
2019/10/17-14:56:13.457694 7fbc2cd30700             Options.target_file_size_multiplier: 1
2019/10/17-14:56:13.457694 7fbc2cd30700                Options.max_bytes_for_level_base: 268435456
2019/10/17-14:56:13.457695 7fbc2cd30700 Options.level_compaction_dynamic_level_bytes: 0
2019/10/17-14:56:13.457696 7fbc2cd30700          Options.max_bytes_for_level_multiplier: 10.000000
2019/10/17-14:56:13.457697 7fbc2cd30700 Options.max_bytes_for_level_multiplier_addtl[0]: 1
2019/10/17-14:56:13.457698 7fbc2cd30700 Options.max_bytes_for_level_multiplier_addtl[1]: 1
2019/10/17-14:56:13.457699 7fbc2cd30700 Options.max_bytes_for_level_multiplier_addtl[2]: 1
2019/10/17-14:56:13.457699 7fbc2cd30700 Options.max_bytes_for_level_multiplier_addtl[3]: 1
2019/10/17-14:56:13.457700 7fbc2cd30700 Options.max_bytes_for_level_multiplier_addtl[4]: 1
2019/10/17-14:56:13.457701 7fbc2cd30700 Options.max_bytes_for_level_multiplier_addtl[5]: 1
2019/10/17-14:56:13.457701 7fbc2cd30700 Options.max_bytes_for_level_multiplier_addtl[6]: 1
2019/10/17-14:56:13.457702 7fbc2cd30700       Options.max_sequential_skip_in_iterations: 8
2019/10/17-14:56:13.457706 7fbc2cd30700                    Options.max_compaction_bytes: 1677721600
2019/10/17-14:56:13.457707 7fbc2cd30700                        Options.arena_block_size: 8388608
2019/10/17-14:56:13.457708 7fbc2cd30700   Options.soft_pending_compaction_bytes_limit: 68719476736
2019/10/17-14:56:13.457708 7fbc2cd30700   Options.hard_pending_compaction_bytes_limit: 274877906944
2019/10/17-14:56:13.457709 7fbc2cd30700       Options.rate_limit_delay_max_milliseconds: 100
2019/10/17-14:56:13.457710 7fbc2cd30700                Options.disable_auto_compactions: 0
2019/10/17-14:56:13.457711 7fbc2cd30700                        Options.compaction_style: kCompactionStyleLevel
2019/10/17-14:56:13.457712 7fbc2cd30700                          Options.compaction_pri: kByCompensatedSize
2019/10/17-14:56:13.457712 7fbc2cd30700 Options.compaction_options_universal.size_ratio: 1
2019/10/17-14:56:13.457713 7fbc2cd30700 Options.compaction_options_universal.min_merge_width: 2
2019/10/17-14:56:13.457714 7fbc2cd30700 Options.compaction_options_universal.max_merge_width: 4294967295
2019/10/17-14:56:13.457715 7fbc2cd30700 Options.compaction_options_universal.max_size_amplification_percent: 200
2019/10/17-14:56:13.457715 7fbc2cd30700 Options.compaction_options_universal.compression_size_percent: -1
2019/10/17-14:56:13.457716 7fbc2cd30700 Options.compaction_options_universal.stop_style: kCompactionStopStyleTotalSize
2019/10/17-14:56:13.457717 7fbc2cd30700 Options.compaction_options_fifo.max_table_files_size: 1073741824
2019/10/17-14:56:13.457717 7fbc2cd30700 Options.compaction_options_fifo.allow_compaction: 0
2019/10/17-14:56:13.457718 7fbc2cd30700 Options.compaction_options_fifo.ttl: 0
2019/10/17-14:56:13.457719 7fbc2cd30700                   Options.table_properties_collectors: 
2019/10/17-14:56:13.457720 7fbc2cd30700                   Options.inplace_update_support: 0
2019/10/17-14:56:13.457720 7fbc2cd30700                 Options.inplace_update_num_locks: 10000
2019/10/17-14:56:13.457721 7fbc2cd30700               Options.memtable_prefix_bloom_size_ratio: 0.000000
2019/10/17-14:56:13.457722 7fbc2cd30700   Options.memtable_huge_page_size: 0
2019/10/17-14:56:13.457723 7fbc2cd30700                           Options.bloom_locality: 0
2019/10/17-14:56:13.457723 7fbc2cd30700                    Options.max_successive_merges: 0
2019/10/17-14:56:13.457724 7fbc2cd30700                Options.optimize_filters_for_hits: 0
2019/10/17-14:56:13.457725 7fbc2cd30700                Options.paranoid_file_checks: 0
2019/10/17-14:56:13.457725 7fbc2cd30700                Options.force_consistency_checks: 0
2019/10/17-14:56:13.457726 7fbc2cd30700                Options.report_bg_io_stats: 0
2019/10/17-14:56:13.457727 7fbc2cd30700                               Options.ttl: 0
2019/10/17-14:56:13.457742 7fbc2cd30700 [db/column_family.cc:472] --------------- Options for column family [entries]:
2019/10/17-14:56:13.457743 7fbc2cd30700               Options.comparator: leveldb.BytewiseComparator
2019/10/17-14:56:13.457744 7fbc2cd30700           Options.merge_operator: None
2019/10/17-14:56:13.457744 7fbc2cd30700        Options.compaction_filter: None
2019/10/17-14:56:13.457745 7fbc2cd30700        Options.compaction_filter_factory: None
2019/10/17-14:56:13.457746 7fbc2cd30700         Options.memtable_factory: SkipListFactory
2019/10/17-14:56:13.457746 7fbc2cd30700            Options.table_factory: BlockBasedTable
2019/10/17-14:56:13.457756 7fbc2cd30700            table_factory options:   flush_block_policy_factory: FlushBlockBySizePolicyFactory (0x7fbbb8005520)
  cache_index_and_filter_blocks: 0
  cache_index_and_filter_blocks_with_high_priority: 0
  pin_l0_filter_and_index_blocks_in_cache: 0
  pin_top_level_index_and_filter: 1
  index_type: 0
  hash_index_allow_collision: 1
  checksum: 1
  no_block_cache: 0
  block_cache: 0x7fbbb802a4a0
  block_cache_name: LRUCache
  block_cache_options:
    capacity : 8388608
    num_shard_bits : 4
    strict_capacity_limit : 0
    memory_allocator : None
    high_pri_pool_ratio: 0.000
  block_cache_compressed: (nil)
  persistent_cache: (nil)
  block_size: 4096
  block_size_deviation: 10
  block_restart_interval: 16
  index_block_restart_interval: 1
  metadata_block_size: 4096
  partition_filters: 0
  use_delta_encoding: 1
  filter_policy: nullptr
  whole_key_filtering: 1
  verify_compression: 0
  read_amp_bytes_per_bit: 0
  format_version: 2
  enable_index_compression: 1
  block_align: 0
2019/10/17-14:56:13.457761 7fbc2cd30700        Options.write_buffer_size: 67108864
2019/10/17-14:56:13.457762 7fbc2cd30700  Options.max_write_buffer_number: 2
2019/10/17-14:56:13.457763 7fbc2cd30700          Options.compression: NoCompression
2019/10/17-14:56:13.457764 7fbc2cd30700                  Options.bottommost_compression: Disabled
2019/10/17-14:56:13.457764 7fbc2cd30700       Options.prefix_extractor: nullptr
2019/10/17-14:56:13.457765 7fbc2cd30700   Options.memtable_insert_with_hint_prefix_extractor: nullptr
2019/10/17-14:56:13.457766 7fbc2cd30700             Options.num_levels: 7
2019/10/17-14:56:13.457766 7fbc2cd30700        Options.min_write_buffer_number_to_merge: 1
2019/10/17-14:56:13.457767 7fbc2cd30700     Options.max_write_buffer_number_to_maintain: 0
2019/10/17-14:56:13.457768 7fbc2cd30700            Options.bottommost_compression_opts.window_bits: -14
2019/10/17-14:56:13.457768 7fbc2cd30700                  Options.bottommost_compression_opts.level: 32767
2019/10/17-14:56:13.457769 7fbc2cd30700               Options.bottommost_compression_opts.strategy: 0
2019/10/17-14:56:13.457770 7fbc2cd30700         Options.bottommost_compression_opts.max_dict_bytes: 0
2019/10/17-14:56:13.457770 7fbc2cd30700         Options.bottommost_compression_opts.zstd_max_train_bytes: 0
2019/10/17-14:56:13.457771 7fbc2cd30700                  Options.bottommost_compression_opts.enabled: false
2019/10/17-14:56:13.457772 7fbc2cd30700            Options.compression_opts.window_bits: -14
2019/10/17-14:56:13.457773 7fbc2cd30700                  Options.compression_opts.level: 32767
2019/10/17-14:56:13.457773 7fbc2cd30700               Options.compression_opts.strategy: 0
2019/10/17-14:56:13.457774 7fbc2cd30700         Options.compression_opts.max_dict_bytes: 0
2019/10/17-14:56:13.457775 7fbc2cd30700         Options.compression_opts.zstd_max_train_bytes: 0
2019/10/17-14:56:13.457775 7fbc2cd30700                  Options.compression_opts.enabled: false
2019/10/17-14:56:13.457776 7fbc2cd30700      Options.level0_file_num_compaction_trigger: 4
2019/10/17-14:56:13.457777 7fbc2cd30700          Options.level0_slowdown_writes_trigger: 20
2019/10/17-14:56:13.457777 7fbc2cd30700              Options.level0_stop_writes_trigger: 36
2019/10/17-14:56:13.457778 7fbc2cd30700                   Options.target_file_size_base: 67108864
2019/10/17-14:56:13.457779 7fbc2cd30700             Options.target_file_size_multiplier: 1
2019/10/17-14:56:13.457780 7fbc2cd30700                Options.max_bytes_for_level_base: 268435456
2019/10/17-14:56:13.457780 7fbc2cd30700 Options.level_compaction_dynamic_level_bytes: 0
2019/10/17-14:56:13.457795 7fbc2cd30700          Options.max_bytes_for_level_multiplier: 10.000000
2019/10/17-14:56:13.457796 7fbc2cd30700 Options.max_bytes_for_level_multiplier_addtl[0]: 1
2019/10/17-14:56:13.457796 7fbc2cd30700 Options.max_bytes_for_level_multiplier_addtl[1]: 1
2019/10/17-14:56:13.457797 7fbc2cd30700 Options.max_bytes_for_level_multiplier_addtl[2]: 1
2019/10/17-14:56:13.457798 7fbc2cd30700 Options.max_bytes_for_level_multiplier_addtl[3]: 1
2019/10/17-14:56:13.457798 7fbc2cd30700 Options.max_bytes_for_level_multiplier_addtl[4]: 1
2019/10/17-14:56:13.457799 7fbc2cd30700 Options.max_bytes_for_level_multiplier_addtl[5]: 1
2019/10/17-14:56:13.457799 7fbc2cd30700 Options.max_bytes_for_level_multiplier_addtl[6]: 1
2019/10/17-14:56:13.457800 7fbc2cd30700       Options.max_sequential_skip_in_iterations: 8
2019/10/17-14:56:13.457801 7fbc2cd30700                    Options.max_compaction_bytes: 1677721600
2019/10/17-14:56:13.457801 7fbc2cd30700                        Options.arena_block_size: 8388608
2019/10/17-14:56:13.457802 7fbc2cd30700   Options.soft_pending_compaction_bytes_limit: 68719476736
2019/10/17-14:56:13.457806 7fbc2cd30700   Options.hard_pending_compaction_bytes_limit: 274877906944
2019/10/17-14:56:13.457806 7fbc2cd30700       Options.rate_limit_delay_max_milliseconds: 100
2019/10/17-14:56:13.457807 7fbc2cd30700                Options.disable_auto_compactions: 0
2019/10/17-14:56:13.457808 7fbc2cd30700                        Options.compaction_style: kCompactionStyleLevel
2019/10/17-14:56:13.457809 7fbc2cd30700                          Options.compaction_pri: kByCompensatedSize
2019/10/17-14:56:13.457809 7fbc2cd30700 Options.compaction_options_universal.size_ratio: 1
2019/10/17-14:56:13.457810 7fbc2cd30700 Options.compaction_options_universal.min_merge_width: 2
2019/10/17-14:56:13.457810 7fbc2cd30700 Options.compaction_options_universal.max_merge_width: 4294967295
2019/10/17-14:56:13.457811 7fbc2cd30700 Options.compaction_options_universal.max_size_amplification_percent: 200
2019/10/17-14:56:13.457812 7fbc2cd30700 Options.compaction_options_universal.compression_size_percent: -1
2019/10/17-14:56:13.457812 7fbc2cd30700 Options.compaction_options_universal.stop_style: kCompactionStopStyleTotalSize
2019/10/17-14:56:13.457813 7fbc2cd30700 Options.compaction_options_fifo.max_table_files_size: 1073741824
2019/10/17-14:56:13.457814 7fbc2cd30700 Options.compaction_options_fifo.allow_compaction: 0
2019/10/17-14:56:13.457814 7fbc2cd30700 Options.compaction_options_fifo.ttl: 0
2019/10/17-14:56:13.457815 7fbc2cd30700                   Options.table_properties_collectors: 
2019/10/17-14:56:13.457815 7fbc2cd30700                   Options.inplace_update_support: 0
2019/10/17-14:56:13.457816 7fbc2cd30700                 Options.inplace_update_num_locks: 10000
2019/10/17-14:56:13.457817 7fbc2cd30700               Options.memtable_prefix_bloom_size_ratio: 0.000000
2019/10/17-14:56:13.457817 7fbc2cd30700   Options.memtable_huge_page_size: 0
2019/10/17-14:56:13.457818 7fbc2cd30700                           Options.bloom_locality: 0
2019/10/17-14:56:13.457819 7fbc2cd30700                    Options.max_successive_merges: 0
2019/10/17-14:56:13.457819 7fbc2cd30700                Options.optimize_filters_for_hits: 0
2019/10/17-14:56:13.457820 7fbc2cd30700                Options.paranoid_file_checks: 0
2019/10/17-14:56:13.457820 7fbc2cd30700                Options.force_consistency_checks: 0
2019/10/17-14:56:13.457821 7fbc2cd30700                Options.report_bg_io_stats: 0
2019/10/17-14:56:13.457822 7fbc2cd30700                               Options.ttl: 0
2019/10/17-14:56:13.457833 7fbc2cd30700 [db/column_family.cc:472] --------------- Options for column family [dc_entries]:
2019/10/17-14:56:13.457834 7fbc2cd30700               Options.comparator: leveldb.BytewiseComparator
2019/10/17-14:56:13.457835 7fbc2cd30700           Options.merge_operator: None
2019/10/17-14:56:13.457836 7fbc2cd30700        Options.compaction_filter: None
2019/10/17-14:56:13.457836 7fbc2cd30700        Options.compaction_filter_factory: None
2019/10/17-14:56:13.457837 7fbc2cd30700         Options.memtable_factory: SkipListFactory
2019/10/17-14:56:13.457837 7fbc2cd30700            Options.table_factory: BlockBasedTable
2019/10/17-14:56:13.457845 7fbc2cd30700            table_factory options:   flush_block_policy_factory: FlushBlockBySizePolicyFactory (0x7fbbb809bd10)
  cache_index_and_filter_blocks: 0
  cache_index_and_filter_blocks_with_high_priority: 0
  pin_l0_filter_and_index_blocks_in_cache: 0
  pin_top_level_index_and_filter: 1
  index_type: 0
  hash_index_allow_collision: 1
  checksum: 1
  no_block_cache: 0
  block_cache: 0x7fbbb80dff20
  block_cache_name: LRUCache
  block_cache_options:
    capacity : 8388608
    num_shard_bits : 4
    strict_capacity_limit : 0
    memory_allocator : None
    high_pri_pool_ratio: 0.000
  block_cache_compressed: (nil)
  persistent_cache: (nil)
  block_size: 4096
  block_size_deviation: 10
  block_restart_interval: 16
  index_block_restart_interval: 1
  metadata_block_size: 4096
  partition_filters: 0
  use_delta_encoding: 1
  filter_policy: nullptr
  whole_key_filtering: 1
  verify_compression: 0
  read_amp_bytes_per_bit: 0
  format_version: 2
  enable_index_compression: 1
  block_align: 0
2019/10/17-14:56:13.457850 7fbc2cd30700        Options.write_buffer_size: 67108864
2019/10/17-14:56:13.457851 7fbc2cd30700  Options.max_write_buffer_number: 2
2019/10/17-14:56:13.457851 7fbc2cd30700          Options.compression: NoCompression
2019/10/17-14:56:13.457852 7fbc2cd30700                  Options.bottommost_compression: Disabled
2019/10/17-14:56:13.457852 7fbc2cd30700       Options.prefix_extractor: nullptr
2019/10/17-14:56:13.457853 7fbc2cd30700   Options.memtable_insert_with_hint_prefix_extractor: nullptr
2019/10/17-14:56:13.457854 7fbc2cd30700             Options.num_levels: 7
2019/10/17-14:56:13.457854 7fbc2cd30700        Options.min_write_buffer_number_to_merge: 1
2019/10/17-14:56:13.457855 7fbc2cd30700     Options.max_write_buffer_number_to_maintain: 0
2019/10/17-14:56:13.457855 7fbc2cd30700            Options.bottommost_compression_opts.window_bits: -14
2019/10/17-14:56:13.457856 7fbc2cd30700                  Options.bottommost_compression_opts.level: 32767
2019/10/17-14:56:13.457857 7fbc2cd30700               Options.bottommost_compression_opts.strategy: 0
2019/10/17-14:56:13.457857 7fbc2cd30700         Options.bottommost_compression_opts.max_dict_bytes: 0
2019/10/17-14:56:13.457858 7fbc2cd30700         Options.bottommost_compression_opts.zstd_max_train_bytes: 0
2019/10/17-14:56:13.457858 7fbc2cd30700                  Options.bottommost_compression_opts.enabled: false
2019/10/17-14:56:13.457859 7fbc2cd30700            Options.compression_opts.window_bits: -14
2019/10/17-14:56:13.457860 7fbc2cd30700                  Options.compression_opts.level: 32767
2019/10/17-14:56:13.457860 7fbc2cd30700               Options.compression_opts.strategy: 0
2019/10/17-14:56:13.457861 7fbc2cd30700         Options.compression_opts.max_dict_bytes: 0
2019/10/17-14:56:13.457861 7fbc2cd30700         Options.compression_opts.zstd_max_train_bytes: 0
2019/10/17-14:56:13.457862 7fbc2cd30700                  Options.compression_opts.enabled: false
2019/10/17-14:56:13.457863 7fbc2cd30700      Options.level0_file_num_compaction_trigger: 4
2019/10/17-14:56:13.457863 7fbc2cd30700          Options.level0_slowdown_writes_trigger: 20
2019/10/17-14:56:13.457864 7fbc2cd30700              Options.level0_stop_writes_trigger: 36
2019/10/17-14:56:13.457864 7fbc2cd30700                   Options.target_file_size_base: 67108864
2019/10/17-14:56:13.457865 7fbc2cd30700             Options.target_file_size_multiplier: 1
2019/10/17-14:56:13.457866 7fbc2cd30700                Options.max_bytes_for_level_base: 268435456
2019/10/17-14:56:13.457866 7fbc2cd30700 Options.level_compaction_dynamic_level_bytes: 0
2019/10/17-14:56:13.457867 7fbc2cd30700          Options.max_bytes_for_level_multiplier: 10.000000
2019/10/17-14:56:13.457868 7fbc2cd30700 Options.max_bytes_for_level_multiplier_addtl[0]: 1
2019/10/17-14:56:13.457869 7fbc2cd30700 Options.max_bytes_for_level_multiplier_addtl[1]: 1
2019/10/17-14:56:13.457869 7fbc2cd30700 Options.max_bytes_for_level_multiplier_addtl[2]: 1
2019/10/17-14:56:13.457870 7fbc2cd30700 Options.max_bytes_for_level_multiplier_addtl[3]: 1
2019/10/17-14:56:13.457870 7fbc2cd30700 Options.max_bytes_for_level_multiplier_addtl[4]: 1
2019/10/17-14:56:13.457871 7fbc2cd30700 Options.max_bytes_for_level_multiplier_addtl[5]: 1
2019/10/17-14:56:13.457872 7fbc2cd30700 Options.max_bytes_for_level_multiplier_addtl[6]: 1
2019/10/17-14:56:13.457872 7fbc2cd30700       Options.max_sequential_skip_in_iterations: 8
2019/10/17-14:56:13.457873 7fbc2cd30700                    Options.max_compaction_bytes: 1677721600
2019/10/17-14:56:13.457873 7fbc2cd30700                        Options.arena_block_size: 8388608
2019/10/17-14:56:13.457874 7fbc2cd30700   Options.soft_pending_compaction_bytes_limit: 68719476736
2019/10/17-14:56:13.457875 7fbc2cd30700   Options.hard_pending_compaction_bytes_limit: 274877906944
2019/10/17-14:56:13.457875 7fbc2cd30700       Options.rate_limit_delay_max_milliseconds: 100
2019/10/17-14:56:13.457876 7fbc2cd30700                Options.disable_auto_compactions: 0
2019/10/17-14:56:13.457880 7fbc2cd30700                        Options.compaction_style: kCompactionStyleLevel
2019/10/17-14:56:13.457881 7fbc2cd30700                          Options.compaction_pri: kByCompensatedSize
2019/10/17-14:56:13.457881 7fbc2cd30700 Options.compaction_options_universal.size_ratio: 1
2019/10/17-14:56:13.457882 7fbc2cd30700 Options.compaction_options_universal.min_merge_width: 2
2019/10/17-14:56:13.457883 7fbc2cd30700 Options.compaction_options_universal.max_merge_width: 4294967295
2019/10/17-14:56:13.457883 7fbc2cd30700 Options.compaction_options_universal.max_size_amplification_percent: 200
2019/10/17-14:56:13.457884 7fbc2cd30700 Options.compaction_options_universal.compression_size_percent: -1
2019/10/17-14:56:13.457885 7fbc2cd30700 Options.compaction_options_universal.stop_style: kCompactionStopStyleTotalSize
2019/10/17-14:56:13.457885 7fbc2cd30700 Options.compaction_options_fifo.max_table_files_size: 1073741824
2019/10/17-14:56:13.457886 7fbc2cd30700 Options.compaction_options_fifo.allow_compaction: 0
2019/10/17-14:56:13.457886 7fbc2cd30700 Options.compaction_options_fifo.ttl: 0
2019/10/17-14:56:13.457887 7fbc2cd30700                   Options.table_properties_collectors: 
2019/10/17-14:56:13.457888 7fbc2cd30700                   Options.inplace_update_support: 0
2019/10/17-14:56:13.457888 7fbc2cd30700                 Options.inplace_update_num_locks: 10000
2019/10/17-14:56:13.457889 7fbc2cd30700               Options.memtable_prefix_bloom_size_ratio: 0.000000
2019/10/17-14:56:13.457890 7fbc2cd30700   Options.memtable_huge_page_size: 0
2019/10/17-14:56:13.457890 7fbc2cd30700                           Options.bloom_locality: 0
2019/10/17-14:56:13.457891 7fbc2cd30700                    Options.max_successive_merges: 0
2019/10/17-14:56:13.457892 7fbc2cd30700                Options.optimize_filters_for_hits: 0
2019/10/17-14:56:13.457892 7fbc2cd30700                Options.paranoid_file_checks: 0
2019/10/17-14:56:13.457893 7fbc2cd30700                Options.force_consistency_checks: 0
2019/10/17-14:56:13.457893 7fbc2cd30700                Options.report_bg_io_stats: 0
2019/10/17-14:56:13.457894 7fbc2cd30700                               Options.ttl: 0
2019/10/17-14:56:13.457904 7fbc2cd30700 [db/column_family.cc:472] --------------- Options for column family [htlcs]:
2019/10/17-14:56:13.457905 7fbc2cd30700               Options.comparator: leveldb.BytewiseComparator
2019/10/17-14:56:13.457906 7fbc2cd30700           Options.merge_operator: None
2019/10/17-14:56:13.457906 7fbc2cd30700        Options.compaction_filter: None
2019/10/17-14:56:13.457907 7fbc2cd30700        Options.compaction_filter_factory: None
2019/10/17-14:56:13.457907 7fbc2cd30700         Options.memtable_factory: SkipListFactory
2019/10/17-14:56:13.457908 7fbc2cd30700            Options.table_factory: BlockBasedTable
2019/10/17-14:56:13.457915 7fbc2cd30700            table_factory options:   flush_block_policy_factory: FlushBlockBySizePolicyFactory (0x7fbbb80896d0)
