2019/10/17-14:55:14.211301 7fc3a9fcb700 RocksDB version: 5.18.3
2019/10/17-14:55:14.211355 7fc3a9fcb700 Git sha rocksdb_build_git_sha:@0@
2019/10/17-14:55:14.211358 7fc3a9fcb700 Compile date Sep 19 2019
2019/10/17-14:55:14.211360 7fc3a9fcb700 DB SUMMARY
2019/10/17-14:55:14.212514 7fc3a9fcb700 CURRENT file:  CURRENT
2019/10/17-14:55:14.212516 7fc3a9fcb700 IDENTITY file:  IDENTITY
2019/10/17-14:55:14.212554 7fc3a9fcb700 MANIFEST file:  MANIFEST-116566 size: 4114 Bytes
2019/10/17-14:55:14.212556 7fc3a9fcb700 SST files in /home/rahul/dev/blockchain-core/eqc/ledger.db dir, Total Num: 29, files: 000624.sst 000627.sst 106940.sst 108447.sst 108450.sst 109471.sst 109483.sst 109485.sst 109486.sst 
2019/10/17-14:55:14.212558 7fc3a9fcb700 Write Ahead Log file in /home/rahul/dev/blockchain-core/eqc/ledger.db: 116567.log size: 0 ; 
2019/10/17-14:55:14.212604 7fc3a9fcb700                         Options.error_if_exists: 0
2019/10/17-14:55:14.212606 7fc3a9fcb700                       Options.create_if_missing: 1
2019/10/17-14:55:14.212607 7fc3a9fcb700                         Options.paranoid_checks: 1
2019/10/17-14:55:14.212608 7fc3a9fcb700                                     Options.env: 0x7fc32ae1fc60
2019/10/17-14:55:14.212609 7fc3a9fcb700                                Options.info_log: 0x7fc3500d8b10
2019/10/17-14:55:14.212610 7fc3a9fcb700                Options.max_file_opening_threads: 16
2019/10/17-14:55:14.212611 7fc3a9fcb700                              Options.statistics: (nil)
2019/10/17-14:55:14.212612 7fc3a9fcb700                               Options.use_fsync: 0
2019/10/17-14:55:14.212613 7fc3a9fcb700                       Options.max_log_file_size: 0
2019/10/17-14:55:14.212615 7fc3a9fcb700                  Options.max_manifest_file_size: 1073741824
2019/10/17-14:55:14.212616 7fc3a9fcb700                   Options.log_file_time_to_roll: 0
2019/10/17-14:55:14.212617 7fc3a9fcb700                       Options.keep_log_file_num: 1000
2019/10/17-14:55:14.212618 7fc3a9fcb700                    Options.recycle_log_file_num: 0
2019/10/17-14:55:14.212619 7fc3a9fcb700                         Options.allow_fallocate: 1
2019/10/17-14:55:14.212620 7fc3a9fcb700                        Options.allow_mmap_reads: 0
2019/10/17-14:55:14.212621 7fc3a9fcb700                       Options.allow_mmap_writes: 0
2019/10/17-14:55:14.212622 7fc3a9fcb700                        Options.use_direct_reads: 0
2019/10/17-14:55:14.212623 7fc3a9fcb700                        Options.use_direct_io_for_flush_and_compaction: 0
2019/10/17-14:55:14.212624 7fc3a9fcb700          Options.create_missing_column_families: 0
2019/10/17-14:55:14.212625 7fc3a9fcb700                              Options.db_log_dir: 
2019/10/17-14:55:14.212626 7fc3a9fcb700                                 Options.wal_dir: /home/rahul/dev/blockchain-core/eqc/ledger.db
2019/10/17-14:55:14.212627 7fc3a9fcb700                Options.table_cache_numshardbits: 6
2019/10/17-14:55:14.212628 7fc3a9fcb700                      Options.max_subcompactions: 1
2019/10/17-14:55:14.212629 7fc3a9fcb700                  Options.max_background_flushes: -1
2019/10/17-14:55:14.212630 7fc3a9fcb700                         Options.WAL_ttl_seconds: 0
2019/10/17-14:55:14.212631 7fc3a9fcb700                       Options.WAL_size_limit_MB: 0
2019/10/17-14:55:14.212632 7fc3a9fcb700             Options.manifest_preallocation_size: 4194304
2019/10/17-14:55:14.212633 7fc3a9fcb700                     Options.is_fd_close_on_exec: 1
2019/10/17-14:55:14.212634 7fc3a9fcb700                   Options.advise_random_on_open: 1
2019/10/17-14:55:14.212635 7fc3a9fcb700                    Options.db_write_buffer_size: 0
2019/10/17-14:55:14.212636 7fc3a9fcb700                    Options.write_buffer_manager: 0x7fc3500a7170
2019/10/17-14:55:14.212637 7fc3a9fcb700         Options.access_hint_on_compaction_start: 1
2019/10/17-14:55:14.212638 7fc3a9fcb700  Options.new_table_reader_for_compaction_inputs: 0
2019/10/17-14:55:14.212639 7fc3a9fcb700           Options.random_access_max_buffer_size: 1048576
2019/10/17-14:55:14.212640 7fc3a9fcb700                      Options.use_adaptive_mutex: 0
2019/10/17-14:55:14.212641 7fc3a9fcb700                            Options.rate_limiter: (nil)
2019/10/17-14:55:14.212652 7fc3a9fcb700     Options.sst_file_manager.rate_bytes_per_sec: 0
2019/10/17-14:55:14.212654 7fc3a9fcb700                       Options.wal_recovery_mode: 2
2019/10/17-14:55:14.212655 7fc3a9fcb700                  Options.enable_thread_tracking: 0
2019/10/17-14:55:14.212656 7fc3a9fcb700                  Options.enable_pipelined_write: 0
2019/10/17-14:55:14.212657 7fc3a9fcb700         Options.allow_concurrent_memtable_write: 1
2019/10/17-14:55:14.212658 7fc3a9fcb700      Options.enable_write_thread_adaptive_yield: 1
2019/10/17-14:55:14.212658 7fc3a9fcb700             Options.write_thread_max_yield_usec: 100
2019/10/17-14:55:14.212660 7fc3a9fcb700            Options.write_thread_slow_yield_usec: 3
2019/10/17-14:55:14.212661 7fc3a9fcb700                               Options.row_cache: None
2019/10/17-14:55:14.212661 7fc3a9fcb700                              Options.wal_filter: None
2019/10/17-14:55:14.212663 7fc3a9fcb700             Options.avoid_flush_during_recovery: 0
2019/10/17-14:55:14.212664 7fc3a9fcb700             Options.allow_ingest_behind: 0
2019/10/17-14:55:14.212664 7fc3a9fcb700             Options.preserve_deletes: 0
2019/10/17-14:55:14.212665 7fc3a9fcb700             Options.two_write_queues: 0
2019/10/17-14:55:14.212666 7fc3a9fcb700             Options.manual_wal_flush: 0
2019/10/17-14:55:14.212667 7fc3a9fcb700             Options.max_background_jobs: 2
2019/10/17-14:55:14.212668 7fc3a9fcb700             Options.max_background_compactions: -1
2019/10/17-14:55:14.212669 7fc3a9fcb700             Options.avoid_flush_during_shutdown: 0
2019/10/17-14:55:14.212670 7fc3a9fcb700           Options.writable_file_max_buffer_size: 1048576
2019/10/17-14:55:14.212671 7fc3a9fcb700             Options.delayed_write_rate : 16777216
2019/10/17-14:55:14.212673 7fc3a9fcb700             Options.max_total_wal_size: 0
2019/10/17-14:55:14.212674 7fc3a9fcb700             Options.delete_obsolete_files_period_micros: 21600000000
2019/10/17-14:55:14.212675 7fc3a9fcb700                   Options.stats_dump_period_sec: 600
2019/10/17-14:55:14.212676 7fc3a9fcb700                          Options.max_open_files: -1
2019/10/17-14:55:14.212677 7fc3a9fcb700                          Options.bytes_per_sync: 0
2019/10/17-14:55:14.212678 7fc3a9fcb700                      Options.wal_bytes_per_sync: 0
2019/10/17-14:55:14.212679 7fc3a9fcb700       Options.compaction_readahead_size: 0
2019/10/17-14:55:14.212679 7fc3a9fcb700 Compression algorithms supported:
2019/10/17-14:55:14.212681 7fc3a9fcb700 	kZSTDNotFinalCompression supported: 0
2019/10/17-14:55:14.212682 7fc3a9fcb700 	kZSTD supported: 0
2019/10/17-14:55:14.212683 7fc3a9fcb700 	kXpressCompression supported: 0
2019/10/17-14:55:14.212684 7fc3a9fcb700 	kLZ4HCCompression supported: 0
2019/10/17-14:55:14.212685 7fc3a9fcb700 	kLZ4Compression supported: 0
2019/10/17-14:55:14.212686 7fc3a9fcb700 	kBZip2Compression supported: 0
2019/10/17-14:55:14.212687 7fc3a9fcb700 	kZlibCompression supported: 0
2019/10/17-14:55:14.212688 7fc3a9fcb700 	kSnappyCompression supported: 0
2019/10/17-14:55:14.212691 7fc3a9fcb700 Fast CRC32 supported: Supported on x86
2019/10/17-14:55:14.212810 7fc3a9fcb700 [db/version_set.cc:3507] Recovering from manifest file: MANIFEST-116566
2019/10/17-14:55:14.212853 7fc3a9fcb700 [db/column_family.cc:472] --------------- Options for column family [default]:
2019/10/17-14:55:14.212855 7fc3a9fcb700               Options.comparator: leveldb.BytewiseComparator
2019/10/17-14:55:14.212856 7fc3a9fcb700           Options.merge_operator: None
2019/10/17-14:55:14.212857 7fc3a9fcb700        Options.compaction_filter: None
2019/10/17-14:55:14.212858 7fc3a9fcb700        Options.compaction_filter_factory: None
2019/10/17-14:55:14.212859 7fc3a9fcb700         Options.memtable_factory: SkipListFactory
2019/10/17-14:55:14.212861 7fc3a9fcb700            Options.table_factory: BlockBasedTable
2019/10/17-14:55:14.212878 7fc3a9fcb700            table_factory options:   flush_block_policy_factory: FlushBlockBySizePolicyFactory (0x7fc350000c50)
  cache_index_and_filter_blocks: 0
  cache_index_and_filter_blocks_with_high_priority: 0
  pin_l0_filter_and_index_blocks_in_cache: 0
  pin_top_level_index_and_filter: 1
  index_type: 0
  hash_index_allow_collision: 1
  checksum: 1
  no_block_cache: 0
  block_cache: 0x7fc350015f80
  block_cache_name: LRUCache
  block_cache_options:
    capacity : 8388608
    num_shard_bits : 4
    strict_capacity_limit : 0
    memory_allocator : None
    high_pri_pool_ratio: 0.000
  block_cache_compressed: (nil)
  persistent_cache: (nil)
  block_size: 4096
  block_size_deviation: 10
  block_restart_interval: 16
  index_block_restart_interval: 1
  metadata_block_size: 4096
  partition_filters: 0
  use_delta_encoding: 1
  filter_policy: nullptr
  whole_key_filtering: 1
  verify_compression: 0
  read_amp_bytes_per_bit: 0
  format_version: 2
  enable_index_compression: 1
  block_align: 0
2019/10/17-14:55:14.212890 7fc3a9fcb700        Options.write_buffer_size: 67108864
2019/10/17-14:55:14.212891 7fc3a9fcb700  Options.max_write_buffer_number: 2
2019/10/17-14:55:14.212893 7fc3a9fcb700          Options.compression: NoCompression
2019/10/17-14:55:14.212894 7fc3a9fcb700                  Options.bottommost_compression: Disabled
2019/10/17-14:55:14.212895 7fc3a9fcb700       Options.prefix_extractor: nullptr
2019/10/17-14:55:14.212896 7fc3a9fcb700   Options.memtable_insert_with_hint_prefix_extractor: nullptr
2019/10/17-14:55:14.212897 7fc3a9fcb700             Options.num_levels: 7
2019/10/17-14:55:14.212898 7fc3a9fcb700        Options.min_write_buffer_number_to_merge: 1
2019/10/17-14:55:14.212899 7fc3a9fcb700     Options.max_write_buffer_number_to_maintain: 0
2019/10/17-14:55:14.212900 7fc3a9fcb700            Options.bottommost_compression_opts.window_bits: -14
2019/10/17-14:55:14.212901 7fc3a9fcb700                  Options.bottommost_compression_opts.level: 32767
2019/10/17-14:55:14.212902 7fc3a9fcb700               Options.bottommost_compression_opts.strategy: 0
2019/10/17-14:55:14.212903 7fc3a9fcb700         Options.bottommost_compression_opts.max_dict_bytes: 0
2019/10/17-14:55:14.212904 7fc3a9fcb700         Options.bottommost_compression_opts.zstd_max_train_bytes: 0
2019/10/17-14:55:14.212905 7fc3a9fcb700                  Options.bottommost_compression_opts.enabled: false
2019/10/17-14:55:14.212906 7fc3a9fcb700            Options.compression_opts.window_bits: -14
2019/10/17-14:55:14.212907 7fc3a9fcb700                  Options.compression_opts.level: 32767
2019/10/17-14:55:14.212908 7fc3a9fcb700               Options.compression_opts.strategy: 0
2019/10/17-14:55:14.212909 7fc3a9fcb700         Options.compression_opts.max_dict_bytes: 0
2019/10/17-14:55:14.212910 7fc3a9fcb700         Options.compression_opts.zstd_max_train_bytes: 0
2019/10/17-14:55:14.212911 7fc3a9fcb700                  Options.compression_opts.enabled: false
2019/10/17-14:55:14.212912 7fc3a9fcb700      Options.level0_file_num_compaction_trigger: 4
2019/10/17-14:55:14.212913 7fc3a9fcb700          Options.level0_slowdown_writes_trigger: 20
2019/10/17-14:55:14.212914 7fc3a9fcb700              Options.level0_stop_writes_trigger: 36
2019/10/17-14:55:14.212915 7fc3a9fcb700                   Options.target_file_size_base: 67108864
2019/10/17-14:55:14.212916 7fc3a9fcb700             Options.target_file_size_multiplier: 1
2019/10/17-14:55:14.212917 7fc3a9fcb700                Options.max_bytes_for_level_base: 268435456
2019/10/17-14:55:14.212918 7fc3a9fcb700 Options.level_compaction_dynamic_level_bytes: 0
2019/10/17-14:55:14.212919 7fc3a9fcb700          Options.max_bytes_for_level_multiplier: 10.000000
2019/10/17-14:55:14.212921 7fc3a9fcb700 Options.max_bytes_for_level_multiplier_addtl[0]: 1
2019/10/17-14:55:14.212922 7fc3a9fcb700 Options.max_bytes_for_level_multiplier_addtl[1]: 1
2019/10/17-14:55:14.212923 7fc3a9fcb700 Options.max_bytes_for_level_multiplier_addtl[2]: 1
2019/10/17-14:55:14.212924 7fc3a9fcb700 Options.max_bytes_for_level_multiplier_addtl[3]: 1
2019/10/17-14:55:14.212925 7fc3a9fcb700 Options.max_bytes_for_level_multiplier_addtl[4]: 1
2019/10/17-14:55:14.212931 7fc3a9fcb700 Options.max_bytes_for_level_multiplier_addtl[5]: 1
2019/10/17-14:55:14.212932 7fc3a9fcb700 Options.max_bytes_for_level_multiplier_addtl[6]: 1
2019/10/17-14:55:14.212933 7fc3a9fcb700       Options.max_sequential_skip_in_iterations: 8
2019/10/17-14:55:14.212934 7fc3a9fcb700                    Options.max_compaction_bytes: 1677721600
2019/10/17-14:55:14.212935 7fc3a9fcb700                        Options.arena_block_size: 8388608
2019/10/17-14:55:14.212936 7fc3a9fcb700   Options.soft_pending_compaction_bytes_limit: 68719476736
2019/10/17-14:55:14.212937 7fc3a9fcb700   Options.hard_pending_compaction_bytes_limit: 274877906944
2019/10/17-14:55:14.212939 7fc3a9fcb700       Options.rate_limit_delay_max_milliseconds: 100
2019/10/17-14:55:14.212939 7fc3a9fcb700                Options.disable_auto_compactions: 0
2019/10/17-14:55:14.212941 7fc3a9fcb700                        Options.compaction_style: kCompactionStyleLevel
2019/10/17-14:55:14.212943 7fc3a9fcb700                          Options.compaction_pri: kByCompensatedSize
2019/10/17-14:55:14.212944 7fc3a9fcb700 Options.compaction_options_universal.size_ratio: 1
2019/10/17-14:55:14.212945 7fc3a9fcb700 Options.compaction_options_universal.min_merge_width: 2
2019/10/17-14:55:14.212946 7fc3a9fcb700 Options.compaction_options_universal.max_merge_width: 4294967295
2019/10/17-14:55:14.212947 7fc3a9fcb700 Options.compaction_options_universal.max_size_amplification_percent: 200
2019/10/17-14:55:14.212948 7fc3a9fcb700 Options.compaction_options_universal.compression_size_percent: -1
2019/10/17-14:55:14.212949 7fc3a9fcb700 Options.compaction_options_universal.stop_style: kCompactionStopStyleTotalSize
2019/10/17-14:55:14.212950 7fc3a9fcb700 Options.compaction_options_fifo.max_table_files_size: 1073741824
2019/10/17-14:55:14.212951 7fc3a9fcb700 Options.compaction_options_fifo.allow_compaction: 0
2019/10/17-14:55:14.212952 7fc3a9fcb700 Options.compaction_options_fifo.ttl: 0
2019/10/17-14:55:14.212953 7fc3a9fcb700                   Options.table_properties_collectors: 
2019/10/17-14:55:14.212954 7fc3a9fcb700                   Options.inplace_update_support: 0
2019/10/17-14:55:14.212955 7fc3a9fcb700                 Options.inplace_update_num_locks: 10000
2019/10/17-14:55:14.212956 7fc3a9fcb700               Options.memtable_prefix_bloom_size_ratio: 0.000000
2019/10/17-14:55:14.212957 7fc3a9fcb700   Options.memtable_huge_page_size: 0
2019/10/17-14:55:14.212958 7fc3a9fcb700                           Options.bloom_locality: 0
2019/10/17-14:55:14.212959 7fc3a9fcb700                    Options.max_successive_merges: 0
2019/10/17-14:55:14.212960 7fc3a9fcb700                Options.optimize_filters_for_hits: 0
2019/10/17-14:55:14.212961 7fc3a9fcb700                Options.paranoid_file_checks: 0
2019/10/17-14:55:14.212962 7fc3a9fcb700                Options.force_consistency_checks: 0
2019/10/17-14:55:14.212963 7fc3a9fcb700                Options.report_bg_io_stats: 0
2019/10/17-14:55:14.212964 7fc3a9fcb700                               Options.ttl: 0
2019/10/17-14:55:14.212998 7fc3a9fcb700 [db/column_family.cc:472] --------------- Options for column family [active_gateways]:
2019/10/17-14:55:14.213000 7fc3a9fcb700               Options.comparator: leveldb.BytewiseComparator
2019/10/17-14:55:14.213001 7fc3a9fcb700           Options.merge_operator: None
2019/10/17-14:55:14.213002 7fc3a9fcb700        Options.compaction_filter: None
2019/10/17-14:55:14.213003 7fc3a9fcb700        Options.compaction_filter_factory: None
2019/10/17-14:55:14.213004 7fc3a9fcb700         Options.memtable_factory: SkipListFactory
2019/10/17-14:55:14.213005 7fc3a9fcb700            Options.table_factory: BlockBasedTable
2019/10/17-14:55:14.213019 7fc3a9fcb700            table_factory options:   flush_block_policy_factory: FlushBlockBySizePolicyFactory (0x7fc35005b070)
  cache_index_and_filter_blocks: 0
  cache_index_and_filter_blocks_with_high_priority: 0
  pin_l0_filter_and_index_blocks_in_cache: 0
  pin_top_level_index_and_filter: 1
  index_type: 0
  hash_index_allow_collision: 1
  checksum: 1
  no_block_cache: 0
  block_cache: 0x7fc3500a8790
  block_cache_name: LRUCache
  block_cache_options:
    capacity : 8388608
    num_shard_bits : 4
    strict_capacity_limit : 0
    memory_allocator : None
    high_pri_pool_ratio: 0.000
  block_cache_compressed: (nil)
  persistent_cache: (nil)
  block_size: 4096
  block_size_deviation: 10
  block_restart_interval: 16
  index_block_restart_interval: 1
  metadata_block_size: 4096
  partition_filters: 0
  use_delta_encoding: 1
  filter_policy: nullptr
  whole_key_filtering: 1
  verify_compression: 0
  read_amp_bytes_per_bit: 0
  format_version: 2
  enable_index_compression: 1
  block_align: 0
2019/10/17-14:55:14.213027 7fc3a9fcb700        Options.write_buffer_size: 67108864
2019/10/17-14:55:14.213029 7fc3a9fcb700  Options.max_write_buffer_number: 2
2019/10/17-14:55:14.213030 7fc3a9fcb700          Options.compression: NoCompression
2019/10/17-14:55:14.213031 7fc3a9fcb700                  Options.bottommost_compression: Disabled
2019/10/17-14:55:14.213032 7fc3a9fcb700       Options.prefix_extractor: nullptr
2019/10/17-14:55:14.213033 7fc3a9fcb700   Options.memtable_insert_with_hint_prefix_extractor: nullptr
2019/10/17-14:55:14.213034 7fc3a9fcb700             Options.num_levels: 7
2019/10/17-14:55:14.213035 7fc3a9fcb700        Options.min_write_buffer_number_to_merge: 1
2019/10/17-14:55:14.213036 7fc3a9fcb700     Options.max_write_buffer_number_to_maintain: 0
2019/10/17-14:55:14.213037 7fc3a9fcb700            Options.bottommost_compression_opts.window_bits: -14
2019/10/17-14:55:14.213038 7fc3a9fcb700                  Options.bottommost_compression_opts.level: 32767
2019/10/17-14:55:14.213039 7fc3a9fcb700               Options.bottommost_compression_opts.strategy: 0
2019/10/17-14:55:14.213040 7fc3a9fcb700         Options.bottommost_compression_opts.max_dict_bytes: 0
2019/10/17-14:55:14.213041 7fc3a9fcb700         Options.bottommost_compression_opts.zstd_max_train_bytes: 0
2019/10/17-14:55:14.213041 7fc3a9fcb700                  Options.bottommost_compression_opts.enabled: false
2019/10/17-14:55:14.213042 7fc3a9fcb700            Options.compression_opts.window_bits: -14
2019/10/17-14:55:14.213043 7fc3a9fcb700                  Options.compression_opts.level: 32767
2019/10/17-14:55:14.213044 7fc3a9fcb700               Options.compression_opts.strategy: 0
2019/10/17-14:55:14.213045 7fc3a9fcb700         Options.compression_opts.max_dict_bytes: 0
2019/10/17-14:55:14.213046 7fc3a9fcb700         Options.compression_opts.zstd_max_train_bytes: 0
2019/10/17-14:55:14.213047 7fc3a9fcb700                  Options.compression_opts.enabled: false
2019/10/17-14:55:14.213048 7fc3a9fcb700      Options.level0_file_num_compaction_trigger: 4
2019/10/17-14:55:14.213049 7fc3a9fcb700          Options.level0_slowdown_writes_trigger: 20
2019/10/17-14:55:14.213050 7fc3a9fcb700              Options.level0_stop_writes_trigger: 36
2019/10/17-14:55:14.213051 7fc3a9fcb700                   Options.target_file_size_base: 67108864
2019/10/17-14:55:14.213052 7fc3a9fcb700             Options.target_file_size_multiplier: 1
2019/10/17-14:55:14.213053 7fc3a9fcb700                Options.max_bytes_for_level_base: 268435456
2019/10/17-14:55:14.213054 7fc3a9fcb700 Options.level_compaction_dynamic_level_bytes: 0
2019/10/17-14:55:14.213055 7fc3a9fcb700          Options.max_bytes_for_level_multiplier: 10.000000
2019/10/17-14:55:14.213057 7fc3a9fcb700 Options.max_bytes_for_level_multiplier_addtl[0]: 1
2019/10/17-14:55:14.213058 7fc3a9fcb700 Options.max_bytes_for_level_multiplier_addtl[1]: 1
2019/10/17-14:55:14.213059 7fc3a9fcb700 Options.max_bytes_for_level_multiplier_addtl[2]: 1
2019/10/17-14:55:14.213060 7fc3a9fcb700 Options.max_bytes_for_level_multiplier_addtl[3]: 1
2019/10/17-14:55:14.213061 7fc3a9fcb700 Options.max_bytes_for_level_multiplier_addtl[4]: 1
2019/10/17-14:55:14.213062 7fc3a9fcb700 Options.max_bytes_for_level_multiplier_addtl[5]: 1
2019/10/17-14:55:14.213063 7fc3a9fcb700 Options.max_bytes_for_level_multiplier_addtl[6]: 1
2019/10/17-14:55:14.213064 7fc3a9fcb700       Options.max_sequential_skip_in_iterations: 8
2019/10/17-14:55:14.213070 7fc3a9fcb700                    Options.max_compaction_bytes: 1677721600
2019/10/17-14:55:14.213071 7fc3a9fcb700                        Options.arena_block_size: 8388608
2019/10/17-14:55:14.213072 7fc3a9fcb700   Options.soft_pending_compaction_bytes_limit: 68719476736
2019/10/17-14:55:14.213073 7fc3a9fcb700   Options.hard_pending_compaction_bytes_limit: 274877906944
2019/10/17-14:55:14.213074 7fc3a9fcb700       Options.rate_limit_delay_max_milliseconds: 100
2019/10/17-14:55:14.213075 7fc3a9fcb700                Options.disable_auto_compactions: 0
2019/10/17-14:55:14.213076 7fc3a9fcb700                        Options.compaction_style: kCompactionStyleLevel
2019/10/17-14:55:14.213077 7fc3a9fcb700                          Options.compaction_pri: kByCompensatedSize
2019/10/17-14:55:14.213078 7fc3a9fcb700 Options.compaction_options_universal.size_ratio: 1
2019/10/17-14:55:14.213079 7fc3a9fcb700 Options.compaction_options_universal.min_merge_width: 2
2019/10/17-14:55:14.213080 7fc3a9fcb700 Options.compaction_options_universal.max_merge_width: 4294967295
2019/10/17-14:55:14.213081 7fc3a9fcb700 Options.compaction_options_universal.max_size_amplification_percent: 200
2019/10/17-14:55:14.213082 7fc3a9fcb700 Options.compaction_options_universal.compression_size_percent: -1
2019/10/17-14:55:14.213083 7fc3a9fcb700 Options.compaction_options_universal.stop_style: kCompactionStopStyleTotalSize
2019/10/17-14:55:14.213084 7fc3a9fcb700 Options.compaction_options_fifo.max_table_files_size: 1073741824
2019/10/17-14:55:14.213085 7fc3a9fcb700 Options.compaction_options_fifo.allow_compaction: 0
2019/10/17-14:55:14.213086 7fc3a9fcb700 Options.compaction_options_fifo.ttl: 0
2019/10/17-14:55:14.213087 7fc3a9fcb700                   Options.table_properties_collectors: 
2019/10/17-14:55:14.213088 7fc3a9fcb700                   Options.inplace_update_support: 0
2019/10/17-14:55:14.213089 7fc3a9fcb700                 Options.inplace_update_num_locks: 10000
2019/10/17-14:55:14.213090 7fc3a9fcb700               Options.memtable_prefix_bloom_size_ratio: 0.000000
2019/10/17-14:55:14.213092 7fc3a9fcb700   Options.memtable_huge_page_size: 0
2019/10/17-14:55:14.213093 7fc3a9fcb700                           Options.bloom_locality: 0
2019/10/17-14:55:14.213094 7fc3a9fcb700                    Options.max_successive_merges: 0
2019/10/17-14:55:14.213095 7fc3a9fcb700                Options.optimize_filters_for_hits: 0
2019/10/17-14:55:14.213096 7fc3a9fcb700                Options.paranoid_file_checks: 0
2019/10/17-14:55:14.213097 7fc3a9fcb700                Options.force_consistency_checks: 0
2019/10/17-14:55:14.213098 7fc3a9fcb700                Options.report_bg_io_stats: 0
2019/10/17-14:55:14.213098 7fc3a9fcb700                               Options.ttl: 0
2019/10/17-14:55:14.213119 7fc3a9fcb700 [db/column_family.cc:472] --------------- Options for column family [entries]:
2019/10/17-14:55:14.213121 7fc3a9fcb700               Options.comparator: leveldb.BytewiseComparator
2019/10/17-14:55:14.213122 7fc3a9fcb700           Options.merge_operator: None
2019/10/17-14:55:14.213123 7fc3a9fcb700        Options.compaction_filter: None
2019/10/17-14:55:14.213124 7fc3a9fcb700        Options.compaction_filter_factory: None
2019/10/17-14:55:14.213125 7fc3a9fcb700         Options.memtable_factory: SkipListFactory
2019/10/17-14:55:14.213126 7fc3a9fcb700            Options.table_factory: BlockBasedTable
2019/10/17-14:55:14.213138 7fc3a9fcb700            table_factory options:   flush_block_policy_factory: FlushBlockBySizePolicyFactory (0x7fc35004b8a0)
  cache_index_and_filter_blocks: 0
  cache_index_and_filter_blocks_with_high_priority: 0
  pin_l0_filter_and_index_blocks_in_cache: 0
  pin_top_level_index_and_filter: 1
  index_type: 0
  hash_index_allow_collision: 1
  checksum: 1
  no_block_cache: 0
  block_cache: 0x7fc35005fb30
  block_cache_name: LRUCache
  block_cache_options:
    capacity : 8388608
    num_shard_bits : 4
    strict_capacity_limit : 0
    memory_allocator : None
    high_pri_pool_ratio: 0.000
  block_cache_compressed: (nil)
  persistent_cache: (nil)
  block_size: 4096
  block_size_deviation: 10
  block_restart_interval: 16
  index_block_restart_interval: 1
  metadata_block_size: 4096
  partition_filters: 0
  use_delta_encoding: 1
  filter_policy: nullptr
  whole_key_filtering: 1
  verify_compression: 0
  read_amp_bytes_per_bit: 0
  format_version: 2
  enable_index_compression: 1
  block_align: 0
2019/10/17-14:55:14.213146 7fc3a9fcb700        Options.write_buffer_size: 67108864
2019/10/17-14:55:14.213147 7fc3a9fcb700  Options.max_write_buffer_number: 2
2019/10/17-14:55:14.213148 7fc3a9fcb700          Options.compression: NoCompression
2019/10/17-14:55:14.213149 7fc3a9fcb700                  Options.bottommost_compression: Disabled
2019/10/17-14:55:14.213150 7fc3a9fcb700       Options.prefix_extractor: nullptr
2019/10/17-14:55:14.213151 7fc3a9fcb700   Options.memtable_insert_with_hint_prefix_extractor: nullptr
2019/10/17-14:55:14.213152 7fc3a9fcb700             Options.num_levels: 7
2019/10/17-14:55:14.213153 7fc3a9fcb700        Options.min_write_buffer_number_to_merge: 1
2019/10/17-14:55:14.213154 7fc3a9fcb700     Options.max_write_buffer_number_to_maintain: 0
2019/10/17-14:55:14.213155 7fc3a9fcb700            Options.bottommost_compression_opts.window_bits: -14
2019/10/17-14:55:14.213156 7fc3a9fcb700                  Options.bottommost_compression_opts.level: 32767
2019/10/17-14:55:14.213157 7fc3a9fcb700               Options.bottommost_compression_opts.strategy: 0
2019/10/17-14:55:14.213158 7fc3a9fcb700         Options.bottommost_compression_opts.max_dict_bytes: 0
2019/10/17-14:55:14.213159 7fc3a9fcb700         Options.bottommost_compression_opts.zstd_max_train_bytes: 0
2019/10/17-14:55:14.213160 7fc3a9fcb700                  Options.bottommost_compression_opts.enabled: false
2019/10/17-14:55:14.213161 7fc3a9fcb700            Options.compression_opts.window_bits: -14
2019/10/17-14:55:14.213162 7fc3a9fcb700                  Options.compression_opts.level: 32767
2019/10/17-14:55:14.213163 7fc3a9fcb700               Options.compression_opts.strategy: 0
2019/10/17-14:55:14.213164 7fc3a9fcb700         Options.compression_opts.max_dict_bytes: 0
2019/10/17-14:55:14.213165 7fc3a9fcb700         Options.compression_opts.zstd_max_train_bytes: 0
2019/10/17-14:55:14.213166 7fc3a9fcb700                  Options.compression_opts.enabled: false
2019/10/17-14:55:14.213167 7fc3a9fcb700      Options.level0_file_num_compaction_trigger: 4
2019/10/17-14:55:14.213168 7fc3a9fcb700          Options.level0_slowdown_writes_trigger: 20
2019/10/17-14:55:14.213169 7fc3a9fcb700              Options.level0_stop_writes_trigger: 36
2019/10/17-14:55:14.213170 7fc3a9fcb700                   Options.target_file_size_base: 67108864
2019/10/17-14:55:14.213171 7fc3a9fcb700             Options.target_file_size_multiplier: 1
2019/10/17-14:55:14.213172 7fc3a9fcb700                Options.max_bytes_for_level_base: 268435456
2019/10/17-14:55:14.213173 7fc3a9fcb700 Options.level_compaction_dynamic_level_bytes: 0
2019/10/17-14:55:14.213174 7fc3a9fcb700          Options.max_bytes_for_level_multiplier: 10.000000
2019/10/17-14:55:14.213175 7fc3a9fcb700 Options.max_bytes_for_level_multiplier_addtl[0]: 1
2019/10/17-14:55:14.213176 7fc3a9fcb700 Options.max_bytes_for_level_multiplier_addtl[1]: 1
2019/10/17-14:55:14.213177 7fc3a9fcb700 Options.max_bytes_for_level_multiplier_addtl[2]: 1
2019/10/17-14:55:14.213178 7fc3a9fcb700 Options.max_bytes_for_level_multiplier_addtl[3]: 1
2019/10/17-14:55:14.213179 7fc3a9fcb700 Options.max_bytes_for_level_multiplier_addtl[4]: 1
2019/10/17-14:55:14.213180 7fc3a9fcb700 Options.max_bytes_for_level_multiplier_addtl[5]: 1
2019/10/17-14:55:14.213181 7fc3a9fcb700 Options.max_bytes_for_level_multiplier_addtl[6]: 1
2019/10/17-14:55:14.213182 7fc3a9fcb700       Options.max_sequential_skip_in_iterations: 8
2019/10/17-14:55:14.213183 7fc3a9fcb700                    Options.max_compaction_bytes: 1677721600
2019/10/17-14:55:14.213184 7fc3a9fcb700                        Options.arena_block_size: 8388608
2019/10/17-14:55:14.213185 7fc3a9fcb700   Options.soft_pending_compaction_bytes_limit: 68719476736
2019/10/17-14:55:14.213191 7fc3a9fcb700   Options.hard_pending_compaction_bytes_limit: 274877906944
2019/10/17-14:55:14.213192 7fc3a9fcb700       Options.rate_limit_delay_max_milliseconds: 100
2019/10/17-14:55:14.213193 7fc3a9fcb700                Options.disable_auto_compactions: 0
2019/10/17-14:55:14.213194 7fc3a9fcb700                        Options.compaction_style: kCompactionStyleLevel
2019/10/17-14:55:14.213195 7fc3a9fcb700                          Options.compaction_pri: kByCompensatedSize
2019/10/17-14:55:14.213196 7fc3a9fcb700 Options.compaction_options_universal.size_ratio: 1
2019/10/17-14:55:14.213197 7fc3a9fcb700 Options.compaction_options_universal.min_merge_width: 2
2019/10/17-14:55:14.213198 7fc3a9fcb700 Options.compaction_options_universal.max_merge_width: 4294967295
2019/10/17-14:55:14.213199 7fc3a9fcb700 Options.compaction_options_universal.max_size_amplification_percent: 200
2019/10/17-14:55:14.213200 7fc3a9fcb700 Options.compaction_options_universal.compression_size_percent: -1
2019/10/17-14:55:14.213202 7fc3a9fcb700 Options.compaction_options_universal.stop_style: kCompactionStopStyleTotalSize
2019/10/17-14:55:14.213203 7fc3a9fcb700 Options.compaction_options_fifo.max_table_files_size: 1073741824
2019/10/17-14:55:14.213203 7fc3a9fcb700 Options.compaction_options_fifo.allow_compaction: 0
2019/10/17-14:55:14.213204 7fc3a9fcb700 Options.compaction_options_fifo.ttl: 0
2019/10/17-14:55:14.213205 7fc3a9fcb700                   Options.table_properties_collectors: 
2019/10/17-14:55:14.213206 7fc3a9fcb700                   Options.inplace_update_support: 0
2019/10/17-14:55:14.213207 7fc3a9fcb700                 Options.inplace_update_num_locks: 10000
2019/10/17-14:55:14.213208 7fc3a9fcb700               Options.memtable_prefix_bloom_size_ratio: 0.000000
2019/10/17-14:55:14.213210 7fc3a9fcb700   Options.memtable_huge_page_size: 0
2019/10/17-14:55:14.213211 7fc3a9fcb700                           Options.bloom_locality: 0
2019/10/17-14:55:14.213212 7fc3a9fcb700                    Options.max_successive_merges: 0
2019/10/17-14:55:14.213212 7fc3a9fcb700                Options.optimize_filters_for_hits: 0
2019/10/17-14:55:14.213214 7fc3a9fcb700                Options.paranoid_file_checks: 0
2019/10/17-14:55:14.213214 7fc3a9fcb700                Options.force_consistency_checks: 0
2019/10/17-14:55:14.213215 7fc3a9fcb700                Options.report_bg_io_stats: 0
2019/10/17-14:55:14.213216 7fc3a9fcb700                               Options.ttl: 0
2019/10/17-14:55:14.213236 7fc3a9fcb700 [db/column_family.cc:472] --------------- Options for column family [dc_entries]:
2019/10/17-14:55:14.213237 7fc3a9fcb700               Options.comparator: leveldb.BytewiseComparator
2019/10/17-14:55:14.213238 7fc3a9fcb700           Options.merge_operator: None
2019/10/17-14:55:14.213239 7fc3a9fcb700        Options.compaction_filter: None
2019/10/17-14:55:14.213240 7fc3a9fcb700        Options.compaction_filter_factory: None
2019/10/17-14:55:14.213241 7fc3a9fcb700         Options.memtable_factory: SkipListFactory
2019/10/17-14:55:14.213242 7fc3a9fcb700            Options.table_factory: BlockBasedTable
2019/10/17-14:55:14.213254 7fc3a9fcb700            table_factory options:   flush_block_policy_factory: FlushBlockBySizePolicyFactory (0x7fc350103770)
  cache_index_and_filter_blocks: 0
  cache_index_and_filter_blocks_with_high_priority: 0
  pin_l0_filter_and_index_blocks_in_cache: 0
  pin_top_level_index_and_filter: 1
  index_type: 0
  hash_index_allow_collision: 1
  checksum: 1
  no_block_cache: 0
  block_cache: 0x7fc35003d160
  block_cache_name: LRUCache
  block_cache_options:
    capacity : 8388608
    num_shard_bits : 4
    strict_capacity_limit : 0
    memory_allocator : None
    high_pri_pool_ratio: 0.000
  block_cache_compressed: (nil)
  persistent_cache: (nil)
  block_size: 4096
  block_size_deviation: 10
  block_restart_interval: 16
  index_block_restart_interval: 1
  metadata_block_size: 4096
  partition_filters: 0
  use_delta_encoding: 1
  filter_policy: nullptr
  whole_key_filtering: 1
  verify_compression: 0
  read_amp_bytes_per_bit: 0
  format_version: 2
  enable_index_compression: 1
  block_align: 0
2019/10/17-14:55:14.213262 7fc3a9fcb700        Options.write_buffer_size: 67108864
2019/10/17-14:55:14.213263 7fc3a9fcb700  Options.max_write_buffer_number: 2
2019/10/17-14:55:14.213264 7fc3a9fcb700          Options.compression: NoCompression
2019/10/17-14:55:14.213265 7fc3a9fcb700                  Options.bottommost_compression: Disabled
2019/10/17-14:55:14.213266 7fc3a9fcb700       Options.prefix_extractor: nullptr
2019/10/17-14:55:14.213267 7fc3a9fcb700   Options.memtable_insert_with_hint_prefix_extractor: nullptr
2019/10/17-14:55:14.213268 7fc3a9fcb700             Options.num_levels: 7
2019/10/17-14:55:14.213269 7fc3a9fcb700        Options.min_write_buffer_number_to_merge: 1
2019/10/17-14:55:14.213270 7fc3a9fcb700     Options.max_write_buffer_number_to_maintain: 0
2019/10/17-14:55:14.213271 7fc3a9fcb700            Options.bottommost_compression_opts.window_bits: -14
2019/10/17-14:55:14.213272 7fc3a9fcb700                  Options.bottommost_compression_opts.level: 32767
2019/10/17-14:55:14.213273 7fc3a9fcb700               Options.bottommost_compression_opts.strategy: 0
2019/10/17-14:55:14.213274 7fc3a9fcb700         Options.bottommost_compression_opts.max_dict_bytes: 0
2019/10/17-14:55:14.213275 7fc3a9fcb700         Options.bottommost_compression_opts.zstd_max_train_bytes: 0
2019/10/17-14:55:14.213276 7fc3a9fcb700                  Options.bottommost_compression_opts.enabled: false
2019/10/17-14:55:14.213277 7fc3a9fcb700            Options.compression_opts.window_bits: -14
2019/10/17-14:55:14.213278 7fc3a9fcb700                  Options.compression_opts.level: 32767
2019/10/17-14:55:14.213279 7fc3a9fcb700               Options.compression_opts.strategy: 0
2019/10/17-14:55:14.213279 7fc3a9fcb700         Options.compression_opts.max_dict_bytes: 0
2019/10/17-14:55:14.213280 7fc3a9fcb700         Options.compression_opts.zstd_max_train_bytes: 0
2019/10/17-14:55:14.213281 7fc3a9fcb700                  Options.compression_opts.enabled: false
2019/10/17-14:55:14.213282 7fc3a9fcb700      Options.level0_file_num_compaction_trigger: 4
2019/10/17-14:55:14.213283 7fc3a9fcb700          Options.level0_slowdown_writes_trigger: 20
2019/10/17-14:55:14.213284 7fc3a9fcb700              Options.level0_stop_writes_trigger: 36
2019/10/17-14:55:14.213285 7fc3a9fcb700                   Options.target_file_size_base: 67108864
2019/10/17-14:55:14.213286 7fc3a9fcb700             Options.target_file_size_multiplier: 1
2019/10/17-14:55:14.213287 7fc3a9fcb700                Options.max_bytes_for_level_base: 268435456
2019/10/17-14:55:14.213288 7fc3a9fcb700 Options.level_compaction_dynamic_level_bytes: 0
2019/10/17-14:55:14.213289 7fc3a9fcb700          Options.max_bytes_for_level_multiplier: 10.000000
2019/10/17-14:55:14.213291 7fc3a9fcb700 Options.max_bytes_for_level_multiplier_addtl[0]: 1
2019/10/17-14:55:14.213292 7fc3a9fcb700 Options.max_bytes_for_level_multiplier_addtl[1]: 1
2019/10/17-14:55:14.213293 7fc3a9fcb700 Options.max_bytes_for_level_multiplier_addtl[2]: 1
2019/10/17-14:55:14.213294 7fc3a9fcb700 Options.max_bytes_for_level_multiplier_addtl[3]: 1
2019/10/17-14:55:14.213295 7fc3a9fcb700 Options.max_bytes_for_level_multiplier_addtl[4]: 1
2019/10/17-14:55:14.213296 7fc3a9fcb700 Options.max_bytes_for_level_multiplier_addtl[5]: 1
2019/10/17-14:55:14.213297 7fc3a9fcb700 Options.max_bytes_for_level_multiplier_addtl[6]: 1
2019/10/17-14:55:14.213298 7fc3a9fcb700       Options.max_sequential_skip_in_iterations: 8
2019/10/17-14:55:14.213299 7fc3a9fcb700                    Options.max_compaction_bytes: 1677721600
2019/10/17-14:55:14.213300 7fc3a9fcb700                        Options.arena_block_size: 8388608
2019/10/17-14:55:14.213301 7fc3a9fcb700   Options.soft_pending_compaction_bytes_limit: 68719476736
2019/10/17-14:55:14.213302 7fc3a9fcb700   Options.hard_pending_compaction_bytes_limit: 274877906944
2019/10/17-14:55:14.213303 7fc3a9fcb700       Options.rate_limit_delay_max_milliseconds: 100
2019/10/17-14:55:14.213304 7fc3a9fcb700                Options.disable_auto_compactions: 0
2019/10/17-14:55:14.213309 7fc3a9fcb700                        Options.compaction_style: kCompactionStyleLevel
2019/10/17-14:55:14.213311 7fc3a9fcb700                          Options.compaction_pri: kByCompensatedSize
2019/10/17-14:55:14.213312 7fc3a9fcb700 Options.compaction_options_universal.size_ratio: 1
2019/10/17-14:55:14.213313 7fc3a9fcb700 Options.compaction_options_universal.min_merge_width: 2
2019/10/17-14:55:14.213314 7fc3a9fcb700 Options.compaction_options_universal.max_merge_width: 4294967295
2019/10/17-14:55:14.213315 7fc3a9fcb700 Options.compaction_options_universal.max_size_amplification_percent: 200
2019/10/17-14:55:14.213316 7fc3a9fcb700 Options.compaction_options_universal.compression_size_percent: -1
2019/10/17-14:55:14.213317 7fc3a9fcb700 Options.compaction_options_universal.stop_style: kCompactionStopStyleTotalSize
2019/10/17-14:55:14.213318 7fc3a9fcb700 Options.compaction_options_fifo.max_table_files_size: 1073741824
2019/10/17-14:55:14.213319 7fc3a9fcb700 Options.compaction_options_fifo.allow_compaction: 0
2019/10/17-14:55:14.213320 7fc3a9fcb700 Options.compaction_options_fifo.ttl: 0
2019/10/17-14:55:14.213321 7fc3a9fcb700                   Options.table_properties_collectors: 
2019/10/17-14:55:14.213322 7fc3a9fcb700                   Options.inplace_update_support: 0
2019/10/17-14:55:14.213323 7fc3a9fcb700                 Options.inplace_update_num_locks: 10000
2019/10/17-14:55:14.213324 7fc3a9fcb700               Options.memtable_prefix_bloom_size_ratio: 0.000000
2019/10/17-14:55:14.213325 7fc3a9fcb700   Options.memtable_huge_page_size: 0
2019/10/17-14:55:14.213326 7fc3a9fcb700                           Options.bloom_locality: 0
2019/10/17-14:55:14.213327 7fc3a9fcb700                    Options.max_successive_merges: 0
2019/10/17-14:55:14.213328 7fc3a9fcb700                Options.optimize_filters_for_hits: 0
2019/10/17-14:55:14.213329 7fc3a9fcb700                Options.paranoid_file_checks: 0
2019/10/17-14:55:14.213330 7fc3a9fcb700                Options.force_consistency_checks: 0
2019/10/17-14:55:14.213331 7fc3a9fcb700                Options.report_bg_io_stats: 0
2019/10/17-14:55:14.213332 7fc3a9fcb700                               Options.ttl: 0
2019/10/17-14:55:14.213347 7fc3a9fcb700 [db/column_family.cc:472] --------------- Options for column family [htlcs]:
2019/10/17-14:55:14.213349 7fc3a9fcb700               Options.comparator: leveldb.BytewiseComparator
2019/10/17-14:55:14.213350 7fc3a9fcb700           Options.merge_operator: None
2019/10/17-14:55:14.213351 7fc3a9fcb700        Options.compaction_filter: None
2019/10/17-14:55:14.213352 7fc3a9fcb700        Options.compaction_filter_factory: None
2019/10/17-14:55:14.213353 7fc3a9fcb700         Options.memtable_factory: SkipListFactory
2019/10/17-14:55:14.213354 7fc3a9fcb700            Options.table_factory: BlockBasedTable
2019/10/17-14:55:14.213366 7fc3a9fcb700            table_factory options:   flush_block_policy_factory: FlushBlockBySizePolicyFactory (0x7fc350073da0)
