2019/10/17-14:55:03.931896 7fc3a9fcb700 RocksDB version: 5.18.3
2019/10/17-14:55:03.931919 7fc3a9fcb700 Git sha rocksdb_build_git_sha:@0@
2019/10/17-14:55:03.931920 7fc3a9fcb700 Compile date Sep 19 2019
2019/10/17-14:55:03.931921 7fc3a9fcb700 DB SUMMARY
2019/10/17-14:55:03.932437 7fc3a9fcb700 CURRENT file:  CURRENT
2019/10/17-14:55:03.932438 7fc3a9fcb700 IDENTITY file:  IDENTITY
2019/10/17-14:55:03.932459 7fc3a9fcb700 MANIFEST file:  MANIFEST-116254 size: 4114 Bytes
2019/10/17-14:55:03.932460 7fc3a9fcb700 SST files in /home/rahul/dev/blockchain-core/eqc/ledger.db dir, Total Num: 29, files: 000624.sst 000627.sst 106940.sst 108447.sst 108450.sst 109471.sst 109483.sst 109485.sst 109486.sst 
2019/10/17-14:55:03.932461 7fc3a9fcb700 Write Ahead Log file in /home/rahul/dev/blockchain-core/eqc/ledger.db: 116255.log size: 0 ; 
2019/10/17-14:55:03.932486 7fc3a9fcb700                         Options.error_if_exists: 0
2019/10/17-14:55:03.932487 7fc3a9fcb700                       Options.create_if_missing: 1
2019/10/17-14:55:03.932487 7fc3a9fcb700                         Options.paranoid_checks: 1
2019/10/17-14:55:03.932488 7fc3a9fcb700                                     Options.env: 0x7fc32ae1fc60
2019/10/17-14:55:03.932489 7fc3a9fcb700                                Options.info_log: 0x7fc350097400
2019/10/17-14:55:03.932489 7fc3a9fcb700                Options.max_file_opening_threads: 16
2019/10/17-14:55:03.932490 7fc3a9fcb700                              Options.statistics: (nil)
2019/10/17-14:55:03.932490 7fc3a9fcb700                               Options.use_fsync: 0
2019/10/17-14:55:03.932491 7fc3a9fcb700                       Options.max_log_file_size: 0
2019/10/17-14:55:03.932492 7fc3a9fcb700                  Options.max_manifest_file_size: 1073741824
2019/10/17-14:55:03.932492 7fc3a9fcb700                   Options.log_file_time_to_roll: 0
2019/10/17-14:55:03.932493 7fc3a9fcb700                       Options.keep_log_file_num: 1000
2019/10/17-14:55:03.932493 7fc3a9fcb700                    Options.recycle_log_file_num: 0
2019/10/17-14:55:03.932494 7fc3a9fcb700                         Options.allow_fallocate: 1
2019/10/17-14:55:03.932495 7fc3a9fcb700                        Options.allow_mmap_reads: 0
2019/10/17-14:55:03.932495 7fc3a9fcb700                       Options.allow_mmap_writes: 0
2019/10/17-14:55:03.932496 7fc3a9fcb700                        Options.use_direct_reads: 0
2019/10/17-14:55:03.932496 7fc3a9fcb700                        Options.use_direct_io_for_flush_and_compaction: 0
2019/10/17-14:55:03.932497 7fc3a9fcb700          Options.create_missing_column_families: 0
2019/10/17-14:55:03.932497 7fc3a9fcb700                              Options.db_log_dir: 
2019/10/17-14:55:03.932498 7fc3a9fcb700                                 Options.wal_dir: /home/rahul/dev/blockchain-core/eqc/ledger.db
2019/10/17-14:55:03.932498 7fc3a9fcb700                Options.table_cache_numshardbits: 6
2019/10/17-14:55:03.932499 7fc3a9fcb700                      Options.max_subcompactions: 1
2019/10/17-14:55:03.932499 7fc3a9fcb700                  Options.max_background_flushes: -1
2019/10/17-14:55:03.932500 7fc3a9fcb700                         Options.WAL_ttl_seconds: 0
2019/10/17-14:55:03.932501 7fc3a9fcb700                       Options.WAL_size_limit_MB: 0
2019/10/17-14:55:03.932501 7fc3a9fcb700             Options.manifest_preallocation_size: 4194304
2019/10/17-14:55:03.932502 7fc3a9fcb700                     Options.is_fd_close_on_exec: 1
2019/10/17-14:55:03.932502 7fc3a9fcb700                   Options.advise_random_on_open: 1
2019/10/17-14:55:03.932503 7fc3a9fcb700                    Options.db_write_buffer_size: 0
2019/10/17-14:55:03.932503 7fc3a9fcb700                    Options.write_buffer_manager: 0x7fc350104c40
2019/10/17-14:55:03.932504 7fc3a9fcb700         Options.access_hint_on_compaction_start: 1
2019/10/17-14:55:03.932504 7fc3a9fcb700  Options.new_table_reader_for_compaction_inputs: 0
2019/10/17-14:55:03.932505 7fc3a9fcb700           Options.random_access_max_buffer_size: 1048576
2019/10/17-14:55:03.932505 7fc3a9fcb700                      Options.use_adaptive_mutex: 0
2019/10/17-14:55:03.932506 7fc3a9fcb700                            Options.rate_limiter: (nil)
2019/10/17-14:55:03.932513 7fc3a9fcb700     Options.sst_file_manager.rate_bytes_per_sec: 0
2019/10/17-14:55:03.932513 7fc3a9fcb700                       Options.wal_recovery_mode: 2
2019/10/17-14:55:03.932514 7fc3a9fcb700                  Options.enable_thread_tracking: 0
2019/10/17-14:55:03.932514 7fc3a9fcb700                  Options.enable_pipelined_write: 0
2019/10/17-14:55:03.932515 7fc3a9fcb700         Options.allow_concurrent_memtable_write: 1
2019/10/17-14:55:03.932515 7fc3a9fcb700      Options.enable_write_thread_adaptive_yield: 1
2019/10/17-14:55:03.932516 7fc3a9fcb700             Options.write_thread_max_yield_usec: 100
2019/10/17-14:55:03.932517 7fc3a9fcb700            Options.write_thread_slow_yield_usec: 3
2019/10/17-14:55:03.932517 7fc3a9fcb700                               Options.row_cache: None
2019/10/17-14:55:03.932518 7fc3a9fcb700                              Options.wal_filter: None
2019/10/17-14:55:03.932518 7fc3a9fcb700             Options.avoid_flush_during_recovery: 0
2019/10/17-14:55:03.932519 7fc3a9fcb700             Options.allow_ingest_behind: 0
2019/10/17-14:55:03.932519 7fc3a9fcb700             Options.preserve_deletes: 0
2019/10/17-14:55:03.932520 7fc3a9fcb700             Options.two_write_queues: 0
2019/10/17-14:55:03.932521 7fc3a9fcb700             Options.manual_wal_flush: 0
2019/10/17-14:55:03.932521 7fc3a9fcb700             Options.max_background_jobs: 2
2019/10/17-14:55:03.932522 7fc3a9fcb700             Options.max_background_compactions: -1
2019/10/17-14:55:03.932522 7fc3a9fcb700             Options.avoid_flush_during_shutdown: 0
2019/10/17-14:55:03.932523 7fc3a9fcb700           Options.writable_file_max_buffer_size: 1048576
2019/10/17-14:55:03.932523 7fc3a9fcb700             Options.delayed_write_rate : 16777216
2019/10/17-14:55:03.932524 7fc3a9fcb700             Options.max_total_wal_size: 0
2019/10/17-14:55:03.932524 7fc3a9fcb700             Options.delete_obsolete_files_period_micros: 21600000000
2019/10/17-14:55:03.932525 7fc3a9fcb700                   Options.stats_dump_period_sec: 600
2019/10/17-14:55:03.932526 7fc3a9fcb700                          Options.max_open_files: -1
2019/10/17-14:55:03.932526 7fc3a9fcb700                          Options.bytes_per_sync: 0
2019/10/17-14:55:03.932527 7fc3a9fcb700                      Options.wal_bytes_per_sync: 0
2019/10/17-14:55:03.932527 7fc3a9fcb700       Options.compaction_readahead_size: 0
2019/10/17-14:55:03.932528 7fc3a9fcb700 Compression algorithms supported:
2019/10/17-14:55:03.932529 7fc3a9fcb700 	kZSTDNotFinalCompression supported: 0
2019/10/17-14:55:03.932530 7fc3a9fcb700 	kZSTD supported: 0
2019/10/17-14:55:03.932530 7fc3a9fcb700 	kXpressCompression supported: 0
2019/10/17-14:55:03.932531 7fc3a9fcb700 	kLZ4HCCompression supported: 0
2019/10/17-14:55:03.932531 7fc3a9fcb700 	kLZ4Compression supported: 0
2019/10/17-14:55:03.932532 7fc3a9fcb700 	kBZip2Compression supported: 0
2019/10/17-14:55:03.932533 7fc3a9fcb700 	kZlibCompression supported: 0
2019/10/17-14:55:03.932533 7fc3a9fcb700 	kSnappyCompression supported: 0
2019/10/17-14:55:03.932535 7fc3a9fcb700 Fast CRC32 supported: Supported on x86
2019/10/17-14:55:03.932601 7fc3a9fcb700 [db/version_set.cc:3507] Recovering from manifest file: MANIFEST-116254
2019/10/17-14:55:03.932626 7fc3a9fcb700 [db/column_family.cc:472] --------------- Options for column family [default]:
2019/10/17-14:55:03.932627 7fc3a9fcb700               Options.comparator: leveldb.BytewiseComparator
2019/10/17-14:55:03.932627 7fc3a9fcb700           Options.merge_operator: None
2019/10/17-14:55:03.932628 7fc3a9fcb700        Options.compaction_filter: None
2019/10/17-14:55:03.932629 7fc3a9fcb700        Options.compaction_filter_factory: None
2019/10/17-14:55:03.932629 7fc3a9fcb700         Options.memtable_factory: SkipListFactory
2019/10/17-14:55:03.932630 7fc3a9fcb700            Options.table_factory: BlockBasedTable
2019/10/17-14:55:03.932640 7fc3a9fcb700            table_factory options:   flush_block_policy_factory: FlushBlockBySizePolicyFactory (0x7fc3500fd8f0)
  cache_index_and_filter_blocks: 0
  cache_index_and_filter_blocks_with_high_priority: 0
  pin_l0_filter_and_index_blocks_in_cache: 0
  pin_top_level_index_and_filter: 1
  index_type: 0
  hash_index_allow_collision: 1
  checksum: 1
  no_block_cache: 0
  block_cache: 0x7fc3500c1a20
  block_cache_name: LRUCache
  block_cache_options:
    capacity : 8388608
    num_shard_bits : 4
    strict_capacity_limit : 0
    memory_allocator : None
    high_pri_pool_ratio: 0.000
  block_cache_compressed: (nil)
  persistent_cache: (nil)
  block_size: 4096
  block_size_deviation: 10
  block_restart_interval: 16
  index_block_restart_interval: 1
  metadata_block_size: 4096
  partition_filters: 0
  use_delta_encoding: 1
  filter_policy: nullptr
  whole_key_filtering: 1
  verify_compression: 0
  read_amp_bytes_per_bit: 0
  format_version: 2
  enable_index_compression: 1
  block_align: 0
2019/10/17-14:55:03.932646 7fc3a9fcb700        Options.write_buffer_size: 67108864
2019/10/17-14:55:03.932647 7fc3a9fcb700  Options.max_write_buffer_number: 2
2019/10/17-14:55:03.932648 7fc3a9fcb700          Options.compression: NoCompression
2019/10/17-14:55:03.932649 7fc3a9fcb700                  Options.bottommost_compression: Disabled
2019/10/17-14:55:03.932649 7fc3a9fcb700       Options.prefix_extractor: nullptr
2019/10/17-14:55:03.932650 7fc3a9fcb700   Options.memtable_insert_with_hint_prefix_extractor: nullptr
2019/10/17-14:55:03.932650 7fc3a9fcb700             Options.num_levels: 7
2019/10/17-14:55:03.932651 7fc3a9fcb700        Options.min_write_buffer_number_to_merge: 1
2019/10/17-14:55:03.932651 7fc3a9fcb700     Options.max_write_buffer_number_to_maintain: 0
2019/10/17-14:55:03.932652 7fc3a9fcb700            Options.bottommost_compression_opts.window_bits: -14
2019/10/17-14:55:03.932653 7fc3a9fcb700                  Options.bottommost_compression_opts.level: 32767
2019/10/17-14:55:03.932653 7fc3a9fcb700               Options.bottommost_compression_opts.strategy: 0
2019/10/17-14:55:03.932654 7fc3a9fcb700         Options.bottommost_compression_opts.max_dict_bytes: 0
2019/10/17-14:55:03.932654 7fc3a9fcb700         Options.bottommost_compression_opts.zstd_max_train_bytes: 0
2019/10/17-14:55:03.932655 7fc3a9fcb700                  Options.bottommost_compression_opts.enabled: false
2019/10/17-14:55:03.932655 7fc3a9fcb700            Options.compression_opts.window_bits: -14
2019/10/17-14:55:03.932656 7fc3a9fcb700                  Options.compression_opts.level: 32767
2019/10/17-14:55:03.932657 7fc3a9fcb700               Options.compression_opts.strategy: 0
2019/10/17-14:55:03.932657 7fc3a9fcb700         Options.compression_opts.max_dict_bytes: 0
2019/10/17-14:55:03.932658 7fc3a9fcb700         Options.compression_opts.zstd_max_train_bytes: 0
2019/10/17-14:55:03.932658 7fc3a9fcb700                  Options.compression_opts.enabled: false
2019/10/17-14:55:03.932659 7fc3a9fcb700      Options.level0_file_num_compaction_trigger: 4
2019/10/17-14:55:03.932659 7fc3a9fcb700          Options.level0_slowdown_writes_trigger: 20
2019/10/17-14:55:03.932660 7fc3a9fcb700              Options.level0_stop_writes_trigger: 36
2019/10/17-14:55:03.932660 7fc3a9fcb700                   Options.target_file_size_base: 67108864
2019/10/17-14:55:03.932661 7fc3a9fcb700             Options.target_file_size_multiplier: 1
2019/10/17-14:55:03.932661 7fc3a9fcb700                Options.max_bytes_for_level_base: 268435456
2019/10/17-14:55:03.932662 7fc3a9fcb700 Options.level_compaction_dynamic_level_bytes: 0
2019/10/17-14:55:03.932663 7fc3a9fcb700          Options.max_bytes_for_level_multiplier: 10.000000
2019/10/17-14:55:03.932664 7fc3a9fcb700 Options.max_bytes_for_level_multiplier_addtl[0]: 1
2019/10/17-14:55:03.932665 7fc3a9fcb700 Options.max_bytes_for_level_multiplier_addtl[1]: 1
2019/10/17-14:55:03.932665 7fc3a9fcb700 Options.max_bytes_for_level_multiplier_addtl[2]: 1
2019/10/17-14:55:03.932666 7fc3a9fcb700 Options.max_bytes_for_level_multiplier_addtl[3]: 1
2019/10/17-14:55:03.932666 7fc3a9fcb700 Options.max_bytes_for_level_multiplier_addtl[4]: 1
2019/10/17-14:55:03.932670 7fc3a9fcb700 Options.max_bytes_for_level_multiplier_addtl[5]: 1
2019/10/17-14:55:03.932670 7fc3a9fcb700 Options.max_bytes_for_level_multiplier_addtl[6]: 1
2019/10/17-14:55:03.932671 7fc3a9fcb700       Options.max_sequential_skip_in_iterations: 8
2019/10/17-14:55:03.932671 7fc3a9fcb700                    Options.max_compaction_bytes: 1677721600
2019/10/17-14:55:03.932672 7fc3a9fcb700                        Options.arena_block_size: 8388608
2019/10/17-14:55:03.932672 7fc3a9fcb700   Options.soft_pending_compaction_bytes_limit: 68719476736
2019/10/17-14:55:03.932673 7fc3a9fcb700   Options.hard_pending_compaction_bytes_limit: 274877906944
2019/10/17-14:55:03.932674 7fc3a9fcb700       Options.rate_limit_delay_max_milliseconds: 100
2019/10/17-14:55:03.932674 7fc3a9fcb700                Options.disable_auto_compactions: 0
2019/10/17-14:55:03.932675 7fc3a9fcb700                        Options.compaction_style: kCompactionStyleLevel
2019/10/17-14:55:03.932676 7fc3a9fcb700                          Options.compaction_pri: kByCompensatedSize
2019/10/17-14:55:03.932676 7fc3a9fcb700 Options.compaction_options_universal.size_ratio: 1
2019/10/17-14:55:03.932677 7fc3a9fcb700 Options.compaction_options_universal.min_merge_width: 2
2019/10/17-14:55:03.932677 7fc3a9fcb700 Options.compaction_options_universal.max_merge_width: 4294967295
2019/10/17-14:55:03.932678 7fc3a9fcb700 Options.compaction_options_universal.max_size_amplification_percent: 200
2019/10/17-14:55:03.932679 7fc3a9fcb700 Options.compaction_options_universal.compression_size_percent: -1
2019/10/17-14:55:03.932679 7fc3a9fcb700 Options.compaction_options_universal.stop_style: kCompactionStopStyleTotalSize
2019/10/17-14:55:03.932680 7fc3a9fcb700 Options.compaction_options_fifo.max_table_files_size: 1073741824
2019/10/17-14:55:03.932681 7fc3a9fcb700 Options.compaction_options_fifo.allow_compaction: 0
2019/10/17-14:55:03.932681 7fc3a9fcb700 Options.compaction_options_fifo.ttl: 0
2019/10/17-14:55:03.932682 7fc3a9fcb700                   Options.table_properties_collectors: 
2019/10/17-14:55:03.932682 7fc3a9fcb700                   Options.inplace_update_support: 0
2019/10/17-14:55:03.932683 7fc3a9fcb700                 Options.inplace_update_num_locks: 10000
2019/10/17-14:55:03.932683 7fc3a9fcb700               Options.memtable_prefix_bloom_size_ratio: 0.000000
2019/10/17-14:55:03.932684 7fc3a9fcb700   Options.memtable_huge_page_size: 0
2019/10/17-14:55:03.932685 7fc3a9fcb700                           Options.bloom_locality: 0
2019/10/17-14:55:03.932685 7fc3a9fcb700                    Options.max_successive_merges: 0
2019/10/17-14:55:03.932686 7fc3a9fcb700                Options.optimize_filters_for_hits: 0
2019/10/17-14:55:03.932686 7fc3a9fcb700                Options.paranoid_file_checks: 0
2019/10/17-14:55:03.932687 7fc3a9fcb700                Options.force_consistency_checks: 0
2019/10/17-14:55:03.932687 7fc3a9fcb700                Options.report_bg_io_stats: 0
2019/10/17-14:55:03.932688 7fc3a9fcb700                               Options.ttl: 0
2019/10/17-14:55:03.932708 7fc3a9fcb700 [db/column_family.cc:472] --------------- Options for column family [active_gateways]:
2019/10/17-14:55:03.932709 7fc3a9fcb700               Options.comparator: leveldb.BytewiseComparator
2019/10/17-14:55:03.932710 7fc3a9fcb700           Options.merge_operator: None
2019/10/17-14:55:03.932711 7fc3a9fcb700        Options.compaction_filter: None
2019/10/17-14:55:03.932711 7fc3a9fcb700        Options.compaction_filter_factory: None
2019/10/17-14:55:03.932712 7fc3a9fcb700         Options.memtable_factory: SkipListFactory
2019/10/17-14:55:03.932712 7fc3a9fcb700            Options.table_factory: BlockBasedTable
2019/10/17-14:55:03.932720 7fc3a9fcb700            table_factory options:   flush_block_policy_factory: FlushBlockBySizePolicyFactory (0x7fc3500a8870)
  cache_index_and_filter_blocks: 0
  cache_index_and_filter_blocks_with_high_priority: 0
  pin_l0_filter_and_index_blocks_in_cache: 0
  pin_top_level_index_and_filter: 1
  index_type: 0
  hash_index_allow_collision: 1
  checksum: 1
  no_block_cache: 0
  block_cache: 0x7fc350044860
  block_cache_name: LRUCache
  block_cache_options:
    capacity : 8388608
    num_shard_bits : 4
    strict_capacity_limit : 0
    memory_allocator : None
    high_pri_pool_ratio: 0.000
  block_cache_compressed: (nil)
  persistent_cache: (nil)
  block_size: 4096
  block_size_deviation: 10
  block_restart_interval: 16
  index_block_restart_interval: 1
  metadata_block_size: 4096
  partition_filters: 0
  use_delta_encoding: 1
  filter_policy: nullptr
  whole_key_filtering: 1
  verify_compression: 0
  read_amp_bytes_per_bit: 0
  format_version: 2
  enable_index_compression: 1
  block_align: 0
2019/10/17-14:55:03.932724 7fc3a9fcb700        Options.write_buffer_size: 67108864
2019/10/17-14:55:03.932725 7fc3a9fcb700  Options.max_write_buffer_number: 2
2019/10/17-14:55:03.932726 7fc3a9fcb700          Options.compression: NoCompression
2019/10/17-14:55:03.932726 7fc3a9fcb700                  Options.bottommost_compression: Disabled
2019/10/17-14:55:03.932727 7fc3a9fcb700       Options.prefix_extractor: nullptr
2019/10/17-14:55:03.932727 7fc3a9fcb700   Options.memtable_insert_with_hint_prefix_extractor: nullptr
2019/10/17-14:55:03.932728 7fc3a9fcb700             Options.num_levels: 7
2019/10/17-14:55:03.932728 7fc3a9fcb700        Options.min_write_buffer_number_to_merge: 1
2019/10/17-14:55:03.932729 7fc3a9fcb700     Options.max_write_buffer_number_to_maintain: 0
2019/10/17-14:55:03.932729 7fc3a9fcb700            Options.bottommost_compression_opts.window_bits: -14
2019/10/17-14:55:03.932730 7fc3a9fcb700                  Options.bottommost_compression_opts.level: 32767
2019/10/17-14:55:03.932731 7fc3a9fcb700               Options.bottommost_compression_opts.strategy: 0
2019/10/17-14:55:03.932731 7fc3a9fcb700         Options.bottommost_compression_opts.max_dict_bytes: 0
2019/10/17-14:55:03.932732 7fc3a9fcb700         Options.bottommost_compression_opts.zstd_max_train_bytes: 0
2019/10/17-14:55:03.932732 7fc3a9fcb700                  Options.bottommost_compression_opts.enabled: false
2019/10/17-14:55:03.932733 7fc3a9fcb700            Options.compression_opts.window_bits: -14
2019/10/17-14:55:03.932733 7fc3a9fcb700                  Options.compression_opts.level: 32767
2019/10/17-14:55:03.932734 7fc3a9fcb700               Options.compression_opts.strategy: 0
2019/10/17-14:55:03.932734 7fc3a9fcb700         Options.compression_opts.max_dict_bytes: 0
2019/10/17-14:55:03.932735 7fc3a9fcb700         Options.compression_opts.zstd_max_train_bytes: 0
2019/10/17-14:55:03.932735 7fc3a9fcb700                  Options.compression_opts.enabled: false
2019/10/17-14:55:03.932736 7fc3a9fcb700      Options.level0_file_num_compaction_trigger: 4
2019/10/17-14:55:03.932736 7fc3a9fcb700          Options.level0_slowdown_writes_trigger: 20
2019/10/17-14:55:03.932737 7fc3a9fcb700              Options.level0_stop_writes_trigger: 36
2019/10/17-14:55:03.932737 7fc3a9fcb700                   Options.target_file_size_base: 67108864
2019/10/17-14:55:03.932738 7fc3a9fcb700             Options.target_file_size_multiplier: 1
2019/10/17-14:55:03.932739 7fc3a9fcb700                Options.max_bytes_for_level_base: 268435456
2019/10/17-14:55:03.932739 7fc3a9fcb700 Options.level_compaction_dynamic_level_bytes: 0
2019/10/17-14:55:03.932740 7fc3a9fcb700          Options.max_bytes_for_level_multiplier: 10.000000
2019/10/17-14:55:03.932741 7fc3a9fcb700 Options.max_bytes_for_level_multiplier_addtl[0]: 1
2019/10/17-14:55:03.932741 7fc3a9fcb700 Options.max_bytes_for_level_multiplier_addtl[1]: 1
2019/10/17-14:55:03.932742 7fc3a9fcb700 Options.max_bytes_for_level_multiplier_addtl[2]: 1
2019/10/17-14:55:03.932742 7fc3a9fcb700 Options.max_bytes_for_level_multiplier_addtl[3]: 1
2019/10/17-14:55:03.932743 7fc3a9fcb700 Options.max_bytes_for_level_multiplier_addtl[4]: 1
2019/10/17-14:55:03.932743 7fc3a9fcb700 Options.max_bytes_for_level_multiplier_addtl[5]: 1
2019/10/17-14:55:03.932744 7fc3a9fcb700 Options.max_bytes_for_level_multiplier_addtl[6]: 1
2019/10/17-14:55:03.932744 7fc3a9fcb700       Options.max_sequential_skip_in_iterations: 8
2019/10/17-14:55:03.932748 7fc3a9fcb700                    Options.max_compaction_bytes: 1677721600
2019/10/17-14:55:03.932748 7fc3a9fcb700                        Options.arena_block_size: 8388608
2019/10/17-14:55:03.932749 7fc3a9fcb700   Options.soft_pending_compaction_bytes_limit: 68719476736
2019/10/17-14:55:03.932749 7fc3a9fcb700   Options.hard_pending_compaction_bytes_limit: 274877906944
2019/10/17-14:55:03.932750 7fc3a9fcb700       Options.rate_limit_delay_max_milliseconds: 100
2019/10/17-14:55:03.932750 7fc3a9fcb700                Options.disable_auto_compactions: 0
2019/10/17-14:55:03.932751 7fc3a9fcb700                        Options.compaction_style: kCompactionStyleLevel
2019/10/17-14:55:03.932752 7fc3a9fcb700                          Options.compaction_pri: kByCompensatedSize
2019/10/17-14:55:03.932752 7fc3a9fcb700 Options.compaction_options_universal.size_ratio: 1
2019/10/17-14:55:03.932753 7fc3a9fcb700 Options.compaction_options_universal.min_merge_width: 2
2019/10/17-14:55:03.932753 7fc3a9fcb700 Options.compaction_options_universal.max_merge_width: 4294967295
2019/10/17-14:55:03.932754 7fc3a9fcb700 Options.compaction_options_universal.max_size_amplification_percent: 200
2019/10/17-14:55:03.932754 7fc3a9fcb700 Options.compaction_options_universal.compression_size_percent: -1
2019/10/17-14:55:03.932755 7fc3a9fcb700 Options.compaction_options_universal.stop_style: kCompactionStopStyleTotalSize
2019/10/17-14:55:03.932756 7fc3a9fcb700 Options.compaction_options_fifo.max_table_files_size: 1073741824
2019/10/17-14:55:03.932756 7fc3a9fcb700 Options.compaction_options_fifo.allow_compaction: 0
2019/10/17-14:55:03.932757 7fc3a9fcb700 Options.compaction_options_fifo.ttl: 0
2019/10/17-14:55:03.932757 7fc3a9fcb700                   Options.table_properties_collectors: 
2019/10/17-14:55:03.932758 7fc3a9fcb700                   Options.inplace_update_support: 0
2019/10/17-14:55:03.932758 7fc3a9fcb700                 Options.inplace_update_num_locks: 10000
2019/10/17-14:55:03.932759 7fc3a9fcb700               Options.memtable_prefix_bloom_size_ratio: 0.000000
2019/10/17-14:55:03.932760 7fc3a9fcb700   Options.memtable_huge_page_size: 0
2019/10/17-14:55:03.932760 7fc3a9fcb700                           Options.bloom_locality: 0
2019/10/17-14:55:03.932761 7fc3a9fcb700                    Options.max_successive_merges: 0
2019/10/17-14:55:03.932761 7fc3a9fcb700                Options.optimize_filters_for_hits: 0
2019/10/17-14:55:03.932762 7fc3a9fcb700                Options.paranoid_file_checks: 0
2019/10/17-14:55:03.932762 7fc3a9fcb700                Options.force_consistency_checks: 0
2019/10/17-14:55:03.932763 7fc3a9fcb700                Options.report_bg_io_stats: 0
2019/10/17-14:55:03.932763 7fc3a9fcb700                               Options.ttl: 0
2019/10/17-14:55:03.932775 7fc3a9fcb700 [db/column_family.cc:472] --------------- Options for column family [entries]:
2019/10/17-14:55:03.932776 7fc3a9fcb700               Options.comparator: leveldb.BytewiseComparator
2019/10/17-14:55:03.932777 7fc3a9fcb700           Options.merge_operator: None
2019/10/17-14:55:03.932778 7fc3a9fcb700        Options.compaction_filter: None
2019/10/17-14:55:03.932778 7fc3a9fcb700        Options.compaction_filter_factory: None
2019/10/17-14:55:03.932779 7fc3a9fcb700         Options.memtable_factory: SkipListFactory
2019/10/17-14:55:03.932779 7fc3a9fcb700            Options.table_factory: BlockBasedTable
2019/10/17-14:55:03.932786 7fc3a9fcb700            table_factory options:   flush_block_policy_factory: FlushBlockBySizePolicyFactory (0x7fc3500895e0)
  cache_index_and_filter_blocks: 0
  cache_index_and_filter_blocks_with_high_priority: 0
  pin_l0_filter_and_index_blocks_in_cache: 0
  pin_top_level_index_and_filter: 1
  index_type: 0
  hash_index_allow_collision: 1
  checksum: 1
  no_block_cache: 0
  block_cache: 0x7fc35002ef50
  block_cache_name: LRUCache
  block_cache_options:
    capacity : 8388608
    num_shard_bits : 4
    strict_capacity_limit : 0
    memory_allocator : None
    high_pri_pool_ratio: 0.000
  block_cache_compressed: (nil)
  persistent_cache: (nil)
  block_size: 4096
  block_size_deviation: 10
  block_restart_interval: 16
  index_block_restart_interval: 1
  metadata_block_size: 4096
  partition_filters: 0
  use_delta_encoding: 1
  filter_policy: nullptr
  whole_key_filtering: 1
  verify_compression: 0
  read_amp_bytes_per_bit: 0
  format_version: 2
  enable_index_compression: 1
  block_align: 0
2019/10/17-14:55:03.932790 7fc3a9fcb700        Options.write_buffer_size: 67108864
2019/10/17-14:55:03.932791 7fc3a9fcb700  Options.max_write_buffer_number: 2
2019/10/17-14:55:03.932791 7fc3a9fcb700          Options.compression: NoCompression
2019/10/17-14:55:03.932792 7fc3a9fcb700                  Options.bottommost_compression: Disabled
2019/10/17-14:55:03.932792 7fc3a9fcb700       Options.prefix_extractor: nullptr
2019/10/17-14:55:03.932793 7fc3a9fcb700   Options.memtable_insert_with_hint_prefix_extractor: nullptr
2019/10/17-14:55:03.932794 7fc3a9fcb700             Options.num_levels: 7
2019/10/17-14:55:03.932794 7fc3a9fcb700        Options.min_write_buffer_number_to_merge: 1
2019/10/17-14:55:03.932795 7fc3a9fcb700     Options.max_write_buffer_number_to_maintain: 0
2019/10/17-14:55:03.932795 7fc3a9fcb700            Options.bottommost_compression_opts.window_bits: -14
2019/10/17-14:55:03.932796 7fc3a9fcb700                  Options.bottommost_compression_opts.level: 32767
2019/10/17-14:55:03.932796 7fc3a9fcb700               Options.bottommost_compression_opts.strategy: 0
2019/10/17-14:55:03.932797 7fc3a9fcb700         Options.bottommost_compression_opts.max_dict_bytes: 0
2019/10/17-14:55:03.932797 7fc3a9fcb700         Options.bottommost_compression_opts.zstd_max_train_bytes: 0
2019/10/17-14:55:03.932798 7fc3a9fcb700                  Options.bottommost_compression_opts.enabled: false
2019/10/17-14:55:03.932798 7fc3a9fcb700            Options.compression_opts.window_bits: -14
2019/10/17-14:55:03.932799 7fc3a9fcb700                  Options.compression_opts.level: 32767
2019/10/17-14:55:03.932799 7fc3a9fcb700               Options.compression_opts.strategy: 0
2019/10/17-14:55:03.932800 7fc3a9fcb700         Options.compression_opts.max_dict_bytes: 0
2019/10/17-14:55:03.932800 7fc3a9fcb700         Options.compression_opts.zstd_max_train_bytes: 0
2019/10/17-14:55:03.932801 7fc3a9fcb700                  Options.compression_opts.enabled: false
2019/10/17-14:55:03.932802 7fc3a9fcb700      Options.level0_file_num_compaction_trigger: 4
2019/10/17-14:55:03.932802 7fc3a9fcb700          Options.level0_slowdown_writes_trigger: 20
2019/10/17-14:55:03.932803 7fc3a9fcb700              Options.level0_stop_writes_trigger: 36
2019/10/17-14:55:03.932803 7fc3a9fcb700                   Options.target_file_size_base: 67108864
2019/10/17-14:55:03.932804 7fc3a9fcb700             Options.target_file_size_multiplier: 1
2019/10/17-14:55:03.932804 7fc3a9fcb700                Options.max_bytes_for_level_base: 268435456
2019/10/17-14:55:03.932805 7fc3a9fcb700 Options.level_compaction_dynamic_level_bytes: 0
2019/10/17-14:55:03.932805 7fc3a9fcb700          Options.max_bytes_for_level_multiplier: 10.000000
2019/10/17-14:55:03.932806 7fc3a9fcb700 Options.max_bytes_for_level_multiplier_addtl[0]: 1
2019/10/17-14:55:03.932807 7fc3a9fcb700 Options.max_bytes_for_level_multiplier_addtl[1]: 1
2019/10/17-14:55:03.932807 7fc3a9fcb700 Options.max_bytes_for_level_multiplier_addtl[2]: 1
2019/10/17-14:55:03.932808 7fc3a9fcb700 Options.max_bytes_for_level_multiplier_addtl[3]: 1
2019/10/17-14:55:03.932808 7fc3a9fcb700 Options.max_bytes_for_level_multiplier_addtl[4]: 1
2019/10/17-14:55:03.932809 7fc3a9fcb700 Options.max_bytes_for_level_multiplier_addtl[5]: 1
2019/10/17-14:55:03.932810 7fc3a9fcb700 Options.max_bytes_for_level_multiplier_addtl[6]: 1
2019/10/17-14:55:03.932810 7fc3a9fcb700       Options.max_sequential_skip_in_iterations: 8
2019/10/17-14:55:03.932811 7fc3a9fcb700                    Options.max_compaction_bytes: 1677721600
2019/10/17-14:55:03.932811 7fc3a9fcb700                        Options.arena_block_size: 8388608
2019/10/17-14:55:03.932812 7fc3a9fcb700   Options.soft_pending_compaction_bytes_limit: 68719476736
2019/10/17-14:55:03.932815 7fc3a9fcb700   Options.hard_pending_compaction_bytes_limit: 274877906944
2019/10/17-14:55:03.932815 7fc3a9fcb700       Options.rate_limit_delay_max_milliseconds: 100
2019/10/17-14:55:03.932816 7fc3a9fcb700                Options.disable_auto_compactions: 0
2019/10/17-14:55:03.932817 7fc3a9fcb700                        Options.compaction_style: kCompactionStyleLevel
2019/10/17-14:55:03.932817 7fc3a9fcb700                          Options.compaction_pri: kByCompensatedSize
2019/10/17-14:55:03.932818 7fc3a9fcb700 Options.compaction_options_universal.size_ratio: 1
2019/10/17-14:55:03.932818 7fc3a9fcb700 Options.compaction_options_universal.min_merge_width: 2
2019/10/17-14:55:03.932819 7fc3a9fcb700 Options.compaction_options_universal.max_merge_width: 4294967295
2019/10/17-14:55:03.932819 7fc3a9fcb700 Options.compaction_options_universal.max_size_amplification_percent: 200
2019/10/17-14:55:03.932820 7fc3a9fcb700 Options.compaction_options_universal.compression_size_percent: -1
2019/10/17-14:55:03.932821 7fc3a9fcb700 Options.compaction_options_universal.stop_style: kCompactionStopStyleTotalSize
2019/10/17-14:55:03.932821 7fc3a9fcb700 Options.compaction_options_fifo.max_table_files_size: 1073741824
2019/10/17-14:55:03.932822 7fc3a9fcb700 Options.compaction_options_fifo.allow_compaction: 0
2019/10/17-14:55:03.932822 7fc3a9fcb700 Options.compaction_options_fifo.ttl: 0
2019/10/17-14:55:03.932823 7fc3a9fcb700                   Options.table_properties_collectors: 
2019/10/17-14:55:03.932823 7fc3a9fcb700                   Options.inplace_update_support: 0
2019/10/17-14:55:03.932824 7fc3a9fcb700                 Options.inplace_update_num_locks: 10000
2019/10/17-14:55:03.932824 7fc3a9fcb700               Options.memtable_prefix_bloom_size_ratio: 0.000000
2019/10/17-14:55:03.932825 7fc3a9fcb700   Options.memtable_huge_page_size: 0
2019/10/17-14:55:03.932826 7fc3a9fcb700                           Options.bloom_locality: 0
2019/10/17-14:55:03.932826 7fc3a9fcb700                    Options.max_successive_merges: 0
2019/10/17-14:55:03.932827 7fc3a9fcb700                Options.optimize_filters_for_hits: 0
2019/10/17-14:55:03.932827 7fc3a9fcb700                Options.paranoid_file_checks: 0
2019/10/17-14:55:03.932828 7fc3a9fcb700                Options.force_consistency_checks: 0
2019/10/17-14:55:03.932828 7fc3a9fcb700                Options.report_bg_io_stats: 0
2019/10/17-14:55:03.932829 7fc3a9fcb700                               Options.ttl: 0
2019/10/17-14:55:03.932839 7fc3a9fcb700 [db/column_family.cc:472] --------------- Options for column family [dc_entries]:
2019/10/17-14:55:03.932840 7fc3a9fcb700               Options.comparator: leveldb.BytewiseComparator
2019/10/17-14:55:03.932840 7fc3a9fcb700           Options.merge_operator: None
2019/10/17-14:55:03.932841 7fc3a9fcb700        Options.compaction_filter: None
2019/10/17-14:55:03.932841 7fc3a9fcb700        Options.compaction_filter_factory: None
2019/10/17-14:55:03.932842 7fc3a9fcb700         Options.memtable_factory: SkipListFactory
2019/10/17-14:55:03.932842 7fc3a9fcb700            Options.table_factory: BlockBasedTable
2019/10/17-14:55:03.932849 7fc3a9fcb700            table_factory options:   flush_block_policy_factory: FlushBlockBySizePolicyFactory (0x7fc350054770)
  cache_index_and_filter_blocks: 0
  cache_index_and_filter_blocks_with_high_priority: 0
  pin_l0_filter_and_index_blocks_in_cache: 0
  pin_top_level_index_and_filter: 1
  index_type: 0
  hash_index_allow_collision: 1
  checksum: 1
  no_block_cache: 0
  block_cache: 0x7fc350084e80
  block_cache_name: LRUCache
  block_cache_options:
    capacity : 8388608
    num_shard_bits : 4
    strict_capacity_limit : 0
    memory_allocator : None
    high_pri_pool_ratio: 0.000
  block_cache_compressed: (nil)
  persistent_cache: (nil)
  block_size: 4096
  block_size_deviation: 10
  block_restart_interval: 16
  index_block_restart_interval: 1
  metadata_block_size: 4096
  partition_filters: 0
  use_delta_encoding: 1
  filter_policy: nullptr
  whole_key_filtering: 1
  verify_compression: 0
  read_amp_bytes_per_bit: 0
  format_version: 2
  enable_index_compression: 1
  block_align: 0
2019/10/17-14:55:03.932854 7fc3a9fcb700        Options.write_buffer_size: 67108864
2019/10/17-14:55:03.932854 7fc3a9fcb700  Options.max_write_buffer_number: 2
2019/10/17-14:55:03.932855 7fc3a9fcb700          Options.compression: NoCompression
2019/10/17-14:55:03.932856 7fc3a9fcb700                  Options.bottommost_compression: Disabled
2019/10/17-14:55:03.932856 7fc3a9fcb700       Options.prefix_extractor: nullptr
2019/10/17-14:55:03.932857 7fc3a9fcb700   Options.memtable_insert_with_hint_prefix_extractor: nullptr
2019/10/17-14:55:03.932857 7fc3a9fcb700             Options.num_levels: 7
2019/10/17-14:55:03.932858 7fc3a9fcb700        Options.min_write_buffer_number_to_merge: 1
2019/10/17-14:55:03.932858 7fc3a9fcb700     Options.max_write_buffer_number_to_maintain: 0
2019/10/17-14:55:03.932859 7fc3a9fcb700            Options.bottommost_compression_opts.window_bits: -14
2019/10/17-14:55:03.932859 7fc3a9fcb700                  Options.bottommost_compression_opts.level: 32767
2019/10/17-14:55:03.932860 7fc3a9fcb700               Options.bottommost_compression_opts.strategy: 0
2019/10/17-14:55:03.932860 7fc3a9fcb700         Options.bottommost_compression_opts.max_dict_bytes: 0
2019/10/17-14:55:03.932861 7fc3a9fcb700         Options.bottommost_compression_opts.zstd_max_train_bytes: 0
2019/10/17-14:55:03.932861 7fc3a9fcb700                  Options.bottommost_compression_opts.enabled: false
2019/10/17-14:55:03.932862 7fc3a9fcb700            Options.compression_opts.window_bits: -14
2019/10/17-14:55:03.932862 7fc3a9fcb700                  Options.compression_opts.level: 32767
2019/10/17-14:55:03.932863 7fc3a9fcb700               Options.compression_opts.strategy: 0
2019/10/17-14:55:03.932864 7fc3a9fcb700         Options.compression_opts.max_dict_bytes: 0
2019/10/17-14:55:03.932864 7fc3a9fcb700         Options.compression_opts.zstd_max_train_bytes: 0
2019/10/17-14:55:03.932865 7fc3a9fcb700                  Options.compression_opts.enabled: false
2019/10/17-14:55:03.932865 7fc3a9fcb700      Options.level0_file_num_compaction_trigger: 4
2019/10/17-14:55:03.932866 7fc3a9fcb700          Options.level0_slowdown_writes_trigger: 20
2019/10/17-14:55:03.932866 7fc3a9fcb700              Options.level0_stop_writes_trigger: 36
2019/10/17-14:55:03.932867 7fc3a9fcb700                   Options.target_file_size_base: 67108864
2019/10/17-14:55:03.932867 7fc3a9fcb700             Options.target_file_size_multiplier: 1
2019/10/17-14:55:03.932868 7fc3a9fcb700                Options.max_bytes_for_level_base: 268435456
2019/10/17-14:55:03.932868 7fc3a9fcb700 Options.level_compaction_dynamic_level_bytes: 0
2019/10/17-14:55:03.932869 7fc3a9fcb700          Options.max_bytes_for_level_multiplier: 10.000000
2019/10/17-14:55:03.932870 7fc3a9fcb700 Options.max_bytes_for_level_multiplier_addtl[0]: 1
2019/10/17-14:55:03.932870 7fc3a9fcb700 Options.max_bytes_for_level_multiplier_addtl[1]: 1
2019/10/17-14:55:03.932871 7fc3a9fcb700 Options.max_bytes_for_level_multiplier_addtl[2]: 1
2019/10/17-14:55:03.932871 7fc3a9fcb700 Options.max_bytes_for_level_multiplier_addtl[3]: 1
2019/10/17-14:55:03.932872 7fc3a9fcb700 Options.max_bytes_for_level_multiplier_addtl[4]: 1
2019/10/17-14:55:03.932873 7fc3a9fcb700 Options.max_bytes_for_level_multiplier_addtl[5]: 1
2019/10/17-14:55:03.932873 7fc3a9fcb700 Options.max_bytes_for_level_multiplier_addtl[6]: 1
2019/10/17-14:55:03.932874 7fc3a9fcb700       Options.max_sequential_skip_in_iterations: 8
2019/10/17-14:55:03.932874 7fc3a9fcb700                    Options.max_compaction_bytes: 1677721600
2019/10/17-14:55:03.932875 7fc3a9fcb700                        Options.arena_block_size: 8388608
2019/10/17-14:55:03.932875 7fc3a9fcb700   Options.soft_pending_compaction_bytes_limit: 68719476736
2019/10/17-14:55:03.932876 7fc3a9fcb700   Options.hard_pending_compaction_bytes_limit: 274877906944
2019/10/17-14:55:03.932876 7fc3a9fcb700       Options.rate_limit_delay_max_milliseconds: 100
2019/10/17-14:55:03.932877 7fc3a9fcb700                Options.disable_auto_compactions: 0
2019/10/17-14:55:03.932880 7fc3a9fcb700                        Options.compaction_style: kCompactionStyleLevel
2019/10/17-14:55:03.932881 7fc3a9fcb700                          Options.compaction_pri: kByCompensatedSize
2019/10/17-14:55:03.932882 7fc3a9fcb700 Options.compaction_options_universal.size_ratio: 1
2019/10/17-14:55:03.932882 7fc3a9fcb700 Options.compaction_options_universal.min_merge_width: 2
2019/10/17-14:55:03.932883 7fc3a9fcb700 Options.compaction_options_universal.max_merge_width: 4294967295
2019/10/17-14:55:03.932883 7fc3a9fcb700 Options.compaction_options_universal.max_size_amplification_percent: 200
2019/10/17-14:55:03.932884 7fc3a9fcb700 Options.compaction_options_universal.compression_size_percent: -1
2019/10/17-14:55:03.932884 7fc3a9fcb700 Options.compaction_options_universal.stop_style: kCompactionStopStyleTotalSize
2019/10/17-14:55:03.932885 7fc3a9fcb700 Options.compaction_options_fifo.max_table_files_size: 1073741824
2019/10/17-14:55:03.932885 7fc3a9fcb700 Options.compaction_options_fifo.allow_compaction: 0
2019/10/17-14:55:03.932886 7fc3a9fcb700 Options.compaction_options_fifo.ttl: 0
2019/10/17-14:55:03.932886 7fc3a9fcb700                   Options.table_properties_collectors: 
2019/10/17-14:55:03.932887 7fc3a9fcb700                   Options.inplace_update_support: 0
2019/10/17-14:55:03.932888 7fc3a9fcb700                 Options.inplace_update_num_locks: 10000
2019/10/17-14:55:03.932888 7fc3a9fcb700               Options.memtable_prefix_bloom_size_ratio: 0.000000
2019/10/17-14:55:03.932889 7fc3a9fcb700   Options.memtable_huge_page_size: 0
2019/10/17-14:55:03.932889 7fc3a9fcb700                           Options.bloom_locality: 0
2019/10/17-14:55:03.932890 7fc3a9fcb700                    Options.max_successive_merges: 0
2019/10/17-14:55:03.932890 7fc3a9fcb700                Options.optimize_filters_for_hits: 0
2019/10/17-14:55:03.932891 7fc3a9fcb700                Options.paranoid_file_checks: 0
2019/10/17-14:55:03.932891 7fc3a9fcb700                Options.force_consistency_checks: 0
2019/10/17-14:55:03.932892 7fc3a9fcb700                Options.report_bg_io_stats: 0
2019/10/17-14:55:03.932892 7fc3a9fcb700                               Options.ttl: 0
2019/10/17-14:55:03.932901 7fc3a9fcb700 [db/column_family.cc:472] --------------- Options for column family [htlcs]:
2019/10/17-14:55:03.932902 7fc3a9fcb700               Options.comparator: leveldb.BytewiseComparator
2019/10/17-14:55:03.932902 7fc3a9fcb700           Options.merge_operator: None
2019/10/17-14:55:03.932903 7fc3a9fcb700        Options.compaction_filter: None
2019/10/17-14:55:03.932904 7fc3a9fcb700        Options.compaction_filter_factory: None
2019/10/17-14:55:03.932904 7fc3a9fcb700         Options.memtable_factory: SkipListFactory
2019/10/17-14:55:03.932905 7fc3a9fcb700            Options.table_factory: BlockBasedTable
2019/10/17-14:55:03.932911 7fc3a9fcb700            table_factory options:   flush_block_policy_factory: FlushBlockBySizePolicyFactory (0x7fc3500867d0)
