2019/10/17-14:54:03.660905 7fc3a9fcb700 RocksDB version: 5.18.3
2019/10/17-14:54:03.661053 7fc3a9fcb700 Git sha rocksdb_build_git_sha:@0@
2019/10/17-14:54:03.661057 7fc3a9fcb700 Compile date Sep 19 2019
2019/10/17-14:54:03.661060 7fc3a9fcb700 DB SUMMARY
2019/10/17-14:54:03.662657 7fc3a9fcb700 CURRENT file:  CURRENT
2019/10/17-14:54:03.662661 7fc3a9fcb700 IDENTITY file:  IDENTITY
2019/10/17-14:54:03.662725 7fc3a9fcb700 MANIFEST file:  MANIFEST-114613 size: 4114 Bytes
2019/10/17-14:54:03.662729 7fc3a9fcb700 SST files in /home/rahul/dev/blockchain-core/eqc/ledger.db dir, Total Num: 29, files: 000624.sst 000627.sst 106940.sst 108447.sst 108450.sst 109471.sst 109483.sst 109485.sst 109486.sst 
2019/10/17-14:54:03.662732 7fc3a9fcb700 Write Ahead Log file in /home/rahul/dev/blockchain-core/eqc/ledger.db: 114614.log size: 0 ; 
2019/10/17-14:54:03.662807 7fc3a9fcb700                         Options.error_if_exists: 0
2019/10/17-14:54:03.662810 7fc3a9fcb700                       Options.create_if_missing: 1
2019/10/17-14:54:03.662812 7fc3a9fcb700                         Options.paranoid_checks: 1
2019/10/17-14:54:03.662814 7fc3a9fcb700                                     Options.env: 0x7fc32ae1fc60
2019/10/17-14:54:03.662816 7fc3a9fcb700                                Options.info_log: 0x7fc350070190
2019/10/17-14:54:03.662817 7fc3a9fcb700                Options.max_file_opening_threads: 16
2019/10/17-14:54:03.662819 7fc3a9fcb700                              Options.statistics: (nil)
2019/10/17-14:54:03.662821 7fc3a9fcb700                               Options.use_fsync: 0
2019/10/17-14:54:03.662823 7fc3a9fcb700                       Options.max_log_file_size: 0
2019/10/17-14:54:03.662825 7fc3a9fcb700                  Options.max_manifest_file_size: 1073741824
2019/10/17-14:54:03.662827 7fc3a9fcb700                   Options.log_file_time_to_roll: 0
2019/10/17-14:54:03.662829 7fc3a9fcb700                       Options.keep_log_file_num: 1000
2019/10/17-14:54:03.662831 7fc3a9fcb700                    Options.recycle_log_file_num: 0
2019/10/17-14:54:03.662832 7fc3a9fcb700                         Options.allow_fallocate: 1
2019/10/17-14:54:03.662834 7fc3a9fcb700                        Options.allow_mmap_reads: 0
2019/10/17-14:54:03.662836 7fc3a9fcb700                       Options.allow_mmap_writes: 0
2019/10/17-14:54:03.662837 7fc3a9fcb700                        Options.use_direct_reads: 0
2019/10/17-14:54:03.662839 7fc3a9fcb700                        Options.use_direct_io_for_flush_and_compaction: 0
2019/10/17-14:54:03.662841 7fc3a9fcb700          Options.create_missing_column_families: 0
2019/10/17-14:54:03.662842 7fc3a9fcb700                              Options.db_log_dir: 
2019/10/17-14:54:03.662844 7fc3a9fcb700                                 Options.wal_dir: /home/rahul/dev/blockchain-core/eqc/ledger.db
2019/10/17-14:54:03.662846 7fc3a9fcb700                Options.table_cache_numshardbits: 6
2019/10/17-14:54:03.662847 7fc3a9fcb700                      Options.max_subcompactions: 1
2019/10/17-14:54:03.662849 7fc3a9fcb700                  Options.max_background_flushes: -1
2019/10/17-14:54:03.662851 7fc3a9fcb700                         Options.WAL_ttl_seconds: 0
2019/10/17-14:54:03.662853 7fc3a9fcb700                       Options.WAL_size_limit_MB: 0
2019/10/17-14:54:03.662854 7fc3a9fcb700             Options.manifest_preallocation_size: 4194304
2019/10/17-14:54:03.662856 7fc3a9fcb700                     Options.is_fd_close_on_exec: 1
2019/10/17-14:54:03.662858 7fc3a9fcb700                   Options.advise_random_on_open: 1
2019/10/17-14:54:03.662860 7fc3a9fcb700                    Options.db_write_buffer_size: 0
2019/10/17-14:54:03.662861 7fc3a9fcb700                    Options.write_buffer_manager: 0x7fc35001ff40
2019/10/17-14:54:03.662863 7fc3a9fcb700         Options.access_hint_on_compaction_start: 1
2019/10/17-14:54:03.662865 7fc3a9fcb700  Options.new_table_reader_for_compaction_inputs: 0
2019/10/17-14:54:03.662866 7fc3a9fcb700           Options.random_access_max_buffer_size: 1048576
2019/10/17-14:54:03.662868 7fc3a9fcb700                      Options.use_adaptive_mutex: 0
2019/10/17-14:54:03.662870 7fc3a9fcb700                            Options.rate_limiter: (nil)
2019/10/17-14:54:03.662888 7fc3a9fcb700     Options.sst_file_manager.rate_bytes_per_sec: 0
2019/10/17-14:54:03.662891 7fc3a9fcb700                       Options.wal_recovery_mode: 2
2019/10/17-14:54:03.662892 7fc3a9fcb700                  Options.enable_thread_tracking: 0
2019/10/17-14:54:03.662894 7fc3a9fcb700                  Options.enable_pipelined_write: 0
2019/10/17-14:54:03.662895 7fc3a9fcb700         Options.allow_concurrent_memtable_write: 1
2019/10/17-14:54:03.662897 7fc3a9fcb700      Options.enable_write_thread_adaptive_yield: 1
2019/10/17-14:54:03.662899 7fc3a9fcb700             Options.write_thread_max_yield_usec: 100
2019/10/17-14:54:03.662901 7fc3a9fcb700            Options.write_thread_slow_yield_usec: 3
2019/10/17-14:54:03.662902 7fc3a9fcb700                               Options.row_cache: None
2019/10/17-14:54:03.662904 7fc3a9fcb700                              Options.wal_filter: None
2019/10/17-14:54:03.662906 7fc3a9fcb700             Options.avoid_flush_during_recovery: 0
2019/10/17-14:54:03.662908 7fc3a9fcb700             Options.allow_ingest_behind: 0
2019/10/17-14:54:03.662909 7fc3a9fcb700             Options.preserve_deletes: 0
2019/10/17-14:54:03.662911 7fc3a9fcb700             Options.two_write_queues: 0
2019/10/17-14:54:03.662913 7fc3a9fcb700             Options.manual_wal_flush: 0
2019/10/17-14:54:03.662914 7fc3a9fcb700             Options.max_background_jobs: 2
2019/10/17-14:54:03.662916 7fc3a9fcb700             Options.max_background_compactions: -1
2019/10/17-14:54:03.662918 7fc3a9fcb700             Options.avoid_flush_during_shutdown: 0
2019/10/17-14:54:03.662920 7fc3a9fcb700           Options.writable_file_max_buffer_size: 1048576
2019/10/17-14:54:03.662921 7fc3a9fcb700             Options.delayed_write_rate : 16777216
2019/10/17-14:54:03.662923 7fc3a9fcb700             Options.max_total_wal_size: 0
2019/10/17-14:54:03.662925 7fc3a9fcb700             Options.delete_obsolete_files_period_micros: 21600000000
2019/10/17-14:54:03.662926 7fc3a9fcb700                   Options.stats_dump_period_sec: 600
2019/10/17-14:54:03.662928 7fc3a9fcb700                          Options.max_open_files: -1
2019/10/17-14:54:03.662930 7fc3a9fcb700                          Options.bytes_per_sync: 0
2019/10/17-14:54:03.662931 7fc3a9fcb700                      Options.wal_bytes_per_sync: 0
2019/10/17-14:54:03.662933 7fc3a9fcb700       Options.compaction_readahead_size: 0
2019/10/17-14:54:03.662935 7fc3a9fcb700 Compression algorithms supported:
2019/10/17-14:54:03.662937 7fc3a9fcb700 	kZSTDNotFinalCompression supported: 0
2019/10/17-14:54:03.662939 7fc3a9fcb700 	kZSTD supported: 0
2019/10/17-14:54:03.662941 7fc3a9fcb700 	kXpressCompression supported: 0
2019/10/17-14:54:03.662943 7fc3a9fcb700 	kLZ4HCCompression supported: 0
2019/10/17-14:54:03.662945 7fc3a9fcb700 	kLZ4Compression supported: 0
2019/10/17-14:54:03.662947 7fc3a9fcb700 	kBZip2Compression supported: 0
2019/10/17-14:54:03.662949 7fc3a9fcb700 	kZlibCompression supported: 0
2019/10/17-14:54:03.662950 7fc3a9fcb700 	kSnappyCompression supported: 0
2019/10/17-14:54:03.662954 7fc3a9fcb700 Fast CRC32 supported: Supported on x86
2019/10/17-14:54:03.663156 7fc3a9fcb700 [db/version_set.cc:3507] Recovering from manifest file: MANIFEST-114613
2019/10/17-14:54:03.663228 7fc3a9fcb700 [db/column_family.cc:472] --------------- Options for column family [default]:
2019/10/17-14:54:03.663232 7fc3a9fcb700               Options.comparator: leveldb.BytewiseComparator
2019/10/17-14:54:03.663234 7fc3a9fcb700           Options.merge_operator: None
2019/10/17-14:54:03.663236 7fc3a9fcb700        Options.compaction_filter: None
2019/10/17-14:54:03.663238 7fc3a9fcb700        Options.compaction_filter_factory: None
2019/10/17-14:54:03.663239 7fc3a9fcb700         Options.memtable_factory: SkipListFactory
2019/10/17-14:54:03.663241 7fc3a9fcb700            Options.table_factory: BlockBasedTable
2019/10/17-14:54:03.663273 7fc3a9fcb700            table_factory options:   flush_block_policy_factory: FlushBlockBySizePolicyFactory (0x7fc350078cb0)
  cache_index_and_filter_blocks: 0
  cache_index_and_filter_blocks_with_high_priority: 0
  pin_l0_filter_and_index_blocks_in_cache: 0
  pin_top_level_index_and_filter: 1
  index_type: 0
  hash_index_allow_collision: 1
  checksum: 1
  no_block_cache: 0
  block_cache: 0x7fc3500b1580
  block_cache_name: LRUCache
  block_cache_options:
    capacity : 8388608
    num_shard_bits : 4
    strict_capacity_limit : 0
    memory_allocator : None
    high_pri_pool_ratio: 0.000
  block_cache_compressed: (nil)
  persistent_cache: (nil)
  block_size: 4096
  block_size_deviation: 10
  block_restart_interval: 16
  index_block_restart_interval: 1
  metadata_block_size: 4096
  partition_filters: 0
  use_delta_encoding: 1
  filter_policy: nullptr
  whole_key_filtering: 1
  verify_compression: 0
  read_amp_bytes_per_bit: 0
  format_version: 2
  enable_index_compression: 1
  block_align: 0
2019/10/17-14:54:03.663293 7fc3a9fcb700        Options.write_buffer_size: 67108864
2019/10/17-14:54:03.663295 7fc3a9fcb700  Options.max_write_buffer_number: 2
2019/10/17-14:54:03.663297 7fc3a9fcb700          Options.compression: NoCompression
2019/10/17-14:54:03.663299 7fc3a9fcb700                  Options.bottommost_compression: Disabled
2019/10/17-14:54:03.663301 7fc3a9fcb700       Options.prefix_extractor: nullptr
2019/10/17-14:54:03.663303 7fc3a9fcb700   Options.memtable_insert_with_hint_prefix_extractor: nullptr
2019/10/17-14:54:03.663304 7fc3a9fcb700             Options.num_levels: 7
2019/10/17-14:54:03.663306 7fc3a9fcb700        Options.min_write_buffer_number_to_merge: 1
2019/10/17-14:54:03.663308 7fc3a9fcb700     Options.max_write_buffer_number_to_maintain: 0
2019/10/17-14:54:03.663309 7fc3a9fcb700            Options.bottommost_compression_opts.window_bits: -14
2019/10/17-14:54:03.663311 7fc3a9fcb700                  Options.bottommost_compression_opts.level: 32767
2019/10/17-14:54:03.663313 7fc3a9fcb700               Options.bottommost_compression_opts.strategy: 0
2019/10/17-14:54:03.663314 7fc3a9fcb700         Options.bottommost_compression_opts.max_dict_bytes: 0
2019/10/17-14:54:03.663316 7fc3a9fcb700         Options.bottommost_compression_opts.zstd_max_train_bytes: 0
2019/10/17-14:54:03.663318 7fc3a9fcb700                  Options.bottommost_compression_opts.enabled: false
2019/10/17-14:54:03.663319 7fc3a9fcb700            Options.compression_opts.window_bits: -14
2019/10/17-14:54:03.663321 7fc3a9fcb700                  Options.compression_opts.level: 32767
2019/10/17-14:54:03.663323 7fc3a9fcb700               Options.compression_opts.strategy: 0
2019/10/17-14:54:03.663324 7fc3a9fcb700         Options.compression_opts.max_dict_bytes: 0
2019/10/17-14:54:03.663326 7fc3a9fcb700         Options.compression_opts.zstd_max_train_bytes: 0
2019/10/17-14:54:03.663328 7fc3a9fcb700                  Options.compression_opts.enabled: false
2019/10/17-14:54:03.663329 7fc3a9fcb700      Options.level0_file_num_compaction_trigger: 4
2019/10/17-14:54:03.663331 7fc3a9fcb700          Options.level0_slowdown_writes_trigger: 20
2019/10/17-14:54:03.663333 7fc3a9fcb700              Options.level0_stop_writes_trigger: 36
2019/10/17-14:54:03.663334 7fc3a9fcb700                   Options.target_file_size_base: 67108864
2019/10/17-14:54:03.663336 7fc3a9fcb700             Options.target_file_size_multiplier: 1
2019/10/17-14:54:03.663338 7fc3a9fcb700                Options.max_bytes_for_level_base: 268435456
2019/10/17-14:54:03.663340 7fc3a9fcb700 Options.level_compaction_dynamic_level_bytes: 0
2019/10/17-14:54:03.663341 7fc3a9fcb700          Options.max_bytes_for_level_multiplier: 10.000000
2019/10/17-14:54:03.663346 7fc3a9fcb700 Options.max_bytes_for_level_multiplier_addtl[0]: 1
2019/10/17-14:54:03.663347 7fc3a9fcb700 Options.max_bytes_for_level_multiplier_addtl[1]: 1
2019/10/17-14:54:03.663349 7fc3a9fcb700 Options.max_bytes_for_level_multiplier_addtl[2]: 1
2019/10/17-14:54:03.663351 7fc3a9fcb700 Options.max_bytes_for_level_multiplier_addtl[3]: 1
2019/10/17-14:54:03.663353 7fc3a9fcb700 Options.max_bytes_for_level_multiplier_addtl[4]: 1
2019/10/17-14:54:03.663362 7fc3a9fcb700 Options.max_bytes_for_level_multiplier_addtl[5]: 1
2019/10/17-14:54:03.663364 7fc3a9fcb700 Options.max_bytes_for_level_multiplier_addtl[6]: 1
2019/10/17-14:54:03.663366 7fc3a9fcb700       Options.max_sequential_skip_in_iterations: 8
2019/10/17-14:54:03.663368 7fc3a9fcb700                    Options.max_compaction_bytes: 1677721600
2019/10/17-14:54:03.663369 7fc3a9fcb700                        Options.arena_block_size: 8388608
2019/10/17-14:54:03.663371 7fc3a9fcb700   Options.soft_pending_compaction_bytes_limit: 68719476736
2019/10/17-14:54:03.663373 7fc3a9fcb700   Options.hard_pending_compaction_bytes_limit: 274877906944
2019/10/17-14:54:03.663375 7fc3a9fcb700       Options.rate_limit_delay_max_milliseconds: 100
2019/10/17-14:54:03.663376 7fc3a9fcb700                Options.disable_auto_compactions: 0
2019/10/17-14:54:03.663379 7fc3a9fcb700                        Options.compaction_style: kCompactionStyleLevel
2019/10/17-14:54:03.663382 7fc3a9fcb700                          Options.compaction_pri: kByCompensatedSize
2019/10/17-14:54:03.663383 7fc3a9fcb700 Options.compaction_options_universal.size_ratio: 1
2019/10/17-14:54:03.663385 7fc3a9fcb700 Options.compaction_options_universal.min_merge_width: 2
2019/10/17-14:54:03.663387 7fc3a9fcb700 Options.compaction_options_universal.max_merge_width: 4294967295
2019/10/17-14:54:03.663389 7fc3a9fcb700 Options.compaction_options_universal.max_size_amplification_percent: 200
2019/10/17-14:54:03.663390 7fc3a9fcb700 Options.compaction_options_universal.compression_size_percent: -1
2019/10/17-14:54:03.663393 7fc3a9fcb700 Options.compaction_options_universal.stop_style: kCompactionStopStyleTotalSize
2019/10/17-14:54:03.663394 7fc3a9fcb700 Options.compaction_options_fifo.max_table_files_size: 1073741824
2019/10/17-14:54:03.663396 7fc3a9fcb700 Options.compaction_options_fifo.allow_compaction: 0
2019/10/17-14:54:03.663398 7fc3a9fcb700 Options.compaction_options_fifo.ttl: 0
2019/10/17-14:54:03.663399 7fc3a9fcb700                   Options.table_properties_collectors: 
2019/10/17-14:54:03.663401 7fc3a9fcb700                   Options.inplace_update_support: 0
2019/10/17-14:54:03.663403 7fc3a9fcb700                 Options.inplace_update_num_locks: 10000
2019/10/17-14:54:03.663405 7fc3a9fcb700               Options.memtable_prefix_bloom_size_ratio: 0.000000
2019/10/17-14:54:03.663407 7fc3a9fcb700   Options.memtable_huge_page_size: 0
2019/10/17-14:54:03.663409 7fc3a9fcb700                           Options.bloom_locality: 0
2019/10/17-14:54:03.663410 7fc3a9fcb700                    Options.max_successive_merges: 0
2019/10/17-14:54:03.663412 7fc3a9fcb700                Options.optimize_filters_for_hits: 0
2019/10/17-14:54:03.663414 7fc3a9fcb700                Options.paranoid_file_checks: 0
2019/10/17-14:54:03.663415 7fc3a9fcb700                Options.force_consistency_checks: 0
2019/10/17-14:54:03.663417 7fc3a9fcb700                Options.report_bg_io_stats: 0
2019/10/17-14:54:03.663419 7fc3a9fcb700                               Options.ttl: 0
2019/10/17-14:54:03.663475 7fc3a9fcb700 [db/column_family.cc:472] --------------- Options for column family [active_gateways]:
2019/10/17-14:54:03.663479 7fc3a9fcb700               Options.comparator: leveldb.BytewiseComparator
2019/10/17-14:54:03.663480 7fc3a9fcb700           Options.merge_operator: None
2019/10/17-14:54:03.663482 7fc3a9fcb700        Options.compaction_filter: None
2019/10/17-14:54:03.663484 7fc3a9fcb700        Options.compaction_filter_factory: None
2019/10/17-14:54:03.663485 7fc3a9fcb700         Options.memtable_factory: SkipListFactory
2019/10/17-14:54:03.663487 7fc3a9fcb700            Options.table_factory: BlockBasedTable
2019/10/17-14:54:03.663511 7fc3a9fcb700            table_factory options:   flush_block_policy_factory: FlushBlockBySizePolicyFactory (0x7fc350014230)
  cache_index_and_filter_blocks: 0
  cache_index_and_filter_blocks_with_high_priority: 0
  pin_l0_filter_and_index_blocks_in_cache: 0
  pin_top_level_index_and_filter: 1
  index_type: 0
  hash_index_allow_collision: 1
  checksum: 1
  no_block_cache: 0
  block_cache: 0x7fc350011ca0
  block_cache_name: LRUCache
  block_cache_options:
    capacity : 8388608
    num_shard_bits : 4
    strict_capacity_limit : 0
    memory_allocator : None
    high_pri_pool_ratio: 0.000
  block_cache_compressed: (nil)
  persistent_cache: (nil)
  block_size: 4096
  block_size_deviation: 10
  block_restart_interval: 16
  index_block_restart_interval: 1
  metadata_block_size: 4096
  partition_filters: 0
  use_delta_encoding: 1
  filter_policy: nullptr
  whole_key_filtering: 1
  verify_compression: 0
  read_amp_bytes_per_bit: 0
  format_version: 2
  enable_index_compression: 1
  block_align: 0
2019/10/17-14:54:03.663526 7fc3a9fcb700        Options.write_buffer_size: 67108864
2019/10/17-14:54:03.663528 7fc3a9fcb700  Options.max_write_buffer_number: 2
2019/10/17-14:54:03.663530 7fc3a9fcb700          Options.compression: NoCompression
2019/10/17-14:54:03.663531 7fc3a9fcb700                  Options.bottommost_compression: Disabled
2019/10/17-14:54:03.663533 7fc3a9fcb700       Options.prefix_extractor: nullptr
2019/10/17-14:54:03.663535 7fc3a9fcb700   Options.memtable_insert_with_hint_prefix_extractor: nullptr
2019/10/17-14:54:03.663536 7fc3a9fcb700             Options.num_levels: 7
2019/10/17-14:54:03.663538 7fc3a9fcb700        Options.min_write_buffer_number_to_merge: 1
2019/10/17-14:54:03.663540 7fc3a9fcb700     Options.max_write_buffer_number_to_maintain: 0
2019/10/17-14:54:03.663541 7fc3a9fcb700            Options.bottommost_compression_opts.window_bits: -14
2019/10/17-14:54:03.663543 7fc3a9fcb700                  Options.bottommost_compression_opts.level: 32767
2019/10/17-14:54:03.663545 7fc3a9fcb700               Options.bottommost_compression_opts.strategy: 0
2019/10/17-14:54:03.663546 7fc3a9fcb700         Options.bottommost_compression_opts.max_dict_bytes: 0
2019/10/17-14:54:03.663548 7fc3a9fcb700         Options.bottommost_compression_opts.zstd_max_train_bytes: 0
2019/10/17-14:54:03.663550 7fc3a9fcb700                  Options.bottommost_compression_opts.enabled: false
2019/10/17-14:54:03.663551 7fc3a9fcb700            Options.compression_opts.window_bits: -14
2019/10/17-14:54:03.663553 7fc3a9fcb700                  Options.compression_opts.level: 32767
2019/10/17-14:54:03.663555 7fc3a9fcb700               Options.compression_opts.strategy: 0
2019/10/17-14:54:03.663556 7fc3a9fcb700         Options.compression_opts.max_dict_bytes: 0
2019/10/17-14:54:03.663558 7fc3a9fcb700         Options.compression_opts.zstd_max_train_bytes: 0
2019/10/17-14:54:03.663560 7fc3a9fcb700                  Options.compression_opts.enabled: false
2019/10/17-14:54:03.663561 7fc3a9fcb700      Options.level0_file_num_compaction_trigger: 4
2019/10/17-14:54:03.663563 7fc3a9fcb700          Options.level0_slowdown_writes_trigger: 20
2019/10/17-14:54:03.663564 7fc3a9fcb700              Options.level0_stop_writes_trigger: 36
2019/10/17-14:54:03.663566 7fc3a9fcb700                   Options.target_file_size_base: 67108864
2019/10/17-14:54:03.663568 7fc3a9fcb700             Options.target_file_size_multiplier: 1
2019/10/17-14:54:03.663569 7fc3a9fcb700                Options.max_bytes_for_level_base: 268435456
2019/10/17-14:54:03.663571 7fc3a9fcb700 Options.level_compaction_dynamic_level_bytes: 0
2019/10/17-14:54:03.663573 7fc3a9fcb700          Options.max_bytes_for_level_multiplier: 10.000000
2019/10/17-14:54:03.663576 7fc3a9fcb700 Options.max_bytes_for_level_multiplier_addtl[0]: 1
2019/10/17-14:54:03.663578 7fc3a9fcb700 Options.max_bytes_for_level_multiplier_addtl[1]: 1
2019/10/17-14:54:03.663579 7fc3a9fcb700 Options.max_bytes_for_level_multiplier_addtl[2]: 1
2019/10/17-14:54:03.663581 7fc3a9fcb700 Options.max_bytes_for_level_multiplier_addtl[3]: 1
2019/10/17-14:54:03.663583 7fc3a9fcb700 Options.max_bytes_for_level_multiplier_addtl[4]: 1
2019/10/17-14:54:03.663584 7fc3a9fcb700 Options.max_bytes_for_level_multiplier_addtl[5]: 1
2019/10/17-14:54:03.663586 7fc3a9fcb700 Options.max_bytes_for_level_multiplier_addtl[6]: 1
2019/10/17-14:54:03.663588 7fc3a9fcb700       Options.max_sequential_skip_in_iterations: 8
2019/10/17-14:54:03.663597 7fc3a9fcb700                    Options.max_compaction_bytes: 1677721600
2019/10/17-14:54:03.663599 7fc3a9fcb700                        Options.arena_block_size: 8388608
2019/10/17-14:54:03.663601 7fc3a9fcb700   Options.soft_pending_compaction_bytes_limit: 68719476736
2019/10/17-14:54:03.663603 7fc3a9fcb700   Options.hard_pending_compaction_bytes_limit: 274877906944
2019/10/17-14:54:03.663604 7fc3a9fcb700       Options.rate_limit_delay_max_milliseconds: 100
2019/10/17-14:54:03.663606 7fc3a9fcb700                Options.disable_auto_compactions: 0
2019/10/17-14:54:03.663608 7fc3a9fcb700                        Options.compaction_style: kCompactionStyleLevel
2019/10/17-14:54:03.663610 7fc3a9fcb700                          Options.compaction_pri: kByCompensatedSize
2019/10/17-14:54:03.663612 7fc3a9fcb700 Options.compaction_options_universal.size_ratio: 1
2019/10/17-14:54:03.663614 7fc3a9fcb700 Options.compaction_options_universal.min_merge_width: 2
2019/10/17-14:54:03.663615 7fc3a9fcb700 Options.compaction_options_universal.max_merge_width: 4294967295
2019/10/17-14:54:03.663617 7fc3a9fcb700 Options.compaction_options_universal.max_size_amplification_percent: 200
2019/10/17-14:54:03.663619 7fc3a9fcb700 Options.compaction_options_universal.compression_size_percent: -1
2019/10/17-14:54:03.663620 7fc3a9fcb700 Options.compaction_options_universal.stop_style: kCompactionStopStyleTotalSize
2019/10/17-14:54:03.663622 7fc3a9fcb700 Options.compaction_options_fifo.max_table_files_size: 1073741824
2019/10/17-14:54:03.663624 7fc3a9fcb700 Options.compaction_options_fifo.allow_compaction: 0
2019/10/17-14:54:03.663625 7fc3a9fcb700 Options.compaction_options_fifo.ttl: 0
2019/10/17-14:54:03.663627 7fc3a9fcb700                   Options.table_properties_collectors: 
2019/10/17-14:54:03.663629 7fc3a9fcb700                   Options.inplace_update_support: 0
2019/10/17-14:54:03.663630 7fc3a9fcb700                 Options.inplace_update_num_locks: 10000
2019/10/17-14:54:03.663632 7fc3a9fcb700               Options.memtable_prefix_bloom_size_ratio: 0.000000
2019/10/17-14:54:03.663635 7fc3a9fcb700   Options.memtable_huge_page_size: 0
2019/10/17-14:54:03.663636 7fc3a9fcb700                           Options.bloom_locality: 0
2019/10/17-14:54:03.663638 7fc3a9fcb700                    Options.max_successive_merges: 0
2019/10/17-14:54:03.663639 7fc3a9fcb700                Options.optimize_filters_for_hits: 0
2019/10/17-14:54:03.663641 7fc3a9fcb700                Options.paranoid_file_checks: 0
2019/10/17-14:54:03.663643 7fc3a9fcb700                Options.force_consistency_checks: 0
2019/10/17-14:54:03.663644 7fc3a9fcb700                Options.report_bg_io_stats: 0
2019/10/17-14:54:03.663646 7fc3a9fcb700                               Options.ttl: 0
2019/10/17-14:54:03.663681 7fc3a9fcb700 [db/column_family.cc:472] --------------- Options for column family [entries]:
2019/10/17-14:54:03.663684 7fc3a9fcb700               Options.comparator: leveldb.BytewiseComparator
2019/10/17-14:54:03.663686 7fc3a9fcb700           Options.merge_operator: None
2019/10/17-14:54:03.663688 7fc3a9fcb700        Options.compaction_filter: None
2019/10/17-14:54:03.663689 7fc3a9fcb700        Options.compaction_filter_factory: None
2019/10/17-14:54:03.663691 7fc3a9fcb700         Options.memtable_factory: SkipListFactory
2019/10/17-14:54:03.663693 7fc3a9fcb700            Options.table_factory: BlockBasedTable
2019/10/17-14:54:03.663715 7fc3a9fcb700            table_factory options:   flush_block_policy_factory: FlushBlockBySizePolicyFactory (0x7fc350014210)
  cache_index_and_filter_blocks: 0
  cache_index_and_filter_blocks_with_high_priority: 0
  pin_l0_filter_and_index_blocks_in_cache: 0
  pin_top_level_index_and_filter: 1
  index_type: 0
  hash_index_allow_collision: 1
  checksum: 1
  no_block_cache: 0
  block_cache: 0x7fc3500d78b0
  block_cache_name: LRUCache
  block_cache_options:
    capacity : 8388608
    num_shard_bits : 4
    strict_capacity_limit : 0
    memory_allocator : None
    high_pri_pool_ratio: 0.000
  block_cache_compressed: (nil)
  persistent_cache: (nil)
  block_size: 4096
  block_size_deviation: 10
  block_restart_interval: 16
  index_block_restart_interval: 1
  metadata_block_size: 4096
  partition_filters: 0
  use_delta_encoding: 1
  filter_policy: nullptr
  whole_key_filtering: 1
  verify_compression: 0
  read_amp_bytes_per_bit: 0
  format_version: 2
  enable_index_compression: 1
  block_align: 0
2019/10/17-14:54:03.663728 7fc3a9fcb700        Options.write_buffer_size: 67108864
2019/10/17-14:54:03.663730 7fc3a9fcb700  Options.max_write_buffer_number: 2
2019/10/17-14:54:03.663732 7fc3a9fcb700          Options.compression: NoCompression
2019/10/17-14:54:03.663733 7fc3a9fcb700                  Options.bottommost_compression: Disabled
2019/10/17-14:54:03.663735 7fc3a9fcb700       Options.prefix_extractor: nullptr
2019/10/17-14:54:03.663737 7fc3a9fcb700   Options.memtable_insert_with_hint_prefix_extractor: nullptr
2019/10/17-14:54:03.663738 7fc3a9fcb700             Options.num_levels: 7
2019/10/17-14:54:03.663740 7fc3a9fcb700        Options.min_write_buffer_number_to_merge: 1
2019/10/17-14:54:03.663742 7fc3a9fcb700     Options.max_write_buffer_number_to_maintain: 0
2019/10/17-14:54:03.663743 7fc3a9fcb700            Options.bottommost_compression_opts.window_bits: -14
2019/10/17-14:54:03.663745 7fc3a9fcb700                  Options.bottommost_compression_opts.level: 32767
2019/10/17-14:54:03.663747 7fc3a9fcb700               Options.bottommost_compression_opts.strategy: 0
2019/10/17-14:54:03.663748 7fc3a9fcb700         Options.bottommost_compression_opts.max_dict_bytes: 0
2019/10/17-14:54:03.663750 7fc3a9fcb700         Options.bottommost_compression_opts.zstd_max_train_bytes: 0
2019/10/17-14:54:03.663751 7fc3a9fcb700                  Options.bottommost_compression_opts.enabled: false
2019/10/17-14:54:03.663753 7fc3a9fcb700            Options.compression_opts.window_bits: -14
2019/10/17-14:54:03.663755 7fc3a9fcb700                  Options.compression_opts.level: 32767
2019/10/17-14:54:03.663756 7fc3a9fcb700               Options.compression_opts.strategy: 0
2019/10/17-14:54:03.663758 7fc3a9fcb700         Options.compression_opts.max_dict_bytes: 0
2019/10/17-14:54:03.663760 7fc3a9fcb700         Options.compression_opts.zstd_max_train_bytes: 0
2019/10/17-14:54:03.663761 7fc3a9fcb700                  Options.compression_opts.enabled: false
2019/10/17-14:54:03.663763 7fc3a9fcb700      Options.level0_file_num_compaction_trigger: 4
2019/10/17-14:54:03.663765 7fc3a9fcb700          Options.level0_slowdown_writes_trigger: 20
2019/10/17-14:54:03.663766 7fc3a9fcb700              Options.level0_stop_writes_trigger: 36
2019/10/17-14:54:03.663768 7fc3a9fcb700                   Options.target_file_size_base: 67108864
2019/10/17-14:54:03.663770 7fc3a9fcb700             Options.target_file_size_multiplier: 1
2019/10/17-14:54:03.663771 7fc3a9fcb700                Options.max_bytes_for_level_base: 268435456
2019/10/17-14:54:03.663773 7fc3a9fcb700 Options.level_compaction_dynamic_level_bytes: 0
2019/10/17-14:54:03.663774 7fc3a9fcb700          Options.max_bytes_for_level_multiplier: 10.000000
2019/10/17-14:54:03.663777 7fc3a9fcb700 Options.max_bytes_for_level_multiplier_addtl[0]: 1
2019/10/17-14:54:03.663779 7fc3a9fcb700 Options.max_bytes_for_level_multiplier_addtl[1]: 1
2019/10/17-14:54:03.663781 7fc3a9fcb700 Options.max_bytes_for_level_multiplier_addtl[2]: 1
2019/10/17-14:54:03.663782 7fc3a9fcb700 Options.max_bytes_for_level_multiplier_addtl[3]: 1
2019/10/17-14:54:03.663784 7fc3a9fcb700 Options.max_bytes_for_level_multiplier_addtl[4]: 1
2019/10/17-14:54:03.663786 7fc3a9fcb700 Options.max_bytes_for_level_multiplier_addtl[5]: 1
2019/10/17-14:54:03.663787 7fc3a9fcb700 Options.max_bytes_for_level_multiplier_addtl[6]: 1
2019/10/17-14:54:03.663789 7fc3a9fcb700       Options.max_sequential_skip_in_iterations: 8
2019/10/17-14:54:03.663791 7fc3a9fcb700                    Options.max_compaction_bytes: 1677721600
2019/10/17-14:54:03.663792 7fc3a9fcb700                        Options.arena_block_size: 8388608
2019/10/17-14:54:03.663794 7fc3a9fcb700   Options.soft_pending_compaction_bytes_limit: 68719476736
2019/10/17-14:54:03.663803 7fc3a9fcb700   Options.hard_pending_compaction_bytes_limit: 274877906944
2019/10/17-14:54:03.663805 7fc3a9fcb700       Options.rate_limit_delay_max_milliseconds: 100
2019/10/17-14:54:03.663807 7fc3a9fcb700                Options.disable_auto_compactions: 0
2019/10/17-14:54:03.663809 7fc3a9fcb700                        Options.compaction_style: kCompactionStyleLevel
2019/10/17-14:54:03.663812 7fc3a9fcb700                          Options.compaction_pri: kByCompensatedSize
2019/10/17-14:54:03.663813 7fc3a9fcb700 Options.compaction_options_universal.size_ratio: 1
2019/10/17-14:54:03.663815 7fc3a9fcb700 Options.compaction_options_universal.min_merge_width: 2
2019/10/17-14:54:03.663817 7fc3a9fcb700 Options.compaction_options_universal.max_merge_width: 4294967295
2019/10/17-14:54:03.663818 7fc3a9fcb700 Options.compaction_options_universal.max_size_amplification_percent: 200
2019/10/17-14:54:03.663820 7fc3a9fcb700 Options.compaction_options_universal.compression_size_percent: -1
2019/10/17-14:54:03.663822 7fc3a9fcb700 Options.compaction_options_universal.stop_style: kCompactionStopStyleTotalSize
2019/10/17-14:54:03.663823 7fc3a9fcb700 Options.compaction_options_fifo.max_table_files_size: 1073741824
2019/10/17-14:54:03.663825 7fc3a9fcb700 Options.compaction_options_fifo.allow_compaction: 0
2019/10/17-14:54:03.663827 7fc3a9fcb700 Options.compaction_options_fifo.ttl: 0
2019/10/17-14:54:03.663828 7fc3a9fcb700                   Options.table_properties_collectors: 
2019/10/17-14:54:03.663830 7fc3a9fcb700                   Options.inplace_update_support: 0
2019/10/17-14:54:03.663832 7fc3a9fcb700                 Options.inplace_update_num_locks: 10000
2019/10/17-14:54:03.663834 7fc3a9fcb700               Options.memtable_prefix_bloom_size_ratio: 0.000000
2019/10/17-14:54:03.663836 7fc3a9fcb700   Options.memtable_huge_page_size: 0
2019/10/17-14:54:03.663837 7fc3a9fcb700                           Options.bloom_locality: 0
2019/10/17-14:54:03.663839 7fc3a9fcb700                    Options.max_successive_merges: 0
2019/10/17-14:54:03.663841 7fc3a9fcb700                Options.optimize_filters_for_hits: 0
2019/10/17-14:54:03.663842 7fc3a9fcb700                Options.paranoid_file_checks: 0
2019/10/17-14:54:03.663844 7fc3a9fcb700                Options.force_consistency_checks: 0
2019/10/17-14:54:03.663845 7fc3a9fcb700                Options.report_bg_io_stats: 0
2019/10/17-14:54:03.663847 7fc3a9fcb700                               Options.ttl: 0
2019/10/17-14:54:03.663920 7fc3a9fcb700 [db/column_family.cc:472] --------------- Options for column family [dc_entries]:
2019/10/17-14:54:03.663924 7fc3a9fcb700               Options.comparator: leveldb.BytewiseComparator
2019/10/17-14:54:03.663926 7fc3a9fcb700           Options.merge_operator: None
2019/10/17-14:54:03.663928 7fc3a9fcb700        Options.compaction_filter: None
2019/10/17-14:54:03.663929 7fc3a9fcb700        Options.compaction_filter_factory: None
2019/10/17-14:54:03.663931 7fc3a9fcb700         Options.memtable_factory: SkipListFactory
2019/10/17-14:54:03.663933 7fc3a9fcb700            Options.table_factory: BlockBasedTable
2019/10/17-14:54:03.663954 7fc3a9fcb700            table_factory options:   flush_block_policy_factory: FlushBlockBySizePolicyFactory (0x7fc350013b00)
  cache_index_and_filter_blocks: 0
  cache_index_and_filter_blocks_with_high_priority: 0
  pin_l0_filter_and_index_blocks_in_cache: 0
  pin_top_level_index_and_filter: 1
  index_type: 0
  hash_index_allow_collision: 1
  checksum: 1
  no_block_cache: 0
  block_cache: 0x7fc350070a50
  block_cache_name: LRUCache
  block_cache_options:
    capacity : 8388608
    num_shard_bits : 4
    strict_capacity_limit : 0
    memory_allocator : None
    high_pri_pool_ratio: 0.000
  block_cache_compressed: (nil)
  persistent_cache: (nil)
  block_size: 4096
  block_size_deviation: 10
  block_restart_interval: 16
  index_block_restart_interval: 1
  metadata_block_size: 4096
  partition_filters: 0
  use_delta_encoding: 1
  filter_policy: nullptr
  whole_key_filtering: 1
  verify_compression: 0
  read_amp_bytes_per_bit: 0
  format_version: 2
  enable_index_compression: 1
  block_align: 0
2019/10/17-14:54:03.663972 7fc3a9fcb700        Options.write_buffer_size: 67108864
2019/10/17-14:54:03.663974 7fc3a9fcb700  Options.max_write_buffer_number: 2
2019/10/17-14:54:03.663976 7fc3a9fcb700          Options.compression: NoCompression
2019/10/17-14:54:03.663978 7fc3a9fcb700                  Options.bottommost_compression: Disabled
2019/10/17-14:54:03.663980 7fc3a9fcb700       Options.prefix_extractor: nullptr
2019/10/17-14:54:03.663981 7fc3a9fcb700   Options.memtable_insert_with_hint_prefix_extractor: nullptr
2019/10/17-14:54:03.663983 7fc3a9fcb700             Options.num_levels: 7
2019/10/17-14:54:03.663985 7fc3a9fcb700        Options.min_write_buffer_number_to_merge: 1
2019/10/17-14:54:03.663986 7fc3a9fcb700     Options.max_write_buffer_number_to_maintain: 0
2019/10/17-14:54:03.663988 7fc3a9fcb700            Options.bottommost_compression_opts.window_bits: -14
2019/10/17-14:54:03.663990 7fc3a9fcb700                  Options.bottommost_compression_opts.level: 32767
2019/10/17-14:54:03.663991 7fc3a9fcb700               Options.bottommost_compression_opts.strategy: 0
2019/10/17-14:54:03.663993 7fc3a9fcb700         Options.bottommost_compression_opts.max_dict_bytes: 0
2019/10/17-14:54:03.663994 7fc3a9fcb700         Options.bottommost_compression_opts.zstd_max_train_bytes: 0
2019/10/17-14:54:03.663996 7fc3a9fcb700                  Options.bottommost_compression_opts.enabled: false
2019/10/17-14:54:03.663998 7fc3a9fcb700            Options.compression_opts.window_bits: -14
2019/10/17-14:54:03.663999 7fc3a9fcb700                  Options.compression_opts.level: 32767
2019/10/17-14:54:03.664001 7fc3a9fcb700               Options.compression_opts.strategy: 0
2019/10/17-14:54:03.664003 7fc3a9fcb700         Options.compression_opts.max_dict_bytes: 0
2019/10/17-14:54:03.664004 7fc3a9fcb700         Options.compression_opts.zstd_max_train_bytes: 0
2019/10/17-14:54:03.664006 7fc3a9fcb700                  Options.compression_opts.enabled: false
2019/10/17-14:54:03.664008 7fc3a9fcb700      Options.level0_file_num_compaction_trigger: 4
2019/10/17-14:54:03.664009 7fc3a9fcb700          Options.level0_slowdown_writes_trigger: 20
2019/10/17-14:54:03.664011 7fc3a9fcb700              Options.level0_stop_writes_trigger: 36
2019/10/17-14:54:03.664012 7fc3a9fcb700                   Options.target_file_size_base: 67108864
2019/10/17-14:54:03.664014 7fc3a9fcb700             Options.target_file_size_multiplier: 1
2019/10/17-14:54:03.664016 7fc3a9fcb700                Options.max_bytes_for_level_base: 268435456
2019/10/17-14:54:03.664017 7fc3a9fcb700 Options.level_compaction_dynamic_level_bytes: 0
2019/10/17-14:54:03.664019 7fc3a9fcb700          Options.max_bytes_for_level_multiplier: 10.000000
2019/10/17-14:54:03.664022 7fc3a9fcb700 Options.max_bytes_for_level_multiplier_addtl[0]: 1
2019/10/17-14:54:03.664024 7fc3a9fcb700 Options.max_bytes_for_level_multiplier_addtl[1]: 1
2019/10/17-14:54:03.664025 7fc3a9fcb700 Options.max_bytes_for_level_multiplier_addtl[2]: 1
2019/10/17-14:54:03.664027 7fc3a9fcb700 Options.max_bytes_for_level_multiplier_addtl[3]: 1
2019/10/17-14:54:03.664029 7fc3a9fcb700 Options.max_bytes_for_level_multiplier_addtl[4]: 1
2019/10/17-14:54:03.664030 7fc3a9fcb700 Options.max_bytes_for_level_multiplier_addtl[5]: 1
2019/10/17-14:54:03.664032 7fc3a9fcb700 Options.max_bytes_for_level_multiplier_addtl[6]: 1
2019/10/17-14:54:03.664034 7fc3a9fcb700       Options.max_sequential_skip_in_iterations: 8
2019/10/17-14:54:03.664035 7fc3a9fcb700                    Options.max_compaction_bytes: 1677721600
2019/10/17-14:54:03.664037 7fc3a9fcb700                        Options.arena_block_size: 8388608
2019/10/17-14:54:03.664038 7fc3a9fcb700   Options.soft_pending_compaction_bytes_limit: 68719476736
2019/10/17-14:54:03.664040 7fc3a9fcb700   Options.hard_pending_compaction_bytes_limit: 274877906944
2019/10/17-14:54:03.664042 7fc3a9fcb700       Options.rate_limit_delay_max_milliseconds: 100
2019/10/17-14:54:03.664044 7fc3a9fcb700                Options.disable_auto_compactions: 0
2019/10/17-14:54:03.664056 7fc3a9fcb700                        Options.compaction_style: kCompactionStyleLevel
2019/10/17-14:54:03.664058 7fc3a9fcb700                          Options.compaction_pri: kByCompensatedSize
2019/10/17-14:54:03.664060 7fc3a9fcb700 Options.compaction_options_universal.size_ratio: 1
2019/10/17-14:54:03.664062 7fc3a9fcb700 Options.compaction_options_universal.min_merge_width: 2
2019/10/17-14:54:03.664063 7fc3a9fcb700 Options.compaction_options_universal.max_merge_width: 4294967295
2019/10/17-14:54:03.664065 7fc3a9fcb700 Options.compaction_options_universal.max_size_amplification_percent: 200
2019/10/17-14:54:03.664067 7fc3a9fcb700 Options.compaction_options_universal.compression_size_percent: -1
2019/10/17-14:54:03.664069 7fc3a9fcb700 Options.compaction_options_universal.stop_style: kCompactionStopStyleTotalSize
2019/10/17-14:54:03.664070 7fc3a9fcb700 Options.compaction_options_fifo.max_table_files_size: 1073741824
2019/10/17-14:54:03.664072 7fc3a9fcb700 Options.compaction_options_fifo.allow_compaction: 0
2019/10/17-14:54:03.664074 7fc3a9fcb700 Options.compaction_options_fifo.ttl: 0
2019/10/17-14:54:03.664075 7fc3a9fcb700                   Options.table_properties_collectors: 
2019/10/17-14:54:03.664077 7fc3a9fcb700                   Options.inplace_update_support: 0
2019/10/17-14:54:03.664079 7fc3a9fcb700                 Options.inplace_update_num_locks: 10000
2019/10/17-14:54:03.664080 7fc3a9fcb700               Options.memtable_prefix_bloom_size_ratio: 0.000000
2019/10/17-14:54:03.664083 7fc3a9fcb700   Options.memtable_huge_page_size: 0
2019/10/17-14:54:03.664084 7fc3a9fcb700                           Options.bloom_locality: 0
2019/10/17-14:54:03.664086 7fc3a9fcb700                    Options.max_successive_merges: 0
2019/10/17-14:54:03.664088 7fc3a9fcb700                Options.optimize_filters_for_hits: 0
2019/10/17-14:54:03.664089 7fc3a9fcb700                Options.paranoid_file_checks: 0
2019/10/17-14:54:03.664091 7fc3a9fcb700                Options.force_consistency_checks: 0
2019/10/17-14:54:03.664092 7fc3a9fcb700                Options.report_bg_io_stats: 0
2019/10/17-14:54:03.664094 7fc3a9fcb700                               Options.ttl: 0
2019/10/17-14:54:03.664122 7fc3a9fcb700 [db/column_family.cc:472] --------------- Options for column family [htlcs]:
2019/10/17-14:54:03.664125 7fc3a9fcb700               Options.comparator: leveldb.BytewiseComparator
2019/10/17-14:54:03.664127 7fc3a9fcb700           Options.merge_operator: None
2019/10/17-14:54:03.664128 7fc3a9fcb700        Options.compaction_filter: None
2019/10/17-14:54:03.664130 7fc3a9fcb700        Options.compaction_filter_factory: None
2019/10/17-14:54:03.664132 7fc3a9fcb700         Options.memtable_factory: SkipListFactory
2019/10/17-14:54:03.664133 7fc3a9fcb700            Options.table_factory: BlockBasedTable
2019/10/17-14:54:03.664153 7fc3a9fcb700            table_factory options:   flush_block_policy_factory: FlushBlockBySizePolicyFactory (0x7fc35002cbf0)
