2019/10/17-14:54:03.545567 7fc3a9fcb700 RocksDB version: 5.18.3
2019/10/17-14:54:03.545715 7fc3a9fcb700 Git sha rocksdb_build_git_sha:@0@
2019/10/17-14:54:03.545719 7fc3a9fcb700 Compile date Sep 19 2019
2019/10/17-14:54:03.545722 7fc3a9fcb700 DB SUMMARY
2019/10/17-14:54:03.547320 7fc3a9fcb700 CURRENT file:  CURRENT
2019/10/17-14:54:03.547324 7fc3a9fcb700 IDENTITY file:  IDENTITY
2019/10/17-14:54:03.547390 7fc3a9fcb700 MANIFEST file:  MANIFEST-114610 size: 4114 Bytes
2019/10/17-14:54:03.547394 7fc3a9fcb700 SST files in /home/rahul/dev/blockchain-core/eqc/ledger.db dir, Total Num: 29, files: 000624.sst 000627.sst 106940.sst 108447.sst 108450.sst 109471.sst 109483.sst 109485.sst 109486.sst 
2019/10/17-14:54:03.547397 7fc3a9fcb700 Write Ahead Log file in /home/rahul/dev/blockchain-core/eqc/ledger.db: 114611.log size: 0 ; 
2019/10/17-14:54:03.547472 7fc3a9fcb700                         Options.error_if_exists: 0
2019/10/17-14:54:03.547475 7fc3a9fcb700                       Options.create_if_missing: 1
2019/10/17-14:54:03.547476 7fc3a9fcb700                         Options.paranoid_checks: 1
2019/10/17-14:54:03.547478 7fc3a9fcb700                                     Options.env: 0x7fc32ae1fc60
2019/10/17-14:54:03.547480 7fc3a9fcb700                                Options.info_log: 0x7fc3500afd20
2019/10/17-14:54:03.547482 7fc3a9fcb700                Options.max_file_opening_threads: 16
2019/10/17-14:54:03.547484 7fc3a9fcb700                              Options.statistics: (nil)
2019/10/17-14:54:03.547486 7fc3a9fcb700                               Options.use_fsync: 0
2019/10/17-14:54:03.547487 7fc3a9fcb700                       Options.max_log_file_size: 0
2019/10/17-14:54:03.547489 7fc3a9fcb700                  Options.max_manifest_file_size: 1073741824
2019/10/17-14:54:03.547491 7fc3a9fcb700                   Options.log_file_time_to_roll: 0
2019/10/17-14:54:03.547493 7fc3a9fcb700                       Options.keep_log_file_num: 1000
2019/10/17-14:54:03.547495 7fc3a9fcb700                    Options.recycle_log_file_num: 0
2019/10/17-14:54:03.547496 7fc3a9fcb700                         Options.allow_fallocate: 1
2019/10/17-14:54:03.547498 7fc3a9fcb700                        Options.allow_mmap_reads: 0
2019/10/17-14:54:03.547500 7fc3a9fcb700                       Options.allow_mmap_writes: 0
2019/10/17-14:54:03.547501 7fc3a9fcb700                        Options.use_direct_reads: 0
2019/10/17-14:54:03.547503 7fc3a9fcb700                        Options.use_direct_io_for_flush_and_compaction: 0
2019/10/17-14:54:03.547505 7fc3a9fcb700          Options.create_missing_column_families: 0
2019/10/17-14:54:03.547506 7fc3a9fcb700                              Options.db_log_dir: 
2019/10/17-14:54:03.547508 7fc3a9fcb700                                 Options.wal_dir: /home/rahul/dev/blockchain-core/eqc/ledger.db
2019/10/17-14:54:03.547510 7fc3a9fcb700                Options.table_cache_numshardbits: 6
2019/10/17-14:54:03.547511 7fc3a9fcb700                      Options.max_subcompactions: 1
2019/10/17-14:54:03.547513 7fc3a9fcb700                  Options.max_background_flushes: -1
2019/10/17-14:54:03.547515 7fc3a9fcb700                         Options.WAL_ttl_seconds: 0
2019/10/17-14:54:03.547517 7fc3a9fcb700                       Options.WAL_size_limit_MB: 0
2019/10/17-14:54:03.547519 7fc3a9fcb700             Options.manifest_preallocation_size: 4194304
2019/10/17-14:54:03.547520 7fc3a9fcb700                     Options.is_fd_close_on_exec: 1
2019/10/17-14:54:03.547522 7fc3a9fcb700                   Options.advise_random_on_open: 1
2019/10/17-14:54:03.547524 7fc3a9fcb700                    Options.db_write_buffer_size: 0
2019/10/17-14:54:03.547525 7fc3a9fcb700                    Options.write_buffer_manager: 0x7fc350007600
2019/10/17-14:54:03.547527 7fc3a9fcb700         Options.access_hint_on_compaction_start: 1
2019/10/17-14:54:03.547529 7fc3a9fcb700  Options.new_table_reader_for_compaction_inputs: 0
2019/10/17-14:54:03.547530 7fc3a9fcb700           Options.random_access_max_buffer_size: 1048576
2019/10/17-14:54:03.547532 7fc3a9fcb700                      Options.use_adaptive_mutex: 0
2019/10/17-14:54:03.547534 7fc3a9fcb700                            Options.rate_limiter: (nil)
2019/10/17-14:54:03.547553 7fc3a9fcb700     Options.sst_file_manager.rate_bytes_per_sec: 0
2019/10/17-14:54:03.547556 7fc3a9fcb700                       Options.wal_recovery_mode: 2
2019/10/17-14:54:03.547558 7fc3a9fcb700                  Options.enable_thread_tracking: 0
2019/10/17-14:54:03.547559 7fc3a9fcb700                  Options.enable_pipelined_write: 0
2019/10/17-14:54:03.547561 7fc3a9fcb700         Options.allow_concurrent_memtable_write: 1
2019/10/17-14:54:03.547563 7fc3a9fcb700      Options.enable_write_thread_adaptive_yield: 1
2019/10/17-14:54:03.547564 7fc3a9fcb700             Options.write_thread_max_yield_usec: 100
2019/10/17-14:54:03.547566 7fc3a9fcb700            Options.write_thread_slow_yield_usec: 3
2019/10/17-14:54:03.547568 7fc3a9fcb700                               Options.row_cache: None
2019/10/17-14:54:03.547570 7fc3a9fcb700                              Options.wal_filter: None
2019/10/17-14:54:03.547571 7fc3a9fcb700             Options.avoid_flush_during_recovery: 0
2019/10/17-14:54:03.547573 7fc3a9fcb700             Options.allow_ingest_behind: 0
2019/10/17-14:54:03.547575 7fc3a9fcb700             Options.preserve_deletes: 0
2019/10/17-14:54:03.547576 7fc3a9fcb700             Options.two_write_queues: 0
2019/10/17-14:54:03.547578 7fc3a9fcb700             Options.manual_wal_flush: 0
2019/10/17-14:54:03.547580 7fc3a9fcb700             Options.max_background_jobs: 2
2019/10/17-14:54:03.547581 7fc3a9fcb700             Options.max_background_compactions: -1
2019/10/17-14:54:03.547583 7fc3a9fcb700             Options.avoid_flush_during_shutdown: 0
2019/10/17-14:54:03.547585 7fc3a9fcb700           Options.writable_file_max_buffer_size: 1048576
2019/10/17-14:54:03.547586 7fc3a9fcb700             Options.delayed_write_rate : 16777216
2019/10/17-14:54:03.547588 7fc3a9fcb700             Options.max_total_wal_size: 0
2019/10/17-14:54:03.547590 7fc3a9fcb700             Options.delete_obsolete_files_period_micros: 21600000000
2019/10/17-14:54:03.547592 7fc3a9fcb700                   Options.stats_dump_period_sec: 600
2019/10/17-14:54:03.547593 7fc3a9fcb700                          Options.max_open_files: -1
2019/10/17-14:54:03.547595 7fc3a9fcb700                          Options.bytes_per_sync: 0
2019/10/17-14:54:03.547597 7fc3a9fcb700                      Options.wal_bytes_per_sync: 0
2019/10/17-14:54:03.547598 7fc3a9fcb700       Options.compaction_readahead_size: 0
2019/10/17-14:54:03.547600 7fc3a9fcb700 Compression algorithms supported:
2019/10/17-14:54:03.547602 7fc3a9fcb700 	kZSTDNotFinalCompression supported: 0
2019/10/17-14:54:03.547604 7fc3a9fcb700 	kZSTD supported: 0
2019/10/17-14:54:03.547606 7fc3a9fcb700 	kXpressCompression supported: 0
2019/10/17-14:54:03.547608 7fc3a9fcb700 	kLZ4HCCompression supported: 0
2019/10/17-14:54:03.547610 7fc3a9fcb700 	kLZ4Compression supported: 0
2019/10/17-14:54:03.547612 7fc3a9fcb700 	kBZip2Compression supported: 0
2019/10/17-14:54:03.547613 7fc3a9fcb700 	kZlibCompression supported: 0
2019/10/17-14:54:03.547615 7fc3a9fcb700 	kSnappyCompression supported: 0
2019/10/17-14:54:03.547619 7fc3a9fcb700 Fast CRC32 supported: Supported on x86
2019/10/17-14:54:03.547823 7fc3a9fcb700 [db/version_set.cc:3507] Recovering from manifest file: MANIFEST-114610
2019/10/17-14:54:03.547895 7fc3a9fcb700 [db/column_family.cc:472] --------------- Options for column family [default]:
2019/10/17-14:54:03.547899 7fc3a9fcb700               Options.comparator: leveldb.BytewiseComparator
2019/10/17-14:54:03.547901 7fc3a9fcb700           Options.merge_operator: None
2019/10/17-14:54:03.547902 7fc3a9fcb700        Options.compaction_filter: None
2019/10/17-14:54:03.547904 7fc3a9fcb700        Options.compaction_filter_factory: None
2019/10/17-14:54:03.547906 7fc3a9fcb700         Options.memtable_factory: SkipListFactory
2019/10/17-14:54:03.547908 7fc3a9fcb700            Options.table_factory: BlockBasedTable
2019/10/17-14:54:03.547939 7fc3a9fcb700            table_factory options:   flush_block_policy_factory: FlushBlockBySizePolicyFactory (0x7fc350048110)
  cache_index_and_filter_blocks: 0
  cache_index_and_filter_blocks_with_high_priority: 0
  pin_l0_filter_and_index_blocks_in_cache: 0
  pin_top_level_index_and_filter: 1
  index_type: 0
  hash_index_allow_collision: 1
  checksum: 1
  no_block_cache: 0
  block_cache: 0x7fc3500c1ca0
  block_cache_name: LRUCache
  block_cache_options:
    capacity : 8388608
    num_shard_bits : 4
    strict_capacity_limit : 0
    memory_allocator : None
    high_pri_pool_ratio: 0.000
  block_cache_compressed: (nil)
  persistent_cache: (nil)
  block_size: 4096
  block_size_deviation: 10
  block_restart_interval: 16
  index_block_restart_interval: 1
  metadata_block_size: 4096
  partition_filters: 0
  use_delta_encoding: 1
  filter_policy: nullptr
  whole_key_filtering: 1
  verify_compression: 0
  read_amp_bytes_per_bit: 0
  format_version: 2
  enable_index_compression: 1
  block_align: 0
2019/10/17-14:54:03.547959 7fc3a9fcb700        Options.write_buffer_size: 67108864
2019/10/17-14:54:03.547962 7fc3a9fcb700  Options.max_write_buffer_number: 2
2019/10/17-14:54:03.547964 7fc3a9fcb700          Options.compression: NoCompression
2019/10/17-14:54:03.547966 7fc3a9fcb700                  Options.bottommost_compression: Disabled
2019/10/17-14:54:03.547968 7fc3a9fcb700       Options.prefix_extractor: nullptr
2019/10/17-14:54:03.547969 7fc3a9fcb700   Options.memtable_insert_with_hint_prefix_extractor: nullptr
2019/10/17-14:54:03.547971 7fc3a9fcb700             Options.num_levels: 7
2019/10/17-14:54:03.547972 7fc3a9fcb700        Options.min_write_buffer_number_to_merge: 1
2019/10/17-14:54:03.547974 7fc3a9fcb700     Options.max_write_buffer_number_to_maintain: 0
2019/10/17-14:54:03.547976 7fc3a9fcb700            Options.bottommost_compression_opts.window_bits: -14
2019/10/17-14:54:03.547978 7fc3a9fcb700                  Options.bottommost_compression_opts.level: 32767
2019/10/17-14:54:03.547979 7fc3a9fcb700               Options.bottommost_compression_opts.strategy: 0
2019/10/17-14:54:03.547981 7fc3a9fcb700         Options.bottommost_compression_opts.max_dict_bytes: 0
2019/10/17-14:54:03.547983 7fc3a9fcb700         Options.bottommost_compression_opts.zstd_max_train_bytes: 0
2019/10/17-14:54:03.547984 7fc3a9fcb700                  Options.bottommost_compression_opts.enabled: false
2019/10/17-14:54:03.547986 7fc3a9fcb700            Options.compression_opts.window_bits: -14
2019/10/17-14:54:03.547988 7fc3a9fcb700                  Options.compression_opts.level: 32767
2019/10/17-14:54:03.547990 7fc3a9fcb700               Options.compression_opts.strategy: 0
2019/10/17-14:54:03.547991 7fc3a9fcb700         Options.compression_opts.max_dict_bytes: 0
2019/10/17-14:54:03.547993 7fc3a9fcb700         Options.compression_opts.zstd_max_train_bytes: 0
2019/10/17-14:54:03.547994 7fc3a9fcb700                  Options.compression_opts.enabled: false
2019/10/17-14:54:03.547996 7fc3a9fcb700      Options.level0_file_num_compaction_trigger: 4
2019/10/17-14:54:03.547998 7fc3a9fcb700          Options.level0_slowdown_writes_trigger: 20
2019/10/17-14:54:03.547999 7fc3a9fcb700              Options.level0_stop_writes_trigger: 36
2019/10/17-14:54:03.548001 7fc3a9fcb700                   Options.target_file_size_base: 67108864
2019/10/17-14:54:03.548003 7fc3a9fcb700             Options.target_file_size_multiplier: 1
2019/10/17-14:54:03.548005 7fc3a9fcb700                Options.max_bytes_for_level_base: 268435456
2019/10/17-14:54:03.548006 7fc3a9fcb700 Options.level_compaction_dynamic_level_bytes: 0
2019/10/17-14:54:03.548008 7fc3a9fcb700          Options.max_bytes_for_level_multiplier: 10.000000
2019/10/17-14:54:03.548012 7fc3a9fcb700 Options.max_bytes_for_level_multiplier_addtl[0]: 1
2019/10/17-14:54:03.548014 7fc3a9fcb700 Options.max_bytes_for_level_multiplier_addtl[1]: 1
2019/10/17-14:54:03.548016 7fc3a9fcb700 Options.max_bytes_for_level_multiplier_addtl[2]: 1
2019/10/17-14:54:03.548018 7fc3a9fcb700 Options.max_bytes_for_level_multiplier_addtl[3]: 1
2019/10/17-14:54:03.548019 7fc3a9fcb700 Options.max_bytes_for_level_multiplier_addtl[4]: 1
2019/10/17-14:54:03.548030 7fc3a9fcb700 Options.max_bytes_for_level_multiplier_addtl[5]: 1
2019/10/17-14:54:03.548032 7fc3a9fcb700 Options.max_bytes_for_level_multiplier_addtl[6]: 1
2019/10/17-14:54:03.548034 7fc3a9fcb700       Options.max_sequential_skip_in_iterations: 8
2019/10/17-14:54:03.548035 7fc3a9fcb700                    Options.max_compaction_bytes: 1677721600
2019/10/17-14:54:03.548037 7fc3a9fcb700                        Options.arena_block_size: 8388608
2019/10/17-14:54:03.548039 7fc3a9fcb700   Options.soft_pending_compaction_bytes_limit: 68719476736
2019/10/17-14:54:03.548041 7fc3a9fcb700   Options.hard_pending_compaction_bytes_limit: 274877906944
2019/10/17-14:54:03.548043 7fc3a9fcb700       Options.rate_limit_delay_max_milliseconds: 100
2019/10/17-14:54:03.548044 7fc3a9fcb700                Options.disable_auto_compactions: 0
2019/10/17-14:54:03.548047 7fc3a9fcb700                        Options.compaction_style: kCompactionStyleLevel
2019/10/17-14:54:03.548049 7fc3a9fcb700                          Options.compaction_pri: kByCompensatedSize
2019/10/17-14:54:03.548051 7fc3a9fcb700 Options.compaction_options_universal.size_ratio: 1
2019/10/17-14:54:03.548052 7fc3a9fcb700 Options.compaction_options_universal.min_merge_width: 2
2019/10/17-14:54:03.548054 7fc3a9fcb700 Options.compaction_options_universal.max_merge_width: 4294967295
2019/10/17-14:54:03.548056 7fc3a9fcb700 Options.compaction_options_universal.max_size_amplification_percent: 200
2019/10/17-14:54:03.548058 7fc3a9fcb700 Options.compaction_options_universal.compression_size_percent: -1
2019/10/17-14:54:03.548060 7fc3a9fcb700 Options.compaction_options_universal.stop_style: kCompactionStopStyleTotalSize
2019/10/17-14:54:03.548062 7fc3a9fcb700 Options.compaction_options_fifo.max_table_files_size: 1073741824
2019/10/17-14:54:03.548063 7fc3a9fcb700 Options.compaction_options_fifo.allow_compaction: 0
2019/10/17-14:54:03.548065 7fc3a9fcb700 Options.compaction_options_fifo.ttl: 0
2019/10/17-14:54:03.548067 7fc3a9fcb700                   Options.table_properties_collectors: 
2019/10/17-14:54:03.548069 7fc3a9fcb700                   Options.inplace_update_support: 0
2019/10/17-14:54:03.548070 7fc3a9fcb700                 Options.inplace_update_num_locks: 10000
2019/10/17-14:54:03.548072 7fc3a9fcb700               Options.memtable_prefix_bloom_size_ratio: 0.000000
2019/10/17-14:54:03.548075 7fc3a9fcb700   Options.memtable_huge_page_size: 0
2019/10/17-14:54:03.548076 7fc3a9fcb700                           Options.bloom_locality: 0
2019/10/17-14:54:03.548078 7fc3a9fcb700                    Options.max_successive_merges: 0
2019/10/17-14:54:03.548080 7fc3a9fcb700                Options.optimize_filters_for_hits: 0
2019/10/17-14:54:03.548081 7fc3a9fcb700                Options.paranoid_file_checks: 0
2019/10/17-14:54:03.548083 7fc3a9fcb700                Options.force_consistency_checks: 0
2019/10/17-14:54:03.548084 7fc3a9fcb700                Options.report_bg_io_stats: 0
2019/10/17-14:54:03.548086 7fc3a9fcb700                               Options.ttl: 0
2019/10/17-14:54:03.548148 7fc3a9fcb700 [db/column_family.cc:472] --------------- Options for column family [active_gateways]:
2019/10/17-14:54:03.548152 7fc3a9fcb700               Options.comparator: leveldb.BytewiseComparator
2019/10/17-14:54:03.548153 7fc3a9fcb700           Options.merge_operator: None
2019/10/17-14:54:03.548155 7fc3a9fcb700        Options.compaction_filter: None
2019/10/17-14:54:03.548157 7fc3a9fcb700        Options.compaction_filter_factory: None
2019/10/17-14:54:03.548159 7fc3a9fcb700         Options.memtable_factory: SkipListFactory
2019/10/17-14:54:03.548160 7fc3a9fcb700            Options.table_factory: BlockBasedTable
2019/10/17-14:54:03.548184 7fc3a9fcb700            table_factory options:   flush_block_policy_factory: FlushBlockBySizePolicyFactory (0x7fc3500986f0)
  cache_index_and_filter_blocks: 0
  cache_index_and_filter_blocks_with_high_priority: 0
  pin_l0_filter_and_index_blocks_in_cache: 0
  pin_top_level_index_and_filter: 1
  index_type: 0
  hash_index_allow_collision: 1
  checksum: 1
  no_block_cache: 0
  block_cache: 0x7fc3500448f0
  block_cache_name: LRUCache
  block_cache_options:
    capacity : 8388608
    num_shard_bits : 4
    strict_capacity_limit : 0
    memory_allocator : None
    high_pri_pool_ratio: 0.000
  block_cache_compressed: (nil)
  persistent_cache: (nil)
  block_size: 4096
  block_size_deviation: 10
  block_restart_interval: 16
  index_block_restart_interval: 1
  metadata_block_size: 4096
  partition_filters: 0
  use_delta_encoding: 1
  filter_policy: nullptr
  whole_key_filtering: 1
  verify_compression: 0
  read_amp_bytes_per_bit: 0
  format_version: 2
  enable_index_compression: 1
  block_align: 0
2019/10/17-14:54:03.548200 7fc3a9fcb700        Options.write_buffer_size: 67108864
2019/10/17-14:54:03.548202 7fc3a9fcb700  Options.max_write_buffer_number: 2
2019/10/17-14:54:03.548204 7fc3a9fcb700          Options.compression: NoCompression
2019/10/17-14:54:03.548205 7fc3a9fcb700                  Options.bottommost_compression: Disabled
2019/10/17-14:54:03.548207 7fc3a9fcb700       Options.prefix_extractor: nullptr
2019/10/17-14:54:03.548209 7fc3a9fcb700   Options.memtable_insert_with_hint_prefix_extractor: nullptr
2019/10/17-14:54:03.548211 7fc3a9fcb700             Options.num_levels: 7
2019/10/17-14:54:03.548212 7fc3a9fcb700        Options.min_write_buffer_number_to_merge: 1
2019/10/17-14:54:03.548214 7fc3a9fcb700     Options.max_write_buffer_number_to_maintain: 0
2019/10/17-14:54:03.548216 7fc3a9fcb700            Options.bottommost_compression_opts.window_bits: -14
2019/10/17-14:54:03.548217 7fc3a9fcb700                  Options.bottommost_compression_opts.level: 32767
2019/10/17-14:54:03.548219 7fc3a9fcb700               Options.bottommost_compression_opts.strategy: 0
2019/10/17-14:54:03.548221 7fc3a9fcb700         Options.bottommost_compression_opts.max_dict_bytes: 0
2019/10/17-14:54:03.548222 7fc3a9fcb700         Options.bottommost_compression_opts.zstd_max_train_bytes: 0
2019/10/17-14:54:03.548224 7fc3a9fcb700                  Options.bottommost_compression_opts.enabled: false
2019/10/17-14:54:03.548226 7fc3a9fcb700            Options.compression_opts.window_bits: -14
2019/10/17-14:54:03.548227 7fc3a9fcb700                  Options.compression_opts.level: 32767
2019/10/17-14:54:03.548229 7fc3a9fcb700               Options.compression_opts.strategy: 0
2019/10/17-14:54:03.548231 7fc3a9fcb700         Options.compression_opts.max_dict_bytes: 0
2019/10/17-14:54:03.548232 7fc3a9fcb700         Options.compression_opts.zstd_max_train_bytes: 0
2019/10/17-14:54:03.548234 7fc3a9fcb700                  Options.compression_opts.enabled: false
2019/10/17-14:54:03.548236 7fc3a9fcb700      Options.level0_file_num_compaction_trigger: 4
2019/10/17-14:54:03.548237 7fc3a9fcb700          Options.level0_slowdown_writes_trigger: 20
2019/10/17-14:54:03.548239 7fc3a9fcb700              Options.level0_stop_writes_trigger: 36
2019/10/17-14:54:03.548241 7fc3a9fcb700                   Options.target_file_size_base: 67108864
2019/10/17-14:54:03.548242 7fc3a9fcb700             Options.target_file_size_multiplier: 1
2019/10/17-14:54:03.548244 7fc3a9fcb700                Options.max_bytes_for_level_base: 268435456
2019/10/17-14:54:03.548246 7fc3a9fcb700 Options.level_compaction_dynamic_level_bytes: 0
2019/10/17-14:54:03.548247 7fc3a9fcb700          Options.max_bytes_for_level_multiplier: 10.000000
2019/10/17-14:54:03.548251 7fc3a9fcb700 Options.max_bytes_for_level_multiplier_addtl[0]: 1
2019/10/17-14:54:03.548253 7fc3a9fcb700 Options.max_bytes_for_level_multiplier_addtl[1]: 1
2019/10/17-14:54:03.548254 7fc3a9fcb700 Options.max_bytes_for_level_multiplier_addtl[2]: 1
2019/10/17-14:54:03.548256 7fc3a9fcb700 Options.max_bytes_for_level_multiplier_addtl[3]: 1
2019/10/17-14:54:03.548258 7fc3a9fcb700 Options.max_bytes_for_level_multiplier_addtl[4]: 1
2019/10/17-14:54:03.548259 7fc3a9fcb700 Options.max_bytes_for_level_multiplier_addtl[5]: 1
2019/10/17-14:54:03.548261 7fc3a9fcb700 Options.max_bytes_for_level_multiplier_addtl[6]: 1
2019/10/17-14:54:03.548263 7fc3a9fcb700       Options.max_sequential_skip_in_iterations: 8
2019/10/17-14:54:03.548273 7fc3a9fcb700                    Options.max_compaction_bytes: 1677721600
2019/10/17-14:54:03.548275 7fc3a9fcb700                        Options.arena_block_size: 8388608
2019/10/17-14:54:03.548277 7fc3a9fcb700   Options.soft_pending_compaction_bytes_limit: 68719476736
2019/10/17-14:54:03.548279 7fc3a9fcb700   Options.hard_pending_compaction_bytes_limit: 274877906944
2019/10/17-14:54:03.548281 7fc3a9fcb700       Options.rate_limit_delay_max_milliseconds: 100
2019/10/17-14:54:03.548282 7fc3a9fcb700                Options.disable_auto_compactions: 0
2019/10/17-14:54:03.548284 7fc3a9fcb700                        Options.compaction_style: kCompactionStyleLevel
2019/10/17-14:54:03.548286 7fc3a9fcb700                          Options.compaction_pri: kByCompensatedSize
2019/10/17-14:54:03.548288 7fc3a9fcb700 Options.compaction_options_universal.size_ratio: 1
2019/10/17-14:54:03.548290 7fc3a9fcb700 Options.compaction_options_universal.min_merge_width: 2
2019/10/17-14:54:03.548292 7fc3a9fcb700 Options.compaction_options_universal.max_merge_width: 4294967295
2019/10/17-14:54:03.548293 7fc3a9fcb700 Options.compaction_options_universal.max_size_amplification_percent: 200
2019/10/17-14:54:03.548295 7fc3a9fcb700 Options.compaction_options_universal.compression_size_percent: -1
2019/10/17-14:54:03.548297 7fc3a9fcb700 Options.compaction_options_universal.stop_style: kCompactionStopStyleTotalSize
2019/10/17-14:54:03.548298 7fc3a9fcb700 Options.compaction_options_fifo.max_table_files_size: 1073741824
2019/10/17-14:54:03.548300 7fc3a9fcb700 Options.compaction_options_fifo.allow_compaction: 0
2019/10/17-14:54:03.548302 7fc3a9fcb700 Options.compaction_options_fifo.ttl: 0
2019/10/17-14:54:03.548303 7fc3a9fcb700                   Options.table_properties_collectors: 
2019/10/17-14:54:03.548305 7fc3a9fcb700                   Options.inplace_update_support: 0
2019/10/17-14:54:03.548307 7fc3a9fcb700                 Options.inplace_update_num_locks: 10000
2019/10/17-14:54:03.548308 7fc3a9fcb700               Options.memtable_prefix_bloom_size_ratio: 0.000000
2019/10/17-14:54:03.548311 7fc3a9fcb700   Options.memtable_huge_page_size: 0
2019/10/17-14:54:03.548312 7fc3a9fcb700                           Options.bloom_locality: 0
2019/10/17-14:54:03.548314 7fc3a9fcb700                    Options.max_successive_merges: 0
2019/10/17-14:54:03.548316 7fc3a9fcb700                Options.optimize_filters_for_hits: 0
2019/10/17-14:54:03.548317 7fc3a9fcb700                Options.paranoid_file_checks: 0
2019/10/17-14:54:03.548319 7fc3a9fcb700                Options.force_consistency_checks: 0
2019/10/17-14:54:03.548320 7fc3a9fcb700                Options.report_bg_io_stats: 0
2019/10/17-14:54:03.548322 7fc3a9fcb700                               Options.ttl: 0
2019/10/17-14:54:03.548357 7fc3a9fcb700 [db/column_family.cc:472] --------------- Options for column family [entries]:
2019/10/17-14:54:03.548360 7fc3a9fcb700               Options.comparator: leveldb.BytewiseComparator
2019/10/17-14:54:03.548362 7fc3a9fcb700           Options.merge_operator: None
2019/10/17-14:54:03.548363 7fc3a9fcb700        Options.compaction_filter: None
2019/10/17-14:54:03.548365 7fc3a9fcb700        Options.compaction_filter_factory: None
2019/10/17-14:54:03.548367 7fc3a9fcb700         Options.memtable_factory: SkipListFactory
2019/10/17-14:54:03.548369 7fc3a9fcb700            Options.table_factory: BlockBasedTable
2019/10/17-14:54:03.548390 7fc3a9fcb700            table_factory options:   flush_block_policy_factory: FlushBlockBySizePolicyFactory (0x7fc350103780)
  cache_index_and_filter_blocks: 0
  cache_index_and_filter_blocks_with_high_priority: 0
  pin_l0_filter_and_index_blocks_in_cache: 0
  pin_top_level_index_and_filter: 1
  index_type: 0
  hash_index_allow_collision: 1
  checksum: 1
  no_block_cache: 0
  block_cache: 0x7fc3500aa9e0
  block_cache_name: LRUCache
  block_cache_options:
    capacity : 8388608
    num_shard_bits : 4
    strict_capacity_limit : 0
    memory_allocator : None
    high_pri_pool_ratio: 0.000
  block_cache_compressed: (nil)
  persistent_cache: (nil)
  block_size: 4096
  block_size_deviation: 10
  block_restart_interval: 16
  index_block_restart_interval: 1
  metadata_block_size: 4096
  partition_filters: 0
  use_delta_encoding: 1
  filter_policy: nullptr
  whole_key_filtering: 1
  verify_compression: 0
  read_amp_bytes_per_bit: 0
  format_version: 2
  enable_index_compression: 1
  block_align: 0
2019/10/17-14:54:03.548403 7fc3a9fcb700        Options.write_buffer_size: 67108864
2019/10/17-14:54:03.548405 7fc3a9fcb700  Options.max_write_buffer_number: 2
2019/10/17-14:54:03.548407 7fc3a9fcb700          Options.compression: NoCompression
2019/10/17-14:54:03.548409 7fc3a9fcb700                  Options.bottommost_compression: Disabled
2019/10/17-14:54:03.548410 7fc3a9fcb700       Options.prefix_extractor: nullptr
2019/10/17-14:54:03.548412 7fc3a9fcb700   Options.memtable_insert_with_hint_prefix_extractor: nullptr
2019/10/17-14:54:03.548413 7fc3a9fcb700             Options.num_levels: 7
2019/10/17-14:54:03.548415 7fc3a9fcb700        Options.min_write_buffer_number_to_merge: 1
2019/10/17-14:54:03.548417 7fc3a9fcb700     Options.max_write_buffer_number_to_maintain: 0
2019/10/17-14:54:03.548418 7fc3a9fcb700            Options.bottommost_compression_opts.window_bits: -14
2019/10/17-14:54:03.548420 7fc3a9fcb700                  Options.bottommost_compression_opts.level: 32767
2019/10/17-14:54:03.548422 7fc3a9fcb700               Options.bottommost_compression_opts.strategy: 0
2019/10/17-14:54:03.548423 7fc3a9fcb700         Options.bottommost_compression_opts.max_dict_bytes: 0
2019/10/17-14:54:03.548425 7fc3a9fcb700         Options.bottommost_compression_opts.zstd_max_train_bytes: 0
2019/10/17-14:54:03.548427 7fc3a9fcb700                  Options.bottommost_compression_opts.enabled: false
2019/10/17-14:54:03.548428 7fc3a9fcb700            Options.compression_opts.window_bits: -14
2019/10/17-14:54:03.548430 7fc3a9fcb700                  Options.compression_opts.level: 32767
2019/10/17-14:54:03.548432 7fc3a9fcb700               Options.compression_opts.strategy: 0
2019/10/17-14:54:03.548433 7fc3a9fcb700         Options.compression_opts.max_dict_bytes: 0
2019/10/17-14:54:03.548435 7fc3a9fcb700         Options.compression_opts.zstd_max_train_bytes: 0
2019/10/17-14:54:03.548437 7fc3a9fcb700                  Options.compression_opts.enabled: false
2019/10/17-14:54:03.548438 7fc3a9fcb700      Options.level0_file_num_compaction_trigger: 4
2019/10/17-14:54:03.548440 7fc3a9fcb700          Options.level0_slowdown_writes_trigger: 20
2019/10/17-14:54:03.548442 7fc3a9fcb700              Options.level0_stop_writes_trigger: 36
2019/10/17-14:54:03.548443 7fc3a9fcb700                   Options.target_file_size_base: 67108864
2019/10/17-14:54:03.548445 7fc3a9fcb700             Options.target_file_size_multiplier: 1
2019/10/17-14:54:03.548447 7fc3a9fcb700                Options.max_bytes_for_level_base: 268435456
2019/10/17-14:54:03.548448 7fc3a9fcb700 Options.level_compaction_dynamic_level_bytes: 0
2019/10/17-14:54:03.548450 7fc3a9fcb700          Options.max_bytes_for_level_multiplier: 10.000000
2019/10/17-14:54:03.548453 7fc3a9fcb700 Options.max_bytes_for_level_multiplier_addtl[0]: 1
2019/10/17-14:54:03.548454 7fc3a9fcb700 Options.max_bytes_for_level_multiplier_addtl[1]: 1
2019/10/17-14:54:03.548456 7fc3a9fcb700 Options.max_bytes_for_level_multiplier_addtl[2]: 1
2019/10/17-14:54:03.548458 7fc3a9fcb700 Options.max_bytes_for_level_multiplier_addtl[3]: 1
2019/10/17-14:54:03.548460 7fc3a9fcb700 Options.max_bytes_for_level_multiplier_addtl[4]: 1
2019/10/17-14:54:03.548461 7fc3a9fcb700 Options.max_bytes_for_level_multiplier_addtl[5]: 1
2019/10/17-14:54:03.548463 7fc3a9fcb700 Options.max_bytes_for_level_multiplier_addtl[6]: 1
2019/10/17-14:54:03.548465 7fc3a9fcb700       Options.max_sequential_skip_in_iterations: 8
2019/10/17-14:54:03.548466 7fc3a9fcb700                    Options.max_compaction_bytes: 1677721600
2019/10/17-14:54:03.548468 7fc3a9fcb700                        Options.arena_block_size: 8388608
2019/10/17-14:54:03.548469 7fc3a9fcb700   Options.soft_pending_compaction_bytes_limit: 68719476736
2019/10/17-14:54:03.548479 7fc3a9fcb700   Options.hard_pending_compaction_bytes_limit: 274877906944
2019/10/17-14:54:03.548481 7fc3a9fcb700       Options.rate_limit_delay_max_milliseconds: 100
2019/10/17-14:54:03.548483 7fc3a9fcb700                Options.disable_auto_compactions: 0
2019/10/17-14:54:03.548485 7fc3a9fcb700                        Options.compaction_style: kCompactionStyleLevel
2019/10/17-14:54:03.548487 7fc3a9fcb700                          Options.compaction_pri: kByCompensatedSize
2019/10/17-14:54:03.548489 7fc3a9fcb700 Options.compaction_options_universal.size_ratio: 1
2019/10/17-14:54:03.548491 7fc3a9fcb700 Options.compaction_options_universal.min_merge_width: 2
2019/10/17-14:54:03.548492 7fc3a9fcb700 Options.compaction_options_universal.max_merge_width: 4294967295
2019/10/17-14:54:03.548494 7fc3a9fcb700 Options.compaction_options_universal.max_size_amplification_percent: 200
2019/10/17-14:54:03.548496 7fc3a9fcb700 Options.compaction_options_universal.compression_size_percent: -1
2019/10/17-14:54:03.548498 7fc3a9fcb700 Options.compaction_options_universal.stop_style: kCompactionStopStyleTotalSize
2019/10/17-14:54:03.548500 7fc3a9fcb700 Options.compaction_options_fifo.max_table_files_size: 1073741824
2019/10/17-14:54:03.548501 7fc3a9fcb700 Options.compaction_options_fifo.allow_compaction: 0
2019/10/17-14:54:03.548503 7fc3a9fcb700 Options.compaction_options_fifo.ttl: 0
2019/10/17-14:54:03.548505 7fc3a9fcb700                   Options.table_properties_collectors: 
2019/10/17-14:54:03.548506 7fc3a9fcb700                   Options.inplace_update_support: 0
2019/10/17-14:54:03.548508 7fc3a9fcb700                 Options.inplace_update_num_locks: 10000
2019/10/17-14:54:03.548510 7fc3a9fcb700               Options.memtable_prefix_bloom_size_ratio: 0.000000
2019/10/17-14:54:03.548512 7fc3a9fcb700   Options.memtable_huge_page_size: 0
2019/10/17-14:54:03.548513 7fc3a9fcb700                           Options.bloom_locality: 0
2019/10/17-14:54:03.548515 7fc3a9fcb700                    Options.max_successive_merges: 0
2019/10/17-14:54:03.548517 7fc3a9fcb700                Options.optimize_filters_for_hits: 0
2019/10/17-14:54:03.548519 7fc3a9fcb700                Options.paranoid_file_checks: 0
2019/10/17-14:54:03.548520 7fc3a9fcb700                Options.force_consistency_checks: 0
2019/10/17-14:54:03.548522 7fc3a9fcb700                Options.report_bg_io_stats: 0
2019/10/17-14:54:03.548523 7fc3a9fcb700                               Options.ttl: 0
2019/10/17-14:54:03.548555 7fc3a9fcb700 [db/column_family.cc:472] --------------- Options for column family [dc_entries]:
2019/10/17-14:54:03.548558 7fc3a9fcb700               Options.comparator: leveldb.BytewiseComparator
2019/10/17-14:54:03.548560 7fc3a9fcb700           Options.merge_operator: None
2019/10/17-14:54:03.548562 7fc3a9fcb700        Options.compaction_filter: None
2019/10/17-14:54:03.548563 7fc3a9fcb700        Options.compaction_filter_factory: None
2019/10/17-14:54:03.548565 7fc3a9fcb700         Options.memtable_factory: SkipListFactory
2019/10/17-14:54:03.548567 7fc3a9fcb700            Options.table_factory: BlockBasedTable
2019/10/17-14:54:03.548587 7fc3a9fcb700            table_factory options:   flush_block_policy_factory: FlushBlockBySizePolicyFactory (0x7fc35004b8a0)
  cache_index_and_filter_blocks: 0
  cache_index_and_filter_blocks_with_high_priority: 0
  pin_l0_filter_and_index_blocks_in_cache: 0
  pin_top_level_index_and_filter: 1
  index_type: 0
  hash_index_allow_collision: 1
  checksum: 1
  no_block_cache: 0
  block_cache: 0x7fc350095fb0
  block_cache_name: LRUCache
  block_cache_options:
    capacity : 8388608
    num_shard_bits : 4
    strict_capacity_limit : 0
    memory_allocator : None
    high_pri_pool_ratio: 0.000
  block_cache_compressed: (nil)
  persistent_cache: (nil)
  block_size: 4096
  block_size_deviation: 10
  block_restart_interval: 16
  index_block_restart_interval: 1
  metadata_block_size: 4096
  partition_filters: 0
  use_delta_encoding: 1
  filter_policy: nullptr
  whole_key_filtering: 1
  verify_compression: 0
  read_amp_bytes_per_bit: 0
  format_version: 2
  enable_index_compression: 1
  block_align: 0
2019/10/17-14:54:03.548600 7fc3a9fcb700        Options.write_buffer_size: 67108864
2019/10/17-14:54:03.548602 7fc3a9fcb700  Options.max_write_buffer_number: 2
2019/10/17-14:54:03.548604 7fc3a9fcb700          Options.compression: NoCompression
2019/10/17-14:54:03.548606 7fc3a9fcb700                  Options.bottommost_compression: Disabled
2019/10/17-14:54:03.548607 7fc3a9fcb700       Options.prefix_extractor: nullptr
2019/10/17-14:54:03.548609 7fc3a9fcb700   Options.memtable_insert_with_hint_prefix_extractor: nullptr
2019/10/17-14:54:03.548611 7fc3a9fcb700             Options.num_levels: 7
2019/10/17-14:54:03.548612 7fc3a9fcb700        Options.min_write_buffer_number_to_merge: 1
2019/10/17-14:54:03.548614 7fc3a9fcb700     Options.max_write_buffer_number_to_maintain: 0
2019/10/17-14:54:03.548616 7fc3a9fcb700            Options.bottommost_compression_opts.window_bits: -14
2019/10/17-14:54:03.548617 7fc3a9fcb700                  Options.bottommost_compression_opts.level: 32767
2019/10/17-14:54:03.548619 7fc3a9fcb700               Options.bottommost_compression_opts.strategy: 0
2019/10/17-14:54:03.548620 7fc3a9fcb700         Options.bottommost_compression_opts.max_dict_bytes: 0
2019/10/17-14:54:03.548622 7fc3a9fcb700         Options.bottommost_compression_opts.zstd_max_train_bytes: 0
2019/10/17-14:54:03.548624 7fc3a9fcb700                  Options.bottommost_compression_opts.enabled: false
2019/10/17-14:54:03.548625 7fc3a9fcb700            Options.compression_opts.window_bits: -14
2019/10/17-14:54:03.548627 7fc3a9fcb700                  Options.compression_opts.level: 32767
2019/10/17-14:54:03.548629 7fc3a9fcb700               Options.compression_opts.strategy: 0
2019/10/17-14:54:03.548630 7fc3a9fcb700         Options.compression_opts.max_dict_bytes: 0
2019/10/17-14:54:03.548632 7fc3a9fcb700         Options.compression_opts.zstd_max_train_bytes: 0
2019/10/17-14:54:03.548633 7fc3a9fcb700                  Options.compression_opts.enabled: false
2019/10/17-14:54:03.548635 7fc3a9fcb700      Options.level0_file_num_compaction_trigger: 4
2019/10/17-14:54:03.548637 7fc3a9fcb700          Options.level0_slowdown_writes_trigger: 20
2019/10/17-14:54:03.548638 7fc3a9fcb700              Options.level0_stop_writes_trigger: 36
2019/10/17-14:54:03.548640 7fc3a9fcb700                   Options.target_file_size_base: 67108864
2019/10/17-14:54:03.548642 7fc3a9fcb700             Options.target_file_size_multiplier: 1
2019/10/17-14:54:03.548643 7fc3a9fcb700                Options.max_bytes_for_level_base: 268435456
2019/10/17-14:54:03.548645 7fc3a9fcb700 Options.level_compaction_dynamic_level_bytes: 0
2019/10/17-14:54:03.548647 7fc3a9fcb700          Options.max_bytes_for_level_multiplier: 10.000000
2019/10/17-14:54:03.548649 7fc3a9fcb700 Options.max_bytes_for_level_multiplier_addtl[0]: 1
2019/10/17-14:54:03.548651 7fc3a9fcb700 Options.max_bytes_for_level_multiplier_addtl[1]: 1
2019/10/17-14:54:03.548653 7fc3a9fcb700 Options.max_bytes_for_level_multiplier_addtl[2]: 1
2019/10/17-14:54:03.548655 7fc3a9fcb700 Options.max_bytes_for_level_multiplier_addtl[3]: 1
2019/10/17-14:54:03.548656 7fc3a9fcb700 Options.max_bytes_for_level_multiplier_addtl[4]: 1
2019/10/17-14:54:03.548658 7fc3a9fcb700 Options.max_bytes_for_level_multiplier_addtl[5]: 1
2019/10/17-14:54:03.548660 7fc3a9fcb700 Options.max_bytes_for_level_multiplier_addtl[6]: 1
2019/10/17-14:54:03.548661 7fc3a9fcb700       Options.max_sequential_skip_in_iterations: 8
2019/10/17-14:54:03.548663 7fc3a9fcb700                    Options.max_compaction_bytes: 1677721600
2019/10/17-14:54:03.548665 7fc3a9fcb700                        Options.arena_block_size: 8388608
2019/10/17-14:54:03.548666 7fc3a9fcb700   Options.soft_pending_compaction_bytes_limit: 68719476736
2019/10/17-14:54:03.548668 7fc3a9fcb700   Options.hard_pending_compaction_bytes_limit: 274877906944
2019/10/17-14:54:03.548670 7fc3a9fcb700       Options.rate_limit_delay_max_milliseconds: 100
2019/10/17-14:54:03.548671 7fc3a9fcb700                Options.disable_auto_compactions: 0
2019/10/17-14:54:03.548681 7fc3a9fcb700                        Options.compaction_style: kCompactionStyleLevel
2019/10/17-14:54:03.548684 7fc3a9fcb700                          Options.compaction_pri: kByCompensatedSize
2019/10/17-14:54:03.548685 7fc3a9fcb700 Options.compaction_options_universal.size_ratio: 1
2019/10/17-14:54:03.548687 7fc3a9fcb700 Options.compaction_options_universal.min_merge_width: 2
2019/10/17-14:54:03.548689 7fc3a9fcb700 Options.compaction_options_universal.max_merge_width: 4294967295
2019/10/17-14:54:03.548690 7fc3a9fcb700 Options.compaction_options_universal.max_size_amplification_percent: 200
2019/10/17-14:54:03.548692 7fc3a9fcb700 Options.compaction_options_universal.compression_size_percent: -1
2019/10/17-14:54:03.548694 7fc3a9fcb700 Options.compaction_options_universal.stop_style: kCompactionStopStyleTotalSize
2019/10/17-14:54:03.548695 7fc3a9fcb700 Options.compaction_options_fifo.max_table_files_size: 1073741824
2019/10/17-14:54:03.548697 7fc3a9fcb700 Options.compaction_options_fifo.allow_compaction: 0
2019/10/17-14:54:03.548699 7fc3a9fcb700 Options.compaction_options_fifo.ttl: 0
2019/10/17-14:54:03.548700 7fc3a9fcb700                   Options.table_properties_collectors: 
2019/10/17-14:54:03.548702 7fc3a9fcb700                   Options.inplace_update_support: 0
2019/10/17-14:54:03.548704 7fc3a9fcb700                 Options.inplace_update_num_locks: 10000
2019/10/17-14:54:03.548706 7fc3a9fcb700               Options.memtable_prefix_bloom_size_ratio: 0.000000
2019/10/17-14:54:03.548708 7fc3a9fcb700   Options.memtable_huge_page_size: 0
2019/10/17-14:54:03.548709 7fc3a9fcb700                           Options.bloom_locality: 0
2019/10/17-14:54:03.548711 7fc3a9fcb700                    Options.max_successive_merges: 0
2019/10/17-14:54:03.548713 7fc3a9fcb700                Options.optimize_filters_for_hits: 0
2019/10/17-14:54:03.548715 7fc3a9fcb700                Options.paranoid_file_checks: 0
2019/10/17-14:54:03.548716 7fc3a9fcb700                Options.force_consistency_checks: 0
2019/10/17-14:54:03.548718 7fc3a9fcb700                Options.report_bg_io_stats: 0
2019/10/17-14:54:03.548719 7fc3a9fcb700                               Options.ttl: 0
2019/10/17-14:54:03.548746 7fc3a9fcb700 [db/column_family.cc:472] --------------- Options for column family [htlcs]:
2019/10/17-14:54:03.548748 7fc3a9fcb700               Options.comparator: leveldb.BytewiseComparator
2019/10/17-14:54:03.548750 7fc3a9fcb700           Options.merge_operator: None
2019/10/17-14:54:03.548752 7fc3a9fcb700        Options.compaction_filter: None
2019/10/17-14:54:03.548754 7fc3a9fcb700        Options.compaction_filter_factory: None
2019/10/17-14:54:03.548755 7fc3a9fcb700         Options.memtable_factory: SkipListFactory
2019/10/17-14:54:03.548757 7fc3a9fcb700            Options.table_factory: BlockBasedTable
2019/10/17-14:54:03.548777 7fc3a9fcb700            table_factory options:   flush_block_policy_factory: FlushBlockBySizePolicyFactory (0x7fc3500c1ea0)
