2019/10/17-14:54:04.864591 7fc3a9fcb700 RocksDB version: 5.18.3
2019/10/17-14:54:04.864702 7fc3a9fcb700 Git sha rocksdb_build_git_sha:@0@
2019/10/17-14:54:04.864705 7fc3a9fcb700 Compile date Sep 19 2019
2019/10/17-14:54:04.864707 7fc3a9fcb700 DB SUMMARY
2019/10/17-14:54:04.865885 7fc3a9fcb700 CURRENT file:  CURRENT
2019/10/17-14:54:04.865888 7fc3a9fcb700 IDENTITY file:  IDENTITY
2019/10/17-14:54:04.865936 7fc3a9fcb700 MANIFEST file:  MANIFEST-114646 size: 4114 Bytes
2019/10/17-14:54:04.865939 7fc3a9fcb700 SST files in /home/rahul/dev/blockchain-core/eqc/ledger.db dir, Total Num: 29, files: 000624.sst 000627.sst 106940.sst 108447.sst 108450.sst 109471.sst 109483.sst 109485.sst 109486.sst 
2019/10/17-14:54:04.865941 7fc3a9fcb700 Write Ahead Log file in /home/rahul/dev/blockchain-core/eqc/ledger.db: 114647.log size: 0 ; 
2019/10/17-14:54:04.865998 7fc3a9fcb700                         Options.error_if_exists: 0
2019/10/17-14:54:04.866000 7fc3a9fcb700                       Options.create_if_missing: 1
2019/10/17-14:54:04.866001 7fc3a9fcb700                         Options.paranoid_checks: 1
2019/10/17-14:54:04.866002 7fc3a9fcb700                                     Options.env: 0x7fc32ae1fc60
2019/10/17-14:54:04.866004 7fc3a9fcb700                                Options.info_log: 0x7fc350028460
2019/10/17-14:54:04.866005 7fc3a9fcb700                Options.max_file_opening_threads: 16
2019/10/17-14:54:04.866007 7fc3a9fcb700                              Options.statistics: (nil)
2019/10/17-14:54:04.866008 7fc3a9fcb700                               Options.use_fsync: 0
2019/10/17-14:54:04.866009 7fc3a9fcb700                       Options.max_log_file_size: 0
2019/10/17-14:54:04.866011 7fc3a9fcb700                  Options.max_manifest_file_size: 1073741824
2019/10/17-14:54:04.866012 7fc3a9fcb700                   Options.log_file_time_to_roll: 0
2019/10/17-14:54:04.866013 7fc3a9fcb700                       Options.keep_log_file_num: 1000
2019/10/17-14:54:04.866015 7fc3a9fcb700                    Options.recycle_log_file_num: 0
2019/10/17-14:54:04.866016 7fc3a9fcb700                         Options.allow_fallocate: 1
2019/10/17-14:54:04.866017 7fc3a9fcb700                        Options.allow_mmap_reads: 0
2019/10/17-14:54:04.866019 7fc3a9fcb700                       Options.allow_mmap_writes: 0
2019/10/17-14:54:04.866020 7fc3a9fcb700                        Options.use_direct_reads: 0
2019/10/17-14:54:04.866021 7fc3a9fcb700                        Options.use_direct_io_for_flush_and_compaction: 0
2019/10/17-14:54:04.866022 7fc3a9fcb700          Options.create_missing_column_families: 0
2019/10/17-14:54:04.866023 7fc3a9fcb700                              Options.db_log_dir: 
2019/10/17-14:54:04.866025 7fc3a9fcb700                                 Options.wal_dir: /home/rahul/dev/blockchain-core/eqc/ledger.db
2019/10/17-14:54:04.866026 7fc3a9fcb700                Options.table_cache_numshardbits: 6
2019/10/17-14:54:04.866027 7fc3a9fcb700                      Options.max_subcompactions: 1
2019/10/17-14:54:04.866029 7fc3a9fcb700                  Options.max_background_flushes: -1
2019/10/17-14:54:04.866030 7fc3a9fcb700                         Options.WAL_ttl_seconds: 0
2019/10/17-14:54:04.866031 7fc3a9fcb700                       Options.WAL_size_limit_MB: 0
2019/10/17-14:54:04.866033 7fc3a9fcb700             Options.manifest_preallocation_size: 4194304
2019/10/17-14:54:04.866034 7fc3a9fcb700                     Options.is_fd_close_on_exec: 1
2019/10/17-14:54:04.866035 7fc3a9fcb700                   Options.advise_random_on_open: 1
2019/10/17-14:54:04.866036 7fc3a9fcb700                    Options.db_write_buffer_size: 0
2019/10/17-14:54:04.866038 7fc3a9fcb700                    Options.write_buffer_manager: 0x7fc35005e010
2019/10/17-14:54:04.866039 7fc3a9fcb700         Options.access_hint_on_compaction_start: 1
2019/10/17-14:54:04.866040 7fc3a9fcb700  Options.new_table_reader_for_compaction_inputs: 0
2019/10/17-14:54:04.866041 7fc3a9fcb700           Options.random_access_max_buffer_size: 1048576
2019/10/17-14:54:04.866043 7fc3a9fcb700                      Options.use_adaptive_mutex: 0
2019/10/17-14:54:04.866044 7fc3a9fcb700                            Options.rate_limiter: (nil)
2019/10/17-14:54:04.866058 7fc3a9fcb700     Options.sst_file_manager.rate_bytes_per_sec: 0
2019/10/17-14:54:04.866060 7fc3a9fcb700                       Options.wal_recovery_mode: 2
2019/10/17-14:54:04.866061 7fc3a9fcb700                  Options.enable_thread_tracking: 0
2019/10/17-14:54:04.866062 7fc3a9fcb700                  Options.enable_pipelined_write: 0
2019/10/17-14:54:04.866063 7fc3a9fcb700         Options.allow_concurrent_memtable_write: 1
2019/10/17-14:54:04.866065 7fc3a9fcb700      Options.enable_write_thread_adaptive_yield: 1
2019/10/17-14:54:04.866066 7fc3a9fcb700             Options.write_thread_max_yield_usec: 100
2019/10/17-14:54:04.866067 7fc3a9fcb700            Options.write_thread_slow_yield_usec: 3
2019/10/17-14:54:04.866069 7fc3a9fcb700                               Options.row_cache: None
2019/10/17-14:54:04.866070 7fc3a9fcb700                              Options.wal_filter: None
2019/10/17-14:54:04.866071 7fc3a9fcb700             Options.avoid_flush_during_recovery: 0
2019/10/17-14:54:04.866072 7fc3a9fcb700             Options.allow_ingest_behind: 0
2019/10/17-14:54:04.866074 7fc3a9fcb700             Options.preserve_deletes: 0
2019/10/17-14:54:04.866075 7fc3a9fcb700             Options.two_write_queues: 0
2019/10/17-14:54:04.866076 7fc3a9fcb700             Options.manual_wal_flush: 0
2019/10/17-14:54:04.866078 7fc3a9fcb700             Options.max_background_jobs: 2
2019/10/17-14:54:04.866079 7fc3a9fcb700             Options.max_background_compactions: -1
2019/10/17-14:54:04.866080 7fc3a9fcb700             Options.avoid_flush_during_shutdown: 0
2019/10/17-14:54:04.866081 7fc3a9fcb700           Options.writable_file_max_buffer_size: 1048576
2019/10/17-14:54:04.866083 7fc3a9fcb700             Options.delayed_write_rate : 16777216
2019/10/17-14:54:04.866084 7fc3a9fcb700             Options.max_total_wal_size: 0
2019/10/17-14:54:04.866085 7fc3a9fcb700             Options.delete_obsolete_files_period_micros: 21600000000
2019/10/17-14:54:04.866087 7fc3a9fcb700                   Options.stats_dump_period_sec: 600
2019/10/17-14:54:04.866088 7fc3a9fcb700                          Options.max_open_files: -1
2019/10/17-14:54:04.866089 7fc3a9fcb700                          Options.bytes_per_sync: 0
2019/10/17-14:54:04.866090 7fc3a9fcb700                      Options.wal_bytes_per_sync: 0
2019/10/17-14:54:04.866092 7fc3a9fcb700       Options.compaction_readahead_size: 0
2019/10/17-14:54:04.866093 7fc3a9fcb700 Compression algorithms supported:
2019/10/17-14:54:04.866095 7fc3a9fcb700 	kZSTDNotFinalCompression supported: 0
2019/10/17-14:54:04.866096 7fc3a9fcb700 	kZSTD supported: 0
2019/10/17-14:54:04.866098 7fc3a9fcb700 	kXpressCompression supported: 0
2019/10/17-14:54:04.866099 7fc3a9fcb700 	kLZ4HCCompression supported: 0
2019/10/17-14:54:04.866101 7fc3a9fcb700 	kLZ4Compression supported: 0
2019/10/17-14:54:04.866102 7fc3a9fcb700 	kBZip2Compression supported: 0
2019/10/17-14:54:04.866103 7fc3a9fcb700 	kZlibCompression supported: 0
2019/10/17-14:54:04.866104 7fc3a9fcb700 	kSnappyCompression supported: 0
2019/10/17-14:54:04.866108 7fc3a9fcb700 Fast CRC32 supported: Supported on x86
2019/10/17-14:54:04.866258 7fc3a9fcb700 [db/version_set.cc:3507] Recovering from manifest file: MANIFEST-114646
2019/10/17-14:54:04.866311 7fc3a9fcb700 [db/column_family.cc:472] --------------- Options for column family [default]:
2019/10/17-14:54:04.866314 7fc3a9fcb700               Options.comparator: leveldb.BytewiseComparator
2019/10/17-14:54:04.866315 7fc3a9fcb700           Options.merge_operator: None
2019/10/17-14:54:04.866316 7fc3a9fcb700        Options.compaction_filter: None
2019/10/17-14:54:04.866318 7fc3a9fcb700        Options.compaction_filter_factory: None
2019/10/17-14:54:04.866319 7fc3a9fcb700         Options.memtable_factory: SkipListFactory
2019/10/17-14:54:04.866320 7fc3a9fcb700            Options.table_factory: BlockBasedTable
2019/10/17-14:54:04.866343 7fc3a9fcb700            table_factory options:   flush_block_policy_factory: FlushBlockBySizePolicyFactory (0x7fc3500355c0)
  cache_index_and_filter_blocks: 0
  cache_index_and_filter_blocks_with_high_priority: 0
  pin_l0_filter_and_index_blocks_in_cache: 0
  pin_top_level_index_and_filter: 1
  index_type: 0
  hash_index_allow_collision: 1
  checksum: 1
  no_block_cache: 0
  block_cache: 0x7fc35001fa80
  block_cache_name: LRUCache
  block_cache_options:
    capacity : 8388608
    num_shard_bits : 4
    strict_capacity_limit : 0
    memory_allocator : None
    high_pri_pool_ratio: 0.000
  block_cache_compressed: (nil)
  persistent_cache: (nil)
  block_size: 4096
  block_size_deviation: 10
  block_restart_interval: 16
  index_block_restart_interval: 1
  metadata_block_size: 4096
  partition_filters: 0
  use_delta_encoding: 1
  filter_policy: nullptr
  whole_key_filtering: 1
  verify_compression: 0
  read_amp_bytes_per_bit: 0
  format_version: 2
  enable_index_compression: 1
  block_align: 0
2019/10/17-14:54:04.866357 7fc3a9fcb700        Options.write_buffer_size: 67108864
2019/10/17-14:54:04.866359 7fc3a9fcb700  Options.max_write_buffer_number: 2
2019/10/17-14:54:04.866360 7fc3a9fcb700          Options.compression: NoCompression
2019/10/17-14:54:04.866362 7fc3a9fcb700                  Options.bottommost_compression: Disabled
2019/10/17-14:54:04.866363 7fc3a9fcb700       Options.prefix_extractor: nullptr
2019/10/17-14:54:04.866364 7fc3a9fcb700   Options.memtable_insert_with_hint_prefix_extractor: nullptr
2019/10/17-14:54:04.866366 7fc3a9fcb700             Options.num_levels: 7
2019/10/17-14:54:04.866367 7fc3a9fcb700        Options.min_write_buffer_number_to_merge: 1
2019/10/17-14:54:04.866368 7fc3a9fcb700     Options.max_write_buffer_number_to_maintain: 0
2019/10/17-14:54:04.866369 7fc3a9fcb700            Options.bottommost_compression_opts.window_bits: -14
2019/10/17-14:54:04.866371 7fc3a9fcb700                  Options.bottommost_compression_opts.level: 32767
2019/10/17-14:54:04.866372 7fc3a9fcb700               Options.bottommost_compression_opts.strategy: 0
2019/10/17-14:54:04.866374 7fc3a9fcb700         Options.bottommost_compression_opts.max_dict_bytes: 0
2019/10/17-14:54:04.866375 7fc3a9fcb700         Options.bottommost_compression_opts.zstd_max_train_bytes: 0
2019/10/17-14:54:04.866376 7fc3a9fcb700                  Options.bottommost_compression_opts.enabled: false
2019/10/17-14:54:04.866377 7fc3a9fcb700            Options.compression_opts.window_bits: -14
2019/10/17-14:54:04.866379 7fc3a9fcb700                  Options.compression_opts.level: 32767
2019/10/17-14:54:04.866380 7fc3a9fcb700               Options.compression_opts.strategy: 0
2019/10/17-14:54:04.866381 7fc3a9fcb700         Options.compression_opts.max_dict_bytes: 0
2019/10/17-14:54:04.866382 7fc3a9fcb700         Options.compression_opts.zstd_max_train_bytes: 0
2019/10/17-14:54:04.866384 7fc3a9fcb700                  Options.compression_opts.enabled: false
2019/10/17-14:54:04.866385 7fc3a9fcb700      Options.level0_file_num_compaction_trigger: 4
2019/10/17-14:54:04.866386 7fc3a9fcb700          Options.level0_slowdown_writes_trigger: 20
2019/10/17-14:54:04.866387 7fc3a9fcb700              Options.level0_stop_writes_trigger: 36
2019/10/17-14:54:04.866389 7fc3a9fcb700                   Options.target_file_size_base: 67108864
2019/10/17-14:54:04.866390 7fc3a9fcb700             Options.target_file_size_multiplier: 1
2019/10/17-14:54:04.866391 7fc3a9fcb700                Options.max_bytes_for_level_base: 268435456
2019/10/17-14:54:04.866392 7fc3a9fcb700 Options.level_compaction_dynamic_level_bytes: 0
2019/10/17-14:54:04.866394 7fc3a9fcb700          Options.max_bytes_for_level_multiplier: 10.000000
2019/10/17-14:54:04.866397 7fc3a9fcb700 Options.max_bytes_for_level_multiplier_addtl[0]: 1
2019/10/17-14:54:04.866398 7fc3a9fcb700 Options.max_bytes_for_level_multiplier_addtl[1]: 1
2019/10/17-14:54:04.866400 7fc3a9fcb700 Options.max_bytes_for_level_multiplier_addtl[2]: 1
2019/10/17-14:54:04.866401 7fc3a9fcb700 Options.max_bytes_for_level_multiplier_addtl[3]: 1
2019/10/17-14:54:04.866402 7fc3a9fcb700 Options.max_bytes_for_level_multiplier_addtl[4]: 1
2019/10/17-14:54:04.866409 7fc3a9fcb700 Options.max_bytes_for_level_multiplier_addtl[5]: 1
2019/10/17-14:54:04.866411 7fc3a9fcb700 Options.max_bytes_for_level_multiplier_addtl[6]: 1
2019/10/17-14:54:04.866412 7fc3a9fcb700       Options.max_sequential_skip_in_iterations: 8
2019/10/17-14:54:04.866413 7fc3a9fcb700                    Options.max_compaction_bytes: 1677721600
2019/10/17-14:54:04.866415 7fc3a9fcb700                        Options.arena_block_size: 8388608
2019/10/17-14:54:04.866416 7fc3a9fcb700   Options.soft_pending_compaction_bytes_limit: 68719476736
2019/10/17-14:54:04.866417 7fc3a9fcb700   Options.hard_pending_compaction_bytes_limit: 274877906944
2019/10/17-14:54:04.866434 7fc3a9fcb700       Options.rate_limit_delay_max_milliseconds: 100
2019/10/17-14:54:04.866435 7fc3a9fcb700                Options.disable_auto_compactions: 0
2019/10/17-14:54:04.866436 7fc3a9fcb700                        Options.compaction_style: kCompactionStyleLevel
2019/10/17-14:54:04.866438 7fc3a9fcb700                          Options.compaction_pri: kByCompensatedSize
2019/10/17-14:54:04.866439 7fc3a9fcb700 Options.compaction_options_universal.size_ratio: 1
2019/10/17-14:54:04.866440 7fc3a9fcb700 Options.compaction_options_universal.min_merge_width: 2
2019/10/17-14:54:04.866441 7fc3a9fcb700 Options.compaction_options_universal.max_merge_width: 4294967295
2019/10/17-14:54:04.866442 7fc3a9fcb700 Options.compaction_options_universal.max_size_amplification_percent: 200
2019/10/17-14:54:04.866443 7fc3a9fcb700 Options.compaction_options_universal.compression_size_percent: -1
2019/10/17-14:54:04.866445 7fc3a9fcb700 Options.compaction_options_universal.stop_style: kCompactionStopStyleTotalSize
2019/10/17-14:54:04.866446 7fc3a9fcb700 Options.compaction_options_fifo.max_table_files_size: 1073741824
2019/10/17-14:54:04.866447 7fc3a9fcb700 Options.compaction_options_fifo.allow_compaction: 0
2019/10/17-14:54:04.866448 7fc3a9fcb700 Options.compaction_options_fifo.ttl: 0
2019/10/17-14:54:04.866449 7fc3a9fcb700                   Options.table_properties_collectors: 
2019/10/17-14:54:04.866450 7fc3a9fcb700                   Options.inplace_update_support: 0
2019/10/17-14:54:04.866451 7fc3a9fcb700                 Options.inplace_update_num_locks: 10000
2019/10/17-14:54:04.866452 7fc3a9fcb700               Options.memtable_prefix_bloom_size_ratio: 0.000000
2019/10/17-14:54:04.866453 7fc3a9fcb700   Options.memtable_huge_page_size: 0
2019/10/17-14:54:04.866454 7fc3a9fcb700                           Options.bloom_locality: 0
2019/10/17-14:54:04.866455 7fc3a9fcb700                    Options.max_successive_merges: 0
2019/10/17-14:54:04.866456 7fc3a9fcb700                Options.optimize_filters_for_hits: 0
2019/10/17-14:54:04.866457 7fc3a9fcb700                Options.paranoid_file_checks: 0
2019/10/17-14:54:04.866458 7fc3a9fcb700                Options.force_consistency_checks: 0
2019/10/17-14:54:04.866459 7fc3a9fcb700                Options.report_bg_io_stats: 0
2019/10/17-14:54:04.866460 7fc3a9fcb700                               Options.ttl: 0
2019/10/17-14:54:04.866497 7fc3a9fcb700 [db/column_family.cc:472] --------------- Options for column family [active_gateways]:
2019/10/17-14:54:04.866499 7fc3a9fcb700               Options.comparator: leveldb.BytewiseComparator
2019/10/17-14:54:04.866500 7fc3a9fcb700           Options.merge_operator: None
2019/10/17-14:54:04.866501 7fc3a9fcb700        Options.compaction_filter: None
2019/10/17-14:54:04.866502 7fc3a9fcb700        Options.compaction_filter_factory: None
2019/10/17-14:54:04.866503 7fc3a9fcb700         Options.memtable_factory: SkipListFactory
2019/10/17-14:54:04.866504 7fc3a9fcb700            Options.table_factory: BlockBasedTable
2019/10/17-14:54:04.866518 7fc3a9fcb700            table_factory options:   flush_block_policy_factory: FlushBlockBySizePolicyFactory (0x7fc35002a470)
  cache_index_and_filter_blocks: 0
  cache_index_and_filter_blocks_with_high_priority: 0
  pin_l0_filter_and_index_blocks_in_cache: 0
  pin_top_level_index_and_filter: 1
  index_type: 0
  hash_index_allow_collision: 1
  checksum: 1
  no_block_cache: 0
  block_cache: 0x7fc3500d5a40
  block_cache_name: LRUCache
  block_cache_options:
    capacity : 8388608
    num_shard_bits : 4
    strict_capacity_limit : 0
    memory_allocator : None
    high_pri_pool_ratio: 0.000
  block_cache_compressed: (nil)
  persistent_cache: (nil)
  block_size: 4096
  block_size_deviation: 10
  block_restart_interval: 16
  index_block_restart_interval: 1
  metadata_block_size: 4096
  partition_filters: 0
  use_delta_encoding: 1
  filter_policy: nullptr
  whole_key_filtering: 1
  verify_compression: 0
  read_amp_bytes_per_bit: 0
  format_version: 2
  enable_index_compression: 1
  block_align: 0
2019/10/17-14:54:04.866526 7fc3a9fcb700        Options.write_buffer_size: 67108864
2019/10/17-14:54:04.866528 7fc3a9fcb700  Options.max_write_buffer_number: 2
2019/10/17-14:54:04.866529 7fc3a9fcb700          Options.compression: NoCompression
2019/10/17-14:54:04.866530 7fc3a9fcb700                  Options.bottommost_compression: Disabled
2019/10/17-14:54:04.866531 7fc3a9fcb700       Options.prefix_extractor: nullptr
2019/10/17-14:54:04.866532 7fc3a9fcb700   Options.memtable_insert_with_hint_prefix_extractor: nullptr
2019/10/17-14:54:04.866533 7fc3a9fcb700             Options.num_levels: 7
2019/10/17-14:54:04.866534 7fc3a9fcb700        Options.min_write_buffer_number_to_merge: 1
2019/10/17-14:54:04.866535 7fc3a9fcb700     Options.max_write_buffer_number_to_maintain: 0
2019/10/17-14:54:04.866536 7fc3a9fcb700            Options.bottommost_compression_opts.window_bits: -14
2019/10/17-14:54:04.866537 7fc3a9fcb700                  Options.bottommost_compression_opts.level: 32767
2019/10/17-14:54:04.866538 7fc3a9fcb700               Options.bottommost_compression_opts.strategy: 0
2019/10/17-14:54:04.866539 7fc3a9fcb700         Options.bottommost_compression_opts.max_dict_bytes: 0
2019/10/17-14:54:04.866540 7fc3a9fcb700         Options.bottommost_compression_opts.zstd_max_train_bytes: 0
2019/10/17-14:54:04.866541 7fc3a9fcb700                  Options.bottommost_compression_opts.enabled: false
2019/10/17-14:54:04.866542 7fc3a9fcb700            Options.compression_opts.window_bits: -14
2019/10/17-14:54:04.866543 7fc3a9fcb700                  Options.compression_opts.level: 32767
2019/10/17-14:54:04.866544 7fc3a9fcb700               Options.compression_opts.strategy: 0
2019/10/17-14:54:04.866545 7fc3a9fcb700         Options.compression_opts.max_dict_bytes: 0
2019/10/17-14:54:04.866546 7fc3a9fcb700         Options.compression_opts.zstd_max_train_bytes: 0
2019/10/17-14:54:04.866547 7fc3a9fcb700                  Options.compression_opts.enabled: false
2019/10/17-14:54:04.866548 7fc3a9fcb700      Options.level0_file_num_compaction_trigger: 4
2019/10/17-14:54:04.866549 7fc3a9fcb700          Options.level0_slowdown_writes_trigger: 20
2019/10/17-14:54:04.866550 7fc3a9fcb700              Options.level0_stop_writes_trigger: 36
2019/10/17-14:54:04.866551 7fc3a9fcb700                   Options.target_file_size_base: 67108864
2019/10/17-14:54:04.866552 7fc3a9fcb700             Options.target_file_size_multiplier: 1
2019/10/17-14:54:04.866553 7fc3a9fcb700                Options.max_bytes_for_level_base: 268435456
2019/10/17-14:54:04.866554 7fc3a9fcb700 Options.level_compaction_dynamic_level_bytes: 0
2019/10/17-14:54:04.866555 7fc3a9fcb700          Options.max_bytes_for_level_multiplier: 10.000000
2019/10/17-14:54:04.866557 7fc3a9fcb700 Options.max_bytes_for_level_multiplier_addtl[0]: 1
2019/10/17-14:54:04.866558 7fc3a9fcb700 Options.max_bytes_for_level_multiplier_addtl[1]: 1
2019/10/17-14:54:04.866559 7fc3a9fcb700 Options.max_bytes_for_level_multiplier_addtl[2]: 1
2019/10/17-14:54:04.866560 7fc3a9fcb700 Options.max_bytes_for_level_multiplier_addtl[3]: 1
2019/10/17-14:54:04.866561 7fc3a9fcb700 Options.max_bytes_for_level_multiplier_addtl[4]: 1
2019/10/17-14:54:04.866562 7fc3a9fcb700 Options.max_bytes_for_level_multiplier_addtl[5]: 1
2019/10/17-14:54:04.866563 7fc3a9fcb700 Options.max_bytes_for_level_multiplier_addtl[6]: 1
2019/10/17-14:54:04.866564 7fc3a9fcb700       Options.max_sequential_skip_in_iterations: 8
2019/10/17-14:54:04.866569 7fc3a9fcb700                    Options.max_compaction_bytes: 1677721600
2019/10/17-14:54:04.866571 7fc3a9fcb700                        Options.arena_block_size: 8388608
2019/10/17-14:54:04.866572 7fc3a9fcb700   Options.soft_pending_compaction_bytes_limit: 68719476736
2019/10/17-14:54:04.866573 7fc3a9fcb700   Options.hard_pending_compaction_bytes_limit: 274877906944
2019/10/17-14:54:04.866574 7fc3a9fcb700       Options.rate_limit_delay_max_milliseconds: 100
2019/10/17-14:54:04.866575 7fc3a9fcb700                Options.disable_auto_compactions: 0
2019/10/17-14:54:04.866576 7fc3a9fcb700                        Options.compaction_style: kCompactionStyleLevel
2019/10/17-14:54:04.866577 7fc3a9fcb700                          Options.compaction_pri: kByCompensatedSize
2019/10/17-14:54:04.866578 7fc3a9fcb700 Options.compaction_options_universal.size_ratio: 1
2019/10/17-14:54:04.866579 7fc3a9fcb700 Options.compaction_options_universal.min_merge_width: 2
2019/10/17-14:54:04.866580 7fc3a9fcb700 Options.compaction_options_universal.max_merge_width: 4294967295
2019/10/17-14:54:04.866581 7fc3a9fcb700 Options.compaction_options_universal.max_size_amplification_percent: 200
2019/10/17-14:54:04.866582 7fc3a9fcb700 Options.compaction_options_universal.compression_size_percent: -1
2019/10/17-14:54:04.866584 7fc3a9fcb700 Options.compaction_options_universal.stop_style: kCompactionStopStyleTotalSize
2019/10/17-14:54:04.866585 7fc3a9fcb700 Options.compaction_options_fifo.max_table_files_size: 1073741824
2019/10/17-14:54:04.866586 7fc3a9fcb700 Options.compaction_options_fifo.allow_compaction: 0
2019/10/17-14:54:04.866587 7fc3a9fcb700 Options.compaction_options_fifo.ttl: 0
2019/10/17-14:54:04.866588 7fc3a9fcb700                   Options.table_properties_collectors: 
2019/10/17-14:54:04.866589 7fc3a9fcb700                   Options.inplace_update_support: 0
2019/10/17-14:54:04.866590 7fc3a9fcb700                 Options.inplace_update_num_locks: 10000
2019/10/17-14:54:04.866591 7fc3a9fcb700               Options.memtable_prefix_bloom_size_ratio: 0.000000
2019/10/17-14:54:04.866592 7fc3a9fcb700   Options.memtable_huge_page_size: 0
2019/10/17-14:54:04.866593 7fc3a9fcb700                           Options.bloom_locality: 0
2019/10/17-14:54:04.866594 7fc3a9fcb700                    Options.max_successive_merges: 0
2019/10/17-14:54:04.866595 7fc3a9fcb700                Options.optimize_filters_for_hits: 0
2019/10/17-14:54:04.866596 7fc3a9fcb700                Options.paranoid_file_checks: 0
2019/10/17-14:54:04.866597 7fc3a9fcb700                Options.force_consistency_checks: 0
2019/10/17-14:54:04.866598 7fc3a9fcb700                Options.report_bg_io_stats: 0
2019/10/17-14:54:04.866599 7fc3a9fcb700                               Options.ttl: 0
2019/10/17-14:54:04.866619 7fc3a9fcb700 [db/column_family.cc:472] --------------- Options for column family [entries]:
2019/10/17-14:54:04.866621 7fc3a9fcb700               Options.comparator: leveldb.BytewiseComparator
2019/10/17-14:54:04.866622 7fc3a9fcb700           Options.merge_operator: None
2019/10/17-14:54:04.866623 7fc3a9fcb700        Options.compaction_filter: None
2019/10/17-14:54:04.866624 7fc3a9fcb700        Options.compaction_filter_factory: None
2019/10/17-14:54:04.866625 7fc3a9fcb700         Options.memtable_factory: SkipListFactory
2019/10/17-14:54:04.866626 7fc3a9fcb700            Options.table_factory: BlockBasedTable
2019/10/17-14:54:04.866639 7fc3a9fcb700            table_factory options:   flush_block_policy_factory: FlushBlockBySizePolicyFactory (0x7fc350043f10)
  cache_index_and_filter_blocks: 0
  cache_index_and_filter_blocks_with_high_priority: 0
  pin_l0_filter_and_index_blocks_in_cache: 0
  pin_top_level_index_and_filter: 1
  index_type: 0
  hash_index_allow_collision: 1
  checksum: 1
  no_block_cache: 0
  block_cache: 0x7fc3500448f0
  block_cache_name: LRUCache
  block_cache_options:
    capacity : 8388608
    num_shard_bits : 4
    strict_capacity_limit : 0
    memory_allocator : None
    high_pri_pool_ratio: 0.000
  block_cache_compressed: (nil)
  persistent_cache: (nil)
  block_size: 4096
  block_size_deviation: 10
  block_restart_interval: 16
  index_block_restart_interval: 1
  metadata_block_size: 4096
  partition_filters: 0
  use_delta_encoding: 1
  filter_policy: nullptr
  whole_key_filtering: 1
  verify_compression: 0
  read_amp_bytes_per_bit: 0
  format_version: 2
  enable_index_compression: 1
  block_align: 0
2019/10/17-14:54:04.866647 7fc3a9fcb700        Options.write_buffer_size: 67108864
2019/10/17-14:54:04.866648 7fc3a9fcb700  Options.max_write_buffer_number: 2
2019/10/17-14:54:04.866649 7fc3a9fcb700          Options.compression: NoCompression
2019/10/17-14:54:04.866650 7fc3a9fcb700                  Options.bottommost_compression: Disabled
2019/10/17-14:54:04.866651 7fc3a9fcb700       Options.prefix_extractor: nullptr
2019/10/17-14:54:04.866652 7fc3a9fcb700   Options.memtable_insert_with_hint_prefix_extractor: nullptr
2019/10/17-14:54:04.866653 7fc3a9fcb700             Options.num_levels: 7
2019/10/17-14:54:04.866654 7fc3a9fcb700        Options.min_write_buffer_number_to_merge: 1
2019/10/17-14:54:04.866655 7fc3a9fcb700     Options.max_write_buffer_number_to_maintain: 0
2019/10/17-14:54:04.866656 7fc3a9fcb700            Options.bottommost_compression_opts.window_bits: -14
2019/10/17-14:54:04.866657 7fc3a9fcb700                  Options.bottommost_compression_opts.level: 32767
2019/10/17-14:54:04.866658 7fc3a9fcb700               Options.bottommost_compression_opts.strategy: 0
2019/10/17-14:54:04.866659 7fc3a9fcb700         Options.bottommost_compression_opts.max_dict_bytes: 0
2019/10/17-14:54:04.866660 7fc3a9fcb700         Options.bottommost_compression_opts.zstd_max_train_bytes: 0
2019/10/17-14:54:04.866661 7fc3a9fcb700                  Options.bottommost_compression_opts.enabled: false
2019/10/17-14:54:04.866662 7fc3a9fcb700            Options.compression_opts.window_bits: -14
2019/10/17-14:54:04.866663 7fc3a9fcb700                  Options.compression_opts.level: 32767
2019/10/17-14:54:04.866664 7fc3a9fcb700               Options.compression_opts.strategy: 0
2019/10/17-14:54:04.866665 7fc3a9fcb700         Options.compression_opts.max_dict_bytes: 0
2019/10/17-14:54:04.866666 7fc3a9fcb700         Options.compression_opts.zstd_max_train_bytes: 0
2019/10/17-14:54:04.866667 7fc3a9fcb700                  Options.compression_opts.enabled: false
2019/10/17-14:54:04.866668 7fc3a9fcb700      Options.level0_file_num_compaction_trigger: 4
2019/10/17-14:54:04.866669 7fc3a9fcb700          Options.level0_slowdown_writes_trigger: 20
2019/10/17-14:54:04.866670 7fc3a9fcb700              Options.level0_stop_writes_trigger: 36
2019/10/17-14:54:04.866671 7fc3a9fcb700                   Options.target_file_size_base: 67108864
2019/10/17-14:54:04.866672 7fc3a9fcb700             Options.target_file_size_multiplier: 1
2019/10/17-14:54:04.866673 7fc3a9fcb700                Options.max_bytes_for_level_base: 268435456
2019/10/17-14:54:04.866674 7fc3a9fcb700 Options.level_compaction_dynamic_level_bytes: 0
2019/10/17-14:54:04.866675 7fc3a9fcb700          Options.max_bytes_for_level_multiplier: 10.000000
2019/10/17-14:54:04.866677 7fc3a9fcb700 Options.max_bytes_for_level_multiplier_addtl[0]: 1
2019/10/17-14:54:04.866678 7fc3a9fcb700 Options.max_bytes_for_level_multiplier_addtl[1]: 1
2019/10/17-14:54:04.866679 7fc3a9fcb700 Options.max_bytes_for_level_multiplier_addtl[2]: 1
2019/10/17-14:54:04.866680 7fc3a9fcb700 Options.max_bytes_for_level_multiplier_addtl[3]: 1
2019/10/17-14:54:04.866681 7fc3a9fcb700 Options.max_bytes_for_level_multiplier_addtl[4]: 1
2019/10/17-14:54:04.866682 7fc3a9fcb700 Options.max_bytes_for_level_multiplier_addtl[5]: 1
2019/10/17-14:54:04.866683 7fc3a9fcb700 Options.max_bytes_for_level_multiplier_addtl[6]: 1
2019/10/17-14:54:04.866684 7fc3a9fcb700       Options.max_sequential_skip_in_iterations: 8
2019/10/17-14:54:04.866685 7fc3a9fcb700                    Options.max_compaction_bytes: 1677721600
2019/10/17-14:54:04.866686 7fc3a9fcb700                        Options.arena_block_size: 8388608
2019/10/17-14:54:04.866687 7fc3a9fcb700   Options.soft_pending_compaction_bytes_limit: 68719476736
2019/10/17-14:54:04.866692 7fc3a9fcb700   Options.hard_pending_compaction_bytes_limit: 274877906944
2019/10/17-14:54:04.866694 7fc3a9fcb700       Options.rate_limit_delay_max_milliseconds: 100
2019/10/17-14:54:04.866695 7fc3a9fcb700                Options.disable_auto_compactions: 0
2019/10/17-14:54:04.866696 7fc3a9fcb700                        Options.compaction_style: kCompactionStyleLevel
2019/10/17-14:54:04.866697 7fc3a9fcb700                          Options.compaction_pri: kByCompensatedSize
2019/10/17-14:54:04.866698 7fc3a9fcb700 Options.compaction_options_universal.size_ratio: 1
2019/10/17-14:54:04.866699 7fc3a9fcb700 Options.compaction_options_universal.min_merge_width: 2
2019/10/17-14:54:04.866700 7fc3a9fcb700 Options.compaction_options_universal.max_merge_width: 4294967295
2019/10/17-14:54:04.866701 7fc3a9fcb700 Options.compaction_options_universal.max_size_amplification_percent: 200
2019/10/17-14:54:04.866702 7fc3a9fcb700 Options.compaction_options_universal.compression_size_percent: -1
2019/10/17-14:54:04.866703 7fc3a9fcb700 Options.compaction_options_universal.stop_style: kCompactionStopStyleTotalSize
2019/10/17-14:54:04.866704 7fc3a9fcb700 Options.compaction_options_fifo.max_table_files_size: 1073741824
2019/10/17-14:54:04.866705 7fc3a9fcb700 Options.compaction_options_fifo.allow_compaction: 0
2019/10/17-14:54:04.866706 7fc3a9fcb700 Options.compaction_options_fifo.ttl: 0
2019/10/17-14:54:04.866707 7fc3a9fcb700                   Options.table_properties_collectors: 
2019/10/17-14:54:04.866708 7fc3a9fcb700                   Options.inplace_update_support: 0
2019/10/17-14:54:04.866709 7fc3a9fcb700                 Options.inplace_update_num_locks: 10000
2019/10/17-14:54:04.866710 7fc3a9fcb700               Options.memtable_prefix_bloom_size_ratio: 0.000000
2019/10/17-14:54:04.866711 7fc3a9fcb700   Options.memtable_huge_page_size: 0
2019/10/17-14:54:04.866712 7fc3a9fcb700                           Options.bloom_locality: 0
2019/10/17-14:54:04.866713 7fc3a9fcb700                    Options.max_successive_merges: 0
2019/10/17-14:54:04.866714 7fc3a9fcb700                Options.optimize_filters_for_hits: 0
2019/10/17-14:54:04.866715 7fc3a9fcb700                Options.paranoid_file_checks: 0
2019/10/17-14:54:04.866716 7fc3a9fcb700                Options.force_consistency_checks: 0
2019/10/17-14:54:04.866717 7fc3a9fcb700                Options.report_bg_io_stats: 0
2019/10/17-14:54:04.866718 7fc3a9fcb700                               Options.ttl: 0
2019/10/17-14:54:04.866736 7fc3a9fcb700 [db/column_family.cc:472] --------------- Options for column family [dc_entries]:
2019/10/17-14:54:04.866738 7fc3a9fcb700               Options.comparator: leveldb.BytewiseComparator
2019/10/17-14:54:04.866739 7fc3a9fcb700           Options.merge_operator: None
2019/10/17-14:54:04.866740 7fc3a9fcb700        Options.compaction_filter: None
2019/10/17-14:54:04.866741 7fc3a9fcb700        Options.compaction_filter_factory: None
2019/10/17-14:54:04.866742 7fc3a9fcb700         Options.memtable_factory: SkipListFactory
2019/10/17-14:54:04.866743 7fc3a9fcb700            Options.table_factory: BlockBasedTable
2019/10/17-14:54:04.866755 7fc3a9fcb700            table_factory options:   flush_block_policy_factory: FlushBlockBySizePolicyFactory (0x7fc3500895e0)
  cache_index_and_filter_blocks: 0
  cache_index_and_filter_blocks_with_high_priority: 0
  pin_l0_filter_and_index_blocks_in_cache: 0
  pin_top_level_index_and_filter: 1
  index_type: 0
  hash_index_allow_collision: 1
  checksum: 1
  no_block_cache: 0
  block_cache: 0x7fc35002ae80
  block_cache_name: LRUCache
  block_cache_options:
    capacity : 8388608
    num_shard_bits : 4
    strict_capacity_limit : 0
    memory_allocator : None
    high_pri_pool_ratio: 0.000
  block_cache_compressed: (nil)
  persistent_cache: (nil)
  block_size: 4096
  block_size_deviation: 10
  block_restart_interval: 16
  index_block_restart_interval: 1
  metadata_block_size: 4096
  partition_filters: 0
  use_delta_encoding: 1
  filter_policy: nullptr
  whole_key_filtering: 1
  verify_compression: 0
  read_amp_bytes_per_bit: 0
  format_version: 2
  enable_index_compression: 1
  block_align: 0
2019/10/17-14:54:04.866763 7fc3a9fcb700        Options.write_buffer_size: 67108864
2019/10/17-14:54:04.866764 7fc3a9fcb700  Options.max_write_buffer_number: 2
2019/10/17-14:54:04.866765 7fc3a9fcb700          Options.compression: NoCompression
2019/10/17-14:54:04.866766 7fc3a9fcb700                  Options.bottommost_compression: Disabled
2019/10/17-14:54:04.866767 7fc3a9fcb700       Options.prefix_extractor: nullptr
2019/10/17-14:54:04.866768 7fc3a9fcb700   Options.memtable_insert_with_hint_prefix_extractor: nullptr
2019/10/17-14:54:04.866769 7fc3a9fcb700             Options.num_levels: 7
2019/10/17-14:54:04.866770 7fc3a9fcb700        Options.min_write_buffer_number_to_merge: 1
2019/10/17-14:54:04.866771 7fc3a9fcb700     Options.max_write_buffer_number_to_maintain: 0
2019/10/17-14:54:04.866772 7fc3a9fcb700            Options.bottommost_compression_opts.window_bits: -14
2019/10/17-14:54:04.866773 7fc3a9fcb700                  Options.bottommost_compression_opts.level: 32767
2019/10/17-14:54:04.866774 7fc3a9fcb700               Options.bottommost_compression_opts.strategy: 0
2019/10/17-14:54:04.866775 7fc3a9fcb700         Options.bottommost_compression_opts.max_dict_bytes: 0
2019/10/17-14:54:04.866776 7fc3a9fcb700         Options.bottommost_compression_opts.zstd_max_train_bytes: 0
2019/10/17-14:54:04.866777 7fc3a9fcb700                  Options.bottommost_compression_opts.enabled: false
2019/10/17-14:54:04.866778 7fc3a9fcb700            Options.compression_opts.window_bits: -14
2019/10/17-14:54:04.866779 7fc3a9fcb700                  Options.compression_opts.level: 32767
2019/10/17-14:54:04.866780 7fc3a9fcb700               Options.compression_opts.strategy: 0
2019/10/17-14:54:04.866781 7fc3a9fcb700         Options.compression_opts.max_dict_bytes: 0
2019/10/17-14:54:04.866782 7fc3a9fcb700         Options.compression_opts.zstd_max_train_bytes: 0
2019/10/17-14:54:04.866783 7fc3a9fcb700                  Options.compression_opts.enabled: false
2019/10/17-14:54:04.866784 7fc3a9fcb700      Options.level0_file_num_compaction_trigger: 4
2019/10/17-14:54:04.866785 7fc3a9fcb700          Options.level0_slowdown_writes_trigger: 20
2019/10/17-14:54:04.866786 7fc3a9fcb700              Options.level0_stop_writes_trigger: 36
2019/10/17-14:54:04.866787 7fc3a9fcb700                   Options.target_file_size_base: 67108864
2019/10/17-14:54:04.866788 7fc3a9fcb700             Options.target_file_size_multiplier: 1
2019/10/17-14:54:04.866789 7fc3a9fcb700                Options.max_bytes_for_level_base: 268435456
2019/10/17-14:54:04.866790 7fc3a9fcb700 Options.level_compaction_dynamic_level_bytes: 0
2019/10/17-14:54:04.866791 7fc3a9fcb700          Options.max_bytes_for_level_multiplier: 10.000000
2019/10/17-14:54:04.866792 7fc3a9fcb700 Options.max_bytes_for_level_multiplier_addtl[0]: 1
2019/10/17-14:54:04.866793 7fc3a9fcb700 Options.max_bytes_for_level_multiplier_addtl[1]: 1
2019/10/17-14:54:04.866794 7fc3a9fcb700 Options.max_bytes_for_level_multiplier_addtl[2]: 1
2019/10/17-14:54:04.866795 7fc3a9fcb700 Options.max_bytes_for_level_multiplier_addtl[3]: 1
2019/10/17-14:54:04.866796 7fc3a9fcb700 Options.max_bytes_for_level_multiplier_addtl[4]: 1
2019/10/17-14:54:04.866797 7fc3a9fcb700 Options.max_bytes_for_level_multiplier_addtl[5]: 1
2019/10/17-14:54:04.866798 7fc3a9fcb700 Options.max_bytes_for_level_multiplier_addtl[6]: 1
2019/10/17-14:54:04.866799 7fc3a9fcb700       Options.max_sequential_skip_in_iterations: 8
2019/10/17-14:54:04.866800 7fc3a9fcb700                    Options.max_compaction_bytes: 1677721600
2019/10/17-14:54:04.866801 7fc3a9fcb700                        Options.arena_block_size: 8388608
2019/10/17-14:54:04.866802 7fc3a9fcb700   Options.soft_pending_compaction_bytes_limit: 68719476736
2019/10/17-14:54:04.866803 7fc3a9fcb700   Options.hard_pending_compaction_bytes_limit: 274877906944
2019/10/17-14:54:04.866804 7fc3a9fcb700       Options.rate_limit_delay_max_milliseconds: 100
2019/10/17-14:54:04.866805 7fc3a9fcb700                Options.disable_auto_compactions: 0
2019/10/17-14:54:04.866812 7fc3a9fcb700                        Options.compaction_style: kCompactionStyleLevel
2019/10/17-14:54:04.866813 7fc3a9fcb700                          Options.compaction_pri: kByCompensatedSize
2019/10/17-14:54:04.866814 7fc3a9fcb700 Options.compaction_options_universal.size_ratio: 1
2019/10/17-14:54:04.866815 7fc3a9fcb700 Options.compaction_options_universal.min_merge_width: 2
2019/10/17-14:54:04.866816 7fc3a9fcb700 Options.compaction_options_universal.max_merge_width: 4294967295
2019/10/17-14:54:04.866817 7fc3a9fcb700 Options.compaction_options_universal.max_size_amplification_percent: 200
2019/10/17-14:54:04.866818 7fc3a9fcb700 Options.compaction_options_universal.compression_size_percent: -1
2019/10/17-14:54:04.866819 7fc3a9fcb700 Options.compaction_options_universal.stop_style: kCompactionStopStyleTotalSize
2019/10/17-14:54:04.866820 7fc3a9fcb700 Options.compaction_options_fifo.max_table_files_size: 1073741824
2019/10/17-14:54:04.866821 7fc3a9fcb700 Options.compaction_options_fifo.allow_compaction: 0
2019/10/17-14:54:04.866822 7fc3a9fcb700 Options.compaction_options_fifo.ttl: 0
2019/10/17-14:54:04.866823 7fc3a9fcb700                   Options.table_properties_collectors: 
2019/10/17-14:54:04.866824 7fc3a9fcb700                   Options.inplace_update_support: 0
2019/10/17-14:54:04.866825 7fc3a9fcb700                 Options.inplace_update_num_locks: 10000
2019/10/17-14:54:04.866826 7fc3a9fcb700               Options.memtable_prefix_bloom_size_ratio: 0.000000
2019/10/17-14:54:04.866828 7fc3a9fcb700   Options.memtable_huge_page_size: 0
2019/10/17-14:54:04.866829 7fc3a9fcb700                           Options.bloom_locality: 0
2019/10/17-14:54:04.866830 7fc3a9fcb700                    Options.max_successive_merges: 0
2019/10/17-14:54:04.866830 7fc3a9fcb700                Options.optimize_filters_for_hits: 0
2019/10/17-14:54:04.866831 7fc3a9fcb700                Options.paranoid_file_checks: 0
2019/10/17-14:54:04.866832 7fc3a9fcb700                Options.force_consistency_checks: 0
2019/10/17-14:54:04.866833 7fc3a9fcb700                Options.report_bg_io_stats: 0
2019/10/17-14:54:04.866834 7fc3a9fcb700                               Options.ttl: 0
2019/10/17-14:54:04.866849 7fc3a9fcb700 [db/column_family.cc:472] --------------- Options for column family [htlcs]:
2019/10/17-14:54:04.866851 7fc3a9fcb700               Options.comparator: leveldb.BytewiseComparator
2019/10/17-14:54:04.866852 7fc3a9fcb700           Options.merge_operator: None
2019/10/17-14:54:04.866853 7fc3a9fcb700        Options.compaction_filter: None
2019/10/17-14:54:04.866854 7fc3a9fcb700        Options.compaction_filter_factory: None
2019/10/17-14:54:04.866855 7fc3a9fcb700         Options.memtable_factory: SkipListFactory
2019/10/17-14:54:04.866856 7fc3a9fcb700            Options.table_factory: BlockBasedTable
2019/10/17-14:54:04.866868 7fc3a9fcb700            table_factory options:   flush_block_policy_factory: FlushBlockBySizePolicyFactory (0x7fc350001b40)
