2019/10/17-14:56:12.882048 7fbc2cd30700 RocksDB version: 5.18.3
2019/10/17-14:56:12.882083 7fbc2cd30700 Git sha rocksdb_build_git_sha:@0@
2019/10/17-14:56:12.882085 7fbc2cd30700 Compile date Sep 19 2019
2019/10/17-14:56:12.882086 7fbc2cd30700 DB SUMMARY
2019/10/17-14:56:12.882765 7fbc2cd30700 CURRENT file:  CURRENT
2019/10/17-14:56:12.882766 7fbc2cd30700 IDENTITY file:  IDENTITY
2019/10/17-14:56:12.882794 7fbc2cd30700 MANIFEST file:  MANIFEST-116926 size: 4114 Bytes
2019/10/17-14:56:12.882796 7fbc2cd30700 SST files in /home/rahul/dev/blockchain-core/eqc/ledger.db dir, Total Num: 29, files: 000624.sst 000627.sst 106940.sst 108447.sst 108450.sst 109471.sst 109483.sst 109485.sst 109486.sst 
2019/10/17-14:56:12.882797 7fbc2cd30700 Write Ahead Log file in /home/rahul/dev/blockchain-core/eqc/ledger.db: 116927.log size: 0 ; 
2019/10/17-14:56:12.882829 7fbc2cd30700                         Options.error_if_exists: 0
2019/10/17-14:56:12.882831 7fbc2cd30700                       Options.create_if_missing: 1
2019/10/17-14:56:12.882831 7fbc2cd30700                         Options.paranoid_checks: 1
2019/10/17-14:56:12.882832 7fbc2cd30700                                     Options.env: 0x7fbbafa7bc60
2019/10/17-14:56:12.882833 7fbc2cd30700                                Options.info_log: 0x7fbbb803a050
2019/10/17-14:56:12.882834 7fbc2cd30700                Options.max_file_opening_threads: 16
2019/10/17-14:56:12.882834 7fbc2cd30700                              Options.statistics: (nil)
2019/10/17-14:56:12.882835 7fbc2cd30700                               Options.use_fsync: 0
2019/10/17-14:56:12.882836 7fbc2cd30700                       Options.max_log_file_size: 0
2019/10/17-14:56:12.882837 7fbc2cd30700                  Options.max_manifest_file_size: 1073741824
2019/10/17-14:56:12.882838 7fbc2cd30700                   Options.log_file_time_to_roll: 0
2019/10/17-14:56:12.882838 7fbc2cd30700                       Options.keep_log_file_num: 1000
2019/10/17-14:56:12.882839 7fbc2cd30700                    Options.recycle_log_file_num: 0
2019/10/17-14:56:12.882840 7fbc2cd30700                         Options.allow_fallocate: 1
2019/10/17-14:56:12.882840 7fbc2cd30700                        Options.allow_mmap_reads: 0
2019/10/17-14:56:12.882841 7fbc2cd30700                       Options.allow_mmap_writes: 0
2019/10/17-14:56:12.882842 7fbc2cd30700                        Options.use_direct_reads: 0
2019/10/17-14:56:12.882842 7fbc2cd30700                        Options.use_direct_io_for_flush_and_compaction: 0
2019/10/17-14:56:12.882843 7fbc2cd30700          Options.create_missing_column_families: 0
2019/10/17-14:56:12.882844 7fbc2cd30700                              Options.db_log_dir: 
2019/10/17-14:56:12.882845 7fbc2cd30700                                 Options.wal_dir: /home/rahul/dev/blockchain-core/eqc/ledger.db
2019/10/17-14:56:12.882845 7fbc2cd30700                Options.table_cache_numshardbits: 6
2019/10/17-14:56:12.882846 7fbc2cd30700                      Options.max_subcompactions: 1
2019/10/17-14:56:12.882847 7fbc2cd30700                  Options.max_background_flushes: -1
2019/10/17-14:56:12.882848 7fbc2cd30700                         Options.WAL_ttl_seconds: 0
2019/10/17-14:56:12.882848 7fbc2cd30700                       Options.WAL_size_limit_MB: 0
2019/10/17-14:56:12.882849 7fbc2cd30700             Options.manifest_preallocation_size: 4194304
2019/10/17-14:56:12.882850 7fbc2cd30700                     Options.is_fd_close_on_exec: 1
2019/10/17-14:56:12.882850 7fbc2cd30700                   Options.advise_random_on_open: 1
2019/10/17-14:56:12.882851 7fbc2cd30700                    Options.db_write_buffer_size: 0
2019/10/17-14:56:12.882852 7fbc2cd30700                    Options.write_buffer_manager: 0x7fbbb804d530
2019/10/17-14:56:12.882853 7fbc2cd30700         Options.access_hint_on_compaction_start: 1
2019/10/17-14:56:12.882853 7fbc2cd30700  Options.new_table_reader_for_compaction_inputs: 0
2019/10/17-14:56:12.882854 7fbc2cd30700           Options.random_access_max_buffer_size: 1048576
2019/10/17-14:56:12.882855 7fbc2cd30700                      Options.use_adaptive_mutex: 0
2019/10/17-14:56:12.882855 7fbc2cd30700                            Options.rate_limiter: (nil)
2019/10/17-14:56:12.882864 7fbc2cd30700     Options.sst_file_manager.rate_bytes_per_sec: 0
2019/10/17-14:56:12.882865 7fbc2cd30700                       Options.wal_recovery_mode: 2
2019/10/17-14:56:12.882866 7fbc2cd30700                  Options.enable_thread_tracking: 0
2019/10/17-14:56:12.882867 7fbc2cd30700                  Options.enable_pipelined_write: 0
2019/10/17-14:56:12.882867 7fbc2cd30700         Options.allow_concurrent_memtable_write: 1
2019/10/17-14:56:12.882868 7fbc2cd30700      Options.enable_write_thread_adaptive_yield: 1
2019/10/17-14:56:12.882869 7fbc2cd30700             Options.write_thread_max_yield_usec: 100
2019/10/17-14:56:12.882870 7fbc2cd30700            Options.write_thread_slow_yield_usec: 3
2019/10/17-14:56:12.882870 7fbc2cd30700                               Options.row_cache: None
2019/10/17-14:56:12.882871 7fbc2cd30700                              Options.wal_filter: None
2019/10/17-14:56:12.882872 7fbc2cd30700             Options.avoid_flush_during_recovery: 0
2019/10/17-14:56:12.882873 7fbc2cd30700             Options.allow_ingest_behind: 0
2019/10/17-14:56:12.882873 7fbc2cd30700             Options.preserve_deletes: 0
2019/10/17-14:56:12.882874 7fbc2cd30700             Options.two_write_queues: 0
2019/10/17-14:56:12.882875 7fbc2cd30700             Options.manual_wal_flush: 0
2019/10/17-14:56:12.882875 7fbc2cd30700             Options.max_background_jobs: 2
2019/10/17-14:56:12.882876 7fbc2cd30700             Options.max_background_compactions: -1
2019/10/17-14:56:12.882877 7fbc2cd30700             Options.avoid_flush_during_shutdown: 0
2019/10/17-14:56:12.882878 7fbc2cd30700           Options.writable_file_max_buffer_size: 1048576
2019/10/17-14:56:12.882878 7fbc2cd30700             Options.delayed_write_rate : 16777216
2019/10/17-14:56:12.882879 7fbc2cd30700             Options.max_total_wal_size: 0
2019/10/17-14:56:12.882880 7fbc2cd30700             Options.delete_obsolete_files_period_micros: 21600000000
2019/10/17-14:56:12.882880 7fbc2cd30700                   Options.stats_dump_period_sec: 600
2019/10/17-14:56:12.882881 7fbc2cd30700                          Options.max_open_files: -1
2019/10/17-14:56:12.882882 7fbc2cd30700                          Options.bytes_per_sync: 0
2019/10/17-14:56:12.882883 7fbc2cd30700                      Options.wal_bytes_per_sync: 0
2019/10/17-14:56:12.882883 7fbc2cd30700       Options.compaction_readahead_size: 0
2019/10/17-14:56:12.882884 7fbc2cd30700 Compression algorithms supported:
2019/10/17-14:56:12.882885 7fbc2cd30700 	kZSTDNotFinalCompression supported: 0
2019/10/17-14:56:12.882886 7fbc2cd30700 	kZSTD supported: 0
2019/10/17-14:56:12.882887 7fbc2cd30700 	kXpressCompression supported: 0
2019/10/17-14:56:12.882888 7fbc2cd30700 	kLZ4HCCompression supported: 0
2019/10/17-14:56:12.882888 7fbc2cd30700 	kLZ4Compression supported: 0
2019/10/17-14:56:12.882889 7fbc2cd30700 	kBZip2Compression supported: 0
2019/10/17-14:56:12.882890 7fbc2cd30700 	kZlibCompression supported: 0
2019/10/17-14:56:12.882890 7fbc2cd30700 	kSnappyCompression supported: 0
2019/10/17-14:56:12.882892 7fbc2cd30700 Fast CRC32 supported: Supported on x86
2019/10/17-14:56:12.882984 7fbc2cd30700 [db/version_set.cc:3507] Recovering from manifest file: MANIFEST-116926
2019/10/17-14:56:12.883014 7fbc2cd30700 [db/column_family.cc:472] --------------- Options for column family [default]:
2019/10/17-14:56:12.883015 7fbc2cd30700               Options.comparator: leveldb.BytewiseComparator
2019/10/17-14:56:12.883016 7fbc2cd30700           Options.merge_operator: None
2019/10/17-14:56:12.883017 7fbc2cd30700        Options.compaction_filter: None
2019/10/17-14:56:12.883018 7fbc2cd30700        Options.compaction_filter_factory: None
2019/10/17-14:56:12.883018 7fbc2cd30700         Options.memtable_factory: SkipListFactory
2019/10/17-14:56:12.883019 7fbc2cd30700            Options.table_factory: BlockBasedTable
2019/10/17-14:56:12.883034 7fbc2cd30700            table_factory options:   flush_block_policy_factory: FlushBlockBySizePolicyFactory (0x7fbbb8463990)
  cache_index_and_filter_blocks: 0
  cache_index_and_filter_blocks_with_high_priority: 0
  pin_l0_filter_and_index_blocks_in_cache: 0
  pin_top_level_index_and_filter: 1
  index_type: 0
  hash_index_allow_collision: 1
  checksum: 1
  no_block_cache: 0
  block_cache: 0x7fbbb82a5010
  block_cache_name: LRUCache
  block_cache_options:
    capacity : 8388608
    num_shard_bits : 4
    strict_capacity_limit : 0
    memory_allocator : None
    high_pri_pool_ratio: 0.000
  block_cache_compressed: (nil)
  persistent_cache: (nil)
  block_size: 4096
  block_size_deviation: 10
  block_restart_interval: 16
  index_block_restart_interval: 1
  metadata_block_size: 4096
  partition_filters: 0
  use_delta_encoding: 1
  filter_policy: nullptr
  whole_key_filtering: 1
  verify_compression: 0
  read_amp_bytes_per_bit: 0
  format_version: 2
  enable_index_compression: 1
  block_align: 0
2019/10/17-14:56:12.883042 7fbc2cd30700        Options.write_buffer_size: 67108864
2019/10/17-14:56:12.883043 7fbc2cd30700  Options.max_write_buffer_number: 2
2019/10/17-14:56:12.883044 7fbc2cd30700          Options.compression: NoCompression
2019/10/17-14:56:12.883045 7fbc2cd30700                  Options.bottommost_compression: Disabled
2019/10/17-14:56:12.883046 7fbc2cd30700       Options.prefix_extractor: nullptr
2019/10/17-14:56:12.883047 7fbc2cd30700   Options.memtable_insert_with_hint_prefix_extractor: nullptr
2019/10/17-14:56:12.883047 7fbc2cd30700             Options.num_levels: 7
2019/10/17-14:56:12.883048 7fbc2cd30700        Options.min_write_buffer_number_to_merge: 1
2019/10/17-14:56:12.883049 7fbc2cd30700     Options.max_write_buffer_number_to_maintain: 0
2019/10/17-14:56:12.883049 7fbc2cd30700            Options.bottommost_compression_opts.window_bits: -14
2019/10/17-14:56:12.883050 7fbc2cd30700                  Options.bottommost_compression_opts.level: 32767
2019/10/17-14:56:12.883051 7fbc2cd30700               Options.bottommost_compression_opts.strategy: 0
2019/10/17-14:56:12.883052 7fbc2cd30700         Options.bottommost_compression_opts.max_dict_bytes: 0
2019/10/17-14:56:12.883052 7fbc2cd30700         Options.bottommost_compression_opts.zstd_max_train_bytes: 0
2019/10/17-14:56:12.883053 7fbc2cd30700                  Options.bottommost_compression_opts.enabled: false
2019/10/17-14:56:12.883054 7fbc2cd30700            Options.compression_opts.window_bits: -14
2019/10/17-14:56:12.883055 7fbc2cd30700                  Options.compression_opts.level: 32767
2019/10/17-14:56:12.883055 7fbc2cd30700               Options.compression_opts.strategy: 0
2019/10/17-14:56:12.883056 7fbc2cd30700         Options.compression_opts.max_dict_bytes: 0
2019/10/17-14:56:12.883057 7fbc2cd30700         Options.compression_opts.zstd_max_train_bytes: 0
2019/10/17-14:56:12.883057 7fbc2cd30700                  Options.compression_opts.enabled: false
2019/10/17-14:56:12.883058 7fbc2cd30700      Options.level0_file_num_compaction_trigger: 4
2019/10/17-14:56:12.883059 7fbc2cd30700          Options.level0_slowdown_writes_trigger: 20
2019/10/17-14:56:12.883059 7fbc2cd30700              Options.level0_stop_writes_trigger: 36
2019/10/17-14:56:12.883060 7fbc2cd30700                   Options.target_file_size_base: 67108864
2019/10/17-14:56:12.883061 7fbc2cd30700             Options.target_file_size_multiplier: 1
2019/10/17-14:56:12.883062 7fbc2cd30700                Options.max_bytes_for_level_base: 268435456
2019/10/17-14:56:12.883062 7fbc2cd30700 Options.level_compaction_dynamic_level_bytes: 0
2019/10/17-14:56:12.883063 7fbc2cd30700          Options.max_bytes_for_level_multiplier: 10.000000
2019/10/17-14:56:12.883065 7fbc2cd30700 Options.max_bytes_for_level_multiplier_addtl[0]: 1
2019/10/17-14:56:12.883066 7fbc2cd30700 Options.max_bytes_for_level_multiplier_addtl[1]: 1
2019/10/17-14:56:12.883067 7fbc2cd30700 Options.max_bytes_for_level_multiplier_addtl[2]: 1
2019/10/17-14:56:12.883067 7fbc2cd30700 Options.max_bytes_for_level_multiplier_addtl[3]: 1
2019/10/17-14:56:12.883068 7fbc2cd30700 Options.max_bytes_for_level_multiplier_addtl[4]: 1
2019/10/17-14:56:12.883072 7fbc2cd30700 Options.max_bytes_for_level_multiplier_addtl[5]: 1
2019/10/17-14:56:12.883073 7fbc2cd30700 Options.max_bytes_for_level_multiplier_addtl[6]: 1
2019/10/17-14:56:12.883074 7fbc2cd30700       Options.max_sequential_skip_in_iterations: 8
2019/10/17-14:56:12.883074 7fbc2cd30700                    Options.max_compaction_bytes: 1677721600
2019/10/17-14:56:12.883075 7fbc2cd30700                        Options.arena_block_size: 8388608
2019/10/17-14:56:12.883076 7fbc2cd30700   Options.soft_pending_compaction_bytes_limit: 68719476736
2019/10/17-14:56:12.883077 7fbc2cd30700   Options.hard_pending_compaction_bytes_limit: 274877906944
2019/10/17-14:56:12.883077 7fbc2cd30700       Options.rate_limit_delay_max_milliseconds: 100
2019/10/17-14:56:12.883078 7fbc2cd30700                Options.disable_auto_compactions: 0
2019/10/17-14:56:12.883079 7fbc2cd30700                        Options.compaction_style: kCompactionStyleLevel
2019/10/17-14:56:12.883080 7fbc2cd30700                          Options.compaction_pri: kByCompensatedSize
2019/10/17-14:56:12.883081 7fbc2cd30700 Options.compaction_options_universal.size_ratio: 1
2019/10/17-14:56:12.883082 7fbc2cd30700 Options.compaction_options_universal.min_merge_width: 2
2019/10/17-14:56:12.883083 7fbc2cd30700 Options.compaction_options_universal.max_merge_width: 4294967295
2019/10/17-14:56:12.883083 7fbc2cd30700 Options.compaction_options_universal.max_size_amplification_percent: 200
2019/10/17-14:56:12.883084 7fbc2cd30700 Options.compaction_options_universal.compression_size_percent: -1
2019/10/17-14:56:12.883085 7fbc2cd30700 Options.compaction_options_universal.stop_style: kCompactionStopStyleTotalSize
2019/10/17-14:56:12.883086 7fbc2cd30700 Options.compaction_options_fifo.max_table_files_size: 1073741824
2019/10/17-14:56:12.883087 7fbc2cd30700 Options.compaction_options_fifo.allow_compaction: 0
2019/10/17-14:56:12.883087 7fbc2cd30700 Options.compaction_options_fifo.ttl: 0
2019/10/17-14:56:12.883088 7fbc2cd30700                   Options.table_properties_collectors: 
2019/10/17-14:56:12.883089 7fbc2cd30700                   Options.inplace_update_support: 0
2019/10/17-14:56:12.883089 7fbc2cd30700                 Options.inplace_update_num_locks: 10000
2019/10/17-14:56:12.883090 7fbc2cd30700               Options.memtable_prefix_bloom_size_ratio: 0.000000
2019/10/17-14:56:12.883091 7fbc2cd30700   Options.memtable_huge_page_size: 0
2019/10/17-14:56:12.883092 7fbc2cd30700                           Options.bloom_locality: 0
2019/10/17-14:56:12.883093 7fbc2cd30700                    Options.max_successive_merges: 0
2019/10/17-14:56:12.883093 7fbc2cd30700                Options.optimize_filters_for_hits: 0
2019/10/17-14:56:12.883094 7fbc2cd30700                Options.paranoid_file_checks: 0
2019/10/17-14:56:12.883095 7fbc2cd30700                Options.force_consistency_checks: 0
2019/10/17-14:56:12.883096 7fbc2cd30700                Options.report_bg_io_stats: 0
2019/10/17-14:56:12.883096 7fbc2cd30700                               Options.ttl: 0
2019/10/17-14:56:12.883122 7fbc2cd30700 [db/column_family.cc:472] --------------- Options for column family [active_gateways]:
2019/10/17-14:56:12.883123 7fbc2cd30700               Options.comparator: leveldb.BytewiseComparator
2019/10/17-14:56:12.883124 7fbc2cd30700           Options.merge_operator: None
2019/10/17-14:56:12.883124 7fbc2cd30700        Options.compaction_filter: None
2019/10/17-14:56:12.883125 7fbc2cd30700        Options.compaction_filter_factory: None
2019/10/17-14:56:12.883126 7fbc2cd30700         Options.memtable_factory: SkipListFactory
2019/10/17-14:56:12.883126 7fbc2cd30700            Options.table_factory: BlockBasedTable
2019/10/17-14:56:12.883136 7fbc2cd30700            table_factory options:   flush_block_policy_factory: FlushBlockBySizePolicyFactory (0x7fbbb82a1240)
  cache_index_and_filter_blocks: 0
  cache_index_and_filter_blocks_with_high_priority: 0
  pin_l0_filter_and_index_blocks_in_cache: 0
  pin_top_level_index_and_filter: 1
  index_type: 0
  hash_index_allow_collision: 1
  checksum: 1
  no_block_cache: 0
  block_cache: 0x7fbbb8511f20
  block_cache_name: LRUCache
  block_cache_options:
    capacity : 8388608
    num_shard_bits : 4
    strict_capacity_limit : 0
    memory_allocator : None
    high_pri_pool_ratio: 0.000
  block_cache_compressed: (nil)
  persistent_cache: (nil)
  block_size: 4096
  block_size_deviation: 10
  block_restart_interval: 16
  index_block_restart_interval: 1
  metadata_block_size: 4096
  partition_filters: 0
  use_delta_encoding: 1
  filter_policy: nullptr
  whole_key_filtering: 1
  verify_compression: 0
  read_amp_bytes_per_bit: 0
  format_version: 2
  enable_index_compression: 1
  block_align: 0
2019/10/17-14:56:12.883142 7fbc2cd30700        Options.write_buffer_size: 67108864
2019/10/17-14:56:12.883143 7fbc2cd30700  Options.max_write_buffer_number: 2
2019/10/17-14:56:12.883144 7fbc2cd30700          Options.compression: NoCompression
2019/10/17-14:56:12.883145 7fbc2cd30700                  Options.bottommost_compression: Disabled
2019/10/17-14:56:12.883145 7fbc2cd30700       Options.prefix_extractor: nullptr
2019/10/17-14:56:12.883146 7fbc2cd30700   Options.memtable_insert_with_hint_prefix_extractor: nullptr
2019/10/17-14:56:12.883147 7fbc2cd30700             Options.num_levels: 7
2019/10/17-14:56:12.883147 7fbc2cd30700        Options.min_write_buffer_number_to_merge: 1
2019/10/17-14:56:12.883148 7fbc2cd30700     Options.max_write_buffer_number_to_maintain: 0
2019/10/17-14:56:12.883149 7fbc2cd30700            Options.bottommost_compression_opts.window_bits: -14
2019/10/17-14:56:12.883150 7fbc2cd30700                  Options.bottommost_compression_opts.level: 32767
2019/10/17-14:56:12.883150 7fbc2cd30700               Options.bottommost_compression_opts.strategy: 0
2019/10/17-14:56:12.883151 7fbc2cd30700         Options.bottommost_compression_opts.max_dict_bytes: 0
2019/10/17-14:56:12.883152 7fbc2cd30700         Options.bottommost_compression_opts.zstd_max_train_bytes: 0
2019/10/17-14:56:12.883152 7fbc2cd30700                  Options.bottommost_compression_opts.enabled: false
2019/10/17-14:56:12.883153 7fbc2cd30700            Options.compression_opts.window_bits: -14
2019/10/17-14:56:12.883154 7fbc2cd30700                  Options.compression_opts.level: 32767
2019/10/17-14:56:12.883155 7fbc2cd30700               Options.compression_opts.strategy: 0
2019/10/17-14:56:12.883155 7fbc2cd30700         Options.compression_opts.max_dict_bytes: 0
2019/10/17-14:56:12.883156 7fbc2cd30700         Options.compression_opts.zstd_max_train_bytes: 0
2019/10/17-14:56:12.883157 7fbc2cd30700                  Options.compression_opts.enabled: false
2019/10/17-14:56:12.883157 7fbc2cd30700      Options.level0_file_num_compaction_trigger: 4
2019/10/17-14:56:12.883158 7fbc2cd30700          Options.level0_slowdown_writes_trigger: 20
2019/10/17-14:56:12.883159 7fbc2cd30700              Options.level0_stop_writes_trigger: 36
2019/10/17-14:56:12.883159 7fbc2cd30700                   Options.target_file_size_base: 67108864
2019/10/17-14:56:12.883160 7fbc2cd30700             Options.target_file_size_multiplier: 1
2019/10/17-14:56:12.883161 7fbc2cd30700                Options.max_bytes_for_level_base: 268435456
2019/10/17-14:56:12.883162 7fbc2cd30700 Options.level_compaction_dynamic_level_bytes: 0
2019/10/17-14:56:12.883162 7fbc2cd30700          Options.max_bytes_for_level_multiplier: 10.000000
2019/10/17-14:56:12.883164 7fbc2cd30700 Options.max_bytes_for_level_multiplier_addtl[0]: 1
2019/10/17-14:56:12.883164 7fbc2cd30700 Options.max_bytes_for_level_multiplier_addtl[1]: 1
2019/10/17-14:56:12.883165 7fbc2cd30700 Options.max_bytes_for_level_multiplier_addtl[2]: 1
2019/10/17-14:56:12.883166 7fbc2cd30700 Options.max_bytes_for_level_multiplier_addtl[3]: 1
2019/10/17-14:56:12.883166 7fbc2cd30700 Options.max_bytes_for_level_multiplier_addtl[4]: 1
2019/10/17-14:56:12.883167 7fbc2cd30700 Options.max_bytes_for_level_multiplier_addtl[5]: 1
2019/10/17-14:56:12.883168 7fbc2cd30700 Options.max_bytes_for_level_multiplier_addtl[6]: 1
2019/10/17-14:56:12.883169 7fbc2cd30700       Options.max_sequential_skip_in_iterations: 8
2019/10/17-14:56:12.883173 7fbc2cd30700                    Options.max_compaction_bytes: 1677721600
2019/10/17-14:56:12.883174 7fbc2cd30700                        Options.arena_block_size: 8388608
2019/10/17-14:56:12.883175 7fbc2cd30700   Options.soft_pending_compaction_bytes_limit: 68719476736
2019/10/17-14:56:12.883175 7fbc2cd30700   Options.hard_pending_compaction_bytes_limit: 274877906944
2019/10/17-14:56:12.883176 7fbc2cd30700       Options.rate_limit_delay_max_milliseconds: 100
2019/10/17-14:56:12.883177 7fbc2cd30700                Options.disable_auto_compactions: 0
2019/10/17-14:56:12.883178 7fbc2cd30700                        Options.compaction_style: kCompactionStyleLevel
2019/10/17-14:56:12.883179 7fbc2cd30700                          Options.compaction_pri: kByCompensatedSize
2019/10/17-14:56:12.883179 7fbc2cd30700 Options.compaction_options_universal.size_ratio: 1
2019/10/17-14:56:12.883180 7fbc2cd30700 Options.compaction_options_universal.min_merge_width: 2
2019/10/17-14:56:12.883181 7fbc2cd30700 Options.compaction_options_universal.max_merge_width: 4294967295
2019/10/17-14:56:12.883181 7fbc2cd30700 Options.compaction_options_universal.max_size_amplification_percent: 200
2019/10/17-14:56:12.883182 7fbc2cd30700 Options.compaction_options_universal.compression_size_percent: -1
2019/10/17-14:56:12.883183 7fbc2cd30700 Options.compaction_options_universal.stop_style: kCompactionStopStyleTotalSize
2019/10/17-14:56:12.883184 7fbc2cd30700 Options.compaction_options_fifo.max_table_files_size: 1073741824
2019/10/17-14:56:12.883184 7fbc2cd30700 Options.compaction_options_fifo.allow_compaction: 0
2019/10/17-14:56:12.883185 7fbc2cd30700 Options.compaction_options_fifo.ttl: 0
2019/10/17-14:56:12.883186 7fbc2cd30700                   Options.table_properties_collectors: 
2019/10/17-14:56:12.883186 7fbc2cd30700                   Options.inplace_update_support: 0
2019/10/17-14:56:12.883187 7fbc2cd30700                 Options.inplace_update_num_locks: 10000
2019/10/17-14:56:12.883188 7fbc2cd30700               Options.memtable_prefix_bloom_size_ratio: 0.000000
2019/10/17-14:56:12.883189 7fbc2cd30700   Options.memtable_huge_page_size: 0
2019/10/17-14:56:12.883190 7fbc2cd30700                           Options.bloom_locality: 0
2019/10/17-14:56:12.883190 7fbc2cd30700                    Options.max_successive_merges: 0
2019/10/17-14:56:12.883191 7fbc2cd30700                Options.optimize_filters_for_hits: 0
2019/10/17-14:56:12.883192 7fbc2cd30700                Options.paranoid_file_checks: 0
2019/10/17-14:56:12.883192 7fbc2cd30700                Options.force_consistency_checks: 0
2019/10/17-14:56:12.883193 7fbc2cd30700                Options.report_bg_io_stats: 0
2019/10/17-14:56:12.883194 7fbc2cd30700                               Options.ttl: 0
2019/10/17-14:56:12.883209 7fbc2cd30700 [db/column_family.cc:472] --------------- Options for column family [entries]:
2019/10/17-14:56:12.883210 7fbc2cd30700               Options.comparator: leveldb.BytewiseComparator
2019/10/17-14:56:12.883211 7fbc2cd30700           Options.merge_operator: None
2019/10/17-14:56:12.883212 7fbc2cd30700        Options.compaction_filter: None
2019/10/17-14:56:12.883212 7fbc2cd30700        Options.compaction_filter_factory: None
2019/10/17-14:56:12.883213 7fbc2cd30700         Options.memtable_factory: SkipListFactory
2019/10/17-14:56:12.883214 7fbc2cd30700            Options.table_factory: BlockBasedTable
2019/10/17-14:56:12.883223 7fbc2cd30700            table_factory options:   flush_block_policy_factory: FlushBlockBySizePolicyFactory (0x7fbbb809bd10)
  cache_index_and_filter_blocks: 0
  cache_index_and_filter_blocks_with_high_priority: 0
  pin_l0_filter_and_index_blocks_in_cache: 0
  pin_top_level_index_and_filter: 1
  index_type: 0
  hash_index_allow_collision: 1
  checksum: 1
  no_block_cache: 0
  block_cache: 0x7fbbb804b7e0
  block_cache_name: LRUCache
  block_cache_options:
    capacity : 8388608
    num_shard_bits : 4
    strict_capacity_limit : 0
    memory_allocator : None
    high_pri_pool_ratio: 0.000
  block_cache_compressed: (nil)
  persistent_cache: (nil)
  block_size: 4096
  block_size_deviation: 10
  block_restart_interval: 16
  index_block_restart_interval: 1
  metadata_block_size: 4096
  partition_filters: 0
  use_delta_encoding: 1
  filter_policy: nullptr
  whole_key_filtering: 1
  verify_compression: 0
  read_amp_bytes_per_bit: 0
  format_version: 2
  enable_index_compression: 1
  block_align: 0
2019/10/17-14:56:12.883229 7fbc2cd30700        Options.write_buffer_size: 67108864
2019/10/17-14:56:12.883229 7fbc2cd30700  Options.max_write_buffer_number: 2
2019/10/17-14:56:12.883230 7fbc2cd30700          Options.compression: NoCompression
2019/10/17-14:56:12.883231 7fbc2cd30700                  Options.bottommost_compression: Disabled
2019/10/17-14:56:12.883232 7fbc2cd30700       Options.prefix_extractor: nullptr
2019/10/17-14:56:12.883232 7fbc2cd30700   Options.memtable_insert_with_hint_prefix_extractor: nullptr
2019/10/17-14:56:12.883233 7fbc2cd30700             Options.num_levels: 7
2019/10/17-14:56:12.883234 7fbc2cd30700        Options.min_write_buffer_number_to_merge: 1
2019/10/17-14:56:12.883234 7fbc2cd30700     Options.max_write_buffer_number_to_maintain: 0
2019/10/17-14:56:12.883235 7fbc2cd30700            Options.bottommost_compression_opts.window_bits: -14
2019/10/17-14:56:12.883236 7fbc2cd30700                  Options.bottommost_compression_opts.level: 32767
2019/10/17-14:56:12.883236 7fbc2cd30700               Options.bottommost_compression_opts.strategy: 0
2019/10/17-14:56:12.883237 7fbc2cd30700         Options.bottommost_compression_opts.max_dict_bytes: 0
2019/10/17-14:56:12.883238 7fbc2cd30700         Options.bottommost_compression_opts.zstd_max_train_bytes: 0
2019/10/17-14:56:12.883239 7fbc2cd30700                  Options.bottommost_compression_opts.enabled: false
2019/10/17-14:56:12.883239 7fbc2cd30700            Options.compression_opts.window_bits: -14
2019/10/17-14:56:12.883240 7fbc2cd30700                  Options.compression_opts.level: 32767
2019/10/17-14:56:12.883241 7fbc2cd30700               Options.compression_opts.strategy: 0
2019/10/17-14:56:12.883241 7fbc2cd30700         Options.compression_opts.max_dict_bytes: 0
2019/10/17-14:56:12.883242 7fbc2cd30700         Options.compression_opts.zstd_max_train_bytes: 0
2019/10/17-14:56:12.883243 7fbc2cd30700                  Options.compression_opts.enabled: false
2019/10/17-14:56:12.883243 7fbc2cd30700      Options.level0_file_num_compaction_trigger: 4
2019/10/17-14:56:12.883244 7fbc2cd30700          Options.level0_slowdown_writes_trigger: 20
2019/10/17-14:56:12.883245 7fbc2cd30700              Options.level0_stop_writes_trigger: 36
2019/10/17-14:56:12.883245 7fbc2cd30700                   Options.target_file_size_base: 67108864
2019/10/17-14:56:12.883246 7fbc2cd30700             Options.target_file_size_multiplier: 1
2019/10/17-14:56:12.883247 7fbc2cd30700                Options.max_bytes_for_level_base: 268435456
2019/10/17-14:56:12.883248 7fbc2cd30700 Options.level_compaction_dynamic_level_bytes: 0
2019/10/17-14:56:12.883248 7fbc2cd30700          Options.max_bytes_for_level_multiplier: 10.000000
2019/10/17-14:56:12.883249 7fbc2cd30700 Options.max_bytes_for_level_multiplier_addtl[0]: 1
2019/10/17-14:56:12.883250 7fbc2cd30700 Options.max_bytes_for_level_multiplier_addtl[1]: 1
2019/10/17-14:56:12.883251 7fbc2cd30700 Options.max_bytes_for_level_multiplier_addtl[2]: 1
2019/10/17-14:56:12.883252 7fbc2cd30700 Options.max_bytes_for_level_multiplier_addtl[3]: 1
2019/10/17-14:56:12.883252 7fbc2cd30700 Options.max_bytes_for_level_multiplier_addtl[4]: 1
2019/10/17-14:56:12.883253 7fbc2cd30700 Options.max_bytes_for_level_multiplier_addtl[5]: 1
2019/10/17-14:56:12.883254 7fbc2cd30700 Options.max_bytes_for_level_multiplier_addtl[6]: 1
2019/10/17-14:56:12.883254 7fbc2cd30700       Options.max_sequential_skip_in_iterations: 8
2019/10/17-14:56:12.883255 7fbc2cd30700                    Options.max_compaction_bytes: 1677721600
2019/10/17-14:56:12.883256 7fbc2cd30700                        Options.arena_block_size: 8388608
2019/10/17-14:56:12.883257 7fbc2cd30700   Options.soft_pending_compaction_bytes_limit: 68719476736
2019/10/17-14:56:12.883261 7fbc2cd30700   Options.hard_pending_compaction_bytes_limit: 274877906944
2019/10/17-14:56:12.883261 7fbc2cd30700       Options.rate_limit_delay_max_milliseconds: 100
2019/10/17-14:56:12.883262 7fbc2cd30700                Options.disable_auto_compactions: 0
2019/10/17-14:56:12.883263 7fbc2cd30700                        Options.compaction_style: kCompactionStyleLevel
2019/10/17-14:56:12.883264 7fbc2cd30700                          Options.compaction_pri: kByCompensatedSize
2019/10/17-14:56:12.883265 7fbc2cd30700 Options.compaction_options_universal.size_ratio: 1
2019/10/17-14:56:12.883265 7fbc2cd30700 Options.compaction_options_universal.min_merge_width: 2
2019/10/17-14:56:12.883266 7fbc2cd30700 Options.compaction_options_universal.max_merge_width: 4294967295
2019/10/17-14:56:12.883267 7fbc2cd30700 Options.compaction_options_universal.max_size_amplification_percent: 200
2019/10/17-14:56:12.883267 7fbc2cd30700 Options.compaction_options_universal.compression_size_percent: -1
2019/10/17-14:56:12.883268 7fbc2cd30700 Options.compaction_options_universal.stop_style: kCompactionStopStyleTotalSize
2019/10/17-14:56:12.883269 7fbc2cd30700 Options.compaction_options_fifo.max_table_files_size: 1073741824
2019/10/17-14:56:12.883270 7fbc2cd30700 Options.compaction_options_fifo.allow_compaction: 0
2019/10/17-14:56:12.883270 7fbc2cd30700 Options.compaction_options_fifo.ttl: 0
2019/10/17-14:56:12.883271 7fbc2cd30700                   Options.table_properties_collectors: 
2019/10/17-14:56:12.883272 7fbc2cd30700                   Options.inplace_update_support: 0
2019/10/17-14:56:12.883272 7fbc2cd30700                 Options.inplace_update_num_locks: 10000
2019/10/17-14:56:12.883273 7fbc2cd30700               Options.memtable_prefix_bloom_size_ratio: 0.000000
2019/10/17-14:56:12.883274 7fbc2cd30700   Options.memtable_huge_page_size: 0
2019/10/17-14:56:12.883275 7fbc2cd30700                           Options.bloom_locality: 0
2019/10/17-14:56:12.883275 7fbc2cd30700                    Options.max_successive_merges: 0
2019/10/17-14:56:12.883276 7fbc2cd30700                Options.optimize_filters_for_hits: 0
2019/10/17-14:56:12.883277 7fbc2cd30700                Options.paranoid_file_checks: 0
2019/10/17-14:56:12.883277 7fbc2cd30700                Options.force_consistency_checks: 0
2019/10/17-14:56:12.883278 7fbc2cd30700                Options.report_bg_io_stats: 0
2019/10/17-14:56:12.883279 7fbc2cd30700                               Options.ttl: 0
2019/10/17-14:56:12.883293 7fbc2cd30700 [db/column_family.cc:472] --------------- Options for column family [dc_entries]:
2019/10/17-14:56:12.883294 7fbc2cd30700               Options.comparator: leveldb.BytewiseComparator
2019/10/17-14:56:12.883294 7fbc2cd30700           Options.merge_operator: None
2019/10/17-14:56:12.883295 7fbc2cd30700        Options.compaction_filter: None
2019/10/17-14:56:12.883296 7fbc2cd30700        Options.compaction_filter_factory: None
2019/10/17-14:56:12.883297 7fbc2cd30700         Options.memtable_factory: SkipListFactory
2019/10/17-14:56:12.883297 7fbc2cd30700            Options.table_factory: BlockBasedTable
2019/10/17-14:56:12.883306 7fbc2cd30700            table_factory options:   flush_block_policy_factory: FlushBlockBySizePolicyFactory (0x7fbbb8064060)
  cache_index_and_filter_blocks: 0
  cache_index_and_filter_blocks_with_high_priority: 0
  pin_l0_filter_and_index_blocks_in_cache: 0
  pin_top_level_index_and_filter: 1
  index_type: 0
  hash_index_allow_collision: 1
  checksum: 1
  no_block_cache: 0
  block_cache: 0x7fbbb807d050
  block_cache_name: LRUCache
  block_cache_options:
    capacity : 8388608
    num_shard_bits : 4
    strict_capacity_limit : 0
    memory_allocator : None
    high_pri_pool_ratio: 0.000
  block_cache_compressed: (nil)
  persistent_cache: (nil)
  block_size: 4096
  block_size_deviation: 10
  block_restart_interval: 16
  index_block_restart_interval: 1
  metadata_block_size: 4096
  partition_filters: 0
  use_delta_encoding: 1
  filter_policy: nullptr
  whole_key_filtering: 1
  verify_compression: 0
  read_amp_bytes_per_bit: 0
  format_version: 2
  enable_index_compression: 1
  block_align: 0
2019/10/17-14:56:12.883312 7fbc2cd30700        Options.write_buffer_size: 67108864
2019/10/17-14:56:12.883312 7fbc2cd30700  Options.max_write_buffer_number: 2
2019/10/17-14:56:12.883313 7fbc2cd30700          Options.compression: NoCompression
2019/10/17-14:56:12.883314 7fbc2cd30700                  Options.bottommost_compression: Disabled
2019/10/17-14:56:12.883315 7fbc2cd30700       Options.prefix_extractor: nullptr
2019/10/17-14:56:12.883315 7fbc2cd30700   Options.memtable_insert_with_hint_prefix_extractor: nullptr
2019/10/17-14:56:12.883316 7fbc2cd30700             Options.num_levels: 7
2019/10/17-14:56:12.883317 7fbc2cd30700        Options.min_write_buffer_number_to_merge: 1
2019/10/17-14:56:12.883317 7fbc2cd30700     Options.max_write_buffer_number_to_maintain: 0
2019/10/17-14:56:12.883318 7fbc2cd30700            Options.bottommost_compression_opts.window_bits: -14
2019/10/17-14:56:12.883319 7fbc2cd30700                  Options.bottommost_compression_opts.level: 32767
2019/10/17-14:56:12.883319 7fbc2cd30700               Options.bottommost_compression_opts.strategy: 0
2019/10/17-14:56:12.883320 7fbc2cd30700         Options.bottommost_compression_opts.max_dict_bytes: 0
2019/10/17-14:56:12.883321 7fbc2cd30700         Options.bottommost_compression_opts.zstd_max_train_bytes: 0
2019/10/17-14:56:12.883321 7fbc2cd30700                  Options.bottommost_compression_opts.enabled: false
2019/10/17-14:56:12.883322 7fbc2cd30700            Options.compression_opts.window_bits: -14
2019/10/17-14:56:12.883323 7fbc2cd30700                  Options.compression_opts.level: 32767
2019/10/17-14:56:12.883324 7fbc2cd30700               Options.compression_opts.strategy: 0
2019/10/17-14:56:12.883324 7fbc2cd30700         Options.compression_opts.max_dict_bytes: 0
2019/10/17-14:56:12.883325 7fbc2cd30700         Options.compression_opts.zstd_max_train_bytes: 0
2019/10/17-14:56:12.883326 7fbc2cd30700                  Options.compression_opts.enabled: false
2019/10/17-14:56:12.883326 7fbc2cd30700      Options.level0_file_num_compaction_trigger: 4
2019/10/17-14:56:12.883327 7fbc2cd30700          Options.level0_slowdown_writes_trigger: 20
2019/10/17-14:56:12.883328 7fbc2cd30700              Options.level0_stop_writes_trigger: 36
2019/10/17-14:56:12.883328 7fbc2cd30700                   Options.target_file_size_base: 67108864
2019/10/17-14:56:12.883329 7fbc2cd30700             Options.target_file_size_multiplier: 1
2019/10/17-14:56:12.883330 7fbc2cd30700                Options.max_bytes_for_level_base: 268435456
2019/10/17-14:56:12.883330 7fbc2cd30700 Options.level_compaction_dynamic_level_bytes: 0
2019/10/17-14:56:12.883331 7fbc2cd30700          Options.max_bytes_for_level_multiplier: 10.000000
2019/10/17-14:56:12.883332 7fbc2cd30700 Options.max_bytes_for_level_multiplier_addtl[0]: 1
2019/10/17-14:56:12.883333 7fbc2cd30700 Options.max_bytes_for_level_multiplier_addtl[1]: 1
2019/10/17-14:56:12.883334 7fbc2cd30700 Options.max_bytes_for_level_multiplier_addtl[2]: 1
2019/10/17-14:56:12.883334 7fbc2cd30700 Options.max_bytes_for_level_multiplier_addtl[3]: 1
2019/10/17-14:56:12.883335 7fbc2cd30700 Options.max_bytes_for_level_multiplier_addtl[4]: 1
2019/10/17-14:56:12.883336 7fbc2cd30700 Options.max_bytes_for_level_multiplier_addtl[5]: 1
2019/10/17-14:56:12.883337 7fbc2cd30700 Options.max_bytes_for_level_multiplier_addtl[6]: 1
2019/10/17-14:56:12.883337 7fbc2cd30700       Options.max_sequential_skip_in_iterations: 8
2019/10/17-14:56:12.883338 7fbc2cd30700                    Options.max_compaction_bytes: 1677721600
2019/10/17-14:56:12.883339 7fbc2cd30700                        Options.arena_block_size: 8388608
2019/10/17-14:56:12.883339 7fbc2cd30700   Options.soft_pending_compaction_bytes_limit: 68719476736
2019/10/17-14:56:12.883340 7fbc2cd30700   Options.hard_pending_compaction_bytes_limit: 274877906944
2019/10/17-14:56:12.883341 7fbc2cd30700       Options.rate_limit_delay_max_milliseconds: 100
2019/10/17-14:56:12.883341 7fbc2cd30700                Options.disable_auto_compactions: 0
2019/10/17-14:56:12.883345 7fbc2cd30700                        Options.compaction_style: kCompactionStyleLevel
2019/10/17-14:56:12.883346 7fbc2cd30700                          Options.compaction_pri: kByCompensatedSize
2019/10/17-14:56:12.883347 7fbc2cd30700 Options.compaction_options_universal.size_ratio: 1
2019/10/17-14:56:12.883348 7fbc2cd30700 Options.compaction_options_universal.min_merge_width: 2
2019/10/17-14:56:12.883349 7fbc2cd30700 Options.compaction_options_universal.max_merge_width: 4294967295
2019/10/17-14:56:12.883349 7fbc2cd30700 Options.compaction_options_universal.max_size_amplification_percent: 200
2019/10/17-14:56:12.883350 7fbc2cd30700 Options.compaction_options_universal.compression_size_percent: -1
2019/10/17-14:56:12.883351 7fbc2cd30700 Options.compaction_options_universal.stop_style: kCompactionStopStyleTotalSize
2019/10/17-14:56:12.883351 7fbc2cd30700 Options.compaction_options_fifo.max_table_files_size: 1073741824
2019/10/17-14:56:12.883352 7fbc2cd30700 Options.compaction_options_fifo.allow_compaction: 0
2019/10/17-14:56:12.883353 7fbc2cd30700 Options.compaction_options_fifo.ttl: 0
2019/10/17-14:56:12.883354 7fbc2cd30700                   Options.table_properties_collectors: 
2019/10/17-14:56:12.883354 7fbc2cd30700                   Options.inplace_update_support: 0
2019/10/17-14:56:12.883355 7fbc2cd30700                 Options.inplace_update_num_locks: 10000
2019/10/17-14:56:12.883356 7fbc2cd30700               Options.memtable_prefix_bloom_size_ratio: 0.000000
2019/10/17-14:56:12.883357 7fbc2cd30700   Options.memtable_huge_page_size: 0
2019/10/17-14:56:12.883357 7fbc2cd30700                           Options.bloom_locality: 0
2019/10/17-14:56:12.883358 7fbc2cd30700                    Options.max_successive_merges: 0
2019/10/17-14:56:12.883359 7fbc2cd30700                Options.optimize_filters_for_hits: 0
2019/10/17-14:56:12.883359 7fbc2cd30700                Options.paranoid_file_checks: 0
2019/10/17-14:56:12.883360 7fbc2cd30700                Options.force_consistency_checks: 0
2019/10/17-14:56:12.883361 7fbc2cd30700                Options.report_bg_io_stats: 0
2019/10/17-14:56:12.883361 7fbc2cd30700                               Options.ttl: 0
2019/10/17-14:56:12.883373 7fbc2cd30700 [db/column_family.cc:472] --------------- Options for column family [htlcs]:
2019/10/17-14:56:12.883374 7fbc2cd30700               Options.comparator: leveldb.BytewiseComparator
2019/10/17-14:56:12.883375 7fbc2cd30700           Options.merge_operator: None
2019/10/17-14:56:12.883376 7fbc2cd30700        Options.compaction_filter: None
2019/10/17-14:56:12.883377 7fbc2cd30700        Options.compaction_filter_factory: None
2019/10/17-14:56:12.883377 7fbc2cd30700         Options.memtable_factory: SkipListFactory
2019/10/17-14:56:12.883378 7fbc2cd30700            Options.table_factory: BlockBasedTable
2019/10/17-14:56:12.883386 7fbc2cd30700            table_factory options:   flush_block_policy_factory: FlushBlockBySizePolicyFactory (0x7fbbb808ebd0)
