2019/10/17-14:54:13.781803 7fc3a9fcb700 RocksDB version: 5.18.3
2019/10/17-14:54:13.782140 7fc3a9fcb700 Git sha rocksdb_build_git_sha:@0@
2019/10/17-14:54:13.782147 7fc3a9fcb700 Compile date Sep 19 2019
2019/10/17-14:54:13.782150 7fc3a9fcb700 DB SUMMARY
2019/10/17-14:54:13.783559 7fc3a9fcb700 CURRENT file:  CURRENT
2019/10/17-14:54:13.783564 7fc3a9fcb700 IDENTITY file:  IDENTITY
2019/10/17-14:54:13.783617 7fc3a9fcb700 MANIFEST file:  MANIFEST-114874 size: 4114 Bytes
2019/10/17-14:54:13.783619 7fc3a9fcb700 SST files in /home/rahul/dev/blockchain-core/eqc/ledger.db dir, Total Num: 29, files: 000624.sst 000627.sst 106940.sst 108447.sst 108450.sst 109471.sst 109483.sst 109485.sst 109486.sst 
2019/10/17-14:54:13.783621 7fc3a9fcb700 Write Ahead Log file in /home/rahul/dev/blockchain-core/eqc/ledger.db: 114875.log size: 0 ; 
2019/10/17-14:54:13.783675 7fc3a9fcb700                         Options.error_if_exists: 0
2019/10/17-14:54:13.783677 7fc3a9fcb700                       Options.create_if_missing: 1
2019/10/17-14:54:13.783678 7fc3a9fcb700                         Options.paranoid_checks: 1
2019/10/17-14:54:13.783679 7fc3a9fcb700                                     Options.env: 0x7fc32ae1fc60
2019/10/17-14:54:13.783680 7fc3a9fcb700                                Options.info_log: 0x7fc35008c950
2019/10/17-14:54:13.783681 7fc3a9fcb700                Options.max_file_opening_threads: 16
2019/10/17-14:54:13.783682 7fc3a9fcb700                              Options.statistics: (nil)
2019/10/17-14:54:13.783684 7fc3a9fcb700                               Options.use_fsync: 0
2019/10/17-14:54:13.783685 7fc3a9fcb700                       Options.max_log_file_size: 0
2019/10/17-14:54:13.783686 7fc3a9fcb700                  Options.max_manifest_file_size: 1073741824
2019/10/17-14:54:13.783687 7fc3a9fcb700                   Options.log_file_time_to_roll: 0
2019/10/17-14:54:13.783688 7fc3a9fcb700                       Options.keep_log_file_num: 1000
2019/10/17-14:54:13.783689 7fc3a9fcb700                    Options.recycle_log_file_num: 0
2019/10/17-14:54:13.783690 7fc3a9fcb700                         Options.allow_fallocate: 1
2019/10/17-14:54:13.783691 7fc3a9fcb700                        Options.allow_mmap_reads: 0
2019/10/17-14:54:13.783692 7fc3a9fcb700                       Options.allow_mmap_writes: 0
2019/10/17-14:54:13.783693 7fc3a9fcb700                        Options.use_direct_reads: 0
2019/10/17-14:54:13.783694 7fc3a9fcb700                        Options.use_direct_io_for_flush_and_compaction: 0
2019/10/17-14:54:13.783695 7fc3a9fcb700          Options.create_missing_column_families: 0
2019/10/17-14:54:13.783696 7fc3a9fcb700                              Options.db_log_dir: 
2019/10/17-14:54:13.783697 7fc3a9fcb700                                 Options.wal_dir: /home/rahul/dev/blockchain-core/eqc/ledger.db
2019/10/17-14:54:13.783698 7fc3a9fcb700                Options.table_cache_numshardbits: 6
2019/10/17-14:54:13.783699 7fc3a9fcb700                      Options.max_subcompactions: 1
2019/10/17-14:54:13.783700 7fc3a9fcb700                  Options.max_background_flushes: -1
2019/10/17-14:54:13.783701 7fc3a9fcb700                         Options.WAL_ttl_seconds: 0
2019/10/17-14:54:13.783702 7fc3a9fcb700                       Options.WAL_size_limit_MB: 0
2019/10/17-14:54:13.783703 7fc3a9fcb700             Options.manifest_preallocation_size: 4194304
2019/10/17-14:54:13.783704 7fc3a9fcb700                     Options.is_fd_close_on_exec: 1
2019/10/17-14:54:13.783705 7fc3a9fcb700                   Options.advise_random_on_open: 1
2019/10/17-14:54:13.783706 7fc3a9fcb700                    Options.db_write_buffer_size: 0
2019/10/17-14:54:13.783707 7fc3a9fcb700                    Options.write_buffer_manager: 0x7fc350107570
2019/10/17-14:54:13.783708 7fc3a9fcb700         Options.access_hint_on_compaction_start: 1
2019/10/17-14:54:13.783709 7fc3a9fcb700  Options.new_table_reader_for_compaction_inputs: 0
2019/10/17-14:54:13.783710 7fc3a9fcb700           Options.random_access_max_buffer_size: 1048576
2019/10/17-14:54:13.783711 7fc3a9fcb700                      Options.use_adaptive_mutex: 0
2019/10/17-14:54:13.783712 7fc3a9fcb700                            Options.rate_limiter: (nil)
2019/10/17-14:54:13.783742 7fc3a9fcb700     Options.sst_file_manager.rate_bytes_per_sec: 0
2019/10/17-14:54:13.783744 7fc3a9fcb700                       Options.wal_recovery_mode: 2
2019/10/17-14:54:13.783745 7fc3a9fcb700                  Options.enable_thread_tracking: 0
2019/10/17-14:54:13.783746 7fc3a9fcb700                  Options.enable_pipelined_write: 0
2019/10/17-14:54:13.783747 7fc3a9fcb700         Options.allow_concurrent_memtable_write: 1
2019/10/17-14:54:13.783748 7fc3a9fcb700      Options.enable_write_thread_adaptive_yield: 1
2019/10/17-14:54:13.783749 7fc3a9fcb700             Options.write_thread_max_yield_usec: 100
2019/10/17-14:54:13.783750 7fc3a9fcb700            Options.write_thread_slow_yield_usec: 3
2019/10/17-14:54:13.783751 7fc3a9fcb700                               Options.row_cache: None
2019/10/17-14:54:13.783752 7fc3a9fcb700                              Options.wal_filter: None
2019/10/17-14:54:13.783754 7fc3a9fcb700             Options.avoid_flush_during_recovery: 0
2019/10/17-14:54:13.783754 7fc3a9fcb700             Options.allow_ingest_behind: 0
2019/10/17-14:54:13.783755 7fc3a9fcb700             Options.preserve_deletes: 0
2019/10/17-14:54:13.783756 7fc3a9fcb700             Options.two_write_queues: 0
2019/10/17-14:54:13.783757 7fc3a9fcb700             Options.manual_wal_flush: 0
2019/10/17-14:54:13.783759 7fc3a9fcb700             Options.max_background_jobs: 2
2019/10/17-14:54:13.783760 7fc3a9fcb700             Options.max_background_compactions: -1
2019/10/17-14:54:13.783761 7fc3a9fcb700             Options.avoid_flush_during_shutdown: 0
2019/10/17-14:54:13.783761 7fc3a9fcb700           Options.writable_file_max_buffer_size: 1048576
2019/10/17-14:54:13.783762 7fc3a9fcb700             Options.delayed_write_rate : 16777216
2019/10/17-14:54:13.783764 7fc3a9fcb700             Options.max_total_wal_size: 0
2019/10/17-14:54:13.783765 7fc3a9fcb700             Options.delete_obsolete_files_period_micros: 21600000000
2019/10/17-14:54:13.783766 7fc3a9fcb700                   Options.stats_dump_period_sec: 600
2019/10/17-14:54:13.783767 7fc3a9fcb700                          Options.max_open_files: -1
2019/10/17-14:54:13.783768 7fc3a9fcb700                          Options.bytes_per_sync: 0
2019/10/17-14:54:13.783769 7fc3a9fcb700                      Options.wal_bytes_per_sync: 0
2019/10/17-14:54:13.783770 7fc3a9fcb700       Options.compaction_readahead_size: 0
2019/10/17-14:54:13.783771 7fc3a9fcb700 Compression algorithms supported:
2019/10/17-14:54:13.783773 7fc3a9fcb700 	kZSTDNotFinalCompression supported: 0
2019/10/17-14:54:13.783774 7fc3a9fcb700 	kZSTD supported: 0
2019/10/17-14:54:13.783775 7fc3a9fcb700 	kXpressCompression supported: 0
2019/10/17-14:54:13.783777 7fc3a9fcb700 	kLZ4HCCompression supported: 0
2019/10/17-14:54:13.783778 7fc3a9fcb700 	kLZ4Compression supported: 0
2019/10/17-14:54:13.783779 7fc3a9fcb700 	kBZip2Compression supported: 0
2019/10/17-14:54:13.783780 7fc3a9fcb700 	kZlibCompression supported: 0
2019/10/17-14:54:13.783781 7fc3a9fcb700 	kSnappyCompression supported: 0
2019/10/17-14:54:13.783784 7fc3a9fcb700 Fast CRC32 supported: Supported on x86
2019/10/17-14:54:13.784013 7fc3a9fcb700 [db/version_set.cc:3507] Recovering from manifest file: MANIFEST-114874
2019/10/17-14:54:13.784068 7fc3a9fcb700 [db/column_family.cc:472] --------------- Options for column family [default]:
2019/10/17-14:54:13.784070 7fc3a9fcb700               Options.comparator: leveldb.BytewiseComparator
2019/10/17-14:54:13.784072 7fc3a9fcb700           Options.merge_operator: None
2019/10/17-14:54:13.784073 7fc3a9fcb700        Options.compaction_filter: None
2019/10/17-14:54:13.784074 7fc3a9fcb700        Options.compaction_filter_factory: None
2019/10/17-14:54:13.784075 7fc3a9fcb700         Options.memtable_factory: SkipListFactory
2019/10/17-14:54:13.784076 7fc3a9fcb700            Options.table_factory: BlockBasedTable
2019/10/17-14:54:13.784098 7fc3a9fcb700            table_factory options:   flush_block_policy_factory: FlushBlockBySizePolicyFactory (0x7fc35000ab00)
  cache_index_and_filter_blocks: 0
  cache_index_and_filter_blocks_with_high_priority: 0
  pin_l0_filter_and_index_blocks_in_cache: 0
  pin_top_level_index_and_filter: 1
  index_type: 0
  hash_index_allow_collision: 1
  checksum: 1
  no_block_cache: 0
  block_cache: 0x7fc3500f64a0
  block_cache_name: LRUCache
  block_cache_options:
    capacity : 8388608
    num_shard_bits : 4
    strict_capacity_limit : 0
    memory_allocator : None
    high_pri_pool_ratio: 0.000
  block_cache_compressed: (nil)
  persistent_cache: (nil)
  block_size: 4096
  block_size_deviation: 10
  block_restart_interval: 16
  index_block_restart_interval: 1
  metadata_block_size: 4096
  partition_filters: 0
  use_delta_encoding: 1
  filter_policy: nullptr
  whole_key_filtering: 1
  verify_compression: 0
  read_amp_bytes_per_bit: 0
  format_version: 2
  enable_index_compression: 1
  block_align: 0
2019/10/17-14:54:13.784116 7fc3a9fcb700        Options.write_buffer_size: 67108864
2019/10/17-14:54:13.784117 7fc3a9fcb700  Options.max_write_buffer_number: 2
2019/10/17-14:54:13.784119 7fc3a9fcb700          Options.compression: NoCompression
2019/10/17-14:54:13.784120 7fc3a9fcb700                  Options.bottommost_compression: Disabled
2019/10/17-14:54:13.784121 7fc3a9fcb700       Options.prefix_extractor: nullptr
2019/10/17-14:54:13.784122 7fc3a9fcb700   Options.memtable_insert_with_hint_prefix_extractor: nullptr
2019/10/17-14:54:13.784123 7fc3a9fcb700             Options.num_levels: 7
2019/10/17-14:54:13.784124 7fc3a9fcb700        Options.min_write_buffer_number_to_merge: 1
2019/10/17-14:54:13.784125 7fc3a9fcb700     Options.max_write_buffer_number_to_maintain: 0
2019/10/17-14:54:13.784126 7fc3a9fcb700            Options.bottommost_compression_opts.window_bits: -14
2019/10/17-14:54:13.784127 7fc3a9fcb700                  Options.bottommost_compression_opts.level: 32767
2019/10/17-14:54:13.784128 7fc3a9fcb700               Options.bottommost_compression_opts.strategy: 0
2019/10/17-14:54:13.784129 7fc3a9fcb700         Options.bottommost_compression_opts.max_dict_bytes: 0
2019/10/17-14:54:13.784130 7fc3a9fcb700         Options.bottommost_compression_opts.zstd_max_train_bytes: 0
2019/10/17-14:54:13.784131 7fc3a9fcb700                  Options.bottommost_compression_opts.enabled: false
2019/10/17-14:54:13.784132 7fc3a9fcb700            Options.compression_opts.window_bits: -14
2019/10/17-14:54:13.784133 7fc3a9fcb700                  Options.compression_opts.level: 32767
2019/10/17-14:54:13.784135 7fc3a9fcb700               Options.compression_opts.strategy: 0
2019/10/17-14:54:13.784135 7fc3a9fcb700         Options.compression_opts.max_dict_bytes: 0
2019/10/17-14:54:13.784136 7fc3a9fcb700         Options.compression_opts.zstd_max_train_bytes: 0
2019/10/17-14:54:13.784137 7fc3a9fcb700                  Options.compression_opts.enabled: false
2019/10/17-14:54:13.784138 7fc3a9fcb700      Options.level0_file_num_compaction_trigger: 4
2019/10/17-14:54:13.784139 7fc3a9fcb700          Options.level0_slowdown_writes_trigger: 20
2019/10/17-14:54:13.784140 7fc3a9fcb700              Options.level0_stop_writes_trigger: 36
2019/10/17-14:54:13.784141 7fc3a9fcb700                   Options.target_file_size_base: 67108864
2019/10/17-14:54:13.784142 7fc3a9fcb700             Options.target_file_size_multiplier: 1
2019/10/17-14:54:13.784143 7fc3a9fcb700                Options.max_bytes_for_level_base: 268435456
2019/10/17-14:54:13.784144 7fc3a9fcb700 Options.level_compaction_dynamic_level_bytes: 0
2019/10/17-14:54:13.784145 7fc3a9fcb700          Options.max_bytes_for_level_multiplier: 10.000000
2019/10/17-14:54:13.784148 7fc3a9fcb700 Options.max_bytes_for_level_multiplier_addtl[0]: 1
2019/10/17-14:54:13.784149 7fc3a9fcb700 Options.max_bytes_for_level_multiplier_addtl[1]: 1
2019/10/17-14:54:13.784151 7fc3a9fcb700 Options.max_bytes_for_level_multiplier_addtl[2]: 1
2019/10/17-14:54:13.784151 7fc3a9fcb700 Options.max_bytes_for_level_multiplier_addtl[3]: 1
2019/10/17-14:54:13.784152 7fc3a9fcb700 Options.max_bytes_for_level_multiplier_addtl[4]: 1
2019/10/17-14:54:13.784159 7fc3a9fcb700 Options.max_bytes_for_level_multiplier_addtl[5]: 1
2019/10/17-14:54:13.784161 7fc3a9fcb700 Options.max_bytes_for_level_multiplier_addtl[6]: 1
2019/10/17-14:54:13.784162 7fc3a9fcb700       Options.max_sequential_skip_in_iterations: 8
2019/10/17-14:54:13.784163 7fc3a9fcb700                    Options.max_compaction_bytes: 1677721600
2019/10/17-14:54:13.784164 7fc3a9fcb700                        Options.arena_block_size: 8388608
2019/10/17-14:54:13.784165 7fc3a9fcb700   Options.soft_pending_compaction_bytes_limit: 68719476736
2019/10/17-14:54:13.784166 7fc3a9fcb700   Options.hard_pending_compaction_bytes_limit: 274877906944
2019/10/17-14:54:13.784167 7fc3a9fcb700       Options.rate_limit_delay_max_milliseconds: 100
2019/10/17-14:54:13.784168 7fc3a9fcb700                Options.disable_auto_compactions: 0
2019/10/17-14:54:13.784170 7fc3a9fcb700                        Options.compaction_style: kCompactionStyleLevel
2019/10/17-14:54:13.784172 7fc3a9fcb700                          Options.compaction_pri: kByCompensatedSize
2019/10/17-14:54:13.784173 7fc3a9fcb700 Options.compaction_options_universal.size_ratio: 1
2019/10/17-14:54:13.784175 7fc3a9fcb700 Options.compaction_options_universal.min_merge_width: 2
2019/10/17-14:54:13.784175 7fc3a9fcb700 Options.compaction_options_universal.max_merge_width: 4294967295
2019/10/17-14:54:13.784177 7fc3a9fcb700 Options.compaction_options_universal.max_size_amplification_percent: 200
2019/10/17-14:54:13.784178 7fc3a9fcb700 Options.compaction_options_universal.compression_size_percent: -1
2019/10/17-14:54:13.784179 7fc3a9fcb700 Options.compaction_options_universal.stop_style: kCompactionStopStyleTotalSize
2019/10/17-14:54:13.784180 7fc3a9fcb700 Options.compaction_options_fifo.max_table_files_size: 1073741824
2019/10/17-14:54:13.784181 7fc3a9fcb700 Options.compaction_options_fifo.allow_compaction: 0
2019/10/17-14:54:13.784182 7fc3a9fcb700 Options.compaction_options_fifo.ttl: 0
2019/10/17-14:54:13.784183 7fc3a9fcb700                   Options.table_properties_collectors: 
2019/10/17-14:54:13.784185 7fc3a9fcb700                   Options.inplace_update_support: 0
2019/10/17-14:54:13.784186 7fc3a9fcb700                 Options.inplace_update_num_locks: 10000
2019/10/17-14:54:13.784187 7fc3a9fcb700               Options.memtable_prefix_bloom_size_ratio: 0.000000
2019/10/17-14:54:13.784189 7fc3a9fcb700   Options.memtable_huge_page_size: 0
2019/10/17-14:54:13.784190 7fc3a9fcb700                           Options.bloom_locality: 0
2019/10/17-14:54:13.784191 7fc3a9fcb700                    Options.max_successive_merges: 0
2019/10/17-14:54:13.784192 7fc3a9fcb700                Options.optimize_filters_for_hits: 0
2019/10/17-14:54:13.784193 7fc3a9fcb700                Options.paranoid_file_checks: 0
2019/10/17-14:54:13.784194 7fc3a9fcb700                Options.force_consistency_checks: 0
2019/10/17-14:54:13.784195 7fc3a9fcb700                Options.report_bg_io_stats: 0
2019/10/17-14:54:13.784196 7fc3a9fcb700                               Options.ttl: 0
2019/10/17-14:54:13.784246 7fc3a9fcb700 [db/column_family.cc:472] --------------- Options for column family [active_gateways]:
2019/10/17-14:54:13.784249 7fc3a9fcb700               Options.comparator: leveldb.BytewiseComparator
2019/10/17-14:54:13.784250 7fc3a9fcb700           Options.merge_operator: None
2019/10/17-14:54:13.784251 7fc3a9fcb700        Options.compaction_filter: None
2019/10/17-14:54:13.784252 7fc3a9fcb700        Options.compaction_filter_factory: None
2019/10/17-14:54:13.784253 7fc3a9fcb700         Options.memtable_factory: SkipListFactory
2019/10/17-14:54:13.784254 7fc3a9fcb700            Options.table_factory: BlockBasedTable
2019/10/17-14:54:13.784269 7fc3a9fcb700            table_factory options:   flush_block_policy_factory: FlushBlockBySizePolicyFactory (0x7fc3500d8ce0)
  cache_index_and_filter_blocks: 0
  cache_index_and_filter_blocks_with_high_priority: 0
  pin_l0_filter_and_index_blocks_in_cache: 0
  pin_top_level_index_and_filter: 1
  index_type: 0
  hash_index_allow_collision: 1
  checksum: 1
  no_block_cache: 0
  block_cache: 0x7fc3500f6070
  block_cache_name: LRUCache
  block_cache_options:
    capacity : 8388608
    num_shard_bits : 4
    strict_capacity_limit : 0
    memory_allocator : None
    high_pri_pool_ratio: 0.000
  block_cache_compressed: (nil)
  persistent_cache: (nil)
  block_size: 4096
  block_size_deviation: 10
  block_restart_interval: 16
  index_block_restart_interval: 1
  metadata_block_size: 4096
  partition_filters: 0
  use_delta_encoding: 1
  filter_policy: nullptr
  whole_key_filtering: 1
  verify_compression: 0
  read_amp_bytes_per_bit: 0
  format_version: 2
  enable_index_compression: 1
  block_align: 0
2019/10/17-14:54:13.784279 7fc3a9fcb700        Options.write_buffer_size: 67108864
2019/10/17-14:54:13.784280 7fc3a9fcb700  Options.max_write_buffer_number: 2
2019/10/17-14:54:13.784281 7fc3a9fcb700          Options.compression: NoCompression
2019/10/17-14:54:13.784282 7fc3a9fcb700                  Options.bottommost_compression: Disabled
2019/10/17-14:54:13.784283 7fc3a9fcb700       Options.prefix_extractor: nullptr
2019/10/17-14:54:13.784284 7fc3a9fcb700   Options.memtable_insert_with_hint_prefix_extractor: nullptr
2019/10/17-14:54:13.784285 7fc3a9fcb700             Options.num_levels: 7
2019/10/17-14:54:13.784286 7fc3a9fcb700        Options.min_write_buffer_number_to_merge: 1
2019/10/17-14:54:13.784287 7fc3a9fcb700     Options.max_write_buffer_number_to_maintain: 0
2019/10/17-14:54:13.784288 7fc3a9fcb700            Options.bottommost_compression_opts.window_bits: -14
2019/10/17-14:54:13.784289 7fc3a9fcb700                  Options.bottommost_compression_opts.level: 32767
2019/10/17-14:54:13.784290 7fc3a9fcb700               Options.bottommost_compression_opts.strategy: 0
2019/10/17-14:54:13.784291 7fc3a9fcb700         Options.bottommost_compression_opts.max_dict_bytes: 0
2019/10/17-14:54:13.784292 7fc3a9fcb700         Options.bottommost_compression_opts.zstd_max_train_bytes: 0
2019/10/17-14:54:13.784293 7fc3a9fcb700                  Options.bottommost_compression_opts.enabled: false
2019/10/17-14:54:13.784294 7fc3a9fcb700            Options.compression_opts.window_bits: -14
2019/10/17-14:54:13.784295 7fc3a9fcb700                  Options.compression_opts.level: 32767
2019/10/17-14:54:13.784296 7fc3a9fcb700               Options.compression_opts.strategy: 0
2019/10/17-14:54:13.784297 7fc3a9fcb700         Options.compression_opts.max_dict_bytes: 0
2019/10/17-14:54:13.784298 7fc3a9fcb700         Options.compression_opts.zstd_max_train_bytes: 0
2019/10/17-14:54:13.784299 7fc3a9fcb700                  Options.compression_opts.enabled: false
2019/10/17-14:54:13.784300 7fc3a9fcb700      Options.level0_file_num_compaction_trigger: 4
2019/10/17-14:54:13.784301 7fc3a9fcb700          Options.level0_slowdown_writes_trigger: 20
2019/10/17-14:54:13.784302 7fc3a9fcb700              Options.level0_stop_writes_trigger: 36
2019/10/17-14:54:13.784303 7fc3a9fcb700                   Options.target_file_size_base: 67108864
2019/10/17-14:54:13.784304 7fc3a9fcb700             Options.target_file_size_multiplier: 1
2019/10/17-14:54:13.784305 7fc3a9fcb700                Options.max_bytes_for_level_base: 268435456
2019/10/17-14:54:13.784306 7fc3a9fcb700 Options.level_compaction_dynamic_level_bytes: 0
2019/10/17-14:54:13.784307 7fc3a9fcb700          Options.max_bytes_for_level_multiplier: 10.000000
2019/10/17-14:54:13.784309 7fc3a9fcb700 Options.max_bytes_for_level_multiplier_addtl[0]: 1
2019/10/17-14:54:13.784310 7fc3a9fcb700 Options.max_bytes_for_level_multiplier_addtl[1]: 1
2019/10/17-14:54:13.784311 7fc3a9fcb700 Options.max_bytes_for_level_multiplier_addtl[2]: 1
2019/10/17-14:54:13.784312 7fc3a9fcb700 Options.max_bytes_for_level_multiplier_addtl[3]: 1
2019/10/17-14:54:13.784313 7fc3a9fcb700 Options.max_bytes_for_level_multiplier_addtl[4]: 1
2019/10/17-14:54:13.784314 7fc3a9fcb700 Options.max_bytes_for_level_multiplier_addtl[5]: 1
2019/10/17-14:54:13.784315 7fc3a9fcb700 Options.max_bytes_for_level_multiplier_addtl[6]: 1
2019/10/17-14:54:13.784316 7fc3a9fcb700       Options.max_sequential_skip_in_iterations: 8
2019/10/17-14:54:13.784322 7fc3a9fcb700                    Options.max_compaction_bytes: 1677721600
2019/10/17-14:54:13.784324 7fc3a9fcb700                        Options.arena_block_size: 8388608
2019/10/17-14:54:13.784325 7fc3a9fcb700   Options.soft_pending_compaction_bytes_limit: 68719476736
2019/10/17-14:54:13.784326 7fc3a9fcb700   Options.hard_pending_compaction_bytes_limit: 274877906944
2019/10/17-14:54:13.784327 7fc3a9fcb700       Options.rate_limit_delay_max_milliseconds: 100
2019/10/17-14:54:13.784328 7fc3a9fcb700                Options.disable_auto_compactions: 0
2019/10/17-14:54:13.784329 7fc3a9fcb700                        Options.compaction_style: kCompactionStyleLevel
2019/10/17-14:54:13.784331 7fc3a9fcb700                          Options.compaction_pri: kByCompensatedSize
2019/10/17-14:54:13.784332 7fc3a9fcb700 Options.compaction_options_universal.size_ratio: 1
2019/10/17-14:54:13.784333 7fc3a9fcb700 Options.compaction_options_universal.min_merge_width: 2
2019/10/17-14:54:13.784334 7fc3a9fcb700 Options.compaction_options_universal.max_merge_width: 4294967295
2019/10/17-14:54:13.784335 7fc3a9fcb700 Options.compaction_options_universal.max_size_amplification_percent: 200
2019/10/17-14:54:13.784336 7fc3a9fcb700 Options.compaction_options_universal.compression_size_percent: -1
2019/10/17-14:54:13.784337 7fc3a9fcb700 Options.compaction_options_universal.stop_style: kCompactionStopStyleTotalSize
2019/10/17-14:54:13.784338 7fc3a9fcb700 Options.compaction_options_fifo.max_table_files_size: 1073741824
2019/10/17-14:54:13.784339 7fc3a9fcb700 Options.compaction_options_fifo.allow_compaction: 0
2019/10/17-14:54:13.784340 7fc3a9fcb700 Options.compaction_options_fifo.ttl: 0
2019/10/17-14:54:13.784341 7fc3a9fcb700                   Options.table_properties_collectors: 
2019/10/17-14:54:13.784342 7fc3a9fcb700                   Options.inplace_update_support: 0
2019/10/17-14:54:13.784343 7fc3a9fcb700                 Options.inplace_update_num_locks: 10000
2019/10/17-14:54:13.784344 7fc3a9fcb700               Options.memtable_prefix_bloom_size_ratio: 0.000000
2019/10/17-14:54:13.784345 7fc3a9fcb700   Options.memtable_huge_page_size: 0
2019/10/17-14:54:13.784346 7fc3a9fcb700                           Options.bloom_locality: 0
2019/10/17-14:54:13.784348 7fc3a9fcb700                    Options.max_successive_merges: 0
2019/10/17-14:54:13.784349 7fc3a9fcb700                Options.optimize_filters_for_hits: 0
2019/10/17-14:54:13.784350 7fc3a9fcb700                Options.paranoid_file_checks: 0
2019/10/17-14:54:13.784351 7fc3a9fcb700                Options.force_consistency_checks: 0
2019/10/17-14:54:13.784352 7fc3a9fcb700                Options.report_bg_io_stats: 0
2019/10/17-14:54:13.784353 7fc3a9fcb700                               Options.ttl: 0
2019/10/17-14:54:13.784380 7fc3a9fcb700 [db/column_family.cc:472] --------------- Options for column family [entries]:
2019/10/17-14:54:13.784381 7fc3a9fcb700               Options.comparator: leveldb.BytewiseComparator
2019/10/17-14:54:13.784383 7fc3a9fcb700           Options.merge_operator: None
2019/10/17-14:54:13.784384 7fc3a9fcb700        Options.compaction_filter: None
2019/10/17-14:54:13.784385 7fc3a9fcb700        Options.compaction_filter_factory: None
2019/10/17-14:54:13.784386 7fc3a9fcb700         Options.memtable_factory: SkipListFactory
2019/10/17-14:54:13.784387 7fc3a9fcb700            Options.table_factory: BlockBasedTable
2019/10/17-14:54:13.784401 7fc3a9fcb700            table_factory options:   flush_block_policy_factory: FlushBlockBySizePolicyFactory (0x7fc35008caa0)
  cache_index_and_filter_blocks: 0
  cache_index_and_filter_blocks_with_high_priority: 0
  pin_l0_filter_and_index_blocks_in_cache: 0
  pin_top_level_index_and_filter: 1
  index_type: 0
  hash_index_allow_collision: 1
  checksum: 1
  no_block_cache: 0
  block_cache: 0x7fc350020160
  block_cache_name: LRUCache
  block_cache_options:
    capacity : 8388608
    num_shard_bits : 4
    strict_capacity_limit : 0
    memory_allocator : None
    high_pri_pool_ratio: 0.000
  block_cache_compressed: (nil)
  persistent_cache: (nil)
  block_size: 4096
  block_size_deviation: 10
  block_restart_interval: 16
  index_block_restart_interval: 1
  metadata_block_size: 4096
  partition_filters: 0
  use_delta_encoding: 1
  filter_policy: nullptr
  whole_key_filtering: 1
  verify_compression: 0
  read_amp_bytes_per_bit: 0
  format_version: 2
  enable_index_compression: 1
  block_align: 0
2019/10/17-14:54:13.784411 7fc3a9fcb700        Options.write_buffer_size: 67108864
2019/10/17-14:54:13.784412 7fc3a9fcb700  Options.max_write_buffer_number: 2
2019/10/17-14:54:13.784413 7fc3a9fcb700          Options.compression: NoCompression
2019/10/17-14:54:13.784414 7fc3a9fcb700                  Options.bottommost_compression: Disabled
2019/10/17-14:54:13.784415 7fc3a9fcb700       Options.prefix_extractor: nullptr
2019/10/17-14:54:13.784416 7fc3a9fcb700   Options.memtable_insert_with_hint_prefix_extractor: nullptr
2019/10/17-14:54:13.784417 7fc3a9fcb700             Options.num_levels: 7
2019/10/17-14:54:13.784418 7fc3a9fcb700        Options.min_write_buffer_number_to_merge: 1
2019/10/17-14:54:13.784419 7fc3a9fcb700     Options.max_write_buffer_number_to_maintain: 0
2019/10/17-14:54:13.784420 7fc3a9fcb700            Options.bottommost_compression_opts.window_bits: -14
2019/10/17-14:54:13.784421 7fc3a9fcb700                  Options.bottommost_compression_opts.level: 32767
2019/10/17-14:54:13.784422 7fc3a9fcb700               Options.bottommost_compression_opts.strategy: 0
2019/10/17-14:54:13.784423 7fc3a9fcb700         Options.bottommost_compression_opts.max_dict_bytes: 0
2019/10/17-14:54:13.784424 7fc3a9fcb700         Options.bottommost_compression_opts.zstd_max_train_bytes: 0
2019/10/17-14:54:13.784425 7fc3a9fcb700                  Options.bottommost_compression_opts.enabled: false
2019/10/17-14:54:13.784426 7fc3a9fcb700            Options.compression_opts.window_bits: -14
2019/10/17-14:54:13.784427 7fc3a9fcb700                  Options.compression_opts.level: 32767
2019/10/17-14:54:13.784428 7fc3a9fcb700               Options.compression_opts.strategy: 0
2019/10/17-14:54:13.784428 7fc3a9fcb700         Options.compression_opts.max_dict_bytes: 0
2019/10/17-14:54:13.784429 7fc3a9fcb700         Options.compression_opts.zstd_max_train_bytes: 0
2019/10/17-14:54:13.784430 7fc3a9fcb700                  Options.compression_opts.enabled: false
2019/10/17-14:54:13.784431 7fc3a9fcb700      Options.level0_file_num_compaction_trigger: 4
2019/10/17-14:54:13.784432 7fc3a9fcb700          Options.level0_slowdown_writes_trigger: 20
2019/10/17-14:54:13.784433 7fc3a9fcb700              Options.level0_stop_writes_trigger: 36
2019/10/17-14:54:13.784434 7fc3a9fcb700                   Options.target_file_size_base: 67108864
2019/10/17-14:54:13.784435 7fc3a9fcb700             Options.target_file_size_multiplier: 1
2019/10/17-14:54:13.784436 7fc3a9fcb700                Options.max_bytes_for_level_base: 268435456
2019/10/17-14:54:13.784437 7fc3a9fcb700 Options.level_compaction_dynamic_level_bytes: 0
2019/10/17-14:54:13.784438 7fc3a9fcb700          Options.max_bytes_for_level_multiplier: 10.000000
2019/10/17-14:54:13.784440 7fc3a9fcb700 Options.max_bytes_for_level_multiplier_addtl[0]: 1
2019/10/17-14:54:13.784441 7fc3a9fcb700 Options.max_bytes_for_level_multiplier_addtl[1]: 1
2019/10/17-14:54:13.784442 7fc3a9fcb700 Options.max_bytes_for_level_multiplier_addtl[2]: 1
2019/10/17-14:54:13.784443 7fc3a9fcb700 Options.max_bytes_for_level_multiplier_addtl[3]: 1
2019/10/17-14:54:13.784444 7fc3a9fcb700 Options.max_bytes_for_level_multiplier_addtl[4]: 1
2019/10/17-14:54:13.784445 7fc3a9fcb700 Options.max_bytes_for_level_multiplier_addtl[5]: 1
2019/10/17-14:54:13.784446 7fc3a9fcb700 Options.max_bytes_for_level_multiplier_addtl[6]: 1
2019/10/17-14:54:13.784447 7fc3a9fcb700       Options.max_sequential_skip_in_iterations: 8
2019/10/17-14:54:13.784448 7fc3a9fcb700                    Options.max_compaction_bytes: 1677721600
2019/10/17-14:54:13.784449 7fc3a9fcb700                        Options.arena_block_size: 8388608
2019/10/17-14:54:13.784450 7fc3a9fcb700   Options.soft_pending_compaction_bytes_limit: 68719476736
2019/10/17-14:54:13.784456 7fc3a9fcb700   Options.hard_pending_compaction_bytes_limit: 274877906944
2019/10/17-14:54:13.784457 7fc3a9fcb700       Options.rate_limit_delay_max_milliseconds: 100
2019/10/17-14:54:13.784458 7fc3a9fcb700                Options.disable_auto_compactions: 0
2019/10/17-14:54:13.784459 7fc3a9fcb700                        Options.compaction_style: kCompactionStyleLevel
2019/10/17-14:54:13.784461 7fc3a9fcb700                          Options.compaction_pri: kByCompensatedSize
2019/10/17-14:54:13.784462 7fc3a9fcb700 Options.compaction_options_universal.size_ratio: 1
2019/10/17-14:54:13.784463 7fc3a9fcb700 Options.compaction_options_universal.min_merge_width: 2
2019/10/17-14:54:13.784464 7fc3a9fcb700 Options.compaction_options_universal.max_merge_width: 4294967295
2019/10/17-14:54:13.784465 7fc3a9fcb700 Options.compaction_options_universal.max_size_amplification_percent: 200
2019/10/17-14:54:13.784466 7fc3a9fcb700 Options.compaction_options_universal.compression_size_percent: -1
2019/10/17-14:54:13.784467 7fc3a9fcb700 Options.compaction_options_universal.stop_style: kCompactionStopStyleTotalSize
2019/10/17-14:54:13.784468 7fc3a9fcb700 Options.compaction_options_fifo.max_table_files_size: 1073741824
2019/10/17-14:54:13.784469 7fc3a9fcb700 Options.compaction_options_fifo.allow_compaction: 0
2019/10/17-14:54:13.784470 7fc3a9fcb700 Options.compaction_options_fifo.ttl: 0
2019/10/17-14:54:13.784471 7fc3a9fcb700                   Options.table_properties_collectors: 
2019/10/17-14:54:13.784472 7fc3a9fcb700                   Options.inplace_update_support: 0
2019/10/17-14:54:13.784473 7fc3a9fcb700                 Options.inplace_update_num_locks: 10000
2019/10/17-14:54:13.784474 7fc3a9fcb700               Options.memtable_prefix_bloom_size_ratio: 0.000000
2019/10/17-14:54:13.784475 7fc3a9fcb700   Options.memtable_huge_page_size: 0
2019/10/17-14:54:13.784476 7fc3a9fcb700                           Options.bloom_locality: 0
2019/10/17-14:54:13.784477 7fc3a9fcb700                    Options.max_successive_merges: 0
2019/10/17-14:54:13.784478 7fc3a9fcb700                Options.optimize_filters_for_hits: 0
2019/10/17-14:54:13.784479 7fc3a9fcb700                Options.paranoid_file_checks: 0
2019/10/17-14:54:13.784480 7fc3a9fcb700                Options.force_consistency_checks: 0
2019/10/17-14:54:13.784481 7fc3a9fcb700                Options.report_bg_io_stats: 0
2019/10/17-14:54:13.784482 7fc3a9fcb700                               Options.ttl: 0
2019/10/17-14:54:13.784504 7fc3a9fcb700 [db/column_family.cc:472] --------------- Options for column family [dc_entries]:
2019/10/17-14:54:13.784505 7fc3a9fcb700               Options.comparator: leveldb.BytewiseComparator
2019/10/17-14:54:13.784507 7fc3a9fcb700           Options.merge_operator: None
2019/10/17-14:54:13.784508 7fc3a9fcb700        Options.compaction_filter: None
2019/10/17-14:54:13.784509 7fc3a9fcb700        Options.compaction_filter_factory: None
2019/10/17-14:54:13.784510 7fc3a9fcb700         Options.memtable_factory: SkipListFactory
2019/10/17-14:54:13.784511 7fc3a9fcb700            Options.table_factory: BlockBasedTable
2019/10/17-14:54:13.784524 7fc3a9fcb700            table_factory options:   flush_block_policy_factory: FlushBlockBySizePolicyFactory (0x7fc35007af50)
  cache_index_and_filter_blocks: 0
  cache_index_and_filter_blocks_with_high_priority: 0
  pin_l0_filter_and_index_blocks_in_cache: 0
  pin_top_level_index_and_filter: 1
  index_type: 0
  hash_index_allow_collision: 1
  checksum: 1
  no_block_cache: 0
  block_cache: 0x7fc350098150
  block_cache_name: LRUCache
  block_cache_options:
    capacity : 8388608
    num_shard_bits : 4
    strict_capacity_limit : 0
    memory_allocator : None
    high_pri_pool_ratio: 0.000
  block_cache_compressed: (nil)
  persistent_cache: (nil)
  block_size: 4096
  block_size_deviation: 10
  block_restart_interval: 16
  index_block_restart_interval: 1
  metadata_block_size: 4096
  partition_filters: 0
  use_delta_encoding: 1
  filter_policy: nullptr
  whole_key_filtering: 1
  verify_compression: 0
  read_amp_bytes_per_bit: 0
  format_version: 2
  enable_index_compression: 1
  block_align: 0
2019/10/17-14:54:13.784533 7fc3a9fcb700        Options.write_buffer_size: 67108864
2019/10/17-14:54:13.784534 7fc3a9fcb700  Options.max_write_buffer_number: 2
2019/10/17-14:54:13.784535 7fc3a9fcb700          Options.compression: NoCompression
2019/10/17-14:54:13.784536 7fc3a9fcb700                  Options.bottommost_compression: Disabled
2019/10/17-14:54:13.784537 7fc3a9fcb700       Options.prefix_extractor: nullptr
2019/10/17-14:54:13.784538 7fc3a9fcb700   Options.memtable_insert_with_hint_prefix_extractor: nullptr
2019/10/17-14:54:13.784539 7fc3a9fcb700             Options.num_levels: 7
2019/10/17-14:54:13.784540 7fc3a9fcb700        Options.min_write_buffer_number_to_merge: 1
2019/10/17-14:54:13.784541 7fc3a9fcb700     Options.max_write_buffer_number_to_maintain: 0
2019/10/17-14:54:13.784542 7fc3a9fcb700            Options.bottommost_compression_opts.window_bits: -14
2019/10/17-14:54:13.784543 7fc3a9fcb700                  Options.bottommost_compression_opts.level: 32767
2019/10/17-14:54:13.784544 7fc3a9fcb700               Options.bottommost_compression_opts.strategy: 0
2019/10/17-14:54:13.784545 7fc3a9fcb700         Options.bottommost_compression_opts.max_dict_bytes: 0
2019/10/17-14:54:13.784546 7fc3a9fcb700         Options.bottommost_compression_opts.zstd_max_train_bytes: 0
2019/10/17-14:54:13.784547 7fc3a9fcb700                  Options.bottommost_compression_opts.enabled: false
2019/10/17-14:54:13.784548 7fc3a9fcb700            Options.compression_opts.window_bits: -14
2019/10/17-14:54:13.784549 7fc3a9fcb700                  Options.compression_opts.level: 32767
2019/10/17-14:54:13.784550 7fc3a9fcb700               Options.compression_opts.strategy: 0
2019/10/17-14:54:13.784551 7fc3a9fcb700         Options.compression_opts.max_dict_bytes: 0
2019/10/17-14:54:13.784552 7fc3a9fcb700         Options.compression_opts.zstd_max_train_bytes: 0
2019/10/17-14:54:13.784553 7fc3a9fcb700                  Options.compression_opts.enabled: false
2019/10/17-14:54:13.784554 7fc3a9fcb700      Options.level0_file_num_compaction_trigger: 4
2019/10/17-14:54:13.784555 7fc3a9fcb700          Options.level0_slowdown_writes_trigger: 20
2019/10/17-14:54:13.784556 7fc3a9fcb700              Options.level0_stop_writes_trigger: 36
2019/10/17-14:54:13.784557 7fc3a9fcb700                   Options.target_file_size_base: 67108864
2019/10/17-14:54:13.784558 7fc3a9fcb700             Options.target_file_size_multiplier: 1
2019/10/17-14:54:13.784559 7fc3a9fcb700                Options.max_bytes_for_level_base: 268435456
2019/10/17-14:54:13.784560 7fc3a9fcb700 Options.level_compaction_dynamic_level_bytes: 0
2019/10/17-14:54:13.784562 7fc3a9fcb700          Options.max_bytes_for_level_multiplier: 10.000000
2019/10/17-14:54:13.784564 7fc3a9fcb700 Options.max_bytes_for_level_multiplier_addtl[0]: 1
2019/10/17-14:54:13.784565 7fc3a9fcb700 Options.max_bytes_for_level_multiplier_addtl[1]: 1
2019/10/17-14:54:13.784566 7fc3a9fcb700 Options.max_bytes_for_level_multiplier_addtl[2]: 1
2019/10/17-14:54:13.784567 7fc3a9fcb700 Options.max_bytes_for_level_multiplier_addtl[3]: 1
2019/10/17-14:54:13.784568 7fc3a9fcb700 Options.max_bytes_for_level_multiplier_addtl[4]: 1
2019/10/17-14:54:13.784569 7fc3a9fcb700 Options.max_bytes_for_level_multiplier_addtl[5]: 1
2019/10/17-14:54:13.784570 7fc3a9fcb700 Options.max_bytes_for_level_multiplier_addtl[6]: 1
2019/10/17-14:54:13.784571 7fc3a9fcb700       Options.max_sequential_skip_in_iterations: 8
2019/10/17-14:54:13.784572 7fc3a9fcb700                    Options.max_compaction_bytes: 1677721600
2019/10/17-14:54:13.784573 7fc3a9fcb700                        Options.arena_block_size: 8388608
2019/10/17-14:54:13.784574 7fc3a9fcb700   Options.soft_pending_compaction_bytes_limit: 68719476736
2019/10/17-14:54:13.784575 7fc3a9fcb700   Options.hard_pending_compaction_bytes_limit: 274877906944
2019/10/17-14:54:13.784576 7fc3a9fcb700       Options.rate_limit_delay_max_milliseconds: 100
2019/10/17-14:54:13.784578 7fc3a9fcb700                Options.disable_auto_compactions: 0
2019/10/17-14:54:13.784585 7fc3a9fcb700                        Options.compaction_style: kCompactionStyleLevel
2019/10/17-14:54:13.784587 7fc3a9fcb700                          Options.compaction_pri: kByCompensatedSize
2019/10/17-14:54:13.784588 7fc3a9fcb700 Options.compaction_options_universal.size_ratio: 1
2019/10/17-14:54:13.784589 7fc3a9fcb700 Options.compaction_options_universal.min_merge_width: 2
2019/10/17-14:54:13.784590 7fc3a9fcb700 Options.compaction_options_universal.max_merge_width: 4294967295
2019/10/17-14:54:13.784591 7fc3a9fcb700 Options.compaction_options_universal.max_size_amplification_percent: 200
2019/10/17-14:54:13.784592 7fc3a9fcb700 Options.compaction_options_universal.compression_size_percent: -1
2019/10/17-14:54:13.784594 7fc3a9fcb700 Options.compaction_options_universal.stop_style: kCompactionStopStyleTotalSize
2019/10/17-14:54:13.784595 7fc3a9fcb700 Options.compaction_options_fifo.max_table_files_size: 1073741824
2019/10/17-14:54:13.784596 7fc3a9fcb700 Options.compaction_options_fifo.allow_compaction: 0
2019/10/17-14:54:13.784597 7fc3a9fcb700 Options.compaction_options_fifo.ttl: 0
2019/10/17-14:54:13.784598 7fc3a9fcb700                   Options.table_properties_collectors: 
2019/10/17-14:54:13.784599 7fc3a9fcb700                   Options.inplace_update_support: 0
2019/10/17-14:54:13.784600 7fc3a9fcb700                 Options.inplace_update_num_locks: 10000
2019/10/17-14:54:13.784601 7fc3a9fcb700               Options.memtable_prefix_bloom_size_ratio: 0.000000
2019/10/17-14:54:13.784602 7fc3a9fcb700   Options.memtable_huge_page_size: 0
2019/10/17-14:54:13.784603 7fc3a9fcb700                           Options.bloom_locality: 0
2019/10/17-14:54:13.784604 7fc3a9fcb700                    Options.max_successive_merges: 0
2019/10/17-14:54:13.784605 7fc3a9fcb700                Options.optimize_filters_for_hits: 0
2019/10/17-14:54:13.784606 7fc3a9fcb700                Options.paranoid_file_checks: 0
2019/10/17-14:54:13.784607 7fc3a9fcb700                Options.force_consistency_checks: 0
2019/10/17-14:54:13.784608 7fc3a9fcb700                Options.report_bg_io_stats: 0
2019/10/17-14:54:13.784609 7fc3a9fcb700                               Options.ttl: 0
2019/10/17-14:54:13.784628 7fc3a9fcb700 [db/column_family.cc:472] --------------- Options for column family [htlcs]:
2019/10/17-14:54:13.784630 7fc3a9fcb700               Options.comparator: leveldb.BytewiseComparator
2019/10/17-14:54:13.784631 7fc3a9fcb700           Options.merge_operator: None
2019/10/17-14:54:13.784632 7fc3a9fcb700        Options.compaction_filter: None
2019/10/17-14:54:13.784633 7fc3a9fcb700        Options.compaction_filter_factory: None
2019/10/17-14:54:13.784634 7fc3a9fcb700         Options.memtable_factory: SkipListFactory
2019/10/17-14:54:13.784635 7fc3a9fcb700            Options.table_factory: BlockBasedTable
2019/10/17-14:54:13.784648 7fc3a9fcb700            table_factory options:   flush_block_policy_factory: FlushBlockBySizePolicyFactory (0x7fc35002ae40)
