2019/10/17-14:56:02.489312 7fbc2cd30700 RocksDB version: 5.18.3
2019/10/17-14:56:02.489342 7fbc2cd30700 Git sha rocksdb_build_git_sha:@0@
2019/10/17-14:56:02.489344 7fbc2cd30700 Compile date Sep 19 2019
2019/10/17-14:56:02.489345 7fbc2cd30700 DB SUMMARY
2019/10/17-14:56:02.489998 7fbc2cd30700 CURRENT file:  CURRENT
2019/10/17-14:56:02.489999 7fbc2cd30700 IDENTITY file:  IDENTITY
2019/10/17-14:56:02.490026 7fbc2cd30700 MANIFEST file:  MANIFEST-116698 size: 4114 Bytes
2019/10/17-14:56:02.490027 7fbc2cd30700 SST files in /home/rahul/dev/blockchain-core/eqc/ledger.db dir, Total Num: 29, files: 000624.sst 000627.sst 106940.sst 108447.sst 108450.sst 109471.sst 109483.sst 109485.sst 109486.sst 
2019/10/17-14:56:02.490029 7fbc2cd30700 Write Ahead Log file in /home/rahul/dev/blockchain-core/eqc/ledger.db: 116699.log size: 0 ; 
2019/10/17-14:56:02.490059 7fbc2cd30700                         Options.error_if_exists: 0
2019/10/17-14:56:02.490060 7fbc2cd30700                       Options.create_if_missing: 1
2019/10/17-14:56:02.490061 7fbc2cd30700                         Options.paranoid_checks: 1
2019/10/17-14:56:02.490062 7fbc2cd30700                                     Options.env: 0x7fbbafa7bc60
2019/10/17-14:56:02.490063 7fbc2cd30700                                Options.info_log: 0x7fbbb8082e70
2019/10/17-14:56:02.490063 7fbc2cd30700                Options.max_file_opening_threads: 16
2019/10/17-14:56:02.490064 7fbc2cd30700                              Options.statistics: (nil)
2019/10/17-14:56:02.490065 7fbc2cd30700                               Options.use_fsync: 0
2019/10/17-14:56:02.490066 7fbc2cd30700                       Options.max_log_file_size: 0
2019/10/17-14:56:02.490067 7fbc2cd30700                  Options.max_manifest_file_size: 1073741824
2019/10/17-14:56:02.490067 7fbc2cd30700                   Options.log_file_time_to_roll: 0
2019/10/17-14:56:02.490068 7fbc2cd30700                       Options.keep_log_file_num: 1000
2019/10/17-14:56:02.490069 7fbc2cd30700                    Options.recycle_log_file_num: 0
2019/10/17-14:56:02.490069 7fbc2cd30700                         Options.allow_fallocate: 1
2019/10/17-14:56:02.490070 7fbc2cd30700                        Options.allow_mmap_reads: 0
2019/10/17-14:56:02.490071 7fbc2cd30700                       Options.allow_mmap_writes: 0
2019/10/17-14:56:02.490072 7fbc2cd30700                        Options.use_direct_reads: 0
2019/10/17-14:56:02.490072 7fbc2cd30700                        Options.use_direct_io_for_flush_and_compaction: 0
2019/10/17-14:56:02.490073 7fbc2cd30700          Options.create_missing_column_families: 0
2019/10/17-14:56:02.490074 7fbc2cd30700                              Options.db_log_dir: 
2019/10/17-14:56:02.490074 7fbc2cd30700                                 Options.wal_dir: /home/rahul/dev/blockchain-core/eqc/ledger.db
2019/10/17-14:56:02.490075 7fbc2cd30700                Options.table_cache_numshardbits: 6
2019/10/17-14:56:02.490076 7fbc2cd30700                      Options.max_subcompactions: 1
2019/10/17-14:56:02.490076 7fbc2cd30700                  Options.max_background_flushes: -1
2019/10/17-14:56:02.490077 7fbc2cd30700                         Options.WAL_ttl_seconds: 0
2019/10/17-14:56:02.490078 7fbc2cd30700                       Options.WAL_size_limit_MB: 0
2019/10/17-14:56:02.490079 7fbc2cd30700             Options.manifest_preallocation_size: 4194304
2019/10/17-14:56:02.490079 7fbc2cd30700                     Options.is_fd_close_on_exec: 1
2019/10/17-14:56:02.490080 7fbc2cd30700                   Options.advise_random_on_open: 1
2019/10/17-14:56:02.490081 7fbc2cd30700                    Options.db_write_buffer_size: 0
2019/10/17-14:56:02.490081 7fbc2cd30700                    Options.write_buffer_manager: 0x7fbbb80f7110
2019/10/17-14:56:02.490082 7fbc2cd30700         Options.access_hint_on_compaction_start: 1
2019/10/17-14:56:02.490083 7fbc2cd30700  Options.new_table_reader_for_compaction_inputs: 0
2019/10/17-14:56:02.490084 7fbc2cd30700           Options.random_access_max_buffer_size: 1048576
2019/10/17-14:56:02.490084 7fbc2cd30700                      Options.use_adaptive_mutex: 0
2019/10/17-14:56:02.490085 7fbc2cd30700                            Options.rate_limiter: (nil)
2019/10/17-14:56:02.490093 7fbc2cd30700     Options.sst_file_manager.rate_bytes_per_sec: 0
2019/10/17-14:56:02.490094 7fbc2cd30700                       Options.wal_recovery_mode: 2
2019/10/17-14:56:02.490095 7fbc2cd30700                  Options.enable_thread_tracking: 0
2019/10/17-14:56:02.490096 7fbc2cd30700                  Options.enable_pipelined_write: 0
2019/10/17-14:56:02.490096 7fbc2cd30700         Options.allow_concurrent_memtable_write: 1
2019/10/17-14:56:02.490097 7fbc2cd30700      Options.enable_write_thread_adaptive_yield: 1
2019/10/17-14:56:02.490098 7fbc2cd30700             Options.write_thread_max_yield_usec: 100
2019/10/17-14:56:02.490098 7fbc2cd30700            Options.write_thread_slow_yield_usec: 3
2019/10/17-14:56:02.490099 7fbc2cd30700                               Options.row_cache: None
2019/10/17-14:56:02.490100 7fbc2cd30700                              Options.wal_filter: None
2019/10/17-14:56:02.490101 7fbc2cd30700             Options.avoid_flush_during_recovery: 0
2019/10/17-14:56:02.490101 7fbc2cd30700             Options.allow_ingest_behind: 0
2019/10/17-14:56:02.490102 7fbc2cd30700             Options.preserve_deletes: 0
2019/10/17-14:56:02.490103 7fbc2cd30700             Options.two_write_queues: 0
2019/10/17-14:56:02.490103 7fbc2cd30700             Options.manual_wal_flush: 0
2019/10/17-14:56:02.490104 7fbc2cd30700             Options.max_background_jobs: 2
2019/10/17-14:56:02.490105 7fbc2cd30700             Options.max_background_compactions: -1
2019/10/17-14:56:02.490106 7fbc2cd30700             Options.avoid_flush_during_shutdown: 0
2019/10/17-14:56:02.490106 7fbc2cd30700           Options.writable_file_max_buffer_size: 1048576
2019/10/17-14:56:02.490107 7fbc2cd30700             Options.delayed_write_rate : 16777216
2019/10/17-14:56:02.490108 7fbc2cd30700             Options.max_total_wal_size: 0
2019/10/17-14:56:02.490109 7fbc2cd30700             Options.delete_obsolete_files_period_micros: 21600000000
2019/10/17-14:56:02.490109 7fbc2cd30700                   Options.stats_dump_period_sec: 600
2019/10/17-14:56:02.490110 7fbc2cd30700                          Options.max_open_files: -1
2019/10/17-14:56:02.490111 7fbc2cd30700                          Options.bytes_per_sync: 0
2019/10/17-14:56:02.490111 7fbc2cd30700                      Options.wal_bytes_per_sync: 0
2019/10/17-14:56:02.490112 7fbc2cd30700       Options.compaction_readahead_size: 0
2019/10/17-14:56:02.490113 7fbc2cd30700 Compression algorithms supported:
2019/10/17-14:56:02.490114 7fbc2cd30700 	kZSTDNotFinalCompression supported: 0
2019/10/17-14:56:02.490115 7fbc2cd30700 	kZSTD supported: 0
2019/10/17-14:56:02.490115 7fbc2cd30700 	kXpressCompression supported: 0
2019/10/17-14:56:02.490116 7fbc2cd30700 	kLZ4HCCompression supported: 0
2019/10/17-14:56:02.490117 7fbc2cd30700 	kLZ4Compression supported: 0
2019/10/17-14:56:02.490118 7fbc2cd30700 	kBZip2Compression supported: 0
2019/10/17-14:56:02.490118 7fbc2cd30700 	kZlibCompression supported: 0
2019/10/17-14:56:02.490119 7fbc2cd30700 	kSnappyCompression supported: 0
2019/10/17-14:56:02.490121 7fbc2cd30700 Fast CRC32 supported: Supported on x86
2019/10/17-14:56:02.490207 7fbc2cd30700 [db/version_set.cc:3507] Recovering from manifest file: MANIFEST-116698
2019/10/17-14:56:02.490236 7fbc2cd30700 [db/column_family.cc:472] --------------- Options for column family [default]:
2019/10/17-14:56:02.490238 7fbc2cd30700               Options.comparator: leveldb.BytewiseComparator
2019/10/17-14:56:02.490239 7fbc2cd30700           Options.merge_operator: None
2019/10/17-14:56:02.490239 7fbc2cd30700        Options.compaction_filter: None
2019/10/17-14:56:02.490240 7fbc2cd30700        Options.compaction_filter_factory: None
2019/10/17-14:56:02.490241 7fbc2cd30700         Options.memtable_factory: SkipListFactory
2019/10/17-14:56:02.490242 7fbc2cd30700            Options.table_factory: BlockBasedTable
2019/10/17-14:56:02.490256 7fbc2cd30700            table_factory options:   flush_block_policy_factory: FlushBlockBySizePolicyFactory (0x7fbbb84e1cd0)
  cache_index_and_filter_blocks: 0
  cache_index_and_filter_blocks_with_high_priority: 0
  pin_l0_filter_and_index_blocks_in_cache: 0
  pin_top_level_index_and_filter: 1
  index_type: 0
  hash_index_allow_collision: 1
  checksum: 1
  no_block_cache: 0
  block_cache: 0x7fbbb80eaeb0
  block_cache_name: LRUCache
  block_cache_options:
    capacity : 8388608
    num_shard_bits : 4
    strict_capacity_limit : 0
    memory_allocator : None
    high_pri_pool_ratio: 0.000
  block_cache_compressed: (nil)
  persistent_cache: (nil)
  block_size: 4096
  block_size_deviation: 10
  block_restart_interval: 16
  index_block_restart_interval: 1
  metadata_block_size: 4096
  partition_filters: 0
  use_delta_encoding: 1
  filter_policy: nullptr
  whole_key_filtering: 1
  verify_compression: 0
  read_amp_bytes_per_bit: 0
  format_version: 2
  enable_index_compression: 1
  block_align: 0
2019/10/17-14:56:02.490265 7fbc2cd30700        Options.write_buffer_size: 67108864
2019/10/17-14:56:02.490266 7fbc2cd30700  Options.max_write_buffer_number: 2
2019/10/17-14:56:02.490267 7fbc2cd30700          Options.compression: NoCompression
2019/10/17-14:56:02.490267 7fbc2cd30700                  Options.bottommost_compression: Disabled
2019/10/17-14:56:02.490268 7fbc2cd30700       Options.prefix_extractor: nullptr
2019/10/17-14:56:02.490269 7fbc2cd30700   Options.memtable_insert_with_hint_prefix_extractor: nullptr
2019/10/17-14:56:02.490269 7fbc2cd30700             Options.num_levels: 7
2019/10/17-14:56:02.490270 7fbc2cd30700        Options.min_write_buffer_number_to_merge: 1
2019/10/17-14:56:02.490271 7fbc2cd30700     Options.max_write_buffer_number_to_maintain: 0
2019/10/17-14:56:02.490271 7fbc2cd30700            Options.bottommost_compression_opts.window_bits: -14
2019/10/17-14:56:02.490272 7fbc2cd30700                  Options.bottommost_compression_opts.level: 32767
2019/10/17-14:56:02.490273 7fbc2cd30700               Options.bottommost_compression_opts.strategy: 0
2019/10/17-14:56:02.490274 7fbc2cd30700         Options.bottommost_compression_opts.max_dict_bytes: 0
2019/10/17-14:56:02.490274 7fbc2cd30700         Options.bottommost_compression_opts.zstd_max_train_bytes: 0
2019/10/17-14:56:02.490275 7fbc2cd30700                  Options.bottommost_compression_opts.enabled: false
2019/10/17-14:56:02.490276 7fbc2cd30700            Options.compression_opts.window_bits: -14
2019/10/17-14:56:02.490277 7fbc2cd30700                  Options.compression_opts.level: 32767
2019/10/17-14:56:02.490277 7fbc2cd30700               Options.compression_opts.strategy: 0
2019/10/17-14:56:02.490278 7fbc2cd30700         Options.compression_opts.max_dict_bytes: 0
2019/10/17-14:56:02.490279 7fbc2cd30700         Options.compression_opts.zstd_max_train_bytes: 0
2019/10/17-14:56:02.490279 7fbc2cd30700                  Options.compression_opts.enabled: false
2019/10/17-14:56:02.490280 7fbc2cd30700      Options.level0_file_num_compaction_trigger: 4
2019/10/17-14:56:02.490281 7fbc2cd30700          Options.level0_slowdown_writes_trigger: 20
2019/10/17-14:56:02.490281 7fbc2cd30700              Options.level0_stop_writes_trigger: 36
2019/10/17-14:56:02.490282 7fbc2cd30700                   Options.target_file_size_base: 67108864
2019/10/17-14:56:02.490283 7fbc2cd30700             Options.target_file_size_multiplier: 1
2019/10/17-14:56:02.490283 7fbc2cd30700                Options.max_bytes_for_level_base: 268435456
2019/10/17-14:56:02.490284 7fbc2cd30700 Options.level_compaction_dynamic_level_bytes: 0
2019/10/17-14:56:02.490285 7fbc2cd30700          Options.max_bytes_for_level_multiplier: 10.000000
2019/10/17-14:56:02.490287 7fbc2cd30700 Options.max_bytes_for_level_multiplier_addtl[0]: 1
2019/10/17-14:56:02.490288 7fbc2cd30700 Options.max_bytes_for_level_multiplier_addtl[1]: 1
2019/10/17-14:56:02.490288 7fbc2cd30700 Options.max_bytes_for_level_multiplier_addtl[2]: 1
2019/10/17-14:56:02.490289 7fbc2cd30700 Options.max_bytes_for_level_multiplier_addtl[3]: 1
2019/10/17-14:56:02.490290 7fbc2cd30700 Options.max_bytes_for_level_multiplier_addtl[4]: 1
2019/10/17-14:56:02.490294 7fbc2cd30700 Options.max_bytes_for_level_multiplier_addtl[5]: 1
2019/10/17-14:56:02.490295 7fbc2cd30700 Options.max_bytes_for_level_multiplier_addtl[6]: 1
2019/10/17-14:56:02.490295 7fbc2cd30700       Options.max_sequential_skip_in_iterations: 8
2019/10/17-14:56:02.490296 7fbc2cd30700                    Options.max_compaction_bytes: 1677721600
2019/10/17-14:56:02.490297 7fbc2cd30700                        Options.arena_block_size: 8388608
2019/10/17-14:56:02.490297 7fbc2cd30700   Options.soft_pending_compaction_bytes_limit: 68719476736
2019/10/17-14:56:02.490298 7fbc2cd30700   Options.hard_pending_compaction_bytes_limit: 274877906944
2019/10/17-14:56:02.490299 7fbc2cd30700       Options.rate_limit_delay_max_milliseconds: 100
2019/10/17-14:56:02.490300 7fbc2cd30700                Options.disable_auto_compactions: 0
2019/10/17-14:56:02.490301 7fbc2cd30700                        Options.compaction_style: kCompactionStyleLevel
2019/10/17-14:56:02.490302 7fbc2cd30700                          Options.compaction_pri: kByCompensatedSize
2019/10/17-14:56:02.490303 7fbc2cd30700 Options.compaction_options_universal.size_ratio: 1
2019/10/17-14:56:02.490304 7fbc2cd30700 Options.compaction_options_universal.min_merge_width: 2
2019/10/17-14:56:02.490304 7fbc2cd30700 Options.compaction_options_universal.max_merge_width: 4294967295
2019/10/17-14:56:02.490305 7fbc2cd30700 Options.compaction_options_universal.max_size_amplification_percent: 200
2019/10/17-14:56:02.490306 7fbc2cd30700 Options.compaction_options_universal.compression_size_percent: -1
2019/10/17-14:56:02.490307 7fbc2cd30700 Options.compaction_options_universal.stop_style: kCompactionStopStyleTotalSize
2019/10/17-14:56:02.490307 7fbc2cd30700 Options.compaction_options_fifo.max_table_files_size: 1073741824
2019/10/17-14:56:02.490308 7fbc2cd30700 Options.compaction_options_fifo.allow_compaction: 0
2019/10/17-14:56:02.490309 7fbc2cd30700 Options.compaction_options_fifo.ttl: 0
2019/10/17-14:56:02.490310 7fbc2cd30700                   Options.table_properties_collectors: 
2019/10/17-14:56:02.490310 7fbc2cd30700                   Options.inplace_update_support: 0
2019/10/17-14:56:02.490311 7fbc2cd30700                 Options.inplace_update_num_locks: 10000
2019/10/17-14:56:02.490312 7fbc2cd30700               Options.memtable_prefix_bloom_size_ratio: 0.000000
2019/10/17-14:56:02.490313 7fbc2cd30700   Options.memtable_huge_page_size: 0
2019/10/17-14:56:02.490313 7fbc2cd30700                           Options.bloom_locality: 0
2019/10/17-14:56:02.490314 7fbc2cd30700                    Options.max_successive_merges: 0
2019/10/17-14:56:02.490315 7fbc2cd30700                Options.optimize_filters_for_hits: 0
2019/10/17-14:56:02.490315 7fbc2cd30700                Options.paranoid_file_checks: 0
2019/10/17-14:56:02.490316 7fbc2cd30700                Options.force_consistency_checks: 0
2019/10/17-14:56:02.490317 7fbc2cd30700                Options.report_bg_io_stats: 0
2019/10/17-14:56:02.490318 7fbc2cd30700                               Options.ttl: 0
2019/10/17-14:56:02.490343 7fbc2cd30700 [db/column_family.cc:472] --------------- Options for column family [active_gateways]:
2019/10/17-14:56:02.490344 7fbc2cd30700               Options.comparator: leveldb.BytewiseComparator
2019/10/17-14:56:02.490345 7fbc2cd30700           Options.merge_operator: None
2019/10/17-14:56:02.490345 7fbc2cd30700        Options.compaction_filter: None
2019/10/17-14:56:02.490346 7fbc2cd30700        Options.compaction_filter_factory: None
2019/10/17-14:56:02.490347 7fbc2cd30700         Options.memtable_factory: SkipListFactory
2019/10/17-14:56:02.490347 7fbc2cd30700            Options.table_factory: BlockBasedTable
2019/10/17-14:56:02.490357 7fbc2cd30700            table_factory options:   flush_block_policy_factory: FlushBlockBySizePolicyFactory (0x7fbbb807c630)
  cache_index_and_filter_blocks: 0
  cache_index_and_filter_blocks_with_high_priority: 0
  pin_l0_filter_and_index_blocks_in_cache: 0
  pin_top_level_index_and_filter: 1
  index_type: 0
  hash_index_allow_collision: 1
  checksum: 1
  no_block_cache: 0
  block_cache: 0x7fbbb80832b0
  block_cache_name: LRUCache
  block_cache_options:
    capacity : 8388608
    num_shard_bits : 4
    strict_capacity_limit : 0
    memory_allocator : None
    high_pri_pool_ratio: 0.000
  block_cache_compressed: (nil)
  persistent_cache: (nil)
  block_size: 4096
  block_size_deviation: 10
  block_restart_interval: 16
  index_block_restart_interval: 1
  metadata_block_size: 4096
  partition_filters: 0
  use_delta_encoding: 1
  filter_policy: nullptr
  whole_key_filtering: 1
  verify_compression: 0
  read_amp_bytes_per_bit: 0
  format_version: 2
  enable_index_compression: 1
  block_align: 0
2019/10/17-14:56:02.490363 7fbc2cd30700        Options.write_buffer_size: 67108864
2019/10/17-14:56:02.490364 7fbc2cd30700  Options.max_write_buffer_number: 2
2019/10/17-14:56:02.490364 7fbc2cd30700          Options.compression: NoCompression
2019/10/17-14:56:02.490365 7fbc2cd30700                  Options.bottommost_compression: Disabled
2019/10/17-14:56:02.490366 7fbc2cd30700       Options.prefix_extractor: nullptr
2019/10/17-14:56:02.490367 7fbc2cd30700   Options.memtable_insert_with_hint_prefix_extractor: nullptr
2019/10/17-14:56:02.490368 7fbc2cd30700             Options.num_levels: 7
2019/10/17-14:56:02.490368 7fbc2cd30700        Options.min_write_buffer_number_to_merge: 1
2019/10/17-14:56:02.490369 7fbc2cd30700     Options.max_write_buffer_number_to_maintain: 0
2019/10/17-14:56:02.490370 7fbc2cd30700            Options.bottommost_compression_opts.window_bits: -14
2019/10/17-14:56:02.490370 7fbc2cd30700                  Options.bottommost_compression_opts.level: 32767
2019/10/17-14:56:02.490371 7fbc2cd30700               Options.bottommost_compression_opts.strategy: 0
2019/10/17-14:56:02.490372 7fbc2cd30700         Options.bottommost_compression_opts.max_dict_bytes: 0
2019/10/17-14:56:02.490372 7fbc2cd30700         Options.bottommost_compression_opts.zstd_max_train_bytes: 0
2019/10/17-14:56:02.490373 7fbc2cd30700                  Options.bottommost_compression_opts.enabled: false
2019/10/17-14:56:02.490374 7fbc2cd30700            Options.compression_opts.window_bits: -14
2019/10/17-14:56:02.490375 7fbc2cd30700                  Options.compression_opts.level: 32767
2019/10/17-14:56:02.490375 7fbc2cd30700               Options.compression_opts.strategy: 0
2019/10/17-14:56:02.490376 7fbc2cd30700         Options.compression_opts.max_dict_bytes: 0
2019/10/17-14:56:02.490377 7fbc2cd30700         Options.compression_opts.zstd_max_train_bytes: 0
2019/10/17-14:56:02.490377 7fbc2cd30700                  Options.compression_opts.enabled: false
2019/10/17-14:56:02.490378 7fbc2cd30700      Options.level0_file_num_compaction_trigger: 4
2019/10/17-14:56:02.490379 7fbc2cd30700          Options.level0_slowdown_writes_trigger: 20
2019/10/17-14:56:02.490379 7fbc2cd30700              Options.level0_stop_writes_trigger: 36
2019/10/17-14:56:02.490380 7fbc2cd30700                   Options.target_file_size_base: 67108864
2019/10/17-14:56:02.490381 7fbc2cd30700             Options.target_file_size_multiplier: 1
2019/10/17-14:56:02.490381 7fbc2cd30700                Options.max_bytes_for_level_base: 268435456
2019/10/17-14:56:02.490382 7fbc2cd30700 Options.level_compaction_dynamic_level_bytes: 0
2019/10/17-14:56:02.490383 7fbc2cd30700          Options.max_bytes_for_level_multiplier: 10.000000
2019/10/17-14:56:02.490384 7fbc2cd30700 Options.max_bytes_for_level_multiplier_addtl[0]: 1
2019/10/17-14:56:02.490385 7fbc2cd30700 Options.max_bytes_for_level_multiplier_addtl[1]: 1
2019/10/17-14:56:02.490386 7fbc2cd30700 Options.max_bytes_for_level_multiplier_addtl[2]: 1
2019/10/17-14:56:02.490386 7fbc2cd30700 Options.max_bytes_for_level_multiplier_addtl[3]: 1
2019/10/17-14:56:02.490387 7fbc2cd30700 Options.max_bytes_for_level_multiplier_addtl[4]: 1
2019/10/17-14:56:02.490388 7fbc2cd30700 Options.max_bytes_for_level_multiplier_addtl[5]: 1
2019/10/17-14:56:02.490388 7fbc2cd30700 Options.max_bytes_for_level_multiplier_addtl[6]: 1
2019/10/17-14:56:02.490389 7fbc2cd30700       Options.max_sequential_skip_in_iterations: 8
2019/10/17-14:56:02.490393 7fbc2cd30700                    Options.max_compaction_bytes: 1677721600
2019/10/17-14:56:02.490394 7fbc2cd30700                        Options.arena_block_size: 8388608
2019/10/17-14:56:02.490395 7fbc2cd30700   Options.soft_pending_compaction_bytes_limit: 68719476736
2019/10/17-14:56:02.490396 7fbc2cd30700   Options.hard_pending_compaction_bytes_limit: 274877906944
2019/10/17-14:56:02.490396 7fbc2cd30700       Options.rate_limit_delay_max_milliseconds: 100
2019/10/17-14:56:02.490397 7fbc2cd30700                Options.disable_auto_compactions: 0
2019/10/17-14:56:02.490398 7fbc2cd30700                        Options.compaction_style: kCompactionStyleLevel
2019/10/17-14:56:02.490399 7fbc2cd30700                          Options.compaction_pri: kByCompensatedSize
2019/10/17-14:56:02.490399 7fbc2cd30700 Options.compaction_options_universal.size_ratio: 1
2019/10/17-14:56:02.490400 7fbc2cd30700 Options.compaction_options_universal.min_merge_width: 2
2019/10/17-14:56:02.490401 7fbc2cd30700 Options.compaction_options_universal.max_merge_width: 4294967295
2019/10/17-14:56:02.490402 7fbc2cd30700 Options.compaction_options_universal.max_size_amplification_percent: 200
2019/10/17-14:56:02.490402 7fbc2cd30700 Options.compaction_options_universal.compression_size_percent: -1
2019/10/17-14:56:02.490403 7fbc2cd30700 Options.compaction_options_universal.stop_style: kCompactionStopStyleTotalSize
2019/10/17-14:56:02.490404 7fbc2cd30700 Options.compaction_options_fifo.max_table_files_size: 1073741824
2019/10/17-14:56:02.490404 7fbc2cd30700 Options.compaction_options_fifo.allow_compaction: 0
2019/10/17-14:56:02.490405 7fbc2cd30700 Options.compaction_options_fifo.ttl: 0
2019/10/17-14:56:02.490406 7fbc2cd30700                   Options.table_properties_collectors: 
2019/10/17-14:56:02.490406 7fbc2cd30700                   Options.inplace_update_support: 0
2019/10/17-14:56:02.490407 7fbc2cd30700                 Options.inplace_update_num_locks: 10000
2019/10/17-14:56:02.490408 7fbc2cd30700               Options.memtable_prefix_bloom_size_ratio: 0.000000
2019/10/17-14:56:02.490409 7fbc2cd30700   Options.memtable_huge_page_size: 0
2019/10/17-14:56:02.490410 7fbc2cd30700                           Options.bloom_locality: 0
2019/10/17-14:56:02.490410 7fbc2cd30700                    Options.max_successive_merges: 0
2019/10/17-14:56:02.490411 7fbc2cd30700                Options.optimize_filters_for_hits: 0
2019/10/17-14:56:02.490412 7fbc2cd30700                Options.paranoid_file_checks: 0
2019/10/17-14:56:02.490412 7fbc2cd30700                Options.force_consistency_checks: 0
2019/10/17-14:56:02.490413 7fbc2cd30700                Options.report_bg_io_stats: 0
2019/10/17-14:56:02.490414 7fbc2cd30700                               Options.ttl: 0
2019/10/17-14:56:02.490428 7fbc2cd30700 [db/column_family.cc:472] --------------- Options for column family [entries]:
2019/10/17-14:56:02.490429 7fbc2cd30700               Options.comparator: leveldb.BytewiseComparator
2019/10/17-14:56:02.490430 7fbc2cd30700           Options.merge_operator: None
2019/10/17-14:56:02.490431 7fbc2cd30700        Options.compaction_filter: None
2019/10/17-14:56:02.490431 7fbc2cd30700        Options.compaction_filter_factory: None
2019/10/17-14:56:02.490432 7fbc2cd30700         Options.memtable_factory: SkipListFactory
2019/10/17-14:56:02.490433 7fbc2cd30700            Options.table_factory: BlockBasedTable
2019/10/17-14:56:02.490441 7fbc2cd30700            table_factory options:   flush_block_policy_factory: FlushBlockBySizePolicyFactory (0x7fbbb80de360)
  cache_index_and_filter_blocks: 0
  cache_index_and_filter_blocks_with_high_priority: 0
  pin_l0_filter_and_index_blocks_in_cache: 0
  pin_top_level_index_and_filter: 1
  index_type: 0
  hash_index_allow_collision: 1
  checksum: 1
  no_block_cache: 0
  block_cache: 0x7fbbb80f9500
  block_cache_name: LRUCache
  block_cache_options:
    capacity : 8388608
    num_shard_bits : 4
    strict_capacity_limit : 0
    memory_allocator : None
    high_pri_pool_ratio: 0.000
  block_cache_compressed: (nil)
  persistent_cache: (nil)
  block_size: 4096
  block_size_deviation: 10
  block_restart_interval: 16
  index_block_restart_interval: 1
  metadata_block_size: 4096
  partition_filters: 0
  use_delta_encoding: 1
  filter_policy: nullptr
  whole_key_filtering: 1
  verify_compression: 0
  read_amp_bytes_per_bit: 0
  format_version: 2
  enable_index_compression: 1
  block_align: 0
2019/10/17-14:56:02.490447 7fbc2cd30700        Options.write_buffer_size: 67108864
2019/10/17-14:56:02.490448 7fbc2cd30700  Options.max_write_buffer_number: 2
2019/10/17-14:56:02.490448 7fbc2cd30700          Options.compression: NoCompression
2019/10/17-14:56:02.490449 7fbc2cd30700                  Options.bottommost_compression: Disabled
2019/10/17-14:56:02.490450 7fbc2cd30700       Options.prefix_extractor: nullptr
2019/10/17-14:56:02.490451 7fbc2cd30700   Options.memtable_insert_with_hint_prefix_extractor: nullptr
2019/10/17-14:56:02.490451 7fbc2cd30700             Options.num_levels: 7
2019/10/17-14:56:02.490452 7fbc2cd30700        Options.min_write_buffer_number_to_merge: 1
2019/10/17-14:56:02.490453 7fbc2cd30700     Options.max_write_buffer_number_to_maintain: 0
2019/10/17-14:56:02.490453 7fbc2cd30700            Options.bottommost_compression_opts.window_bits: -14
2019/10/17-14:56:02.490454 7fbc2cd30700                  Options.bottommost_compression_opts.level: 32767
2019/10/17-14:56:02.490455 7fbc2cd30700               Options.bottommost_compression_opts.strategy: 0
2019/10/17-14:56:02.490455 7fbc2cd30700         Options.bottommost_compression_opts.max_dict_bytes: 0
2019/10/17-14:56:02.490456 7fbc2cd30700         Options.bottommost_compression_opts.zstd_max_train_bytes: 0
2019/10/17-14:56:02.490457 7fbc2cd30700                  Options.bottommost_compression_opts.enabled: false
2019/10/17-14:56:02.490457 7fbc2cd30700            Options.compression_opts.window_bits: -14
2019/10/17-14:56:02.490458 7fbc2cd30700                  Options.compression_opts.level: 32767
2019/10/17-14:56:02.490459 7fbc2cd30700               Options.compression_opts.strategy: 0
2019/10/17-14:56:02.490459 7fbc2cd30700         Options.compression_opts.max_dict_bytes: 0
2019/10/17-14:56:02.490460 7fbc2cd30700         Options.compression_opts.zstd_max_train_bytes: 0
2019/10/17-14:56:02.490461 7fbc2cd30700                  Options.compression_opts.enabled: false
2019/10/17-14:56:02.490461 7fbc2cd30700      Options.level0_file_num_compaction_trigger: 4
2019/10/17-14:56:02.490462 7fbc2cd30700          Options.level0_slowdown_writes_trigger: 20
2019/10/17-14:56:02.490463 7fbc2cd30700              Options.level0_stop_writes_trigger: 36
2019/10/17-14:56:02.490463 7fbc2cd30700                   Options.target_file_size_base: 67108864
2019/10/17-14:56:02.490464 7fbc2cd30700             Options.target_file_size_multiplier: 1
2019/10/17-14:56:02.490465 7fbc2cd30700                Options.max_bytes_for_level_base: 268435456
2019/10/17-14:56:02.490465 7fbc2cd30700 Options.level_compaction_dynamic_level_bytes: 0
2019/10/17-14:56:02.490466 7fbc2cd30700          Options.max_bytes_for_level_multiplier: 10.000000
2019/10/17-14:56:02.490467 7fbc2cd30700 Options.max_bytes_for_level_multiplier_addtl[0]: 1
2019/10/17-14:56:02.490468 7fbc2cd30700 Options.max_bytes_for_level_multiplier_addtl[1]: 1
2019/10/17-14:56:02.490469 7fbc2cd30700 Options.max_bytes_for_level_multiplier_addtl[2]: 1
2019/10/17-14:56:02.490470 7fbc2cd30700 Options.max_bytes_for_level_multiplier_addtl[3]: 1
2019/10/17-14:56:02.490470 7fbc2cd30700 Options.max_bytes_for_level_multiplier_addtl[4]: 1
2019/10/17-14:56:02.490471 7fbc2cd30700 Options.max_bytes_for_level_multiplier_addtl[5]: 1
2019/10/17-14:56:02.490472 7fbc2cd30700 Options.max_bytes_for_level_multiplier_addtl[6]: 1
2019/10/17-14:56:02.490472 7fbc2cd30700       Options.max_sequential_skip_in_iterations: 8
2019/10/17-14:56:02.490473 7fbc2cd30700                    Options.max_compaction_bytes: 1677721600
2019/10/17-14:56:02.490474 7fbc2cd30700                        Options.arena_block_size: 8388608
2019/10/17-14:56:02.490474 7fbc2cd30700   Options.soft_pending_compaction_bytes_limit: 68719476736
2019/10/17-14:56:02.490478 7fbc2cd30700   Options.hard_pending_compaction_bytes_limit: 274877906944
2019/10/17-14:56:02.490479 7fbc2cd30700       Options.rate_limit_delay_max_milliseconds: 100
2019/10/17-14:56:02.490480 7fbc2cd30700                Options.disable_auto_compactions: 0
2019/10/17-14:56:02.490481 7fbc2cd30700                        Options.compaction_style: kCompactionStyleLevel
2019/10/17-14:56:02.490482 7fbc2cd30700                          Options.compaction_pri: kByCompensatedSize
2019/10/17-14:56:02.490483 7fbc2cd30700 Options.compaction_options_universal.size_ratio: 1
2019/10/17-14:56:02.490483 7fbc2cd30700 Options.compaction_options_universal.min_merge_width: 2
2019/10/17-14:56:02.490484 7fbc2cd30700 Options.compaction_options_universal.max_merge_width: 4294967295
2019/10/17-14:56:02.490485 7fbc2cd30700 Options.compaction_options_universal.max_size_amplification_percent: 200
2019/10/17-14:56:02.490485 7fbc2cd30700 Options.compaction_options_universal.compression_size_percent: -1
2019/10/17-14:56:02.490486 7fbc2cd30700 Options.compaction_options_universal.stop_style: kCompactionStopStyleTotalSize
2019/10/17-14:56:02.490487 7fbc2cd30700 Options.compaction_options_fifo.max_table_files_size: 1073741824
2019/10/17-14:56:02.490487 7fbc2cd30700 Options.compaction_options_fifo.allow_compaction: 0
2019/10/17-14:56:02.490488 7fbc2cd30700 Options.compaction_options_fifo.ttl: 0
2019/10/17-14:56:02.490489 7fbc2cd30700                   Options.table_properties_collectors: 
2019/10/17-14:56:02.490489 7fbc2cd30700                   Options.inplace_update_support: 0
2019/10/17-14:56:02.490490 7fbc2cd30700                 Options.inplace_update_num_locks: 10000
2019/10/17-14:56:02.490491 7fbc2cd30700               Options.memtable_prefix_bloom_size_ratio: 0.000000
2019/10/17-14:56:02.490492 7fbc2cd30700   Options.memtable_huge_page_size: 0
2019/10/17-14:56:02.490492 7fbc2cd30700                           Options.bloom_locality: 0
2019/10/17-14:56:02.490493 7fbc2cd30700                    Options.max_successive_merges: 0
2019/10/17-14:56:02.490494 7fbc2cd30700                Options.optimize_filters_for_hits: 0
2019/10/17-14:56:02.490495 7fbc2cd30700                Options.paranoid_file_checks: 0
2019/10/17-14:56:02.490495 7fbc2cd30700                Options.force_consistency_checks: 0
2019/10/17-14:56:02.490496 7fbc2cd30700                Options.report_bg_io_stats: 0
2019/10/17-14:56:02.490497 7fbc2cd30700                               Options.ttl: 0
2019/10/17-14:56:02.490509 7fbc2cd30700 [db/column_family.cc:472] --------------- Options for column family [dc_entries]:
2019/10/17-14:56:02.490511 7fbc2cd30700               Options.comparator: leveldb.BytewiseComparator
2019/10/17-14:56:02.490511 7fbc2cd30700           Options.merge_operator: None
2019/10/17-14:56:02.490512 7fbc2cd30700        Options.compaction_filter: None
2019/10/17-14:56:02.490513 7fbc2cd30700        Options.compaction_filter_factory: None
2019/10/17-14:56:02.490513 7fbc2cd30700         Options.memtable_factory: SkipListFactory
2019/10/17-14:56:02.490514 7fbc2cd30700            Options.table_factory: BlockBasedTable
2019/10/17-14:56:02.490522 7fbc2cd30700            table_factory options:   flush_block_policy_factory: FlushBlockBySizePolicyFactory (0x7fbbb80edfb0)
  cache_index_and_filter_blocks: 0
  cache_index_and_filter_blocks_with_high_priority: 0
  pin_l0_filter_and_index_blocks_in_cache: 0
  pin_top_level_index_and_filter: 1
  index_type: 0
  hash_index_allow_collision: 1
  checksum: 1
  no_block_cache: 0
  block_cache: 0x7fbbb80ee4c0
  block_cache_name: LRUCache
  block_cache_options:
    capacity : 8388608
    num_shard_bits : 4
    strict_capacity_limit : 0
    memory_allocator : None
    high_pri_pool_ratio: 0.000
  block_cache_compressed: (nil)
  persistent_cache: (nil)
  block_size: 4096
  block_size_deviation: 10
  block_restart_interval: 16
  index_block_restart_interval: 1
  metadata_block_size: 4096
  partition_filters: 0
  use_delta_encoding: 1
  filter_policy: nullptr
  whole_key_filtering: 1
  verify_compression: 0
  read_amp_bytes_per_bit: 0
  format_version: 2
  enable_index_compression: 1
  block_align: 0
2019/10/17-14:56:02.490528 7fbc2cd30700        Options.write_buffer_size: 67108864
2019/10/17-14:56:02.490528 7fbc2cd30700  Options.max_write_buffer_number: 2
2019/10/17-14:56:02.490529 7fbc2cd30700          Options.compression: NoCompression
2019/10/17-14:56:02.490530 7fbc2cd30700                  Options.bottommost_compression: Disabled
2019/10/17-14:56:02.490531 7fbc2cd30700       Options.prefix_extractor: nullptr
2019/10/17-14:56:02.490531 7fbc2cd30700   Options.memtable_insert_with_hint_prefix_extractor: nullptr
2019/10/17-14:56:02.490532 7fbc2cd30700             Options.num_levels: 7
2019/10/17-14:56:02.490533 7fbc2cd30700        Options.min_write_buffer_number_to_merge: 1
2019/10/17-14:56:02.490533 7fbc2cd30700     Options.max_write_buffer_number_to_maintain: 0
2019/10/17-14:56:02.490534 7fbc2cd30700            Options.bottommost_compression_opts.window_bits: -14
2019/10/17-14:56:02.490535 7fbc2cd30700                  Options.bottommost_compression_opts.level: 32767
2019/10/17-14:56:02.490535 7fbc2cd30700               Options.bottommost_compression_opts.strategy: 0
2019/10/17-14:56:02.490536 7fbc2cd30700         Options.bottommost_compression_opts.max_dict_bytes: 0
2019/10/17-14:56:02.490537 7fbc2cd30700         Options.bottommost_compression_opts.zstd_max_train_bytes: 0
2019/10/17-14:56:02.490537 7fbc2cd30700                  Options.bottommost_compression_opts.enabled: false
2019/10/17-14:56:02.490538 7fbc2cd30700            Options.compression_opts.window_bits: -14
2019/10/17-14:56:02.490539 7fbc2cd30700                  Options.compression_opts.level: 32767
2019/10/17-14:56:02.490539 7fbc2cd30700               Options.compression_opts.strategy: 0
2019/10/17-14:56:02.490540 7fbc2cd30700         Options.compression_opts.max_dict_bytes: 0
2019/10/17-14:56:02.490541 7fbc2cd30700         Options.compression_opts.zstd_max_train_bytes: 0
2019/10/17-14:56:02.490541 7fbc2cd30700                  Options.compression_opts.enabled: false
2019/10/17-14:56:02.490542 7fbc2cd30700      Options.level0_file_num_compaction_trigger: 4
2019/10/17-14:56:02.490543 7fbc2cd30700          Options.level0_slowdown_writes_trigger: 20
2019/10/17-14:56:02.490543 7fbc2cd30700              Options.level0_stop_writes_trigger: 36
2019/10/17-14:56:02.490544 7fbc2cd30700                   Options.target_file_size_base: 67108864
2019/10/17-14:56:02.490545 7fbc2cd30700             Options.target_file_size_multiplier: 1
2019/10/17-14:56:02.490546 7fbc2cd30700                Options.max_bytes_for_level_base: 268435456
2019/10/17-14:56:02.490546 7fbc2cd30700 Options.level_compaction_dynamic_level_bytes: 0
2019/10/17-14:56:02.490547 7fbc2cd30700          Options.max_bytes_for_level_multiplier: 10.000000
2019/10/17-14:56:02.490548 7fbc2cd30700 Options.max_bytes_for_level_multiplier_addtl[0]: 1
2019/10/17-14:56:02.490549 7fbc2cd30700 Options.max_bytes_for_level_multiplier_addtl[1]: 1
2019/10/17-14:56:02.490549 7fbc2cd30700 Options.max_bytes_for_level_multiplier_addtl[2]: 1
2019/10/17-14:56:02.490550 7fbc2cd30700 Options.max_bytes_for_level_multiplier_addtl[3]: 1
2019/10/17-14:56:02.490551 7fbc2cd30700 Options.max_bytes_for_level_multiplier_addtl[4]: 1
2019/10/17-14:56:02.490552 7fbc2cd30700 Options.max_bytes_for_level_multiplier_addtl[5]: 1
2019/10/17-14:56:02.490552 7fbc2cd30700 Options.max_bytes_for_level_multiplier_addtl[6]: 1
2019/10/17-14:56:02.490553 7fbc2cd30700       Options.max_sequential_skip_in_iterations: 8
2019/10/17-14:56:02.490554 7fbc2cd30700                    Options.max_compaction_bytes: 1677721600
2019/10/17-14:56:02.490554 7fbc2cd30700                        Options.arena_block_size: 8388608
2019/10/17-14:56:02.490555 7fbc2cd30700   Options.soft_pending_compaction_bytes_limit: 68719476736
2019/10/17-14:56:02.490556 7fbc2cd30700   Options.hard_pending_compaction_bytes_limit: 274877906944
2019/10/17-14:56:02.490556 7fbc2cd30700       Options.rate_limit_delay_max_milliseconds: 100
2019/10/17-14:56:02.490557 7fbc2cd30700                Options.disable_auto_compactions: 0
2019/10/17-14:56:02.490561 7fbc2cd30700                        Options.compaction_style: kCompactionStyleLevel
2019/10/17-14:56:02.490562 7fbc2cd30700                          Options.compaction_pri: kByCompensatedSize
2019/10/17-14:56:02.490563 7fbc2cd30700 Options.compaction_options_universal.size_ratio: 1
2019/10/17-14:56:02.490563 7fbc2cd30700 Options.compaction_options_universal.min_merge_width: 2
2019/10/17-14:56:02.490564 7fbc2cd30700 Options.compaction_options_universal.max_merge_width: 4294967295
2019/10/17-14:56:02.490565 7fbc2cd30700 Options.compaction_options_universal.max_size_amplification_percent: 200
2019/10/17-14:56:02.490565 7fbc2cd30700 Options.compaction_options_universal.compression_size_percent: -1
2019/10/17-14:56:02.490566 7fbc2cd30700 Options.compaction_options_universal.stop_style: kCompactionStopStyleTotalSize
2019/10/17-14:56:02.490567 7fbc2cd30700 Options.compaction_options_fifo.max_table_files_size: 1073741824
2019/10/17-14:56:02.490568 7fbc2cd30700 Options.compaction_options_fifo.allow_compaction: 0
2019/10/17-14:56:02.490568 7fbc2cd30700 Options.compaction_options_fifo.ttl: 0
2019/10/17-14:56:02.490569 7fbc2cd30700                   Options.table_properties_collectors: 
2019/10/17-14:56:02.490570 7fbc2cd30700                   Options.inplace_update_support: 0
2019/10/17-14:56:02.490571 7fbc2cd30700                 Options.inplace_update_num_locks: 10000
2019/10/17-14:56:02.490571 7fbc2cd30700               Options.memtable_prefix_bloom_size_ratio: 0.000000
2019/10/17-14:56:02.490572 7fbc2cd30700   Options.memtable_huge_page_size: 0
2019/10/17-14:56:02.490573 7fbc2cd30700                           Options.bloom_locality: 0
2019/10/17-14:56:02.490574 7fbc2cd30700                    Options.max_successive_merges: 0
2019/10/17-14:56:02.490574 7fbc2cd30700                Options.optimize_filters_for_hits: 0
2019/10/17-14:56:02.490575 7fbc2cd30700                Options.paranoid_file_checks: 0
2019/10/17-14:56:02.490576 7fbc2cd30700                Options.force_consistency_checks: 0
2019/10/17-14:56:02.490576 7fbc2cd30700                Options.report_bg_io_stats: 0
2019/10/17-14:56:02.490577 7fbc2cd30700                               Options.ttl: 0
2019/10/17-14:56:02.490588 7fbc2cd30700 [db/column_family.cc:472] --------------- Options for column family [htlcs]:
2019/10/17-14:56:02.490589 7fbc2cd30700               Options.comparator: leveldb.BytewiseComparator
2019/10/17-14:56:02.490589 7fbc2cd30700           Options.merge_operator: None
2019/10/17-14:56:02.490590 7fbc2cd30700        Options.compaction_filter: None
2019/10/17-14:56:02.490591 7fbc2cd30700        Options.compaction_filter_factory: None
2019/10/17-14:56:02.490592 7fbc2cd30700         Options.memtable_factory: SkipListFactory
2019/10/17-14:56:02.490592 7fbc2cd30700            Options.table_factory: BlockBasedTable
2019/10/17-14:56:02.490600 7fbc2cd30700            table_factory options:   flush_block_policy_factory: FlushBlockBySizePolicyFactory (0x7fbbb808a1a0)
