2019/10/17-14:56:04.920379 7fbc2cd30700 RocksDB version: 5.18.3
2019/10/17-14:56:04.920406 7fbc2cd30700 Git sha rocksdb_build_git_sha:@0@
2019/10/17-14:56:04.920408 7fbc2cd30700 Compile date Sep 19 2019
2019/10/17-14:56:04.920409 7fbc2cd30700 DB SUMMARY
2019/10/17-14:56:04.920961 7fbc2cd30700 CURRENT file:  CURRENT
2019/10/17-14:56:04.920962 7fbc2cd30700 IDENTITY file:  IDENTITY
2019/10/17-14:56:04.920985 7fbc2cd30700 MANIFEST file:  MANIFEST-116752 size: 4114 Bytes
2019/10/17-14:56:04.920987 7fbc2cd30700 SST files in /home/rahul/dev/blockchain-core/eqc/ledger.db dir, Total Num: 29, files: 000624.sst 000627.sst 106940.sst 108447.sst 108450.sst 109471.sst 109483.sst 109485.sst 109486.sst 
2019/10/17-14:56:04.920988 7fbc2cd30700 Write Ahead Log file in /home/rahul/dev/blockchain-core/eqc/ledger.db: 116753.log size: 0 ; 
2019/10/17-14:56:04.921014 7fbc2cd30700                         Options.error_if_exists: 0
2019/10/17-14:56:04.921015 7fbc2cd30700                       Options.create_if_missing: 1
2019/10/17-14:56:04.921016 7fbc2cd30700                         Options.paranoid_checks: 1
2019/10/17-14:56:04.921017 7fbc2cd30700                                     Options.env: 0x7fbbafa7bc60
2019/10/17-14:56:04.921017 7fbc2cd30700                                Options.info_log: 0x7fbbb80d7110
2019/10/17-14:56:04.921018 7fbc2cd30700                Options.max_file_opening_threads: 16
2019/10/17-14:56:04.921019 7fbc2cd30700                              Options.statistics: (nil)
2019/10/17-14:56:04.921019 7fbc2cd30700                               Options.use_fsync: 0
2019/10/17-14:56:04.921020 7fbc2cd30700                       Options.max_log_file_size: 0
2019/10/17-14:56:04.921021 7fbc2cd30700                  Options.max_manifest_file_size: 1073741824
2019/10/17-14:56:04.921021 7fbc2cd30700                   Options.log_file_time_to_roll: 0
2019/10/17-14:56:04.921022 7fbc2cd30700                       Options.keep_log_file_num: 1000
2019/10/17-14:56:04.921023 7fbc2cd30700                    Options.recycle_log_file_num: 0
2019/10/17-14:56:04.921023 7fbc2cd30700                         Options.allow_fallocate: 1
2019/10/17-14:56:04.921024 7fbc2cd30700                        Options.allow_mmap_reads: 0
2019/10/17-14:56:04.921024 7fbc2cd30700                       Options.allow_mmap_writes: 0
2019/10/17-14:56:04.921025 7fbc2cd30700                        Options.use_direct_reads: 0
2019/10/17-14:56:04.921025 7fbc2cd30700                        Options.use_direct_io_for_flush_and_compaction: 0
2019/10/17-14:56:04.921026 7fbc2cd30700          Options.create_missing_column_families: 0
2019/10/17-14:56:04.921027 7fbc2cd30700                              Options.db_log_dir: 
2019/10/17-14:56:04.921027 7fbc2cd30700                                 Options.wal_dir: /home/rahul/dev/blockchain-core/eqc/ledger.db
2019/10/17-14:56:04.921028 7fbc2cd30700                Options.table_cache_numshardbits: 6
2019/10/17-14:56:04.921028 7fbc2cd30700                      Options.max_subcompactions: 1
2019/10/17-14:56:04.921029 7fbc2cd30700                  Options.max_background_flushes: -1
2019/10/17-14:56:04.921030 7fbc2cd30700                         Options.WAL_ttl_seconds: 0
2019/10/17-14:56:04.921030 7fbc2cd30700                       Options.WAL_size_limit_MB: 0
2019/10/17-14:56:04.921031 7fbc2cd30700             Options.manifest_preallocation_size: 4194304
2019/10/17-14:56:04.921032 7fbc2cd30700                     Options.is_fd_close_on_exec: 1
2019/10/17-14:56:04.921032 7fbc2cd30700                   Options.advise_random_on_open: 1
2019/10/17-14:56:04.921033 7fbc2cd30700                    Options.db_write_buffer_size: 0
2019/10/17-14:56:04.921033 7fbc2cd30700                    Options.write_buffer_manager: 0x7fbbb80fbc10
2019/10/17-14:56:04.921034 7fbc2cd30700         Options.access_hint_on_compaction_start: 1
2019/10/17-14:56:04.921035 7fbc2cd30700  Options.new_table_reader_for_compaction_inputs: 0
2019/10/17-14:56:04.921035 7fbc2cd30700           Options.random_access_max_buffer_size: 1048576
2019/10/17-14:56:04.921036 7fbc2cd30700                      Options.use_adaptive_mutex: 0
2019/10/17-14:56:04.921036 7fbc2cd30700                            Options.rate_limiter: (nil)
2019/10/17-14:56:04.921044 7fbc2cd30700     Options.sst_file_manager.rate_bytes_per_sec: 0
2019/10/17-14:56:04.921044 7fbc2cd30700                       Options.wal_recovery_mode: 2
2019/10/17-14:56:04.921045 7fbc2cd30700                  Options.enable_thread_tracking: 0
2019/10/17-14:56:04.921046 7fbc2cd30700                  Options.enable_pipelined_write: 0
2019/10/17-14:56:04.921046 7fbc2cd30700         Options.allow_concurrent_memtable_write: 1
2019/10/17-14:56:04.921047 7fbc2cd30700      Options.enable_write_thread_adaptive_yield: 1
2019/10/17-14:56:04.921047 7fbc2cd30700             Options.write_thread_max_yield_usec: 100
2019/10/17-14:56:04.921048 7fbc2cd30700            Options.write_thread_slow_yield_usec: 3
2019/10/17-14:56:04.921049 7fbc2cd30700                               Options.row_cache: None
2019/10/17-14:56:04.921049 7fbc2cd30700                              Options.wal_filter: None
2019/10/17-14:56:04.921050 7fbc2cd30700             Options.avoid_flush_during_recovery: 0
2019/10/17-14:56:04.921051 7fbc2cd30700             Options.allow_ingest_behind: 0
2019/10/17-14:56:04.921051 7fbc2cd30700             Options.preserve_deletes: 0
2019/10/17-14:56:04.921052 7fbc2cd30700             Options.two_write_queues: 0
2019/10/17-14:56:04.921052 7fbc2cd30700             Options.manual_wal_flush: 0
2019/10/17-14:56:04.921053 7fbc2cd30700             Options.max_background_jobs: 2
2019/10/17-14:56:04.921053 7fbc2cd30700             Options.max_background_compactions: -1
2019/10/17-14:56:04.921054 7fbc2cd30700             Options.avoid_flush_during_shutdown: 0
2019/10/17-14:56:04.921055 7fbc2cd30700           Options.writable_file_max_buffer_size: 1048576
2019/10/17-14:56:04.921055 7fbc2cd30700             Options.delayed_write_rate : 16777216
2019/10/17-14:56:04.921056 7fbc2cd30700             Options.max_total_wal_size: 0
2019/10/17-14:56:04.921057 7fbc2cd30700             Options.delete_obsolete_files_period_micros: 21600000000
2019/10/17-14:56:04.921057 7fbc2cd30700                   Options.stats_dump_period_sec: 600
2019/10/17-14:56:04.921058 7fbc2cd30700                          Options.max_open_files: -1
2019/10/17-14:56:04.921058 7fbc2cd30700                          Options.bytes_per_sync: 0
2019/10/17-14:56:04.921059 7fbc2cd30700                      Options.wal_bytes_per_sync: 0
2019/10/17-14:56:04.921060 7fbc2cd30700       Options.compaction_readahead_size: 0
2019/10/17-14:56:04.921060 7fbc2cd30700 Compression algorithms supported:
2019/10/17-14:56:04.921061 7fbc2cd30700 	kZSTDNotFinalCompression supported: 0
2019/10/17-14:56:04.921062 7fbc2cd30700 	kZSTD supported: 0
2019/10/17-14:56:04.921063 7fbc2cd30700 	kXpressCompression supported: 0
2019/10/17-14:56:04.921063 7fbc2cd30700 	kLZ4HCCompression supported: 0
2019/10/17-14:56:04.921064 7fbc2cd30700 	kLZ4Compression supported: 0
2019/10/17-14:56:04.921065 7fbc2cd30700 	kBZip2Compression supported: 0
2019/10/17-14:56:04.921065 7fbc2cd30700 	kZlibCompression supported: 0
2019/10/17-14:56:04.921066 7fbc2cd30700 	kSnappyCompression supported: 0
2019/10/17-14:56:04.921067 7fbc2cd30700 Fast CRC32 supported: Supported on x86
2019/10/17-14:56:04.921141 7fbc2cd30700 [db/version_set.cc:3507] Recovering from manifest file: MANIFEST-116752
2019/10/17-14:56:04.921167 7fbc2cd30700 [db/column_family.cc:472] --------------- Options for column family [default]:
2019/10/17-14:56:04.921168 7fbc2cd30700               Options.comparator: leveldb.BytewiseComparator
2019/10/17-14:56:04.921169 7fbc2cd30700           Options.merge_operator: None
2019/10/17-14:56:04.921170 7fbc2cd30700        Options.compaction_filter: None
2019/10/17-14:56:04.921170 7fbc2cd30700        Options.compaction_filter_factory: None
2019/10/17-14:56:04.921171 7fbc2cd30700         Options.memtable_factory: SkipListFactory
2019/10/17-14:56:04.921172 7fbc2cd30700            Options.table_factory: BlockBasedTable
2019/10/17-14:56:04.921184 7fbc2cd30700            table_factory options:   flush_block_policy_factory: FlushBlockBySizePolicyFactory (0x7fbbb802bfe0)
  cache_index_and_filter_blocks: 0
  cache_index_and_filter_blocks_with_high_priority: 0
  pin_l0_filter_and_index_blocks_in_cache: 0
  pin_top_level_index_and_filter: 1
  index_type: 0
  hash_index_allow_collision: 1
  checksum: 1
  no_block_cache: 0
  block_cache: 0x7fbbb84eb8d0
  block_cache_name: LRUCache
  block_cache_options:
    capacity : 8388608
    num_shard_bits : 4
    strict_capacity_limit : 0
    memory_allocator : None
    high_pri_pool_ratio: 0.000
  block_cache_compressed: (nil)
  persistent_cache: (nil)
  block_size: 4096
  block_size_deviation: 10
  block_restart_interval: 16
  index_block_restart_interval: 1
  metadata_block_size: 4096
  partition_filters: 0
  use_delta_encoding: 1
  filter_policy: nullptr
  whole_key_filtering: 1
  verify_compression: 0
  read_amp_bytes_per_bit: 0
  format_version: 2
  enable_index_compression: 1
  block_align: 0
2019/10/17-14:56:04.921191 7fbc2cd30700        Options.write_buffer_size: 67108864
2019/10/17-14:56:04.921192 7fbc2cd30700  Options.max_write_buffer_number: 2
2019/10/17-14:56:04.921193 7fbc2cd30700          Options.compression: NoCompression
2019/10/17-14:56:04.921193 7fbc2cd30700                  Options.bottommost_compression: Disabled
2019/10/17-14:56:04.921194 7fbc2cd30700       Options.prefix_extractor: nullptr
2019/10/17-14:56:04.921195 7fbc2cd30700   Options.memtable_insert_with_hint_prefix_extractor: nullptr
2019/10/17-14:56:04.921195 7fbc2cd30700             Options.num_levels: 7
2019/10/17-14:56:04.921196 7fbc2cd30700        Options.min_write_buffer_number_to_merge: 1
2019/10/17-14:56:04.921197 7fbc2cd30700     Options.max_write_buffer_number_to_maintain: 0
2019/10/17-14:56:04.921197 7fbc2cd30700            Options.bottommost_compression_opts.window_bits: -14
2019/10/17-14:56:04.921198 7fbc2cd30700                  Options.bottommost_compression_opts.level: 32767
2019/10/17-14:56:04.921198 7fbc2cd30700               Options.bottommost_compression_opts.strategy: 0
2019/10/17-14:56:04.921199 7fbc2cd30700         Options.bottommost_compression_opts.max_dict_bytes: 0
2019/10/17-14:56:04.921200 7fbc2cd30700         Options.bottommost_compression_opts.zstd_max_train_bytes: 0
2019/10/17-14:56:04.921200 7fbc2cd30700                  Options.bottommost_compression_opts.enabled: false
2019/10/17-14:56:04.921201 7fbc2cd30700            Options.compression_opts.window_bits: -14
2019/10/17-14:56:04.921201 7fbc2cd30700                  Options.compression_opts.level: 32767
2019/10/17-14:56:04.921202 7fbc2cd30700               Options.compression_opts.strategy: 0
2019/10/17-14:56:04.921203 7fbc2cd30700         Options.compression_opts.max_dict_bytes: 0
2019/10/17-14:56:04.921203 7fbc2cd30700         Options.compression_opts.zstd_max_train_bytes: 0
2019/10/17-14:56:04.921204 7fbc2cd30700                  Options.compression_opts.enabled: false
2019/10/17-14:56:04.921204 7fbc2cd30700      Options.level0_file_num_compaction_trigger: 4
2019/10/17-14:56:04.921205 7fbc2cd30700          Options.level0_slowdown_writes_trigger: 20
2019/10/17-14:56:04.921205 7fbc2cd30700              Options.level0_stop_writes_trigger: 36
2019/10/17-14:56:04.921206 7fbc2cd30700                   Options.target_file_size_base: 67108864
2019/10/17-14:56:04.921207 7fbc2cd30700             Options.target_file_size_multiplier: 1
2019/10/17-14:56:04.921207 7fbc2cd30700                Options.max_bytes_for_level_base: 268435456
2019/10/17-14:56:04.921208 7fbc2cd30700 Options.level_compaction_dynamic_level_bytes: 0
2019/10/17-14:56:04.921208 7fbc2cd30700          Options.max_bytes_for_level_multiplier: 10.000000
2019/10/17-14:56:04.921210 7fbc2cd30700 Options.max_bytes_for_level_multiplier_addtl[0]: 1
2019/10/17-14:56:04.921211 7fbc2cd30700 Options.max_bytes_for_level_multiplier_addtl[1]: 1
2019/10/17-14:56:04.921212 7fbc2cd30700 Options.max_bytes_for_level_multiplier_addtl[2]: 1
2019/10/17-14:56:04.921212 7fbc2cd30700 Options.max_bytes_for_level_multiplier_addtl[3]: 1
2019/10/17-14:56:04.921213 7fbc2cd30700 Options.max_bytes_for_level_multiplier_addtl[4]: 1
2019/10/17-14:56:04.921216 7fbc2cd30700 Options.max_bytes_for_level_multiplier_addtl[5]: 1
2019/10/17-14:56:04.921217 7fbc2cd30700 Options.max_bytes_for_level_multiplier_addtl[6]: 1
2019/10/17-14:56:04.921218 7fbc2cd30700       Options.max_sequential_skip_in_iterations: 8
2019/10/17-14:56:04.921218 7fbc2cd30700                    Options.max_compaction_bytes: 1677721600
2019/10/17-14:56:04.921219 7fbc2cd30700                        Options.arena_block_size: 8388608
2019/10/17-14:56:04.921220 7fbc2cd30700   Options.soft_pending_compaction_bytes_limit: 68719476736
2019/10/17-14:56:04.921220 7fbc2cd30700   Options.hard_pending_compaction_bytes_limit: 274877906944
2019/10/17-14:56:04.921221 7fbc2cd30700       Options.rate_limit_delay_max_milliseconds: 100
2019/10/17-14:56:04.921222 7fbc2cd30700                Options.disable_auto_compactions: 0
2019/10/17-14:56:04.921223 7fbc2cd30700                        Options.compaction_style: kCompactionStyleLevel
2019/10/17-14:56:04.921224 7fbc2cd30700                          Options.compaction_pri: kByCompensatedSize
2019/10/17-14:56:04.921224 7fbc2cd30700 Options.compaction_options_universal.size_ratio: 1
2019/10/17-14:56:04.921225 7fbc2cd30700 Options.compaction_options_universal.min_merge_width: 2
2019/10/17-14:56:04.921226 7fbc2cd30700 Options.compaction_options_universal.max_merge_width: 4294967295
2019/10/17-14:56:04.921226 7fbc2cd30700 Options.compaction_options_universal.max_size_amplification_percent: 200
2019/10/17-14:56:04.921227 7fbc2cd30700 Options.compaction_options_universal.compression_size_percent: -1
2019/10/17-14:56:04.921228 7fbc2cd30700 Options.compaction_options_universal.stop_style: kCompactionStopStyleTotalSize
2019/10/17-14:56:04.921228 7fbc2cd30700 Options.compaction_options_fifo.max_table_files_size: 1073741824
2019/10/17-14:56:04.921229 7fbc2cd30700 Options.compaction_options_fifo.allow_compaction: 0
2019/10/17-14:56:04.921230 7fbc2cd30700 Options.compaction_options_fifo.ttl: 0
2019/10/17-14:56:04.921230 7fbc2cd30700                   Options.table_properties_collectors: 
2019/10/17-14:56:04.921231 7fbc2cd30700                   Options.inplace_update_support: 0
2019/10/17-14:56:04.921231 7fbc2cd30700                 Options.inplace_update_num_locks: 10000
2019/10/17-14:56:04.921232 7fbc2cd30700               Options.memtable_prefix_bloom_size_ratio: 0.000000
2019/10/17-14:56:04.921233 7fbc2cd30700   Options.memtable_huge_page_size: 0
2019/10/17-14:56:04.921247 7fbc2cd30700                           Options.bloom_locality: 0
2019/10/17-14:56:04.921248 7fbc2cd30700                    Options.max_successive_merges: 0
2019/10/17-14:56:04.921248 7fbc2cd30700                Options.optimize_filters_for_hits: 0
2019/10/17-14:56:04.921249 7fbc2cd30700                Options.paranoid_file_checks: 0
2019/10/17-14:56:04.921250 7fbc2cd30700                Options.force_consistency_checks: 0
2019/10/17-14:56:04.921250 7fbc2cd30700                Options.report_bg_io_stats: 0
2019/10/17-14:56:04.921251 7fbc2cd30700                               Options.ttl: 0
2019/10/17-14:56:04.921272 7fbc2cd30700 [db/column_family.cc:472] --------------- Options for column family [active_gateways]:
2019/10/17-14:56:04.921273 7fbc2cd30700               Options.comparator: leveldb.BytewiseComparator
2019/10/17-14:56:04.921274 7fbc2cd30700           Options.merge_operator: None
2019/10/17-14:56:04.921274 7fbc2cd30700        Options.compaction_filter: None
2019/10/17-14:56:04.921275 7fbc2cd30700        Options.compaction_filter_factory: None
2019/10/17-14:56:04.921275 7fbc2cd30700         Options.memtable_factory: SkipListFactory
2019/10/17-14:56:04.921276 7fbc2cd30700            Options.table_factory: BlockBasedTable
2019/10/17-14:56:04.921284 7fbc2cd30700            table_factory options:   flush_block_policy_factory: FlushBlockBySizePolicyFactory (0x7fbbb80224e0)
  cache_index_and_filter_blocks: 0
  cache_index_and_filter_blocks_with_high_priority: 0
  pin_l0_filter_and_index_blocks_in_cache: 0
  pin_top_level_index_and_filter: 1
  index_type: 0
  hash_index_allow_collision: 1
  checksum: 1
  no_block_cache: 0
  block_cache: 0x7fbbb8038170
  block_cache_name: LRUCache
  block_cache_options:
    capacity : 8388608
    num_shard_bits : 4
    strict_capacity_limit : 0
    memory_allocator : None
    high_pri_pool_ratio: 0.000
  block_cache_compressed: (nil)
  persistent_cache: (nil)
  block_size: 4096
  block_size_deviation: 10
  block_restart_interval: 16
  index_block_restart_interval: 1
  metadata_block_size: 4096
  partition_filters: 0
  use_delta_encoding: 1
  filter_policy: nullptr
  whole_key_filtering: 1
  verify_compression: 0
  read_amp_bytes_per_bit: 0
  format_version: 2
  enable_index_compression: 1
  block_align: 0
2019/10/17-14:56:04.921289 7fbc2cd30700        Options.write_buffer_size: 67108864
2019/10/17-14:56:04.921290 7fbc2cd30700  Options.max_write_buffer_number: 2
2019/10/17-14:56:04.921291 7fbc2cd30700          Options.compression: NoCompression
2019/10/17-14:56:04.921291 7fbc2cd30700                  Options.bottommost_compression: Disabled
2019/10/17-14:56:04.921292 7fbc2cd30700       Options.prefix_extractor: nullptr
2019/10/17-14:56:04.921292 7fbc2cd30700   Options.memtable_insert_with_hint_prefix_extractor: nullptr
2019/10/17-14:56:04.921293 7fbc2cd30700             Options.num_levels: 7
2019/10/17-14:56:04.921294 7fbc2cd30700        Options.min_write_buffer_number_to_merge: 1
2019/10/17-14:56:04.921294 7fbc2cd30700     Options.max_write_buffer_number_to_maintain: 0
2019/10/17-14:56:04.921295 7fbc2cd30700            Options.bottommost_compression_opts.window_bits: -14
2019/10/17-14:56:04.921295 7fbc2cd30700                  Options.bottommost_compression_opts.level: 32767
2019/10/17-14:56:04.921296 7fbc2cd30700               Options.bottommost_compression_opts.strategy: 0
2019/10/17-14:56:04.921296 7fbc2cd30700         Options.bottommost_compression_opts.max_dict_bytes: 0
2019/10/17-14:56:04.921297 7fbc2cd30700         Options.bottommost_compression_opts.zstd_max_train_bytes: 0
2019/10/17-14:56:04.921298 7fbc2cd30700                  Options.bottommost_compression_opts.enabled: false
2019/10/17-14:56:04.921298 7fbc2cd30700            Options.compression_opts.window_bits: -14
2019/10/17-14:56:04.921299 7fbc2cd30700                  Options.compression_opts.level: 32767
2019/10/17-14:56:04.921299 7fbc2cd30700               Options.compression_opts.strategy: 0
2019/10/17-14:56:04.921300 7fbc2cd30700         Options.compression_opts.max_dict_bytes: 0
2019/10/17-14:56:04.921300 7fbc2cd30700         Options.compression_opts.zstd_max_train_bytes: 0
2019/10/17-14:56:04.921301 7fbc2cd30700                  Options.compression_opts.enabled: false
2019/10/17-14:56:04.921302 7fbc2cd30700      Options.level0_file_num_compaction_trigger: 4
2019/10/17-14:56:04.921302 7fbc2cd30700          Options.level0_slowdown_writes_trigger: 20
2019/10/17-14:56:04.921303 7fbc2cd30700              Options.level0_stop_writes_trigger: 36
2019/10/17-14:56:04.921303 7fbc2cd30700                   Options.target_file_size_base: 67108864
2019/10/17-14:56:04.921304 7fbc2cd30700             Options.target_file_size_multiplier: 1
2019/10/17-14:56:04.921304 7fbc2cd30700                Options.max_bytes_for_level_base: 268435456
2019/10/17-14:56:04.921305 7fbc2cd30700 Options.level_compaction_dynamic_level_bytes: 0
2019/10/17-14:56:04.921306 7fbc2cd30700          Options.max_bytes_for_level_multiplier: 10.000000
2019/10/17-14:56:04.921307 7fbc2cd30700 Options.max_bytes_for_level_multiplier_addtl[0]: 1
2019/10/17-14:56:04.921307 7fbc2cd30700 Options.max_bytes_for_level_multiplier_addtl[1]: 1
2019/10/17-14:56:04.921308 7fbc2cd30700 Options.max_bytes_for_level_multiplier_addtl[2]: 1
2019/10/17-14:56:04.921308 7fbc2cd30700 Options.max_bytes_for_level_multiplier_addtl[3]: 1
2019/10/17-14:56:04.921309 7fbc2cd30700 Options.max_bytes_for_level_multiplier_addtl[4]: 1
2019/10/17-14:56:04.921309 7fbc2cd30700 Options.max_bytes_for_level_multiplier_addtl[5]: 1
2019/10/17-14:56:04.921310 7fbc2cd30700 Options.max_bytes_for_level_multiplier_addtl[6]: 1
2019/10/17-14:56:04.921311 7fbc2cd30700       Options.max_sequential_skip_in_iterations: 8
2019/10/17-14:56:04.921314 7fbc2cd30700                    Options.max_compaction_bytes: 1677721600
2019/10/17-14:56:04.921315 7fbc2cd30700                        Options.arena_block_size: 8388608
2019/10/17-14:56:04.921315 7fbc2cd30700   Options.soft_pending_compaction_bytes_limit: 68719476736
2019/10/17-14:56:04.921316 7fbc2cd30700   Options.hard_pending_compaction_bytes_limit: 274877906944
2019/10/17-14:56:04.921316 7fbc2cd30700       Options.rate_limit_delay_max_milliseconds: 100
2019/10/17-14:56:04.921317 7fbc2cd30700                Options.disable_auto_compactions: 0
2019/10/17-14:56:04.921318 7fbc2cd30700                        Options.compaction_style: kCompactionStyleLevel
2019/10/17-14:56:04.921318 7fbc2cd30700                          Options.compaction_pri: kByCompensatedSize
2019/10/17-14:56:04.921319 7fbc2cd30700 Options.compaction_options_universal.size_ratio: 1
2019/10/17-14:56:04.921320 7fbc2cd30700 Options.compaction_options_universal.min_merge_width: 2
2019/10/17-14:56:04.921320 7fbc2cd30700 Options.compaction_options_universal.max_merge_width: 4294967295
2019/10/17-14:56:04.921321 7fbc2cd30700 Options.compaction_options_universal.max_size_amplification_percent: 200
2019/10/17-14:56:04.921321 7fbc2cd30700 Options.compaction_options_universal.compression_size_percent: -1
2019/10/17-14:56:04.921322 7fbc2cd30700 Options.compaction_options_universal.stop_style: kCompactionStopStyleTotalSize
2019/10/17-14:56:04.921323 7fbc2cd30700 Options.compaction_options_fifo.max_table_files_size: 1073741824
2019/10/17-14:56:04.921323 7fbc2cd30700 Options.compaction_options_fifo.allow_compaction: 0
2019/10/17-14:56:04.921324 7fbc2cd30700 Options.compaction_options_fifo.ttl: 0
2019/10/17-14:56:04.921324 7fbc2cd30700                   Options.table_properties_collectors: 
2019/10/17-14:56:04.921325 7fbc2cd30700                   Options.inplace_update_support: 0
2019/10/17-14:56:04.921325 7fbc2cd30700                 Options.inplace_update_num_locks: 10000
2019/10/17-14:56:04.921326 7fbc2cd30700               Options.memtable_prefix_bloom_size_ratio: 0.000000
2019/10/17-14:56:04.921327 7fbc2cd30700   Options.memtable_huge_page_size: 0
2019/10/17-14:56:04.921327 7fbc2cd30700                           Options.bloom_locality: 0
2019/10/17-14:56:04.921328 7fbc2cd30700                    Options.max_successive_merges: 0
2019/10/17-14:56:04.921329 7fbc2cd30700                Options.optimize_filters_for_hits: 0
2019/10/17-14:56:04.921329 7fbc2cd30700                Options.paranoid_file_checks: 0
2019/10/17-14:56:04.921330 7fbc2cd30700                Options.force_consistency_checks: 0
2019/10/17-14:56:04.921330 7fbc2cd30700                Options.report_bg_io_stats: 0
2019/10/17-14:56:04.921331 7fbc2cd30700                               Options.ttl: 0
2019/10/17-14:56:04.921343 7fbc2cd30700 [db/column_family.cc:472] --------------- Options for column family [entries]:
2019/10/17-14:56:04.921344 7fbc2cd30700               Options.comparator: leveldb.BytewiseComparator
2019/10/17-14:56:04.921344 7fbc2cd30700           Options.merge_operator: None
2019/10/17-14:56:04.921345 7fbc2cd30700        Options.compaction_filter: None
2019/10/17-14:56:04.921346 7fbc2cd30700        Options.compaction_filter_factory: None
2019/10/17-14:56:04.921346 7fbc2cd30700         Options.memtable_factory: SkipListFactory
2019/10/17-14:56:04.921347 7fbc2cd30700            Options.table_factory: BlockBasedTable
2019/10/17-14:56:04.921354 7fbc2cd30700            table_factory options:   flush_block_policy_factory: FlushBlockBySizePolicyFactory (0x7fbbb80d71d0)
  cache_index_and_filter_blocks: 0
  cache_index_and_filter_blocks_with_high_priority: 0
  pin_l0_filter_and_index_blocks_in_cache: 0
  pin_top_level_index_and_filter: 1
  index_type: 0
  hash_index_allow_collision: 1
  checksum: 1
  no_block_cache: 0
  block_cache: 0x7fbbb803b180
  block_cache_name: LRUCache
  block_cache_options:
    capacity : 8388608
    num_shard_bits : 4
    strict_capacity_limit : 0
    memory_allocator : None
    high_pri_pool_ratio: 0.000
  block_cache_compressed: (nil)
  persistent_cache: (nil)
  block_size: 4096
  block_size_deviation: 10
  block_restart_interval: 16
  index_block_restart_interval: 1
  metadata_block_size: 4096
  partition_filters: 0
  use_delta_encoding: 1
  filter_policy: nullptr
  whole_key_filtering: 1
  verify_compression: 0
  read_amp_bytes_per_bit: 0
  format_version: 2
  enable_index_compression: 1
  block_align: 0
2019/10/17-14:56:04.921359 7fbc2cd30700        Options.write_buffer_size: 67108864
2019/10/17-14:56:04.921360 7fbc2cd30700  Options.max_write_buffer_number: 2
2019/10/17-14:56:04.921360 7fbc2cd30700          Options.compression: NoCompression
2019/10/17-14:56:04.921361 7fbc2cd30700                  Options.bottommost_compression: Disabled
2019/10/17-14:56:04.921361 7fbc2cd30700       Options.prefix_extractor: nullptr
2019/10/17-14:56:04.921362 7fbc2cd30700   Options.memtable_insert_with_hint_prefix_extractor: nullptr
2019/10/17-14:56:04.921362 7fbc2cd30700             Options.num_levels: 7
2019/10/17-14:56:04.921363 7fbc2cd30700        Options.min_write_buffer_number_to_merge: 1
2019/10/17-14:56:04.921364 7fbc2cd30700     Options.max_write_buffer_number_to_maintain: 0
2019/10/17-14:56:04.921364 7fbc2cd30700            Options.bottommost_compression_opts.window_bits: -14
2019/10/17-14:56:04.921365 7fbc2cd30700                  Options.bottommost_compression_opts.level: 32767
2019/10/17-14:56:04.921365 7fbc2cd30700               Options.bottommost_compression_opts.strategy: 0
2019/10/17-14:56:04.921366 7fbc2cd30700         Options.bottommost_compression_opts.max_dict_bytes: 0
2019/10/17-14:56:04.921366 7fbc2cd30700         Options.bottommost_compression_opts.zstd_max_train_bytes: 0
2019/10/17-14:56:04.921367 7fbc2cd30700                  Options.bottommost_compression_opts.enabled: false
2019/10/17-14:56:04.921367 7fbc2cd30700            Options.compression_opts.window_bits: -14
2019/10/17-14:56:04.921368 7fbc2cd30700                  Options.compression_opts.level: 32767
2019/10/17-14:56:04.921369 7fbc2cd30700               Options.compression_opts.strategy: 0
2019/10/17-14:56:04.921369 7fbc2cd30700         Options.compression_opts.max_dict_bytes: 0
2019/10/17-14:56:04.921370 7fbc2cd30700         Options.compression_opts.zstd_max_train_bytes: 0
2019/10/17-14:56:04.921370 7fbc2cd30700                  Options.compression_opts.enabled: false
2019/10/17-14:56:04.921371 7fbc2cd30700      Options.level0_file_num_compaction_trigger: 4
2019/10/17-14:56:04.921371 7fbc2cd30700          Options.level0_slowdown_writes_trigger: 20
2019/10/17-14:56:04.921372 7fbc2cd30700              Options.level0_stop_writes_trigger: 36
2019/10/17-14:56:04.921372 7fbc2cd30700                   Options.target_file_size_base: 67108864
2019/10/17-14:56:04.921373 7fbc2cd30700             Options.target_file_size_multiplier: 1
2019/10/17-14:56:04.921374 7fbc2cd30700                Options.max_bytes_for_level_base: 268435456
2019/10/17-14:56:04.921374 7fbc2cd30700 Options.level_compaction_dynamic_level_bytes: 0
2019/10/17-14:56:04.921375 7fbc2cd30700          Options.max_bytes_for_level_multiplier: 10.000000
2019/10/17-14:56:04.921376 7fbc2cd30700 Options.max_bytes_for_level_multiplier_addtl[0]: 1
2019/10/17-14:56:04.921376 7fbc2cd30700 Options.max_bytes_for_level_multiplier_addtl[1]: 1
2019/10/17-14:56:04.921377 7fbc2cd30700 Options.max_bytes_for_level_multiplier_addtl[2]: 1
2019/10/17-14:56:04.921377 7fbc2cd30700 Options.max_bytes_for_level_multiplier_addtl[3]: 1
2019/10/17-14:56:04.921378 7fbc2cd30700 Options.max_bytes_for_level_multiplier_addtl[4]: 1
2019/10/17-14:56:04.921379 7fbc2cd30700 Options.max_bytes_for_level_multiplier_addtl[5]: 1
2019/10/17-14:56:04.921379 7fbc2cd30700 Options.max_bytes_for_level_multiplier_addtl[6]: 1
2019/10/17-14:56:04.921380 7fbc2cd30700       Options.max_sequential_skip_in_iterations: 8
2019/10/17-14:56:04.921380 7fbc2cd30700                    Options.max_compaction_bytes: 1677721600
2019/10/17-14:56:04.921381 7fbc2cd30700                        Options.arena_block_size: 8388608
2019/10/17-14:56:04.921381 7fbc2cd30700   Options.soft_pending_compaction_bytes_limit: 68719476736
2019/10/17-14:56:04.921385 7fbc2cd30700   Options.hard_pending_compaction_bytes_limit: 274877906944
2019/10/17-14:56:04.921385 7fbc2cd30700       Options.rate_limit_delay_max_milliseconds: 100
2019/10/17-14:56:04.921386 7fbc2cd30700                Options.disable_auto_compactions: 0
2019/10/17-14:56:04.921387 7fbc2cd30700                        Options.compaction_style: kCompactionStyleLevel
2019/10/17-14:56:04.921387 7fbc2cd30700                          Options.compaction_pri: kByCompensatedSize
2019/10/17-14:56:04.921388 7fbc2cd30700 Options.compaction_options_universal.size_ratio: 1
2019/10/17-14:56:04.921389 7fbc2cd30700 Options.compaction_options_universal.min_merge_width: 2
2019/10/17-14:56:04.921389 7fbc2cd30700 Options.compaction_options_universal.max_merge_width: 4294967295
2019/10/17-14:56:04.921390 7fbc2cd30700 Options.compaction_options_universal.max_size_amplification_percent: 200
2019/10/17-14:56:04.921390 7fbc2cd30700 Options.compaction_options_universal.compression_size_percent: -1
2019/10/17-14:56:04.921391 7fbc2cd30700 Options.compaction_options_universal.stop_style: kCompactionStopStyleTotalSize
2019/10/17-14:56:04.921392 7fbc2cd30700 Options.compaction_options_fifo.max_table_files_size: 1073741824
2019/10/17-14:56:04.921392 7fbc2cd30700 Options.compaction_options_fifo.allow_compaction: 0
2019/10/17-14:56:04.921393 7fbc2cd30700 Options.compaction_options_fifo.ttl: 0
2019/10/17-14:56:04.921393 7fbc2cd30700                   Options.table_properties_collectors: 
2019/10/17-14:56:04.921394 7fbc2cd30700                   Options.inplace_update_support: 0
2019/10/17-14:56:04.921394 7fbc2cd30700                 Options.inplace_update_num_locks: 10000
2019/10/17-14:56:04.921395 7fbc2cd30700               Options.memtable_prefix_bloom_size_ratio: 0.000000
2019/10/17-14:56:04.921396 7fbc2cd30700   Options.memtable_huge_page_size: 0
2019/10/17-14:56:04.921396 7fbc2cd30700                           Options.bloom_locality: 0
2019/10/17-14:56:04.921397 7fbc2cd30700                    Options.max_successive_merges: 0
2019/10/17-14:56:04.921397 7fbc2cd30700                Options.optimize_filters_for_hits: 0
2019/10/17-14:56:04.921398 7fbc2cd30700                Options.paranoid_file_checks: 0
2019/10/17-14:56:04.921399 7fbc2cd30700                Options.force_consistency_checks: 0
2019/10/17-14:56:04.921399 7fbc2cd30700                Options.report_bg_io_stats: 0
2019/10/17-14:56:04.921400 7fbc2cd30700                               Options.ttl: 0
2019/10/17-14:56:04.921410 7fbc2cd30700 [db/column_family.cc:472] --------------- Options for column family [dc_entries]:
2019/10/17-14:56:04.921411 7fbc2cd30700               Options.comparator: leveldb.BytewiseComparator
2019/10/17-14:56:04.921412 7fbc2cd30700           Options.merge_operator: None
2019/10/17-14:56:04.921413 7fbc2cd30700        Options.compaction_filter: None
2019/10/17-14:56:04.921413 7fbc2cd30700        Options.compaction_filter_factory: None
2019/10/17-14:56:04.921414 7fbc2cd30700         Options.memtable_factory: SkipListFactory
2019/10/17-14:56:04.921414 7fbc2cd30700            Options.table_factory: BlockBasedTable
2019/10/17-14:56:04.921421 7fbc2cd30700            table_factory options:   flush_block_policy_factory: FlushBlockBySizePolicyFactory (0x7fbbb809bd10)
  cache_index_and_filter_blocks: 0
  cache_index_and_filter_blocks_with_high_priority: 0
  pin_l0_filter_and_index_blocks_in_cache: 0
  pin_top_level_index_and_filter: 1
  index_type: 0
  hash_index_allow_collision: 1
  checksum: 1
  no_block_cache: 0
  block_cache: 0x7fbbb8020160
  block_cache_name: LRUCache
  block_cache_options:
    capacity : 8388608
    num_shard_bits : 4
    strict_capacity_limit : 0
    memory_allocator : None
    high_pri_pool_ratio: 0.000
  block_cache_compressed: (nil)
  persistent_cache: (nil)
  block_size: 4096
  block_size_deviation: 10
  block_restart_interval: 16
  index_block_restart_interval: 1
  metadata_block_size: 4096
  partition_filters: 0
  use_delta_encoding: 1
  filter_policy: nullptr
  whole_key_filtering: 1
  verify_compression: 0
  read_amp_bytes_per_bit: 0
  format_version: 2
  enable_index_compression: 1
  block_align: 0
2019/10/17-14:56:04.921426 7fbc2cd30700        Options.write_buffer_size: 67108864
2019/10/17-14:56:04.921426 7fbc2cd30700  Options.max_write_buffer_number: 2
2019/10/17-14:56:04.921427 7fbc2cd30700          Options.compression: NoCompression
2019/10/17-14:56:04.921428 7fbc2cd30700                  Options.bottommost_compression: Disabled
2019/10/17-14:56:04.921428 7fbc2cd30700       Options.prefix_extractor: nullptr
2019/10/17-14:56:04.921429 7fbc2cd30700   Options.memtable_insert_with_hint_prefix_extractor: nullptr
2019/10/17-14:56:04.921429 7fbc2cd30700             Options.num_levels: 7
2019/10/17-14:56:04.921430 7fbc2cd30700        Options.min_write_buffer_number_to_merge: 1
2019/10/17-14:56:04.921430 7fbc2cd30700     Options.max_write_buffer_number_to_maintain: 0
2019/10/17-14:56:04.921431 7fbc2cd30700            Options.bottommost_compression_opts.window_bits: -14
2019/10/17-14:56:04.921432 7fbc2cd30700                  Options.bottommost_compression_opts.level: 32767
2019/10/17-14:56:04.921432 7fbc2cd30700               Options.bottommost_compression_opts.strategy: 0
2019/10/17-14:56:04.921433 7fbc2cd30700         Options.bottommost_compression_opts.max_dict_bytes: 0
2019/10/17-14:56:04.921433 7fbc2cd30700         Options.bottommost_compression_opts.zstd_max_train_bytes: 0
2019/10/17-14:56:04.921434 7fbc2cd30700                  Options.bottommost_compression_opts.enabled: false
2019/10/17-14:56:04.921434 7fbc2cd30700            Options.compression_opts.window_bits: -14
2019/10/17-14:56:04.921435 7fbc2cd30700                  Options.compression_opts.level: 32767
2019/10/17-14:56:04.921436 7fbc2cd30700               Options.compression_opts.strategy: 0
2019/10/17-14:56:04.921436 7fbc2cd30700         Options.compression_opts.max_dict_bytes: 0
2019/10/17-14:56:04.921437 7fbc2cd30700         Options.compression_opts.zstd_max_train_bytes: 0
2019/10/17-14:56:04.921437 7fbc2cd30700                  Options.compression_opts.enabled: false
2019/10/17-14:56:04.921438 7fbc2cd30700      Options.level0_file_num_compaction_trigger: 4
2019/10/17-14:56:04.921438 7fbc2cd30700          Options.level0_slowdown_writes_trigger: 20
2019/10/17-14:56:04.921439 7fbc2cd30700              Options.level0_stop_writes_trigger: 36
2019/10/17-14:56:04.921439 7fbc2cd30700                   Options.target_file_size_base: 67108864
2019/10/17-14:56:04.921440 7fbc2cd30700             Options.target_file_size_multiplier: 1
2019/10/17-14:56:04.921441 7fbc2cd30700                Options.max_bytes_for_level_base: 268435456
2019/10/17-14:56:04.921441 7fbc2cd30700 Options.level_compaction_dynamic_level_bytes: 0
2019/10/17-14:56:04.921442 7fbc2cd30700          Options.max_bytes_for_level_multiplier: 10.000000
2019/10/17-14:56:04.921443 7fbc2cd30700 Options.max_bytes_for_level_multiplier_addtl[0]: 1
2019/10/17-14:56:04.921443 7fbc2cd30700 Options.max_bytes_for_level_multiplier_addtl[1]: 1
2019/10/17-14:56:04.921444 7fbc2cd30700 Options.max_bytes_for_level_multiplier_addtl[2]: 1
2019/10/17-14:56:04.921444 7fbc2cd30700 Options.max_bytes_for_level_multiplier_addtl[3]: 1
2019/10/17-14:56:04.921445 7fbc2cd30700 Options.max_bytes_for_level_multiplier_addtl[4]: 1
2019/10/17-14:56:04.921446 7fbc2cd30700 Options.max_bytes_for_level_multiplier_addtl[5]: 1
2019/10/17-14:56:04.921446 7fbc2cd30700 Options.max_bytes_for_level_multiplier_addtl[6]: 1
2019/10/17-14:56:04.921447 7fbc2cd30700       Options.max_sequential_skip_in_iterations: 8
2019/10/17-14:56:04.921447 7fbc2cd30700                    Options.max_compaction_bytes: 1677721600
2019/10/17-14:56:04.921448 7fbc2cd30700                        Options.arena_block_size: 8388608
2019/10/17-14:56:04.921448 7fbc2cd30700   Options.soft_pending_compaction_bytes_limit: 68719476736
2019/10/17-14:56:04.921449 7fbc2cd30700   Options.hard_pending_compaction_bytes_limit: 274877906944
2019/10/17-14:56:04.921450 7fbc2cd30700       Options.rate_limit_delay_max_milliseconds: 100
2019/10/17-14:56:04.921450 7fbc2cd30700                Options.disable_auto_compactions: 0
2019/10/17-14:56:04.921454 7fbc2cd30700                        Options.compaction_style: kCompactionStyleLevel
2019/10/17-14:56:04.921454 7fbc2cd30700                          Options.compaction_pri: kByCompensatedSize
2019/10/17-14:56:04.921455 7fbc2cd30700 Options.compaction_options_universal.size_ratio: 1
2019/10/17-14:56:04.921456 7fbc2cd30700 Options.compaction_options_universal.min_merge_width: 2
2019/10/17-14:56:04.921456 7fbc2cd30700 Options.compaction_options_universal.max_merge_width: 4294967295
2019/10/17-14:56:04.921457 7fbc2cd30700 Options.compaction_options_universal.max_size_amplification_percent: 200
2019/10/17-14:56:04.921457 7fbc2cd30700 Options.compaction_options_universal.compression_size_percent: -1
2019/10/17-14:56:04.921458 7fbc2cd30700 Options.compaction_options_universal.stop_style: kCompactionStopStyleTotalSize
2019/10/17-14:56:04.921459 7fbc2cd30700 Options.compaction_options_fifo.max_table_files_size: 1073741824
2019/10/17-14:56:04.921459 7fbc2cd30700 Options.compaction_options_fifo.allow_compaction: 0
2019/10/17-14:56:04.921460 7fbc2cd30700 Options.compaction_options_fifo.ttl: 0
2019/10/17-14:56:04.921460 7fbc2cd30700                   Options.table_properties_collectors: 
2019/10/17-14:56:04.921461 7fbc2cd30700                   Options.inplace_update_support: 0
2019/10/17-14:56:04.921461 7fbc2cd30700                 Options.inplace_update_num_locks: 10000
2019/10/17-14:56:04.921462 7fbc2cd30700               Options.memtable_prefix_bloom_size_ratio: 0.000000
2019/10/17-14:56:04.921463 7fbc2cd30700   Options.memtable_huge_page_size: 0
2019/10/17-14:56:04.921463 7fbc2cd30700                           Options.bloom_locality: 0
2019/10/17-14:56:04.921464 7fbc2cd30700                    Options.max_successive_merges: 0
2019/10/17-14:56:04.921464 7fbc2cd30700                Options.optimize_filters_for_hits: 0
2019/10/17-14:56:04.921465 7fbc2cd30700                Options.paranoid_file_checks: 0
2019/10/17-14:56:04.921466 7fbc2cd30700                Options.force_consistency_checks: 0
2019/10/17-14:56:04.921466 7fbc2cd30700                Options.report_bg_io_stats: 0
2019/10/17-14:56:04.921467 7fbc2cd30700                               Options.ttl: 0
2019/10/17-14:56:04.921475 7fbc2cd30700 [db/column_family.cc:472] --------------- Options for column family [htlcs]:
2019/10/17-14:56:04.921476 7fbc2cd30700               Options.comparator: leveldb.BytewiseComparator
2019/10/17-14:56:04.921477 7fbc2cd30700           Options.merge_operator: None
2019/10/17-14:56:04.921478 7fbc2cd30700        Options.compaction_filter: None
2019/10/17-14:56:04.921478 7fbc2cd30700        Options.compaction_filter_factory: None
2019/10/17-14:56:04.921479 7fbc2cd30700         Options.memtable_factory: SkipListFactory
2019/10/17-14:56:04.921479 7fbc2cd30700            Options.table_factory: BlockBasedTable
2019/10/17-14:56:04.921486 7fbc2cd30700            table_factory options:   flush_block_policy_factory: FlushBlockBySizePolicyFactory (0x7fbbb80ed1d0)
