2019/10/17-14:56:01.697201 7fbc2cd30700 RocksDB version: 5.18.3
2019/10/17-14:56:01.697229 7fbc2cd30700 Git sha rocksdb_build_git_sha:@0@
2019/10/17-14:56:01.697231 7fbc2cd30700 Compile date Sep 19 2019
2019/10/17-14:56:01.697232 7fbc2cd30700 DB SUMMARY
2019/10/17-14:56:01.697862 7fbc2cd30700 CURRENT file:  CURRENT
2019/10/17-14:56:01.697863 7fbc2cd30700 IDENTITY file:  IDENTITY
2019/10/17-14:56:01.697888 7fbc2cd30700 MANIFEST file:  MANIFEST-116680 size: 4114 Bytes
2019/10/17-14:56:01.697889 7fbc2cd30700 SST files in /home/rahul/dev/blockchain-core/eqc/ledger.db dir, Total Num: 29, files: 000624.sst 000627.sst 106940.sst 108447.sst 108450.sst 109471.sst 109483.sst 109485.sst 109486.sst 
2019/10/17-14:56:01.697890 7fbc2cd30700 Write Ahead Log file in /home/rahul/dev/blockchain-core/eqc/ledger.db: 116681.log size: 0 ; 
2019/10/17-14:56:01.697918 7fbc2cd30700                         Options.error_if_exists: 0
2019/10/17-14:56:01.697919 7fbc2cd30700                       Options.create_if_missing: 1
2019/10/17-14:56:01.697920 7fbc2cd30700                         Options.paranoid_checks: 1
2019/10/17-14:56:01.697921 7fbc2cd30700                                     Options.env: 0x7fbbafa7bc60
2019/10/17-14:56:01.697922 7fbc2cd30700                                Options.info_log: 0x7fbbb80280b0
2019/10/17-14:56:01.697922 7fbc2cd30700                Options.max_file_opening_threads: 16
2019/10/17-14:56:01.697923 7fbc2cd30700                              Options.statistics: (nil)
2019/10/17-14:56:01.697924 7fbc2cd30700                               Options.use_fsync: 0
2019/10/17-14:56:01.697924 7fbc2cd30700                       Options.max_log_file_size: 0
2019/10/17-14:56:01.697925 7fbc2cd30700                  Options.max_manifest_file_size: 1073741824
2019/10/17-14:56:01.697926 7fbc2cd30700                   Options.log_file_time_to_roll: 0
2019/10/17-14:56:01.697927 7fbc2cd30700                       Options.keep_log_file_num: 1000
2019/10/17-14:56:01.697927 7fbc2cd30700                    Options.recycle_log_file_num: 0
2019/10/17-14:56:01.697928 7fbc2cd30700                         Options.allow_fallocate: 1
2019/10/17-14:56:01.697929 7fbc2cd30700                        Options.allow_mmap_reads: 0
2019/10/17-14:56:01.697929 7fbc2cd30700                       Options.allow_mmap_writes: 0
2019/10/17-14:56:01.697930 7fbc2cd30700                        Options.use_direct_reads: 0
2019/10/17-14:56:01.697930 7fbc2cd30700                        Options.use_direct_io_for_flush_and_compaction: 0
2019/10/17-14:56:01.697931 7fbc2cd30700          Options.create_missing_column_families: 0
2019/10/17-14:56:01.697932 7fbc2cd30700                              Options.db_log_dir: 
2019/10/17-14:56:01.697932 7fbc2cd30700                                 Options.wal_dir: /home/rahul/dev/blockchain-core/eqc/ledger.db
2019/10/17-14:56:01.697933 7fbc2cd30700                Options.table_cache_numshardbits: 6
2019/10/17-14:56:01.697934 7fbc2cd30700                      Options.max_subcompactions: 1
2019/10/17-14:56:01.697934 7fbc2cd30700                  Options.max_background_flushes: -1
2019/10/17-14:56:01.697935 7fbc2cd30700                         Options.WAL_ttl_seconds: 0
2019/10/17-14:56:01.697936 7fbc2cd30700                       Options.WAL_size_limit_MB: 0
2019/10/17-14:56:01.697936 7fbc2cd30700             Options.manifest_preallocation_size: 4194304
2019/10/17-14:56:01.697937 7fbc2cd30700                     Options.is_fd_close_on_exec: 1
2019/10/17-14:56:01.697937 7fbc2cd30700                   Options.advise_random_on_open: 1
2019/10/17-14:56:01.697938 7fbc2cd30700                    Options.db_write_buffer_size: 0
2019/10/17-14:56:01.697939 7fbc2cd30700                    Options.write_buffer_manager: 0x7fbbb80a4610
2019/10/17-14:56:01.697939 7fbc2cd30700         Options.access_hint_on_compaction_start: 1
2019/10/17-14:56:01.697940 7fbc2cd30700  Options.new_table_reader_for_compaction_inputs: 0
2019/10/17-14:56:01.697941 7fbc2cd30700           Options.random_access_max_buffer_size: 1048576
2019/10/17-14:56:01.697941 7fbc2cd30700                      Options.use_adaptive_mutex: 0
2019/10/17-14:56:01.697942 7fbc2cd30700                            Options.rate_limiter: (nil)
2019/10/17-14:56:01.697950 7fbc2cd30700     Options.sst_file_manager.rate_bytes_per_sec: 0
2019/10/17-14:56:01.697951 7fbc2cd30700                       Options.wal_recovery_mode: 2
2019/10/17-14:56:01.697951 7fbc2cd30700                  Options.enable_thread_tracking: 0
2019/10/17-14:56:01.697952 7fbc2cd30700                  Options.enable_pipelined_write: 0
2019/10/17-14:56:01.697953 7fbc2cd30700         Options.allow_concurrent_memtable_write: 1
2019/10/17-14:56:01.697953 7fbc2cd30700      Options.enable_write_thread_adaptive_yield: 1
2019/10/17-14:56:01.697954 7fbc2cd30700             Options.write_thread_max_yield_usec: 100
2019/10/17-14:56:01.697954 7fbc2cd30700            Options.write_thread_slow_yield_usec: 3
2019/10/17-14:56:01.697955 7fbc2cd30700                               Options.row_cache: None
2019/10/17-14:56:01.697956 7fbc2cd30700                              Options.wal_filter: None
2019/10/17-14:56:01.697956 7fbc2cd30700             Options.avoid_flush_during_recovery: 0
2019/10/17-14:56:01.697957 7fbc2cd30700             Options.allow_ingest_behind: 0
2019/10/17-14:56:01.697958 7fbc2cd30700             Options.preserve_deletes: 0
2019/10/17-14:56:01.697958 7fbc2cd30700             Options.two_write_queues: 0
2019/10/17-14:56:01.697959 7fbc2cd30700             Options.manual_wal_flush: 0
2019/10/17-14:56:01.697960 7fbc2cd30700             Options.max_background_jobs: 2
2019/10/17-14:56:01.697960 7fbc2cd30700             Options.max_background_compactions: -1
2019/10/17-14:56:01.697961 7fbc2cd30700             Options.avoid_flush_during_shutdown: 0
2019/10/17-14:56:01.697961 7fbc2cd30700           Options.writable_file_max_buffer_size: 1048576
2019/10/17-14:56:01.697962 7fbc2cd30700             Options.delayed_write_rate : 16777216
2019/10/17-14:56:01.697963 7fbc2cd30700             Options.max_total_wal_size: 0
2019/10/17-14:56:01.697963 7fbc2cd30700             Options.delete_obsolete_files_period_micros: 21600000000
2019/10/17-14:56:01.697964 7fbc2cd30700                   Options.stats_dump_period_sec: 600
2019/10/17-14:56:01.697965 7fbc2cd30700                          Options.max_open_files: -1
2019/10/17-14:56:01.697965 7fbc2cd30700                          Options.bytes_per_sync: 0
2019/10/17-14:56:01.697966 7fbc2cd30700                      Options.wal_bytes_per_sync: 0
2019/10/17-14:56:01.697967 7fbc2cd30700       Options.compaction_readahead_size: 0
2019/10/17-14:56:01.697967 7fbc2cd30700 Compression algorithms supported:
2019/10/17-14:56:01.697969 7fbc2cd30700 	kZSTDNotFinalCompression supported: 0
2019/10/17-14:56:01.697969 7fbc2cd30700 	kZSTD supported: 0
2019/10/17-14:56:01.697970 7fbc2cd30700 	kXpressCompression supported: 0
2019/10/17-14:56:01.697971 7fbc2cd30700 	kLZ4HCCompression supported: 0
2019/10/17-14:56:01.697972 7fbc2cd30700 	kLZ4Compression supported: 0
2019/10/17-14:56:01.697972 7fbc2cd30700 	kBZip2Compression supported: 0
2019/10/17-14:56:01.697973 7fbc2cd30700 	kZlibCompression supported: 0
2019/10/17-14:56:01.697973 7fbc2cd30700 	kSnappyCompression supported: 0
2019/10/17-14:56:01.697975 7fbc2cd30700 Fast CRC32 supported: Supported on x86
2019/10/17-14:56:01.698052 7fbc2cd30700 [db/version_set.cc:3507] Recovering from manifest file: MANIFEST-116680
2019/10/17-14:56:01.698079 7fbc2cd30700 [db/column_family.cc:472] --------------- Options for column family [default]:
2019/10/17-14:56:01.698081 7fbc2cd30700               Options.comparator: leveldb.BytewiseComparator
2019/10/17-14:56:01.698082 7fbc2cd30700           Options.merge_operator: None
2019/10/17-14:56:01.698082 7fbc2cd30700        Options.compaction_filter: None
2019/10/17-14:56:01.698083 7fbc2cd30700        Options.compaction_filter_factory: None
2019/10/17-14:56:01.698084 7fbc2cd30700         Options.memtable_factory: SkipListFactory
2019/10/17-14:56:01.698084 7fbc2cd30700            Options.table_factory: BlockBasedTable
2019/10/17-14:56:01.698098 7fbc2cd30700            table_factory options:   flush_block_policy_factory: FlushBlockBySizePolicyFactory (0x7fbbb8448450)
  cache_index_and_filter_blocks: 0
  cache_index_and_filter_blocks_with_high_priority: 0
  pin_l0_filter_and_index_blocks_in_cache: 0
  pin_top_level_index_and_filter: 1
  index_type: 0
  hash_index_allow_collision: 1
  checksum: 1
  no_block_cache: 0
  block_cache: 0x7fbbb80e2240
  block_cache_name: LRUCache
  block_cache_options:
    capacity : 8388608
    num_shard_bits : 4
    strict_capacity_limit : 0
    memory_allocator : None
    high_pri_pool_ratio: 0.000
  block_cache_compressed: (nil)
  persistent_cache: (nil)
  block_size: 4096
  block_size_deviation: 10
  block_restart_interval: 16
  index_block_restart_interval: 1
  metadata_block_size: 4096
  partition_filters: 0
  use_delta_encoding: 1
  filter_policy: nullptr
  whole_key_filtering: 1
  verify_compression: 0
  read_amp_bytes_per_bit: 0
  format_version: 2
  enable_index_compression: 1
  block_align: 0
2019/10/17-14:56:01.698105 7fbc2cd30700        Options.write_buffer_size: 67108864
2019/10/17-14:56:01.698106 7fbc2cd30700  Options.max_write_buffer_number: 2
2019/10/17-14:56:01.698107 7fbc2cd30700          Options.compression: NoCompression
2019/10/17-14:56:01.698107 7fbc2cd30700                  Options.bottommost_compression: Disabled
2019/10/17-14:56:01.698108 7fbc2cd30700       Options.prefix_extractor: nullptr
2019/10/17-14:56:01.698109 7fbc2cd30700   Options.memtable_insert_with_hint_prefix_extractor: nullptr
2019/10/17-14:56:01.698109 7fbc2cd30700             Options.num_levels: 7
2019/10/17-14:56:01.698110 7fbc2cd30700        Options.min_write_buffer_number_to_merge: 1
2019/10/17-14:56:01.698111 7fbc2cd30700     Options.max_write_buffer_number_to_maintain: 0
2019/10/17-14:56:01.698111 7fbc2cd30700            Options.bottommost_compression_opts.window_bits: -14
2019/10/17-14:56:01.698112 7fbc2cd30700                  Options.bottommost_compression_opts.level: 32767
2019/10/17-14:56:01.698113 7fbc2cd30700               Options.bottommost_compression_opts.strategy: 0
2019/10/17-14:56:01.698113 7fbc2cd30700         Options.bottommost_compression_opts.max_dict_bytes: 0
2019/10/17-14:56:01.698114 7fbc2cd30700         Options.bottommost_compression_opts.zstd_max_train_bytes: 0
2019/10/17-14:56:01.698115 7fbc2cd30700                  Options.bottommost_compression_opts.enabled: false
2019/10/17-14:56:01.698115 7fbc2cd30700            Options.compression_opts.window_bits: -14
2019/10/17-14:56:01.698116 7fbc2cd30700                  Options.compression_opts.level: 32767
2019/10/17-14:56:01.698117 7fbc2cd30700               Options.compression_opts.strategy: 0
2019/10/17-14:56:01.698117 7fbc2cd30700         Options.compression_opts.max_dict_bytes: 0
2019/10/17-14:56:01.698118 7fbc2cd30700         Options.compression_opts.zstd_max_train_bytes: 0
2019/10/17-14:56:01.698118 7fbc2cd30700                  Options.compression_opts.enabled: false
2019/10/17-14:56:01.698119 7fbc2cd30700      Options.level0_file_num_compaction_trigger: 4
2019/10/17-14:56:01.698120 7fbc2cd30700          Options.level0_slowdown_writes_trigger: 20
2019/10/17-14:56:01.698120 7fbc2cd30700              Options.level0_stop_writes_trigger: 36
2019/10/17-14:56:01.698121 7fbc2cd30700                   Options.target_file_size_base: 67108864
2019/10/17-14:56:01.698121 7fbc2cd30700             Options.target_file_size_multiplier: 1
2019/10/17-14:56:01.698122 7fbc2cd30700                Options.max_bytes_for_level_base: 268435456
2019/10/17-14:56:01.698123 7fbc2cd30700 Options.level_compaction_dynamic_level_bytes: 0
2019/10/17-14:56:01.698123 7fbc2cd30700          Options.max_bytes_for_level_multiplier: 10.000000
2019/10/17-14:56:01.698125 7fbc2cd30700 Options.max_bytes_for_level_multiplier_addtl[0]: 1
2019/10/17-14:56:01.698126 7fbc2cd30700 Options.max_bytes_for_level_multiplier_addtl[1]: 1
2019/10/17-14:56:01.698127 7fbc2cd30700 Options.max_bytes_for_level_multiplier_addtl[2]: 1
2019/10/17-14:56:01.698127 7fbc2cd30700 Options.max_bytes_for_level_multiplier_addtl[3]: 1
2019/10/17-14:56:01.698128 7fbc2cd30700 Options.max_bytes_for_level_multiplier_addtl[4]: 1
2019/10/17-14:56:01.698131 7fbc2cd30700 Options.max_bytes_for_level_multiplier_addtl[5]: 1
2019/10/17-14:56:01.698132 7fbc2cd30700 Options.max_bytes_for_level_multiplier_addtl[6]: 1
2019/10/17-14:56:01.698133 7fbc2cd30700       Options.max_sequential_skip_in_iterations: 8
2019/10/17-14:56:01.698133 7fbc2cd30700                    Options.max_compaction_bytes: 1677721600
2019/10/17-14:56:01.698134 7fbc2cd30700                        Options.arena_block_size: 8388608
2019/10/17-14:56:01.698135 7fbc2cd30700   Options.soft_pending_compaction_bytes_limit: 68719476736
2019/10/17-14:56:01.698136 7fbc2cd30700   Options.hard_pending_compaction_bytes_limit: 274877906944
2019/10/17-14:56:01.698136 7fbc2cd30700       Options.rate_limit_delay_max_milliseconds: 100
2019/10/17-14:56:01.698137 7fbc2cd30700                Options.disable_auto_compactions: 0
2019/10/17-14:56:01.698138 7fbc2cd30700                        Options.compaction_style: kCompactionStyleLevel
2019/10/17-14:56:01.698139 7fbc2cd30700                          Options.compaction_pri: kByCompensatedSize
2019/10/17-14:56:01.698140 7fbc2cd30700 Options.compaction_options_universal.size_ratio: 1
2019/10/17-14:56:01.698141 7fbc2cd30700 Options.compaction_options_universal.min_merge_width: 2
2019/10/17-14:56:01.698141 7fbc2cd30700 Options.compaction_options_universal.max_merge_width: 4294967295
2019/10/17-14:56:01.698142 7fbc2cd30700 Options.compaction_options_universal.max_size_amplification_percent: 200
2019/10/17-14:56:01.698142 7fbc2cd30700 Options.compaction_options_universal.compression_size_percent: -1
2019/10/17-14:56:01.698143 7fbc2cd30700 Options.compaction_options_universal.stop_style: kCompactionStopStyleTotalSize
2019/10/17-14:56:01.698144 7fbc2cd30700 Options.compaction_options_fifo.max_table_files_size: 1073741824
2019/10/17-14:56:01.698145 7fbc2cd30700 Options.compaction_options_fifo.allow_compaction: 0
2019/10/17-14:56:01.698145 7fbc2cd30700 Options.compaction_options_fifo.ttl: 0
2019/10/17-14:56:01.698146 7fbc2cd30700                   Options.table_properties_collectors: 
2019/10/17-14:56:01.698147 7fbc2cd30700                   Options.inplace_update_support: 0
2019/10/17-14:56:01.698147 7fbc2cd30700                 Options.inplace_update_num_locks: 10000
2019/10/17-14:56:01.698148 7fbc2cd30700               Options.memtable_prefix_bloom_size_ratio: 0.000000
2019/10/17-14:56:01.698149 7fbc2cd30700   Options.memtable_huge_page_size: 0
2019/10/17-14:56:01.698149 7fbc2cd30700                           Options.bloom_locality: 0
2019/10/17-14:56:01.698150 7fbc2cd30700                    Options.max_successive_merges: 0
2019/10/17-14:56:01.698151 7fbc2cd30700                Options.optimize_filters_for_hits: 0
2019/10/17-14:56:01.698151 7fbc2cd30700                Options.paranoid_file_checks: 0
2019/10/17-14:56:01.698152 7fbc2cd30700                Options.force_consistency_checks: 0
2019/10/17-14:56:01.698153 7fbc2cd30700                Options.report_bg_io_stats: 0
2019/10/17-14:56:01.698153 7fbc2cd30700                               Options.ttl: 0
2019/10/17-14:56:01.698176 7fbc2cd30700 [db/column_family.cc:472] --------------- Options for column family [active_gateways]:
2019/10/17-14:56:01.698177 7fbc2cd30700               Options.comparator: leveldb.BytewiseComparator
2019/10/17-14:56:01.698178 7fbc2cd30700           Options.merge_operator: None
2019/10/17-14:56:01.698178 7fbc2cd30700        Options.compaction_filter: None
2019/10/17-14:56:01.698179 7fbc2cd30700        Options.compaction_filter_factory: None
2019/10/17-14:56:01.698180 7fbc2cd30700         Options.memtable_factory: SkipListFactory
2019/10/17-14:56:01.698180 7fbc2cd30700            Options.table_factory: BlockBasedTable
2019/10/17-14:56:01.698189 7fbc2cd30700            table_factory options:   flush_block_policy_factory: FlushBlockBySizePolicyFactory (0x7fbbb80224e0)
  cache_index_and_filter_blocks: 0
  cache_index_and_filter_blocks_with_high_priority: 0
  pin_l0_filter_and_index_blocks_in_cache: 0
  pin_top_level_index_and_filter: 1
  index_type: 0
  hash_index_allow_collision: 1
  checksum: 1
  no_block_cache: 0
  block_cache: 0x7fbbb80ef760
  block_cache_name: LRUCache
  block_cache_options:
    capacity : 8388608
    num_shard_bits : 4
    strict_capacity_limit : 0
    memory_allocator : None
    high_pri_pool_ratio: 0.000
  block_cache_compressed: (nil)
  persistent_cache: (nil)
  block_size: 4096
  block_size_deviation: 10
  block_restart_interval: 16
  index_block_restart_interval: 1
  metadata_block_size: 4096
  partition_filters: 0
  use_delta_encoding: 1
  filter_policy: nullptr
  whole_key_filtering: 1
  verify_compression: 0
  read_amp_bytes_per_bit: 0
  format_version: 2
  enable_index_compression: 1
  block_align: 0
2019/10/17-14:56:01.698195 7fbc2cd30700        Options.write_buffer_size: 67108864
2019/10/17-14:56:01.698195 7fbc2cd30700  Options.max_write_buffer_number: 2
2019/10/17-14:56:01.698196 7fbc2cd30700          Options.compression: NoCompression
2019/10/17-14:56:01.698197 7fbc2cd30700                  Options.bottommost_compression: Disabled
2019/10/17-14:56:01.698197 7fbc2cd30700       Options.prefix_extractor: nullptr
2019/10/17-14:56:01.698198 7fbc2cd30700   Options.memtable_insert_with_hint_prefix_extractor: nullptr
2019/10/17-14:56:01.698199 7fbc2cd30700             Options.num_levels: 7
2019/10/17-14:56:01.698199 7fbc2cd30700        Options.min_write_buffer_number_to_merge: 1
2019/10/17-14:56:01.698200 7fbc2cd30700     Options.max_write_buffer_number_to_maintain: 0
2019/10/17-14:56:01.698200 7fbc2cd30700            Options.bottommost_compression_opts.window_bits: -14
2019/10/17-14:56:01.698201 7fbc2cd30700                  Options.bottommost_compression_opts.level: 32767
2019/10/17-14:56:01.698202 7fbc2cd30700               Options.bottommost_compression_opts.strategy: 0
2019/10/17-14:56:01.698202 7fbc2cd30700         Options.bottommost_compression_opts.max_dict_bytes: 0
2019/10/17-14:56:01.698203 7fbc2cd30700         Options.bottommost_compression_opts.zstd_max_train_bytes: 0
2019/10/17-14:56:01.698204 7fbc2cd30700                  Options.bottommost_compression_opts.enabled: false
2019/10/17-14:56:01.698204 7fbc2cd30700            Options.compression_opts.window_bits: -14
2019/10/17-14:56:01.698205 7fbc2cd30700                  Options.compression_opts.level: 32767
2019/10/17-14:56:01.698205 7fbc2cd30700               Options.compression_opts.strategy: 0
2019/10/17-14:56:01.698206 7fbc2cd30700         Options.compression_opts.max_dict_bytes: 0
2019/10/17-14:56:01.698207 7fbc2cd30700         Options.compression_opts.zstd_max_train_bytes: 0
2019/10/17-14:56:01.698207 7fbc2cd30700                  Options.compression_opts.enabled: false
2019/10/17-14:56:01.698208 7fbc2cd30700      Options.level0_file_num_compaction_trigger: 4
2019/10/17-14:56:01.698209 7fbc2cd30700          Options.level0_slowdown_writes_trigger: 20
2019/10/17-14:56:01.698209 7fbc2cd30700              Options.level0_stop_writes_trigger: 36
2019/10/17-14:56:01.698210 7fbc2cd30700                   Options.target_file_size_base: 67108864
2019/10/17-14:56:01.698210 7fbc2cd30700             Options.target_file_size_multiplier: 1
2019/10/17-14:56:01.698211 7fbc2cd30700                Options.max_bytes_for_level_base: 268435456
2019/10/17-14:56:01.698212 7fbc2cd30700 Options.level_compaction_dynamic_level_bytes: 0
2019/10/17-14:56:01.698212 7fbc2cd30700          Options.max_bytes_for_level_multiplier: 10.000000
2019/10/17-14:56:01.698213 7fbc2cd30700 Options.max_bytes_for_level_multiplier_addtl[0]: 1
2019/10/17-14:56:01.698214 7fbc2cd30700 Options.max_bytes_for_level_multiplier_addtl[1]: 1
2019/10/17-14:56:01.698215 7fbc2cd30700 Options.max_bytes_for_level_multiplier_addtl[2]: 1
2019/10/17-14:56:01.698215 7fbc2cd30700 Options.max_bytes_for_level_multiplier_addtl[3]: 1
2019/10/17-14:56:01.698216 7fbc2cd30700 Options.max_bytes_for_level_multiplier_addtl[4]: 1
2019/10/17-14:56:01.698217 7fbc2cd30700 Options.max_bytes_for_level_multiplier_addtl[5]: 1
2019/10/17-14:56:01.698217 7fbc2cd30700 Options.max_bytes_for_level_multiplier_addtl[6]: 1
2019/10/17-14:56:01.698218 7fbc2cd30700       Options.max_sequential_skip_in_iterations: 8
2019/10/17-14:56:01.698222 7fbc2cd30700                    Options.max_compaction_bytes: 1677721600
2019/10/17-14:56:01.698222 7fbc2cd30700                        Options.arena_block_size: 8388608
2019/10/17-14:56:01.698223 7fbc2cd30700   Options.soft_pending_compaction_bytes_limit: 68719476736
2019/10/17-14:56:01.698224 7fbc2cd30700   Options.hard_pending_compaction_bytes_limit: 274877906944
2019/10/17-14:56:01.698224 7fbc2cd30700       Options.rate_limit_delay_max_milliseconds: 100
2019/10/17-14:56:01.698225 7fbc2cd30700                Options.disable_auto_compactions: 0
2019/10/17-14:56:01.698226 7fbc2cd30700                        Options.compaction_style: kCompactionStyleLevel
2019/10/17-14:56:01.698227 7fbc2cd30700                          Options.compaction_pri: kByCompensatedSize
2019/10/17-14:56:01.698227 7fbc2cd30700 Options.compaction_options_universal.size_ratio: 1
2019/10/17-14:56:01.698228 7fbc2cd30700 Options.compaction_options_universal.min_merge_width: 2
2019/10/17-14:56:01.698228 7fbc2cd30700 Options.compaction_options_universal.max_merge_width: 4294967295
2019/10/17-14:56:01.698229 7fbc2cd30700 Options.compaction_options_universal.max_size_amplification_percent: 200
2019/10/17-14:56:01.698230 7fbc2cd30700 Options.compaction_options_universal.compression_size_percent: -1
2019/10/17-14:56:01.698230 7fbc2cd30700 Options.compaction_options_universal.stop_style: kCompactionStopStyleTotalSize
2019/10/17-14:56:01.698231 7fbc2cd30700 Options.compaction_options_fifo.max_table_files_size: 1073741824
2019/10/17-14:56:01.698232 7fbc2cd30700 Options.compaction_options_fifo.allow_compaction: 0
2019/10/17-14:56:01.698232 7fbc2cd30700 Options.compaction_options_fifo.ttl: 0
2019/10/17-14:56:01.698233 7fbc2cd30700                   Options.table_properties_collectors: 
2019/10/17-14:56:01.698234 7fbc2cd30700                   Options.inplace_update_support: 0
2019/10/17-14:56:01.698234 7fbc2cd30700                 Options.inplace_update_num_locks: 10000
2019/10/17-14:56:01.698235 7fbc2cd30700               Options.memtable_prefix_bloom_size_ratio: 0.000000
2019/10/17-14:56:01.698236 7fbc2cd30700   Options.memtable_huge_page_size: 0
2019/10/17-14:56:01.698236 7fbc2cd30700                           Options.bloom_locality: 0
2019/10/17-14:56:01.698237 7fbc2cd30700                    Options.max_successive_merges: 0
2019/10/17-14:56:01.698238 7fbc2cd30700                Options.optimize_filters_for_hits: 0
2019/10/17-14:56:01.698238 7fbc2cd30700                Options.paranoid_file_checks: 0
2019/10/17-14:56:01.698239 7fbc2cd30700                Options.force_consistency_checks: 0
2019/10/17-14:56:01.698240 7fbc2cd30700                Options.report_bg_io_stats: 0
2019/10/17-14:56:01.698240 7fbc2cd30700                               Options.ttl: 0
2019/10/17-14:56:01.698253 7fbc2cd30700 [db/column_family.cc:472] --------------- Options for column family [entries]:
2019/10/17-14:56:01.698254 7fbc2cd30700               Options.comparator: leveldb.BytewiseComparator
2019/10/17-14:56:01.698255 7fbc2cd30700           Options.merge_operator: None
2019/10/17-14:56:01.698256 7fbc2cd30700        Options.compaction_filter: None
2019/10/17-14:56:01.698256 7fbc2cd30700        Options.compaction_filter_factory: None
2019/10/17-14:56:01.698257 7fbc2cd30700         Options.memtable_factory: SkipListFactory
2019/10/17-14:56:01.698258 7fbc2cd30700            Options.table_factory: BlockBasedTable
2019/10/17-14:56:01.698266 7fbc2cd30700            table_factory options:   flush_block_policy_factory: FlushBlockBySizePolicyFactory (0x7fbbb8057e80)
  cache_index_and_filter_blocks: 0
  cache_index_and_filter_blocks_with_high_priority: 0
  pin_l0_filter_and_index_blocks_in_cache: 0
  pin_top_level_index_and_filter: 1
  index_type: 0
  hash_index_allow_collision: 1
  checksum: 1
  no_block_cache: 0
  block_cache: 0x7fbbb80590b0
  block_cache_name: LRUCache
  block_cache_options:
    capacity : 8388608
    num_shard_bits : 4
    strict_capacity_limit : 0
    memory_allocator : None
    high_pri_pool_ratio: 0.000
  block_cache_compressed: (nil)
  persistent_cache: (nil)
  block_size: 4096
  block_size_deviation: 10
  block_restart_interval: 16
  index_block_restart_interval: 1
  metadata_block_size: 4096
  partition_filters: 0
  use_delta_encoding: 1
  filter_policy: nullptr
  whole_key_filtering: 1
  verify_compression: 0
  read_amp_bytes_per_bit: 0
  format_version: 2
  enable_index_compression: 1
  block_align: 0
2019/10/17-14:56:01.698271 7fbc2cd30700        Options.write_buffer_size: 67108864
2019/10/17-14:56:01.698271 7fbc2cd30700  Options.max_write_buffer_number: 2
2019/10/17-14:56:01.698272 7fbc2cd30700          Options.compression: NoCompression
2019/10/17-14:56:01.698273 7fbc2cd30700                  Options.bottommost_compression: Disabled
2019/10/17-14:56:01.698273 7fbc2cd30700       Options.prefix_extractor: nullptr
2019/10/17-14:56:01.698274 7fbc2cd30700   Options.memtable_insert_with_hint_prefix_extractor: nullptr
2019/10/17-14:56:01.698275 7fbc2cd30700             Options.num_levels: 7
2019/10/17-14:56:01.698275 7fbc2cd30700        Options.min_write_buffer_number_to_merge: 1
2019/10/17-14:56:01.698276 7fbc2cd30700     Options.max_write_buffer_number_to_maintain: 0
2019/10/17-14:56:01.698276 7fbc2cd30700            Options.bottommost_compression_opts.window_bits: -14
2019/10/17-14:56:01.698277 7fbc2cd30700                  Options.bottommost_compression_opts.level: 32767
2019/10/17-14:56:01.698278 7fbc2cd30700               Options.bottommost_compression_opts.strategy: 0
2019/10/17-14:56:01.698278 7fbc2cd30700         Options.bottommost_compression_opts.max_dict_bytes: 0
2019/10/17-14:56:01.698279 7fbc2cd30700         Options.bottommost_compression_opts.zstd_max_train_bytes: 0
2019/10/17-14:56:01.698279 7fbc2cd30700                  Options.bottommost_compression_opts.enabled: false
2019/10/17-14:56:01.698280 7fbc2cd30700            Options.compression_opts.window_bits: -14
2019/10/17-14:56:01.698281 7fbc2cd30700                  Options.compression_opts.level: 32767
2019/10/17-14:56:01.698281 7fbc2cd30700               Options.compression_opts.strategy: 0
2019/10/17-14:56:01.698282 7fbc2cd30700         Options.compression_opts.max_dict_bytes: 0
2019/10/17-14:56:01.698283 7fbc2cd30700         Options.compression_opts.zstd_max_train_bytes: 0
2019/10/17-14:56:01.698283 7fbc2cd30700                  Options.compression_opts.enabled: false
2019/10/17-14:56:01.698284 7fbc2cd30700      Options.level0_file_num_compaction_trigger: 4
2019/10/17-14:56:01.698284 7fbc2cd30700          Options.level0_slowdown_writes_trigger: 20
2019/10/17-14:56:01.698285 7fbc2cd30700              Options.level0_stop_writes_trigger: 36
2019/10/17-14:56:01.698286 7fbc2cd30700                   Options.target_file_size_base: 67108864
2019/10/17-14:56:01.698286 7fbc2cd30700             Options.target_file_size_multiplier: 1
2019/10/17-14:56:01.698287 7fbc2cd30700                Options.max_bytes_for_level_base: 268435456
2019/10/17-14:56:01.698288 7fbc2cd30700 Options.level_compaction_dynamic_level_bytes: 0
2019/10/17-14:56:01.698288 7fbc2cd30700          Options.max_bytes_for_level_multiplier: 10.000000
2019/10/17-14:56:01.698289 7fbc2cd30700 Options.max_bytes_for_level_multiplier_addtl[0]: 1
2019/10/17-14:56:01.698290 7fbc2cd30700 Options.max_bytes_for_level_multiplier_addtl[1]: 1
2019/10/17-14:56:01.698291 7fbc2cd30700 Options.max_bytes_for_level_multiplier_addtl[2]: 1
2019/10/17-14:56:01.698291 7fbc2cd30700 Options.max_bytes_for_level_multiplier_addtl[3]: 1
2019/10/17-14:56:01.698292 7fbc2cd30700 Options.max_bytes_for_level_multiplier_addtl[4]: 1
2019/10/17-14:56:01.698292 7fbc2cd30700 Options.max_bytes_for_level_multiplier_addtl[5]: 1
2019/10/17-14:56:01.698293 7fbc2cd30700 Options.max_bytes_for_level_multiplier_addtl[6]: 1
2019/10/17-14:56:01.698294 7fbc2cd30700       Options.max_sequential_skip_in_iterations: 8
2019/10/17-14:56:01.698294 7fbc2cd30700                    Options.max_compaction_bytes: 1677721600
2019/10/17-14:56:01.698295 7fbc2cd30700                        Options.arena_block_size: 8388608
2019/10/17-14:56:01.698296 7fbc2cd30700   Options.soft_pending_compaction_bytes_limit: 68719476736
2019/10/17-14:56:01.698299 7fbc2cd30700   Options.hard_pending_compaction_bytes_limit: 274877906944
2019/10/17-14:56:01.698300 7fbc2cd30700       Options.rate_limit_delay_max_milliseconds: 100
2019/10/17-14:56:01.698301 7fbc2cd30700                Options.disable_auto_compactions: 0
2019/10/17-14:56:01.698301 7fbc2cd30700                        Options.compaction_style: kCompactionStyleLevel
2019/10/17-14:56:01.698302 7fbc2cd30700                          Options.compaction_pri: kByCompensatedSize
2019/10/17-14:56:01.698303 7fbc2cd30700 Options.compaction_options_universal.size_ratio: 1
2019/10/17-14:56:01.698303 7fbc2cd30700 Options.compaction_options_universal.min_merge_width: 2
2019/10/17-14:56:01.698304 7fbc2cd30700 Options.compaction_options_universal.max_merge_width: 4294967295
2019/10/17-14:56:01.698305 7fbc2cd30700 Options.compaction_options_universal.max_size_amplification_percent: 200
2019/10/17-14:56:01.698305 7fbc2cd30700 Options.compaction_options_universal.compression_size_percent: -1
2019/10/17-14:56:01.698306 7fbc2cd30700 Options.compaction_options_universal.stop_style: kCompactionStopStyleTotalSize
2019/10/17-14:56:01.698307 7fbc2cd30700 Options.compaction_options_fifo.max_table_files_size: 1073741824
2019/10/17-14:56:01.698307 7fbc2cd30700 Options.compaction_options_fifo.allow_compaction: 0
2019/10/17-14:56:01.698308 7fbc2cd30700 Options.compaction_options_fifo.ttl: 0
2019/10/17-14:56:01.698308 7fbc2cd30700                   Options.table_properties_collectors: 
2019/10/17-14:56:01.698309 7fbc2cd30700                   Options.inplace_update_support: 0
2019/10/17-14:56:01.698310 7fbc2cd30700                 Options.inplace_update_num_locks: 10000
2019/10/17-14:56:01.698310 7fbc2cd30700               Options.memtable_prefix_bloom_size_ratio: 0.000000
2019/10/17-14:56:01.698311 7fbc2cd30700   Options.memtable_huge_page_size: 0
2019/10/17-14:56:01.698312 7fbc2cd30700                           Options.bloom_locality: 0
2019/10/17-14:56:01.698312 7fbc2cd30700                    Options.max_successive_merges: 0
2019/10/17-14:56:01.698313 7fbc2cd30700                Options.optimize_filters_for_hits: 0
2019/10/17-14:56:01.698314 7fbc2cd30700                Options.paranoid_file_checks: 0
2019/10/17-14:56:01.698314 7fbc2cd30700                Options.force_consistency_checks: 0
2019/10/17-14:56:01.698315 7fbc2cd30700                Options.report_bg_io_stats: 0
2019/10/17-14:56:01.698316 7fbc2cd30700                               Options.ttl: 0
2019/10/17-14:56:01.698327 7fbc2cd30700 [db/column_family.cc:472] --------------- Options for column family [dc_entries]:
2019/10/17-14:56:01.698328 7fbc2cd30700               Options.comparator: leveldb.BytewiseComparator
2019/10/17-14:56:01.698329 7fbc2cd30700           Options.merge_operator: None
2019/10/17-14:56:01.698329 7fbc2cd30700        Options.compaction_filter: None
2019/10/17-14:56:01.698330 7fbc2cd30700        Options.compaction_filter_factory: None
2019/10/17-14:56:01.698331 7fbc2cd30700         Options.memtable_factory: SkipListFactory
2019/10/17-14:56:01.698331 7fbc2cd30700            Options.table_factory: BlockBasedTable
2019/10/17-14:56:01.698339 7fbc2cd30700            table_factory options:   flush_block_policy_factory: FlushBlockBySizePolicyFactory (0x7fbbb806d8b0)
  cache_index_and_filter_blocks: 0
  cache_index_and_filter_blocks_with_high_priority: 0
  pin_l0_filter_and_index_blocks_in_cache: 0
  pin_top_level_index_and_filter: 1
  index_type: 0
  hash_index_allow_collision: 1
  checksum: 1
  no_block_cache: 0
  block_cache: 0x7fbbb8034340
  block_cache_name: LRUCache
  block_cache_options:
    capacity : 8388608
    num_shard_bits : 4
    strict_capacity_limit : 0
    memory_allocator : None
    high_pri_pool_ratio: 0.000
  block_cache_compressed: (nil)
  persistent_cache: (nil)
  block_size: 4096
  block_size_deviation: 10
  block_restart_interval: 16
  index_block_restart_interval: 1
  metadata_block_size: 4096
  partition_filters: 0
  use_delta_encoding: 1
  filter_policy: nullptr
  whole_key_filtering: 1
  verify_compression: 0
  read_amp_bytes_per_bit: 0
  format_version: 2
  enable_index_compression: 1
  block_align: 0
2019/10/17-14:56:01.698344 7fbc2cd30700        Options.write_buffer_size: 67108864
2019/10/17-14:56:01.698345 7fbc2cd30700  Options.max_write_buffer_number: 2
2019/10/17-14:56:01.698346 7fbc2cd30700          Options.compression: NoCompression
2019/10/17-14:56:01.698347 7fbc2cd30700                  Options.bottommost_compression: Disabled
2019/10/17-14:56:01.698347 7fbc2cd30700       Options.prefix_extractor: nullptr
2019/10/17-14:56:01.698348 7fbc2cd30700   Options.memtable_insert_with_hint_prefix_extractor: nullptr
2019/10/17-14:56:01.698348 7fbc2cd30700             Options.num_levels: 7
2019/10/17-14:56:01.698349 7fbc2cd30700        Options.min_write_buffer_number_to_merge: 1
2019/10/17-14:56:01.698350 7fbc2cd30700     Options.max_write_buffer_number_to_maintain: 0
2019/10/17-14:56:01.698350 7fbc2cd30700            Options.bottommost_compression_opts.window_bits: -14
2019/10/17-14:56:01.698351 7fbc2cd30700                  Options.bottommost_compression_opts.level: 32767
2019/10/17-14:56:01.698352 7fbc2cd30700               Options.bottommost_compression_opts.strategy: 0
2019/10/17-14:56:01.698352 7fbc2cd30700         Options.bottommost_compression_opts.max_dict_bytes: 0
2019/10/17-14:56:01.698353 7fbc2cd30700         Options.bottommost_compression_opts.zstd_max_train_bytes: 0
2019/10/17-14:56:01.698353 7fbc2cd30700                  Options.bottommost_compression_opts.enabled: false
2019/10/17-14:56:01.698354 7fbc2cd30700            Options.compression_opts.window_bits: -14
2019/10/17-14:56:01.698355 7fbc2cd30700                  Options.compression_opts.level: 32767
2019/10/17-14:56:01.698355 7fbc2cd30700               Options.compression_opts.strategy: 0
2019/10/17-14:56:01.698356 7fbc2cd30700         Options.compression_opts.max_dict_bytes: 0
2019/10/17-14:56:01.698357 7fbc2cd30700         Options.compression_opts.zstd_max_train_bytes: 0
2019/10/17-14:56:01.698357 7fbc2cd30700                  Options.compression_opts.enabled: false
2019/10/17-14:56:01.698358 7fbc2cd30700      Options.level0_file_num_compaction_trigger: 4
2019/10/17-14:56:01.698358 7fbc2cd30700          Options.level0_slowdown_writes_trigger: 20
2019/10/17-14:56:01.698359 7fbc2cd30700              Options.level0_stop_writes_trigger: 36
2019/10/17-14:56:01.698360 7fbc2cd30700                   Options.target_file_size_base: 67108864
2019/10/17-14:56:01.698360 7fbc2cd30700             Options.target_file_size_multiplier: 1
2019/10/17-14:56:01.698361 7fbc2cd30700                Options.max_bytes_for_level_base: 268435456
2019/10/17-14:56:01.698361 7fbc2cd30700 Options.level_compaction_dynamic_level_bytes: 0
2019/10/17-14:56:01.698362 7fbc2cd30700          Options.max_bytes_for_level_multiplier: 10.000000
2019/10/17-14:56:01.698363 7fbc2cd30700 Options.max_bytes_for_level_multiplier_addtl[0]: 1
2019/10/17-14:56:01.698364 7fbc2cd30700 Options.max_bytes_for_level_multiplier_addtl[1]: 1
2019/10/17-14:56:01.698364 7fbc2cd30700 Options.max_bytes_for_level_multiplier_addtl[2]: 1
2019/10/17-14:56:01.698365 7fbc2cd30700 Options.max_bytes_for_level_multiplier_addtl[3]: 1
2019/10/17-14:56:01.698366 7fbc2cd30700 Options.max_bytes_for_level_multiplier_addtl[4]: 1
2019/10/17-14:56:01.698366 7fbc2cd30700 Options.max_bytes_for_level_multiplier_addtl[5]: 1
2019/10/17-14:56:01.698367 7fbc2cd30700 Options.max_bytes_for_level_multiplier_addtl[6]: 1
2019/10/17-14:56:01.698368 7fbc2cd30700       Options.max_sequential_skip_in_iterations: 8
2019/10/17-14:56:01.698368 7fbc2cd30700                    Options.max_compaction_bytes: 1677721600
2019/10/17-14:56:01.698369 7fbc2cd30700                        Options.arena_block_size: 8388608
2019/10/17-14:56:01.698369 7fbc2cd30700   Options.soft_pending_compaction_bytes_limit: 68719476736
2019/10/17-14:56:01.698370 7fbc2cd30700   Options.hard_pending_compaction_bytes_limit: 274877906944
2019/10/17-14:56:01.698371 7fbc2cd30700       Options.rate_limit_delay_max_milliseconds: 100
2019/10/17-14:56:01.698371 7fbc2cd30700                Options.disable_auto_compactions: 0
2019/10/17-14:56:01.698375 7fbc2cd30700                        Options.compaction_style: kCompactionStyleLevel
2019/10/17-14:56:01.698376 7fbc2cd30700                          Options.compaction_pri: kByCompensatedSize
2019/10/17-14:56:01.698377 7fbc2cd30700 Options.compaction_options_universal.size_ratio: 1
2019/10/17-14:56:01.698377 7fbc2cd30700 Options.compaction_options_universal.min_merge_width: 2
2019/10/17-14:56:01.698378 7fbc2cd30700 Options.compaction_options_universal.max_merge_width: 4294967295
2019/10/17-14:56:01.698378 7fbc2cd30700 Options.compaction_options_universal.max_size_amplification_percent: 200
2019/10/17-14:56:01.698379 7fbc2cd30700 Options.compaction_options_universal.compression_size_percent: -1
2019/10/17-14:56:01.698380 7fbc2cd30700 Options.compaction_options_universal.stop_style: kCompactionStopStyleTotalSize
2019/10/17-14:56:01.698380 7fbc2cd30700 Options.compaction_options_fifo.max_table_files_size: 1073741824
2019/10/17-14:56:01.698381 7fbc2cd30700 Options.compaction_options_fifo.allow_compaction: 0
2019/10/17-14:56:01.698382 7fbc2cd30700 Options.compaction_options_fifo.ttl: 0
2019/10/17-14:56:01.698382 7fbc2cd30700                   Options.table_properties_collectors: 
2019/10/17-14:56:01.698383 7fbc2cd30700                   Options.inplace_update_support: 0
2019/10/17-14:56:01.698383 7fbc2cd30700                 Options.inplace_update_num_locks: 10000
2019/10/17-14:56:01.698384 7fbc2cd30700               Options.memtable_prefix_bloom_size_ratio: 0.000000
2019/10/17-14:56:01.698385 7fbc2cd30700   Options.memtable_huge_page_size: 0
2019/10/17-14:56:01.698386 7fbc2cd30700                           Options.bloom_locality: 0
2019/10/17-14:56:01.698386 7fbc2cd30700                    Options.max_successive_merges: 0
2019/10/17-14:56:01.698387 7fbc2cd30700                Options.optimize_filters_for_hits: 0
2019/10/17-14:56:01.698388 7fbc2cd30700                Options.paranoid_file_checks: 0
2019/10/17-14:56:01.698388 7fbc2cd30700                Options.force_consistency_checks: 0
2019/10/17-14:56:01.698389 7fbc2cd30700                Options.report_bg_io_stats: 0
2019/10/17-14:56:01.698389 7fbc2cd30700                               Options.ttl: 0
2019/10/17-14:56:01.698413 7fbc2cd30700 [db/column_family.cc:472] --------------- Options for column family [htlcs]:
2019/10/17-14:56:01.698414 7fbc2cd30700               Options.comparator: leveldb.BytewiseComparator
2019/10/17-14:56:01.698414 7fbc2cd30700           Options.merge_operator: None
2019/10/17-14:56:01.698415 7fbc2cd30700        Options.compaction_filter: None
2019/10/17-14:56:01.698416 7fbc2cd30700        Options.compaction_filter_factory: None
2019/10/17-14:56:01.698416 7fbc2cd30700         Options.memtable_factory: SkipListFactory
2019/10/17-14:56:01.698417 7fbc2cd30700            Options.table_factory: BlockBasedTable
2019/10/17-14:56:01.698424 7fbc2cd30700            table_factory options:   flush_block_policy_factory: FlushBlockBySizePolicyFactory (0x7fbbb80959d0)
