2019/10/17-14:54:04.006193 7fc3a9fcb700 RocksDB version: 5.18.3
2019/10/17-14:54:04.006278 7fc3a9fcb700 Git sha rocksdb_build_git_sha:@0@
2019/10/17-14:54:04.006282 7fc3a9fcb700 Compile date Sep 19 2019
2019/10/17-14:54:04.006284 7fc3a9fcb700 DB SUMMARY
2019/10/17-14:54:04.007546 7fc3a9fcb700 CURRENT file:  CURRENT
2019/10/17-14:54:04.007551 7fc3a9fcb700 IDENTITY file:  IDENTITY
2019/10/17-14:54:04.007600 7fc3a9fcb700 MANIFEST file:  MANIFEST-114622 size: 4114 Bytes
2019/10/17-14:54:04.007603 7fc3a9fcb700 SST files in /home/rahul/dev/blockchain-core/eqc/ledger.db dir, Total Num: 29, files: 000624.sst 000627.sst 106940.sst 108447.sst 108450.sst 109471.sst 109483.sst 109485.sst 109486.sst 
2019/10/17-14:54:04.007606 7fc3a9fcb700 Write Ahead Log file in /home/rahul/dev/blockchain-core/eqc/ledger.db: 114623.log size: 0 ; 
2019/10/17-14:54:04.007662 7fc3a9fcb700                         Options.error_if_exists: 0
2019/10/17-14:54:04.007665 7fc3a9fcb700                       Options.create_if_missing: 1
2019/10/17-14:54:04.007666 7fc3a9fcb700                         Options.paranoid_checks: 1
2019/10/17-14:54:04.007667 7fc3a9fcb700                                     Options.env: 0x7fc32ae1fc60
2019/10/17-14:54:04.007669 7fc3a9fcb700                                Options.info_log: 0x7fc350061180
2019/10/17-14:54:04.007670 7fc3a9fcb700                Options.max_file_opening_threads: 16
2019/10/17-14:54:04.007672 7fc3a9fcb700                              Options.statistics: (nil)
2019/10/17-14:54:04.007673 7fc3a9fcb700                               Options.use_fsync: 0
2019/10/17-14:54:04.007675 7fc3a9fcb700                       Options.max_log_file_size: 0
2019/10/17-14:54:04.007676 7fc3a9fcb700                  Options.max_manifest_file_size: 1073741824
2019/10/17-14:54:04.007677 7fc3a9fcb700                   Options.log_file_time_to_roll: 0
2019/10/17-14:54:04.007679 7fc3a9fcb700                       Options.keep_log_file_num: 1000
2019/10/17-14:54:04.007680 7fc3a9fcb700                    Options.recycle_log_file_num: 0
2019/10/17-14:54:04.007681 7fc3a9fcb700                         Options.allow_fallocate: 1
2019/10/17-14:54:04.007683 7fc3a9fcb700                        Options.allow_mmap_reads: 0
2019/10/17-14:54:04.007684 7fc3a9fcb700                       Options.allow_mmap_writes: 0
2019/10/17-14:54:04.007685 7fc3a9fcb700                        Options.use_direct_reads: 0
2019/10/17-14:54:04.007686 7fc3a9fcb700                        Options.use_direct_io_for_flush_and_compaction: 0
2019/10/17-14:54:04.007688 7fc3a9fcb700          Options.create_missing_column_families: 0
2019/10/17-14:54:04.007689 7fc3a9fcb700                              Options.db_log_dir: 
2019/10/17-14:54:04.007690 7fc3a9fcb700                                 Options.wal_dir: /home/rahul/dev/blockchain-core/eqc/ledger.db
2019/10/17-14:54:04.007692 7fc3a9fcb700                Options.table_cache_numshardbits: 6
2019/10/17-14:54:04.007693 7fc3a9fcb700                      Options.max_subcompactions: 1
2019/10/17-14:54:04.007694 7fc3a9fcb700                  Options.max_background_flushes: -1
2019/10/17-14:54:04.007696 7fc3a9fcb700                         Options.WAL_ttl_seconds: 0
2019/10/17-14:54:04.007697 7fc3a9fcb700                       Options.WAL_size_limit_MB: 0
2019/10/17-14:54:04.007698 7fc3a9fcb700             Options.manifest_preallocation_size: 4194304
2019/10/17-14:54:04.007699 7fc3a9fcb700                     Options.is_fd_close_on_exec: 1
2019/10/17-14:54:04.007701 7fc3a9fcb700                   Options.advise_random_on_open: 1
2019/10/17-14:54:04.007702 7fc3a9fcb700                    Options.db_write_buffer_size: 0
2019/10/17-14:54:04.007703 7fc3a9fcb700                    Options.write_buffer_manager: 0x7fc35008f5c0
2019/10/17-14:54:04.007705 7fc3a9fcb700         Options.access_hint_on_compaction_start: 1
2019/10/17-14:54:04.007706 7fc3a9fcb700  Options.new_table_reader_for_compaction_inputs: 0
2019/10/17-14:54:04.007707 7fc3a9fcb700           Options.random_access_max_buffer_size: 1048576
2019/10/17-14:54:04.007708 7fc3a9fcb700                      Options.use_adaptive_mutex: 0
2019/10/17-14:54:04.007710 7fc3a9fcb700                            Options.rate_limiter: (nil)
2019/10/17-14:54:04.007729 7fc3a9fcb700     Options.sst_file_manager.rate_bytes_per_sec: 0
2019/10/17-14:54:04.007731 7fc3a9fcb700                       Options.wal_recovery_mode: 2
2019/10/17-14:54:04.007732 7fc3a9fcb700                  Options.enable_thread_tracking: 0
2019/10/17-14:54:04.007733 7fc3a9fcb700                  Options.enable_pipelined_write: 0
2019/10/17-14:54:04.007734 7fc3a9fcb700         Options.allow_concurrent_memtable_write: 1
2019/10/17-14:54:04.007736 7fc3a9fcb700      Options.enable_write_thread_adaptive_yield: 1
2019/10/17-14:54:04.007737 7fc3a9fcb700             Options.write_thread_max_yield_usec: 100
2019/10/17-14:54:04.007738 7fc3a9fcb700            Options.write_thread_slow_yield_usec: 3
2019/10/17-14:54:04.007740 7fc3a9fcb700                               Options.row_cache: None
2019/10/17-14:54:04.007741 7fc3a9fcb700                              Options.wal_filter: None
2019/10/17-14:54:04.007742 7fc3a9fcb700             Options.avoid_flush_during_recovery: 0
2019/10/17-14:54:04.007743 7fc3a9fcb700             Options.allow_ingest_behind: 0
2019/10/17-14:54:04.007745 7fc3a9fcb700             Options.preserve_deletes: 0
2019/10/17-14:54:04.007746 7fc3a9fcb700             Options.two_write_queues: 0
2019/10/17-14:54:04.007747 7fc3a9fcb700             Options.manual_wal_flush: 0
2019/10/17-14:54:04.007749 7fc3a9fcb700             Options.max_background_jobs: 2
2019/10/17-14:54:04.007750 7fc3a9fcb700             Options.max_background_compactions: -1
2019/10/17-14:54:04.007751 7fc3a9fcb700             Options.avoid_flush_during_shutdown: 0
2019/10/17-14:54:04.007752 7fc3a9fcb700           Options.writable_file_max_buffer_size: 1048576
2019/10/17-14:54:04.007754 7fc3a9fcb700             Options.delayed_write_rate : 16777216
2019/10/17-14:54:04.007755 7fc3a9fcb700             Options.max_total_wal_size: 0
2019/10/17-14:54:04.007756 7fc3a9fcb700             Options.delete_obsolete_files_period_micros: 21600000000
2019/10/17-14:54:04.007758 7fc3a9fcb700                   Options.stats_dump_period_sec: 600
2019/10/17-14:54:04.007759 7fc3a9fcb700                          Options.max_open_files: -1
2019/10/17-14:54:04.007760 7fc3a9fcb700                          Options.bytes_per_sync: 0
2019/10/17-14:54:04.007762 7fc3a9fcb700                      Options.wal_bytes_per_sync: 0
2019/10/17-14:54:04.007763 7fc3a9fcb700       Options.compaction_readahead_size: 0
2019/10/17-14:54:04.007764 7fc3a9fcb700 Compression algorithms supported:
2019/10/17-14:54:04.007766 7fc3a9fcb700 	kZSTDNotFinalCompression supported: 0
2019/10/17-14:54:04.007768 7fc3a9fcb700 	kZSTD supported: 0
2019/10/17-14:54:04.007769 7fc3a9fcb700 	kXpressCompression supported: 0
2019/10/17-14:54:04.007771 7fc3a9fcb700 	kLZ4HCCompression supported: 0
2019/10/17-14:54:04.007772 7fc3a9fcb700 	kLZ4Compression supported: 0
2019/10/17-14:54:04.007773 7fc3a9fcb700 	kBZip2Compression supported: 0
2019/10/17-14:54:04.007775 7fc3a9fcb700 	kZlibCompression supported: 0
2019/10/17-14:54:04.007776 7fc3a9fcb700 	kSnappyCompression supported: 0
2019/10/17-14:54:04.007779 7fc3a9fcb700 Fast CRC32 supported: Supported on x86
2019/10/17-14:54:04.007955 7fc3a9fcb700 [db/version_set.cc:3507] Recovering from manifest file: MANIFEST-114622
2019/10/17-14:54:04.008011 7fc3a9fcb700 [db/column_family.cc:472] --------------- Options for column family [default]:
2019/10/17-14:54:04.008014 7fc3a9fcb700               Options.comparator: leveldb.BytewiseComparator
2019/10/17-14:54:04.008015 7fc3a9fcb700           Options.merge_operator: None
2019/10/17-14:54:04.008016 7fc3a9fcb700        Options.compaction_filter: None
2019/10/17-14:54:04.008018 7fc3a9fcb700        Options.compaction_filter_factory: None
2019/10/17-14:54:04.008019 7fc3a9fcb700         Options.memtable_factory: SkipListFactory
2019/10/17-14:54:04.008021 7fc3a9fcb700            Options.table_factory: BlockBasedTable
2019/10/17-14:54:04.008046 7fc3a9fcb700            table_factory options:   flush_block_policy_factory: FlushBlockBySizePolicyFactory (0x7fc35000f1c0)
  cache_index_and_filter_blocks: 0
  cache_index_and_filter_blocks_with_high_priority: 0
  pin_l0_filter_and_index_blocks_in_cache: 0
  pin_top_level_index_and_filter: 1
  index_type: 0
  hash_index_allow_collision: 1
  checksum: 1
  no_block_cache: 0
  block_cache: 0x7fc35009cbd0
  block_cache_name: LRUCache
  block_cache_options:
    capacity : 8388608
    num_shard_bits : 4
    strict_capacity_limit : 0
    memory_allocator : None
    high_pri_pool_ratio: 0.000
  block_cache_compressed: (nil)
  persistent_cache: (nil)
  block_size: 4096
  block_size_deviation: 10
  block_restart_interval: 16
  index_block_restart_interval: 1
  metadata_block_size: 4096
  partition_filters: 0
  use_delta_encoding: 1
  filter_policy: nullptr
  whole_key_filtering: 1
  verify_compression: 0
  read_amp_bytes_per_bit: 0
  format_version: 2
  enable_index_compression: 1
  block_align: 0
2019/10/17-14:54:04.008060 7fc3a9fcb700        Options.write_buffer_size: 67108864
2019/10/17-14:54:04.008062 7fc3a9fcb700  Options.max_write_buffer_number: 2
2019/10/17-14:54:04.008063 7fc3a9fcb700          Options.compression: NoCompression
2019/10/17-14:54:04.008065 7fc3a9fcb700                  Options.bottommost_compression: Disabled
2019/10/17-14:54:04.008066 7fc3a9fcb700       Options.prefix_extractor: nullptr
2019/10/17-14:54:04.008067 7fc3a9fcb700   Options.memtable_insert_with_hint_prefix_extractor: nullptr
2019/10/17-14:54:04.008069 7fc3a9fcb700             Options.num_levels: 7
2019/10/17-14:54:04.008070 7fc3a9fcb700        Options.min_write_buffer_number_to_merge: 1
2019/10/17-14:54:04.008071 7fc3a9fcb700     Options.max_write_buffer_number_to_maintain: 0
2019/10/17-14:54:04.008073 7fc3a9fcb700            Options.bottommost_compression_opts.window_bits: -14
2019/10/17-14:54:04.008074 7fc3a9fcb700                  Options.bottommost_compression_opts.level: 32767
2019/10/17-14:54:04.008075 7fc3a9fcb700               Options.bottommost_compression_opts.strategy: 0
2019/10/17-14:54:04.008077 7fc3a9fcb700         Options.bottommost_compression_opts.max_dict_bytes: 0
2019/10/17-14:54:04.008078 7fc3a9fcb700         Options.bottommost_compression_opts.zstd_max_train_bytes: 0
2019/10/17-14:54:04.008079 7fc3a9fcb700                  Options.bottommost_compression_opts.enabled: false
2019/10/17-14:54:04.008081 7fc3a9fcb700            Options.compression_opts.window_bits: -14
2019/10/17-14:54:04.008082 7fc3a9fcb700                  Options.compression_opts.level: 32767
2019/10/17-14:54:04.008083 7fc3a9fcb700               Options.compression_opts.strategy: 0
2019/10/17-14:54:04.008084 7fc3a9fcb700         Options.compression_opts.max_dict_bytes: 0
2019/10/17-14:54:04.008086 7fc3a9fcb700         Options.compression_opts.zstd_max_train_bytes: 0
2019/10/17-14:54:04.008087 7fc3a9fcb700                  Options.compression_opts.enabled: false
2019/10/17-14:54:04.008088 7fc3a9fcb700      Options.level0_file_num_compaction_trigger: 4
2019/10/17-14:54:04.008089 7fc3a9fcb700          Options.level0_slowdown_writes_trigger: 20
2019/10/17-14:54:04.008091 7fc3a9fcb700              Options.level0_stop_writes_trigger: 36
2019/10/17-14:54:04.008092 7fc3a9fcb700                   Options.target_file_size_base: 67108864
2019/10/17-14:54:04.008093 7fc3a9fcb700             Options.target_file_size_multiplier: 1
2019/10/17-14:54:04.008095 7fc3a9fcb700                Options.max_bytes_for_level_base: 268435456
2019/10/17-14:54:04.008096 7fc3a9fcb700 Options.level_compaction_dynamic_level_bytes: 0
2019/10/17-14:54:04.008097 7fc3a9fcb700          Options.max_bytes_for_level_multiplier: 10.000000
2019/10/17-14:54:04.008101 7fc3a9fcb700 Options.max_bytes_for_level_multiplier_addtl[0]: 1
2019/10/17-14:54:04.008102 7fc3a9fcb700 Options.max_bytes_for_level_multiplier_addtl[1]: 1
2019/10/17-14:54:04.008104 7fc3a9fcb700 Options.max_bytes_for_level_multiplier_addtl[2]: 1
2019/10/17-14:54:04.008105 7fc3a9fcb700 Options.max_bytes_for_level_multiplier_addtl[3]: 1
2019/10/17-14:54:04.008106 7fc3a9fcb700 Options.max_bytes_for_level_multiplier_addtl[4]: 1
2019/10/17-14:54:04.008114 7fc3a9fcb700 Options.max_bytes_for_level_multiplier_addtl[5]: 1
2019/10/17-14:54:04.008115 7fc3a9fcb700 Options.max_bytes_for_level_multiplier_addtl[6]: 1
2019/10/17-14:54:04.008116 7fc3a9fcb700       Options.max_sequential_skip_in_iterations: 8
2019/10/17-14:54:04.008118 7fc3a9fcb700                    Options.max_compaction_bytes: 1677721600
2019/10/17-14:54:04.008119 7fc3a9fcb700                        Options.arena_block_size: 8388608
2019/10/17-14:54:04.008120 7fc3a9fcb700   Options.soft_pending_compaction_bytes_limit: 68719476736
2019/10/17-14:54:04.008122 7fc3a9fcb700   Options.hard_pending_compaction_bytes_limit: 274877906944
2019/10/17-14:54:04.008123 7fc3a9fcb700       Options.rate_limit_delay_max_milliseconds: 100
2019/10/17-14:54:04.008124 7fc3a9fcb700                Options.disable_auto_compactions: 0
2019/10/17-14:54:04.008126 7fc3a9fcb700                        Options.compaction_style: kCompactionStyleLevel
2019/10/17-14:54:04.008128 7fc3a9fcb700                          Options.compaction_pri: kByCompensatedSize
2019/10/17-14:54:04.008130 7fc3a9fcb700 Options.compaction_options_universal.size_ratio: 1
2019/10/17-14:54:04.008131 7fc3a9fcb700 Options.compaction_options_universal.min_merge_width: 2
2019/10/17-14:54:04.008132 7fc3a9fcb700 Options.compaction_options_universal.max_merge_width: 4294967295
2019/10/17-14:54:04.008134 7fc3a9fcb700 Options.compaction_options_universal.max_size_amplification_percent: 200
2019/10/17-14:54:04.008135 7fc3a9fcb700 Options.compaction_options_universal.compression_size_percent: -1
2019/10/17-14:54:04.008137 7fc3a9fcb700 Options.compaction_options_universal.stop_style: kCompactionStopStyleTotalSize
2019/10/17-14:54:04.008138 7fc3a9fcb700 Options.compaction_options_fifo.max_table_files_size: 1073741824
2019/10/17-14:54:04.008139 7fc3a9fcb700 Options.compaction_options_fifo.allow_compaction: 0
2019/10/17-14:54:04.008141 7fc3a9fcb700 Options.compaction_options_fifo.ttl: 0
2019/10/17-14:54:04.008142 7fc3a9fcb700                   Options.table_properties_collectors: 
2019/10/17-14:54:04.008143 7fc3a9fcb700                   Options.inplace_update_support: 0
2019/10/17-14:54:04.008144 7fc3a9fcb700                 Options.inplace_update_num_locks: 10000
2019/10/17-14:54:04.008146 7fc3a9fcb700               Options.memtable_prefix_bloom_size_ratio: 0.000000
2019/10/17-14:54:04.008148 7fc3a9fcb700   Options.memtable_huge_page_size: 0
2019/10/17-14:54:04.008149 7fc3a9fcb700                           Options.bloom_locality: 0
2019/10/17-14:54:04.008150 7fc3a9fcb700                    Options.max_successive_merges: 0
2019/10/17-14:54:04.008151 7fc3a9fcb700                Options.optimize_filters_for_hits: 0
2019/10/17-14:54:04.008153 7fc3a9fcb700                Options.paranoid_file_checks: 0
2019/10/17-14:54:04.008154 7fc3a9fcb700                Options.force_consistency_checks: 0
2019/10/17-14:54:04.008155 7fc3a9fcb700                Options.report_bg_io_stats: 0
2019/10/17-14:54:04.008156 7fc3a9fcb700                               Options.ttl: 0
2019/10/17-14:54:04.008203 7fc3a9fcb700 [db/column_family.cc:472] --------------- Options for column family [active_gateways]:
2019/10/17-14:54:04.008206 7fc3a9fcb700               Options.comparator: leveldb.BytewiseComparator
2019/10/17-14:54:04.008207 7fc3a9fcb700           Options.merge_operator: None
2019/10/17-14:54:04.008208 7fc3a9fcb700        Options.compaction_filter: None
2019/10/17-14:54:04.008210 7fc3a9fcb700        Options.compaction_filter_factory: None
2019/10/17-14:54:04.008211 7fc3a9fcb700         Options.memtable_factory: SkipListFactory
2019/10/17-14:54:04.008212 7fc3a9fcb700            Options.table_factory: BlockBasedTable
2019/10/17-14:54:04.008230 7fc3a9fcb700            table_factory options:   flush_block_policy_factory: FlushBlockBySizePolicyFactory (0x7fc350088440)
  cache_index_and_filter_blocks: 0
  cache_index_and_filter_blocks_with_high_priority: 0
  pin_l0_filter_and_index_blocks_in_cache: 0
  pin_top_level_index_and_filter: 1
  index_type: 0
  hash_index_allow_collision: 1
  checksum: 1
  no_block_cache: 0
  block_cache: 0x7fc3500368d0
  block_cache_name: LRUCache
  block_cache_options:
    capacity : 8388608
    num_shard_bits : 4
    strict_capacity_limit : 0
    memory_allocator : None
    high_pri_pool_ratio: 0.000
  block_cache_compressed: (nil)
  persistent_cache: (nil)
  block_size: 4096
  block_size_deviation: 10
  block_restart_interval: 16
  index_block_restart_interval: 1
  metadata_block_size: 4096
  partition_filters: 0
  use_delta_encoding: 1
  filter_policy: nullptr
  whole_key_filtering: 1
  verify_compression: 0
  read_amp_bytes_per_bit: 0
  format_version: 2
  enable_index_compression: 1
  block_align: 0
2019/10/17-14:54:04.008242 7fc3a9fcb700        Options.write_buffer_size: 67108864
2019/10/17-14:54:04.008243 7fc3a9fcb700  Options.max_write_buffer_number: 2
2019/10/17-14:54:04.008245 7fc3a9fcb700          Options.compression: NoCompression
2019/10/17-14:54:04.008246 7fc3a9fcb700                  Options.bottommost_compression: Disabled
2019/10/17-14:54:04.008247 7fc3a9fcb700       Options.prefix_extractor: nullptr
2019/10/17-14:54:04.008249 7fc3a9fcb700   Options.memtable_insert_with_hint_prefix_extractor: nullptr
2019/10/17-14:54:04.008250 7fc3a9fcb700             Options.num_levels: 7
2019/10/17-14:54:04.008251 7fc3a9fcb700        Options.min_write_buffer_number_to_merge: 1
2019/10/17-14:54:04.008252 7fc3a9fcb700     Options.max_write_buffer_number_to_maintain: 0
2019/10/17-14:54:04.008253 7fc3a9fcb700            Options.bottommost_compression_opts.window_bits: -14
2019/10/17-14:54:04.008255 7fc3a9fcb700                  Options.bottommost_compression_opts.level: 32767
2019/10/17-14:54:04.008256 7fc3a9fcb700               Options.bottommost_compression_opts.strategy: 0
2019/10/17-14:54:04.008257 7fc3a9fcb700         Options.bottommost_compression_opts.max_dict_bytes: 0
2019/10/17-14:54:04.008259 7fc3a9fcb700         Options.bottommost_compression_opts.zstd_max_train_bytes: 0
2019/10/17-14:54:04.008260 7fc3a9fcb700                  Options.bottommost_compression_opts.enabled: false
2019/10/17-14:54:04.008261 7fc3a9fcb700            Options.compression_opts.window_bits: -14
2019/10/17-14:54:04.008262 7fc3a9fcb700                  Options.compression_opts.level: 32767
2019/10/17-14:54:04.008264 7fc3a9fcb700               Options.compression_opts.strategy: 0
2019/10/17-14:54:04.008265 7fc3a9fcb700         Options.compression_opts.max_dict_bytes: 0
2019/10/17-14:54:04.008266 7fc3a9fcb700         Options.compression_opts.zstd_max_train_bytes: 0
2019/10/17-14:54:04.008267 7fc3a9fcb700                  Options.compression_opts.enabled: false
2019/10/17-14:54:04.008269 7fc3a9fcb700      Options.level0_file_num_compaction_trigger: 4
2019/10/17-14:54:04.008270 7fc3a9fcb700          Options.level0_slowdown_writes_trigger: 20
2019/10/17-14:54:04.008271 7fc3a9fcb700              Options.level0_stop_writes_trigger: 36
2019/10/17-14:54:04.008272 7fc3a9fcb700                   Options.target_file_size_base: 67108864
2019/10/17-14:54:04.008274 7fc3a9fcb700             Options.target_file_size_multiplier: 1
2019/10/17-14:54:04.008275 7fc3a9fcb700                Options.max_bytes_for_level_base: 268435456
2019/10/17-14:54:04.008276 7fc3a9fcb700 Options.level_compaction_dynamic_level_bytes: 0
2019/10/17-14:54:04.008277 7fc3a9fcb700          Options.max_bytes_for_level_multiplier: 10.000000
2019/10/17-14:54:04.008280 7fc3a9fcb700 Options.max_bytes_for_level_multiplier_addtl[0]: 1
2019/10/17-14:54:04.008281 7fc3a9fcb700 Options.max_bytes_for_level_multiplier_addtl[1]: 1
2019/10/17-14:54:04.008282 7fc3a9fcb700 Options.max_bytes_for_level_multiplier_addtl[2]: 1
2019/10/17-14:54:04.008284 7fc3a9fcb700 Options.max_bytes_for_level_multiplier_addtl[3]: 1
2019/10/17-14:54:04.008285 7fc3a9fcb700 Options.max_bytes_for_level_multiplier_addtl[4]: 1
2019/10/17-14:54:04.008286 7fc3a9fcb700 Options.max_bytes_for_level_multiplier_addtl[5]: 1
2019/10/17-14:54:04.008287 7fc3a9fcb700 Options.max_bytes_for_level_multiplier_addtl[6]: 1
2019/10/17-14:54:04.008289 7fc3a9fcb700       Options.max_sequential_skip_in_iterations: 8
2019/10/17-14:54:04.008296 7fc3a9fcb700                    Options.max_compaction_bytes: 1677721600
2019/10/17-14:54:04.008297 7fc3a9fcb700                        Options.arena_block_size: 8388608
2019/10/17-14:54:04.008298 7fc3a9fcb700   Options.soft_pending_compaction_bytes_limit: 68719476736
2019/10/17-14:54:04.008300 7fc3a9fcb700   Options.hard_pending_compaction_bytes_limit: 274877906944
2019/10/17-14:54:04.008301 7fc3a9fcb700       Options.rate_limit_delay_max_milliseconds: 100
2019/10/17-14:54:04.008302 7fc3a9fcb700                Options.disable_auto_compactions: 0
2019/10/17-14:54:04.008304 7fc3a9fcb700                        Options.compaction_style: kCompactionStyleLevel
2019/10/17-14:54:04.008305 7fc3a9fcb700                          Options.compaction_pri: kByCompensatedSize
2019/10/17-14:54:04.008307 7fc3a9fcb700 Options.compaction_options_universal.size_ratio: 1
2019/10/17-14:54:04.008308 7fc3a9fcb700 Options.compaction_options_universal.min_merge_width: 2
2019/10/17-14:54:04.008309 7fc3a9fcb700 Options.compaction_options_universal.max_merge_width: 4294967295
2019/10/17-14:54:04.008310 7fc3a9fcb700 Options.compaction_options_universal.max_size_amplification_percent: 200
2019/10/17-14:54:04.008312 7fc3a9fcb700 Options.compaction_options_universal.compression_size_percent: -1
2019/10/17-14:54:04.008313 7fc3a9fcb700 Options.compaction_options_universal.stop_style: kCompactionStopStyleTotalSize
2019/10/17-14:54:04.008314 7fc3a9fcb700 Options.compaction_options_fifo.max_table_files_size: 1073741824
2019/10/17-14:54:04.008316 7fc3a9fcb700 Options.compaction_options_fifo.allow_compaction: 0
2019/10/17-14:54:04.008317 7fc3a9fcb700 Options.compaction_options_fifo.ttl: 0
2019/10/17-14:54:04.008318 7fc3a9fcb700                   Options.table_properties_collectors: 
2019/10/17-14:54:04.008320 7fc3a9fcb700                   Options.inplace_update_support: 0
2019/10/17-14:54:04.008321 7fc3a9fcb700                 Options.inplace_update_num_locks: 10000
2019/10/17-14:54:04.008322 7fc3a9fcb700               Options.memtable_prefix_bloom_size_ratio: 0.000000
2019/10/17-14:54:04.008324 7fc3a9fcb700   Options.memtable_huge_page_size: 0
2019/10/17-14:54:04.008325 7fc3a9fcb700                           Options.bloom_locality: 0
2019/10/17-14:54:04.008326 7fc3a9fcb700                    Options.max_successive_merges: 0
2019/10/17-14:54:04.008328 7fc3a9fcb700                Options.optimize_filters_for_hits: 0
2019/10/17-14:54:04.008329 7fc3a9fcb700                Options.paranoid_file_checks: 0
2019/10/17-14:54:04.008330 7fc3a9fcb700                Options.force_consistency_checks: 0
2019/10/17-14:54:04.008331 7fc3a9fcb700                Options.report_bg_io_stats: 0
2019/10/17-14:54:04.008332 7fc3a9fcb700                               Options.ttl: 0
2019/10/17-14:54:04.008359 7fc3a9fcb700 [db/column_family.cc:472] --------------- Options for column family [entries]:
2019/10/17-14:54:04.008362 7fc3a9fcb700               Options.comparator: leveldb.BytewiseComparator
2019/10/17-14:54:04.008363 7fc3a9fcb700           Options.merge_operator: None
2019/10/17-14:54:04.008364 7fc3a9fcb700        Options.compaction_filter: None
2019/10/17-14:54:04.008366 7fc3a9fcb700        Options.compaction_filter_factory: None
2019/10/17-14:54:04.008367 7fc3a9fcb700         Options.memtable_factory: SkipListFactory
2019/10/17-14:54:04.008368 7fc3a9fcb700            Options.table_factory: BlockBasedTable
2019/10/17-14:54:04.008384 7fc3a9fcb700            table_factory options:   flush_block_policy_factory: FlushBlockBySizePolicyFactory (0x7fc3500895e0)
  cache_index_and_filter_blocks: 0
  cache_index_and_filter_blocks_with_high_priority: 0
  pin_l0_filter_and_index_blocks_in_cache: 0
  pin_top_level_index_and_filter: 1
  index_type: 0
  hash_index_allow_collision: 1
  checksum: 1
  no_block_cache: 0
  block_cache: 0x7fc35008f770
  block_cache_name: LRUCache
  block_cache_options:
    capacity : 8388608
    num_shard_bits : 4
    strict_capacity_limit : 0
    memory_allocator : None
    high_pri_pool_ratio: 0.000
  block_cache_compressed: (nil)
  persistent_cache: (nil)
  block_size: 4096
  block_size_deviation: 10
  block_restart_interval: 16
  index_block_restart_interval: 1
  metadata_block_size: 4096
  partition_filters: 0
  use_delta_encoding: 1
  filter_policy: nullptr
  whole_key_filtering: 1
  verify_compression: 0
  read_amp_bytes_per_bit: 0
  format_version: 2
  enable_index_compression: 1
  block_align: 0
2019/10/17-14:54:04.008395 7fc3a9fcb700        Options.write_buffer_size: 67108864
2019/10/17-14:54:04.008396 7fc3a9fcb700  Options.max_write_buffer_number: 2
2019/10/17-14:54:04.008398 7fc3a9fcb700          Options.compression: NoCompression
2019/10/17-14:54:04.008399 7fc3a9fcb700                  Options.bottommost_compression: Disabled
2019/10/17-14:54:04.008400 7fc3a9fcb700       Options.prefix_extractor: nullptr
2019/10/17-14:54:04.008401 7fc3a9fcb700   Options.memtable_insert_with_hint_prefix_extractor: nullptr
2019/10/17-14:54:04.008403 7fc3a9fcb700             Options.num_levels: 7
2019/10/17-14:54:04.008404 7fc3a9fcb700        Options.min_write_buffer_number_to_merge: 1
2019/10/17-14:54:04.008405 7fc3a9fcb700     Options.max_write_buffer_number_to_maintain: 0
2019/10/17-14:54:04.008406 7fc3a9fcb700            Options.bottommost_compression_opts.window_bits: -14
2019/10/17-14:54:04.008408 7fc3a9fcb700                  Options.bottommost_compression_opts.level: 32767
2019/10/17-14:54:04.008409 7fc3a9fcb700               Options.bottommost_compression_opts.strategy: 0
2019/10/17-14:54:04.008410 7fc3a9fcb700         Options.bottommost_compression_opts.max_dict_bytes: 0
2019/10/17-14:54:04.008411 7fc3a9fcb700         Options.bottommost_compression_opts.zstd_max_train_bytes: 0
2019/10/17-14:54:04.008413 7fc3a9fcb700                  Options.bottommost_compression_opts.enabled: false
2019/10/17-14:54:04.008414 7fc3a9fcb700            Options.compression_opts.window_bits: -14
2019/10/17-14:54:04.008415 7fc3a9fcb700                  Options.compression_opts.level: 32767
2019/10/17-14:54:04.008416 7fc3a9fcb700               Options.compression_opts.strategy: 0
2019/10/17-14:54:04.008418 7fc3a9fcb700         Options.compression_opts.max_dict_bytes: 0
2019/10/17-14:54:04.008419 7fc3a9fcb700         Options.compression_opts.zstd_max_train_bytes: 0
2019/10/17-14:54:04.008420 7fc3a9fcb700                  Options.compression_opts.enabled: false
2019/10/17-14:54:04.008421 7fc3a9fcb700      Options.level0_file_num_compaction_trigger: 4
2019/10/17-14:54:04.008423 7fc3a9fcb700          Options.level0_slowdown_writes_trigger: 20
2019/10/17-14:54:04.008424 7fc3a9fcb700              Options.level0_stop_writes_trigger: 36
2019/10/17-14:54:04.008425 7fc3a9fcb700                   Options.target_file_size_base: 67108864
2019/10/17-14:54:04.008427 7fc3a9fcb700             Options.target_file_size_multiplier: 1
2019/10/17-14:54:04.008428 7fc3a9fcb700                Options.max_bytes_for_level_base: 268435456
2019/10/17-14:54:04.008429 7fc3a9fcb700 Options.level_compaction_dynamic_level_bytes: 0
2019/10/17-14:54:04.008430 7fc3a9fcb700          Options.max_bytes_for_level_multiplier: 10.000000
2019/10/17-14:54:04.008432 7fc3a9fcb700 Options.max_bytes_for_level_multiplier_addtl[0]: 1
2019/10/17-14:54:04.008434 7fc3a9fcb700 Options.max_bytes_for_level_multiplier_addtl[1]: 1
2019/10/17-14:54:04.008435 7fc3a9fcb700 Options.max_bytes_for_level_multiplier_addtl[2]: 1
2019/10/17-14:54:04.008437 7fc3a9fcb700 Options.max_bytes_for_level_multiplier_addtl[3]: 1
2019/10/17-14:54:04.008438 7fc3a9fcb700 Options.max_bytes_for_level_multiplier_addtl[4]: 1
2019/10/17-14:54:04.008439 7fc3a9fcb700 Options.max_bytes_for_level_multiplier_addtl[5]: 1
2019/10/17-14:54:04.008440 7fc3a9fcb700 Options.max_bytes_for_level_multiplier_addtl[6]: 1
2019/10/17-14:54:04.008442 7fc3a9fcb700       Options.max_sequential_skip_in_iterations: 8
2019/10/17-14:54:04.008443 7fc3a9fcb700                    Options.max_compaction_bytes: 1677721600
2019/10/17-14:54:04.008444 7fc3a9fcb700                        Options.arena_block_size: 8388608
2019/10/17-14:54:04.008445 7fc3a9fcb700   Options.soft_pending_compaction_bytes_limit: 68719476736
2019/10/17-14:54:04.008453 7fc3a9fcb700   Options.hard_pending_compaction_bytes_limit: 274877906944
2019/10/17-14:54:04.008454 7fc3a9fcb700       Options.rate_limit_delay_max_milliseconds: 100
2019/10/17-14:54:04.008455 7fc3a9fcb700                Options.disable_auto_compactions: 0
2019/10/17-14:54:04.008457 7fc3a9fcb700                        Options.compaction_style: kCompactionStyleLevel
2019/10/17-14:54:04.008460 7fc3a9fcb700                          Options.compaction_pri: kByCompensatedSize
2019/10/17-14:54:04.008462 7fc3a9fcb700 Options.compaction_options_universal.size_ratio: 1
2019/10/17-14:54:04.008464 7fc3a9fcb700 Options.compaction_options_universal.min_merge_width: 2
2019/10/17-14:54:04.008466 7fc3a9fcb700 Options.compaction_options_universal.max_merge_width: 4294967295
2019/10/17-14:54:04.008468 7fc3a9fcb700 Options.compaction_options_universal.max_size_amplification_percent: 200
2019/10/17-14:54:04.008470 7fc3a9fcb700 Options.compaction_options_universal.compression_size_percent: -1
2019/10/17-14:54:04.008472 7fc3a9fcb700 Options.compaction_options_universal.stop_style: kCompactionStopStyleTotalSize
2019/10/17-14:54:04.008473 7fc3a9fcb700 Options.compaction_options_fifo.max_table_files_size: 1073741824
2019/10/17-14:54:04.008474 7fc3a9fcb700 Options.compaction_options_fifo.allow_compaction: 0
2019/10/17-14:54:04.008476 7fc3a9fcb700 Options.compaction_options_fifo.ttl: 0
2019/10/17-14:54:04.008477 7fc3a9fcb700                   Options.table_properties_collectors: 
2019/10/17-14:54:04.008478 7fc3a9fcb700                   Options.inplace_update_support: 0
2019/10/17-14:54:04.008479 7fc3a9fcb700                 Options.inplace_update_num_locks: 10000
2019/10/17-14:54:04.008481 7fc3a9fcb700               Options.memtable_prefix_bloom_size_ratio: 0.000000
2019/10/17-14:54:04.008482 7fc3a9fcb700   Options.memtable_huge_page_size: 0
2019/10/17-14:54:04.008484 7fc3a9fcb700                           Options.bloom_locality: 0
2019/10/17-14:54:04.008485 7fc3a9fcb700                    Options.max_successive_merges: 0
2019/10/17-14:54:04.008486 7fc3a9fcb700                Options.optimize_filters_for_hits: 0
2019/10/17-14:54:04.008487 7fc3a9fcb700                Options.paranoid_file_checks: 0
2019/10/17-14:54:04.008489 7fc3a9fcb700                Options.force_consistency_checks: 0
2019/10/17-14:54:04.008490 7fc3a9fcb700                Options.report_bg_io_stats: 0
2019/10/17-14:54:04.008491 7fc3a9fcb700                               Options.ttl: 0
2019/10/17-14:54:04.008517 7fc3a9fcb700 [db/column_family.cc:472] --------------- Options for column family [dc_entries]:
2019/10/17-14:54:04.008519 7fc3a9fcb700               Options.comparator: leveldb.BytewiseComparator
2019/10/17-14:54:04.008520 7fc3a9fcb700           Options.merge_operator: None
2019/10/17-14:54:04.008522 7fc3a9fcb700        Options.compaction_filter: None
2019/10/17-14:54:04.008523 7fc3a9fcb700        Options.compaction_filter_factory: None
2019/10/17-14:54:04.008524 7fc3a9fcb700         Options.memtable_factory: SkipListFactory
2019/10/17-14:54:04.008526 7fc3a9fcb700            Options.table_factory: BlockBasedTable
2019/10/17-14:54:04.008541 7fc3a9fcb700            table_factory options:   flush_block_policy_factory: FlushBlockBySizePolicyFactory (0x7fc35002a140)
  cache_index_and_filter_blocks: 0
  cache_index_and_filter_blocks_with_high_priority: 0
  pin_l0_filter_and_index_blocks_in_cache: 0
  pin_top_level_index_and_filter: 1
  index_type: 0
  hash_index_allow_collision: 1
  checksum: 1
  no_block_cache: 0
  block_cache: 0x7fc3500018b0
  block_cache_name: LRUCache
  block_cache_options:
    capacity : 8388608
    num_shard_bits : 4
    strict_capacity_limit : 0
    memory_allocator : None
    high_pri_pool_ratio: 0.000
  block_cache_compressed: (nil)
  persistent_cache: (nil)
  block_size: 4096
  block_size_deviation: 10
  block_restart_interval: 16
  index_block_restart_interval: 1
  metadata_block_size: 4096
  partition_filters: 0
  use_delta_encoding: 1
  filter_policy: nullptr
  whole_key_filtering: 1
  verify_compression: 0
  read_amp_bytes_per_bit: 0
  format_version: 2
  enable_index_compression: 1
  block_align: 0
2019/10/17-14:54:04.008552 7fc3a9fcb700        Options.write_buffer_size: 67108864
2019/10/17-14:54:04.008553 7fc3a9fcb700  Options.max_write_buffer_number: 2
2019/10/17-14:54:04.008555 7fc3a9fcb700          Options.compression: NoCompression
2019/10/17-14:54:04.008556 7fc3a9fcb700                  Options.bottommost_compression: Disabled
2019/10/17-14:54:04.008557 7fc3a9fcb700       Options.prefix_extractor: nullptr
2019/10/17-14:54:04.008559 7fc3a9fcb700   Options.memtable_insert_with_hint_prefix_extractor: nullptr
2019/10/17-14:54:04.008560 7fc3a9fcb700             Options.num_levels: 7
2019/10/17-14:54:04.008561 7fc3a9fcb700        Options.min_write_buffer_number_to_merge: 1
2019/10/17-14:54:04.008562 7fc3a9fcb700     Options.max_write_buffer_number_to_maintain: 0
2019/10/17-14:54:04.008563 7fc3a9fcb700            Options.bottommost_compression_opts.window_bits: -14
2019/10/17-14:54:04.008565 7fc3a9fcb700                  Options.bottommost_compression_opts.level: 32767
2019/10/17-14:54:04.008566 7fc3a9fcb700               Options.bottommost_compression_opts.strategy: 0
2019/10/17-14:54:04.008567 7fc3a9fcb700         Options.bottommost_compression_opts.max_dict_bytes: 0
2019/10/17-14:54:04.008568 7fc3a9fcb700         Options.bottommost_compression_opts.zstd_max_train_bytes: 0
2019/10/17-14:54:04.008570 7fc3a9fcb700                  Options.bottommost_compression_opts.enabled: false
2019/10/17-14:54:04.008571 7fc3a9fcb700            Options.compression_opts.window_bits: -14
2019/10/17-14:54:04.008572 7fc3a9fcb700                  Options.compression_opts.level: 32767
2019/10/17-14:54:04.008574 7fc3a9fcb700               Options.compression_opts.strategy: 0
2019/10/17-14:54:04.008575 7fc3a9fcb700         Options.compression_opts.max_dict_bytes: 0
2019/10/17-14:54:04.008576 7fc3a9fcb700         Options.compression_opts.zstd_max_train_bytes: 0
2019/10/17-14:54:04.008577 7fc3a9fcb700                  Options.compression_opts.enabled: false
2019/10/17-14:54:04.008579 7fc3a9fcb700      Options.level0_file_num_compaction_trigger: 4
2019/10/17-14:54:04.008580 7fc3a9fcb700          Options.level0_slowdown_writes_trigger: 20
2019/10/17-14:54:04.008581 7fc3a9fcb700              Options.level0_stop_writes_trigger: 36
2019/10/17-14:54:04.008582 7fc3a9fcb700                   Options.target_file_size_base: 67108864
2019/10/17-14:54:04.008584 7fc3a9fcb700             Options.target_file_size_multiplier: 1
2019/10/17-14:54:04.008585 7fc3a9fcb700                Options.max_bytes_for_level_base: 268435456
2019/10/17-14:54:04.008586 7fc3a9fcb700 Options.level_compaction_dynamic_level_bytes: 0
2019/10/17-14:54:04.008587 7fc3a9fcb700          Options.max_bytes_for_level_multiplier: 10.000000
2019/10/17-14:54:04.008589 7fc3a9fcb700 Options.max_bytes_for_level_multiplier_addtl[0]: 1
2019/10/17-14:54:04.008591 7fc3a9fcb700 Options.max_bytes_for_level_multiplier_addtl[1]: 1
2019/10/17-14:54:04.008592 7fc3a9fcb700 Options.max_bytes_for_level_multiplier_addtl[2]: 1
2019/10/17-14:54:04.008593 7fc3a9fcb700 Options.max_bytes_for_level_multiplier_addtl[3]: 1
2019/10/17-14:54:04.008595 7fc3a9fcb700 Options.max_bytes_for_level_multiplier_addtl[4]: 1
2019/10/17-14:54:04.008596 7fc3a9fcb700 Options.max_bytes_for_level_multiplier_addtl[5]: 1
2019/10/17-14:54:04.008597 7fc3a9fcb700 Options.max_bytes_for_level_multiplier_addtl[6]: 1
2019/10/17-14:54:04.008598 7fc3a9fcb700       Options.max_sequential_skip_in_iterations: 8
2019/10/17-14:54:04.008600 7fc3a9fcb700                    Options.max_compaction_bytes: 1677721600
2019/10/17-14:54:04.008601 7fc3a9fcb700                        Options.arena_block_size: 8388608
2019/10/17-14:54:04.008602 7fc3a9fcb700   Options.soft_pending_compaction_bytes_limit: 68719476736
2019/10/17-14:54:04.008604 7fc3a9fcb700   Options.hard_pending_compaction_bytes_limit: 274877906944
2019/10/17-14:54:04.008605 7fc3a9fcb700       Options.rate_limit_delay_max_milliseconds: 100
2019/10/17-14:54:04.008606 7fc3a9fcb700                Options.disable_auto_compactions: 0
2019/10/17-14:54:04.008614 7fc3a9fcb700                        Options.compaction_style: kCompactionStyleLevel
2019/10/17-14:54:04.008615 7fc3a9fcb700                          Options.compaction_pri: kByCompensatedSize
2019/10/17-14:54:04.008617 7fc3a9fcb700 Options.compaction_options_universal.size_ratio: 1
2019/10/17-14:54:04.008618 7fc3a9fcb700 Options.compaction_options_universal.min_merge_width: 2
2019/10/17-14:54:04.008619 7fc3a9fcb700 Options.compaction_options_universal.max_merge_width: 4294967295
2019/10/17-14:54:04.008620 7fc3a9fcb700 Options.compaction_options_universal.max_size_amplification_percent: 200
2019/10/17-14:54:04.008622 7fc3a9fcb700 Options.compaction_options_universal.compression_size_percent: -1
2019/10/17-14:54:04.008623 7fc3a9fcb700 Options.compaction_options_universal.stop_style: kCompactionStopStyleTotalSize
2019/10/17-14:54:04.008624 7fc3a9fcb700 Options.compaction_options_fifo.max_table_files_size: 1073741824
2019/10/17-14:54:04.008625 7fc3a9fcb700 Options.compaction_options_fifo.allow_compaction: 0
2019/10/17-14:54:04.008627 7fc3a9fcb700 Options.compaction_options_fifo.ttl: 0
2019/10/17-14:54:04.008628 7fc3a9fcb700                   Options.table_properties_collectors: 
2019/10/17-14:54:04.008629 7fc3a9fcb700                   Options.inplace_update_support: 0
2019/10/17-14:54:04.008631 7fc3a9fcb700                 Options.inplace_update_num_locks: 10000
2019/10/17-14:54:04.008632 7fc3a9fcb700               Options.memtable_prefix_bloom_size_ratio: 0.000000
2019/10/17-14:54:04.008634 7fc3a9fcb700   Options.memtable_huge_page_size: 0
2019/10/17-14:54:04.008635 7fc3a9fcb700                           Options.bloom_locality: 0
2019/10/17-14:54:04.008636 7fc3a9fcb700                    Options.max_successive_merges: 0
2019/10/17-14:54:04.008637 7fc3a9fcb700                Options.optimize_filters_for_hits: 0
2019/10/17-14:54:04.008639 7fc3a9fcb700                Options.paranoid_file_checks: 0
2019/10/17-14:54:04.008640 7fc3a9fcb700                Options.force_consistency_checks: 0
2019/10/17-14:54:04.008641 7fc3a9fcb700                Options.report_bg_io_stats: 0
2019/10/17-14:54:04.008642 7fc3a9fcb700                               Options.ttl: 0
2019/10/17-14:54:04.008662 7fc3a9fcb700 [db/column_family.cc:472] --------------- Options for column family [htlcs]:
2019/10/17-14:54:04.008665 7fc3a9fcb700               Options.comparator: leveldb.BytewiseComparator
2019/10/17-14:54:04.008666 7fc3a9fcb700           Options.merge_operator: None
2019/10/17-14:54:04.008667 7fc3a9fcb700        Options.compaction_filter: None
2019/10/17-14:54:04.008668 7fc3a9fcb700        Options.compaction_filter_factory: None
2019/10/17-14:54:04.008670 7fc3a9fcb700         Options.memtable_factory: SkipListFactory
2019/10/17-14:54:04.008671 7fc3a9fcb700            Options.table_factory: BlockBasedTable
2019/10/17-14:54:04.008686 7fc3a9fcb700            table_factory options:   flush_block_policy_factory: FlushBlockBySizePolicyFactory (0x7fc350035a40)
