2019/10/17-14:54:13.899228 7fc3a9fcb700 RocksDB version: 5.18.3
2019/10/17-14:54:13.899336 7fc3a9fcb700 Git sha rocksdb_build_git_sha:@0@
2019/10/17-14:54:13.899339 7fc3a9fcb700 Compile date Sep 19 2019
2019/10/17-14:54:13.899341 7fc3a9fcb700 DB SUMMARY
2019/10/17-14:54:13.900532 7fc3a9fcb700 CURRENT file:  CURRENT
2019/10/17-14:54:13.900535 7fc3a9fcb700 IDENTITY file:  IDENTITY
2019/10/17-14:54:13.900584 7fc3a9fcb700 MANIFEST file:  MANIFEST-114877 size: 4114 Bytes
2019/10/17-14:54:13.900587 7fc3a9fcb700 SST files in /home/rahul/dev/blockchain-core/eqc/ledger.db dir, Total Num: 29, files: 000624.sst 000627.sst 106940.sst 108447.sst 108450.sst 109471.sst 109483.sst 109485.sst 109486.sst 
2019/10/17-14:54:13.900589 7fc3a9fcb700 Write Ahead Log file in /home/rahul/dev/blockchain-core/eqc/ledger.db: 114878.log size: 0 ; 
2019/10/17-14:54:13.900645 7fc3a9fcb700                         Options.error_if_exists: 0
2019/10/17-14:54:13.900647 7fc3a9fcb700                       Options.create_if_missing: 1
2019/10/17-14:54:13.900649 7fc3a9fcb700                         Options.paranoid_checks: 1
2019/10/17-14:54:13.900650 7fc3a9fcb700                                     Options.env: 0x7fc32ae1fc60
2019/10/17-14:54:13.900651 7fc3a9fcb700                                Options.info_log: 0x7fc350014150
2019/10/17-14:54:13.900653 7fc3a9fcb700                Options.max_file_opening_threads: 16
2019/10/17-14:54:13.900654 7fc3a9fcb700                              Options.statistics: (nil)
2019/10/17-14:54:13.900655 7fc3a9fcb700                               Options.use_fsync: 0
2019/10/17-14:54:13.900657 7fc3a9fcb700                       Options.max_log_file_size: 0
2019/10/17-14:54:13.900658 7fc3a9fcb700                  Options.max_manifest_file_size: 1073741824
2019/10/17-14:54:13.900659 7fc3a9fcb700                   Options.log_file_time_to_roll: 0
2019/10/17-14:54:13.900661 7fc3a9fcb700                       Options.keep_log_file_num: 1000
2019/10/17-14:54:13.900662 7fc3a9fcb700                    Options.recycle_log_file_num: 0
2019/10/17-14:54:13.900663 7fc3a9fcb700                         Options.allow_fallocate: 1
2019/10/17-14:54:13.900664 7fc3a9fcb700                        Options.allow_mmap_reads: 0
2019/10/17-14:54:13.900666 7fc3a9fcb700                       Options.allow_mmap_writes: 0
2019/10/17-14:54:13.900667 7fc3a9fcb700                        Options.use_direct_reads: 0
2019/10/17-14:54:13.900668 7fc3a9fcb700                        Options.use_direct_io_for_flush_and_compaction: 0
2019/10/17-14:54:13.900669 7fc3a9fcb700          Options.create_missing_column_families: 0
2019/10/17-14:54:13.900670 7fc3a9fcb700                              Options.db_log_dir: 
2019/10/17-14:54:13.900672 7fc3a9fcb700                                 Options.wal_dir: /home/rahul/dev/blockchain-core/eqc/ledger.db
2019/10/17-14:54:13.900673 7fc3a9fcb700                Options.table_cache_numshardbits: 6
2019/10/17-14:54:13.900674 7fc3a9fcb700                      Options.max_subcompactions: 1
2019/10/17-14:54:13.900675 7fc3a9fcb700                  Options.max_background_flushes: -1
2019/10/17-14:54:13.900677 7fc3a9fcb700                         Options.WAL_ttl_seconds: 0
2019/10/17-14:54:13.900678 7fc3a9fcb700                       Options.WAL_size_limit_MB: 0
2019/10/17-14:54:13.900679 7fc3a9fcb700             Options.manifest_preallocation_size: 4194304
2019/10/17-14:54:13.900681 7fc3a9fcb700                     Options.is_fd_close_on_exec: 1
2019/10/17-14:54:13.900682 7fc3a9fcb700                   Options.advise_random_on_open: 1
2019/10/17-14:54:13.900683 7fc3a9fcb700                    Options.db_write_buffer_size: 0
2019/10/17-14:54:13.900684 7fc3a9fcb700                    Options.write_buffer_manager: 0x7fc3500104e0
2019/10/17-14:54:13.900686 7fc3a9fcb700         Options.access_hint_on_compaction_start: 1
2019/10/17-14:54:13.900687 7fc3a9fcb700  Options.new_table_reader_for_compaction_inputs: 0
2019/10/17-14:54:13.900688 7fc3a9fcb700           Options.random_access_max_buffer_size: 1048576
2019/10/17-14:54:13.900689 7fc3a9fcb700                      Options.use_adaptive_mutex: 0
2019/10/17-14:54:13.900690 7fc3a9fcb700                            Options.rate_limiter: (nil)
2019/10/17-14:54:13.900704 7fc3a9fcb700     Options.sst_file_manager.rate_bytes_per_sec: 0
2019/10/17-14:54:13.900706 7fc3a9fcb700                       Options.wal_recovery_mode: 2
2019/10/17-14:54:13.900707 7fc3a9fcb700                  Options.enable_thread_tracking: 0
2019/10/17-14:54:13.900708 7fc3a9fcb700                  Options.enable_pipelined_write: 0
2019/10/17-14:54:13.900710 7fc3a9fcb700         Options.allow_concurrent_memtable_write: 1
2019/10/17-14:54:13.900711 7fc3a9fcb700      Options.enable_write_thread_adaptive_yield: 1
2019/10/17-14:54:13.900712 7fc3a9fcb700             Options.write_thread_max_yield_usec: 100
2019/10/17-14:54:13.900713 7fc3a9fcb700            Options.write_thread_slow_yield_usec: 3
2019/10/17-14:54:13.900715 7fc3a9fcb700                               Options.row_cache: None
2019/10/17-14:54:13.900716 7fc3a9fcb700                              Options.wal_filter: None
2019/10/17-14:54:13.900717 7fc3a9fcb700             Options.avoid_flush_during_recovery: 0
2019/10/17-14:54:13.900718 7fc3a9fcb700             Options.allow_ingest_behind: 0
2019/10/17-14:54:13.900720 7fc3a9fcb700             Options.preserve_deletes: 0
2019/10/17-14:54:13.900721 7fc3a9fcb700             Options.two_write_queues: 0
2019/10/17-14:54:13.900722 7fc3a9fcb700             Options.manual_wal_flush: 0
2019/10/17-14:54:13.900723 7fc3a9fcb700             Options.max_background_jobs: 2
2019/10/17-14:54:13.900725 7fc3a9fcb700             Options.max_background_compactions: -1
2019/10/17-14:54:13.900726 7fc3a9fcb700             Options.avoid_flush_during_shutdown: 0
2019/10/17-14:54:13.900727 7fc3a9fcb700           Options.writable_file_max_buffer_size: 1048576
2019/10/17-14:54:13.900728 7fc3a9fcb700             Options.delayed_write_rate : 16777216
2019/10/17-14:54:13.900730 7fc3a9fcb700             Options.max_total_wal_size: 0
2019/10/17-14:54:13.900731 7fc3a9fcb700             Options.delete_obsolete_files_period_micros: 21600000000
2019/10/17-14:54:13.900732 7fc3a9fcb700                   Options.stats_dump_period_sec: 600
2019/10/17-14:54:13.900733 7fc3a9fcb700                          Options.max_open_files: -1
2019/10/17-14:54:13.900735 7fc3a9fcb700                          Options.bytes_per_sync: 0
2019/10/17-14:54:13.900736 7fc3a9fcb700                      Options.wal_bytes_per_sync: 0
2019/10/17-14:54:13.900737 7fc3a9fcb700       Options.compaction_readahead_size: 0
2019/10/17-14:54:13.900738 7fc3a9fcb700 Compression algorithms supported:
2019/10/17-14:54:13.900740 7fc3a9fcb700 	kZSTDNotFinalCompression supported: 0
2019/10/17-14:54:13.900741 7fc3a9fcb700 	kZSTD supported: 0
2019/10/17-14:54:13.900743 7fc3a9fcb700 	kXpressCompression supported: 0
2019/10/17-14:54:13.900744 7fc3a9fcb700 	kLZ4HCCompression supported: 0
2019/10/17-14:54:13.900746 7fc3a9fcb700 	kLZ4Compression supported: 0
2019/10/17-14:54:13.900747 7fc3a9fcb700 	kBZip2Compression supported: 0
2019/10/17-14:54:13.900748 7fc3a9fcb700 	kZlibCompression supported: 0
2019/10/17-14:54:13.900749 7fc3a9fcb700 	kSnappyCompression supported: 0
2019/10/17-14:54:13.900752 7fc3a9fcb700 Fast CRC32 supported: Supported on x86
2019/10/17-14:54:13.900901 7fc3a9fcb700 [db/version_set.cc:3507] Recovering from manifest file: MANIFEST-114877
2019/10/17-14:54:13.900952 7fc3a9fcb700 [db/column_family.cc:472] --------------- Options for column family [default]:
2019/10/17-14:54:13.900955 7fc3a9fcb700               Options.comparator: leveldb.BytewiseComparator
2019/10/17-14:54:13.900956 7fc3a9fcb700           Options.merge_operator: None
2019/10/17-14:54:13.900958 7fc3a9fcb700        Options.compaction_filter: None
2019/10/17-14:54:13.900959 7fc3a9fcb700        Options.compaction_filter_factory: None
2019/10/17-14:54:13.900960 7fc3a9fcb700         Options.memtable_factory: SkipListFactory
2019/10/17-14:54:13.900962 7fc3a9fcb700            Options.table_factory: BlockBasedTable
2019/10/17-14:54:13.900984 7fc3a9fcb700            table_factory options:   flush_block_policy_factory: FlushBlockBySizePolicyFactory (0x7fc3500a0170)
  cache_index_and_filter_blocks: 0
  cache_index_and_filter_blocks_with_high_priority: 0
  pin_l0_filter_and_index_blocks_in_cache: 0
  pin_top_level_index_and_filter: 1
  index_type: 0
  hash_index_allow_collision: 1
  checksum: 1
  no_block_cache: 0
  block_cache: 0x7fc3501192a0
  block_cache_name: LRUCache
  block_cache_options:
    capacity : 8388608
    num_shard_bits : 4
    strict_capacity_limit : 0
    memory_allocator : None
    high_pri_pool_ratio: 0.000
  block_cache_compressed: (nil)
  persistent_cache: (nil)
  block_size: 4096
  block_size_deviation: 10
  block_restart_interval: 16
  index_block_restart_interval: 1
  metadata_block_size: 4096
  partition_filters: 0
  use_delta_encoding: 1
  filter_policy: nullptr
  whole_key_filtering: 1
  verify_compression: 0
  read_amp_bytes_per_bit: 0
  format_version: 2
  enable_index_compression: 1
  block_align: 0
2019/10/17-14:54:13.900998 7fc3a9fcb700        Options.write_buffer_size: 67108864
2019/10/17-14:54:13.901000 7fc3a9fcb700  Options.max_write_buffer_number: 2
2019/10/17-14:54:13.901002 7fc3a9fcb700          Options.compression: NoCompression
2019/10/17-14:54:13.901003 7fc3a9fcb700                  Options.bottommost_compression: Disabled
2019/10/17-14:54:13.901005 7fc3a9fcb700       Options.prefix_extractor: nullptr
2019/10/17-14:54:13.901006 7fc3a9fcb700   Options.memtable_insert_with_hint_prefix_extractor: nullptr
2019/10/17-14:54:13.901007 7fc3a9fcb700             Options.num_levels: 7
2019/10/17-14:54:13.901008 7fc3a9fcb700        Options.min_write_buffer_number_to_merge: 1
2019/10/17-14:54:13.901009 7fc3a9fcb700     Options.max_write_buffer_number_to_maintain: 0
2019/10/17-14:54:13.901011 7fc3a9fcb700            Options.bottommost_compression_opts.window_bits: -14
2019/10/17-14:54:13.901012 7fc3a9fcb700                  Options.bottommost_compression_opts.level: 32767
2019/10/17-14:54:13.901013 7fc3a9fcb700               Options.bottommost_compression_opts.strategy: 0
2019/10/17-14:54:13.901015 7fc3a9fcb700         Options.bottommost_compression_opts.max_dict_bytes: 0
2019/10/17-14:54:13.901016 7fc3a9fcb700         Options.bottommost_compression_opts.zstd_max_train_bytes: 0
2019/10/17-14:54:13.901017 7fc3a9fcb700                  Options.bottommost_compression_opts.enabled: false
2019/10/17-14:54:13.901018 7fc3a9fcb700            Options.compression_opts.window_bits: -14
2019/10/17-14:54:13.901020 7fc3a9fcb700                  Options.compression_opts.level: 32767
2019/10/17-14:54:13.901021 7fc3a9fcb700               Options.compression_opts.strategy: 0
2019/10/17-14:54:13.901022 7fc3a9fcb700         Options.compression_opts.max_dict_bytes: 0
2019/10/17-14:54:13.901023 7fc3a9fcb700         Options.compression_opts.zstd_max_train_bytes: 0
2019/10/17-14:54:13.901024 7fc3a9fcb700                  Options.compression_opts.enabled: false
2019/10/17-14:54:13.901026 7fc3a9fcb700      Options.level0_file_num_compaction_trigger: 4
2019/10/17-14:54:13.901027 7fc3a9fcb700          Options.level0_slowdown_writes_trigger: 20
2019/10/17-14:54:13.901028 7fc3a9fcb700              Options.level0_stop_writes_trigger: 36
2019/10/17-14:54:13.901029 7fc3a9fcb700                   Options.target_file_size_base: 67108864
2019/10/17-14:54:13.901031 7fc3a9fcb700             Options.target_file_size_multiplier: 1
2019/10/17-14:54:13.901032 7fc3a9fcb700                Options.max_bytes_for_level_base: 268435456
2019/10/17-14:54:13.901033 7fc3a9fcb700 Options.level_compaction_dynamic_level_bytes: 0
2019/10/17-14:54:13.901034 7fc3a9fcb700          Options.max_bytes_for_level_multiplier: 10.000000
2019/10/17-14:54:13.901037 7fc3a9fcb700 Options.max_bytes_for_level_multiplier_addtl[0]: 1
2019/10/17-14:54:13.901039 7fc3a9fcb700 Options.max_bytes_for_level_multiplier_addtl[1]: 1
2019/10/17-14:54:13.901040 7fc3a9fcb700 Options.max_bytes_for_level_multiplier_addtl[2]: 1
2019/10/17-14:54:13.901041 7fc3a9fcb700 Options.max_bytes_for_level_multiplier_addtl[3]: 1
2019/10/17-14:54:13.901043 7fc3a9fcb700 Options.max_bytes_for_level_multiplier_addtl[4]: 1
2019/10/17-14:54:13.901050 7fc3a9fcb700 Options.max_bytes_for_level_multiplier_addtl[5]: 1
2019/10/17-14:54:13.901051 7fc3a9fcb700 Options.max_bytes_for_level_multiplier_addtl[6]: 1
2019/10/17-14:54:13.901053 7fc3a9fcb700       Options.max_sequential_skip_in_iterations: 8
2019/10/17-14:54:13.901054 7fc3a9fcb700                    Options.max_compaction_bytes: 1677721600
2019/10/17-14:54:13.901055 7fc3a9fcb700                        Options.arena_block_size: 8388608
2019/10/17-14:54:13.901057 7fc3a9fcb700   Options.soft_pending_compaction_bytes_limit: 68719476736
2019/10/17-14:54:13.901058 7fc3a9fcb700   Options.hard_pending_compaction_bytes_limit: 274877906944
2019/10/17-14:54:13.901059 7fc3a9fcb700       Options.rate_limit_delay_max_milliseconds: 100
2019/10/17-14:54:13.901060 7fc3a9fcb700                Options.disable_auto_compactions: 0
2019/10/17-14:54:13.901062 7fc3a9fcb700                        Options.compaction_style: kCompactionStyleLevel
2019/10/17-14:54:13.901064 7fc3a9fcb700                          Options.compaction_pri: kByCompensatedSize
2019/10/17-14:54:13.901065 7fc3a9fcb700 Options.compaction_options_universal.size_ratio: 1
2019/10/17-14:54:13.901066 7fc3a9fcb700 Options.compaction_options_universal.min_merge_width: 2
2019/10/17-14:54:13.901068 7fc3a9fcb700 Options.compaction_options_universal.max_merge_width: 4294967295
2019/10/17-14:54:13.901069 7fc3a9fcb700 Options.compaction_options_universal.max_size_amplification_percent: 200
2019/10/17-14:54:13.901070 7fc3a9fcb700 Options.compaction_options_universal.compression_size_percent: -1
2019/10/17-14:54:13.901072 7fc3a9fcb700 Options.compaction_options_universal.stop_style: kCompactionStopStyleTotalSize
2019/10/17-14:54:13.901073 7fc3a9fcb700 Options.compaction_options_fifo.max_table_files_size: 1073741824
2019/10/17-14:54:13.901075 7fc3a9fcb700 Options.compaction_options_fifo.allow_compaction: 0
2019/10/17-14:54:13.901076 7fc3a9fcb700 Options.compaction_options_fifo.ttl: 0
2019/10/17-14:54:13.901077 7fc3a9fcb700                   Options.table_properties_collectors: 
2019/10/17-14:54:13.901078 7fc3a9fcb700                   Options.inplace_update_support: 0
2019/10/17-14:54:13.901080 7fc3a9fcb700                 Options.inplace_update_num_locks: 10000
2019/10/17-14:54:13.901081 7fc3a9fcb700               Options.memtable_prefix_bloom_size_ratio: 0.000000
2019/10/17-14:54:13.901083 7fc3a9fcb700   Options.memtable_huge_page_size: 0
2019/10/17-14:54:13.901084 7fc3a9fcb700                           Options.bloom_locality: 0
2019/10/17-14:54:13.901085 7fc3a9fcb700                    Options.max_successive_merges: 0
2019/10/17-14:54:13.901087 7fc3a9fcb700                Options.optimize_filters_for_hits: 0
2019/10/17-14:54:13.901088 7fc3a9fcb700                Options.paranoid_file_checks: 0
2019/10/17-14:54:13.901089 7fc3a9fcb700                Options.force_consistency_checks: 0
2019/10/17-14:54:13.901090 7fc3a9fcb700                Options.report_bg_io_stats: 0
2019/10/17-14:54:13.901091 7fc3a9fcb700                               Options.ttl: 0
2019/10/17-14:54:13.901134 7fc3a9fcb700 [db/column_family.cc:472] --------------- Options for column family [active_gateways]:
2019/10/17-14:54:13.901136 7fc3a9fcb700               Options.comparator: leveldb.BytewiseComparator
2019/10/17-14:54:13.901138 7fc3a9fcb700           Options.merge_operator: None
2019/10/17-14:54:13.901139 7fc3a9fcb700        Options.compaction_filter: None
2019/10/17-14:54:13.901140 7fc3a9fcb700        Options.compaction_filter_factory: None
2019/10/17-14:54:13.901141 7fc3a9fcb700         Options.memtable_factory: SkipListFactory
2019/10/17-14:54:13.901143 7fc3a9fcb700            Options.table_factory: BlockBasedTable
2019/10/17-14:54:13.901160 7fc3a9fcb700            table_factory options:   flush_block_policy_factory: FlushBlockBySizePolicyFactory (0x7fc350101bf0)
  cache_index_and_filter_blocks: 0
  cache_index_and_filter_blocks_with_high_priority: 0
  pin_l0_filter_and_index_blocks_in_cache: 0
  pin_top_level_index_and_filter: 1
  index_type: 0
  hash_index_allow_collision: 1
  checksum: 1
  no_block_cache: 0
  block_cache: 0x7fc35005e130
  block_cache_name: LRUCache
  block_cache_options:
    capacity : 8388608
    num_shard_bits : 4
    strict_capacity_limit : 0
    memory_allocator : None
    high_pri_pool_ratio: 0.000
  block_cache_compressed: (nil)
  persistent_cache: (nil)
  block_size: 4096
  block_size_deviation: 10
  block_restart_interval: 16
  index_block_restart_interval: 1
  metadata_block_size: 4096
  partition_filters: 0
  use_delta_encoding: 1
  filter_policy: nullptr
  whole_key_filtering: 1
  verify_compression: 0
  read_amp_bytes_per_bit: 0
  format_version: 2
  enable_index_compression: 1
  block_align: 0
2019/10/17-14:54:13.901170 7fc3a9fcb700        Options.write_buffer_size: 67108864
2019/10/17-14:54:13.901172 7fc3a9fcb700  Options.max_write_buffer_number: 2
2019/10/17-14:54:13.901173 7fc3a9fcb700          Options.compression: NoCompression
2019/10/17-14:54:13.901174 7fc3a9fcb700                  Options.bottommost_compression: Disabled
2019/10/17-14:54:13.901176 7fc3a9fcb700       Options.prefix_extractor: nullptr
2019/10/17-14:54:13.901177 7fc3a9fcb700   Options.memtable_insert_with_hint_prefix_extractor: nullptr
2019/10/17-14:54:13.901178 7fc3a9fcb700             Options.num_levels: 7
2019/10/17-14:54:13.901179 7fc3a9fcb700        Options.min_write_buffer_number_to_merge: 1
2019/10/17-14:54:13.901181 7fc3a9fcb700     Options.max_write_buffer_number_to_maintain: 0
2019/10/17-14:54:13.901182 7fc3a9fcb700            Options.bottommost_compression_opts.window_bits: -14
2019/10/17-14:54:13.901183 7fc3a9fcb700                  Options.bottommost_compression_opts.level: 32767
2019/10/17-14:54:13.901184 7fc3a9fcb700               Options.bottommost_compression_opts.strategy: 0
2019/10/17-14:54:13.901185 7fc3a9fcb700         Options.bottommost_compression_opts.max_dict_bytes: 0
2019/10/17-14:54:13.901187 7fc3a9fcb700         Options.bottommost_compression_opts.zstd_max_train_bytes: 0
2019/10/17-14:54:13.901188 7fc3a9fcb700                  Options.bottommost_compression_opts.enabled: false
2019/10/17-14:54:13.901189 7fc3a9fcb700            Options.compression_opts.window_bits: -14
2019/10/17-14:54:13.901190 7fc3a9fcb700                  Options.compression_opts.level: 32767
2019/10/17-14:54:13.901192 7fc3a9fcb700               Options.compression_opts.strategy: 0
2019/10/17-14:54:13.901193 7fc3a9fcb700         Options.compression_opts.max_dict_bytes: 0
2019/10/17-14:54:13.901194 7fc3a9fcb700         Options.compression_opts.zstd_max_train_bytes: 0
2019/10/17-14:54:13.901195 7fc3a9fcb700                  Options.compression_opts.enabled: false
2019/10/17-14:54:13.901196 7fc3a9fcb700      Options.level0_file_num_compaction_trigger: 4
2019/10/17-14:54:13.901198 7fc3a9fcb700          Options.level0_slowdown_writes_trigger: 20
2019/10/17-14:54:13.901199 7fc3a9fcb700              Options.level0_stop_writes_trigger: 36
2019/10/17-14:54:13.901200 7fc3a9fcb700                   Options.target_file_size_base: 67108864
2019/10/17-14:54:13.901201 7fc3a9fcb700             Options.target_file_size_multiplier: 1
2019/10/17-14:54:13.901202 7fc3a9fcb700                Options.max_bytes_for_level_base: 268435456
2019/10/17-14:54:13.901204 7fc3a9fcb700 Options.level_compaction_dynamic_level_bytes: 0
2019/10/17-14:54:13.901205 7fc3a9fcb700          Options.max_bytes_for_level_multiplier: 10.000000
2019/10/17-14:54:13.901207 7fc3a9fcb700 Options.max_bytes_for_level_multiplier_addtl[0]: 1
2019/10/17-14:54:13.901209 7fc3a9fcb700 Options.max_bytes_for_level_multiplier_addtl[1]: 1
2019/10/17-14:54:13.901210 7fc3a9fcb700 Options.max_bytes_for_level_multiplier_addtl[2]: 1
2019/10/17-14:54:13.901211 7fc3a9fcb700 Options.max_bytes_for_level_multiplier_addtl[3]: 1
2019/10/17-14:54:13.901212 7fc3a9fcb700 Options.max_bytes_for_level_multiplier_addtl[4]: 1
2019/10/17-14:54:13.901214 7fc3a9fcb700 Options.max_bytes_for_level_multiplier_addtl[5]: 1
2019/10/17-14:54:13.901215 7fc3a9fcb700 Options.max_bytes_for_level_multiplier_addtl[6]: 1
2019/10/17-14:54:13.901216 7fc3a9fcb700       Options.max_sequential_skip_in_iterations: 8
2019/10/17-14:54:13.901223 7fc3a9fcb700                    Options.max_compaction_bytes: 1677721600
2019/10/17-14:54:13.901225 7fc3a9fcb700                        Options.arena_block_size: 8388608
2019/10/17-14:54:13.901226 7fc3a9fcb700   Options.soft_pending_compaction_bytes_limit: 68719476736
2019/10/17-14:54:13.901227 7fc3a9fcb700   Options.hard_pending_compaction_bytes_limit: 274877906944
2019/10/17-14:54:13.901229 7fc3a9fcb700       Options.rate_limit_delay_max_milliseconds: 100
2019/10/17-14:54:13.901230 7fc3a9fcb700                Options.disable_auto_compactions: 0
2019/10/17-14:54:13.901231 7fc3a9fcb700                        Options.compaction_style: kCompactionStyleLevel
2019/10/17-14:54:13.901233 7fc3a9fcb700                          Options.compaction_pri: kByCompensatedSize
2019/10/17-14:54:13.901234 7fc3a9fcb700 Options.compaction_options_universal.size_ratio: 1
2019/10/17-14:54:13.901236 7fc3a9fcb700 Options.compaction_options_universal.min_merge_width: 2
2019/10/17-14:54:13.901237 7fc3a9fcb700 Options.compaction_options_universal.max_merge_width: 4294967295
2019/10/17-14:54:13.901238 7fc3a9fcb700 Options.compaction_options_universal.max_size_amplification_percent: 200
2019/10/17-14:54:13.901239 7fc3a9fcb700 Options.compaction_options_universal.compression_size_percent: -1
2019/10/17-14:54:13.901241 7fc3a9fcb700 Options.compaction_options_universal.stop_style: kCompactionStopStyleTotalSize
2019/10/17-14:54:13.901242 7fc3a9fcb700 Options.compaction_options_fifo.max_table_files_size: 1073741824
2019/10/17-14:54:13.901243 7fc3a9fcb700 Options.compaction_options_fifo.allow_compaction: 0
2019/10/17-14:54:13.901245 7fc3a9fcb700 Options.compaction_options_fifo.ttl: 0
2019/10/17-14:54:13.901246 7fc3a9fcb700                   Options.table_properties_collectors: 
2019/10/17-14:54:13.901247 7fc3a9fcb700                   Options.inplace_update_support: 0
2019/10/17-14:54:13.901248 7fc3a9fcb700                 Options.inplace_update_num_locks: 10000
2019/10/17-14:54:13.901249 7fc3a9fcb700               Options.memtable_prefix_bloom_size_ratio: 0.000000
2019/10/17-14:54:13.901251 7fc3a9fcb700   Options.memtable_huge_page_size: 0
2019/10/17-14:54:13.901253 7fc3a9fcb700                           Options.bloom_locality: 0
2019/10/17-14:54:13.901254 7fc3a9fcb700                    Options.max_successive_merges: 0
2019/10/17-14:54:13.901255 7fc3a9fcb700                Options.optimize_filters_for_hits: 0
2019/10/17-14:54:13.901256 7fc3a9fcb700                Options.paranoid_file_checks: 0
2019/10/17-14:54:13.901258 7fc3a9fcb700                Options.force_consistency_checks: 0
2019/10/17-14:54:13.901259 7fc3a9fcb700                Options.report_bg_io_stats: 0
2019/10/17-14:54:13.901260 7fc3a9fcb700                               Options.ttl: 0
2019/10/17-14:54:13.901286 7fc3a9fcb700 [db/column_family.cc:472] --------------- Options for column family [entries]:
2019/10/17-14:54:13.901288 7fc3a9fcb700               Options.comparator: leveldb.BytewiseComparator
2019/10/17-14:54:13.901289 7fc3a9fcb700           Options.merge_operator: None
2019/10/17-14:54:13.901290 7fc3a9fcb700        Options.compaction_filter: None
2019/10/17-14:54:13.901292 7fc3a9fcb700        Options.compaction_filter_factory: None
2019/10/17-14:54:13.901293 7fc3a9fcb700         Options.memtable_factory: SkipListFactory
2019/10/17-14:54:13.901294 7fc3a9fcb700            Options.table_factory: BlockBasedTable
2019/10/17-14:54:13.901310 7fc3a9fcb700            table_factory options:   flush_block_policy_factory: FlushBlockBySizePolicyFactory (0x7fc35007a030)
  cache_index_and_filter_blocks: 0
  cache_index_and_filter_blocks_with_high_priority: 0
  pin_l0_filter_and_index_blocks_in_cache: 0
  pin_top_level_index_and_filter: 1
  index_type: 0
  hash_index_allow_collision: 1
  checksum: 1
  no_block_cache: 0
  block_cache: 0x7fc3500a7f40
  block_cache_name: LRUCache
  block_cache_options:
    capacity : 8388608
    num_shard_bits : 4
    strict_capacity_limit : 0
    memory_allocator : None
    high_pri_pool_ratio: 0.000
  block_cache_compressed: (nil)
  persistent_cache: (nil)
  block_size: 4096
  block_size_deviation: 10
  block_restart_interval: 16
  index_block_restart_interval: 1
  metadata_block_size: 4096
  partition_filters: 0
  use_delta_encoding: 1
  filter_policy: nullptr
  whole_key_filtering: 1
  verify_compression: 0
  read_amp_bytes_per_bit: 0
  format_version: 2
  enable_index_compression: 1
  block_align: 0
2019/10/17-14:54:13.901319 7fc3a9fcb700        Options.write_buffer_size: 67108864
2019/10/17-14:54:13.901321 7fc3a9fcb700  Options.max_write_buffer_number: 2
2019/10/17-14:54:13.901322 7fc3a9fcb700          Options.compression: NoCompression
2019/10/17-14:54:13.901323 7fc3a9fcb700                  Options.bottommost_compression: Disabled
2019/10/17-14:54:13.901325 7fc3a9fcb700       Options.prefix_extractor: nullptr
2019/10/17-14:54:13.901326 7fc3a9fcb700   Options.memtable_insert_with_hint_prefix_extractor: nullptr
2019/10/17-14:54:13.901327 7fc3a9fcb700             Options.num_levels: 7
2019/10/17-14:54:13.901328 7fc3a9fcb700        Options.min_write_buffer_number_to_merge: 1
2019/10/17-14:54:13.901330 7fc3a9fcb700     Options.max_write_buffer_number_to_maintain: 0
2019/10/17-14:54:13.901331 7fc3a9fcb700            Options.bottommost_compression_opts.window_bits: -14
2019/10/17-14:54:13.901332 7fc3a9fcb700                  Options.bottommost_compression_opts.level: 32767
2019/10/17-14:54:13.901333 7fc3a9fcb700               Options.bottommost_compression_opts.strategy: 0
2019/10/17-14:54:13.901334 7fc3a9fcb700         Options.bottommost_compression_opts.max_dict_bytes: 0
2019/10/17-14:54:13.901336 7fc3a9fcb700         Options.bottommost_compression_opts.zstd_max_train_bytes: 0
2019/10/17-14:54:13.901337 7fc3a9fcb700                  Options.bottommost_compression_opts.enabled: false
2019/10/17-14:54:13.901338 7fc3a9fcb700            Options.compression_opts.window_bits: -14
2019/10/17-14:54:13.901339 7fc3a9fcb700                  Options.compression_opts.level: 32767
2019/10/17-14:54:13.901341 7fc3a9fcb700               Options.compression_opts.strategy: 0
2019/10/17-14:54:13.901342 7fc3a9fcb700         Options.compression_opts.max_dict_bytes: 0
2019/10/17-14:54:13.901343 7fc3a9fcb700         Options.compression_opts.zstd_max_train_bytes: 0
2019/10/17-14:54:13.901344 7fc3a9fcb700                  Options.compression_opts.enabled: false
2019/10/17-14:54:13.901345 7fc3a9fcb700      Options.level0_file_num_compaction_trigger: 4
2019/10/17-14:54:13.901347 7fc3a9fcb700          Options.level0_slowdown_writes_trigger: 20
2019/10/17-14:54:13.901348 7fc3a9fcb700              Options.level0_stop_writes_trigger: 36
2019/10/17-14:54:13.901349 7fc3a9fcb700                   Options.target_file_size_base: 67108864
2019/10/17-14:54:13.901350 7fc3a9fcb700             Options.target_file_size_multiplier: 1
2019/10/17-14:54:13.901351 7fc3a9fcb700                Options.max_bytes_for_level_base: 268435456
2019/10/17-14:54:13.901353 7fc3a9fcb700 Options.level_compaction_dynamic_level_bytes: 0
2019/10/17-14:54:13.901354 7fc3a9fcb700          Options.max_bytes_for_level_multiplier: 10.000000
2019/10/17-14:54:13.901356 7fc3a9fcb700 Options.max_bytes_for_level_multiplier_addtl[0]: 1
2019/10/17-14:54:13.901358 7fc3a9fcb700 Options.max_bytes_for_level_multiplier_addtl[1]: 1
2019/10/17-14:54:13.901359 7fc3a9fcb700 Options.max_bytes_for_level_multiplier_addtl[2]: 1
2019/10/17-14:54:13.901360 7fc3a9fcb700 Options.max_bytes_for_level_multiplier_addtl[3]: 1
2019/10/17-14:54:13.901361 7fc3a9fcb700 Options.max_bytes_for_level_multiplier_addtl[4]: 1
2019/10/17-14:54:13.901362 7fc3a9fcb700 Options.max_bytes_for_level_multiplier_addtl[5]: 1
2019/10/17-14:54:13.901364 7fc3a9fcb700 Options.max_bytes_for_level_multiplier_addtl[6]: 1
2019/10/17-14:54:13.901365 7fc3a9fcb700       Options.max_sequential_skip_in_iterations: 8
2019/10/17-14:54:13.901366 7fc3a9fcb700                    Options.max_compaction_bytes: 1677721600
2019/10/17-14:54:13.901367 7fc3a9fcb700                        Options.arena_block_size: 8388608
2019/10/17-14:54:13.901369 7fc3a9fcb700   Options.soft_pending_compaction_bytes_limit: 68719476736
2019/10/17-14:54:13.901376 7fc3a9fcb700   Options.hard_pending_compaction_bytes_limit: 274877906944
2019/10/17-14:54:13.901377 7fc3a9fcb700       Options.rate_limit_delay_max_milliseconds: 100
2019/10/17-14:54:13.901378 7fc3a9fcb700                Options.disable_auto_compactions: 0
2019/10/17-14:54:13.901380 7fc3a9fcb700                        Options.compaction_style: kCompactionStyleLevel
2019/10/17-14:54:13.901381 7fc3a9fcb700                          Options.compaction_pri: kByCompensatedSize
2019/10/17-14:54:13.901383 7fc3a9fcb700 Options.compaction_options_universal.size_ratio: 1
2019/10/17-14:54:13.901384 7fc3a9fcb700 Options.compaction_options_universal.min_merge_width: 2
2019/10/17-14:54:13.901385 7fc3a9fcb700 Options.compaction_options_universal.max_merge_width: 4294967295
2019/10/17-14:54:13.901386 7fc3a9fcb700 Options.compaction_options_universal.max_size_amplification_percent: 200
2019/10/17-14:54:13.901387 7fc3a9fcb700 Options.compaction_options_universal.compression_size_percent: -1
2019/10/17-14:54:13.901389 7fc3a9fcb700 Options.compaction_options_universal.stop_style: kCompactionStopStyleTotalSize
2019/10/17-14:54:13.901390 7fc3a9fcb700 Options.compaction_options_fifo.max_table_files_size: 1073741824
2019/10/17-14:54:13.901391 7fc3a9fcb700 Options.compaction_options_fifo.allow_compaction: 0
2019/10/17-14:54:13.901392 7fc3a9fcb700 Options.compaction_options_fifo.ttl: 0
2019/10/17-14:54:13.901394 7fc3a9fcb700                   Options.table_properties_collectors: 
2019/10/17-14:54:13.901395 7fc3a9fcb700                   Options.inplace_update_support: 0
2019/10/17-14:54:13.901396 7fc3a9fcb700                 Options.inplace_update_num_locks: 10000
2019/10/17-14:54:13.901397 7fc3a9fcb700               Options.memtable_prefix_bloom_size_ratio: 0.000000
2019/10/17-14:54:13.901399 7fc3a9fcb700   Options.memtable_huge_page_size: 0
2019/10/17-14:54:13.901400 7fc3a9fcb700                           Options.bloom_locality: 0
2019/10/17-14:54:13.901402 7fc3a9fcb700                    Options.max_successive_merges: 0
2019/10/17-14:54:13.901403 7fc3a9fcb700                Options.optimize_filters_for_hits: 0
2019/10/17-14:54:13.901404 7fc3a9fcb700                Options.paranoid_file_checks: 0
2019/10/17-14:54:13.901405 7fc3a9fcb700                Options.force_consistency_checks: 0
2019/10/17-14:54:13.901406 7fc3a9fcb700                Options.report_bg_io_stats: 0
2019/10/17-14:54:13.901408 7fc3a9fcb700                               Options.ttl: 0
2019/10/17-14:54:13.901431 7fc3a9fcb700 [db/column_family.cc:472] --------------- Options for column family [dc_entries]:
2019/10/17-14:54:13.901433 7fc3a9fcb700               Options.comparator: leveldb.BytewiseComparator
2019/10/17-14:54:13.901434 7fc3a9fcb700           Options.merge_operator: None
2019/10/17-14:54:13.901435 7fc3a9fcb700        Options.compaction_filter: None
2019/10/17-14:54:13.901437 7fc3a9fcb700        Options.compaction_filter_factory: None
2019/10/17-14:54:13.901438 7fc3a9fcb700         Options.memtable_factory: SkipListFactory
2019/10/17-14:54:13.901439 7fc3a9fcb700            Options.table_factory: BlockBasedTable
2019/10/17-14:54:13.901454 7fc3a9fcb700            table_factory options:   flush_block_policy_factory: FlushBlockBySizePolicyFactory (0x7fc3500a8870)
  cache_index_and_filter_blocks: 0
  cache_index_and_filter_blocks_with_high_priority: 0
  pin_l0_filter_and_index_blocks_in_cache: 0
  pin_top_level_index_and_filter: 1
  index_type: 0
  hash_index_allow_collision: 1
  checksum: 1
  no_block_cache: 0
  block_cache: 0x7fc35004dde0
  block_cache_name: LRUCache
  block_cache_options:
    capacity : 8388608
    num_shard_bits : 4
    strict_capacity_limit : 0
    memory_allocator : None
    high_pri_pool_ratio: 0.000
  block_cache_compressed: (nil)
  persistent_cache: (nil)
  block_size: 4096
  block_size_deviation: 10
  block_restart_interval: 16
  index_block_restart_interval: 1
  metadata_block_size: 4096
  partition_filters: 0
  use_delta_encoding: 1
  filter_policy: nullptr
  whole_key_filtering: 1
  verify_compression: 0
  read_amp_bytes_per_bit: 0
  format_version: 2
  enable_index_compression: 1
  block_align: 0
2019/10/17-14:54:13.901463 7fc3a9fcb700        Options.write_buffer_size: 67108864
2019/10/17-14:54:13.901465 7fc3a9fcb700  Options.max_write_buffer_number: 2
2019/10/17-14:54:13.901466 7fc3a9fcb700          Options.compression: NoCompression
2019/10/17-14:54:13.901468 7fc3a9fcb700                  Options.bottommost_compression: Disabled
2019/10/17-14:54:13.901469 7fc3a9fcb700       Options.prefix_extractor: nullptr
2019/10/17-14:54:13.901470 7fc3a9fcb700   Options.memtable_insert_with_hint_prefix_extractor: nullptr
2019/10/17-14:54:13.901471 7fc3a9fcb700             Options.num_levels: 7
2019/10/17-14:54:13.901472 7fc3a9fcb700        Options.min_write_buffer_number_to_merge: 1
2019/10/17-14:54:13.901474 7fc3a9fcb700     Options.max_write_buffer_number_to_maintain: 0
2019/10/17-14:54:13.901475 7fc3a9fcb700            Options.bottommost_compression_opts.window_bits: -14
2019/10/17-14:54:13.901476 7fc3a9fcb700                  Options.bottommost_compression_opts.level: 32767
2019/10/17-14:54:13.901477 7fc3a9fcb700               Options.bottommost_compression_opts.strategy: 0
2019/10/17-14:54:13.901478 7fc3a9fcb700         Options.bottommost_compression_opts.max_dict_bytes: 0
2019/10/17-14:54:13.901480 7fc3a9fcb700         Options.bottommost_compression_opts.zstd_max_train_bytes: 0
2019/10/17-14:54:13.901481 7fc3a9fcb700                  Options.bottommost_compression_opts.enabled: false
2019/10/17-14:54:13.901482 7fc3a9fcb700            Options.compression_opts.window_bits: -14
2019/10/17-14:54:13.901483 7fc3a9fcb700                  Options.compression_opts.level: 32767
2019/10/17-14:54:13.901484 7fc3a9fcb700               Options.compression_opts.strategy: 0
2019/10/17-14:54:13.901486 7fc3a9fcb700         Options.compression_opts.max_dict_bytes: 0
2019/10/17-14:54:13.901487 7fc3a9fcb700         Options.compression_opts.zstd_max_train_bytes: 0
2019/10/17-14:54:13.901488 7fc3a9fcb700                  Options.compression_opts.enabled: false
2019/10/17-14:54:13.901489 7fc3a9fcb700      Options.level0_file_num_compaction_trigger: 4
2019/10/17-14:54:13.901490 7fc3a9fcb700          Options.level0_slowdown_writes_trigger: 20
2019/10/17-14:54:13.901492 7fc3a9fcb700              Options.level0_stop_writes_trigger: 36
2019/10/17-14:54:13.901493 7fc3a9fcb700                   Options.target_file_size_base: 67108864
2019/10/17-14:54:13.901494 7fc3a9fcb700             Options.target_file_size_multiplier: 1
2019/10/17-14:54:13.901495 7fc3a9fcb700                Options.max_bytes_for_level_base: 268435456
2019/10/17-14:54:13.901496 7fc3a9fcb700 Options.level_compaction_dynamic_level_bytes: 0
2019/10/17-14:54:13.901498 7fc3a9fcb700          Options.max_bytes_for_level_multiplier: 10.000000
2019/10/17-14:54:13.901500 7fc3a9fcb700 Options.max_bytes_for_level_multiplier_addtl[0]: 1
2019/10/17-14:54:13.901501 7fc3a9fcb700 Options.max_bytes_for_level_multiplier_addtl[1]: 1
2019/10/17-14:54:13.901502 7fc3a9fcb700 Options.max_bytes_for_level_multiplier_addtl[2]: 1
2019/10/17-14:54:13.901504 7fc3a9fcb700 Options.max_bytes_for_level_multiplier_addtl[3]: 1
2019/10/17-14:54:13.901505 7fc3a9fcb700 Options.max_bytes_for_level_multiplier_addtl[4]: 1
2019/10/17-14:54:13.901506 7fc3a9fcb700 Options.max_bytes_for_level_multiplier_addtl[5]: 1
2019/10/17-14:54:13.901507 7fc3a9fcb700 Options.max_bytes_for_level_multiplier_addtl[6]: 1
2019/10/17-14:54:13.901509 7fc3a9fcb700       Options.max_sequential_skip_in_iterations: 8
2019/10/17-14:54:13.901510 7fc3a9fcb700                    Options.max_compaction_bytes: 1677721600
2019/10/17-14:54:13.901511 7fc3a9fcb700                        Options.arena_block_size: 8388608
2019/10/17-14:54:13.901512 7fc3a9fcb700   Options.soft_pending_compaction_bytes_limit: 68719476736
2019/10/17-14:54:13.901514 7fc3a9fcb700   Options.hard_pending_compaction_bytes_limit: 274877906944
2019/10/17-14:54:13.901515 7fc3a9fcb700       Options.rate_limit_delay_max_milliseconds: 100
2019/10/17-14:54:13.901516 7fc3a9fcb700                Options.disable_auto_compactions: 0
2019/10/17-14:54:13.901523 7fc3a9fcb700                        Options.compaction_style: kCompactionStyleLevel
2019/10/17-14:54:13.901525 7fc3a9fcb700                          Options.compaction_pri: kByCompensatedSize
2019/10/17-14:54:13.901526 7fc3a9fcb700 Options.compaction_options_universal.size_ratio: 1
2019/10/17-14:54:13.901527 7fc3a9fcb700 Options.compaction_options_universal.min_merge_width: 2
2019/10/17-14:54:13.901529 7fc3a9fcb700 Options.compaction_options_universal.max_merge_width: 4294967295
2019/10/17-14:54:13.901530 7fc3a9fcb700 Options.compaction_options_universal.max_size_amplification_percent: 200
2019/10/17-14:54:13.901531 7fc3a9fcb700 Options.compaction_options_universal.compression_size_percent: -1
2019/10/17-14:54:13.901533 7fc3a9fcb700 Options.compaction_options_universal.stop_style: kCompactionStopStyleTotalSize
2019/10/17-14:54:13.901534 7fc3a9fcb700 Options.compaction_options_fifo.max_table_files_size: 1073741824
2019/10/17-14:54:13.901535 7fc3a9fcb700 Options.compaction_options_fifo.allow_compaction: 0
2019/10/17-14:54:13.901536 7fc3a9fcb700 Options.compaction_options_fifo.ttl: 0
2019/10/17-14:54:13.901537 7fc3a9fcb700                   Options.table_properties_collectors: 
2019/10/17-14:54:13.901539 7fc3a9fcb700                   Options.inplace_update_support: 0
2019/10/17-14:54:13.901540 7fc3a9fcb700                 Options.inplace_update_num_locks: 10000
2019/10/17-14:54:13.901541 7fc3a9fcb700               Options.memtable_prefix_bloom_size_ratio: 0.000000
2019/10/17-14:54:13.901543 7fc3a9fcb700   Options.memtable_huge_page_size: 0
2019/10/17-14:54:13.901544 7fc3a9fcb700                           Options.bloom_locality: 0
2019/10/17-14:54:13.901545 7fc3a9fcb700                    Options.max_successive_merges: 0
2019/10/17-14:54:13.901546 7fc3a9fcb700                Options.optimize_filters_for_hits: 0
2019/10/17-14:54:13.901548 7fc3a9fcb700                Options.paranoid_file_checks: 0
2019/10/17-14:54:13.901549 7fc3a9fcb700                Options.force_consistency_checks: 0
2019/10/17-14:54:13.901550 7fc3a9fcb700                Options.report_bg_io_stats: 0
2019/10/17-14:54:13.901551 7fc3a9fcb700                               Options.ttl: 0
2019/10/17-14:54:13.901571 7fc3a9fcb700 [db/column_family.cc:472] --------------- Options for column family [htlcs]:
2019/10/17-14:54:13.901573 7fc3a9fcb700               Options.comparator: leveldb.BytewiseComparator
2019/10/17-14:54:13.901575 7fc3a9fcb700           Options.merge_operator: None
2019/10/17-14:54:13.901576 7fc3a9fcb700        Options.compaction_filter: None
2019/10/17-14:54:13.901577 7fc3a9fcb700        Options.compaction_filter_factory: None
2019/10/17-14:54:13.901578 7fc3a9fcb700         Options.memtable_factory: SkipListFactory
2019/10/17-14:54:13.901579 7fc3a9fcb700            Options.table_factory: BlockBasedTable
2019/10/17-14:54:13.901594 7fc3a9fcb700            table_factory options:   flush_block_policy_factory: FlushBlockBySizePolicyFactory (0x7fc35007ddc0)
