2019/10/17-14:54:03.065741 7fc3a9fcb700 RocksDB version: 5.18.3
2019/10/17-14:54:03.065849 7fc3a9fcb700 Git sha rocksdb_build_git_sha:@0@
2019/10/17-14:54:03.065852 7fc3a9fcb700 Compile date Sep 19 2019
2019/10/17-14:54:03.065854 7fc3a9fcb700 DB SUMMARY
2019/10/17-14:54:03.067053 7fc3a9fcb700 CURRENT file:  CURRENT
2019/10/17-14:54:03.067055 7fc3a9fcb700 IDENTITY file:  IDENTITY
2019/10/17-14:54:03.067094 7fc3a9fcb700 MANIFEST file:  MANIFEST-114598 size: 4114 Bytes
2019/10/17-14:54:03.067096 7fc3a9fcb700 SST files in /home/rahul/dev/blockchain-core/eqc/ledger.db dir, Total Num: 29, files: 000624.sst 000627.sst 106940.sst 108447.sst 108450.sst 109471.sst 109483.sst 109485.sst 109486.sst 
2019/10/17-14:54:03.067098 7fc3a9fcb700 Write Ahead Log file in /home/rahul/dev/blockchain-core/eqc/ledger.db: 114599.log size: 0 ; 
2019/10/17-14:54:03.067144 7fc3a9fcb700                         Options.error_if_exists: 0
2019/10/17-14:54:03.067145 7fc3a9fcb700                       Options.create_if_missing: 1
2019/10/17-14:54:03.067146 7fc3a9fcb700                         Options.paranoid_checks: 1
2019/10/17-14:54:03.067147 7fc3a9fcb700                                     Options.env: 0x7fc32ae1fc60
2019/10/17-14:54:03.067149 7fc3a9fcb700                                Options.info_log: 0x7fc3500573c0
2019/10/17-14:54:03.067150 7fc3a9fcb700                Options.max_file_opening_threads: 16
2019/10/17-14:54:03.067151 7fc3a9fcb700                              Options.statistics: (nil)
2019/10/17-14:54:03.067152 7fc3a9fcb700                               Options.use_fsync: 0
2019/10/17-14:54:03.067153 7fc3a9fcb700                       Options.max_log_file_size: 0
2019/10/17-14:54:03.067154 7fc3a9fcb700                  Options.max_manifest_file_size: 1073741824
2019/10/17-14:54:03.067155 7fc3a9fcb700                   Options.log_file_time_to_roll: 0
2019/10/17-14:54:03.067157 7fc3a9fcb700                       Options.keep_log_file_num: 1000
2019/10/17-14:54:03.067158 7fc3a9fcb700                    Options.recycle_log_file_num: 0
2019/10/17-14:54:03.067159 7fc3a9fcb700                         Options.allow_fallocate: 1
2019/10/17-14:54:03.067160 7fc3a9fcb700                        Options.allow_mmap_reads: 0
2019/10/17-14:54:03.067161 7fc3a9fcb700                       Options.allow_mmap_writes: 0
2019/10/17-14:54:03.067162 7fc3a9fcb700                        Options.use_direct_reads: 0
2019/10/17-14:54:03.067163 7fc3a9fcb700                        Options.use_direct_io_for_flush_and_compaction: 0
2019/10/17-14:54:03.067164 7fc3a9fcb700          Options.create_missing_column_families: 0
2019/10/17-14:54:03.067165 7fc3a9fcb700                              Options.db_log_dir: 
2019/10/17-14:54:03.067166 7fc3a9fcb700                                 Options.wal_dir: /home/rahul/dev/blockchain-core/eqc/ledger.db
2019/10/17-14:54:03.067167 7fc3a9fcb700                Options.table_cache_numshardbits: 6
2019/10/17-14:54:03.067168 7fc3a9fcb700                      Options.max_subcompactions: 1
2019/10/17-14:54:03.067169 7fc3a9fcb700                  Options.max_background_flushes: -1
2019/10/17-14:54:03.067170 7fc3a9fcb700                         Options.WAL_ttl_seconds: 0
2019/10/17-14:54:03.067171 7fc3a9fcb700                       Options.WAL_size_limit_MB: 0
2019/10/17-14:54:03.067172 7fc3a9fcb700             Options.manifest_preallocation_size: 4194304
2019/10/17-14:54:03.067173 7fc3a9fcb700                     Options.is_fd_close_on_exec: 1
2019/10/17-14:54:03.067174 7fc3a9fcb700                   Options.advise_random_on_open: 1
2019/10/17-14:54:03.067175 7fc3a9fcb700                    Options.db_write_buffer_size: 0
2019/10/17-14:54:03.067176 7fc3a9fcb700                    Options.write_buffer_manager: 0x7fc3500155d0
2019/10/17-14:54:03.067177 7fc3a9fcb700         Options.access_hint_on_compaction_start: 1
2019/10/17-14:54:03.067178 7fc3a9fcb700  Options.new_table_reader_for_compaction_inputs: 0
2019/10/17-14:54:03.067179 7fc3a9fcb700           Options.random_access_max_buffer_size: 1048576
2019/10/17-14:54:03.067180 7fc3a9fcb700                      Options.use_adaptive_mutex: 0
2019/10/17-14:54:03.067181 7fc3a9fcb700                            Options.rate_limiter: (nil)
2019/10/17-14:54:03.067193 7fc3a9fcb700     Options.sst_file_manager.rate_bytes_per_sec: 0
2019/10/17-14:54:03.067195 7fc3a9fcb700                       Options.wal_recovery_mode: 2
2019/10/17-14:54:03.067196 7fc3a9fcb700                  Options.enable_thread_tracking: 0
2019/10/17-14:54:03.067197 7fc3a9fcb700                  Options.enable_pipelined_write: 0
2019/10/17-14:54:03.067198 7fc3a9fcb700         Options.allow_concurrent_memtable_write: 1
2019/10/17-14:54:03.067199 7fc3a9fcb700      Options.enable_write_thread_adaptive_yield: 1
2019/10/17-14:54:03.067200 7fc3a9fcb700             Options.write_thread_max_yield_usec: 100
2019/10/17-14:54:03.067201 7fc3a9fcb700            Options.write_thread_slow_yield_usec: 3
2019/10/17-14:54:03.067202 7fc3a9fcb700                               Options.row_cache: None
2019/10/17-14:54:03.067203 7fc3a9fcb700                              Options.wal_filter: None
2019/10/17-14:54:03.067204 7fc3a9fcb700             Options.avoid_flush_during_recovery: 0
2019/10/17-14:54:03.067205 7fc3a9fcb700             Options.allow_ingest_behind: 0
2019/10/17-14:54:03.067206 7fc3a9fcb700             Options.preserve_deletes: 0
2019/10/17-14:54:03.067207 7fc3a9fcb700             Options.two_write_queues: 0
2019/10/17-14:54:03.067208 7fc3a9fcb700             Options.manual_wal_flush: 0
2019/10/17-14:54:03.067209 7fc3a9fcb700             Options.max_background_jobs: 2
2019/10/17-14:54:03.067210 7fc3a9fcb700             Options.max_background_compactions: -1
2019/10/17-14:54:03.067211 7fc3a9fcb700             Options.avoid_flush_during_shutdown: 0
2019/10/17-14:54:03.067212 7fc3a9fcb700           Options.writable_file_max_buffer_size: 1048576
2019/10/17-14:54:03.067213 7fc3a9fcb700             Options.delayed_write_rate : 16777216
2019/10/17-14:54:03.067215 7fc3a9fcb700             Options.max_total_wal_size: 0
2019/10/17-14:54:03.067216 7fc3a9fcb700             Options.delete_obsolete_files_period_micros: 21600000000
2019/10/17-14:54:03.067217 7fc3a9fcb700                   Options.stats_dump_period_sec: 600
2019/10/17-14:54:03.067218 7fc3a9fcb700                          Options.max_open_files: -1
2019/10/17-14:54:03.067219 7fc3a9fcb700                          Options.bytes_per_sync: 0
2019/10/17-14:54:03.067220 7fc3a9fcb700                      Options.wal_bytes_per_sync: 0
2019/10/17-14:54:03.067221 7fc3a9fcb700       Options.compaction_readahead_size: 0
2019/10/17-14:54:03.067222 7fc3a9fcb700 Compression algorithms supported:
2019/10/17-14:54:03.067223 7fc3a9fcb700 	kZSTDNotFinalCompression supported: 0
2019/10/17-14:54:03.067224 7fc3a9fcb700 	kZSTD supported: 0
2019/10/17-14:54:03.067226 7fc3a9fcb700 	kXpressCompression supported: 0
2019/10/17-14:54:03.067227 7fc3a9fcb700 	kLZ4HCCompression supported: 0
2019/10/17-14:54:03.067228 7fc3a9fcb700 	kLZ4Compression supported: 0
2019/10/17-14:54:03.067229 7fc3a9fcb700 	kBZip2Compression supported: 0
2019/10/17-14:54:03.067230 7fc3a9fcb700 	kZlibCompression supported: 0
2019/10/17-14:54:03.067231 7fc3a9fcb700 	kSnappyCompression supported: 0
2019/10/17-14:54:03.067234 7fc3a9fcb700 Fast CRC32 supported: Supported on x86
2019/10/17-14:54:03.067356 7fc3a9fcb700 [db/version_set.cc:3507] Recovering from manifest file: MANIFEST-114598
2019/10/17-14:54:03.067398 7fc3a9fcb700 [db/column_family.cc:472] --------------- Options for column family [default]:
2019/10/17-14:54:03.067400 7fc3a9fcb700               Options.comparator: leveldb.BytewiseComparator
2019/10/17-14:54:03.067401 7fc3a9fcb700           Options.merge_operator: None
2019/10/17-14:54:03.067403 7fc3a9fcb700        Options.compaction_filter: None
2019/10/17-14:54:03.067404 7fc3a9fcb700        Options.compaction_filter_factory: None
2019/10/17-14:54:03.067405 7fc3a9fcb700         Options.memtable_factory: SkipListFactory
2019/10/17-14:54:03.067406 7fc3a9fcb700            Options.table_factory: BlockBasedTable
2019/10/17-14:54:03.067424 7fc3a9fcb700            table_factory options:   flush_block_policy_factory: FlushBlockBySizePolicyFactory (0x7fc350094e90)
  cache_index_and_filter_blocks: 0
  cache_index_and_filter_blocks_with_high_priority: 0
  pin_l0_filter_and_index_blocks_in_cache: 0
  pin_top_level_index_and_filter: 1
  index_type: 0
  hash_index_allow_collision: 1
  checksum: 1
  no_block_cache: 0
  block_cache: 0x7fc35001e920
  block_cache_name: LRUCache
  block_cache_options:
    capacity : 8388608
    num_shard_bits : 4
    strict_capacity_limit : 0
    memory_allocator : None
    high_pri_pool_ratio: 0.000
  block_cache_compressed: (nil)
  persistent_cache: (nil)
  block_size: 4096
  block_size_deviation: 10
  block_restart_interval: 16
  index_block_restart_interval: 1
  metadata_block_size: 4096
  partition_filters: 0
  use_delta_encoding: 1
  filter_policy: nullptr
  whole_key_filtering: 1
  verify_compression: 0
  read_amp_bytes_per_bit: 0
  format_version: 2
  enable_index_compression: 1
  block_align: 0
2019/10/17-14:54:03.067435 7fc3a9fcb700        Options.write_buffer_size: 67108864
2019/10/17-14:54:03.067437 7fc3a9fcb700  Options.max_write_buffer_number: 2
2019/10/17-14:54:03.067438 7fc3a9fcb700          Options.compression: NoCompression
2019/10/17-14:54:03.067439 7fc3a9fcb700                  Options.bottommost_compression: Disabled
2019/10/17-14:54:03.067440 7fc3a9fcb700       Options.prefix_extractor: nullptr
2019/10/17-14:54:03.067441 7fc3a9fcb700   Options.memtable_insert_with_hint_prefix_extractor: nullptr
2019/10/17-14:54:03.067442 7fc3a9fcb700             Options.num_levels: 7
2019/10/17-14:54:03.067443 7fc3a9fcb700        Options.min_write_buffer_number_to_merge: 1
2019/10/17-14:54:03.067444 7fc3a9fcb700     Options.max_write_buffer_number_to_maintain: 0
2019/10/17-14:54:03.067445 7fc3a9fcb700            Options.bottommost_compression_opts.window_bits: -14
2019/10/17-14:54:03.067446 7fc3a9fcb700                  Options.bottommost_compression_opts.level: 32767
2019/10/17-14:54:03.067447 7fc3a9fcb700               Options.bottommost_compression_opts.strategy: 0
2019/10/17-14:54:03.067448 7fc3a9fcb700         Options.bottommost_compression_opts.max_dict_bytes: 0
2019/10/17-14:54:03.067449 7fc3a9fcb700         Options.bottommost_compression_opts.zstd_max_train_bytes: 0
2019/10/17-14:54:03.067450 7fc3a9fcb700                  Options.bottommost_compression_opts.enabled: false
2019/10/17-14:54:03.067451 7fc3a9fcb700            Options.compression_opts.window_bits: -14
2019/10/17-14:54:03.067453 7fc3a9fcb700                  Options.compression_opts.level: 32767
2019/10/17-14:54:03.067454 7fc3a9fcb700               Options.compression_opts.strategy: 0
2019/10/17-14:54:03.067455 7fc3a9fcb700         Options.compression_opts.max_dict_bytes: 0
2019/10/17-14:54:03.067456 7fc3a9fcb700         Options.compression_opts.zstd_max_train_bytes: 0
2019/10/17-14:54:03.067457 7fc3a9fcb700                  Options.compression_opts.enabled: false
2019/10/17-14:54:03.067458 7fc3a9fcb700      Options.level0_file_num_compaction_trigger: 4
2019/10/17-14:54:03.067459 7fc3a9fcb700          Options.level0_slowdown_writes_trigger: 20
2019/10/17-14:54:03.067460 7fc3a9fcb700              Options.level0_stop_writes_trigger: 36
2019/10/17-14:54:03.067461 7fc3a9fcb700                   Options.target_file_size_base: 67108864
2019/10/17-14:54:03.067462 7fc3a9fcb700             Options.target_file_size_multiplier: 1
2019/10/17-14:54:03.067463 7fc3a9fcb700                Options.max_bytes_for_level_base: 268435456
2019/10/17-14:54:03.067464 7fc3a9fcb700 Options.level_compaction_dynamic_level_bytes: 0
2019/10/17-14:54:03.067465 7fc3a9fcb700          Options.max_bytes_for_level_multiplier: 10.000000
2019/10/17-14:54:03.067468 7fc3a9fcb700 Options.max_bytes_for_level_multiplier_addtl[0]: 1
2019/10/17-14:54:03.067469 7fc3a9fcb700 Options.max_bytes_for_level_multiplier_addtl[1]: 1
2019/10/17-14:54:03.067470 7fc3a9fcb700 Options.max_bytes_for_level_multiplier_addtl[2]: 1
2019/10/17-14:54:03.067471 7fc3a9fcb700 Options.max_bytes_for_level_multiplier_addtl[3]: 1
2019/10/17-14:54:03.067472 7fc3a9fcb700 Options.max_bytes_for_level_multiplier_addtl[4]: 1
2019/10/17-14:54:03.067478 7fc3a9fcb700 Options.max_bytes_for_level_multiplier_addtl[5]: 1
2019/10/17-14:54:03.067479 7fc3a9fcb700 Options.max_bytes_for_level_multiplier_addtl[6]: 1
2019/10/17-14:54:03.067480 7fc3a9fcb700       Options.max_sequential_skip_in_iterations: 8
2019/10/17-14:54:03.067481 7fc3a9fcb700                    Options.max_compaction_bytes: 1677721600
2019/10/17-14:54:03.067482 7fc3a9fcb700                        Options.arena_block_size: 8388608
2019/10/17-14:54:03.067483 7fc3a9fcb700   Options.soft_pending_compaction_bytes_limit: 68719476736
2019/10/17-14:54:03.067485 7fc3a9fcb700   Options.hard_pending_compaction_bytes_limit: 274877906944
2019/10/17-14:54:03.067486 7fc3a9fcb700       Options.rate_limit_delay_max_milliseconds: 100
2019/10/17-14:54:03.067487 7fc3a9fcb700                Options.disable_auto_compactions: 0
2019/10/17-14:54:03.067488 7fc3a9fcb700                        Options.compaction_style: kCompactionStyleLevel
2019/10/17-14:54:03.067490 7fc3a9fcb700                          Options.compaction_pri: kByCompensatedSize
2019/10/17-14:54:03.067491 7fc3a9fcb700 Options.compaction_options_universal.size_ratio: 1
2019/10/17-14:54:03.067492 7fc3a9fcb700 Options.compaction_options_universal.min_merge_width: 2
2019/10/17-14:54:03.067493 7fc3a9fcb700 Options.compaction_options_universal.max_merge_width: 4294967295
2019/10/17-14:54:03.067494 7fc3a9fcb700 Options.compaction_options_universal.max_size_amplification_percent: 200
2019/10/17-14:54:03.067495 7fc3a9fcb700 Options.compaction_options_universal.compression_size_percent: -1
2019/10/17-14:54:03.067496 7fc3a9fcb700 Options.compaction_options_universal.stop_style: kCompactionStopStyleTotalSize
2019/10/17-14:54:03.067498 7fc3a9fcb700 Options.compaction_options_fifo.max_table_files_size: 1073741824
2019/10/17-14:54:03.067499 7fc3a9fcb700 Options.compaction_options_fifo.allow_compaction: 0
2019/10/17-14:54:03.067500 7fc3a9fcb700 Options.compaction_options_fifo.ttl: 0
2019/10/17-14:54:03.067501 7fc3a9fcb700                   Options.table_properties_collectors: 
2019/10/17-14:54:03.067502 7fc3a9fcb700                   Options.inplace_update_support: 0
2019/10/17-14:54:03.067503 7fc3a9fcb700                 Options.inplace_update_num_locks: 10000
2019/10/17-14:54:03.067504 7fc3a9fcb700               Options.memtable_prefix_bloom_size_ratio: 0.000000
2019/10/17-14:54:03.067505 7fc3a9fcb700   Options.memtable_huge_page_size: 0
2019/10/17-14:54:03.067506 7fc3a9fcb700                           Options.bloom_locality: 0
2019/10/17-14:54:03.067507 7fc3a9fcb700                    Options.max_successive_merges: 0
2019/10/17-14:54:03.067508 7fc3a9fcb700                Options.optimize_filters_for_hits: 0
2019/10/17-14:54:03.067509 7fc3a9fcb700                Options.paranoid_file_checks: 0
2019/10/17-14:54:03.067510 7fc3a9fcb700                Options.force_consistency_checks: 0
2019/10/17-14:54:03.067511 7fc3a9fcb700                Options.report_bg_io_stats: 0
2019/10/17-14:54:03.067512 7fc3a9fcb700                               Options.ttl: 0
2019/10/17-14:54:03.067559 7fc3a9fcb700 [db/column_family.cc:472] --------------- Options for column family [active_gateways]:
2019/10/17-14:54:03.067562 7fc3a9fcb700               Options.comparator: leveldb.BytewiseComparator
2019/10/17-14:54:03.067563 7fc3a9fcb700           Options.merge_operator: None
2019/10/17-14:54:03.067564 7fc3a9fcb700        Options.compaction_filter: None
2019/10/17-14:54:03.067565 7fc3a9fcb700        Options.compaction_filter_factory: None
2019/10/17-14:54:03.067566 7fc3a9fcb700         Options.memtable_factory: SkipListFactory
2019/10/17-14:54:03.067567 7fc3a9fcb700            Options.table_factory: BlockBasedTable
2019/10/17-14:54:03.067581 7fc3a9fcb700            table_factory options:   flush_block_policy_factory: FlushBlockBySizePolicyFactory (0x7fc3500962b0)
  cache_index_and_filter_blocks: 0
  cache_index_and_filter_blocks_with_high_priority: 0
  pin_l0_filter_and_index_blocks_in_cache: 0
  pin_top_level_index_and_filter: 1
  index_type: 0
  hash_index_allow_collision: 1
  checksum: 1
  no_block_cache: 0
  block_cache: 0x7fc3500368d0
  block_cache_name: LRUCache
  block_cache_options:
    capacity : 8388608
    num_shard_bits : 4
    strict_capacity_limit : 0
    memory_allocator : None
    high_pri_pool_ratio: 0.000
  block_cache_compressed: (nil)
  persistent_cache: (nil)
  block_size: 4096
  block_size_deviation: 10
  block_restart_interval: 16
  index_block_restart_interval: 1
  metadata_block_size: 4096
  partition_filters: 0
  use_delta_encoding: 1
  filter_policy: nullptr
  whole_key_filtering: 1
  verify_compression: 0
  read_amp_bytes_per_bit: 0
  format_version: 2
  enable_index_compression: 1
  block_align: 0
2019/10/17-14:54:03.067591 7fc3a9fcb700        Options.write_buffer_size: 67108864
2019/10/17-14:54:03.067592 7fc3a9fcb700  Options.max_write_buffer_number: 2
2019/10/17-14:54:03.067593 7fc3a9fcb700          Options.compression: NoCompression
2019/10/17-14:54:03.067594 7fc3a9fcb700                  Options.bottommost_compression: Disabled
2019/10/17-14:54:03.067595 7fc3a9fcb700       Options.prefix_extractor: nullptr
2019/10/17-14:54:03.067596 7fc3a9fcb700   Options.memtable_insert_with_hint_prefix_extractor: nullptr
2019/10/17-14:54:03.067597 7fc3a9fcb700             Options.num_levels: 7
2019/10/17-14:54:03.067598 7fc3a9fcb700        Options.min_write_buffer_number_to_merge: 1
2019/10/17-14:54:03.067599 7fc3a9fcb700     Options.max_write_buffer_number_to_maintain: 0
2019/10/17-14:54:03.067600 7fc3a9fcb700            Options.bottommost_compression_opts.window_bits: -14
2019/10/17-14:54:03.067601 7fc3a9fcb700                  Options.bottommost_compression_opts.level: 32767
2019/10/17-14:54:03.067602 7fc3a9fcb700               Options.bottommost_compression_opts.strategy: 0
2019/10/17-14:54:03.067603 7fc3a9fcb700         Options.bottommost_compression_opts.max_dict_bytes: 0
2019/10/17-14:54:03.067604 7fc3a9fcb700         Options.bottommost_compression_opts.zstd_max_train_bytes: 0
2019/10/17-14:54:03.067605 7fc3a9fcb700                  Options.bottommost_compression_opts.enabled: false
2019/10/17-14:54:03.067606 7fc3a9fcb700            Options.compression_opts.window_bits: -14
2019/10/17-14:54:03.067608 7fc3a9fcb700                  Options.compression_opts.level: 32767
2019/10/17-14:54:03.067609 7fc3a9fcb700               Options.compression_opts.strategy: 0
2019/10/17-14:54:03.067610 7fc3a9fcb700         Options.compression_opts.max_dict_bytes: 0
2019/10/17-14:54:03.067611 7fc3a9fcb700         Options.compression_opts.zstd_max_train_bytes: 0
2019/10/17-14:54:03.067612 7fc3a9fcb700                  Options.compression_opts.enabled: false
2019/10/17-14:54:03.067613 7fc3a9fcb700      Options.level0_file_num_compaction_trigger: 4
2019/10/17-14:54:03.067614 7fc3a9fcb700          Options.level0_slowdown_writes_trigger: 20
2019/10/17-14:54:03.067615 7fc3a9fcb700              Options.level0_stop_writes_trigger: 36
2019/10/17-14:54:03.067616 7fc3a9fcb700                   Options.target_file_size_base: 67108864
2019/10/17-14:54:03.067617 7fc3a9fcb700             Options.target_file_size_multiplier: 1
2019/10/17-14:54:03.067618 7fc3a9fcb700                Options.max_bytes_for_level_base: 268435456
2019/10/17-14:54:03.067619 7fc3a9fcb700 Options.level_compaction_dynamic_level_bytes: 0
2019/10/17-14:54:03.067620 7fc3a9fcb700          Options.max_bytes_for_level_multiplier: 10.000000
2019/10/17-14:54:03.067622 7fc3a9fcb700 Options.max_bytes_for_level_multiplier_addtl[0]: 1
2019/10/17-14:54:03.067623 7fc3a9fcb700 Options.max_bytes_for_level_multiplier_addtl[1]: 1
2019/10/17-14:54:03.067624 7fc3a9fcb700 Options.max_bytes_for_level_multiplier_addtl[2]: 1
2019/10/17-14:54:03.067625 7fc3a9fcb700 Options.max_bytes_for_level_multiplier_addtl[3]: 1
2019/10/17-14:54:03.067626 7fc3a9fcb700 Options.max_bytes_for_level_multiplier_addtl[4]: 1
2019/10/17-14:54:03.067627 7fc3a9fcb700 Options.max_bytes_for_level_multiplier_addtl[5]: 1
2019/10/17-14:54:03.067628 7fc3a9fcb700 Options.max_bytes_for_level_multiplier_addtl[6]: 1
2019/10/17-14:54:03.067629 7fc3a9fcb700       Options.max_sequential_skip_in_iterations: 8
2019/10/17-14:54:03.067635 7fc3a9fcb700                    Options.max_compaction_bytes: 1677721600
2019/10/17-14:54:03.067636 7fc3a9fcb700                        Options.arena_block_size: 8388608
2019/10/17-14:54:03.067637 7fc3a9fcb700   Options.soft_pending_compaction_bytes_limit: 68719476736
2019/10/17-14:54:03.067638 7fc3a9fcb700   Options.hard_pending_compaction_bytes_limit: 274877906944
2019/10/17-14:54:03.067639 7fc3a9fcb700       Options.rate_limit_delay_max_milliseconds: 100
2019/10/17-14:54:03.067640 7fc3a9fcb700                Options.disable_auto_compactions: 0
2019/10/17-14:54:03.067641 7fc3a9fcb700                        Options.compaction_style: kCompactionStyleLevel
2019/10/17-14:54:03.067642 7fc3a9fcb700                          Options.compaction_pri: kByCompensatedSize
2019/10/17-14:54:03.067643 7fc3a9fcb700 Options.compaction_options_universal.size_ratio: 1
2019/10/17-14:54:03.067644 7fc3a9fcb700 Options.compaction_options_universal.min_merge_width: 2
2019/10/17-14:54:03.067645 7fc3a9fcb700 Options.compaction_options_universal.max_merge_width: 4294967295
2019/10/17-14:54:03.067646 7fc3a9fcb700 Options.compaction_options_universal.max_size_amplification_percent: 200
2019/10/17-14:54:03.067647 7fc3a9fcb700 Options.compaction_options_universal.compression_size_percent: -1
2019/10/17-14:54:03.067649 7fc3a9fcb700 Options.compaction_options_universal.stop_style: kCompactionStopStyleTotalSize
2019/10/17-14:54:03.067650 7fc3a9fcb700 Options.compaction_options_fifo.max_table_files_size: 1073741824
2019/10/17-14:54:03.067651 7fc3a9fcb700 Options.compaction_options_fifo.allow_compaction: 0
2019/10/17-14:54:03.067652 7fc3a9fcb700 Options.compaction_options_fifo.ttl: 0
2019/10/17-14:54:03.067653 7fc3a9fcb700                   Options.table_properties_collectors: 
2019/10/17-14:54:03.067654 7fc3a9fcb700                   Options.inplace_update_support: 0
2019/10/17-14:54:03.067655 7fc3a9fcb700                 Options.inplace_update_num_locks: 10000
2019/10/17-14:54:03.067656 7fc3a9fcb700               Options.memtable_prefix_bloom_size_ratio: 0.000000
2019/10/17-14:54:03.067657 7fc3a9fcb700   Options.memtable_huge_page_size: 0
2019/10/17-14:54:03.067658 7fc3a9fcb700                           Options.bloom_locality: 0
2019/10/17-14:54:03.067659 7fc3a9fcb700                    Options.max_successive_merges: 0
2019/10/17-14:54:03.067660 7fc3a9fcb700                Options.optimize_filters_for_hits: 0
2019/10/17-14:54:03.067661 7fc3a9fcb700                Options.paranoid_file_checks: 0
2019/10/17-14:54:03.067662 7fc3a9fcb700                Options.force_consistency_checks: 0
2019/10/17-14:54:03.067663 7fc3a9fcb700                Options.report_bg_io_stats: 0
2019/10/17-14:54:03.067664 7fc3a9fcb700                               Options.ttl: 0
2019/10/17-14:54:03.067685 7fc3a9fcb700 [db/column_family.cc:472] --------------- Options for column family [entries]:
2019/10/17-14:54:03.067687 7fc3a9fcb700               Options.comparator: leveldb.BytewiseComparator
2019/10/17-14:54:03.067688 7fc3a9fcb700           Options.merge_operator: None
2019/10/17-14:54:03.067689 7fc3a9fcb700        Options.compaction_filter: None
2019/10/17-14:54:03.067690 7fc3a9fcb700        Options.compaction_filter_factory: None
2019/10/17-14:54:03.067691 7fc3a9fcb700         Options.memtable_factory: SkipListFactory
2019/10/17-14:54:03.067692 7fc3a9fcb700            Options.table_factory: BlockBasedTable
2019/10/17-14:54:03.067705 7fc3a9fcb700            table_factory options:   flush_block_policy_factory: FlushBlockBySizePolicyFactory (0x7fc3500a06b0)
  cache_index_and_filter_blocks: 0
  cache_index_and_filter_blocks_with_high_priority: 0
  pin_l0_filter_and_index_blocks_in_cache: 0
  pin_top_level_index_and_filter: 1
  index_type: 0
  hash_index_allow_collision: 1
  checksum: 1
  no_block_cache: 0
  block_cache: 0x7fc3500546d0
  block_cache_name: LRUCache
  block_cache_options:
    capacity : 8388608
    num_shard_bits : 4
    strict_capacity_limit : 0
    memory_allocator : None
    high_pri_pool_ratio: 0.000
  block_cache_compressed: (nil)
  persistent_cache: (nil)
  block_size: 4096
  block_size_deviation: 10
  block_restart_interval: 16
  index_block_restart_interval: 1
  metadata_block_size: 4096
  partition_filters: 0
  use_delta_encoding: 1
  filter_policy: nullptr
  whole_key_filtering: 1
  verify_compression: 0
  read_amp_bytes_per_bit: 0
  format_version: 2
  enable_index_compression: 1
  block_align: 0
2019/10/17-14:54:03.067713 7fc3a9fcb700        Options.write_buffer_size: 67108864
2019/10/17-14:54:03.067714 7fc3a9fcb700  Options.max_write_buffer_number: 2
2019/10/17-14:54:03.067715 7fc3a9fcb700          Options.compression: NoCompression
2019/10/17-14:54:03.067716 7fc3a9fcb700                  Options.bottommost_compression: Disabled
2019/10/17-14:54:03.067717 7fc3a9fcb700       Options.prefix_extractor: nullptr
2019/10/17-14:54:03.067718 7fc3a9fcb700   Options.memtable_insert_with_hint_prefix_extractor: nullptr
2019/10/17-14:54:03.067719 7fc3a9fcb700             Options.num_levels: 7
2019/10/17-14:54:03.067720 7fc3a9fcb700        Options.min_write_buffer_number_to_merge: 1
2019/10/17-14:54:03.067721 7fc3a9fcb700     Options.max_write_buffer_number_to_maintain: 0
2019/10/17-14:54:03.067722 7fc3a9fcb700            Options.bottommost_compression_opts.window_bits: -14
2019/10/17-14:54:03.067723 7fc3a9fcb700                  Options.bottommost_compression_opts.level: 32767
2019/10/17-14:54:03.067724 7fc3a9fcb700               Options.bottommost_compression_opts.strategy: 0
2019/10/17-14:54:03.067725 7fc3a9fcb700         Options.bottommost_compression_opts.max_dict_bytes: 0
2019/10/17-14:54:03.067726 7fc3a9fcb700         Options.bottommost_compression_opts.zstd_max_train_bytes: 0
2019/10/17-14:54:03.067727 7fc3a9fcb700                  Options.bottommost_compression_opts.enabled: false
2019/10/17-14:54:03.067728 7fc3a9fcb700            Options.compression_opts.window_bits: -14
2019/10/17-14:54:03.067729 7fc3a9fcb700                  Options.compression_opts.level: 32767
2019/10/17-14:54:03.067730 7fc3a9fcb700               Options.compression_opts.strategy: 0
2019/10/17-14:54:03.067731 7fc3a9fcb700         Options.compression_opts.max_dict_bytes: 0
2019/10/17-14:54:03.067732 7fc3a9fcb700         Options.compression_opts.zstd_max_train_bytes: 0
2019/10/17-14:54:03.067733 7fc3a9fcb700                  Options.compression_opts.enabled: false
2019/10/17-14:54:03.067734 7fc3a9fcb700      Options.level0_file_num_compaction_trigger: 4
2019/10/17-14:54:03.067735 7fc3a9fcb700          Options.level0_slowdown_writes_trigger: 20
2019/10/17-14:54:03.067736 7fc3a9fcb700              Options.level0_stop_writes_trigger: 36
2019/10/17-14:54:03.067737 7fc3a9fcb700                   Options.target_file_size_base: 67108864
2019/10/17-14:54:03.067738 7fc3a9fcb700             Options.target_file_size_multiplier: 1
2019/10/17-14:54:03.067739 7fc3a9fcb700                Options.max_bytes_for_level_base: 268435456
2019/10/17-14:54:03.067740 7fc3a9fcb700 Options.level_compaction_dynamic_level_bytes: 0
2019/10/17-14:54:03.067741 7fc3a9fcb700          Options.max_bytes_for_level_multiplier: 10.000000
2019/10/17-14:54:03.067743 7fc3a9fcb700 Options.max_bytes_for_level_multiplier_addtl[0]: 1
2019/10/17-14:54:03.067744 7fc3a9fcb700 Options.max_bytes_for_level_multiplier_addtl[1]: 1
2019/10/17-14:54:03.067745 7fc3a9fcb700 Options.max_bytes_for_level_multiplier_addtl[2]: 1
2019/10/17-14:54:03.067746 7fc3a9fcb700 Options.max_bytes_for_level_multiplier_addtl[3]: 1
2019/10/17-14:54:03.067747 7fc3a9fcb700 Options.max_bytes_for_level_multiplier_addtl[4]: 1
2019/10/17-14:54:03.067748 7fc3a9fcb700 Options.max_bytes_for_level_multiplier_addtl[5]: 1
2019/10/17-14:54:03.067749 7fc3a9fcb700 Options.max_bytes_for_level_multiplier_addtl[6]: 1
2019/10/17-14:54:03.067750 7fc3a9fcb700       Options.max_sequential_skip_in_iterations: 8
2019/10/17-14:54:03.067751 7fc3a9fcb700                    Options.max_compaction_bytes: 1677721600
2019/10/17-14:54:03.067752 7fc3a9fcb700                        Options.arena_block_size: 8388608
2019/10/17-14:54:03.067753 7fc3a9fcb700   Options.soft_pending_compaction_bytes_limit: 68719476736
2019/10/17-14:54:03.067759 7fc3a9fcb700   Options.hard_pending_compaction_bytes_limit: 274877906944
2019/10/17-14:54:03.067760 7fc3a9fcb700       Options.rate_limit_delay_max_milliseconds: 100
2019/10/17-14:54:03.067761 7fc3a9fcb700                Options.disable_auto_compactions: 0
2019/10/17-14:54:03.067763 7fc3a9fcb700                        Options.compaction_style: kCompactionStyleLevel
2019/10/17-14:54:03.067764 7fc3a9fcb700                          Options.compaction_pri: kByCompensatedSize
2019/10/17-14:54:03.067765 7fc3a9fcb700 Options.compaction_options_universal.size_ratio: 1
2019/10/17-14:54:03.067766 7fc3a9fcb700 Options.compaction_options_universal.min_merge_width: 2
2019/10/17-14:54:03.067767 7fc3a9fcb700 Options.compaction_options_universal.max_merge_width: 4294967295
2019/10/17-14:54:03.067768 7fc3a9fcb700 Options.compaction_options_universal.max_size_amplification_percent: 200
2019/10/17-14:54:03.067769 7fc3a9fcb700 Options.compaction_options_universal.compression_size_percent: -1
2019/10/17-14:54:03.067770 7fc3a9fcb700 Options.compaction_options_universal.stop_style: kCompactionStopStyleTotalSize
2019/10/17-14:54:03.067771 7fc3a9fcb700 Options.compaction_options_fifo.max_table_files_size: 1073741824
2019/10/17-14:54:03.067772 7fc3a9fcb700 Options.compaction_options_fifo.allow_compaction: 0
2019/10/17-14:54:03.067773 7fc3a9fcb700 Options.compaction_options_fifo.ttl: 0
2019/10/17-14:54:03.067774 7fc3a9fcb700                   Options.table_properties_collectors: 
2019/10/17-14:54:03.067775 7fc3a9fcb700                   Options.inplace_update_support: 0
2019/10/17-14:54:03.067776 7fc3a9fcb700                 Options.inplace_update_num_locks: 10000
2019/10/17-14:54:03.067777 7fc3a9fcb700               Options.memtable_prefix_bloom_size_ratio: 0.000000
2019/10/17-14:54:03.067778 7fc3a9fcb700   Options.memtable_huge_page_size: 0
2019/10/17-14:54:03.067779 7fc3a9fcb700                           Options.bloom_locality: 0
2019/10/17-14:54:03.067780 7fc3a9fcb700                    Options.max_successive_merges: 0
2019/10/17-14:54:03.067781 7fc3a9fcb700                Options.optimize_filters_for_hits: 0
2019/10/17-14:54:03.067782 7fc3a9fcb700                Options.paranoid_file_checks: 0
2019/10/17-14:54:03.067783 7fc3a9fcb700                Options.force_consistency_checks: 0
2019/10/17-14:54:03.067784 7fc3a9fcb700                Options.report_bg_io_stats: 0
2019/10/17-14:54:03.067785 7fc3a9fcb700                               Options.ttl: 0
2019/10/17-14:54:03.067804 7fc3a9fcb700 [db/column_family.cc:472] --------------- Options for column family [dc_entries]:
2019/10/17-14:54:03.067806 7fc3a9fcb700               Options.comparator: leveldb.BytewiseComparator
2019/10/17-14:54:03.067807 7fc3a9fcb700           Options.merge_operator: None
2019/10/17-14:54:03.067808 7fc3a9fcb700        Options.compaction_filter: None
2019/10/17-14:54:03.067809 7fc3a9fcb700        Options.compaction_filter_factory: None
2019/10/17-14:54:03.067810 7fc3a9fcb700         Options.memtable_factory: SkipListFactory
2019/10/17-14:54:03.067811 7fc3a9fcb700            Options.table_factory: BlockBasedTable
2019/10/17-14:54:03.067823 7fc3a9fcb700            table_factory options:   flush_block_policy_factory: FlushBlockBySizePolicyFactory (0x7fc3500fd560)
  cache_index_and_filter_blocks: 0
  cache_index_and_filter_blocks_with_high_priority: 0
  pin_l0_filter_and_index_blocks_in_cache: 0
  pin_top_level_index_and_filter: 1
  index_type: 0
  hash_index_allow_collision: 1
  checksum: 1
  no_block_cache: 0
  block_cache: 0x7fc3500db6a0
  block_cache_name: LRUCache
  block_cache_options:
    capacity : 8388608
    num_shard_bits : 4
    strict_capacity_limit : 0
    memory_allocator : None
    high_pri_pool_ratio: 0.000
  block_cache_compressed: (nil)
  persistent_cache: (nil)
  block_size: 4096
  block_size_deviation: 10
  block_restart_interval: 16
  index_block_restart_interval: 1
  metadata_block_size: 4096
  partition_filters: 0
  use_delta_encoding: 1
  filter_policy: nullptr
  whole_key_filtering: 1
  verify_compression: 0
  read_amp_bytes_per_bit: 0
  format_version: 2
  enable_index_compression: 1
  block_align: 0
2019/10/17-14:54:03.067831 7fc3a9fcb700        Options.write_buffer_size: 67108864
2019/10/17-14:54:03.067832 7fc3a9fcb700  Options.max_write_buffer_number: 2
2019/10/17-14:54:03.067833 7fc3a9fcb700          Options.compression: NoCompression
2019/10/17-14:54:03.067834 7fc3a9fcb700                  Options.bottommost_compression: Disabled
2019/10/17-14:54:03.067835 7fc3a9fcb700       Options.prefix_extractor: nullptr
2019/10/17-14:54:03.067836 7fc3a9fcb700   Options.memtable_insert_with_hint_prefix_extractor: nullptr
2019/10/17-14:54:03.067837 7fc3a9fcb700             Options.num_levels: 7
2019/10/17-14:54:03.067838 7fc3a9fcb700        Options.min_write_buffer_number_to_merge: 1
2019/10/17-14:54:03.067839 7fc3a9fcb700     Options.max_write_buffer_number_to_maintain: 0
2019/10/17-14:54:03.067840 7fc3a9fcb700            Options.bottommost_compression_opts.window_bits: -14
2019/10/17-14:54:03.067841 7fc3a9fcb700                  Options.bottommost_compression_opts.level: 32767
2019/10/17-14:54:03.067842 7fc3a9fcb700               Options.bottommost_compression_opts.strategy: 0
2019/10/17-14:54:03.067843 7fc3a9fcb700         Options.bottommost_compression_opts.max_dict_bytes: 0
2019/10/17-14:54:03.067844 7fc3a9fcb700         Options.bottommost_compression_opts.zstd_max_train_bytes: 0
2019/10/17-14:54:03.067845 7fc3a9fcb700                  Options.bottommost_compression_opts.enabled: false
2019/10/17-14:54:03.067846 7fc3a9fcb700            Options.compression_opts.window_bits: -14
2019/10/17-14:54:03.067847 7fc3a9fcb700                  Options.compression_opts.level: 32767
2019/10/17-14:54:03.067848 7fc3a9fcb700               Options.compression_opts.strategy: 0
2019/10/17-14:54:03.067849 7fc3a9fcb700         Options.compression_opts.max_dict_bytes: 0
2019/10/17-14:54:03.067850 7fc3a9fcb700         Options.compression_opts.zstd_max_train_bytes: 0
2019/10/17-14:54:03.067851 7fc3a9fcb700                  Options.compression_opts.enabled: false
2019/10/17-14:54:03.067852 7fc3a9fcb700      Options.level0_file_num_compaction_trigger: 4
2019/10/17-14:54:03.067853 7fc3a9fcb700          Options.level0_slowdown_writes_trigger: 20
2019/10/17-14:54:03.067854 7fc3a9fcb700              Options.level0_stop_writes_trigger: 36
2019/10/17-14:54:03.067855 7fc3a9fcb700                   Options.target_file_size_base: 67108864
2019/10/17-14:54:03.067856 7fc3a9fcb700             Options.target_file_size_multiplier: 1
2019/10/17-14:54:03.067857 7fc3a9fcb700                Options.max_bytes_for_level_base: 268435456
2019/10/17-14:54:03.067858 7fc3a9fcb700 Options.level_compaction_dynamic_level_bytes: 0
2019/10/17-14:54:03.067859 7fc3a9fcb700          Options.max_bytes_for_level_multiplier: 10.000000
2019/10/17-14:54:03.067861 7fc3a9fcb700 Options.max_bytes_for_level_multiplier_addtl[0]: 1
2019/10/17-14:54:03.067862 7fc3a9fcb700 Options.max_bytes_for_level_multiplier_addtl[1]: 1
2019/10/17-14:54:03.067863 7fc3a9fcb700 Options.max_bytes_for_level_multiplier_addtl[2]: 1
2019/10/17-14:54:03.067864 7fc3a9fcb700 Options.max_bytes_for_level_multiplier_addtl[3]: 1
2019/10/17-14:54:03.067865 7fc3a9fcb700 Options.max_bytes_for_level_multiplier_addtl[4]: 1
2019/10/17-14:54:03.067866 7fc3a9fcb700 Options.max_bytes_for_level_multiplier_addtl[5]: 1
2019/10/17-14:54:03.067867 7fc3a9fcb700 Options.max_bytes_for_level_multiplier_addtl[6]: 1
2019/10/17-14:54:03.067868 7fc3a9fcb700       Options.max_sequential_skip_in_iterations: 8
2019/10/17-14:54:03.067869 7fc3a9fcb700                    Options.max_compaction_bytes: 1677721600
2019/10/17-14:54:03.067870 7fc3a9fcb700                        Options.arena_block_size: 8388608
2019/10/17-14:54:03.067871 7fc3a9fcb700   Options.soft_pending_compaction_bytes_limit: 68719476736
2019/10/17-14:54:03.067872 7fc3a9fcb700   Options.hard_pending_compaction_bytes_limit: 274877906944
2019/10/17-14:54:03.067873 7fc3a9fcb700       Options.rate_limit_delay_max_milliseconds: 100
2019/10/17-14:54:03.067874 7fc3a9fcb700                Options.disable_auto_compactions: 0
2019/10/17-14:54:03.067880 7fc3a9fcb700                        Options.compaction_style: kCompactionStyleLevel
2019/10/17-14:54:03.067881 7fc3a9fcb700                          Options.compaction_pri: kByCompensatedSize
2019/10/17-14:54:03.067882 7fc3a9fcb700 Options.compaction_options_universal.size_ratio: 1
2019/10/17-14:54:03.067883 7fc3a9fcb700 Options.compaction_options_universal.min_merge_width: 2
2019/10/17-14:54:03.067884 7fc3a9fcb700 Options.compaction_options_universal.max_merge_width: 4294967295
2019/10/17-14:54:03.067885 7fc3a9fcb700 Options.compaction_options_universal.max_size_amplification_percent: 200
2019/10/17-14:54:03.067886 7fc3a9fcb700 Options.compaction_options_universal.compression_size_percent: -1
2019/10/17-14:54:03.067887 7fc3a9fcb700 Options.compaction_options_universal.stop_style: kCompactionStopStyleTotalSize
2019/10/17-14:54:03.067888 7fc3a9fcb700 Options.compaction_options_fifo.max_table_files_size: 1073741824
2019/10/17-14:54:03.067889 7fc3a9fcb700 Options.compaction_options_fifo.allow_compaction: 0
2019/10/17-14:54:03.067890 7fc3a9fcb700 Options.compaction_options_fifo.ttl: 0
2019/10/17-14:54:03.067891 7fc3a9fcb700                   Options.table_properties_collectors: 
2019/10/17-14:54:03.067892 7fc3a9fcb700                   Options.inplace_update_support: 0
2019/10/17-14:54:03.067893 7fc3a9fcb700                 Options.inplace_update_num_locks: 10000
2019/10/17-14:54:03.067894 7fc3a9fcb700               Options.memtable_prefix_bloom_size_ratio: 0.000000
2019/10/17-14:54:03.067896 7fc3a9fcb700   Options.memtable_huge_page_size: 0
2019/10/17-14:54:03.067897 7fc3a9fcb700                           Options.bloom_locality: 0
2019/10/17-14:54:03.067898 7fc3a9fcb700                    Options.max_successive_merges: 0
2019/10/17-14:54:03.067899 7fc3a9fcb700                Options.optimize_filters_for_hits: 0
2019/10/17-14:54:03.067900 7fc3a9fcb700                Options.paranoid_file_checks: 0
2019/10/17-14:54:03.067901 7fc3a9fcb700                Options.force_consistency_checks: 0
2019/10/17-14:54:03.067902 7fc3a9fcb700                Options.report_bg_io_stats: 0
2019/10/17-14:54:03.067903 7fc3a9fcb700                               Options.ttl: 0
2019/10/17-14:54:03.067918 7fc3a9fcb700 [db/column_family.cc:472] --------------- Options for column family [htlcs]:
2019/10/17-14:54:03.067919 7fc3a9fcb700               Options.comparator: leveldb.BytewiseComparator
2019/10/17-14:54:03.067920 7fc3a9fcb700           Options.merge_operator: None
2019/10/17-14:54:03.067921 7fc3a9fcb700        Options.compaction_filter: None
2019/10/17-14:54:03.067922 7fc3a9fcb700        Options.compaction_filter_factory: None
2019/10/17-14:54:03.067923 7fc3a9fcb700         Options.memtable_factory: SkipListFactory
2019/10/17-14:54:03.067924 7fc3a9fcb700            Options.table_factory: BlockBasedTable
2019/10/17-14:54:03.067936 7fc3a9fcb700            table_factory options:   flush_block_policy_factory: FlushBlockBySizePolicyFactory (0x7fc350095060)
