2019/10/17-14:55:14.719882 7fc3a9fcb700 RocksDB version: 5.18.3
2019/10/17-14:55:14.719956 7fc3a9fcb700 Git sha rocksdb_build_git_sha:@0@
2019/10/17-14:55:14.719960 7fc3a9fcb700 Compile date Sep 19 2019
2019/10/17-14:55:14.719962 7fc3a9fcb700 DB SUMMARY
2019/10/17-14:55:14.721566 7fc3a9fcb700 CURRENT file:  CURRENT
2019/10/17-14:55:14.721569 7fc3a9fcb700 IDENTITY file:  IDENTITY
2019/10/17-14:55:14.721635 7fc3a9fcb700 MANIFEST file:  MANIFEST-116578 size: 4114 Bytes
2019/10/17-14:55:14.721639 7fc3a9fcb700 SST files in /home/rahul/dev/blockchain-core/eqc/ledger.db dir, Total Num: 29, files: 000624.sst 000627.sst 106940.sst 108447.sst 108450.sst 109471.sst 109483.sst 109485.sst 109486.sst 
2019/10/17-14:55:14.721642 7fc3a9fcb700 Write Ahead Log file in /home/rahul/dev/blockchain-core/eqc/ledger.db: 116579.log size: 0 ; 
2019/10/17-14:55:14.721717 7fc3a9fcb700                         Options.error_if_exists: 0
2019/10/17-14:55:14.721721 7fc3a9fcb700                       Options.create_if_missing: 1
2019/10/17-14:55:14.721722 7fc3a9fcb700                         Options.paranoid_checks: 1
2019/10/17-14:55:14.721724 7fc3a9fcb700                                     Options.env: 0x7fc32ae1fc60
2019/10/17-14:55:14.721726 7fc3a9fcb700                                Options.info_log: 0x7fc3501061c0
2019/10/17-14:55:14.721728 7fc3a9fcb700                Options.max_file_opening_threads: 16
2019/10/17-14:55:14.721730 7fc3a9fcb700                              Options.statistics: (nil)
2019/10/17-14:55:14.721732 7fc3a9fcb700                               Options.use_fsync: 0
2019/10/17-14:55:14.721733 7fc3a9fcb700                       Options.max_log_file_size: 0
2019/10/17-14:55:14.721735 7fc3a9fcb700                  Options.max_manifest_file_size: 1073741824
2019/10/17-14:55:14.721737 7fc3a9fcb700                   Options.log_file_time_to_roll: 0
2019/10/17-14:55:14.721739 7fc3a9fcb700                       Options.keep_log_file_num: 1000
2019/10/17-14:55:14.721740 7fc3a9fcb700                    Options.recycle_log_file_num: 0
2019/10/17-14:55:14.721742 7fc3a9fcb700                         Options.allow_fallocate: 1
2019/10/17-14:55:14.721744 7fc3a9fcb700                        Options.allow_mmap_reads: 0
2019/10/17-14:55:14.721745 7fc3a9fcb700                       Options.allow_mmap_writes: 0
2019/10/17-14:55:14.721747 7fc3a9fcb700                        Options.use_direct_reads: 0
2019/10/17-14:55:14.721748 7fc3a9fcb700                        Options.use_direct_io_for_flush_and_compaction: 0
2019/10/17-14:55:14.721750 7fc3a9fcb700          Options.create_missing_column_families: 0
2019/10/17-14:55:14.721751 7fc3a9fcb700                              Options.db_log_dir: 
2019/10/17-14:55:14.721753 7fc3a9fcb700                                 Options.wal_dir: /home/rahul/dev/blockchain-core/eqc/ledger.db
2019/10/17-14:55:14.721755 7fc3a9fcb700                Options.table_cache_numshardbits: 6
2019/10/17-14:55:14.721757 7fc3a9fcb700                      Options.max_subcompactions: 1
2019/10/17-14:55:14.721758 7fc3a9fcb700                  Options.max_background_flushes: -1
2019/10/17-14:55:14.721760 7fc3a9fcb700                         Options.WAL_ttl_seconds: 0
2019/10/17-14:55:14.721762 7fc3a9fcb700                       Options.WAL_size_limit_MB: 0
2019/10/17-14:55:14.721763 7fc3a9fcb700             Options.manifest_preallocation_size: 4194304
2019/10/17-14:55:14.721765 7fc3a9fcb700                     Options.is_fd_close_on_exec: 1
2019/10/17-14:55:14.721767 7fc3a9fcb700                   Options.advise_random_on_open: 1
2019/10/17-14:55:14.721768 7fc3a9fcb700                    Options.db_write_buffer_size: 0
2019/10/17-14:55:14.721770 7fc3a9fcb700                    Options.write_buffer_manager: 0x7fc35005b150
2019/10/17-14:55:14.721772 7fc3a9fcb700         Options.access_hint_on_compaction_start: 1
2019/10/17-14:55:14.721773 7fc3a9fcb700  Options.new_table_reader_for_compaction_inputs: 0
2019/10/17-14:55:14.721775 7fc3a9fcb700           Options.random_access_max_buffer_size: 1048576
2019/10/17-14:55:14.721777 7fc3a9fcb700                      Options.use_adaptive_mutex: 0
2019/10/17-14:55:14.721778 7fc3a9fcb700                            Options.rate_limiter: (nil)
2019/10/17-14:55:14.721799 7fc3a9fcb700     Options.sst_file_manager.rate_bytes_per_sec: 0
2019/10/17-14:55:14.721801 7fc3a9fcb700                       Options.wal_recovery_mode: 2
2019/10/17-14:55:14.721802 7fc3a9fcb700                  Options.enable_thread_tracking: 0
2019/10/17-14:55:14.721804 7fc3a9fcb700                  Options.enable_pipelined_write: 0
2019/10/17-14:55:14.721806 7fc3a9fcb700         Options.allow_concurrent_memtable_write: 1
2019/10/17-14:55:14.721807 7fc3a9fcb700      Options.enable_write_thread_adaptive_yield: 1
2019/10/17-14:55:14.721809 7fc3a9fcb700             Options.write_thread_max_yield_usec: 100
2019/10/17-14:55:14.721811 7fc3a9fcb700            Options.write_thread_slow_yield_usec: 3
2019/10/17-14:55:14.721812 7fc3a9fcb700                               Options.row_cache: None
2019/10/17-14:55:14.721814 7fc3a9fcb700                              Options.wal_filter: None
2019/10/17-14:55:14.721816 7fc3a9fcb700             Options.avoid_flush_during_recovery: 0
2019/10/17-14:55:14.721817 7fc3a9fcb700             Options.allow_ingest_behind: 0
2019/10/17-14:55:14.721819 7fc3a9fcb700             Options.preserve_deletes: 0
2019/10/17-14:55:14.721820 7fc3a9fcb700             Options.two_write_queues: 0
2019/10/17-14:55:14.721822 7fc3a9fcb700             Options.manual_wal_flush: 0
2019/10/17-14:55:14.721824 7fc3a9fcb700             Options.max_background_jobs: 2
2019/10/17-14:55:14.721825 7fc3a9fcb700             Options.max_background_compactions: -1
2019/10/17-14:55:14.721827 7fc3a9fcb700             Options.avoid_flush_during_shutdown: 0
2019/10/17-14:55:14.721829 7fc3a9fcb700           Options.writable_file_max_buffer_size: 1048576
2019/10/17-14:55:14.721830 7fc3a9fcb700             Options.delayed_write_rate : 16777216
2019/10/17-14:55:14.721832 7fc3a9fcb700             Options.max_total_wal_size: 0
2019/10/17-14:55:14.721834 7fc3a9fcb700             Options.delete_obsolete_files_period_micros: 21600000000
2019/10/17-14:55:14.721836 7fc3a9fcb700                   Options.stats_dump_period_sec: 600
2019/10/17-14:55:14.721837 7fc3a9fcb700                          Options.max_open_files: -1
2019/10/17-14:55:14.721839 7fc3a9fcb700                          Options.bytes_per_sync: 0
2019/10/17-14:55:14.721841 7fc3a9fcb700                      Options.wal_bytes_per_sync: 0
2019/10/17-14:55:14.721842 7fc3a9fcb700       Options.compaction_readahead_size: 0
2019/10/17-14:55:14.721844 7fc3a9fcb700 Compression algorithms supported:
2019/10/17-14:55:14.721846 7fc3a9fcb700 	kZSTDNotFinalCompression supported: 0
2019/10/17-14:55:14.721848 7fc3a9fcb700 	kZSTD supported: 0
2019/10/17-14:55:14.721850 7fc3a9fcb700 	kXpressCompression supported: 0
2019/10/17-14:55:14.721851 7fc3a9fcb700 	kLZ4HCCompression supported: 0
2019/10/17-14:55:14.721853 7fc3a9fcb700 	kLZ4Compression supported: 0
2019/10/17-14:55:14.721855 7fc3a9fcb700 	kBZip2Compression supported: 0
2019/10/17-14:55:14.721857 7fc3a9fcb700 	kZlibCompression supported: 0
2019/10/17-14:55:14.721858 7fc3a9fcb700 	kSnappyCompression supported: 0
2019/10/17-14:55:14.721862 7fc3a9fcb700 Fast CRC32 supported: Supported on x86
2019/10/17-14:55:14.722062 7fc3a9fcb700 [db/version_set.cc:3507] Recovering from manifest file: MANIFEST-116578
2019/10/17-14:55:14.722132 7fc3a9fcb700 [db/column_family.cc:472] --------------- Options for column family [default]:
2019/10/17-14:55:14.722136 7fc3a9fcb700               Options.comparator: leveldb.BytewiseComparator
2019/10/17-14:55:14.722138 7fc3a9fcb700           Options.merge_operator: None
2019/10/17-14:55:14.722140 7fc3a9fcb700        Options.compaction_filter: None
2019/10/17-14:55:14.722141 7fc3a9fcb700        Options.compaction_filter_factory: None
2019/10/17-14:55:14.722143 7fc3a9fcb700         Options.memtable_factory: SkipListFactory
2019/10/17-14:55:14.722145 7fc3a9fcb700            Options.table_factory: BlockBasedTable
2019/10/17-14:55:14.722175 7fc3a9fcb700            table_factory options:   flush_block_policy_factory: FlushBlockBySizePolicyFactory (0x7fc350038f30)
  cache_index_and_filter_blocks: 0
  cache_index_and_filter_blocks_with_high_priority: 0
  pin_l0_filter_and_index_blocks_in_cache: 0
  pin_top_level_index_and_filter: 1
  index_type: 0
  hash_index_allow_collision: 1
  checksum: 1
  no_block_cache: 0
  block_cache: 0x7fc350017630
  block_cache_name: LRUCache
  block_cache_options:
    capacity : 8388608
    num_shard_bits : 4
    strict_capacity_limit : 0
    memory_allocator : None
    high_pri_pool_ratio: 0.000
  block_cache_compressed: (nil)
  persistent_cache: (nil)
  block_size: 4096
  block_size_deviation: 10
  block_restart_interval: 16
  index_block_restart_interval: 1
  metadata_block_size: 4096
  partition_filters: 0
  use_delta_encoding: 1
  filter_policy: nullptr
  whole_key_filtering: 1
  verify_compression: 0
  read_amp_bytes_per_bit: 0
  format_version: 2
  enable_index_compression: 1
  block_align: 0
2019/10/17-14:55:14.722195 7fc3a9fcb700        Options.write_buffer_size: 67108864
2019/10/17-14:55:14.722197 7fc3a9fcb700  Options.max_write_buffer_number: 2
2019/10/17-14:55:14.722200 7fc3a9fcb700          Options.compression: NoCompression
2019/10/17-14:55:14.722202 7fc3a9fcb700                  Options.bottommost_compression: Disabled
2019/10/17-14:55:14.722203 7fc3a9fcb700       Options.prefix_extractor: nullptr
2019/10/17-14:55:14.722205 7fc3a9fcb700   Options.memtable_insert_with_hint_prefix_extractor: nullptr
2019/10/17-14:55:14.722207 7fc3a9fcb700             Options.num_levels: 7
2019/10/17-14:55:14.722208 7fc3a9fcb700        Options.min_write_buffer_number_to_merge: 1
2019/10/17-14:55:14.722210 7fc3a9fcb700     Options.max_write_buffer_number_to_maintain: 0
2019/10/17-14:55:14.722212 7fc3a9fcb700            Options.bottommost_compression_opts.window_bits: -14
2019/10/17-14:55:14.722213 7fc3a9fcb700                  Options.bottommost_compression_opts.level: 32767
2019/10/17-14:55:14.722215 7fc3a9fcb700               Options.bottommost_compression_opts.strategy: 0
2019/10/17-14:55:14.722217 7fc3a9fcb700         Options.bottommost_compression_opts.max_dict_bytes: 0
2019/10/17-14:55:14.722218 7fc3a9fcb700         Options.bottommost_compression_opts.zstd_max_train_bytes: 0
2019/10/17-14:55:14.722220 7fc3a9fcb700                  Options.bottommost_compression_opts.enabled: false
2019/10/17-14:55:14.722222 7fc3a9fcb700            Options.compression_opts.window_bits: -14
2019/10/17-14:55:14.722223 7fc3a9fcb700                  Options.compression_opts.level: 32767
2019/10/17-14:55:14.722225 7fc3a9fcb700               Options.compression_opts.strategy: 0
2019/10/17-14:55:14.722227 7fc3a9fcb700         Options.compression_opts.max_dict_bytes: 0
2019/10/17-14:55:14.722228 7fc3a9fcb700         Options.compression_opts.zstd_max_train_bytes: 0
2019/10/17-14:55:14.722230 7fc3a9fcb700                  Options.compression_opts.enabled: false
2019/10/17-14:55:14.722232 7fc3a9fcb700      Options.level0_file_num_compaction_trigger: 4
2019/10/17-14:55:14.722233 7fc3a9fcb700          Options.level0_slowdown_writes_trigger: 20
2019/10/17-14:55:14.722235 7fc3a9fcb700              Options.level0_stop_writes_trigger: 36
2019/10/17-14:55:14.722236 7fc3a9fcb700                   Options.target_file_size_base: 67108864
2019/10/17-14:55:14.722238 7fc3a9fcb700             Options.target_file_size_multiplier: 1
2019/10/17-14:55:14.722240 7fc3a9fcb700                Options.max_bytes_for_level_base: 268435456
2019/10/17-14:55:14.722242 7fc3a9fcb700 Options.level_compaction_dynamic_level_bytes: 0
2019/10/17-14:55:14.722243 7fc3a9fcb700          Options.max_bytes_for_level_multiplier: 10.000000
2019/10/17-14:55:14.722247 7fc3a9fcb700 Options.max_bytes_for_level_multiplier_addtl[0]: 1
2019/10/17-14:55:14.722249 7fc3a9fcb700 Options.max_bytes_for_level_multiplier_addtl[1]: 1
2019/10/17-14:55:14.722251 7fc3a9fcb700 Options.max_bytes_for_level_multiplier_addtl[2]: 1
2019/10/17-14:55:14.722253 7fc3a9fcb700 Options.max_bytes_for_level_multiplier_addtl[3]: 1
2019/10/17-14:55:14.722254 7fc3a9fcb700 Options.max_bytes_for_level_multiplier_addtl[4]: 1
2019/10/17-14:55:14.722265 7fc3a9fcb700 Options.max_bytes_for_level_multiplier_addtl[5]: 1
2019/10/17-14:55:14.722267 7fc3a9fcb700 Options.max_bytes_for_level_multiplier_addtl[6]: 1
2019/10/17-14:55:14.722268 7fc3a9fcb700       Options.max_sequential_skip_in_iterations: 8
2019/10/17-14:55:14.722270 7fc3a9fcb700                    Options.max_compaction_bytes: 1677721600
2019/10/17-14:55:14.722272 7fc3a9fcb700                        Options.arena_block_size: 8388608
2019/10/17-14:55:14.722273 7fc3a9fcb700   Options.soft_pending_compaction_bytes_limit: 68719476736
2019/10/17-14:55:14.722275 7fc3a9fcb700   Options.hard_pending_compaction_bytes_limit: 274877906944
2019/10/17-14:55:14.722277 7fc3a9fcb700       Options.rate_limit_delay_max_milliseconds: 100
2019/10/17-14:55:14.722279 7fc3a9fcb700                Options.disable_auto_compactions: 0
2019/10/17-14:55:14.722281 7fc3a9fcb700                        Options.compaction_style: kCompactionStyleLevel
2019/10/17-14:55:14.722284 7fc3a9fcb700                          Options.compaction_pri: kByCompensatedSize
2019/10/17-14:55:14.722285 7fc3a9fcb700 Options.compaction_options_universal.size_ratio: 1
2019/10/17-14:55:14.722287 7fc3a9fcb700 Options.compaction_options_universal.min_merge_width: 2
2019/10/17-14:55:14.722289 7fc3a9fcb700 Options.compaction_options_universal.max_merge_width: 4294967295
2019/10/17-14:55:14.722290 7fc3a9fcb700 Options.compaction_options_universal.max_size_amplification_percent: 200
2019/10/17-14:55:14.722292 7fc3a9fcb700 Options.compaction_options_universal.compression_size_percent: -1
2019/10/17-14:55:14.722294 7fc3a9fcb700 Options.compaction_options_universal.stop_style: kCompactionStopStyleTotalSize
2019/10/17-14:55:14.722296 7fc3a9fcb700 Options.compaction_options_fifo.max_table_files_size: 1073741824
2019/10/17-14:55:14.722298 7fc3a9fcb700 Options.compaction_options_fifo.allow_compaction: 0
2019/10/17-14:55:14.722299 7fc3a9fcb700 Options.compaction_options_fifo.ttl: 0
2019/10/17-14:55:14.722301 7fc3a9fcb700                   Options.table_properties_collectors: 
2019/10/17-14:55:14.722303 7fc3a9fcb700                   Options.inplace_update_support: 0
2019/10/17-14:55:14.722304 7fc3a9fcb700                 Options.inplace_update_num_locks: 10000
2019/10/17-14:55:14.722306 7fc3a9fcb700               Options.memtable_prefix_bloom_size_ratio: 0.000000
2019/10/17-14:55:14.722309 7fc3a9fcb700   Options.memtable_huge_page_size: 0
2019/10/17-14:55:14.722311 7fc3a9fcb700                           Options.bloom_locality: 0
2019/10/17-14:55:14.722312 7fc3a9fcb700                    Options.max_successive_merges: 0
2019/10/17-14:55:14.722314 7fc3a9fcb700                Options.optimize_filters_for_hits: 0
2019/10/17-14:55:14.722316 7fc3a9fcb700                Options.paranoid_file_checks: 0
2019/10/17-14:55:14.722317 7fc3a9fcb700                Options.force_consistency_checks: 0
2019/10/17-14:55:14.722319 7fc3a9fcb700                Options.report_bg_io_stats: 0
2019/10/17-14:55:14.722321 7fc3a9fcb700                               Options.ttl: 0
2019/10/17-14:55:14.722377 7fc3a9fcb700 [db/column_family.cc:472] --------------- Options for column family [active_gateways]:
2019/10/17-14:55:14.722380 7fc3a9fcb700               Options.comparator: leveldb.BytewiseComparator
2019/10/17-14:55:14.722382 7fc3a9fcb700           Options.merge_operator: None
2019/10/17-14:55:14.722383 7fc3a9fcb700        Options.compaction_filter: None
2019/10/17-14:55:14.722385 7fc3a9fcb700        Options.compaction_filter_factory: None
2019/10/17-14:55:14.722387 7fc3a9fcb700         Options.memtable_factory: SkipListFactory
2019/10/17-14:55:14.722389 7fc3a9fcb700            Options.table_factory: BlockBasedTable
2019/10/17-14:55:14.722412 7fc3a9fcb700            table_factory options:   flush_block_policy_factory: FlushBlockBySizePolicyFactory (0x7fc3500a06b0)
  cache_index_and_filter_blocks: 0
  cache_index_and_filter_blocks_with_high_priority: 0
  pin_l0_filter_and_index_blocks_in_cache: 0
  pin_top_level_index_and_filter: 1
  index_type: 0
  hash_index_allow_collision: 1
  checksum: 1
  no_block_cache: 0
  block_cache: 0x7fc3500448f0
  block_cache_name: LRUCache
  block_cache_options:
    capacity : 8388608
    num_shard_bits : 4
    strict_capacity_limit : 0
    memory_allocator : None
    high_pri_pool_ratio: 0.000
  block_cache_compressed: (nil)
  persistent_cache: (nil)
  block_size: 4096
  block_size_deviation: 10
  block_restart_interval: 16
  index_block_restart_interval: 1
  metadata_block_size: 4096
  partition_filters: 0
  use_delta_encoding: 1
  filter_policy: nullptr
  whole_key_filtering: 1
  verify_compression: 0
  read_amp_bytes_per_bit: 0
  format_version: 2
  enable_index_compression: 1
  block_align: 0
2019/10/17-14:55:14.722427 7fc3a9fcb700        Options.write_buffer_size: 67108864
2019/10/17-14:55:14.722429 7fc3a9fcb700  Options.max_write_buffer_number: 2
2019/10/17-14:55:14.722431 7fc3a9fcb700          Options.compression: NoCompression
2019/10/17-14:55:14.722433 7fc3a9fcb700                  Options.bottommost_compression: Disabled
2019/10/17-14:55:14.722434 7fc3a9fcb700       Options.prefix_extractor: nullptr
2019/10/17-14:55:14.722436 7fc3a9fcb700   Options.memtable_insert_with_hint_prefix_extractor: nullptr
2019/10/17-14:55:14.722437 7fc3a9fcb700             Options.num_levels: 7
2019/10/17-14:55:14.722439 7fc3a9fcb700        Options.min_write_buffer_number_to_merge: 1
2019/10/17-14:55:14.722441 7fc3a9fcb700     Options.max_write_buffer_number_to_maintain: 0
2019/10/17-14:55:14.722442 7fc3a9fcb700            Options.bottommost_compression_opts.window_bits: -14
2019/10/17-14:55:14.722444 7fc3a9fcb700                  Options.bottommost_compression_opts.level: 32767
2019/10/17-14:55:14.722445 7fc3a9fcb700               Options.bottommost_compression_opts.strategy: 0
2019/10/17-14:55:14.722447 7fc3a9fcb700         Options.bottommost_compression_opts.max_dict_bytes: 0
2019/10/17-14:55:14.722449 7fc3a9fcb700         Options.bottommost_compression_opts.zstd_max_train_bytes: 0
2019/10/17-14:55:14.722450 7fc3a9fcb700                  Options.bottommost_compression_opts.enabled: false
2019/10/17-14:55:14.722452 7fc3a9fcb700            Options.compression_opts.window_bits: -14
2019/10/17-14:55:14.722453 7fc3a9fcb700                  Options.compression_opts.level: 32767
2019/10/17-14:55:14.722455 7fc3a9fcb700               Options.compression_opts.strategy: 0
2019/10/17-14:55:14.722457 7fc3a9fcb700         Options.compression_opts.max_dict_bytes: 0
2019/10/17-14:55:14.722458 7fc3a9fcb700         Options.compression_opts.zstd_max_train_bytes: 0
2019/10/17-14:55:14.722460 7fc3a9fcb700                  Options.compression_opts.enabled: false
2019/10/17-14:55:14.722461 7fc3a9fcb700      Options.level0_file_num_compaction_trigger: 4
2019/10/17-14:55:14.722463 7fc3a9fcb700          Options.level0_slowdown_writes_trigger: 20
2019/10/17-14:55:14.722465 7fc3a9fcb700              Options.level0_stop_writes_trigger: 36
2019/10/17-14:55:14.722466 7fc3a9fcb700                   Options.target_file_size_base: 67108864
2019/10/17-14:55:14.722468 7fc3a9fcb700             Options.target_file_size_multiplier: 1
2019/10/17-14:55:14.722470 7fc3a9fcb700                Options.max_bytes_for_level_base: 268435456
2019/10/17-14:55:14.722471 7fc3a9fcb700 Options.level_compaction_dynamic_level_bytes: 0
2019/10/17-14:55:14.722473 7fc3a9fcb700          Options.max_bytes_for_level_multiplier: 10.000000
2019/10/17-14:55:14.722476 7fc3a9fcb700 Options.max_bytes_for_level_multiplier_addtl[0]: 1
2019/10/17-14:55:14.722478 7fc3a9fcb700 Options.max_bytes_for_level_multiplier_addtl[1]: 1
2019/10/17-14:55:14.722479 7fc3a9fcb700 Options.max_bytes_for_level_multiplier_addtl[2]: 1
2019/10/17-14:55:14.722481 7fc3a9fcb700 Options.max_bytes_for_level_multiplier_addtl[3]: 1
2019/10/17-14:55:14.722483 7fc3a9fcb700 Options.max_bytes_for_level_multiplier_addtl[4]: 1
2019/10/17-14:55:14.722484 7fc3a9fcb700 Options.max_bytes_for_level_multiplier_addtl[5]: 1
2019/10/17-14:55:14.722486 7fc3a9fcb700 Options.max_bytes_for_level_multiplier_addtl[6]: 1
2019/10/17-14:55:14.722488 7fc3a9fcb700       Options.max_sequential_skip_in_iterations: 8
2019/10/17-14:55:14.722497 7fc3a9fcb700                    Options.max_compaction_bytes: 1677721600
2019/10/17-14:55:14.722499 7fc3a9fcb700                        Options.arena_block_size: 8388608
2019/10/17-14:55:14.722501 7fc3a9fcb700   Options.soft_pending_compaction_bytes_limit: 68719476736
2019/10/17-14:55:14.722503 7fc3a9fcb700   Options.hard_pending_compaction_bytes_limit: 274877906944
2019/10/17-14:55:14.722504 7fc3a9fcb700       Options.rate_limit_delay_max_milliseconds: 100
2019/10/17-14:55:14.722506 7fc3a9fcb700                Options.disable_auto_compactions: 0
2019/10/17-14:55:14.722508 7fc3a9fcb700                        Options.compaction_style: kCompactionStyleLevel
2019/10/17-14:55:14.722510 7fc3a9fcb700                          Options.compaction_pri: kByCompensatedSize
2019/10/17-14:55:14.722511 7fc3a9fcb700 Options.compaction_options_universal.size_ratio: 1
2019/10/17-14:55:14.722513 7fc3a9fcb700 Options.compaction_options_universal.min_merge_width: 2
2019/10/17-14:55:14.722515 7fc3a9fcb700 Options.compaction_options_universal.max_merge_width: 4294967295
2019/10/17-14:55:14.722516 7fc3a9fcb700 Options.compaction_options_universal.max_size_amplification_percent: 200
2019/10/17-14:55:14.722518 7fc3a9fcb700 Options.compaction_options_universal.compression_size_percent: -1
2019/10/17-14:55:14.722520 7fc3a9fcb700 Options.compaction_options_universal.stop_style: kCompactionStopStyleTotalSize
2019/10/17-14:55:14.722522 7fc3a9fcb700 Options.compaction_options_fifo.max_table_files_size: 1073741824
2019/10/17-14:55:14.722523 7fc3a9fcb700 Options.compaction_options_fifo.allow_compaction: 0
2019/10/17-14:55:14.722525 7fc3a9fcb700 Options.compaction_options_fifo.ttl: 0
2019/10/17-14:55:14.722527 7fc3a9fcb700                   Options.table_properties_collectors: 
2019/10/17-14:55:14.722528 7fc3a9fcb700                   Options.inplace_update_support: 0
2019/10/17-14:55:14.722530 7fc3a9fcb700                 Options.inplace_update_num_locks: 10000
2019/10/17-14:55:14.722531 7fc3a9fcb700               Options.memtable_prefix_bloom_size_ratio: 0.000000
2019/10/17-14:55:14.722534 7fc3a9fcb700   Options.memtable_huge_page_size: 0
2019/10/17-14:55:14.722535 7fc3a9fcb700                           Options.bloom_locality: 0
2019/10/17-14:55:14.722537 7fc3a9fcb700                    Options.max_successive_merges: 0
2019/10/17-14:55:14.722539 7fc3a9fcb700                Options.optimize_filters_for_hits: 0
2019/10/17-14:55:14.722540 7fc3a9fcb700                Options.paranoid_file_checks: 0
2019/10/17-14:55:14.722542 7fc3a9fcb700                Options.force_consistency_checks: 0
2019/10/17-14:55:14.722543 7fc3a9fcb700                Options.report_bg_io_stats: 0
2019/10/17-14:55:14.722545 7fc3a9fcb700                               Options.ttl: 0
2019/10/17-14:55:14.722581 7fc3a9fcb700 [db/column_family.cc:472] --------------- Options for column family [entries]:
2019/10/17-14:55:14.722584 7fc3a9fcb700               Options.comparator: leveldb.BytewiseComparator
2019/10/17-14:55:14.722586 7fc3a9fcb700           Options.merge_operator: None
2019/10/17-14:55:14.722587 7fc3a9fcb700        Options.compaction_filter: None
2019/10/17-14:55:14.722589 7fc3a9fcb700        Options.compaction_filter_factory: None
2019/10/17-14:55:14.722590 7fc3a9fcb700         Options.memtable_factory: SkipListFactory
2019/10/17-14:55:14.722592 7fc3a9fcb700            Options.table_factory: BlockBasedTable
2019/10/17-14:55:14.722613 7fc3a9fcb700            table_factory options:   flush_block_policy_factory: FlushBlockBySizePolicyFactory (0x7fc35008fe80)
  cache_index_and_filter_blocks: 0
  cache_index_and_filter_blocks_with_high_priority: 0
  pin_l0_filter_and_index_blocks_in_cache: 0
  pin_top_level_index_and_filter: 1
  index_type: 0
  hash_index_allow_collision: 1
  checksum: 1
  no_block_cache: 0
  block_cache: 0x7fc35002c570
  block_cache_name: LRUCache
  block_cache_options:
    capacity : 8388608
    num_shard_bits : 4
    strict_capacity_limit : 0
    memory_allocator : None
    high_pri_pool_ratio: 0.000
  block_cache_compressed: (nil)
  persistent_cache: (nil)
  block_size: 4096
  block_size_deviation: 10
  block_restart_interval: 16
  index_block_restart_interval: 1
  metadata_block_size: 4096
  partition_filters: 0
  use_delta_encoding: 1
  filter_policy: nullptr
  whole_key_filtering: 1
  verify_compression: 0
  read_amp_bytes_per_bit: 0
  format_version: 2
  enable_index_compression: 1
  block_align: 0
2019/10/17-14:55:14.722627 7fc3a9fcb700        Options.write_buffer_size: 67108864
2019/10/17-14:55:14.722629 7fc3a9fcb700  Options.max_write_buffer_number: 2
2019/10/17-14:55:14.722631 7fc3a9fcb700          Options.compression: NoCompression
2019/10/17-14:55:14.722632 7fc3a9fcb700                  Options.bottommost_compression: Disabled
2019/10/17-14:55:14.722634 7fc3a9fcb700       Options.prefix_extractor: nullptr
2019/10/17-14:55:14.722636 7fc3a9fcb700   Options.memtable_insert_with_hint_prefix_extractor: nullptr
2019/10/17-14:55:14.722637 7fc3a9fcb700             Options.num_levels: 7
2019/10/17-14:55:14.722639 7fc3a9fcb700        Options.min_write_buffer_number_to_merge: 1
2019/10/17-14:55:14.722641 7fc3a9fcb700     Options.max_write_buffer_number_to_maintain: 0
2019/10/17-14:55:14.722642 7fc3a9fcb700            Options.bottommost_compression_opts.window_bits: -14
2019/10/17-14:55:14.722644 7fc3a9fcb700                  Options.bottommost_compression_opts.level: 32767
2019/10/17-14:55:14.722646 7fc3a9fcb700               Options.bottommost_compression_opts.strategy: 0
2019/10/17-14:55:14.722647 7fc3a9fcb700         Options.bottommost_compression_opts.max_dict_bytes: 0
2019/10/17-14:55:14.722649 7fc3a9fcb700         Options.bottommost_compression_opts.zstd_max_train_bytes: 0
2019/10/17-14:55:14.722650 7fc3a9fcb700                  Options.bottommost_compression_opts.enabled: false
2019/10/17-14:55:14.722652 7fc3a9fcb700            Options.compression_opts.window_bits: -14
2019/10/17-14:55:14.722654 7fc3a9fcb700                  Options.compression_opts.level: 32767
2019/10/17-14:55:14.722655 7fc3a9fcb700               Options.compression_opts.strategy: 0
2019/10/17-14:55:14.722657 7fc3a9fcb700         Options.compression_opts.max_dict_bytes: 0
2019/10/17-14:55:14.722658 7fc3a9fcb700         Options.compression_opts.zstd_max_train_bytes: 0
2019/10/17-14:55:14.722660 7fc3a9fcb700                  Options.compression_opts.enabled: false
2019/10/17-14:55:14.722662 7fc3a9fcb700      Options.level0_file_num_compaction_trigger: 4
2019/10/17-14:55:14.722663 7fc3a9fcb700          Options.level0_slowdown_writes_trigger: 20
2019/10/17-14:55:14.722665 7fc3a9fcb700              Options.level0_stop_writes_trigger: 36
2019/10/17-14:55:14.722667 7fc3a9fcb700                   Options.target_file_size_base: 67108864
2019/10/17-14:55:14.722668 7fc3a9fcb700             Options.target_file_size_multiplier: 1
2019/10/17-14:55:14.722670 7fc3a9fcb700                Options.max_bytes_for_level_base: 268435456
2019/10/17-14:55:14.722672 7fc3a9fcb700 Options.level_compaction_dynamic_level_bytes: 0
2019/10/17-14:55:14.722673 7fc3a9fcb700          Options.max_bytes_for_level_multiplier: 10.000000
2019/10/17-14:55:14.722676 7fc3a9fcb700 Options.max_bytes_for_level_multiplier_addtl[0]: 1
2019/10/17-14:55:14.722678 7fc3a9fcb700 Options.max_bytes_for_level_multiplier_addtl[1]: 1
2019/10/17-14:55:14.722680 7fc3a9fcb700 Options.max_bytes_for_level_multiplier_addtl[2]: 1
2019/10/17-14:55:14.722681 7fc3a9fcb700 Options.max_bytes_for_level_multiplier_addtl[3]: 1
2019/10/17-14:55:14.722683 7fc3a9fcb700 Options.max_bytes_for_level_multiplier_addtl[4]: 1
2019/10/17-14:55:14.722684 7fc3a9fcb700 Options.max_bytes_for_level_multiplier_addtl[5]: 1
2019/10/17-14:55:14.722686 7fc3a9fcb700 Options.max_bytes_for_level_multiplier_addtl[6]: 1
2019/10/17-14:55:14.722688 7fc3a9fcb700       Options.max_sequential_skip_in_iterations: 8
2019/10/17-14:55:14.722689 7fc3a9fcb700                    Options.max_compaction_bytes: 1677721600
2019/10/17-14:55:14.722691 7fc3a9fcb700                        Options.arena_block_size: 8388608
2019/10/17-14:55:14.722693 7fc3a9fcb700   Options.soft_pending_compaction_bytes_limit: 68719476736
2019/10/17-14:55:14.722702 7fc3a9fcb700   Options.hard_pending_compaction_bytes_limit: 274877906944
2019/10/17-14:55:14.722704 7fc3a9fcb700       Options.rate_limit_delay_max_milliseconds: 100
2019/10/17-14:55:14.722706 7fc3a9fcb700                Options.disable_auto_compactions: 0
2019/10/17-14:55:14.722708 7fc3a9fcb700                        Options.compaction_style: kCompactionStyleLevel
2019/10/17-14:55:14.722710 7fc3a9fcb700                          Options.compaction_pri: kByCompensatedSize
2019/10/17-14:55:14.722712 7fc3a9fcb700 Options.compaction_options_universal.size_ratio: 1
2019/10/17-14:55:14.722714 7fc3a9fcb700 Options.compaction_options_universal.min_merge_width: 2
2019/10/17-14:55:14.722715 7fc3a9fcb700 Options.compaction_options_universal.max_merge_width: 4294967295
2019/10/17-14:55:14.722717 7fc3a9fcb700 Options.compaction_options_universal.max_size_amplification_percent: 200
2019/10/17-14:55:14.722718 7fc3a9fcb700 Options.compaction_options_universal.compression_size_percent: -1
2019/10/17-14:55:14.722721 7fc3a9fcb700 Options.compaction_options_universal.stop_style: kCompactionStopStyleTotalSize
2019/10/17-14:55:14.722722 7fc3a9fcb700 Options.compaction_options_fifo.max_table_files_size: 1073741824
2019/10/17-14:55:14.722724 7fc3a9fcb700 Options.compaction_options_fifo.allow_compaction: 0
2019/10/17-14:55:14.722725 7fc3a9fcb700 Options.compaction_options_fifo.ttl: 0
2019/10/17-14:55:14.722727 7fc3a9fcb700                   Options.table_properties_collectors: 
2019/10/17-14:55:14.722729 7fc3a9fcb700                   Options.inplace_update_support: 0
2019/10/17-14:55:14.722730 7fc3a9fcb700                 Options.inplace_update_num_locks: 10000
2019/10/17-14:55:14.722732 7fc3a9fcb700               Options.memtable_prefix_bloom_size_ratio: 0.000000
2019/10/17-14:55:14.722734 7fc3a9fcb700   Options.memtable_huge_page_size: 0
2019/10/17-14:55:14.722736 7fc3a9fcb700                           Options.bloom_locality: 0
2019/10/17-14:55:14.722738 7fc3a9fcb700                    Options.max_successive_merges: 0
2019/10/17-14:55:14.722739 7fc3a9fcb700                Options.optimize_filters_for_hits: 0
2019/10/17-14:55:14.722741 7fc3a9fcb700                Options.paranoid_file_checks: 0
2019/10/17-14:55:14.722742 7fc3a9fcb700                Options.force_consistency_checks: 0
2019/10/17-14:55:14.722744 7fc3a9fcb700                Options.report_bg_io_stats: 0
2019/10/17-14:55:14.722745 7fc3a9fcb700                               Options.ttl: 0
2019/10/17-14:55:14.722778 7fc3a9fcb700 [db/column_family.cc:472] --------------- Options for column family [dc_entries]:
2019/10/17-14:55:14.722780 7fc3a9fcb700               Options.comparator: leveldb.BytewiseComparator
2019/10/17-14:55:14.722782 7fc3a9fcb700           Options.merge_operator: None
2019/10/17-14:55:14.722784 7fc3a9fcb700        Options.compaction_filter: None
2019/10/17-14:55:14.722785 7fc3a9fcb700        Options.compaction_filter_factory: None
2019/10/17-14:55:14.722787 7fc3a9fcb700         Options.memtable_factory: SkipListFactory
2019/10/17-14:55:14.722789 7fc3a9fcb700            Options.table_factory: BlockBasedTable
2019/10/17-14:55:14.722809 7fc3a9fcb700            table_factory options:   flush_block_policy_factory: FlushBlockBySizePolicyFactory (0x7fc35002c320)
  cache_index_and_filter_blocks: 0
  cache_index_and_filter_blocks_with_high_priority: 0
  pin_l0_filter_and_index_blocks_in_cache: 0
  pin_top_level_index_and_filter: 1
  index_type: 0
  hash_index_allow_collision: 1
  checksum: 1
  no_block_cache: 0
  block_cache: 0x7fc3500d2680
  block_cache_name: LRUCache
  block_cache_options:
    capacity : 8388608
    num_shard_bits : 4
    strict_capacity_limit : 0
    memory_allocator : None
    high_pri_pool_ratio: 0.000
  block_cache_compressed: (nil)
  persistent_cache: (nil)
  block_size: 4096
  block_size_deviation: 10
  block_restart_interval: 16
  index_block_restart_interval: 1
  metadata_block_size: 4096
  partition_filters: 0
  use_delta_encoding: 1
  filter_policy: nullptr
  whole_key_filtering: 1
  verify_compression: 0
  read_amp_bytes_per_bit: 0
  format_version: 2
  enable_index_compression: 1
  block_align: 0
2019/10/17-14:55:14.722823 7fc3a9fcb700        Options.write_buffer_size: 67108864
2019/10/17-14:55:14.722825 7fc3a9fcb700  Options.max_write_buffer_number: 2
2019/10/17-14:55:14.722826 7fc3a9fcb700          Options.compression: NoCompression
2019/10/17-14:55:14.722828 7fc3a9fcb700                  Options.bottommost_compression: Disabled
2019/10/17-14:55:14.722830 7fc3a9fcb700       Options.prefix_extractor: nullptr
2019/10/17-14:55:14.722831 7fc3a9fcb700   Options.memtable_insert_with_hint_prefix_extractor: nullptr
2019/10/17-14:55:14.722833 7fc3a9fcb700             Options.num_levels: 7
2019/10/17-14:55:14.722835 7fc3a9fcb700        Options.min_write_buffer_number_to_merge: 1
2019/10/17-14:55:14.722836 7fc3a9fcb700     Options.max_write_buffer_number_to_maintain: 0
2019/10/17-14:55:14.722838 7fc3a9fcb700            Options.bottommost_compression_opts.window_bits: -14
2019/10/17-14:55:14.722840 7fc3a9fcb700                  Options.bottommost_compression_opts.level: 32767
2019/10/17-14:55:14.722841 7fc3a9fcb700               Options.bottommost_compression_opts.strategy: 0
2019/10/17-14:55:14.722843 7fc3a9fcb700         Options.bottommost_compression_opts.max_dict_bytes: 0
2019/10/17-14:55:14.722844 7fc3a9fcb700         Options.bottommost_compression_opts.zstd_max_train_bytes: 0
2019/10/17-14:55:14.722846 7fc3a9fcb700                  Options.bottommost_compression_opts.enabled: false
2019/10/17-14:55:14.722847 7fc3a9fcb700            Options.compression_opts.window_bits: -14
2019/10/17-14:55:14.722849 7fc3a9fcb700                  Options.compression_opts.level: 32767
2019/10/17-14:55:14.722851 7fc3a9fcb700               Options.compression_opts.strategy: 0
2019/10/17-14:55:14.722852 7fc3a9fcb700         Options.compression_opts.max_dict_bytes: 0
2019/10/17-14:55:14.722854 7fc3a9fcb700         Options.compression_opts.zstd_max_train_bytes: 0
2019/10/17-14:55:14.722856 7fc3a9fcb700                  Options.compression_opts.enabled: false
2019/10/17-14:55:14.722857 7fc3a9fcb700      Options.level0_file_num_compaction_trigger: 4
2019/10/17-14:55:14.722859 7fc3a9fcb700          Options.level0_slowdown_writes_trigger: 20
2019/10/17-14:55:14.722860 7fc3a9fcb700              Options.level0_stop_writes_trigger: 36
2019/10/17-14:55:14.722862 7fc3a9fcb700                   Options.target_file_size_base: 67108864
2019/10/17-14:55:14.722864 7fc3a9fcb700             Options.target_file_size_multiplier: 1
2019/10/17-14:55:14.722865 7fc3a9fcb700                Options.max_bytes_for_level_base: 268435456
2019/10/17-14:55:14.722867 7fc3a9fcb700 Options.level_compaction_dynamic_level_bytes: 0
2019/10/17-14:55:14.722869 7fc3a9fcb700          Options.max_bytes_for_level_multiplier: 10.000000
2019/10/17-14:55:14.722871 7fc3a9fcb700 Options.max_bytes_for_level_multiplier_addtl[0]: 1
2019/10/17-14:55:14.722873 7fc3a9fcb700 Options.max_bytes_for_level_multiplier_addtl[1]: 1
2019/10/17-14:55:14.722875 7fc3a9fcb700 Options.max_bytes_for_level_multiplier_addtl[2]: 1
2019/10/17-14:55:14.722876 7fc3a9fcb700 Options.max_bytes_for_level_multiplier_addtl[3]: 1
2019/10/17-14:55:14.722878 7fc3a9fcb700 Options.max_bytes_for_level_multiplier_addtl[4]: 1
2019/10/17-14:55:14.722880 7fc3a9fcb700 Options.max_bytes_for_level_multiplier_addtl[5]: 1
2019/10/17-14:55:14.722881 7fc3a9fcb700 Options.max_bytes_for_level_multiplier_addtl[6]: 1
2019/10/17-14:55:14.722883 7fc3a9fcb700       Options.max_sequential_skip_in_iterations: 8
2019/10/17-14:55:14.722885 7fc3a9fcb700                    Options.max_compaction_bytes: 1677721600
2019/10/17-14:55:14.722886 7fc3a9fcb700                        Options.arena_block_size: 8388608
2019/10/17-14:55:14.722888 7fc3a9fcb700   Options.soft_pending_compaction_bytes_limit: 68719476736
2019/10/17-14:55:14.722889 7fc3a9fcb700   Options.hard_pending_compaction_bytes_limit: 274877906944
2019/10/17-14:55:14.722891 7fc3a9fcb700       Options.rate_limit_delay_max_milliseconds: 100
2019/10/17-14:55:14.722893 7fc3a9fcb700                Options.disable_auto_compactions: 0
2019/10/17-14:55:14.722903 7fc3a9fcb700                        Options.compaction_style: kCompactionStyleLevel
2019/10/17-14:55:14.722906 7fc3a9fcb700                          Options.compaction_pri: kByCompensatedSize
2019/10/17-14:55:14.722907 7fc3a9fcb700 Options.compaction_options_universal.size_ratio: 1
2019/10/17-14:55:14.722909 7fc3a9fcb700 Options.compaction_options_universal.min_merge_width: 2
2019/10/17-14:55:14.722910 7fc3a9fcb700 Options.compaction_options_universal.max_merge_width: 4294967295
2019/10/17-14:55:14.722912 7fc3a9fcb700 Options.compaction_options_universal.max_size_amplification_percent: 200
2019/10/17-14:55:14.722914 7fc3a9fcb700 Options.compaction_options_universal.compression_size_percent: -1
2019/10/17-14:55:14.722916 7fc3a9fcb700 Options.compaction_options_universal.stop_style: kCompactionStopStyleTotalSize
2019/10/17-14:55:14.722917 7fc3a9fcb700 Options.compaction_options_fifo.max_table_files_size: 1073741824
2019/10/17-14:55:14.722919 7fc3a9fcb700 Options.compaction_options_fifo.allow_compaction: 0
2019/10/17-14:55:14.722921 7fc3a9fcb700 Options.compaction_options_fifo.ttl: 0
2019/10/17-14:55:14.722922 7fc3a9fcb700                   Options.table_properties_collectors: 
2019/10/17-14:55:14.722924 7fc3a9fcb700                   Options.inplace_update_support: 0
2019/10/17-14:55:14.722925 7fc3a9fcb700                 Options.inplace_update_num_locks: 10000
2019/10/17-14:55:14.722927 7fc3a9fcb700               Options.memtable_prefix_bloom_size_ratio: 0.000000
2019/10/17-14:55:14.722929 7fc3a9fcb700   Options.memtable_huge_page_size: 0
2019/10/17-14:55:14.722931 7fc3a9fcb700                           Options.bloom_locality: 0
2019/10/17-14:55:14.722933 7fc3a9fcb700                    Options.max_successive_merges: 0
2019/10/17-14:55:14.722934 7fc3a9fcb700                Options.optimize_filters_for_hits: 0
2019/10/17-14:55:14.722936 7fc3a9fcb700                Options.paranoid_file_checks: 0
2019/10/17-14:55:14.722937 7fc3a9fcb700                Options.force_consistency_checks: 0
2019/10/17-14:55:14.722939 7fc3a9fcb700                Options.report_bg_io_stats: 0
2019/10/17-14:55:14.722941 7fc3a9fcb700                               Options.ttl: 0
2019/10/17-14:55:14.722967 7fc3a9fcb700 [db/column_family.cc:472] --------------- Options for column family [htlcs]:
2019/10/17-14:55:14.722970 7fc3a9fcb700               Options.comparator: leveldb.BytewiseComparator
2019/10/17-14:55:14.722972 7fc3a9fcb700           Options.merge_operator: None
2019/10/17-14:55:14.722974 7fc3a9fcb700        Options.compaction_filter: None
2019/10/17-14:55:14.722975 7fc3a9fcb700        Options.compaction_filter_factory: None
2019/10/17-14:55:14.722977 7fc3a9fcb700         Options.memtable_factory: SkipListFactory
2019/10/17-14:55:14.722979 7fc3a9fcb700            Options.table_factory: BlockBasedTable
2019/10/17-14:55:14.722998 7fc3a9fcb700            table_factory options:   flush_block_policy_factory: FlushBlockBySizePolicyFactory (0x7fc350098680)
