2019/10/17-14:54:13.661947 7fc3a9fcb700 RocksDB version: 5.18.3
2019/10/17-14:54:13.662056 7fc3a9fcb700 Git sha rocksdb_build_git_sha:@0@
2019/10/17-14:54:13.662059 7fc3a9fcb700 Compile date Sep 19 2019
2019/10/17-14:54:13.662061 7fc3a9fcb700 DB SUMMARY
2019/10/17-14:54:13.663252 7fc3a9fcb700 CURRENT file:  CURRENT
2019/10/17-14:54:13.663254 7fc3a9fcb700 IDENTITY file:  IDENTITY
2019/10/17-14:54:13.663303 7fc3a9fcb700 MANIFEST file:  MANIFEST-114871 size: 4114 Bytes
2019/10/17-14:54:13.663306 7fc3a9fcb700 SST files in /home/rahul/dev/blockchain-core/eqc/ledger.db dir, Total Num: 29, files: 000624.sst 000627.sst 106940.sst 108447.sst 108450.sst 109471.sst 109483.sst 109485.sst 109486.sst 
2019/10/17-14:54:13.663308 7fc3a9fcb700 Write Ahead Log file in /home/rahul/dev/blockchain-core/eqc/ledger.db: 114872.log size: 0 ; 
2019/10/17-14:54:13.663364 7fc3a9fcb700                         Options.error_if_exists: 0
2019/10/17-14:54:13.663366 7fc3a9fcb700                       Options.create_if_missing: 1
2019/10/17-14:54:13.663367 7fc3a9fcb700                         Options.paranoid_checks: 1
2019/10/17-14:54:13.663368 7fc3a9fcb700                                     Options.env: 0x7fc32ae1fc60
2019/10/17-14:54:13.663370 7fc3a9fcb700                                Options.info_log: 0x7fc3500dbd00
2019/10/17-14:54:13.663371 7fc3a9fcb700                Options.max_file_opening_threads: 16
2019/10/17-14:54:13.663372 7fc3a9fcb700                              Options.statistics: (nil)
2019/10/17-14:54:13.663374 7fc3a9fcb700                               Options.use_fsync: 0
2019/10/17-14:54:13.663375 7fc3a9fcb700                       Options.max_log_file_size: 0
2019/10/17-14:54:13.663377 7fc3a9fcb700                  Options.max_manifest_file_size: 1073741824
2019/10/17-14:54:13.663378 7fc3a9fcb700                   Options.log_file_time_to_roll: 0
2019/10/17-14:54:13.663379 7fc3a9fcb700                       Options.keep_log_file_num: 1000
2019/10/17-14:54:13.663381 7fc3a9fcb700                    Options.recycle_log_file_num: 0
2019/10/17-14:54:13.663382 7fc3a9fcb700                         Options.allow_fallocate: 1
2019/10/17-14:54:13.663383 7fc3a9fcb700                        Options.allow_mmap_reads: 0
2019/10/17-14:54:13.663384 7fc3a9fcb700                       Options.allow_mmap_writes: 0
2019/10/17-14:54:13.663386 7fc3a9fcb700                        Options.use_direct_reads: 0
2019/10/17-14:54:13.663387 7fc3a9fcb700                        Options.use_direct_io_for_flush_and_compaction: 0
2019/10/17-14:54:13.663388 7fc3a9fcb700          Options.create_missing_column_families: 0
2019/10/17-14:54:13.663389 7fc3a9fcb700                              Options.db_log_dir: 
2019/10/17-14:54:13.663390 7fc3a9fcb700                                 Options.wal_dir: /home/rahul/dev/blockchain-core/eqc/ledger.db
2019/10/17-14:54:13.663392 7fc3a9fcb700                Options.table_cache_numshardbits: 6
2019/10/17-14:54:13.663393 7fc3a9fcb700                      Options.max_subcompactions: 1
2019/10/17-14:54:13.663394 7fc3a9fcb700                  Options.max_background_flushes: -1
2019/10/17-14:54:13.663396 7fc3a9fcb700                         Options.WAL_ttl_seconds: 0
2019/10/17-14:54:13.663397 7fc3a9fcb700                       Options.WAL_size_limit_MB: 0
2019/10/17-14:54:13.663398 7fc3a9fcb700             Options.manifest_preallocation_size: 4194304
2019/10/17-14:54:13.663400 7fc3a9fcb700                     Options.is_fd_close_on_exec: 1
2019/10/17-14:54:13.663401 7fc3a9fcb700                   Options.advise_random_on_open: 1
2019/10/17-14:54:13.663402 7fc3a9fcb700                    Options.db_write_buffer_size: 0
2019/10/17-14:54:13.663403 7fc3a9fcb700                    Options.write_buffer_manager: 0x7fc3500a2090
2019/10/17-14:54:13.663404 7fc3a9fcb700         Options.access_hint_on_compaction_start: 1
2019/10/17-14:54:13.663406 7fc3a9fcb700  Options.new_table_reader_for_compaction_inputs: 0
2019/10/17-14:54:13.663407 7fc3a9fcb700           Options.random_access_max_buffer_size: 1048576
2019/10/17-14:54:13.663408 7fc3a9fcb700                      Options.use_adaptive_mutex: 0
2019/10/17-14:54:13.663409 7fc3a9fcb700                            Options.rate_limiter: (nil)
2019/10/17-14:54:13.663436 7fc3a9fcb700     Options.sst_file_manager.rate_bytes_per_sec: 0
2019/10/17-14:54:13.663437 7fc3a9fcb700                       Options.wal_recovery_mode: 2
2019/10/17-14:54:13.663438 7fc3a9fcb700                  Options.enable_thread_tracking: 0
2019/10/17-14:54:13.663439 7fc3a9fcb700                  Options.enable_pipelined_write: 0
2019/10/17-14:54:13.663440 7fc3a9fcb700         Options.allow_concurrent_memtable_write: 1
2019/10/17-14:54:13.663441 7fc3a9fcb700      Options.enable_write_thread_adaptive_yield: 1
2019/10/17-14:54:13.663442 7fc3a9fcb700             Options.write_thread_max_yield_usec: 100
2019/10/17-14:54:13.663443 7fc3a9fcb700            Options.write_thread_slow_yield_usec: 3
2019/10/17-14:54:13.663444 7fc3a9fcb700                               Options.row_cache: None
2019/10/17-14:54:13.663445 7fc3a9fcb700                              Options.wal_filter: None
2019/10/17-14:54:13.663446 7fc3a9fcb700             Options.avoid_flush_during_recovery: 0
2019/10/17-14:54:13.663447 7fc3a9fcb700             Options.allow_ingest_behind: 0
2019/10/17-14:54:13.663448 7fc3a9fcb700             Options.preserve_deletes: 0
2019/10/17-14:54:13.663449 7fc3a9fcb700             Options.two_write_queues: 0
2019/10/17-14:54:13.663450 7fc3a9fcb700             Options.manual_wal_flush: 0
2019/10/17-14:54:13.663451 7fc3a9fcb700             Options.max_background_jobs: 2
2019/10/17-14:54:13.663452 7fc3a9fcb700             Options.max_background_compactions: -1
2019/10/17-14:54:13.663453 7fc3a9fcb700             Options.avoid_flush_during_shutdown: 0
2019/10/17-14:54:13.663454 7fc3a9fcb700           Options.writable_file_max_buffer_size: 1048576
2019/10/17-14:54:13.663455 7fc3a9fcb700             Options.delayed_write_rate : 16777216
2019/10/17-14:54:13.663456 7fc3a9fcb700             Options.max_total_wal_size: 0
2019/10/17-14:54:13.663457 7fc3a9fcb700             Options.delete_obsolete_files_period_micros: 21600000000
2019/10/17-14:54:13.663458 7fc3a9fcb700                   Options.stats_dump_period_sec: 600
2019/10/17-14:54:13.663459 7fc3a9fcb700                          Options.max_open_files: -1
2019/10/17-14:54:13.663460 7fc3a9fcb700                          Options.bytes_per_sync: 0
2019/10/17-14:54:13.663461 7fc3a9fcb700                      Options.wal_bytes_per_sync: 0
2019/10/17-14:54:13.663462 7fc3a9fcb700       Options.compaction_readahead_size: 0
2019/10/17-14:54:13.663463 7fc3a9fcb700 Compression algorithms supported:
2019/10/17-14:54:13.663464 7fc3a9fcb700 	kZSTDNotFinalCompression supported: 0
2019/10/17-14:54:13.663466 7fc3a9fcb700 	kZSTD supported: 0
2019/10/17-14:54:13.663467 7fc3a9fcb700 	kXpressCompression supported: 0
2019/10/17-14:54:13.663468 7fc3a9fcb700 	kLZ4HCCompression supported: 0
2019/10/17-14:54:13.663469 7fc3a9fcb700 	kLZ4Compression supported: 0
2019/10/17-14:54:13.663470 7fc3a9fcb700 	kBZip2Compression supported: 0
2019/10/17-14:54:13.663471 7fc3a9fcb700 	kZlibCompression supported: 0
2019/10/17-14:54:13.663472 7fc3a9fcb700 	kSnappyCompression supported: 0
2019/10/17-14:54:13.663474 7fc3a9fcb700 Fast CRC32 supported: Supported on x86
2019/10/17-14:54:13.663613 7fc3a9fcb700 [db/version_set.cc:3507] Recovering from manifest file: MANIFEST-114871
2019/10/17-14:54:13.663657 7fc3a9fcb700 [db/column_family.cc:472] --------------- Options for column family [default]:
2019/10/17-14:54:13.663659 7fc3a9fcb700               Options.comparator: leveldb.BytewiseComparator
2019/10/17-14:54:13.663661 7fc3a9fcb700           Options.merge_operator: None
2019/10/17-14:54:13.663662 7fc3a9fcb700        Options.compaction_filter: None
2019/10/17-14:54:13.663663 7fc3a9fcb700        Options.compaction_filter_factory: None
2019/10/17-14:54:13.663664 7fc3a9fcb700         Options.memtable_factory: SkipListFactory
2019/10/17-14:54:13.663665 7fc3a9fcb700            Options.table_factory: BlockBasedTable
2019/10/17-14:54:13.663683 7fc3a9fcb700            table_factory options:   flush_block_policy_factory: FlushBlockBySizePolicyFactory (0x7fc350062b10)
  cache_index_and_filter_blocks: 0
  cache_index_and_filter_blocks_with_high_priority: 0
  pin_l0_filter_and_index_blocks_in_cache: 0
  pin_top_level_index_and_filter: 1
  index_type: 0
  hash_index_allow_collision: 1
  checksum: 1
  no_block_cache: 0
  block_cache: 0x7fc3500b20f0
  block_cache_name: LRUCache
  block_cache_options:
    capacity : 8388608
    num_shard_bits : 4
    strict_capacity_limit : 0
    memory_allocator : None
    high_pri_pool_ratio: 0.000
  block_cache_compressed: (nil)
  persistent_cache: (nil)
  block_size: 4096
  block_size_deviation: 10
  block_restart_interval: 16
  index_block_restart_interval: 1
  metadata_block_size: 4096
  partition_filters: 0
  use_delta_encoding: 1
  filter_policy: nullptr
  whole_key_filtering: 1
  verify_compression: 0
  read_amp_bytes_per_bit: 0
  format_version: 2
  enable_index_compression: 1
  block_align: 0
2019/10/17-14:54:13.663697 7fc3a9fcb700        Options.write_buffer_size: 67108864
2019/10/17-14:54:13.663698 7fc3a9fcb700  Options.max_write_buffer_number: 2
2019/10/17-14:54:13.663700 7fc3a9fcb700          Options.compression: NoCompression
2019/10/17-14:54:13.663701 7fc3a9fcb700                  Options.bottommost_compression: Disabled
2019/10/17-14:54:13.663702 7fc3a9fcb700       Options.prefix_extractor: nullptr
2019/10/17-14:54:13.663703 7fc3a9fcb700   Options.memtable_insert_with_hint_prefix_extractor: nullptr
2019/10/17-14:54:13.663704 7fc3a9fcb700             Options.num_levels: 7
2019/10/17-14:54:13.663705 7fc3a9fcb700        Options.min_write_buffer_number_to_merge: 1
2019/10/17-14:54:13.663706 7fc3a9fcb700     Options.max_write_buffer_number_to_maintain: 0
2019/10/17-14:54:13.663707 7fc3a9fcb700            Options.bottommost_compression_opts.window_bits: -14
2019/10/17-14:54:13.663708 7fc3a9fcb700                  Options.bottommost_compression_opts.level: 32767
2019/10/17-14:54:13.663709 7fc3a9fcb700               Options.bottommost_compression_opts.strategy: 0
2019/10/17-14:54:13.663710 7fc3a9fcb700         Options.bottommost_compression_opts.max_dict_bytes: 0
2019/10/17-14:54:13.663711 7fc3a9fcb700         Options.bottommost_compression_opts.zstd_max_train_bytes: 0
2019/10/17-14:54:13.663712 7fc3a9fcb700                  Options.bottommost_compression_opts.enabled: false
2019/10/17-14:54:13.663713 7fc3a9fcb700            Options.compression_opts.window_bits: -14
2019/10/17-14:54:13.663714 7fc3a9fcb700                  Options.compression_opts.level: 32767
2019/10/17-14:54:13.663715 7fc3a9fcb700               Options.compression_opts.strategy: 0
2019/10/17-14:54:13.663716 7fc3a9fcb700         Options.compression_opts.max_dict_bytes: 0
2019/10/17-14:54:13.663717 7fc3a9fcb700         Options.compression_opts.zstd_max_train_bytes: 0
2019/10/17-14:54:13.663718 7fc3a9fcb700                  Options.compression_opts.enabled: false
2019/10/17-14:54:13.663719 7fc3a9fcb700      Options.level0_file_num_compaction_trigger: 4
2019/10/17-14:54:13.663720 7fc3a9fcb700          Options.level0_slowdown_writes_trigger: 20
2019/10/17-14:54:13.663721 7fc3a9fcb700              Options.level0_stop_writes_trigger: 36
2019/10/17-14:54:13.663722 7fc3a9fcb700                   Options.target_file_size_base: 67108864
2019/10/17-14:54:13.663723 7fc3a9fcb700             Options.target_file_size_multiplier: 1
2019/10/17-14:54:13.663724 7fc3a9fcb700                Options.max_bytes_for_level_base: 268435456
2019/10/17-14:54:13.663725 7fc3a9fcb700 Options.level_compaction_dynamic_level_bytes: 0
2019/10/17-14:54:13.663726 7fc3a9fcb700          Options.max_bytes_for_level_multiplier: 10.000000
2019/10/17-14:54:13.663728 7fc3a9fcb700 Options.max_bytes_for_level_multiplier_addtl[0]: 1
2019/10/17-14:54:13.663729 7fc3a9fcb700 Options.max_bytes_for_level_multiplier_addtl[1]: 1
2019/10/17-14:54:13.663731 7fc3a9fcb700 Options.max_bytes_for_level_multiplier_addtl[2]: 1
2019/10/17-14:54:13.663731 7fc3a9fcb700 Options.max_bytes_for_level_multiplier_addtl[3]: 1
2019/10/17-14:54:13.663732 7fc3a9fcb700 Options.max_bytes_for_level_multiplier_addtl[4]: 1
2019/10/17-14:54:13.663740 7fc3a9fcb700 Options.max_bytes_for_level_multiplier_addtl[5]: 1
2019/10/17-14:54:13.663746 7fc3a9fcb700 Options.max_bytes_for_level_multiplier_addtl[6]: 1
2019/10/17-14:54:13.663748 7fc3a9fcb700       Options.max_sequential_skip_in_iterations: 8
2019/10/17-14:54:13.663750 7fc3a9fcb700                    Options.max_compaction_bytes: 1677721600
2019/10/17-14:54:13.663752 7fc3a9fcb700                        Options.arena_block_size: 8388608
2019/10/17-14:54:13.663754 7fc3a9fcb700   Options.soft_pending_compaction_bytes_limit: 68719476736
2019/10/17-14:54:13.663755 7fc3a9fcb700   Options.hard_pending_compaction_bytes_limit: 274877906944
2019/10/17-14:54:13.663757 7fc3a9fcb700       Options.rate_limit_delay_max_milliseconds: 100
2019/10/17-14:54:13.663758 7fc3a9fcb700                Options.disable_auto_compactions: 0
2019/10/17-14:54:13.663761 7fc3a9fcb700                        Options.compaction_style: kCompactionStyleLevel
2019/10/17-14:54:13.663763 7fc3a9fcb700                          Options.compaction_pri: kByCompensatedSize
2019/10/17-14:54:13.663766 7fc3a9fcb700 Options.compaction_options_universal.size_ratio: 1
2019/10/17-14:54:13.663768 7fc3a9fcb700 Options.compaction_options_universal.min_merge_width: 2
2019/10/17-14:54:13.663769 7fc3a9fcb700 Options.compaction_options_universal.max_merge_width: 4294967295
2019/10/17-14:54:13.663771 7fc3a9fcb700 Options.compaction_options_universal.max_size_amplification_percent: 200
2019/10/17-14:54:13.663773 7fc3a9fcb700 Options.compaction_options_universal.compression_size_percent: -1
2019/10/17-14:54:13.663775 7fc3a9fcb700 Options.compaction_options_universal.stop_style: kCompactionStopStyleTotalSize
2019/10/17-14:54:13.663777 7fc3a9fcb700 Options.compaction_options_fifo.max_table_files_size: 1073741824
2019/10/17-14:54:13.663779 7fc3a9fcb700 Options.compaction_options_fifo.allow_compaction: 0
2019/10/17-14:54:13.663781 7fc3a9fcb700 Options.compaction_options_fifo.ttl: 0
2019/10/17-14:54:13.663783 7fc3a9fcb700                   Options.table_properties_collectors: 
2019/10/17-14:54:13.663785 7fc3a9fcb700                   Options.inplace_update_support: 0
2019/10/17-14:54:13.663786 7fc3a9fcb700                 Options.inplace_update_num_locks: 10000
2019/10/17-14:54:13.663788 7fc3a9fcb700               Options.memtable_prefix_bloom_size_ratio: 0.000000
2019/10/17-14:54:13.663792 7fc3a9fcb700   Options.memtable_huge_page_size: 0
2019/10/17-14:54:13.663793 7fc3a9fcb700                           Options.bloom_locality: 0
2019/10/17-14:54:13.663795 7fc3a9fcb700                    Options.max_successive_merges: 0
2019/10/17-14:54:13.663797 7fc3a9fcb700                Options.optimize_filters_for_hits: 0
2019/10/17-14:54:13.663799 7fc3a9fcb700                Options.paranoid_file_checks: 0
2019/10/17-14:54:13.663801 7fc3a9fcb700                Options.force_consistency_checks: 0
2019/10/17-14:54:13.663803 7fc3a9fcb700                Options.report_bg_io_stats: 0
2019/10/17-14:54:13.663805 7fc3a9fcb700                               Options.ttl: 0
2019/10/17-14:54:13.663878 7fc3a9fcb700 [db/column_family.cc:472] --------------- Options for column family [active_gateways]:
2019/10/17-14:54:13.663884 7fc3a9fcb700               Options.comparator: leveldb.BytewiseComparator
2019/10/17-14:54:13.663886 7fc3a9fcb700           Options.merge_operator: None
2019/10/17-14:54:13.663888 7fc3a9fcb700        Options.compaction_filter: None
2019/10/17-14:54:13.663889 7fc3a9fcb700        Options.compaction_filter_factory: None
2019/10/17-14:54:13.663891 7fc3a9fcb700         Options.memtable_factory: SkipListFactory
2019/10/17-14:54:13.663893 7fc3a9fcb700            Options.table_factory: BlockBasedTable
2019/10/17-14:54:13.663916 7fc3a9fcb700            table_factory options:   flush_block_policy_factory: FlushBlockBySizePolicyFactory (0x7fc35009d980)
  cache_index_and_filter_blocks: 0
  cache_index_and_filter_blocks_with_high_priority: 0
  pin_l0_filter_and_index_blocks_in_cache: 0
  pin_top_level_index_and_filter: 1
  index_type: 0
  hash_index_allow_collision: 1
  checksum: 1
  no_block_cache: 0
  block_cache: 0x7fc350048860
  block_cache_name: LRUCache
  block_cache_options:
    capacity : 8388608
    num_shard_bits : 4
    strict_capacity_limit : 0
    memory_allocator : None
    high_pri_pool_ratio: 0.000
  block_cache_compressed: (nil)
  persistent_cache: (nil)
  block_size: 4096
  block_size_deviation: 10
  block_restart_interval: 16
  index_block_restart_interval: 1
  metadata_block_size: 4096
  partition_filters: 0
  use_delta_encoding: 1
  filter_policy: nullptr
  whole_key_filtering: 1
  verify_compression: 0
  read_amp_bytes_per_bit: 0
  format_version: 2
  enable_index_compression: 1
  block_align: 0
2019/10/17-14:54:13.663936 7fc3a9fcb700        Options.write_buffer_size: 67108864
2019/10/17-14:54:13.663942 7fc3a9fcb700  Options.max_write_buffer_number: 2
2019/10/17-14:54:13.663945 7fc3a9fcb700          Options.compression: NoCompression
2019/10/17-14:54:13.663948 7fc3a9fcb700                  Options.bottommost_compression: Disabled
2019/10/17-14:54:13.663949 7fc3a9fcb700       Options.prefix_extractor: nullptr
2019/10/17-14:54:13.663951 7fc3a9fcb700   Options.memtable_insert_with_hint_prefix_extractor: nullptr
2019/10/17-14:54:13.663953 7fc3a9fcb700             Options.num_levels: 7
2019/10/17-14:54:13.663954 7fc3a9fcb700        Options.min_write_buffer_number_to_merge: 1
2019/10/17-14:54:13.663956 7fc3a9fcb700     Options.max_write_buffer_number_to_maintain: 0
2019/10/17-14:54:13.663957 7fc3a9fcb700            Options.bottommost_compression_opts.window_bits: -14
2019/10/17-14:54:13.663959 7fc3a9fcb700                  Options.bottommost_compression_opts.level: 32767
2019/10/17-14:54:13.663961 7fc3a9fcb700               Options.bottommost_compression_opts.strategy: 0
2019/10/17-14:54:13.663962 7fc3a9fcb700         Options.bottommost_compression_opts.max_dict_bytes: 0
2019/10/17-14:54:13.663964 7fc3a9fcb700         Options.bottommost_compression_opts.zstd_max_train_bytes: 0
2019/10/17-14:54:13.663966 7fc3a9fcb700                  Options.bottommost_compression_opts.enabled: false
2019/10/17-14:54:13.663968 7fc3a9fcb700            Options.compression_opts.window_bits: -14
2019/10/17-14:54:13.663969 7fc3a9fcb700                  Options.compression_opts.level: 32767
2019/10/17-14:54:13.663971 7fc3a9fcb700               Options.compression_opts.strategy: 0
2019/10/17-14:54:13.663972 7fc3a9fcb700         Options.compression_opts.max_dict_bytes: 0
2019/10/17-14:54:13.663974 7fc3a9fcb700         Options.compression_opts.zstd_max_train_bytes: 0
2019/10/17-14:54:13.663976 7fc3a9fcb700                  Options.compression_opts.enabled: false
2019/10/17-14:54:13.663978 7fc3a9fcb700      Options.level0_file_num_compaction_trigger: 4
2019/10/17-14:54:13.663980 7fc3a9fcb700          Options.level0_slowdown_writes_trigger: 20
2019/10/17-14:54:13.663981 7fc3a9fcb700              Options.level0_stop_writes_trigger: 36
2019/10/17-14:54:13.663983 7fc3a9fcb700                   Options.target_file_size_base: 67108864
2019/10/17-14:54:13.663984 7fc3a9fcb700             Options.target_file_size_multiplier: 1
2019/10/17-14:54:13.663986 7fc3a9fcb700                Options.max_bytes_for_level_base: 268435456
2019/10/17-14:54:13.663988 7fc3a9fcb700 Options.level_compaction_dynamic_level_bytes: 0
2019/10/17-14:54:13.663990 7fc3a9fcb700          Options.max_bytes_for_level_multiplier: 10.000000
2019/10/17-14:54:13.663993 7fc3a9fcb700 Options.max_bytes_for_level_multiplier_addtl[0]: 1
2019/10/17-14:54:13.663996 7fc3a9fcb700 Options.max_bytes_for_level_multiplier_addtl[1]: 1
2019/10/17-14:54:13.663998 7fc3a9fcb700 Options.max_bytes_for_level_multiplier_addtl[2]: 1
2019/10/17-14:54:13.664000 7fc3a9fcb700 Options.max_bytes_for_level_multiplier_addtl[3]: 1
2019/10/17-14:54:13.664001 7fc3a9fcb700 Options.max_bytes_for_level_multiplier_addtl[4]: 1
2019/10/17-14:54:13.664003 7fc3a9fcb700 Options.max_bytes_for_level_multiplier_addtl[5]: 1
2019/10/17-14:54:13.664005 7fc3a9fcb700 Options.max_bytes_for_level_multiplier_addtl[6]: 1
2019/10/17-14:54:13.664007 7fc3a9fcb700       Options.max_sequential_skip_in_iterations: 8
2019/10/17-14:54:13.664022 7fc3a9fcb700                    Options.max_compaction_bytes: 1677721600
2019/10/17-14:54:13.664024 7fc3a9fcb700                        Options.arena_block_size: 8388608
2019/10/17-14:54:13.664026 7fc3a9fcb700   Options.soft_pending_compaction_bytes_limit: 68719476736
2019/10/17-14:54:13.664028 7fc3a9fcb700   Options.hard_pending_compaction_bytes_limit: 274877906944
2019/10/17-14:54:13.664029 7fc3a9fcb700       Options.rate_limit_delay_max_milliseconds: 100
2019/10/17-14:54:13.664031 7fc3a9fcb700                Options.disable_auto_compactions: 0
2019/10/17-14:54:13.664034 7fc3a9fcb700                        Options.compaction_style: kCompactionStyleLevel
2019/10/17-14:54:13.664036 7fc3a9fcb700                          Options.compaction_pri: kByCompensatedSize
2019/10/17-14:54:13.664038 7fc3a9fcb700 Options.compaction_options_universal.size_ratio: 1
2019/10/17-14:54:13.664039 7fc3a9fcb700 Options.compaction_options_universal.min_merge_width: 2
2019/10/17-14:54:13.664041 7fc3a9fcb700 Options.compaction_options_universal.max_merge_width: 4294967295
2019/10/17-14:54:13.664042 7fc3a9fcb700 Options.compaction_options_universal.max_size_amplification_percent: 200
2019/10/17-14:54:13.664044 7fc3a9fcb700 Options.compaction_options_universal.compression_size_percent: -1
2019/10/17-14:54:13.664046 7fc3a9fcb700 Options.compaction_options_universal.stop_style: kCompactionStopStyleTotalSize
2019/10/17-14:54:13.664047 7fc3a9fcb700 Options.compaction_options_fifo.max_table_files_size: 1073741824
2019/10/17-14:54:13.664049 7fc3a9fcb700 Options.compaction_options_fifo.allow_compaction: 0
2019/10/17-14:54:13.664050 7fc3a9fcb700 Options.compaction_options_fifo.ttl: 0
2019/10/17-14:54:13.664052 7fc3a9fcb700                   Options.table_properties_collectors: 
2019/10/17-14:54:13.664054 7fc3a9fcb700                   Options.inplace_update_support: 0
2019/10/17-14:54:13.664056 7fc3a9fcb700                 Options.inplace_update_num_locks: 10000
2019/10/17-14:54:13.664058 7fc3a9fcb700               Options.memtable_prefix_bloom_size_ratio: 0.000000
2019/10/17-14:54:13.664061 7fc3a9fcb700   Options.memtable_huge_page_size: 0
2019/10/17-14:54:13.664063 7fc3a9fcb700                           Options.bloom_locality: 0
2019/10/17-14:54:13.664064 7fc3a9fcb700                    Options.max_successive_merges: 0
2019/10/17-14:54:13.664066 7fc3a9fcb700                Options.optimize_filters_for_hits: 0
2019/10/17-14:54:13.664067 7fc3a9fcb700                Options.paranoid_file_checks: 0
2019/10/17-14:54:13.664069 7fc3a9fcb700                Options.force_consistency_checks: 0
2019/10/17-14:54:13.664070 7fc3a9fcb700                Options.report_bg_io_stats: 0
2019/10/17-14:54:13.664072 7fc3a9fcb700                               Options.ttl: 0
2019/10/17-14:54:13.664112 7fc3a9fcb700 [db/column_family.cc:472] --------------- Options for column family [entries]:
2019/10/17-14:54:13.664115 7fc3a9fcb700               Options.comparator: leveldb.BytewiseComparator
2019/10/17-14:54:13.664117 7fc3a9fcb700           Options.merge_operator: None
2019/10/17-14:54:13.664118 7fc3a9fcb700        Options.compaction_filter: None
2019/10/17-14:54:13.664120 7fc3a9fcb700        Options.compaction_filter_factory: None
2019/10/17-14:54:13.664122 7fc3a9fcb700         Options.memtable_factory: SkipListFactory
2019/10/17-14:54:13.664124 7fc3a9fcb700            Options.table_factory: BlockBasedTable
2019/10/17-14:54:13.664147 7fc3a9fcb700            table_factory options:   flush_block_policy_factory: FlushBlockBySizePolicyFactory (0x7fc3500a06b0)
  cache_index_and_filter_blocks: 0
  cache_index_and_filter_blocks_with_high_priority: 0
  pin_l0_filter_and_index_blocks_in_cache: 0
  pin_top_level_index_and_filter: 1
  index_type: 0
  hash_index_allow_collision: 1
  checksum: 1
  no_block_cache: 0
  block_cache: 0x7fc35007d8d0
  block_cache_name: LRUCache
  block_cache_options:
    capacity : 8388608
    num_shard_bits : 4
    strict_capacity_limit : 0
    memory_allocator : None
    high_pri_pool_ratio: 0.000
  block_cache_compressed: (nil)
  persistent_cache: (nil)
  block_size: 4096
  block_size_deviation: 10
  block_restart_interval: 16
  index_block_restart_interval: 1
  metadata_block_size: 4096
  partition_filters: 0
  use_delta_encoding: 1
  filter_policy: nullptr
  whole_key_filtering: 1
  verify_compression: 0
  read_amp_bytes_per_bit: 0
  format_version: 2
  enable_index_compression: 1
  block_align: 0
2019/10/17-14:54:13.664161 7fc3a9fcb700        Options.write_buffer_size: 67108864
2019/10/17-14:54:13.664163 7fc3a9fcb700  Options.max_write_buffer_number: 2
2019/10/17-14:54:13.664164 7fc3a9fcb700          Options.compression: NoCompression
2019/10/17-14:54:13.664166 7fc3a9fcb700                  Options.bottommost_compression: Disabled
2019/10/17-14:54:13.664167 7fc3a9fcb700       Options.prefix_extractor: nullptr
2019/10/17-14:54:13.664168 7fc3a9fcb700   Options.memtable_insert_with_hint_prefix_extractor: nullptr
2019/10/17-14:54:13.664170 7fc3a9fcb700             Options.num_levels: 7
2019/10/17-14:54:13.664171 7fc3a9fcb700        Options.min_write_buffer_number_to_merge: 1
2019/10/17-14:54:13.664173 7fc3a9fcb700     Options.max_write_buffer_number_to_maintain: 0
2019/10/17-14:54:13.664175 7fc3a9fcb700            Options.bottommost_compression_opts.window_bits: -14
2019/10/17-14:54:13.664177 7fc3a9fcb700                  Options.bottommost_compression_opts.level: 32767
2019/10/17-14:54:13.664178 7fc3a9fcb700               Options.bottommost_compression_opts.strategy: 0
2019/10/17-14:54:13.664180 7fc3a9fcb700         Options.bottommost_compression_opts.max_dict_bytes: 0
2019/10/17-14:54:13.664182 7fc3a9fcb700         Options.bottommost_compression_opts.zstd_max_train_bytes: 0
2019/10/17-14:54:13.664183 7fc3a9fcb700                  Options.bottommost_compression_opts.enabled: false
2019/10/17-14:54:13.664185 7fc3a9fcb700            Options.compression_opts.window_bits: -14
2019/10/17-14:54:13.664186 7fc3a9fcb700                  Options.compression_opts.level: 32767
2019/10/17-14:54:13.664188 7fc3a9fcb700               Options.compression_opts.strategy: 0
2019/10/17-14:54:13.664190 7fc3a9fcb700         Options.compression_opts.max_dict_bytes: 0
2019/10/17-14:54:13.664191 7fc3a9fcb700         Options.compression_opts.zstd_max_train_bytes: 0
2019/10/17-14:54:13.664193 7fc3a9fcb700                  Options.compression_opts.enabled: false
2019/10/17-14:54:13.664194 7fc3a9fcb700      Options.level0_file_num_compaction_trigger: 4
2019/10/17-14:54:13.664196 7fc3a9fcb700          Options.level0_slowdown_writes_trigger: 20
2019/10/17-14:54:13.664198 7fc3a9fcb700              Options.level0_stop_writes_trigger: 36
2019/10/17-14:54:13.664200 7fc3a9fcb700                   Options.target_file_size_base: 67108864
2019/10/17-14:54:13.664201 7fc3a9fcb700             Options.target_file_size_multiplier: 1
2019/10/17-14:54:13.664203 7fc3a9fcb700                Options.max_bytes_for_level_base: 268435456
2019/10/17-14:54:13.664205 7fc3a9fcb700 Options.level_compaction_dynamic_level_bytes: 0
2019/10/17-14:54:13.664206 7fc3a9fcb700          Options.max_bytes_for_level_multiplier: 10.000000
2019/10/17-14:54:13.664209 7fc3a9fcb700 Options.max_bytes_for_level_multiplier_addtl[0]: 1
2019/10/17-14:54:13.664211 7fc3a9fcb700 Options.max_bytes_for_level_multiplier_addtl[1]: 1
2019/10/17-14:54:13.664213 7fc3a9fcb700 Options.max_bytes_for_level_multiplier_addtl[2]: 1
2019/10/17-14:54:13.664215 7fc3a9fcb700 Options.max_bytes_for_level_multiplier_addtl[3]: 1
2019/10/17-14:54:13.664217 7fc3a9fcb700 Options.max_bytes_for_level_multiplier_addtl[4]: 1
2019/10/17-14:54:13.664218 7fc3a9fcb700 Options.max_bytes_for_level_multiplier_addtl[5]: 1
2019/10/17-14:54:13.664220 7fc3a9fcb700 Options.max_bytes_for_level_multiplier_addtl[6]: 1
2019/10/17-14:54:13.664221 7fc3a9fcb700       Options.max_sequential_skip_in_iterations: 8
2019/10/17-14:54:13.664223 7fc3a9fcb700                    Options.max_compaction_bytes: 1677721600
2019/10/17-14:54:13.664224 7fc3a9fcb700                        Options.arena_block_size: 8388608
2019/10/17-14:54:13.664226 7fc3a9fcb700   Options.soft_pending_compaction_bytes_limit: 68719476736
2019/10/17-14:54:13.664236 7fc3a9fcb700   Options.hard_pending_compaction_bytes_limit: 274877906944
2019/10/17-14:54:13.664238 7fc3a9fcb700       Options.rate_limit_delay_max_milliseconds: 100
2019/10/17-14:54:13.664240 7fc3a9fcb700                Options.disable_auto_compactions: 0
2019/10/17-14:54:13.664242 7fc3a9fcb700                        Options.compaction_style: kCompactionStyleLevel
2019/10/17-14:54:13.664245 7fc3a9fcb700                          Options.compaction_pri: kByCompensatedSize
2019/10/17-14:54:13.664246 7fc3a9fcb700 Options.compaction_options_universal.size_ratio: 1
2019/10/17-14:54:13.664248 7fc3a9fcb700 Options.compaction_options_universal.min_merge_width: 2
2019/10/17-14:54:13.664249 7fc3a9fcb700 Options.compaction_options_universal.max_merge_width: 4294967295
2019/10/17-14:54:13.664250 7fc3a9fcb700 Options.compaction_options_universal.max_size_amplification_percent: 200
2019/10/17-14:54:13.664252 7fc3a9fcb700 Options.compaction_options_universal.compression_size_percent: -1
2019/10/17-14:54:13.664254 7fc3a9fcb700 Options.compaction_options_universal.stop_style: kCompactionStopStyleTotalSize
2019/10/17-14:54:13.664255 7fc3a9fcb700 Options.compaction_options_fifo.max_table_files_size: 1073741824
2019/10/17-14:54:13.664257 7fc3a9fcb700 Options.compaction_options_fifo.allow_compaction: 0
2019/10/17-14:54:13.664259 7fc3a9fcb700 Options.compaction_options_fifo.ttl: 0
2019/10/17-14:54:13.664261 7fc3a9fcb700                   Options.table_properties_collectors: 
2019/10/17-14:54:13.664263 7fc3a9fcb700                   Options.inplace_update_support: 0
2019/10/17-14:54:13.664264 7fc3a9fcb700                 Options.inplace_update_num_locks: 10000
2019/10/17-14:54:13.664266 7fc3a9fcb700               Options.memtable_prefix_bloom_size_ratio: 0.000000
2019/10/17-14:54:13.664268 7fc3a9fcb700   Options.memtable_huge_page_size: 0
2019/10/17-14:54:13.664270 7fc3a9fcb700                           Options.bloom_locality: 0
2019/10/17-14:54:13.664271 7fc3a9fcb700                    Options.max_successive_merges: 0
2019/10/17-14:54:13.664273 7fc3a9fcb700                Options.optimize_filters_for_hits: 0
2019/10/17-14:54:13.664275 7fc3a9fcb700                Options.paranoid_file_checks: 0
2019/10/17-14:54:13.664276 7fc3a9fcb700                Options.force_consistency_checks: 0
2019/10/17-14:54:13.664278 7fc3a9fcb700                Options.report_bg_io_stats: 0
2019/10/17-14:54:13.664280 7fc3a9fcb700                               Options.ttl: 0
2019/10/17-14:54:13.664311 7fc3a9fcb700 [db/column_family.cc:472] --------------- Options for column family [dc_entries]:
2019/10/17-14:54:13.664313 7fc3a9fcb700               Options.comparator: leveldb.BytewiseComparator
2019/10/17-14:54:13.664314 7fc3a9fcb700           Options.merge_operator: None
2019/10/17-14:54:13.664315 7fc3a9fcb700        Options.compaction_filter: None
2019/10/17-14:54:13.664316 7fc3a9fcb700        Options.compaction_filter_factory: None
2019/10/17-14:54:13.664317 7fc3a9fcb700         Options.memtable_factory: SkipListFactory
2019/10/17-14:54:13.664318 7fc3a9fcb700            Options.table_factory: BlockBasedTable
2019/10/17-14:54:13.664334 7fc3a9fcb700            table_factory options:   flush_block_policy_factory: FlushBlockBySizePolicyFactory (0x7fc3500dbdc0)
  cache_index_and_filter_blocks: 0
  cache_index_and_filter_blocks_with_high_priority: 0
  pin_l0_filter_and_index_blocks_in_cache: 0
  pin_top_level_index_and_filter: 1
  index_type: 0
  hash_index_allow_collision: 1
  checksum: 1
  no_block_cache: 0
  block_cache: 0x7fc35004aef0
  block_cache_name: LRUCache
  block_cache_options:
    capacity : 8388608
    num_shard_bits : 4
    strict_capacity_limit : 0
    memory_allocator : None
    high_pri_pool_ratio: 0.000
  block_cache_compressed: (nil)
  persistent_cache: (nil)
  block_size: 4096
  block_size_deviation: 10
  block_restart_interval: 16
  index_block_restart_interval: 1
  metadata_block_size: 4096
  partition_filters: 0
  use_delta_encoding: 1
  filter_policy: nullptr
  whole_key_filtering: 1
  verify_compression: 0
  read_amp_bytes_per_bit: 0
  format_version: 2
  enable_index_compression: 1
  block_align: 0
2019/10/17-14:54:13.664345 7fc3a9fcb700        Options.write_buffer_size: 67108864
2019/10/17-14:54:13.664346 7fc3a9fcb700  Options.max_write_buffer_number: 2
2019/10/17-14:54:13.664347 7fc3a9fcb700          Options.compression: NoCompression
2019/10/17-14:54:13.664348 7fc3a9fcb700                  Options.bottommost_compression: Disabled
2019/10/17-14:54:13.664349 7fc3a9fcb700       Options.prefix_extractor: nullptr
2019/10/17-14:54:13.664350 7fc3a9fcb700   Options.memtable_insert_with_hint_prefix_extractor: nullptr
2019/10/17-14:54:13.664351 7fc3a9fcb700             Options.num_levels: 7
2019/10/17-14:54:13.664352 7fc3a9fcb700        Options.min_write_buffer_number_to_merge: 1
2019/10/17-14:54:13.664353 7fc3a9fcb700     Options.max_write_buffer_number_to_maintain: 0
2019/10/17-14:54:13.664354 7fc3a9fcb700            Options.bottommost_compression_opts.window_bits: -14
2019/10/17-14:54:13.664355 7fc3a9fcb700                  Options.bottommost_compression_opts.level: 32767
2019/10/17-14:54:13.664356 7fc3a9fcb700               Options.bottommost_compression_opts.strategy: 0
2019/10/17-14:54:13.664357 7fc3a9fcb700         Options.bottommost_compression_opts.max_dict_bytes: 0
2019/10/17-14:54:13.664358 7fc3a9fcb700         Options.bottommost_compression_opts.zstd_max_train_bytes: 0
2019/10/17-14:54:13.664359 7fc3a9fcb700                  Options.bottommost_compression_opts.enabled: false
2019/10/17-14:54:13.664360 7fc3a9fcb700            Options.compression_opts.window_bits: -14
2019/10/17-14:54:13.664361 7fc3a9fcb700                  Options.compression_opts.level: 32767
2019/10/17-14:54:13.664362 7fc3a9fcb700               Options.compression_opts.strategy: 0
2019/10/17-14:54:13.664363 7fc3a9fcb700         Options.compression_opts.max_dict_bytes: 0
2019/10/17-14:54:13.664364 7fc3a9fcb700         Options.compression_opts.zstd_max_train_bytes: 0
2019/10/17-14:54:13.664365 7fc3a9fcb700                  Options.compression_opts.enabled: false
2019/10/17-14:54:13.664366 7fc3a9fcb700      Options.level0_file_num_compaction_trigger: 4
2019/10/17-14:54:13.664367 7fc3a9fcb700          Options.level0_slowdown_writes_trigger: 20
2019/10/17-14:54:13.664368 7fc3a9fcb700              Options.level0_stop_writes_trigger: 36
2019/10/17-14:54:13.664369 7fc3a9fcb700                   Options.target_file_size_base: 67108864
2019/10/17-14:54:13.664370 7fc3a9fcb700             Options.target_file_size_multiplier: 1
2019/10/17-14:54:13.664371 7fc3a9fcb700                Options.max_bytes_for_level_base: 268435456
2019/10/17-14:54:13.664372 7fc3a9fcb700 Options.level_compaction_dynamic_level_bytes: 0
2019/10/17-14:54:13.664373 7fc3a9fcb700          Options.max_bytes_for_level_multiplier: 10.000000
2019/10/17-14:54:13.664375 7fc3a9fcb700 Options.max_bytes_for_level_multiplier_addtl[0]: 1
2019/10/17-14:54:13.664376 7fc3a9fcb700 Options.max_bytes_for_level_multiplier_addtl[1]: 1
2019/10/17-14:54:13.664377 7fc3a9fcb700 Options.max_bytes_for_level_multiplier_addtl[2]: 1
2019/10/17-14:54:13.664378 7fc3a9fcb700 Options.max_bytes_for_level_multiplier_addtl[3]: 1
2019/10/17-14:54:13.664379 7fc3a9fcb700 Options.max_bytes_for_level_multiplier_addtl[4]: 1
2019/10/17-14:54:13.664380 7fc3a9fcb700 Options.max_bytes_for_level_multiplier_addtl[5]: 1
2019/10/17-14:54:13.664381 7fc3a9fcb700 Options.max_bytes_for_level_multiplier_addtl[6]: 1
2019/10/17-14:54:13.664382 7fc3a9fcb700       Options.max_sequential_skip_in_iterations: 8
2019/10/17-14:54:13.664383 7fc3a9fcb700                    Options.max_compaction_bytes: 1677721600
2019/10/17-14:54:13.664384 7fc3a9fcb700                        Options.arena_block_size: 8388608
2019/10/17-14:54:13.664385 7fc3a9fcb700   Options.soft_pending_compaction_bytes_limit: 68719476736
2019/10/17-14:54:13.664386 7fc3a9fcb700   Options.hard_pending_compaction_bytes_limit: 274877906944
2019/10/17-14:54:13.664387 7fc3a9fcb700       Options.rate_limit_delay_max_milliseconds: 100
2019/10/17-14:54:13.664388 7fc3a9fcb700                Options.disable_auto_compactions: 0
2019/10/17-14:54:13.664394 7fc3a9fcb700                        Options.compaction_style: kCompactionStyleLevel
2019/10/17-14:54:13.664395 7fc3a9fcb700                          Options.compaction_pri: kByCompensatedSize
2019/10/17-14:54:13.664396 7fc3a9fcb700 Options.compaction_options_universal.size_ratio: 1
2019/10/17-14:54:13.664397 7fc3a9fcb700 Options.compaction_options_universal.min_merge_width: 2
2019/10/17-14:54:13.664398 7fc3a9fcb700 Options.compaction_options_universal.max_merge_width: 4294967295
2019/10/17-14:54:13.664399 7fc3a9fcb700 Options.compaction_options_universal.max_size_amplification_percent: 200
2019/10/17-14:54:13.664400 7fc3a9fcb700 Options.compaction_options_universal.compression_size_percent: -1
2019/10/17-14:54:13.664402 7fc3a9fcb700 Options.compaction_options_universal.stop_style: kCompactionStopStyleTotalSize
2019/10/17-14:54:13.664402 7fc3a9fcb700 Options.compaction_options_fifo.max_table_files_size: 1073741824
2019/10/17-14:54:13.664403 7fc3a9fcb700 Options.compaction_options_fifo.allow_compaction: 0
2019/10/17-14:54:13.664404 7fc3a9fcb700 Options.compaction_options_fifo.ttl: 0
2019/10/17-14:54:13.664405 7fc3a9fcb700                   Options.table_properties_collectors: 
2019/10/17-14:54:13.664406 7fc3a9fcb700                   Options.inplace_update_support: 0
2019/10/17-14:54:13.664407 7fc3a9fcb700                 Options.inplace_update_num_locks: 10000
2019/10/17-14:54:13.664408 7fc3a9fcb700               Options.memtable_prefix_bloom_size_ratio: 0.000000
2019/10/17-14:54:13.664410 7fc3a9fcb700   Options.memtable_huge_page_size: 0
2019/10/17-14:54:13.664411 7fc3a9fcb700                           Options.bloom_locality: 0
2019/10/17-14:54:13.664412 7fc3a9fcb700                    Options.max_successive_merges: 0
2019/10/17-14:54:13.664413 7fc3a9fcb700                Options.optimize_filters_for_hits: 0
2019/10/17-14:54:13.664414 7fc3a9fcb700                Options.paranoid_file_checks: 0
2019/10/17-14:54:13.664415 7fc3a9fcb700                Options.force_consistency_checks: 0
2019/10/17-14:54:13.664416 7fc3a9fcb700                Options.report_bg_io_stats: 0
2019/10/17-14:54:13.664417 7fc3a9fcb700                               Options.ttl: 0
2019/10/17-14:54:13.664434 7fc3a9fcb700 [db/column_family.cc:472] --------------- Options for column family [htlcs]:
2019/10/17-14:54:13.664436 7fc3a9fcb700               Options.comparator: leveldb.BytewiseComparator
2019/10/17-14:54:13.664437 7fc3a9fcb700           Options.merge_operator: None
2019/10/17-14:54:13.664438 7fc3a9fcb700        Options.compaction_filter: None
2019/10/17-14:54:13.664439 7fc3a9fcb700        Options.compaction_filter_factory: None
2019/10/17-14:54:13.664440 7fc3a9fcb700         Options.memtable_factory: SkipListFactory
2019/10/17-14:54:13.664441 7fc3a9fcb700            Options.table_factory: BlockBasedTable
2019/10/17-14:54:13.664453 7fc3a9fcb700            table_factory options:   flush_block_policy_factory: FlushBlockBySizePolicyFactory (0x7fc35003d1a0)
