2019/10/17-14:54:15.891600 7fc3a9fcb700 RocksDB version: 5.18.3
2019/10/17-14:54:15.891633 7fc3a9fcb700 Git sha rocksdb_build_git_sha:@0@
2019/10/17-14:54:15.891635 7fc3a9fcb700 Compile date Sep 19 2019
2019/10/17-14:54:15.891636 7fc3a9fcb700 DB SUMMARY
2019/10/17-14:54:15.892352 7fc3a9fcb700 CURRENT file:  CURRENT
2019/10/17-14:54:15.892353 7fc3a9fcb700 IDENTITY file:  IDENTITY
2019/10/17-14:54:15.892387 7fc3a9fcb700 MANIFEST file:  MANIFEST-114940 size: 4114 Bytes
2019/10/17-14:54:15.892389 7fc3a9fcb700 SST files in /home/rahul/dev/blockchain-core/eqc/ledger.db dir, Total Num: 29, files: 000624.sst 000627.sst 106940.sst 108447.sst 108450.sst 109471.sst 109483.sst 109485.sst 109486.sst 
2019/10/17-14:54:15.892390 7fc3a9fcb700 Write Ahead Log file in /home/rahul/dev/blockchain-core/eqc/ledger.db: 114941.log size: 0 ; 
2019/10/17-14:54:15.892425 7fc3a9fcb700                         Options.error_if_exists: 0
2019/10/17-14:54:15.892427 7fc3a9fcb700                       Options.create_if_missing: 1
2019/10/17-14:54:15.892428 7fc3a9fcb700                         Options.paranoid_checks: 1
2019/10/17-14:54:15.892428 7fc3a9fcb700                                     Options.env: 0x7fc32ae1fc60
2019/10/17-14:54:15.892429 7fc3a9fcb700                                Options.info_log: 0x7fc350035350
2019/10/17-14:54:15.892430 7fc3a9fcb700                Options.max_file_opening_threads: 16
2019/10/17-14:54:15.892431 7fc3a9fcb700                              Options.statistics: (nil)
2019/10/17-14:54:15.892432 7fc3a9fcb700                               Options.use_fsync: 0
2019/10/17-14:54:15.892433 7fc3a9fcb700                       Options.max_log_file_size: 0
2019/10/17-14:54:15.892434 7fc3a9fcb700                  Options.max_manifest_file_size: 1073741824
2019/10/17-14:54:15.892435 7fc3a9fcb700                   Options.log_file_time_to_roll: 0
2019/10/17-14:54:15.892436 7fc3a9fcb700                       Options.keep_log_file_num: 1000
2019/10/17-14:54:15.892437 7fc3a9fcb700                    Options.recycle_log_file_num: 0
2019/10/17-14:54:15.892438 7fc3a9fcb700                         Options.allow_fallocate: 1
2019/10/17-14:54:15.892439 7fc3a9fcb700                        Options.allow_mmap_reads: 0
2019/10/17-14:54:15.892440 7fc3a9fcb700                       Options.allow_mmap_writes: 0
2019/10/17-14:54:15.892441 7fc3a9fcb700                        Options.use_direct_reads: 0
2019/10/17-14:54:15.892441 7fc3a9fcb700                        Options.use_direct_io_for_flush_and_compaction: 0
2019/10/17-14:54:15.892442 7fc3a9fcb700          Options.create_missing_column_families: 0
2019/10/17-14:54:15.892443 7fc3a9fcb700                              Options.db_log_dir: 
2019/10/17-14:54:15.892444 7fc3a9fcb700                                 Options.wal_dir: /home/rahul/dev/blockchain-core/eqc/ledger.db
2019/10/17-14:54:15.892445 7fc3a9fcb700                Options.table_cache_numshardbits: 6
2019/10/17-14:54:15.892446 7fc3a9fcb700                      Options.max_subcompactions: 1
2019/10/17-14:54:15.892447 7fc3a9fcb700                  Options.max_background_flushes: -1
2019/10/17-14:54:15.892448 7fc3a9fcb700                         Options.WAL_ttl_seconds: 0
2019/10/17-14:54:15.892448 7fc3a9fcb700                       Options.WAL_size_limit_MB: 0
2019/10/17-14:54:15.892449 7fc3a9fcb700             Options.manifest_preallocation_size: 4194304
2019/10/17-14:54:15.892450 7fc3a9fcb700                     Options.is_fd_close_on_exec: 1
2019/10/17-14:54:15.892451 7fc3a9fcb700                   Options.advise_random_on_open: 1
2019/10/17-14:54:15.892452 7fc3a9fcb700                    Options.db_write_buffer_size: 0
2019/10/17-14:54:15.892453 7fc3a9fcb700                    Options.write_buffer_manager: 0x7fc35001c400
2019/10/17-14:54:15.892453 7fc3a9fcb700         Options.access_hint_on_compaction_start: 1
2019/10/17-14:54:15.892454 7fc3a9fcb700  Options.new_table_reader_for_compaction_inputs: 0
2019/10/17-14:54:15.892455 7fc3a9fcb700           Options.random_access_max_buffer_size: 1048576
2019/10/17-14:54:15.892456 7fc3a9fcb700                      Options.use_adaptive_mutex: 0
2019/10/17-14:54:15.892457 7fc3a9fcb700                            Options.rate_limiter: (nil)
2019/10/17-14:54:15.892466 7fc3a9fcb700     Options.sst_file_manager.rate_bytes_per_sec: 0
2019/10/17-14:54:15.892468 7fc3a9fcb700                       Options.wal_recovery_mode: 2
2019/10/17-14:54:15.892468 7fc3a9fcb700                  Options.enable_thread_tracking: 0
2019/10/17-14:54:15.892469 7fc3a9fcb700                  Options.enable_pipelined_write: 0
2019/10/17-14:54:15.892470 7fc3a9fcb700         Options.allow_concurrent_memtable_write: 1
2019/10/17-14:54:15.892471 7fc3a9fcb700      Options.enable_write_thread_adaptive_yield: 1
2019/10/17-14:54:15.892472 7fc3a9fcb700             Options.write_thread_max_yield_usec: 100
2019/10/17-14:54:15.892473 7fc3a9fcb700            Options.write_thread_slow_yield_usec: 3
2019/10/17-14:54:15.892474 7fc3a9fcb700                               Options.row_cache: None
2019/10/17-14:54:15.892475 7fc3a9fcb700                              Options.wal_filter: None
2019/10/17-14:54:15.892476 7fc3a9fcb700             Options.avoid_flush_during_recovery: 0
2019/10/17-14:54:15.892477 7fc3a9fcb700             Options.allow_ingest_behind: 0
2019/10/17-14:54:15.892478 7fc3a9fcb700             Options.preserve_deletes: 0
2019/10/17-14:54:15.892479 7fc3a9fcb700             Options.two_write_queues: 0
2019/10/17-14:54:15.892479 7fc3a9fcb700             Options.manual_wal_flush: 0
2019/10/17-14:54:15.892480 7fc3a9fcb700             Options.max_background_jobs: 2
2019/10/17-14:54:15.892481 7fc3a9fcb700             Options.max_background_compactions: -1
2019/10/17-14:54:15.892482 7fc3a9fcb700             Options.avoid_flush_during_shutdown: 0
2019/10/17-14:54:15.892483 7fc3a9fcb700           Options.writable_file_max_buffer_size: 1048576
2019/10/17-14:54:15.892484 7fc3a9fcb700             Options.delayed_write_rate : 16777216
2019/10/17-14:54:15.892485 7fc3a9fcb700             Options.max_total_wal_size: 0
2019/10/17-14:54:15.892486 7fc3a9fcb700             Options.delete_obsolete_files_period_micros: 21600000000
2019/10/17-14:54:15.892487 7fc3a9fcb700                   Options.stats_dump_period_sec: 600
2019/10/17-14:54:15.892487 7fc3a9fcb700                          Options.max_open_files: -1
2019/10/17-14:54:15.892488 7fc3a9fcb700                          Options.bytes_per_sync: 0
2019/10/17-14:54:15.892489 7fc3a9fcb700                      Options.wal_bytes_per_sync: 0
2019/10/17-14:54:15.892490 7fc3a9fcb700       Options.compaction_readahead_size: 0
2019/10/17-14:54:15.892491 7fc3a9fcb700 Compression algorithms supported:
2019/10/17-14:54:15.892492 7fc3a9fcb700 	kZSTDNotFinalCompression supported: 0
2019/10/17-14:54:15.892493 7fc3a9fcb700 	kZSTD supported: 0
2019/10/17-14:54:15.892494 7fc3a9fcb700 	kXpressCompression supported: 0
2019/10/17-14:54:15.892495 7fc3a9fcb700 	kLZ4HCCompression supported: 0
2019/10/17-14:54:15.892496 7fc3a9fcb700 	kLZ4Compression supported: 0
2019/10/17-14:54:15.892497 7fc3a9fcb700 	kBZip2Compression supported: 0
2019/10/17-14:54:15.892498 7fc3a9fcb700 	kZlibCompression supported: 0
2019/10/17-14:54:15.892499 7fc3a9fcb700 	kSnappyCompression supported: 0
2019/10/17-14:54:15.892501 7fc3a9fcb700 Fast CRC32 supported: Supported on x86
2019/10/17-14:54:15.892621 7fc3a9fcb700 [db/version_set.cc:3507] Recovering from manifest file: MANIFEST-114940
2019/10/17-14:54:15.892661 7fc3a9fcb700 [db/column_family.cc:472] --------------- Options for column family [default]:
2019/10/17-14:54:15.892663 7fc3a9fcb700               Options.comparator: leveldb.BytewiseComparator
2019/10/17-14:54:15.892664 7fc3a9fcb700           Options.merge_operator: None
2019/10/17-14:54:15.892665 7fc3a9fcb700        Options.compaction_filter: None
2019/10/17-14:54:15.892666 7fc3a9fcb700        Options.compaction_filter_factory: None
2019/10/17-14:54:15.892667 7fc3a9fcb700         Options.memtable_factory: SkipListFactory
2019/10/17-14:54:15.892668 7fc3a9fcb700            Options.table_factory: BlockBasedTable
2019/10/17-14:54:15.892687 7fc3a9fcb700            table_factory options:   flush_block_policy_factory: FlushBlockBySizePolicyFactory (0x7fc350081ea0)
  cache_index_and_filter_blocks: 0
  cache_index_and_filter_blocks_with_high_priority: 0
  pin_l0_filter_and_index_blocks_in_cache: 0
  pin_top_level_index_and_filter: 1
  index_type: 0
  hash_index_allow_collision: 1
  checksum: 1
  no_block_cache: 0
  block_cache: 0x7fc350028e50
  block_cache_name: LRUCache
  block_cache_options:
    capacity : 8388608
    num_shard_bits : 4
    strict_capacity_limit : 0
    memory_allocator : None
    high_pri_pool_ratio: 0.000
  block_cache_compressed: (nil)
  persistent_cache: (nil)
  block_size: 4096
  block_size_deviation: 10
  block_restart_interval: 16
  index_block_restart_interval: 1
  metadata_block_size: 4096
  partition_filters: 0
  use_delta_encoding: 1
  filter_policy: nullptr
  whole_key_filtering: 1
  verify_compression: 0
  read_amp_bytes_per_bit: 0
  format_version: 2
  enable_index_compression: 1
  block_align: 0
2019/10/17-14:54:15.892695 7fc3a9fcb700        Options.write_buffer_size: 67108864
2019/10/17-14:54:15.892697 7fc3a9fcb700  Options.max_write_buffer_number: 2
2019/10/17-14:54:15.892698 7fc3a9fcb700          Options.compression: NoCompression
2019/10/17-14:54:15.892699 7fc3a9fcb700                  Options.bottommost_compression: Disabled
2019/10/17-14:54:15.892700 7fc3a9fcb700       Options.prefix_extractor: nullptr
2019/10/17-14:54:15.892701 7fc3a9fcb700   Options.memtable_insert_with_hint_prefix_extractor: nullptr
2019/10/17-14:54:15.892702 7fc3a9fcb700             Options.num_levels: 7
2019/10/17-14:54:15.892703 7fc3a9fcb700        Options.min_write_buffer_number_to_merge: 1
2019/10/17-14:54:15.892704 7fc3a9fcb700     Options.max_write_buffer_number_to_maintain: 0
2019/10/17-14:54:15.892705 7fc3a9fcb700            Options.bottommost_compression_opts.window_bits: -14
2019/10/17-14:54:15.892706 7fc3a9fcb700                  Options.bottommost_compression_opts.level: 32767
2019/10/17-14:54:15.892707 7fc3a9fcb700               Options.bottommost_compression_opts.strategy: 0
2019/10/17-14:54:15.892707 7fc3a9fcb700         Options.bottommost_compression_opts.max_dict_bytes: 0
2019/10/17-14:54:15.892708 7fc3a9fcb700         Options.bottommost_compression_opts.zstd_max_train_bytes: 0
2019/10/17-14:54:15.892709 7fc3a9fcb700                  Options.bottommost_compression_opts.enabled: false
2019/10/17-14:54:15.892710 7fc3a9fcb700            Options.compression_opts.window_bits: -14
2019/10/17-14:54:15.892711 7fc3a9fcb700                  Options.compression_opts.level: 32767
2019/10/17-14:54:15.892712 7fc3a9fcb700               Options.compression_opts.strategy: 0
2019/10/17-14:54:15.892713 7fc3a9fcb700         Options.compression_opts.max_dict_bytes: 0
2019/10/17-14:54:15.892714 7fc3a9fcb700         Options.compression_opts.zstd_max_train_bytes: 0
2019/10/17-14:54:15.892715 7fc3a9fcb700                  Options.compression_opts.enabled: false
2019/10/17-14:54:15.892716 7fc3a9fcb700      Options.level0_file_num_compaction_trigger: 4
2019/10/17-14:54:15.892717 7fc3a9fcb700          Options.level0_slowdown_writes_trigger: 20
2019/10/17-14:54:15.892718 7fc3a9fcb700              Options.level0_stop_writes_trigger: 36
2019/10/17-14:54:15.892719 7fc3a9fcb700                   Options.target_file_size_base: 67108864
2019/10/17-14:54:15.892720 7fc3a9fcb700             Options.target_file_size_multiplier: 1
2019/10/17-14:54:15.892721 7fc3a9fcb700                Options.max_bytes_for_level_base: 268435456
2019/10/17-14:54:15.892722 7fc3a9fcb700 Options.level_compaction_dynamic_level_bytes: 0
2019/10/17-14:54:15.892723 7fc3a9fcb700          Options.max_bytes_for_level_multiplier: 10.000000
2019/10/17-14:54:15.892725 7fc3a9fcb700 Options.max_bytes_for_level_multiplier_addtl[0]: 1
2019/10/17-14:54:15.892726 7fc3a9fcb700 Options.max_bytes_for_level_multiplier_addtl[1]: 1
2019/10/17-14:54:15.892727 7fc3a9fcb700 Options.max_bytes_for_level_multiplier_addtl[2]: 1
2019/10/17-14:54:15.892728 7fc3a9fcb700 Options.max_bytes_for_level_multiplier_addtl[3]: 1
2019/10/17-14:54:15.892729 7fc3a9fcb700 Options.max_bytes_for_level_multiplier_addtl[4]: 1
2019/10/17-14:54:15.892735 7fc3a9fcb700 Options.max_bytes_for_level_multiplier_addtl[5]: 1
2019/10/17-14:54:15.892736 7fc3a9fcb700 Options.max_bytes_for_level_multiplier_addtl[6]: 1
2019/10/17-14:54:15.892737 7fc3a9fcb700       Options.max_sequential_skip_in_iterations: 8
2019/10/17-14:54:15.892738 7fc3a9fcb700                    Options.max_compaction_bytes: 1677721600
2019/10/17-14:54:15.892739 7fc3a9fcb700                        Options.arena_block_size: 8388608
2019/10/17-14:54:15.892740 7fc3a9fcb700   Options.soft_pending_compaction_bytes_limit: 68719476736
2019/10/17-14:54:15.892742 7fc3a9fcb700   Options.hard_pending_compaction_bytes_limit: 274877906944
2019/10/17-14:54:15.892743 7fc3a9fcb700       Options.rate_limit_delay_max_milliseconds: 100
2019/10/17-14:54:15.892743 7fc3a9fcb700                Options.disable_auto_compactions: 0
2019/10/17-14:54:15.892745 7fc3a9fcb700                        Options.compaction_style: kCompactionStyleLevel
2019/10/17-14:54:15.892747 7fc3a9fcb700                          Options.compaction_pri: kByCompensatedSize
2019/10/17-14:54:15.892748 7fc3a9fcb700 Options.compaction_options_universal.size_ratio: 1
2019/10/17-14:54:15.892748 7fc3a9fcb700 Options.compaction_options_universal.min_merge_width: 2
2019/10/17-14:54:15.892749 7fc3a9fcb700 Options.compaction_options_universal.max_merge_width: 4294967295
2019/10/17-14:54:15.892750 7fc3a9fcb700 Options.compaction_options_universal.max_size_amplification_percent: 200
2019/10/17-14:54:15.892751 7fc3a9fcb700 Options.compaction_options_universal.compression_size_percent: -1
2019/10/17-14:54:15.892753 7fc3a9fcb700 Options.compaction_options_universal.stop_style: kCompactionStopStyleTotalSize
2019/10/17-14:54:15.892754 7fc3a9fcb700 Options.compaction_options_fifo.max_table_files_size: 1073741824
2019/10/17-14:54:15.892755 7fc3a9fcb700 Options.compaction_options_fifo.allow_compaction: 0
2019/10/17-14:54:15.892756 7fc3a9fcb700 Options.compaction_options_fifo.ttl: 0
2019/10/17-14:54:15.892757 7fc3a9fcb700                   Options.table_properties_collectors: 
2019/10/17-14:54:15.892758 7fc3a9fcb700                   Options.inplace_update_support: 0
2019/10/17-14:54:15.892759 7fc3a9fcb700                 Options.inplace_update_num_locks: 10000
2019/10/17-14:54:15.892760 7fc3a9fcb700               Options.memtable_prefix_bloom_size_ratio: 0.000000
2019/10/17-14:54:15.892761 7fc3a9fcb700   Options.memtable_huge_page_size: 0
2019/10/17-14:54:15.892762 7fc3a9fcb700                           Options.bloom_locality: 0
2019/10/17-14:54:15.892763 7fc3a9fcb700                    Options.max_successive_merges: 0
2019/10/17-14:54:15.892764 7fc3a9fcb700                Options.optimize_filters_for_hits: 0
2019/10/17-14:54:15.892765 7fc3a9fcb700                Options.paranoid_file_checks: 0
2019/10/17-14:54:15.892766 7fc3a9fcb700                Options.force_consistency_checks: 0
2019/10/17-14:54:15.892767 7fc3a9fcb700                Options.report_bg_io_stats: 0
2019/10/17-14:54:15.892768 7fc3a9fcb700                               Options.ttl: 0
2019/10/17-14:54:15.892802 7fc3a9fcb700 [db/column_family.cc:472] --------------- Options for column family [active_gateways]:
2019/10/17-14:54:15.892804 7fc3a9fcb700               Options.comparator: leveldb.BytewiseComparator
2019/10/17-14:54:15.892805 7fc3a9fcb700           Options.merge_operator: None
2019/10/17-14:54:15.892806 7fc3a9fcb700        Options.compaction_filter: None
2019/10/17-14:54:15.892807 7fc3a9fcb700        Options.compaction_filter_factory: None
2019/10/17-14:54:15.892808 7fc3a9fcb700         Options.memtable_factory: SkipListFactory
2019/10/17-14:54:15.892808 7fc3a9fcb700            Options.table_factory: BlockBasedTable
2019/10/17-14:54:15.892821 7fc3a9fcb700            table_factory options:   flush_block_policy_factory: FlushBlockBySizePolicyFactory (0x7fc3500437e0)
  cache_index_and_filter_blocks: 0
  cache_index_and_filter_blocks_with_high_priority: 0
  pin_l0_filter_and_index_blocks_in_cache: 0
  pin_top_level_index_and_filter: 1
  index_type: 0
  hash_index_allow_collision: 1
  checksum: 1
  no_block_cache: 0
  block_cache: 0x7fc350053d40
  block_cache_name: LRUCache
  block_cache_options:
    capacity : 8388608
    num_shard_bits : 4
    strict_capacity_limit : 0
    memory_allocator : None
    high_pri_pool_ratio: 0.000
  block_cache_compressed: (nil)
  persistent_cache: (nil)
  block_size: 4096
  block_size_deviation: 10
  block_restart_interval: 16
  index_block_restart_interval: 1
  metadata_block_size: 4096
  partition_filters: 0
  use_delta_encoding: 1
  filter_policy: nullptr
  whole_key_filtering: 1
  verify_compression: 0
  read_amp_bytes_per_bit: 0
  format_version: 2
  enable_index_compression: 1
  block_align: 0
2019/10/17-14:54:15.892828 7fc3a9fcb700        Options.write_buffer_size: 67108864
2019/10/17-14:54:15.892829 7fc3a9fcb700  Options.max_write_buffer_number: 2
2019/10/17-14:54:15.892830 7fc3a9fcb700          Options.compression: NoCompression
2019/10/17-14:54:15.892831 7fc3a9fcb700                  Options.bottommost_compression: Disabled
2019/10/17-14:54:15.892832 7fc3a9fcb700       Options.prefix_extractor: nullptr
2019/10/17-14:54:15.892833 7fc3a9fcb700   Options.memtable_insert_with_hint_prefix_extractor: nullptr
2019/10/17-14:54:15.892834 7fc3a9fcb700             Options.num_levels: 7
2019/10/17-14:54:15.892835 7fc3a9fcb700        Options.min_write_buffer_number_to_merge: 1
2019/10/17-14:54:15.892836 7fc3a9fcb700     Options.max_write_buffer_number_to_maintain: 0
2019/10/17-14:54:15.892837 7fc3a9fcb700            Options.bottommost_compression_opts.window_bits: -14
2019/10/17-14:54:15.892838 7fc3a9fcb700                  Options.bottommost_compression_opts.level: 32767
2019/10/17-14:54:15.892838 7fc3a9fcb700               Options.bottommost_compression_opts.strategy: 0
2019/10/17-14:54:15.892839 7fc3a9fcb700         Options.bottommost_compression_opts.max_dict_bytes: 0
2019/10/17-14:54:15.892840 7fc3a9fcb700         Options.bottommost_compression_opts.zstd_max_train_bytes: 0
2019/10/17-14:54:15.892841 7fc3a9fcb700                  Options.bottommost_compression_opts.enabled: false
2019/10/17-14:54:15.892842 7fc3a9fcb700            Options.compression_opts.window_bits: -14
2019/10/17-14:54:15.892843 7fc3a9fcb700                  Options.compression_opts.level: 32767
2019/10/17-14:54:15.892844 7fc3a9fcb700               Options.compression_opts.strategy: 0
2019/10/17-14:54:15.892844 7fc3a9fcb700         Options.compression_opts.max_dict_bytes: 0
2019/10/17-14:54:15.892845 7fc3a9fcb700         Options.compression_opts.zstd_max_train_bytes: 0
2019/10/17-14:54:15.892846 7fc3a9fcb700                  Options.compression_opts.enabled: false
2019/10/17-14:54:15.892847 7fc3a9fcb700      Options.level0_file_num_compaction_trigger: 4
2019/10/17-14:54:15.892848 7fc3a9fcb700          Options.level0_slowdown_writes_trigger: 20
2019/10/17-14:54:15.892849 7fc3a9fcb700              Options.level0_stop_writes_trigger: 36
2019/10/17-14:54:15.892849 7fc3a9fcb700                   Options.target_file_size_base: 67108864
2019/10/17-14:54:15.892850 7fc3a9fcb700             Options.target_file_size_multiplier: 1
2019/10/17-14:54:15.892851 7fc3a9fcb700                Options.max_bytes_for_level_base: 268435456
2019/10/17-14:54:15.892852 7fc3a9fcb700 Options.level_compaction_dynamic_level_bytes: 0
2019/10/17-14:54:15.892853 7fc3a9fcb700          Options.max_bytes_for_level_multiplier: 10.000000
2019/10/17-14:54:15.892855 7fc3a9fcb700 Options.max_bytes_for_level_multiplier_addtl[0]: 1
2019/10/17-14:54:15.892856 7fc3a9fcb700 Options.max_bytes_for_level_multiplier_addtl[1]: 1
2019/10/17-14:54:15.892856 7fc3a9fcb700 Options.max_bytes_for_level_multiplier_addtl[2]: 1
2019/10/17-14:54:15.892857 7fc3a9fcb700 Options.max_bytes_for_level_multiplier_addtl[3]: 1
2019/10/17-14:54:15.892858 7fc3a9fcb700 Options.max_bytes_for_level_multiplier_addtl[4]: 1
2019/10/17-14:54:15.892859 7fc3a9fcb700 Options.max_bytes_for_level_multiplier_addtl[5]: 1
2019/10/17-14:54:15.892860 7fc3a9fcb700 Options.max_bytes_for_level_multiplier_addtl[6]: 1
2019/10/17-14:54:15.892861 7fc3a9fcb700       Options.max_sequential_skip_in_iterations: 8
2019/10/17-14:54:15.892867 7fc3a9fcb700                    Options.max_compaction_bytes: 1677721600
2019/10/17-14:54:15.892868 7fc3a9fcb700                        Options.arena_block_size: 8388608
2019/10/17-14:54:15.892869 7fc3a9fcb700   Options.soft_pending_compaction_bytes_limit: 68719476736
2019/10/17-14:54:15.892870 7fc3a9fcb700   Options.hard_pending_compaction_bytes_limit: 274877906944
2019/10/17-14:54:15.892871 7fc3a9fcb700       Options.rate_limit_delay_max_milliseconds: 100
2019/10/17-14:54:15.892872 7fc3a9fcb700                Options.disable_auto_compactions: 0
2019/10/17-14:54:15.892873 7fc3a9fcb700                        Options.compaction_style: kCompactionStyleLevel
2019/10/17-14:54:15.892875 7fc3a9fcb700                          Options.compaction_pri: kByCompensatedSize
2019/10/17-14:54:15.892875 7fc3a9fcb700 Options.compaction_options_universal.size_ratio: 1
2019/10/17-14:54:15.892876 7fc3a9fcb700 Options.compaction_options_universal.min_merge_width: 2
2019/10/17-14:54:15.892877 7fc3a9fcb700 Options.compaction_options_universal.max_merge_width: 4294967295
2019/10/17-14:54:15.892878 7fc3a9fcb700 Options.compaction_options_universal.max_size_amplification_percent: 200
2019/10/17-14:54:15.892879 7fc3a9fcb700 Options.compaction_options_universal.compression_size_percent: -1
2019/10/17-14:54:15.892880 7fc3a9fcb700 Options.compaction_options_universal.stop_style: kCompactionStopStyleTotalSize
2019/10/17-14:54:15.892881 7fc3a9fcb700 Options.compaction_options_fifo.max_table_files_size: 1073741824
2019/10/17-14:54:15.892882 7fc3a9fcb700 Options.compaction_options_fifo.allow_compaction: 0
2019/10/17-14:54:15.892883 7fc3a9fcb700 Options.compaction_options_fifo.ttl: 0
2019/10/17-14:54:15.892884 7fc3a9fcb700                   Options.table_properties_collectors: 
2019/10/17-14:54:15.892884 7fc3a9fcb700                   Options.inplace_update_support: 0
2019/10/17-14:54:15.892885 7fc3a9fcb700                 Options.inplace_update_num_locks: 10000
2019/10/17-14:54:15.892886 7fc3a9fcb700               Options.memtable_prefix_bloom_size_ratio: 0.000000
2019/10/17-14:54:15.892887 7fc3a9fcb700   Options.memtable_huge_page_size: 0
2019/10/17-14:54:15.892888 7fc3a9fcb700                           Options.bloom_locality: 0
2019/10/17-14:54:15.892889 7fc3a9fcb700                    Options.max_successive_merges: 0
2019/10/17-14:54:15.892890 7fc3a9fcb700                Options.optimize_filters_for_hits: 0
2019/10/17-14:54:15.892891 7fc3a9fcb700                Options.paranoid_file_checks: 0
2019/10/17-14:54:15.892892 7fc3a9fcb700                Options.force_consistency_checks: 0
2019/10/17-14:54:15.892892 7fc3a9fcb700                Options.report_bg_io_stats: 0
2019/10/17-14:54:15.892893 7fc3a9fcb700                               Options.ttl: 0
2019/10/17-14:54:15.892914 7fc3a9fcb700 [db/column_family.cc:472] --------------- Options for column family [entries]:
2019/10/17-14:54:15.892915 7fc3a9fcb700               Options.comparator: leveldb.BytewiseComparator
2019/10/17-14:54:15.892916 7fc3a9fcb700           Options.merge_operator: None
2019/10/17-14:54:15.892917 7fc3a9fcb700        Options.compaction_filter: None
2019/10/17-14:54:15.892918 7fc3a9fcb700        Options.compaction_filter_factory: None
2019/10/17-14:54:15.892918 7fc3a9fcb700         Options.memtable_factory: SkipListFactory
2019/10/17-14:54:15.892919 7fc3a9fcb700            Options.table_factory: BlockBasedTable
2019/10/17-14:54:15.892930 7fc3a9fcb700            table_factory options:   flush_block_policy_factory: FlushBlockBySizePolicyFactory (0x7fc35001d540)
  cache_index_and_filter_blocks: 0
  cache_index_and_filter_blocks_with_high_priority: 0
  pin_l0_filter_and_index_blocks_in_cache: 0
  pin_top_level_index_and_filter: 1
  index_type: 0
  hash_index_allow_collision: 1
  checksum: 1
  no_block_cache: 0
  block_cache: 0x7fc350053fe0
  block_cache_name: LRUCache
  block_cache_options:
    capacity : 8388608
    num_shard_bits : 4
    strict_capacity_limit : 0
    memory_allocator : None
    high_pri_pool_ratio: 0.000
  block_cache_compressed: (nil)
  persistent_cache: (nil)
  block_size: 4096
  block_size_deviation: 10
  block_restart_interval: 16
  index_block_restart_interval: 1
  metadata_block_size: 4096
  partition_filters: 0
  use_delta_encoding: 1
  filter_policy: nullptr
  whole_key_filtering: 1
  verify_compression: 0
  read_amp_bytes_per_bit: 0
  format_version: 2
  enable_index_compression: 1
  block_align: 0
2019/10/17-14:54:15.892937 7fc3a9fcb700        Options.write_buffer_size: 67108864
2019/10/17-14:54:15.892938 7fc3a9fcb700  Options.max_write_buffer_number: 2
2019/10/17-14:54:15.892939 7fc3a9fcb700          Options.compression: NoCompression
2019/10/17-14:54:15.892940 7fc3a9fcb700                  Options.bottommost_compression: Disabled
2019/10/17-14:54:15.892941 7fc3a9fcb700       Options.prefix_extractor: nullptr
2019/10/17-14:54:15.892942 7fc3a9fcb700   Options.memtable_insert_with_hint_prefix_extractor: nullptr
2019/10/17-14:54:15.892943 7fc3a9fcb700             Options.num_levels: 7
2019/10/17-14:54:15.892943 7fc3a9fcb700        Options.min_write_buffer_number_to_merge: 1
2019/10/17-14:54:15.892944 7fc3a9fcb700     Options.max_write_buffer_number_to_maintain: 0
2019/10/17-14:54:15.892945 7fc3a9fcb700            Options.bottommost_compression_opts.window_bits: -14
2019/10/17-14:54:15.892946 7fc3a9fcb700                  Options.bottommost_compression_opts.level: 32767
2019/10/17-14:54:15.892947 7fc3a9fcb700               Options.bottommost_compression_opts.strategy: 0
2019/10/17-14:54:15.892947 7fc3a9fcb700         Options.bottommost_compression_opts.max_dict_bytes: 0
2019/10/17-14:54:15.892948 7fc3a9fcb700         Options.bottommost_compression_opts.zstd_max_train_bytes: 0
2019/10/17-14:54:15.892949 7fc3a9fcb700                  Options.bottommost_compression_opts.enabled: false
2019/10/17-14:54:15.892950 7fc3a9fcb700            Options.compression_opts.window_bits: -14
2019/10/17-14:54:15.892951 7fc3a9fcb700                  Options.compression_opts.level: 32767
2019/10/17-14:54:15.892951 7fc3a9fcb700               Options.compression_opts.strategy: 0
2019/10/17-14:54:15.892952 7fc3a9fcb700         Options.compression_opts.max_dict_bytes: 0
2019/10/17-14:54:15.892953 7fc3a9fcb700         Options.compression_opts.zstd_max_train_bytes: 0
2019/10/17-14:54:15.892954 7fc3a9fcb700                  Options.compression_opts.enabled: false
2019/10/17-14:54:15.892955 7fc3a9fcb700      Options.level0_file_num_compaction_trigger: 4
2019/10/17-14:54:15.892955 7fc3a9fcb700          Options.level0_slowdown_writes_trigger: 20
2019/10/17-14:54:15.892956 7fc3a9fcb700              Options.level0_stop_writes_trigger: 36
2019/10/17-14:54:15.892957 7fc3a9fcb700                   Options.target_file_size_base: 67108864
2019/10/17-14:54:15.892958 7fc3a9fcb700             Options.target_file_size_multiplier: 1
2019/10/17-14:54:15.892959 7fc3a9fcb700                Options.max_bytes_for_level_base: 268435456
2019/10/17-14:54:15.892960 7fc3a9fcb700 Options.level_compaction_dynamic_level_bytes: 0
2019/10/17-14:54:15.892960 7fc3a9fcb700          Options.max_bytes_for_level_multiplier: 10.000000
2019/10/17-14:54:15.892962 7fc3a9fcb700 Options.max_bytes_for_level_multiplier_addtl[0]: 1
2019/10/17-14:54:15.892963 7fc3a9fcb700 Options.max_bytes_for_level_multiplier_addtl[1]: 1
2019/10/17-14:54:15.892964 7fc3a9fcb700 Options.max_bytes_for_level_multiplier_addtl[2]: 1
2019/10/17-14:54:15.892965 7fc3a9fcb700 Options.max_bytes_for_level_multiplier_addtl[3]: 1
2019/10/17-14:54:15.892965 7fc3a9fcb700 Options.max_bytes_for_level_multiplier_addtl[4]: 1
2019/10/17-14:54:15.892966 7fc3a9fcb700 Options.max_bytes_for_level_multiplier_addtl[5]: 1
2019/10/17-14:54:15.892967 7fc3a9fcb700 Options.max_bytes_for_level_multiplier_addtl[6]: 1
2019/10/17-14:54:15.892968 7fc3a9fcb700       Options.max_sequential_skip_in_iterations: 8
2019/10/17-14:54:15.892969 7fc3a9fcb700                    Options.max_compaction_bytes: 1677721600
2019/10/17-14:54:15.892970 7fc3a9fcb700                        Options.arena_block_size: 8388608
2019/10/17-14:54:15.892970 7fc3a9fcb700   Options.soft_pending_compaction_bytes_limit: 68719476736
2019/10/17-14:54:15.892975 7fc3a9fcb700   Options.hard_pending_compaction_bytes_limit: 274877906944
2019/10/17-14:54:15.892976 7fc3a9fcb700       Options.rate_limit_delay_max_milliseconds: 100
2019/10/17-14:54:15.892977 7fc3a9fcb700                Options.disable_auto_compactions: 0
2019/10/17-14:54:15.892978 7fc3a9fcb700                        Options.compaction_style: kCompactionStyleLevel
2019/10/17-14:54:15.892979 7fc3a9fcb700                          Options.compaction_pri: kByCompensatedSize
2019/10/17-14:54:15.892980 7fc3a9fcb700 Options.compaction_options_universal.size_ratio: 1
2019/10/17-14:54:15.892981 7fc3a9fcb700 Options.compaction_options_universal.min_merge_width: 2
2019/10/17-14:54:15.892982 7fc3a9fcb700 Options.compaction_options_universal.max_merge_width: 4294967295
2019/10/17-14:54:15.892983 7fc3a9fcb700 Options.compaction_options_universal.max_size_amplification_percent: 200
2019/10/17-14:54:15.892984 7fc3a9fcb700 Options.compaction_options_universal.compression_size_percent: -1
2019/10/17-14:54:15.892985 7fc3a9fcb700 Options.compaction_options_universal.stop_style: kCompactionStopStyleTotalSize
2019/10/17-14:54:15.892986 7fc3a9fcb700 Options.compaction_options_fifo.max_table_files_size: 1073741824
2019/10/17-14:54:15.892987 7fc3a9fcb700 Options.compaction_options_fifo.allow_compaction: 0
2019/10/17-14:54:15.892988 7fc3a9fcb700 Options.compaction_options_fifo.ttl: 0
2019/10/17-14:54:15.892989 7fc3a9fcb700                   Options.table_properties_collectors: 
2019/10/17-14:54:15.892990 7fc3a9fcb700                   Options.inplace_update_support: 0
2019/10/17-14:54:15.892991 7fc3a9fcb700                 Options.inplace_update_num_locks: 10000
2019/10/17-14:54:15.892992 7fc3a9fcb700               Options.memtable_prefix_bloom_size_ratio: 0.000000
2019/10/17-14:54:15.892993 7fc3a9fcb700   Options.memtable_huge_page_size: 0
2019/10/17-14:54:15.892994 7fc3a9fcb700                           Options.bloom_locality: 0
2019/10/17-14:54:15.892995 7fc3a9fcb700                    Options.max_successive_merges: 0
2019/10/17-14:54:15.892996 7fc3a9fcb700                Options.optimize_filters_for_hits: 0
2019/10/17-14:54:15.892997 7fc3a9fcb700                Options.paranoid_file_checks: 0
2019/10/17-14:54:15.892998 7fc3a9fcb700                Options.force_consistency_checks: 0
2019/10/17-14:54:15.892999 7fc3a9fcb700                Options.report_bg_io_stats: 0
2019/10/17-14:54:15.893000 7fc3a9fcb700                               Options.ttl: 0
2019/10/17-14:54:15.893017 7fc3a9fcb700 [db/column_family.cc:472] --------------- Options for column family [dc_entries]:
2019/10/17-14:54:15.893018 7fc3a9fcb700               Options.comparator: leveldb.BytewiseComparator
2019/10/17-14:54:15.893019 7fc3a9fcb700           Options.merge_operator: None
2019/10/17-14:54:15.893020 7fc3a9fcb700        Options.compaction_filter: None
2019/10/17-14:54:15.893021 7fc3a9fcb700        Options.compaction_filter_factory: None
2019/10/17-14:54:15.893022 7fc3a9fcb700         Options.memtable_factory: SkipListFactory
2019/10/17-14:54:15.893023 7fc3a9fcb700            Options.table_factory: BlockBasedTable
2019/10/17-14:54:15.893034 7fc3a9fcb700            table_factory options:   flush_block_policy_factory: FlushBlockBySizePolicyFactory (0x7fc350044350)
  cache_index_and_filter_blocks: 0
  cache_index_and_filter_blocks_with_high_priority: 0
  pin_l0_filter_and_index_blocks_in_cache: 0
  pin_top_level_index_and_filter: 1
  index_type: 0
  hash_index_allow_collision: 1
  checksum: 1
  no_block_cache: 0
  block_cache: 0x7fc3500d7ef0
  block_cache_name: LRUCache
  block_cache_options:
    capacity : 8388608
    num_shard_bits : 4
    strict_capacity_limit : 0
    memory_allocator : None
    high_pri_pool_ratio: 0.000
  block_cache_compressed: (nil)
  persistent_cache: (nil)
  block_size: 4096
  block_size_deviation: 10
  block_restart_interval: 16
  index_block_restart_interval: 1
  metadata_block_size: 4096
  partition_filters: 0
  use_delta_encoding: 1
  filter_policy: nullptr
  whole_key_filtering: 1
  verify_compression: 0
  read_amp_bytes_per_bit: 0
  format_version: 2
  enable_index_compression: 1
  block_align: 0
2019/10/17-14:54:15.893040 7fc3a9fcb700        Options.write_buffer_size: 67108864
2019/10/17-14:54:15.893041 7fc3a9fcb700  Options.max_write_buffer_number: 2
2019/10/17-14:54:15.893042 7fc3a9fcb700          Options.compression: NoCompression
2019/10/17-14:54:15.893043 7fc3a9fcb700                  Options.bottommost_compression: Disabled
2019/10/17-14:54:15.893044 7fc3a9fcb700       Options.prefix_extractor: nullptr
2019/10/17-14:54:15.893044 7fc3a9fcb700   Options.memtable_insert_with_hint_prefix_extractor: nullptr
2019/10/17-14:54:15.893045 7fc3a9fcb700             Options.num_levels: 7
2019/10/17-14:54:15.893046 7fc3a9fcb700        Options.min_write_buffer_number_to_merge: 1
2019/10/17-14:54:15.893047 7fc3a9fcb700     Options.max_write_buffer_number_to_maintain: 0
2019/10/17-14:54:15.893048 7fc3a9fcb700            Options.bottommost_compression_opts.window_bits: -14
2019/10/17-14:54:15.893049 7fc3a9fcb700                  Options.bottommost_compression_opts.level: 32767
2019/10/17-14:54:15.893049 7fc3a9fcb700               Options.bottommost_compression_opts.strategy: 0
2019/10/17-14:54:15.893050 7fc3a9fcb700         Options.bottommost_compression_opts.max_dict_bytes: 0
2019/10/17-14:54:15.893051 7fc3a9fcb700         Options.bottommost_compression_opts.zstd_max_train_bytes: 0
2019/10/17-14:54:15.893052 7fc3a9fcb700                  Options.bottommost_compression_opts.enabled: false
2019/10/17-14:54:15.893053 7fc3a9fcb700            Options.compression_opts.window_bits: -14
2019/10/17-14:54:15.893053 7fc3a9fcb700                  Options.compression_opts.level: 32767
2019/10/17-14:54:15.893054 7fc3a9fcb700               Options.compression_opts.strategy: 0
2019/10/17-14:54:15.893055 7fc3a9fcb700         Options.compression_opts.max_dict_bytes: 0
2019/10/17-14:54:15.893056 7fc3a9fcb700         Options.compression_opts.zstd_max_train_bytes: 0
2019/10/17-14:54:15.893057 7fc3a9fcb700                  Options.compression_opts.enabled: false
2019/10/17-14:54:15.893058 7fc3a9fcb700      Options.level0_file_num_compaction_trigger: 4
2019/10/17-14:54:15.893058 7fc3a9fcb700          Options.level0_slowdown_writes_trigger: 20
2019/10/17-14:54:15.893059 7fc3a9fcb700              Options.level0_stop_writes_trigger: 36
2019/10/17-14:54:15.893060 7fc3a9fcb700                   Options.target_file_size_base: 67108864
2019/10/17-14:54:15.893061 7fc3a9fcb700             Options.target_file_size_multiplier: 1
2019/10/17-14:54:15.893062 7fc3a9fcb700                Options.max_bytes_for_level_base: 268435456
2019/10/17-14:54:15.893063 7fc3a9fcb700 Options.level_compaction_dynamic_level_bytes: 0
2019/10/17-14:54:15.893063 7fc3a9fcb700          Options.max_bytes_for_level_multiplier: 10.000000
2019/10/17-14:54:15.893065 7fc3a9fcb700 Options.max_bytes_for_level_multiplier_addtl[0]: 1
2019/10/17-14:54:15.893066 7fc3a9fcb700 Options.max_bytes_for_level_multiplier_addtl[1]: 1
2019/10/17-14:54:15.893067 7fc3a9fcb700 Options.max_bytes_for_level_multiplier_addtl[2]: 1
2019/10/17-14:54:15.893068 7fc3a9fcb700 Options.max_bytes_for_level_multiplier_addtl[3]: 1
2019/10/17-14:54:15.893068 7fc3a9fcb700 Options.max_bytes_for_level_multiplier_addtl[4]: 1
2019/10/17-14:54:15.893069 7fc3a9fcb700 Options.max_bytes_for_level_multiplier_addtl[5]: 1
2019/10/17-14:54:15.893070 7fc3a9fcb700 Options.max_bytes_for_level_multiplier_addtl[6]: 1
2019/10/17-14:54:15.893071 7fc3a9fcb700       Options.max_sequential_skip_in_iterations: 8
2019/10/17-14:54:15.893072 7fc3a9fcb700                    Options.max_compaction_bytes: 1677721600
2019/10/17-14:54:15.893073 7fc3a9fcb700                        Options.arena_block_size: 8388608
2019/10/17-14:54:15.893074 7fc3a9fcb700   Options.soft_pending_compaction_bytes_limit: 68719476736
2019/10/17-14:54:15.893074 7fc3a9fcb700   Options.hard_pending_compaction_bytes_limit: 274877906944
2019/10/17-14:54:15.893075 7fc3a9fcb700       Options.rate_limit_delay_max_milliseconds: 100
2019/10/17-14:54:15.893076 7fc3a9fcb700                Options.disable_auto_compactions: 0
2019/10/17-14:54:15.893082 7fc3a9fcb700                        Options.compaction_style: kCompactionStyleLevel
2019/10/17-14:54:15.893083 7fc3a9fcb700                          Options.compaction_pri: kByCompensatedSize
2019/10/17-14:54:15.893084 7fc3a9fcb700 Options.compaction_options_universal.size_ratio: 1
2019/10/17-14:54:15.893085 7fc3a9fcb700 Options.compaction_options_universal.min_merge_width: 2
2019/10/17-14:54:15.893086 7fc3a9fcb700 Options.compaction_options_universal.max_merge_width: 4294967295
2019/10/17-14:54:15.893087 7fc3a9fcb700 Options.compaction_options_universal.max_size_amplification_percent: 200
2019/10/17-14:54:15.893087 7fc3a9fcb700 Options.compaction_options_universal.compression_size_percent: -1
2019/10/17-14:54:15.893088 7fc3a9fcb700 Options.compaction_options_universal.stop_style: kCompactionStopStyleTotalSize
2019/10/17-14:54:15.893089 7fc3a9fcb700 Options.compaction_options_fifo.max_table_files_size: 1073741824
2019/10/17-14:54:15.893090 7fc3a9fcb700 Options.compaction_options_fifo.allow_compaction: 0
2019/10/17-14:54:15.893091 7fc3a9fcb700 Options.compaction_options_fifo.ttl: 0
2019/10/17-14:54:15.893092 7fc3a9fcb700                   Options.table_properties_collectors: 
2019/10/17-14:54:15.893093 7fc3a9fcb700                   Options.inplace_update_support: 0
2019/10/17-14:54:15.893094 7fc3a9fcb700                 Options.inplace_update_num_locks: 10000
2019/10/17-14:54:15.893094 7fc3a9fcb700               Options.memtable_prefix_bloom_size_ratio: 0.000000
2019/10/17-14:54:15.893096 7fc3a9fcb700   Options.memtable_huge_page_size: 0
2019/10/17-14:54:15.893097 7fc3a9fcb700                           Options.bloom_locality: 0
2019/10/17-14:54:15.893097 7fc3a9fcb700                    Options.max_successive_merges: 0
2019/10/17-14:54:15.893098 7fc3a9fcb700                Options.optimize_filters_for_hits: 0
2019/10/17-14:54:15.893099 7fc3a9fcb700                Options.paranoid_file_checks: 0
2019/10/17-14:54:15.893100 7fc3a9fcb700                Options.force_consistency_checks: 0
2019/10/17-14:54:15.893101 7fc3a9fcb700                Options.report_bg_io_stats: 0
2019/10/17-14:54:15.893102 7fc3a9fcb700                               Options.ttl: 0
2019/10/17-14:54:15.893115 7fc3a9fcb700 [db/column_family.cc:472] --------------- Options for column family [htlcs]:
2019/10/17-14:54:15.893117 7fc3a9fcb700               Options.comparator: leveldb.BytewiseComparator
2019/10/17-14:54:15.893118 7fc3a9fcb700           Options.merge_operator: None
2019/10/17-14:54:15.893119 7fc3a9fcb700        Options.compaction_filter: None
2019/10/17-14:54:15.893119 7fc3a9fcb700        Options.compaction_filter_factory: None
2019/10/17-14:54:15.893120 7fc3a9fcb700         Options.memtable_factory: SkipListFactory
2019/10/17-14:54:15.893121 7fc3a9fcb700            Options.table_factory: BlockBasedTable
2019/10/17-14:54:15.893131 7fc3a9fcb700            table_factory options:   flush_block_policy_factory: FlushBlockBySizePolicyFactory (0x7fc350071d30)
