2019/10/17-14:55:14.094742 7fc3a9fcb700 RocksDB version: 5.18.3
2019/10/17-14:55:14.094796 7fc3a9fcb700 Git sha rocksdb_build_git_sha:@0@
2019/10/17-14:55:14.094799 7fc3a9fcb700 Compile date Sep 19 2019
2019/10/17-14:55:14.094801 7fc3a9fcb700 DB SUMMARY
2019/10/17-14:55:14.095975 7fc3a9fcb700 CURRENT file:  CURRENT
2019/10/17-14:55:14.095978 7fc3a9fcb700 IDENTITY file:  IDENTITY
2019/10/17-14:55:14.096028 7fc3a9fcb700 MANIFEST file:  MANIFEST-116563 size: 4114 Bytes
2019/10/17-14:55:14.096031 7fc3a9fcb700 SST files in /home/rahul/dev/blockchain-core/eqc/ledger.db dir, Total Num: 29, files: 000624.sst 000627.sst 106940.sst 108447.sst 108450.sst 109471.sst 109483.sst 109485.sst 109486.sst 
2019/10/17-14:55:14.096033 7fc3a9fcb700 Write Ahead Log file in /home/rahul/dev/blockchain-core/eqc/ledger.db: 116564.log size: 0 ; 
2019/10/17-14:55:14.096089 7fc3a9fcb700                         Options.error_if_exists: 0
2019/10/17-14:55:14.096091 7fc3a9fcb700                       Options.create_if_missing: 1
2019/10/17-14:55:14.096093 7fc3a9fcb700                         Options.paranoid_checks: 1
2019/10/17-14:55:14.096094 7fc3a9fcb700                                     Options.env: 0x7fc32ae1fc60
2019/10/17-14:55:14.096096 7fc3a9fcb700                                Options.info_log: 0x7fc350070150
2019/10/17-14:55:14.096097 7fc3a9fcb700                Options.max_file_opening_threads: 16
2019/10/17-14:55:14.096098 7fc3a9fcb700                              Options.statistics: (nil)
2019/10/17-14:55:14.096100 7fc3a9fcb700                               Options.use_fsync: 0
2019/10/17-14:55:14.096101 7fc3a9fcb700                       Options.max_log_file_size: 0
2019/10/17-14:55:14.096103 7fc3a9fcb700                  Options.max_manifest_file_size: 1073741824
2019/10/17-14:55:14.096104 7fc3a9fcb700                   Options.log_file_time_to_roll: 0
2019/10/17-14:55:14.096105 7fc3a9fcb700                       Options.keep_log_file_num: 1000
2019/10/17-14:55:14.096107 7fc3a9fcb700                    Options.recycle_log_file_num: 0
2019/10/17-14:55:14.096108 7fc3a9fcb700                         Options.allow_fallocate: 1
2019/10/17-14:55:14.096109 7fc3a9fcb700                        Options.allow_mmap_reads: 0
2019/10/17-14:55:14.096110 7fc3a9fcb700                       Options.allow_mmap_writes: 0
2019/10/17-14:55:14.096112 7fc3a9fcb700                        Options.use_direct_reads: 0
2019/10/17-14:55:14.096113 7fc3a9fcb700                        Options.use_direct_io_for_flush_and_compaction: 0
2019/10/17-14:55:14.096114 7fc3a9fcb700          Options.create_missing_column_families: 0
2019/10/17-14:55:14.096115 7fc3a9fcb700                              Options.db_log_dir: 
2019/10/17-14:55:14.096117 7fc3a9fcb700                                 Options.wal_dir: /home/rahul/dev/blockchain-core/eqc/ledger.db
2019/10/17-14:55:14.096118 7fc3a9fcb700                Options.table_cache_numshardbits: 6
2019/10/17-14:55:14.096119 7fc3a9fcb700                      Options.max_subcompactions: 1
2019/10/17-14:55:14.096120 7fc3a9fcb700                  Options.max_background_flushes: -1
2019/10/17-14:55:14.096122 7fc3a9fcb700                         Options.WAL_ttl_seconds: 0
2019/10/17-14:55:14.096123 7fc3a9fcb700                       Options.WAL_size_limit_MB: 0
2019/10/17-14:55:14.096124 7fc3a9fcb700             Options.manifest_preallocation_size: 4194304
2019/10/17-14:55:14.096126 7fc3a9fcb700                     Options.is_fd_close_on_exec: 1
2019/10/17-14:55:14.096127 7fc3a9fcb700                   Options.advise_random_on_open: 1
2019/10/17-14:55:14.096128 7fc3a9fcb700                    Options.db_write_buffer_size: 0
2019/10/17-14:55:14.096129 7fc3a9fcb700                    Options.write_buffer_manager: 0x7fc3500a4820
2019/10/17-14:55:14.096131 7fc3a9fcb700         Options.access_hint_on_compaction_start: 1
2019/10/17-14:55:14.096132 7fc3a9fcb700  Options.new_table_reader_for_compaction_inputs: 0
2019/10/17-14:55:14.096133 7fc3a9fcb700           Options.random_access_max_buffer_size: 1048576
2019/10/17-14:55:14.096134 7fc3a9fcb700                      Options.use_adaptive_mutex: 0
2019/10/17-14:55:14.096136 7fc3a9fcb700                            Options.rate_limiter: (nil)
2019/10/17-14:55:14.096150 7fc3a9fcb700     Options.sst_file_manager.rate_bytes_per_sec: 0
2019/10/17-14:55:14.096152 7fc3a9fcb700                       Options.wal_recovery_mode: 2
2019/10/17-14:55:14.096153 7fc3a9fcb700                  Options.enable_thread_tracking: 0
2019/10/17-14:55:14.096155 7fc3a9fcb700                  Options.enable_pipelined_write: 0
2019/10/17-14:55:14.096156 7fc3a9fcb700         Options.allow_concurrent_memtable_write: 1
2019/10/17-14:55:14.096157 7fc3a9fcb700      Options.enable_write_thread_adaptive_yield: 1
2019/10/17-14:55:14.096158 7fc3a9fcb700             Options.write_thread_max_yield_usec: 100
2019/10/17-14:55:14.096160 7fc3a9fcb700            Options.write_thread_slow_yield_usec: 3
2019/10/17-14:55:14.096161 7fc3a9fcb700                               Options.row_cache: None
2019/10/17-14:55:14.096162 7fc3a9fcb700                              Options.wal_filter: None
2019/10/17-14:55:14.096164 7fc3a9fcb700             Options.avoid_flush_during_recovery: 0
2019/10/17-14:55:14.096165 7fc3a9fcb700             Options.allow_ingest_behind: 0
2019/10/17-14:55:14.096166 7fc3a9fcb700             Options.preserve_deletes: 0
2019/10/17-14:55:14.096167 7fc3a9fcb700             Options.two_write_queues: 0
2019/10/17-14:55:14.096168 7fc3a9fcb700             Options.manual_wal_flush: 0
2019/10/17-14:55:14.096170 7fc3a9fcb700             Options.max_background_jobs: 2
2019/10/17-14:55:14.096171 7fc3a9fcb700             Options.max_background_compactions: -1
2019/10/17-14:55:14.096172 7fc3a9fcb700             Options.avoid_flush_during_shutdown: 0
2019/10/17-14:55:14.096174 7fc3a9fcb700           Options.writable_file_max_buffer_size: 1048576
2019/10/17-14:55:14.096175 7fc3a9fcb700             Options.delayed_write_rate : 16777216
2019/10/17-14:55:14.096176 7fc3a9fcb700             Options.max_total_wal_size: 0
2019/10/17-14:55:14.096177 7fc3a9fcb700             Options.delete_obsolete_files_period_micros: 21600000000
2019/10/17-14:55:14.096179 7fc3a9fcb700                   Options.stats_dump_period_sec: 600
2019/10/17-14:55:14.096180 7fc3a9fcb700                          Options.max_open_files: -1
2019/10/17-14:55:14.096181 7fc3a9fcb700                          Options.bytes_per_sync: 0
2019/10/17-14:55:14.096183 7fc3a9fcb700                      Options.wal_bytes_per_sync: 0
2019/10/17-14:55:14.096184 7fc3a9fcb700       Options.compaction_readahead_size: 0
2019/10/17-14:55:14.096185 7fc3a9fcb700 Compression algorithms supported:
2019/10/17-14:55:14.096187 7fc3a9fcb700 	kZSTDNotFinalCompression supported: 0
2019/10/17-14:55:14.096188 7fc3a9fcb700 	kZSTD supported: 0
2019/10/17-14:55:14.096190 7fc3a9fcb700 	kXpressCompression supported: 0
2019/10/17-14:55:14.096191 7fc3a9fcb700 	kLZ4HCCompression supported: 0
2019/10/17-14:55:14.096193 7fc3a9fcb700 	kLZ4Compression supported: 0
2019/10/17-14:55:14.096194 7fc3a9fcb700 	kBZip2Compression supported: 0
2019/10/17-14:55:14.096195 7fc3a9fcb700 	kZlibCompression supported: 0
2019/10/17-14:55:14.096197 7fc3a9fcb700 	kSnappyCompression supported: 0
2019/10/17-14:55:14.096200 7fc3a9fcb700 Fast CRC32 supported: Supported on x86
2019/10/17-14:55:14.096352 7fc3a9fcb700 [db/version_set.cc:3507] Recovering from manifest file: MANIFEST-116563
2019/10/17-14:55:14.096404 7fc3a9fcb700 [db/column_family.cc:472] --------------- Options for column family [default]:
2019/10/17-14:55:14.096407 7fc3a9fcb700               Options.comparator: leveldb.BytewiseComparator
2019/10/17-14:55:14.096409 7fc3a9fcb700           Options.merge_operator: None
2019/10/17-14:55:14.096410 7fc3a9fcb700        Options.compaction_filter: None
2019/10/17-14:55:14.096411 7fc3a9fcb700        Options.compaction_filter_factory: None
2019/10/17-14:55:14.096413 7fc3a9fcb700         Options.memtable_factory: SkipListFactory
2019/10/17-14:55:14.096414 7fc3a9fcb700            Options.table_factory: BlockBasedTable
2019/10/17-14:55:14.096437 7fc3a9fcb700            table_factory options:   flush_block_policy_factory: FlushBlockBySizePolicyFactory (0x7fc35006d2e0)
  cache_index_and_filter_blocks: 0
  cache_index_and_filter_blocks_with_high_priority: 0
  pin_l0_filter_and_index_blocks_in_cache: 0
  pin_top_level_index_and_filter: 1
  index_type: 0
  hash_index_allow_collision: 1
  checksum: 1
  no_block_cache: 0
  block_cache: 0x7fc3500e51d0
  block_cache_name: LRUCache
  block_cache_options:
    capacity : 8388608
    num_shard_bits : 4
    strict_capacity_limit : 0
    memory_allocator : None
    high_pri_pool_ratio: 0.000
  block_cache_compressed: (nil)
  persistent_cache: (nil)
  block_size: 4096
  block_size_deviation: 10
  block_restart_interval: 16
  index_block_restart_interval: 1
  metadata_block_size: 4096
  partition_filters: 0
  use_delta_encoding: 1
  filter_policy: nullptr
  whole_key_filtering: 1
  verify_compression: 0
  read_amp_bytes_per_bit: 0
  format_version: 2
  enable_index_compression: 1
  block_align: 0
2019/10/17-14:55:14.096452 7fc3a9fcb700        Options.write_buffer_size: 67108864
2019/10/17-14:55:14.096453 7fc3a9fcb700  Options.max_write_buffer_number: 2
2019/10/17-14:55:14.096455 7fc3a9fcb700          Options.compression: NoCompression
2019/10/17-14:55:14.096457 7fc3a9fcb700                  Options.bottommost_compression: Disabled
2019/10/17-14:55:14.096458 7fc3a9fcb700       Options.prefix_extractor: nullptr
2019/10/17-14:55:14.096459 7fc3a9fcb700   Options.memtable_insert_with_hint_prefix_extractor: nullptr
2019/10/17-14:55:14.096460 7fc3a9fcb700             Options.num_levels: 7
2019/10/17-14:55:14.096462 7fc3a9fcb700        Options.min_write_buffer_number_to_merge: 1
2019/10/17-14:55:14.096463 7fc3a9fcb700     Options.max_write_buffer_number_to_maintain: 0
2019/10/17-14:55:14.096464 7fc3a9fcb700            Options.bottommost_compression_opts.window_bits: -14
2019/10/17-14:55:14.096466 7fc3a9fcb700                  Options.bottommost_compression_opts.level: 32767
2019/10/17-14:55:14.096467 7fc3a9fcb700               Options.bottommost_compression_opts.strategy: 0
2019/10/17-14:55:14.096468 7fc3a9fcb700         Options.bottommost_compression_opts.max_dict_bytes: 0
2019/10/17-14:55:14.096469 7fc3a9fcb700         Options.bottommost_compression_opts.zstd_max_train_bytes: 0
2019/10/17-14:55:14.096471 7fc3a9fcb700                  Options.bottommost_compression_opts.enabled: false
2019/10/17-14:55:14.096472 7fc3a9fcb700            Options.compression_opts.window_bits: -14
2019/10/17-14:55:14.096473 7fc3a9fcb700                  Options.compression_opts.level: 32767
2019/10/17-14:55:14.096475 7fc3a9fcb700               Options.compression_opts.strategy: 0
2019/10/17-14:55:14.096476 7fc3a9fcb700         Options.compression_opts.max_dict_bytes: 0
2019/10/17-14:55:14.096477 7fc3a9fcb700         Options.compression_opts.zstd_max_train_bytes: 0
2019/10/17-14:55:14.096478 7fc3a9fcb700                  Options.compression_opts.enabled: false
2019/10/17-14:55:14.096480 7fc3a9fcb700      Options.level0_file_num_compaction_trigger: 4
2019/10/17-14:55:14.096481 7fc3a9fcb700          Options.level0_slowdown_writes_trigger: 20
2019/10/17-14:55:14.096482 7fc3a9fcb700              Options.level0_stop_writes_trigger: 36
2019/10/17-14:55:14.096483 7fc3a9fcb700                   Options.target_file_size_base: 67108864
2019/10/17-14:55:14.096485 7fc3a9fcb700             Options.target_file_size_multiplier: 1
2019/10/17-14:55:14.096486 7fc3a9fcb700                Options.max_bytes_for_level_base: 268435456
2019/10/17-14:55:14.096487 7fc3a9fcb700 Options.level_compaction_dynamic_level_bytes: 0
2019/10/17-14:55:14.096489 7fc3a9fcb700          Options.max_bytes_for_level_multiplier: 10.000000
2019/10/17-14:55:14.096492 7fc3a9fcb700 Options.max_bytes_for_level_multiplier_addtl[0]: 1
2019/10/17-14:55:14.096493 7fc3a9fcb700 Options.max_bytes_for_level_multiplier_addtl[1]: 1
2019/10/17-14:55:14.096494 7fc3a9fcb700 Options.max_bytes_for_level_multiplier_addtl[2]: 1
2019/10/17-14:55:14.096496 7fc3a9fcb700 Options.max_bytes_for_level_multiplier_addtl[3]: 1
2019/10/17-14:55:14.096497 7fc3a9fcb700 Options.max_bytes_for_level_multiplier_addtl[4]: 1
2019/10/17-14:55:14.096505 7fc3a9fcb700 Options.max_bytes_for_level_multiplier_addtl[5]: 1
2019/10/17-14:55:14.096507 7fc3a9fcb700 Options.max_bytes_for_level_multiplier_addtl[6]: 1
2019/10/17-14:55:14.096508 7fc3a9fcb700       Options.max_sequential_skip_in_iterations: 8
2019/10/17-14:55:14.096509 7fc3a9fcb700                    Options.max_compaction_bytes: 1677721600
2019/10/17-14:55:14.096511 7fc3a9fcb700                        Options.arena_block_size: 8388608
2019/10/17-14:55:14.096512 7fc3a9fcb700   Options.soft_pending_compaction_bytes_limit: 68719476736
2019/10/17-14:55:14.096513 7fc3a9fcb700   Options.hard_pending_compaction_bytes_limit: 274877906944
2019/10/17-14:55:14.096515 7fc3a9fcb700       Options.rate_limit_delay_max_milliseconds: 100
2019/10/17-14:55:14.096516 7fc3a9fcb700                Options.disable_auto_compactions: 0
2019/10/17-14:55:14.096518 7fc3a9fcb700                        Options.compaction_style: kCompactionStyleLevel
2019/10/17-14:55:14.096520 7fc3a9fcb700                          Options.compaction_pri: kByCompensatedSize
2019/10/17-14:55:14.096521 7fc3a9fcb700 Options.compaction_options_universal.size_ratio: 1
2019/10/17-14:55:14.096522 7fc3a9fcb700 Options.compaction_options_universal.min_merge_width: 2
2019/10/17-14:55:14.096524 7fc3a9fcb700 Options.compaction_options_universal.max_merge_width: 4294967295
2019/10/17-14:55:14.096525 7fc3a9fcb700 Options.compaction_options_universal.max_size_amplification_percent: 200
2019/10/17-14:55:14.096526 7fc3a9fcb700 Options.compaction_options_universal.compression_size_percent: -1
2019/10/17-14:55:14.096528 7fc3a9fcb700 Options.compaction_options_universal.stop_style: kCompactionStopStyleTotalSize
2019/10/17-14:55:14.096530 7fc3a9fcb700 Options.compaction_options_fifo.max_table_files_size: 1073741824
2019/10/17-14:55:14.096531 7fc3a9fcb700 Options.compaction_options_fifo.allow_compaction: 0
2019/10/17-14:55:14.096532 7fc3a9fcb700 Options.compaction_options_fifo.ttl: 0
2019/10/17-14:55:14.096534 7fc3a9fcb700                   Options.table_properties_collectors: 
2019/10/17-14:55:14.096535 7fc3a9fcb700                   Options.inplace_update_support: 0
2019/10/17-14:55:14.096536 7fc3a9fcb700                 Options.inplace_update_num_locks: 10000
2019/10/17-14:55:14.096537 7fc3a9fcb700               Options.memtable_prefix_bloom_size_ratio: 0.000000
2019/10/17-14:55:14.096539 7fc3a9fcb700   Options.memtable_huge_page_size: 0
2019/10/17-14:55:14.096541 7fc3a9fcb700                           Options.bloom_locality: 0
2019/10/17-14:55:14.096542 7fc3a9fcb700                    Options.max_successive_merges: 0
2019/10/17-14:55:14.096543 7fc3a9fcb700                Options.optimize_filters_for_hits: 0
2019/10/17-14:55:14.096544 7fc3a9fcb700                Options.paranoid_file_checks: 0
2019/10/17-14:55:14.096546 7fc3a9fcb700                Options.force_consistency_checks: 0
2019/10/17-14:55:14.096547 7fc3a9fcb700                Options.report_bg_io_stats: 0
2019/10/17-14:55:14.096548 7fc3a9fcb700                               Options.ttl: 0
2019/10/17-14:55:14.096611 7fc3a9fcb700 [db/column_family.cc:472] --------------- Options for column family [active_gateways]:
2019/10/17-14:55:14.096614 7fc3a9fcb700               Options.comparator: leveldb.BytewiseComparator
2019/10/17-14:55:14.096615 7fc3a9fcb700           Options.merge_operator: None
2019/10/17-14:55:14.096616 7fc3a9fcb700        Options.compaction_filter: None
2019/10/17-14:55:14.096617 7fc3a9fcb700        Options.compaction_filter_factory: None
2019/10/17-14:55:14.096619 7fc3a9fcb700         Options.memtable_factory: SkipListFactory
2019/10/17-14:55:14.096620 7fc3a9fcb700            Options.table_factory: BlockBasedTable
2019/10/17-14:55:14.096638 7fc3a9fcb700            table_factory options:   flush_block_policy_factory: FlushBlockBySizePolicyFactory (0x7fc35009ff80)
  cache_index_and_filter_blocks: 0
  cache_index_and_filter_blocks_with_high_priority: 0
  pin_l0_filter_and_index_blocks_in_cache: 0
  pin_top_level_index_and_filter: 1
  index_type: 0
  hash_index_allow_collision: 1
  checksum: 1
  no_block_cache: 0
  block_cache: 0x7fc350000b90
  block_cache_name: LRUCache
  block_cache_options:
    capacity : 8388608
    num_shard_bits : 4
    strict_capacity_limit : 0
    memory_allocator : None
    high_pri_pool_ratio: 0.000
  block_cache_compressed: (nil)
  persistent_cache: (nil)
  block_size: 4096
  block_size_deviation: 10
  block_restart_interval: 16
  index_block_restart_interval: 1
  metadata_block_size: 4096
  partition_filters: 0
  use_delta_encoding: 1
  filter_policy: nullptr
  whole_key_filtering: 1
  verify_compression: 0
  read_amp_bytes_per_bit: 0
  format_version: 2
  enable_index_compression: 1
  block_align: 0
2019/10/17-14:55:14.096650 7fc3a9fcb700        Options.write_buffer_size: 67108864
2019/10/17-14:55:14.096651 7fc3a9fcb700  Options.max_write_buffer_number: 2
2019/10/17-14:55:14.096653 7fc3a9fcb700          Options.compression: NoCompression
2019/10/17-14:55:14.096654 7fc3a9fcb700                  Options.bottommost_compression: Disabled
2019/10/17-14:55:14.096655 7fc3a9fcb700       Options.prefix_extractor: nullptr
2019/10/17-14:55:14.096656 7fc3a9fcb700   Options.memtable_insert_with_hint_prefix_extractor: nullptr
2019/10/17-14:55:14.096658 7fc3a9fcb700             Options.num_levels: 7
2019/10/17-14:55:14.096659 7fc3a9fcb700        Options.min_write_buffer_number_to_merge: 1
2019/10/17-14:55:14.096660 7fc3a9fcb700     Options.max_write_buffer_number_to_maintain: 0
2019/10/17-14:55:14.096661 7fc3a9fcb700            Options.bottommost_compression_opts.window_bits: -14
2019/10/17-14:55:14.096663 7fc3a9fcb700                  Options.bottommost_compression_opts.level: 32767
2019/10/17-14:55:14.096664 7fc3a9fcb700               Options.bottommost_compression_opts.strategy: 0
2019/10/17-14:55:14.096665 7fc3a9fcb700         Options.bottommost_compression_opts.max_dict_bytes: 0
2019/10/17-14:55:14.096666 7fc3a9fcb700         Options.bottommost_compression_opts.zstd_max_train_bytes: 0
2019/10/17-14:55:14.096668 7fc3a9fcb700                  Options.bottommost_compression_opts.enabled: false
2019/10/17-14:55:14.096669 7fc3a9fcb700            Options.compression_opts.window_bits: -14
2019/10/17-14:55:14.096670 7fc3a9fcb700                  Options.compression_opts.level: 32767
2019/10/17-14:55:14.096672 7fc3a9fcb700               Options.compression_opts.strategy: 0
2019/10/17-14:55:14.096673 7fc3a9fcb700         Options.compression_opts.max_dict_bytes: 0
2019/10/17-14:55:14.096674 7fc3a9fcb700         Options.compression_opts.zstd_max_train_bytes: 0
2019/10/17-14:55:14.096675 7fc3a9fcb700                  Options.compression_opts.enabled: false
2019/10/17-14:55:14.096676 7fc3a9fcb700      Options.level0_file_num_compaction_trigger: 4
2019/10/17-14:55:14.096678 7fc3a9fcb700          Options.level0_slowdown_writes_trigger: 20
2019/10/17-14:55:14.096679 7fc3a9fcb700              Options.level0_stop_writes_trigger: 36
2019/10/17-14:55:14.096680 7fc3a9fcb700                   Options.target_file_size_base: 67108864
2019/10/17-14:55:14.096681 7fc3a9fcb700             Options.target_file_size_multiplier: 1
2019/10/17-14:55:14.096683 7fc3a9fcb700                Options.max_bytes_for_level_base: 268435456
2019/10/17-14:55:14.096684 7fc3a9fcb700 Options.level_compaction_dynamic_level_bytes: 0
2019/10/17-14:55:14.096685 7fc3a9fcb700          Options.max_bytes_for_level_multiplier: 10.000000
2019/10/17-14:55:14.096688 7fc3a9fcb700 Options.max_bytes_for_level_multiplier_addtl[0]: 1
2019/10/17-14:55:14.096689 7fc3a9fcb700 Options.max_bytes_for_level_multiplier_addtl[1]: 1
2019/10/17-14:55:14.096690 7fc3a9fcb700 Options.max_bytes_for_level_multiplier_addtl[2]: 1
2019/10/17-14:55:14.096692 7fc3a9fcb700 Options.max_bytes_for_level_multiplier_addtl[3]: 1
2019/10/17-14:55:14.096693 7fc3a9fcb700 Options.max_bytes_for_level_multiplier_addtl[4]: 1
2019/10/17-14:55:14.096694 7fc3a9fcb700 Options.max_bytes_for_level_multiplier_addtl[5]: 1
2019/10/17-14:55:14.096695 7fc3a9fcb700 Options.max_bytes_for_level_multiplier_addtl[6]: 1
2019/10/17-14:55:14.096697 7fc3a9fcb700       Options.max_sequential_skip_in_iterations: 8
2019/10/17-14:55:14.096704 7fc3a9fcb700                    Options.max_compaction_bytes: 1677721600
2019/10/17-14:55:14.096705 7fc3a9fcb700                        Options.arena_block_size: 8388608
2019/10/17-14:55:14.096707 7fc3a9fcb700   Options.soft_pending_compaction_bytes_limit: 68719476736
2019/10/17-14:55:14.096708 7fc3a9fcb700   Options.hard_pending_compaction_bytes_limit: 274877906944
2019/10/17-14:55:14.096709 7fc3a9fcb700       Options.rate_limit_delay_max_milliseconds: 100
2019/10/17-14:55:14.096711 7fc3a9fcb700                Options.disable_auto_compactions: 0
2019/10/17-14:55:14.096712 7fc3a9fcb700                        Options.compaction_style: kCompactionStyleLevel
2019/10/17-14:55:14.096714 7fc3a9fcb700                          Options.compaction_pri: kByCompensatedSize
2019/10/17-14:55:14.096715 7fc3a9fcb700 Options.compaction_options_universal.size_ratio: 1
2019/10/17-14:55:14.096716 7fc3a9fcb700 Options.compaction_options_universal.min_merge_width: 2
2019/10/17-14:55:14.096717 7fc3a9fcb700 Options.compaction_options_universal.max_merge_width: 4294967295
2019/10/17-14:55:14.096719 7fc3a9fcb700 Options.compaction_options_universal.max_size_amplification_percent: 200
2019/10/17-14:55:14.096720 7fc3a9fcb700 Options.compaction_options_universal.compression_size_percent: -1
2019/10/17-14:55:14.096721 7fc3a9fcb700 Options.compaction_options_universal.stop_style: kCompactionStopStyleTotalSize
2019/10/17-14:55:14.096723 7fc3a9fcb700 Options.compaction_options_fifo.max_table_files_size: 1073741824
2019/10/17-14:55:14.096724 7fc3a9fcb700 Options.compaction_options_fifo.allow_compaction: 0
2019/10/17-14:55:14.096725 7fc3a9fcb700 Options.compaction_options_fifo.ttl: 0
2019/10/17-14:55:14.096726 7fc3a9fcb700                   Options.table_properties_collectors: 
2019/10/17-14:55:14.096728 7fc3a9fcb700                   Options.inplace_update_support: 0
2019/10/17-14:55:14.096729 7fc3a9fcb700                 Options.inplace_update_num_locks: 10000
2019/10/17-14:55:14.096730 7fc3a9fcb700               Options.memtable_prefix_bloom_size_ratio: 0.000000
2019/10/17-14:55:14.096732 7fc3a9fcb700   Options.memtable_huge_page_size: 0
2019/10/17-14:55:14.096733 7fc3a9fcb700                           Options.bloom_locality: 0
2019/10/17-14:55:14.096734 7fc3a9fcb700                    Options.max_successive_merges: 0
2019/10/17-14:55:14.096736 7fc3a9fcb700                Options.optimize_filters_for_hits: 0
2019/10/17-14:55:14.096737 7fc3a9fcb700                Options.paranoid_file_checks: 0
2019/10/17-14:55:14.096738 7fc3a9fcb700                Options.force_consistency_checks: 0
2019/10/17-14:55:14.096739 7fc3a9fcb700                Options.report_bg_io_stats: 0
2019/10/17-14:55:14.096740 7fc3a9fcb700                               Options.ttl: 0
2019/10/17-14:55:14.096772 7fc3a9fcb700 [db/column_family.cc:472] --------------- Options for column family [entries]:
2019/10/17-14:55:14.096774 7fc3a9fcb700               Options.comparator: leveldb.BytewiseComparator
2019/10/17-14:55:14.096776 7fc3a9fcb700           Options.merge_operator: None
2019/10/17-14:55:14.096777 7fc3a9fcb700        Options.compaction_filter: None
2019/10/17-14:55:14.096778 7fc3a9fcb700        Options.compaction_filter_factory: None
2019/10/17-14:55:14.096779 7fc3a9fcb700         Options.memtable_factory: SkipListFactory
2019/10/17-14:55:14.096781 7fc3a9fcb700            Options.table_factory: BlockBasedTable
2019/10/17-14:55:14.096797 7fc3a9fcb700            table_factory options:   flush_block_policy_factory: FlushBlockBySizePolicyFactory (0x7fc35002a470)
  cache_index_and_filter_blocks: 0
  cache_index_and_filter_blocks_with_high_priority: 0
  pin_l0_filter_and_index_blocks_in_cache: 0
  pin_top_level_index_and_filter: 1
  index_type: 0
  hash_index_allow_collision: 1
  checksum: 1
  no_block_cache: 0
  block_cache: 0x7fc35007cac0
  block_cache_name: LRUCache
  block_cache_options:
    capacity : 8388608
    num_shard_bits : 4
    strict_capacity_limit : 0
    memory_allocator : None
    high_pri_pool_ratio: 0.000
  block_cache_compressed: (nil)
  persistent_cache: (nil)
  block_size: 4096
  block_size_deviation: 10
  block_restart_interval: 16
  index_block_restart_interval: 1
  metadata_block_size: 4096
  partition_filters: 0
  use_delta_encoding: 1
  filter_policy: nullptr
  whole_key_filtering: 1
  verify_compression: 0
  read_amp_bytes_per_bit: 0
  format_version: 2
  enable_index_compression: 1
  block_align: 0
2019/10/17-14:55:14.096807 7fc3a9fcb700        Options.write_buffer_size: 67108864
2019/10/17-14:55:14.096808 7fc3a9fcb700  Options.max_write_buffer_number: 2
2019/10/17-14:55:14.096809 7fc3a9fcb700          Options.compression: NoCompression
2019/10/17-14:55:14.096811 7fc3a9fcb700                  Options.bottommost_compression: Disabled
2019/10/17-14:55:14.096812 7fc3a9fcb700       Options.prefix_extractor: nullptr
2019/10/17-14:55:14.096813 7fc3a9fcb700   Options.memtable_insert_with_hint_prefix_extractor: nullptr
2019/10/17-14:55:14.096814 7fc3a9fcb700             Options.num_levels: 7
2019/10/17-14:55:14.096816 7fc3a9fcb700        Options.min_write_buffer_number_to_merge: 1
2019/10/17-14:55:14.096817 7fc3a9fcb700     Options.max_write_buffer_number_to_maintain: 0
2019/10/17-14:55:14.096818 7fc3a9fcb700            Options.bottommost_compression_opts.window_bits: -14
2019/10/17-14:55:14.096819 7fc3a9fcb700                  Options.bottommost_compression_opts.level: 32767
2019/10/17-14:55:14.096821 7fc3a9fcb700               Options.bottommost_compression_opts.strategy: 0
2019/10/17-14:55:14.096822 7fc3a9fcb700         Options.bottommost_compression_opts.max_dict_bytes: 0
2019/10/17-14:55:14.096823 7fc3a9fcb700         Options.bottommost_compression_opts.zstd_max_train_bytes: 0
2019/10/17-14:55:14.096824 7fc3a9fcb700                  Options.bottommost_compression_opts.enabled: false
2019/10/17-14:55:14.096825 7fc3a9fcb700            Options.compression_opts.window_bits: -14
2019/10/17-14:55:14.096827 7fc3a9fcb700                  Options.compression_opts.level: 32767
2019/10/17-14:55:14.096828 7fc3a9fcb700               Options.compression_opts.strategy: 0
2019/10/17-14:55:14.096829 7fc3a9fcb700         Options.compression_opts.max_dict_bytes: 0
2019/10/17-14:55:14.096830 7fc3a9fcb700         Options.compression_opts.zstd_max_train_bytes: 0
2019/10/17-14:55:14.096832 7fc3a9fcb700                  Options.compression_opts.enabled: false
2019/10/17-14:55:14.096833 7fc3a9fcb700      Options.level0_file_num_compaction_trigger: 4
2019/10/17-14:55:14.096834 7fc3a9fcb700          Options.level0_slowdown_writes_trigger: 20
2019/10/17-14:55:14.096835 7fc3a9fcb700              Options.level0_stop_writes_trigger: 36
2019/10/17-14:55:14.096837 7fc3a9fcb700                   Options.target_file_size_base: 67108864
2019/10/17-14:55:14.096838 7fc3a9fcb700             Options.target_file_size_multiplier: 1
2019/10/17-14:55:14.096839 7fc3a9fcb700                Options.max_bytes_for_level_base: 268435456
2019/10/17-14:55:14.096840 7fc3a9fcb700 Options.level_compaction_dynamic_level_bytes: 0
2019/10/17-14:55:14.096841 7fc3a9fcb700          Options.max_bytes_for_level_multiplier: 10.000000
2019/10/17-14:55:14.096844 7fc3a9fcb700 Options.max_bytes_for_level_multiplier_addtl[0]: 1
2019/10/17-14:55:14.096845 7fc3a9fcb700 Options.max_bytes_for_level_multiplier_addtl[1]: 1
2019/10/17-14:55:14.096846 7fc3a9fcb700 Options.max_bytes_for_level_multiplier_addtl[2]: 1
2019/10/17-14:55:14.096847 7fc3a9fcb700 Options.max_bytes_for_level_multiplier_addtl[3]: 1
2019/10/17-14:55:14.096849 7fc3a9fcb700 Options.max_bytes_for_level_multiplier_addtl[4]: 1
2019/10/17-14:55:14.096850 7fc3a9fcb700 Options.max_bytes_for_level_multiplier_addtl[5]: 1
2019/10/17-14:55:14.096851 7fc3a9fcb700 Options.max_bytes_for_level_multiplier_addtl[6]: 1
2019/10/17-14:55:14.096852 7fc3a9fcb700       Options.max_sequential_skip_in_iterations: 8
2019/10/17-14:55:14.096853 7fc3a9fcb700                    Options.max_compaction_bytes: 1677721600
2019/10/17-14:55:14.096855 7fc3a9fcb700                        Options.arena_block_size: 8388608
2019/10/17-14:55:14.096856 7fc3a9fcb700   Options.soft_pending_compaction_bytes_limit: 68719476736
2019/10/17-14:55:14.096863 7fc3a9fcb700   Options.hard_pending_compaction_bytes_limit: 274877906944
2019/10/17-14:55:14.096865 7fc3a9fcb700       Options.rate_limit_delay_max_milliseconds: 100
2019/10/17-14:55:14.096866 7fc3a9fcb700                Options.disable_auto_compactions: 0
2019/10/17-14:55:14.096867 7fc3a9fcb700                        Options.compaction_style: kCompactionStyleLevel
2019/10/17-14:55:14.096869 7fc3a9fcb700                          Options.compaction_pri: kByCompensatedSize
2019/10/17-14:55:14.096870 7fc3a9fcb700 Options.compaction_options_universal.size_ratio: 1
2019/10/17-14:55:14.096872 7fc3a9fcb700 Options.compaction_options_universal.min_merge_width: 2
2019/10/17-14:55:14.096873 7fc3a9fcb700 Options.compaction_options_universal.max_merge_width: 4294967295
2019/10/17-14:55:14.096874 7fc3a9fcb700 Options.compaction_options_universal.max_size_amplification_percent: 200
2019/10/17-14:55:14.096875 7fc3a9fcb700 Options.compaction_options_universal.compression_size_percent: -1
2019/10/17-14:55:14.096877 7fc3a9fcb700 Options.compaction_options_universal.stop_style: kCompactionStopStyleTotalSize
2019/10/17-14:55:14.096878 7fc3a9fcb700 Options.compaction_options_fifo.max_table_files_size: 1073741824
2019/10/17-14:55:14.096879 7fc3a9fcb700 Options.compaction_options_fifo.allow_compaction: 0
2019/10/17-14:55:14.096881 7fc3a9fcb700 Options.compaction_options_fifo.ttl: 0
2019/10/17-14:55:14.096882 7fc3a9fcb700                   Options.table_properties_collectors: 
2019/10/17-14:55:14.096883 7fc3a9fcb700                   Options.inplace_update_support: 0
2019/10/17-14:55:14.096884 7fc3a9fcb700                 Options.inplace_update_num_locks: 10000
2019/10/17-14:55:14.096886 7fc3a9fcb700               Options.memtable_prefix_bloom_size_ratio: 0.000000
2019/10/17-14:55:14.096887 7fc3a9fcb700   Options.memtable_huge_page_size: 0
2019/10/17-14:55:14.096889 7fc3a9fcb700                           Options.bloom_locality: 0
2019/10/17-14:55:14.096890 7fc3a9fcb700                    Options.max_successive_merges: 0
2019/10/17-14:55:14.096891 7fc3a9fcb700                Options.optimize_filters_for_hits: 0
2019/10/17-14:55:14.096892 7fc3a9fcb700                Options.paranoid_file_checks: 0
2019/10/17-14:55:14.096894 7fc3a9fcb700                Options.force_consistency_checks: 0
2019/10/17-14:55:14.096895 7fc3a9fcb700                Options.report_bg_io_stats: 0
2019/10/17-14:55:14.096896 7fc3a9fcb700                               Options.ttl: 0
2019/10/17-14:55:14.096919 7fc3a9fcb700 [db/column_family.cc:472] --------------- Options for column family [dc_entries]:
2019/10/17-14:55:14.096921 7fc3a9fcb700               Options.comparator: leveldb.BytewiseComparator
2019/10/17-14:55:14.096922 7fc3a9fcb700           Options.merge_operator: None
2019/10/17-14:55:14.096924 7fc3a9fcb700        Options.compaction_filter: None
2019/10/17-14:55:14.096925 7fc3a9fcb700        Options.compaction_filter_factory: None
2019/10/17-14:55:14.096926 7fc3a9fcb700         Options.memtable_factory: SkipListFactory
2019/10/17-14:55:14.096927 7fc3a9fcb700            Options.table_factory: BlockBasedTable
2019/10/17-14:55:14.096942 7fc3a9fcb700            table_factory options:   flush_block_policy_factory: FlushBlockBySizePolicyFactory (0x7fc350071220)
  cache_index_and_filter_blocks: 0
  cache_index_and_filter_blocks_with_high_priority: 0
  pin_l0_filter_and_index_blocks_in_cache: 0
  pin_top_level_index_and_filter: 1
  index_type: 0
  hash_index_allow_collision: 1
  checksum: 1
  no_block_cache: 0
  block_cache: 0x7fc3500bdc20
  block_cache_name: LRUCache
  block_cache_options:
    capacity : 8388608
    num_shard_bits : 4
    strict_capacity_limit : 0
    memory_allocator : None
    high_pri_pool_ratio: 0.000
  block_cache_compressed: (nil)
  persistent_cache: (nil)
  block_size: 4096
  block_size_deviation: 10
  block_restart_interval: 16
  index_block_restart_interval: 1
  metadata_block_size: 4096
  partition_filters: 0
  use_delta_encoding: 1
  filter_policy: nullptr
  whole_key_filtering: 1
  verify_compression: 0
  read_amp_bytes_per_bit: 0
  format_version: 2
  enable_index_compression: 1
  block_align: 0
2019/10/17-14:55:14.096953 7fc3a9fcb700        Options.write_buffer_size: 67108864
2019/10/17-14:55:14.096954 7fc3a9fcb700  Options.max_write_buffer_number: 2
2019/10/17-14:55:14.096956 7fc3a9fcb700          Options.compression: NoCompression
2019/10/17-14:55:14.096957 7fc3a9fcb700                  Options.bottommost_compression: Disabled
2019/10/17-14:55:14.096958 7fc3a9fcb700       Options.prefix_extractor: nullptr
2019/10/17-14:55:14.096959 7fc3a9fcb700   Options.memtable_insert_with_hint_prefix_extractor: nullptr
2019/10/17-14:55:14.096961 7fc3a9fcb700             Options.num_levels: 7
2019/10/17-14:55:14.096962 7fc3a9fcb700        Options.min_write_buffer_number_to_merge: 1
2019/10/17-14:55:14.096963 7fc3a9fcb700     Options.max_write_buffer_number_to_maintain: 0
2019/10/17-14:55:14.096964 7fc3a9fcb700            Options.bottommost_compression_opts.window_bits: -14
2019/10/17-14:55:14.096966 7fc3a9fcb700                  Options.bottommost_compression_opts.level: 32767
2019/10/17-14:55:14.096967 7fc3a9fcb700               Options.bottommost_compression_opts.strategy: 0
2019/10/17-14:55:14.096968 7fc3a9fcb700         Options.bottommost_compression_opts.max_dict_bytes: 0
2019/10/17-14:55:14.096969 7fc3a9fcb700         Options.bottommost_compression_opts.zstd_max_train_bytes: 0
2019/10/17-14:55:14.096971 7fc3a9fcb700                  Options.bottommost_compression_opts.enabled: false
2019/10/17-14:55:14.096972 7fc3a9fcb700            Options.compression_opts.window_bits: -14
2019/10/17-14:55:14.096973 7fc3a9fcb700                  Options.compression_opts.level: 32767
2019/10/17-14:55:14.096974 7fc3a9fcb700               Options.compression_opts.strategy: 0
2019/10/17-14:55:14.096975 7fc3a9fcb700         Options.compression_opts.max_dict_bytes: 0
2019/10/17-14:55:14.096977 7fc3a9fcb700         Options.compression_opts.zstd_max_train_bytes: 0
2019/10/17-14:55:14.096978 7fc3a9fcb700                  Options.compression_opts.enabled: false
2019/10/17-14:55:14.096979 7fc3a9fcb700      Options.level0_file_num_compaction_trigger: 4
2019/10/17-14:55:14.096980 7fc3a9fcb700          Options.level0_slowdown_writes_trigger: 20
2019/10/17-14:55:14.096982 7fc3a9fcb700              Options.level0_stop_writes_trigger: 36
2019/10/17-14:55:14.096983 7fc3a9fcb700                   Options.target_file_size_base: 67108864
2019/10/17-14:55:14.096984 7fc3a9fcb700             Options.target_file_size_multiplier: 1
2019/10/17-14:55:14.096985 7fc3a9fcb700                Options.max_bytes_for_level_base: 268435456
2019/10/17-14:55:14.096987 7fc3a9fcb700 Options.level_compaction_dynamic_level_bytes: 0
2019/10/17-14:55:14.096988 7fc3a9fcb700          Options.max_bytes_for_level_multiplier: 10.000000
2019/10/17-14:55:14.096990 7fc3a9fcb700 Options.max_bytes_for_level_multiplier_addtl[0]: 1
2019/10/17-14:55:14.096991 7fc3a9fcb700 Options.max_bytes_for_level_multiplier_addtl[1]: 1
2019/10/17-14:55:14.096992 7fc3a9fcb700 Options.max_bytes_for_level_multiplier_addtl[2]: 1
2019/10/17-14:55:14.096994 7fc3a9fcb700 Options.max_bytes_for_level_multiplier_addtl[3]: 1
2019/10/17-14:55:14.096995 7fc3a9fcb700 Options.max_bytes_for_level_multiplier_addtl[4]: 1
2019/10/17-14:55:14.096996 7fc3a9fcb700 Options.max_bytes_for_level_multiplier_addtl[5]: 1
2019/10/17-14:55:14.096997 7fc3a9fcb700 Options.max_bytes_for_level_multiplier_addtl[6]: 1
2019/10/17-14:55:14.096999 7fc3a9fcb700       Options.max_sequential_skip_in_iterations: 8
2019/10/17-14:55:14.097000 7fc3a9fcb700                    Options.max_compaction_bytes: 1677721600
2019/10/17-14:55:14.097001 7fc3a9fcb700                        Options.arena_block_size: 8388608
2019/10/17-14:55:14.097002 7fc3a9fcb700   Options.soft_pending_compaction_bytes_limit: 68719476736
2019/10/17-14:55:14.097004 7fc3a9fcb700   Options.hard_pending_compaction_bytes_limit: 274877906944
2019/10/17-14:55:14.097005 7fc3a9fcb700       Options.rate_limit_delay_max_milliseconds: 100
2019/10/17-14:55:14.097006 7fc3a9fcb700                Options.disable_auto_compactions: 0
2019/10/17-14:55:14.097014 7fc3a9fcb700                        Options.compaction_style: kCompactionStyleLevel
2019/10/17-14:55:14.097016 7fc3a9fcb700                          Options.compaction_pri: kByCompensatedSize
2019/10/17-14:55:14.097017 7fc3a9fcb700 Options.compaction_options_universal.size_ratio: 1
2019/10/17-14:55:14.097018 7fc3a9fcb700 Options.compaction_options_universal.min_merge_width: 2
2019/10/17-14:55:14.097019 7fc3a9fcb700 Options.compaction_options_universal.max_merge_width: 4294967295
2019/10/17-14:55:14.097021 7fc3a9fcb700 Options.compaction_options_universal.max_size_amplification_percent: 200
2019/10/17-14:55:14.097022 7fc3a9fcb700 Options.compaction_options_universal.compression_size_percent: -1
2019/10/17-14:55:14.097023 7fc3a9fcb700 Options.compaction_options_universal.stop_style: kCompactionStopStyleTotalSize
2019/10/17-14:55:14.097025 7fc3a9fcb700 Options.compaction_options_fifo.max_table_files_size: 1073741824
2019/10/17-14:55:14.097026 7fc3a9fcb700 Options.compaction_options_fifo.allow_compaction: 0
2019/10/17-14:55:14.097027 7fc3a9fcb700 Options.compaction_options_fifo.ttl: 0
2019/10/17-14:55:14.097028 7fc3a9fcb700                   Options.table_properties_collectors: 
2019/10/17-14:55:14.097029 7fc3a9fcb700                   Options.inplace_update_support: 0
2019/10/17-14:55:14.097031 7fc3a9fcb700                 Options.inplace_update_num_locks: 10000
2019/10/17-14:55:14.097032 7fc3a9fcb700               Options.memtable_prefix_bloom_size_ratio: 0.000000
2019/10/17-14:55:14.097034 7fc3a9fcb700   Options.memtable_huge_page_size: 0
2019/10/17-14:55:14.097035 7fc3a9fcb700                           Options.bloom_locality: 0
2019/10/17-14:55:14.097036 7fc3a9fcb700                    Options.max_successive_merges: 0
2019/10/17-14:55:14.097037 7fc3a9fcb700                Options.optimize_filters_for_hits: 0
2019/10/17-14:55:14.097039 7fc3a9fcb700                Options.paranoid_file_checks: 0
2019/10/17-14:55:14.097040 7fc3a9fcb700                Options.force_consistency_checks: 0
2019/10/17-14:55:14.097041 7fc3a9fcb700                Options.report_bg_io_stats: 0
2019/10/17-14:55:14.097042 7fc3a9fcb700                               Options.ttl: 0
2019/10/17-14:55:14.097062 7fc3a9fcb700 [db/column_family.cc:472] --------------- Options for column family [htlcs]:
2019/10/17-14:55:14.097064 7fc3a9fcb700               Options.comparator: leveldb.BytewiseComparator
2019/10/17-14:55:14.097065 7fc3a9fcb700           Options.merge_operator: None
2019/10/17-14:55:14.097067 7fc3a9fcb700        Options.compaction_filter: None
2019/10/17-14:55:14.097068 7fc3a9fcb700        Options.compaction_filter_factory: None
2019/10/17-14:55:14.097069 7fc3a9fcb700         Options.memtable_factory: SkipListFactory
2019/10/17-14:55:14.097070 7fc3a9fcb700            Options.table_factory: BlockBasedTable
2019/10/17-14:55:14.097085 7fc3a9fcb700            table_factory options:   flush_block_policy_factory: FlushBlockBySizePolicyFactory (0x7fc35007ba30)
