2019/10/17-14:54:05.233170 7fc3a9fcb700 RocksDB version: 5.18.3
2019/10/17-14:54:05.233278 7fc3a9fcb700 Git sha rocksdb_build_git_sha:@0@
2019/10/17-14:54:05.233281 7fc3a9fcb700 Compile date Sep 19 2019
2019/10/17-14:54:05.233283 7fc3a9fcb700 DB SUMMARY
2019/10/17-14:54:05.234517 7fc3a9fcb700 CURRENT file:  CURRENT
2019/10/17-14:54:05.234519 7fc3a9fcb700 IDENTITY file:  IDENTITY
2019/10/17-14:54:05.234558 7fc3a9fcb700 MANIFEST file:  MANIFEST-114655 size: 4114 Bytes
2019/10/17-14:54:05.234560 7fc3a9fcb700 SST files in /home/rahul/dev/blockchain-core/eqc/ledger.db dir, Total Num: 29, files: 000624.sst 000627.sst 106940.sst 108447.sst 108450.sst 109471.sst 109483.sst 109485.sst 109486.sst 
2019/10/17-14:54:05.234562 7fc3a9fcb700 Write Ahead Log file in /home/rahul/dev/blockchain-core/eqc/ledger.db: 114656.log size: 0 ; 
2019/10/17-14:54:05.234607 7fc3a9fcb700                         Options.error_if_exists: 0
2019/10/17-14:54:05.234609 7fc3a9fcb700                       Options.create_if_missing: 1
2019/10/17-14:54:05.234610 7fc3a9fcb700                         Options.paranoid_checks: 1
2019/10/17-14:54:05.234611 7fc3a9fcb700                                     Options.env: 0x7fc32ae1fc60
2019/10/17-14:54:05.234612 7fc3a9fcb700                                Options.info_log: 0x7fc3500dc2e0
2019/10/17-14:54:05.234613 7fc3a9fcb700                Options.max_file_opening_threads: 16
2019/10/17-14:54:05.234615 7fc3a9fcb700                              Options.statistics: (nil)
2019/10/17-14:54:05.234616 7fc3a9fcb700                               Options.use_fsync: 0
2019/10/17-14:54:05.234617 7fc3a9fcb700                       Options.max_log_file_size: 0
2019/10/17-14:54:05.234618 7fc3a9fcb700                  Options.max_manifest_file_size: 1073741824
2019/10/17-14:54:05.234619 7fc3a9fcb700                   Options.log_file_time_to_roll: 0
2019/10/17-14:54:05.234620 7fc3a9fcb700                       Options.keep_log_file_num: 1000
2019/10/17-14:54:05.234621 7fc3a9fcb700                    Options.recycle_log_file_num: 0
2019/10/17-14:54:05.234622 7fc3a9fcb700                         Options.allow_fallocate: 1
2019/10/17-14:54:05.234623 7fc3a9fcb700                        Options.allow_mmap_reads: 0
2019/10/17-14:54:05.234624 7fc3a9fcb700                       Options.allow_mmap_writes: 0
2019/10/17-14:54:05.234625 7fc3a9fcb700                        Options.use_direct_reads: 0
2019/10/17-14:54:05.234626 7fc3a9fcb700                        Options.use_direct_io_for_flush_and_compaction: 0
2019/10/17-14:54:05.234627 7fc3a9fcb700          Options.create_missing_column_families: 0
2019/10/17-14:54:05.234628 7fc3a9fcb700                              Options.db_log_dir: 
2019/10/17-14:54:05.234629 7fc3a9fcb700                                 Options.wal_dir: /home/rahul/dev/blockchain-core/eqc/ledger.db
2019/10/17-14:54:05.234630 7fc3a9fcb700                Options.table_cache_numshardbits: 6
2019/10/17-14:54:05.234631 7fc3a9fcb700                      Options.max_subcompactions: 1
2019/10/17-14:54:05.234632 7fc3a9fcb700                  Options.max_background_flushes: -1
2019/10/17-14:54:05.234633 7fc3a9fcb700                         Options.WAL_ttl_seconds: 0
2019/10/17-14:54:05.234635 7fc3a9fcb700                       Options.WAL_size_limit_MB: 0
2019/10/17-14:54:05.234636 7fc3a9fcb700             Options.manifest_preallocation_size: 4194304
2019/10/17-14:54:05.234637 7fc3a9fcb700                     Options.is_fd_close_on_exec: 1
2019/10/17-14:54:05.234638 7fc3a9fcb700                   Options.advise_random_on_open: 1
2019/10/17-14:54:05.234639 7fc3a9fcb700                    Options.db_write_buffer_size: 0
2019/10/17-14:54:05.234640 7fc3a9fcb700                    Options.write_buffer_manager: 0x7fc350061fe0
2019/10/17-14:54:05.234641 7fc3a9fcb700         Options.access_hint_on_compaction_start: 1
2019/10/17-14:54:05.234642 7fc3a9fcb700  Options.new_table_reader_for_compaction_inputs: 0
2019/10/17-14:54:05.234643 7fc3a9fcb700           Options.random_access_max_buffer_size: 1048576
2019/10/17-14:54:05.234644 7fc3a9fcb700                      Options.use_adaptive_mutex: 0
2019/10/17-14:54:05.234645 7fc3a9fcb700                            Options.rate_limiter: (nil)
2019/10/17-14:54:05.234658 7fc3a9fcb700     Options.sst_file_manager.rate_bytes_per_sec: 0
2019/10/17-14:54:05.234659 7fc3a9fcb700                       Options.wal_recovery_mode: 2
2019/10/17-14:54:05.234660 7fc3a9fcb700                  Options.enable_thread_tracking: 0
2019/10/17-14:54:05.234661 7fc3a9fcb700                  Options.enable_pipelined_write: 0
2019/10/17-14:54:05.234662 7fc3a9fcb700         Options.allow_concurrent_memtable_write: 1
2019/10/17-14:54:05.234663 7fc3a9fcb700      Options.enable_write_thread_adaptive_yield: 1
2019/10/17-14:54:05.234664 7fc3a9fcb700             Options.write_thread_max_yield_usec: 100
2019/10/17-14:54:05.234665 7fc3a9fcb700            Options.write_thread_slow_yield_usec: 3
2019/10/17-14:54:05.234666 7fc3a9fcb700                               Options.row_cache: None
2019/10/17-14:54:05.234667 7fc3a9fcb700                              Options.wal_filter: None
2019/10/17-14:54:05.234668 7fc3a9fcb700             Options.avoid_flush_during_recovery: 0
2019/10/17-14:54:05.234669 7fc3a9fcb700             Options.allow_ingest_behind: 0
2019/10/17-14:54:05.234670 7fc3a9fcb700             Options.preserve_deletes: 0
2019/10/17-14:54:05.234671 7fc3a9fcb700             Options.two_write_queues: 0
2019/10/17-14:54:05.234672 7fc3a9fcb700             Options.manual_wal_flush: 0
2019/10/17-14:54:05.234673 7fc3a9fcb700             Options.max_background_jobs: 2
2019/10/17-14:54:05.234674 7fc3a9fcb700             Options.max_background_compactions: -1
2019/10/17-14:54:05.234675 7fc3a9fcb700             Options.avoid_flush_during_shutdown: 0
2019/10/17-14:54:05.234676 7fc3a9fcb700           Options.writable_file_max_buffer_size: 1048576
2019/10/17-14:54:05.234677 7fc3a9fcb700             Options.delayed_write_rate : 16777216
2019/10/17-14:54:05.234679 7fc3a9fcb700             Options.max_total_wal_size: 0
2019/10/17-14:54:05.234680 7fc3a9fcb700             Options.delete_obsolete_files_period_micros: 21600000000
2019/10/17-14:54:05.234681 7fc3a9fcb700                   Options.stats_dump_period_sec: 600
2019/10/17-14:54:05.234682 7fc3a9fcb700                          Options.max_open_files: -1
2019/10/17-14:54:05.234683 7fc3a9fcb700                          Options.bytes_per_sync: 0
2019/10/17-14:54:05.234684 7fc3a9fcb700                      Options.wal_bytes_per_sync: 0
2019/10/17-14:54:05.234685 7fc3a9fcb700       Options.compaction_readahead_size: 0
2019/10/17-14:54:05.234686 7fc3a9fcb700 Compression algorithms supported:
2019/10/17-14:54:05.234687 7fc3a9fcb700 	kZSTDNotFinalCompression supported: 0
2019/10/17-14:54:05.234688 7fc3a9fcb700 	kZSTD supported: 0
2019/10/17-14:54:05.234689 7fc3a9fcb700 	kXpressCompression supported: 0
2019/10/17-14:54:05.234691 7fc3a9fcb700 	kLZ4HCCompression supported: 0
2019/10/17-14:54:05.234692 7fc3a9fcb700 	kLZ4Compression supported: 0
2019/10/17-14:54:05.234693 7fc3a9fcb700 	kBZip2Compression supported: 0
2019/10/17-14:54:05.234694 7fc3a9fcb700 	kZlibCompression supported: 0
2019/10/17-14:54:05.234695 7fc3a9fcb700 	kSnappyCompression supported: 0
2019/10/17-14:54:05.234697 7fc3a9fcb700 Fast CRC32 supported: Supported on x86
2019/10/17-14:54:05.234818 7fc3a9fcb700 [db/version_set.cc:3507] Recovering from manifest file: MANIFEST-114655
2019/10/17-14:54:05.234860 7fc3a9fcb700 [db/column_family.cc:472] --------------- Options for column family [default]:
2019/10/17-14:54:05.234863 7fc3a9fcb700               Options.comparator: leveldb.BytewiseComparator
2019/10/17-14:54:05.234864 7fc3a9fcb700           Options.merge_operator: None
2019/10/17-14:54:05.234865 7fc3a9fcb700        Options.compaction_filter: None
2019/10/17-14:54:05.234866 7fc3a9fcb700        Options.compaction_filter_factory: None
2019/10/17-14:54:05.234867 7fc3a9fcb700         Options.memtable_factory: SkipListFactory
2019/10/17-14:54:05.234868 7fc3a9fcb700            Options.table_factory: BlockBasedTable
2019/10/17-14:54:05.234886 7fc3a9fcb700            table_factory options:   flush_block_policy_factory: FlushBlockBySizePolicyFactory (0x7fc350060b00)
  cache_index_and_filter_blocks: 0
  cache_index_and_filter_blocks_with_high_priority: 0
  pin_l0_filter_and_index_blocks_in_cache: 0
  pin_top_level_index_and_filter: 1
  index_type: 0
  hash_index_allow_collision: 1
  checksum: 1
  no_block_cache: 0
  block_cache: 0x7fc350017d90
  block_cache_name: LRUCache
  block_cache_options:
    capacity : 8388608
    num_shard_bits : 4
    strict_capacity_limit : 0
    memory_allocator : None
    high_pri_pool_ratio: 0.000
  block_cache_compressed: (nil)
  persistent_cache: (nil)
  block_size: 4096
  block_size_deviation: 10
  block_restart_interval: 16
  index_block_restart_interval: 1
  metadata_block_size: 4096
  partition_filters: 0
  use_delta_encoding: 1
  filter_policy: nullptr
  whole_key_filtering: 1
  verify_compression: 0
  read_amp_bytes_per_bit: 0
  format_version: 2
  enable_index_compression: 1
  block_align: 0
2019/10/17-14:54:05.234897 7fc3a9fcb700        Options.write_buffer_size: 67108864
2019/10/17-14:54:05.234899 7fc3a9fcb700  Options.max_write_buffer_number: 2
2019/10/17-14:54:05.234900 7fc3a9fcb700          Options.compression: NoCompression
2019/10/17-14:54:05.234901 7fc3a9fcb700                  Options.bottommost_compression: Disabled
2019/10/17-14:54:05.234902 7fc3a9fcb700       Options.prefix_extractor: nullptr
2019/10/17-14:54:05.234903 7fc3a9fcb700   Options.memtable_insert_with_hint_prefix_extractor: nullptr
2019/10/17-14:54:05.234904 7fc3a9fcb700             Options.num_levels: 7
2019/10/17-14:54:05.234905 7fc3a9fcb700        Options.min_write_buffer_number_to_merge: 1
2019/10/17-14:54:05.234906 7fc3a9fcb700     Options.max_write_buffer_number_to_maintain: 0
2019/10/17-14:54:05.234907 7fc3a9fcb700            Options.bottommost_compression_opts.window_bits: -14
2019/10/17-14:54:05.234908 7fc3a9fcb700                  Options.bottommost_compression_opts.level: 32767
2019/10/17-14:54:05.234909 7fc3a9fcb700               Options.bottommost_compression_opts.strategy: 0
2019/10/17-14:54:05.234910 7fc3a9fcb700         Options.bottommost_compression_opts.max_dict_bytes: 0
2019/10/17-14:54:05.234911 7fc3a9fcb700         Options.bottommost_compression_opts.zstd_max_train_bytes: 0
2019/10/17-14:54:05.234912 7fc3a9fcb700                  Options.bottommost_compression_opts.enabled: false
2019/10/17-14:54:05.234914 7fc3a9fcb700            Options.compression_opts.window_bits: -14
2019/10/17-14:54:05.234915 7fc3a9fcb700                  Options.compression_opts.level: 32767
2019/10/17-14:54:05.234916 7fc3a9fcb700               Options.compression_opts.strategy: 0
2019/10/17-14:54:05.234917 7fc3a9fcb700         Options.compression_opts.max_dict_bytes: 0
2019/10/17-14:54:05.234918 7fc3a9fcb700         Options.compression_opts.zstd_max_train_bytes: 0
2019/10/17-14:54:05.234919 7fc3a9fcb700                  Options.compression_opts.enabled: false
2019/10/17-14:54:05.234920 7fc3a9fcb700      Options.level0_file_num_compaction_trigger: 4
2019/10/17-14:54:05.234921 7fc3a9fcb700          Options.level0_slowdown_writes_trigger: 20
2019/10/17-14:54:05.234922 7fc3a9fcb700              Options.level0_stop_writes_trigger: 36
2019/10/17-14:54:05.234923 7fc3a9fcb700                   Options.target_file_size_base: 67108864
2019/10/17-14:54:05.234924 7fc3a9fcb700             Options.target_file_size_multiplier: 1
2019/10/17-14:54:05.234925 7fc3a9fcb700                Options.max_bytes_for_level_base: 268435456
2019/10/17-14:54:05.234926 7fc3a9fcb700 Options.level_compaction_dynamic_level_bytes: 0
2019/10/17-14:54:05.234927 7fc3a9fcb700          Options.max_bytes_for_level_multiplier: 10.000000
2019/10/17-14:54:05.234929 7fc3a9fcb700 Options.max_bytes_for_level_multiplier_addtl[0]: 1
2019/10/17-14:54:05.234930 7fc3a9fcb700 Options.max_bytes_for_level_multiplier_addtl[1]: 1
2019/10/17-14:54:05.234931 7fc3a9fcb700 Options.max_bytes_for_level_multiplier_addtl[2]: 1
2019/10/17-14:54:05.234932 7fc3a9fcb700 Options.max_bytes_for_level_multiplier_addtl[3]: 1
2019/10/17-14:54:05.234933 7fc3a9fcb700 Options.max_bytes_for_level_multiplier_addtl[4]: 1
2019/10/17-14:54:05.234939 7fc3a9fcb700 Options.max_bytes_for_level_multiplier_addtl[5]: 1
2019/10/17-14:54:05.234940 7fc3a9fcb700 Options.max_bytes_for_level_multiplier_addtl[6]: 1
2019/10/17-14:54:05.234941 7fc3a9fcb700       Options.max_sequential_skip_in_iterations: 8
2019/10/17-14:54:05.234942 7fc3a9fcb700                    Options.max_compaction_bytes: 1677721600
2019/10/17-14:54:05.234943 7fc3a9fcb700                        Options.arena_block_size: 8388608
2019/10/17-14:54:05.234944 7fc3a9fcb700   Options.soft_pending_compaction_bytes_limit: 68719476736
2019/10/17-14:54:05.234945 7fc3a9fcb700   Options.hard_pending_compaction_bytes_limit: 274877906944
2019/10/17-14:54:05.234947 7fc3a9fcb700       Options.rate_limit_delay_max_milliseconds: 100
2019/10/17-14:54:05.234948 7fc3a9fcb700                Options.disable_auto_compactions: 0
2019/10/17-14:54:05.234949 7fc3a9fcb700                        Options.compaction_style: kCompactionStyleLevel
2019/10/17-14:54:05.234951 7fc3a9fcb700                          Options.compaction_pri: kByCompensatedSize
2019/10/17-14:54:05.234952 7fc3a9fcb700 Options.compaction_options_universal.size_ratio: 1
2019/10/17-14:54:05.234953 7fc3a9fcb700 Options.compaction_options_universal.min_merge_width: 2
2019/10/17-14:54:05.234954 7fc3a9fcb700 Options.compaction_options_universal.max_merge_width: 4294967295
2019/10/17-14:54:05.234955 7fc3a9fcb700 Options.compaction_options_universal.max_size_amplification_percent: 200
2019/10/17-14:54:05.234956 7fc3a9fcb700 Options.compaction_options_universal.compression_size_percent: -1
2019/10/17-14:54:05.234957 7fc3a9fcb700 Options.compaction_options_universal.stop_style: kCompactionStopStyleTotalSize
2019/10/17-14:54:05.234958 7fc3a9fcb700 Options.compaction_options_fifo.max_table_files_size: 1073741824
2019/10/17-14:54:05.234959 7fc3a9fcb700 Options.compaction_options_fifo.allow_compaction: 0
2019/10/17-14:54:05.234960 7fc3a9fcb700 Options.compaction_options_fifo.ttl: 0
2019/10/17-14:54:05.234961 7fc3a9fcb700                   Options.table_properties_collectors: 
2019/10/17-14:54:05.234962 7fc3a9fcb700                   Options.inplace_update_support: 0
2019/10/17-14:54:05.234963 7fc3a9fcb700                 Options.inplace_update_num_locks: 10000
2019/10/17-14:54:05.234964 7fc3a9fcb700               Options.memtable_prefix_bloom_size_ratio: 0.000000
2019/10/17-14:54:05.234966 7fc3a9fcb700   Options.memtable_huge_page_size: 0
2019/10/17-14:54:05.234967 7fc3a9fcb700                           Options.bloom_locality: 0
2019/10/17-14:54:05.234968 7fc3a9fcb700                    Options.max_successive_merges: 0
2019/10/17-14:54:05.234969 7fc3a9fcb700                Options.optimize_filters_for_hits: 0
2019/10/17-14:54:05.234970 7fc3a9fcb700                Options.paranoid_file_checks: 0
2019/10/17-14:54:05.234971 7fc3a9fcb700                Options.force_consistency_checks: 0
2019/10/17-14:54:05.234972 7fc3a9fcb700                Options.report_bg_io_stats: 0
2019/10/17-14:54:05.234973 7fc3a9fcb700                               Options.ttl: 0
2019/10/17-14:54:05.235009 7fc3a9fcb700 [db/column_family.cc:472] --------------- Options for column family [active_gateways]:
2019/10/17-14:54:05.235011 7fc3a9fcb700               Options.comparator: leveldb.BytewiseComparator
2019/10/17-14:54:05.235012 7fc3a9fcb700           Options.merge_operator: None
2019/10/17-14:54:05.235013 7fc3a9fcb700        Options.compaction_filter: None
2019/10/17-14:54:05.235014 7fc3a9fcb700        Options.compaction_filter_factory: None
2019/10/17-14:54:05.235015 7fc3a9fcb700         Options.memtable_factory: SkipListFactory
2019/10/17-14:54:05.235016 7fc3a9fcb700            Options.table_factory: BlockBasedTable
2019/10/17-14:54:05.235030 7fc3a9fcb700            table_factory options:   flush_block_policy_factory: FlushBlockBySizePolicyFactory (0x7fc3500bcee0)
  cache_index_and_filter_blocks: 0
  cache_index_and_filter_blocks_with_high_priority: 0
  pin_l0_filter_and_index_blocks_in_cache: 0
  pin_top_level_index_and_filter: 1
  index_type: 0
  hash_index_allow_collision: 1
  checksum: 1
  no_block_cache: 0
  block_cache: 0x7fc3500fb980
  block_cache_name: LRUCache
  block_cache_options:
    capacity : 8388608
    num_shard_bits : 4
    strict_capacity_limit : 0
    memory_allocator : None
    high_pri_pool_ratio: 0.000
  block_cache_compressed: (nil)
  persistent_cache: (nil)
  block_size: 4096
  block_size_deviation: 10
  block_restart_interval: 16
  index_block_restart_interval: 1
  metadata_block_size: 4096
  partition_filters: 0
  use_delta_encoding: 1
  filter_policy: nullptr
  whole_key_filtering: 1
  verify_compression: 0
  read_amp_bytes_per_bit: 0
  format_version: 2
  enable_index_compression: 1
  block_align: 0
2019/10/17-14:54:05.235038 7fc3a9fcb700        Options.write_buffer_size: 67108864
2019/10/17-14:54:05.235040 7fc3a9fcb700  Options.max_write_buffer_number: 2
2019/10/17-14:54:05.235041 7fc3a9fcb700          Options.compression: NoCompression
2019/10/17-14:54:05.235042 7fc3a9fcb700                  Options.bottommost_compression: Disabled
2019/10/17-14:54:05.235043 7fc3a9fcb700       Options.prefix_extractor: nullptr
2019/10/17-14:54:05.235044 7fc3a9fcb700   Options.memtable_insert_with_hint_prefix_extractor: nullptr
2019/10/17-14:54:05.235045 7fc3a9fcb700             Options.num_levels: 7
2019/10/17-14:54:05.235046 7fc3a9fcb700        Options.min_write_buffer_number_to_merge: 1
2019/10/17-14:54:05.235047 7fc3a9fcb700     Options.max_write_buffer_number_to_maintain: 0
2019/10/17-14:54:05.235048 7fc3a9fcb700            Options.bottommost_compression_opts.window_bits: -14
2019/10/17-14:54:05.235049 7fc3a9fcb700                  Options.bottommost_compression_opts.level: 32767
2019/10/17-14:54:05.235050 7fc3a9fcb700               Options.bottommost_compression_opts.strategy: 0
2019/10/17-14:54:05.235051 7fc3a9fcb700         Options.bottommost_compression_opts.max_dict_bytes: 0
2019/10/17-14:54:05.235052 7fc3a9fcb700         Options.bottommost_compression_opts.zstd_max_train_bytes: 0
2019/10/17-14:54:05.235053 7fc3a9fcb700                  Options.bottommost_compression_opts.enabled: false
2019/10/17-14:54:05.235054 7fc3a9fcb700            Options.compression_opts.window_bits: -14
2019/10/17-14:54:05.235055 7fc3a9fcb700                  Options.compression_opts.level: 32767
2019/10/17-14:54:05.235056 7fc3a9fcb700               Options.compression_opts.strategy: 0
2019/10/17-14:54:05.235057 7fc3a9fcb700         Options.compression_opts.max_dict_bytes: 0
2019/10/17-14:54:05.235058 7fc3a9fcb700         Options.compression_opts.zstd_max_train_bytes: 0
2019/10/17-14:54:05.235059 7fc3a9fcb700                  Options.compression_opts.enabled: false
2019/10/17-14:54:05.235060 7fc3a9fcb700      Options.level0_file_num_compaction_trigger: 4
2019/10/17-14:54:05.235061 7fc3a9fcb700          Options.level0_slowdown_writes_trigger: 20
2019/10/17-14:54:05.235062 7fc3a9fcb700              Options.level0_stop_writes_trigger: 36
2019/10/17-14:54:05.235063 7fc3a9fcb700                   Options.target_file_size_base: 67108864
2019/10/17-14:54:05.235064 7fc3a9fcb700             Options.target_file_size_multiplier: 1
2019/10/17-14:54:05.235065 7fc3a9fcb700                Options.max_bytes_for_level_base: 268435456
2019/10/17-14:54:05.235066 7fc3a9fcb700 Options.level_compaction_dynamic_level_bytes: 0
2019/10/17-14:54:05.235067 7fc3a9fcb700          Options.max_bytes_for_level_multiplier: 10.000000
2019/10/17-14:54:05.235069 7fc3a9fcb700 Options.max_bytes_for_level_multiplier_addtl[0]: 1
2019/10/17-14:54:05.235070 7fc3a9fcb700 Options.max_bytes_for_level_multiplier_addtl[1]: 1
2019/10/17-14:54:05.235071 7fc3a9fcb700 Options.max_bytes_for_level_multiplier_addtl[2]: 1
2019/10/17-14:54:05.235072 7fc3a9fcb700 Options.max_bytes_for_level_multiplier_addtl[3]: 1
2019/10/17-14:54:05.235073 7fc3a9fcb700 Options.max_bytes_for_level_multiplier_addtl[4]: 1
2019/10/17-14:54:05.235074 7fc3a9fcb700 Options.max_bytes_for_level_multiplier_addtl[5]: 1
2019/10/17-14:54:05.235075 7fc3a9fcb700 Options.max_bytes_for_level_multiplier_addtl[6]: 1
2019/10/17-14:54:05.235076 7fc3a9fcb700       Options.max_sequential_skip_in_iterations: 8
2019/10/17-14:54:05.235082 7fc3a9fcb700                    Options.max_compaction_bytes: 1677721600
2019/10/17-14:54:05.235083 7fc3a9fcb700                        Options.arena_block_size: 8388608
2019/10/17-14:54:05.235084 7fc3a9fcb700   Options.soft_pending_compaction_bytes_limit: 68719476736
2019/10/17-14:54:05.235085 7fc3a9fcb700   Options.hard_pending_compaction_bytes_limit: 274877906944
2019/10/17-14:54:05.235086 7fc3a9fcb700       Options.rate_limit_delay_max_milliseconds: 100
2019/10/17-14:54:05.235087 7fc3a9fcb700                Options.disable_auto_compactions: 0
2019/10/17-14:54:05.235088 7fc3a9fcb700                        Options.compaction_style: kCompactionStyleLevel
2019/10/17-14:54:05.235090 7fc3a9fcb700                          Options.compaction_pri: kByCompensatedSize
2019/10/17-14:54:05.235091 7fc3a9fcb700 Options.compaction_options_universal.size_ratio: 1
2019/10/17-14:54:05.235092 7fc3a9fcb700 Options.compaction_options_universal.min_merge_width: 2
2019/10/17-14:54:05.235093 7fc3a9fcb700 Options.compaction_options_universal.max_merge_width: 4294967295
2019/10/17-14:54:05.235094 7fc3a9fcb700 Options.compaction_options_universal.max_size_amplification_percent: 200
2019/10/17-14:54:05.235095 7fc3a9fcb700 Options.compaction_options_universal.compression_size_percent: -1
2019/10/17-14:54:05.235096 7fc3a9fcb700 Options.compaction_options_universal.stop_style: kCompactionStopStyleTotalSize
2019/10/17-14:54:05.235097 7fc3a9fcb700 Options.compaction_options_fifo.max_table_files_size: 1073741824
2019/10/17-14:54:05.235098 7fc3a9fcb700 Options.compaction_options_fifo.allow_compaction: 0
2019/10/17-14:54:05.235099 7fc3a9fcb700 Options.compaction_options_fifo.ttl: 0
2019/10/17-14:54:05.235100 7fc3a9fcb700                   Options.table_properties_collectors: 
2019/10/17-14:54:05.235101 7fc3a9fcb700                   Options.inplace_update_support: 0
2019/10/17-14:54:05.235102 7fc3a9fcb700                 Options.inplace_update_num_locks: 10000
2019/10/17-14:54:05.235103 7fc3a9fcb700               Options.memtable_prefix_bloom_size_ratio: 0.000000
2019/10/17-14:54:05.235104 7fc3a9fcb700   Options.memtable_huge_page_size: 0
2019/10/17-14:54:05.235105 7fc3a9fcb700                           Options.bloom_locality: 0
2019/10/17-14:54:05.235106 7fc3a9fcb700                    Options.max_successive_merges: 0
2019/10/17-14:54:05.235107 7fc3a9fcb700                Options.optimize_filters_for_hits: 0
2019/10/17-14:54:05.235108 7fc3a9fcb700                Options.paranoid_file_checks: 0
2019/10/17-14:54:05.235109 7fc3a9fcb700                Options.force_consistency_checks: 0
2019/10/17-14:54:05.235110 7fc3a9fcb700                Options.report_bg_io_stats: 0
2019/10/17-14:54:05.235111 7fc3a9fcb700                               Options.ttl: 0
2019/10/17-14:54:05.235131 7fc3a9fcb700 [db/column_family.cc:472] --------------- Options for column family [entries]:
2019/10/17-14:54:05.235133 7fc3a9fcb700               Options.comparator: leveldb.BytewiseComparator
2019/10/17-14:54:05.235134 7fc3a9fcb700           Options.merge_operator: None
2019/10/17-14:54:05.235135 7fc3a9fcb700        Options.compaction_filter: None
2019/10/17-14:54:05.235136 7fc3a9fcb700        Options.compaction_filter_factory: None
2019/10/17-14:54:05.235137 7fc3a9fcb700         Options.memtable_factory: SkipListFactory
2019/10/17-14:54:05.235138 7fc3a9fcb700            Options.table_factory: BlockBasedTable
2019/10/17-14:54:05.235151 7fc3a9fcb700            table_factory options:   flush_block_policy_factory: FlushBlockBySizePolicyFactory (0x7fc3500895e0)
  cache_index_and_filter_blocks: 0
  cache_index_and_filter_blocks_with_high_priority: 0
  pin_l0_filter_and_index_blocks_in_cache: 0
  pin_top_level_index_and_filter: 1
  index_type: 0
  hash_index_allow_collision: 1
  checksum: 1
  no_block_cache: 0
  block_cache: 0x7fc35007ada0
  block_cache_name: LRUCache
  block_cache_options:
    capacity : 8388608
    num_shard_bits : 4
    strict_capacity_limit : 0
    memory_allocator : None
    high_pri_pool_ratio: 0.000
  block_cache_compressed: (nil)
  persistent_cache: (nil)
  block_size: 4096
  block_size_deviation: 10
  block_restart_interval: 16
  index_block_restart_interval: 1
  metadata_block_size: 4096
  partition_filters: 0
  use_delta_encoding: 1
  filter_policy: nullptr
  whole_key_filtering: 1
  verify_compression: 0
  read_amp_bytes_per_bit: 0
  format_version: 2
  enable_index_compression: 1
  block_align: 0
2019/10/17-14:54:05.235159 7fc3a9fcb700        Options.write_buffer_size: 67108864
2019/10/17-14:54:05.235160 7fc3a9fcb700  Options.max_write_buffer_number: 2
2019/10/17-14:54:05.235161 7fc3a9fcb700          Options.compression: NoCompression
2019/10/17-14:54:05.235162 7fc3a9fcb700                  Options.bottommost_compression: Disabled
2019/10/17-14:54:05.235163 7fc3a9fcb700       Options.prefix_extractor: nullptr
2019/10/17-14:54:05.235164 7fc3a9fcb700   Options.memtable_insert_with_hint_prefix_extractor: nullptr
2019/10/17-14:54:05.235165 7fc3a9fcb700             Options.num_levels: 7
2019/10/17-14:54:05.235166 7fc3a9fcb700        Options.min_write_buffer_number_to_merge: 1
2019/10/17-14:54:05.235167 7fc3a9fcb700     Options.max_write_buffer_number_to_maintain: 0
2019/10/17-14:54:05.235168 7fc3a9fcb700            Options.bottommost_compression_opts.window_bits: -14
2019/10/17-14:54:05.235169 7fc3a9fcb700                  Options.bottommost_compression_opts.level: 32767
2019/10/17-14:54:05.235170 7fc3a9fcb700               Options.bottommost_compression_opts.strategy: 0
2019/10/17-14:54:05.235171 7fc3a9fcb700         Options.bottommost_compression_opts.max_dict_bytes: 0
2019/10/17-14:54:05.235172 7fc3a9fcb700         Options.bottommost_compression_opts.zstd_max_train_bytes: 0
2019/10/17-14:54:05.235173 7fc3a9fcb700                  Options.bottommost_compression_opts.enabled: false
2019/10/17-14:54:05.235174 7fc3a9fcb700            Options.compression_opts.window_bits: -14
2019/10/17-14:54:05.235175 7fc3a9fcb700                  Options.compression_opts.level: 32767
2019/10/17-14:54:05.235176 7fc3a9fcb700               Options.compression_opts.strategy: 0
2019/10/17-14:54:05.235177 7fc3a9fcb700         Options.compression_opts.max_dict_bytes: 0
2019/10/17-14:54:05.235178 7fc3a9fcb700         Options.compression_opts.zstd_max_train_bytes: 0
2019/10/17-14:54:05.235179 7fc3a9fcb700                  Options.compression_opts.enabled: false
2019/10/17-14:54:05.235180 7fc3a9fcb700      Options.level0_file_num_compaction_trigger: 4
2019/10/17-14:54:05.235181 7fc3a9fcb700          Options.level0_slowdown_writes_trigger: 20
2019/10/17-14:54:05.235182 7fc3a9fcb700              Options.level0_stop_writes_trigger: 36
2019/10/17-14:54:05.235183 7fc3a9fcb700                   Options.target_file_size_base: 67108864
2019/10/17-14:54:05.235184 7fc3a9fcb700             Options.target_file_size_multiplier: 1
2019/10/17-14:54:05.235185 7fc3a9fcb700                Options.max_bytes_for_level_base: 268435456
2019/10/17-14:54:05.235186 7fc3a9fcb700 Options.level_compaction_dynamic_level_bytes: 0
2019/10/17-14:54:05.235187 7fc3a9fcb700          Options.max_bytes_for_level_multiplier: 10.000000
2019/10/17-14:54:05.235189 7fc3a9fcb700 Options.max_bytes_for_level_multiplier_addtl[0]: 1
2019/10/17-14:54:05.235190 7fc3a9fcb700 Options.max_bytes_for_level_multiplier_addtl[1]: 1
2019/10/17-14:54:05.235191 7fc3a9fcb700 Options.max_bytes_for_level_multiplier_addtl[2]: 1
2019/10/17-14:54:05.235192 7fc3a9fcb700 Options.max_bytes_for_level_multiplier_addtl[3]: 1
2019/10/17-14:54:05.235193 7fc3a9fcb700 Options.max_bytes_for_level_multiplier_addtl[4]: 1
2019/10/17-14:54:05.235194 7fc3a9fcb700 Options.max_bytes_for_level_multiplier_addtl[5]: 1
2019/10/17-14:54:05.235195 7fc3a9fcb700 Options.max_bytes_for_level_multiplier_addtl[6]: 1
2019/10/17-14:54:05.235196 7fc3a9fcb700       Options.max_sequential_skip_in_iterations: 8
2019/10/17-14:54:05.235197 7fc3a9fcb700                    Options.max_compaction_bytes: 1677721600
2019/10/17-14:54:05.235198 7fc3a9fcb700                        Options.arena_block_size: 8388608
2019/10/17-14:54:05.235199 7fc3a9fcb700   Options.soft_pending_compaction_bytes_limit: 68719476736
2019/10/17-14:54:05.235205 7fc3a9fcb700   Options.hard_pending_compaction_bytes_limit: 274877906944
2019/10/17-14:54:05.235206 7fc3a9fcb700       Options.rate_limit_delay_max_milliseconds: 100
2019/10/17-14:54:05.235207 7fc3a9fcb700                Options.disable_auto_compactions: 0
2019/10/17-14:54:05.235208 7fc3a9fcb700                        Options.compaction_style: kCompactionStyleLevel
2019/10/17-14:54:05.235210 7fc3a9fcb700                          Options.compaction_pri: kByCompensatedSize
2019/10/17-14:54:05.235211 7fc3a9fcb700 Options.compaction_options_universal.size_ratio: 1
2019/10/17-14:54:05.235212 7fc3a9fcb700 Options.compaction_options_universal.min_merge_width: 2
2019/10/17-14:54:05.235213 7fc3a9fcb700 Options.compaction_options_universal.max_merge_width: 4294967295
2019/10/17-14:54:05.235214 7fc3a9fcb700 Options.compaction_options_universal.max_size_amplification_percent: 200
2019/10/17-14:54:05.235215 7fc3a9fcb700 Options.compaction_options_universal.compression_size_percent: -1
2019/10/17-14:54:05.235216 7fc3a9fcb700 Options.compaction_options_universal.stop_style: kCompactionStopStyleTotalSize
2019/10/17-14:54:05.235217 7fc3a9fcb700 Options.compaction_options_fifo.max_table_files_size: 1073741824
2019/10/17-14:54:05.235218 7fc3a9fcb700 Options.compaction_options_fifo.allow_compaction: 0
2019/10/17-14:54:05.235219 7fc3a9fcb700 Options.compaction_options_fifo.ttl: 0
2019/10/17-14:54:05.235220 7fc3a9fcb700                   Options.table_properties_collectors: 
2019/10/17-14:54:05.235221 7fc3a9fcb700                   Options.inplace_update_support: 0
2019/10/17-14:54:05.235222 7fc3a9fcb700                 Options.inplace_update_num_locks: 10000
2019/10/17-14:54:05.235223 7fc3a9fcb700               Options.memtable_prefix_bloom_size_ratio: 0.000000
2019/10/17-14:54:05.235224 7fc3a9fcb700   Options.memtable_huge_page_size: 0
2019/10/17-14:54:05.235225 7fc3a9fcb700                           Options.bloom_locality: 0
2019/10/17-14:54:05.235226 7fc3a9fcb700                    Options.max_successive_merges: 0
2019/10/17-14:54:05.235227 7fc3a9fcb700                Options.optimize_filters_for_hits: 0
2019/10/17-14:54:05.235228 7fc3a9fcb700                Options.paranoid_file_checks: 0
2019/10/17-14:54:05.235229 7fc3a9fcb700                Options.force_consistency_checks: 0
2019/10/17-14:54:05.235230 7fc3a9fcb700                Options.report_bg_io_stats: 0
2019/10/17-14:54:05.235231 7fc3a9fcb700                               Options.ttl: 0
2019/10/17-14:54:05.235250 7fc3a9fcb700 [db/column_family.cc:472] --------------- Options for column family [dc_entries]:
2019/10/17-14:54:05.235251 7fc3a9fcb700               Options.comparator: leveldb.BytewiseComparator
2019/10/17-14:54:05.235252 7fc3a9fcb700           Options.merge_operator: None
2019/10/17-14:54:05.235253 7fc3a9fcb700        Options.compaction_filter: None
2019/10/17-14:54:05.235254 7fc3a9fcb700        Options.compaction_filter_factory: None
2019/10/17-14:54:05.235255 7fc3a9fcb700         Options.memtable_factory: SkipListFactory
2019/10/17-14:54:05.235256 7fc3a9fcb700            Options.table_factory: BlockBasedTable
2019/10/17-14:54:05.235269 7fc3a9fcb700            table_factory options:   flush_block_policy_factory: FlushBlockBySizePolicyFactory (0x7fc350069de0)
  cache_index_and_filter_blocks: 0
  cache_index_and_filter_blocks_with_high_priority: 0
  pin_l0_filter_and_index_blocks_in_cache: 0
  pin_top_level_index_and_filter: 1
  index_type: 0
  hash_index_allow_collision: 1
  checksum: 1
  no_block_cache: 0
  block_cache: 0x7fc3500633b0
  block_cache_name: LRUCache
  block_cache_options:
    capacity : 8388608
    num_shard_bits : 4
    strict_capacity_limit : 0
    memory_allocator : None
    high_pri_pool_ratio: 0.000
  block_cache_compressed: (nil)
  persistent_cache: (nil)
  block_size: 4096
  block_size_deviation: 10
  block_restart_interval: 16
  index_block_restart_interval: 1
  metadata_block_size: 4096
  partition_filters: 0
  use_delta_encoding: 1
  filter_policy: nullptr
  whole_key_filtering: 1
  verify_compression: 0
  read_amp_bytes_per_bit: 0
  format_version: 2
  enable_index_compression: 1
  block_align: 0
2019/10/17-14:54:05.235276 7fc3a9fcb700        Options.write_buffer_size: 67108864
2019/10/17-14:54:05.235278 7fc3a9fcb700  Options.max_write_buffer_number: 2
2019/10/17-14:54:05.235279 7fc3a9fcb700          Options.compression: NoCompression
2019/10/17-14:54:05.235280 7fc3a9fcb700                  Options.bottommost_compression: Disabled
2019/10/17-14:54:05.235281 7fc3a9fcb700       Options.prefix_extractor: nullptr
2019/10/17-14:54:05.235282 7fc3a9fcb700   Options.memtable_insert_with_hint_prefix_extractor: nullptr
2019/10/17-14:54:05.235283 7fc3a9fcb700             Options.num_levels: 7
2019/10/17-14:54:05.235284 7fc3a9fcb700        Options.min_write_buffer_number_to_merge: 1
2019/10/17-14:54:05.235285 7fc3a9fcb700     Options.max_write_buffer_number_to_maintain: 0
2019/10/17-14:54:05.235286 7fc3a9fcb700            Options.bottommost_compression_opts.window_bits: -14
2019/10/17-14:54:05.235287 7fc3a9fcb700                  Options.bottommost_compression_opts.level: 32767
2019/10/17-14:54:05.235288 7fc3a9fcb700               Options.bottommost_compression_opts.strategy: 0
2019/10/17-14:54:05.235289 7fc3a9fcb700         Options.bottommost_compression_opts.max_dict_bytes: 0
2019/10/17-14:54:05.235290 7fc3a9fcb700         Options.bottommost_compression_opts.zstd_max_train_bytes: 0
2019/10/17-14:54:05.235291 7fc3a9fcb700                  Options.bottommost_compression_opts.enabled: false
2019/10/17-14:54:05.235292 7fc3a9fcb700            Options.compression_opts.window_bits: -14
2019/10/17-14:54:05.235293 7fc3a9fcb700                  Options.compression_opts.level: 32767
2019/10/17-14:54:05.235294 7fc3a9fcb700               Options.compression_opts.strategy: 0
2019/10/17-14:54:05.235295 7fc3a9fcb700         Options.compression_opts.max_dict_bytes: 0
2019/10/17-14:54:05.235296 7fc3a9fcb700         Options.compression_opts.zstd_max_train_bytes: 0
2019/10/17-14:54:05.235297 7fc3a9fcb700                  Options.compression_opts.enabled: false
2019/10/17-14:54:05.235298 7fc3a9fcb700      Options.level0_file_num_compaction_trigger: 4
2019/10/17-14:54:05.235299 7fc3a9fcb700          Options.level0_slowdown_writes_trigger: 20
2019/10/17-14:54:05.235300 7fc3a9fcb700              Options.level0_stop_writes_trigger: 36
2019/10/17-14:54:05.235301 7fc3a9fcb700                   Options.target_file_size_base: 67108864
2019/10/17-14:54:05.235302 7fc3a9fcb700             Options.target_file_size_multiplier: 1
2019/10/17-14:54:05.235303 7fc3a9fcb700                Options.max_bytes_for_level_base: 268435456
2019/10/17-14:54:05.235304 7fc3a9fcb700 Options.level_compaction_dynamic_level_bytes: 0
2019/10/17-14:54:05.235305 7fc3a9fcb700          Options.max_bytes_for_level_multiplier: 10.000000
2019/10/17-14:54:05.235306 7fc3a9fcb700 Options.max_bytes_for_level_multiplier_addtl[0]: 1
2019/10/17-14:54:05.235308 7fc3a9fcb700 Options.max_bytes_for_level_multiplier_addtl[1]: 1
2019/10/17-14:54:05.235309 7fc3a9fcb700 Options.max_bytes_for_level_multiplier_addtl[2]: 1
2019/10/17-14:54:05.235310 7fc3a9fcb700 Options.max_bytes_for_level_multiplier_addtl[3]: 1
2019/10/17-14:54:05.235311 7fc3a9fcb700 Options.max_bytes_for_level_multiplier_addtl[4]: 1
2019/10/17-14:54:05.235312 7fc3a9fcb700 Options.max_bytes_for_level_multiplier_addtl[5]: 1
2019/10/17-14:54:05.235312 7fc3a9fcb700 Options.max_bytes_for_level_multiplier_addtl[6]: 1
2019/10/17-14:54:05.235313 7fc3a9fcb700       Options.max_sequential_skip_in_iterations: 8
2019/10/17-14:54:05.235314 7fc3a9fcb700                    Options.max_compaction_bytes: 1677721600
2019/10/17-14:54:05.235315 7fc3a9fcb700                        Options.arena_block_size: 8388608
2019/10/17-14:54:05.235316 7fc3a9fcb700   Options.soft_pending_compaction_bytes_limit: 68719476736
2019/10/17-14:54:05.235318 7fc3a9fcb700   Options.hard_pending_compaction_bytes_limit: 274877906944
2019/10/17-14:54:05.235319 7fc3a9fcb700       Options.rate_limit_delay_max_milliseconds: 100
2019/10/17-14:54:05.235320 7fc3a9fcb700                Options.disable_auto_compactions: 0
2019/10/17-14:54:05.235325 7fc3a9fcb700                        Options.compaction_style: kCompactionStyleLevel
2019/10/17-14:54:05.235326 7fc3a9fcb700                          Options.compaction_pri: kByCompensatedSize
2019/10/17-14:54:05.235327 7fc3a9fcb700 Options.compaction_options_universal.size_ratio: 1
2019/10/17-14:54:05.235328 7fc3a9fcb700 Options.compaction_options_universal.min_merge_width: 2
2019/10/17-14:54:05.235329 7fc3a9fcb700 Options.compaction_options_universal.max_merge_width: 4294967295
2019/10/17-14:54:05.235330 7fc3a9fcb700 Options.compaction_options_universal.max_size_amplification_percent: 200
2019/10/17-14:54:05.235331 7fc3a9fcb700 Options.compaction_options_universal.compression_size_percent: -1
2019/10/17-14:54:05.235333 7fc3a9fcb700 Options.compaction_options_universal.stop_style: kCompactionStopStyleTotalSize
2019/10/17-14:54:05.235334 7fc3a9fcb700 Options.compaction_options_fifo.max_table_files_size: 1073741824
2019/10/17-14:54:05.235335 7fc3a9fcb700 Options.compaction_options_fifo.allow_compaction: 0
2019/10/17-14:54:05.235336 7fc3a9fcb700 Options.compaction_options_fifo.ttl: 0
2019/10/17-14:54:05.235337 7fc3a9fcb700                   Options.table_properties_collectors: 
2019/10/17-14:54:05.235338 7fc3a9fcb700                   Options.inplace_update_support: 0
2019/10/17-14:54:05.235339 7fc3a9fcb700                 Options.inplace_update_num_locks: 10000
2019/10/17-14:54:05.235340 7fc3a9fcb700               Options.memtable_prefix_bloom_size_ratio: 0.000000
2019/10/17-14:54:05.235341 7fc3a9fcb700   Options.memtable_huge_page_size: 0
2019/10/17-14:54:05.235342 7fc3a9fcb700                           Options.bloom_locality: 0
2019/10/17-14:54:05.235343 7fc3a9fcb700                    Options.max_successive_merges: 0
2019/10/17-14:54:05.235344 7fc3a9fcb700                Options.optimize_filters_for_hits: 0
2019/10/17-14:54:05.235345 7fc3a9fcb700                Options.paranoid_file_checks: 0
2019/10/17-14:54:05.235346 7fc3a9fcb700                Options.force_consistency_checks: 0
2019/10/17-14:54:05.235347 7fc3a9fcb700                Options.report_bg_io_stats: 0
2019/10/17-14:54:05.235348 7fc3a9fcb700                               Options.ttl: 0
2019/10/17-14:54:05.235364 7fc3a9fcb700 [db/column_family.cc:472] --------------- Options for column family [htlcs]:
2019/10/17-14:54:05.235365 7fc3a9fcb700               Options.comparator: leveldb.BytewiseComparator
2019/10/17-14:54:05.235366 7fc3a9fcb700           Options.merge_operator: None
2019/10/17-14:54:05.235367 7fc3a9fcb700        Options.compaction_filter: None
2019/10/17-14:54:05.235368 7fc3a9fcb700        Options.compaction_filter_factory: None
2019/10/17-14:54:05.235369 7fc3a9fcb700         Options.memtable_factory: SkipListFactory
2019/10/17-14:54:05.235370 7fc3a9fcb700            Options.table_factory: BlockBasedTable
2019/10/17-14:54:05.235382 7fc3a9fcb700            table_factory options:   flush_block_policy_factory: FlushBlockBySizePolicyFactory (0x7fc3500963a0)
