2019/10/17-14:54:03.776973 7fc3a9fcb700 RocksDB version: 5.18.3
2019/10/17-14:54:03.777052 7fc3a9fcb700 Git sha rocksdb_build_git_sha:@0@
2019/10/17-14:54:03.777055 7fc3a9fcb700 Compile date Sep 19 2019
2019/10/17-14:54:03.777058 7fc3a9fcb700 DB SUMMARY
2019/10/17-14:54:03.778219 7fc3a9fcb700 CURRENT file:  CURRENT
2019/10/17-14:54:03.778223 7fc3a9fcb700 IDENTITY file:  IDENTITY
2019/10/17-14:54:03.778282 7fc3a9fcb700 MANIFEST file:  MANIFEST-114616 size: 4114 Bytes
2019/10/17-14:54:03.778285 7fc3a9fcb700 SST files in /home/rahul/dev/blockchain-core/eqc/ledger.db dir, Total Num: 29, files: 000624.sst 000627.sst 106940.sst 108447.sst 108450.sst 109471.sst 109483.sst 109485.sst 109486.sst 
2019/10/17-14:54:03.778288 7fc3a9fcb700 Write Ahead Log file in /home/rahul/dev/blockchain-core/eqc/ledger.db: 114617.log size: 0 ; 
2019/10/17-14:54:03.778343 7fc3a9fcb700                         Options.error_if_exists: 0
2019/10/17-14:54:03.778345 7fc3a9fcb700                       Options.create_if_missing: 1
2019/10/17-14:54:03.778347 7fc3a9fcb700                         Options.paranoid_checks: 1
2019/10/17-14:54:03.778349 7fc3a9fcb700                                     Options.env: 0x7fc32ae1fc60
2019/10/17-14:54:03.778351 7fc3a9fcb700                                Options.info_log: 0x7fc350045d00
2019/10/17-14:54:03.778353 7fc3a9fcb700                Options.max_file_opening_threads: 16
2019/10/17-14:54:03.778354 7fc3a9fcb700                              Options.statistics: (nil)
2019/10/17-14:54:03.778356 7fc3a9fcb700                               Options.use_fsync: 0
2019/10/17-14:54:03.778358 7fc3a9fcb700                       Options.max_log_file_size: 0
2019/10/17-14:54:03.778360 7fc3a9fcb700                  Options.max_manifest_file_size: 1073741824
2019/10/17-14:54:03.778362 7fc3a9fcb700                   Options.log_file_time_to_roll: 0
2019/10/17-14:54:03.778364 7fc3a9fcb700                       Options.keep_log_file_num: 1000
2019/10/17-14:54:03.778365 7fc3a9fcb700                    Options.recycle_log_file_num: 0
2019/10/17-14:54:03.778367 7fc3a9fcb700                         Options.allow_fallocate: 1
2019/10/17-14:54:03.778369 7fc3a9fcb700                        Options.allow_mmap_reads: 0
2019/10/17-14:54:03.778370 7fc3a9fcb700                       Options.allow_mmap_writes: 0
2019/10/17-14:54:03.778372 7fc3a9fcb700                        Options.use_direct_reads: 0
2019/10/17-14:54:03.778374 7fc3a9fcb700                        Options.use_direct_io_for_flush_and_compaction: 0
2019/10/17-14:54:03.778375 7fc3a9fcb700          Options.create_missing_column_families: 0
2019/10/17-14:54:03.778377 7fc3a9fcb700                              Options.db_log_dir: 
2019/10/17-14:54:03.778379 7fc3a9fcb700                                 Options.wal_dir: /home/rahul/dev/blockchain-core/eqc/ledger.db
2019/10/17-14:54:03.778380 7fc3a9fcb700                Options.table_cache_numshardbits: 6
2019/10/17-14:54:03.778382 7fc3a9fcb700                      Options.max_subcompactions: 1
2019/10/17-14:54:03.778384 7fc3a9fcb700                  Options.max_background_flushes: -1
2019/10/17-14:54:03.778386 7fc3a9fcb700                         Options.WAL_ttl_seconds: 0
2019/10/17-14:54:03.778387 7fc3a9fcb700                       Options.WAL_size_limit_MB: 0
2019/10/17-14:54:03.778389 7fc3a9fcb700             Options.manifest_preallocation_size: 4194304
2019/10/17-14:54:03.778391 7fc3a9fcb700                     Options.is_fd_close_on_exec: 1
2019/10/17-14:54:03.778392 7fc3a9fcb700                   Options.advise_random_on_open: 1
2019/10/17-14:54:03.778394 7fc3a9fcb700                    Options.db_write_buffer_size: 0
2019/10/17-14:54:03.778396 7fc3a9fcb700                    Options.write_buffer_manager: 0x7fc350047900
2019/10/17-14:54:03.778397 7fc3a9fcb700         Options.access_hint_on_compaction_start: 1
2019/10/17-14:54:03.778399 7fc3a9fcb700  Options.new_table_reader_for_compaction_inputs: 0
2019/10/17-14:54:03.778401 7fc3a9fcb700           Options.random_access_max_buffer_size: 1048576
2019/10/17-14:54:03.778402 7fc3a9fcb700                      Options.use_adaptive_mutex: 0
2019/10/17-14:54:03.778404 7fc3a9fcb700                            Options.rate_limiter: (nil)
2019/10/17-14:54:03.778420 7fc3a9fcb700     Options.sst_file_manager.rate_bytes_per_sec: 0
2019/10/17-14:54:03.778422 7fc3a9fcb700                       Options.wal_recovery_mode: 2
2019/10/17-14:54:03.778424 7fc3a9fcb700                  Options.enable_thread_tracking: 0
2019/10/17-14:54:03.778426 7fc3a9fcb700                  Options.enable_pipelined_write: 0
2019/10/17-14:54:03.778427 7fc3a9fcb700         Options.allow_concurrent_memtable_write: 1
2019/10/17-14:54:03.778429 7fc3a9fcb700      Options.enable_write_thread_adaptive_yield: 1
2019/10/17-14:54:03.778430 7fc3a9fcb700             Options.write_thread_max_yield_usec: 100
2019/10/17-14:54:03.778432 7fc3a9fcb700            Options.write_thread_slow_yield_usec: 3
2019/10/17-14:54:03.778434 7fc3a9fcb700                               Options.row_cache: None
2019/10/17-14:54:03.778435 7fc3a9fcb700                              Options.wal_filter: None
2019/10/17-14:54:03.778437 7fc3a9fcb700             Options.avoid_flush_during_recovery: 0
2019/10/17-14:54:03.778438 7fc3a9fcb700             Options.allow_ingest_behind: 0
2019/10/17-14:54:03.778440 7fc3a9fcb700             Options.preserve_deletes: 0
2019/10/17-14:54:03.778442 7fc3a9fcb700             Options.two_write_queues: 0
2019/10/17-14:54:03.778443 7fc3a9fcb700             Options.manual_wal_flush: 0
2019/10/17-14:54:03.778445 7fc3a9fcb700             Options.max_background_jobs: 2
2019/10/17-14:54:03.778446 7fc3a9fcb700             Options.max_background_compactions: -1
2019/10/17-14:54:03.778448 7fc3a9fcb700             Options.avoid_flush_during_shutdown: 0
2019/10/17-14:54:03.778450 7fc3a9fcb700           Options.writable_file_max_buffer_size: 1048576
2019/10/17-14:54:03.778452 7fc3a9fcb700             Options.delayed_write_rate : 16777216
2019/10/17-14:54:03.778453 7fc3a9fcb700             Options.max_total_wal_size: 0
2019/10/17-14:54:03.778455 7fc3a9fcb700             Options.delete_obsolete_files_period_micros: 21600000000
2019/10/17-14:54:03.778457 7fc3a9fcb700                   Options.stats_dump_period_sec: 600
2019/10/17-14:54:03.778458 7fc3a9fcb700                          Options.max_open_files: -1
2019/10/17-14:54:03.778460 7fc3a9fcb700                          Options.bytes_per_sync: 0
2019/10/17-14:54:03.778461 7fc3a9fcb700                      Options.wal_bytes_per_sync: 0
2019/10/17-14:54:03.778463 7fc3a9fcb700       Options.compaction_readahead_size: 0
2019/10/17-14:54:03.778465 7fc3a9fcb700 Compression algorithms supported:
2019/10/17-14:54:03.778467 7fc3a9fcb700 	kZSTDNotFinalCompression supported: 0
2019/10/17-14:54:03.778469 7fc3a9fcb700 	kZSTD supported: 0
2019/10/17-14:54:03.778470 7fc3a9fcb700 	kXpressCompression supported: 0
2019/10/17-14:54:03.778472 7fc3a9fcb700 	kLZ4HCCompression supported: 0
2019/10/17-14:54:03.778473 7fc3a9fcb700 	kLZ4Compression supported: 0
2019/10/17-14:54:03.778475 7fc3a9fcb700 	kBZip2Compression supported: 0
2019/10/17-14:54:03.778476 7fc3a9fcb700 	kZlibCompression supported: 0
2019/10/17-14:54:03.778478 7fc3a9fcb700 	kSnappyCompression supported: 0
2019/10/17-14:54:03.778482 7fc3a9fcb700 Fast CRC32 supported: Supported on x86
2019/10/17-14:54:03.778632 7fc3a9fcb700 [db/version_set.cc:3507] Recovering from manifest file: MANIFEST-114616
2019/10/17-14:54:03.778688 7fc3a9fcb700 [db/column_family.cc:472] --------------- Options for column family [default]:
2019/10/17-14:54:03.778691 7fc3a9fcb700               Options.comparator: leveldb.BytewiseComparator
2019/10/17-14:54:03.778693 7fc3a9fcb700           Options.merge_operator: None
2019/10/17-14:54:03.778695 7fc3a9fcb700        Options.compaction_filter: None
2019/10/17-14:54:03.778697 7fc3a9fcb700        Options.compaction_filter_factory: None
2019/10/17-14:54:03.778699 7fc3a9fcb700         Options.memtable_factory: SkipListFactory
2019/10/17-14:54:03.778700 7fc3a9fcb700            Options.table_factory: BlockBasedTable
2019/10/17-14:54:03.778725 7fc3a9fcb700            table_factory options:   flush_block_policy_factory: FlushBlockBySizePolicyFactory (0x7fc350076230)
  cache_index_and_filter_blocks: 0
  cache_index_and_filter_blocks_with_high_priority: 0
  pin_l0_filter_and_index_blocks_in_cache: 0
  pin_top_level_index_and_filter: 1
  index_type: 0
  hash_index_allow_collision: 1
  checksum: 1
  no_block_cache: 0
  block_cache: 0x7fc3500f11a0
  block_cache_name: LRUCache
  block_cache_options:
    capacity : 8388608
    num_shard_bits : 4
    strict_capacity_limit : 0
    memory_allocator : None
    high_pri_pool_ratio: 0.000
  block_cache_compressed: (nil)
  persistent_cache: (nil)
  block_size: 4096
  block_size_deviation: 10
  block_restart_interval: 16
  index_block_restart_interval: 1
  metadata_block_size: 4096
  partition_filters: 0
  use_delta_encoding: 1
  filter_policy: nullptr
  whole_key_filtering: 1
  verify_compression: 0
  read_amp_bytes_per_bit: 0
  format_version: 2
  enable_index_compression: 1
  block_align: 0
2019/10/17-14:54:03.778740 7fc3a9fcb700        Options.write_buffer_size: 67108864
2019/10/17-14:54:03.778743 7fc3a9fcb700  Options.max_write_buffer_number: 2
2019/10/17-14:54:03.778744 7fc3a9fcb700          Options.compression: NoCompression
2019/10/17-14:54:03.778746 7fc3a9fcb700                  Options.bottommost_compression: Disabled
2019/10/17-14:54:03.778748 7fc3a9fcb700       Options.prefix_extractor: nullptr
2019/10/17-14:54:03.778750 7fc3a9fcb700   Options.memtable_insert_with_hint_prefix_extractor: nullptr
2019/10/17-14:54:03.778751 7fc3a9fcb700             Options.num_levels: 7
2019/10/17-14:54:03.778753 7fc3a9fcb700        Options.min_write_buffer_number_to_merge: 1
2019/10/17-14:54:03.778754 7fc3a9fcb700     Options.max_write_buffer_number_to_maintain: 0
2019/10/17-14:54:03.778756 7fc3a9fcb700            Options.bottommost_compression_opts.window_bits: -14
2019/10/17-14:54:03.778758 7fc3a9fcb700                  Options.bottommost_compression_opts.level: 32767
2019/10/17-14:54:03.778760 7fc3a9fcb700               Options.bottommost_compression_opts.strategy: 0
2019/10/17-14:54:03.778761 7fc3a9fcb700         Options.bottommost_compression_opts.max_dict_bytes: 0
2019/10/17-14:54:03.778763 7fc3a9fcb700         Options.bottommost_compression_opts.zstd_max_train_bytes: 0
2019/10/17-14:54:03.778765 7fc3a9fcb700                  Options.bottommost_compression_opts.enabled: false
2019/10/17-14:54:03.778766 7fc3a9fcb700            Options.compression_opts.window_bits: -14
2019/10/17-14:54:03.778768 7fc3a9fcb700                  Options.compression_opts.level: 32767
2019/10/17-14:54:03.778770 7fc3a9fcb700               Options.compression_opts.strategy: 0
2019/10/17-14:54:03.778771 7fc3a9fcb700         Options.compression_opts.max_dict_bytes: 0
2019/10/17-14:54:03.778773 7fc3a9fcb700         Options.compression_opts.zstd_max_train_bytes: 0
2019/10/17-14:54:03.778775 7fc3a9fcb700                  Options.compression_opts.enabled: false
2019/10/17-14:54:03.778776 7fc3a9fcb700      Options.level0_file_num_compaction_trigger: 4
2019/10/17-14:54:03.778778 7fc3a9fcb700          Options.level0_slowdown_writes_trigger: 20
2019/10/17-14:54:03.778780 7fc3a9fcb700              Options.level0_stop_writes_trigger: 36
2019/10/17-14:54:03.778781 7fc3a9fcb700                   Options.target_file_size_base: 67108864
2019/10/17-14:54:03.778783 7fc3a9fcb700             Options.target_file_size_multiplier: 1
2019/10/17-14:54:03.778785 7fc3a9fcb700                Options.max_bytes_for_level_base: 268435456
2019/10/17-14:54:03.778787 7fc3a9fcb700 Options.level_compaction_dynamic_level_bytes: 0
2019/10/17-14:54:03.778788 7fc3a9fcb700          Options.max_bytes_for_level_multiplier: 10.000000
2019/10/17-14:54:03.778792 7fc3a9fcb700 Options.max_bytes_for_level_multiplier_addtl[0]: 1
2019/10/17-14:54:03.778794 7fc3a9fcb700 Options.max_bytes_for_level_multiplier_addtl[1]: 1
2019/10/17-14:54:03.778796 7fc3a9fcb700 Options.max_bytes_for_level_multiplier_addtl[2]: 1
2019/10/17-14:54:03.778797 7fc3a9fcb700 Options.max_bytes_for_level_multiplier_addtl[3]: 1
2019/10/17-14:54:03.778799 7fc3a9fcb700 Options.max_bytes_for_level_multiplier_addtl[4]: 1
2019/10/17-14:54:03.778809 7fc3a9fcb700 Options.max_bytes_for_level_multiplier_addtl[5]: 1
2019/10/17-14:54:03.778811 7fc3a9fcb700 Options.max_bytes_for_level_multiplier_addtl[6]: 1
2019/10/17-14:54:03.778813 7fc3a9fcb700       Options.max_sequential_skip_in_iterations: 8
2019/10/17-14:54:03.778814 7fc3a9fcb700                    Options.max_compaction_bytes: 1677721600
2019/10/17-14:54:03.778815 7fc3a9fcb700                        Options.arena_block_size: 8388608
2019/10/17-14:54:03.778817 7fc3a9fcb700   Options.soft_pending_compaction_bytes_limit: 68719476736
2019/10/17-14:54:03.778819 7fc3a9fcb700   Options.hard_pending_compaction_bytes_limit: 274877906944
2019/10/17-14:54:03.778820 7fc3a9fcb700       Options.rate_limit_delay_max_milliseconds: 100
2019/10/17-14:54:03.778822 7fc3a9fcb700                Options.disable_auto_compactions: 0
2019/10/17-14:54:03.778824 7fc3a9fcb700                        Options.compaction_style: kCompactionStyleLevel
2019/10/17-14:54:03.778827 7fc3a9fcb700                          Options.compaction_pri: kByCompensatedSize
2019/10/17-14:54:03.778829 7fc3a9fcb700 Options.compaction_options_universal.size_ratio: 1
2019/10/17-14:54:03.778830 7fc3a9fcb700 Options.compaction_options_universal.min_merge_width: 2
2019/10/17-14:54:03.778832 7fc3a9fcb700 Options.compaction_options_universal.max_merge_width: 4294967295
2019/10/17-14:54:03.778834 7fc3a9fcb700 Options.compaction_options_universal.max_size_amplification_percent: 200
2019/10/17-14:54:03.778836 7fc3a9fcb700 Options.compaction_options_universal.compression_size_percent: -1
2019/10/17-14:54:03.778838 7fc3a9fcb700 Options.compaction_options_universal.stop_style: kCompactionStopStyleTotalSize
2019/10/17-14:54:03.778840 7fc3a9fcb700 Options.compaction_options_fifo.max_table_files_size: 1073741824
2019/10/17-14:54:03.778841 7fc3a9fcb700 Options.compaction_options_fifo.allow_compaction: 0
2019/10/17-14:54:03.778843 7fc3a9fcb700 Options.compaction_options_fifo.ttl: 0
2019/10/17-14:54:03.778845 7fc3a9fcb700                   Options.table_properties_collectors: 
2019/10/17-14:54:03.778847 7fc3a9fcb700                   Options.inplace_update_support: 0
2019/10/17-14:54:03.778848 7fc3a9fcb700                 Options.inplace_update_num_locks: 10000
2019/10/17-14:54:03.778850 7fc3a9fcb700               Options.memtable_prefix_bloom_size_ratio: 0.000000
2019/10/17-14:54:03.778853 7fc3a9fcb700   Options.memtable_huge_page_size: 0
2019/10/17-14:54:03.778854 7fc3a9fcb700                           Options.bloom_locality: 0
2019/10/17-14:54:03.778856 7fc3a9fcb700                    Options.max_successive_merges: 0
2019/10/17-14:54:03.778858 7fc3a9fcb700                Options.optimize_filters_for_hits: 0
2019/10/17-14:54:03.778859 7fc3a9fcb700                Options.paranoid_file_checks: 0
2019/10/17-14:54:03.778861 7fc3a9fcb700                Options.force_consistency_checks: 0
2019/10/17-14:54:03.778863 7fc3a9fcb700                Options.report_bg_io_stats: 0
2019/10/17-14:54:03.778864 7fc3a9fcb700                               Options.ttl: 0
2019/10/17-14:54:03.778908 7fc3a9fcb700 [db/column_family.cc:472] --------------- Options for column family [active_gateways]:
2019/10/17-14:54:03.778911 7fc3a9fcb700               Options.comparator: leveldb.BytewiseComparator
2019/10/17-14:54:03.778913 7fc3a9fcb700           Options.merge_operator: None
2019/10/17-14:54:03.778914 7fc3a9fcb700        Options.compaction_filter: None
2019/10/17-14:54:03.778916 7fc3a9fcb700        Options.compaction_filter_factory: None
2019/10/17-14:54:03.778918 7fc3a9fcb700         Options.memtable_factory: SkipListFactory
2019/10/17-14:54:03.778920 7fc3a9fcb700            Options.table_factory: BlockBasedTable
2019/10/17-14:54:03.778941 7fc3a9fcb700            table_factory options:   flush_block_policy_factory: FlushBlockBySizePolicyFactory (0x7fc350042c20)
  cache_index_and_filter_blocks: 0
  cache_index_and_filter_blocks_with_high_priority: 0
  pin_l0_filter_and_index_blocks_in_cache: 0
  pin_top_level_index_and_filter: 1
  index_type: 0
  hash_index_allow_collision: 1
  checksum: 1
  no_block_cache: 0
  block_cache: 0x7fc35009ab90
  block_cache_name: LRUCache
  block_cache_options:
    capacity : 8388608
    num_shard_bits : 4
    strict_capacity_limit : 0
    memory_allocator : None
    high_pri_pool_ratio: 0.000
  block_cache_compressed: (nil)
  persistent_cache: (nil)
  block_size: 4096
  block_size_deviation: 10
  block_restart_interval: 16
  index_block_restart_interval: 1
  metadata_block_size: 4096
  partition_filters: 0
  use_delta_encoding: 1
  filter_policy: nullptr
  whole_key_filtering: 1
  verify_compression: 0
  read_amp_bytes_per_bit: 0
  format_version: 2
  enable_index_compression: 1
  block_align: 0
2019/10/17-14:54:03.778954 7fc3a9fcb700        Options.write_buffer_size: 67108864
2019/10/17-14:54:03.778956 7fc3a9fcb700  Options.max_write_buffer_number: 2
2019/10/17-14:54:03.778958 7fc3a9fcb700          Options.compression: NoCompression
2019/10/17-14:54:03.778959 7fc3a9fcb700                  Options.bottommost_compression: Disabled
2019/10/17-14:54:03.778961 7fc3a9fcb700       Options.prefix_extractor: nullptr
2019/10/17-14:54:03.778963 7fc3a9fcb700   Options.memtable_insert_with_hint_prefix_extractor: nullptr
2019/10/17-14:54:03.778965 7fc3a9fcb700             Options.num_levels: 7
2019/10/17-14:54:03.778966 7fc3a9fcb700        Options.min_write_buffer_number_to_merge: 1
2019/10/17-14:54:03.778968 7fc3a9fcb700     Options.max_write_buffer_number_to_maintain: 0
2019/10/17-14:54:03.778970 7fc3a9fcb700            Options.bottommost_compression_opts.window_bits: -14
2019/10/17-14:54:03.778972 7fc3a9fcb700                  Options.bottommost_compression_opts.level: 32767
2019/10/17-14:54:03.778973 7fc3a9fcb700               Options.bottommost_compression_opts.strategy: 0
2019/10/17-14:54:03.778975 7fc3a9fcb700         Options.bottommost_compression_opts.max_dict_bytes: 0
2019/10/17-14:54:03.778977 7fc3a9fcb700         Options.bottommost_compression_opts.zstd_max_train_bytes: 0
2019/10/17-14:54:03.778979 7fc3a9fcb700                  Options.bottommost_compression_opts.enabled: false
2019/10/17-14:54:03.778981 7fc3a9fcb700            Options.compression_opts.window_bits: -14
2019/10/17-14:54:03.778982 7fc3a9fcb700                  Options.compression_opts.level: 32767
2019/10/17-14:54:03.778984 7fc3a9fcb700               Options.compression_opts.strategy: 0
2019/10/17-14:54:03.778986 7fc3a9fcb700         Options.compression_opts.max_dict_bytes: 0
2019/10/17-14:54:03.778988 7fc3a9fcb700         Options.compression_opts.zstd_max_train_bytes: 0
2019/10/17-14:54:03.778989 7fc3a9fcb700                  Options.compression_opts.enabled: false
2019/10/17-14:54:03.778991 7fc3a9fcb700      Options.level0_file_num_compaction_trigger: 4
2019/10/17-14:54:03.778993 7fc3a9fcb700          Options.level0_slowdown_writes_trigger: 20
2019/10/17-14:54:03.778994 7fc3a9fcb700              Options.level0_stop_writes_trigger: 36
2019/10/17-14:54:03.778996 7fc3a9fcb700                   Options.target_file_size_base: 67108864
2019/10/17-14:54:03.778998 7fc3a9fcb700             Options.target_file_size_multiplier: 1
2019/10/17-14:54:03.779000 7fc3a9fcb700                Options.max_bytes_for_level_base: 268435456
2019/10/17-14:54:03.779002 7fc3a9fcb700 Options.level_compaction_dynamic_level_bytes: 0
2019/10/17-14:54:03.779003 7fc3a9fcb700          Options.max_bytes_for_level_multiplier: 10.000000
2019/10/17-14:54:03.779006 7fc3a9fcb700 Options.max_bytes_for_level_multiplier_addtl[0]: 1
2019/10/17-14:54:03.779008 7fc3a9fcb700 Options.max_bytes_for_level_multiplier_addtl[1]: 1
2019/10/17-14:54:03.779010 7fc3a9fcb700 Options.max_bytes_for_level_multiplier_addtl[2]: 1
2019/10/17-14:54:03.779012 7fc3a9fcb700 Options.max_bytes_for_level_multiplier_addtl[3]: 1
2019/10/17-14:54:03.779014 7fc3a9fcb700 Options.max_bytes_for_level_multiplier_addtl[4]: 1
2019/10/17-14:54:03.779015 7fc3a9fcb700 Options.max_bytes_for_level_multiplier_addtl[5]: 1
2019/10/17-14:54:03.779017 7fc3a9fcb700 Options.max_bytes_for_level_multiplier_addtl[6]: 1
2019/10/17-14:54:03.779019 7fc3a9fcb700       Options.max_sequential_skip_in_iterations: 8
2019/10/17-14:54:03.779027 7fc3a9fcb700                    Options.max_compaction_bytes: 1677721600
2019/10/17-14:54:03.779029 7fc3a9fcb700                        Options.arena_block_size: 8388608
2019/10/17-14:54:03.779031 7fc3a9fcb700   Options.soft_pending_compaction_bytes_limit: 68719476736
2019/10/17-14:54:03.779033 7fc3a9fcb700   Options.hard_pending_compaction_bytes_limit: 274877906944
2019/10/17-14:54:03.779034 7fc3a9fcb700       Options.rate_limit_delay_max_milliseconds: 100
2019/10/17-14:54:03.779036 7fc3a9fcb700                Options.disable_auto_compactions: 0
2019/10/17-14:54:03.779038 7fc3a9fcb700                        Options.compaction_style: kCompactionStyleLevel
2019/10/17-14:54:03.779040 7fc3a9fcb700                          Options.compaction_pri: kByCompensatedSize
2019/10/17-14:54:03.779042 7fc3a9fcb700 Options.compaction_options_universal.size_ratio: 1
2019/10/17-14:54:03.779043 7fc3a9fcb700 Options.compaction_options_universal.min_merge_width: 2
2019/10/17-14:54:03.779045 7fc3a9fcb700 Options.compaction_options_universal.max_merge_width: 4294967295
2019/10/17-14:54:03.779047 7fc3a9fcb700 Options.compaction_options_universal.max_size_amplification_percent: 200
2019/10/17-14:54:03.779049 7fc3a9fcb700 Options.compaction_options_universal.compression_size_percent: -1
2019/10/17-14:54:03.779051 7fc3a9fcb700 Options.compaction_options_universal.stop_style: kCompactionStopStyleTotalSize
2019/10/17-14:54:03.779052 7fc3a9fcb700 Options.compaction_options_fifo.max_table_files_size: 1073741824
2019/10/17-14:54:03.779054 7fc3a9fcb700 Options.compaction_options_fifo.allow_compaction: 0
2019/10/17-14:54:03.779056 7fc3a9fcb700 Options.compaction_options_fifo.ttl: 0
2019/10/17-14:54:03.779057 7fc3a9fcb700                   Options.table_properties_collectors: 
2019/10/17-14:54:03.779059 7fc3a9fcb700                   Options.inplace_update_support: 0
2019/10/17-14:54:03.779061 7fc3a9fcb700                 Options.inplace_update_num_locks: 10000
2019/10/17-14:54:03.779063 7fc3a9fcb700               Options.memtable_prefix_bloom_size_ratio: 0.000000
2019/10/17-14:54:03.779065 7fc3a9fcb700   Options.memtable_huge_page_size: 0
2019/10/17-14:54:03.779067 7fc3a9fcb700                           Options.bloom_locality: 0
2019/10/17-14:54:03.779069 7fc3a9fcb700                    Options.max_successive_merges: 0
2019/10/17-14:54:03.779071 7fc3a9fcb700                Options.optimize_filters_for_hits: 0
2019/10/17-14:54:03.779072 7fc3a9fcb700                Options.paranoid_file_checks: 0
2019/10/17-14:54:03.779074 7fc3a9fcb700                Options.force_consistency_checks: 0
2019/10/17-14:54:03.779076 7fc3a9fcb700                Options.report_bg_io_stats: 0
2019/10/17-14:54:03.779078 7fc3a9fcb700                               Options.ttl: 0
2019/10/17-14:54:03.779107 7fc3a9fcb700 [db/column_family.cc:472] --------------- Options for column family [entries]:
2019/10/17-14:54:03.779110 7fc3a9fcb700               Options.comparator: leveldb.BytewiseComparator
2019/10/17-14:54:03.779112 7fc3a9fcb700           Options.merge_operator: None
2019/10/17-14:54:03.779114 7fc3a9fcb700        Options.compaction_filter: None
2019/10/17-14:54:03.779115 7fc3a9fcb700        Options.compaction_filter_factory: None
2019/10/17-14:54:03.779117 7fc3a9fcb700         Options.memtable_factory: SkipListFactory
2019/10/17-14:54:03.779119 7fc3a9fcb700            Options.table_factory: BlockBasedTable
2019/10/17-14:54:03.779139 7fc3a9fcb700            table_factory options:   flush_block_policy_factory: FlushBlockBySizePolicyFactory (0x7fc350103770)
  cache_index_and_filter_blocks: 0
  cache_index_and_filter_blocks_with_high_priority: 0
  pin_l0_filter_and_index_blocks_in_cache: 0
  pin_top_level_index_and_filter: 1
  index_type: 0
  hash_index_allow_collision: 1
  checksum: 1
  no_block_cache: 0
  block_cache: 0x7fc35006f780
  block_cache_name: LRUCache
  block_cache_options:
    capacity : 8388608
    num_shard_bits : 4
    strict_capacity_limit : 0
    memory_allocator : None
    high_pri_pool_ratio: 0.000
  block_cache_compressed: (nil)
  persistent_cache: (nil)
  block_size: 4096
  block_size_deviation: 10
  block_restart_interval: 16
  index_block_restart_interval: 1
  metadata_block_size: 4096
  partition_filters: 0
  use_delta_encoding: 1
  filter_policy: nullptr
  whole_key_filtering: 1
  verify_compression: 0
  read_amp_bytes_per_bit: 0
  format_version: 2
  enable_index_compression: 1
  block_align: 0
2019/10/17-14:54:03.779152 7fc3a9fcb700        Options.write_buffer_size: 67108864
2019/10/17-14:54:03.779154 7fc3a9fcb700  Options.max_write_buffer_number: 2
2019/10/17-14:54:03.779156 7fc3a9fcb700          Options.compression: NoCompression
2019/10/17-14:54:03.779157 7fc3a9fcb700                  Options.bottommost_compression: Disabled
2019/10/17-14:54:03.779159 7fc3a9fcb700       Options.prefix_extractor: nullptr
2019/10/17-14:54:03.779160 7fc3a9fcb700   Options.memtable_insert_with_hint_prefix_extractor: nullptr
2019/10/17-14:54:03.779162 7fc3a9fcb700             Options.num_levels: 7
2019/10/17-14:54:03.779164 7fc3a9fcb700        Options.min_write_buffer_number_to_merge: 1
2019/10/17-14:54:03.779165 7fc3a9fcb700     Options.max_write_buffer_number_to_maintain: 0
2019/10/17-14:54:03.779167 7fc3a9fcb700            Options.bottommost_compression_opts.window_bits: -14
2019/10/17-14:54:03.779168 7fc3a9fcb700                  Options.bottommost_compression_opts.level: 32767
2019/10/17-14:54:03.779170 7fc3a9fcb700               Options.bottommost_compression_opts.strategy: 0
2019/10/17-14:54:03.779172 7fc3a9fcb700         Options.bottommost_compression_opts.max_dict_bytes: 0
2019/10/17-14:54:03.779174 7fc3a9fcb700         Options.bottommost_compression_opts.zstd_max_train_bytes: 0
2019/10/17-14:54:03.779175 7fc3a9fcb700                  Options.bottommost_compression_opts.enabled: false
2019/10/17-14:54:03.779177 7fc3a9fcb700            Options.compression_opts.window_bits: -14
2019/10/17-14:54:03.779179 7fc3a9fcb700                  Options.compression_opts.level: 32767
2019/10/17-14:54:03.779181 7fc3a9fcb700               Options.compression_opts.strategy: 0
2019/10/17-14:54:03.779182 7fc3a9fcb700         Options.compression_opts.max_dict_bytes: 0
2019/10/17-14:54:03.779184 7fc3a9fcb700         Options.compression_opts.zstd_max_train_bytes: 0
2019/10/17-14:54:03.779186 7fc3a9fcb700                  Options.compression_opts.enabled: false
2019/10/17-14:54:03.779187 7fc3a9fcb700      Options.level0_file_num_compaction_trigger: 4
2019/10/17-14:54:03.779189 7fc3a9fcb700          Options.level0_slowdown_writes_trigger: 20
2019/10/17-14:54:03.779190 7fc3a9fcb700              Options.level0_stop_writes_trigger: 36
2019/10/17-14:54:03.779192 7fc3a9fcb700                   Options.target_file_size_base: 67108864
2019/10/17-14:54:03.779194 7fc3a9fcb700             Options.target_file_size_multiplier: 1
2019/10/17-14:54:03.779195 7fc3a9fcb700                Options.max_bytes_for_level_base: 268435456
2019/10/17-14:54:03.779197 7fc3a9fcb700 Options.level_compaction_dynamic_level_bytes: 0
2019/10/17-14:54:03.779199 7fc3a9fcb700          Options.max_bytes_for_level_multiplier: 10.000000
2019/10/17-14:54:03.779201 7fc3a9fcb700 Options.max_bytes_for_level_multiplier_addtl[0]: 1
2019/10/17-14:54:03.779203 7fc3a9fcb700 Options.max_bytes_for_level_multiplier_addtl[1]: 1
2019/10/17-14:54:03.779205 7fc3a9fcb700 Options.max_bytes_for_level_multiplier_addtl[2]: 1
2019/10/17-14:54:03.779207 7fc3a9fcb700 Options.max_bytes_for_level_multiplier_addtl[3]: 1
2019/10/17-14:54:03.779208 7fc3a9fcb700 Options.max_bytes_for_level_multiplier_addtl[4]: 1
2019/10/17-14:54:03.779210 7fc3a9fcb700 Options.max_bytes_for_level_multiplier_addtl[5]: 1
2019/10/17-14:54:03.779212 7fc3a9fcb700 Options.max_bytes_for_level_multiplier_addtl[6]: 1
2019/10/17-14:54:03.779213 7fc3a9fcb700       Options.max_sequential_skip_in_iterations: 8
2019/10/17-14:54:03.779215 7fc3a9fcb700                    Options.max_compaction_bytes: 1677721600
2019/10/17-14:54:03.779217 7fc3a9fcb700                        Options.arena_block_size: 8388608
2019/10/17-14:54:03.779219 7fc3a9fcb700   Options.soft_pending_compaction_bytes_limit: 68719476736
2019/10/17-14:54:03.779228 7fc3a9fcb700   Options.hard_pending_compaction_bytes_limit: 274877906944
2019/10/17-14:54:03.779230 7fc3a9fcb700       Options.rate_limit_delay_max_milliseconds: 100
2019/10/17-14:54:03.779232 7fc3a9fcb700                Options.disable_auto_compactions: 0
2019/10/17-14:54:03.779234 7fc3a9fcb700                        Options.compaction_style: kCompactionStyleLevel
2019/10/17-14:54:03.779236 7fc3a9fcb700                          Options.compaction_pri: kByCompensatedSize
2019/10/17-14:54:03.779238 7fc3a9fcb700 Options.compaction_options_universal.size_ratio: 1
2019/10/17-14:54:03.779239 7fc3a9fcb700 Options.compaction_options_universal.min_merge_width: 2
2019/10/17-14:54:03.779241 7fc3a9fcb700 Options.compaction_options_universal.max_merge_width: 4294967295
2019/10/17-14:54:03.779243 7fc3a9fcb700 Options.compaction_options_universal.max_size_amplification_percent: 200
2019/10/17-14:54:03.779244 7fc3a9fcb700 Options.compaction_options_universal.compression_size_percent: -1
2019/10/17-14:54:03.779247 7fc3a9fcb700 Options.compaction_options_universal.stop_style: kCompactionStopStyleTotalSize
2019/10/17-14:54:03.779248 7fc3a9fcb700 Options.compaction_options_fifo.max_table_files_size: 1073741824
2019/10/17-14:54:03.779250 7fc3a9fcb700 Options.compaction_options_fifo.allow_compaction: 0
2019/10/17-14:54:03.779252 7fc3a9fcb700 Options.compaction_options_fifo.ttl: 0
2019/10/17-14:54:03.779254 7fc3a9fcb700                   Options.table_properties_collectors: 
2019/10/17-14:54:03.779255 7fc3a9fcb700                   Options.inplace_update_support: 0
2019/10/17-14:54:03.779257 7fc3a9fcb700                 Options.inplace_update_num_locks: 10000
2019/10/17-14:54:03.779259 7fc3a9fcb700               Options.memtable_prefix_bloom_size_ratio: 0.000000
2019/10/17-14:54:03.779261 7fc3a9fcb700   Options.memtable_huge_page_size: 0
2019/10/17-14:54:03.779263 7fc3a9fcb700                           Options.bloom_locality: 0
2019/10/17-14:54:03.779265 7fc3a9fcb700                    Options.max_successive_merges: 0
2019/10/17-14:54:03.779266 7fc3a9fcb700                Options.optimize_filters_for_hits: 0
2019/10/17-14:54:03.779268 7fc3a9fcb700                Options.paranoid_file_checks: 0
2019/10/17-14:54:03.779270 7fc3a9fcb700                Options.force_consistency_checks: 0
2019/10/17-14:54:03.779271 7fc3a9fcb700                Options.report_bg_io_stats: 0
2019/10/17-14:54:03.779273 7fc3a9fcb700                               Options.ttl: 0
2019/10/17-14:54:03.779302 7fc3a9fcb700 [db/column_family.cc:472] --------------- Options for column family [dc_entries]:
2019/10/17-14:54:03.779305 7fc3a9fcb700               Options.comparator: leveldb.BytewiseComparator
2019/10/17-14:54:03.779306 7fc3a9fcb700           Options.merge_operator: None
2019/10/17-14:54:03.779308 7fc3a9fcb700        Options.compaction_filter: None
2019/10/17-14:54:03.779310 7fc3a9fcb700        Options.compaction_filter_factory: None
2019/10/17-14:54:03.779311 7fc3a9fcb700         Options.memtable_factory: SkipListFactory
2019/10/17-14:54:03.779313 7fc3a9fcb700            Options.table_factory: BlockBasedTable
2019/10/17-14:54:03.779334 7fc3a9fcb700            table_factory options:   flush_block_policy_factory: FlushBlockBySizePolicyFactory (0x7fc3500f5a60)
  cache_index_and_filter_blocks: 0
  cache_index_and_filter_blocks_with_high_priority: 0
  pin_l0_filter_and_index_blocks_in_cache: 0
  pin_top_level_index_and_filter: 1
  index_type: 0
  hash_index_allow_collision: 1
  checksum: 1
  no_block_cache: 0
  block_cache: 0x7fc350063f10
  block_cache_name: LRUCache
  block_cache_options:
    capacity : 8388608
    num_shard_bits : 4
    strict_capacity_limit : 0
    memory_allocator : None
    high_pri_pool_ratio: 0.000
  block_cache_compressed: (nil)
  persistent_cache: (nil)
  block_size: 4096
  block_size_deviation: 10
  block_restart_interval: 16
  index_block_restart_interval: 1
  metadata_block_size: 4096
  partition_filters: 0
  use_delta_encoding: 1
  filter_policy: nullptr
  whole_key_filtering: 1
  verify_compression: 0
  read_amp_bytes_per_bit: 0
  format_version: 2
  enable_index_compression: 1
  block_align: 0
2019/10/17-14:54:03.779346 7fc3a9fcb700        Options.write_buffer_size: 67108864
2019/10/17-14:54:03.779348 7fc3a9fcb700  Options.max_write_buffer_number: 2
2019/10/17-14:54:03.779349 7fc3a9fcb700          Options.compression: NoCompression
2019/10/17-14:54:03.779351 7fc3a9fcb700                  Options.bottommost_compression: Disabled
2019/10/17-14:54:03.779353 7fc3a9fcb700       Options.prefix_extractor: nullptr
2019/10/17-14:54:03.779354 7fc3a9fcb700   Options.memtable_insert_with_hint_prefix_extractor: nullptr
2019/10/17-14:54:03.779356 7fc3a9fcb700             Options.num_levels: 7
2019/10/17-14:54:03.779358 7fc3a9fcb700        Options.min_write_buffer_number_to_merge: 1
2019/10/17-14:54:03.779359 7fc3a9fcb700     Options.max_write_buffer_number_to_maintain: 0
2019/10/17-14:54:03.779361 7fc3a9fcb700            Options.bottommost_compression_opts.window_bits: -14
2019/10/17-14:54:03.779363 7fc3a9fcb700                  Options.bottommost_compression_opts.level: 32767
2019/10/17-14:54:03.779365 7fc3a9fcb700               Options.bottommost_compression_opts.strategy: 0
2019/10/17-14:54:03.779366 7fc3a9fcb700         Options.bottommost_compression_opts.max_dict_bytes: 0
2019/10/17-14:54:03.779368 7fc3a9fcb700         Options.bottommost_compression_opts.zstd_max_train_bytes: 0
2019/10/17-14:54:03.779370 7fc3a9fcb700                  Options.bottommost_compression_opts.enabled: false
2019/10/17-14:54:03.779371 7fc3a9fcb700            Options.compression_opts.window_bits: -14
2019/10/17-14:54:03.779373 7fc3a9fcb700                  Options.compression_opts.level: 32767
2019/10/17-14:54:03.779375 7fc3a9fcb700               Options.compression_opts.strategy: 0
2019/10/17-14:54:03.779376 7fc3a9fcb700         Options.compression_opts.max_dict_bytes: 0
2019/10/17-14:54:03.779378 7fc3a9fcb700         Options.compression_opts.zstd_max_train_bytes: 0
2019/10/17-14:54:03.779380 7fc3a9fcb700                  Options.compression_opts.enabled: false
2019/10/17-14:54:03.779381 7fc3a9fcb700      Options.level0_file_num_compaction_trigger: 4
2019/10/17-14:54:03.779383 7fc3a9fcb700          Options.level0_slowdown_writes_trigger: 20
2019/10/17-14:54:03.779385 7fc3a9fcb700              Options.level0_stop_writes_trigger: 36
2019/10/17-14:54:03.779386 7fc3a9fcb700                   Options.target_file_size_base: 67108864
2019/10/17-14:54:03.779388 7fc3a9fcb700             Options.target_file_size_multiplier: 1
2019/10/17-14:54:03.779389 7fc3a9fcb700                Options.max_bytes_for_level_base: 268435456
2019/10/17-14:54:03.779391 7fc3a9fcb700 Options.level_compaction_dynamic_level_bytes: 0
2019/10/17-14:54:03.779392 7fc3a9fcb700          Options.max_bytes_for_level_multiplier: 10.000000
2019/10/17-14:54:03.779395 7fc3a9fcb700 Options.max_bytes_for_level_multiplier_addtl[0]: 1
2019/10/17-14:54:03.779397 7fc3a9fcb700 Options.max_bytes_for_level_multiplier_addtl[1]: 1
2019/10/17-14:54:03.779399 7fc3a9fcb700 Options.max_bytes_for_level_multiplier_addtl[2]: 1
2019/10/17-14:54:03.779401 7fc3a9fcb700 Options.max_bytes_for_level_multiplier_addtl[3]: 1
2019/10/17-14:54:03.779403 7fc3a9fcb700 Options.max_bytes_for_level_multiplier_addtl[4]: 1
2019/10/17-14:54:03.779404 7fc3a9fcb700 Options.max_bytes_for_level_multiplier_addtl[5]: 1
2019/10/17-14:54:03.779406 7fc3a9fcb700 Options.max_bytes_for_level_multiplier_addtl[6]: 1
2019/10/17-14:54:03.779408 7fc3a9fcb700       Options.max_sequential_skip_in_iterations: 8
2019/10/17-14:54:03.779409 7fc3a9fcb700                    Options.max_compaction_bytes: 1677721600
2019/10/17-14:54:03.779411 7fc3a9fcb700                        Options.arena_block_size: 8388608
2019/10/17-14:54:03.779413 7fc3a9fcb700   Options.soft_pending_compaction_bytes_limit: 68719476736
2019/10/17-14:54:03.779415 7fc3a9fcb700   Options.hard_pending_compaction_bytes_limit: 274877906944
2019/10/17-14:54:03.779417 7fc3a9fcb700       Options.rate_limit_delay_max_milliseconds: 100
2019/10/17-14:54:03.779418 7fc3a9fcb700                Options.disable_auto_compactions: 0
2019/10/17-14:54:03.779428 7fc3a9fcb700                        Options.compaction_style: kCompactionStyleLevel
2019/10/17-14:54:03.779430 7fc3a9fcb700                          Options.compaction_pri: kByCompensatedSize
2019/10/17-14:54:03.779432 7fc3a9fcb700 Options.compaction_options_universal.size_ratio: 1
2019/10/17-14:54:03.779434 7fc3a9fcb700 Options.compaction_options_universal.min_merge_width: 2
2019/10/17-14:54:03.779435 7fc3a9fcb700 Options.compaction_options_universal.max_merge_width: 4294967295
2019/10/17-14:54:03.779437 7fc3a9fcb700 Options.compaction_options_universal.max_size_amplification_percent: 200
2019/10/17-14:54:03.779439 7fc3a9fcb700 Options.compaction_options_universal.compression_size_percent: -1
2019/10/17-14:54:03.779441 7fc3a9fcb700 Options.compaction_options_universal.stop_style: kCompactionStopStyleTotalSize
2019/10/17-14:54:03.779442 7fc3a9fcb700 Options.compaction_options_fifo.max_table_files_size: 1073741824
2019/10/17-14:54:03.779444 7fc3a9fcb700 Options.compaction_options_fifo.allow_compaction: 0
2019/10/17-14:54:03.779446 7fc3a9fcb700 Options.compaction_options_fifo.ttl: 0
2019/10/17-14:54:03.779447 7fc3a9fcb700                   Options.table_properties_collectors: 
2019/10/17-14:54:03.779449 7fc3a9fcb700                   Options.inplace_update_support: 0
2019/10/17-14:54:03.779450 7fc3a9fcb700                 Options.inplace_update_num_locks: 10000
2019/10/17-14:54:03.779452 7fc3a9fcb700               Options.memtable_prefix_bloom_size_ratio: 0.000000
2019/10/17-14:54:03.779454 7fc3a9fcb700   Options.memtable_huge_page_size: 0
2019/10/17-14:54:03.779456 7fc3a9fcb700                           Options.bloom_locality: 0
2019/10/17-14:54:03.779458 7fc3a9fcb700                    Options.max_successive_merges: 0
2019/10/17-14:54:03.779459 7fc3a9fcb700                Options.optimize_filters_for_hits: 0
2019/10/17-14:54:03.779461 7fc3a9fcb700                Options.paranoid_file_checks: 0
2019/10/17-14:54:03.779463 7fc3a9fcb700                Options.force_consistency_checks: 0
2019/10/17-14:54:03.779464 7fc3a9fcb700                Options.report_bg_io_stats: 0
2019/10/17-14:54:03.779466 7fc3a9fcb700                               Options.ttl: 0
2019/10/17-14:54:03.779491 7fc3a9fcb700 [db/column_family.cc:472] --------------- Options for column family [htlcs]:
2019/10/17-14:54:03.779494 7fc3a9fcb700               Options.comparator: leveldb.BytewiseComparator
2019/10/17-14:54:03.779496 7fc3a9fcb700           Options.merge_operator: None
2019/10/17-14:54:03.779497 7fc3a9fcb700        Options.compaction_filter: None
2019/10/17-14:54:03.779499 7fc3a9fcb700        Options.compaction_filter_factory: None
2019/10/17-14:54:03.779500 7fc3a9fcb700         Options.memtable_factory: SkipListFactory
2019/10/17-14:54:03.779502 7fc3a9fcb700            Options.table_factory: BlockBasedTable
2019/10/17-14:54:03.779514 7fc3a9fcb700            table_factory options:   flush_block_policy_factory: FlushBlockBySizePolicyFactory (0x7fc35002ae20)
