2019/10/17-14:55:13.272673 7fc3a9fcb700 RocksDB version: 5.18.3
2019/10/17-14:55:13.272724 7fc3a9fcb700 Git sha rocksdb_build_git_sha:@0@
2019/10/17-14:55:13.272727 7fc3a9fcb700 Compile date Sep 19 2019
2019/10/17-14:55:13.272729 7fc3a9fcb700 DB SUMMARY
2019/10/17-14:55:13.273789 7fc3a9fcb700 CURRENT file:  CURRENT
2019/10/17-14:55:13.273791 7fc3a9fcb700 IDENTITY file:  IDENTITY
2019/10/17-14:55:13.273830 7fc3a9fcb700 MANIFEST file:  MANIFEST-116542 size: 4114 Bytes
2019/10/17-14:55:13.273832 7fc3a9fcb700 SST files in /home/rahul/dev/blockchain-core/eqc/ledger.db dir, Total Num: 29, files: 000624.sst 000627.sst 106940.sst 108447.sst 108450.sst 109471.sst 109483.sst 109485.sst 109486.sst 
2019/10/17-14:55:13.273834 7fc3a9fcb700 Write Ahead Log file in /home/rahul/dev/blockchain-core/eqc/ledger.db: 116543.log size: 0 ; 
2019/10/17-14:55:13.273905 7fc3a9fcb700                         Options.error_if_exists: 0
2019/10/17-14:55:13.273907 7fc3a9fcb700                       Options.create_if_missing: 1
2019/10/17-14:55:13.273908 7fc3a9fcb700                         Options.paranoid_checks: 1
2019/10/17-14:55:13.273909 7fc3a9fcb700                                     Options.env: 0x7fc32ae1fc60
2019/10/17-14:55:13.273910 7fc3a9fcb700                                Options.info_log: 0x7fc350008c30
2019/10/17-14:55:13.273912 7fc3a9fcb700                Options.max_file_opening_threads: 16
2019/10/17-14:55:13.273913 7fc3a9fcb700                              Options.statistics: (nil)
2019/10/17-14:55:13.273914 7fc3a9fcb700                               Options.use_fsync: 0
2019/10/17-14:55:13.273915 7fc3a9fcb700                       Options.max_log_file_size: 0
2019/10/17-14:55:13.273916 7fc3a9fcb700                  Options.max_manifest_file_size: 1073741824
2019/10/17-14:55:13.273917 7fc3a9fcb700                   Options.log_file_time_to_roll: 0
2019/10/17-14:55:13.273918 7fc3a9fcb700                       Options.keep_log_file_num: 1000
2019/10/17-14:55:13.273919 7fc3a9fcb700                    Options.recycle_log_file_num: 0
2019/10/17-14:55:13.273920 7fc3a9fcb700                         Options.allow_fallocate: 1
2019/10/17-14:55:13.273921 7fc3a9fcb700                        Options.allow_mmap_reads: 0
2019/10/17-14:55:13.273922 7fc3a9fcb700                       Options.allow_mmap_writes: 0
2019/10/17-14:55:13.273923 7fc3a9fcb700                        Options.use_direct_reads: 0
2019/10/17-14:55:13.273924 7fc3a9fcb700                        Options.use_direct_io_for_flush_and_compaction: 0
2019/10/17-14:55:13.273925 7fc3a9fcb700          Options.create_missing_column_families: 0
2019/10/17-14:55:13.273926 7fc3a9fcb700                              Options.db_log_dir: 
2019/10/17-14:55:13.273927 7fc3a9fcb700                                 Options.wal_dir: /home/rahul/dev/blockchain-core/eqc/ledger.db
2019/10/17-14:55:13.273928 7fc3a9fcb700                Options.table_cache_numshardbits: 6
2019/10/17-14:55:13.273929 7fc3a9fcb700                      Options.max_subcompactions: 1
2019/10/17-14:55:13.273930 7fc3a9fcb700                  Options.max_background_flushes: -1
2019/10/17-14:55:13.273931 7fc3a9fcb700                         Options.WAL_ttl_seconds: 0
2019/10/17-14:55:13.273932 7fc3a9fcb700                       Options.WAL_size_limit_MB: 0
2019/10/17-14:55:13.273933 7fc3a9fcb700             Options.manifest_preallocation_size: 4194304
2019/10/17-14:55:13.273934 7fc3a9fcb700                     Options.is_fd_close_on_exec: 1
2019/10/17-14:55:13.273935 7fc3a9fcb700                   Options.advise_random_on_open: 1
2019/10/17-14:55:13.273936 7fc3a9fcb700                    Options.db_write_buffer_size: 0
2019/10/17-14:55:13.273937 7fc3a9fcb700                    Options.write_buffer_manager: 0x7fc3500d2480
2019/10/17-14:55:13.273938 7fc3a9fcb700         Options.access_hint_on_compaction_start: 1
2019/10/17-14:55:13.273939 7fc3a9fcb700  Options.new_table_reader_for_compaction_inputs: 0
2019/10/17-14:55:13.273940 7fc3a9fcb700           Options.random_access_max_buffer_size: 1048576
2019/10/17-14:55:13.273941 7fc3a9fcb700                      Options.use_adaptive_mutex: 0
2019/10/17-14:55:13.273942 7fc3a9fcb700                            Options.rate_limiter: (nil)
2019/10/17-14:55:13.273956 7fc3a9fcb700     Options.sst_file_manager.rate_bytes_per_sec: 0
2019/10/17-14:55:13.273958 7fc3a9fcb700                       Options.wal_recovery_mode: 2
2019/10/17-14:55:13.273959 7fc3a9fcb700                  Options.enable_thread_tracking: 0
2019/10/17-14:55:13.273960 7fc3a9fcb700                  Options.enable_pipelined_write: 0
2019/10/17-14:55:13.273961 7fc3a9fcb700         Options.allow_concurrent_memtable_write: 1
2019/10/17-14:55:13.273962 7fc3a9fcb700      Options.enable_write_thread_adaptive_yield: 1
2019/10/17-14:55:13.273962 7fc3a9fcb700             Options.write_thread_max_yield_usec: 100
2019/10/17-14:55:13.273964 7fc3a9fcb700            Options.write_thread_slow_yield_usec: 3
2019/10/17-14:55:13.273965 7fc3a9fcb700                               Options.row_cache: None
2019/10/17-14:55:13.273965 7fc3a9fcb700                              Options.wal_filter: None
2019/10/17-14:55:13.273967 7fc3a9fcb700             Options.avoid_flush_during_recovery: 0
2019/10/17-14:55:13.273967 7fc3a9fcb700             Options.allow_ingest_behind: 0
2019/10/17-14:55:13.273968 7fc3a9fcb700             Options.preserve_deletes: 0
2019/10/17-14:55:13.273969 7fc3a9fcb700             Options.two_write_queues: 0
2019/10/17-14:55:13.273970 7fc3a9fcb700             Options.manual_wal_flush: 0
2019/10/17-14:55:13.273971 7fc3a9fcb700             Options.max_background_jobs: 2
2019/10/17-14:55:13.273972 7fc3a9fcb700             Options.max_background_compactions: -1
2019/10/17-14:55:13.273973 7fc3a9fcb700             Options.avoid_flush_during_shutdown: 0
2019/10/17-14:55:13.273974 7fc3a9fcb700           Options.writable_file_max_buffer_size: 1048576
2019/10/17-14:55:13.273975 7fc3a9fcb700             Options.delayed_write_rate : 16777216
2019/10/17-14:55:13.273976 7fc3a9fcb700             Options.max_total_wal_size: 0
2019/10/17-14:55:13.273977 7fc3a9fcb700             Options.delete_obsolete_files_period_micros: 21600000000
2019/10/17-14:55:13.273978 7fc3a9fcb700                   Options.stats_dump_period_sec: 600
2019/10/17-14:55:13.273979 7fc3a9fcb700                          Options.max_open_files: -1
2019/10/17-14:55:13.273980 7fc3a9fcb700                          Options.bytes_per_sync: 0
2019/10/17-14:55:13.273981 7fc3a9fcb700                      Options.wal_bytes_per_sync: 0
2019/10/17-14:55:13.273982 7fc3a9fcb700       Options.compaction_readahead_size: 0
2019/10/17-14:55:13.273983 7fc3a9fcb700 Compression algorithms supported:
2019/10/17-14:55:13.273985 7fc3a9fcb700 	kZSTDNotFinalCompression supported: 0
2019/10/17-14:55:13.273986 7fc3a9fcb700 	kZSTD supported: 0
2019/10/17-14:55:13.273987 7fc3a9fcb700 	kXpressCompression supported: 0
2019/10/17-14:55:13.273988 7fc3a9fcb700 	kLZ4HCCompression supported: 0
2019/10/17-14:55:13.273989 7fc3a9fcb700 	kLZ4Compression supported: 0
2019/10/17-14:55:13.273990 7fc3a9fcb700 	kBZip2Compression supported: 0
2019/10/17-14:55:13.273991 7fc3a9fcb700 	kZlibCompression supported: 0
2019/10/17-14:55:13.273992 7fc3a9fcb700 	kSnappyCompression supported: 0
2019/10/17-14:55:13.273995 7fc3a9fcb700 Fast CRC32 supported: Supported on x86
2019/10/17-14:55:13.274116 7fc3a9fcb700 [db/version_set.cc:3507] Recovering from manifest file: MANIFEST-116542
2019/10/17-14:55:13.274158 7fc3a9fcb700 [db/column_family.cc:472] --------------- Options for column family [default]:
2019/10/17-14:55:13.274161 7fc3a9fcb700               Options.comparator: leveldb.BytewiseComparator
2019/10/17-14:55:13.274162 7fc3a9fcb700           Options.merge_operator: None
2019/10/17-14:55:13.274163 7fc3a9fcb700        Options.compaction_filter: None
2019/10/17-14:55:13.274164 7fc3a9fcb700        Options.compaction_filter_factory: None
2019/10/17-14:55:13.274165 7fc3a9fcb700         Options.memtable_factory: SkipListFactory
2019/10/17-14:55:13.274166 7fc3a9fcb700            Options.table_factory: BlockBasedTable
2019/10/17-14:55:13.274184 7fc3a9fcb700            table_factory options:   flush_block_policy_factory: FlushBlockBySizePolicyFactory (0x7fc35007d8c0)
  cache_index_and_filter_blocks: 0
  cache_index_and_filter_blocks_with_high_priority: 0
  pin_l0_filter_and_index_blocks_in_cache: 0
  pin_top_level_index_and_filter: 1
  index_type: 0
  hash_index_allow_collision: 1
  checksum: 1
  no_block_cache: 0
  block_cache: 0x7fc3501186e0
  block_cache_name: LRUCache
  block_cache_options:
    capacity : 8388608
    num_shard_bits : 4
    strict_capacity_limit : 0
    memory_allocator : None
    high_pri_pool_ratio: 0.000
  block_cache_compressed: (nil)
  persistent_cache: (nil)
  block_size: 4096
  block_size_deviation: 10
  block_restart_interval: 16
  index_block_restart_interval: 1
  metadata_block_size: 4096
  partition_filters: 0
  use_delta_encoding: 1
  filter_policy: nullptr
  whole_key_filtering: 1
  verify_compression: 0
  read_amp_bytes_per_bit: 0
  format_version: 2
  enable_index_compression: 1
  block_align: 0
2019/10/17-14:55:13.274196 7fc3a9fcb700        Options.write_buffer_size: 67108864
2019/10/17-14:55:13.274197 7fc3a9fcb700  Options.max_write_buffer_number: 2
2019/10/17-14:55:13.274198 7fc3a9fcb700          Options.compression: NoCompression
2019/10/17-14:55:13.274199 7fc3a9fcb700                  Options.bottommost_compression: Disabled
2019/10/17-14:55:13.274200 7fc3a9fcb700       Options.prefix_extractor: nullptr
2019/10/17-14:55:13.274201 7fc3a9fcb700   Options.memtable_insert_with_hint_prefix_extractor: nullptr
2019/10/17-14:55:13.274202 7fc3a9fcb700             Options.num_levels: 7
2019/10/17-14:55:13.274203 7fc3a9fcb700        Options.min_write_buffer_number_to_merge: 1
2019/10/17-14:55:13.274204 7fc3a9fcb700     Options.max_write_buffer_number_to_maintain: 0
2019/10/17-14:55:13.274205 7fc3a9fcb700            Options.bottommost_compression_opts.window_bits: -14
2019/10/17-14:55:13.274206 7fc3a9fcb700                  Options.bottommost_compression_opts.level: 32767
2019/10/17-14:55:13.274207 7fc3a9fcb700               Options.bottommost_compression_opts.strategy: 0
2019/10/17-14:55:13.274208 7fc3a9fcb700         Options.bottommost_compression_opts.max_dict_bytes: 0
2019/10/17-14:55:13.274209 7fc3a9fcb700         Options.bottommost_compression_opts.zstd_max_train_bytes: 0
2019/10/17-14:55:13.274210 7fc3a9fcb700                  Options.bottommost_compression_opts.enabled: false
2019/10/17-14:55:13.274211 7fc3a9fcb700            Options.compression_opts.window_bits: -14
2019/10/17-14:55:13.274212 7fc3a9fcb700                  Options.compression_opts.level: 32767
2019/10/17-14:55:13.274213 7fc3a9fcb700               Options.compression_opts.strategy: 0
2019/10/17-14:55:13.274214 7fc3a9fcb700         Options.compression_opts.max_dict_bytes: 0
2019/10/17-14:55:13.274215 7fc3a9fcb700         Options.compression_opts.zstd_max_train_bytes: 0
2019/10/17-14:55:13.274216 7fc3a9fcb700                  Options.compression_opts.enabled: false
2019/10/17-14:55:13.274217 7fc3a9fcb700      Options.level0_file_num_compaction_trigger: 4
2019/10/17-14:55:13.274218 7fc3a9fcb700          Options.level0_slowdown_writes_trigger: 20
2019/10/17-14:55:13.274219 7fc3a9fcb700              Options.level0_stop_writes_trigger: 36
2019/10/17-14:55:13.274220 7fc3a9fcb700                   Options.target_file_size_base: 67108864
2019/10/17-14:55:13.274221 7fc3a9fcb700             Options.target_file_size_multiplier: 1
2019/10/17-14:55:13.274222 7fc3a9fcb700                Options.max_bytes_for_level_base: 268435456
2019/10/17-14:55:13.274223 7fc3a9fcb700 Options.level_compaction_dynamic_level_bytes: 0
2019/10/17-14:55:13.274224 7fc3a9fcb700          Options.max_bytes_for_level_multiplier: 10.000000
2019/10/17-14:55:13.274226 7fc3a9fcb700 Options.max_bytes_for_level_multiplier_addtl[0]: 1
2019/10/17-14:55:13.274228 7fc3a9fcb700 Options.max_bytes_for_level_multiplier_addtl[1]: 1
2019/10/17-14:55:13.274229 7fc3a9fcb700 Options.max_bytes_for_level_multiplier_addtl[2]: 1
2019/10/17-14:55:13.274230 7fc3a9fcb700 Options.max_bytes_for_level_multiplier_addtl[3]: 1
2019/10/17-14:55:13.274231 7fc3a9fcb700 Options.max_bytes_for_level_multiplier_addtl[4]: 1
2019/10/17-14:55:13.274237 7fc3a9fcb700 Options.max_bytes_for_level_multiplier_addtl[5]: 1
2019/10/17-14:55:13.274238 7fc3a9fcb700 Options.max_bytes_for_level_multiplier_addtl[6]: 1
2019/10/17-14:55:13.274239 7fc3a9fcb700       Options.max_sequential_skip_in_iterations: 8
2019/10/17-14:55:13.274240 7fc3a9fcb700                    Options.max_compaction_bytes: 1677721600
2019/10/17-14:55:13.274241 7fc3a9fcb700                        Options.arena_block_size: 8388608
2019/10/17-14:55:13.274242 7fc3a9fcb700   Options.soft_pending_compaction_bytes_limit: 68719476736
2019/10/17-14:55:13.274243 7fc3a9fcb700   Options.hard_pending_compaction_bytes_limit: 274877906944
2019/10/17-14:55:13.274244 7fc3a9fcb700       Options.rate_limit_delay_max_milliseconds: 100
2019/10/17-14:55:13.274245 7fc3a9fcb700                Options.disable_auto_compactions: 0
2019/10/17-14:55:13.274246 7fc3a9fcb700                        Options.compaction_style: kCompactionStyleLevel
2019/10/17-14:55:13.274248 7fc3a9fcb700                          Options.compaction_pri: kByCompensatedSize
2019/10/17-14:55:13.274249 7fc3a9fcb700 Options.compaction_options_universal.size_ratio: 1
2019/10/17-14:55:13.274250 7fc3a9fcb700 Options.compaction_options_universal.min_merge_width: 2
2019/10/17-14:55:13.274251 7fc3a9fcb700 Options.compaction_options_universal.max_merge_width: 4294967295
2019/10/17-14:55:13.274252 7fc3a9fcb700 Options.compaction_options_universal.max_size_amplification_percent: 200
2019/10/17-14:55:13.274253 7fc3a9fcb700 Options.compaction_options_universal.compression_size_percent: -1
2019/10/17-14:55:13.274254 7fc3a9fcb700 Options.compaction_options_universal.stop_style: kCompactionStopStyleTotalSize
2019/10/17-14:55:13.274255 7fc3a9fcb700 Options.compaction_options_fifo.max_table_files_size: 1073741824
2019/10/17-14:55:13.274256 7fc3a9fcb700 Options.compaction_options_fifo.allow_compaction: 0
2019/10/17-14:55:13.274257 7fc3a9fcb700 Options.compaction_options_fifo.ttl: 0
2019/10/17-14:55:13.274258 7fc3a9fcb700                   Options.table_properties_collectors: 
2019/10/17-14:55:13.274259 7fc3a9fcb700                   Options.inplace_update_support: 0
2019/10/17-14:55:13.274260 7fc3a9fcb700                 Options.inplace_update_num_locks: 10000
2019/10/17-14:55:13.274261 7fc3a9fcb700               Options.memtable_prefix_bloom_size_ratio: 0.000000
2019/10/17-14:55:13.274263 7fc3a9fcb700   Options.memtable_huge_page_size: 0
2019/10/17-14:55:13.274264 7fc3a9fcb700                           Options.bloom_locality: 0
2019/10/17-14:55:13.274265 7fc3a9fcb700                    Options.max_successive_merges: 0
2019/10/17-14:55:13.274266 7fc3a9fcb700                Options.optimize_filters_for_hits: 0
2019/10/17-14:55:13.274267 7fc3a9fcb700                Options.paranoid_file_checks: 0
2019/10/17-14:55:13.274268 7fc3a9fcb700                Options.force_consistency_checks: 0
2019/10/17-14:55:13.274269 7fc3a9fcb700                Options.report_bg_io_stats: 0
2019/10/17-14:55:13.274270 7fc3a9fcb700                               Options.ttl: 0
2019/10/17-14:55:13.274306 7fc3a9fcb700 [db/column_family.cc:472] --------------- Options for column family [active_gateways]:
2019/10/17-14:55:13.274308 7fc3a9fcb700               Options.comparator: leveldb.BytewiseComparator
2019/10/17-14:55:13.274309 7fc3a9fcb700           Options.merge_operator: None
2019/10/17-14:55:13.274310 7fc3a9fcb700        Options.compaction_filter: None
2019/10/17-14:55:13.274311 7fc3a9fcb700        Options.compaction_filter_factory: None
2019/10/17-14:55:13.274312 7fc3a9fcb700         Options.memtable_factory: SkipListFactory
2019/10/17-14:55:13.274314 7fc3a9fcb700            Options.table_factory: BlockBasedTable
2019/10/17-14:55:13.274327 7fc3a9fcb700            table_factory options:   flush_block_policy_factory: FlushBlockBySizePolicyFactory (0x7fc35001ffb0)
  cache_index_and_filter_blocks: 0
  cache_index_and_filter_blocks_with_high_priority: 0
  pin_l0_filter_and_index_blocks_in_cache: 0
  pin_top_level_index_and_filter: 1
  index_type: 0
  hash_index_allow_collision: 1
  checksum: 1
  no_block_cache: 0
  block_cache: 0x7fc350044860
  block_cache_name: LRUCache
  block_cache_options:
    capacity : 8388608
    num_shard_bits : 4
    strict_capacity_limit : 0
    memory_allocator : None
    high_pri_pool_ratio: 0.000
  block_cache_compressed: (nil)
  persistent_cache: (nil)
  block_size: 4096
  block_size_deviation: 10
  block_restart_interval: 16
  index_block_restart_interval: 1
  metadata_block_size: 4096
  partition_filters: 0
  use_delta_encoding: 1
  filter_policy: nullptr
  whole_key_filtering: 1
  verify_compression: 0
  read_amp_bytes_per_bit: 0
  format_version: 2
  enable_index_compression: 1
  block_align: 0
2019/10/17-14:55:13.274336 7fc3a9fcb700        Options.write_buffer_size: 67108864
2019/10/17-14:55:13.274337 7fc3a9fcb700  Options.max_write_buffer_number: 2
2019/10/17-14:55:13.274338 7fc3a9fcb700          Options.compression: NoCompression
2019/10/17-14:55:13.274339 7fc3a9fcb700                  Options.bottommost_compression: Disabled
2019/10/17-14:55:13.274340 7fc3a9fcb700       Options.prefix_extractor: nullptr
2019/10/17-14:55:13.274341 7fc3a9fcb700   Options.memtable_insert_with_hint_prefix_extractor: nullptr
2019/10/17-14:55:13.274342 7fc3a9fcb700             Options.num_levels: 7
2019/10/17-14:55:13.274343 7fc3a9fcb700        Options.min_write_buffer_number_to_merge: 1
2019/10/17-14:55:13.274344 7fc3a9fcb700     Options.max_write_buffer_number_to_maintain: 0
2019/10/17-14:55:13.274345 7fc3a9fcb700            Options.bottommost_compression_opts.window_bits: -14
2019/10/17-14:55:13.274346 7fc3a9fcb700                  Options.bottommost_compression_opts.level: 32767
2019/10/17-14:55:13.274347 7fc3a9fcb700               Options.bottommost_compression_opts.strategy: 0
2019/10/17-14:55:13.274348 7fc3a9fcb700         Options.bottommost_compression_opts.max_dict_bytes: 0
2019/10/17-14:55:13.274349 7fc3a9fcb700         Options.bottommost_compression_opts.zstd_max_train_bytes: 0
2019/10/17-14:55:13.274350 7fc3a9fcb700                  Options.bottommost_compression_opts.enabled: false
2019/10/17-14:55:13.274351 7fc3a9fcb700            Options.compression_opts.window_bits: -14
2019/10/17-14:55:13.274352 7fc3a9fcb700                  Options.compression_opts.level: 32767
2019/10/17-14:55:13.274353 7fc3a9fcb700               Options.compression_opts.strategy: 0
2019/10/17-14:55:13.274354 7fc3a9fcb700         Options.compression_opts.max_dict_bytes: 0
2019/10/17-14:55:13.274355 7fc3a9fcb700         Options.compression_opts.zstd_max_train_bytes: 0
2019/10/17-14:55:13.274356 7fc3a9fcb700                  Options.compression_opts.enabled: false
2019/10/17-14:55:13.274357 7fc3a9fcb700      Options.level0_file_num_compaction_trigger: 4
2019/10/17-14:55:13.274358 7fc3a9fcb700          Options.level0_slowdown_writes_trigger: 20
2019/10/17-14:55:13.274359 7fc3a9fcb700              Options.level0_stop_writes_trigger: 36
2019/10/17-14:55:13.274360 7fc3a9fcb700                   Options.target_file_size_base: 67108864
2019/10/17-14:55:13.274361 7fc3a9fcb700             Options.target_file_size_multiplier: 1
2019/10/17-14:55:13.274362 7fc3a9fcb700                Options.max_bytes_for_level_base: 268435456
2019/10/17-14:55:13.274363 7fc3a9fcb700 Options.level_compaction_dynamic_level_bytes: 0
2019/10/17-14:55:13.274363 7fc3a9fcb700          Options.max_bytes_for_level_multiplier: 10.000000
2019/10/17-14:55:13.274365 7fc3a9fcb700 Options.max_bytes_for_level_multiplier_addtl[0]: 1
2019/10/17-14:55:13.274366 7fc3a9fcb700 Options.max_bytes_for_level_multiplier_addtl[1]: 1
2019/10/17-14:55:13.274367 7fc3a9fcb700 Options.max_bytes_for_level_multiplier_addtl[2]: 1
2019/10/17-14:55:13.274368 7fc3a9fcb700 Options.max_bytes_for_level_multiplier_addtl[3]: 1
2019/10/17-14:55:13.274369 7fc3a9fcb700 Options.max_bytes_for_level_multiplier_addtl[4]: 1
2019/10/17-14:55:13.274370 7fc3a9fcb700 Options.max_bytes_for_level_multiplier_addtl[5]: 1
2019/10/17-14:55:13.274371 7fc3a9fcb700 Options.max_bytes_for_level_multiplier_addtl[6]: 1
2019/10/17-14:55:13.274372 7fc3a9fcb700       Options.max_sequential_skip_in_iterations: 8
2019/10/17-14:55:13.274378 7fc3a9fcb700                    Options.max_compaction_bytes: 1677721600
2019/10/17-14:55:13.274379 7fc3a9fcb700                        Options.arena_block_size: 8388608
2019/10/17-14:55:13.274380 7fc3a9fcb700   Options.soft_pending_compaction_bytes_limit: 68719476736
2019/10/17-14:55:13.274381 7fc3a9fcb700   Options.hard_pending_compaction_bytes_limit: 274877906944
2019/10/17-14:55:13.274382 7fc3a9fcb700       Options.rate_limit_delay_max_milliseconds: 100
2019/10/17-14:55:13.274383 7fc3a9fcb700                Options.disable_auto_compactions: 0
2019/10/17-14:55:13.274384 7fc3a9fcb700                        Options.compaction_style: kCompactionStyleLevel
2019/10/17-14:55:13.274386 7fc3a9fcb700                          Options.compaction_pri: kByCompensatedSize
2019/10/17-14:55:13.274387 7fc3a9fcb700 Options.compaction_options_universal.size_ratio: 1
2019/10/17-14:55:13.274388 7fc3a9fcb700 Options.compaction_options_universal.min_merge_width: 2
2019/10/17-14:55:13.274389 7fc3a9fcb700 Options.compaction_options_universal.max_merge_width: 4294967295
2019/10/17-14:55:13.274390 7fc3a9fcb700 Options.compaction_options_universal.max_size_amplification_percent: 200
2019/10/17-14:55:13.274391 7fc3a9fcb700 Options.compaction_options_universal.compression_size_percent: -1
2019/10/17-14:55:13.274392 7fc3a9fcb700 Options.compaction_options_universal.stop_style: kCompactionStopStyleTotalSize
2019/10/17-14:55:13.274393 7fc3a9fcb700 Options.compaction_options_fifo.max_table_files_size: 1073741824
2019/10/17-14:55:13.274394 7fc3a9fcb700 Options.compaction_options_fifo.allow_compaction: 0
2019/10/17-14:55:13.274395 7fc3a9fcb700 Options.compaction_options_fifo.ttl: 0
2019/10/17-14:55:13.274396 7fc3a9fcb700                   Options.table_properties_collectors: 
2019/10/17-14:55:13.274397 7fc3a9fcb700                   Options.inplace_update_support: 0
2019/10/17-14:55:13.274398 7fc3a9fcb700                 Options.inplace_update_num_locks: 10000
2019/10/17-14:55:13.274399 7fc3a9fcb700               Options.memtable_prefix_bloom_size_ratio: 0.000000
2019/10/17-14:55:13.274400 7fc3a9fcb700   Options.memtable_huge_page_size: 0
2019/10/17-14:55:13.274401 7fc3a9fcb700                           Options.bloom_locality: 0
2019/10/17-14:55:13.274402 7fc3a9fcb700                    Options.max_successive_merges: 0
2019/10/17-14:55:13.274403 7fc3a9fcb700                Options.optimize_filters_for_hits: 0
2019/10/17-14:55:13.274404 7fc3a9fcb700                Options.paranoid_file_checks: 0
2019/10/17-14:55:13.274405 7fc3a9fcb700                Options.force_consistency_checks: 0
2019/10/17-14:55:13.274406 7fc3a9fcb700                Options.report_bg_io_stats: 0
2019/10/17-14:55:13.274407 7fc3a9fcb700                               Options.ttl: 0
2019/10/17-14:55:13.274428 7fc3a9fcb700 [db/column_family.cc:472] --------------- Options for column family [entries]:
2019/10/17-14:55:13.274430 7fc3a9fcb700               Options.comparator: leveldb.BytewiseComparator
2019/10/17-14:55:13.274431 7fc3a9fcb700           Options.merge_operator: None
2019/10/17-14:55:13.274432 7fc3a9fcb700        Options.compaction_filter: None
2019/10/17-14:55:13.274433 7fc3a9fcb700        Options.compaction_filter_factory: None
2019/10/17-14:55:13.274434 7fc3a9fcb700         Options.memtable_factory: SkipListFactory
2019/10/17-14:55:13.274435 7fc3a9fcb700            Options.table_factory: BlockBasedTable
2019/10/17-14:55:13.274447 7fc3a9fcb700            table_factory options:   flush_block_policy_factory: FlushBlockBySizePolicyFactory (0x7fc350037b00)
  cache_index_and_filter_blocks: 0
  cache_index_and_filter_blocks_with_high_priority: 0
  pin_l0_filter_and_index_blocks_in_cache: 0
  pin_top_level_index_and_filter: 1
  index_type: 0
  hash_index_allow_collision: 1
  checksum: 1
  no_block_cache: 0
  block_cache: 0x7fc3500df650
  block_cache_name: LRUCache
  block_cache_options:
    capacity : 8388608
    num_shard_bits : 4
    strict_capacity_limit : 0
    memory_allocator : None
    high_pri_pool_ratio: 0.000
  block_cache_compressed: (nil)
  persistent_cache: (nil)
  block_size: 4096
  block_size_deviation: 10
  block_restart_interval: 16
  index_block_restart_interval: 1
  metadata_block_size: 4096
  partition_filters: 0
  use_delta_encoding: 1
  filter_policy: nullptr
  whole_key_filtering: 1
  verify_compression: 0
  read_amp_bytes_per_bit: 0
  format_version: 2
  enable_index_compression: 1
  block_align: 0
2019/10/17-14:55:13.274455 7fc3a9fcb700        Options.write_buffer_size: 67108864
2019/10/17-14:55:13.274457 7fc3a9fcb700  Options.max_write_buffer_number: 2
2019/10/17-14:55:13.274458 7fc3a9fcb700          Options.compression: NoCompression
2019/10/17-14:55:13.274459 7fc3a9fcb700                  Options.bottommost_compression: Disabled
2019/10/17-14:55:13.274460 7fc3a9fcb700       Options.prefix_extractor: nullptr
2019/10/17-14:55:13.274461 7fc3a9fcb700   Options.memtable_insert_with_hint_prefix_extractor: nullptr
2019/10/17-14:55:13.274461 7fc3a9fcb700             Options.num_levels: 7
2019/10/17-14:55:13.274462 7fc3a9fcb700        Options.min_write_buffer_number_to_merge: 1
2019/10/17-14:55:13.274463 7fc3a9fcb700     Options.max_write_buffer_number_to_maintain: 0
2019/10/17-14:55:13.274464 7fc3a9fcb700            Options.bottommost_compression_opts.window_bits: -14
2019/10/17-14:55:13.274465 7fc3a9fcb700                  Options.bottommost_compression_opts.level: 32767
2019/10/17-14:55:13.274466 7fc3a9fcb700               Options.bottommost_compression_opts.strategy: 0
2019/10/17-14:55:13.274467 7fc3a9fcb700         Options.bottommost_compression_opts.max_dict_bytes: 0
2019/10/17-14:55:13.274468 7fc3a9fcb700         Options.bottommost_compression_opts.zstd_max_train_bytes: 0
2019/10/17-14:55:13.274469 7fc3a9fcb700                  Options.bottommost_compression_opts.enabled: false
2019/10/17-14:55:13.274470 7fc3a9fcb700            Options.compression_opts.window_bits: -14
2019/10/17-14:55:13.274471 7fc3a9fcb700                  Options.compression_opts.level: 32767
2019/10/17-14:55:13.274472 7fc3a9fcb700               Options.compression_opts.strategy: 0
2019/10/17-14:55:13.274473 7fc3a9fcb700         Options.compression_opts.max_dict_bytes: 0
2019/10/17-14:55:13.274474 7fc3a9fcb700         Options.compression_opts.zstd_max_train_bytes: 0
2019/10/17-14:55:13.274475 7fc3a9fcb700                  Options.compression_opts.enabled: false
2019/10/17-14:55:13.274476 7fc3a9fcb700      Options.level0_file_num_compaction_trigger: 4
2019/10/17-14:55:13.274477 7fc3a9fcb700          Options.level0_slowdown_writes_trigger: 20
2019/10/17-14:55:13.274478 7fc3a9fcb700              Options.level0_stop_writes_trigger: 36
2019/10/17-14:55:13.274479 7fc3a9fcb700                   Options.target_file_size_base: 67108864
2019/10/17-14:55:13.274480 7fc3a9fcb700             Options.target_file_size_multiplier: 1
2019/10/17-14:55:13.274481 7fc3a9fcb700                Options.max_bytes_for_level_base: 268435456
2019/10/17-14:55:13.274482 7fc3a9fcb700 Options.level_compaction_dynamic_level_bytes: 0
2019/10/17-14:55:13.274483 7fc3a9fcb700          Options.max_bytes_for_level_multiplier: 10.000000
2019/10/17-14:55:13.274485 7fc3a9fcb700 Options.max_bytes_for_level_multiplier_addtl[0]: 1
2019/10/17-14:55:13.274486 7fc3a9fcb700 Options.max_bytes_for_level_multiplier_addtl[1]: 1
2019/10/17-14:55:13.274487 7fc3a9fcb700 Options.max_bytes_for_level_multiplier_addtl[2]: 1
2019/10/17-14:55:13.274488 7fc3a9fcb700 Options.max_bytes_for_level_multiplier_addtl[3]: 1
2019/10/17-14:55:13.274489 7fc3a9fcb700 Options.max_bytes_for_level_multiplier_addtl[4]: 1
2019/10/17-14:55:13.274490 7fc3a9fcb700 Options.max_bytes_for_level_multiplier_addtl[5]: 1
2019/10/17-14:55:13.274490 7fc3a9fcb700 Options.max_bytes_for_level_multiplier_addtl[6]: 1
2019/10/17-14:55:13.274492 7fc3a9fcb700       Options.max_sequential_skip_in_iterations: 8
2019/10/17-14:55:13.274492 7fc3a9fcb700                    Options.max_compaction_bytes: 1677721600
2019/10/17-14:55:13.274493 7fc3a9fcb700                        Options.arena_block_size: 8388608
2019/10/17-14:55:13.274494 7fc3a9fcb700   Options.soft_pending_compaction_bytes_limit: 68719476736
2019/10/17-14:55:13.274500 7fc3a9fcb700   Options.hard_pending_compaction_bytes_limit: 274877906944
2019/10/17-14:55:13.274501 7fc3a9fcb700       Options.rate_limit_delay_max_milliseconds: 100
2019/10/17-14:55:13.274502 7fc3a9fcb700                Options.disable_auto_compactions: 0
2019/10/17-14:55:13.274503 7fc3a9fcb700                        Options.compaction_style: kCompactionStyleLevel
2019/10/17-14:55:13.274505 7fc3a9fcb700                          Options.compaction_pri: kByCompensatedSize
2019/10/17-14:55:13.274506 7fc3a9fcb700 Options.compaction_options_universal.size_ratio: 1
2019/10/17-14:55:13.274507 7fc3a9fcb700 Options.compaction_options_universal.min_merge_width: 2
2019/10/17-14:55:13.274508 7fc3a9fcb700 Options.compaction_options_universal.max_merge_width: 4294967295
2019/10/17-14:55:13.274509 7fc3a9fcb700 Options.compaction_options_universal.max_size_amplification_percent: 200
2019/10/17-14:55:13.274510 7fc3a9fcb700 Options.compaction_options_universal.compression_size_percent: -1
2019/10/17-14:55:13.274511 7fc3a9fcb700 Options.compaction_options_universal.stop_style: kCompactionStopStyleTotalSize
2019/10/17-14:55:13.274512 7fc3a9fcb700 Options.compaction_options_fifo.max_table_files_size: 1073741824
2019/10/17-14:55:13.274513 7fc3a9fcb700 Options.compaction_options_fifo.allow_compaction: 0
2019/10/17-14:55:13.274514 7fc3a9fcb700 Options.compaction_options_fifo.ttl: 0
2019/10/17-14:55:13.274515 7fc3a9fcb700                   Options.table_properties_collectors: 
2019/10/17-14:55:13.274516 7fc3a9fcb700                   Options.inplace_update_support: 0
2019/10/17-14:55:13.274517 7fc3a9fcb700                 Options.inplace_update_num_locks: 10000
2019/10/17-14:55:13.274518 7fc3a9fcb700               Options.memtable_prefix_bloom_size_ratio: 0.000000
2019/10/17-14:55:13.274519 7fc3a9fcb700   Options.memtable_huge_page_size: 0
2019/10/17-14:55:13.274520 7fc3a9fcb700                           Options.bloom_locality: 0
2019/10/17-14:55:13.274521 7fc3a9fcb700                    Options.max_successive_merges: 0
2019/10/17-14:55:13.274522 7fc3a9fcb700                Options.optimize_filters_for_hits: 0
2019/10/17-14:55:13.274523 7fc3a9fcb700                Options.paranoid_file_checks: 0
2019/10/17-14:55:13.274524 7fc3a9fcb700                Options.force_consistency_checks: 0
2019/10/17-14:55:13.274525 7fc3a9fcb700                Options.report_bg_io_stats: 0
2019/10/17-14:55:13.274526 7fc3a9fcb700                               Options.ttl: 0
2019/10/17-14:55:13.274544 7fc3a9fcb700 [db/column_family.cc:472] --------------- Options for column family [dc_entries]:
2019/10/17-14:55:13.274546 7fc3a9fcb700               Options.comparator: leveldb.BytewiseComparator
2019/10/17-14:55:13.274547 7fc3a9fcb700           Options.merge_operator: None
2019/10/17-14:55:13.274548 7fc3a9fcb700        Options.compaction_filter: None
2019/10/17-14:55:13.274549 7fc3a9fcb700        Options.compaction_filter_factory: None
2019/10/17-14:55:13.274550 7fc3a9fcb700         Options.memtable_factory: SkipListFactory
2019/10/17-14:55:13.274551 7fc3a9fcb700            Options.table_factory: BlockBasedTable
2019/10/17-14:55:13.274563 7fc3a9fcb700            table_factory options:   flush_block_policy_factory: FlushBlockBySizePolicyFactory (0x7fc350044350)
  cache_index_and_filter_blocks: 0
  cache_index_and_filter_blocks_with_high_priority: 0
  pin_l0_filter_and_index_blocks_in_cache: 0
  pin_top_level_index_and_filter: 1
  index_type: 0
  hash_index_allow_collision: 1
  checksum: 1
  no_block_cache: 0
  block_cache: 0x7fc3500d2550
  block_cache_name: LRUCache
  block_cache_options:
    capacity : 8388608
    num_shard_bits : 4
    strict_capacity_limit : 0
    memory_allocator : None
    high_pri_pool_ratio: 0.000
  block_cache_compressed: (nil)
  persistent_cache: (nil)
  block_size: 4096
  block_size_deviation: 10
  block_restart_interval: 16
  index_block_restart_interval: 1
  metadata_block_size: 4096
  partition_filters: 0
  use_delta_encoding: 1
  filter_policy: nullptr
  whole_key_filtering: 1
  verify_compression: 0
  read_amp_bytes_per_bit: 0
  format_version: 2
  enable_index_compression: 1
  block_align: 0
2019/10/17-14:55:13.274570 7fc3a9fcb700        Options.write_buffer_size: 67108864
2019/10/17-14:55:13.274572 7fc3a9fcb700  Options.max_write_buffer_number: 2
2019/10/17-14:55:13.274573 7fc3a9fcb700          Options.compression: NoCompression
2019/10/17-14:55:13.274574 7fc3a9fcb700                  Options.bottommost_compression: Disabled
2019/10/17-14:55:13.274575 7fc3a9fcb700       Options.prefix_extractor: nullptr
2019/10/17-14:55:13.274576 7fc3a9fcb700   Options.memtable_insert_with_hint_prefix_extractor: nullptr
2019/10/17-14:55:13.274577 7fc3a9fcb700             Options.num_levels: 7
2019/10/17-14:55:13.274578 7fc3a9fcb700        Options.min_write_buffer_number_to_merge: 1
2019/10/17-14:55:13.274579 7fc3a9fcb700     Options.max_write_buffer_number_to_maintain: 0
2019/10/17-14:55:13.274580 7fc3a9fcb700            Options.bottommost_compression_opts.window_bits: -14
2019/10/17-14:55:13.274581 7fc3a9fcb700                  Options.bottommost_compression_opts.level: 32767
2019/10/17-14:55:13.274582 7fc3a9fcb700               Options.bottommost_compression_opts.strategy: 0
2019/10/17-14:55:13.274582 7fc3a9fcb700         Options.bottommost_compression_opts.max_dict_bytes: 0
2019/10/17-14:55:13.274583 7fc3a9fcb700         Options.bottommost_compression_opts.zstd_max_train_bytes: 0
2019/10/17-14:55:13.274584 7fc3a9fcb700                  Options.bottommost_compression_opts.enabled: false
2019/10/17-14:55:13.274585 7fc3a9fcb700            Options.compression_opts.window_bits: -14
2019/10/17-14:55:13.274586 7fc3a9fcb700                  Options.compression_opts.level: 32767
2019/10/17-14:55:13.274587 7fc3a9fcb700               Options.compression_opts.strategy: 0
2019/10/17-14:55:13.274588 7fc3a9fcb700         Options.compression_opts.max_dict_bytes: 0
2019/10/17-14:55:13.274589 7fc3a9fcb700         Options.compression_opts.zstd_max_train_bytes: 0
2019/10/17-14:55:13.274590 7fc3a9fcb700                  Options.compression_opts.enabled: false
2019/10/17-14:55:13.274591 7fc3a9fcb700      Options.level0_file_num_compaction_trigger: 4
2019/10/17-14:55:13.274592 7fc3a9fcb700          Options.level0_slowdown_writes_trigger: 20
2019/10/17-14:55:13.274593 7fc3a9fcb700              Options.level0_stop_writes_trigger: 36
2019/10/17-14:55:13.274594 7fc3a9fcb700                   Options.target_file_size_base: 67108864
2019/10/17-14:55:13.274595 7fc3a9fcb700             Options.target_file_size_multiplier: 1
2019/10/17-14:55:13.274596 7fc3a9fcb700                Options.max_bytes_for_level_base: 268435456
2019/10/17-14:55:13.274597 7fc3a9fcb700 Options.level_compaction_dynamic_level_bytes: 0
2019/10/17-14:55:13.274598 7fc3a9fcb700          Options.max_bytes_for_level_multiplier: 10.000000
2019/10/17-14:55:13.274599 7fc3a9fcb700 Options.max_bytes_for_level_multiplier_addtl[0]: 1
2019/10/17-14:55:13.274601 7fc3a9fcb700 Options.max_bytes_for_level_multiplier_addtl[1]: 1
2019/10/17-14:55:13.274602 7fc3a9fcb700 Options.max_bytes_for_level_multiplier_addtl[2]: 1
2019/10/17-14:55:13.274603 7fc3a9fcb700 Options.max_bytes_for_level_multiplier_addtl[3]: 1
2019/10/17-14:55:13.274604 7fc3a9fcb700 Options.max_bytes_for_level_multiplier_addtl[4]: 1
2019/10/17-14:55:13.274605 7fc3a9fcb700 Options.max_bytes_for_level_multiplier_addtl[5]: 1
2019/10/17-14:55:13.274605 7fc3a9fcb700 Options.max_bytes_for_level_multiplier_addtl[6]: 1
2019/10/17-14:55:13.274606 7fc3a9fcb700       Options.max_sequential_skip_in_iterations: 8
2019/10/17-14:55:13.274607 7fc3a9fcb700                    Options.max_compaction_bytes: 1677721600
2019/10/17-14:55:13.274608 7fc3a9fcb700                        Options.arena_block_size: 8388608
2019/10/17-14:55:13.274609 7fc3a9fcb700   Options.soft_pending_compaction_bytes_limit: 68719476736
2019/10/17-14:55:13.274610 7fc3a9fcb700   Options.hard_pending_compaction_bytes_limit: 274877906944
2019/10/17-14:55:13.274612 7fc3a9fcb700       Options.rate_limit_delay_max_milliseconds: 100
2019/10/17-14:55:13.274612 7fc3a9fcb700                Options.disable_auto_compactions: 0
2019/10/17-14:55:13.274618 7fc3a9fcb700                        Options.compaction_style: kCompactionStyleLevel
2019/10/17-14:55:13.274620 7fc3a9fcb700                          Options.compaction_pri: kByCompensatedSize
2019/10/17-14:55:13.274621 7fc3a9fcb700 Options.compaction_options_universal.size_ratio: 1
2019/10/17-14:55:13.274622 7fc3a9fcb700 Options.compaction_options_universal.min_merge_width: 2
2019/10/17-14:55:13.274623 7fc3a9fcb700 Options.compaction_options_universal.max_merge_width: 4294967295
2019/10/17-14:55:13.274624 7fc3a9fcb700 Options.compaction_options_universal.max_size_amplification_percent: 200
2019/10/17-14:55:13.274625 7fc3a9fcb700 Options.compaction_options_universal.compression_size_percent: -1
2019/10/17-14:55:13.274626 7fc3a9fcb700 Options.compaction_options_universal.stop_style: kCompactionStopStyleTotalSize
2019/10/17-14:55:13.274627 7fc3a9fcb700 Options.compaction_options_fifo.max_table_files_size: 1073741824
2019/10/17-14:55:13.274628 7fc3a9fcb700 Options.compaction_options_fifo.allow_compaction: 0
2019/10/17-14:55:13.274629 7fc3a9fcb700 Options.compaction_options_fifo.ttl: 0
2019/10/17-14:55:13.274630 7fc3a9fcb700                   Options.table_properties_collectors: 
2019/10/17-14:55:13.274631 7fc3a9fcb700                   Options.inplace_update_support: 0
2019/10/17-14:55:13.274632 7fc3a9fcb700                 Options.inplace_update_num_locks: 10000
2019/10/17-14:55:13.274633 7fc3a9fcb700               Options.memtable_prefix_bloom_size_ratio: 0.000000
2019/10/17-14:55:13.274634 7fc3a9fcb700   Options.memtable_huge_page_size: 0
2019/10/17-14:55:13.274635 7fc3a9fcb700                           Options.bloom_locality: 0
2019/10/17-14:55:13.274636 7fc3a9fcb700                    Options.max_successive_merges: 0
2019/10/17-14:55:13.274637 7fc3a9fcb700                Options.optimize_filters_for_hits: 0
2019/10/17-14:55:13.274638 7fc3a9fcb700                Options.paranoid_file_checks: 0
2019/10/17-14:55:13.274639 7fc3a9fcb700                Options.force_consistency_checks: 0
2019/10/17-14:55:13.274640 7fc3a9fcb700                Options.report_bg_io_stats: 0
2019/10/17-14:55:13.274641 7fc3a9fcb700                               Options.ttl: 0
2019/10/17-14:55:13.274656 7fc3a9fcb700 [db/column_family.cc:472] --------------- Options for column family [htlcs]:
2019/10/17-14:55:13.274658 7fc3a9fcb700               Options.comparator: leveldb.BytewiseComparator
2019/10/17-14:55:13.274659 7fc3a9fcb700           Options.merge_operator: None
2019/10/17-14:55:13.274660 7fc3a9fcb700        Options.compaction_filter: None
2019/10/17-14:55:13.274661 7fc3a9fcb700        Options.compaction_filter_factory: None
2019/10/17-14:55:13.274662 7fc3a9fcb700         Options.memtable_factory: SkipListFactory
2019/10/17-14:55:13.274663 7fc3a9fcb700            Options.table_factory: BlockBasedTable
2019/10/17-14:55:13.274675 7fc3a9fcb700            table_factory options:   flush_block_policy_factory: FlushBlockBySizePolicyFactory (0x7fc350020130)
