2019/10/17-14:55:05.913483 7fc3a9fcb700 RocksDB version: 5.18.3
2019/10/17-14:55:05.913536 7fc3a9fcb700 Git sha rocksdb_build_git_sha:@0@
2019/10/17-14:55:05.913539 7fc3a9fcb700 Compile date Sep 19 2019
2019/10/17-14:55:05.913541 7fc3a9fcb700 DB SUMMARY
2019/10/17-14:55:05.914741 7fc3a9fcb700 CURRENT file:  CURRENT
2019/10/17-14:55:05.914744 7fc3a9fcb700 IDENTITY file:  IDENTITY
2019/10/17-14:55:05.914793 7fc3a9fcb700 MANIFEST file:  MANIFEST-116317 size: 4114 Bytes
2019/10/17-14:55:05.914796 7fc3a9fcb700 SST files in /home/rahul/dev/blockchain-core/eqc/ledger.db dir, Total Num: 29, files: 000624.sst 000627.sst 106940.sst 108447.sst 108450.sst 109471.sst 109483.sst 109485.sst 109486.sst 
2019/10/17-14:55:05.914798 7fc3a9fcb700 Write Ahead Log file in /home/rahul/dev/blockchain-core/eqc/ledger.db: 116318.log size: 0 ; 
2019/10/17-14:55:05.914854 7fc3a9fcb700                         Options.error_if_exists: 0
2019/10/17-14:55:05.914856 7fc3a9fcb700                       Options.create_if_missing: 1
2019/10/17-14:55:05.914857 7fc3a9fcb700                         Options.paranoid_checks: 1
2019/10/17-14:55:05.914859 7fc3a9fcb700                                     Options.env: 0x7fc32ae1fc60
2019/10/17-14:55:05.914860 7fc3a9fcb700                                Options.info_log: 0x7fc35002ef90
2019/10/17-14:55:05.914862 7fc3a9fcb700                Options.max_file_opening_threads: 16
2019/10/17-14:55:05.914863 7fc3a9fcb700                              Options.statistics: (nil)
2019/10/17-14:55:05.914864 7fc3a9fcb700                               Options.use_fsync: 0
2019/10/17-14:55:05.914866 7fc3a9fcb700                       Options.max_log_file_size: 0
2019/10/17-14:55:05.914867 7fc3a9fcb700                  Options.max_manifest_file_size: 1073741824
2019/10/17-14:55:05.914869 7fc3a9fcb700                   Options.log_file_time_to_roll: 0
2019/10/17-14:55:05.914870 7fc3a9fcb700                       Options.keep_log_file_num: 1000
2019/10/17-14:55:05.914871 7fc3a9fcb700                    Options.recycle_log_file_num: 0
2019/10/17-14:55:05.914872 7fc3a9fcb700                         Options.allow_fallocate: 1
2019/10/17-14:55:05.914874 7fc3a9fcb700                        Options.allow_mmap_reads: 0
2019/10/17-14:55:05.914875 7fc3a9fcb700                       Options.allow_mmap_writes: 0
2019/10/17-14:55:05.914876 7fc3a9fcb700                        Options.use_direct_reads: 0
2019/10/17-14:55:05.914878 7fc3a9fcb700                        Options.use_direct_io_for_flush_and_compaction: 0
2019/10/17-14:55:05.914879 7fc3a9fcb700          Options.create_missing_column_families: 0
2019/10/17-14:55:05.914880 7fc3a9fcb700                              Options.db_log_dir: 
2019/10/17-14:55:05.914881 7fc3a9fcb700                                 Options.wal_dir: /home/rahul/dev/blockchain-core/eqc/ledger.db
2019/10/17-14:55:05.914883 7fc3a9fcb700                Options.table_cache_numshardbits: 6
2019/10/17-14:55:05.914884 7fc3a9fcb700                      Options.max_subcompactions: 1
2019/10/17-14:55:05.914885 7fc3a9fcb700                  Options.max_background_flushes: -1
2019/10/17-14:55:05.914887 7fc3a9fcb700                         Options.WAL_ttl_seconds: 0
2019/10/17-14:55:05.914888 7fc3a9fcb700                       Options.WAL_size_limit_MB: 0
2019/10/17-14:55:05.914889 7fc3a9fcb700             Options.manifest_preallocation_size: 4194304
2019/10/17-14:55:05.914890 7fc3a9fcb700                     Options.is_fd_close_on_exec: 1
2019/10/17-14:55:05.914892 7fc3a9fcb700                   Options.advise_random_on_open: 1
2019/10/17-14:55:05.914893 7fc3a9fcb700                    Options.db_write_buffer_size: 0
2019/10/17-14:55:05.914894 7fc3a9fcb700                    Options.write_buffer_manager: 0x7fc35006ffb0
2019/10/17-14:55:05.914895 7fc3a9fcb700         Options.access_hint_on_compaction_start: 1
2019/10/17-14:55:05.914897 7fc3a9fcb700  Options.new_table_reader_for_compaction_inputs: 0
2019/10/17-14:55:05.914898 7fc3a9fcb700           Options.random_access_max_buffer_size: 1048576
2019/10/17-14:55:05.914899 7fc3a9fcb700                      Options.use_adaptive_mutex: 0
2019/10/17-14:55:05.914900 7fc3a9fcb700                            Options.rate_limiter: (nil)
2019/10/17-14:55:05.914917 7fc3a9fcb700     Options.sst_file_manager.rate_bytes_per_sec: 0
2019/10/17-14:55:05.914918 7fc3a9fcb700                       Options.wal_recovery_mode: 2
2019/10/17-14:55:05.914920 7fc3a9fcb700                  Options.enable_thread_tracking: 0
2019/10/17-14:55:05.914921 7fc3a9fcb700                  Options.enable_pipelined_write: 0
2019/10/17-14:55:05.914922 7fc3a9fcb700         Options.allow_concurrent_memtable_write: 1
2019/10/17-14:55:05.914923 7fc3a9fcb700      Options.enable_write_thread_adaptive_yield: 1
2019/10/17-14:55:05.914925 7fc3a9fcb700             Options.write_thread_max_yield_usec: 100
2019/10/17-14:55:05.914926 7fc3a9fcb700            Options.write_thread_slow_yield_usec: 3
2019/10/17-14:55:05.914927 7fc3a9fcb700                               Options.row_cache: None
2019/10/17-14:55:05.914929 7fc3a9fcb700                              Options.wal_filter: None
2019/10/17-14:55:05.914930 7fc3a9fcb700             Options.avoid_flush_during_recovery: 0
2019/10/17-14:55:05.914931 7fc3a9fcb700             Options.allow_ingest_behind: 0
2019/10/17-14:55:05.914933 7fc3a9fcb700             Options.preserve_deletes: 0
2019/10/17-14:55:05.914934 7fc3a9fcb700             Options.two_write_queues: 0
2019/10/17-14:55:05.914935 7fc3a9fcb700             Options.manual_wal_flush: 0
2019/10/17-14:55:05.914936 7fc3a9fcb700             Options.max_background_jobs: 2
2019/10/17-14:55:05.914938 7fc3a9fcb700             Options.max_background_compactions: -1
2019/10/17-14:55:05.914939 7fc3a9fcb700             Options.avoid_flush_during_shutdown: 0
2019/10/17-14:55:05.914940 7fc3a9fcb700           Options.writable_file_max_buffer_size: 1048576
2019/10/17-14:55:05.914941 7fc3a9fcb700             Options.delayed_write_rate : 16777216
2019/10/17-14:55:05.914943 7fc3a9fcb700             Options.max_total_wal_size: 0
2019/10/17-14:55:05.914944 7fc3a9fcb700             Options.delete_obsolete_files_period_micros: 21600000000
2019/10/17-14:55:05.914945 7fc3a9fcb700                   Options.stats_dump_period_sec: 600
2019/10/17-14:55:05.914947 7fc3a9fcb700                          Options.max_open_files: -1
2019/10/17-14:55:05.914948 7fc3a9fcb700                          Options.bytes_per_sync: 0
2019/10/17-14:55:05.914949 7fc3a9fcb700                      Options.wal_bytes_per_sync: 0
2019/10/17-14:55:05.914950 7fc3a9fcb700       Options.compaction_readahead_size: 0
2019/10/17-14:55:05.914951 7fc3a9fcb700 Compression algorithms supported:
2019/10/17-14:55:05.914953 7fc3a9fcb700 	kZSTDNotFinalCompression supported: 0
2019/10/17-14:55:05.914955 7fc3a9fcb700 	kZSTD supported: 0
2019/10/17-14:55:05.914956 7fc3a9fcb700 	kXpressCompression supported: 0
2019/10/17-14:55:05.914958 7fc3a9fcb700 	kLZ4HCCompression supported: 0
2019/10/17-14:55:05.914959 7fc3a9fcb700 	kLZ4Compression supported: 0
2019/10/17-14:55:05.914960 7fc3a9fcb700 	kBZip2Compression supported: 0
2019/10/17-14:55:05.914962 7fc3a9fcb700 	kZlibCompression supported: 0
2019/10/17-14:55:05.914963 7fc3a9fcb700 	kSnappyCompression supported: 0
2019/10/17-14:55:05.914966 7fc3a9fcb700 Fast CRC32 supported: Supported on x86
2019/10/17-14:55:05.915123 7fc3a9fcb700 [db/version_set.cc:3507] Recovering from manifest file: MANIFEST-116317
2019/10/17-14:55:05.915177 7fc3a9fcb700 [db/column_family.cc:472] --------------- Options for column family [default]:
2019/10/17-14:55:05.915180 7fc3a9fcb700               Options.comparator: leveldb.BytewiseComparator
2019/10/17-14:55:05.915181 7fc3a9fcb700           Options.merge_operator: None
2019/10/17-14:55:05.915182 7fc3a9fcb700        Options.compaction_filter: None
2019/10/17-14:55:05.915184 7fc3a9fcb700        Options.compaction_filter_factory: None
2019/10/17-14:55:05.915185 7fc3a9fcb700         Options.memtable_factory: SkipListFactory
2019/10/17-14:55:05.915186 7fc3a9fcb700            Options.table_factory: BlockBasedTable
2019/10/17-14:55:05.915209 7fc3a9fcb700            table_factory options:   flush_block_policy_factory: FlushBlockBySizePolicyFactory (0x7fc3500253a0)
  cache_index_and_filter_blocks: 0
  cache_index_and_filter_blocks_with_high_priority: 0
  pin_l0_filter_and_index_blocks_in_cache: 0
  pin_top_level_index_and_filter: 1
  index_type: 0
  hash_index_allow_collision: 1
  checksum: 1
  no_block_cache: 0
  block_cache: 0x7fc35001a470
  block_cache_name: LRUCache
  block_cache_options:
    capacity : 8388608
    num_shard_bits : 4
    strict_capacity_limit : 0
    memory_allocator : None
    high_pri_pool_ratio: 0.000
  block_cache_compressed: (nil)
  persistent_cache: (nil)
  block_size: 4096
  block_size_deviation: 10
  block_restart_interval: 16
  index_block_restart_interval: 1
  metadata_block_size: 4096
  partition_filters: 0
  use_delta_encoding: 1
  filter_policy: nullptr
  whole_key_filtering: 1
  verify_compression: 0
  read_amp_bytes_per_bit: 0
  format_version: 2
  enable_index_compression: 1
  block_align: 0
2019/10/17-14:55:05.915223 7fc3a9fcb700        Options.write_buffer_size: 67108864
2019/10/17-14:55:05.915225 7fc3a9fcb700  Options.max_write_buffer_number: 2
2019/10/17-14:55:05.915227 7fc3a9fcb700          Options.compression: NoCompression
2019/10/17-14:55:05.915228 7fc3a9fcb700                  Options.bottommost_compression: Disabled
2019/10/17-14:55:05.915229 7fc3a9fcb700       Options.prefix_extractor: nullptr
2019/10/17-14:55:05.915231 7fc3a9fcb700   Options.memtable_insert_with_hint_prefix_extractor: nullptr
2019/10/17-14:55:05.915232 7fc3a9fcb700             Options.num_levels: 7
2019/10/17-14:55:05.915233 7fc3a9fcb700        Options.min_write_buffer_number_to_merge: 1
2019/10/17-14:55:05.915235 7fc3a9fcb700     Options.max_write_buffer_number_to_maintain: 0
2019/10/17-14:55:05.915236 7fc3a9fcb700            Options.bottommost_compression_opts.window_bits: -14
2019/10/17-14:55:05.915237 7fc3a9fcb700                  Options.bottommost_compression_opts.level: 32767
2019/10/17-14:55:05.915238 7fc3a9fcb700               Options.bottommost_compression_opts.strategy: 0
2019/10/17-14:55:05.915240 7fc3a9fcb700         Options.bottommost_compression_opts.max_dict_bytes: 0
2019/10/17-14:55:05.915241 7fc3a9fcb700         Options.bottommost_compression_opts.zstd_max_train_bytes: 0
2019/10/17-14:55:05.915242 7fc3a9fcb700                  Options.bottommost_compression_opts.enabled: false
2019/10/17-14:55:05.915244 7fc3a9fcb700            Options.compression_opts.window_bits: -14
2019/10/17-14:55:05.915245 7fc3a9fcb700                  Options.compression_opts.level: 32767
2019/10/17-14:55:05.915246 7fc3a9fcb700               Options.compression_opts.strategy: 0
2019/10/17-14:55:05.915247 7fc3a9fcb700         Options.compression_opts.max_dict_bytes: 0
2019/10/17-14:55:05.915249 7fc3a9fcb700         Options.compression_opts.zstd_max_train_bytes: 0
2019/10/17-14:55:05.915250 7fc3a9fcb700                  Options.compression_opts.enabled: false
2019/10/17-14:55:05.915251 7fc3a9fcb700      Options.level0_file_num_compaction_trigger: 4
2019/10/17-14:55:05.915252 7fc3a9fcb700          Options.level0_slowdown_writes_trigger: 20
2019/10/17-14:55:05.915253 7fc3a9fcb700              Options.level0_stop_writes_trigger: 36
2019/10/17-14:55:05.915255 7fc3a9fcb700                   Options.target_file_size_base: 67108864
2019/10/17-14:55:05.915256 7fc3a9fcb700             Options.target_file_size_multiplier: 1
2019/10/17-14:55:05.915257 7fc3a9fcb700                Options.max_bytes_for_level_base: 268435456
2019/10/17-14:55:05.915259 7fc3a9fcb700 Options.level_compaction_dynamic_level_bytes: 0
2019/10/17-14:55:05.915260 7fc3a9fcb700          Options.max_bytes_for_level_multiplier: 10.000000
2019/10/17-14:55:05.915263 7fc3a9fcb700 Options.max_bytes_for_level_multiplier_addtl[0]: 1
2019/10/17-14:55:05.915264 7fc3a9fcb700 Options.max_bytes_for_level_multiplier_addtl[1]: 1
2019/10/17-14:55:05.915266 7fc3a9fcb700 Options.max_bytes_for_level_multiplier_addtl[2]: 1
2019/10/17-14:55:05.915267 7fc3a9fcb700 Options.max_bytes_for_level_multiplier_addtl[3]: 1
2019/10/17-14:55:05.915268 7fc3a9fcb700 Options.max_bytes_for_level_multiplier_addtl[4]: 1
2019/10/17-14:55:05.915276 7fc3a9fcb700 Options.max_bytes_for_level_multiplier_addtl[5]: 1
2019/10/17-14:55:05.915277 7fc3a9fcb700 Options.max_bytes_for_level_multiplier_addtl[6]: 1
2019/10/17-14:55:05.915278 7fc3a9fcb700       Options.max_sequential_skip_in_iterations: 8
2019/10/17-14:55:05.915280 7fc3a9fcb700                    Options.max_compaction_bytes: 1677721600
2019/10/17-14:55:05.915281 7fc3a9fcb700                        Options.arena_block_size: 8388608
2019/10/17-14:55:05.915282 7fc3a9fcb700   Options.soft_pending_compaction_bytes_limit: 68719476736
2019/10/17-14:55:05.915283 7fc3a9fcb700   Options.hard_pending_compaction_bytes_limit: 274877906944
2019/10/17-14:55:05.915285 7fc3a9fcb700       Options.rate_limit_delay_max_milliseconds: 100
2019/10/17-14:55:05.915286 7fc3a9fcb700                Options.disable_auto_compactions: 0
2019/10/17-14:55:05.915288 7fc3a9fcb700                        Options.compaction_style: kCompactionStyleLevel
2019/10/17-14:55:05.915290 7fc3a9fcb700                          Options.compaction_pri: kByCompensatedSize
2019/10/17-14:55:05.915292 7fc3a9fcb700 Options.compaction_options_universal.size_ratio: 1
2019/10/17-14:55:05.915293 7fc3a9fcb700 Options.compaction_options_universal.min_merge_width: 2
2019/10/17-14:55:05.915294 7fc3a9fcb700 Options.compaction_options_universal.max_merge_width: 4294967295
2019/10/17-14:55:05.915295 7fc3a9fcb700 Options.compaction_options_universal.max_size_amplification_percent: 200
2019/10/17-14:55:05.915297 7fc3a9fcb700 Options.compaction_options_universal.compression_size_percent: -1
2019/10/17-14:55:05.915298 7fc3a9fcb700 Options.compaction_options_universal.stop_style: kCompactionStopStyleTotalSize
2019/10/17-14:55:05.915300 7fc3a9fcb700 Options.compaction_options_fifo.max_table_files_size: 1073741824
2019/10/17-14:55:05.915301 7fc3a9fcb700 Options.compaction_options_fifo.allow_compaction: 0
2019/10/17-14:55:05.915302 7fc3a9fcb700 Options.compaction_options_fifo.ttl: 0
2019/10/17-14:55:05.915304 7fc3a9fcb700                   Options.table_properties_collectors: 
2019/10/17-14:55:05.915305 7fc3a9fcb700                   Options.inplace_update_support: 0
2019/10/17-14:55:05.915306 7fc3a9fcb700                 Options.inplace_update_num_locks: 10000
2019/10/17-14:55:05.915307 7fc3a9fcb700               Options.memtable_prefix_bloom_size_ratio: 0.000000
2019/10/17-14:55:05.915309 7fc3a9fcb700   Options.memtable_huge_page_size: 0
2019/10/17-14:55:05.915311 7fc3a9fcb700                           Options.bloom_locality: 0
2019/10/17-14:55:05.915312 7fc3a9fcb700                    Options.max_successive_merges: 0
2019/10/17-14:55:05.915313 7fc3a9fcb700                Options.optimize_filters_for_hits: 0
2019/10/17-14:55:05.915314 7fc3a9fcb700                Options.paranoid_file_checks: 0
2019/10/17-14:55:05.915316 7fc3a9fcb700                Options.force_consistency_checks: 0
2019/10/17-14:55:05.915317 7fc3a9fcb700                Options.report_bg_io_stats: 0
2019/10/17-14:55:05.915318 7fc3a9fcb700                               Options.ttl: 0
2019/10/17-14:55:05.915363 7fc3a9fcb700 [db/column_family.cc:472] --------------- Options for column family [active_gateways]:
2019/10/17-14:55:05.915366 7fc3a9fcb700               Options.comparator: leveldb.BytewiseComparator
2019/10/17-14:55:05.915367 7fc3a9fcb700           Options.merge_operator: None
2019/10/17-14:55:05.915369 7fc3a9fcb700        Options.compaction_filter: None
2019/10/17-14:55:05.915370 7fc3a9fcb700        Options.compaction_filter_factory: None
2019/10/17-14:55:05.915371 7fc3a9fcb700         Options.memtable_factory: SkipListFactory
2019/10/17-14:55:05.915373 7fc3a9fcb700            Options.table_factory: BlockBasedTable
2019/10/17-14:55:05.915390 7fc3a9fcb700            table_factory options:   flush_block_policy_factory: FlushBlockBySizePolicyFactory (0x7fc3500a06b0)
  cache_index_and_filter_blocks: 0
  cache_index_and_filter_blocks_with_high_priority: 0
  pin_l0_filter_and_index_blocks_in_cache: 0
  pin_top_level_index_and_filter: 1
  index_type: 0
  hash_index_allow_collision: 1
  checksum: 1
  no_block_cache: 0
  block_cache: 0x7fc350013540
  block_cache_name: LRUCache
  block_cache_options:
    capacity : 8388608
    num_shard_bits : 4
    strict_capacity_limit : 0
    memory_allocator : None
    high_pri_pool_ratio: 0.000
  block_cache_compressed: (nil)
  persistent_cache: (nil)
  block_size: 4096
  block_size_deviation: 10
  block_restart_interval: 16
  index_block_restart_interval: 1
  metadata_block_size: 4096
  partition_filters: 0
  use_delta_encoding: 1
  filter_policy: nullptr
  whole_key_filtering: 1
  verify_compression: 0
  read_amp_bytes_per_bit: 0
  format_version: 2
  enable_index_compression: 1
  block_align: 0
2019/10/17-14:55:05.915400 7fc3a9fcb700        Options.write_buffer_size: 67108864
2019/10/17-14:55:05.915402 7fc3a9fcb700  Options.max_write_buffer_number: 2
2019/10/17-14:55:05.915403 7fc3a9fcb700          Options.compression: NoCompression
2019/10/17-14:55:05.915405 7fc3a9fcb700                  Options.bottommost_compression: Disabled
2019/10/17-14:55:05.915406 7fc3a9fcb700       Options.prefix_extractor: nullptr
2019/10/17-14:55:05.915407 7fc3a9fcb700   Options.memtable_insert_with_hint_prefix_extractor: nullptr
2019/10/17-14:55:05.915408 7fc3a9fcb700             Options.num_levels: 7
2019/10/17-14:55:05.915410 7fc3a9fcb700        Options.min_write_buffer_number_to_merge: 1
2019/10/17-14:55:05.915411 7fc3a9fcb700     Options.max_write_buffer_number_to_maintain: 0
2019/10/17-14:55:05.915412 7fc3a9fcb700            Options.bottommost_compression_opts.window_bits: -14
2019/10/17-14:55:05.915413 7fc3a9fcb700                  Options.bottommost_compression_opts.level: 32767
2019/10/17-14:55:05.915415 7fc3a9fcb700               Options.bottommost_compression_opts.strategy: 0
2019/10/17-14:55:05.915416 7fc3a9fcb700         Options.bottommost_compression_opts.max_dict_bytes: 0
2019/10/17-14:55:05.915417 7fc3a9fcb700         Options.bottommost_compression_opts.zstd_max_train_bytes: 0
2019/10/17-14:55:05.915418 7fc3a9fcb700                  Options.bottommost_compression_opts.enabled: false
2019/10/17-14:55:05.915420 7fc3a9fcb700            Options.compression_opts.window_bits: -14
2019/10/17-14:55:05.915421 7fc3a9fcb700                  Options.compression_opts.level: 32767
2019/10/17-14:55:05.915422 7fc3a9fcb700               Options.compression_opts.strategy: 0
2019/10/17-14:55:05.915423 7fc3a9fcb700         Options.compression_opts.max_dict_bytes: 0
2019/10/17-14:55:05.915424 7fc3a9fcb700         Options.compression_opts.zstd_max_train_bytes: 0
2019/10/17-14:55:05.915426 7fc3a9fcb700                  Options.compression_opts.enabled: false
2019/10/17-14:55:05.915427 7fc3a9fcb700      Options.level0_file_num_compaction_trigger: 4
2019/10/17-14:55:05.915428 7fc3a9fcb700          Options.level0_slowdown_writes_trigger: 20
2019/10/17-14:55:05.915429 7fc3a9fcb700              Options.level0_stop_writes_trigger: 36
2019/10/17-14:55:05.915431 7fc3a9fcb700                   Options.target_file_size_base: 67108864
2019/10/17-14:55:05.915432 7fc3a9fcb700             Options.target_file_size_multiplier: 1
2019/10/17-14:55:05.915433 7fc3a9fcb700                Options.max_bytes_for_level_base: 268435456
2019/10/17-14:55:05.915434 7fc3a9fcb700 Options.level_compaction_dynamic_level_bytes: 0
2019/10/17-14:55:05.915436 7fc3a9fcb700          Options.max_bytes_for_level_multiplier: 10.000000
2019/10/17-14:55:05.915438 7fc3a9fcb700 Options.max_bytes_for_level_multiplier_addtl[0]: 1
2019/10/17-14:55:05.915439 7fc3a9fcb700 Options.max_bytes_for_level_multiplier_addtl[1]: 1
2019/10/17-14:55:05.915441 7fc3a9fcb700 Options.max_bytes_for_level_multiplier_addtl[2]: 1
2019/10/17-14:55:05.915442 7fc3a9fcb700 Options.max_bytes_for_level_multiplier_addtl[3]: 1
2019/10/17-14:55:05.915443 7fc3a9fcb700 Options.max_bytes_for_level_multiplier_addtl[4]: 1
2019/10/17-14:55:05.915445 7fc3a9fcb700 Options.max_bytes_for_level_multiplier_addtl[5]: 1
2019/10/17-14:55:05.915446 7fc3a9fcb700 Options.max_bytes_for_level_multiplier_addtl[6]: 1
2019/10/17-14:55:05.915447 7fc3a9fcb700       Options.max_sequential_skip_in_iterations: 8
2019/10/17-14:55:05.915455 7fc3a9fcb700                    Options.max_compaction_bytes: 1677721600
2019/10/17-14:55:05.915457 7fc3a9fcb700                        Options.arena_block_size: 8388608
2019/10/17-14:55:05.915458 7fc3a9fcb700   Options.soft_pending_compaction_bytes_limit: 68719476736
2019/10/17-14:55:05.915459 7fc3a9fcb700   Options.hard_pending_compaction_bytes_limit: 274877906944
2019/10/17-14:55:05.915460 7fc3a9fcb700       Options.rate_limit_delay_max_milliseconds: 100
2019/10/17-14:55:05.915462 7fc3a9fcb700                Options.disable_auto_compactions: 0
2019/10/17-14:55:05.915463 7fc3a9fcb700                        Options.compaction_style: kCompactionStyleLevel
2019/10/17-14:55:05.915465 7fc3a9fcb700                          Options.compaction_pri: kByCompensatedSize
2019/10/17-14:55:05.915466 7fc3a9fcb700 Options.compaction_options_universal.size_ratio: 1
2019/10/17-14:55:05.915467 7fc3a9fcb700 Options.compaction_options_universal.min_merge_width: 2
2019/10/17-14:55:05.915468 7fc3a9fcb700 Options.compaction_options_universal.max_merge_width: 4294967295
2019/10/17-14:55:05.915470 7fc3a9fcb700 Options.compaction_options_universal.max_size_amplification_percent: 200
2019/10/17-14:55:05.915471 7fc3a9fcb700 Options.compaction_options_universal.compression_size_percent: -1
2019/10/17-14:55:05.915472 7fc3a9fcb700 Options.compaction_options_universal.stop_style: kCompactionStopStyleTotalSize
2019/10/17-14:55:05.915474 7fc3a9fcb700 Options.compaction_options_fifo.max_table_files_size: 1073741824
2019/10/17-14:55:05.915475 7fc3a9fcb700 Options.compaction_options_fifo.allow_compaction: 0
2019/10/17-14:55:05.915476 7fc3a9fcb700 Options.compaction_options_fifo.ttl: 0
2019/10/17-14:55:05.915477 7fc3a9fcb700                   Options.table_properties_collectors: 
2019/10/17-14:55:05.915479 7fc3a9fcb700                   Options.inplace_update_support: 0
2019/10/17-14:55:05.915480 7fc3a9fcb700                 Options.inplace_update_num_locks: 10000
2019/10/17-14:55:05.915481 7fc3a9fcb700               Options.memtable_prefix_bloom_size_ratio: 0.000000
2019/10/17-14:55:05.915483 7fc3a9fcb700   Options.memtable_huge_page_size: 0
2019/10/17-14:55:05.915484 7fc3a9fcb700                           Options.bloom_locality: 0
2019/10/17-14:55:05.915486 7fc3a9fcb700                    Options.max_successive_merges: 0
2019/10/17-14:55:05.915487 7fc3a9fcb700                Options.optimize_filters_for_hits: 0
2019/10/17-14:55:05.915488 7fc3a9fcb700                Options.paranoid_file_checks: 0
2019/10/17-14:55:05.915489 7fc3a9fcb700                Options.force_consistency_checks: 0
2019/10/17-14:55:05.915490 7fc3a9fcb700                Options.report_bg_io_stats: 0
2019/10/17-14:55:05.915492 7fc3a9fcb700                               Options.ttl: 0
2019/10/17-14:55:05.915518 7fc3a9fcb700 [db/column_family.cc:472] --------------- Options for column family [entries]:
2019/10/17-14:55:05.915520 7fc3a9fcb700               Options.comparator: leveldb.BytewiseComparator
2019/10/17-14:55:05.915521 7fc3a9fcb700           Options.merge_operator: None
2019/10/17-14:55:05.915523 7fc3a9fcb700        Options.compaction_filter: None
2019/10/17-14:55:05.915524 7fc3a9fcb700        Options.compaction_filter_factory: None
2019/10/17-14:55:05.915525 7fc3a9fcb700         Options.memtable_factory: SkipListFactory
2019/10/17-14:55:05.915526 7fc3a9fcb700            Options.table_factory: BlockBasedTable
2019/10/17-14:55:05.915542 7fc3a9fcb700            table_factory options:   flush_block_policy_factory: FlushBlockBySizePolicyFactory (0x7fc35006d4e0)
  cache_index_and_filter_blocks: 0
  cache_index_and_filter_blocks_with_high_priority: 0
  pin_l0_filter_and_index_blocks_in_cache: 0
  pin_top_level_index_and_filter: 1
  index_type: 0
  hash_index_allow_collision: 1
  checksum: 1
  no_block_cache: 0
  block_cache: 0x7fc350094e50
  block_cache_name: LRUCache
  block_cache_options:
    capacity : 8388608
    num_shard_bits : 4
    strict_capacity_limit : 0
    memory_allocator : None
    high_pri_pool_ratio: 0.000
  block_cache_compressed: (nil)
  persistent_cache: (nil)
  block_size: 4096
  block_size_deviation: 10
  block_restart_interval: 16
  index_block_restart_interval: 1
  metadata_block_size: 4096
  partition_filters: 0
  use_delta_encoding: 1
  filter_policy: nullptr
  whole_key_filtering: 1
  verify_compression: 0
  read_amp_bytes_per_bit: 0
  format_version: 2
  enable_index_compression: 1
  block_align: 0
2019/10/17-14:55:05.915552 7fc3a9fcb700        Options.write_buffer_size: 67108864
2019/10/17-14:55:05.915554 7fc3a9fcb700  Options.max_write_buffer_number: 2
2019/10/17-14:55:05.915555 7fc3a9fcb700          Options.compression: NoCompression
2019/10/17-14:55:05.915556 7fc3a9fcb700                  Options.bottommost_compression: Disabled
2019/10/17-14:55:05.915557 7fc3a9fcb700       Options.prefix_extractor: nullptr
2019/10/17-14:55:05.915559 7fc3a9fcb700   Options.memtable_insert_with_hint_prefix_extractor: nullptr
2019/10/17-14:55:05.915560 7fc3a9fcb700             Options.num_levels: 7
2019/10/17-14:55:05.915561 7fc3a9fcb700        Options.min_write_buffer_number_to_merge: 1
2019/10/17-14:55:05.915563 7fc3a9fcb700     Options.max_write_buffer_number_to_maintain: 0
2019/10/17-14:55:05.915564 7fc3a9fcb700            Options.bottommost_compression_opts.window_bits: -14
2019/10/17-14:55:05.915565 7fc3a9fcb700                  Options.bottommost_compression_opts.level: 32767
2019/10/17-14:55:05.915566 7fc3a9fcb700               Options.bottommost_compression_opts.strategy: 0
2019/10/17-14:55:05.915567 7fc3a9fcb700         Options.bottommost_compression_opts.max_dict_bytes: 0
2019/10/17-14:55:05.915569 7fc3a9fcb700         Options.bottommost_compression_opts.zstd_max_train_bytes: 0
2019/10/17-14:55:05.915570 7fc3a9fcb700                  Options.bottommost_compression_opts.enabled: false
2019/10/17-14:55:05.915571 7fc3a9fcb700            Options.compression_opts.window_bits: -14
2019/10/17-14:55:05.915572 7fc3a9fcb700                  Options.compression_opts.level: 32767
2019/10/17-14:55:05.915574 7fc3a9fcb700               Options.compression_opts.strategy: 0
2019/10/17-14:55:05.915575 7fc3a9fcb700         Options.compression_opts.max_dict_bytes: 0
2019/10/17-14:55:05.915576 7fc3a9fcb700         Options.compression_opts.zstd_max_train_bytes: 0
2019/10/17-14:55:05.915577 7fc3a9fcb700                  Options.compression_opts.enabled: false
2019/10/17-14:55:05.915578 7fc3a9fcb700      Options.level0_file_num_compaction_trigger: 4
2019/10/17-14:55:05.915580 7fc3a9fcb700          Options.level0_slowdown_writes_trigger: 20
2019/10/17-14:55:05.915581 7fc3a9fcb700              Options.level0_stop_writes_trigger: 36
2019/10/17-14:55:05.915582 7fc3a9fcb700                   Options.target_file_size_base: 67108864
2019/10/17-14:55:05.915583 7fc3a9fcb700             Options.target_file_size_multiplier: 1
2019/10/17-14:55:05.915585 7fc3a9fcb700                Options.max_bytes_for_level_base: 268435456
2019/10/17-14:55:05.915586 7fc3a9fcb700 Options.level_compaction_dynamic_level_bytes: 0
2019/10/17-14:55:05.915587 7fc3a9fcb700          Options.max_bytes_for_level_multiplier: 10.000000
2019/10/17-14:55:05.915589 7fc3a9fcb700 Options.max_bytes_for_level_multiplier_addtl[0]: 1
2019/10/17-14:55:05.915591 7fc3a9fcb700 Options.max_bytes_for_level_multiplier_addtl[1]: 1
2019/10/17-14:55:05.915592 7fc3a9fcb700 Options.max_bytes_for_level_multiplier_addtl[2]: 1
2019/10/17-14:55:05.915593 7fc3a9fcb700 Options.max_bytes_for_level_multiplier_addtl[3]: 1
2019/10/17-14:55:05.915594 7fc3a9fcb700 Options.max_bytes_for_level_multiplier_addtl[4]: 1
2019/10/17-14:55:05.915596 7fc3a9fcb700 Options.max_bytes_for_level_multiplier_addtl[5]: 1
2019/10/17-14:55:05.915597 7fc3a9fcb700 Options.max_bytes_for_level_multiplier_addtl[6]: 1
2019/10/17-14:55:05.915598 7fc3a9fcb700       Options.max_sequential_skip_in_iterations: 8
2019/10/17-14:55:05.915599 7fc3a9fcb700                    Options.max_compaction_bytes: 1677721600
2019/10/17-14:55:05.915601 7fc3a9fcb700                        Options.arena_block_size: 8388608
2019/10/17-14:55:05.915602 7fc3a9fcb700   Options.soft_pending_compaction_bytes_limit: 68719476736
2019/10/17-14:55:05.915609 7fc3a9fcb700   Options.hard_pending_compaction_bytes_limit: 274877906944
2019/10/17-14:55:05.915610 7fc3a9fcb700       Options.rate_limit_delay_max_milliseconds: 100
2019/10/17-14:55:05.915612 7fc3a9fcb700                Options.disable_auto_compactions: 0
2019/10/17-14:55:05.915613 7fc3a9fcb700                        Options.compaction_style: kCompactionStyleLevel
2019/10/17-14:55:05.915615 7fc3a9fcb700                          Options.compaction_pri: kByCompensatedSize
2019/10/17-14:55:05.915616 7fc3a9fcb700 Options.compaction_options_universal.size_ratio: 1
2019/10/17-14:55:05.915617 7fc3a9fcb700 Options.compaction_options_universal.min_merge_width: 2
2019/10/17-14:55:05.915618 7fc3a9fcb700 Options.compaction_options_universal.max_merge_width: 4294967295
2019/10/17-14:55:05.915620 7fc3a9fcb700 Options.compaction_options_universal.max_size_amplification_percent: 200
2019/10/17-14:55:05.915621 7fc3a9fcb700 Options.compaction_options_universal.compression_size_percent: -1
2019/10/17-14:55:05.915622 7fc3a9fcb700 Options.compaction_options_universal.stop_style: kCompactionStopStyleTotalSize
2019/10/17-14:55:05.915624 7fc3a9fcb700 Options.compaction_options_fifo.max_table_files_size: 1073741824
2019/10/17-14:55:05.915625 7fc3a9fcb700 Options.compaction_options_fifo.allow_compaction: 0
2019/10/17-14:55:05.915626 7fc3a9fcb700 Options.compaction_options_fifo.ttl: 0
2019/10/17-14:55:05.915627 7fc3a9fcb700                   Options.table_properties_collectors: 
2019/10/17-14:55:05.915629 7fc3a9fcb700                   Options.inplace_update_support: 0
2019/10/17-14:55:05.915630 7fc3a9fcb700                 Options.inplace_update_num_locks: 10000
2019/10/17-14:55:05.915631 7fc3a9fcb700               Options.memtable_prefix_bloom_size_ratio: 0.000000
2019/10/17-14:55:05.915633 7fc3a9fcb700   Options.memtable_huge_page_size: 0
2019/10/17-14:55:05.915634 7fc3a9fcb700                           Options.bloom_locality: 0
2019/10/17-14:55:05.915635 7fc3a9fcb700                    Options.max_successive_merges: 0
2019/10/17-14:55:05.915637 7fc3a9fcb700                Options.optimize_filters_for_hits: 0
2019/10/17-14:55:05.915638 7fc3a9fcb700                Options.paranoid_file_checks: 0
2019/10/17-14:55:05.915639 7fc3a9fcb700                Options.force_consistency_checks: 0
2019/10/17-14:55:05.915640 7fc3a9fcb700                Options.report_bg_io_stats: 0
2019/10/17-14:55:05.915641 7fc3a9fcb700                               Options.ttl: 0
2019/10/17-14:55:05.915664 7fc3a9fcb700 [db/column_family.cc:472] --------------- Options for column family [dc_entries]:
2019/10/17-14:55:05.915666 7fc3a9fcb700               Options.comparator: leveldb.BytewiseComparator
2019/10/17-14:55:05.915668 7fc3a9fcb700           Options.merge_operator: None
2019/10/17-14:55:05.915669 7fc3a9fcb700        Options.compaction_filter: None
2019/10/17-14:55:05.915670 7fc3a9fcb700        Options.compaction_filter_factory: None
2019/10/17-14:55:05.915672 7fc3a9fcb700         Options.memtable_factory: SkipListFactory
2019/10/17-14:55:05.915673 7fc3a9fcb700            Options.table_factory: BlockBasedTable
2019/10/17-14:55:05.915688 7fc3a9fcb700            table_factory options:   flush_block_policy_factory: FlushBlockBySizePolicyFactory (0x7fc35005f870)
  cache_index_and_filter_blocks: 0
  cache_index_and_filter_blocks_with_high_priority: 0
  pin_l0_filter_and_index_blocks_in_cache: 0
  pin_top_level_index_and_filter: 1
  index_type: 0
  hash_index_allow_collision: 1
  checksum: 1
  no_block_cache: 0
  block_cache: 0x7fc35007d2d0
  block_cache_name: LRUCache
  block_cache_options:
    capacity : 8388608
    num_shard_bits : 4
    strict_capacity_limit : 0
    memory_allocator : None
    high_pri_pool_ratio: 0.000
  block_cache_compressed: (nil)
  persistent_cache: (nil)
  block_size: 4096
  block_size_deviation: 10
  block_restart_interval: 16
  index_block_restart_interval: 1
  metadata_block_size: 4096
  partition_filters: 0
  use_delta_encoding: 1
  filter_policy: nullptr
  whole_key_filtering: 1
  verify_compression: 0
  read_amp_bytes_per_bit: 0
  format_version: 2
  enable_index_compression: 1
  block_align: 0
2019/10/17-14:55:05.915697 7fc3a9fcb700        Options.write_buffer_size: 67108864
2019/10/17-14:55:05.915699 7fc3a9fcb700  Options.max_write_buffer_number: 2
2019/10/17-14:55:05.915700 7fc3a9fcb700          Options.compression: NoCompression
2019/10/17-14:55:05.915702 7fc3a9fcb700                  Options.bottommost_compression: Disabled
2019/10/17-14:55:05.915703 7fc3a9fcb700       Options.prefix_extractor: nullptr
2019/10/17-14:55:05.915704 7fc3a9fcb700   Options.memtable_insert_with_hint_prefix_extractor: nullptr
2019/10/17-14:55:05.915705 7fc3a9fcb700             Options.num_levels: 7
2019/10/17-14:55:05.915706 7fc3a9fcb700        Options.min_write_buffer_number_to_merge: 1
2019/10/17-14:55:05.915708 7fc3a9fcb700     Options.max_write_buffer_number_to_maintain: 0
2019/10/17-14:55:05.915709 7fc3a9fcb700            Options.bottommost_compression_opts.window_bits: -14
2019/10/17-14:55:05.915710 7fc3a9fcb700                  Options.bottommost_compression_opts.level: 32767
2019/10/17-14:55:05.915711 7fc3a9fcb700               Options.bottommost_compression_opts.strategy: 0
2019/10/17-14:55:05.915713 7fc3a9fcb700         Options.bottommost_compression_opts.max_dict_bytes: 0
2019/10/17-14:55:05.915714 7fc3a9fcb700         Options.bottommost_compression_opts.zstd_max_train_bytes: 0
2019/10/17-14:55:05.915715 7fc3a9fcb700                  Options.bottommost_compression_opts.enabled: false
2019/10/17-14:55:05.915716 7fc3a9fcb700            Options.compression_opts.window_bits: -14
2019/10/17-14:55:05.915718 7fc3a9fcb700                  Options.compression_opts.level: 32767
2019/10/17-14:55:05.915719 7fc3a9fcb700               Options.compression_opts.strategy: 0
2019/10/17-14:55:05.915720 7fc3a9fcb700         Options.compression_opts.max_dict_bytes: 0
2019/10/17-14:55:05.915721 7fc3a9fcb700         Options.compression_opts.zstd_max_train_bytes: 0
2019/10/17-14:55:05.915722 7fc3a9fcb700                  Options.compression_opts.enabled: false
2019/10/17-14:55:05.915724 7fc3a9fcb700      Options.level0_file_num_compaction_trigger: 4
2019/10/17-14:55:05.915725 7fc3a9fcb700          Options.level0_slowdown_writes_trigger: 20
2019/10/17-14:55:05.915726 7fc3a9fcb700              Options.level0_stop_writes_trigger: 36
2019/10/17-14:55:05.915727 7fc3a9fcb700                   Options.target_file_size_base: 67108864
2019/10/17-14:55:05.915729 7fc3a9fcb700             Options.target_file_size_multiplier: 1
2019/10/17-14:55:05.915730 7fc3a9fcb700                Options.max_bytes_for_level_base: 268435456
2019/10/17-14:55:05.915731 7fc3a9fcb700 Options.level_compaction_dynamic_level_bytes: 0
2019/10/17-14:55:05.915732 7fc3a9fcb700          Options.max_bytes_for_level_multiplier: 10.000000
2019/10/17-14:55:05.915734 7fc3a9fcb700 Options.max_bytes_for_level_multiplier_addtl[0]: 1
2019/10/17-14:55:05.915736 7fc3a9fcb700 Options.max_bytes_for_level_multiplier_addtl[1]: 1
2019/10/17-14:55:05.915737 7fc3a9fcb700 Options.max_bytes_for_level_multiplier_addtl[2]: 1
2019/10/17-14:55:05.915738 7fc3a9fcb700 Options.max_bytes_for_level_multiplier_addtl[3]: 1
2019/10/17-14:55:05.915739 7fc3a9fcb700 Options.max_bytes_for_level_multiplier_addtl[4]: 1
2019/10/17-14:55:05.915741 7fc3a9fcb700 Options.max_bytes_for_level_multiplier_addtl[5]: 1
2019/10/17-14:55:05.915742 7fc3a9fcb700 Options.max_bytes_for_level_multiplier_addtl[6]: 1
2019/10/17-14:55:05.915743 7fc3a9fcb700       Options.max_sequential_skip_in_iterations: 8
2019/10/17-14:55:05.915744 7fc3a9fcb700                    Options.max_compaction_bytes: 1677721600
2019/10/17-14:55:05.915746 7fc3a9fcb700                        Options.arena_block_size: 8388608
2019/10/17-14:55:05.915747 7fc3a9fcb700   Options.soft_pending_compaction_bytes_limit: 68719476736
2019/10/17-14:55:05.915748 7fc3a9fcb700   Options.hard_pending_compaction_bytes_limit: 274877906944
2019/10/17-14:55:05.915749 7fc3a9fcb700       Options.rate_limit_delay_max_milliseconds: 100
2019/10/17-14:55:05.915751 7fc3a9fcb700                Options.disable_auto_compactions: 0
2019/10/17-14:55:05.915758 7fc3a9fcb700                        Options.compaction_style: kCompactionStyleLevel
2019/10/17-14:55:05.915759 7fc3a9fcb700                          Options.compaction_pri: kByCompensatedSize
2019/10/17-14:55:05.915761 7fc3a9fcb700 Options.compaction_options_universal.size_ratio: 1
2019/10/17-14:55:05.915762 7fc3a9fcb700 Options.compaction_options_universal.min_merge_width: 2
2019/10/17-14:55:05.915763 7fc3a9fcb700 Options.compaction_options_universal.max_merge_width: 4294967295
2019/10/17-14:55:05.915764 7fc3a9fcb700 Options.compaction_options_universal.max_size_amplification_percent: 200
2019/10/17-14:55:05.915766 7fc3a9fcb700 Options.compaction_options_universal.compression_size_percent: -1
2019/10/17-14:55:05.915767 7fc3a9fcb700 Options.compaction_options_universal.stop_style: kCompactionStopStyleTotalSize
2019/10/17-14:55:05.915768 7fc3a9fcb700 Options.compaction_options_fifo.max_table_files_size: 1073741824
2019/10/17-14:55:05.915770 7fc3a9fcb700 Options.compaction_options_fifo.allow_compaction: 0
2019/10/17-14:55:05.915771 7fc3a9fcb700 Options.compaction_options_fifo.ttl: 0
2019/10/17-14:55:05.915772 7fc3a9fcb700                   Options.table_properties_collectors: 
2019/10/17-14:55:05.915773 7fc3a9fcb700                   Options.inplace_update_support: 0
2019/10/17-14:55:05.915775 7fc3a9fcb700                 Options.inplace_update_num_locks: 10000
2019/10/17-14:55:05.915776 7fc3a9fcb700               Options.memtable_prefix_bloom_size_ratio: 0.000000
2019/10/17-14:55:05.915778 7fc3a9fcb700   Options.memtable_huge_page_size: 0
2019/10/17-14:55:05.915779 7fc3a9fcb700                           Options.bloom_locality: 0
2019/10/17-14:55:05.915780 7fc3a9fcb700                    Options.max_successive_merges: 0
2019/10/17-14:55:05.915781 7fc3a9fcb700                Options.optimize_filters_for_hits: 0
2019/10/17-14:55:05.915783 7fc3a9fcb700                Options.paranoid_file_checks: 0
2019/10/17-14:55:05.915784 7fc3a9fcb700                Options.force_consistency_checks: 0
2019/10/17-14:55:05.915785 7fc3a9fcb700                Options.report_bg_io_stats: 0
2019/10/17-14:55:05.915786 7fc3a9fcb700                               Options.ttl: 0
2019/10/17-14:55:05.915805 7fc3a9fcb700 [db/column_family.cc:472] --------------- Options for column family [htlcs]:
2019/10/17-14:55:05.915807 7fc3a9fcb700               Options.comparator: leveldb.BytewiseComparator
2019/10/17-14:55:05.915808 7fc3a9fcb700           Options.merge_operator: None
2019/10/17-14:55:05.915810 7fc3a9fcb700        Options.compaction_filter: None
2019/10/17-14:55:05.915811 7fc3a9fcb700        Options.compaction_filter_factory: None
2019/10/17-14:55:05.915812 7fc3a9fcb700         Options.memtable_factory: SkipListFactory
2019/10/17-14:55:05.915813 7fc3a9fcb700            Options.table_factory: BlockBasedTable
2019/10/17-14:55:05.915828 7fc3a9fcb700            table_factory options:   flush_block_policy_factory: FlushBlockBySizePolicyFactory (0x7fc35002cbf0)
