2019/10/17-14:54:05.720163 7fc3a9fcb700 RocksDB version: 5.18.3
2019/10/17-14:54:05.720269 7fc3a9fcb700 Git sha rocksdb_build_git_sha:@0@
2019/10/17-14:54:05.720273 7fc3a9fcb700 Compile date Sep 19 2019
2019/10/17-14:54:05.720276 7fc3a9fcb700 DB SUMMARY
2019/10/17-14:54:05.721554 7fc3a9fcb700 CURRENT file:  CURRENT
2019/10/17-14:54:05.721556 7fc3a9fcb700 IDENTITY file:  IDENTITY
2019/10/17-14:54:05.721606 7fc3a9fcb700 MANIFEST file:  MANIFEST-114667 size: 4114 Bytes
2019/10/17-14:54:05.721609 7fc3a9fcb700 SST files in /home/rahul/dev/blockchain-core/eqc/ledger.db dir, Total Num: 29, files: 000624.sst 000627.sst 106940.sst 108447.sst 108450.sst 109471.sst 109483.sst 109485.sst 109486.sst 
2019/10/17-14:54:05.721611 7fc3a9fcb700 Write Ahead Log file in /home/rahul/dev/blockchain-core/eqc/ledger.db: 114668.log size: 0 ; 
2019/10/17-14:54:05.721667 7fc3a9fcb700                         Options.error_if_exists: 0
2019/10/17-14:54:05.721669 7fc3a9fcb700                       Options.create_if_missing: 1
2019/10/17-14:54:05.721671 7fc3a9fcb700                         Options.paranoid_checks: 1
2019/10/17-14:54:05.721672 7fc3a9fcb700                                     Options.env: 0x7fc32ae1fc60
2019/10/17-14:54:05.721674 7fc3a9fcb700                                Options.info_log: 0x7fc350045bd0
2019/10/17-14:54:05.721675 7fc3a9fcb700                Options.max_file_opening_threads: 16
2019/10/17-14:54:05.721676 7fc3a9fcb700                              Options.statistics: (nil)
2019/10/17-14:54:05.721678 7fc3a9fcb700                               Options.use_fsync: 0
2019/10/17-14:54:05.721679 7fc3a9fcb700                       Options.max_log_file_size: 0
2019/10/17-14:54:05.721680 7fc3a9fcb700                  Options.max_manifest_file_size: 1073741824
2019/10/17-14:54:05.721682 7fc3a9fcb700                   Options.log_file_time_to_roll: 0
2019/10/17-14:54:05.721683 7fc3a9fcb700                       Options.keep_log_file_num: 1000
2019/10/17-14:54:05.721684 7fc3a9fcb700                    Options.recycle_log_file_num: 0
2019/10/17-14:54:05.721686 7fc3a9fcb700                         Options.allow_fallocate: 1
2019/10/17-14:54:05.721687 7fc3a9fcb700                        Options.allow_mmap_reads: 0
2019/10/17-14:54:05.721688 7fc3a9fcb700                       Options.allow_mmap_writes: 0
2019/10/17-14:54:05.721689 7fc3a9fcb700                        Options.use_direct_reads: 0
2019/10/17-14:54:05.721690 7fc3a9fcb700                        Options.use_direct_io_for_flush_and_compaction: 0
2019/10/17-14:54:05.721692 7fc3a9fcb700          Options.create_missing_column_families: 0
2019/10/17-14:54:05.721693 7fc3a9fcb700                              Options.db_log_dir: 
2019/10/17-14:54:05.721694 7fc3a9fcb700                                 Options.wal_dir: /home/rahul/dev/blockchain-core/eqc/ledger.db
2019/10/17-14:54:05.721696 7fc3a9fcb700                Options.table_cache_numshardbits: 6
2019/10/17-14:54:05.721697 7fc3a9fcb700                      Options.max_subcompactions: 1
2019/10/17-14:54:05.721698 7fc3a9fcb700                  Options.max_background_flushes: -1
2019/10/17-14:54:05.721700 7fc3a9fcb700                         Options.WAL_ttl_seconds: 0
2019/10/17-14:54:05.721701 7fc3a9fcb700                       Options.WAL_size_limit_MB: 0
2019/10/17-14:54:05.721702 7fc3a9fcb700             Options.manifest_preallocation_size: 4194304
2019/10/17-14:54:05.721703 7fc3a9fcb700                     Options.is_fd_close_on_exec: 1
2019/10/17-14:54:05.721705 7fc3a9fcb700                   Options.advise_random_on_open: 1
2019/10/17-14:54:05.721706 7fc3a9fcb700                    Options.db_write_buffer_size: 0
2019/10/17-14:54:05.721707 7fc3a9fcb700                    Options.write_buffer_manager: 0x7fc350048430
2019/10/17-14:54:05.721709 7fc3a9fcb700         Options.access_hint_on_compaction_start: 1
2019/10/17-14:54:05.721710 7fc3a9fcb700  Options.new_table_reader_for_compaction_inputs: 0
2019/10/17-14:54:05.721711 7fc3a9fcb700           Options.random_access_max_buffer_size: 1048576
2019/10/17-14:54:05.721712 7fc3a9fcb700                      Options.use_adaptive_mutex: 0
2019/10/17-14:54:05.721714 7fc3a9fcb700                            Options.rate_limiter: (nil)
2019/10/17-14:54:05.721730 7fc3a9fcb700     Options.sst_file_manager.rate_bytes_per_sec: 0
2019/10/17-14:54:05.721731 7fc3a9fcb700                       Options.wal_recovery_mode: 2
2019/10/17-14:54:05.721732 7fc3a9fcb700                  Options.enable_thread_tracking: 0
2019/10/17-14:54:05.721734 7fc3a9fcb700                  Options.enable_pipelined_write: 0
2019/10/17-14:54:05.721735 7fc3a9fcb700         Options.allow_concurrent_memtable_write: 1
2019/10/17-14:54:05.721736 7fc3a9fcb700      Options.enable_write_thread_adaptive_yield: 1
2019/10/17-14:54:05.721737 7fc3a9fcb700             Options.write_thread_max_yield_usec: 100
2019/10/17-14:54:05.721739 7fc3a9fcb700            Options.write_thread_slow_yield_usec: 3
2019/10/17-14:54:05.721740 7fc3a9fcb700                               Options.row_cache: None
2019/10/17-14:54:05.721741 7fc3a9fcb700                              Options.wal_filter: None
2019/10/17-14:54:05.721743 7fc3a9fcb700             Options.avoid_flush_during_recovery: 0
2019/10/17-14:54:05.721744 7fc3a9fcb700             Options.allow_ingest_behind: 0
2019/10/17-14:54:05.721745 7fc3a9fcb700             Options.preserve_deletes: 0
2019/10/17-14:54:05.721746 7fc3a9fcb700             Options.two_write_queues: 0
2019/10/17-14:54:05.721748 7fc3a9fcb700             Options.manual_wal_flush: 0
2019/10/17-14:54:05.721749 7fc3a9fcb700             Options.max_background_jobs: 2
2019/10/17-14:54:05.721750 7fc3a9fcb700             Options.max_background_compactions: -1
2019/10/17-14:54:05.721751 7fc3a9fcb700             Options.avoid_flush_during_shutdown: 0
2019/10/17-14:54:05.721753 7fc3a9fcb700           Options.writable_file_max_buffer_size: 1048576
2019/10/17-14:54:05.721754 7fc3a9fcb700             Options.delayed_write_rate : 16777216
2019/10/17-14:54:05.721755 7fc3a9fcb700             Options.max_total_wal_size: 0
2019/10/17-14:54:05.721757 7fc3a9fcb700             Options.delete_obsolete_files_period_micros: 21600000000
2019/10/17-14:54:05.721758 7fc3a9fcb700                   Options.stats_dump_period_sec: 600
2019/10/17-14:54:05.721759 7fc3a9fcb700                          Options.max_open_files: -1
2019/10/17-14:54:05.721760 7fc3a9fcb700                          Options.bytes_per_sync: 0
2019/10/17-14:54:05.721762 7fc3a9fcb700                      Options.wal_bytes_per_sync: 0
2019/10/17-14:54:05.721763 7fc3a9fcb700       Options.compaction_readahead_size: 0
2019/10/17-14:54:05.721764 7fc3a9fcb700 Compression algorithms supported:
2019/10/17-14:54:05.721766 7fc3a9fcb700 	kZSTDNotFinalCompression supported: 0
2019/10/17-14:54:05.721768 7fc3a9fcb700 	kZSTD supported: 0
2019/10/17-14:54:05.721769 7fc3a9fcb700 	kXpressCompression supported: 0
2019/10/17-14:54:05.721770 7fc3a9fcb700 	kLZ4HCCompression supported: 0
2019/10/17-14:54:05.721772 7fc3a9fcb700 	kLZ4Compression supported: 0
2019/10/17-14:54:05.721773 7fc3a9fcb700 	kBZip2Compression supported: 0
2019/10/17-14:54:05.721774 7fc3a9fcb700 	kZlibCompression supported: 0
2019/10/17-14:54:05.721776 7fc3a9fcb700 	kSnappyCompression supported: 0
2019/10/17-14:54:05.721779 7fc3a9fcb700 Fast CRC32 supported: Supported on x86
2019/10/17-14:54:05.721930 7fc3a9fcb700 [db/version_set.cc:3507] Recovering from manifest file: MANIFEST-114667
2019/10/17-14:54:05.721982 7fc3a9fcb700 [db/column_family.cc:472] --------------- Options for column family [default]:
2019/10/17-14:54:05.721985 7fc3a9fcb700               Options.comparator: leveldb.BytewiseComparator
2019/10/17-14:54:05.721986 7fc3a9fcb700           Options.merge_operator: None
2019/10/17-14:54:05.721987 7fc3a9fcb700        Options.compaction_filter: None
2019/10/17-14:54:05.721989 7fc3a9fcb700        Options.compaction_filter_factory: None
2019/10/17-14:54:05.721990 7fc3a9fcb700         Options.memtable_factory: SkipListFactory
2019/10/17-14:54:05.721991 7fc3a9fcb700            Options.table_factory: BlockBasedTable
2019/10/17-14:54:05.722015 7fc3a9fcb700            table_factory options:   flush_block_policy_factory: FlushBlockBySizePolicyFactory (0x7fc3500dc320)
  cache_index_and_filter_blocks: 0
  cache_index_and_filter_blocks_with_high_priority: 0
  pin_l0_filter_and_index_blocks_in_cache: 0
  pin_top_level_index_and_filter: 1
  index_type: 0
  hash_index_allow_collision: 1
  checksum: 1
  no_block_cache: 0
  block_cache: 0x7fc350115c80
  block_cache_name: LRUCache
  block_cache_options:
    capacity : 8388608
    num_shard_bits : 4
    strict_capacity_limit : 0
    memory_allocator : None
    high_pri_pool_ratio: 0.000
  block_cache_compressed: (nil)
  persistent_cache: (nil)
  block_size: 4096
  block_size_deviation: 10
  block_restart_interval: 16
  index_block_restart_interval: 1
  metadata_block_size: 4096
  partition_filters: 0
  use_delta_encoding: 1
  filter_policy: nullptr
  whole_key_filtering: 1
  verify_compression: 0
  read_amp_bytes_per_bit: 0
  format_version: 2
  enable_index_compression: 1
  block_align: 0
2019/10/17-14:54:05.722030 7fc3a9fcb700        Options.write_buffer_size: 67108864
2019/10/17-14:54:05.722031 7fc3a9fcb700  Options.max_write_buffer_number: 2
2019/10/17-14:54:05.722033 7fc3a9fcb700          Options.compression: NoCompression
2019/10/17-14:54:05.722034 7fc3a9fcb700                  Options.bottommost_compression: Disabled
2019/10/17-14:54:05.722036 7fc3a9fcb700       Options.prefix_extractor: nullptr
2019/10/17-14:54:05.722037 7fc3a9fcb700   Options.memtable_insert_with_hint_prefix_extractor: nullptr
2019/10/17-14:54:05.722038 7fc3a9fcb700             Options.num_levels: 7
2019/10/17-14:54:05.722039 7fc3a9fcb700        Options.min_write_buffer_number_to_merge: 1
2019/10/17-14:54:05.722041 7fc3a9fcb700     Options.max_write_buffer_number_to_maintain: 0
2019/10/17-14:54:05.722042 7fc3a9fcb700            Options.bottommost_compression_opts.window_bits: -14
2019/10/17-14:54:05.722043 7fc3a9fcb700                  Options.bottommost_compression_opts.level: 32767
2019/10/17-14:54:05.722045 7fc3a9fcb700               Options.bottommost_compression_opts.strategy: 0
2019/10/17-14:54:05.722046 7fc3a9fcb700         Options.bottommost_compression_opts.max_dict_bytes: 0
2019/10/17-14:54:05.722047 7fc3a9fcb700         Options.bottommost_compression_opts.zstd_max_train_bytes: 0
2019/10/17-14:54:05.722049 7fc3a9fcb700                  Options.bottommost_compression_opts.enabled: false
2019/10/17-14:54:05.722050 7fc3a9fcb700            Options.compression_opts.window_bits: -14
2019/10/17-14:54:05.722051 7fc3a9fcb700                  Options.compression_opts.level: 32767
2019/10/17-14:54:05.722052 7fc3a9fcb700               Options.compression_opts.strategy: 0
2019/10/17-14:54:05.722054 7fc3a9fcb700         Options.compression_opts.max_dict_bytes: 0
2019/10/17-14:54:05.722055 7fc3a9fcb700         Options.compression_opts.zstd_max_train_bytes: 0
2019/10/17-14:54:05.722056 7fc3a9fcb700                  Options.compression_opts.enabled: false
2019/10/17-14:54:05.722057 7fc3a9fcb700      Options.level0_file_num_compaction_trigger: 4
2019/10/17-14:54:05.722059 7fc3a9fcb700          Options.level0_slowdown_writes_trigger: 20
2019/10/17-14:54:05.722060 7fc3a9fcb700              Options.level0_stop_writes_trigger: 36
2019/10/17-14:54:05.722061 7fc3a9fcb700                   Options.target_file_size_base: 67108864
2019/10/17-14:54:05.722062 7fc3a9fcb700             Options.target_file_size_multiplier: 1
2019/10/17-14:54:05.722064 7fc3a9fcb700                Options.max_bytes_for_level_base: 268435456
2019/10/17-14:54:05.722065 7fc3a9fcb700 Options.level_compaction_dynamic_level_bytes: 0
2019/10/17-14:54:05.722066 7fc3a9fcb700          Options.max_bytes_for_level_multiplier: 10.000000
2019/10/17-14:54:05.722069 7fc3a9fcb700 Options.max_bytes_for_level_multiplier_addtl[0]: 1
2019/10/17-14:54:05.722071 7fc3a9fcb700 Options.max_bytes_for_level_multiplier_addtl[1]: 1
2019/10/17-14:54:05.722072 7fc3a9fcb700 Options.max_bytes_for_level_multiplier_addtl[2]: 1
2019/10/17-14:54:05.722073 7fc3a9fcb700 Options.max_bytes_for_level_multiplier_addtl[3]: 1
2019/10/17-14:54:05.722075 7fc3a9fcb700 Options.max_bytes_for_level_multiplier_addtl[4]: 1
2019/10/17-14:54:05.722082 7fc3a9fcb700 Options.max_bytes_for_level_multiplier_addtl[5]: 1
2019/10/17-14:54:05.722083 7fc3a9fcb700 Options.max_bytes_for_level_multiplier_addtl[6]: 1
2019/10/17-14:54:05.722085 7fc3a9fcb700       Options.max_sequential_skip_in_iterations: 8
2019/10/17-14:54:05.722086 7fc3a9fcb700                    Options.max_compaction_bytes: 1677721600
2019/10/17-14:54:05.722087 7fc3a9fcb700                        Options.arena_block_size: 8388608
2019/10/17-14:54:05.722089 7fc3a9fcb700   Options.soft_pending_compaction_bytes_limit: 68719476736
2019/10/17-14:54:05.722090 7fc3a9fcb700   Options.hard_pending_compaction_bytes_limit: 274877906944
2019/10/17-14:54:05.722091 7fc3a9fcb700       Options.rate_limit_delay_max_milliseconds: 100
2019/10/17-14:54:05.722093 7fc3a9fcb700                Options.disable_auto_compactions: 0
2019/10/17-14:54:05.722095 7fc3a9fcb700                        Options.compaction_style: kCompactionStyleLevel
2019/10/17-14:54:05.722097 7fc3a9fcb700                          Options.compaction_pri: kByCompensatedSize
2019/10/17-14:54:05.722098 7fc3a9fcb700 Options.compaction_options_universal.size_ratio: 1
2019/10/17-14:54:05.722099 7fc3a9fcb700 Options.compaction_options_universal.min_merge_width: 2
2019/10/17-14:54:05.722100 7fc3a9fcb700 Options.compaction_options_universal.max_merge_width: 4294967295
2019/10/17-14:54:05.722102 7fc3a9fcb700 Options.compaction_options_universal.max_size_amplification_percent: 200
2019/10/17-14:54:05.722104 7fc3a9fcb700 Options.compaction_options_universal.compression_size_percent: -1
2019/10/17-14:54:05.722106 7fc3a9fcb700 Options.compaction_options_universal.stop_style: kCompactionStopStyleTotalSize
2019/10/17-14:54:05.722108 7fc3a9fcb700 Options.compaction_options_fifo.max_table_files_size: 1073741824
2019/10/17-14:54:05.722111 7fc3a9fcb700 Options.compaction_options_fifo.allow_compaction: 0
2019/10/17-14:54:05.722113 7fc3a9fcb700 Options.compaction_options_fifo.ttl: 0
2019/10/17-14:54:05.722115 7fc3a9fcb700                   Options.table_properties_collectors: 
2019/10/17-14:54:05.722117 7fc3a9fcb700                   Options.inplace_update_support: 0
2019/10/17-14:54:05.722119 7fc3a9fcb700                 Options.inplace_update_num_locks: 10000
2019/10/17-14:54:05.722121 7fc3a9fcb700               Options.memtable_prefix_bloom_size_ratio: 0.000000
2019/10/17-14:54:05.722124 7fc3a9fcb700   Options.memtable_huge_page_size: 0
2019/10/17-14:54:05.722126 7fc3a9fcb700                           Options.bloom_locality: 0
2019/10/17-14:54:05.722129 7fc3a9fcb700                    Options.max_successive_merges: 0
2019/10/17-14:54:05.722131 7fc3a9fcb700                Options.optimize_filters_for_hits: 0
2019/10/17-14:54:05.722134 7fc3a9fcb700                Options.paranoid_file_checks: 0
2019/10/17-14:54:05.722136 7fc3a9fcb700                Options.force_consistency_checks: 0
2019/10/17-14:54:05.722138 7fc3a9fcb700                Options.report_bg_io_stats: 0
2019/10/17-14:54:05.722140 7fc3a9fcb700                               Options.ttl: 0
2019/10/17-14:54:05.722191 7fc3a9fcb700 [db/column_family.cc:472] --------------- Options for column family [active_gateways]:
2019/10/17-14:54:05.722194 7fc3a9fcb700               Options.comparator: leveldb.BytewiseComparator
2019/10/17-14:54:05.722195 7fc3a9fcb700           Options.merge_operator: None
2019/10/17-14:54:05.722196 7fc3a9fcb700        Options.compaction_filter: None
2019/10/17-14:54:05.722197 7fc3a9fcb700        Options.compaction_filter_factory: None
2019/10/17-14:54:05.722199 7fc3a9fcb700         Options.memtable_factory: SkipListFactory
2019/10/17-14:54:05.722200 7fc3a9fcb700            Options.table_factory: BlockBasedTable
2019/10/17-14:54:05.722218 7fc3a9fcb700            table_factory options:   flush_block_policy_factory: FlushBlockBySizePolicyFactory (0x7fc350039240)
  cache_index_and_filter_blocks: 0
  cache_index_and_filter_blocks_with_high_priority: 0
  pin_l0_filter_and_index_blocks_in_cache: 0
  pin_top_level_index_and_filter: 1
  index_type: 0
  hash_index_allow_collision: 1
  checksum: 1
  no_block_cache: 0
  block_cache: 0x7fc350095030
  block_cache_name: LRUCache
  block_cache_options:
    capacity : 8388608
    num_shard_bits : 4
    strict_capacity_limit : 0
    memory_allocator : None
    high_pri_pool_ratio: 0.000
  block_cache_compressed: (nil)
  persistent_cache: (nil)
  block_size: 4096
  block_size_deviation: 10
  block_restart_interval: 16
  index_block_restart_interval: 1
  metadata_block_size: 4096
  partition_filters: 0
  use_delta_encoding: 1
  filter_policy: nullptr
  whole_key_filtering: 1
  verify_compression: 0
  read_amp_bytes_per_bit: 0
  format_version: 2
  enable_index_compression: 1
  block_align: 0
2019/10/17-14:54:05.722232 7fc3a9fcb700        Options.write_buffer_size: 67108864
2019/10/17-14:54:05.722233 7fc3a9fcb700  Options.max_write_buffer_number: 2
2019/10/17-14:54:05.722235 7fc3a9fcb700          Options.compression: NoCompression
2019/10/17-14:54:05.722236 7fc3a9fcb700                  Options.bottommost_compression: Disabled
2019/10/17-14:54:05.722237 7fc3a9fcb700       Options.prefix_extractor: nullptr
2019/10/17-14:54:05.722238 7fc3a9fcb700   Options.memtable_insert_with_hint_prefix_extractor: nullptr
2019/10/17-14:54:05.722240 7fc3a9fcb700             Options.num_levels: 7
2019/10/17-14:54:05.722241 7fc3a9fcb700        Options.min_write_buffer_number_to_merge: 1
2019/10/17-14:54:05.722242 7fc3a9fcb700     Options.max_write_buffer_number_to_maintain: 0
2019/10/17-14:54:05.722244 7fc3a9fcb700            Options.bottommost_compression_opts.window_bits: -14
2019/10/17-14:54:05.722245 7fc3a9fcb700                  Options.bottommost_compression_opts.level: 32767
2019/10/17-14:54:05.722246 7fc3a9fcb700               Options.bottommost_compression_opts.strategy: 0
2019/10/17-14:54:05.722247 7fc3a9fcb700         Options.bottommost_compression_opts.max_dict_bytes: 0
2019/10/17-14:54:05.722248 7fc3a9fcb700         Options.bottommost_compression_opts.zstd_max_train_bytes: 0
2019/10/17-14:54:05.722250 7fc3a9fcb700                  Options.bottommost_compression_opts.enabled: false
2019/10/17-14:54:05.722251 7fc3a9fcb700            Options.compression_opts.window_bits: -14
2019/10/17-14:54:05.722252 7fc3a9fcb700                  Options.compression_opts.level: 32767
2019/10/17-14:54:05.722254 7fc3a9fcb700               Options.compression_opts.strategy: 0
2019/10/17-14:54:05.722255 7fc3a9fcb700         Options.compression_opts.max_dict_bytes: 0
2019/10/17-14:54:05.722256 7fc3a9fcb700         Options.compression_opts.zstd_max_train_bytes: 0
2019/10/17-14:54:05.722257 7fc3a9fcb700                  Options.compression_opts.enabled: false
2019/10/17-14:54:05.722258 7fc3a9fcb700      Options.level0_file_num_compaction_trigger: 4
2019/10/17-14:54:05.722260 7fc3a9fcb700          Options.level0_slowdown_writes_trigger: 20
2019/10/17-14:54:05.722261 7fc3a9fcb700              Options.level0_stop_writes_trigger: 36
2019/10/17-14:54:05.722262 7fc3a9fcb700                   Options.target_file_size_base: 67108864
2019/10/17-14:54:05.722263 7fc3a9fcb700             Options.target_file_size_multiplier: 1
2019/10/17-14:54:05.722265 7fc3a9fcb700                Options.max_bytes_for_level_base: 268435456
2019/10/17-14:54:05.722266 7fc3a9fcb700 Options.level_compaction_dynamic_level_bytes: 0
2019/10/17-14:54:05.722267 7fc3a9fcb700          Options.max_bytes_for_level_multiplier: 10.000000
2019/10/17-14:54:05.722270 7fc3a9fcb700 Options.max_bytes_for_level_multiplier_addtl[0]: 1
2019/10/17-14:54:05.722271 7fc3a9fcb700 Options.max_bytes_for_level_multiplier_addtl[1]: 1
2019/10/17-14:54:05.722272 7fc3a9fcb700 Options.max_bytes_for_level_multiplier_addtl[2]: 1
2019/10/17-14:54:05.722274 7fc3a9fcb700 Options.max_bytes_for_level_multiplier_addtl[3]: 1
2019/10/17-14:54:05.722275 7fc3a9fcb700 Options.max_bytes_for_level_multiplier_addtl[4]: 1
2019/10/17-14:54:05.722276 7fc3a9fcb700 Options.max_bytes_for_level_multiplier_addtl[5]: 1
2019/10/17-14:54:05.722277 7fc3a9fcb700 Options.max_bytes_for_level_multiplier_addtl[6]: 1
2019/10/17-14:54:05.722279 7fc3a9fcb700       Options.max_sequential_skip_in_iterations: 8
2019/10/17-14:54:05.722286 7fc3a9fcb700                    Options.max_compaction_bytes: 1677721600
2019/10/17-14:54:05.722287 7fc3a9fcb700                        Options.arena_block_size: 8388608
2019/10/17-14:54:05.722289 7fc3a9fcb700   Options.soft_pending_compaction_bytes_limit: 68719476736
2019/10/17-14:54:05.722290 7fc3a9fcb700   Options.hard_pending_compaction_bytes_limit: 274877906944
2019/10/17-14:54:05.722291 7fc3a9fcb700       Options.rate_limit_delay_max_milliseconds: 100
2019/10/17-14:54:05.722293 7fc3a9fcb700                Options.disable_auto_compactions: 0
2019/10/17-14:54:05.722294 7fc3a9fcb700                        Options.compaction_style: kCompactionStyleLevel
2019/10/17-14:54:05.722296 7fc3a9fcb700                          Options.compaction_pri: kByCompensatedSize
2019/10/17-14:54:05.722297 7fc3a9fcb700 Options.compaction_options_universal.size_ratio: 1
2019/10/17-14:54:05.722298 7fc3a9fcb700 Options.compaction_options_universal.min_merge_width: 2
2019/10/17-14:54:05.722299 7fc3a9fcb700 Options.compaction_options_universal.max_merge_width: 4294967295
2019/10/17-14:54:05.722301 7fc3a9fcb700 Options.compaction_options_universal.max_size_amplification_percent: 200
2019/10/17-14:54:05.722302 7fc3a9fcb700 Options.compaction_options_universal.compression_size_percent: -1
2019/10/17-14:54:05.722304 7fc3a9fcb700 Options.compaction_options_universal.stop_style: kCompactionStopStyleTotalSize
2019/10/17-14:54:05.722305 7fc3a9fcb700 Options.compaction_options_fifo.max_table_files_size: 1073741824
2019/10/17-14:54:05.722306 7fc3a9fcb700 Options.compaction_options_fifo.allow_compaction: 0
2019/10/17-14:54:05.722308 7fc3a9fcb700 Options.compaction_options_fifo.ttl: 0
2019/10/17-14:54:05.722309 7fc3a9fcb700                   Options.table_properties_collectors: 
2019/10/17-14:54:05.722310 7fc3a9fcb700                   Options.inplace_update_support: 0
2019/10/17-14:54:05.722311 7fc3a9fcb700                 Options.inplace_update_num_locks: 10000
2019/10/17-14:54:05.722313 7fc3a9fcb700               Options.memtable_prefix_bloom_size_ratio: 0.000000
2019/10/17-14:54:05.722314 7fc3a9fcb700   Options.memtable_huge_page_size: 0
2019/10/17-14:54:05.722316 7fc3a9fcb700                           Options.bloom_locality: 0
2019/10/17-14:54:05.722317 7fc3a9fcb700                    Options.max_successive_merges: 0
2019/10/17-14:54:05.722318 7fc3a9fcb700                Options.optimize_filters_for_hits: 0
2019/10/17-14:54:05.722319 7fc3a9fcb700                Options.paranoid_file_checks: 0
2019/10/17-14:54:05.722321 7fc3a9fcb700                Options.force_consistency_checks: 0
2019/10/17-14:54:05.722322 7fc3a9fcb700                Options.report_bg_io_stats: 0
2019/10/17-14:54:05.722323 7fc3a9fcb700                               Options.ttl: 0
2019/10/17-14:54:05.722349 7fc3a9fcb700 [db/column_family.cc:472] --------------- Options for column family [entries]:
2019/10/17-14:54:05.722351 7fc3a9fcb700               Options.comparator: leveldb.BytewiseComparator
2019/10/17-14:54:05.722353 7fc3a9fcb700           Options.merge_operator: None
2019/10/17-14:54:05.722354 7fc3a9fcb700        Options.compaction_filter: None
2019/10/17-14:54:05.722355 7fc3a9fcb700        Options.compaction_filter_factory: None
2019/10/17-14:54:05.722356 7fc3a9fcb700         Options.memtable_factory: SkipListFactory
2019/10/17-14:54:05.722358 7fc3a9fcb700            Options.table_factory: BlockBasedTable
2019/10/17-14:54:05.722374 7fc3a9fcb700            table_factory options:   flush_block_policy_factory: FlushBlockBySizePolicyFactory (0x7fc350061160)
  cache_index_and_filter_blocks: 0
  cache_index_and_filter_blocks_with_high_priority: 0
  pin_l0_filter_and_index_blocks_in_cache: 0
  pin_top_level_index_and_filter: 1
  index_type: 0
  hash_index_allow_collision: 1
  checksum: 1
  no_block_cache: 0
  block_cache: 0x7fc350018720
  block_cache_name: LRUCache
  block_cache_options:
    capacity : 8388608
    num_shard_bits : 4
    strict_capacity_limit : 0
    memory_allocator : None
    high_pri_pool_ratio: 0.000
  block_cache_compressed: (nil)
  persistent_cache: (nil)
  block_size: 4096
  block_size_deviation: 10
  block_restart_interval: 16
  index_block_restart_interval: 1
  metadata_block_size: 4096
  partition_filters: 0
  use_delta_encoding: 1
  filter_policy: nullptr
  whole_key_filtering: 1
  verify_compression: 0
  read_amp_bytes_per_bit: 0
  format_version: 2
  enable_index_compression: 1
  block_align: 0
2019/10/17-14:54:05.722384 7fc3a9fcb700        Options.write_buffer_size: 67108864
2019/10/17-14:54:05.722386 7fc3a9fcb700  Options.max_write_buffer_number: 2
2019/10/17-14:54:05.722387 7fc3a9fcb700          Options.compression: NoCompression
2019/10/17-14:54:05.722388 7fc3a9fcb700                  Options.bottommost_compression: Disabled
2019/10/17-14:54:05.722389 7fc3a9fcb700       Options.prefix_extractor: nullptr
2019/10/17-14:54:05.722391 7fc3a9fcb700   Options.memtable_insert_with_hint_prefix_extractor: nullptr
2019/10/17-14:54:05.722392 7fc3a9fcb700             Options.num_levels: 7
2019/10/17-14:54:05.722393 7fc3a9fcb700        Options.min_write_buffer_number_to_merge: 1
2019/10/17-14:54:05.722394 7fc3a9fcb700     Options.max_write_buffer_number_to_maintain: 0
2019/10/17-14:54:05.722396 7fc3a9fcb700            Options.bottommost_compression_opts.window_bits: -14
2019/10/17-14:54:05.722397 7fc3a9fcb700                  Options.bottommost_compression_opts.level: 32767
2019/10/17-14:54:05.722398 7fc3a9fcb700               Options.bottommost_compression_opts.strategy: 0
2019/10/17-14:54:05.722399 7fc3a9fcb700         Options.bottommost_compression_opts.max_dict_bytes: 0
2019/10/17-14:54:05.722401 7fc3a9fcb700         Options.bottommost_compression_opts.zstd_max_train_bytes: 0
2019/10/17-14:54:05.722402 7fc3a9fcb700                  Options.bottommost_compression_opts.enabled: false
2019/10/17-14:54:05.722403 7fc3a9fcb700            Options.compression_opts.window_bits: -14
2019/10/17-14:54:05.722404 7fc3a9fcb700                  Options.compression_opts.level: 32767
2019/10/17-14:54:05.722406 7fc3a9fcb700               Options.compression_opts.strategy: 0
2019/10/17-14:54:05.722407 7fc3a9fcb700         Options.compression_opts.max_dict_bytes: 0
2019/10/17-14:54:05.722408 7fc3a9fcb700         Options.compression_opts.zstd_max_train_bytes: 0
2019/10/17-14:54:05.722409 7fc3a9fcb700                  Options.compression_opts.enabled: false
2019/10/17-14:54:05.722410 7fc3a9fcb700      Options.level0_file_num_compaction_trigger: 4
2019/10/17-14:54:05.722412 7fc3a9fcb700          Options.level0_slowdown_writes_trigger: 20
2019/10/17-14:54:05.722413 7fc3a9fcb700              Options.level0_stop_writes_trigger: 36
2019/10/17-14:54:05.722414 7fc3a9fcb700                   Options.target_file_size_base: 67108864
2019/10/17-14:54:05.722415 7fc3a9fcb700             Options.target_file_size_multiplier: 1
2019/10/17-14:54:05.722417 7fc3a9fcb700                Options.max_bytes_for_level_base: 268435456
2019/10/17-14:54:05.722418 7fc3a9fcb700 Options.level_compaction_dynamic_level_bytes: 0
2019/10/17-14:54:05.722419 7fc3a9fcb700          Options.max_bytes_for_level_multiplier: 10.000000
2019/10/17-14:54:05.722421 7fc3a9fcb700 Options.max_bytes_for_level_multiplier_addtl[0]: 1
2019/10/17-14:54:05.722422 7fc3a9fcb700 Options.max_bytes_for_level_multiplier_addtl[1]: 1
2019/10/17-14:54:05.722424 7fc3a9fcb700 Options.max_bytes_for_level_multiplier_addtl[2]: 1
2019/10/17-14:54:05.722425 7fc3a9fcb700 Options.max_bytes_for_level_multiplier_addtl[3]: 1
2019/10/17-14:54:05.722426 7fc3a9fcb700 Options.max_bytes_for_level_multiplier_addtl[4]: 1
2019/10/17-14:54:05.722428 7fc3a9fcb700 Options.max_bytes_for_level_multiplier_addtl[5]: 1
2019/10/17-14:54:05.722429 7fc3a9fcb700 Options.max_bytes_for_level_multiplier_addtl[6]: 1
2019/10/17-14:54:05.722430 7fc3a9fcb700       Options.max_sequential_skip_in_iterations: 8
2019/10/17-14:54:05.722431 7fc3a9fcb700                    Options.max_compaction_bytes: 1677721600
2019/10/17-14:54:05.722433 7fc3a9fcb700                        Options.arena_block_size: 8388608
2019/10/17-14:54:05.722434 7fc3a9fcb700   Options.soft_pending_compaction_bytes_limit: 68719476736
2019/10/17-14:54:05.722441 7fc3a9fcb700   Options.hard_pending_compaction_bytes_limit: 274877906944
2019/10/17-14:54:05.722443 7fc3a9fcb700       Options.rate_limit_delay_max_milliseconds: 100
2019/10/17-14:54:05.722444 7fc3a9fcb700                Options.disable_auto_compactions: 0
2019/10/17-14:54:05.722445 7fc3a9fcb700                        Options.compaction_style: kCompactionStyleLevel
2019/10/17-14:54:05.722447 7fc3a9fcb700                          Options.compaction_pri: kByCompensatedSize
2019/10/17-14:54:05.722448 7fc3a9fcb700 Options.compaction_options_universal.size_ratio: 1
2019/10/17-14:54:05.722449 7fc3a9fcb700 Options.compaction_options_universal.min_merge_width: 2
2019/10/17-14:54:05.722451 7fc3a9fcb700 Options.compaction_options_universal.max_merge_width: 4294967295
2019/10/17-14:54:05.722452 7fc3a9fcb700 Options.compaction_options_universal.max_size_amplification_percent: 200
2019/10/17-14:54:05.722453 7fc3a9fcb700 Options.compaction_options_universal.compression_size_percent: -1
2019/10/17-14:54:05.722454 7fc3a9fcb700 Options.compaction_options_universal.stop_style: kCompactionStopStyleTotalSize
2019/10/17-14:54:05.722455 7fc3a9fcb700 Options.compaction_options_fifo.max_table_files_size: 1073741824
2019/10/17-14:54:05.722457 7fc3a9fcb700 Options.compaction_options_fifo.allow_compaction: 0
2019/10/17-14:54:05.722458 7fc3a9fcb700 Options.compaction_options_fifo.ttl: 0
2019/10/17-14:54:05.722459 7fc3a9fcb700                   Options.table_properties_collectors: 
2019/10/17-14:54:05.722461 7fc3a9fcb700                   Options.inplace_update_support: 0
2019/10/17-14:54:05.722462 7fc3a9fcb700                 Options.inplace_update_num_locks: 10000
2019/10/17-14:54:05.722463 7fc3a9fcb700               Options.memtable_prefix_bloom_size_ratio: 0.000000
2019/10/17-14:54:05.722465 7fc3a9fcb700   Options.memtable_huge_page_size: 0
2019/10/17-14:54:05.722466 7fc3a9fcb700                           Options.bloom_locality: 0
2019/10/17-14:54:05.722467 7fc3a9fcb700                    Options.max_successive_merges: 0
2019/10/17-14:54:05.722469 7fc3a9fcb700                Options.optimize_filters_for_hits: 0
2019/10/17-14:54:05.722470 7fc3a9fcb700                Options.paranoid_file_checks: 0
2019/10/17-14:54:05.722471 7fc3a9fcb700                Options.force_consistency_checks: 0
2019/10/17-14:54:05.722472 7fc3a9fcb700                Options.report_bg_io_stats: 0
2019/10/17-14:54:05.722473 7fc3a9fcb700                               Options.ttl: 0
2019/10/17-14:54:05.722497 7fc3a9fcb700 [db/column_family.cc:472] --------------- Options for column family [dc_entries]:
2019/10/17-14:54:05.722499 7fc3a9fcb700               Options.comparator: leveldb.BytewiseComparator
2019/10/17-14:54:05.722501 7fc3a9fcb700           Options.merge_operator: None
2019/10/17-14:54:05.722502 7fc3a9fcb700        Options.compaction_filter: None
2019/10/17-14:54:05.722503 7fc3a9fcb700        Options.compaction_filter_factory: None
2019/10/17-14:54:05.722504 7fc3a9fcb700         Options.memtable_factory: SkipListFactory
2019/10/17-14:54:05.722506 7fc3a9fcb700            Options.table_factory: BlockBasedTable
2019/10/17-14:54:05.722522 7fc3a9fcb700            table_factory options:   flush_block_policy_factory: FlushBlockBySizePolicyFactory (0x7fc350048460)
  cache_index_and_filter_blocks: 0
  cache_index_and_filter_blocks_with_high_priority: 0
  pin_l0_filter_and_index_blocks_in_cache: 0
  pin_top_level_index_and_filter: 1
  index_type: 0
  hash_index_allow_collision: 1
  checksum: 1
  no_block_cache: 0
  block_cache: 0x7fc350044860
  block_cache_name: LRUCache
  block_cache_options:
    capacity : 8388608
    num_shard_bits : 4
    strict_capacity_limit : 0
    memory_allocator : None
    high_pri_pool_ratio: 0.000
  block_cache_compressed: (nil)
  persistent_cache: (nil)
  block_size: 4096
  block_size_deviation: 10
  block_restart_interval: 16
  index_block_restart_interval: 1
  metadata_block_size: 4096
  partition_filters: 0
  use_delta_encoding: 1
  filter_policy: nullptr
  whole_key_filtering: 1
  verify_compression: 0
  read_amp_bytes_per_bit: 0
  format_version: 2
  enable_index_compression: 1
  block_align: 0
2019/10/17-14:54:05.722532 7fc3a9fcb700        Options.write_buffer_size: 67108864
2019/10/17-14:54:05.722533 7fc3a9fcb700  Options.max_write_buffer_number: 2
2019/10/17-14:54:05.722535 7fc3a9fcb700          Options.compression: NoCompression
2019/10/17-14:54:05.722536 7fc3a9fcb700                  Options.bottommost_compression: Disabled
2019/10/17-14:54:05.722537 7fc3a9fcb700       Options.prefix_extractor: nullptr
2019/10/17-14:54:05.722538 7fc3a9fcb700   Options.memtable_insert_with_hint_prefix_extractor: nullptr
2019/10/17-14:54:05.722539 7fc3a9fcb700             Options.num_levels: 7
2019/10/17-14:54:05.722541 7fc3a9fcb700        Options.min_write_buffer_number_to_merge: 1
2019/10/17-14:54:05.722542 7fc3a9fcb700     Options.max_write_buffer_number_to_maintain: 0
2019/10/17-14:54:05.722543 7fc3a9fcb700            Options.bottommost_compression_opts.window_bits: -14
2019/10/17-14:54:05.722544 7fc3a9fcb700                  Options.bottommost_compression_opts.level: 32767
2019/10/17-14:54:05.722546 7fc3a9fcb700               Options.bottommost_compression_opts.strategy: 0
2019/10/17-14:54:05.722547 7fc3a9fcb700         Options.bottommost_compression_opts.max_dict_bytes: 0
2019/10/17-14:54:05.722548 7fc3a9fcb700         Options.bottommost_compression_opts.zstd_max_train_bytes: 0
2019/10/17-14:54:05.722549 7fc3a9fcb700                  Options.bottommost_compression_opts.enabled: false
2019/10/17-14:54:05.722550 7fc3a9fcb700            Options.compression_opts.window_bits: -14
2019/10/17-14:54:05.722552 7fc3a9fcb700                  Options.compression_opts.level: 32767
2019/10/17-14:54:05.722553 7fc3a9fcb700               Options.compression_opts.strategy: 0
2019/10/17-14:54:05.722554 7fc3a9fcb700         Options.compression_opts.max_dict_bytes: 0
2019/10/17-14:54:05.722555 7fc3a9fcb700         Options.compression_opts.zstd_max_train_bytes: 0
2019/10/17-14:54:05.722557 7fc3a9fcb700                  Options.compression_opts.enabled: false
2019/10/17-14:54:05.722558 7fc3a9fcb700      Options.level0_file_num_compaction_trigger: 4
2019/10/17-14:54:05.722559 7fc3a9fcb700          Options.level0_slowdown_writes_trigger: 20
2019/10/17-14:54:05.722560 7fc3a9fcb700              Options.level0_stop_writes_trigger: 36
2019/10/17-14:54:05.722562 7fc3a9fcb700                   Options.target_file_size_base: 67108864
2019/10/17-14:54:05.722563 7fc3a9fcb700             Options.target_file_size_multiplier: 1
2019/10/17-14:54:05.722564 7fc3a9fcb700                Options.max_bytes_for_level_base: 268435456
2019/10/17-14:54:05.722565 7fc3a9fcb700 Options.level_compaction_dynamic_level_bytes: 0
2019/10/17-14:54:05.722566 7fc3a9fcb700          Options.max_bytes_for_level_multiplier: 10.000000
2019/10/17-14:54:05.722569 7fc3a9fcb700 Options.max_bytes_for_level_multiplier_addtl[0]: 1
2019/10/17-14:54:05.722570 7fc3a9fcb700 Options.max_bytes_for_level_multiplier_addtl[1]: 1
2019/10/17-14:54:05.722571 7fc3a9fcb700 Options.max_bytes_for_level_multiplier_addtl[2]: 1
2019/10/17-14:54:05.722572 7fc3a9fcb700 Options.max_bytes_for_level_multiplier_addtl[3]: 1
2019/10/17-14:54:05.722574 7fc3a9fcb700 Options.max_bytes_for_level_multiplier_addtl[4]: 1
2019/10/17-14:54:05.722575 7fc3a9fcb700 Options.max_bytes_for_level_multiplier_addtl[5]: 1
2019/10/17-14:54:05.722576 7fc3a9fcb700 Options.max_bytes_for_level_multiplier_addtl[6]: 1
2019/10/17-14:54:05.722578 7fc3a9fcb700       Options.max_sequential_skip_in_iterations: 8
2019/10/17-14:54:05.722579 7fc3a9fcb700                    Options.max_compaction_bytes: 1677721600
2019/10/17-14:54:05.722580 7fc3a9fcb700                        Options.arena_block_size: 8388608
2019/10/17-14:54:05.722581 7fc3a9fcb700   Options.soft_pending_compaction_bytes_limit: 68719476736
2019/10/17-14:54:05.722583 7fc3a9fcb700   Options.hard_pending_compaction_bytes_limit: 274877906944
2019/10/17-14:54:05.722584 7fc3a9fcb700       Options.rate_limit_delay_max_milliseconds: 100
2019/10/17-14:54:05.722585 7fc3a9fcb700                Options.disable_auto_compactions: 0
2019/10/17-14:54:05.722592 7fc3a9fcb700                        Options.compaction_style: kCompactionStyleLevel
2019/10/17-14:54:05.722594 7fc3a9fcb700                          Options.compaction_pri: kByCompensatedSize
2019/10/17-14:54:05.722595 7fc3a9fcb700 Options.compaction_options_universal.size_ratio: 1
2019/10/17-14:54:05.722597 7fc3a9fcb700 Options.compaction_options_universal.min_merge_width: 2
2019/10/17-14:54:05.722598 7fc3a9fcb700 Options.compaction_options_universal.max_merge_width: 4294967295
2019/10/17-14:54:05.722599 7fc3a9fcb700 Options.compaction_options_universal.max_size_amplification_percent: 200
2019/10/17-14:54:05.722600 7fc3a9fcb700 Options.compaction_options_universal.compression_size_percent: -1
2019/10/17-14:54:05.722602 7fc3a9fcb700 Options.compaction_options_universal.stop_style: kCompactionStopStyleTotalSize
2019/10/17-14:54:05.722603 7fc3a9fcb700 Options.compaction_options_fifo.max_table_files_size: 1073741824
2019/10/17-14:54:05.722604 7fc3a9fcb700 Options.compaction_options_fifo.allow_compaction: 0
2019/10/17-14:54:05.722605 7fc3a9fcb700 Options.compaction_options_fifo.ttl: 0
2019/10/17-14:54:05.722607 7fc3a9fcb700                   Options.table_properties_collectors: 
2019/10/17-14:54:05.722608 7fc3a9fcb700                   Options.inplace_update_support: 0
2019/10/17-14:54:05.722609 7fc3a9fcb700                 Options.inplace_update_num_locks: 10000
2019/10/17-14:54:05.722610 7fc3a9fcb700               Options.memtable_prefix_bloom_size_ratio: 0.000000
2019/10/17-14:54:05.722612 7fc3a9fcb700   Options.memtable_huge_page_size: 0
2019/10/17-14:54:05.722613 7fc3a9fcb700                           Options.bloom_locality: 0
2019/10/17-14:54:05.722614 7fc3a9fcb700                    Options.max_successive_merges: 0
2019/10/17-14:54:05.722616 7fc3a9fcb700                Options.optimize_filters_for_hits: 0
2019/10/17-14:54:05.722617 7fc3a9fcb700                Options.paranoid_file_checks: 0
2019/10/17-14:54:05.722618 7fc3a9fcb700                Options.force_consistency_checks: 0
2019/10/17-14:54:05.722619 7fc3a9fcb700                Options.report_bg_io_stats: 0
2019/10/17-14:54:05.722620 7fc3a9fcb700                               Options.ttl: 0
2019/10/17-14:54:05.722640 7fc3a9fcb700 [db/column_family.cc:472] --------------- Options for column family [htlcs]:
2019/10/17-14:54:05.722642 7fc3a9fcb700               Options.comparator: leveldb.BytewiseComparator
2019/10/17-14:54:05.722643 7fc3a9fcb700           Options.merge_operator: None
2019/10/17-14:54:05.722644 7fc3a9fcb700        Options.compaction_filter: None
2019/10/17-14:54:05.722646 7fc3a9fcb700        Options.compaction_filter_factory: None
2019/10/17-14:54:05.722647 7fc3a9fcb700         Options.memtable_factory: SkipListFactory
2019/10/17-14:54:05.722648 7fc3a9fcb700            Options.table_factory: BlockBasedTable
2019/10/17-14:54:05.722664 7fc3a9fcb700            table_factory options:   flush_block_policy_factory: FlushBlockBySizePolicyFactory (0x7fc35002ae40)
