2019/10/17-14:55:05.334073 7fc3a9fcb700 RocksDB version: 5.18.3
2019/10/17-14:55:05.334116 7fc3a9fcb700 Git sha rocksdb_build_git_sha:@0@
2019/10/17-14:55:05.334118 7fc3a9fcb700 Compile date Sep 19 2019
2019/10/17-14:55:05.334120 7fc3a9fcb700 DB SUMMARY
2019/10/17-14:55:05.335043 7fc3a9fcb700 CURRENT file:  CURRENT
2019/10/17-14:55:05.335046 7fc3a9fcb700 IDENTITY file:  IDENTITY
2019/10/17-14:55:05.335083 7fc3a9fcb700 MANIFEST file:  MANIFEST-116302 size: 4114 Bytes
2019/10/17-14:55:05.335085 7fc3a9fcb700 SST files in /home/rahul/dev/blockchain-core/eqc/ledger.db dir, Total Num: 29, files: 000624.sst 000627.sst 106940.sst 108447.sst 108450.sst 109471.sst 109483.sst 109485.sst 109486.sst 
2019/10/17-14:55:05.335086 7fc3a9fcb700 Write Ahead Log file in /home/rahul/dev/blockchain-core/eqc/ledger.db: 116303.log size: 0 ; 
2019/10/17-14:55:05.335130 7fc3a9fcb700                         Options.error_if_exists: 0
2019/10/17-14:55:05.335131 7fc3a9fcb700                       Options.create_if_missing: 1
2019/10/17-14:55:05.335132 7fc3a9fcb700                         Options.paranoid_checks: 1
2019/10/17-14:55:05.335133 7fc3a9fcb700                                     Options.env: 0x7fc32ae1fc60
2019/10/17-14:55:05.335134 7fc3a9fcb700                                Options.info_log: 0x7fc3500d7bb0
2019/10/17-14:55:05.335135 7fc3a9fcb700                Options.max_file_opening_threads: 16
2019/10/17-14:55:05.335136 7fc3a9fcb700                              Options.statistics: (nil)
2019/10/17-14:55:05.335138 7fc3a9fcb700                               Options.use_fsync: 0
2019/10/17-14:55:05.335138 7fc3a9fcb700                       Options.max_log_file_size: 0
2019/10/17-14:55:05.335140 7fc3a9fcb700                  Options.max_manifest_file_size: 1073741824
2019/10/17-14:55:05.335141 7fc3a9fcb700                   Options.log_file_time_to_roll: 0
2019/10/17-14:55:05.335142 7fc3a9fcb700                       Options.keep_log_file_num: 1000
2019/10/17-14:55:05.335143 7fc3a9fcb700                    Options.recycle_log_file_num: 0
2019/10/17-14:55:05.335144 7fc3a9fcb700                         Options.allow_fallocate: 1
2019/10/17-14:55:05.335145 7fc3a9fcb700                        Options.allow_mmap_reads: 0
2019/10/17-14:55:05.335146 7fc3a9fcb700                       Options.allow_mmap_writes: 0
2019/10/17-14:55:05.335146 7fc3a9fcb700                        Options.use_direct_reads: 0
2019/10/17-14:55:05.335147 7fc3a9fcb700                        Options.use_direct_io_for_flush_and_compaction: 0
2019/10/17-14:55:05.335148 7fc3a9fcb700          Options.create_missing_column_families: 0
2019/10/17-14:55:05.335149 7fc3a9fcb700                              Options.db_log_dir: 
2019/10/17-14:55:05.335150 7fc3a9fcb700                                 Options.wal_dir: /home/rahul/dev/blockchain-core/eqc/ledger.db
2019/10/17-14:55:05.335151 7fc3a9fcb700                Options.table_cache_numshardbits: 6
2019/10/17-14:55:05.335152 7fc3a9fcb700                      Options.max_subcompactions: 1
2019/10/17-14:55:05.335153 7fc3a9fcb700                  Options.max_background_flushes: -1
2019/10/17-14:55:05.335154 7fc3a9fcb700                         Options.WAL_ttl_seconds: 0
2019/10/17-14:55:05.335155 7fc3a9fcb700                       Options.WAL_size_limit_MB: 0
2019/10/17-14:55:05.335156 7fc3a9fcb700             Options.manifest_preallocation_size: 4194304
2019/10/17-14:55:05.335157 7fc3a9fcb700                     Options.is_fd_close_on_exec: 1
2019/10/17-14:55:05.335158 7fc3a9fcb700                   Options.advise_random_on_open: 1
2019/10/17-14:55:05.335159 7fc3a9fcb700                    Options.db_write_buffer_size: 0
2019/10/17-14:55:05.335160 7fc3a9fcb700                    Options.write_buffer_manager: 0x7fc35003c110
2019/10/17-14:55:05.335161 7fc3a9fcb700         Options.access_hint_on_compaction_start: 1
2019/10/17-14:55:05.335162 7fc3a9fcb700  Options.new_table_reader_for_compaction_inputs: 0
2019/10/17-14:55:05.335163 7fc3a9fcb700           Options.random_access_max_buffer_size: 1048576
2019/10/17-14:55:05.335164 7fc3a9fcb700                      Options.use_adaptive_mutex: 0
2019/10/17-14:55:05.335165 7fc3a9fcb700                            Options.rate_limiter: (nil)
2019/10/17-14:55:05.335178 7fc3a9fcb700     Options.sst_file_manager.rate_bytes_per_sec: 0
2019/10/17-14:55:05.335179 7fc3a9fcb700                       Options.wal_recovery_mode: 2
2019/10/17-14:55:05.335180 7fc3a9fcb700                  Options.enable_thread_tracking: 0
2019/10/17-14:55:05.335181 7fc3a9fcb700                  Options.enable_pipelined_write: 0
2019/10/17-14:55:05.335182 7fc3a9fcb700         Options.allow_concurrent_memtable_write: 1
2019/10/17-14:55:05.335183 7fc3a9fcb700      Options.enable_write_thread_adaptive_yield: 1
2019/10/17-14:55:05.335184 7fc3a9fcb700             Options.write_thread_max_yield_usec: 100
2019/10/17-14:55:05.335185 7fc3a9fcb700            Options.write_thread_slow_yield_usec: 3
2019/10/17-14:55:05.335186 7fc3a9fcb700                               Options.row_cache: None
2019/10/17-14:55:05.335187 7fc3a9fcb700                              Options.wal_filter: None
2019/10/17-14:55:05.335188 7fc3a9fcb700             Options.avoid_flush_during_recovery: 0
2019/10/17-14:55:05.335189 7fc3a9fcb700             Options.allow_ingest_behind: 0
2019/10/17-14:55:05.335190 7fc3a9fcb700             Options.preserve_deletes: 0
2019/10/17-14:55:05.335191 7fc3a9fcb700             Options.two_write_queues: 0
2019/10/17-14:55:05.335192 7fc3a9fcb700             Options.manual_wal_flush: 0
2019/10/17-14:55:05.335193 7fc3a9fcb700             Options.max_background_jobs: 2
2019/10/17-14:55:05.335194 7fc3a9fcb700             Options.max_background_compactions: -1
2019/10/17-14:55:05.335195 7fc3a9fcb700             Options.avoid_flush_during_shutdown: 0
2019/10/17-14:55:05.335196 7fc3a9fcb700           Options.writable_file_max_buffer_size: 1048576
2019/10/17-14:55:05.335197 7fc3a9fcb700             Options.delayed_write_rate : 16777216
2019/10/17-14:55:05.335198 7fc3a9fcb700             Options.max_total_wal_size: 0
2019/10/17-14:55:05.335199 7fc3a9fcb700             Options.delete_obsolete_files_period_micros: 21600000000
2019/10/17-14:55:05.335200 7fc3a9fcb700                   Options.stats_dump_period_sec: 600
2019/10/17-14:55:05.335201 7fc3a9fcb700                          Options.max_open_files: -1
2019/10/17-14:55:05.335202 7fc3a9fcb700                          Options.bytes_per_sync: 0
2019/10/17-14:55:05.335203 7fc3a9fcb700                      Options.wal_bytes_per_sync: 0
2019/10/17-14:55:05.335204 7fc3a9fcb700       Options.compaction_readahead_size: 0
2019/10/17-14:55:05.335204 7fc3a9fcb700 Compression algorithms supported:
2019/10/17-14:55:05.335206 7fc3a9fcb700 	kZSTDNotFinalCompression supported: 0
2019/10/17-14:55:05.335207 7fc3a9fcb700 	kZSTD supported: 0
2019/10/17-14:55:05.335208 7fc3a9fcb700 	kXpressCompression supported: 0
2019/10/17-14:55:05.335210 7fc3a9fcb700 	kLZ4HCCompression supported: 0
2019/10/17-14:55:05.335211 7fc3a9fcb700 	kLZ4Compression supported: 0
2019/10/17-14:55:05.335212 7fc3a9fcb700 	kBZip2Compression supported: 0
2019/10/17-14:55:05.335213 7fc3a9fcb700 	kZlibCompression supported: 0
2019/10/17-14:55:05.335214 7fc3a9fcb700 	kSnappyCompression supported: 0
2019/10/17-14:55:05.335216 7fc3a9fcb700 Fast CRC32 supported: Supported on x86
2019/10/17-14:55:05.335332 7fc3a9fcb700 [db/version_set.cc:3507] Recovering from manifest file: MANIFEST-116302
2019/10/17-14:55:05.335373 7fc3a9fcb700 [db/column_family.cc:472] --------------- Options for column family [default]:
2019/10/17-14:55:05.335375 7fc3a9fcb700               Options.comparator: leveldb.BytewiseComparator
2019/10/17-14:55:05.335376 7fc3a9fcb700           Options.merge_operator: None
2019/10/17-14:55:05.335377 7fc3a9fcb700        Options.compaction_filter: None
2019/10/17-14:55:05.335378 7fc3a9fcb700        Options.compaction_filter_factory: None
2019/10/17-14:55:05.335379 7fc3a9fcb700         Options.memtable_factory: SkipListFactory
2019/10/17-14:55:05.335380 7fc3a9fcb700            Options.table_factory: BlockBasedTable
2019/10/17-14:55:05.335398 7fc3a9fcb700            table_factory options:   flush_block_policy_factory: FlushBlockBySizePolicyFactory (0x7fc35000b2c0)
  cache_index_and_filter_blocks: 0
  cache_index_and_filter_blocks_with_high_priority: 0
  pin_l0_filter_and_index_blocks_in_cache: 0
  pin_top_level_index_and_filter: 1
  index_type: 0
  hash_index_allow_collision: 1
  checksum: 1
  no_block_cache: 0
  block_cache: 0x7fc350032780
  block_cache_name: LRUCache
  block_cache_options:
    capacity : 8388608
    num_shard_bits : 4
    strict_capacity_limit : 0
    memory_allocator : None
    high_pri_pool_ratio: 0.000
  block_cache_compressed: (nil)
  persistent_cache: (nil)
  block_size: 4096
  block_size_deviation: 10
  block_restart_interval: 16
  index_block_restart_interval: 1
  metadata_block_size: 4096
  partition_filters: 0
  use_delta_encoding: 1
  filter_policy: nullptr
  whole_key_filtering: 1
  verify_compression: 0
  read_amp_bytes_per_bit: 0
  format_version: 2
  enable_index_compression: 1
  block_align: 0
2019/10/17-14:55:05.335409 7fc3a9fcb700        Options.write_buffer_size: 67108864
2019/10/17-14:55:05.335410 7fc3a9fcb700  Options.max_write_buffer_number: 2
2019/10/17-14:55:05.335411 7fc3a9fcb700          Options.compression: NoCompression
2019/10/17-14:55:05.335412 7fc3a9fcb700                  Options.bottommost_compression: Disabled
2019/10/17-14:55:05.335413 7fc3a9fcb700       Options.prefix_extractor: nullptr
2019/10/17-14:55:05.335414 7fc3a9fcb700   Options.memtable_insert_with_hint_prefix_extractor: nullptr
2019/10/17-14:55:05.335415 7fc3a9fcb700             Options.num_levels: 7
2019/10/17-14:55:05.335416 7fc3a9fcb700        Options.min_write_buffer_number_to_merge: 1
2019/10/17-14:55:05.335417 7fc3a9fcb700     Options.max_write_buffer_number_to_maintain: 0
2019/10/17-14:55:05.335418 7fc3a9fcb700            Options.bottommost_compression_opts.window_bits: -14
2019/10/17-14:55:05.335419 7fc3a9fcb700                  Options.bottommost_compression_opts.level: 32767
2019/10/17-14:55:05.335420 7fc3a9fcb700               Options.bottommost_compression_opts.strategy: 0
2019/10/17-14:55:05.335421 7fc3a9fcb700         Options.bottommost_compression_opts.max_dict_bytes: 0
2019/10/17-14:55:05.335422 7fc3a9fcb700         Options.bottommost_compression_opts.zstd_max_train_bytes: 0
2019/10/17-14:55:05.335423 7fc3a9fcb700                  Options.bottommost_compression_opts.enabled: false
2019/10/17-14:55:05.335424 7fc3a9fcb700            Options.compression_opts.window_bits: -14
2019/10/17-14:55:05.335425 7fc3a9fcb700                  Options.compression_opts.level: 32767
2019/10/17-14:55:05.335426 7fc3a9fcb700               Options.compression_opts.strategy: 0
2019/10/17-14:55:05.335427 7fc3a9fcb700         Options.compression_opts.max_dict_bytes: 0
2019/10/17-14:55:05.335428 7fc3a9fcb700         Options.compression_opts.zstd_max_train_bytes: 0
2019/10/17-14:55:05.335429 7fc3a9fcb700                  Options.compression_opts.enabled: false
2019/10/17-14:55:05.335430 7fc3a9fcb700      Options.level0_file_num_compaction_trigger: 4
2019/10/17-14:55:05.335431 7fc3a9fcb700          Options.level0_slowdown_writes_trigger: 20
2019/10/17-14:55:05.335432 7fc3a9fcb700              Options.level0_stop_writes_trigger: 36
2019/10/17-14:55:05.335433 7fc3a9fcb700                   Options.target_file_size_base: 67108864
2019/10/17-14:55:05.335434 7fc3a9fcb700             Options.target_file_size_multiplier: 1
2019/10/17-14:55:05.335435 7fc3a9fcb700                Options.max_bytes_for_level_base: 268435456
2019/10/17-14:55:05.335436 7fc3a9fcb700 Options.level_compaction_dynamic_level_bytes: 0
2019/10/17-14:55:05.335436 7fc3a9fcb700          Options.max_bytes_for_level_multiplier: 10.000000
2019/10/17-14:55:05.335439 7fc3a9fcb700 Options.max_bytes_for_level_multiplier_addtl[0]: 1
2019/10/17-14:55:05.335440 7fc3a9fcb700 Options.max_bytes_for_level_multiplier_addtl[1]: 1
2019/10/17-14:55:05.335441 7fc3a9fcb700 Options.max_bytes_for_level_multiplier_addtl[2]: 1
2019/10/17-14:55:05.335442 7fc3a9fcb700 Options.max_bytes_for_level_multiplier_addtl[3]: 1
2019/10/17-14:55:05.335443 7fc3a9fcb700 Options.max_bytes_for_level_multiplier_addtl[4]: 1
2019/10/17-14:55:05.335449 7fc3a9fcb700 Options.max_bytes_for_level_multiplier_addtl[5]: 1
2019/10/17-14:55:05.335450 7fc3a9fcb700 Options.max_bytes_for_level_multiplier_addtl[6]: 1
2019/10/17-14:55:05.335451 7fc3a9fcb700       Options.max_sequential_skip_in_iterations: 8
2019/10/17-14:55:05.335452 7fc3a9fcb700                    Options.max_compaction_bytes: 1677721600
2019/10/17-14:55:05.335453 7fc3a9fcb700                        Options.arena_block_size: 8388608
2019/10/17-14:55:05.335454 7fc3a9fcb700   Options.soft_pending_compaction_bytes_limit: 68719476736
2019/10/17-14:55:05.335455 7fc3a9fcb700   Options.hard_pending_compaction_bytes_limit: 274877906944
2019/10/17-14:55:05.335456 7fc3a9fcb700       Options.rate_limit_delay_max_milliseconds: 100
2019/10/17-14:55:05.335457 7fc3a9fcb700                Options.disable_auto_compactions: 0
2019/10/17-14:55:05.335458 7fc3a9fcb700                        Options.compaction_style: kCompactionStyleLevel
2019/10/17-14:55:05.335459 7fc3a9fcb700                          Options.compaction_pri: kByCompensatedSize
2019/10/17-14:55:05.335461 7fc3a9fcb700 Options.compaction_options_universal.size_ratio: 1
2019/10/17-14:55:05.335462 7fc3a9fcb700 Options.compaction_options_universal.min_merge_width: 2
2019/10/17-14:55:05.335462 7fc3a9fcb700 Options.compaction_options_universal.max_merge_width: 4294967295
2019/10/17-14:55:05.335463 7fc3a9fcb700 Options.compaction_options_universal.max_size_amplification_percent: 200
2019/10/17-14:55:05.335464 7fc3a9fcb700 Options.compaction_options_universal.compression_size_percent: -1
2019/10/17-14:55:05.335466 7fc3a9fcb700 Options.compaction_options_universal.stop_style: kCompactionStopStyleTotalSize
2019/10/17-14:55:05.335467 7fc3a9fcb700 Options.compaction_options_fifo.max_table_files_size: 1073741824
2019/10/17-14:55:05.335468 7fc3a9fcb700 Options.compaction_options_fifo.allow_compaction: 0
2019/10/17-14:55:05.335469 7fc3a9fcb700 Options.compaction_options_fifo.ttl: 0
2019/10/17-14:55:05.335470 7fc3a9fcb700                   Options.table_properties_collectors: 
2019/10/17-14:55:05.335471 7fc3a9fcb700                   Options.inplace_update_support: 0
2019/10/17-14:55:05.335472 7fc3a9fcb700                 Options.inplace_update_num_locks: 10000
2019/10/17-14:55:05.335473 7fc3a9fcb700               Options.memtable_prefix_bloom_size_ratio: 0.000000
2019/10/17-14:55:05.335474 7fc3a9fcb700   Options.memtable_huge_page_size: 0
2019/10/17-14:55:05.335475 7fc3a9fcb700                           Options.bloom_locality: 0
2019/10/17-14:55:05.335476 7fc3a9fcb700                    Options.max_successive_merges: 0
2019/10/17-14:55:05.335477 7fc3a9fcb700                Options.optimize_filters_for_hits: 0
2019/10/17-14:55:05.335478 7fc3a9fcb700                Options.paranoid_file_checks: 0
2019/10/17-14:55:05.335479 7fc3a9fcb700                Options.force_consistency_checks: 0
2019/10/17-14:55:05.335480 7fc3a9fcb700                Options.report_bg_io_stats: 0
2019/10/17-14:55:05.335481 7fc3a9fcb700                               Options.ttl: 0
2019/10/17-14:55:05.335515 7fc3a9fcb700 [db/column_family.cc:472] --------------- Options for column family [active_gateways]:
2019/10/17-14:55:05.335517 7fc3a9fcb700               Options.comparator: leveldb.BytewiseComparator
2019/10/17-14:55:05.335518 7fc3a9fcb700           Options.merge_operator: None
2019/10/17-14:55:05.335519 7fc3a9fcb700        Options.compaction_filter: None
2019/10/17-14:55:05.335520 7fc3a9fcb700        Options.compaction_filter_factory: None
2019/10/17-14:55:05.335521 7fc3a9fcb700         Options.memtable_factory: SkipListFactory
2019/10/17-14:55:05.335522 7fc3a9fcb700            Options.table_factory: BlockBasedTable
2019/10/17-14:55:05.335535 7fc3a9fcb700            table_factory options:   flush_block_policy_factory: FlushBlockBySizePolicyFactory (0x7fc3500fc490)
  cache_index_and_filter_blocks: 0
  cache_index_and_filter_blocks_with_high_priority: 0
  pin_l0_filter_and_index_blocks_in_cache: 0
  pin_top_level_index_and_filter: 1
  index_type: 0
  hash_index_allow_collision: 1
  checksum: 1
  no_block_cache: 0
  block_cache: 0x7fc3500d53f0
  block_cache_name: LRUCache
  block_cache_options:
    capacity : 8388608
    num_shard_bits : 4
    strict_capacity_limit : 0
    memory_allocator : None
    high_pri_pool_ratio: 0.000
  block_cache_compressed: (nil)
  persistent_cache: (nil)
  block_size: 4096
  block_size_deviation: 10
  block_restart_interval: 16
  index_block_restart_interval: 1
  metadata_block_size: 4096
  partition_filters: 0
  use_delta_encoding: 1
  filter_policy: nullptr
  whole_key_filtering: 1
  verify_compression: 0
  read_amp_bytes_per_bit: 0
  format_version: 2
  enable_index_compression: 1
  block_align: 0
2019/10/17-14:55:05.335543 7fc3a9fcb700        Options.write_buffer_size: 67108864
2019/10/17-14:55:05.335544 7fc3a9fcb700  Options.max_write_buffer_number: 2
2019/10/17-14:55:05.335545 7fc3a9fcb700          Options.compression: NoCompression
2019/10/17-14:55:05.335546 7fc3a9fcb700                  Options.bottommost_compression: Disabled
2019/10/17-14:55:05.335547 7fc3a9fcb700       Options.prefix_extractor: nullptr
2019/10/17-14:55:05.335548 7fc3a9fcb700   Options.memtable_insert_with_hint_prefix_extractor: nullptr
2019/10/17-14:55:05.335549 7fc3a9fcb700             Options.num_levels: 7
2019/10/17-14:55:05.335550 7fc3a9fcb700        Options.min_write_buffer_number_to_merge: 1
2019/10/17-14:55:05.335551 7fc3a9fcb700     Options.max_write_buffer_number_to_maintain: 0
2019/10/17-14:55:05.335552 7fc3a9fcb700            Options.bottommost_compression_opts.window_bits: -14
2019/10/17-14:55:05.335553 7fc3a9fcb700                  Options.bottommost_compression_opts.level: 32767
2019/10/17-14:55:05.335554 7fc3a9fcb700               Options.bottommost_compression_opts.strategy: 0
2019/10/17-14:55:05.335555 7fc3a9fcb700         Options.bottommost_compression_opts.max_dict_bytes: 0
2019/10/17-14:55:05.335556 7fc3a9fcb700         Options.bottommost_compression_opts.zstd_max_train_bytes: 0
2019/10/17-14:55:05.335557 7fc3a9fcb700                  Options.bottommost_compression_opts.enabled: false
2019/10/17-14:55:05.335558 7fc3a9fcb700            Options.compression_opts.window_bits: -14
2019/10/17-14:55:05.335558 7fc3a9fcb700                  Options.compression_opts.level: 32767
2019/10/17-14:55:05.335559 7fc3a9fcb700               Options.compression_opts.strategy: 0
2019/10/17-14:55:05.335560 7fc3a9fcb700         Options.compression_opts.max_dict_bytes: 0
2019/10/17-14:55:05.335561 7fc3a9fcb700         Options.compression_opts.zstd_max_train_bytes: 0
2019/10/17-14:55:05.335562 7fc3a9fcb700                  Options.compression_opts.enabled: false
2019/10/17-14:55:05.335563 7fc3a9fcb700      Options.level0_file_num_compaction_trigger: 4
2019/10/17-14:55:05.335564 7fc3a9fcb700          Options.level0_slowdown_writes_trigger: 20
2019/10/17-14:55:05.335565 7fc3a9fcb700              Options.level0_stop_writes_trigger: 36
2019/10/17-14:55:05.335566 7fc3a9fcb700                   Options.target_file_size_base: 67108864
2019/10/17-14:55:05.335567 7fc3a9fcb700             Options.target_file_size_multiplier: 1
2019/10/17-14:55:05.335568 7fc3a9fcb700                Options.max_bytes_for_level_base: 268435456
2019/10/17-14:55:05.335569 7fc3a9fcb700 Options.level_compaction_dynamic_level_bytes: 0
2019/10/17-14:55:05.335570 7fc3a9fcb700          Options.max_bytes_for_level_multiplier: 10.000000
2019/10/17-14:55:05.335572 7fc3a9fcb700 Options.max_bytes_for_level_multiplier_addtl[0]: 1
2019/10/17-14:55:05.335573 7fc3a9fcb700 Options.max_bytes_for_level_multiplier_addtl[1]: 1
2019/10/17-14:55:05.335574 7fc3a9fcb700 Options.max_bytes_for_level_multiplier_addtl[2]: 1
2019/10/17-14:55:05.335575 7fc3a9fcb700 Options.max_bytes_for_level_multiplier_addtl[3]: 1
2019/10/17-14:55:05.335576 7fc3a9fcb700 Options.max_bytes_for_level_multiplier_addtl[4]: 1
2019/10/17-14:55:05.335577 7fc3a9fcb700 Options.max_bytes_for_level_multiplier_addtl[5]: 1
2019/10/17-14:55:05.335578 7fc3a9fcb700 Options.max_bytes_for_level_multiplier_addtl[6]: 1
2019/10/17-14:55:05.335578 7fc3a9fcb700       Options.max_sequential_skip_in_iterations: 8
2019/10/17-14:55:05.335584 7fc3a9fcb700                    Options.max_compaction_bytes: 1677721600
2019/10/17-14:55:05.335585 7fc3a9fcb700                        Options.arena_block_size: 8388608
2019/10/17-14:55:05.335586 7fc3a9fcb700   Options.soft_pending_compaction_bytes_limit: 68719476736
2019/10/17-14:55:05.335587 7fc3a9fcb700   Options.hard_pending_compaction_bytes_limit: 274877906944
2019/10/17-14:55:05.335588 7fc3a9fcb700       Options.rate_limit_delay_max_milliseconds: 100
2019/10/17-14:55:05.335589 7fc3a9fcb700                Options.disable_auto_compactions: 0
2019/10/17-14:55:05.335590 7fc3a9fcb700                        Options.compaction_style: kCompactionStyleLevel
2019/10/17-14:55:05.335591 7fc3a9fcb700                          Options.compaction_pri: kByCompensatedSize
2019/10/17-14:55:05.335592 7fc3a9fcb700 Options.compaction_options_universal.size_ratio: 1
2019/10/17-14:55:05.335593 7fc3a9fcb700 Options.compaction_options_universal.min_merge_width: 2
2019/10/17-14:55:05.335594 7fc3a9fcb700 Options.compaction_options_universal.max_merge_width: 4294967295
2019/10/17-14:55:05.335595 7fc3a9fcb700 Options.compaction_options_universal.max_size_amplification_percent: 200
2019/10/17-14:55:05.335596 7fc3a9fcb700 Options.compaction_options_universal.compression_size_percent: -1
2019/10/17-14:55:05.335597 7fc3a9fcb700 Options.compaction_options_universal.stop_style: kCompactionStopStyleTotalSize
2019/10/17-14:55:05.335598 7fc3a9fcb700 Options.compaction_options_fifo.max_table_files_size: 1073741824
2019/10/17-14:55:05.335599 7fc3a9fcb700 Options.compaction_options_fifo.allow_compaction: 0
2019/10/17-14:55:05.335600 7fc3a9fcb700 Options.compaction_options_fifo.ttl: 0
2019/10/17-14:55:05.335601 7fc3a9fcb700                   Options.table_properties_collectors: 
2019/10/17-14:55:05.335602 7fc3a9fcb700                   Options.inplace_update_support: 0
2019/10/17-14:55:05.335603 7fc3a9fcb700                 Options.inplace_update_num_locks: 10000
2019/10/17-14:55:05.335604 7fc3a9fcb700               Options.memtable_prefix_bloom_size_ratio: 0.000000
2019/10/17-14:55:05.335605 7fc3a9fcb700   Options.memtable_huge_page_size: 0
2019/10/17-14:55:05.335606 7fc3a9fcb700                           Options.bloom_locality: 0
2019/10/17-14:55:05.335607 7fc3a9fcb700                    Options.max_successive_merges: 0
2019/10/17-14:55:05.335608 7fc3a9fcb700                Options.optimize_filters_for_hits: 0
2019/10/17-14:55:05.335609 7fc3a9fcb700                Options.paranoid_file_checks: 0
2019/10/17-14:55:05.335610 7fc3a9fcb700                Options.force_consistency_checks: 0
2019/10/17-14:55:05.335611 7fc3a9fcb700                Options.report_bg_io_stats: 0
2019/10/17-14:55:05.335612 7fc3a9fcb700                               Options.ttl: 0
2019/10/17-14:55:05.335632 7fc3a9fcb700 [db/column_family.cc:472] --------------- Options for column family [entries]:
2019/10/17-14:55:05.335633 7fc3a9fcb700               Options.comparator: leveldb.BytewiseComparator
2019/10/17-14:55:05.335634 7fc3a9fcb700           Options.merge_operator: None
2019/10/17-14:55:05.335635 7fc3a9fcb700        Options.compaction_filter: None
2019/10/17-14:55:05.335636 7fc3a9fcb700        Options.compaction_filter_factory: None
2019/10/17-14:55:05.335637 7fc3a9fcb700         Options.memtable_factory: SkipListFactory
2019/10/17-14:55:05.335638 7fc3a9fcb700            Options.table_factory: BlockBasedTable
2019/10/17-14:55:05.335650 7fc3a9fcb700            table_factory options:   flush_block_policy_factory: FlushBlockBySizePolicyFactory (0x7fc3500895e0)
  cache_index_and_filter_blocks: 0
  cache_index_and_filter_blocks_with_high_priority: 0
  pin_l0_filter_and_index_blocks_in_cache: 0
  pin_top_level_index_and_filter: 1
  index_type: 0
  hash_index_allow_collision: 1
  checksum: 1
  no_block_cache: 0
  block_cache: 0x7fc350027b40
  block_cache_name: LRUCache
  block_cache_options:
    capacity : 8388608
    num_shard_bits : 4
    strict_capacity_limit : 0
    memory_allocator : None
    high_pri_pool_ratio: 0.000
  block_cache_compressed: (nil)
  persistent_cache: (nil)
  block_size: 4096
  block_size_deviation: 10
  block_restart_interval: 16
  index_block_restart_interval: 1
  metadata_block_size: 4096
  partition_filters: 0
  use_delta_encoding: 1
  filter_policy: nullptr
  whole_key_filtering: 1
  verify_compression: 0
  read_amp_bytes_per_bit: 0
  format_version: 2
  enable_index_compression: 1
  block_align: 0
2019/10/17-14:55:05.335658 7fc3a9fcb700        Options.write_buffer_size: 67108864
2019/10/17-14:55:05.335659 7fc3a9fcb700  Options.max_write_buffer_number: 2
2019/10/17-14:55:05.335660 7fc3a9fcb700          Options.compression: NoCompression
2019/10/17-14:55:05.335661 7fc3a9fcb700                  Options.bottommost_compression: Disabled
2019/10/17-14:55:05.335662 7fc3a9fcb700       Options.prefix_extractor: nullptr
2019/10/17-14:55:05.335663 7fc3a9fcb700   Options.memtable_insert_with_hint_prefix_extractor: nullptr
2019/10/17-14:55:05.335664 7fc3a9fcb700             Options.num_levels: 7
2019/10/17-14:55:05.335665 7fc3a9fcb700        Options.min_write_buffer_number_to_merge: 1
2019/10/17-14:55:05.335666 7fc3a9fcb700     Options.max_write_buffer_number_to_maintain: 0
2019/10/17-14:55:05.335667 7fc3a9fcb700            Options.bottommost_compression_opts.window_bits: -14
2019/10/17-14:55:05.335668 7fc3a9fcb700                  Options.bottommost_compression_opts.level: 32767
2019/10/17-14:55:05.335668 7fc3a9fcb700               Options.bottommost_compression_opts.strategy: 0
2019/10/17-14:55:05.335669 7fc3a9fcb700         Options.bottommost_compression_opts.max_dict_bytes: 0
2019/10/17-14:55:05.335670 7fc3a9fcb700         Options.bottommost_compression_opts.zstd_max_train_bytes: 0
2019/10/17-14:55:05.335671 7fc3a9fcb700                  Options.bottommost_compression_opts.enabled: false
2019/10/17-14:55:05.335672 7fc3a9fcb700            Options.compression_opts.window_bits: -14
2019/10/17-14:55:05.335673 7fc3a9fcb700                  Options.compression_opts.level: 32767
2019/10/17-14:55:05.335674 7fc3a9fcb700               Options.compression_opts.strategy: 0
2019/10/17-14:55:05.335675 7fc3a9fcb700         Options.compression_opts.max_dict_bytes: 0
2019/10/17-14:55:05.335676 7fc3a9fcb700         Options.compression_opts.zstd_max_train_bytes: 0
2019/10/17-14:55:05.335677 7fc3a9fcb700                  Options.compression_opts.enabled: false
2019/10/17-14:55:05.335678 7fc3a9fcb700      Options.level0_file_num_compaction_trigger: 4
2019/10/17-14:55:05.335679 7fc3a9fcb700          Options.level0_slowdown_writes_trigger: 20
2019/10/17-14:55:05.335680 7fc3a9fcb700              Options.level0_stop_writes_trigger: 36
2019/10/17-14:55:05.335681 7fc3a9fcb700                   Options.target_file_size_base: 67108864
2019/10/17-14:55:05.335681 7fc3a9fcb700             Options.target_file_size_multiplier: 1
2019/10/17-14:55:05.335682 7fc3a9fcb700                Options.max_bytes_for_level_base: 268435456
2019/10/17-14:55:05.335683 7fc3a9fcb700 Options.level_compaction_dynamic_level_bytes: 0
2019/10/17-14:55:05.335684 7fc3a9fcb700          Options.max_bytes_for_level_multiplier: 10.000000
2019/10/17-14:55:05.335686 7fc3a9fcb700 Options.max_bytes_for_level_multiplier_addtl[0]: 1
2019/10/17-14:55:05.335687 7fc3a9fcb700 Options.max_bytes_for_level_multiplier_addtl[1]: 1
2019/10/17-14:55:05.335688 7fc3a9fcb700 Options.max_bytes_for_level_multiplier_addtl[2]: 1
2019/10/17-14:55:05.335689 7fc3a9fcb700 Options.max_bytes_for_level_multiplier_addtl[3]: 1
2019/10/17-14:55:05.335690 7fc3a9fcb700 Options.max_bytes_for_level_multiplier_addtl[4]: 1
2019/10/17-14:55:05.335691 7fc3a9fcb700 Options.max_bytes_for_level_multiplier_addtl[5]: 1
2019/10/17-14:55:05.335692 7fc3a9fcb700 Options.max_bytes_for_level_multiplier_addtl[6]: 1
2019/10/17-14:55:05.335693 7fc3a9fcb700       Options.max_sequential_skip_in_iterations: 8
2019/10/17-14:55:05.335694 7fc3a9fcb700                    Options.max_compaction_bytes: 1677721600
2019/10/17-14:55:05.335694 7fc3a9fcb700                        Options.arena_block_size: 8388608
2019/10/17-14:55:05.335695 7fc3a9fcb700   Options.soft_pending_compaction_bytes_limit: 68719476736
2019/10/17-14:55:05.335701 7fc3a9fcb700   Options.hard_pending_compaction_bytes_limit: 274877906944
2019/10/17-14:55:05.335702 7fc3a9fcb700       Options.rate_limit_delay_max_milliseconds: 100
2019/10/17-14:55:05.335703 7fc3a9fcb700                Options.disable_auto_compactions: 0
2019/10/17-14:55:05.335704 7fc3a9fcb700                        Options.compaction_style: kCompactionStyleLevel
2019/10/17-14:55:05.335705 7fc3a9fcb700                          Options.compaction_pri: kByCompensatedSize
2019/10/17-14:55:05.335706 7fc3a9fcb700 Options.compaction_options_universal.size_ratio: 1
2019/10/17-14:55:05.335707 7fc3a9fcb700 Options.compaction_options_universal.min_merge_width: 2
2019/10/17-14:55:05.335708 7fc3a9fcb700 Options.compaction_options_universal.max_merge_width: 4294967295
2019/10/17-14:55:05.335709 7fc3a9fcb700 Options.compaction_options_universal.max_size_amplification_percent: 200
2019/10/17-14:55:05.335710 7fc3a9fcb700 Options.compaction_options_universal.compression_size_percent: -1
2019/10/17-14:55:05.335711 7fc3a9fcb700 Options.compaction_options_universal.stop_style: kCompactionStopStyleTotalSize
2019/10/17-14:55:05.335712 7fc3a9fcb700 Options.compaction_options_fifo.max_table_files_size: 1073741824
2019/10/17-14:55:05.335713 7fc3a9fcb700 Options.compaction_options_fifo.allow_compaction: 0
2019/10/17-14:55:05.335714 7fc3a9fcb700 Options.compaction_options_fifo.ttl: 0
2019/10/17-14:55:05.335715 7fc3a9fcb700                   Options.table_properties_collectors: 
2019/10/17-14:55:05.335716 7fc3a9fcb700                   Options.inplace_update_support: 0
2019/10/17-14:55:05.335717 7fc3a9fcb700                 Options.inplace_update_num_locks: 10000
2019/10/17-14:55:05.335718 7fc3a9fcb700               Options.memtable_prefix_bloom_size_ratio: 0.000000
2019/10/17-14:55:05.335719 7fc3a9fcb700   Options.memtable_huge_page_size: 0
2019/10/17-14:55:05.335720 7fc3a9fcb700                           Options.bloom_locality: 0
2019/10/17-14:55:05.335721 7fc3a9fcb700                    Options.max_successive_merges: 0
2019/10/17-14:55:05.335722 7fc3a9fcb700                Options.optimize_filters_for_hits: 0
2019/10/17-14:55:05.335723 7fc3a9fcb700                Options.paranoid_file_checks: 0
2019/10/17-14:55:05.335724 7fc3a9fcb700                Options.force_consistency_checks: 0
2019/10/17-14:55:05.335725 7fc3a9fcb700                Options.report_bg_io_stats: 0
2019/10/17-14:55:05.335726 7fc3a9fcb700                               Options.ttl: 0
2019/10/17-14:55:05.335743 7fc3a9fcb700 [db/column_family.cc:472] --------------- Options for column family [dc_entries]:
2019/10/17-14:55:05.335745 7fc3a9fcb700               Options.comparator: leveldb.BytewiseComparator
2019/10/17-14:55:05.335746 7fc3a9fcb700           Options.merge_operator: None
2019/10/17-14:55:05.335747 7fc3a9fcb700        Options.compaction_filter: None
2019/10/17-14:55:05.335748 7fc3a9fcb700        Options.compaction_filter_factory: None
2019/10/17-14:55:05.335749 7fc3a9fcb700         Options.memtable_factory: SkipListFactory
2019/10/17-14:55:05.335749 7fc3a9fcb700            Options.table_factory: BlockBasedTable
2019/10/17-14:55:05.335761 7fc3a9fcb700            table_factory options:   flush_block_policy_factory: FlushBlockBySizePolicyFactory (0x7fc350092440)
  cache_index_and_filter_blocks: 0
  cache_index_and_filter_blocks_with_high_priority: 0
  pin_l0_filter_and_index_blocks_in_cache: 0
  pin_top_level_index_and_filter: 1
  index_type: 0
  hash_index_allow_collision: 1
  checksum: 1
  no_block_cache: 0
  block_cache: 0x7fc35003d0d0
  block_cache_name: LRUCache
  block_cache_options:
    capacity : 8388608
    num_shard_bits : 4
    strict_capacity_limit : 0
    memory_allocator : None
    high_pri_pool_ratio: 0.000
  block_cache_compressed: (nil)
  persistent_cache: (nil)
  block_size: 4096
  block_size_deviation: 10
  block_restart_interval: 16
  index_block_restart_interval: 1
  metadata_block_size: 4096
  partition_filters: 0
  use_delta_encoding: 1
  filter_policy: nullptr
  whole_key_filtering: 1
  verify_compression: 0
  read_amp_bytes_per_bit: 0
  format_version: 2
  enable_index_compression: 1
  block_align: 0
2019/10/17-14:55:05.335769 7fc3a9fcb700        Options.write_buffer_size: 67108864
2019/10/17-14:55:05.335770 7fc3a9fcb700  Options.max_write_buffer_number: 2
2019/10/17-14:55:05.335771 7fc3a9fcb700          Options.compression: NoCompression
2019/10/17-14:55:05.335772 7fc3a9fcb700                  Options.bottommost_compression: Disabled
2019/10/17-14:55:05.335773 7fc3a9fcb700       Options.prefix_extractor: nullptr
2019/10/17-14:55:05.335774 7fc3a9fcb700   Options.memtable_insert_with_hint_prefix_extractor: nullptr
2019/10/17-14:55:05.335775 7fc3a9fcb700             Options.num_levels: 7
2019/10/17-14:55:05.335776 7fc3a9fcb700        Options.min_write_buffer_number_to_merge: 1
2019/10/17-14:55:05.335777 7fc3a9fcb700     Options.max_write_buffer_number_to_maintain: 0
2019/10/17-14:55:05.335778 7fc3a9fcb700            Options.bottommost_compression_opts.window_bits: -14
2019/10/17-14:55:05.335779 7fc3a9fcb700                  Options.bottommost_compression_opts.level: 32767
2019/10/17-14:55:05.335779 7fc3a9fcb700               Options.bottommost_compression_opts.strategy: 0
2019/10/17-14:55:05.335780 7fc3a9fcb700         Options.bottommost_compression_opts.max_dict_bytes: 0
2019/10/17-14:55:05.335781 7fc3a9fcb700         Options.bottommost_compression_opts.zstd_max_train_bytes: 0
2019/10/17-14:55:05.335782 7fc3a9fcb700                  Options.bottommost_compression_opts.enabled: false
2019/10/17-14:55:05.335783 7fc3a9fcb700            Options.compression_opts.window_bits: -14
2019/10/17-14:55:05.335784 7fc3a9fcb700                  Options.compression_opts.level: 32767
2019/10/17-14:55:05.335785 7fc3a9fcb700               Options.compression_opts.strategy: 0
2019/10/17-14:55:05.335786 7fc3a9fcb700         Options.compression_opts.max_dict_bytes: 0
2019/10/17-14:55:05.335787 7fc3a9fcb700         Options.compression_opts.zstd_max_train_bytes: 0
2019/10/17-14:55:05.335788 7fc3a9fcb700                  Options.compression_opts.enabled: false
2019/10/17-14:55:05.335789 7fc3a9fcb700      Options.level0_file_num_compaction_trigger: 4
2019/10/17-14:55:05.335790 7fc3a9fcb700          Options.level0_slowdown_writes_trigger: 20
2019/10/17-14:55:05.335791 7fc3a9fcb700              Options.level0_stop_writes_trigger: 36
2019/10/17-14:55:05.335792 7fc3a9fcb700                   Options.target_file_size_base: 67108864
2019/10/17-14:55:05.335793 7fc3a9fcb700             Options.target_file_size_multiplier: 1
2019/10/17-14:55:05.335794 7fc3a9fcb700                Options.max_bytes_for_level_base: 268435456
2019/10/17-14:55:05.335795 7fc3a9fcb700 Options.level_compaction_dynamic_level_bytes: 0
2019/10/17-14:55:05.335795 7fc3a9fcb700          Options.max_bytes_for_level_multiplier: 10.000000
2019/10/17-14:55:05.335797 7fc3a9fcb700 Options.max_bytes_for_level_multiplier_addtl[0]: 1
2019/10/17-14:55:05.335798 7fc3a9fcb700 Options.max_bytes_for_level_multiplier_addtl[1]: 1
2019/10/17-14:55:05.335799 7fc3a9fcb700 Options.max_bytes_for_level_multiplier_addtl[2]: 1
2019/10/17-14:55:05.335800 7fc3a9fcb700 Options.max_bytes_for_level_multiplier_addtl[3]: 1
2019/10/17-14:55:05.335801 7fc3a9fcb700 Options.max_bytes_for_level_multiplier_addtl[4]: 1
2019/10/17-14:55:05.335802 7fc3a9fcb700 Options.max_bytes_for_level_multiplier_addtl[5]: 1
2019/10/17-14:55:05.335803 7fc3a9fcb700 Options.max_bytes_for_level_multiplier_addtl[6]: 1
2019/10/17-14:55:05.335804 7fc3a9fcb700       Options.max_sequential_skip_in_iterations: 8
2019/10/17-14:55:05.335804 7fc3a9fcb700                    Options.max_compaction_bytes: 1677721600
2019/10/17-14:55:05.335805 7fc3a9fcb700                        Options.arena_block_size: 8388608
2019/10/17-14:55:05.335806 7fc3a9fcb700   Options.soft_pending_compaction_bytes_limit: 68719476736
2019/10/17-14:55:05.335807 7fc3a9fcb700   Options.hard_pending_compaction_bytes_limit: 274877906944
2019/10/17-14:55:05.335808 7fc3a9fcb700       Options.rate_limit_delay_max_milliseconds: 100
2019/10/17-14:55:05.335809 7fc3a9fcb700                Options.disable_auto_compactions: 0
2019/10/17-14:55:05.335816 7fc3a9fcb700                        Options.compaction_style: kCompactionStyleLevel
2019/10/17-14:55:05.335817 7fc3a9fcb700                          Options.compaction_pri: kByCompensatedSize
2019/10/17-14:55:05.335818 7fc3a9fcb700 Options.compaction_options_universal.size_ratio: 1
2019/10/17-14:55:05.335819 7fc3a9fcb700 Options.compaction_options_universal.min_merge_width: 2
2019/10/17-14:55:05.335820 7fc3a9fcb700 Options.compaction_options_universal.max_merge_width: 4294967295
2019/10/17-14:55:05.335821 7fc3a9fcb700 Options.compaction_options_universal.max_size_amplification_percent: 200
2019/10/17-14:55:05.335822 7fc3a9fcb700 Options.compaction_options_universal.compression_size_percent: -1
2019/10/17-14:55:05.335823 7fc3a9fcb700 Options.compaction_options_universal.stop_style: kCompactionStopStyleTotalSize
2019/10/17-14:55:05.335824 7fc3a9fcb700 Options.compaction_options_fifo.max_table_files_size: 1073741824
2019/10/17-14:55:05.335825 7fc3a9fcb700 Options.compaction_options_fifo.allow_compaction: 0
2019/10/17-14:55:05.335826 7fc3a9fcb700 Options.compaction_options_fifo.ttl: 0
2019/10/17-14:55:05.335827 7fc3a9fcb700                   Options.table_properties_collectors: 
2019/10/17-14:55:05.335828 7fc3a9fcb700                   Options.inplace_update_support: 0
2019/10/17-14:55:05.335829 7fc3a9fcb700                 Options.inplace_update_num_locks: 10000
2019/10/17-14:55:05.335830 7fc3a9fcb700               Options.memtable_prefix_bloom_size_ratio: 0.000000
2019/10/17-14:55:05.335831 7fc3a9fcb700   Options.memtable_huge_page_size: 0
2019/10/17-14:55:05.335832 7fc3a9fcb700                           Options.bloom_locality: 0
2019/10/17-14:55:05.335833 7fc3a9fcb700                    Options.max_successive_merges: 0
2019/10/17-14:55:05.335834 7fc3a9fcb700                Options.optimize_filters_for_hits: 0
2019/10/17-14:55:05.335835 7fc3a9fcb700                Options.paranoid_file_checks: 0
2019/10/17-14:55:05.335836 7fc3a9fcb700                Options.force_consistency_checks: 0
2019/10/17-14:55:05.335837 7fc3a9fcb700                Options.report_bg_io_stats: 0
2019/10/17-14:55:05.335838 7fc3a9fcb700                               Options.ttl: 0
2019/10/17-14:55:05.335852 7fc3a9fcb700 [db/column_family.cc:472] --------------- Options for column family [htlcs]:
2019/10/17-14:55:05.335854 7fc3a9fcb700               Options.comparator: leveldb.BytewiseComparator
2019/10/17-14:55:05.335855 7fc3a9fcb700           Options.merge_operator: None
2019/10/17-14:55:05.335856 7fc3a9fcb700        Options.compaction_filter: None
2019/10/17-14:55:05.335857 7fc3a9fcb700        Options.compaction_filter_factory: None
2019/10/17-14:55:05.335858 7fc3a9fcb700         Options.memtable_factory: SkipListFactory
2019/10/17-14:55:05.335859 7fc3a9fcb700            Options.table_factory: BlockBasedTable
2019/10/17-14:55:05.335870 7fc3a9fcb700            table_factory options:   flush_block_policy_factory: FlushBlockBySizePolicyFactory (0x7fc3500955e0)
