2019/10/17-14:54:06.597993 7fc3a9fcb700 RocksDB version: 5.18.3
2019/10/17-14:54:06.598056 7fc3a9fcb700 Git sha rocksdb_build_git_sha:@0@
2019/10/17-14:54:06.598059 7fc3a9fcb700 Compile date Sep 19 2019
2019/10/17-14:54:06.598061 7fc3a9fcb700 DB SUMMARY
2019/10/17-14:54:06.599029 7fc3a9fcb700 CURRENT file:  CURRENT
2019/10/17-14:54:06.599031 7fc3a9fcb700 IDENTITY file:  IDENTITY
2019/10/17-14:54:06.599070 7fc3a9fcb700 MANIFEST file:  MANIFEST-114688 size: 4114 Bytes
2019/10/17-14:54:06.599072 7fc3a9fcb700 SST files in /home/rahul/dev/blockchain-core/eqc/ledger.db dir, Total Num: 29, files: 000624.sst 000627.sst 106940.sst 108447.sst 108450.sst 109471.sst 109483.sst 109485.sst 109486.sst 
2019/10/17-14:54:06.599074 7fc3a9fcb700 Write Ahead Log file in /home/rahul/dev/blockchain-core/eqc/ledger.db: 114689.log size: 0 ; 
2019/10/17-14:54:06.599119 7fc3a9fcb700                         Options.error_if_exists: 0
2019/10/17-14:54:06.599121 7fc3a9fcb700                       Options.create_if_missing: 1
2019/10/17-14:54:06.599122 7fc3a9fcb700                         Options.paranoid_checks: 1
2019/10/17-14:54:06.599123 7fc3a9fcb700                                     Options.env: 0x7fc32ae1fc60
2019/10/17-14:54:06.599124 7fc3a9fcb700                                Options.info_log: 0x7fc3500702b0
2019/10/17-14:54:06.599125 7fc3a9fcb700                Options.max_file_opening_threads: 16
2019/10/17-14:54:06.599126 7fc3a9fcb700                              Options.statistics: (nil)
2019/10/17-14:54:06.599127 7fc3a9fcb700                               Options.use_fsync: 0
2019/10/17-14:54:06.599128 7fc3a9fcb700                       Options.max_log_file_size: 0
2019/10/17-14:54:06.599129 7fc3a9fcb700                  Options.max_manifest_file_size: 1073741824
2019/10/17-14:54:06.599130 7fc3a9fcb700                   Options.log_file_time_to_roll: 0
2019/10/17-14:54:06.599132 7fc3a9fcb700                       Options.keep_log_file_num: 1000
2019/10/17-14:54:06.599133 7fc3a9fcb700                    Options.recycle_log_file_num: 0
2019/10/17-14:54:06.599134 7fc3a9fcb700                         Options.allow_fallocate: 1
2019/10/17-14:54:06.599135 7fc3a9fcb700                        Options.allow_mmap_reads: 0
2019/10/17-14:54:06.599136 7fc3a9fcb700                       Options.allow_mmap_writes: 0
2019/10/17-14:54:06.599137 7fc3a9fcb700                        Options.use_direct_reads: 0
2019/10/17-14:54:06.599138 7fc3a9fcb700                        Options.use_direct_io_for_flush_and_compaction: 0
2019/10/17-14:54:06.599139 7fc3a9fcb700          Options.create_missing_column_families: 0
2019/10/17-14:54:06.599140 7fc3a9fcb700                              Options.db_log_dir: 
2019/10/17-14:54:06.599141 7fc3a9fcb700                                 Options.wal_dir: /home/rahul/dev/blockchain-core/eqc/ledger.db
2019/10/17-14:54:06.599142 7fc3a9fcb700                Options.table_cache_numshardbits: 6
2019/10/17-14:54:06.599143 7fc3a9fcb700                      Options.max_subcompactions: 1
2019/10/17-14:54:06.599144 7fc3a9fcb700                  Options.max_background_flushes: -1
2019/10/17-14:54:06.599145 7fc3a9fcb700                         Options.WAL_ttl_seconds: 0
2019/10/17-14:54:06.599146 7fc3a9fcb700                       Options.WAL_size_limit_MB: 0
2019/10/17-14:54:06.599147 7fc3a9fcb700             Options.manifest_preallocation_size: 4194304
2019/10/17-14:54:06.599148 7fc3a9fcb700                     Options.is_fd_close_on_exec: 1
2019/10/17-14:54:06.599149 7fc3a9fcb700                   Options.advise_random_on_open: 1
2019/10/17-14:54:06.599150 7fc3a9fcb700                    Options.db_write_buffer_size: 0
2019/10/17-14:54:06.599151 7fc3a9fcb700                    Options.write_buffer_manager: 0x7fc3500a5910
2019/10/17-14:54:06.599152 7fc3a9fcb700         Options.access_hint_on_compaction_start: 1
2019/10/17-14:54:06.599153 7fc3a9fcb700  Options.new_table_reader_for_compaction_inputs: 0
2019/10/17-14:54:06.599154 7fc3a9fcb700           Options.random_access_max_buffer_size: 1048576
2019/10/17-14:54:06.599155 7fc3a9fcb700                      Options.use_adaptive_mutex: 0
2019/10/17-14:54:06.599156 7fc3a9fcb700                            Options.rate_limiter: (nil)
2019/10/17-14:54:06.599168 7fc3a9fcb700     Options.sst_file_manager.rate_bytes_per_sec: 0
2019/10/17-14:54:06.599170 7fc3a9fcb700                       Options.wal_recovery_mode: 2
2019/10/17-14:54:06.599171 7fc3a9fcb700                  Options.enable_thread_tracking: 0
2019/10/17-14:54:06.599172 7fc3a9fcb700                  Options.enable_pipelined_write: 0
2019/10/17-14:54:06.599173 7fc3a9fcb700         Options.allow_concurrent_memtable_write: 1
2019/10/17-14:54:06.599174 7fc3a9fcb700      Options.enable_write_thread_adaptive_yield: 1
2019/10/17-14:54:06.599175 7fc3a9fcb700             Options.write_thread_max_yield_usec: 100
2019/10/17-14:54:06.599176 7fc3a9fcb700            Options.write_thread_slow_yield_usec: 3
2019/10/17-14:54:06.599177 7fc3a9fcb700                               Options.row_cache: None
2019/10/17-14:54:06.599178 7fc3a9fcb700                              Options.wal_filter: None
2019/10/17-14:54:06.599179 7fc3a9fcb700             Options.avoid_flush_during_recovery: 0
2019/10/17-14:54:06.599180 7fc3a9fcb700             Options.allow_ingest_behind: 0
2019/10/17-14:54:06.599181 7fc3a9fcb700             Options.preserve_deletes: 0
2019/10/17-14:54:06.599182 7fc3a9fcb700             Options.two_write_queues: 0
2019/10/17-14:54:06.599183 7fc3a9fcb700             Options.manual_wal_flush: 0
2019/10/17-14:54:06.599184 7fc3a9fcb700             Options.max_background_jobs: 2
2019/10/17-14:54:06.599185 7fc3a9fcb700             Options.max_background_compactions: -1
2019/10/17-14:54:06.599186 7fc3a9fcb700             Options.avoid_flush_during_shutdown: 0
2019/10/17-14:54:06.599187 7fc3a9fcb700           Options.writable_file_max_buffer_size: 1048576
2019/10/17-14:54:06.599188 7fc3a9fcb700             Options.delayed_write_rate : 16777216
2019/10/17-14:54:06.599189 7fc3a9fcb700             Options.max_total_wal_size: 0
2019/10/17-14:54:06.599190 7fc3a9fcb700             Options.delete_obsolete_files_period_micros: 21600000000
2019/10/17-14:54:06.599191 7fc3a9fcb700                   Options.stats_dump_period_sec: 600
2019/10/17-14:54:06.599192 7fc3a9fcb700                          Options.max_open_files: -1
2019/10/17-14:54:06.599193 7fc3a9fcb700                          Options.bytes_per_sync: 0
2019/10/17-14:54:06.599194 7fc3a9fcb700                      Options.wal_bytes_per_sync: 0
2019/10/17-14:54:06.599195 7fc3a9fcb700       Options.compaction_readahead_size: 0
2019/10/17-14:54:06.599196 7fc3a9fcb700 Compression algorithms supported:
2019/10/17-14:54:06.599199 7fc3a9fcb700 	kZSTDNotFinalCompression supported: 0
2019/10/17-14:54:06.599208 7fc3a9fcb700 	kZSTD supported: 0
2019/10/17-14:54:06.599210 7fc3a9fcb700 	kXpressCompression supported: 0
2019/10/17-14:54:06.599212 7fc3a9fcb700 	kLZ4HCCompression supported: 0
2019/10/17-14:54:06.599213 7fc3a9fcb700 	kLZ4Compression supported: 0
2019/10/17-14:54:06.599214 7fc3a9fcb700 	kBZip2Compression supported: 0
2019/10/17-14:54:06.599217 7fc3a9fcb700 	kZlibCompression supported: 0
2019/10/17-14:54:06.599218 7fc3a9fcb700 	kSnappyCompression supported: 0
2019/10/17-14:54:06.599225 7fc3a9fcb700 Fast CRC32 supported: Supported on x86
2019/10/17-14:54:06.599345 7fc3a9fcb700 [db/version_set.cc:3507] Recovering from manifest file: MANIFEST-114688
2019/10/17-14:54:06.599387 7fc3a9fcb700 [db/column_family.cc:472] --------------- Options for column family [default]:
2019/10/17-14:54:06.599389 7fc3a9fcb700               Options.comparator: leveldb.BytewiseComparator
2019/10/17-14:54:06.599390 7fc3a9fcb700           Options.merge_operator: None
2019/10/17-14:54:06.599392 7fc3a9fcb700        Options.compaction_filter: None
2019/10/17-14:54:06.599393 7fc3a9fcb700        Options.compaction_filter_factory: None
2019/10/17-14:54:06.599394 7fc3a9fcb700         Options.memtable_factory: SkipListFactory
2019/10/17-14:54:06.599395 7fc3a9fcb700            Options.table_factory: BlockBasedTable
2019/10/17-14:54:06.599413 7fc3a9fcb700            table_factory options:   flush_block_policy_factory: FlushBlockBySizePolicyFactory (0x7fc350082090)
  cache_index_and_filter_blocks: 0
  cache_index_and_filter_blocks_with_high_priority: 0
  pin_l0_filter_and_index_blocks_in_cache: 0
  pin_top_level_index_and_filter: 1
  index_type: 0
  hash_index_allow_collision: 1
  checksum: 1
  no_block_cache: 0
  block_cache: 0x7fc3500b65d0
  block_cache_name: LRUCache
  block_cache_options:
    capacity : 8388608
    num_shard_bits : 4
    strict_capacity_limit : 0
    memory_allocator : None
    high_pri_pool_ratio: 0.000
  block_cache_compressed: (nil)
  persistent_cache: (nil)
  block_size: 4096
  block_size_deviation: 10
  block_restart_interval: 16
  index_block_restart_interval: 1
  metadata_block_size: 4096
  partition_filters: 0
  use_delta_encoding: 1
  filter_policy: nullptr
  whole_key_filtering: 1
  verify_compression: 0
  read_amp_bytes_per_bit: 0
  format_version: 2
  enable_index_compression: 1
  block_align: 0
2019/10/17-14:54:06.599424 7fc3a9fcb700        Options.write_buffer_size: 67108864
2019/10/17-14:54:06.599426 7fc3a9fcb700  Options.max_write_buffer_number: 2
2019/10/17-14:54:06.599427 7fc3a9fcb700          Options.compression: NoCompression
2019/10/17-14:54:06.599428 7fc3a9fcb700                  Options.bottommost_compression: Disabled
2019/10/17-14:54:06.599429 7fc3a9fcb700       Options.prefix_extractor: nullptr
2019/10/17-14:54:06.599430 7fc3a9fcb700   Options.memtable_insert_with_hint_prefix_extractor: nullptr
2019/10/17-14:54:06.599431 7fc3a9fcb700             Options.num_levels: 7
2019/10/17-14:54:06.599432 7fc3a9fcb700        Options.min_write_buffer_number_to_merge: 1
2019/10/17-14:54:06.599433 7fc3a9fcb700     Options.max_write_buffer_number_to_maintain: 0
2019/10/17-14:54:06.599434 7fc3a9fcb700            Options.bottommost_compression_opts.window_bits: -14
2019/10/17-14:54:06.599435 7fc3a9fcb700                  Options.bottommost_compression_opts.level: 32767
2019/10/17-14:54:06.599436 7fc3a9fcb700               Options.bottommost_compression_opts.strategy: 0
2019/10/17-14:54:06.599437 7fc3a9fcb700         Options.bottommost_compression_opts.max_dict_bytes: 0
2019/10/17-14:54:06.599438 7fc3a9fcb700         Options.bottommost_compression_opts.zstd_max_train_bytes: 0
2019/10/17-14:54:06.599439 7fc3a9fcb700                  Options.bottommost_compression_opts.enabled: false
2019/10/17-14:54:06.599440 7fc3a9fcb700            Options.compression_opts.window_bits: -14
2019/10/17-14:54:06.599441 7fc3a9fcb700                  Options.compression_opts.level: 32767
2019/10/17-14:54:06.599443 7fc3a9fcb700               Options.compression_opts.strategy: 0
2019/10/17-14:54:06.599443 7fc3a9fcb700         Options.compression_opts.max_dict_bytes: 0
2019/10/17-14:54:06.599444 7fc3a9fcb700         Options.compression_opts.zstd_max_train_bytes: 0
2019/10/17-14:54:06.599445 7fc3a9fcb700                  Options.compression_opts.enabled: false
2019/10/17-14:54:06.599446 7fc3a9fcb700      Options.level0_file_num_compaction_trigger: 4
2019/10/17-14:54:06.599448 7fc3a9fcb700          Options.level0_slowdown_writes_trigger: 20
2019/10/17-14:54:06.599449 7fc3a9fcb700              Options.level0_stop_writes_trigger: 36
2019/10/17-14:54:06.599450 7fc3a9fcb700                   Options.target_file_size_base: 67108864
2019/10/17-14:54:06.599451 7fc3a9fcb700             Options.target_file_size_multiplier: 1
2019/10/17-14:54:06.599452 7fc3a9fcb700                Options.max_bytes_for_level_base: 268435456
2019/10/17-14:54:06.599453 7fc3a9fcb700 Options.level_compaction_dynamic_level_bytes: 0
2019/10/17-14:54:06.599454 7fc3a9fcb700          Options.max_bytes_for_level_multiplier: 10.000000
2019/10/17-14:54:06.599456 7fc3a9fcb700 Options.max_bytes_for_level_multiplier_addtl[0]: 1
2019/10/17-14:54:06.599457 7fc3a9fcb700 Options.max_bytes_for_level_multiplier_addtl[1]: 1
2019/10/17-14:54:06.599458 7fc3a9fcb700 Options.max_bytes_for_level_multiplier_addtl[2]: 1
2019/10/17-14:54:06.599459 7fc3a9fcb700 Options.max_bytes_for_level_multiplier_addtl[3]: 1
2019/10/17-14:54:06.599460 7fc3a9fcb700 Options.max_bytes_for_level_multiplier_addtl[4]: 1
2019/10/17-14:54:06.599467 7fc3a9fcb700 Options.max_bytes_for_level_multiplier_addtl[5]: 1
2019/10/17-14:54:06.599468 7fc3a9fcb700 Options.max_bytes_for_level_multiplier_addtl[6]: 1
2019/10/17-14:54:06.599469 7fc3a9fcb700       Options.max_sequential_skip_in_iterations: 8
2019/10/17-14:54:06.599470 7fc3a9fcb700                    Options.max_compaction_bytes: 1677721600
2019/10/17-14:54:06.599471 7fc3a9fcb700                        Options.arena_block_size: 8388608
2019/10/17-14:54:06.599472 7fc3a9fcb700   Options.soft_pending_compaction_bytes_limit: 68719476736
2019/10/17-14:54:06.599473 7fc3a9fcb700   Options.hard_pending_compaction_bytes_limit: 274877906944
2019/10/17-14:54:06.599474 7fc3a9fcb700       Options.rate_limit_delay_max_milliseconds: 100
2019/10/17-14:54:06.599475 7fc3a9fcb700                Options.disable_auto_compactions: 0
2019/10/17-14:54:06.599477 7fc3a9fcb700                        Options.compaction_style: kCompactionStyleLevel
2019/10/17-14:54:06.599478 7fc3a9fcb700                          Options.compaction_pri: kByCompensatedSize
2019/10/17-14:54:06.599479 7fc3a9fcb700 Options.compaction_options_universal.size_ratio: 1
2019/10/17-14:54:06.599480 7fc3a9fcb700 Options.compaction_options_universal.min_merge_width: 2
2019/10/17-14:54:06.599481 7fc3a9fcb700 Options.compaction_options_universal.max_merge_width: 4294967295
2019/10/17-14:54:06.599482 7fc3a9fcb700 Options.compaction_options_universal.max_size_amplification_percent: 200
2019/10/17-14:54:06.599483 7fc3a9fcb700 Options.compaction_options_universal.compression_size_percent: -1
2019/10/17-14:54:06.599485 7fc3a9fcb700 Options.compaction_options_universal.stop_style: kCompactionStopStyleTotalSize
2019/10/17-14:54:06.599486 7fc3a9fcb700 Options.compaction_options_fifo.max_table_files_size: 1073741824
2019/10/17-14:54:06.599487 7fc3a9fcb700 Options.compaction_options_fifo.allow_compaction: 0
2019/10/17-14:54:06.599488 7fc3a9fcb700 Options.compaction_options_fifo.ttl: 0
2019/10/17-14:54:06.599489 7fc3a9fcb700                   Options.table_properties_collectors: 
2019/10/17-14:54:06.599490 7fc3a9fcb700                   Options.inplace_update_support: 0
2019/10/17-14:54:06.599491 7fc3a9fcb700                 Options.inplace_update_num_locks: 10000
2019/10/17-14:54:06.599492 7fc3a9fcb700               Options.memtable_prefix_bloom_size_ratio: 0.000000
2019/10/17-14:54:06.599493 7fc3a9fcb700   Options.memtable_huge_page_size: 0
2019/10/17-14:54:06.599495 7fc3a9fcb700                           Options.bloom_locality: 0
2019/10/17-14:54:06.599496 7fc3a9fcb700                    Options.max_successive_merges: 0
2019/10/17-14:54:06.599497 7fc3a9fcb700                Options.optimize_filters_for_hits: 0
2019/10/17-14:54:06.599498 7fc3a9fcb700                Options.paranoid_file_checks: 0
2019/10/17-14:54:06.599499 7fc3a9fcb700                Options.force_consistency_checks: 0
2019/10/17-14:54:06.599500 7fc3a9fcb700                Options.report_bg_io_stats: 0
2019/10/17-14:54:06.599500 7fc3a9fcb700                               Options.ttl: 0
2019/10/17-14:54:06.599534 7fc3a9fcb700 [db/column_family.cc:472] --------------- Options for column family [active_gateways]:
2019/10/17-14:54:06.599536 7fc3a9fcb700               Options.comparator: leveldb.BytewiseComparator
2019/10/17-14:54:06.599538 7fc3a9fcb700           Options.merge_operator: None
2019/10/17-14:54:06.599539 7fc3a9fcb700        Options.compaction_filter: None
2019/10/17-14:54:06.599540 7fc3a9fcb700        Options.compaction_filter_factory: None
2019/10/17-14:54:06.599541 7fc3a9fcb700         Options.memtable_factory: SkipListFactory
2019/10/17-14:54:06.599542 7fc3a9fcb700            Options.table_factory: BlockBasedTable
2019/10/17-14:54:06.599556 7fc3a9fcb700            table_factory options:   flush_block_policy_factory: FlushBlockBySizePolicyFactory (0x7fc350105ae0)
  cache_index_and_filter_blocks: 0
  cache_index_and_filter_blocks_with_high_priority: 0
  pin_l0_filter_and_index_blocks_in_cache: 0
  pin_top_level_index_and_filter: 1
  index_type: 0
  hash_index_allow_collision: 1
  checksum: 1
  no_block_cache: 0
  block_cache: 0x7fc350070380
  block_cache_name: LRUCache
  block_cache_options:
    capacity : 8388608
    num_shard_bits : 4
    strict_capacity_limit : 0
    memory_allocator : None
    high_pri_pool_ratio: 0.000
  block_cache_compressed: (nil)
  persistent_cache: (nil)
  block_size: 4096
  block_size_deviation: 10
  block_restart_interval: 16
  index_block_restart_interval: 1
  metadata_block_size: 4096
  partition_filters: 0
  use_delta_encoding: 1
  filter_policy: nullptr
  whole_key_filtering: 1
  verify_compression: 0
  read_amp_bytes_per_bit: 0
  format_version: 2
  enable_index_compression: 1
  block_align: 0
2019/10/17-14:54:06.599565 7fc3a9fcb700        Options.write_buffer_size: 67108864
2019/10/17-14:54:06.599566 7fc3a9fcb700  Options.max_write_buffer_number: 2
2019/10/17-14:54:06.599567 7fc3a9fcb700          Options.compression: NoCompression
2019/10/17-14:54:06.599568 7fc3a9fcb700                  Options.bottommost_compression: Disabled
2019/10/17-14:54:06.599569 7fc3a9fcb700       Options.prefix_extractor: nullptr
2019/10/17-14:54:06.599570 7fc3a9fcb700   Options.memtable_insert_with_hint_prefix_extractor: nullptr
2019/10/17-14:54:06.599571 7fc3a9fcb700             Options.num_levels: 7
2019/10/17-14:54:06.599572 7fc3a9fcb700        Options.min_write_buffer_number_to_merge: 1
2019/10/17-14:54:06.599573 7fc3a9fcb700     Options.max_write_buffer_number_to_maintain: 0
2019/10/17-14:54:06.599574 7fc3a9fcb700            Options.bottommost_compression_opts.window_bits: -14
2019/10/17-14:54:06.599575 7fc3a9fcb700                  Options.bottommost_compression_opts.level: 32767
2019/10/17-14:54:06.599576 7fc3a9fcb700               Options.bottommost_compression_opts.strategy: 0
2019/10/17-14:54:06.599577 7fc3a9fcb700         Options.bottommost_compression_opts.max_dict_bytes: 0
2019/10/17-14:54:06.599578 7fc3a9fcb700         Options.bottommost_compression_opts.zstd_max_train_bytes: 0
2019/10/17-14:54:06.599579 7fc3a9fcb700                  Options.bottommost_compression_opts.enabled: false
2019/10/17-14:54:06.599580 7fc3a9fcb700            Options.compression_opts.window_bits: -14
2019/10/17-14:54:06.599581 7fc3a9fcb700                  Options.compression_opts.level: 32767
2019/10/17-14:54:06.599582 7fc3a9fcb700               Options.compression_opts.strategy: 0
2019/10/17-14:54:06.599583 7fc3a9fcb700         Options.compression_opts.max_dict_bytes: 0
2019/10/17-14:54:06.599584 7fc3a9fcb700         Options.compression_opts.zstd_max_train_bytes: 0
2019/10/17-14:54:06.599585 7fc3a9fcb700                  Options.compression_opts.enabled: false
2019/10/17-14:54:06.599586 7fc3a9fcb700      Options.level0_file_num_compaction_trigger: 4
2019/10/17-14:54:06.599587 7fc3a9fcb700          Options.level0_slowdown_writes_trigger: 20
2019/10/17-14:54:06.599588 7fc3a9fcb700              Options.level0_stop_writes_trigger: 36
2019/10/17-14:54:06.599589 7fc3a9fcb700                   Options.target_file_size_base: 67108864
2019/10/17-14:54:06.599590 7fc3a9fcb700             Options.target_file_size_multiplier: 1
2019/10/17-14:54:06.599591 7fc3a9fcb700                Options.max_bytes_for_level_base: 268435456
2019/10/17-14:54:06.599592 7fc3a9fcb700 Options.level_compaction_dynamic_level_bytes: 0
2019/10/17-14:54:06.599593 7fc3a9fcb700          Options.max_bytes_for_level_multiplier: 10.000000
2019/10/17-14:54:06.599595 7fc3a9fcb700 Options.max_bytes_for_level_multiplier_addtl[0]: 1
2019/10/17-14:54:06.599596 7fc3a9fcb700 Options.max_bytes_for_level_multiplier_addtl[1]: 1
2019/10/17-14:54:06.599597 7fc3a9fcb700 Options.max_bytes_for_level_multiplier_addtl[2]: 1
2019/10/17-14:54:06.599598 7fc3a9fcb700 Options.max_bytes_for_level_multiplier_addtl[3]: 1
2019/10/17-14:54:06.599599 7fc3a9fcb700 Options.max_bytes_for_level_multiplier_addtl[4]: 1
2019/10/17-14:54:06.599600 7fc3a9fcb700 Options.max_bytes_for_level_multiplier_addtl[5]: 1
2019/10/17-14:54:06.599601 7fc3a9fcb700 Options.max_bytes_for_level_multiplier_addtl[6]: 1
2019/10/17-14:54:06.599602 7fc3a9fcb700       Options.max_sequential_skip_in_iterations: 8
2019/10/17-14:54:06.599609 7fc3a9fcb700                    Options.max_compaction_bytes: 1677721600
2019/10/17-14:54:06.599610 7fc3a9fcb700                        Options.arena_block_size: 8388608
2019/10/17-14:54:06.599611 7fc3a9fcb700   Options.soft_pending_compaction_bytes_limit: 68719476736
2019/10/17-14:54:06.599612 7fc3a9fcb700   Options.hard_pending_compaction_bytes_limit: 274877906944
2019/10/17-14:54:06.599613 7fc3a9fcb700       Options.rate_limit_delay_max_milliseconds: 100
2019/10/17-14:54:06.599614 7fc3a9fcb700                Options.disable_auto_compactions: 0
2019/10/17-14:54:06.599615 7fc3a9fcb700                        Options.compaction_style: kCompactionStyleLevel
2019/10/17-14:54:06.599616 7fc3a9fcb700                          Options.compaction_pri: kByCompensatedSize
2019/10/17-14:54:06.599617 7fc3a9fcb700 Options.compaction_options_universal.size_ratio: 1
2019/10/17-14:54:06.599618 7fc3a9fcb700 Options.compaction_options_universal.min_merge_width: 2
2019/10/17-14:54:06.599619 7fc3a9fcb700 Options.compaction_options_universal.max_merge_width: 4294967295
2019/10/17-14:54:06.599620 7fc3a9fcb700 Options.compaction_options_universal.max_size_amplification_percent: 200
2019/10/17-14:54:06.599621 7fc3a9fcb700 Options.compaction_options_universal.compression_size_percent: -1
2019/10/17-14:54:06.599623 7fc3a9fcb700 Options.compaction_options_universal.stop_style: kCompactionStopStyleTotalSize
2019/10/17-14:54:06.599624 7fc3a9fcb700 Options.compaction_options_fifo.max_table_files_size: 1073741824
2019/10/17-14:54:06.599625 7fc3a9fcb700 Options.compaction_options_fifo.allow_compaction: 0
2019/10/17-14:54:06.599626 7fc3a9fcb700 Options.compaction_options_fifo.ttl: 0
2019/10/17-14:54:06.599627 7fc3a9fcb700                   Options.table_properties_collectors: 
2019/10/17-14:54:06.599628 7fc3a9fcb700                   Options.inplace_update_support: 0
2019/10/17-14:54:06.599629 7fc3a9fcb700                 Options.inplace_update_num_locks: 10000
2019/10/17-14:54:06.599630 7fc3a9fcb700               Options.memtable_prefix_bloom_size_ratio: 0.000000
2019/10/17-14:54:06.599631 7fc3a9fcb700   Options.memtable_huge_page_size: 0
2019/10/17-14:54:06.599632 7fc3a9fcb700                           Options.bloom_locality: 0
2019/10/17-14:54:06.599633 7fc3a9fcb700                    Options.max_successive_merges: 0
2019/10/17-14:54:06.599634 7fc3a9fcb700                Options.optimize_filters_for_hits: 0
2019/10/17-14:54:06.599635 7fc3a9fcb700                Options.paranoid_file_checks: 0
2019/10/17-14:54:06.599636 7fc3a9fcb700                Options.force_consistency_checks: 0
2019/10/17-14:54:06.599637 7fc3a9fcb700                Options.report_bg_io_stats: 0
2019/10/17-14:54:06.599638 7fc3a9fcb700                               Options.ttl: 0
2019/10/17-14:54:06.599659 7fc3a9fcb700 [db/column_family.cc:472] --------------- Options for column family [entries]:
2019/10/17-14:54:06.599661 7fc3a9fcb700               Options.comparator: leveldb.BytewiseComparator
2019/10/17-14:54:06.599662 7fc3a9fcb700           Options.merge_operator: None
2019/10/17-14:54:06.599663 7fc3a9fcb700        Options.compaction_filter: None
2019/10/17-14:54:06.599664 7fc3a9fcb700        Options.compaction_filter_factory: None
2019/10/17-14:54:06.599665 7fc3a9fcb700         Options.memtable_factory: SkipListFactory
2019/10/17-14:54:06.599666 7fc3a9fcb700            Options.table_factory: BlockBasedTable
2019/10/17-14:54:06.599678 7fc3a9fcb700            table_factory options:   flush_block_policy_factory: FlushBlockBySizePolicyFactory (0x7fc3500d66a0)
  cache_index_and_filter_blocks: 0
  cache_index_and_filter_blocks_with_high_priority: 0
  pin_l0_filter_and_index_blocks_in_cache: 0
  pin_top_level_index_and_filter: 1
  index_type: 0
  hash_index_allow_collision: 1
  checksum: 1
  no_block_cache: 0
  block_cache: 0x7fc35002cb70
  block_cache_name: LRUCache
  block_cache_options:
    capacity : 8388608
    num_shard_bits : 4
    strict_capacity_limit : 0
    memory_allocator : None
    high_pri_pool_ratio: 0.000
  block_cache_compressed: (nil)
  persistent_cache: (nil)
  block_size: 4096
  block_size_deviation: 10
  block_restart_interval: 16
  index_block_restart_interval: 1
  metadata_block_size: 4096
  partition_filters: 0
  use_delta_encoding: 1
  filter_policy: nullptr
  whole_key_filtering: 1
  verify_compression: 0
  read_amp_bytes_per_bit: 0
  format_version: 2
  enable_index_compression: 1
  block_align: 0
2019/10/17-14:54:06.599686 7fc3a9fcb700        Options.write_buffer_size: 67108864
2019/10/17-14:54:06.599688 7fc3a9fcb700  Options.max_write_buffer_number: 2
2019/10/17-14:54:06.599689 7fc3a9fcb700          Options.compression: NoCompression
2019/10/17-14:54:06.599690 7fc3a9fcb700                  Options.bottommost_compression: Disabled
2019/10/17-14:54:06.599691 7fc3a9fcb700       Options.prefix_extractor: nullptr
2019/10/17-14:54:06.599692 7fc3a9fcb700   Options.memtable_insert_with_hint_prefix_extractor: nullptr
2019/10/17-14:54:06.599693 7fc3a9fcb700             Options.num_levels: 7
2019/10/17-14:54:06.599694 7fc3a9fcb700        Options.min_write_buffer_number_to_merge: 1
2019/10/17-14:54:06.599695 7fc3a9fcb700     Options.max_write_buffer_number_to_maintain: 0
2019/10/17-14:54:06.599696 7fc3a9fcb700            Options.bottommost_compression_opts.window_bits: -14
2019/10/17-14:54:06.599697 7fc3a9fcb700                  Options.bottommost_compression_opts.level: 32767
2019/10/17-14:54:06.599698 7fc3a9fcb700               Options.bottommost_compression_opts.strategy: 0
2019/10/17-14:54:06.599699 7fc3a9fcb700         Options.bottommost_compression_opts.max_dict_bytes: 0
2019/10/17-14:54:06.599700 7fc3a9fcb700         Options.bottommost_compression_opts.zstd_max_train_bytes: 0
2019/10/17-14:54:06.599701 7fc3a9fcb700                  Options.bottommost_compression_opts.enabled: false
2019/10/17-14:54:06.599702 7fc3a9fcb700            Options.compression_opts.window_bits: -14
2019/10/17-14:54:06.599703 7fc3a9fcb700                  Options.compression_opts.level: 32767
2019/10/17-14:54:06.599704 7fc3a9fcb700               Options.compression_opts.strategy: 0
2019/10/17-14:54:06.599705 7fc3a9fcb700         Options.compression_opts.max_dict_bytes: 0
2019/10/17-14:54:06.599706 7fc3a9fcb700         Options.compression_opts.zstd_max_train_bytes: 0
2019/10/17-14:54:06.599706 7fc3a9fcb700                  Options.compression_opts.enabled: false
2019/10/17-14:54:06.599707 7fc3a9fcb700      Options.level0_file_num_compaction_trigger: 4
2019/10/17-14:54:06.599708 7fc3a9fcb700          Options.level0_slowdown_writes_trigger: 20
2019/10/17-14:54:06.599709 7fc3a9fcb700              Options.level0_stop_writes_trigger: 36
2019/10/17-14:54:06.599710 7fc3a9fcb700                   Options.target_file_size_base: 67108864
2019/10/17-14:54:06.599711 7fc3a9fcb700             Options.target_file_size_multiplier: 1
2019/10/17-14:54:06.599712 7fc3a9fcb700                Options.max_bytes_for_level_base: 268435456
2019/10/17-14:54:06.599713 7fc3a9fcb700 Options.level_compaction_dynamic_level_bytes: 0
2019/10/17-14:54:06.599714 7fc3a9fcb700          Options.max_bytes_for_level_multiplier: 10.000000
2019/10/17-14:54:06.599716 7fc3a9fcb700 Options.max_bytes_for_level_multiplier_addtl[0]: 1
2019/10/17-14:54:06.599717 7fc3a9fcb700 Options.max_bytes_for_level_multiplier_addtl[1]: 1
2019/10/17-14:54:06.599718 7fc3a9fcb700 Options.max_bytes_for_level_multiplier_addtl[2]: 1
2019/10/17-14:54:06.599719 7fc3a9fcb700 Options.max_bytes_for_level_multiplier_addtl[3]: 1
2019/10/17-14:54:06.599720 7fc3a9fcb700 Options.max_bytes_for_level_multiplier_addtl[4]: 1
2019/10/17-14:54:06.599721 7fc3a9fcb700 Options.max_bytes_for_level_multiplier_addtl[5]: 1
2019/10/17-14:54:06.599722 7fc3a9fcb700 Options.max_bytes_for_level_multiplier_addtl[6]: 1
2019/10/17-14:54:06.599723 7fc3a9fcb700       Options.max_sequential_skip_in_iterations: 8
2019/10/17-14:54:06.599724 7fc3a9fcb700                    Options.max_compaction_bytes: 1677721600
2019/10/17-14:54:06.599725 7fc3a9fcb700                        Options.arena_block_size: 8388608
2019/10/17-14:54:06.599726 7fc3a9fcb700   Options.soft_pending_compaction_bytes_limit: 68719476736
2019/10/17-14:54:06.599732 7fc3a9fcb700   Options.hard_pending_compaction_bytes_limit: 274877906944
2019/10/17-14:54:06.599733 7fc3a9fcb700       Options.rate_limit_delay_max_milliseconds: 100
2019/10/17-14:54:06.599734 7fc3a9fcb700                Options.disable_auto_compactions: 0
2019/10/17-14:54:06.599735 7fc3a9fcb700                        Options.compaction_style: kCompactionStyleLevel
2019/10/17-14:54:06.599736 7fc3a9fcb700                          Options.compaction_pri: kByCompensatedSize
2019/10/17-14:54:06.599738 7fc3a9fcb700 Options.compaction_options_universal.size_ratio: 1
2019/10/17-14:54:06.599739 7fc3a9fcb700 Options.compaction_options_universal.min_merge_width: 2
2019/10/17-14:54:06.599739 7fc3a9fcb700 Options.compaction_options_universal.max_merge_width: 4294967295
2019/10/17-14:54:06.599740 7fc3a9fcb700 Options.compaction_options_universal.max_size_amplification_percent: 200
2019/10/17-14:54:06.599741 7fc3a9fcb700 Options.compaction_options_universal.compression_size_percent: -1
2019/10/17-14:54:06.599743 7fc3a9fcb700 Options.compaction_options_universal.stop_style: kCompactionStopStyleTotalSize
2019/10/17-14:54:06.599744 7fc3a9fcb700 Options.compaction_options_fifo.max_table_files_size: 1073741824
2019/10/17-14:54:06.599745 7fc3a9fcb700 Options.compaction_options_fifo.allow_compaction: 0
2019/10/17-14:54:06.599746 7fc3a9fcb700 Options.compaction_options_fifo.ttl: 0
2019/10/17-14:54:06.599747 7fc3a9fcb700                   Options.table_properties_collectors: 
2019/10/17-14:54:06.599748 7fc3a9fcb700                   Options.inplace_update_support: 0
2019/10/17-14:54:06.599749 7fc3a9fcb700                 Options.inplace_update_num_locks: 10000
2019/10/17-14:54:06.599750 7fc3a9fcb700               Options.memtable_prefix_bloom_size_ratio: 0.000000
2019/10/17-14:54:06.599751 7fc3a9fcb700   Options.memtable_huge_page_size: 0
2019/10/17-14:54:06.599752 7fc3a9fcb700                           Options.bloom_locality: 0
2019/10/17-14:54:06.599753 7fc3a9fcb700                    Options.max_successive_merges: 0
2019/10/17-14:54:06.599754 7fc3a9fcb700                Options.optimize_filters_for_hits: 0
2019/10/17-14:54:06.599755 7fc3a9fcb700                Options.paranoid_file_checks: 0
2019/10/17-14:54:06.599756 7fc3a9fcb700                Options.force_consistency_checks: 0
2019/10/17-14:54:06.599757 7fc3a9fcb700                Options.report_bg_io_stats: 0
2019/10/17-14:54:06.599758 7fc3a9fcb700                               Options.ttl: 0
2019/10/17-14:54:06.599776 7fc3a9fcb700 [db/column_family.cc:472] --------------- Options for column family [dc_entries]:
2019/10/17-14:54:06.599778 7fc3a9fcb700               Options.comparator: leveldb.BytewiseComparator
2019/10/17-14:54:06.599779 7fc3a9fcb700           Options.merge_operator: None
2019/10/17-14:54:06.599780 7fc3a9fcb700        Options.compaction_filter: None
2019/10/17-14:54:06.599781 7fc3a9fcb700        Options.compaction_filter_factory: None
2019/10/17-14:54:06.599782 7fc3a9fcb700         Options.memtable_factory: SkipListFactory
2019/10/17-14:54:06.599783 7fc3a9fcb700            Options.table_factory: BlockBasedTable
2019/10/17-14:54:06.599796 7fc3a9fcb700            table_factory options:   flush_block_policy_factory: FlushBlockBySizePolicyFactory (0x7fc350095900)
  cache_index_and_filter_blocks: 0
  cache_index_and_filter_blocks_with_high_priority: 0
  pin_l0_filter_and_index_blocks_in_cache: 0
  pin_top_level_index_and_filter: 1
  index_type: 0
  hash_index_allow_collision: 1
  checksum: 1
  no_block_cache: 0
  block_cache: 0x7fc3500d5cc0
  block_cache_name: LRUCache
  block_cache_options:
    capacity : 8388608
    num_shard_bits : 4
    strict_capacity_limit : 0
    memory_allocator : None
    high_pri_pool_ratio: 0.000
  block_cache_compressed: (nil)
  persistent_cache: (nil)
  block_size: 4096
  block_size_deviation: 10
  block_restart_interval: 16
  index_block_restart_interval: 1
  metadata_block_size: 4096
  partition_filters: 0
  use_delta_encoding: 1
  filter_policy: nullptr
  whole_key_filtering: 1
  verify_compression: 0
  read_amp_bytes_per_bit: 0
  format_version: 2
  enable_index_compression: 1
  block_align: 0
2019/10/17-14:54:06.599803 7fc3a9fcb700        Options.write_buffer_size: 67108864
2019/10/17-14:54:06.599805 7fc3a9fcb700  Options.max_write_buffer_number: 2
2019/10/17-14:54:06.599806 7fc3a9fcb700          Options.compression: NoCompression
2019/10/17-14:54:06.599807 7fc3a9fcb700                  Options.bottommost_compression: Disabled
2019/10/17-14:54:06.599808 7fc3a9fcb700       Options.prefix_extractor: nullptr
2019/10/17-14:54:06.599809 7fc3a9fcb700   Options.memtable_insert_with_hint_prefix_extractor: nullptr
2019/10/17-14:54:06.599810 7fc3a9fcb700             Options.num_levels: 7
2019/10/17-14:54:06.599811 7fc3a9fcb700        Options.min_write_buffer_number_to_merge: 1
2019/10/17-14:54:06.599812 7fc3a9fcb700     Options.max_write_buffer_number_to_maintain: 0
2019/10/17-14:54:06.599813 7fc3a9fcb700            Options.bottommost_compression_opts.window_bits: -14
2019/10/17-14:54:06.599814 7fc3a9fcb700                  Options.bottommost_compression_opts.level: 32767
2019/10/17-14:54:06.599815 7fc3a9fcb700               Options.bottommost_compression_opts.strategy: 0
2019/10/17-14:54:06.599816 7fc3a9fcb700         Options.bottommost_compression_opts.max_dict_bytes: 0
2019/10/17-14:54:06.599817 7fc3a9fcb700         Options.bottommost_compression_opts.zstd_max_train_bytes: 0
2019/10/17-14:54:06.599818 7fc3a9fcb700                  Options.bottommost_compression_opts.enabled: false
2019/10/17-14:54:06.599819 7fc3a9fcb700            Options.compression_opts.window_bits: -14
2019/10/17-14:54:06.599820 7fc3a9fcb700                  Options.compression_opts.level: 32767
2019/10/17-14:54:06.599821 7fc3a9fcb700               Options.compression_opts.strategy: 0
2019/10/17-14:54:06.599822 7fc3a9fcb700         Options.compression_opts.max_dict_bytes: 0
2019/10/17-14:54:06.599823 7fc3a9fcb700         Options.compression_opts.zstd_max_train_bytes: 0
2019/10/17-14:54:06.599824 7fc3a9fcb700                  Options.compression_opts.enabled: false
2019/10/17-14:54:06.599825 7fc3a9fcb700      Options.level0_file_num_compaction_trigger: 4
2019/10/17-14:54:06.599826 7fc3a9fcb700          Options.level0_slowdown_writes_trigger: 20
2019/10/17-14:54:06.599827 7fc3a9fcb700              Options.level0_stop_writes_trigger: 36
2019/10/17-14:54:06.599828 7fc3a9fcb700                   Options.target_file_size_base: 67108864
2019/10/17-14:54:06.599829 7fc3a9fcb700             Options.target_file_size_multiplier: 1
2019/10/17-14:54:06.599830 7fc3a9fcb700                Options.max_bytes_for_level_base: 268435456
2019/10/17-14:54:06.599831 7fc3a9fcb700 Options.level_compaction_dynamic_level_bytes: 0
2019/10/17-14:54:06.599832 7fc3a9fcb700          Options.max_bytes_for_level_multiplier: 10.000000
2019/10/17-14:54:06.599833 7fc3a9fcb700 Options.max_bytes_for_level_multiplier_addtl[0]: 1
2019/10/17-14:54:06.599834 7fc3a9fcb700 Options.max_bytes_for_level_multiplier_addtl[1]: 1
2019/10/17-14:54:06.599835 7fc3a9fcb700 Options.max_bytes_for_level_multiplier_addtl[2]: 1
2019/10/17-14:54:06.599836 7fc3a9fcb700 Options.max_bytes_for_level_multiplier_addtl[3]: 1
2019/10/17-14:54:06.599837 7fc3a9fcb700 Options.max_bytes_for_level_multiplier_addtl[4]: 1
2019/10/17-14:54:06.599838 7fc3a9fcb700 Options.max_bytes_for_level_multiplier_addtl[5]: 1
2019/10/17-14:54:06.599839 7fc3a9fcb700 Options.max_bytes_for_level_multiplier_addtl[6]: 1
2019/10/17-14:54:06.599840 7fc3a9fcb700       Options.max_sequential_skip_in_iterations: 8
2019/10/17-14:54:06.599841 7fc3a9fcb700                    Options.max_compaction_bytes: 1677721600
2019/10/17-14:54:06.599842 7fc3a9fcb700                        Options.arena_block_size: 8388608
2019/10/17-14:54:06.599843 7fc3a9fcb700   Options.soft_pending_compaction_bytes_limit: 68719476736
2019/10/17-14:54:06.599844 7fc3a9fcb700   Options.hard_pending_compaction_bytes_limit: 274877906944
2019/10/17-14:54:06.599845 7fc3a9fcb700       Options.rate_limit_delay_max_milliseconds: 100
2019/10/17-14:54:06.599846 7fc3a9fcb700                Options.disable_auto_compactions: 0
2019/10/17-14:54:06.599852 7fc3a9fcb700                        Options.compaction_style: kCompactionStyleLevel
2019/10/17-14:54:06.599853 7fc3a9fcb700                          Options.compaction_pri: kByCompensatedSize
2019/10/17-14:54:06.599855 7fc3a9fcb700 Options.compaction_options_universal.size_ratio: 1
2019/10/17-14:54:06.599856 7fc3a9fcb700 Options.compaction_options_universal.min_merge_width: 2
2019/10/17-14:54:06.599857 7fc3a9fcb700 Options.compaction_options_universal.max_merge_width: 4294967295
2019/10/17-14:54:06.599858 7fc3a9fcb700 Options.compaction_options_universal.max_size_amplification_percent: 200
2019/10/17-14:54:06.599859 7fc3a9fcb700 Options.compaction_options_universal.compression_size_percent: -1
2019/10/17-14:54:06.599860 7fc3a9fcb700 Options.compaction_options_universal.stop_style: kCompactionStopStyleTotalSize
2019/10/17-14:54:06.599861 7fc3a9fcb700 Options.compaction_options_fifo.max_table_files_size: 1073741824
2019/10/17-14:54:06.599862 7fc3a9fcb700 Options.compaction_options_fifo.allow_compaction: 0
2019/10/17-14:54:06.599863 7fc3a9fcb700 Options.compaction_options_fifo.ttl: 0
2019/10/17-14:54:06.599864 7fc3a9fcb700                   Options.table_properties_collectors: 
2019/10/17-14:54:06.599865 7fc3a9fcb700                   Options.inplace_update_support: 0
2019/10/17-14:54:06.599866 7fc3a9fcb700                 Options.inplace_update_num_locks: 10000
2019/10/17-14:54:06.599867 7fc3a9fcb700               Options.memtable_prefix_bloom_size_ratio: 0.000000
2019/10/17-14:54:06.599868 7fc3a9fcb700   Options.memtable_huge_page_size: 0
2019/10/17-14:54:06.599869 7fc3a9fcb700                           Options.bloom_locality: 0
2019/10/17-14:54:06.599870 7fc3a9fcb700                    Options.max_successive_merges: 0
2019/10/17-14:54:06.599871 7fc3a9fcb700                Options.optimize_filters_for_hits: 0
2019/10/17-14:54:06.599872 7fc3a9fcb700                Options.paranoid_file_checks: 0
2019/10/17-14:54:06.599873 7fc3a9fcb700                Options.force_consistency_checks: 0
2019/10/17-14:54:06.599874 7fc3a9fcb700                Options.report_bg_io_stats: 0
2019/10/17-14:54:06.599875 7fc3a9fcb700                               Options.ttl: 0
2019/10/17-14:54:06.599890 7fc3a9fcb700 [db/column_family.cc:472] --------------- Options for column family [htlcs]:
2019/10/17-14:54:06.599891 7fc3a9fcb700               Options.comparator: leveldb.BytewiseComparator
2019/10/17-14:54:06.599892 7fc3a9fcb700           Options.merge_operator: None
2019/10/17-14:54:06.599893 7fc3a9fcb700        Options.compaction_filter: None
2019/10/17-14:54:06.599894 7fc3a9fcb700        Options.compaction_filter_factory: None
2019/10/17-14:54:06.599895 7fc3a9fcb700         Options.memtable_factory: SkipListFactory
2019/10/17-14:54:06.599897 7fc3a9fcb700            Options.table_factory: BlockBasedTable
2019/10/17-14:54:06.599909 7fc3a9fcb700            table_factory options:   flush_block_policy_factory: FlushBlockBySizePolicyFactory (0x7fc350089850)
