2019/10/17-14:55:15.341919 7fc3a9fcb700 RocksDB version: 5.18.3
2019/10/17-14:55:15.341974 7fc3a9fcb700 Git sha rocksdb_build_git_sha:@0@
2019/10/17-14:55:15.341976 7fc3a9fcb700 Compile date Sep 19 2019
2019/10/17-14:55:15.341979 7fc3a9fcb700 DB SUMMARY
2019/10/17-14:55:15.343001 7fc3a9fcb700 CURRENT file:  CURRENT
2019/10/17-14:55:15.343003 7fc3a9fcb700 IDENTITY file:  IDENTITY
2019/10/17-14:55:15.343042 7fc3a9fcb700 MANIFEST file:  MANIFEST-116593 size: 4114 Bytes
2019/10/17-14:55:15.343045 7fc3a9fcb700 SST files in /home/rahul/dev/blockchain-core/eqc/ledger.db dir, Total Num: 29, files: 000624.sst 000627.sst 106940.sst 108447.sst 108450.sst 109471.sst 109483.sst 109485.sst 109486.sst 
2019/10/17-14:55:15.343046 7fc3a9fcb700 Write Ahead Log file in /home/rahul/dev/blockchain-core/eqc/ledger.db: 116594.log size: 0 ; 
2019/10/17-14:55:15.343095 7fc3a9fcb700                         Options.error_if_exists: 0
2019/10/17-14:55:15.343098 7fc3a9fcb700                       Options.create_if_missing: 1
2019/10/17-14:55:15.343100 7fc3a9fcb700                         Options.paranoid_checks: 1
2019/10/17-14:55:15.343101 7fc3a9fcb700                                     Options.env: 0x7fc32ae1fc60
2019/10/17-14:55:15.343104 7fc3a9fcb700                                Options.info_log: 0x7fc350101060
2019/10/17-14:55:15.343105 7fc3a9fcb700                Options.max_file_opening_threads: 16
2019/10/17-14:55:15.343106 7fc3a9fcb700                              Options.statistics: (nil)
2019/10/17-14:55:15.343107 7fc3a9fcb700                               Options.use_fsync: 0
2019/10/17-14:55:15.343108 7fc3a9fcb700                       Options.max_log_file_size: 0
2019/10/17-14:55:15.343109 7fc3a9fcb700                  Options.max_manifest_file_size: 1073741824
2019/10/17-14:55:15.343110 7fc3a9fcb700                   Options.log_file_time_to_roll: 0
2019/10/17-14:55:15.343111 7fc3a9fcb700                       Options.keep_log_file_num: 1000
2019/10/17-14:55:15.343113 7fc3a9fcb700                    Options.recycle_log_file_num: 0
2019/10/17-14:55:15.343113 7fc3a9fcb700                         Options.allow_fallocate: 1
2019/10/17-14:55:15.343115 7fc3a9fcb700                        Options.allow_mmap_reads: 0
2019/10/17-14:55:15.343115 7fc3a9fcb700                       Options.allow_mmap_writes: 0
2019/10/17-14:55:15.343116 7fc3a9fcb700                        Options.use_direct_reads: 0
2019/10/17-14:55:15.343117 7fc3a9fcb700                        Options.use_direct_io_for_flush_and_compaction: 0
2019/10/17-14:55:15.343118 7fc3a9fcb700          Options.create_missing_column_families: 0
2019/10/17-14:55:15.343119 7fc3a9fcb700                              Options.db_log_dir: 
2019/10/17-14:55:15.343120 7fc3a9fcb700                                 Options.wal_dir: /home/rahul/dev/blockchain-core/eqc/ledger.db
2019/10/17-14:55:15.343121 7fc3a9fcb700                Options.table_cache_numshardbits: 6
2019/10/17-14:55:15.343122 7fc3a9fcb700                      Options.max_subcompactions: 1
2019/10/17-14:55:15.343123 7fc3a9fcb700                  Options.max_background_flushes: -1
2019/10/17-14:55:15.343125 7fc3a9fcb700                         Options.WAL_ttl_seconds: 0
2019/10/17-14:55:15.343126 7fc3a9fcb700                       Options.WAL_size_limit_MB: 0
2019/10/17-14:55:15.343127 7fc3a9fcb700             Options.manifest_preallocation_size: 4194304
2019/10/17-14:55:15.343128 7fc3a9fcb700                     Options.is_fd_close_on_exec: 1
2019/10/17-14:55:15.343129 7fc3a9fcb700                   Options.advise_random_on_open: 1
2019/10/17-14:55:15.343130 7fc3a9fcb700                    Options.db_write_buffer_size: 0
2019/10/17-14:55:15.343130 7fc3a9fcb700                    Options.write_buffer_manager: 0x7fc350035a90
2019/10/17-14:55:15.343131 7fc3a9fcb700         Options.access_hint_on_compaction_start: 1
2019/10/17-14:55:15.343132 7fc3a9fcb700  Options.new_table_reader_for_compaction_inputs: 0
2019/10/17-14:55:15.343133 7fc3a9fcb700           Options.random_access_max_buffer_size: 1048576
2019/10/17-14:55:15.343134 7fc3a9fcb700                      Options.use_adaptive_mutex: 0
2019/10/17-14:55:15.343135 7fc3a9fcb700                            Options.rate_limiter: (nil)
2019/10/17-14:55:15.343148 7fc3a9fcb700     Options.sst_file_manager.rate_bytes_per_sec: 0
2019/10/17-14:55:15.343149 7fc3a9fcb700                       Options.wal_recovery_mode: 2
2019/10/17-14:55:15.343150 7fc3a9fcb700                  Options.enable_thread_tracking: 0
2019/10/17-14:55:15.343151 7fc3a9fcb700                  Options.enable_pipelined_write: 0
2019/10/17-14:55:15.343152 7fc3a9fcb700         Options.allow_concurrent_memtable_write: 1
2019/10/17-14:55:15.343153 7fc3a9fcb700      Options.enable_write_thread_adaptive_yield: 1
2019/10/17-14:55:15.343154 7fc3a9fcb700             Options.write_thread_max_yield_usec: 100
2019/10/17-14:55:15.343155 7fc3a9fcb700            Options.write_thread_slow_yield_usec: 3
2019/10/17-14:55:15.343156 7fc3a9fcb700                               Options.row_cache: None
2019/10/17-14:55:15.343157 7fc3a9fcb700                              Options.wal_filter: None
2019/10/17-14:55:15.343158 7fc3a9fcb700             Options.avoid_flush_during_recovery: 0
2019/10/17-14:55:15.343159 7fc3a9fcb700             Options.allow_ingest_behind: 0
2019/10/17-14:55:15.343160 7fc3a9fcb700             Options.preserve_deletes: 0
2019/10/17-14:55:15.343161 7fc3a9fcb700             Options.two_write_queues: 0
2019/10/17-14:55:15.343162 7fc3a9fcb700             Options.manual_wal_flush: 0
2019/10/17-14:55:15.343163 7fc3a9fcb700             Options.max_background_jobs: 2
2019/10/17-14:55:15.343164 7fc3a9fcb700             Options.max_background_compactions: -1
2019/10/17-14:55:15.343165 7fc3a9fcb700             Options.avoid_flush_during_shutdown: 0
2019/10/17-14:55:15.343166 7fc3a9fcb700           Options.writable_file_max_buffer_size: 1048576
2019/10/17-14:55:15.343167 7fc3a9fcb700             Options.delayed_write_rate : 16777216
2019/10/17-14:55:15.343168 7fc3a9fcb700             Options.max_total_wal_size: 0
2019/10/17-14:55:15.343169 7fc3a9fcb700             Options.delete_obsolete_files_period_micros: 21600000000
2019/10/17-14:55:15.343170 7fc3a9fcb700                   Options.stats_dump_period_sec: 600
2019/10/17-14:55:15.343171 7fc3a9fcb700                          Options.max_open_files: -1
2019/10/17-14:55:15.343172 7fc3a9fcb700                          Options.bytes_per_sync: 0
2019/10/17-14:55:15.343173 7fc3a9fcb700                      Options.wal_bytes_per_sync: 0
2019/10/17-14:55:15.343174 7fc3a9fcb700       Options.compaction_readahead_size: 0
2019/10/17-14:55:15.343175 7fc3a9fcb700 Compression algorithms supported:
2019/10/17-14:55:15.343176 7fc3a9fcb700 	kZSTDNotFinalCompression supported: 0
2019/10/17-14:55:15.343178 7fc3a9fcb700 	kZSTD supported: 0
2019/10/17-14:55:15.343179 7fc3a9fcb700 	kXpressCompression supported: 0
2019/10/17-14:55:15.343180 7fc3a9fcb700 	kLZ4HCCompression supported: 0
2019/10/17-14:55:15.343181 7fc3a9fcb700 	kLZ4Compression supported: 0
2019/10/17-14:55:15.343182 7fc3a9fcb700 	kBZip2Compression supported: 0
2019/10/17-14:55:15.343183 7fc3a9fcb700 	kZlibCompression supported: 0
2019/10/17-14:55:15.343184 7fc3a9fcb700 	kSnappyCompression supported: 0
2019/10/17-14:55:15.343187 7fc3a9fcb700 Fast CRC32 supported: Supported on x86
2019/10/17-14:55:15.343307 7fc3a9fcb700 [db/version_set.cc:3507] Recovering from manifest file: MANIFEST-116593
2019/10/17-14:55:15.343349 7fc3a9fcb700 [db/column_family.cc:472] --------------- Options for column family [default]:
2019/10/17-14:55:15.343352 7fc3a9fcb700               Options.comparator: leveldb.BytewiseComparator
2019/10/17-14:55:15.343353 7fc3a9fcb700           Options.merge_operator: None
2019/10/17-14:55:15.343354 7fc3a9fcb700        Options.compaction_filter: None
2019/10/17-14:55:15.343355 7fc3a9fcb700        Options.compaction_filter_factory: None
2019/10/17-14:55:15.343356 7fc3a9fcb700         Options.memtable_factory: SkipListFactory
2019/10/17-14:55:15.343357 7fc3a9fcb700            Options.table_factory: BlockBasedTable
2019/10/17-14:55:15.343375 7fc3a9fcb700            table_factory options:   flush_block_policy_factory: FlushBlockBySizePolicyFactory (0x7fc3500730f0)
  cache_index_and_filter_blocks: 0
  cache_index_and_filter_blocks_with_high_priority: 0
  pin_l0_filter_and_index_blocks_in_cache: 0
  pin_top_level_index_and_filter: 1
  index_type: 0
  hash_index_allow_collision: 1
  checksum: 1
  no_block_cache: 0
  block_cache: 0x7fc3500c0f00
  block_cache_name: LRUCache
  block_cache_options:
    capacity : 8388608
    num_shard_bits : 4
    strict_capacity_limit : 0
    memory_allocator : None
    high_pri_pool_ratio: 0.000
  block_cache_compressed: (nil)
  persistent_cache: (nil)
  block_size: 4096
  block_size_deviation: 10
  block_restart_interval: 16
  index_block_restart_interval: 1
  metadata_block_size: 4096
  partition_filters: 0
  use_delta_encoding: 1
  filter_policy: nullptr
  whole_key_filtering: 1
  verify_compression: 0
  read_amp_bytes_per_bit: 0
  format_version: 2
  enable_index_compression: 1
  block_align: 0
2019/10/17-14:55:15.343386 7fc3a9fcb700        Options.write_buffer_size: 67108864
2019/10/17-14:55:15.343387 7fc3a9fcb700  Options.max_write_buffer_number: 2
2019/10/17-14:55:15.343389 7fc3a9fcb700          Options.compression: NoCompression
2019/10/17-14:55:15.343390 7fc3a9fcb700                  Options.bottommost_compression: Disabled
2019/10/17-14:55:15.343391 7fc3a9fcb700       Options.prefix_extractor: nullptr
2019/10/17-14:55:15.343392 7fc3a9fcb700   Options.memtable_insert_with_hint_prefix_extractor: nullptr
2019/10/17-14:55:15.343393 7fc3a9fcb700             Options.num_levels: 7
2019/10/17-14:55:15.343394 7fc3a9fcb700        Options.min_write_buffer_number_to_merge: 1
2019/10/17-14:55:15.343395 7fc3a9fcb700     Options.max_write_buffer_number_to_maintain: 0
2019/10/17-14:55:15.343396 7fc3a9fcb700            Options.bottommost_compression_opts.window_bits: -14
2019/10/17-14:55:15.343397 7fc3a9fcb700                  Options.bottommost_compression_opts.level: 32767
2019/10/17-14:55:15.343398 7fc3a9fcb700               Options.bottommost_compression_opts.strategy: 0
2019/10/17-14:55:15.343399 7fc3a9fcb700         Options.bottommost_compression_opts.max_dict_bytes: 0
2019/10/17-14:55:15.343400 7fc3a9fcb700         Options.bottommost_compression_opts.zstd_max_train_bytes: 0
2019/10/17-14:55:15.343401 7fc3a9fcb700                  Options.bottommost_compression_opts.enabled: false
2019/10/17-14:55:15.343402 7fc3a9fcb700            Options.compression_opts.window_bits: -14
2019/10/17-14:55:15.343403 7fc3a9fcb700                  Options.compression_opts.level: 32767
2019/10/17-14:55:15.343404 7fc3a9fcb700               Options.compression_opts.strategy: 0
2019/10/17-14:55:15.343405 7fc3a9fcb700         Options.compression_opts.max_dict_bytes: 0
2019/10/17-14:55:15.343406 7fc3a9fcb700         Options.compression_opts.zstd_max_train_bytes: 0
2019/10/17-14:55:15.343407 7fc3a9fcb700                  Options.compression_opts.enabled: false
2019/10/17-14:55:15.343408 7fc3a9fcb700      Options.level0_file_num_compaction_trigger: 4
2019/10/17-14:55:15.343409 7fc3a9fcb700          Options.level0_slowdown_writes_trigger: 20
2019/10/17-14:55:15.343410 7fc3a9fcb700              Options.level0_stop_writes_trigger: 36
2019/10/17-14:55:15.343411 7fc3a9fcb700                   Options.target_file_size_base: 67108864
2019/10/17-14:55:15.343412 7fc3a9fcb700             Options.target_file_size_multiplier: 1
2019/10/17-14:55:15.343413 7fc3a9fcb700                Options.max_bytes_for_level_base: 268435456
2019/10/17-14:55:15.343414 7fc3a9fcb700 Options.level_compaction_dynamic_level_bytes: 0
2019/10/17-14:55:15.343415 7fc3a9fcb700          Options.max_bytes_for_level_multiplier: 10.000000
2019/10/17-14:55:15.343417 7fc3a9fcb700 Options.max_bytes_for_level_multiplier_addtl[0]: 1
2019/10/17-14:55:15.343418 7fc3a9fcb700 Options.max_bytes_for_level_multiplier_addtl[1]: 1
2019/10/17-14:55:15.343419 7fc3a9fcb700 Options.max_bytes_for_level_multiplier_addtl[2]: 1
2019/10/17-14:55:15.343420 7fc3a9fcb700 Options.max_bytes_for_level_multiplier_addtl[3]: 1
2019/10/17-14:55:15.343421 7fc3a9fcb700 Options.max_bytes_for_level_multiplier_addtl[4]: 1
2019/10/17-14:55:15.343427 7fc3a9fcb700 Options.max_bytes_for_level_multiplier_addtl[5]: 1
2019/10/17-14:55:15.343428 7fc3a9fcb700 Options.max_bytes_for_level_multiplier_addtl[6]: 1
2019/10/17-14:55:15.343429 7fc3a9fcb700       Options.max_sequential_skip_in_iterations: 8
2019/10/17-14:55:15.343430 7fc3a9fcb700                    Options.max_compaction_bytes: 1677721600
2019/10/17-14:55:15.343431 7fc3a9fcb700                        Options.arena_block_size: 8388608
2019/10/17-14:55:15.343432 7fc3a9fcb700   Options.soft_pending_compaction_bytes_limit: 68719476736
2019/10/17-14:55:15.343433 7fc3a9fcb700   Options.hard_pending_compaction_bytes_limit: 274877906944
2019/10/17-14:55:15.343435 7fc3a9fcb700       Options.rate_limit_delay_max_milliseconds: 100
2019/10/17-14:55:15.343435 7fc3a9fcb700                Options.disable_auto_compactions: 0
2019/10/17-14:55:15.343437 7fc3a9fcb700                        Options.compaction_style: kCompactionStyleLevel
2019/10/17-14:55:15.343438 7fc3a9fcb700                          Options.compaction_pri: kByCompensatedSize
2019/10/17-14:55:15.343440 7fc3a9fcb700 Options.compaction_options_universal.size_ratio: 1
2019/10/17-14:55:15.343441 7fc3a9fcb700 Options.compaction_options_universal.min_merge_width: 2
2019/10/17-14:55:15.343441 7fc3a9fcb700 Options.compaction_options_universal.max_merge_width: 4294967295
2019/10/17-14:55:15.343443 7fc3a9fcb700 Options.compaction_options_universal.max_size_amplification_percent: 200
2019/10/17-14:55:15.343444 7fc3a9fcb700 Options.compaction_options_universal.compression_size_percent: -1
2019/10/17-14:55:15.343445 7fc3a9fcb700 Options.compaction_options_universal.stop_style: kCompactionStopStyleTotalSize
2019/10/17-14:55:15.343446 7fc3a9fcb700 Options.compaction_options_fifo.max_table_files_size: 1073741824
2019/10/17-14:55:15.343447 7fc3a9fcb700 Options.compaction_options_fifo.allow_compaction: 0
2019/10/17-14:55:15.343448 7fc3a9fcb700 Options.compaction_options_fifo.ttl: 0
2019/10/17-14:55:15.343449 7fc3a9fcb700                   Options.table_properties_collectors: 
2019/10/17-14:55:15.343450 7fc3a9fcb700                   Options.inplace_update_support: 0
2019/10/17-14:55:15.343451 7fc3a9fcb700                 Options.inplace_update_num_locks: 10000
2019/10/17-14:55:15.343452 7fc3a9fcb700               Options.memtable_prefix_bloom_size_ratio: 0.000000
2019/10/17-14:55:15.343454 7fc3a9fcb700   Options.memtable_huge_page_size: 0
2019/10/17-14:55:15.343455 7fc3a9fcb700                           Options.bloom_locality: 0
2019/10/17-14:55:15.343456 7fc3a9fcb700                    Options.max_successive_merges: 0
2019/10/17-14:55:15.343457 7fc3a9fcb700                Options.optimize_filters_for_hits: 0
2019/10/17-14:55:15.343458 7fc3a9fcb700                Options.paranoid_file_checks: 0
2019/10/17-14:55:15.343459 7fc3a9fcb700                Options.force_consistency_checks: 0
2019/10/17-14:55:15.343460 7fc3a9fcb700                Options.report_bg_io_stats: 0
2019/10/17-14:55:15.343461 7fc3a9fcb700                               Options.ttl: 0
2019/10/17-14:55:15.343494 7fc3a9fcb700 [db/column_family.cc:472] --------------- Options for column family [active_gateways]:
2019/10/17-14:55:15.343497 7fc3a9fcb700               Options.comparator: leveldb.BytewiseComparator
2019/10/17-14:55:15.343498 7fc3a9fcb700           Options.merge_operator: None
2019/10/17-14:55:15.343499 7fc3a9fcb700        Options.compaction_filter: None
2019/10/17-14:55:15.343500 7fc3a9fcb700        Options.compaction_filter_factory: None
2019/10/17-14:55:15.343501 7fc3a9fcb700         Options.memtable_factory: SkipListFactory
2019/10/17-14:55:15.343502 7fc3a9fcb700            Options.table_factory: BlockBasedTable
2019/10/17-14:55:15.343516 7fc3a9fcb700            table_factory options:   flush_block_policy_factory: FlushBlockBySizePolicyFactory (0x7fc35004e610)
  cache_index_and_filter_blocks: 0
  cache_index_and_filter_blocks_with_high_priority: 0
  pin_l0_filter_and_index_blocks_in_cache: 0
  pin_top_level_index_and_filter: 1
  index_type: 0
  hash_index_allow_collision: 1
  checksum: 1
  no_block_cache: 0
  block_cache: 0x7fc3500d83d0
  block_cache_name: LRUCache
  block_cache_options:
    capacity : 8388608
    num_shard_bits : 4
    strict_capacity_limit : 0
    memory_allocator : None
    high_pri_pool_ratio: 0.000
  block_cache_compressed: (nil)
  persistent_cache: (nil)
  block_size: 4096
  block_size_deviation: 10
  block_restart_interval: 16
  index_block_restart_interval: 1
  metadata_block_size: 4096
  partition_filters: 0
  use_delta_encoding: 1
  filter_policy: nullptr
  whole_key_filtering: 1
  verify_compression: 0
  read_amp_bytes_per_bit: 0
  format_version: 2
  enable_index_compression: 1
  block_align: 0
2019/10/17-14:55:15.343524 7fc3a9fcb700        Options.write_buffer_size: 67108864
2019/10/17-14:55:15.343525 7fc3a9fcb700  Options.max_write_buffer_number: 2
2019/10/17-14:55:15.343526 7fc3a9fcb700          Options.compression: NoCompression
2019/10/17-14:55:15.343527 7fc3a9fcb700                  Options.bottommost_compression: Disabled
2019/10/17-14:55:15.343528 7fc3a9fcb700       Options.prefix_extractor: nullptr
2019/10/17-14:55:15.343529 7fc3a9fcb700   Options.memtable_insert_with_hint_prefix_extractor: nullptr
2019/10/17-14:55:15.343530 7fc3a9fcb700             Options.num_levels: 7
2019/10/17-14:55:15.343531 7fc3a9fcb700        Options.min_write_buffer_number_to_merge: 1
2019/10/17-14:55:15.343532 7fc3a9fcb700     Options.max_write_buffer_number_to_maintain: 0
2019/10/17-14:55:15.343533 7fc3a9fcb700            Options.bottommost_compression_opts.window_bits: -14
2019/10/17-14:55:15.343534 7fc3a9fcb700                  Options.bottommost_compression_opts.level: 32767
2019/10/17-14:55:15.343535 7fc3a9fcb700               Options.bottommost_compression_opts.strategy: 0
2019/10/17-14:55:15.343536 7fc3a9fcb700         Options.bottommost_compression_opts.max_dict_bytes: 0
2019/10/17-14:55:15.343537 7fc3a9fcb700         Options.bottommost_compression_opts.zstd_max_train_bytes: 0
2019/10/17-14:55:15.343538 7fc3a9fcb700                  Options.bottommost_compression_opts.enabled: false
2019/10/17-14:55:15.343539 7fc3a9fcb700            Options.compression_opts.window_bits: -14
2019/10/17-14:55:15.343540 7fc3a9fcb700                  Options.compression_opts.level: 32767
2019/10/17-14:55:15.343541 7fc3a9fcb700               Options.compression_opts.strategy: 0
2019/10/17-14:55:15.343542 7fc3a9fcb700         Options.compression_opts.max_dict_bytes: 0
2019/10/17-14:55:15.343543 7fc3a9fcb700         Options.compression_opts.zstd_max_train_bytes: 0
2019/10/17-14:55:15.343544 7fc3a9fcb700                  Options.compression_opts.enabled: false
2019/10/17-14:55:15.343545 7fc3a9fcb700      Options.level0_file_num_compaction_trigger: 4
2019/10/17-14:55:15.343546 7fc3a9fcb700          Options.level0_slowdown_writes_trigger: 20
2019/10/17-14:55:15.343547 7fc3a9fcb700              Options.level0_stop_writes_trigger: 36
2019/10/17-14:55:15.343548 7fc3a9fcb700                   Options.target_file_size_base: 67108864
2019/10/17-14:55:15.343549 7fc3a9fcb700             Options.target_file_size_multiplier: 1
2019/10/17-14:55:15.343550 7fc3a9fcb700                Options.max_bytes_for_level_base: 268435456
2019/10/17-14:55:15.343551 7fc3a9fcb700 Options.level_compaction_dynamic_level_bytes: 0
2019/10/17-14:55:15.343552 7fc3a9fcb700          Options.max_bytes_for_level_multiplier: 10.000000
2019/10/17-14:55:15.343553 7fc3a9fcb700 Options.max_bytes_for_level_multiplier_addtl[0]: 1
2019/10/17-14:55:15.343554 7fc3a9fcb700 Options.max_bytes_for_level_multiplier_addtl[1]: 1
2019/10/17-14:55:15.343555 7fc3a9fcb700 Options.max_bytes_for_level_multiplier_addtl[2]: 1
2019/10/17-14:55:15.343556 7fc3a9fcb700 Options.max_bytes_for_level_multiplier_addtl[3]: 1
2019/10/17-14:55:15.343557 7fc3a9fcb700 Options.max_bytes_for_level_multiplier_addtl[4]: 1
2019/10/17-14:55:15.343558 7fc3a9fcb700 Options.max_bytes_for_level_multiplier_addtl[5]: 1
2019/10/17-14:55:15.343559 7fc3a9fcb700 Options.max_bytes_for_level_multiplier_addtl[6]: 1
2019/10/17-14:55:15.343560 7fc3a9fcb700       Options.max_sequential_skip_in_iterations: 8
2019/10/17-14:55:15.343566 7fc3a9fcb700                    Options.max_compaction_bytes: 1677721600
2019/10/17-14:55:15.343567 7fc3a9fcb700                        Options.arena_block_size: 8388608
2019/10/17-14:55:15.343568 7fc3a9fcb700   Options.soft_pending_compaction_bytes_limit: 68719476736
2019/10/17-14:55:15.343569 7fc3a9fcb700   Options.hard_pending_compaction_bytes_limit: 274877906944
2019/10/17-14:55:15.343570 7fc3a9fcb700       Options.rate_limit_delay_max_milliseconds: 100
2019/10/17-14:55:15.343571 7fc3a9fcb700                Options.disable_auto_compactions: 0
2019/10/17-14:55:15.343573 7fc3a9fcb700                        Options.compaction_style: kCompactionStyleLevel
2019/10/17-14:55:15.343574 7fc3a9fcb700                          Options.compaction_pri: kByCompensatedSize
2019/10/17-14:55:15.343575 7fc3a9fcb700 Options.compaction_options_universal.size_ratio: 1
2019/10/17-14:55:15.343576 7fc3a9fcb700 Options.compaction_options_universal.min_merge_width: 2
2019/10/17-14:55:15.343577 7fc3a9fcb700 Options.compaction_options_universal.max_merge_width: 4294967295
2019/10/17-14:55:15.343578 7fc3a9fcb700 Options.compaction_options_universal.max_size_amplification_percent: 200
2019/10/17-14:55:15.343579 7fc3a9fcb700 Options.compaction_options_universal.compression_size_percent: -1
2019/10/17-14:55:15.343580 7fc3a9fcb700 Options.compaction_options_universal.stop_style: kCompactionStopStyleTotalSize
2019/10/17-14:55:15.343581 7fc3a9fcb700 Options.compaction_options_fifo.max_table_files_size: 1073741824
2019/10/17-14:55:15.343582 7fc3a9fcb700 Options.compaction_options_fifo.allow_compaction: 0
2019/10/17-14:55:15.343583 7fc3a9fcb700 Options.compaction_options_fifo.ttl: 0
2019/10/17-14:55:15.343584 7fc3a9fcb700                   Options.table_properties_collectors: 
2019/10/17-14:55:15.343585 7fc3a9fcb700                   Options.inplace_update_support: 0
2019/10/17-14:55:15.343586 7fc3a9fcb700                 Options.inplace_update_num_locks: 10000
2019/10/17-14:55:15.343587 7fc3a9fcb700               Options.memtable_prefix_bloom_size_ratio: 0.000000
2019/10/17-14:55:15.343589 7fc3a9fcb700   Options.memtable_huge_page_size: 0
2019/10/17-14:55:15.343590 7fc3a9fcb700                           Options.bloom_locality: 0
2019/10/17-14:55:15.343591 7fc3a9fcb700                    Options.max_successive_merges: 0
2019/10/17-14:55:15.343592 7fc3a9fcb700                Options.optimize_filters_for_hits: 0
2019/10/17-14:55:15.343593 7fc3a9fcb700                Options.paranoid_file_checks: 0
2019/10/17-14:55:15.343594 7fc3a9fcb700                Options.force_consistency_checks: 0
2019/10/17-14:55:15.343594 7fc3a9fcb700                Options.report_bg_io_stats: 0
2019/10/17-14:55:15.343595 7fc3a9fcb700                               Options.ttl: 0
2019/10/17-14:55:15.343615 7fc3a9fcb700 [db/column_family.cc:472] --------------- Options for column family [entries]:
2019/10/17-14:55:15.343617 7fc3a9fcb700               Options.comparator: leveldb.BytewiseComparator
2019/10/17-14:55:15.343618 7fc3a9fcb700           Options.merge_operator: None
2019/10/17-14:55:15.343619 7fc3a9fcb700        Options.compaction_filter: None
2019/10/17-14:55:15.343620 7fc3a9fcb700        Options.compaction_filter_factory: None
2019/10/17-14:55:15.343621 7fc3a9fcb700         Options.memtable_factory: SkipListFactory
2019/10/17-14:55:15.343622 7fc3a9fcb700            Options.table_factory: BlockBasedTable
2019/10/17-14:55:15.343634 7fc3a9fcb700            table_factory options:   flush_block_policy_factory: FlushBlockBySizePolicyFactory (0x7fc35005a8f0)
  cache_index_and_filter_blocks: 0
  cache_index_and_filter_blocks_with_high_priority: 0
  pin_l0_filter_and_index_blocks_in_cache: 0
  pin_top_level_index_and_filter: 1
  index_type: 0
  hash_index_allow_collision: 1
  checksum: 1
  no_block_cache: 0
  block_cache: 0x7fc3500e2720
  block_cache_name: LRUCache
  block_cache_options:
    capacity : 8388608
    num_shard_bits : 4
    strict_capacity_limit : 0
    memory_allocator : None
    high_pri_pool_ratio: 0.000
  block_cache_compressed: (nil)
  persistent_cache: (nil)
  block_size: 4096
  block_size_deviation: 10
  block_restart_interval: 16
  index_block_restart_interval: 1
  metadata_block_size: 4096
  partition_filters: 0
  use_delta_encoding: 1
  filter_policy: nullptr
  whole_key_filtering: 1
  verify_compression: 0
  read_amp_bytes_per_bit: 0
  format_version: 2
  enable_index_compression: 1
  block_align: 0
2019/10/17-14:55:15.343642 7fc3a9fcb700        Options.write_buffer_size: 67108864
2019/10/17-14:55:15.343643 7fc3a9fcb700  Options.max_write_buffer_number: 2
2019/10/17-14:55:15.343645 7fc3a9fcb700          Options.compression: NoCompression
2019/10/17-14:55:15.343646 7fc3a9fcb700                  Options.bottommost_compression: Disabled
2019/10/17-14:55:15.343647 7fc3a9fcb700       Options.prefix_extractor: nullptr
2019/10/17-14:55:15.343648 7fc3a9fcb700   Options.memtable_insert_with_hint_prefix_extractor: nullptr
2019/10/17-14:55:15.343649 7fc3a9fcb700             Options.num_levels: 7
2019/10/17-14:55:15.343649 7fc3a9fcb700        Options.min_write_buffer_number_to_merge: 1
2019/10/17-14:55:15.343650 7fc3a9fcb700     Options.max_write_buffer_number_to_maintain: 0
2019/10/17-14:55:15.343651 7fc3a9fcb700            Options.bottommost_compression_opts.window_bits: -14
2019/10/17-14:55:15.343652 7fc3a9fcb700                  Options.bottommost_compression_opts.level: 32767
2019/10/17-14:55:15.343653 7fc3a9fcb700               Options.bottommost_compression_opts.strategy: 0
2019/10/17-14:55:15.343654 7fc3a9fcb700         Options.bottommost_compression_opts.max_dict_bytes: 0
2019/10/17-14:55:15.343655 7fc3a9fcb700         Options.bottommost_compression_opts.zstd_max_train_bytes: 0
2019/10/17-14:55:15.343656 7fc3a9fcb700                  Options.bottommost_compression_opts.enabled: false
2019/10/17-14:55:15.343657 7fc3a9fcb700            Options.compression_opts.window_bits: -14
2019/10/17-14:55:15.343658 7fc3a9fcb700                  Options.compression_opts.level: 32767
2019/10/17-14:55:15.343659 7fc3a9fcb700               Options.compression_opts.strategy: 0
2019/10/17-14:55:15.343660 7fc3a9fcb700         Options.compression_opts.max_dict_bytes: 0
2019/10/17-14:55:15.343661 7fc3a9fcb700         Options.compression_opts.zstd_max_train_bytes: 0
2019/10/17-14:55:15.343662 7fc3a9fcb700                  Options.compression_opts.enabled: false
2019/10/17-14:55:15.343663 7fc3a9fcb700      Options.level0_file_num_compaction_trigger: 4
2019/10/17-14:55:15.343664 7fc3a9fcb700          Options.level0_slowdown_writes_trigger: 20
2019/10/17-14:55:15.343665 7fc3a9fcb700              Options.level0_stop_writes_trigger: 36
2019/10/17-14:55:15.343666 7fc3a9fcb700                   Options.target_file_size_base: 67108864
2019/10/17-14:55:15.343667 7fc3a9fcb700             Options.target_file_size_multiplier: 1
2019/10/17-14:55:15.343668 7fc3a9fcb700                Options.max_bytes_for_level_base: 268435456
2019/10/17-14:55:15.343669 7fc3a9fcb700 Options.level_compaction_dynamic_level_bytes: 0
2019/10/17-14:55:15.343670 7fc3a9fcb700          Options.max_bytes_for_level_multiplier: 10.000000
2019/10/17-14:55:15.343672 7fc3a9fcb700 Options.max_bytes_for_level_multiplier_addtl[0]: 1
2019/10/17-14:55:15.343673 7fc3a9fcb700 Options.max_bytes_for_level_multiplier_addtl[1]: 1
2019/10/17-14:55:15.343674 7fc3a9fcb700 Options.max_bytes_for_level_multiplier_addtl[2]: 1
2019/10/17-14:55:15.343675 7fc3a9fcb700 Options.max_bytes_for_level_multiplier_addtl[3]: 1
2019/10/17-14:55:15.343675 7fc3a9fcb700 Options.max_bytes_for_level_multiplier_addtl[4]: 1
2019/10/17-14:55:15.343676 7fc3a9fcb700 Options.max_bytes_for_level_multiplier_addtl[5]: 1
2019/10/17-14:55:15.343677 7fc3a9fcb700 Options.max_bytes_for_level_multiplier_addtl[6]: 1
2019/10/17-14:55:15.343678 7fc3a9fcb700       Options.max_sequential_skip_in_iterations: 8
2019/10/17-14:55:15.343679 7fc3a9fcb700                    Options.max_compaction_bytes: 1677721600
2019/10/17-14:55:15.343680 7fc3a9fcb700                        Options.arena_block_size: 8388608
2019/10/17-14:55:15.343681 7fc3a9fcb700   Options.soft_pending_compaction_bytes_limit: 68719476736
2019/10/17-14:55:15.343687 7fc3a9fcb700   Options.hard_pending_compaction_bytes_limit: 274877906944
2019/10/17-14:55:15.343688 7fc3a9fcb700       Options.rate_limit_delay_max_milliseconds: 100
2019/10/17-14:55:15.343689 7fc3a9fcb700                Options.disable_auto_compactions: 0
2019/10/17-14:55:15.343691 7fc3a9fcb700                        Options.compaction_style: kCompactionStyleLevel
2019/10/17-14:55:15.343692 7fc3a9fcb700                          Options.compaction_pri: kByCompensatedSize
2019/10/17-14:55:15.343693 7fc3a9fcb700 Options.compaction_options_universal.size_ratio: 1
2019/10/17-14:55:15.343694 7fc3a9fcb700 Options.compaction_options_universal.min_merge_width: 2
2019/10/17-14:55:15.343695 7fc3a9fcb700 Options.compaction_options_universal.max_merge_width: 4294967295
2019/10/17-14:55:15.343696 7fc3a9fcb700 Options.compaction_options_universal.max_size_amplification_percent: 200
2019/10/17-14:55:15.343697 7fc3a9fcb700 Options.compaction_options_universal.compression_size_percent: -1
2019/10/17-14:55:15.343698 7fc3a9fcb700 Options.compaction_options_universal.stop_style: kCompactionStopStyleTotalSize
2019/10/17-14:55:15.343699 7fc3a9fcb700 Options.compaction_options_fifo.max_table_files_size: 1073741824
2019/10/17-14:55:15.343700 7fc3a9fcb700 Options.compaction_options_fifo.allow_compaction: 0
2019/10/17-14:55:15.343701 7fc3a9fcb700 Options.compaction_options_fifo.ttl: 0
2019/10/17-14:55:15.343702 7fc3a9fcb700                   Options.table_properties_collectors: 
2019/10/17-14:55:15.343703 7fc3a9fcb700                   Options.inplace_update_support: 0
2019/10/17-14:55:15.343704 7fc3a9fcb700                 Options.inplace_update_num_locks: 10000
2019/10/17-14:55:15.343705 7fc3a9fcb700               Options.memtable_prefix_bloom_size_ratio: 0.000000
2019/10/17-14:55:15.343706 7fc3a9fcb700   Options.memtable_huge_page_size: 0
2019/10/17-14:55:15.343707 7fc3a9fcb700                           Options.bloom_locality: 0
2019/10/17-14:55:15.343708 7fc3a9fcb700                    Options.max_successive_merges: 0
2019/10/17-14:55:15.343709 7fc3a9fcb700                Options.optimize_filters_for_hits: 0
2019/10/17-14:55:15.343710 7fc3a9fcb700                Options.paranoid_file_checks: 0
2019/10/17-14:55:15.343711 7fc3a9fcb700                Options.force_consistency_checks: 0
2019/10/17-14:55:15.343712 7fc3a9fcb700                Options.report_bg_io_stats: 0
2019/10/17-14:55:15.343713 7fc3a9fcb700                               Options.ttl: 0
2019/10/17-14:55:15.343731 7fc3a9fcb700 [db/column_family.cc:472] --------------- Options for column family [dc_entries]:
2019/10/17-14:55:15.343732 7fc3a9fcb700               Options.comparator: leveldb.BytewiseComparator
2019/10/17-14:55:15.343734 7fc3a9fcb700           Options.merge_operator: None
2019/10/17-14:55:15.343735 7fc3a9fcb700        Options.compaction_filter: None
2019/10/17-14:55:15.343735 7fc3a9fcb700        Options.compaction_filter_factory: None
2019/10/17-14:55:15.343736 7fc3a9fcb700         Options.memtable_factory: SkipListFactory
2019/10/17-14:55:15.343737 7fc3a9fcb700            Options.table_factory: BlockBasedTable
2019/10/17-14:55:15.343750 7fc3a9fcb700            table_factory options:   flush_block_policy_factory: FlushBlockBySizePolicyFactory (0x7fc3500d8100)
  cache_index_and_filter_blocks: 0
  cache_index_and_filter_blocks_with_high_priority: 0
  pin_l0_filter_and_index_blocks_in_cache: 0
  pin_top_level_index_and_filter: 1
  index_type: 0
  hash_index_allow_collision: 1
  checksum: 1
  no_block_cache: 0
  block_cache: 0x7fc35003d160
  block_cache_name: LRUCache
  block_cache_options:
    capacity : 8388608
    num_shard_bits : 4
    strict_capacity_limit : 0
    memory_allocator : None
    high_pri_pool_ratio: 0.000
  block_cache_compressed: (nil)
  persistent_cache: (nil)
  block_size: 4096
  block_size_deviation: 10
  block_restart_interval: 16
  index_block_restart_interval: 1
  metadata_block_size: 4096
  partition_filters: 0
  use_delta_encoding: 1
  filter_policy: nullptr
  whole_key_filtering: 1
  verify_compression: 0
  read_amp_bytes_per_bit: 0
  format_version: 2
  enable_index_compression: 1
  block_align: 0
2019/10/17-14:55:15.343757 7fc3a9fcb700        Options.write_buffer_size: 67108864
2019/10/17-14:55:15.343758 7fc3a9fcb700  Options.max_write_buffer_number: 2
2019/10/17-14:55:15.343760 7fc3a9fcb700          Options.compression: NoCompression
2019/10/17-14:55:15.343761 7fc3a9fcb700                  Options.bottommost_compression: Disabled
2019/10/17-14:55:15.343762 7fc3a9fcb700       Options.prefix_extractor: nullptr
2019/10/17-14:55:15.343762 7fc3a9fcb700   Options.memtable_insert_with_hint_prefix_extractor: nullptr
2019/10/17-14:55:15.343763 7fc3a9fcb700             Options.num_levels: 7
2019/10/17-14:55:15.343764 7fc3a9fcb700        Options.min_write_buffer_number_to_merge: 1
2019/10/17-14:55:15.343765 7fc3a9fcb700     Options.max_write_buffer_number_to_maintain: 0
2019/10/17-14:55:15.343766 7fc3a9fcb700            Options.bottommost_compression_opts.window_bits: -14
2019/10/17-14:55:15.343767 7fc3a9fcb700                  Options.bottommost_compression_opts.level: 32767
2019/10/17-14:55:15.343768 7fc3a9fcb700               Options.bottommost_compression_opts.strategy: 0
2019/10/17-14:55:15.343769 7fc3a9fcb700         Options.bottommost_compression_opts.max_dict_bytes: 0
2019/10/17-14:55:15.343770 7fc3a9fcb700         Options.bottommost_compression_opts.zstd_max_train_bytes: 0
2019/10/17-14:55:15.343771 7fc3a9fcb700                  Options.bottommost_compression_opts.enabled: false
2019/10/17-14:55:15.343772 7fc3a9fcb700            Options.compression_opts.window_bits: -14
2019/10/17-14:55:15.343773 7fc3a9fcb700                  Options.compression_opts.level: 32767
2019/10/17-14:55:15.343774 7fc3a9fcb700               Options.compression_opts.strategy: 0
2019/10/17-14:55:15.343775 7fc3a9fcb700         Options.compression_opts.max_dict_bytes: 0
2019/10/17-14:55:15.343776 7fc3a9fcb700         Options.compression_opts.zstd_max_train_bytes: 0
2019/10/17-14:55:15.343777 7fc3a9fcb700                  Options.compression_opts.enabled: false
2019/10/17-14:55:15.343778 7fc3a9fcb700      Options.level0_file_num_compaction_trigger: 4
2019/10/17-14:55:15.343779 7fc3a9fcb700          Options.level0_slowdown_writes_trigger: 20
2019/10/17-14:55:15.343780 7fc3a9fcb700              Options.level0_stop_writes_trigger: 36
2019/10/17-14:55:15.343781 7fc3a9fcb700                   Options.target_file_size_base: 67108864
2019/10/17-14:55:15.343782 7fc3a9fcb700             Options.target_file_size_multiplier: 1
2019/10/17-14:55:15.343783 7fc3a9fcb700                Options.max_bytes_for_level_base: 268435456
2019/10/17-14:55:15.343784 7fc3a9fcb700 Options.level_compaction_dynamic_level_bytes: 0
2019/10/17-14:55:15.343785 7fc3a9fcb700          Options.max_bytes_for_level_multiplier: 10.000000
2019/10/17-14:55:15.343786 7fc3a9fcb700 Options.max_bytes_for_level_multiplier_addtl[0]: 1
2019/10/17-14:55:15.343787 7fc3a9fcb700 Options.max_bytes_for_level_multiplier_addtl[1]: 1
2019/10/17-14:55:15.343788 7fc3a9fcb700 Options.max_bytes_for_level_multiplier_addtl[2]: 1
2019/10/17-14:55:15.343789 7fc3a9fcb700 Options.max_bytes_for_level_multiplier_addtl[3]: 1
2019/10/17-14:55:15.343790 7fc3a9fcb700 Options.max_bytes_for_level_multiplier_addtl[4]: 1
2019/10/17-14:55:15.343791 7fc3a9fcb700 Options.max_bytes_for_level_multiplier_addtl[5]: 1
2019/10/17-14:55:15.343792 7fc3a9fcb700 Options.max_bytes_for_level_multiplier_addtl[6]: 1
2019/10/17-14:55:15.343793 7fc3a9fcb700       Options.max_sequential_skip_in_iterations: 8
2019/10/17-14:55:15.343794 7fc3a9fcb700                    Options.max_compaction_bytes: 1677721600
2019/10/17-14:55:15.343795 7fc3a9fcb700                        Options.arena_block_size: 8388608
2019/10/17-14:55:15.343796 7fc3a9fcb700   Options.soft_pending_compaction_bytes_limit: 68719476736
2019/10/17-14:55:15.343797 7fc3a9fcb700   Options.hard_pending_compaction_bytes_limit: 274877906944
2019/10/17-14:55:15.343798 7fc3a9fcb700       Options.rate_limit_delay_max_milliseconds: 100
2019/10/17-14:55:15.343799 7fc3a9fcb700                Options.disable_auto_compactions: 0
2019/10/17-14:55:15.343805 7fc3a9fcb700                        Options.compaction_style: kCompactionStyleLevel
2019/10/17-14:55:15.343807 7fc3a9fcb700                          Options.compaction_pri: kByCompensatedSize
2019/10/17-14:55:15.343808 7fc3a9fcb700 Options.compaction_options_universal.size_ratio: 1
2019/10/17-14:55:15.343809 7fc3a9fcb700 Options.compaction_options_universal.min_merge_width: 2
2019/10/17-14:55:15.343810 7fc3a9fcb700 Options.compaction_options_universal.max_merge_width: 4294967295
2019/10/17-14:55:15.343810 7fc3a9fcb700 Options.compaction_options_universal.max_size_amplification_percent: 200
2019/10/17-14:55:15.343811 7fc3a9fcb700 Options.compaction_options_universal.compression_size_percent: -1
2019/10/17-14:55:15.343813 7fc3a9fcb700 Options.compaction_options_universal.stop_style: kCompactionStopStyleTotalSize
2019/10/17-14:55:15.343814 7fc3a9fcb700 Options.compaction_options_fifo.max_table_files_size: 1073741824
2019/10/17-14:55:15.343815 7fc3a9fcb700 Options.compaction_options_fifo.allow_compaction: 0
2019/10/17-14:55:15.343816 7fc3a9fcb700 Options.compaction_options_fifo.ttl: 0
2019/10/17-14:55:15.343816 7fc3a9fcb700                   Options.table_properties_collectors: 
2019/10/17-14:55:15.343817 7fc3a9fcb700                   Options.inplace_update_support: 0
2019/10/17-14:55:15.343818 7fc3a9fcb700                 Options.inplace_update_num_locks: 10000
2019/10/17-14:55:15.343819 7fc3a9fcb700               Options.memtable_prefix_bloom_size_ratio: 0.000000
2019/10/17-14:55:15.343821 7fc3a9fcb700   Options.memtable_huge_page_size: 0
2019/10/17-14:55:15.343822 7fc3a9fcb700                           Options.bloom_locality: 0
2019/10/17-14:55:15.343823 7fc3a9fcb700                    Options.max_successive_merges: 0
2019/10/17-14:55:15.343824 7fc3a9fcb700                Options.optimize_filters_for_hits: 0
2019/10/17-14:55:15.343825 7fc3a9fcb700                Options.paranoid_file_checks: 0
2019/10/17-14:55:15.343826 7fc3a9fcb700                Options.force_consistency_checks: 0
2019/10/17-14:55:15.343827 7fc3a9fcb700                Options.report_bg_io_stats: 0
2019/10/17-14:55:15.343828 7fc3a9fcb700                               Options.ttl: 0
2019/10/17-14:55:15.343842 7fc3a9fcb700 [db/column_family.cc:472] --------------- Options for column family [htlcs]:
2019/10/17-14:55:15.343844 7fc3a9fcb700               Options.comparator: leveldb.BytewiseComparator
2019/10/17-14:55:15.343845 7fc3a9fcb700           Options.merge_operator: None
2019/10/17-14:55:15.343846 7fc3a9fcb700        Options.compaction_filter: None
2019/10/17-14:55:15.343847 7fc3a9fcb700        Options.compaction_filter_factory: None
2019/10/17-14:55:15.343848 7fc3a9fcb700         Options.memtable_factory: SkipListFactory
2019/10/17-14:55:15.343849 7fc3a9fcb700            Options.table_factory: BlockBasedTable
2019/10/17-14:55:15.343877 7fc3a9fcb700            table_factory options:   flush_block_policy_factory: FlushBlockBySizePolicyFactory (0x7fc35004b430)
