2019/10/17-14:55:03.705542 7fc3a9fcb700 RocksDB version: 5.18.3
2019/10/17-14:55:03.705575 7fc3a9fcb700 Git sha rocksdb_build_git_sha:@0@
2019/10/17-14:55:03.705577 7fc3a9fcb700 Compile date Sep 19 2019
2019/10/17-14:55:03.705578 7fc3a9fcb700 DB SUMMARY
2019/10/17-14:55:03.706295 7fc3a9fcb700 CURRENT file:  CURRENT
2019/10/17-14:55:03.706296 7fc3a9fcb700 IDENTITY file:  IDENTITY
2019/10/17-14:55:03.706332 7fc3a9fcb700 MANIFEST file:  MANIFEST-116245 size: 4114 Bytes
2019/10/17-14:55:03.706334 7fc3a9fcb700 SST files in /home/rahul/dev/blockchain-core/eqc/ledger.db dir, Total Num: 29, files: 000624.sst 000627.sst 106940.sst 108447.sst 108450.sst 109471.sst 109483.sst 109485.sst 109486.sst 
2019/10/17-14:55:03.706335 7fc3a9fcb700 Write Ahead Log file in /home/rahul/dev/blockchain-core/eqc/ledger.db: 116246.log size: 0 ; 
2019/10/17-14:55:03.706368 7fc3a9fcb700                         Options.error_if_exists: 0
2019/10/17-14:55:03.706370 7fc3a9fcb700                       Options.create_if_missing: 1
2019/10/17-14:55:03.706371 7fc3a9fcb700                         Options.paranoid_checks: 1
2019/10/17-14:55:03.706372 7fc3a9fcb700                                     Options.env: 0x7fc32ae1fc60
2019/10/17-14:55:03.706373 7fc3a9fcb700                                Options.info_log: 0x7fc350099c80
2019/10/17-14:55:03.706374 7fc3a9fcb700                Options.max_file_opening_threads: 16
2019/10/17-14:55:03.706375 7fc3a9fcb700                              Options.statistics: (nil)
2019/10/17-14:55:03.706376 7fc3a9fcb700                               Options.use_fsync: 0
2019/10/17-14:55:03.706377 7fc3a9fcb700                       Options.max_log_file_size: 0
2019/10/17-14:55:03.706378 7fc3a9fcb700                  Options.max_manifest_file_size: 1073741824
2019/10/17-14:55:03.706379 7fc3a9fcb700                   Options.log_file_time_to_roll: 0
2019/10/17-14:55:03.706381 7fc3a9fcb700                       Options.keep_log_file_num: 1000
2019/10/17-14:55:03.706382 7fc3a9fcb700                    Options.recycle_log_file_num: 0
2019/10/17-14:55:03.706383 7fc3a9fcb700                         Options.allow_fallocate: 1
2019/10/17-14:55:03.706384 7fc3a9fcb700                        Options.allow_mmap_reads: 0
2019/10/17-14:55:03.706385 7fc3a9fcb700                       Options.allow_mmap_writes: 0
2019/10/17-14:55:03.706386 7fc3a9fcb700                        Options.use_direct_reads: 0
2019/10/17-14:55:03.706387 7fc3a9fcb700                        Options.use_direct_io_for_flush_and_compaction: 0
2019/10/17-14:55:03.706388 7fc3a9fcb700          Options.create_missing_column_families: 0
2019/10/17-14:55:03.706389 7fc3a9fcb700                              Options.db_log_dir: 
2019/10/17-14:55:03.706390 7fc3a9fcb700                                 Options.wal_dir: /home/rahul/dev/blockchain-core/eqc/ledger.db
2019/10/17-14:55:03.706391 7fc3a9fcb700                Options.table_cache_numshardbits: 6
2019/10/17-14:55:03.706392 7fc3a9fcb700                      Options.max_subcompactions: 1
2019/10/17-14:55:03.706393 7fc3a9fcb700                  Options.max_background_flushes: -1
2019/10/17-14:55:03.706394 7fc3a9fcb700                         Options.WAL_ttl_seconds: 0
2019/10/17-14:55:03.706395 7fc3a9fcb700                       Options.WAL_size_limit_MB: 0
2019/10/17-14:55:03.706396 7fc3a9fcb700             Options.manifest_preallocation_size: 4194304
2019/10/17-14:55:03.706397 7fc3a9fcb700                     Options.is_fd_close_on_exec: 1
2019/10/17-14:55:03.706398 7fc3a9fcb700                   Options.advise_random_on_open: 1
2019/10/17-14:55:03.706399 7fc3a9fcb700                    Options.db_write_buffer_size: 0
2019/10/17-14:55:03.706400 7fc3a9fcb700                    Options.write_buffer_manager: 0x7fc3500a0530
2019/10/17-14:55:03.706401 7fc3a9fcb700         Options.access_hint_on_compaction_start: 1
2019/10/17-14:55:03.706402 7fc3a9fcb700  Options.new_table_reader_for_compaction_inputs: 0
2019/10/17-14:55:03.706403 7fc3a9fcb700           Options.random_access_max_buffer_size: 1048576
2019/10/17-14:55:03.706404 7fc3a9fcb700                      Options.use_adaptive_mutex: 0
2019/10/17-14:55:03.706405 7fc3a9fcb700                            Options.rate_limiter: (nil)
2019/10/17-14:55:03.706414 7fc3a9fcb700     Options.sst_file_manager.rate_bytes_per_sec: 0
2019/10/17-14:55:03.706415 7fc3a9fcb700                       Options.wal_recovery_mode: 2
2019/10/17-14:55:03.706416 7fc3a9fcb700                  Options.enable_thread_tracking: 0
2019/10/17-14:55:03.706417 7fc3a9fcb700                  Options.enable_pipelined_write: 0
2019/10/17-14:55:03.706418 7fc3a9fcb700         Options.allow_concurrent_memtable_write: 1
2019/10/17-14:55:03.706419 7fc3a9fcb700      Options.enable_write_thread_adaptive_yield: 1
2019/10/17-14:55:03.706420 7fc3a9fcb700             Options.write_thread_max_yield_usec: 100
2019/10/17-14:55:03.706421 7fc3a9fcb700            Options.write_thread_slow_yield_usec: 3
2019/10/17-14:55:03.706422 7fc3a9fcb700                               Options.row_cache: None
2019/10/17-14:55:03.706423 7fc3a9fcb700                              Options.wal_filter: None
2019/10/17-14:55:03.706424 7fc3a9fcb700             Options.avoid_flush_during_recovery: 0
2019/10/17-14:55:03.706425 7fc3a9fcb700             Options.allow_ingest_behind: 0
2019/10/17-14:55:03.706426 7fc3a9fcb700             Options.preserve_deletes: 0
2019/10/17-14:55:03.706427 7fc3a9fcb700             Options.two_write_queues: 0
2019/10/17-14:55:03.706428 7fc3a9fcb700             Options.manual_wal_flush: 0
2019/10/17-14:55:03.706429 7fc3a9fcb700             Options.max_background_jobs: 2
2019/10/17-14:55:03.706430 7fc3a9fcb700             Options.max_background_compactions: -1
2019/10/17-14:55:03.706431 7fc3a9fcb700             Options.avoid_flush_during_shutdown: 0
2019/10/17-14:55:03.706432 7fc3a9fcb700           Options.writable_file_max_buffer_size: 1048576
2019/10/17-14:55:03.706433 7fc3a9fcb700             Options.delayed_write_rate : 16777216
2019/10/17-14:55:03.706434 7fc3a9fcb700             Options.max_total_wal_size: 0
2019/10/17-14:55:03.706435 7fc3a9fcb700             Options.delete_obsolete_files_period_micros: 21600000000
2019/10/17-14:55:03.706436 7fc3a9fcb700                   Options.stats_dump_period_sec: 600
2019/10/17-14:55:03.706437 7fc3a9fcb700                          Options.max_open_files: -1
2019/10/17-14:55:03.706438 7fc3a9fcb700                          Options.bytes_per_sync: 0
2019/10/17-14:55:03.706439 7fc3a9fcb700                      Options.wal_bytes_per_sync: 0
2019/10/17-14:55:03.706440 7fc3a9fcb700       Options.compaction_readahead_size: 0
2019/10/17-14:55:03.706441 7fc3a9fcb700 Compression algorithms supported:
2019/10/17-14:55:03.706443 7fc3a9fcb700 	kZSTDNotFinalCompression supported: 0
2019/10/17-14:55:03.706444 7fc3a9fcb700 	kZSTD supported: 0
2019/10/17-14:55:03.706445 7fc3a9fcb700 	kXpressCompression supported: 0
2019/10/17-14:55:03.706446 7fc3a9fcb700 	kLZ4HCCompression supported: 0
2019/10/17-14:55:03.706447 7fc3a9fcb700 	kLZ4Compression supported: 0
2019/10/17-14:55:03.706448 7fc3a9fcb700 	kBZip2Compression supported: 0
2019/10/17-14:55:03.706450 7fc3a9fcb700 	kZlibCompression supported: 0
2019/10/17-14:55:03.706451 7fc3a9fcb700 	kSnappyCompression supported: 0
2019/10/17-14:55:03.706453 7fc3a9fcb700 Fast CRC32 supported: Supported on x86
2019/10/17-14:55:03.706541 7fc3a9fcb700 [db/version_set.cc:3507] Recovering from manifest file: MANIFEST-116245
2019/10/17-14:55:03.706574 7fc3a9fcb700 [db/column_family.cc:472] --------------- Options for column family [default]:
2019/10/17-14:55:03.706576 7fc3a9fcb700               Options.comparator: leveldb.BytewiseComparator
2019/10/17-14:55:03.706577 7fc3a9fcb700           Options.merge_operator: None
2019/10/17-14:55:03.706578 7fc3a9fcb700        Options.compaction_filter: None
2019/10/17-14:55:03.706579 7fc3a9fcb700        Options.compaction_filter_factory: None
2019/10/17-14:55:03.706580 7fc3a9fcb700         Options.memtable_factory: SkipListFactory
2019/10/17-14:55:03.706581 7fc3a9fcb700            Options.table_factory: BlockBasedTable
2019/10/17-14:55:03.706598 7fc3a9fcb700            table_factory options:   flush_block_policy_factory: FlushBlockBySizePolicyFactory (0x7fc3500201b0)
  cache_index_and_filter_blocks: 0
  cache_index_and_filter_blocks_with_high_priority: 0
  pin_l0_filter_and_index_blocks_in_cache: 0
  pin_top_level_index_and_filter: 1
  index_type: 0
  hash_index_allow_collision: 1
  checksum: 1
  no_block_cache: 0
  block_cache: 0x7fc3500ec1f0
  block_cache_name: LRUCache
  block_cache_options:
    capacity : 8388608
    num_shard_bits : 4
    strict_capacity_limit : 0
    memory_allocator : None
    high_pri_pool_ratio: 0.000
  block_cache_compressed: (nil)
  persistent_cache: (nil)
  block_size: 4096
  block_size_deviation: 10
  block_restart_interval: 16
  index_block_restart_interval: 1
  metadata_block_size: 4096
  partition_filters: 0
  use_delta_encoding: 1
  filter_policy: nullptr
  whole_key_filtering: 1
  verify_compression: 0
  read_amp_bytes_per_bit: 0
  format_version: 2
  enable_index_compression: 1
  block_align: 0
2019/10/17-14:55:03.706606 7fc3a9fcb700        Options.write_buffer_size: 67108864
2019/10/17-14:55:03.706607 7fc3a9fcb700  Options.max_write_buffer_number: 2
2019/10/17-14:55:03.706609 7fc3a9fcb700          Options.compression: NoCompression
2019/10/17-14:55:03.706610 7fc3a9fcb700                  Options.bottommost_compression: Disabled
2019/10/17-14:55:03.706611 7fc3a9fcb700       Options.prefix_extractor: nullptr
2019/10/17-14:55:03.706612 7fc3a9fcb700   Options.memtable_insert_with_hint_prefix_extractor: nullptr
2019/10/17-14:55:03.706613 7fc3a9fcb700             Options.num_levels: 7
2019/10/17-14:55:03.706614 7fc3a9fcb700        Options.min_write_buffer_number_to_merge: 1
2019/10/17-14:55:03.706615 7fc3a9fcb700     Options.max_write_buffer_number_to_maintain: 0
2019/10/17-14:55:03.706616 7fc3a9fcb700            Options.bottommost_compression_opts.window_bits: -14
2019/10/17-14:55:03.706617 7fc3a9fcb700                  Options.bottommost_compression_opts.level: 32767
2019/10/17-14:55:03.706618 7fc3a9fcb700               Options.bottommost_compression_opts.strategy: 0
2019/10/17-14:55:03.706619 7fc3a9fcb700         Options.bottommost_compression_opts.max_dict_bytes: 0
2019/10/17-14:55:03.706620 7fc3a9fcb700         Options.bottommost_compression_opts.zstd_max_train_bytes: 0
2019/10/17-14:55:03.706621 7fc3a9fcb700                  Options.bottommost_compression_opts.enabled: false
2019/10/17-14:55:03.706622 7fc3a9fcb700            Options.compression_opts.window_bits: -14
2019/10/17-14:55:03.706623 7fc3a9fcb700                  Options.compression_opts.level: 32767
2019/10/17-14:55:03.706624 7fc3a9fcb700               Options.compression_opts.strategy: 0
2019/10/17-14:55:03.706625 7fc3a9fcb700         Options.compression_opts.max_dict_bytes: 0
2019/10/17-14:55:03.706626 7fc3a9fcb700         Options.compression_opts.zstd_max_train_bytes: 0
2019/10/17-14:55:03.706627 7fc3a9fcb700                  Options.compression_opts.enabled: false
2019/10/17-14:55:03.706628 7fc3a9fcb700      Options.level0_file_num_compaction_trigger: 4
2019/10/17-14:55:03.706629 7fc3a9fcb700          Options.level0_slowdown_writes_trigger: 20
2019/10/17-14:55:03.706630 7fc3a9fcb700              Options.level0_stop_writes_trigger: 36
2019/10/17-14:55:03.706631 7fc3a9fcb700                   Options.target_file_size_base: 67108864
2019/10/17-14:55:03.706633 7fc3a9fcb700             Options.target_file_size_multiplier: 1
2019/10/17-14:55:03.706634 7fc3a9fcb700                Options.max_bytes_for_level_base: 268435456
2019/10/17-14:55:03.706635 7fc3a9fcb700 Options.level_compaction_dynamic_level_bytes: 0
2019/10/17-14:55:03.706636 7fc3a9fcb700          Options.max_bytes_for_level_multiplier: 10.000000
2019/10/17-14:55:03.706638 7fc3a9fcb700 Options.max_bytes_for_level_multiplier_addtl[0]: 1
2019/10/17-14:55:03.706639 7fc3a9fcb700 Options.max_bytes_for_level_multiplier_addtl[1]: 1
2019/10/17-14:55:03.706640 7fc3a9fcb700 Options.max_bytes_for_level_multiplier_addtl[2]: 1
2019/10/17-14:55:03.706641 7fc3a9fcb700 Options.max_bytes_for_level_multiplier_addtl[3]: 1
2019/10/17-14:55:03.706642 7fc3a9fcb700 Options.max_bytes_for_level_multiplier_addtl[4]: 1
2019/10/17-14:55:03.706647 7fc3a9fcb700 Options.max_bytes_for_level_multiplier_addtl[5]: 1
2019/10/17-14:55:03.706648 7fc3a9fcb700 Options.max_bytes_for_level_multiplier_addtl[6]: 1
2019/10/17-14:55:03.706649 7fc3a9fcb700       Options.max_sequential_skip_in_iterations: 8
2019/10/17-14:55:03.706650 7fc3a9fcb700                    Options.max_compaction_bytes: 1677721600
2019/10/17-14:55:03.706651 7fc3a9fcb700                        Options.arena_block_size: 8388608
2019/10/17-14:55:03.706653 7fc3a9fcb700   Options.soft_pending_compaction_bytes_limit: 68719476736
2019/10/17-14:55:03.706654 7fc3a9fcb700   Options.hard_pending_compaction_bytes_limit: 274877906944
2019/10/17-14:55:03.706655 7fc3a9fcb700       Options.rate_limit_delay_max_milliseconds: 100
2019/10/17-14:55:03.706656 7fc3a9fcb700                Options.disable_auto_compactions: 0
2019/10/17-14:55:03.706657 7fc3a9fcb700                        Options.compaction_style: kCompactionStyleLevel
2019/10/17-14:55:03.706659 7fc3a9fcb700                          Options.compaction_pri: kByCompensatedSize
2019/10/17-14:55:03.706660 7fc3a9fcb700 Options.compaction_options_universal.size_ratio: 1
2019/10/17-14:55:03.706661 7fc3a9fcb700 Options.compaction_options_universal.min_merge_width: 2
2019/10/17-14:55:03.706662 7fc3a9fcb700 Options.compaction_options_universal.max_merge_width: 4294967295
2019/10/17-14:55:03.706663 7fc3a9fcb700 Options.compaction_options_universal.max_size_amplification_percent: 200
2019/10/17-14:55:03.706664 7fc3a9fcb700 Options.compaction_options_universal.compression_size_percent: -1
2019/10/17-14:55:03.706665 7fc3a9fcb700 Options.compaction_options_universal.stop_style: kCompactionStopStyleTotalSize
2019/10/17-14:55:03.706666 7fc3a9fcb700 Options.compaction_options_fifo.max_table_files_size: 1073741824
2019/10/17-14:55:03.706667 7fc3a9fcb700 Options.compaction_options_fifo.allow_compaction: 0
2019/10/17-14:55:03.706669 7fc3a9fcb700 Options.compaction_options_fifo.ttl: 0
2019/10/17-14:55:03.706670 7fc3a9fcb700                   Options.table_properties_collectors: 
2019/10/17-14:55:03.706671 7fc3a9fcb700                   Options.inplace_update_support: 0
2019/10/17-14:55:03.706672 7fc3a9fcb700                 Options.inplace_update_num_locks: 10000
2019/10/17-14:55:03.706673 7fc3a9fcb700               Options.memtable_prefix_bloom_size_ratio: 0.000000
2019/10/17-14:55:03.706674 7fc3a9fcb700   Options.memtable_huge_page_size: 0
2019/10/17-14:55:03.706675 7fc3a9fcb700                           Options.bloom_locality: 0
2019/10/17-14:55:03.706676 7fc3a9fcb700                    Options.max_successive_merges: 0
2019/10/17-14:55:03.706677 7fc3a9fcb700                Options.optimize_filters_for_hits: 0
2019/10/17-14:55:03.706678 7fc3a9fcb700                Options.paranoid_file_checks: 0
2019/10/17-14:55:03.706679 7fc3a9fcb700                Options.force_consistency_checks: 0
2019/10/17-14:55:03.706680 7fc3a9fcb700                Options.report_bg_io_stats: 0
2019/10/17-14:55:03.706681 7fc3a9fcb700                               Options.ttl: 0
2019/10/17-14:55:03.706707 7fc3a9fcb700 [db/column_family.cc:472] --------------- Options for column family [active_gateways]:
2019/10/17-14:55:03.706709 7fc3a9fcb700               Options.comparator: leveldb.BytewiseComparator
2019/10/17-14:55:03.706710 7fc3a9fcb700           Options.merge_operator: None
2019/10/17-14:55:03.706711 7fc3a9fcb700        Options.compaction_filter: None
2019/10/17-14:55:03.706712 7fc3a9fcb700        Options.compaction_filter_factory: None
2019/10/17-14:55:03.706713 7fc3a9fcb700         Options.memtable_factory: SkipListFactory
2019/10/17-14:55:03.706714 7fc3a9fcb700            Options.table_factory: BlockBasedTable
2019/10/17-14:55:03.706726 7fc3a9fcb700            table_factory options:   flush_block_policy_factory: FlushBlockBySizePolicyFactory (0x7fc35003de20)
  cache_index_and_filter_blocks: 0
  cache_index_and_filter_blocks_with_high_priority: 0
  pin_l0_filter_and_index_blocks_in_cache: 0
  pin_top_level_index_and_filter: 1
  index_type: 0
  hash_index_allow_collision: 1
  checksum: 1
  no_block_cache: 0
  block_cache: 0x7fc35007aeb0
  block_cache_name: LRUCache
  block_cache_options:
    capacity : 8388608
    num_shard_bits : 4
    strict_capacity_limit : 0
    memory_allocator : None
    high_pri_pool_ratio: 0.000
  block_cache_compressed: (nil)
  persistent_cache: (nil)
  block_size: 4096
  block_size_deviation: 10
  block_restart_interval: 16
  index_block_restart_interval: 1
  metadata_block_size: 4096
  partition_filters: 0
  use_delta_encoding: 1
  filter_policy: nullptr
  whole_key_filtering: 1
  verify_compression: 0
  read_amp_bytes_per_bit: 0
  format_version: 2
  enable_index_compression: 1
  block_align: 0
2019/10/17-14:55:03.706732 7fc3a9fcb700        Options.write_buffer_size: 67108864
2019/10/17-14:55:03.706733 7fc3a9fcb700  Options.max_write_buffer_number: 2
2019/10/17-14:55:03.706734 7fc3a9fcb700          Options.compression: NoCompression
2019/10/17-14:55:03.706735 7fc3a9fcb700                  Options.bottommost_compression: Disabled
2019/10/17-14:55:03.706736 7fc3a9fcb700       Options.prefix_extractor: nullptr
2019/10/17-14:55:03.706737 7fc3a9fcb700   Options.memtable_insert_with_hint_prefix_extractor: nullptr
2019/10/17-14:55:03.706738 7fc3a9fcb700             Options.num_levels: 7
2019/10/17-14:55:03.706739 7fc3a9fcb700        Options.min_write_buffer_number_to_merge: 1
2019/10/17-14:55:03.706740 7fc3a9fcb700     Options.max_write_buffer_number_to_maintain: 0
2019/10/17-14:55:03.706741 7fc3a9fcb700            Options.bottommost_compression_opts.window_bits: -14
2019/10/17-14:55:03.706743 7fc3a9fcb700                  Options.bottommost_compression_opts.level: 32767
2019/10/17-14:55:03.706744 7fc3a9fcb700               Options.bottommost_compression_opts.strategy: 0
2019/10/17-14:55:03.706745 7fc3a9fcb700         Options.bottommost_compression_opts.max_dict_bytes: 0
2019/10/17-14:55:03.706746 7fc3a9fcb700         Options.bottommost_compression_opts.zstd_max_train_bytes: 0
2019/10/17-14:55:03.706747 7fc3a9fcb700                  Options.bottommost_compression_opts.enabled: false
2019/10/17-14:55:03.706748 7fc3a9fcb700            Options.compression_opts.window_bits: -14
2019/10/17-14:55:03.706749 7fc3a9fcb700                  Options.compression_opts.level: 32767
2019/10/17-14:55:03.706750 7fc3a9fcb700               Options.compression_opts.strategy: 0
2019/10/17-14:55:03.706751 7fc3a9fcb700         Options.compression_opts.max_dict_bytes: 0
2019/10/17-14:55:03.706752 7fc3a9fcb700         Options.compression_opts.zstd_max_train_bytes: 0
2019/10/17-14:55:03.706753 7fc3a9fcb700                  Options.compression_opts.enabled: false
2019/10/17-14:55:03.706754 7fc3a9fcb700      Options.level0_file_num_compaction_trigger: 4
2019/10/17-14:55:03.706755 7fc3a9fcb700          Options.level0_slowdown_writes_trigger: 20
2019/10/17-14:55:03.706756 7fc3a9fcb700              Options.level0_stop_writes_trigger: 36
2019/10/17-14:55:03.706757 7fc3a9fcb700                   Options.target_file_size_base: 67108864
2019/10/17-14:55:03.706758 7fc3a9fcb700             Options.target_file_size_multiplier: 1
2019/10/17-14:55:03.706759 7fc3a9fcb700                Options.max_bytes_for_level_base: 268435456
2019/10/17-14:55:03.706760 7fc3a9fcb700 Options.level_compaction_dynamic_level_bytes: 0
2019/10/17-14:55:03.706761 7fc3a9fcb700          Options.max_bytes_for_level_multiplier: 10.000000
2019/10/17-14:55:03.706763 7fc3a9fcb700 Options.max_bytes_for_level_multiplier_addtl[0]: 1
2019/10/17-14:55:03.706764 7fc3a9fcb700 Options.max_bytes_for_level_multiplier_addtl[1]: 1
2019/10/17-14:55:03.706765 7fc3a9fcb700 Options.max_bytes_for_level_multiplier_addtl[2]: 1
2019/10/17-14:55:03.706766 7fc3a9fcb700 Options.max_bytes_for_level_multiplier_addtl[3]: 1
2019/10/17-14:55:03.706767 7fc3a9fcb700 Options.max_bytes_for_level_multiplier_addtl[4]: 1
2019/10/17-14:55:03.706768 7fc3a9fcb700 Options.max_bytes_for_level_multiplier_addtl[5]: 1
2019/10/17-14:55:03.706769 7fc3a9fcb700 Options.max_bytes_for_level_multiplier_addtl[6]: 1
2019/10/17-14:55:03.706770 7fc3a9fcb700       Options.max_sequential_skip_in_iterations: 8
2019/10/17-14:55:03.706775 7fc3a9fcb700                    Options.max_compaction_bytes: 1677721600
2019/10/17-14:55:03.706776 7fc3a9fcb700                        Options.arena_block_size: 8388608
2019/10/17-14:55:03.706777 7fc3a9fcb700   Options.soft_pending_compaction_bytes_limit: 68719476736
2019/10/17-14:55:03.706778 7fc3a9fcb700   Options.hard_pending_compaction_bytes_limit: 274877906944
2019/10/17-14:55:03.706779 7fc3a9fcb700       Options.rate_limit_delay_max_milliseconds: 100
2019/10/17-14:55:03.706780 7fc3a9fcb700                Options.disable_auto_compactions: 0
2019/10/17-14:55:03.706781 7fc3a9fcb700                        Options.compaction_style: kCompactionStyleLevel
2019/10/17-14:55:03.706783 7fc3a9fcb700                          Options.compaction_pri: kByCompensatedSize
2019/10/17-14:55:03.706784 7fc3a9fcb700 Options.compaction_options_universal.size_ratio: 1
2019/10/17-14:55:03.706785 7fc3a9fcb700 Options.compaction_options_universal.min_merge_width: 2
2019/10/17-14:55:03.706786 7fc3a9fcb700 Options.compaction_options_universal.max_merge_width: 4294967295
2019/10/17-14:55:03.706787 7fc3a9fcb700 Options.compaction_options_universal.max_size_amplification_percent: 200
2019/10/17-14:55:03.706788 7fc3a9fcb700 Options.compaction_options_universal.compression_size_percent: -1
2019/10/17-14:55:03.706789 7fc3a9fcb700 Options.compaction_options_universal.stop_style: kCompactionStopStyleTotalSize
2019/10/17-14:55:03.706790 7fc3a9fcb700 Options.compaction_options_fifo.max_table_files_size: 1073741824
2019/10/17-14:55:03.706791 7fc3a9fcb700 Options.compaction_options_fifo.allow_compaction: 0
2019/10/17-14:55:03.706792 7fc3a9fcb700 Options.compaction_options_fifo.ttl: 0
2019/10/17-14:55:03.706793 7fc3a9fcb700                   Options.table_properties_collectors: 
2019/10/17-14:55:03.706794 7fc3a9fcb700                   Options.inplace_update_support: 0
2019/10/17-14:55:03.706795 7fc3a9fcb700                 Options.inplace_update_num_locks: 10000
2019/10/17-14:55:03.706796 7fc3a9fcb700               Options.memtable_prefix_bloom_size_ratio: 0.000000
2019/10/17-14:55:03.706798 7fc3a9fcb700   Options.memtable_huge_page_size: 0
2019/10/17-14:55:03.706799 7fc3a9fcb700                           Options.bloom_locality: 0
2019/10/17-14:55:03.706800 7fc3a9fcb700                    Options.max_successive_merges: 0
2019/10/17-14:55:03.706801 7fc3a9fcb700                Options.optimize_filters_for_hits: 0
2019/10/17-14:55:03.706802 7fc3a9fcb700                Options.paranoid_file_checks: 0
2019/10/17-14:55:03.706803 7fc3a9fcb700                Options.force_consistency_checks: 0
2019/10/17-14:55:03.706804 7fc3a9fcb700                Options.report_bg_io_stats: 0
2019/10/17-14:55:03.706805 7fc3a9fcb700                               Options.ttl: 0
2019/10/17-14:55:03.706821 7fc3a9fcb700 [db/column_family.cc:472] --------------- Options for column family [entries]:
2019/10/17-14:55:03.706822 7fc3a9fcb700               Options.comparator: leveldb.BytewiseComparator
2019/10/17-14:55:03.706823 7fc3a9fcb700           Options.merge_operator: None
2019/10/17-14:55:03.706824 7fc3a9fcb700        Options.compaction_filter: None
2019/10/17-14:55:03.706825 7fc3a9fcb700        Options.compaction_filter_factory: None
2019/10/17-14:55:03.706826 7fc3a9fcb700         Options.memtable_factory: SkipListFactory
2019/10/17-14:55:03.706827 7fc3a9fcb700            Options.table_factory: BlockBasedTable
2019/10/17-14:55:03.706838 7fc3a9fcb700            table_factory options:   flush_block_policy_factory: FlushBlockBySizePolicyFactory (0x7fc3500a06b0)
  cache_index_and_filter_blocks: 0
  cache_index_and_filter_blocks_with_high_priority: 0
  pin_l0_filter_and_index_blocks_in_cache: 0
  pin_top_level_index_and_filter: 1
  index_type: 0
  hash_index_allow_collision: 1
  checksum: 1
  no_block_cache: 0
  block_cache: 0x7fc35000df60
  block_cache_name: LRUCache
  block_cache_options:
    capacity : 8388608
    num_shard_bits : 4
    strict_capacity_limit : 0
    memory_allocator : None
    high_pri_pool_ratio: 0.000
  block_cache_compressed: (nil)
  persistent_cache: (nil)
  block_size: 4096
  block_size_deviation: 10
  block_restart_interval: 16
  index_block_restart_interval: 1
  metadata_block_size: 4096
  partition_filters: 0
  use_delta_encoding: 1
  filter_policy: nullptr
  whole_key_filtering: 1
  verify_compression: 0
  read_amp_bytes_per_bit: 0
  format_version: 2
  enable_index_compression: 1
  block_align: 0
2019/10/17-14:55:03.706845 7fc3a9fcb700        Options.write_buffer_size: 67108864
2019/10/17-14:55:03.706846 7fc3a9fcb700  Options.max_write_buffer_number: 2
2019/10/17-14:55:03.706847 7fc3a9fcb700          Options.compression: NoCompression
2019/10/17-14:55:03.706848 7fc3a9fcb700                  Options.bottommost_compression: Disabled
2019/10/17-14:55:03.706849 7fc3a9fcb700       Options.prefix_extractor: nullptr
2019/10/17-14:55:03.706850 7fc3a9fcb700   Options.memtable_insert_with_hint_prefix_extractor: nullptr
2019/10/17-14:55:03.706851 7fc3a9fcb700             Options.num_levels: 7
2019/10/17-14:55:03.706852 7fc3a9fcb700        Options.min_write_buffer_number_to_merge: 1
2019/10/17-14:55:03.706853 7fc3a9fcb700     Options.max_write_buffer_number_to_maintain: 0
2019/10/17-14:55:03.706854 7fc3a9fcb700            Options.bottommost_compression_opts.window_bits: -14
2019/10/17-14:55:03.706855 7fc3a9fcb700                  Options.bottommost_compression_opts.level: 32767
2019/10/17-14:55:03.706856 7fc3a9fcb700               Options.bottommost_compression_opts.strategy: 0
2019/10/17-14:55:03.706857 7fc3a9fcb700         Options.bottommost_compression_opts.max_dict_bytes: 0
2019/10/17-14:55:03.706858 7fc3a9fcb700         Options.bottommost_compression_opts.zstd_max_train_bytes: 0
2019/10/17-14:55:03.706859 7fc3a9fcb700                  Options.bottommost_compression_opts.enabled: false
2019/10/17-14:55:03.706860 7fc3a9fcb700            Options.compression_opts.window_bits: -14
2019/10/17-14:55:03.706862 7fc3a9fcb700                  Options.compression_opts.level: 32767
2019/10/17-14:55:03.706863 7fc3a9fcb700               Options.compression_opts.strategy: 0
2019/10/17-14:55:03.706864 7fc3a9fcb700         Options.compression_opts.max_dict_bytes: 0
2019/10/17-14:55:03.706865 7fc3a9fcb700         Options.compression_opts.zstd_max_train_bytes: 0
2019/10/17-14:55:03.706866 7fc3a9fcb700                  Options.compression_opts.enabled: false
2019/10/17-14:55:03.706867 7fc3a9fcb700      Options.level0_file_num_compaction_trigger: 4
2019/10/17-14:55:03.706868 7fc3a9fcb700          Options.level0_slowdown_writes_trigger: 20
2019/10/17-14:55:03.706869 7fc3a9fcb700              Options.level0_stop_writes_trigger: 36
2019/10/17-14:55:03.706870 7fc3a9fcb700                   Options.target_file_size_base: 67108864
2019/10/17-14:55:03.706871 7fc3a9fcb700             Options.target_file_size_multiplier: 1
2019/10/17-14:55:03.706872 7fc3a9fcb700                Options.max_bytes_for_level_base: 268435456
2019/10/17-14:55:03.706873 7fc3a9fcb700 Options.level_compaction_dynamic_level_bytes: 0
2019/10/17-14:55:03.706874 7fc3a9fcb700          Options.max_bytes_for_level_multiplier: 10.000000
2019/10/17-14:55:03.706875 7fc3a9fcb700 Options.max_bytes_for_level_multiplier_addtl[0]: 1
2019/10/17-14:55:03.706876 7fc3a9fcb700 Options.max_bytes_for_level_multiplier_addtl[1]: 1
2019/10/17-14:55:03.706878 7fc3a9fcb700 Options.max_bytes_for_level_multiplier_addtl[2]: 1
2019/10/17-14:55:03.706879 7fc3a9fcb700 Options.max_bytes_for_level_multiplier_addtl[3]: 1
2019/10/17-14:55:03.706880 7fc3a9fcb700 Options.max_bytes_for_level_multiplier_addtl[4]: 1
2019/10/17-14:55:03.706881 7fc3a9fcb700 Options.max_bytes_for_level_multiplier_addtl[5]: 1
2019/10/17-14:55:03.706882 7fc3a9fcb700 Options.max_bytes_for_level_multiplier_addtl[6]: 1
2019/10/17-14:55:03.706883 7fc3a9fcb700       Options.max_sequential_skip_in_iterations: 8
2019/10/17-14:55:03.706884 7fc3a9fcb700                    Options.max_compaction_bytes: 1677721600
2019/10/17-14:55:03.706885 7fc3a9fcb700                        Options.arena_block_size: 8388608
2019/10/17-14:55:03.706886 7fc3a9fcb700   Options.soft_pending_compaction_bytes_limit: 68719476736
2019/10/17-14:55:03.706891 7fc3a9fcb700   Options.hard_pending_compaction_bytes_limit: 274877906944
2019/10/17-14:55:03.706892 7fc3a9fcb700       Options.rate_limit_delay_max_milliseconds: 100
2019/10/17-14:55:03.706893 7fc3a9fcb700                Options.disable_auto_compactions: 0
2019/10/17-14:55:03.706894 7fc3a9fcb700                        Options.compaction_style: kCompactionStyleLevel
2019/10/17-14:55:03.706895 7fc3a9fcb700                          Options.compaction_pri: kByCompensatedSize
2019/10/17-14:55:03.706896 7fc3a9fcb700 Options.compaction_options_universal.size_ratio: 1
2019/10/17-14:55:03.706897 7fc3a9fcb700 Options.compaction_options_universal.min_merge_width: 2
2019/10/17-14:55:03.706898 7fc3a9fcb700 Options.compaction_options_universal.max_merge_width: 4294967295
2019/10/17-14:55:03.706900 7fc3a9fcb700 Options.compaction_options_universal.max_size_amplification_percent: 200
2019/10/17-14:55:03.706901 7fc3a9fcb700 Options.compaction_options_universal.compression_size_percent: -1
2019/10/17-14:55:03.706902 7fc3a9fcb700 Options.compaction_options_universal.stop_style: kCompactionStopStyleTotalSize
2019/10/17-14:55:03.706903 7fc3a9fcb700 Options.compaction_options_fifo.max_table_files_size: 1073741824
2019/10/17-14:55:03.706904 7fc3a9fcb700 Options.compaction_options_fifo.allow_compaction: 0
2019/10/17-14:55:03.706905 7fc3a9fcb700 Options.compaction_options_fifo.ttl: 0
2019/10/17-14:55:03.706906 7fc3a9fcb700                   Options.table_properties_collectors: 
2019/10/17-14:55:03.706907 7fc3a9fcb700                   Options.inplace_update_support: 0
2019/10/17-14:55:03.706908 7fc3a9fcb700                 Options.inplace_update_num_locks: 10000
2019/10/17-14:55:03.706909 7fc3a9fcb700               Options.memtable_prefix_bloom_size_ratio: 0.000000
2019/10/17-14:55:03.706910 7fc3a9fcb700   Options.memtable_huge_page_size: 0
2019/10/17-14:55:03.706911 7fc3a9fcb700                           Options.bloom_locality: 0
2019/10/17-14:55:03.706912 7fc3a9fcb700                    Options.max_successive_merges: 0
2019/10/17-14:55:03.706913 7fc3a9fcb700                Options.optimize_filters_for_hits: 0
2019/10/17-14:55:03.706914 7fc3a9fcb700                Options.paranoid_file_checks: 0
2019/10/17-14:55:03.706915 7fc3a9fcb700                Options.force_consistency_checks: 0
2019/10/17-14:55:03.706916 7fc3a9fcb700                Options.report_bg_io_stats: 0
2019/10/17-14:55:03.706917 7fc3a9fcb700                               Options.ttl: 0
2019/10/17-14:55:03.706932 7fc3a9fcb700 [db/column_family.cc:472] --------------- Options for column family [dc_entries]:
2019/10/17-14:55:03.706934 7fc3a9fcb700               Options.comparator: leveldb.BytewiseComparator
2019/10/17-14:55:03.706935 7fc3a9fcb700           Options.merge_operator: None
2019/10/17-14:55:03.706936 7fc3a9fcb700        Options.compaction_filter: None
2019/10/17-14:55:03.706937 7fc3a9fcb700        Options.compaction_filter_factory: None
2019/10/17-14:55:03.706938 7fc3a9fcb700         Options.memtable_factory: SkipListFactory
2019/10/17-14:55:03.706939 7fc3a9fcb700            Options.table_factory: BlockBasedTable
2019/10/17-14:55:03.706950 7fc3a9fcb700            table_factory options:   flush_block_policy_factory: FlushBlockBySizePolicyFactory (0x7fc3500868b0)
  cache_index_and_filter_blocks: 0
  cache_index_and_filter_blocks_with_high_priority: 0
  pin_l0_filter_and_index_blocks_in_cache: 0
  pin_top_level_index_and_filter: 1
  index_type: 0
  hash_index_allow_collision: 1
  checksum: 1
  no_block_cache: 0
  block_cache: 0x7fc3500441a0
  block_cache_name: LRUCache
  block_cache_options:
    capacity : 8388608
    num_shard_bits : 4
    strict_capacity_limit : 0
    memory_allocator : None
    high_pri_pool_ratio: 0.000
  block_cache_compressed: (nil)
  persistent_cache: (nil)
  block_size: 4096
  block_size_deviation: 10
  block_restart_interval: 16
  index_block_restart_interval: 1
  metadata_block_size: 4096
  partition_filters: 0
  use_delta_encoding: 1
  filter_policy: nullptr
  whole_key_filtering: 1
  verify_compression: 0
  read_amp_bytes_per_bit: 0
  format_version: 2
  enable_index_compression: 1
  block_align: 0
2019/10/17-14:55:03.706956 7fc3a9fcb700        Options.write_buffer_size: 67108864
2019/10/17-14:55:03.706957 7fc3a9fcb700  Options.max_write_buffer_number: 2
2019/10/17-14:55:03.706958 7fc3a9fcb700          Options.compression: NoCompression
2019/10/17-14:55:03.706959 7fc3a9fcb700                  Options.bottommost_compression: Disabled
2019/10/17-14:55:03.706960 7fc3a9fcb700       Options.prefix_extractor: nullptr
2019/10/17-14:55:03.706961 7fc3a9fcb700   Options.memtable_insert_with_hint_prefix_extractor: nullptr
2019/10/17-14:55:03.706962 7fc3a9fcb700             Options.num_levels: 7
2019/10/17-14:55:03.706963 7fc3a9fcb700        Options.min_write_buffer_number_to_merge: 1
2019/10/17-14:55:03.706964 7fc3a9fcb700     Options.max_write_buffer_number_to_maintain: 0
2019/10/17-14:55:03.706965 7fc3a9fcb700            Options.bottommost_compression_opts.window_bits: -14
2019/10/17-14:55:03.706966 7fc3a9fcb700                  Options.bottommost_compression_opts.level: 32767
2019/10/17-14:55:03.706967 7fc3a9fcb700               Options.bottommost_compression_opts.strategy: 0
2019/10/17-14:55:03.706968 7fc3a9fcb700         Options.bottommost_compression_opts.max_dict_bytes: 0
2019/10/17-14:55:03.706969 7fc3a9fcb700         Options.bottommost_compression_opts.zstd_max_train_bytes: 0
2019/10/17-14:55:03.706970 7fc3a9fcb700                  Options.bottommost_compression_opts.enabled: false
2019/10/17-14:55:03.706971 7fc3a9fcb700            Options.compression_opts.window_bits: -14
2019/10/17-14:55:03.706972 7fc3a9fcb700                  Options.compression_opts.level: 32767
2019/10/17-14:55:03.706973 7fc3a9fcb700               Options.compression_opts.strategy: 0
2019/10/17-14:55:03.706974 7fc3a9fcb700         Options.compression_opts.max_dict_bytes: 0
2019/10/17-14:55:03.706975 7fc3a9fcb700         Options.compression_opts.zstd_max_train_bytes: 0
2019/10/17-14:55:03.706976 7fc3a9fcb700                  Options.compression_opts.enabled: false
2019/10/17-14:55:03.706978 7fc3a9fcb700      Options.level0_file_num_compaction_trigger: 4
2019/10/17-14:55:03.706978 7fc3a9fcb700          Options.level0_slowdown_writes_trigger: 20
2019/10/17-14:55:03.706979 7fc3a9fcb700              Options.level0_stop_writes_trigger: 36
2019/10/17-14:55:03.706980 7fc3a9fcb700                   Options.target_file_size_base: 67108864
2019/10/17-14:55:03.706982 7fc3a9fcb700             Options.target_file_size_multiplier: 1
2019/10/17-14:55:03.706983 7fc3a9fcb700                Options.max_bytes_for_level_base: 268435456
2019/10/17-14:55:03.706984 7fc3a9fcb700 Options.level_compaction_dynamic_level_bytes: 0
2019/10/17-14:55:03.706985 7fc3a9fcb700          Options.max_bytes_for_level_multiplier: 10.000000
2019/10/17-14:55:03.706986 7fc3a9fcb700 Options.max_bytes_for_level_multiplier_addtl[0]: 1
2019/10/17-14:55:03.706987 7fc3a9fcb700 Options.max_bytes_for_level_multiplier_addtl[1]: 1
2019/10/17-14:55:03.706988 7fc3a9fcb700 Options.max_bytes_for_level_multiplier_addtl[2]: 1
2019/10/17-14:55:03.706989 7fc3a9fcb700 Options.max_bytes_for_level_multiplier_addtl[3]: 1
2019/10/17-14:55:03.706990 7fc3a9fcb700 Options.max_bytes_for_level_multiplier_addtl[4]: 1
2019/10/17-14:55:03.706991 7fc3a9fcb700 Options.max_bytes_for_level_multiplier_addtl[5]: 1
2019/10/17-14:55:03.706992 7fc3a9fcb700 Options.max_bytes_for_level_multiplier_addtl[6]: 1
2019/10/17-14:55:03.706993 7fc3a9fcb700       Options.max_sequential_skip_in_iterations: 8
2019/10/17-14:55:03.706994 7fc3a9fcb700                    Options.max_compaction_bytes: 1677721600
2019/10/17-14:55:03.706995 7fc3a9fcb700                        Options.arena_block_size: 8388608
2019/10/17-14:55:03.706996 7fc3a9fcb700   Options.soft_pending_compaction_bytes_limit: 68719476736
2019/10/17-14:55:03.706997 7fc3a9fcb700   Options.hard_pending_compaction_bytes_limit: 274877906944
2019/10/17-14:55:03.706998 7fc3a9fcb700       Options.rate_limit_delay_max_milliseconds: 100
2019/10/17-14:55:03.707000 7fc3a9fcb700                Options.disable_auto_compactions: 0
2019/10/17-14:55:03.707005 7fc3a9fcb700                        Options.compaction_style: kCompactionStyleLevel
2019/10/17-14:55:03.707006 7fc3a9fcb700                          Options.compaction_pri: kByCompensatedSize
2019/10/17-14:55:03.707007 7fc3a9fcb700 Options.compaction_options_universal.size_ratio: 1
2019/10/17-14:55:03.707008 7fc3a9fcb700 Options.compaction_options_universal.min_merge_width: 2
2019/10/17-14:55:03.707009 7fc3a9fcb700 Options.compaction_options_universal.max_merge_width: 4294967295
2019/10/17-14:55:03.707010 7fc3a9fcb700 Options.compaction_options_universal.max_size_amplification_percent: 200
2019/10/17-14:55:03.707011 7fc3a9fcb700 Options.compaction_options_universal.compression_size_percent: -1
2019/10/17-14:55:03.707012 7fc3a9fcb700 Options.compaction_options_universal.stop_style: kCompactionStopStyleTotalSize
2019/10/17-14:55:03.707013 7fc3a9fcb700 Options.compaction_options_fifo.max_table_files_size: 1073741824
2019/10/17-14:55:03.707014 7fc3a9fcb700 Options.compaction_options_fifo.allow_compaction: 0
2019/10/17-14:55:03.707015 7fc3a9fcb700 Options.compaction_options_fifo.ttl: 0
2019/10/17-14:55:03.707016 7fc3a9fcb700                   Options.table_properties_collectors: 
2019/10/17-14:55:03.707017 7fc3a9fcb700                   Options.inplace_update_support: 0
2019/10/17-14:55:03.707018 7fc3a9fcb700                 Options.inplace_update_num_locks: 10000
2019/10/17-14:55:03.707019 7fc3a9fcb700               Options.memtable_prefix_bloom_size_ratio: 0.000000
2019/10/17-14:55:03.707021 7fc3a9fcb700   Options.memtable_huge_page_size: 0
2019/10/17-14:55:03.707022 7fc3a9fcb700                           Options.bloom_locality: 0
2019/10/17-14:55:03.707023 7fc3a9fcb700                    Options.max_successive_merges: 0
2019/10/17-14:55:03.707024 7fc3a9fcb700                Options.optimize_filters_for_hits: 0
2019/10/17-14:55:03.707025 7fc3a9fcb700                Options.paranoid_file_checks: 0
2019/10/17-14:55:03.707026 7fc3a9fcb700                Options.force_consistency_checks: 0
2019/10/17-14:55:03.707027 7fc3a9fcb700                Options.report_bg_io_stats: 0
2019/10/17-14:55:03.707028 7fc3a9fcb700                               Options.ttl: 0
2019/10/17-14:55:03.707041 7fc3a9fcb700 [db/column_family.cc:472] --------------- Options for column family [htlcs]:
2019/10/17-14:55:03.707042 7fc3a9fcb700               Options.comparator: leveldb.BytewiseComparator
2019/10/17-14:55:03.707043 7fc3a9fcb700           Options.merge_operator: None
2019/10/17-14:55:03.707044 7fc3a9fcb700        Options.compaction_filter: None
2019/10/17-14:55:03.707045 7fc3a9fcb700        Options.compaction_filter_factory: None
2019/10/17-14:55:03.707046 7fc3a9fcb700         Options.memtable_factory: SkipListFactory
2019/10/17-14:55:03.707047 7fc3a9fcb700            Options.table_factory: BlockBasedTable
2019/10/17-14:55:03.707058 7fc3a9fcb700            table_factory options:   flush_block_policy_factory: FlushBlockBySizePolicyFactory (0x7fc3500ee600)
