2019/10/17-14:55:14.328224 7fc3a9fcb700 RocksDB version: 5.18.3
2019/10/17-14:55:14.328277 7fc3a9fcb700 Git sha rocksdb_build_git_sha:@0@
2019/10/17-14:55:14.328280 7fc3a9fcb700 Compile date Sep 19 2019
2019/10/17-14:55:14.328282 7fc3a9fcb700 DB SUMMARY
2019/10/17-14:55:14.329487 7fc3a9fcb700 CURRENT file:  CURRENT
2019/10/17-14:55:14.329490 7fc3a9fcb700 IDENTITY file:  IDENTITY
2019/10/17-14:55:14.329539 7fc3a9fcb700 MANIFEST file:  MANIFEST-116569 size: 4114 Bytes
2019/10/17-14:55:14.329542 7fc3a9fcb700 SST files in /home/rahul/dev/blockchain-core/eqc/ledger.db dir, Total Num: 29, files: 000624.sst 000627.sst 106940.sst 108447.sst 108450.sst 109471.sst 109483.sst 109485.sst 109486.sst 
2019/10/17-14:55:14.329544 7fc3a9fcb700 Write Ahead Log file in /home/rahul/dev/blockchain-core/eqc/ledger.db: 116570.log size: 0 ; 
2019/10/17-14:55:14.329600 7fc3a9fcb700                         Options.error_if_exists: 0
2019/10/17-14:55:14.329602 7fc3a9fcb700                       Options.create_if_missing: 1
2019/10/17-14:55:14.329604 7fc3a9fcb700                         Options.paranoid_checks: 1
2019/10/17-14:55:14.329605 7fc3a9fcb700                                     Options.env: 0x7fc32ae1fc60
2019/10/17-14:55:14.329606 7fc3a9fcb700                                Options.info_log: 0x7fc350090aa0
2019/10/17-14:55:14.329608 7fc3a9fcb700                Options.max_file_opening_threads: 16
2019/10/17-14:55:14.329609 7fc3a9fcb700                              Options.statistics: (nil)
2019/10/17-14:55:14.329610 7fc3a9fcb700                               Options.use_fsync: 0
2019/10/17-14:55:14.329612 7fc3a9fcb700                       Options.max_log_file_size: 0
2019/10/17-14:55:14.329613 7fc3a9fcb700                  Options.max_manifest_file_size: 1073741824
2019/10/17-14:55:14.329614 7fc3a9fcb700                   Options.log_file_time_to_roll: 0
2019/10/17-14:55:14.329616 7fc3a9fcb700                       Options.keep_log_file_num: 1000
2019/10/17-14:55:14.329617 7fc3a9fcb700                    Options.recycle_log_file_num: 0
2019/10/17-14:55:14.329618 7fc3a9fcb700                         Options.allow_fallocate: 1
2019/10/17-14:55:14.329620 7fc3a9fcb700                        Options.allow_mmap_reads: 0
2019/10/17-14:55:14.329621 7fc3a9fcb700                       Options.allow_mmap_writes: 0
2019/10/17-14:55:14.329622 7fc3a9fcb700                        Options.use_direct_reads: 0
2019/10/17-14:55:14.329623 7fc3a9fcb700                        Options.use_direct_io_for_flush_and_compaction: 0
2019/10/17-14:55:14.329624 7fc3a9fcb700          Options.create_missing_column_families: 0
2019/10/17-14:55:14.329625 7fc3a9fcb700                              Options.db_log_dir: 
2019/10/17-14:55:14.329627 7fc3a9fcb700                                 Options.wal_dir: /home/rahul/dev/blockchain-core/eqc/ledger.db
2019/10/17-14:55:14.329628 7fc3a9fcb700                Options.table_cache_numshardbits: 6
2019/10/17-14:55:14.329629 7fc3a9fcb700                      Options.max_subcompactions: 1
2019/10/17-14:55:14.329631 7fc3a9fcb700                  Options.max_background_flushes: -1
2019/10/17-14:55:14.329632 7fc3a9fcb700                         Options.WAL_ttl_seconds: 0
2019/10/17-14:55:14.329633 7fc3a9fcb700                       Options.WAL_size_limit_MB: 0
2019/10/17-14:55:14.329634 7fc3a9fcb700             Options.manifest_preallocation_size: 4194304
2019/10/17-14:55:14.329636 7fc3a9fcb700                     Options.is_fd_close_on_exec: 1
2019/10/17-14:55:14.329637 7fc3a9fcb700                   Options.advise_random_on_open: 1
2019/10/17-14:55:14.329638 7fc3a9fcb700                    Options.db_write_buffer_size: 0
2019/10/17-14:55:14.329639 7fc3a9fcb700                    Options.write_buffer_manager: 0x7fc35010e350
2019/10/17-14:55:14.329641 7fc3a9fcb700         Options.access_hint_on_compaction_start: 1
2019/10/17-14:55:14.329642 7fc3a9fcb700  Options.new_table_reader_for_compaction_inputs: 0
2019/10/17-14:55:14.329643 7fc3a9fcb700           Options.random_access_max_buffer_size: 1048576
2019/10/17-14:55:14.329644 7fc3a9fcb700                      Options.use_adaptive_mutex: 0
2019/10/17-14:55:14.329646 7fc3a9fcb700                            Options.rate_limiter: (nil)
2019/10/17-14:55:14.329661 7fc3a9fcb700     Options.sst_file_manager.rate_bytes_per_sec: 0
2019/10/17-14:55:14.329662 7fc3a9fcb700                       Options.wal_recovery_mode: 2
2019/10/17-14:55:14.329663 7fc3a9fcb700                  Options.enable_thread_tracking: 0
2019/10/17-14:55:14.329665 7fc3a9fcb700                  Options.enable_pipelined_write: 0
2019/10/17-14:55:14.329666 7fc3a9fcb700         Options.allow_concurrent_memtable_write: 1
2019/10/17-14:55:14.329667 7fc3a9fcb700      Options.enable_write_thread_adaptive_yield: 1
2019/10/17-14:55:14.329668 7fc3a9fcb700             Options.write_thread_max_yield_usec: 100
2019/10/17-14:55:14.329670 7fc3a9fcb700            Options.write_thread_slow_yield_usec: 3
2019/10/17-14:55:14.329671 7fc3a9fcb700                               Options.row_cache: None
2019/10/17-14:55:14.329672 7fc3a9fcb700                              Options.wal_filter: None
2019/10/17-14:55:14.329673 7fc3a9fcb700             Options.avoid_flush_during_recovery: 0
2019/10/17-14:55:14.329675 7fc3a9fcb700             Options.allow_ingest_behind: 0
2019/10/17-14:55:14.329676 7fc3a9fcb700             Options.preserve_deletes: 0
2019/10/17-14:55:14.329677 7fc3a9fcb700             Options.two_write_queues: 0
2019/10/17-14:55:14.329678 7fc3a9fcb700             Options.manual_wal_flush: 0
2019/10/17-14:55:14.329680 7fc3a9fcb700             Options.max_background_jobs: 2
2019/10/17-14:55:14.329681 7fc3a9fcb700             Options.max_background_compactions: -1
2019/10/17-14:55:14.329682 7fc3a9fcb700             Options.avoid_flush_during_shutdown: 0
2019/10/17-14:55:14.329683 7fc3a9fcb700           Options.writable_file_max_buffer_size: 1048576
2019/10/17-14:55:14.329684 7fc3a9fcb700             Options.delayed_write_rate : 16777216
2019/10/17-14:55:14.329686 7fc3a9fcb700             Options.max_total_wal_size: 0
2019/10/17-14:55:14.329687 7fc3a9fcb700             Options.delete_obsolete_files_period_micros: 21600000000
2019/10/17-14:55:14.329688 7fc3a9fcb700                   Options.stats_dump_period_sec: 600
2019/10/17-14:55:14.329690 7fc3a9fcb700                          Options.max_open_files: -1
2019/10/17-14:55:14.329691 7fc3a9fcb700                          Options.bytes_per_sync: 0
2019/10/17-14:55:14.329692 7fc3a9fcb700                      Options.wal_bytes_per_sync: 0
2019/10/17-14:55:14.329693 7fc3a9fcb700       Options.compaction_readahead_size: 0
2019/10/17-14:55:14.329695 7fc3a9fcb700 Compression algorithms supported:
2019/10/17-14:55:14.329696 7fc3a9fcb700 	kZSTDNotFinalCompression supported: 0
2019/10/17-14:55:14.329698 7fc3a9fcb700 	kZSTD supported: 0
2019/10/17-14:55:14.329699 7fc3a9fcb700 	kXpressCompression supported: 0
2019/10/17-14:55:14.329701 7fc3a9fcb700 	kLZ4HCCompression supported: 0
2019/10/17-14:55:14.329702 7fc3a9fcb700 	kLZ4Compression supported: 0
2019/10/17-14:55:14.329703 7fc3a9fcb700 	kBZip2Compression supported: 0
2019/10/17-14:55:14.329705 7fc3a9fcb700 	kZlibCompression supported: 0
2019/10/17-14:55:14.329706 7fc3a9fcb700 	kSnappyCompression supported: 0
2019/10/17-14:55:14.329709 7fc3a9fcb700 Fast CRC32 supported: Supported on x86
2019/10/17-14:55:14.329857 7fc3a9fcb700 [db/version_set.cc:3507] Recovering from manifest file: MANIFEST-116569
2019/10/17-14:55:14.329910 7fc3a9fcb700 [db/column_family.cc:472] --------------- Options for column family [default]:
2019/10/17-14:55:14.329913 7fc3a9fcb700               Options.comparator: leveldb.BytewiseComparator
2019/10/17-14:55:14.329914 7fc3a9fcb700           Options.merge_operator: None
2019/10/17-14:55:14.329916 7fc3a9fcb700        Options.compaction_filter: None
2019/10/17-14:55:14.329917 7fc3a9fcb700        Options.compaction_filter_factory: None
2019/10/17-14:55:14.329918 7fc3a9fcb700         Options.memtable_factory: SkipListFactory
2019/10/17-14:55:14.329920 7fc3a9fcb700            Options.table_factory: BlockBasedTable
2019/10/17-14:55:14.329942 7fc3a9fcb700            table_factory options:   flush_block_policy_factory: FlushBlockBySizePolicyFactory (0x7fc35000ddc0)
  cache_index_and_filter_blocks: 0
  cache_index_and_filter_blocks_with_high_priority: 0
  pin_l0_filter_and_index_blocks_in_cache: 0
  pin_top_level_index_and_filter: 1
  index_type: 0
  hash_index_allow_collision: 1
  checksum: 1
  no_block_cache: 0
  block_cache: 0x7fc350053380
  block_cache_name: LRUCache
  block_cache_options:
    capacity : 8388608
    num_shard_bits : 4
    strict_capacity_limit : 0
    memory_allocator : None
    high_pri_pool_ratio: 0.000
  block_cache_compressed: (nil)
  persistent_cache: (nil)
  block_size: 4096
  block_size_deviation: 10
  block_restart_interval: 16
  index_block_restart_interval: 1
  metadata_block_size: 4096
  partition_filters: 0
  use_delta_encoding: 1
  filter_policy: nullptr
  whole_key_filtering: 1
  verify_compression: 0
  read_amp_bytes_per_bit: 0
  format_version: 2
  enable_index_compression: 1
  block_align: 0
2019/10/17-14:55:14.329957 7fc3a9fcb700        Options.write_buffer_size: 67108864
2019/10/17-14:55:14.329958 7fc3a9fcb700  Options.max_write_buffer_number: 2
2019/10/17-14:55:14.329960 7fc3a9fcb700          Options.compression: NoCompression
2019/10/17-14:55:14.329961 7fc3a9fcb700                  Options.bottommost_compression: Disabled
2019/10/17-14:55:14.329963 7fc3a9fcb700       Options.prefix_extractor: nullptr
2019/10/17-14:55:14.329964 7fc3a9fcb700   Options.memtable_insert_with_hint_prefix_extractor: nullptr
2019/10/17-14:55:14.329965 7fc3a9fcb700             Options.num_levels: 7
2019/10/17-14:55:14.329966 7fc3a9fcb700        Options.min_write_buffer_number_to_merge: 1
2019/10/17-14:55:14.329968 7fc3a9fcb700     Options.max_write_buffer_number_to_maintain: 0
2019/10/17-14:55:14.329969 7fc3a9fcb700            Options.bottommost_compression_opts.window_bits: -14
2019/10/17-14:55:14.329970 7fc3a9fcb700                  Options.bottommost_compression_opts.level: 32767
2019/10/17-14:55:14.329971 7fc3a9fcb700               Options.bottommost_compression_opts.strategy: 0
2019/10/17-14:55:14.329973 7fc3a9fcb700         Options.bottommost_compression_opts.max_dict_bytes: 0
2019/10/17-14:55:14.329974 7fc3a9fcb700         Options.bottommost_compression_opts.zstd_max_train_bytes: 0
2019/10/17-14:55:14.329975 7fc3a9fcb700                  Options.bottommost_compression_opts.enabled: false
2019/10/17-14:55:14.329976 7fc3a9fcb700            Options.compression_opts.window_bits: -14
2019/10/17-14:55:14.329978 7fc3a9fcb700                  Options.compression_opts.level: 32767
2019/10/17-14:55:14.329979 7fc3a9fcb700               Options.compression_opts.strategy: 0
2019/10/17-14:55:14.329980 7fc3a9fcb700         Options.compression_opts.max_dict_bytes: 0
2019/10/17-14:55:14.329981 7fc3a9fcb700         Options.compression_opts.zstd_max_train_bytes: 0
2019/10/17-14:55:14.329982 7fc3a9fcb700                  Options.compression_opts.enabled: false
2019/10/17-14:55:14.329984 7fc3a9fcb700      Options.level0_file_num_compaction_trigger: 4
2019/10/17-14:55:14.329985 7fc3a9fcb700          Options.level0_slowdown_writes_trigger: 20
2019/10/17-14:55:14.329986 7fc3a9fcb700              Options.level0_stop_writes_trigger: 36
2019/10/17-14:55:14.329987 7fc3a9fcb700                   Options.target_file_size_base: 67108864
2019/10/17-14:55:14.329989 7fc3a9fcb700             Options.target_file_size_multiplier: 1
2019/10/17-14:55:14.329990 7fc3a9fcb700                Options.max_bytes_for_level_base: 268435456
2019/10/17-14:55:14.329991 7fc3a9fcb700 Options.level_compaction_dynamic_level_bytes: 0
2019/10/17-14:55:14.329992 7fc3a9fcb700          Options.max_bytes_for_level_multiplier: 10.000000
2019/10/17-14:55:14.329996 7fc3a9fcb700 Options.max_bytes_for_level_multiplier_addtl[0]: 1
2019/10/17-14:55:14.329997 7fc3a9fcb700 Options.max_bytes_for_level_multiplier_addtl[1]: 1
2019/10/17-14:55:14.329998 7fc3a9fcb700 Options.max_bytes_for_level_multiplier_addtl[2]: 1
2019/10/17-14:55:14.330000 7fc3a9fcb700 Options.max_bytes_for_level_multiplier_addtl[3]: 1
2019/10/17-14:55:14.330001 7fc3a9fcb700 Options.max_bytes_for_level_multiplier_addtl[4]: 1
2019/10/17-14:55:14.330009 7fc3a9fcb700 Options.max_bytes_for_level_multiplier_addtl[5]: 1
2019/10/17-14:55:14.330010 7fc3a9fcb700 Options.max_bytes_for_level_multiplier_addtl[6]: 1
2019/10/17-14:55:14.330011 7fc3a9fcb700       Options.max_sequential_skip_in_iterations: 8
2019/10/17-14:55:14.330013 7fc3a9fcb700                    Options.max_compaction_bytes: 1677721600
2019/10/17-14:55:14.330014 7fc3a9fcb700                        Options.arena_block_size: 8388608
2019/10/17-14:55:14.330015 7fc3a9fcb700   Options.soft_pending_compaction_bytes_limit: 68719476736
2019/10/17-14:55:14.330017 7fc3a9fcb700   Options.hard_pending_compaction_bytes_limit: 274877906944
2019/10/17-14:55:14.330018 7fc3a9fcb700       Options.rate_limit_delay_max_milliseconds: 100
2019/10/17-14:55:14.330019 7fc3a9fcb700                Options.disable_auto_compactions: 0
2019/10/17-14:55:14.330021 7fc3a9fcb700                        Options.compaction_style: kCompactionStyleLevel
2019/10/17-14:55:14.330023 7fc3a9fcb700                          Options.compaction_pri: kByCompensatedSize
2019/10/17-14:55:14.330024 7fc3a9fcb700 Options.compaction_options_universal.size_ratio: 1
2019/10/17-14:55:14.330026 7fc3a9fcb700 Options.compaction_options_universal.min_merge_width: 2
2019/10/17-14:55:14.330027 7fc3a9fcb700 Options.compaction_options_universal.max_merge_width: 4294967295
2019/10/17-14:55:14.330028 7fc3a9fcb700 Options.compaction_options_universal.max_size_amplification_percent: 200
2019/10/17-14:55:14.330029 7fc3a9fcb700 Options.compaction_options_universal.compression_size_percent: -1
2019/10/17-14:55:14.330031 7fc3a9fcb700 Options.compaction_options_universal.stop_style: kCompactionStopStyleTotalSize
2019/10/17-14:55:14.330032 7fc3a9fcb700 Options.compaction_options_fifo.max_table_files_size: 1073741824
2019/10/17-14:55:14.330034 7fc3a9fcb700 Options.compaction_options_fifo.allow_compaction: 0
2019/10/17-14:55:14.330035 7fc3a9fcb700 Options.compaction_options_fifo.ttl: 0
2019/10/17-14:55:14.330036 7fc3a9fcb700                   Options.table_properties_collectors: 
2019/10/17-14:55:14.330037 7fc3a9fcb700                   Options.inplace_update_support: 0
2019/10/17-14:55:14.330039 7fc3a9fcb700                 Options.inplace_update_num_locks: 10000
2019/10/17-14:55:14.330040 7fc3a9fcb700               Options.memtable_prefix_bloom_size_ratio: 0.000000
2019/10/17-14:55:14.330042 7fc3a9fcb700   Options.memtable_huge_page_size: 0
2019/10/17-14:55:14.330043 7fc3a9fcb700                           Options.bloom_locality: 0
2019/10/17-14:55:14.330044 7fc3a9fcb700                    Options.max_successive_merges: 0
2019/10/17-14:55:14.330046 7fc3a9fcb700                Options.optimize_filters_for_hits: 0
2019/10/17-14:55:14.330047 7fc3a9fcb700                Options.paranoid_file_checks: 0
2019/10/17-14:55:14.330048 7fc3a9fcb700                Options.force_consistency_checks: 0
2019/10/17-14:55:14.330049 7fc3a9fcb700                Options.report_bg_io_stats: 0
2019/10/17-14:55:14.330050 7fc3a9fcb700                               Options.ttl: 0
2019/10/17-14:55:14.330092 7fc3a9fcb700 [db/column_family.cc:472] --------------- Options for column family [active_gateways]:
2019/10/17-14:55:14.330095 7fc3a9fcb700               Options.comparator: leveldb.BytewiseComparator
2019/10/17-14:55:14.330096 7fc3a9fcb700           Options.merge_operator: None
2019/10/17-14:55:14.330098 7fc3a9fcb700        Options.compaction_filter: None
2019/10/17-14:55:14.330099 7fc3a9fcb700        Options.compaction_filter_factory: None
2019/10/17-14:55:14.330100 7fc3a9fcb700         Options.memtable_factory: SkipListFactory
2019/10/17-14:55:14.330101 7fc3a9fcb700            Options.table_factory: BlockBasedTable
2019/10/17-14:55:14.330119 7fc3a9fcb700            table_factory options:   flush_block_policy_factory: FlushBlockBySizePolicyFactory (0x7fc350071e00)
  cache_index_and_filter_blocks: 0
  cache_index_and_filter_blocks_with_high_priority: 0
  pin_l0_filter_and_index_blocks_in_cache: 0
  pin_top_level_index_and_filter: 1
  index_type: 0
  hash_index_allow_collision: 1
  checksum: 1
  no_block_cache: 0
  block_cache: 0x7fc35010d1d0
  block_cache_name: LRUCache
  block_cache_options:
    capacity : 8388608
    num_shard_bits : 4
    strict_capacity_limit : 0
    memory_allocator : None
    high_pri_pool_ratio: 0.000
  block_cache_compressed: (nil)
  persistent_cache: (nil)
  block_size: 4096
  block_size_deviation: 10
  block_restart_interval: 16
  index_block_restart_interval: 1
  metadata_block_size: 4096
  partition_filters: 0
  use_delta_encoding: 1
  filter_policy: nullptr
  whole_key_filtering: 1
  verify_compression: 0
  read_amp_bytes_per_bit: 0
  format_version: 2
  enable_index_compression: 1
  block_align: 0
2019/10/17-14:55:14.330130 7fc3a9fcb700        Options.write_buffer_size: 67108864
2019/10/17-14:55:14.330131 7fc3a9fcb700  Options.max_write_buffer_number: 2
2019/10/17-14:55:14.330133 7fc3a9fcb700          Options.compression: NoCompression
2019/10/17-14:55:14.330134 7fc3a9fcb700                  Options.bottommost_compression: Disabled
2019/10/17-14:55:14.330135 7fc3a9fcb700       Options.prefix_extractor: nullptr
2019/10/17-14:55:14.330137 7fc3a9fcb700   Options.memtable_insert_with_hint_prefix_extractor: nullptr
2019/10/17-14:55:14.330138 7fc3a9fcb700             Options.num_levels: 7
2019/10/17-14:55:14.330139 7fc3a9fcb700        Options.min_write_buffer_number_to_merge: 1
2019/10/17-14:55:14.330140 7fc3a9fcb700     Options.max_write_buffer_number_to_maintain: 0
2019/10/17-14:55:14.330142 7fc3a9fcb700            Options.bottommost_compression_opts.window_bits: -14
2019/10/17-14:55:14.330143 7fc3a9fcb700                  Options.bottommost_compression_opts.level: 32767
2019/10/17-14:55:14.330144 7fc3a9fcb700               Options.bottommost_compression_opts.strategy: 0
2019/10/17-14:55:14.330145 7fc3a9fcb700         Options.bottommost_compression_opts.max_dict_bytes: 0
2019/10/17-14:55:14.330146 7fc3a9fcb700         Options.bottommost_compression_opts.zstd_max_train_bytes: 0
2019/10/17-14:55:14.330147 7fc3a9fcb700                  Options.bottommost_compression_opts.enabled: false
2019/10/17-14:55:14.330149 7fc3a9fcb700            Options.compression_opts.window_bits: -14
2019/10/17-14:55:14.330150 7fc3a9fcb700                  Options.compression_opts.level: 32767
2019/10/17-14:55:14.330151 7fc3a9fcb700               Options.compression_opts.strategy: 0
2019/10/17-14:55:14.330152 7fc3a9fcb700         Options.compression_opts.max_dict_bytes: 0
2019/10/17-14:55:14.330154 7fc3a9fcb700         Options.compression_opts.zstd_max_train_bytes: 0
2019/10/17-14:55:14.330155 7fc3a9fcb700                  Options.compression_opts.enabled: false
2019/10/17-14:55:14.330156 7fc3a9fcb700      Options.level0_file_num_compaction_trigger: 4
2019/10/17-14:55:14.330157 7fc3a9fcb700          Options.level0_slowdown_writes_trigger: 20
2019/10/17-14:55:14.330158 7fc3a9fcb700              Options.level0_stop_writes_trigger: 36
2019/10/17-14:55:14.330160 7fc3a9fcb700                   Options.target_file_size_base: 67108864
2019/10/17-14:55:14.330161 7fc3a9fcb700             Options.target_file_size_multiplier: 1
2019/10/17-14:55:14.330162 7fc3a9fcb700                Options.max_bytes_for_level_base: 268435456
2019/10/17-14:55:14.330163 7fc3a9fcb700 Options.level_compaction_dynamic_level_bytes: 0
2019/10/17-14:55:14.330165 7fc3a9fcb700          Options.max_bytes_for_level_multiplier: 10.000000
2019/10/17-14:55:14.330167 7fc3a9fcb700 Options.max_bytes_for_level_multiplier_addtl[0]: 1
2019/10/17-14:55:14.330168 7fc3a9fcb700 Options.max_bytes_for_level_multiplier_addtl[1]: 1
2019/10/17-14:55:14.330170 7fc3a9fcb700 Options.max_bytes_for_level_multiplier_addtl[2]: 1
2019/10/17-14:55:14.330171 7fc3a9fcb700 Options.max_bytes_for_level_multiplier_addtl[3]: 1
2019/10/17-14:55:14.330172 7fc3a9fcb700 Options.max_bytes_for_level_multiplier_addtl[4]: 1
2019/10/17-14:55:14.330173 7fc3a9fcb700 Options.max_bytes_for_level_multiplier_addtl[5]: 1
2019/10/17-14:55:14.330174 7fc3a9fcb700 Options.max_bytes_for_level_multiplier_addtl[6]: 1
2019/10/17-14:55:14.330176 7fc3a9fcb700       Options.max_sequential_skip_in_iterations: 8
2019/10/17-14:55:14.330183 7fc3a9fcb700                    Options.max_compaction_bytes: 1677721600
2019/10/17-14:55:14.330185 7fc3a9fcb700                        Options.arena_block_size: 8388608
2019/10/17-14:55:14.330186 7fc3a9fcb700   Options.soft_pending_compaction_bytes_limit: 68719476736
2019/10/17-14:55:14.330187 7fc3a9fcb700   Options.hard_pending_compaction_bytes_limit: 274877906944
2019/10/17-14:55:14.330188 7fc3a9fcb700       Options.rate_limit_delay_max_milliseconds: 100
2019/10/17-14:55:14.330190 7fc3a9fcb700                Options.disable_auto_compactions: 0
2019/10/17-14:55:14.330191 7fc3a9fcb700                        Options.compaction_style: kCompactionStyleLevel
2019/10/17-14:55:14.330193 7fc3a9fcb700                          Options.compaction_pri: kByCompensatedSize
2019/10/17-14:55:14.330194 7fc3a9fcb700 Options.compaction_options_universal.size_ratio: 1
2019/10/17-14:55:14.330195 7fc3a9fcb700 Options.compaction_options_universal.min_merge_width: 2
2019/10/17-14:55:14.330197 7fc3a9fcb700 Options.compaction_options_universal.max_merge_width: 4294967295
2019/10/17-14:55:14.330198 7fc3a9fcb700 Options.compaction_options_universal.max_size_amplification_percent: 200
2019/10/17-14:55:14.330199 7fc3a9fcb700 Options.compaction_options_universal.compression_size_percent: -1
2019/10/17-14:55:14.330200 7fc3a9fcb700 Options.compaction_options_universal.stop_style: kCompactionStopStyleTotalSize
2019/10/17-14:55:14.330202 7fc3a9fcb700 Options.compaction_options_fifo.max_table_files_size: 1073741824
2019/10/17-14:55:14.330203 7fc3a9fcb700 Options.compaction_options_fifo.allow_compaction: 0
2019/10/17-14:55:14.330204 7fc3a9fcb700 Options.compaction_options_fifo.ttl: 0
2019/10/17-14:55:14.330205 7fc3a9fcb700                   Options.table_properties_collectors: 
2019/10/17-14:55:14.330207 7fc3a9fcb700                   Options.inplace_update_support: 0
2019/10/17-14:55:14.330208 7fc3a9fcb700                 Options.inplace_update_num_locks: 10000
2019/10/17-14:55:14.330209 7fc3a9fcb700               Options.memtable_prefix_bloom_size_ratio: 0.000000
2019/10/17-14:55:14.330211 7fc3a9fcb700   Options.memtable_huge_page_size: 0
2019/10/17-14:55:14.330212 7fc3a9fcb700                           Options.bloom_locality: 0
2019/10/17-14:55:14.330213 7fc3a9fcb700                    Options.max_successive_merges: 0
2019/10/17-14:55:14.330215 7fc3a9fcb700                Options.optimize_filters_for_hits: 0
2019/10/17-14:55:14.330216 7fc3a9fcb700                Options.paranoid_file_checks: 0
2019/10/17-14:55:14.330217 7fc3a9fcb700                Options.force_consistency_checks: 0
2019/10/17-14:55:14.330218 7fc3a9fcb700                Options.report_bg_io_stats: 0
2019/10/17-14:55:14.330219 7fc3a9fcb700                               Options.ttl: 0
2019/10/17-14:55:14.330246 7fc3a9fcb700 [db/column_family.cc:472] --------------- Options for column family [entries]:
2019/10/17-14:55:14.330248 7fc3a9fcb700               Options.comparator: leveldb.BytewiseComparator
2019/10/17-14:55:14.330249 7fc3a9fcb700           Options.merge_operator: None
2019/10/17-14:55:14.330251 7fc3a9fcb700        Options.compaction_filter: None
2019/10/17-14:55:14.330252 7fc3a9fcb700        Options.compaction_filter_factory: None
2019/10/17-14:55:14.330253 7fc3a9fcb700         Options.memtable_factory: SkipListFactory
2019/10/17-14:55:14.330254 7fc3a9fcb700            Options.table_factory: BlockBasedTable
2019/10/17-14:55:14.330270 7fc3a9fcb700            table_factory options:   flush_block_policy_factory: FlushBlockBySizePolicyFactory (0x7fc3500895e0)
  cache_index_and_filter_blocks: 0
  cache_index_and_filter_blocks_with_high_priority: 0
  pin_l0_filter_and_index_blocks_in_cache: 0
  pin_top_level_index_and_filter: 1
  index_type: 0
  hash_index_allow_collision: 1
  checksum: 1
  no_block_cache: 0
  block_cache: 0x7fc3500df650
  block_cache_name: LRUCache
  block_cache_options:
    capacity : 8388608
    num_shard_bits : 4
    strict_capacity_limit : 0
    memory_allocator : None
    high_pri_pool_ratio: 0.000
  block_cache_compressed: (nil)
  persistent_cache: (nil)
  block_size: 4096
  block_size_deviation: 10
  block_restart_interval: 16
  index_block_restart_interval: 1
  metadata_block_size: 4096
  partition_filters: 0
  use_delta_encoding: 1
  filter_policy: nullptr
  whole_key_filtering: 1
  verify_compression: 0
  read_amp_bytes_per_bit: 0
  format_version: 2
  enable_index_compression: 1
  block_align: 0
2019/10/17-14:55:14.330280 7fc3a9fcb700        Options.write_buffer_size: 67108864
2019/10/17-14:55:14.330282 7fc3a9fcb700  Options.max_write_buffer_number: 2
2019/10/17-14:55:14.330283 7fc3a9fcb700          Options.compression: NoCompression
2019/10/17-14:55:14.330284 7fc3a9fcb700                  Options.bottommost_compression: Disabled
2019/10/17-14:55:14.330285 7fc3a9fcb700       Options.prefix_extractor: nullptr
2019/10/17-14:55:14.330287 7fc3a9fcb700   Options.memtable_insert_with_hint_prefix_extractor: nullptr
2019/10/17-14:55:14.330288 7fc3a9fcb700             Options.num_levels: 7
2019/10/17-14:55:14.330289 7fc3a9fcb700        Options.min_write_buffer_number_to_merge: 1
2019/10/17-14:55:14.330290 7fc3a9fcb700     Options.max_write_buffer_number_to_maintain: 0
2019/10/17-14:55:14.330291 7fc3a9fcb700            Options.bottommost_compression_opts.window_bits: -14
2019/10/17-14:55:14.330293 7fc3a9fcb700                  Options.bottommost_compression_opts.level: 32767
2019/10/17-14:55:14.330294 7fc3a9fcb700               Options.bottommost_compression_opts.strategy: 0
2019/10/17-14:55:14.330295 7fc3a9fcb700         Options.bottommost_compression_opts.max_dict_bytes: 0
2019/10/17-14:55:14.330296 7fc3a9fcb700         Options.bottommost_compression_opts.zstd_max_train_bytes: 0
2019/10/17-14:55:14.330297 7fc3a9fcb700                  Options.bottommost_compression_opts.enabled: false
2019/10/17-14:55:14.330299 7fc3a9fcb700            Options.compression_opts.window_bits: -14
2019/10/17-14:55:14.330300 7fc3a9fcb700                  Options.compression_opts.level: 32767
2019/10/17-14:55:14.330301 7fc3a9fcb700               Options.compression_opts.strategy: 0
2019/10/17-14:55:14.330302 7fc3a9fcb700         Options.compression_opts.max_dict_bytes: 0
2019/10/17-14:55:14.330304 7fc3a9fcb700         Options.compression_opts.zstd_max_train_bytes: 0
2019/10/17-14:55:14.330305 7fc3a9fcb700                  Options.compression_opts.enabled: false
2019/10/17-14:55:14.330306 7fc3a9fcb700      Options.level0_file_num_compaction_trigger: 4
2019/10/17-14:55:14.330307 7fc3a9fcb700          Options.level0_slowdown_writes_trigger: 20
2019/10/17-14:55:14.330308 7fc3a9fcb700              Options.level0_stop_writes_trigger: 36
2019/10/17-14:55:14.330310 7fc3a9fcb700                   Options.target_file_size_base: 67108864
2019/10/17-14:55:14.330311 7fc3a9fcb700             Options.target_file_size_multiplier: 1
2019/10/17-14:55:14.330312 7fc3a9fcb700                Options.max_bytes_for_level_base: 268435456
2019/10/17-14:55:14.330313 7fc3a9fcb700 Options.level_compaction_dynamic_level_bytes: 0
2019/10/17-14:55:14.330314 7fc3a9fcb700          Options.max_bytes_for_level_multiplier: 10.000000
2019/10/17-14:55:14.330317 7fc3a9fcb700 Options.max_bytes_for_level_multiplier_addtl[0]: 1
2019/10/17-14:55:14.330318 7fc3a9fcb700 Options.max_bytes_for_level_multiplier_addtl[1]: 1
2019/10/17-14:55:14.330319 7fc3a9fcb700 Options.max_bytes_for_level_multiplier_addtl[2]: 1
2019/10/17-14:55:14.330320 7fc3a9fcb700 Options.max_bytes_for_level_multiplier_addtl[3]: 1
2019/10/17-14:55:14.330322 7fc3a9fcb700 Options.max_bytes_for_level_multiplier_addtl[4]: 1
2019/10/17-14:55:14.330323 7fc3a9fcb700 Options.max_bytes_for_level_multiplier_addtl[5]: 1
2019/10/17-14:55:14.330324 7fc3a9fcb700 Options.max_bytes_for_level_multiplier_addtl[6]: 1
2019/10/17-14:55:14.330325 7fc3a9fcb700       Options.max_sequential_skip_in_iterations: 8
2019/10/17-14:55:14.330326 7fc3a9fcb700                    Options.max_compaction_bytes: 1677721600
2019/10/17-14:55:14.330328 7fc3a9fcb700                        Options.arena_block_size: 8388608
2019/10/17-14:55:14.330329 7fc3a9fcb700   Options.soft_pending_compaction_bytes_limit: 68719476736
2019/10/17-14:55:14.330336 7fc3a9fcb700   Options.hard_pending_compaction_bytes_limit: 274877906944
2019/10/17-14:55:14.330338 7fc3a9fcb700       Options.rate_limit_delay_max_milliseconds: 100
2019/10/17-14:55:14.330339 7fc3a9fcb700                Options.disable_auto_compactions: 0
2019/10/17-14:55:14.330340 7fc3a9fcb700                        Options.compaction_style: kCompactionStyleLevel
2019/10/17-14:55:14.330342 7fc3a9fcb700                          Options.compaction_pri: kByCompensatedSize
2019/10/17-14:55:14.330343 7fc3a9fcb700 Options.compaction_options_universal.size_ratio: 1
2019/10/17-14:55:14.330344 7fc3a9fcb700 Options.compaction_options_universal.min_merge_width: 2
2019/10/17-14:55:14.330346 7fc3a9fcb700 Options.compaction_options_universal.max_merge_width: 4294967295
2019/10/17-14:55:14.330347 7fc3a9fcb700 Options.compaction_options_universal.max_size_amplification_percent: 200
2019/10/17-14:55:14.330348 7fc3a9fcb700 Options.compaction_options_universal.compression_size_percent: -1
2019/10/17-14:55:14.330350 7fc3a9fcb700 Options.compaction_options_universal.stop_style: kCompactionStopStyleTotalSize
2019/10/17-14:55:14.330351 7fc3a9fcb700 Options.compaction_options_fifo.max_table_files_size: 1073741824
2019/10/17-14:55:14.330352 7fc3a9fcb700 Options.compaction_options_fifo.allow_compaction: 0
2019/10/17-14:55:14.330353 7fc3a9fcb700 Options.compaction_options_fifo.ttl: 0
2019/10/17-14:55:14.330355 7fc3a9fcb700                   Options.table_properties_collectors: 
2019/10/17-14:55:14.330356 7fc3a9fcb700                   Options.inplace_update_support: 0
2019/10/17-14:55:14.330357 7fc3a9fcb700                 Options.inplace_update_num_locks: 10000
2019/10/17-14:55:14.330358 7fc3a9fcb700               Options.memtable_prefix_bloom_size_ratio: 0.000000
2019/10/17-14:55:14.330360 7fc3a9fcb700   Options.memtable_huge_page_size: 0
2019/10/17-14:55:14.330361 7fc3a9fcb700                           Options.bloom_locality: 0
2019/10/17-14:55:14.330362 7fc3a9fcb700                    Options.max_successive_merges: 0
2019/10/17-14:55:14.330364 7fc3a9fcb700                Options.optimize_filters_for_hits: 0
2019/10/17-14:55:14.330365 7fc3a9fcb700                Options.paranoid_file_checks: 0
2019/10/17-14:55:14.330366 7fc3a9fcb700                Options.force_consistency_checks: 0
2019/10/17-14:55:14.330367 7fc3a9fcb700                Options.report_bg_io_stats: 0
2019/10/17-14:55:14.330368 7fc3a9fcb700                               Options.ttl: 0
2019/10/17-14:55:14.330392 7fc3a9fcb700 [db/column_family.cc:472] --------------- Options for column family [dc_entries]:
2019/10/17-14:55:14.330394 7fc3a9fcb700               Options.comparator: leveldb.BytewiseComparator
2019/10/17-14:55:14.330395 7fc3a9fcb700           Options.merge_operator: None
2019/10/17-14:55:14.330397 7fc3a9fcb700        Options.compaction_filter: None
2019/10/17-14:55:14.330398 7fc3a9fcb700        Options.compaction_filter_factory: None
2019/10/17-14:55:14.330399 7fc3a9fcb700         Options.memtable_factory: SkipListFactory
2019/10/17-14:55:14.330400 7fc3a9fcb700            Options.table_factory: BlockBasedTable
2019/10/17-14:55:14.330415 7fc3a9fcb700            table_factory options:   flush_block_policy_factory: FlushBlockBySizePolicyFactory (0x7fc3500955e0)
  cache_index_and_filter_blocks: 0
  cache_index_and_filter_blocks_with_high_priority: 0
  pin_l0_filter_and_index_blocks_in_cache: 0
  pin_top_level_index_and_filter: 1
  index_type: 0
  hash_index_allow_collision: 1
  checksum: 1
  no_block_cache: 0
  block_cache: 0x7fc350057380
  block_cache_name: LRUCache
  block_cache_options:
    capacity : 8388608
    num_shard_bits : 4
    strict_capacity_limit : 0
    memory_allocator : None
    high_pri_pool_ratio: 0.000
  block_cache_compressed: (nil)
  persistent_cache: (nil)
  block_size: 4096
  block_size_deviation: 10
  block_restart_interval: 16
  index_block_restart_interval: 1
  metadata_block_size: 4096
  partition_filters: 0
  use_delta_encoding: 1
  filter_policy: nullptr
  whole_key_filtering: 1
  verify_compression: 0
  read_amp_bytes_per_bit: 0
  format_version: 2
  enable_index_compression: 1
  block_align: 0
2019/10/17-14:55:14.330425 7fc3a9fcb700        Options.write_buffer_size: 67108864
2019/10/17-14:55:14.330426 7fc3a9fcb700  Options.max_write_buffer_number: 2
2019/10/17-14:55:14.330428 7fc3a9fcb700          Options.compression: NoCompression
2019/10/17-14:55:14.330429 7fc3a9fcb700                  Options.bottommost_compression: Disabled
2019/10/17-14:55:14.330430 7fc3a9fcb700       Options.prefix_extractor: nullptr
2019/10/17-14:55:14.330431 7fc3a9fcb700   Options.memtable_insert_with_hint_prefix_extractor: nullptr
2019/10/17-14:55:14.330433 7fc3a9fcb700             Options.num_levels: 7
2019/10/17-14:55:14.330434 7fc3a9fcb700        Options.min_write_buffer_number_to_merge: 1
2019/10/17-14:55:14.330435 7fc3a9fcb700     Options.max_write_buffer_number_to_maintain: 0
2019/10/17-14:55:14.330436 7fc3a9fcb700            Options.bottommost_compression_opts.window_bits: -14
2019/10/17-14:55:14.330438 7fc3a9fcb700                  Options.bottommost_compression_opts.level: 32767
2019/10/17-14:55:14.330439 7fc3a9fcb700               Options.bottommost_compression_opts.strategy: 0
2019/10/17-14:55:14.330440 7fc3a9fcb700         Options.bottommost_compression_opts.max_dict_bytes: 0
2019/10/17-14:55:14.330441 7fc3a9fcb700         Options.bottommost_compression_opts.zstd_max_train_bytes: 0
2019/10/17-14:55:14.330442 7fc3a9fcb700                  Options.bottommost_compression_opts.enabled: false
2019/10/17-14:55:14.330443 7fc3a9fcb700            Options.compression_opts.window_bits: -14
2019/10/17-14:55:14.330445 7fc3a9fcb700                  Options.compression_opts.level: 32767
2019/10/17-14:55:14.330446 7fc3a9fcb700               Options.compression_opts.strategy: 0
2019/10/17-14:55:14.330447 7fc3a9fcb700         Options.compression_opts.max_dict_bytes: 0
2019/10/17-14:55:14.330448 7fc3a9fcb700         Options.compression_opts.zstd_max_train_bytes: 0
2019/10/17-14:55:14.330449 7fc3a9fcb700                  Options.compression_opts.enabled: false
2019/10/17-14:55:14.330451 7fc3a9fcb700      Options.level0_file_num_compaction_trigger: 4
2019/10/17-14:55:14.330452 7fc3a9fcb700          Options.level0_slowdown_writes_trigger: 20
2019/10/17-14:55:14.330453 7fc3a9fcb700              Options.level0_stop_writes_trigger: 36
2019/10/17-14:55:14.330454 7fc3a9fcb700                   Options.target_file_size_base: 67108864
2019/10/17-14:55:14.330455 7fc3a9fcb700             Options.target_file_size_multiplier: 1
2019/10/17-14:55:14.330457 7fc3a9fcb700                Options.max_bytes_for_level_base: 268435456
2019/10/17-14:55:14.330458 7fc3a9fcb700 Options.level_compaction_dynamic_level_bytes: 0
2019/10/17-14:55:14.330459 7fc3a9fcb700          Options.max_bytes_for_level_multiplier: 10.000000
2019/10/17-14:55:14.330461 7fc3a9fcb700 Options.max_bytes_for_level_multiplier_addtl[0]: 1
2019/10/17-14:55:14.330463 7fc3a9fcb700 Options.max_bytes_for_level_multiplier_addtl[1]: 1
2019/10/17-14:55:14.330464 7fc3a9fcb700 Options.max_bytes_for_level_multiplier_addtl[2]: 1
2019/10/17-14:55:14.330465 7fc3a9fcb700 Options.max_bytes_for_level_multiplier_addtl[3]: 1
2019/10/17-14:55:14.330466 7fc3a9fcb700 Options.max_bytes_for_level_multiplier_addtl[4]: 1
2019/10/17-14:55:14.330468 7fc3a9fcb700 Options.max_bytes_for_level_multiplier_addtl[5]: 1
2019/10/17-14:55:14.330469 7fc3a9fcb700 Options.max_bytes_for_level_multiplier_addtl[6]: 1
2019/10/17-14:55:14.330470 7fc3a9fcb700       Options.max_sequential_skip_in_iterations: 8
2019/10/17-14:55:14.330471 7fc3a9fcb700                    Options.max_compaction_bytes: 1677721600
2019/10/17-14:55:14.330472 7fc3a9fcb700                        Options.arena_block_size: 8388608
2019/10/17-14:55:14.330474 7fc3a9fcb700   Options.soft_pending_compaction_bytes_limit: 68719476736
2019/10/17-14:55:14.330475 7fc3a9fcb700   Options.hard_pending_compaction_bytes_limit: 274877906944
2019/10/17-14:55:14.330476 7fc3a9fcb700       Options.rate_limit_delay_max_milliseconds: 100
2019/10/17-14:55:14.330477 7fc3a9fcb700                Options.disable_auto_compactions: 0
2019/10/17-14:55:14.330485 7fc3a9fcb700                        Options.compaction_style: kCompactionStyleLevel
2019/10/17-14:55:14.330487 7fc3a9fcb700                          Options.compaction_pri: kByCompensatedSize
2019/10/17-14:55:14.330488 7fc3a9fcb700 Options.compaction_options_universal.size_ratio: 1
2019/10/17-14:55:14.330489 7fc3a9fcb700 Options.compaction_options_universal.min_merge_width: 2
2019/10/17-14:55:14.330491 7fc3a9fcb700 Options.compaction_options_universal.max_merge_width: 4294967295
2019/10/17-14:55:14.330492 7fc3a9fcb700 Options.compaction_options_universal.max_size_amplification_percent: 200
2019/10/17-14:55:14.330493 7fc3a9fcb700 Options.compaction_options_universal.compression_size_percent: -1
2019/10/17-14:55:14.330494 7fc3a9fcb700 Options.compaction_options_universal.stop_style: kCompactionStopStyleTotalSize
2019/10/17-14:55:14.330496 7fc3a9fcb700 Options.compaction_options_fifo.max_table_files_size: 1073741824
2019/10/17-14:55:14.330497 7fc3a9fcb700 Options.compaction_options_fifo.allow_compaction: 0
2019/10/17-14:55:14.330498 7fc3a9fcb700 Options.compaction_options_fifo.ttl: 0
2019/10/17-14:55:14.330499 7fc3a9fcb700                   Options.table_properties_collectors: 
2019/10/17-14:55:14.330501 7fc3a9fcb700                   Options.inplace_update_support: 0
2019/10/17-14:55:14.330502 7fc3a9fcb700                 Options.inplace_update_num_locks: 10000
2019/10/17-14:55:14.330503 7fc3a9fcb700               Options.memtable_prefix_bloom_size_ratio: 0.000000
2019/10/17-14:55:14.330505 7fc3a9fcb700   Options.memtable_huge_page_size: 0
2019/10/17-14:55:14.330506 7fc3a9fcb700                           Options.bloom_locality: 0
2019/10/17-14:55:14.330507 7fc3a9fcb700                    Options.max_successive_merges: 0
2019/10/17-14:55:14.330508 7fc3a9fcb700                Options.optimize_filters_for_hits: 0
2019/10/17-14:55:14.330510 7fc3a9fcb700                Options.paranoid_file_checks: 0
2019/10/17-14:55:14.330511 7fc3a9fcb700                Options.force_consistency_checks: 0
2019/10/17-14:55:14.330512 7fc3a9fcb700                Options.report_bg_io_stats: 0
2019/10/17-14:55:14.330513 7fc3a9fcb700                               Options.ttl: 0
2019/10/17-14:55:14.330532 7fc3a9fcb700 [db/column_family.cc:472] --------------- Options for column family [htlcs]:
2019/10/17-14:55:14.330534 7fc3a9fcb700               Options.comparator: leveldb.BytewiseComparator
2019/10/17-14:55:14.330536 7fc3a9fcb700           Options.merge_operator: None
2019/10/17-14:55:14.330537 7fc3a9fcb700        Options.compaction_filter: None
2019/10/17-14:55:14.330538 7fc3a9fcb700        Options.compaction_filter_factory: None
2019/10/17-14:55:14.330539 7fc3a9fcb700         Options.memtable_factory: SkipListFactory
2019/10/17-14:55:14.330540 7fc3a9fcb700            Options.table_factory: BlockBasedTable
2019/10/17-14:55:14.330555 7fc3a9fcb700            table_factory options:   flush_block_policy_factory: FlushBlockBySizePolicyFactory (0x7fc350089830)
