2019/10/17-14:54:06.194870 7fc3a9fcb700 RocksDB version: 5.18.3
2019/10/17-14:54:06.194980 7fc3a9fcb700 Git sha rocksdb_build_git_sha:@0@
2019/10/17-14:54:06.194983 7fc3a9fcb700 Compile date Sep 19 2019
2019/10/17-14:54:06.194985 7fc3a9fcb700 DB SUMMARY
2019/10/17-14:54:06.196185 7fc3a9fcb700 CURRENT file:  CURRENT
2019/10/17-14:54:06.196188 7fc3a9fcb700 IDENTITY file:  IDENTITY
2019/10/17-14:54:06.196237 7fc3a9fcb700 MANIFEST file:  MANIFEST-114679 size: 4114 Bytes
2019/10/17-14:54:06.196240 7fc3a9fcb700 SST files in /home/rahul/dev/blockchain-core/eqc/ledger.db dir, Total Num: 29, files: 000624.sst 000627.sst 106940.sst 108447.sst 108450.sst 109471.sst 109483.sst 109485.sst 109486.sst 
2019/10/17-14:54:06.196242 7fc3a9fcb700 Write Ahead Log file in /home/rahul/dev/blockchain-core/eqc/ledger.db: 114680.log size: 0 ; 
2019/10/17-14:54:06.196298 7fc3a9fcb700                         Options.error_if_exists: 0
2019/10/17-14:54:06.196300 7fc3a9fcb700                       Options.create_if_missing: 1
2019/10/17-14:54:06.196301 7fc3a9fcb700                         Options.paranoid_checks: 1
2019/10/17-14:54:06.196303 7fc3a9fcb700                                     Options.env: 0x7fc32ae1fc60
2019/10/17-14:54:06.196304 7fc3a9fcb700                                Options.info_log: 0x7fc350074dd0
2019/10/17-14:54:06.196306 7fc3a9fcb700                Options.max_file_opening_threads: 16
2019/10/17-14:54:06.196307 7fc3a9fcb700                              Options.statistics: (nil)
2019/10/17-14:54:06.196308 7fc3a9fcb700                               Options.use_fsync: 0
2019/10/17-14:54:06.196310 7fc3a9fcb700                       Options.max_log_file_size: 0
2019/10/17-14:54:06.196311 7fc3a9fcb700                  Options.max_manifest_file_size: 1073741824
2019/10/17-14:54:06.196312 7fc3a9fcb700                   Options.log_file_time_to_roll: 0
2019/10/17-14:54:06.196314 7fc3a9fcb700                       Options.keep_log_file_num: 1000
2019/10/17-14:54:06.196315 7fc3a9fcb700                    Options.recycle_log_file_num: 0
2019/10/17-14:54:06.196316 7fc3a9fcb700                         Options.allow_fallocate: 1
2019/10/17-14:54:06.196318 7fc3a9fcb700                        Options.allow_mmap_reads: 0
2019/10/17-14:54:06.196319 7fc3a9fcb700                       Options.allow_mmap_writes: 0
2019/10/17-14:54:06.196320 7fc3a9fcb700                        Options.use_direct_reads: 0
2019/10/17-14:54:06.196321 7fc3a9fcb700                        Options.use_direct_io_for_flush_and_compaction: 0
2019/10/17-14:54:06.196323 7fc3a9fcb700          Options.create_missing_column_families: 0
2019/10/17-14:54:06.196324 7fc3a9fcb700                              Options.db_log_dir: 
2019/10/17-14:54:06.196325 7fc3a9fcb700                                 Options.wal_dir: /home/rahul/dev/blockchain-core/eqc/ledger.db
2019/10/17-14:54:06.196326 7fc3a9fcb700                Options.table_cache_numshardbits: 6
2019/10/17-14:54:06.196328 7fc3a9fcb700                      Options.max_subcompactions: 1
2019/10/17-14:54:06.196329 7fc3a9fcb700                  Options.max_background_flushes: -1
2019/10/17-14:54:06.196330 7fc3a9fcb700                         Options.WAL_ttl_seconds: 0
2019/10/17-14:54:06.196332 7fc3a9fcb700                       Options.WAL_size_limit_MB: 0
2019/10/17-14:54:06.196333 7fc3a9fcb700             Options.manifest_preallocation_size: 4194304
2019/10/17-14:54:06.196334 7fc3a9fcb700                     Options.is_fd_close_on_exec: 1
2019/10/17-14:54:06.196336 7fc3a9fcb700                   Options.advise_random_on_open: 1
2019/10/17-14:54:06.196337 7fc3a9fcb700                    Options.db_write_buffer_size: 0
2019/10/17-14:54:06.196338 7fc3a9fcb700                    Options.write_buffer_manager: 0x7fc35001ba40
2019/10/17-14:54:06.196339 7fc3a9fcb700         Options.access_hint_on_compaction_start: 1
2019/10/17-14:54:06.196341 7fc3a9fcb700  Options.new_table_reader_for_compaction_inputs: 0
2019/10/17-14:54:06.196342 7fc3a9fcb700           Options.random_access_max_buffer_size: 1048576
2019/10/17-14:54:06.196343 7fc3a9fcb700                      Options.use_adaptive_mutex: 0
2019/10/17-14:54:06.196344 7fc3a9fcb700                            Options.rate_limiter: (nil)
2019/10/17-14:54:06.196360 7fc3a9fcb700     Options.sst_file_manager.rate_bytes_per_sec: 0
2019/10/17-14:54:06.196362 7fc3a9fcb700                       Options.wal_recovery_mode: 2
2019/10/17-14:54:06.196364 7fc3a9fcb700                  Options.enable_thread_tracking: 0
2019/10/17-14:54:06.196365 7fc3a9fcb700                  Options.enable_pipelined_write: 0
2019/10/17-14:54:06.196366 7fc3a9fcb700         Options.allow_concurrent_memtable_write: 1
2019/10/17-14:54:06.196367 7fc3a9fcb700      Options.enable_write_thread_adaptive_yield: 1
2019/10/17-14:54:06.196368 7fc3a9fcb700             Options.write_thread_max_yield_usec: 100
2019/10/17-14:54:06.196370 7fc3a9fcb700            Options.write_thread_slow_yield_usec: 3
2019/10/17-14:54:06.196371 7fc3a9fcb700                               Options.row_cache: None
2019/10/17-14:54:06.196372 7fc3a9fcb700                              Options.wal_filter: None
2019/10/17-14:54:06.196374 7fc3a9fcb700             Options.avoid_flush_during_recovery: 0
2019/10/17-14:54:06.196375 7fc3a9fcb700             Options.allow_ingest_behind: 0
2019/10/17-14:54:06.196376 7fc3a9fcb700             Options.preserve_deletes: 0
2019/10/17-14:54:06.196377 7fc3a9fcb700             Options.two_write_queues: 0
2019/10/17-14:54:06.196379 7fc3a9fcb700             Options.manual_wal_flush: 0
2019/10/17-14:54:06.196380 7fc3a9fcb700             Options.max_background_jobs: 2
2019/10/17-14:54:06.196381 7fc3a9fcb700             Options.max_background_compactions: -1
2019/10/17-14:54:06.196383 7fc3a9fcb700             Options.avoid_flush_during_shutdown: 0
2019/10/17-14:54:06.196384 7fc3a9fcb700           Options.writable_file_max_buffer_size: 1048576
2019/10/17-14:54:06.196385 7fc3a9fcb700             Options.delayed_write_rate : 16777216
2019/10/17-14:54:06.196387 7fc3a9fcb700             Options.max_total_wal_size: 0
2019/10/17-14:54:06.196388 7fc3a9fcb700             Options.delete_obsolete_files_period_micros: 21600000000
2019/10/17-14:54:06.196389 7fc3a9fcb700                   Options.stats_dump_period_sec: 600
2019/10/17-14:54:06.196390 7fc3a9fcb700                          Options.max_open_files: -1
2019/10/17-14:54:06.196392 7fc3a9fcb700                          Options.bytes_per_sync: 0
2019/10/17-14:54:06.196393 7fc3a9fcb700                      Options.wal_bytes_per_sync: 0
2019/10/17-14:54:06.196394 7fc3a9fcb700       Options.compaction_readahead_size: 0
2019/10/17-14:54:06.196395 7fc3a9fcb700 Compression algorithms supported:
2019/10/17-14:54:06.196397 7fc3a9fcb700 	kZSTDNotFinalCompression supported: 0
2019/10/17-14:54:06.196399 7fc3a9fcb700 	kZSTD supported: 0
2019/10/17-14:54:06.196400 7fc3a9fcb700 	kXpressCompression supported: 0
2019/10/17-14:54:06.196402 7fc3a9fcb700 	kLZ4HCCompression supported: 0
2019/10/17-14:54:06.196403 7fc3a9fcb700 	kLZ4Compression supported: 0
2019/10/17-14:54:06.196404 7fc3a9fcb700 	kBZip2Compression supported: 0
2019/10/17-14:54:06.196406 7fc3a9fcb700 	kZlibCompression supported: 0
2019/10/17-14:54:06.196407 7fc3a9fcb700 	kSnappyCompression supported: 0
2019/10/17-14:54:06.196410 7fc3a9fcb700 Fast CRC32 supported: Supported on x86
2019/10/17-14:54:06.196558 7fc3a9fcb700 [db/version_set.cc:3507] Recovering from manifest file: MANIFEST-114679
2019/10/17-14:54:06.196611 7fc3a9fcb700 [db/column_family.cc:472] --------------- Options for column family [default]:
2019/10/17-14:54:06.196614 7fc3a9fcb700               Options.comparator: leveldb.BytewiseComparator
2019/10/17-14:54:06.196616 7fc3a9fcb700           Options.merge_operator: None
2019/10/17-14:54:06.196617 7fc3a9fcb700        Options.compaction_filter: None
2019/10/17-14:54:06.196618 7fc3a9fcb700        Options.compaction_filter_factory: None
2019/10/17-14:54:06.196619 7fc3a9fcb700         Options.memtable_factory: SkipListFactory
2019/10/17-14:54:06.196621 7fc3a9fcb700            Options.table_factory: BlockBasedTable
2019/10/17-14:54:06.196643 7fc3a9fcb700            table_factory options:   flush_block_policy_factory: FlushBlockBySizePolicyFactory (0x7fc35001c290)
  cache_index_and_filter_blocks: 0
  cache_index_and_filter_blocks_with_high_priority: 0
  pin_l0_filter_and_index_blocks_in_cache: 0
  pin_top_level_index_and_filter: 1
  index_type: 0
  hash_index_allow_collision: 1
  checksum: 1
  no_block_cache: 0
  block_cache: 0x7fc350110f00
  block_cache_name: LRUCache
  block_cache_options:
    capacity : 8388608
    num_shard_bits : 4
    strict_capacity_limit : 0
    memory_allocator : None
    high_pri_pool_ratio: 0.000
  block_cache_compressed: (nil)
  persistent_cache: (nil)
  block_size: 4096
  block_size_deviation: 10
  block_restart_interval: 16
  index_block_restart_interval: 1
  metadata_block_size: 4096
  partition_filters: 0
  use_delta_encoding: 1
  filter_policy: nullptr
  whole_key_filtering: 1
  verify_compression: 0
  read_amp_bytes_per_bit: 0
  format_version: 2
  enable_index_compression: 1
  block_align: 0
2019/10/17-14:54:06.196658 7fc3a9fcb700        Options.write_buffer_size: 67108864
2019/10/17-14:54:06.196659 7fc3a9fcb700  Options.max_write_buffer_number: 2
2019/10/17-14:54:06.196661 7fc3a9fcb700          Options.compression: NoCompression
2019/10/17-14:54:06.196662 7fc3a9fcb700                  Options.bottommost_compression: Disabled
2019/10/17-14:54:06.196664 7fc3a9fcb700       Options.prefix_extractor: nullptr
2019/10/17-14:54:06.196665 7fc3a9fcb700   Options.memtable_insert_with_hint_prefix_extractor: nullptr
2019/10/17-14:54:06.196666 7fc3a9fcb700             Options.num_levels: 7
2019/10/17-14:54:06.196667 7fc3a9fcb700        Options.min_write_buffer_number_to_merge: 1
2019/10/17-14:54:06.196669 7fc3a9fcb700     Options.max_write_buffer_number_to_maintain: 0
2019/10/17-14:54:06.196670 7fc3a9fcb700            Options.bottommost_compression_opts.window_bits: -14
2019/10/17-14:54:06.196671 7fc3a9fcb700                  Options.bottommost_compression_opts.level: 32767
2019/10/17-14:54:06.196673 7fc3a9fcb700               Options.bottommost_compression_opts.strategy: 0
2019/10/17-14:54:06.196674 7fc3a9fcb700         Options.bottommost_compression_opts.max_dict_bytes: 0
2019/10/17-14:54:06.196675 7fc3a9fcb700         Options.bottommost_compression_opts.zstd_max_train_bytes: 0
2019/10/17-14:54:06.196677 7fc3a9fcb700                  Options.bottommost_compression_opts.enabled: false
2019/10/17-14:54:06.196678 7fc3a9fcb700            Options.compression_opts.window_bits: -14
2019/10/17-14:54:06.196679 7fc3a9fcb700                  Options.compression_opts.level: 32767
2019/10/17-14:54:06.196680 7fc3a9fcb700               Options.compression_opts.strategy: 0
2019/10/17-14:54:06.196682 7fc3a9fcb700         Options.compression_opts.max_dict_bytes: 0
2019/10/17-14:54:06.196683 7fc3a9fcb700         Options.compression_opts.zstd_max_train_bytes: 0
2019/10/17-14:54:06.196684 7fc3a9fcb700                  Options.compression_opts.enabled: false
2019/10/17-14:54:06.196685 7fc3a9fcb700      Options.level0_file_num_compaction_trigger: 4
2019/10/17-14:54:06.196687 7fc3a9fcb700          Options.level0_slowdown_writes_trigger: 20
2019/10/17-14:54:06.196688 7fc3a9fcb700              Options.level0_stop_writes_trigger: 36
2019/10/17-14:54:06.196689 7fc3a9fcb700                   Options.target_file_size_base: 67108864
2019/10/17-14:54:06.196690 7fc3a9fcb700             Options.target_file_size_multiplier: 1
2019/10/17-14:54:06.196692 7fc3a9fcb700                Options.max_bytes_for_level_base: 268435456
2019/10/17-14:54:06.196693 7fc3a9fcb700 Options.level_compaction_dynamic_level_bytes: 0
2019/10/17-14:54:06.196694 7fc3a9fcb700          Options.max_bytes_for_level_multiplier: 10.000000
2019/10/17-14:54:06.196697 7fc3a9fcb700 Options.max_bytes_for_level_multiplier_addtl[0]: 1
2019/10/17-14:54:06.196699 7fc3a9fcb700 Options.max_bytes_for_level_multiplier_addtl[1]: 1
2019/10/17-14:54:06.196700 7fc3a9fcb700 Options.max_bytes_for_level_multiplier_addtl[2]: 1
2019/10/17-14:54:06.196701 7fc3a9fcb700 Options.max_bytes_for_level_multiplier_addtl[3]: 1
2019/10/17-14:54:06.196703 7fc3a9fcb700 Options.max_bytes_for_level_multiplier_addtl[4]: 1
2019/10/17-14:54:06.196710 7fc3a9fcb700 Options.max_bytes_for_level_multiplier_addtl[5]: 1
2019/10/17-14:54:06.196711 7fc3a9fcb700 Options.max_bytes_for_level_multiplier_addtl[6]: 1
2019/10/17-14:54:06.196712 7fc3a9fcb700       Options.max_sequential_skip_in_iterations: 8
2019/10/17-14:54:06.196714 7fc3a9fcb700                    Options.max_compaction_bytes: 1677721600
2019/10/17-14:54:06.196715 7fc3a9fcb700                        Options.arena_block_size: 8388608
2019/10/17-14:54:06.196716 7fc3a9fcb700   Options.soft_pending_compaction_bytes_limit: 68719476736
2019/10/17-14:54:06.196718 7fc3a9fcb700   Options.hard_pending_compaction_bytes_limit: 274877906944
2019/10/17-14:54:06.196719 7fc3a9fcb700       Options.rate_limit_delay_max_milliseconds: 100
2019/10/17-14:54:06.196720 7fc3a9fcb700                Options.disable_auto_compactions: 0
2019/10/17-14:54:06.196722 7fc3a9fcb700                        Options.compaction_style: kCompactionStyleLevel
2019/10/17-14:54:06.196724 7fc3a9fcb700                          Options.compaction_pri: kByCompensatedSize
2019/10/17-14:54:06.196726 7fc3a9fcb700 Options.compaction_options_universal.size_ratio: 1
2019/10/17-14:54:06.196727 7fc3a9fcb700 Options.compaction_options_universal.min_merge_width: 2
2019/10/17-14:54:06.196728 7fc3a9fcb700 Options.compaction_options_universal.max_merge_width: 4294967295
2019/10/17-14:54:06.196729 7fc3a9fcb700 Options.compaction_options_universal.max_size_amplification_percent: 200
2019/10/17-14:54:06.196731 7fc3a9fcb700 Options.compaction_options_universal.compression_size_percent: -1
2019/10/17-14:54:06.196732 7fc3a9fcb700 Options.compaction_options_universal.stop_style: kCompactionStopStyleTotalSize
2019/10/17-14:54:06.196734 7fc3a9fcb700 Options.compaction_options_fifo.max_table_files_size: 1073741824
2019/10/17-14:54:06.196735 7fc3a9fcb700 Options.compaction_options_fifo.allow_compaction: 0
2019/10/17-14:54:06.196736 7fc3a9fcb700 Options.compaction_options_fifo.ttl: 0
2019/10/17-14:54:06.196738 7fc3a9fcb700                   Options.table_properties_collectors: 
2019/10/17-14:54:06.196739 7fc3a9fcb700                   Options.inplace_update_support: 0
2019/10/17-14:54:06.196740 7fc3a9fcb700                 Options.inplace_update_num_locks: 10000
2019/10/17-14:54:06.196741 7fc3a9fcb700               Options.memtable_prefix_bloom_size_ratio: 0.000000
2019/10/17-14:54:06.196743 7fc3a9fcb700   Options.memtable_huge_page_size: 0
2019/10/17-14:54:06.196745 7fc3a9fcb700                           Options.bloom_locality: 0
2019/10/17-14:54:06.196746 7fc3a9fcb700                    Options.max_successive_merges: 0
2019/10/17-14:54:06.196747 7fc3a9fcb700                Options.optimize_filters_for_hits: 0
2019/10/17-14:54:06.196748 7fc3a9fcb700                Options.paranoid_file_checks: 0
2019/10/17-14:54:06.196750 7fc3a9fcb700                Options.force_consistency_checks: 0
2019/10/17-14:54:06.196751 7fc3a9fcb700                Options.report_bg_io_stats: 0
2019/10/17-14:54:06.196752 7fc3a9fcb700                               Options.ttl: 0
2019/10/17-14:54:06.196798 7fc3a9fcb700 [db/column_family.cc:472] --------------- Options for column family [active_gateways]:
2019/10/17-14:54:06.196800 7fc3a9fcb700               Options.comparator: leveldb.BytewiseComparator
2019/10/17-14:54:06.196802 7fc3a9fcb700           Options.merge_operator: None
2019/10/17-14:54:06.196803 7fc3a9fcb700        Options.compaction_filter: None
2019/10/17-14:54:06.196804 7fc3a9fcb700        Options.compaction_filter_factory: None
2019/10/17-14:54:06.196806 7fc3a9fcb700         Options.memtable_factory: SkipListFactory
2019/10/17-14:54:06.196807 7fc3a9fcb700            Options.table_factory: BlockBasedTable
2019/10/17-14:54:06.196825 7fc3a9fcb700            table_factory options:   flush_block_policy_factory: FlushBlockBySizePolicyFactory (0x7fc350029880)
  cache_index_and_filter_blocks: 0
  cache_index_and_filter_blocks_with_high_priority: 0
  pin_l0_filter_and_index_blocks_in_cache: 0
  pin_top_level_index_and_filter: 1
  index_type: 0
  hash_index_allow_collision: 1
  checksum: 1
  no_block_cache: 0
  block_cache: 0x7fc3500d8040
  block_cache_name: LRUCache
  block_cache_options:
    capacity : 8388608
    num_shard_bits : 4
    strict_capacity_limit : 0
    memory_allocator : None
    high_pri_pool_ratio: 0.000
  block_cache_compressed: (nil)
  persistent_cache: (nil)
  block_size: 4096
  block_size_deviation: 10
  block_restart_interval: 16
  index_block_restart_interval: 1
  metadata_block_size: 4096
  partition_filters: 0
  use_delta_encoding: 1
  filter_policy: nullptr
  whole_key_filtering: 1
  verify_compression: 0
  read_amp_bytes_per_bit: 0
  format_version: 2
  enable_index_compression: 1
  block_align: 0
2019/10/17-14:54:06.196835 7fc3a9fcb700        Options.write_buffer_size: 67108864
2019/10/17-14:54:06.196837 7fc3a9fcb700  Options.max_write_buffer_number: 2
2019/10/17-14:54:06.196838 7fc3a9fcb700          Options.compression: NoCompression
2019/10/17-14:54:06.196839 7fc3a9fcb700                  Options.bottommost_compression: Disabled
2019/10/17-14:54:06.196840 7fc3a9fcb700       Options.prefix_extractor: nullptr
2019/10/17-14:54:06.196842 7fc3a9fcb700   Options.memtable_insert_with_hint_prefix_extractor: nullptr
2019/10/17-14:54:06.196843 7fc3a9fcb700             Options.num_levels: 7
2019/10/17-14:54:06.196844 7fc3a9fcb700        Options.min_write_buffer_number_to_merge: 1
2019/10/17-14:54:06.196845 7fc3a9fcb700     Options.max_write_buffer_number_to_maintain: 0
2019/10/17-14:54:06.196847 7fc3a9fcb700            Options.bottommost_compression_opts.window_bits: -14
2019/10/17-14:54:06.196848 7fc3a9fcb700                  Options.bottommost_compression_opts.level: 32767
2019/10/17-14:54:06.196849 7fc3a9fcb700               Options.bottommost_compression_opts.strategy: 0
2019/10/17-14:54:06.196850 7fc3a9fcb700         Options.bottommost_compression_opts.max_dict_bytes: 0
2019/10/17-14:54:06.196852 7fc3a9fcb700         Options.bottommost_compression_opts.zstd_max_train_bytes: 0
2019/10/17-14:54:06.196853 7fc3a9fcb700                  Options.bottommost_compression_opts.enabled: false
2019/10/17-14:54:06.196854 7fc3a9fcb700            Options.compression_opts.window_bits: -14
2019/10/17-14:54:06.196855 7fc3a9fcb700                  Options.compression_opts.level: 32767
2019/10/17-14:54:06.196857 7fc3a9fcb700               Options.compression_opts.strategy: 0
2019/10/17-14:54:06.196858 7fc3a9fcb700         Options.compression_opts.max_dict_bytes: 0
2019/10/17-14:54:06.196859 7fc3a9fcb700         Options.compression_opts.zstd_max_train_bytes: 0
2019/10/17-14:54:06.196860 7fc3a9fcb700                  Options.compression_opts.enabled: false
2019/10/17-14:54:06.196862 7fc3a9fcb700      Options.level0_file_num_compaction_trigger: 4
2019/10/17-14:54:06.196863 7fc3a9fcb700          Options.level0_slowdown_writes_trigger: 20
2019/10/17-14:54:06.196864 7fc3a9fcb700              Options.level0_stop_writes_trigger: 36
2019/10/17-14:54:06.196865 7fc3a9fcb700                   Options.target_file_size_base: 67108864
2019/10/17-14:54:06.196867 7fc3a9fcb700             Options.target_file_size_multiplier: 1
2019/10/17-14:54:06.196868 7fc3a9fcb700                Options.max_bytes_for_level_base: 268435456
2019/10/17-14:54:06.196869 7fc3a9fcb700 Options.level_compaction_dynamic_level_bytes: 0
2019/10/17-14:54:06.196871 7fc3a9fcb700          Options.max_bytes_for_level_multiplier: 10.000000
2019/10/17-14:54:06.196873 7fc3a9fcb700 Options.max_bytes_for_level_multiplier_addtl[0]: 1
2019/10/17-14:54:06.196874 7fc3a9fcb700 Options.max_bytes_for_level_multiplier_addtl[1]: 1
2019/10/17-14:54:06.196876 7fc3a9fcb700 Options.max_bytes_for_level_multiplier_addtl[2]: 1
2019/10/17-14:54:06.196877 7fc3a9fcb700 Options.max_bytes_for_level_multiplier_addtl[3]: 1
2019/10/17-14:54:06.196878 7fc3a9fcb700 Options.max_bytes_for_level_multiplier_addtl[4]: 1
2019/10/17-14:54:06.196879 7fc3a9fcb700 Options.max_bytes_for_level_multiplier_addtl[5]: 1
2019/10/17-14:54:06.196881 7fc3a9fcb700 Options.max_bytes_for_level_multiplier_addtl[6]: 1
2019/10/17-14:54:06.196882 7fc3a9fcb700       Options.max_sequential_skip_in_iterations: 8
2019/10/17-14:54:06.196890 7fc3a9fcb700                    Options.max_compaction_bytes: 1677721600
2019/10/17-14:54:06.196891 7fc3a9fcb700                        Options.arena_block_size: 8388608
2019/10/17-14:54:06.196892 7fc3a9fcb700   Options.soft_pending_compaction_bytes_limit: 68719476736
2019/10/17-14:54:06.196894 7fc3a9fcb700   Options.hard_pending_compaction_bytes_limit: 274877906944
2019/10/17-14:54:06.196895 7fc3a9fcb700       Options.rate_limit_delay_max_milliseconds: 100
2019/10/17-14:54:06.196896 7fc3a9fcb700                Options.disable_auto_compactions: 0
2019/10/17-14:54:06.196898 7fc3a9fcb700                        Options.compaction_style: kCompactionStyleLevel
2019/10/17-14:54:06.196899 7fc3a9fcb700                          Options.compaction_pri: kByCompensatedSize
2019/10/17-14:54:06.196900 7fc3a9fcb700 Options.compaction_options_universal.size_ratio: 1
2019/10/17-14:54:06.196902 7fc3a9fcb700 Options.compaction_options_universal.min_merge_width: 2
2019/10/17-14:54:06.196903 7fc3a9fcb700 Options.compaction_options_universal.max_merge_width: 4294967295
2019/10/17-14:54:06.196904 7fc3a9fcb700 Options.compaction_options_universal.max_size_amplification_percent: 200
2019/10/17-14:54:06.196905 7fc3a9fcb700 Options.compaction_options_universal.compression_size_percent: -1
2019/10/17-14:54:06.196907 7fc3a9fcb700 Options.compaction_options_universal.stop_style: kCompactionStopStyleTotalSize
2019/10/17-14:54:06.196908 7fc3a9fcb700 Options.compaction_options_fifo.max_table_files_size: 1073741824
2019/10/17-14:54:06.196910 7fc3a9fcb700 Options.compaction_options_fifo.allow_compaction: 0
2019/10/17-14:54:06.196911 7fc3a9fcb700 Options.compaction_options_fifo.ttl: 0
2019/10/17-14:54:06.196912 7fc3a9fcb700                   Options.table_properties_collectors: 
2019/10/17-14:54:06.196913 7fc3a9fcb700                   Options.inplace_update_support: 0
2019/10/17-14:54:06.196915 7fc3a9fcb700                 Options.inplace_update_num_locks: 10000
2019/10/17-14:54:06.196916 7fc3a9fcb700               Options.memtable_prefix_bloom_size_ratio: 0.000000
2019/10/17-14:54:06.196918 7fc3a9fcb700   Options.memtable_huge_page_size: 0
2019/10/17-14:54:06.196919 7fc3a9fcb700                           Options.bloom_locality: 0
2019/10/17-14:54:06.196920 7fc3a9fcb700                    Options.max_successive_merges: 0
2019/10/17-14:54:06.196921 7fc3a9fcb700                Options.optimize_filters_for_hits: 0
2019/10/17-14:54:06.196923 7fc3a9fcb700                Options.paranoid_file_checks: 0
2019/10/17-14:54:06.196924 7fc3a9fcb700                Options.force_consistency_checks: 0
2019/10/17-14:54:06.196925 7fc3a9fcb700                Options.report_bg_io_stats: 0
2019/10/17-14:54:06.196926 7fc3a9fcb700                               Options.ttl: 0
2019/10/17-14:54:06.196952 7fc3a9fcb700 [db/column_family.cc:472] --------------- Options for column family [entries]:
2019/10/17-14:54:06.196954 7fc3a9fcb700               Options.comparator: leveldb.BytewiseComparator
2019/10/17-14:54:06.196956 7fc3a9fcb700           Options.merge_operator: None
2019/10/17-14:54:06.196957 7fc3a9fcb700        Options.compaction_filter: None
2019/10/17-14:54:06.196958 7fc3a9fcb700        Options.compaction_filter_factory: None
2019/10/17-14:54:06.196960 7fc3a9fcb700         Options.memtable_factory: SkipListFactory
2019/10/17-14:54:06.196961 7fc3a9fcb700            Options.table_factory: BlockBasedTable
2019/10/17-14:54:06.196977 7fc3a9fcb700            table_factory options:   flush_block_policy_factory: FlushBlockBySizePolicyFactory (0x7fc350101ca0)
  cache_index_and_filter_blocks: 0
  cache_index_and_filter_blocks_with_high_priority: 0
  pin_l0_filter_and_index_blocks_in_cache: 0
  pin_top_level_index_and_filter: 1
  index_type: 0
  hash_index_allow_collision: 1
  checksum: 1
  no_block_cache: 0
  block_cache: 0x7fc350038950
  block_cache_name: LRUCache
  block_cache_options:
    capacity : 8388608
    num_shard_bits : 4
    strict_capacity_limit : 0
    memory_allocator : None
    high_pri_pool_ratio: 0.000
  block_cache_compressed: (nil)
  persistent_cache: (nil)
  block_size: 4096
  block_size_deviation: 10
  block_restart_interval: 16
  index_block_restart_interval: 1
  metadata_block_size: 4096
  partition_filters: 0
  use_delta_encoding: 1
  filter_policy: nullptr
  whole_key_filtering: 1
  verify_compression: 0
  read_amp_bytes_per_bit: 0
  format_version: 2
  enable_index_compression: 1
  block_align: 0
2019/10/17-14:54:06.196986 7fc3a9fcb700        Options.write_buffer_size: 67108864
2019/10/17-14:54:06.196988 7fc3a9fcb700  Options.max_write_buffer_number: 2
2019/10/17-14:54:06.196989 7fc3a9fcb700          Options.compression: NoCompression
2019/10/17-14:54:06.196991 7fc3a9fcb700                  Options.bottommost_compression: Disabled
2019/10/17-14:54:06.196992 7fc3a9fcb700       Options.prefix_extractor: nullptr
2019/10/17-14:54:06.196993 7fc3a9fcb700   Options.memtable_insert_with_hint_prefix_extractor: nullptr
2019/10/17-14:54:06.196994 7fc3a9fcb700             Options.num_levels: 7
2019/10/17-14:54:06.196995 7fc3a9fcb700        Options.min_write_buffer_number_to_merge: 1
2019/10/17-14:54:06.196997 7fc3a9fcb700     Options.max_write_buffer_number_to_maintain: 0
2019/10/17-14:54:06.196998 7fc3a9fcb700            Options.bottommost_compression_opts.window_bits: -14
2019/10/17-14:54:06.196999 7fc3a9fcb700                  Options.bottommost_compression_opts.level: 32767
2019/10/17-14:54:06.197000 7fc3a9fcb700               Options.bottommost_compression_opts.strategy: 0
2019/10/17-14:54:06.197002 7fc3a9fcb700         Options.bottommost_compression_opts.max_dict_bytes: 0
2019/10/17-14:54:06.197003 7fc3a9fcb700         Options.bottommost_compression_opts.zstd_max_train_bytes: 0
2019/10/17-14:54:06.197004 7fc3a9fcb700                  Options.bottommost_compression_opts.enabled: false
2019/10/17-14:54:06.197005 7fc3a9fcb700            Options.compression_opts.window_bits: -14
2019/10/17-14:54:06.197007 7fc3a9fcb700                  Options.compression_opts.level: 32767
2019/10/17-14:54:06.197008 7fc3a9fcb700               Options.compression_opts.strategy: 0
2019/10/17-14:54:06.197009 7fc3a9fcb700         Options.compression_opts.max_dict_bytes: 0
2019/10/17-14:54:06.197010 7fc3a9fcb700         Options.compression_opts.zstd_max_train_bytes: 0
2019/10/17-14:54:06.197012 7fc3a9fcb700                  Options.compression_opts.enabled: false
2019/10/17-14:54:06.197013 7fc3a9fcb700      Options.level0_file_num_compaction_trigger: 4
2019/10/17-14:54:06.197014 7fc3a9fcb700          Options.level0_slowdown_writes_trigger: 20
2019/10/17-14:54:06.197015 7fc3a9fcb700              Options.level0_stop_writes_trigger: 36
2019/10/17-14:54:06.197016 7fc3a9fcb700                   Options.target_file_size_base: 67108864
2019/10/17-14:54:06.197018 7fc3a9fcb700             Options.target_file_size_multiplier: 1
2019/10/17-14:54:06.197019 7fc3a9fcb700                Options.max_bytes_for_level_base: 268435456
2019/10/17-14:54:06.197020 7fc3a9fcb700 Options.level_compaction_dynamic_level_bytes: 0
2019/10/17-14:54:06.197021 7fc3a9fcb700          Options.max_bytes_for_level_multiplier: 10.000000
2019/10/17-14:54:06.197023 7fc3a9fcb700 Options.max_bytes_for_level_multiplier_addtl[0]: 1
2019/10/17-14:54:06.197025 7fc3a9fcb700 Options.max_bytes_for_level_multiplier_addtl[1]: 1
2019/10/17-14:54:06.197026 7fc3a9fcb700 Options.max_bytes_for_level_multiplier_addtl[2]: 1
2019/10/17-14:54:06.197027 7fc3a9fcb700 Options.max_bytes_for_level_multiplier_addtl[3]: 1
2019/10/17-14:54:06.197029 7fc3a9fcb700 Options.max_bytes_for_level_multiplier_addtl[4]: 1
2019/10/17-14:54:06.197030 7fc3a9fcb700 Options.max_bytes_for_level_multiplier_addtl[5]: 1
2019/10/17-14:54:06.197031 7fc3a9fcb700 Options.max_bytes_for_level_multiplier_addtl[6]: 1
2019/10/17-14:54:06.197032 7fc3a9fcb700       Options.max_sequential_skip_in_iterations: 8
2019/10/17-14:54:06.197034 7fc3a9fcb700                    Options.max_compaction_bytes: 1677721600
2019/10/17-14:54:06.197035 7fc3a9fcb700                        Options.arena_block_size: 8388608
2019/10/17-14:54:06.197036 7fc3a9fcb700   Options.soft_pending_compaction_bytes_limit: 68719476736
2019/10/17-14:54:06.197043 7fc3a9fcb700   Options.hard_pending_compaction_bytes_limit: 274877906944
2019/10/17-14:54:06.197045 7fc3a9fcb700       Options.rate_limit_delay_max_milliseconds: 100
2019/10/17-14:54:06.197046 7fc3a9fcb700                Options.disable_auto_compactions: 0
2019/10/17-14:54:06.197047 7fc3a9fcb700                        Options.compaction_style: kCompactionStyleLevel
2019/10/17-14:54:06.197049 7fc3a9fcb700                          Options.compaction_pri: kByCompensatedSize
2019/10/17-14:54:06.197050 7fc3a9fcb700 Options.compaction_options_universal.size_ratio: 1
2019/10/17-14:54:06.197051 7fc3a9fcb700 Options.compaction_options_universal.min_merge_width: 2
2019/10/17-14:54:06.197053 7fc3a9fcb700 Options.compaction_options_universal.max_merge_width: 4294967295
2019/10/17-14:54:06.197054 7fc3a9fcb700 Options.compaction_options_universal.max_size_amplification_percent: 200
2019/10/17-14:54:06.197055 7fc3a9fcb700 Options.compaction_options_universal.compression_size_percent: -1
2019/10/17-14:54:06.197057 7fc3a9fcb700 Options.compaction_options_universal.stop_style: kCompactionStopStyleTotalSize
2019/10/17-14:54:06.197058 7fc3a9fcb700 Options.compaction_options_fifo.max_table_files_size: 1073741824
2019/10/17-14:54:06.197059 7fc3a9fcb700 Options.compaction_options_fifo.allow_compaction: 0
2019/10/17-14:54:06.197060 7fc3a9fcb700 Options.compaction_options_fifo.ttl: 0
2019/10/17-14:54:06.197062 7fc3a9fcb700                   Options.table_properties_collectors: 
2019/10/17-14:54:06.197063 7fc3a9fcb700                   Options.inplace_update_support: 0
2019/10/17-14:54:06.197064 7fc3a9fcb700                 Options.inplace_update_num_locks: 10000
2019/10/17-14:54:06.197065 7fc3a9fcb700               Options.memtable_prefix_bloom_size_ratio: 0.000000
2019/10/17-14:54:06.197067 7fc3a9fcb700   Options.memtable_huge_page_size: 0
2019/10/17-14:54:06.197068 7fc3a9fcb700                           Options.bloom_locality: 0
2019/10/17-14:54:06.197070 7fc3a9fcb700                    Options.max_successive_merges: 0
2019/10/17-14:54:06.197071 7fc3a9fcb700                Options.optimize_filters_for_hits: 0
2019/10/17-14:54:06.197072 7fc3a9fcb700                Options.paranoid_file_checks: 0
2019/10/17-14:54:06.197073 7fc3a9fcb700                Options.force_consistency_checks: 0
2019/10/17-14:54:06.197074 7fc3a9fcb700                Options.report_bg_io_stats: 0
2019/10/17-14:54:06.197076 7fc3a9fcb700                               Options.ttl: 0
2019/10/17-14:54:06.197098 7fc3a9fcb700 [db/column_family.cc:472] --------------- Options for column family [dc_entries]:
2019/10/17-14:54:06.197100 7fc3a9fcb700               Options.comparator: leveldb.BytewiseComparator
2019/10/17-14:54:06.197101 7fc3a9fcb700           Options.merge_operator: None
2019/10/17-14:54:06.197103 7fc3a9fcb700        Options.compaction_filter: None
2019/10/17-14:54:06.197104 7fc3a9fcb700        Options.compaction_filter_factory: None
2019/10/17-14:54:06.197105 7fc3a9fcb700         Options.memtable_factory: SkipListFactory
2019/10/17-14:54:06.197107 7fc3a9fcb700            Options.table_factory: BlockBasedTable
2019/10/17-14:54:06.197122 7fc3a9fcb700            table_factory options:   flush_block_policy_factory: FlushBlockBySizePolicyFactory (0x7fc350038050)
  cache_index_and_filter_blocks: 0
  cache_index_and_filter_blocks_with_high_priority: 0
  pin_l0_filter_and_index_blocks_in_cache: 0
  pin_top_level_index_and_filter: 1
  index_type: 0
  hash_index_allow_collision: 1
  checksum: 1
  no_block_cache: 0
  block_cache: 0x7fc350095fb0
  block_cache_name: LRUCache
  block_cache_options:
    capacity : 8388608
    num_shard_bits : 4
    strict_capacity_limit : 0
    memory_allocator : None
    high_pri_pool_ratio: 0.000
  block_cache_compressed: (nil)
  persistent_cache: (nil)
  block_size: 4096
  block_size_deviation: 10
  block_restart_interval: 16
  index_block_restart_interval: 1
  metadata_block_size: 4096
  partition_filters: 0
  use_delta_encoding: 1
  filter_policy: nullptr
  whole_key_filtering: 1
  verify_compression: 0
  read_amp_bytes_per_bit: 0
  format_version: 2
  enable_index_compression: 1
  block_align: 0
2019/10/17-14:54:06.197132 7fc3a9fcb700        Options.write_buffer_size: 67108864
2019/10/17-14:54:06.197133 7fc3a9fcb700  Options.max_write_buffer_number: 2
2019/10/17-14:54:06.197134 7fc3a9fcb700          Options.compression: NoCompression
2019/10/17-14:54:06.197136 7fc3a9fcb700                  Options.bottommost_compression: Disabled
2019/10/17-14:54:06.197137 7fc3a9fcb700       Options.prefix_extractor: nullptr
2019/10/17-14:54:06.197138 7fc3a9fcb700   Options.memtable_insert_with_hint_prefix_extractor: nullptr
2019/10/17-14:54:06.197139 7fc3a9fcb700             Options.num_levels: 7
2019/10/17-14:54:06.197141 7fc3a9fcb700        Options.min_write_buffer_number_to_merge: 1
2019/10/17-14:54:06.197142 7fc3a9fcb700     Options.max_write_buffer_number_to_maintain: 0
2019/10/17-14:54:06.197143 7fc3a9fcb700            Options.bottommost_compression_opts.window_bits: -14
2019/10/17-14:54:06.197144 7fc3a9fcb700                  Options.bottommost_compression_opts.level: 32767
2019/10/17-14:54:06.197145 7fc3a9fcb700               Options.bottommost_compression_opts.strategy: 0
2019/10/17-14:54:06.197147 7fc3a9fcb700         Options.bottommost_compression_opts.max_dict_bytes: 0
2019/10/17-14:54:06.197148 7fc3a9fcb700         Options.bottommost_compression_opts.zstd_max_train_bytes: 0
2019/10/17-14:54:06.197149 7fc3a9fcb700                  Options.bottommost_compression_opts.enabled: false
2019/10/17-14:54:06.197150 7fc3a9fcb700            Options.compression_opts.window_bits: -14
2019/10/17-14:54:06.197152 7fc3a9fcb700                  Options.compression_opts.level: 32767
2019/10/17-14:54:06.197153 7fc3a9fcb700               Options.compression_opts.strategy: 0
2019/10/17-14:54:06.197154 7fc3a9fcb700         Options.compression_opts.max_dict_bytes: 0
2019/10/17-14:54:06.197155 7fc3a9fcb700         Options.compression_opts.zstd_max_train_bytes: 0
2019/10/17-14:54:06.197156 7fc3a9fcb700                  Options.compression_opts.enabled: false
2019/10/17-14:54:06.197158 7fc3a9fcb700      Options.level0_file_num_compaction_trigger: 4
2019/10/17-14:54:06.197159 7fc3a9fcb700          Options.level0_slowdown_writes_trigger: 20
2019/10/17-14:54:06.197160 7fc3a9fcb700              Options.level0_stop_writes_trigger: 36
2019/10/17-14:54:06.197161 7fc3a9fcb700                   Options.target_file_size_base: 67108864
2019/10/17-14:54:06.197163 7fc3a9fcb700             Options.target_file_size_multiplier: 1
2019/10/17-14:54:06.197164 7fc3a9fcb700                Options.max_bytes_for_level_base: 268435456
2019/10/17-14:54:06.197165 7fc3a9fcb700 Options.level_compaction_dynamic_level_bytes: 0
2019/10/17-14:54:06.197166 7fc3a9fcb700          Options.max_bytes_for_level_multiplier: 10.000000
2019/10/17-14:54:06.197168 7fc3a9fcb700 Options.max_bytes_for_level_multiplier_addtl[0]: 1
2019/10/17-14:54:06.197170 7fc3a9fcb700 Options.max_bytes_for_level_multiplier_addtl[1]: 1
2019/10/17-14:54:06.197171 7fc3a9fcb700 Options.max_bytes_for_level_multiplier_addtl[2]: 1
2019/10/17-14:54:06.197172 7fc3a9fcb700 Options.max_bytes_for_level_multiplier_addtl[3]: 1
2019/10/17-14:54:06.197174 7fc3a9fcb700 Options.max_bytes_for_level_multiplier_addtl[4]: 1
2019/10/17-14:54:06.197175 7fc3a9fcb700 Options.max_bytes_for_level_multiplier_addtl[5]: 1
2019/10/17-14:54:06.197176 7fc3a9fcb700 Options.max_bytes_for_level_multiplier_addtl[6]: 1
2019/10/17-14:54:06.197177 7fc3a9fcb700       Options.max_sequential_skip_in_iterations: 8
2019/10/17-14:54:06.197179 7fc3a9fcb700                    Options.max_compaction_bytes: 1677721600
2019/10/17-14:54:06.197180 7fc3a9fcb700                        Options.arena_block_size: 8388608
2019/10/17-14:54:06.197181 7fc3a9fcb700   Options.soft_pending_compaction_bytes_limit: 68719476736
2019/10/17-14:54:06.197182 7fc3a9fcb700   Options.hard_pending_compaction_bytes_limit: 274877906944
2019/10/17-14:54:06.197184 7fc3a9fcb700       Options.rate_limit_delay_max_milliseconds: 100
2019/10/17-14:54:06.197185 7fc3a9fcb700                Options.disable_auto_compactions: 0
2019/10/17-14:54:06.197193 7fc3a9fcb700                        Options.compaction_style: kCompactionStyleLevel
2019/10/17-14:54:06.197194 7fc3a9fcb700                          Options.compaction_pri: kByCompensatedSize
2019/10/17-14:54:06.197196 7fc3a9fcb700 Options.compaction_options_universal.size_ratio: 1
2019/10/17-14:54:06.197197 7fc3a9fcb700 Options.compaction_options_universal.min_merge_width: 2
2019/10/17-14:54:06.197198 7fc3a9fcb700 Options.compaction_options_universal.max_merge_width: 4294967295
2019/10/17-14:54:06.197199 7fc3a9fcb700 Options.compaction_options_universal.max_size_amplification_percent: 200
2019/10/17-14:54:06.197201 7fc3a9fcb700 Options.compaction_options_universal.compression_size_percent: -1
2019/10/17-14:54:06.197202 7fc3a9fcb700 Options.compaction_options_universal.stop_style: kCompactionStopStyleTotalSize
2019/10/17-14:54:06.197203 7fc3a9fcb700 Options.compaction_options_fifo.max_table_files_size: 1073741824
2019/10/17-14:54:06.197204 7fc3a9fcb700 Options.compaction_options_fifo.allow_compaction: 0
2019/10/17-14:54:06.197206 7fc3a9fcb700 Options.compaction_options_fifo.ttl: 0
2019/10/17-14:54:06.197207 7fc3a9fcb700                   Options.table_properties_collectors: 
2019/10/17-14:54:06.197208 7fc3a9fcb700                   Options.inplace_update_support: 0
2019/10/17-14:54:06.197209 7fc3a9fcb700                 Options.inplace_update_num_locks: 10000
2019/10/17-14:54:06.197211 7fc3a9fcb700               Options.memtable_prefix_bloom_size_ratio: 0.000000
2019/10/17-14:54:06.197212 7fc3a9fcb700   Options.memtable_huge_page_size: 0
2019/10/17-14:54:06.197214 7fc3a9fcb700                           Options.bloom_locality: 0
2019/10/17-14:54:06.197215 7fc3a9fcb700                    Options.max_successive_merges: 0
2019/10/17-14:54:06.197216 7fc3a9fcb700                Options.optimize_filters_for_hits: 0
2019/10/17-14:54:06.197217 7fc3a9fcb700                Options.paranoid_file_checks: 0
2019/10/17-14:54:06.197218 7fc3a9fcb700                Options.force_consistency_checks: 0
2019/10/17-14:54:06.197220 7fc3a9fcb700                Options.report_bg_io_stats: 0
2019/10/17-14:54:06.197221 7fc3a9fcb700                               Options.ttl: 0
2019/10/17-14:54:06.197240 7fc3a9fcb700 [db/column_family.cc:472] --------------- Options for column family [htlcs]:
2019/10/17-14:54:06.197242 7fc3a9fcb700               Options.comparator: leveldb.BytewiseComparator
2019/10/17-14:54:06.197243 7fc3a9fcb700           Options.merge_operator: None
2019/10/17-14:54:06.197245 7fc3a9fcb700        Options.compaction_filter: None
2019/10/17-14:54:06.197246 7fc3a9fcb700        Options.compaction_filter_factory: None
2019/10/17-14:54:06.197247 7fc3a9fcb700         Options.memtable_factory: SkipListFactory
2019/10/17-14:54:06.197248 7fc3a9fcb700            Options.table_factory: BlockBasedTable
2019/10/17-14:54:06.197263 7fc3a9fcb700            table_factory options:   flush_block_policy_factory: FlushBlockBySizePolicyFactory (0x7fc350112600)
