2019/10/17-14:55:13.843856 7fc3a9fcb700 RocksDB version: 5.18.3
2019/10/17-14:55:13.843941 7fc3a9fcb700 Git sha rocksdb_build_git_sha:@0@
2019/10/17-14:55:13.843946 7fc3a9fcb700 Compile date Sep 19 2019
2019/10/17-14:55:13.843950 7fc3a9fcb700 DB SUMMARY
2019/10/17-14:55:13.845236 7fc3a9fcb700 CURRENT file:  CURRENT
2019/10/17-14:55:13.845239 7fc3a9fcb700 IDENTITY file:  IDENTITY
2019/10/17-14:55:13.845288 7fc3a9fcb700 MANIFEST file:  MANIFEST-116557 size: 4114 Bytes
2019/10/17-14:55:13.845291 7fc3a9fcb700 SST files in /home/rahul/dev/blockchain-core/eqc/ledger.db dir, Total Num: 29, files: 000624.sst 000627.sst 106940.sst 108447.sst 108450.sst 109471.sst 109483.sst 109485.sst 109486.sst 
2019/10/17-14:55:13.845293 7fc3a9fcb700 Write Ahead Log file in /home/rahul/dev/blockchain-core/eqc/ledger.db: 116558.log size: 0 ; 
2019/10/17-14:55:13.845350 7fc3a9fcb700                         Options.error_if_exists: 0
2019/10/17-14:55:13.845352 7fc3a9fcb700                       Options.create_if_missing: 1
2019/10/17-14:55:13.845353 7fc3a9fcb700                         Options.paranoid_checks: 1
2019/10/17-14:55:13.845354 7fc3a9fcb700                                     Options.env: 0x7fc32ae1fc60
2019/10/17-14:55:13.845356 7fc3a9fcb700                                Options.info_log: 0x7fc35008fe40
2019/10/17-14:55:13.845357 7fc3a9fcb700                Options.max_file_opening_threads: 16
2019/10/17-14:55:13.845358 7fc3a9fcb700                              Options.statistics: (nil)
2019/10/17-14:55:13.845360 7fc3a9fcb700                               Options.use_fsync: 0
2019/10/17-14:55:13.845361 7fc3a9fcb700                       Options.max_log_file_size: 0
2019/10/17-14:55:13.845362 7fc3a9fcb700                  Options.max_manifest_file_size: 1073741824
2019/10/17-14:55:13.845364 7fc3a9fcb700                   Options.log_file_time_to_roll: 0
2019/10/17-14:55:13.845365 7fc3a9fcb700                       Options.keep_log_file_num: 1000
2019/10/17-14:55:13.845367 7fc3a9fcb700                    Options.recycle_log_file_num: 0
2019/10/17-14:55:13.845368 7fc3a9fcb700                         Options.allow_fallocate: 1
2019/10/17-14:55:13.845369 7fc3a9fcb700                        Options.allow_mmap_reads: 0
2019/10/17-14:55:13.845370 7fc3a9fcb700                       Options.allow_mmap_writes: 0
2019/10/17-14:55:13.845371 7fc3a9fcb700                        Options.use_direct_reads: 0
2019/10/17-14:55:13.845373 7fc3a9fcb700                        Options.use_direct_io_for_flush_and_compaction: 0
2019/10/17-14:55:13.845374 7fc3a9fcb700          Options.create_missing_column_families: 0
2019/10/17-14:55:13.845375 7fc3a9fcb700                              Options.db_log_dir: 
2019/10/17-14:55:13.845376 7fc3a9fcb700                                 Options.wal_dir: /home/rahul/dev/blockchain-core/eqc/ledger.db
2019/10/17-14:55:13.845378 7fc3a9fcb700                Options.table_cache_numshardbits: 6
2019/10/17-14:55:13.845379 7fc3a9fcb700                      Options.max_subcompactions: 1
2019/10/17-14:55:13.845380 7fc3a9fcb700                  Options.max_background_flushes: -1
2019/10/17-14:55:13.845381 7fc3a9fcb700                         Options.WAL_ttl_seconds: 0
2019/10/17-14:55:13.845383 7fc3a9fcb700                       Options.WAL_size_limit_MB: 0
2019/10/17-14:55:13.845384 7fc3a9fcb700             Options.manifest_preallocation_size: 4194304
2019/10/17-14:55:13.845385 7fc3a9fcb700                     Options.is_fd_close_on_exec: 1
2019/10/17-14:55:13.845387 7fc3a9fcb700                   Options.advise_random_on_open: 1
2019/10/17-14:55:13.845388 7fc3a9fcb700                    Options.db_write_buffer_size: 0
2019/10/17-14:55:13.845389 7fc3a9fcb700                    Options.write_buffer_manager: 0x7fc350097210
2019/10/17-14:55:13.845390 7fc3a9fcb700         Options.access_hint_on_compaction_start: 1
2019/10/17-14:55:13.845392 7fc3a9fcb700  Options.new_table_reader_for_compaction_inputs: 0
2019/10/17-14:55:13.845393 7fc3a9fcb700           Options.random_access_max_buffer_size: 1048576
2019/10/17-14:55:13.845394 7fc3a9fcb700                      Options.use_adaptive_mutex: 0
2019/10/17-14:55:13.845395 7fc3a9fcb700                            Options.rate_limiter: (nil)
2019/10/17-14:55:13.845412 7fc3a9fcb700     Options.sst_file_manager.rate_bytes_per_sec: 0
2019/10/17-14:55:13.845414 7fc3a9fcb700                       Options.wal_recovery_mode: 2
2019/10/17-14:55:13.845415 7fc3a9fcb700                  Options.enable_thread_tracking: 0
2019/10/17-14:55:13.845416 7fc3a9fcb700                  Options.enable_pipelined_write: 0
2019/10/17-14:55:13.845417 7fc3a9fcb700         Options.allow_concurrent_memtable_write: 1
2019/10/17-14:55:13.845419 7fc3a9fcb700      Options.enable_write_thread_adaptive_yield: 1
2019/10/17-14:55:13.845420 7fc3a9fcb700             Options.write_thread_max_yield_usec: 100
2019/10/17-14:55:13.845421 7fc3a9fcb700            Options.write_thread_slow_yield_usec: 3
2019/10/17-14:55:13.845422 7fc3a9fcb700                               Options.row_cache: None
2019/10/17-14:55:13.845423 7fc3a9fcb700                              Options.wal_filter: None
2019/10/17-14:55:13.845425 7fc3a9fcb700             Options.avoid_flush_during_recovery: 0
2019/10/17-14:55:13.845426 7fc3a9fcb700             Options.allow_ingest_behind: 0
2019/10/17-14:55:13.845427 7fc3a9fcb700             Options.preserve_deletes: 0
2019/10/17-14:55:13.845429 7fc3a9fcb700             Options.two_write_queues: 0
2019/10/17-14:55:13.845430 7fc3a9fcb700             Options.manual_wal_flush: 0
2019/10/17-14:55:13.845431 7fc3a9fcb700             Options.max_background_jobs: 2
2019/10/17-14:55:13.845432 7fc3a9fcb700             Options.max_background_compactions: -1
2019/10/17-14:55:13.845434 7fc3a9fcb700             Options.avoid_flush_during_shutdown: 0
2019/10/17-14:55:13.845435 7fc3a9fcb700           Options.writable_file_max_buffer_size: 1048576
2019/10/17-14:55:13.845436 7fc3a9fcb700             Options.delayed_write_rate : 16777216
2019/10/17-14:55:13.845437 7fc3a9fcb700             Options.max_total_wal_size: 0
2019/10/17-14:55:13.845439 7fc3a9fcb700             Options.delete_obsolete_files_period_micros: 21600000000
2019/10/17-14:55:13.845440 7fc3a9fcb700                   Options.stats_dump_period_sec: 600
2019/10/17-14:55:13.845441 7fc3a9fcb700                          Options.max_open_files: -1
2019/10/17-14:55:13.845442 7fc3a9fcb700                          Options.bytes_per_sync: 0
2019/10/17-14:55:13.845444 7fc3a9fcb700                      Options.wal_bytes_per_sync: 0
2019/10/17-14:55:13.845445 7fc3a9fcb700       Options.compaction_readahead_size: 0
2019/10/17-14:55:13.845446 7fc3a9fcb700 Compression algorithms supported:
2019/10/17-14:55:13.845447 7fc3a9fcb700 	kZSTDNotFinalCompression supported: 0
2019/10/17-14:55:13.845449 7fc3a9fcb700 	kZSTD supported: 0
2019/10/17-14:55:13.845451 7fc3a9fcb700 	kXpressCompression supported: 0
2019/10/17-14:55:13.845452 7fc3a9fcb700 	kLZ4HCCompression supported: 0
2019/10/17-14:55:13.845453 7fc3a9fcb700 	kLZ4Compression supported: 0
2019/10/17-14:55:13.845455 7fc3a9fcb700 	kBZip2Compression supported: 0
2019/10/17-14:55:13.845456 7fc3a9fcb700 	kZlibCompression supported: 0
2019/10/17-14:55:13.845457 7fc3a9fcb700 	kSnappyCompression supported: 0
2019/10/17-14:55:13.845460 7fc3a9fcb700 Fast CRC32 supported: Supported on x86
2019/10/17-14:55:13.845612 7fc3a9fcb700 [db/version_set.cc:3507] Recovering from manifest file: MANIFEST-116557
2019/10/17-14:55:13.845665 7fc3a9fcb700 [db/column_family.cc:472] --------------- Options for column family [default]:
2019/10/17-14:55:13.845668 7fc3a9fcb700               Options.comparator: leveldb.BytewiseComparator
2019/10/17-14:55:13.845669 7fc3a9fcb700           Options.merge_operator: None
2019/10/17-14:55:13.845670 7fc3a9fcb700        Options.compaction_filter: None
2019/10/17-14:55:13.845672 7fc3a9fcb700        Options.compaction_filter_factory: None
2019/10/17-14:55:13.845673 7fc3a9fcb700         Options.memtable_factory: SkipListFactory
2019/10/17-14:55:13.845674 7fc3a9fcb700            Options.table_factory: BlockBasedTable
2019/10/17-14:55:13.845696 7fc3a9fcb700            table_factory options:   flush_block_policy_factory: FlushBlockBySizePolicyFactory (0x7fc3500986f0)
  cache_index_and_filter_blocks: 0
  cache_index_and_filter_blocks_with_high_priority: 0
  pin_l0_filter_and_index_blocks_in_cache: 0
  pin_top_level_index_and_filter: 1
  index_type: 0
  hash_index_allow_collision: 1
  checksum: 1
  no_block_cache: 0
  block_cache: 0x7fc3500b6fb0
  block_cache_name: LRUCache
  block_cache_options:
    capacity : 8388608
    num_shard_bits : 4
    strict_capacity_limit : 0
    memory_allocator : None
    high_pri_pool_ratio: 0.000
  block_cache_compressed: (nil)
  persistent_cache: (nil)
  block_size: 4096
  block_size_deviation: 10
  block_restart_interval: 16
  index_block_restart_interval: 1
  metadata_block_size: 4096
  partition_filters: 0
  use_delta_encoding: 1
  filter_policy: nullptr
  whole_key_filtering: 1
  verify_compression: 0
  read_amp_bytes_per_bit: 0
  format_version: 2
  enable_index_compression: 1
  block_align: 0
2019/10/17-14:55:13.845711 7fc3a9fcb700        Options.write_buffer_size: 67108864
2019/10/17-14:55:13.845713 7fc3a9fcb700  Options.max_write_buffer_number: 2
2019/10/17-14:55:13.845714 7fc3a9fcb700          Options.compression: NoCompression
2019/10/17-14:55:13.845716 7fc3a9fcb700                  Options.bottommost_compression: Disabled
2019/10/17-14:55:13.845717 7fc3a9fcb700       Options.prefix_extractor: nullptr
2019/10/17-14:55:13.845718 7fc3a9fcb700   Options.memtable_insert_with_hint_prefix_extractor: nullptr
2019/10/17-14:55:13.845720 7fc3a9fcb700             Options.num_levels: 7
2019/10/17-14:55:13.845721 7fc3a9fcb700        Options.min_write_buffer_number_to_merge: 1
2019/10/17-14:55:13.845722 7fc3a9fcb700     Options.max_write_buffer_number_to_maintain: 0
2019/10/17-14:55:13.845723 7fc3a9fcb700            Options.bottommost_compression_opts.window_bits: -14
2019/10/17-14:55:13.845725 7fc3a9fcb700                  Options.bottommost_compression_opts.level: 32767
2019/10/17-14:55:13.845726 7fc3a9fcb700               Options.bottommost_compression_opts.strategy: 0
2019/10/17-14:55:13.845727 7fc3a9fcb700         Options.bottommost_compression_opts.max_dict_bytes: 0
2019/10/17-14:55:13.845728 7fc3a9fcb700         Options.bottommost_compression_opts.zstd_max_train_bytes: 0
2019/10/17-14:55:13.845730 7fc3a9fcb700                  Options.bottommost_compression_opts.enabled: false
2019/10/17-14:55:13.845731 7fc3a9fcb700            Options.compression_opts.window_bits: -14
2019/10/17-14:55:13.845732 7fc3a9fcb700                  Options.compression_opts.level: 32767
2019/10/17-14:55:13.845733 7fc3a9fcb700               Options.compression_opts.strategy: 0
2019/10/17-14:55:13.845735 7fc3a9fcb700         Options.compression_opts.max_dict_bytes: 0
2019/10/17-14:55:13.845736 7fc3a9fcb700         Options.compression_opts.zstd_max_train_bytes: 0
2019/10/17-14:55:13.845737 7fc3a9fcb700                  Options.compression_opts.enabled: false
2019/10/17-14:55:13.845738 7fc3a9fcb700      Options.level0_file_num_compaction_trigger: 4
2019/10/17-14:55:13.845739 7fc3a9fcb700          Options.level0_slowdown_writes_trigger: 20
2019/10/17-14:55:13.845741 7fc3a9fcb700              Options.level0_stop_writes_trigger: 36
2019/10/17-14:55:13.845742 7fc3a9fcb700                   Options.target_file_size_base: 67108864
2019/10/17-14:55:13.845743 7fc3a9fcb700             Options.target_file_size_multiplier: 1
2019/10/17-14:55:13.845744 7fc3a9fcb700                Options.max_bytes_for_level_base: 268435456
2019/10/17-14:55:13.845746 7fc3a9fcb700 Options.level_compaction_dynamic_level_bytes: 0
2019/10/17-14:55:13.845747 7fc3a9fcb700          Options.max_bytes_for_level_multiplier: 10.000000
2019/10/17-14:55:13.845750 7fc3a9fcb700 Options.max_bytes_for_level_multiplier_addtl[0]: 1
2019/10/17-14:55:13.845751 7fc3a9fcb700 Options.max_bytes_for_level_multiplier_addtl[1]: 1
2019/10/17-14:55:13.845753 7fc3a9fcb700 Options.max_bytes_for_level_multiplier_addtl[2]: 1
2019/10/17-14:55:13.845754 7fc3a9fcb700 Options.max_bytes_for_level_multiplier_addtl[3]: 1
2019/10/17-14:55:13.845755 7fc3a9fcb700 Options.max_bytes_for_level_multiplier_addtl[4]: 1
2019/10/17-14:55:13.845763 7fc3a9fcb700 Options.max_bytes_for_level_multiplier_addtl[5]: 1
2019/10/17-14:55:13.845765 7fc3a9fcb700 Options.max_bytes_for_level_multiplier_addtl[6]: 1
2019/10/17-14:55:13.845766 7fc3a9fcb700       Options.max_sequential_skip_in_iterations: 8
2019/10/17-14:55:13.845767 7fc3a9fcb700                    Options.max_compaction_bytes: 1677721600
2019/10/17-14:55:13.845768 7fc3a9fcb700                        Options.arena_block_size: 8388608
2019/10/17-14:55:13.845770 7fc3a9fcb700   Options.soft_pending_compaction_bytes_limit: 68719476736
2019/10/17-14:55:13.845771 7fc3a9fcb700   Options.hard_pending_compaction_bytes_limit: 274877906944
2019/10/17-14:55:13.845772 7fc3a9fcb700       Options.rate_limit_delay_max_milliseconds: 100
2019/10/17-14:55:13.845773 7fc3a9fcb700                Options.disable_auto_compactions: 0
2019/10/17-14:55:13.845775 7fc3a9fcb700                        Options.compaction_style: kCompactionStyleLevel
2019/10/17-14:55:13.845777 7fc3a9fcb700                          Options.compaction_pri: kByCompensatedSize
2019/10/17-14:55:13.845779 7fc3a9fcb700 Options.compaction_options_universal.size_ratio: 1
2019/10/17-14:55:13.845780 7fc3a9fcb700 Options.compaction_options_universal.min_merge_width: 2
2019/10/17-14:55:13.845781 7fc3a9fcb700 Options.compaction_options_universal.max_merge_width: 4294967295
2019/10/17-14:55:13.845783 7fc3a9fcb700 Options.compaction_options_universal.max_size_amplification_percent: 200
2019/10/17-14:55:13.845784 7fc3a9fcb700 Options.compaction_options_universal.compression_size_percent: -1
2019/10/17-14:55:13.845785 7fc3a9fcb700 Options.compaction_options_universal.stop_style: kCompactionStopStyleTotalSize
2019/10/17-14:55:13.845787 7fc3a9fcb700 Options.compaction_options_fifo.max_table_files_size: 1073741824
2019/10/17-14:55:13.845788 7fc3a9fcb700 Options.compaction_options_fifo.allow_compaction: 0
2019/10/17-14:55:13.845789 7fc3a9fcb700 Options.compaction_options_fifo.ttl: 0
2019/10/17-14:55:13.845790 7fc3a9fcb700                   Options.table_properties_collectors: 
2019/10/17-14:55:13.845792 7fc3a9fcb700                   Options.inplace_update_support: 0
2019/10/17-14:55:13.845793 7fc3a9fcb700                 Options.inplace_update_num_locks: 10000
2019/10/17-14:55:13.845794 7fc3a9fcb700               Options.memtable_prefix_bloom_size_ratio: 0.000000
2019/10/17-14:55:13.845796 7fc3a9fcb700   Options.memtable_huge_page_size: 0
2019/10/17-14:55:13.845797 7fc3a9fcb700                           Options.bloom_locality: 0
2019/10/17-14:55:13.845799 7fc3a9fcb700                    Options.max_successive_merges: 0
2019/10/17-14:55:13.845800 7fc3a9fcb700                Options.optimize_filters_for_hits: 0
2019/10/17-14:55:13.845801 7fc3a9fcb700                Options.paranoid_file_checks: 0
2019/10/17-14:55:13.845802 7fc3a9fcb700                Options.force_consistency_checks: 0
2019/10/17-14:55:13.845804 7fc3a9fcb700                Options.report_bg_io_stats: 0
2019/10/17-14:55:13.845805 7fc3a9fcb700                               Options.ttl: 0
2019/10/17-14:55:13.845849 7fc3a9fcb700 [db/column_family.cc:472] --------------- Options for column family [active_gateways]:
2019/10/17-14:55:13.845851 7fc3a9fcb700               Options.comparator: leveldb.BytewiseComparator
2019/10/17-14:55:13.845853 7fc3a9fcb700           Options.merge_operator: None
2019/10/17-14:55:13.845854 7fc3a9fcb700        Options.compaction_filter: None
2019/10/17-14:55:13.845855 7fc3a9fcb700        Options.compaction_filter_factory: None
2019/10/17-14:55:13.845856 7fc3a9fcb700         Options.memtable_factory: SkipListFactory
2019/10/17-14:55:13.845858 7fc3a9fcb700            Options.table_factory: BlockBasedTable
2019/10/17-14:55:13.845875 7fc3a9fcb700            table_factory options:   flush_block_policy_factory: FlushBlockBySizePolicyFactory (0x7fc3500a06b0)
  cache_index_and_filter_blocks: 0
  cache_index_and_filter_blocks_with_high_priority: 0
  pin_l0_filter_and_index_blocks_in_cache: 0
  pin_top_level_index_and_filter: 1
  index_type: 0
  hash_index_allow_collision: 1
  checksum: 1
  no_block_cache: 0
  block_cache: 0x7fc350070d60
  block_cache_name: LRUCache
  block_cache_options:
    capacity : 8388608
    num_shard_bits : 4
    strict_capacity_limit : 0
    memory_allocator : None
    high_pri_pool_ratio: 0.000
  block_cache_compressed: (nil)
  persistent_cache: (nil)
  block_size: 4096
  block_size_deviation: 10
  block_restart_interval: 16
  index_block_restart_interval: 1
  metadata_block_size: 4096
  partition_filters: 0
  use_delta_encoding: 1
  filter_policy: nullptr
  whole_key_filtering: 1
  verify_compression: 0
  read_amp_bytes_per_bit: 0
  format_version: 2
  enable_index_compression: 1
  block_align: 0
2019/10/17-14:55:13.845885 7fc3a9fcb700        Options.write_buffer_size: 67108864
2019/10/17-14:55:13.845887 7fc3a9fcb700  Options.max_write_buffer_number: 2
2019/10/17-14:55:13.845889 7fc3a9fcb700          Options.compression: NoCompression
2019/10/17-14:55:13.845890 7fc3a9fcb700                  Options.bottommost_compression: Disabled
2019/10/17-14:55:13.845891 7fc3a9fcb700       Options.prefix_extractor: nullptr
2019/10/17-14:55:13.845892 7fc3a9fcb700   Options.memtable_insert_with_hint_prefix_extractor: nullptr
2019/10/17-14:55:13.845893 7fc3a9fcb700             Options.num_levels: 7
2019/10/17-14:55:13.845895 7fc3a9fcb700        Options.min_write_buffer_number_to_merge: 1
2019/10/17-14:55:13.845896 7fc3a9fcb700     Options.max_write_buffer_number_to_maintain: 0
2019/10/17-14:55:13.845897 7fc3a9fcb700            Options.bottommost_compression_opts.window_bits: -14
2019/10/17-14:55:13.845898 7fc3a9fcb700                  Options.bottommost_compression_opts.level: 32767
2019/10/17-14:55:13.845900 7fc3a9fcb700               Options.bottommost_compression_opts.strategy: 0
2019/10/17-14:55:13.845901 7fc3a9fcb700         Options.bottommost_compression_opts.max_dict_bytes: 0
2019/10/17-14:55:13.845902 7fc3a9fcb700         Options.bottommost_compression_opts.zstd_max_train_bytes: 0
2019/10/17-14:55:13.845903 7fc3a9fcb700                  Options.bottommost_compression_opts.enabled: false
2019/10/17-14:55:13.845904 7fc3a9fcb700            Options.compression_opts.window_bits: -14
2019/10/17-14:55:13.845906 7fc3a9fcb700                  Options.compression_opts.level: 32767
2019/10/17-14:55:13.845907 7fc3a9fcb700               Options.compression_opts.strategy: 0
2019/10/17-14:55:13.845908 7fc3a9fcb700         Options.compression_opts.max_dict_bytes: 0
2019/10/17-14:55:13.845909 7fc3a9fcb700         Options.compression_opts.zstd_max_train_bytes: 0
2019/10/17-14:55:13.845911 7fc3a9fcb700                  Options.compression_opts.enabled: false
2019/10/17-14:55:13.845912 7fc3a9fcb700      Options.level0_file_num_compaction_trigger: 4
2019/10/17-14:55:13.845913 7fc3a9fcb700          Options.level0_slowdown_writes_trigger: 20
2019/10/17-14:55:13.845914 7fc3a9fcb700              Options.level0_stop_writes_trigger: 36
2019/10/17-14:55:13.845915 7fc3a9fcb700                   Options.target_file_size_base: 67108864
2019/10/17-14:55:13.845917 7fc3a9fcb700             Options.target_file_size_multiplier: 1
2019/10/17-14:55:13.845918 7fc3a9fcb700                Options.max_bytes_for_level_base: 268435456
2019/10/17-14:55:13.845919 7fc3a9fcb700 Options.level_compaction_dynamic_level_bytes: 0
2019/10/17-14:55:13.845920 7fc3a9fcb700          Options.max_bytes_for_level_multiplier: 10.000000
2019/10/17-14:55:13.845923 7fc3a9fcb700 Options.max_bytes_for_level_multiplier_addtl[0]: 1
2019/10/17-14:55:13.845924 7fc3a9fcb700 Options.max_bytes_for_level_multiplier_addtl[1]: 1
2019/10/17-14:55:13.845925 7fc3a9fcb700 Options.max_bytes_for_level_multiplier_addtl[2]: 1
2019/10/17-14:55:13.845926 7fc3a9fcb700 Options.max_bytes_for_level_multiplier_addtl[3]: 1
2019/10/17-14:55:13.845928 7fc3a9fcb700 Options.max_bytes_for_level_multiplier_addtl[4]: 1
2019/10/17-14:55:13.845929 7fc3a9fcb700 Options.max_bytes_for_level_multiplier_addtl[5]: 1
2019/10/17-14:55:13.845930 7fc3a9fcb700 Options.max_bytes_for_level_multiplier_addtl[6]: 1
2019/10/17-14:55:13.845931 7fc3a9fcb700       Options.max_sequential_skip_in_iterations: 8
2019/10/17-14:55:13.845939 7fc3a9fcb700                    Options.max_compaction_bytes: 1677721600
2019/10/17-14:55:13.845940 7fc3a9fcb700                        Options.arena_block_size: 8388608
2019/10/17-14:55:13.845941 7fc3a9fcb700   Options.soft_pending_compaction_bytes_limit: 68719476736
2019/10/17-14:55:13.845943 7fc3a9fcb700   Options.hard_pending_compaction_bytes_limit: 274877906944
2019/10/17-14:55:13.845944 7fc3a9fcb700       Options.rate_limit_delay_max_milliseconds: 100
2019/10/17-14:55:13.845945 7fc3a9fcb700                Options.disable_auto_compactions: 0
2019/10/17-14:55:13.845947 7fc3a9fcb700                        Options.compaction_style: kCompactionStyleLevel
2019/10/17-14:55:13.845948 7fc3a9fcb700                          Options.compaction_pri: kByCompensatedSize
2019/10/17-14:55:13.845949 7fc3a9fcb700 Options.compaction_options_universal.size_ratio: 1
2019/10/17-14:55:13.845951 7fc3a9fcb700 Options.compaction_options_universal.min_merge_width: 2
2019/10/17-14:55:13.845952 7fc3a9fcb700 Options.compaction_options_universal.max_merge_width: 4294967295
2019/10/17-14:55:13.845953 7fc3a9fcb700 Options.compaction_options_universal.max_size_amplification_percent: 200
2019/10/17-14:55:13.845954 7fc3a9fcb700 Options.compaction_options_universal.compression_size_percent: -1
2019/10/17-14:55:13.845956 7fc3a9fcb700 Options.compaction_options_universal.stop_style: kCompactionStopStyleTotalSize
2019/10/17-14:55:13.845957 7fc3a9fcb700 Options.compaction_options_fifo.max_table_files_size: 1073741824
2019/10/17-14:55:13.845958 7fc3a9fcb700 Options.compaction_options_fifo.allow_compaction: 0
2019/10/17-14:55:13.845959 7fc3a9fcb700 Options.compaction_options_fifo.ttl: 0
2019/10/17-14:55:13.845961 7fc3a9fcb700                   Options.table_properties_collectors: 
2019/10/17-14:55:13.845962 7fc3a9fcb700                   Options.inplace_update_support: 0
2019/10/17-14:55:13.845963 7fc3a9fcb700                 Options.inplace_update_num_locks: 10000
2019/10/17-14:55:13.845964 7fc3a9fcb700               Options.memtable_prefix_bloom_size_ratio: 0.000000
2019/10/17-14:55:13.845966 7fc3a9fcb700   Options.memtable_huge_page_size: 0
2019/10/17-14:55:13.845968 7fc3a9fcb700                           Options.bloom_locality: 0
2019/10/17-14:55:13.845969 7fc3a9fcb700                    Options.max_successive_merges: 0
2019/10/17-14:55:13.845970 7fc3a9fcb700                Options.optimize_filters_for_hits: 0
2019/10/17-14:55:13.845971 7fc3a9fcb700                Options.paranoid_file_checks: 0
2019/10/17-14:55:13.845972 7fc3a9fcb700                Options.force_consistency_checks: 0
2019/10/17-14:55:13.845974 7fc3a9fcb700                Options.report_bg_io_stats: 0
2019/10/17-14:55:13.845975 7fc3a9fcb700                               Options.ttl: 0
2019/10/17-14:55:13.846002 7fc3a9fcb700 [db/column_family.cc:472] --------------- Options for column family [entries]:
2019/10/17-14:55:13.846004 7fc3a9fcb700               Options.comparator: leveldb.BytewiseComparator
2019/10/17-14:55:13.846005 7fc3a9fcb700           Options.merge_operator: None
2019/10/17-14:55:13.846007 7fc3a9fcb700        Options.compaction_filter: None
2019/10/17-14:55:13.846008 7fc3a9fcb700        Options.compaction_filter_factory: None
2019/10/17-14:55:13.846009 7fc3a9fcb700         Options.memtable_factory: SkipListFactory
2019/10/17-14:55:13.846010 7fc3a9fcb700            Options.table_factory: BlockBasedTable
2019/10/17-14:55:13.846026 7fc3a9fcb700            table_factory options:   flush_block_policy_factory: FlushBlockBySizePolicyFactory (0x7fc350071030)
  cache_index_and_filter_blocks: 0
  cache_index_and_filter_blocks_with_high_priority: 0
  pin_l0_filter_and_index_blocks_in_cache: 0
  pin_top_level_index_and_filter: 1
  index_type: 0
  hash_index_allow_collision: 1
  checksum: 1
  no_block_cache: 0
  block_cache: 0x7fc35005af80
  block_cache_name: LRUCache
  block_cache_options:
    capacity : 8388608
    num_shard_bits : 4
    strict_capacity_limit : 0
    memory_allocator : None
    high_pri_pool_ratio: 0.000
  block_cache_compressed: (nil)
  persistent_cache: (nil)
  block_size: 4096
  block_size_deviation: 10
  block_restart_interval: 16
  index_block_restart_interval: 1
  metadata_block_size: 4096
  partition_filters: 0
  use_delta_encoding: 1
  filter_policy: nullptr
  whole_key_filtering: 1
  verify_compression: 0
  read_amp_bytes_per_bit: 0
  format_version: 2
  enable_index_compression: 1
  block_align: 0
2019/10/17-14:55:13.846036 7fc3a9fcb700        Options.write_buffer_size: 67108864
2019/10/17-14:55:13.846038 7fc3a9fcb700  Options.max_write_buffer_number: 2
2019/10/17-14:55:13.846039 7fc3a9fcb700          Options.compression: NoCompression
2019/10/17-14:55:13.846040 7fc3a9fcb700                  Options.bottommost_compression: Disabled
2019/10/17-14:55:13.846042 7fc3a9fcb700       Options.prefix_extractor: nullptr
2019/10/17-14:55:13.846043 7fc3a9fcb700   Options.memtable_insert_with_hint_prefix_extractor: nullptr
2019/10/17-14:55:13.846044 7fc3a9fcb700             Options.num_levels: 7
2019/10/17-14:55:13.846045 7fc3a9fcb700        Options.min_write_buffer_number_to_merge: 1
2019/10/17-14:55:13.846046 7fc3a9fcb700     Options.max_write_buffer_number_to_maintain: 0
2019/10/17-14:55:13.846048 7fc3a9fcb700            Options.bottommost_compression_opts.window_bits: -14
2019/10/17-14:55:13.846049 7fc3a9fcb700                  Options.bottommost_compression_opts.level: 32767
2019/10/17-14:55:13.846050 7fc3a9fcb700               Options.bottommost_compression_opts.strategy: 0
2019/10/17-14:55:13.846051 7fc3a9fcb700         Options.bottommost_compression_opts.max_dict_bytes: 0
2019/10/17-14:55:13.846052 7fc3a9fcb700         Options.bottommost_compression_opts.zstd_max_train_bytes: 0
2019/10/17-14:55:13.846054 7fc3a9fcb700                  Options.bottommost_compression_opts.enabled: false
2019/10/17-14:55:13.846055 7fc3a9fcb700            Options.compression_opts.window_bits: -14
2019/10/17-14:55:13.846056 7fc3a9fcb700                  Options.compression_opts.level: 32767
2019/10/17-14:55:13.846057 7fc3a9fcb700               Options.compression_opts.strategy: 0
2019/10/17-14:55:13.846058 7fc3a9fcb700         Options.compression_opts.max_dict_bytes: 0
2019/10/17-14:55:13.846060 7fc3a9fcb700         Options.compression_opts.zstd_max_train_bytes: 0
2019/10/17-14:55:13.846061 7fc3a9fcb700                  Options.compression_opts.enabled: false
2019/10/17-14:55:13.846062 7fc3a9fcb700      Options.level0_file_num_compaction_trigger: 4
2019/10/17-14:55:13.846063 7fc3a9fcb700          Options.level0_slowdown_writes_trigger: 20
2019/10/17-14:55:13.846065 7fc3a9fcb700              Options.level0_stop_writes_trigger: 36
2019/10/17-14:55:13.846066 7fc3a9fcb700                   Options.target_file_size_base: 67108864
2019/10/17-14:55:13.846067 7fc3a9fcb700             Options.target_file_size_multiplier: 1
2019/10/17-14:55:13.846068 7fc3a9fcb700                Options.max_bytes_for_level_base: 268435456
2019/10/17-14:55:13.846070 7fc3a9fcb700 Options.level_compaction_dynamic_level_bytes: 0
2019/10/17-14:55:13.846071 7fc3a9fcb700          Options.max_bytes_for_level_multiplier: 10.000000
2019/10/17-14:55:13.846073 7fc3a9fcb700 Options.max_bytes_for_level_multiplier_addtl[0]: 1
2019/10/17-14:55:13.846074 7fc3a9fcb700 Options.max_bytes_for_level_multiplier_addtl[1]: 1
2019/10/17-14:55:13.846076 7fc3a9fcb700 Options.max_bytes_for_level_multiplier_addtl[2]: 1
2019/10/17-14:55:13.846077 7fc3a9fcb700 Options.max_bytes_for_level_multiplier_addtl[3]: 1
2019/10/17-14:55:13.846078 7fc3a9fcb700 Options.max_bytes_for_level_multiplier_addtl[4]: 1
2019/10/17-14:55:13.846079 7fc3a9fcb700 Options.max_bytes_for_level_multiplier_addtl[5]: 1
2019/10/17-14:55:13.846080 7fc3a9fcb700 Options.max_bytes_for_level_multiplier_addtl[6]: 1
2019/10/17-14:55:13.846082 7fc3a9fcb700       Options.max_sequential_skip_in_iterations: 8
2019/10/17-14:55:13.846083 7fc3a9fcb700                    Options.max_compaction_bytes: 1677721600
2019/10/17-14:55:13.846084 7fc3a9fcb700                        Options.arena_block_size: 8388608
2019/10/17-14:55:13.846085 7fc3a9fcb700   Options.soft_pending_compaction_bytes_limit: 68719476736
2019/10/17-14:55:13.846093 7fc3a9fcb700   Options.hard_pending_compaction_bytes_limit: 274877906944
2019/10/17-14:55:13.846094 7fc3a9fcb700       Options.rate_limit_delay_max_milliseconds: 100
2019/10/17-14:55:13.846096 7fc3a9fcb700                Options.disable_auto_compactions: 0
2019/10/17-14:55:13.846097 7fc3a9fcb700                        Options.compaction_style: kCompactionStyleLevel
2019/10/17-14:55:13.846099 7fc3a9fcb700                          Options.compaction_pri: kByCompensatedSize
2019/10/17-14:55:13.846100 7fc3a9fcb700 Options.compaction_options_universal.size_ratio: 1
2019/10/17-14:55:13.846101 7fc3a9fcb700 Options.compaction_options_universal.min_merge_width: 2
2019/10/17-14:55:13.846102 7fc3a9fcb700 Options.compaction_options_universal.max_merge_width: 4294967295
2019/10/17-14:55:13.846104 7fc3a9fcb700 Options.compaction_options_universal.max_size_amplification_percent: 200
2019/10/17-14:55:13.846105 7fc3a9fcb700 Options.compaction_options_universal.compression_size_percent: -1
2019/10/17-14:55:13.846106 7fc3a9fcb700 Options.compaction_options_universal.stop_style: kCompactionStopStyleTotalSize
2019/10/17-14:55:13.846108 7fc3a9fcb700 Options.compaction_options_fifo.max_table_files_size: 1073741824
2019/10/17-14:55:13.846109 7fc3a9fcb700 Options.compaction_options_fifo.allow_compaction: 0
2019/10/17-14:55:13.846110 7fc3a9fcb700 Options.compaction_options_fifo.ttl: 0
2019/10/17-14:55:13.846111 7fc3a9fcb700                   Options.table_properties_collectors: 
2019/10/17-14:55:13.846112 7fc3a9fcb700                   Options.inplace_update_support: 0
2019/10/17-14:55:13.846114 7fc3a9fcb700                 Options.inplace_update_num_locks: 10000
2019/10/17-14:55:13.846115 7fc3a9fcb700               Options.memtable_prefix_bloom_size_ratio: 0.000000
2019/10/17-14:55:13.846117 7fc3a9fcb700   Options.memtable_huge_page_size: 0
2019/10/17-14:55:13.846118 7fc3a9fcb700                           Options.bloom_locality: 0
2019/10/17-14:55:13.846119 7fc3a9fcb700                    Options.max_successive_merges: 0
2019/10/17-14:55:13.846120 7fc3a9fcb700                Options.optimize_filters_for_hits: 0
2019/10/17-14:55:13.846122 7fc3a9fcb700                Options.paranoid_file_checks: 0
2019/10/17-14:55:13.846123 7fc3a9fcb700                Options.force_consistency_checks: 0
2019/10/17-14:55:13.846124 7fc3a9fcb700                Options.report_bg_io_stats: 0
2019/10/17-14:55:13.846125 7fc3a9fcb700                               Options.ttl: 0
2019/10/17-14:55:13.846148 7fc3a9fcb700 [db/column_family.cc:472] --------------- Options for column family [dc_entries]:
2019/10/17-14:55:13.846150 7fc3a9fcb700               Options.comparator: leveldb.BytewiseComparator
2019/10/17-14:55:13.846151 7fc3a9fcb700           Options.merge_operator: None
2019/10/17-14:55:13.846153 7fc3a9fcb700        Options.compaction_filter: None
2019/10/17-14:55:13.846154 7fc3a9fcb700        Options.compaction_filter_factory: None
2019/10/17-14:55:13.846155 7fc3a9fcb700         Options.memtable_factory: SkipListFactory
2019/10/17-14:55:13.846156 7fc3a9fcb700            Options.table_factory: BlockBasedTable
2019/10/17-14:55:13.846171 7fc3a9fcb700            table_factory options:   flush_block_policy_factory: FlushBlockBySizePolicyFactory (0x7fc350078bc0)
  cache_index_and_filter_blocks: 0
  cache_index_and_filter_blocks_with_high_priority: 0
  pin_l0_filter_and_index_blocks_in_cache: 0
  pin_top_level_index_and_filter: 1
  index_type: 0
  hash_index_allow_collision: 1
  checksum: 1
  no_block_cache: 0
  block_cache: 0x7fc35010eba0
  block_cache_name: LRUCache
  block_cache_options:
    capacity : 8388608
    num_shard_bits : 4
    strict_capacity_limit : 0
    memory_allocator : None
    high_pri_pool_ratio: 0.000
  block_cache_compressed: (nil)
  persistent_cache: (nil)
  block_size: 4096
  block_size_deviation: 10
  block_restart_interval: 16
  index_block_restart_interval: 1
  metadata_block_size: 4096
  partition_filters: 0
  use_delta_encoding: 1
  filter_policy: nullptr
  whole_key_filtering: 1
  verify_compression: 0
  read_amp_bytes_per_bit: 0
  format_version: 2
  enable_index_compression: 1
  block_align: 0
2019/10/17-14:55:13.846181 7fc3a9fcb700        Options.write_buffer_size: 67108864
2019/10/17-14:55:13.846183 7fc3a9fcb700  Options.max_write_buffer_number: 2
2019/10/17-14:55:13.846184 7fc3a9fcb700          Options.compression: NoCompression
2019/10/17-14:55:13.846185 7fc3a9fcb700                  Options.bottommost_compression: Disabled
2019/10/17-14:55:13.846187 7fc3a9fcb700       Options.prefix_extractor: nullptr
2019/10/17-14:55:13.846188 7fc3a9fcb700   Options.memtable_insert_with_hint_prefix_extractor: nullptr
2019/10/17-14:55:13.846189 7fc3a9fcb700             Options.num_levels: 7
2019/10/17-14:55:13.846190 7fc3a9fcb700        Options.min_write_buffer_number_to_merge: 1
2019/10/17-14:55:13.846192 7fc3a9fcb700     Options.max_write_buffer_number_to_maintain: 0
2019/10/17-14:55:13.846193 7fc3a9fcb700            Options.bottommost_compression_opts.window_bits: -14
2019/10/17-14:55:13.846194 7fc3a9fcb700                  Options.bottommost_compression_opts.level: 32767
2019/10/17-14:55:13.846195 7fc3a9fcb700               Options.bottommost_compression_opts.strategy: 0
2019/10/17-14:55:13.846196 7fc3a9fcb700         Options.bottommost_compression_opts.max_dict_bytes: 0
2019/10/17-14:55:13.846197 7fc3a9fcb700         Options.bottommost_compression_opts.zstd_max_train_bytes: 0
2019/10/17-14:55:13.846199 7fc3a9fcb700                  Options.bottommost_compression_opts.enabled: false
2019/10/17-14:55:13.846200 7fc3a9fcb700            Options.compression_opts.window_bits: -14
2019/10/17-14:55:13.846201 7fc3a9fcb700                  Options.compression_opts.level: 32767
2019/10/17-14:55:13.846202 7fc3a9fcb700               Options.compression_opts.strategy: 0
2019/10/17-14:55:13.846204 7fc3a9fcb700         Options.compression_opts.max_dict_bytes: 0
2019/10/17-14:55:13.846205 7fc3a9fcb700         Options.compression_opts.zstd_max_train_bytes: 0
2019/10/17-14:55:13.846206 7fc3a9fcb700                  Options.compression_opts.enabled: false
2019/10/17-14:55:13.846207 7fc3a9fcb700      Options.level0_file_num_compaction_trigger: 4
2019/10/17-14:55:13.846208 7fc3a9fcb700          Options.level0_slowdown_writes_trigger: 20
2019/10/17-14:55:13.846210 7fc3a9fcb700              Options.level0_stop_writes_trigger: 36
2019/10/17-14:55:13.846211 7fc3a9fcb700                   Options.target_file_size_base: 67108864
2019/10/17-14:55:13.846212 7fc3a9fcb700             Options.target_file_size_multiplier: 1
2019/10/17-14:55:13.846213 7fc3a9fcb700                Options.max_bytes_for_level_base: 268435456
2019/10/17-14:55:13.846215 7fc3a9fcb700 Options.level_compaction_dynamic_level_bytes: 0
2019/10/17-14:55:13.846216 7fc3a9fcb700          Options.max_bytes_for_level_multiplier: 10.000000
2019/10/17-14:55:13.846218 7fc3a9fcb700 Options.max_bytes_for_level_multiplier_addtl[0]: 1
2019/10/17-14:55:13.846219 7fc3a9fcb700 Options.max_bytes_for_level_multiplier_addtl[1]: 1
2019/10/17-14:55:13.846220 7fc3a9fcb700 Options.max_bytes_for_level_multiplier_addtl[2]: 1
2019/10/17-14:55:13.846222 7fc3a9fcb700 Options.max_bytes_for_level_multiplier_addtl[3]: 1
2019/10/17-14:55:13.846223 7fc3a9fcb700 Options.max_bytes_for_level_multiplier_addtl[4]: 1
2019/10/17-14:55:13.846224 7fc3a9fcb700 Options.max_bytes_for_level_multiplier_addtl[5]: 1
2019/10/17-14:55:13.846225 7fc3a9fcb700 Options.max_bytes_for_level_multiplier_addtl[6]: 1
2019/10/17-14:55:13.846226 7fc3a9fcb700       Options.max_sequential_skip_in_iterations: 8
2019/10/17-14:55:13.846228 7fc3a9fcb700                    Options.max_compaction_bytes: 1677721600
2019/10/17-14:55:13.846229 7fc3a9fcb700                        Options.arena_block_size: 8388608
2019/10/17-14:55:13.846230 7fc3a9fcb700   Options.soft_pending_compaction_bytes_limit: 68719476736
2019/10/17-14:55:13.846231 7fc3a9fcb700   Options.hard_pending_compaction_bytes_limit: 274877906944
2019/10/17-14:55:13.846233 7fc3a9fcb700       Options.rate_limit_delay_max_milliseconds: 100
2019/10/17-14:55:13.846234 7fc3a9fcb700                Options.disable_auto_compactions: 0
2019/10/17-14:55:13.846241 7fc3a9fcb700                        Options.compaction_style: kCompactionStyleLevel
2019/10/17-14:55:13.846243 7fc3a9fcb700                          Options.compaction_pri: kByCompensatedSize
2019/10/17-14:55:13.846244 7fc3a9fcb700 Options.compaction_options_universal.size_ratio: 1
2019/10/17-14:55:13.846245 7fc3a9fcb700 Options.compaction_options_universal.min_merge_width: 2
2019/10/17-14:55:13.846247 7fc3a9fcb700 Options.compaction_options_universal.max_merge_width: 4294967295
2019/10/17-14:55:13.846248 7fc3a9fcb700 Options.compaction_options_universal.max_size_amplification_percent: 200
2019/10/17-14:55:13.846249 7fc3a9fcb700 Options.compaction_options_universal.compression_size_percent: -1
2019/10/17-14:55:13.846250 7fc3a9fcb700 Options.compaction_options_universal.stop_style: kCompactionStopStyleTotalSize
2019/10/17-14:55:13.846252 7fc3a9fcb700 Options.compaction_options_fifo.max_table_files_size: 1073741824
2019/10/17-14:55:13.846253 7fc3a9fcb700 Options.compaction_options_fifo.allow_compaction: 0
2019/10/17-14:55:13.846254 7fc3a9fcb700 Options.compaction_options_fifo.ttl: 0
2019/10/17-14:55:13.846255 7fc3a9fcb700                   Options.table_properties_collectors: 
2019/10/17-14:55:13.846256 7fc3a9fcb700                   Options.inplace_update_support: 0
2019/10/17-14:55:13.846258 7fc3a9fcb700                 Options.inplace_update_num_locks: 10000
2019/10/17-14:55:13.846259 7fc3a9fcb700               Options.memtable_prefix_bloom_size_ratio: 0.000000
2019/10/17-14:55:13.846260 7fc3a9fcb700   Options.memtable_huge_page_size: 0
2019/10/17-14:55:13.846262 7fc3a9fcb700                           Options.bloom_locality: 0
2019/10/17-14:55:13.846263 7fc3a9fcb700                    Options.max_successive_merges: 0
2019/10/17-14:55:13.846264 7fc3a9fcb700                Options.optimize_filters_for_hits: 0
2019/10/17-14:55:13.846265 7fc3a9fcb700                Options.paranoid_file_checks: 0
2019/10/17-14:55:13.846267 7fc3a9fcb700                Options.force_consistency_checks: 0
2019/10/17-14:55:13.846268 7fc3a9fcb700                Options.report_bg_io_stats: 0
2019/10/17-14:55:13.846269 7fc3a9fcb700                               Options.ttl: 0
2019/10/17-14:55:13.846289 7fc3a9fcb700 [db/column_family.cc:472] --------------- Options for column family [htlcs]:
2019/10/17-14:55:13.846291 7fc3a9fcb700               Options.comparator: leveldb.BytewiseComparator
2019/10/17-14:55:13.846292 7fc3a9fcb700           Options.merge_operator: None
2019/10/17-14:55:13.846293 7fc3a9fcb700        Options.compaction_filter: None
2019/10/17-14:55:13.846295 7fc3a9fcb700        Options.compaction_filter_factory: None
2019/10/17-14:55:13.846296 7fc3a9fcb700         Options.memtable_factory: SkipListFactory
2019/10/17-14:55:13.846297 7fc3a9fcb700            Options.table_factory: BlockBasedTable
2019/10/17-14:55:13.846312 7fc3a9fcb700            table_factory options:   flush_block_policy_factory: FlushBlockBySizePolicyFactory (0x7fc3500b5b00)
