2019/10/17-14:55:02.633910 7fc3a9fcb700 RocksDB version: 5.18.3
2019/10/17-14:55:02.634015 7fc3a9fcb700 Git sha rocksdb_build_git_sha:@0@
2019/10/17-14:55:02.634022 7fc3a9fcb700 Compile date Sep 19 2019
2019/10/17-14:55:02.634026 7fc3a9fcb700 DB SUMMARY
2019/10/17-14:55:02.636524 7fc3a9fcb700 CURRENT file:  CURRENT
2019/10/17-14:55:02.636533 7fc3a9fcb700 IDENTITY file:  IDENTITY
2019/10/17-14:55:02.636633 7fc3a9fcb700 MANIFEST file:  MANIFEST-116212 size: 4114 Bytes
2019/10/17-14:55:02.636639 7fc3a9fcb700 SST files in /home/rahul/dev/blockchain-core/eqc/ledger.db dir, Total Num: 29, files: 000624.sst 000627.sst 106940.sst 108447.sst 108450.sst 109471.sst 109483.sst 109485.sst 109486.sst 
2019/10/17-14:55:02.636644 7fc3a9fcb700 Write Ahead Log file in /home/rahul/dev/blockchain-core/eqc/ledger.db: 116213.log size: 0 ; 
2019/10/17-14:55:02.636759 7fc3a9fcb700                         Options.error_if_exists: 0
2019/10/17-14:55:02.636763 7fc3a9fcb700                       Options.create_if_missing: 1
2019/10/17-14:55:02.636766 7fc3a9fcb700                         Options.paranoid_checks: 1
2019/10/17-14:55:02.636769 7fc3a9fcb700                                     Options.env: 0x7fc32ae1fc60
2019/10/17-14:55:02.636772 7fc3a9fcb700                                Options.info_log: 0x7fc3500d77c0
2019/10/17-14:55:02.636774 7fc3a9fcb700                Options.max_file_opening_threads: 16
2019/10/17-14:55:02.636777 7fc3a9fcb700                              Options.statistics: (nil)
2019/10/17-14:55:02.636780 7fc3a9fcb700                               Options.use_fsync: 0
2019/10/17-14:55:02.636783 7fc3a9fcb700                       Options.max_log_file_size: 0
2019/10/17-14:55:02.636785 7fc3a9fcb700                  Options.max_manifest_file_size: 1073741824
2019/10/17-14:55:02.636788 7fc3a9fcb700                   Options.log_file_time_to_roll: 0
2019/10/17-14:55:02.636791 7fc3a9fcb700                       Options.keep_log_file_num: 1000
2019/10/17-14:55:02.636793 7fc3a9fcb700                    Options.recycle_log_file_num: 0
2019/10/17-14:55:02.636796 7fc3a9fcb700                         Options.allow_fallocate: 1
2019/10/17-14:55:02.636799 7fc3a9fcb700                        Options.allow_mmap_reads: 0
2019/10/17-14:55:02.636801 7fc3a9fcb700                       Options.allow_mmap_writes: 0
2019/10/17-14:55:02.636803 7fc3a9fcb700                        Options.use_direct_reads: 0
2019/10/17-14:55:02.636806 7fc3a9fcb700                        Options.use_direct_io_for_flush_and_compaction: 0
2019/10/17-14:55:02.636808 7fc3a9fcb700          Options.create_missing_column_families: 0
2019/10/17-14:55:02.636810 7fc3a9fcb700                              Options.db_log_dir: 
2019/10/17-14:55:02.636813 7fc3a9fcb700                                 Options.wal_dir: /home/rahul/dev/blockchain-core/eqc/ledger.db
2019/10/17-14:55:02.636816 7fc3a9fcb700                Options.table_cache_numshardbits: 6
2019/10/17-14:55:02.636818 7fc3a9fcb700                      Options.max_subcompactions: 1
2019/10/17-14:55:02.636821 7fc3a9fcb700                  Options.max_background_flushes: -1
2019/10/17-14:55:02.636824 7fc3a9fcb700                         Options.WAL_ttl_seconds: 0
2019/10/17-14:55:02.636826 7fc3a9fcb700                       Options.WAL_size_limit_MB: 0
2019/10/17-14:55:02.636829 7fc3a9fcb700             Options.manifest_preallocation_size: 4194304
2019/10/17-14:55:02.636831 7fc3a9fcb700                     Options.is_fd_close_on_exec: 1
2019/10/17-14:55:02.636834 7fc3a9fcb700                   Options.advise_random_on_open: 1
2019/10/17-14:55:02.636836 7fc3a9fcb700                    Options.db_write_buffer_size: 0
2019/10/17-14:55:02.636839 7fc3a9fcb700                    Options.write_buffer_manager: 0x7fc3500a7b20
2019/10/17-14:55:02.636841 7fc3a9fcb700         Options.access_hint_on_compaction_start: 1
2019/10/17-14:55:02.636844 7fc3a9fcb700  Options.new_table_reader_for_compaction_inputs: 0
2019/10/17-14:55:02.636846 7fc3a9fcb700           Options.random_access_max_buffer_size: 1048576
2019/10/17-14:55:02.636849 7fc3a9fcb700                      Options.use_adaptive_mutex: 0
2019/10/17-14:55:02.636851 7fc3a9fcb700                            Options.rate_limiter: (nil)
2019/10/17-14:55:02.636894 7fc3a9fcb700     Options.sst_file_manager.rate_bytes_per_sec: 0
2019/10/17-14:55:02.636898 7fc3a9fcb700                       Options.wal_recovery_mode: 2
2019/10/17-14:55:02.636901 7fc3a9fcb700                  Options.enable_thread_tracking: 0
2019/10/17-14:55:02.636903 7fc3a9fcb700                  Options.enable_pipelined_write: 0
2019/10/17-14:55:02.636906 7fc3a9fcb700         Options.allow_concurrent_memtable_write: 1
2019/10/17-14:55:02.636908 7fc3a9fcb700      Options.enable_write_thread_adaptive_yield: 1
2019/10/17-14:55:02.636911 7fc3a9fcb700             Options.write_thread_max_yield_usec: 100
2019/10/17-14:55:02.636913 7fc3a9fcb700            Options.write_thread_slow_yield_usec: 3
2019/10/17-14:55:02.636916 7fc3a9fcb700                               Options.row_cache: None
2019/10/17-14:55:02.636918 7fc3a9fcb700                              Options.wal_filter: None
2019/10/17-14:55:02.636921 7fc3a9fcb700             Options.avoid_flush_during_recovery: 0
2019/10/17-14:55:02.636924 7fc3a9fcb700             Options.allow_ingest_behind: 0
2019/10/17-14:55:02.636926 7fc3a9fcb700             Options.preserve_deletes: 0
2019/10/17-14:55:02.636929 7fc3a9fcb700             Options.two_write_queues: 0
2019/10/17-14:55:02.636931 7fc3a9fcb700             Options.manual_wal_flush: 0
2019/10/17-14:55:02.636934 7fc3a9fcb700             Options.max_background_jobs: 2
2019/10/17-14:55:02.636937 7fc3a9fcb700             Options.max_background_compactions: -1
2019/10/17-14:55:02.636939 7fc3a9fcb700             Options.avoid_flush_during_shutdown: 0
2019/10/17-14:55:02.636942 7fc3a9fcb700           Options.writable_file_max_buffer_size: 1048576
2019/10/17-14:55:02.636945 7fc3a9fcb700             Options.delayed_write_rate : 16777216
2019/10/17-14:55:02.636947 7fc3a9fcb700             Options.max_total_wal_size: 0
2019/10/17-14:55:02.636950 7fc3a9fcb700             Options.delete_obsolete_files_period_micros: 21600000000
2019/10/17-14:55:02.636952 7fc3a9fcb700                   Options.stats_dump_period_sec: 600
2019/10/17-14:55:02.636955 7fc3a9fcb700                          Options.max_open_files: -1
2019/10/17-14:55:02.636957 7fc3a9fcb700                          Options.bytes_per_sync: 0
2019/10/17-14:55:02.636960 7fc3a9fcb700                      Options.wal_bytes_per_sync: 0
2019/10/17-14:55:02.636962 7fc3a9fcb700       Options.compaction_readahead_size: 0
2019/10/17-14:55:02.636965 7fc3a9fcb700 Compression algorithms supported:
2019/10/17-14:55:02.636968 7fc3a9fcb700 	kZSTDNotFinalCompression supported: 0
2019/10/17-14:55:02.636971 7fc3a9fcb700 	kZSTD supported: 0
2019/10/17-14:55:02.636974 7fc3a9fcb700 	kXpressCompression supported: 0
2019/10/17-14:55:02.636977 7fc3a9fcb700 	kLZ4HCCompression supported: 0
2019/10/17-14:55:02.636980 7fc3a9fcb700 	kLZ4Compression supported: 0
2019/10/17-14:55:02.636982 7fc3a9fcb700 	kBZip2Compression supported: 0
2019/10/17-14:55:02.636985 7fc3a9fcb700 	kZlibCompression supported: 0
2019/10/17-14:55:02.636988 7fc3a9fcb700 	kSnappyCompression supported: 0
2019/10/17-14:55:02.636994 7fc3a9fcb700 Fast CRC32 supported: Supported on x86
2019/10/17-14:55:02.637316 7fc3a9fcb700 [db/version_set.cc:3507] Recovering from manifest file: MANIFEST-116212
2019/10/17-14:55:02.637426 7fc3a9fcb700 [db/column_family.cc:472] --------------- Options for column family [default]:
2019/10/17-14:55:02.637432 7fc3a9fcb700               Options.comparator: leveldb.BytewiseComparator
2019/10/17-14:55:02.637435 7fc3a9fcb700           Options.merge_operator: None
2019/10/17-14:55:02.637437 7fc3a9fcb700        Options.compaction_filter: None
2019/10/17-14:55:02.637440 7fc3a9fcb700        Options.compaction_filter_factory: None
2019/10/17-14:55:02.637442 7fc3a9fcb700         Options.memtable_factory: SkipListFactory
2019/10/17-14:55:02.637445 7fc3a9fcb700            Options.table_factory: BlockBasedTable
2019/10/17-14:55:02.637492 7fc3a9fcb700            table_factory options:   flush_block_policy_factory: FlushBlockBySizePolicyFactory (0x7fc350052d70)
  cache_index_and_filter_blocks: 0
  cache_index_and_filter_blocks_with_high_priority: 0
  pin_l0_filter_and_index_blocks_in_cache: 0
  pin_top_level_index_and_filter: 1
  index_type: 0
  hash_index_allow_collision: 1
  checksum: 1
  no_block_cache: 0
  block_cache: 0x7fc3500fcd20
  block_cache_name: LRUCache
  block_cache_options:
    capacity : 8388608
    num_shard_bits : 4
    strict_capacity_limit : 0
    memory_allocator : None
    high_pri_pool_ratio: 0.000
  block_cache_compressed: (nil)
  persistent_cache: (nil)
  block_size: 4096
  block_size_deviation: 10
  block_restart_interval: 16
  index_block_restart_interval: 1
  metadata_block_size: 4096
  partition_filters: 0
  use_delta_encoding: 1
  filter_policy: nullptr
  whole_key_filtering: 1
  verify_compression: 0
  read_amp_bytes_per_bit: 0
  format_version: 2
  enable_index_compression: 1
  block_align: 0
2019/10/17-14:55:02.637524 7fc3a9fcb700        Options.write_buffer_size: 67108864
2019/10/17-14:55:02.637528 7fc3a9fcb700  Options.max_write_buffer_number: 2
2019/10/17-14:55:02.637531 7fc3a9fcb700          Options.compression: NoCompression
2019/10/17-14:55:02.637534 7fc3a9fcb700                  Options.bottommost_compression: Disabled
2019/10/17-14:55:02.637536 7fc3a9fcb700       Options.prefix_extractor: nullptr
2019/10/17-14:55:02.637539 7fc3a9fcb700   Options.memtable_insert_with_hint_prefix_extractor: nullptr
2019/10/17-14:55:02.637541 7fc3a9fcb700             Options.num_levels: 7
2019/10/17-14:55:02.637544 7fc3a9fcb700        Options.min_write_buffer_number_to_merge: 1
2019/10/17-14:55:02.637546 7fc3a9fcb700     Options.max_write_buffer_number_to_maintain: 0
2019/10/17-14:55:02.637549 7fc3a9fcb700            Options.bottommost_compression_opts.window_bits: -14
2019/10/17-14:55:02.637552 7fc3a9fcb700                  Options.bottommost_compression_opts.level: 32767
2019/10/17-14:55:02.637554 7fc3a9fcb700               Options.bottommost_compression_opts.strategy: 0
2019/10/17-14:55:02.637557 7fc3a9fcb700         Options.bottommost_compression_opts.max_dict_bytes: 0
2019/10/17-14:55:02.637559 7fc3a9fcb700         Options.bottommost_compression_opts.zstd_max_train_bytes: 0
2019/10/17-14:55:02.637562 7fc3a9fcb700                  Options.bottommost_compression_opts.enabled: false
2019/10/17-14:55:02.637565 7fc3a9fcb700            Options.compression_opts.window_bits: -14
2019/10/17-14:55:02.637567 7fc3a9fcb700                  Options.compression_opts.level: 32767
2019/10/17-14:55:02.637570 7fc3a9fcb700               Options.compression_opts.strategy: 0
2019/10/17-14:55:02.637572 7fc3a9fcb700         Options.compression_opts.max_dict_bytes: 0
2019/10/17-14:55:02.637575 7fc3a9fcb700         Options.compression_opts.zstd_max_train_bytes: 0
2019/10/17-14:55:02.637577 7fc3a9fcb700                  Options.compression_opts.enabled: false
2019/10/17-14:55:02.637580 7fc3a9fcb700      Options.level0_file_num_compaction_trigger: 4
2019/10/17-14:55:02.637582 7fc3a9fcb700          Options.level0_slowdown_writes_trigger: 20
2019/10/17-14:55:02.637585 7fc3a9fcb700              Options.level0_stop_writes_trigger: 36
2019/10/17-14:55:02.637587 7fc3a9fcb700                   Options.target_file_size_base: 67108864
2019/10/17-14:55:02.637590 7fc3a9fcb700             Options.target_file_size_multiplier: 1
2019/10/17-14:55:02.637593 7fc3a9fcb700                Options.max_bytes_for_level_base: 268435456
2019/10/17-14:55:02.637595 7fc3a9fcb700 Options.level_compaction_dynamic_level_bytes: 0
2019/10/17-14:55:02.637598 7fc3a9fcb700          Options.max_bytes_for_level_multiplier: 10.000000
2019/10/17-14:55:02.637604 7fc3a9fcb700 Options.max_bytes_for_level_multiplier_addtl[0]: 1
2019/10/17-14:55:02.637607 7fc3a9fcb700 Options.max_bytes_for_level_multiplier_addtl[1]: 1
2019/10/17-14:55:02.637610 7fc3a9fcb700 Options.max_bytes_for_level_multiplier_addtl[2]: 1
2019/10/17-14:55:02.637612 7fc3a9fcb700 Options.max_bytes_for_level_multiplier_addtl[3]: 1
2019/10/17-14:55:02.637614 7fc3a9fcb700 Options.max_bytes_for_level_multiplier_addtl[4]: 1
2019/10/17-14:55:02.637630 7fc3a9fcb700 Options.max_bytes_for_level_multiplier_addtl[5]: 1
2019/10/17-14:55:02.637633 7fc3a9fcb700 Options.max_bytes_for_level_multiplier_addtl[6]: 1
2019/10/17-14:55:02.637636 7fc3a9fcb700       Options.max_sequential_skip_in_iterations: 8
2019/10/17-14:55:02.637638 7fc3a9fcb700                    Options.max_compaction_bytes: 1677721600
2019/10/17-14:55:02.637641 7fc3a9fcb700                        Options.arena_block_size: 8388608
2019/10/17-14:55:02.637644 7fc3a9fcb700   Options.soft_pending_compaction_bytes_limit: 68719476736
2019/10/17-14:55:02.637646 7fc3a9fcb700   Options.hard_pending_compaction_bytes_limit: 274877906944
2019/10/17-14:55:02.637649 7fc3a9fcb700       Options.rate_limit_delay_max_milliseconds: 100
2019/10/17-14:55:02.637651 7fc3a9fcb700                Options.disable_auto_compactions: 0
2019/10/17-14:55:02.637655 7fc3a9fcb700                        Options.compaction_style: kCompactionStyleLevel
2019/10/17-14:55:02.637660 7fc3a9fcb700                          Options.compaction_pri: kByCompensatedSize
2019/10/17-14:55:02.637663 7fc3a9fcb700 Options.compaction_options_universal.size_ratio: 1
2019/10/17-14:55:02.637665 7fc3a9fcb700 Options.compaction_options_universal.min_merge_width: 2
2019/10/17-14:55:02.637668 7fc3a9fcb700 Options.compaction_options_universal.max_merge_width: 4294967295
2019/10/17-14:55:02.637670 7fc3a9fcb700 Options.compaction_options_universal.max_size_amplification_percent: 200
2019/10/17-14:55:02.637673 7fc3a9fcb700 Options.compaction_options_universal.compression_size_percent: -1
2019/10/17-14:55:02.637677 7fc3a9fcb700 Options.compaction_options_universal.stop_style: kCompactionStopStyleTotalSize
2019/10/17-14:55:02.637679 7fc3a9fcb700 Options.compaction_options_fifo.max_table_files_size: 1073741824
2019/10/17-14:55:02.637682 7fc3a9fcb700 Options.compaction_options_fifo.allow_compaction: 0
2019/10/17-14:55:02.637685 7fc3a9fcb700 Options.compaction_options_fifo.ttl: 0
2019/10/17-14:55:02.637687 7fc3a9fcb700                   Options.table_properties_collectors: 
2019/10/17-14:55:02.637690 7fc3a9fcb700                   Options.inplace_update_support: 0
2019/10/17-14:55:02.637692 7fc3a9fcb700                 Options.inplace_update_num_locks: 10000
2019/10/17-14:55:02.637695 7fc3a9fcb700               Options.memtable_prefix_bloom_size_ratio: 0.000000
2019/10/17-14:55:02.637699 7fc3a9fcb700   Options.memtable_huge_page_size: 0
2019/10/17-14:55:02.637701 7fc3a9fcb700                           Options.bloom_locality: 0
2019/10/17-14:55:02.637704 7fc3a9fcb700                    Options.max_successive_merges: 0
2019/10/17-14:55:02.637706 7fc3a9fcb700                Options.optimize_filters_for_hits: 0
2019/10/17-14:55:02.637709 7fc3a9fcb700                Options.paranoid_file_checks: 0
2019/10/17-14:55:02.637711 7fc3a9fcb700                Options.force_consistency_checks: 0
2019/10/17-14:55:02.637714 7fc3a9fcb700                Options.report_bg_io_stats: 0
2019/10/17-14:55:02.637716 7fc3a9fcb700                               Options.ttl: 0
2019/10/17-14:55:02.637809 7fc3a9fcb700 [db/column_family.cc:472] --------------- Options for column family [active_gateways]:
2019/10/17-14:55:02.637815 7fc3a9fcb700               Options.comparator: leveldb.BytewiseComparator
2019/10/17-14:55:02.637818 7fc3a9fcb700           Options.merge_operator: None
2019/10/17-14:55:02.637820 7fc3a9fcb700        Options.compaction_filter: None
2019/10/17-14:55:02.637823 7fc3a9fcb700        Options.compaction_filter_factory: None
2019/10/17-14:55:02.637825 7fc3a9fcb700         Options.memtable_factory: SkipListFactory
2019/10/17-14:55:02.637828 7fc3a9fcb700            Options.table_factory: BlockBasedTable
2019/10/17-14:55:02.637864 7fc3a9fcb700            table_factory options:   flush_block_policy_factory: FlushBlockBySizePolicyFactory (0x7fc350077950)
  cache_index_and_filter_blocks: 0
  cache_index_and_filter_blocks_with_high_priority: 0
  pin_l0_filter_and_index_blocks_in_cache: 0
  pin_top_level_index_and_filter: 1
  index_type: 0
  hash_index_allow_collision: 1
  checksum: 1
  no_block_cache: 0
  block_cache: 0x7fc3500980d0
  block_cache_name: LRUCache
  block_cache_options:
    capacity : 8388608
    num_shard_bits : 4
    strict_capacity_limit : 0
    memory_allocator : None
    high_pri_pool_ratio: 0.000
  block_cache_compressed: (nil)
  persistent_cache: (nil)
  block_size: 4096
  block_size_deviation: 10
  block_restart_interval: 16
  index_block_restart_interval: 1
  metadata_block_size: 4096
  partition_filters: 0
  use_delta_encoding: 1
  filter_policy: nullptr
  whole_key_filtering: 1
  verify_compression: 0
  read_amp_bytes_per_bit: 0
  format_version: 2
  enable_index_compression: 1
  block_align: 0
2019/10/17-14:55:02.637888 7fc3a9fcb700        Options.write_buffer_size: 67108864
2019/10/17-14:55:02.637892 7fc3a9fcb700  Options.max_write_buffer_number: 2
2019/10/17-14:55:02.637894 7fc3a9fcb700          Options.compression: NoCompression
2019/10/17-14:55:02.637897 7fc3a9fcb700                  Options.bottommost_compression: Disabled
2019/10/17-14:55:02.637899 7fc3a9fcb700       Options.prefix_extractor: nullptr
2019/10/17-14:55:02.637902 7fc3a9fcb700   Options.memtable_insert_with_hint_prefix_extractor: nullptr
2019/10/17-14:55:02.637904 7fc3a9fcb700             Options.num_levels: 7
2019/10/17-14:55:02.637907 7fc3a9fcb700        Options.min_write_buffer_number_to_merge: 1
2019/10/17-14:55:02.637909 7fc3a9fcb700     Options.max_write_buffer_number_to_maintain: 0
2019/10/17-14:55:02.637912 7fc3a9fcb700            Options.bottommost_compression_opts.window_bits: -14
2019/10/17-14:55:02.637914 7fc3a9fcb700                  Options.bottommost_compression_opts.level: 32767
2019/10/17-14:55:02.637917 7fc3a9fcb700               Options.bottommost_compression_opts.strategy: 0
2019/10/17-14:55:02.637919 7fc3a9fcb700         Options.bottommost_compression_opts.max_dict_bytes: 0
2019/10/17-14:55:02.637922 7fc3a9fcb700         Options.bottommost_compression_opts.zstd_max_train_bytes: 0
2019/10/17-14:55:02.637924 7fc3a9fcb700                  Options.bottommost_compression_opts.enabled: false
2019/10/17-14:55:02.637927 7fc3a9fcb700            Options.compression_opts.window_bits: -14
2019/10/17-14:55:02.637929 7fc3a9fcb700                  Options.compression_opts.level: 32767
2019/10/17-14:55:02.637932 7fc3a9fcb700               Options.compression_opts.strategy: 0
2019/10/17-14:55:02.637934 7fc3a9fcb700         Options.compression_opts.max_dict_bytes: 0
2019/10/17-14:55:02.637936 7fc3a9fcb700         Options.compression_opts.zstd_max_train_bytes: 0
2019/10/17-14:55:02.637939 7fc3a9fcb700                  Options.compression_opts.enabled: false
2019/10/17-14:55:02.637942 7fc3a9fcb700      Options.level0_file_num_compaction_trigger: 4
2019/10/17-14:55:02.637944 7fc3a9fcb700          Options.level0_slowdown_writes_trigger: 20
2019/10/17-14:55:02.637946 7fc3a9fcb700              Options.level0_stop_writes_trigger: 36
2019/10/17-14:55:02.637949 7fc3a9fcb700                   Options.target_file_size_base: 67108864
2019/10/17-14:55:02.637952 7fc3a9fcb700             Options.target_file_size_multiplier: 1
2019/10/17-14:55:02.637954 7fc3a9fcb700                Options.max_bytes_for_level_base: 268435456
2019/10/17-14:55:02.637957 7fc3a9fcb700 Options.level_compaction_dynamic_level_bytes: 0
2019/10/17-14:55:02.637959 7fc3a9fcb700          Options.max_bytes_for_level_multiplier: 10.000000
2019/10/17-14:55:02.637964 7fc3a9fcb700 Options.max_bytes_for_level_multiplier_addtl[0]: 1
2019/10/17-14:55:02.637967 7fc3a9fcb700 Options.max_bytes_for_level_multiplier_addtl[1]: 1
2019/10/17-14:55:02.637970 7fc3a9fcb700 Options.max_bytes_for_level_multiplier_addtl[2]: 1
2019/10/17-14:55:02.637972 7fc3a9fcb700 Options.max_bytes_for_level_multiplier_addtl[3]: 1
2019/10/17-14:55:02.637975 7fc3a9fcb700 Options.max_bytes_for_level_multiplier_addtl[4]: 1
2019/10/17-14:55:02.637977 7fc3a9fcb700 Options.max_bytes_for_level_multiplier_addtl[5]: 1
2019/10/17-14:55:02.637979 7fc3a9fcb700 Options.max_bytes_for_level_multiplier_addtl[6]: 1
2019/10/17-14:55:02.637982 7fc3a9fcb700       Options.max_sequential_skip_in_iterations: 8
2019/10/17-14:55:02.637997 7fc3a9fcb700                    Options.max_compaction_bytes: 1677721600
2019/10/17-14:55:02.638000 7fc3a9fcb700                        Options.arena_block_size: 8388608
2019/10/17-14:55:02.638002 7fc3a9fcb700   Options.soft_pending_compaction_bytes_limit: 68719476736
2019/10/17-14:55:02.638005 7fc3a9fcb700   Options.hard_pending_compaction_bytes_limit: 274877906944
2019/10/17-14:55:02.638008 7fc3a9fcb700       Options.rate_limit_delay_max_milliseconds: 100
2019/10/17-14:55:02.638010 7fc3a9fcb700                Options.disable_auto_compactions: 0
2019/10/17-14:55:02.638013 7fc3a9fcb700                        Options.compaction_style: kCompactionStyleLevel
2019/10/17-14:55:02.638017 7fc3a9fcb700                          Options.compaction_pri: kByCompensatedSize
2019/10/17-14:55:02.638019 7fc3a9fcb700 Options.compaction_options_universal.size_ratio: 1
2019/10/17-14:55:02.638022 7fc3a9fcb700 Options.compaction_options_universal.min_merge_width: 2
2019/10/17-14:55:02.638024 7fc3a9fcb700 Options.compaction_options_universal.max_merge_width: 4294967295
2019/10/17-14:55:02.638027 7fc3a9fcb700 Options.compaction_options_universal.max_size_amplification_percent: 200
2019/10/17-14:55:02.638029 7fc3a9fcb700 Options.compaction_options_universal.compression_size_percent: -1
2019/10/17-14:55:02.638032 7fc3a9fcb700 Options.compaction_options_universal.stop_style: kCompactionStopStyleTotalSize
2019/10/17-14:55:02.638035 7fc3a9fcb700 Options.compaction_options_fifo.max_table_files_size: 1073741824
2019/10/17-14:55:02.638037 7fc3a9fcb700 Options.compaction_options_fifo.allow_compaction: 0
2019/10/17-14:55:02.638040 7fc3a9fcb700 Options.compaction_options_fifo.ttl: 0
2019/10/17-14:55:02.638042 7fc3a9fcb700                   Options.table_properties_collectors: 
2019/10/17-14:55:02.638044 7fc3a9fcb700                   Options.inplace_update_support: 0
2019/10/17-14:55:02.638047 7fc3a9fcb700                 Options.inplace_update_num_locks: 10000
2019/10/17-14:55:02.638050 7fc3a9fcb700               Options.memtable_prefix_bloom_size_ratio: 0.000000
2019/10/17-14:55:02.638053 7fc3a9fcb700   Options.memtable_huge_page_size: 0
2019/10/17-14:55:02.638056 7fc3a9fcb700                           Options.bloom_locality: 0
2019/10/17-14:55:02.638058 7fc3a9fcb700                    Options.max_successive_merges: 0
2019/10/17-14:55:02.638061 7fc3a9fcb700                Options.optimize_filters_for_hits: 0
2019/10/17-14:55:02.638063 7fc3a9fcb700                Options.paranoid_file_checks: 0
2019/10/17-14:55:02.638065 7fc3a9fcb700                Options.force_consistency_checks: 0
2019/10/17-14:55:02.638068 7fc3a9fcb700                Options.report_bg_io_stats: 0
2019/10/17-14:55:02.638070 7fc3a9fcb700                               Options.ttl: 0
2019/10/17-14:55:02.638126 7fc3a9fcb700 [db/column_family.cc:472] --------------- Options for column family [entries]:
2019/10/17-14:55:02.638130 7fc3a9fcb700               Options.comparator: leveldb.BytewiseComparator
2019/10/17-14:55:02.638133 7fc3a9fcb700           Options.merge_operator: None
2019/10/17-14:55:02.638136 7fc3a9fcb700        Options.compaction_filter: None
2019/10/17-14:55:02.638138 7fc3a9fcb700        Options.compaction_filter_factory: None
2019/10/17-14:55:02.638141 7fc3a9fcb700         Options.memtable_factory: SkipListFactory
2019/10/17-14:55:02.638143 7fc3a9fcb700            Options.table_factory: BlockBasedTable
2019/10/17-14:55:02.638176 7fc3a9fcb700            table_factory options:   flush_block_policy_factory: FlushBlockBySizePolicyFactory (0x7fc3500a06b0)
  cache_index_and_filter_blocks: 0
  cache_index_and_filter_blocks_with_high_priority: 0
  pin_l0_filter_and_index_blocks_in_cache: 0
  pin_top_level_index_and_filter: 1
  index_type: 0
  hash_index_allow_collision: 1
  checksum: 1
  no_block_cache: 0
  block_cache: 0x7fc350070420
  block_cache_name: LRUCache
  block_cache_options:
    capacity : 8388608
    num_shard_bits : 4
    strict_capacity_limit : 0
    memory_allocator : None
    high_pri_pool_ratio: 0.000
  block_cache_compressed: (nil)
  persistent_cache: (nil)
  block_size: 4096
  block_size_deviation: 10
  block_restart_interval: 16
  index_block_restart_interval: 1
  metadata_block_size: 4096
  partition_filters: 0
  use_delta_encoding: 1
  filter_policy: nullptr
  whole_key_filtering: 1
  verify_compression: 0
  read_amp_bytes_per_bit: 0
  format_version: 2
  enable_index_compression: 1
  block_align: 0
2019/10/17-14:55:02.638199 7fc3a9fcb700        Options.write_buffer_size: 67108864
2019/10/17-14:55:02.638202 7fc3a9fcb700  Options.max_write_buffer_number: 2
2019/10/17-14:55:02.638205 7fc3a9fcb700          Options.compression: NoCompression
2019/10/17-14:55:02.638207 7fc3a9fcb700                  Options.bottommost_compression: Disabled
2019/10/17-14:55:02.638210 7fc3a9fcb700       Options.prefix_extractor: nullptr
2019/10/17-14:55:02.638212 7fc3a9fcb700   Options.memtable_insert_with_hint_prefix_extractor: nullptr
2019/10/17-14:55:02.638215 7fc3a9fcb700             Options.num_levels: 7
2019/10/17-14:55:02.638217 7fc3a9fcb700        Options.min_write_buffer_number_to_merge: 1
2019/10/17-14:55:02.638220 7fc3a9fcb700     Options.max_write_buffer_number_to_maintain: 0
2019/10/17-14:55:02.638222 7fc3a9fcb700            Options.bottommost_compression_opts.window_bits: -14
2019/10/17-14:55:02.638225 7fc3a9fcb700                  Options.bottommost_compression_opts.level: 32767
2019/10/17-14:55:02.638227 7fc3a9fcb700               Options.bottommost_compression_opts.strategy: 0
2019/10/17-14:55:02.638230 7fc3a9fcb700         Options.bottommost_compression_opts.max_dict_bytes: 0
2019/10/17-14:55:02.638232 7fc3a9fcb700         Options.bottommost_compression_opts.zstd_max_train_bytes: 0
2019/10/17-14:55:02.638235 7fc3a9fcb700                  Options.bottommost_compression_opts.enabled: false
2019/10/17-14:55:02.638237 7fc3a9fcb700            Options.compression_opts.window_bits: -14
2019/10/17-14:55:02.638240 7fc3a9fcb700                  Options.compression_opts.level: 32767
2019/10/17-14:55:02.638243 7fc3a9fcb700               Options.compression_opts.strategy: 0
2019/10/17-14:55:02.638245 7fc3a9fcb700         Options.compression_opts.max_dict_bytes: 0
2019/10/17-14:55:02.638247 7fc3a9fcb700         Options.compression_opts.zstd_max_train_bytes: 0
2019/10/17-14:55:02.638250 7fc3a9fcb700                  Options.compression_opts.enabled: false
2019/10/17-14:55:02.638252 7fc3a9fcb700      Options.level0_file_num_compaction_trigger: 4
2019/10/17-14:55:02.638255 7fc3a9fcb700          Options.level0_slowdown_writes_trigger: 20
2019/10/17-14:55:02.638257 7fc3a9fcb700              Options.level0_stop_writes_trigger: 36
2019/10/17-14:55:02.638260 7fc3a9fcb700                   Options.target_file_size_base: 67108864
2019/10/17-14:55:02.638262 7fc3a9fcb700             Options.target_file_size_multiplier: 1
2019/10/17-14:55:02.638265 7fc3a9fcb700                Options.max_bytes_for_level_base: 268435456
2019/10/17-14:55:02.638267 7fc3a9fcb700 Options.level_compaction_dynamic_level_bytes: 0
2019/10/17-14:55:02.638270 7fc3a9fcb700          Options.max_bytes_for_level_multiplier: 10.000000
2019/10/17-14:55:02.638274 7fc3a9fcb700 Options.max_bytes_for_level_multiplier_addtl[0]: 1
2019/10/17-14:55:02.638277 7fc3a9fcb700 Options.max_bytes_for_level_multiplier_addtl[1]: 1
2019/10/17-14:55:02.638279 7fc3a9fcb700 Options.max_bytes_for_level_multiplier_addtl[2]: 1
2019/10/17-14:55:02.638282 7fc3a9fcb700 Options.max_bytes_for_level_multiplier_addtl[3]: 1
2019/10/17-14:55:02.638284 7fc3a9fcb700 Options.max_bytes_for_level_multiplier_addtl[4]: 1
2019/10/17-14:55:02.638287 7fc3a9fcb700 Options.max_bytes_for_level_multiplier_addtl[5]: 1
2019/10/17-14:55:02.638289 7fc3a9fcb700 Options.max_bytes_for_level_multiplier_addtl[6]: 1
2019/10/17-14:55:02.638291 7fc3a9fcb700       Options.max_sequential_skip_in_iterations: 8
2019/10/17-14:55:02.638294 7fc3a9fcb700                    Options.max_compaction_bytes: 1677721600
2019/10/17-14:55:02.638297 7fc3a9fcb700                        Options.arena_block_size: 8388608
2019/10/17-14:55:02.638299 7fc3a9fcb700   Options.soft_pending_compaction_bytes_limit: 68719476736
2019/10/17-14:55:02.638314 7fc3a9fcb700   Options.hard_pending_compaction_bytes_limit: 274877906944
2019/10/17-14:55:02.638317 7fc3a9fcb700       Options.rate_limit_delay_max_milliseconds: 100
2019/10/17-14:55:02.638320 7fc3a9fcb700                Options.disable_auto_compactions: 0
2019/10/17-14:55:02.638322 7fc3a9fcb700                        Options.compaction_style: kCompactionStyleLevel
2019/10/17-14:55:02.638326 7fc3a9fcb700                          Options.compaction_pri: kByCompensatedSize
2019/10/17-14:55:02.638328 7fc3a9fcb700 Options.compaction_options_universal.size_ratio: 1
2019/10/17-14:55:02.638331 7fc3a9fcb700 Options.compaction_options_universal.min_merge_width: 2
2019/10/17-14:55:02.638333 7fc3a9fcb700 Options.compaction_options_universal.max_merge_width: 4294967295
2019/10/17-14:55:02.638336 7fc3a9fcb700 Options.compaction_options_universal.max_size_amplification_percent: 200
2019/10/17-14:55:02.638338 7fc3a9fcb700 Options.compaction_options_universal.compression_size_percent: -1
2019/10/17-14:55:02.638342 7fc3a9fcb700 Options.compaction_options_universal.stop_style: kCompactionStopStyleTotalSize
2019/10/17-14:55:02.638344 7fc3a9fcb700 Options.compaction_options_fifo.max_table_files_size: 1073741824
2019/10/17-14:55:02.638347 7fc3a9fcb700 Options.compaction_options_fifo.allow_compaction: 0
2019/10/17-14:55:02.638349 7fc3a9fcb700 Options.compaction_options_fifo.ttl: 0
2019/10/17-14:55:02.638352 7fc3a9fcb700                   Options.table_properties_collectors: 
2019/10/17-14:55:02.638354 7fc3a9fcb700                   Options.inplace_update_support: 0
2019/10/17-14:55:02.638356 7fc3a9fcb700                 Options.inplace_update_num_locks: 10000
2019/10/17-14:55:02.638359 7fc3a9fcb700               Options.memtable_prefix_bloom_size_ratio: 0.000000
2019/10/17-14:55:02.638362 7fc3a9fcb700   Options.memtable_huge_page_size: 0
2019/10/17-14:55:02.638365 7fc3a9fcb700                           Options.bloom_locality: 0
2019/10/17-14:55:02.638367 7fc3a9fcb700                    Options.max_successive_merges: 0
2019/10/17-14:55:02.638370 7fc3a9fcb700                Options.optimize_filters_for_hits: 0
2019/10/17-14:55:02.638372 7fc3a9fcb700                Options.paranoid_file_checks: 0
2019/10/17-14:55:02.638375 7fc3a9fcb700                Options.force_consistency_checks: 0
2019/10/17-14:55:02.638377 7fc3a9fcb700                Options.report_bg_io_stats: 0
2019/10/17-14:55:02.638380 7fc3a9fcb700                               Options.ttl: 0
2019/10/17-14:55:02.638428 7fc3a9fcb700 [db/column_family.cc:472] --------------- Options for column family [dc_entries]:
2019/10/17-14:55:02.638432 7fc3a9fcb700               Options.comparator: leveldb.BytewiseComparator
2019/10/17-14:55:02.638435 7fc3a9fcb700           Options.merge_operator: None
2019/10/17-14:55:02.638437 7fc3a9fcb700        Options.compaction_filter: None
2019/10/17-14:55:02.638440 7fc3a9fcb700        Options.compaction_filter_factory: None
2019/10/17-14:55:02.638443 7fc3a9fcb700         Options.memtable_factory: SkipListFactory
2019/10/17-14:55:02.638445 7fc3a9fcb700            Options.table_factory: BlockBasedTable
2019/10/17-14:55:02.638477 7fc3a9fcb700            table_factory options:   flush_block_policy_factory: FlushBlockBySizePolicyFactory (0x7fc35004bc20)
  cache_index_and_filter_blocks: 0
  cache_index_and_filter_blocks_with_high_priority: 0
  pin_l0_filter_and_index_blocks_in_cache: 0
  pin_top_level_index_and_filter: 1
  index_type: 0
  hash_index_allow_collision: 1
  checksum: 1
  no_block_cache: 0
  block_cache: 0x7fc350089790
  block_cache_name: LRUCache
  block_cache_options:
    capacity : 8388608
    num_shard_bits : 4
    strict_capacity_limit : 0
    memory_allocator : None
    high_pri_pool_ratio: 0.000
  block_cache_compressed: (nil)
  persistent_cache: (nil)
  block_size: 4096
  block_size_deviation: 10
  block_restart_interval: 16
  index_block_restart_interval: 1
  metadata_block_size: 4096
  partition_filters: 0
  use_delta_encoding: 1
  filter_policy: nullptr
  whole_key_filtering: 1
  verify_compression: 0
  read_amp_bytes_per_bit: 0
  format_version: 2
  enable_index_compression: 1
  block_align: 0
2019/10/17-14:55:02.638498 7fc3a9fcb700        Options.write_buffer_size: 67108864
2019/10/17-14:55:02.638501 7fc3a9fcb700  Options.max_write_buffer_number: 2
2019/10/17-14:55:02.638504 7fc3a9fcb700          Options.compression: NoCompression
2019/10/17-14:55:02.638506 7fc3a9fcb700                  Options.bottommost_compression: Disabled
2019/10/17-14:55:02.638509 7fc3a9fcb700       Options.prefix_extractor: nullptr
2019/10/17-14:55:02.638511 7fc3a9fcb700   Options.memtable_insert_with_hint_prefix_extractor: nullptr
2019/10/17-14:55:02.638514 7fc3a9fcb700             Options.num_levels: 7
2019/10/17-14:55:02.638516 7fc3a9fcb700        Options.min_write_buffer_number_to_merge: 1
2019/10/17-14:55:02.638519 7fc3a9fcb700     Options.max_write_buffer_number_to_maintain: 0
2019/10/17-14:55:02.638521 7fc3a9fcb700            Options.bottommost_compression_opts.window_bits: -14
2019/10/17-14:55:02.638524 7fc3a9fcb700                  Options.bottommost_compression_opts.level: 32767
2019/10/17-14:55:02.638526 7fc3a9fcb700               Options.bottommost_compression_opts.strategy: 0
2019/10/17-14:55:02.638529 7fc3a9fcb700         Options.bottommost_compression_opts.max_dict_bytes: 0
2019/10/17-14:55:02.638531 7fc3a9fcb700         Options.bottommost_compression_opts.zstd_max_train_bytes: 0
2019/10/17-14:55:02.638534 7fc3a9fcb700                  Options.bottommost_compression_opts.enabled: false
2019/10/17-14:55:02.638536 7fc3a9fcb700            Options.compression_opts.window_bits: -14
2019/10/17-14:55:02.638539 7fc3a9fcb700                  Options.compression_opts.level: 32767
2019/10/17-14:55:02.638541 7fc3a9fcb700               Options.compression_opts.strategy: 0
2019/10/17-14:55:02.638543 7fc3a9fcb700         Options.compression_opts.max_dict_bytes: 0
2019/10/17-14:55:02.638546 7fc3a9fcb700         Options.compression_opts.zstd_max_train_bytes: 0
2019/10/17-14:55:02.638548 7fc3a9fcb700                  Options.compression_opts.enabled: false
2019/10/17-14:55:02.638551 7fc3a9fcb700      Options.level0_file_num_compaction_trigger: 4
2019/10/17-14:55:02.638553 7fc3a9fcb700          Options.level0_slowdown_writes_trigger: 20
2019/10/17-14:55:02.638555 7fc3a9fcb700              Options.level0_stop_writes_trigger: 36
2019/10/17-14:55:02.638558 7fc3a9fcb700                   Options.target_file_size_base: 67108864
2019/10/17-14:55:02.638561 7fc3a9fcb700             Options.target_file_size_multiplier: 1
2019/10/17-14:55:02.638563 7fc3a9fcb700                Options.max_bytes_for_level_base: 268435456
2019/10/17-14:55:02.638566 7fc3a9fcb700 Options.level_compaction_dynamic_level_bytes: 0
2019/10/17-14:55:02.638568 7fc3a9fcb700          Options.max_bytes_for_level_multiplier: 10.000000
2019/10/17-14:55:02.638572 7fc3a9fcb700 Options.max_bytes_for_level_multiplier_addtl[0]: 1
2019/10/17-14:55:02.638575 7fc3a9fcb700 Options.max_bytes_for_level_multiplier_addtl[1]: 1
2019/10/17-14:55:02.638577 7fc3a9fcb700 Options.max_bytes_for_level_multiplier_addtl[2]: 1
2019/10/17-14:55:02.638580 7fc3a9fcb700 Options.max_bytes_for_level_multiplier_addtl[3]: 1
2019/10/17-14:55:02.638582 7fc3a9fcb700 Options.max_bytes_for_level_multiplier_addtl[4]: 1
2019/10/17-14:55:02.638585 7fc3a9fcb700 Options.max_bytes_for_level_multiplier_addtl[5]: 1
2019/10/17-14:55:02.638587 7fc3a9fcb700 Options.max_bytes_for_level_multiplier_addtl[6]: 1
2019/10/17-14:55:02.638590 7fc3a9fcb700       Options.max_sequential_skip_in_iterations: 8
2019/10/17-14:55:02.638592 7fc3a9fcb700                    Options.max_compaction_bytes: 1677721600
2019/10/17-14:55:02.638595 7fc3a9fcb700                        Options.arena_block_size: 8388608
2019/10/17-14:55:02.638597 7fc3a9fcb700   Options.soft_pending_compaction_bytes_limit: 68719476736
2019/10/17-14:55:02.638600 7fc3a9fcb700   Options.hard_pending_compaction_bytes_limit: 274877906944
2019/10/17-14:55:02.638602 7fc3a9fcb700       Options.rate_limit_delay_max_milliseconds: 100
2019/10/17-14:55:02.638605 7fc3a9fcb700                Options.disable_auto_compactions: 0
2019/10/17-14:55:02.638619 7fc3a9fcb700                        Options.compaction_style: kCompactionStyleLevel
2019/10/17-14:55:02.638624 7fc3a9fcb700                          Options.compaction_pri: kByCompensatedSize
2019/10/17-14:55:02.638627 7fc3a9fcb700 Options.compaction_options_universal.size_ratio: 1
2019/10/17-14:55:02.638629 7fc3a9fcb700 Options.compaction_options_universal.min_merge_width: 2
2019/10/17-14:55:02.638632 7fc3a9fcb700 Options.compaction_options_universal.max_merge_width: 4294967295
2019/10/17-14:55:02.638634 7fc3a9fcb700 Options.compaction_options_universal.max_size_amplification_percent: 200
2019/10/17-14:55:02.638637 7fc3a9fcb700 Options.compaction_options_universal.compression_size_percent: -1
2019/10/17-14:55:02.638639 7fc3a9fcb700 Options.compaction_options_universal.stop_style: kCompactionStopStyleTotalSize
2019/10/17-14:55:02.638642 7fc3a9fcb700 Options.compaction_options_fifo.max_table_files_size: 1073741824
2019/10/17-14:55:02.638644 7fc3a9fcb700 Options.compaction_options_fifo.allow_compaction: 0
2019/10/17-14:55:02.638647 7fc3a9fcb700 Options.compaction_options_fifo.ttl: 0
2019/10/17-14:55:02.638649 7fc3a9fcb700                   Options.table_properties_collectors: 
2019/10/17-14:55:02.638652 7fc3a9fcb700                   Options.inplace_update_support: 0
2019/10/17-14:55:02.638654 7fc3a9fcb700                 Options.inplace_update_num_locks: 10000
2019/10/17-14:55:02.638657 7fc3a9fcb700               Options.memtable_prefix_bloom_size_ratio: 0.000000
2019/10/17-14:55:02.638660 7fc3a9fcb700   Options.memtable_huge_page_size: 0
2019/10/17-14:55:02.638662 7fc3a9fcb700                           Options.bloom_locality: 0
2019/10/17-14:55:02.638665 7fc3a9fcb700                    Options.max_successive_merges: 0
2019/10/17-14:55:02.638667 7fc3a9fcb700                Options.optimize_filters_for_hits: 0
2019/10/17-14:55:02.638670 7fc3a9fcb700                Options.paranoid_file_checks: 0
2019/10/17-14:55:02.638672 7fc3a9fcb700                Options.force_consistency_checks: 0
2019/10/17-14:55:02.638675 7fc3a9fcb700                Options.report_bg_io_stats: 0
2019/10/17-14:55:02.638677 7fc3a9fcb700                               Options.ttl: 0
2019/10/17-14:55:02.638716 7fc3a9fcb700 [db/column_family.cc:472] --------------- Options for column family [htlcs]:
2019/10/17-14:55:02.638721 7fc3a9fcb700               Options.comparator: leveldb.BytewiseComparator
2019/10/17-14:55:02.638723 7fc3a9fcb700           Options.merge_operator: None
2019/10/17-14:55:02.638726 7fc3a9fcb700        Options.compaction_filter: None
2019/10/17-14:55:02.638728 7fc3a9fcb700        Options.compaction_filter_factory: None
2019/10/17-14:55:02.638731 7fc3a9fcb700         Options.memtable_factory: SkipListFactory
2019/10/17-14:55:02.638734 7fc3a9fcb700            Options.table_factory: BlockBasedTable
2019/10/17-14:55:02.638764 7fc3a9fcb700            table_factory options:   flush_block_policy_factory: FlushBlockBySizePolicyFactory (0x7fc35000a280)
