2019/10/17-14:55:04.188452 7fc3a9fcb700 RocksDB version: 5.18.3
2019/10/17-14:55:04.188495 7fc3a9fcb700 Git sha rocksdb_build_git_sha:@0@
2019/10/17-14:55:04.188497 7fc3a9fcb700 Compile date Sep 19 2019
2019/10/17-14:55:04.188499 7fc3a9fcb700 DB SUMMARY
2019/10/17-14:55:04.189390 7fc3a9fcb700 CURRENT file:  CURRENT
2019/10/17-14:55:04.189392 7fc3a9fcb700 IDENTITY file:  IDENTITY
2019/10/17-14:55:04.189430 7fc3a9fcb700 MANIFEST file:  MANIFEST-116263 size: 4114 Bytes
2019/10/17-14:55:04.189432 7fc3a9fcb700 SST files in /home/rahul/dev/blockchain-core/eqc/ledger.db dir, Total Num: 29, files: 000624.sst 000627.sst 106940.sst 108447.sst 108450.sst 109471.sst 109483.sst 109485.sst 109486.sst 
2019/10/17-14:55:04.189434 7fc3a9fcb700 Write Ahead Log file in /home/rahul/dev/blockchain-core/eqc/ledger.db: 116264.log size: 0 ; 
2019/10/17-14:55:04.189478 7fc3a9fcb700                         Options.error_if_exists: 0
2019/10/17-14:55:04.189480 7fc3a9fcb700                       Options.create_if_missing: 1
2019/10/17-14:55:04.189481 7fc3a9fcb700                         Options.paranoid_checks: 1
2019/10/17-14:55:04.189482 7fc3a9fcb700                                     Options.env: 0x7fc32ae1fc60
2019/10/17-14:55:04.189483 7fc3a9fcb700                                Options.info_log: 0x7fc35006d380
2019/10/17-14:55:04.189484 7fc3a9fcb700                Options.max_file_opening_threads: 16
2019/10/17-14:55:04.189485 7fc3a9fcb700                              Options.statistics: (nil)
2019/10/17-14:55:04.189486 7fc3a9fcb700                               Options.use_fsync: 0
2019/10/17-14:55:04.189487 7fc3a9fcb700                       Options.max_log_file_size: 0
2019/10/17-14:55:04.189488 7fc3a9fcb700                  Options.max_manifest_file_size: 1073741824
2019/10/17-14:55:04.189489 7fc3a9fcb700                   Options.log_file_time_to_roll: 0
2019/10/17-14:55:04.189490 7fc3a9fcb700                       Options.keep_log_file_num: 1000
2019/10/17-14:55:04.189491 7fc3a9fcb700                    Options.recycle_log_file_num: 0
2019/10/17-14:55:04.189492 7fc3a9fcb700                         Options.allow_fallocate: 1
2019/10/17-14:55:04.189493 7fc3a9fcb700                        Options.allow_mmap_reads: 0
2019/10/17-14:55:04.189494 7fc3a9fcb700                       Options.allow_mmap_writes: 0
2019/10/17-14:55:04.189495 7fc3a9fcb700                        Options.use_direct_reads: 0
2019/10/17-14:55:04.189496 7fc3a9fcb700                        Options.use_direct_io_for_flush_and_compaction: 0
2019/10/17-14:55:04.189497 7fc3a9fcb700          Options.create_missing_column_families: 0
2019/10/17-14:55:04.189498 7fc3a9fcb700                              Options.db_log_dir: 
2019/10/17-14:55:04.189499 7fc3a9fcb700                                 Options.wal_dir: /home/rahul/dev/blockchain-core/eqc/ledger.db
2019/10/17-14:55:04.189500 7fc3a9fcb700                Options.table_cache_numshardbits: 6
2019/10/17-14:55:04.189501 7fc3a9fcb700                      Options.max_subcompactions: 1
2019/10/17-14:55:04.189502 7fc3a9fcb700                  Options.max_background_flushes: -1
2019/10/17-14:55:04.189503 7fc3a9fcb700                         Options.WAL_ttl_seconds: 0
2019/10/17-14:55:04.189504 7fc3a9fcb700                       Options.WAL_size_limit_MB: 0
2019/10/17-14:55:04.189505 7fc3a9fcb700             Options.manifest_preallocation_size: 4194304
2019/10/17-14:55:04.189506 7fc3a9fcb700                     Options.is_fd_close_on_exec: 1
2019/10/17-14:55:04.189507 7fc3a9fcb700                   Options.advise_random_on_open: 1
2019/10/17-14:55:04.189508 7fc3a9fcb700                    Options.db_write_buffer_size: 0
2019/10/17-14:55:04.189509 7fc3a9fcb700                    Options.write_buffer_manager: 0x7fc350115e90
2019/10/17-14:55:04.189510 7fc3a9fcb700         Options.access_hint_on_compaction_start: 1
2019/10/17-14:55:04.189511 7fc3a9fcb700  Options.new_table_reader_for_compaction_inputs: 0
2019/10/17-14:55:04.189511 7fc3a9fcb700           Options.random_access_max_buffer_size: 1048576
2019/10/17-14:55:04.189513 7fc3a9fcb700                      Options.use_adaptive_mutex: 0
2019/10/17-14:55:04.189513 7fc3a9fcb700                            Options.rate_limiter: (nil)
2019/10/17-14:55:04.189525 7fc3a9fcb700     Options.sst_file_manager.rate_bytes_per_sec: 0
2019/10/17-14:55:04.189527 7fc3a9fcb700                       Options.wal_recovery_mode: 2
2019/10/17-14:55:04.189527 7fc3a9fcb700                  Options.enable_thread_tracking: 0
2019/10/17-14:55:04.189528 7fc3a9fcb700                  Options.enable_pipelined_write: 0
2019/10/17-14:55:04.189529 7fc3a9fcb700         Options.allow_concurrent_memtable_write: 1
2019/10/17-14:55:04.189530 7fc3a9fcb700      Options.enable_write_thread_adaptive_yield: 1
2019/10/17-14:55:04.189531 7fc3a9fcb700             Options.write_thread_max_yield_usec: 100
2019/10/17-14:55:04.189532 7fc3a9fcb700            Options.write_thread_slow_yield_usec: 3
2019/10/17-14:55:04.189533 7fc3a9fcb700                               Options.row_cache: None
2019/10/17-14:55:04.189534 7fc3a9fcb700                              Options.wal_filter: None
2019/10/17-14:55:04.189535 7fc3a9fcb700             Options.avoid_flush_during_recovery: 0
2019/10/17-14:55:04.189536 7fc3a9fcb700             Options.allow_ingest_behind: 0
2019/10/17-14:55:04.189537 7fc3a9fcb700             Options.preserve_deletes: 0
2019/10/17-14:55:04.189538 7fc3a9fcb700             Options.two_write_queues: 0
2019/10/17-14:55:04.189539 7fc3a9fcb700             Options.manual_wal_flush: 0
2019/10/17-14:55:04.189540 7fc3a9fcb700             Options.max_background_jobs: 2
2019/10/17-14:55:04.189541 7fc3a9fcb700             Options.max_background_compactions: -1
2019/10/17-14:55:04.189542 7fc3a9fcb700             Options.avoid_flush_during_shutdown: 0
2019/10/17-14:55:04.189543 7fc3a9fcb700           Options.writable_file_max_buffer_size: 1048576
2019/10/17-14:55:04.189544 7fc3a9fcb700             Options.delayed_write_rate : 16777216
2019/10/17-14:55:04.189545 7fc3a9fcb700             Options.max_total_wal_size: 0
2019/10/17-14:55:04.189546 7fc3a9fcb700             Options.delete_obsolete_files_period_micros: 21600000000
2019/10/17-14:55:04.189547 7fc3a9fcb700                   Options.stats_dump_period_sec: 600
2019/10/17-14:55:04.189548 7fc3a9fcb700                          Options.max_open_files: -1
2019/10/17-14:55:04.189549 7fc3a9fcb700                          Options.bytes_per_sync: 0
2019/10/17-14:55:04.189550 7fc3a9fcb700                      Options.wal_bytes_per_sync: 0
2019/10/17-14:55:04.189551 7fc3a9fcb700       Options.compaction_readahead_size: 0
2019/10/17-14:55:04.189552 7fc3a9fcb700 Compression algorithms supported:
2019/10/17-14:55:04.189553 7fc3a9fcb700 	kZSTDNotFinalCompression supported: 0
2019/10/17-14:55:04.189555 7fc3a9fcb700 	kZSTD supported: 0
2019/10/17-14:55:04.189556 7fc3a9fcb700 	kXpressCompression supported: 0
2019/10/17-14:55:04.189557 7fc3a9fcb700 	kLZ4HCCompression supported: 0
2019/10/17-14:55:04.189558 7fc3a9fcb700 	kLZ4Compression supported: 0
2019/10/17-14:55:04.189559 7fc3a9fcb700 	kBZip2Compression supported: 0
2019/10/17-14:55:04.189560 7fc3a9fcb700 	kZlibCompression supported: 0
2019/10/17-14:55:04.189561 7fc3a9fcb700 	kSnappyCompression supported: 0
2019/10/17-14:55:04.189563 7fc3a9fcb700 Fast CRC32 supported: Supported on x86
2019/10/17-14:55:04.189687 7fc3a9fcb700 [db/version_set.cc:3507] Recovering from manifest file: MANIFEST-116263
2019/10/17-14:55:04.189728 7fc3a9fcb700 [db/column_family.cc:472] --------------- Options for column family [default]:
2019/10/17-14:55:04.189730 7fc3a9fcb700               Options.comparator: leveldb.BytewiseComparator
2019/10/17-14:55:04.189732 7fc3a9fcb700           Options.merge_operator: None
2019/10/17-14:55:04.189733 7fc3a9fcb700        Options.compaction_filter: None
2019/10/17-14:55:04.189734 7fc3a9fcb700        Options.compaction_filter_factory: None
2019/10/17-14:55:04.189735 7fc3a9fcb700         Options.memtable_factory: SkipListFactory
2019/10/17-14:55:04.189736 7fc3a9fcb700            Options.table_factory: BlockBasedTable
2019/10/17-14:55:04.189755 7fc3a9fcb700            table_factory options:   flush_block_policy_factory: FlushBlockBySizePolicyFactory (0x7fc3500dbdd0)
  cache_index_and_filter_blocks: 0
  cache_index_and_filter_blocks_with_high_priority: 0
  pin_l0_filter_and_index_blocks_in_cache: 0
  pin_top_level_index_and_filter: 1
  index_type: 0
  hash_index_allow_collision: 1
  checksum: 1
  no_block_cache: 0
  block_cache: 0x7fc35001fc20
  block_cache_name: LRUCache
  block_cache_options:
    capacity : 8388608
    num_shard_bits : 4
    strict_capacity_limit : 0
    memory_allocator : None
    high_pri_pool_ratio: 0.000
  block_cache_compressed: (nil)
  persistent_cache: (nil)
  block_size: 4096
  block_size_deviation: 10
  block_restart_interval: 16
  index_block_restart_interval: 1
  metadata_block_size: 4096
  partition_filters: 0
  use_delta_encoding: 1
  filter_policy: nullptr
  whole_key_filtering: 1
  verify_compression: 0
  read_amp_bytes_per_bit: 0
  format_version: 2
  enable_index_compression: 1
  block_align: 0
2019/10/17-14:55:04.189767 7fc3a9fcb700        Options.write_buffer_size: 67108864
2019/10/17-14:55:04.189768 7fc3a9fcb700  Options.max_write_buffer_number: 2
2019/10/17-14:55:04.189769 7fc3a9fcb700          Options.compression: NoCompression
2019/10/17-14:55:04.189770 7fc3a9fcb700                  Options.bottommost_compression: Disabled
2019/10/17-14:55:04.189771 7fc3a9fcb700       Options.prefix_extractor: nullptr
2019/10/17-14:55:04.189772 7fc3a9fcb700   Options.memtable_insert_with_hint_prefix_extractor: nullptr
2019/10/17-14:55:04.189773 7fc3a9fcb700             Options.num_levels: 7
2019/10/17-14:55:04.189774 7fc3a9fcb700        Options.min_write_buffer_number_to_merge: 1
2019/10/17-14:55:04.189775 7fc3a9fcb700     Options.max_write_buffer_number_to_maintain: 0
2019/10/17-14:55:04.189776 7fc3a9fcb700            Options.bottommost_compression_opts.window_bits: -14
2019/10/17-14:55:04.189777 7fc3a9fcb700                  Options.bottommost_compression_opts.level: 32767
2019/10/17-14:55:04.189778 7fc3a9fcb700               Options.bottommost_compression_opts.strategy: 0
2019/10/17-14:55:04.189779 7fc3a9fcb700         Options.bottommost_compression_opts.max_dict_bytes: 0
2019/10/17-14:55:04.189780 7fc3a9fcb700         Options.bottommost_compression_opts.zstd_max_train_bytes: 0
2019/10/17-14:55:04.189781 7fc3a9fcb700                  Options.bottommost_compression_opts.enabled: false
2019/10/17-14:55:04.189782 7fc3a9fcb700            Options.compression_opts.window_bits: -14
2019/10/17-14:55:04.189783 7fc3a9fcb700                  Options.compression_opts.level: 32767
2019/10/17-14:55:04.189784 7fc3a9fcb700               Options.compression_opts.strategy: 0
2019/10/17-14:55:04.189785 7fc3a9fcb700         Options.compression_opts.max_dict_bytes: 0
2019/10/17-14:55:04.189786 7fc3a9fcb700         Options.compression_opts.zstd_max_train_bytes: 0
2019/10/17-14:55:04.189787 7fc3a9fcb700                  Options.compression_opts.enabled: false
2019/10/17-14:55:04.189788 7fc3a9fcb700      Options.level0_file_num_compaction_trigger: 4
2019/10/17-14:55:04.189789 7fc3a9fcb700          Options.level0_slowdown_writes_trigger: 20
2019/10/17-14:55:04.189790 7fc3a9fcb700              Options.level0_stop_writes_trigger: 36
2019/10/17-14:55:04.189791 7fc3a9fcb700                   Options.target_file_size_base: 67108864
2019/10/17-14:55:04.189792 7fc3a9fcb700             Options.target_file_size_multiplier: 1
2019/10/17-14:55:04.189793 7fc3a9fcb700                Options.max_bytes_for_level_base: 268435456
2019/10/17-14:55:04.189794 7fc3a9fcb700 Options.level_compaction_dynamic_level_bytes: 0
2019/10/17-14:55:04.189794 7fc3a9fcb700          Options.max_bytes_for_level_multiplier: 10.000000
2019/10/17-14:55:04.189797 7fc3a9fcb700 Options.max_bytes_for_level_multiplier_addtl[0]: 1
2019/10/17-14:55:04.189798 7fc3a9fcb700 Options.max_bytes_for_level_multiplier_addtl[1]: 1
2019/10/17-14:55:04.189799 7fc3a9fcb700 Options.max_bytes_for_level_multiplier_addtl[2]: 1
2019/10/17-14:55:04.189800 7fc3a9fcb700 Options.max_bytes_for_level_multiplier_addtl[3]: 1
2019/10/17-14:55:04.189801 7fc3a9fcb700 Options.max_bytes_for_level_multiplier_addtl[4]: 1
2019/10/17-14:55:04.189807 7fc3a9fcb700 Options.max_bytes_for_level_multiplier_addtl[5]: 1
2019/10/17-14:55:04.189808 7fc3a9fcb700 Options.max_bytes_for_level_multiplier_addtl[6]: 1
2019/10/17-14:55:04.189809 7fc3a9fcb700       Options.max_sequential_skip_in_iterations: 8
2019/10/17-14:55:04.189810 7fc3a9fcb700                    Options.max_compaction_bytes: 1677721600
2019/10/17-14:55:04.189811 7fc3a9fcb700                        Options.arena_block_size: 8388608
2019/10/17-14:55:04.189812 7fc3a9fcb700   Options.soft_pending_compaction_bytes_limit: 68719476736
2019/10/17-14:55:04.189813 7fc3a9fcb700   Options.hard_pending_compaction_bytes_limit: 274877906944
2019/10/17-14:55:04.189814 7fc3a9fcb700       Options.rate_limit_delay_max_milliseconds: 100
2019/10/17-14:55:04.189815 7fc3a9fcb700                Options.disable_auto_compactions: 0
2019/10/17-14:55:04.189817 7fc3a9fcb700                        Options.compaction_style: kCompactionStyleLevel
2019/10/17-14:55:04.189818 7fc3a9fcb700                          Options.compaction_pri: kByCompensatedSize
2019/10/17-14:55:04.189819 7fc3a9fcb700 Options.compaction_options_universal.size_ratio: 1
2019/10/17-14:55:04.189820 7fc3a9fcb700 Options.compaction_options_universal.min_merge_width: 2
2019/10/17-14:55:04.189821 7fc3a9fcb700 Options.compaction_options_universal.max_merge_width: 4294967295
2019/10/17-14:55:04.189822 7fc3a9fcb700 Options.compaction_options_universal.max_size_amplification_percent: 200
2019/10/17-14:55:04.189823 7fc3a9fcb700 Options.compaction_options_universal.compression_size_percent: -1
2019/10/17-14:55:04.189825 7fc3a9fcb700 Options.compaction_options_universal.stop_style: kCompactionStopStyleTotalSize
2019/10/17-14:55:04.189826 7fc3a9fcb700 Options.compaction_options_fifo.max_table_files_size: 1073741824
2019/10/17-14:55:04.189827 7fc3a9fcb700 Options.compaction_options_fifo.allow_compaction: 0
2019/10/17-14:55:04.189828 7fc3a9fcb700 Options.compaction_options_fifo.ttl: 0
2019/10/17-14:55:04.189829 7fc3a9fcb700                   Options.table_properties_collectors: 
2019/10/17-14:55:04.189830 7fc3a9fcb700                   Options.inplace_update_support: 0
2019/10/17-14:55:04.189831 7fc3a9fcb700                 Options.inplace_update_num_locks: 10000
2019/10/17-14:55:04.189832 7fc3a9fcb700               Options.memtable_prefix_bloom_size_ratio: 0.000000
2019/10/17-14:55:04.189833 7fc3a9fcb700   Options.memtable_huge_page_size: 0
2019/10/17-14:55:04.189834 7fc3a9fcb700                           Options.bloom_locality: 0
2019/10/17-14:55:04.189835 7fc3a9fcb700                    Options.max_successive_merges: 0
2019/10/17-14:55:04.189836 7fc3a9fcb700                Options.optimize_filters_for_hits: 0
2019/10/17-14:55:04.189837 7fc3a9fcb700                Options.paranoid_file_checks: 0
2019/10/17-14:55:04.189838 7fc3a9fcb700                Options.force_consistency_checks: 0
2019/10/17-14:55:04.189839 7fc3a9fcb700                Options.report_bg_io_stats: 0
2019/10/17-14:55:04.189840 7fc3a9fcb700                               Options.ttl: 0
2019/10/17-14:55:04.189875 7fc3a9fcb700 [db/column_family.cc:472] --------------- Options for column family [active_gateways]:
2019/10/17-14:55:04.189877 7fc3a9fcb700               Options.comparator: leveldb.BytewiseComparator
2019/10/17-14:55:04.189878 7fc3a9fcb700           Options.merge_operator: None
2019/10/17-14:55:04.189879 7fc3a9fcb700        Options.compaction_filter: None
2019/10/17-14:55:04.189880 7fc3a9fcb700        Options.compaction_filter_factory: None
2019/10/17-14:55:04.189881 7fc3a9fcb700         Options.memtable_factory: SkipListFactory
2019/10/17-14:55:04.189882 7fc3a9fcb700            Options.table_factory: BlockBasedTable
2019/10/17-14:55:04.189895 7fc3a9fcb700            table_factory options:   flush_block_policy_factory: FlushBlockBySizePolicyFactory (0x7fc3500ef400)
  cache_index_and_filter_blocks: 0
  cache_index_and_filter_blocks_with_high_priority: 0
  pin_l0_filter_and_index_blocks_in_cache: 0
  pin_top_level_index_and_filter: 1
  index_type: 0
  hash_index_allow_collision: 1
  checksum: 1
  no_block_cache: 0
  block_cache: 0x7fc350009400
  block_cache_name: LRUCache
  block_cache_options:
    capacity : 8388608
    num_shard_bits : 4
    strict_capacity_limit : 0
    memory_allocator : None
    high_pri_pool_ratio: 0.000
  block_cache_compressed: (nil)
  persistent_cache: (nil)
  block_size: 4096
  block_size_deviation: 10
  block_restart_interval: 16
  index_block_restart_interval: 1
  metadata_block_size: 4096
  partition_filters: 0
  use_delta_encoding: 1
  filter_policy: nullptr
  whole_key_filtering: 1
  verify_compression: 0
  read_amp_bytes_per_bit: 0
  format_version: 2
  enable_index_compression: 1
  block_align: 0
2019/10/17-14:55:04.189905 7fc3a9fcb700        Options.write_buffer_size: 67108864
2019/10/17-14:55:04.189906 7fc3a9fcb700  Options.max_write_buffer_number: 2
2019/10/17-14:55:04.189907 7fc3a9fcb700          Options.compression: NoCompression
2019/10/17-14:55:04.189908 7fc3a9fcb700                  Options.bottommost_compression: Disabled
2019/10/17-14:55:04.189909 7fc3a9fcb700       Options.prefix_extractor: nullptr
2019/10/17-14:55:04.189910 7fc3a9fcb700   Options.memtable_insert_with_hint_prefix_extractor: nullptr
2019/10/17-14:55:04.189911 7fc3a9fcb700             Options.num_levels: 7
2019/10/17-14:55:04.189912 7fc3a9fcb700        Options.min_write_buffer_number_to_merge: 1
2019/10/17-14:55:04.189913 7fc3a9fcb700     Options.max_write_buffer_number_to_maintain: 0
2019/10/17-14:55:04.189914 7fc3a9fcb700            Options.bottommost_compression_opts.window_bits: -14
2019/10/17-14:55:04.189915 7fc3a9fcb700                  Options.bottommost_compression_opts.level: 32767
2019/10/17-14:55:04.189915 7fc3a9fcb700               Options.bottommost_compression_opts.strategy: 0
2019/10/17-14:55:04.189916 7fc3a9fcb700         Options.bottommost_compression_opts.max_dict_bytes: 0
2019/10/17-14:55:04.189917 7fc3a9fcb700         Options.bottommost_compression_opts.zstd_max_train_bytes: 0
2019/10/17-14:55:04.189918 7fc3a9fcb700                  Options.bottommost_compression_opts.enabled: false
2019/10/17-14:55:04.189919 7fc3a9fcb700            Options.compression_opts.window_bits: -14
2019/10/17-14:55:04.189920 7fc3a9fcb700                  Options.compression_opts.level: 32767
2019/10/17-14:55:04.189921 7fc3a9fcb700               Options.compression_opts.strategy: 0
2019/10/17-14:55:04.189922 7fc3a9fcb700         Options.compression_opts.max_dict_bytes: 0
2019/10/17-14:55:04.189923 7fc3a9fcb700         Options.compression_opts.zstd_max_train_bytes: 0
2019/10/17-14:55:04.189924 7fc3a9fcb700                  Options.compression_opts.enabled: false
2019/10/17-14:55:04.189925 7fc3a9fcb700      Options.level0_file_num_compaction_trigger: 4
2019/10/17-14:55:04.189926 7fc3a9fcb700          Options.level0_slowdown_writes_trigger: 20
2019/10/17-14:55:04.189927 7fc3a9fcb700              Options.level0_stop_writes_trigger: 36
2019/10/17-14:55:04.189928 7fc3a9fcb700                   Options.target_file_size_base: 67108864
2019/10/17-14:55:04.189929 7fc3a9fcb700             Options.target_file_size_multiplier: 1
2019/10/17-14:55:04.189930 7fc3a9fcb700                Options.max_bytes_for_level_base: 268435456
2019/10/17-14:55:04.189931 7fc3a9fcb700 Options.level_compaction_dynamic_level_bytes: 0
2019/10/17-14:55:04.189932 7fc3a9fcb700          Options.max_bytes_for_level_multiplier: 10.000000
2019/10/17-14:55:04.189933 7fc3a9fcb700 Options.max_bytes_for_level_multiplier_addtl[0]: 1
2019/10/17-14:55:04.189934 7fc3a9fcb700 Options.max_bytes_for_level_multiplier_addtl[1]: 1
2019/10/17-14:55:04.189935 7fc3a9fcb700 Options.max_bytes_for_level_multiplier_addtl[2]: 1
2019/10/17-14:55:04.189936 7fc3a9fcb700 Options.max_bytes_for_level_multiplier_addtl[3]: 1
2019/10/17-14:55:04.189937 7fc3a9fcb700 Options.max_bytes_for_level_multiplier_addtl[4]: 1
2019/10/17-14:55:04.189938 7fc3a9fcb700 Options.max_bytes_for_level_multiplier_addtl[5]: 1
2019/10/17-14:55:04.189939 7fc3a9fcb700 Options.max_bytes_for_level_multiplier_addtl[6]: 1
2019/10/17-14:55:04.189940 7fc3a9fcb700       Options.max_sequential_skip_in_iterations: 8
2019/10/17-14:55:04.189946 7fc3a9fcb700                    Options.max_compaction_bytes: 1677721600
2019/10/17-14:55:04.189947 7fc3a9fcb700                        Options.arena_block_size: 8388608
2019/10/17-14:55:04.189948 7fc3a9fcb700   Options.soft_pending_compaction_bytes_limit: 68719476736
2019/10/17-14:55:04.189949 7fc3a9fcb700   Options.hard_pending_compaction_bytes_limit: 274877906944
2019/10/17-14:55:04.189950 7fc3a9fcb700       Options.rate_limit_delay_max_milliseconds: 100
2019/10/17-14:55:04.189951 7fc3a9fcb700                Options.disable_auto_compactions: 0
2019/10/17-14:55:04.189952 7fc3a9fcb700                        Options.compaction_style: kCompactionStyleLevel
2019/10/17-14:55:04.189953 7fc3a9fcb700                          Options.compaction_pri: kByCompensatedSize
2019/10/17-14:55:04.189954 7fc3a9fcb700 Options.compaction_options_universal.size_ratio: 1
2019/10/17-14:55:04.189955 7fc3a9fcb700 Options.compaction_options_universal.min_merge_width: 2
2019/10/17-14:55:04.189956 7fc3a9fcb700 Options.compaction_options_universal.max_merge_width: 4294967295
2019/10/17-14:55:04.189957 7fc3a9fcb700 Options.compaction_options_universal.max_size_amplification_percent: 200
2019/10/17-14:55:04.189958 7fc3a9fcb700 Options.compaction_options_universal.compression_size_percent: -1
2019/10/17-14:55:04.189959 7fc3a9fcb700 Options.compaction_options_universal.stop_style: kCompactionStopStyleTotalSize
2019/10/17-14:55:04.189960 7fc3a9fcb700 Options.compaction_options_fifo.max_table_files_size: 1073741824
2019/10/17-14:55:04.189961 7fc3a9fcb700 Options.compaction_options_fifo.allow_compaction: 0
2019/10/17-14:55:04.189962 7fc3a9fcb700 Options.compaction_options_fifo.ttl: 0
2019/10/17-14:55:04.189963 7fc3a9fcb700                   Options.table_properties_collectors: 
2019/10/17-14:55:04.189963 7fc3a9fcb700                   Options.inplace_update_support: 0
2019/10/17-14:55:04.189964 7fc3a9fcb700                 Options.inplace_update_num_locks: 10000
2019/10/17-14:55:04.189965 7fc3a9fcb700               Options.memtable_prefix_bloom_size_ratio: 0.000000
2019/10/17-14:55:04.189967 7fc3a9fcb700   Options.memtable_huge_page_size: 0
2019/10/17-14:55:04.189968 7fc3a9fcb700                           Options.bloom_locality: 0
2019/10/17-14:55:04.189969 7fc3a9fcb700                    Options.max_successive_merges: 0
2019/10/17-14:55:04.189970 7fc3a9fcb700                Options.optimize_filters_for_hits: 0
2019/10/17-14:55:04.189971 7fc3a9fcb700                Options.paranoid_file_checks: 0
2019/10/17-14:55:04.189971 7fc3a9fcb700                Options.force_consistency_checks: 0
2019/10/17-14:55:04.189972 7fc3a9fcb700                Options.report_bg_io_stats: 0
2019/10/17-14:55:04.189973 7fc3a9fcb700                               Options.ttl: 0
2019/10/17-14:55:04.189995 7fc3a9fcb700 [db/column_family.cc:472] --------------- Options for column family [entries]:
2019/10/17-14:55:04.189996 7fc3a9fcb700               Options.comparator: leveldb.BytewiseComparator
2019/10/17-14:55:04.189997 7fc3a9fcb700           Options.merge_operator: None
2019/10/17-14:55:04.189998 7fc3a9fcb700        Options.compaction_filter: None
2019/10/17-14:55:04.189999 7fc3a9fcb700        Options.compaction_filter_factory: None
2019/10/17-14:55:04.190000 7fc3a9fcb700         Options.memtable_factory: SkipListFactory
2019/10/17-14:55:04.190001 7fc3a9fcb700            Options.table_factory: BlockBasedTable
2019/10/17-14:55:04.190014 7fc3a9fcb700            table_factory options:   flush_block_policy_factory: FlushBlockBySizePolicyFactory (0x7fc3500f48e0)
  cache_index_and_filter_blocks: 0
  cache_index_and_filter_blocks_with_high_priority: 0
  pin_l0_filter_and_index_blocks_in_cache: 0
  pin_top_level_index_and_filter: 1
  index_type: 0
  hash_index_allow_collision: 1
  checksum: 1
  no_block_cache: 0
  block_cache: 0x7fc35002cb70
  block_cache_name: LRUCache
  block_cache_options:
    capacity : 8388608
    num_shard_bits : 4
    strict_capacity_limit : 0
    memory_allocator : None
    high_pri_pool_ratio: 0.000
  block_cache_compressed: (nil)
  persistent_cache: (nil)
  block_size: 4096
  block_size_deviation: 10
  block_restart_interval: 16
  index_block_restart_interval: 1
  metadata_block_size: 4096
  partition_filters: 0
  use_delta_encoding: 1
  filter_policy: nullptr
  whole_key_filtering: 1
  verify_compression: 0
  read_amp_bytes_per_bit: 0
  format_version: 2
  enable_index_compression: 1
  block_align: 0
2019/10/17-14:55:04.190022 7fc3a9fcb700        Options.write_buffer_size: 67108864
2019/10/17-14:55:04.190023 7fc3a9fcb700  Options.max_write_buffer_number: 2
2019/10/17-14:55:04.190024 7fc3a9fcb700          Options.compression: NoCompression
2019/10/17-14:55:04.190025 7fc3a9fcb700                  Options.bottommost_compression: Disabled
2019/10/17-14:55:04.190026 7fc3a9fcb700       Options.prefix_extractor: nullptr
2019/10/17-14:55:04.190027 7fc3a9fcb700   Options.memtable_insert_with_hint_prefix_extractor: nullptr
2019/10/17-14:55:04.190028 7fc3a9fcb700             Options.num_levels: 7
2019/10/17-14:55:04.190029 7fc3a9fcb700        Options.min_write_buffer_number_to_merge: 1
2019/10/17-14:55:04.190030 7fc3a9fcb700     Options.max_write_buffer_number_to_maintain: 0
2019/10/17-14:55:04.190031 7fc3a9fcb700            Options.bottommost_compression_opts.window_bits: -14
2019/10/17-14:55:04.190032 7fc3a9fcb700                  Options.bottommost_compression_opts.level: 32767
2019/10/17-14:55:04.190033 7fc3a9fcb700               Options.bottommost_compression_opts.strategy: 0
2019/10/17-14:55:04.190034 7fc3a9fcb700         Options.bottommost_compression_opts.max_dict_bytes: 0
2019/10/17-14:55:04.190035 7fc3a9fcb700         Options.bottommost_compression_opts.zstd_max_train_bytes: 0
2019/10/17-14:55:04.190036 7fc3a9fcb700                  Options.bottommost_compression_opts.enabled: false
2019/10/17-14:55:04.190037 7fc3a9fcb700            Options.compression_opts.window_bits: -14
2019/10/17-14:55:04.190038 7fc3a9fcb700                  Options.compression_opts.level: 32767
2019/10/17-14:55:04.190038 7fc3a9fcb700               Options.compression_opts.strategy: 0
2019/10/17-14:55:04.190039 7fc3a9fcb700         Options.compression_opts.max_dict_bytes: 0
2019/10/17-14:55:04.190040 7fc3a9fcb700         Options.compression_opts.zstd_max_train_bytes: 0
2019/10/17-14:55:04.190041 7fc3a9fcb700                  Options.compression_opts.enabled: false
2019/10/17-14:55:04.190042 7fc3a9fcb700      Options.level0_file_num_compaction_trigger: 4
2019/10/17-14:55:04.190043 7fc3a9fcb700          Options.level0_slowdown_writes_trigger: 20
2019/10/17-14:55:04.190044 7fc3a9fcb700              Options.level0_stop_writes_trigger: 36
2019/10/17-14:55:04.190045 7fc3a9fcb700                   Options.target_file_size_base: 67108864
2019/10/17-14:55:04.190046 7fc3a9fcb700             Options.target_file_size_multiplier: 1
2019/10/17-14:55:04.190047 7fc3a9fcb700                Options.max_bytes_for_level_base: 268435456
2019/10/17-14:55:04.190048 7fc3a9fcb700 Options.level_compaction_dynamic_level_bytes: 0
2019/10/17-14:55:04.190049 7fc3a9fcb700          Options.max_bytes_for_level_multiplier: 10.000000
2019/10/17-14:55:04.190050 7fc3a9fcb700 Options.max_bytes_for_level_multiplier_addtl[0]: 1
2019/10/17-14:55:04.190051 7fc3a9fcb700 Options.max_bytes_for_level_multiplier_addtl[1]: 1
2019/10/17-14:55:04.190052 7fc3a9fcb700 Options.max_bytes_for_level_multiplier_addtl[2]: 1
2019/10/17-14:55:04.190053 7fc3a9fcb700 Options.max_bytes_for_level_multiplier_addtl[3]: 1
2019/10/17-14:55:04.190054 7fc3a9fcb700 Options.max_bytes_for_level_multiplier_addtl[4]: 1
2019/10/17-14:55:04.190055 7fc3a9fcb700 Options.max_bytes_for_level_multiplier_addtl[5]: 1
2019/10/17-14:55:04.190056 7fc3a9fcb700 Options.max_bytes_for_level_multiplier_addtl[6]: 1
2019/10/17-14:55:04.190057 7fc3a9fcb700       Options.max_sequential_skip_in_iterations: 8
2019/10/17-14:55:04.190058 7fc3a9fcb700                    Options.max_compaction_bytes: 1677721600
2019/10/17-14:55:04.190059 7fc3a9fcb700                        Options.arena_block_size: 8388608
2019/10/17-14:55:04.190060 7fc3a9fcb700   Options.soft_pending_compaction_bytes_limit: 68719476736
2019/10/17-14:55:04.190066 7fc3a9fcb700   Options.hard_pending_compaction_bytes_limit: 274877906944
2019/10/17-14:55:04.190067 7fc3a9fcb700       Options.rate_limit_delay_max_milliseconds: 100
2019/10/17-14:55:04.190068 7fc3a9fcb700                Options.disable_auto_compactions: 0
2019/10/17-14:55:04.190069 7fc3a9fcb700                        Options.compaction_style: kCompactionStyleLevel
2019/10/17-14:55:04.190070 7fc3a9fcb700                          Options.compaction_pri: kByCompensatedSize
2019/10/17-14:55:04.190071 7fc3a9fcb700 Options.compaction_options_universal.size_ratio: 1
2019/10/17-14:55:04.190072 7fc3a9fcb700 Options.compaction_options_universal.min_merge_width: 2
2019/10/17-14:55:04.190073 7fc3a9fcb700 Options.compaction_options_universal.max_merge_width: 4294967295
2019/10/17-14:55:04.190074 7fc3a9fcb700 Options.compaction_options_universal.max_size_amplification_percent: 200
2019/10/17-14:55:04.190075 7fc3a9fcb700 Options.compaction_options_universal.compression_size_percent: -1
2019/10/17-14:55:04.190076 7fc3a9fcb700 Options.compaction_options_universal.stop_style: kCompactionStopStyleTotalSize
2019/10/17-14:55:04.190077 7fc3a9fcb700 Options.compaction_options_fifo.max_table_files_size: 1073741824
2019/10/17-14:55:04.190078 7fc3a9fcb700 Options.compaction_options_fifo.allow_compaction: 0
2019/10/17-14:55:04.190079 7fc3a9fcb700 Options.compaction_options_fifo.ttl: 0
2019/10/17-14:55:04.190080 7fc3a9fcb700                   Options.table_properties_collectors: 
2019/10/17-14:55:04.190081 7fc3a9fcb700                   Options.inplace_update_support: 0
2019/10/17-14:55:04.190082 7fc3a9fcb700                 Options.inplace_update_num_locks: 10000
2019/10/17-14:55:04.190083 7fc3a9fcb700               Options.memtable_prefix_bloom_size_ratio: 0.000000
2019/10/17-14:55:04.190084 7fc3a9fcb700   Options.memtable_huge_page_size: 0
2019/10/17-14:55:04.190085 7fc3a9fcb700                           Options.bloom_locality: 0
2019/10/17-14:55:04.190086 7fc3a9fcb700                    Options.max_successive_merges: 0
2019/10/17-14:55:04.190087 7fc3a9fcb700                Options.optimize_filters_for_hits: 0
2019/10/17-14:55:04.190088 7fc3a9fcb700                Options.paranoid_file_checks: 0
2019/10/17-14:55:04.190089 7fc3a9fcb700                Options.force_consistency_checks: 0
2019/10/17-14:55:04.190090 7fc3a9fcb700                Options.report_bg_io_stats: 0
2019/10/17-14:55:04.190091 7fc3a9fcb700                               Options.ttl: 0
2019/10/17-14:55:04.190109 7fc3a9fcb700 [db/column_family.cc:472] --------------- Options for column family [dc_entries]:
2019/10/17-14:55:04.190111 7fc3a9fcb700               Options.comparator: leveldb.BytewiseComparator
2019/10/17-14:55:04.190112 7fc3a9fcb700           Options.merge_operator: None
2019/10/17-14:55:04.190113 7fc3a9fcb700        Options.compaction_filter: None
2019/10/17-14:55:04.190114 7fc3a9fcb700        Options.compaction_filter_factory: None
2019/10/17-14:55:04.190115 7fc3a9fcb700         Options.memtable_factory: SkipListFactory
2019/10/17-14:55:04.190116 7fc3a9fcb700            Options.table_factory: BlockBasedTable
2019/10/17-14:55:04.190127 7fc3a9fcb700            table_factory options:   flush_block_policy_factory: FlushBlockBySizePolicyFactory (0x7fc350021390)
  cache_index_and_filter_blocks: 0
  cache_index_and_filter_blocks_with_high_priority: 0
  pin_l0_filter_and_index_blocks_in_cache: 0
  pin_top_level_index_and_filter: 1
  index_type: 0
  hash_index_allow_collision: 1
  checksum: 1
  no_block_cache: 0
  block_cache: 0x7fc3500a0530
  block_cache_name: LRUCache
  block_cache_options:
    capacity : 8388608
    num_shard_bits : 4
    strict_capacity_limit : 0
    memory_allocator : None
    high_pri_pool_ratio: 0.000
  block_cache_compressed: (nil)
  persistent_cache: (nil)
  block_size: 4096
  block_size_deviation: 10
  block_restart_interval: 16
  index_block_restart_interval: 1
  metadata_block_size: 4096
  partition_filters: 0
  use_delta_encoding: 1
  filter_policy: nullptr
  whole_key_filtering: 1
  verify_compression: 0
  read_amp_bytes_per_bit: 0
  format_version: 2
  enable_index_compression: 1
  block_align: 0
2019/10/17-14:55:04.190135 7fc3a9fcb700        Options.write_buffer_size: 67108864
2019/10/17-14:55:04.190136 7fc3a9fcb700  Options.max_write_buffer_number: 2
2019/10/17-14:55:04.190137 7fc3a9fcb700          Options.compression: NoCompression
2019/10/17-14:55:04.190138 7fc3a9fcb700                  Options.bottommost_compression: Disabled
2019/10/17-14:55:04.190139 7fc3a9fcb700       Options.prefix_extractor: nullptr
2019/10/17-14:55:04.190140 7fc3a9fcb700   Options.memtable_insert_with_hint_prefix_extractor: nullptr
2019/10/17-14:55:04.190141 7fc3a9fcb700             Options.num_levels: 7
2019/10/17-14:55:04.190142 7fc3a9fcb700        Options.min_write_buffer_number_to_merge: 1
2019/10/17-14:55:04.190143 7fc3a9fcb700     Options.max_write_buffer_number_to_maintain: 0
2019/10/17-14:55:04.190143 7fc3a9fcb700            Options.bottommost_compression_opts.window_bits: -14
2019/10/17-14:55:04.190144 7fc3a9fcb700                  Options.bottommost_compression_opts.level: 32767
2019/10/17-14:55:04.190145 7fc3a9fcb700               Options.bottommost_compression_opts.strategy: 0
2019/10/17-14:55:04.190146 7fc3a9fcb700         Options.bottommost_compression_opts.max_dict_bytes: 0
2019/10/17-14:55:04.190147 7fc3a9fcb700         Options.bottommost_compression_opts.zstd_max_train_bytes: 0
2019/10/17-14:55:04.190148 7fc3a9fcb700                  Options.bottommost_compression_opts.enabled: false
2019/10/17-14:55:04.190149 7fc3a9fcb700            Options.compression_opts.window_bits: -14
2019/10/17-14:55:04.190150 7fc3a9fcb700                  Options.compression_opts.level: 32767
2019/10/17-14:55:04.190151 7fc3a9fcb700               Options.compression_opts.strategy: 0
2019/10/17-14:55:04.190152 7fc3a9fcb700         Options.compression_opts.max_dict_bytes: 0
2019/10/17-14:55:04.190153 7fc3a9fcb700         Options.compression_opts.zstd_max_train_bytes: 0
2019/10/17-14:55:04.190154 7fc3a9fcb700                  Options.compression_opts.enabled: false
2019/10/17-14:55:04.190155 7fc3a9fcb700      Options.level0_file_num_compaction_trigger: 4
2019/10/17-14:55:04.190156 7fc3a9fcb700          Options.level0_slowdown_writes_trigger: 20
2019/10/17-14:55:04.190157 7fc3a9fcb700              Options.level0_stop_writes_trigger: 36
2019/10/17-14:55:04.190157 7fc3a9fcb700                   Options.target_file_size_base: 67108864
2019/10/17-14:55:04.190158 7fc3a9fcb700             Options.target_file_size_multiplier: 1
2019/10/17-14:55:04.190159 7fc3a9fcb700                Options.max_bytes_for_level_base: 268435456
2019/10/17-14:55:04.190160 7fc3a9fcb700 Options.level_compaction_dynamic_level_bytes: 0
2019/10/17-14:55:04.190161 7fc3a9fcb700          Options.max_bytes_for_level_multiplier: 10.000000
2019/10/17-14:55:04.190163 7fc3a9fcb700 Options.max_bytes_for_level_multiplier_addtl[0]: 1
2019/10/17-14:55:04.190164 7fc3a9fcb700 Options.max_bytes_for_level_multiplier_addtl[1]: 1
2019/10/17-14:55:04.190165 7fc3a9fcb700 Options.max_bytes_for_level_multiplier_addtl[2]: 1
2019/10/17-14:55:04.190166 7fc3a9fcb700 Options.max_bytes_for_level_multiplier_addtl[3]: 1
2019/10/17-14:55:04.190167 7fc3a9fcb700 Options.max_bytes_for_level_multiplier_addtl[4]: 1
2019/10/17-14:55:04.190168 7fc3a9fcb700 Options.max_bytes_for_level_multiplier_addtl[5]: 1
2019/10/17-14:55:04.190169 7fc3a9fcb700 Options.max_bytes_for_level_multiplier_addtl[6]: 1
2019/10/17-14:55:04.190170 7fc3a9fcb700       Options.max_sequential_skip_in_iterations: 8
2019/10/17-14:55:04.190170 7fc3a9fcb700                    Options.max_compaction_bytes: 1677721600
2019/10/17-14:55:04.190171 7fc3a9fcb700                        Options.arena_block_size: 8388608
2019/10/17-14:55:04.190172 7fc3a9fcb700   Options.soft_pending_compaction_bytes_limit: 68719476736
2019/10/17-14:55:04.190173 7fc3a9fcb700   Options.hard_pending_compaction_bytes_limit: 274877906944
2019/10/17-14:55:04.190174 7fc3a9fcb700       Options.rate_limit_delay_max_milliseconds: 100
2019/10/17-14:55:04.190175 7fc3a9fcb700                Options.disable_auto_compactions: 0
2019/10/17-14:55:04.190181 7fc3a9fcb700                        Options.compaction_style: kCompactionStyleLevel
2019/10/17-14:55:04.190182 7fc3a9fcb700                          Options.compaction_pri: kByCompensatedSize
2019/10/17-14:55:04.190183 7fc3a9fcb700 Options.compaction_options_universal.size_ratio: 1
2019/10/17-14:55:04.190184 7fc3a9fcb700 Options.compaction_options_universal.min_merge_width: 2
2019/10/17-14:55:04.190185 7fc3a9fcb700 Options.compaction_options_universal.max_merge_width: 4294967295
2019/10/17-14:55:04.190186 7fc3a9fcb700 Options.compaction_options_universal.max_size_amplification_percent: 200
2019/10/17-14:55:04.190187 7fc3a9fcb700 Options.compaction_options_universal.compression_size_percent: -1
2019/10/17-14:55:04.190188 7fc3a9fcb700 Options.compaction_options_universal.stop_style: kCompactionStopStyleTotalSize
2019/10/17-14:55:04.190189 7fc3a9fcb700 Options.compaction_options_fifo.max_table_files_size: 1073741824
2019/10/17-14:55:04.190190 7fc3a9fcb700 Options.compaction_options_fifo.allow_compaction: 0
2019/10/17-14:55:04.190191 7fc3a9fcb700 Options.compaction_options_fifo.ttl: 0
2019/10/17-14:55:04.190192 7fc3a9fcb700                   Options.table_properties_collectors: 
2019/10/17-14:55:04.190193 7fc3a9fcb700                   Options.inplace_update_support: 0
2019/10/17-14:55:04.190194 7fc3a9fcb700                 Options.inplace_update_num_locks: 10000
2019/10/17-14:55:04.190195 7fc3a9fcb700               Options.memtable_prefix_bloom_size_ratio: 0.000000
2019/10/17-14:55:04.190196 7fc3a9fcb700   Options.memtable_huge_page_size: 0
2019/10/17-14:55:04.190197 7fc3a9fcb700                           Options.bloom_locality: 0
2019/10/17-14:55:04.190198 7fc3a9fcb700                    Options.max_successive_merges: 0
2019/10/17-14:55:04.190199 7fc3a9fcb700                Options.optimize_filters_for_hits: 0
2019/10/17-14:55:04.190200 7fc3a9fcb700                Options.paranoid_file_checks: 0
2019/10/17-14:55:04.190201 7fc3a9fcb700                Options.force_consistency_checks: 0
2019/10/17-14:55:04.190202 7fc3a9fcb700                Options.report_bg_io_stats: 0
2019/10/17-14:55:04.190203 7fc3a9fcb700                               Options.ttl: 0
2019/10/17-14:55:04.190217 7fc3a9fcb700 [db/column_family.cc:472] --------------- Options for column family [htlcs]:
2019/10/17-14:55:04.190219 7fc3a9fcb700               Options.comparator: leveldb.BytewiseComparator
2019/10/17-14:55:04.190220 7fc3a9fcb700           Options.merge_operator: None
2019/10/17-14:55:04.190221 7fc3a9fcb700        Options.compaction_filter: None
2019/10/17-14:55:04.190222 7fc3a9fcb700        Options.compaction_filter_factory: None
2019/10/17-14:55:04.190223 7fc3a9fcb700         Options.memtable_factory: SkipListFactory
2019/10/17-14:55:04.190224 7fc3a9fcb700            Options.table_factory: BlockBasedTable
2019/10/17-14:55:04.190235 7fc3a9fcb700            table_factory options:   flush_block_policy_factory: FlushBlockBySizePolicyFactory (0x7fc3500367e0)
