2019/10/17-14:55:12.795941 7fc3a9fcb700 RocksDB version: 5.18.3
2019/10/17-14:55:12.795983 7fc3a9fcb700 Git sha rocksdb_build_git_sha:@0@
2019/10/17-14:55:12.795985 7fc3a9fcb700 Compile date Sep 19 2019
2019/10/17-14:55:12.795987 7fc3a9fcb700 DB SUMMARY
2019/10/17-14:55:12.796944 7fc3a9fcb700 CURRENT file:  CURRENT
2019/10/17-14:55:12.796946 7fc3a9fcb700 IDENTITY file:  IDENTITY
2019/10/17-14:55:12.796985 7fc3a9fcb700 MANIFEST file:  MANIFEST-116530 size: 4114 Bytes
2019/10/17-14:55:12.796987 7fc3a9fcb700 SST files in /home/rahul/dev/blockchain-core/eqc/ledger.db dir, Total Num: 29, files: 000624.sst 000627.sst 106940.sst 108447.sst 108450.sst 109471.sst 109483.sst 109485.sst 109486.sst 
2019/10/17-14:55:12.796989 7fc3a9fcb700 Write Ahead Log file in /home/rahul/dev/blockchain-core/eqc/ledger.db: 116531.log size: 0 ; 
2019/10/17-14:55:12.797034 7fc3a9fcb700                         Options.error_if_exists: 0
2019/10/17-14:55:12.797035 7fc3a9fcb700                       Options.create_if_missing: 1
2019/10/17-14:55:12.797037 7fc3a9fcb700                         Options.paranoid_checks: 1
2019/10/17-14:55:12.797038 7fc3a9fcb700                                     Options.env: 0x7fc32ae1fc60
2019/10/17-14:55:12.797039 7fc3a9fcb700                                Options.info_log: 0x7fc35003cca0
2019/10/17-14:55:12.797040 7fc3a9fcb700                Options.max_file_opening_threads: 16
2019/10/17-14:55:12.797041 7fc3a9fcb700                              Options.statistics: (nil)
2019/10/17-14:55:12.797042 7fc3a9fcb700                               Options.use_fsync: 0
2019/10/17-14:55:12.797043 7fc3a9fcb700                       Options.max_log_file_size: 0
2019/10/17-14:55:12.797044 7fc3a9fcb700                  Options.max_manifest_file_size: 1073741824
2019/10/17-14:55:12.797045 7fc3a9fcb700                   Options.log_file_time_to_roll: 0
2019/10/17-14:55:12.797046 7fc3a9fcb700                       Options.keep_log_file_num: 1000
2019/10/17-14:55:12.797047 7fc3a9fcb700                    Options.recycle_log_file_num: 0
2019/10/17-14:55:12.797048 7fc3a9fcb700                         Options.allow_fallocate: 1
2019/10/17-14:55:12.797049 7fc3a9fcb700                        Options.allow_mmap_reads: 0
2019/10/17-14:55:12.797050 7fc3a9fcb700                       Options.allow_mmap_writes: 0
2019/10/17-14:55:12.797051 7fc3a9fcb700                        Options.use_direct_reads: 0
2019/10/17-14:55:12.797052 7fc3a9fcb700                        Options.use_direct_io_for_flush_and_compaction: 0
2019/10/17-14:55:12.797053 7fc3a9fcb700          Options.create_missing_column_families: 0
2019/10/17-14:55:12.797054 7fc3a9fcb700                              Options.db_log_dir: 
2019/10/17-14:55:12.797055 7fc3a9fcb700                                 Options.wal_dir: /home/rahul/dev/blockchain-core/eqc/ledger.db
2019/10/17-14:55:12.797056 7fc3a9fcb700                Options.table_cache_numshardbits: 6
2019/10/17-14:55:12.797057 7fc3a9fcb700                      Options.max_subcompactions: 1
2019/10/17-14:55:12.797058 7fc3a9fcb700                  Options.max_background_flushes: -1
2019/10/17-14:55:12.797059 7fc3a9fcb700                         Options.WAL_ttl_seconds: 0
2019/10/17-14:55:12.797061 7fc3a9fcb700                       Options.WAL_size_limit_MB: 0
2019/10/17-14:55:12.797062 7fc3a9fcb700             Options.manifest_preallocation_size: 4194304
2019/10/17-14:55:12.797063 7fc3a9fcb700                     Options.is_fd_close_on_exec: 1
2019/10/17-14:55:12.797064 7fc3a9fcb700                   Options.advise_random_on_open: 1
2019/10/17-14:55:12.797065 7fc3a9fcb700                    Options.db_write_buffer_size: 0
2019/10/17-14:55:12.797066 7fc3a9fcb700                    Options.write_buffer_manager: 0x7fc35009fa10
2019/10/17-14:55:12.797067 7fc3a9fcb700         Options.access_hint_on_compaction_start: 1
2019/10/17-14:55:12.797067 7fc3a9fcb700  Options.new_table_reader_for_compaction_inputs: 0
2019/10/17-14:55:12.797068 7fc3a9fcb700           Options.random_access_max_buffer_size: 1048576
2019/10/17-14:55:12.797069 7fc3a9fcb700                      Options.use_adaptive_mutex: 0
2019/10/17-14:55:12.797070 7fc3a9fcb700                            Options.rate_limiter: (nil)
2019/10/17-14:55:12.797082 7fc3a9fcb700     Options.sst_file_manager.rate_bytes_per_sec: 0
2019/10/17-14:55:12.797083 7fc3a9fcb700                       Options.wal_recovery_mode: 2
2019/10/17-14:55:12.797084 7fc3a9fcb700                  Options.enable_thread_tracking: 0
2019/10/17-14:55:12.797085 7fc3a9fcb700                  Options.enable_pipelined_write: 0
2019/10/17-14:55:12.797086 7fc3a9fcb700         Options.allow_concurrent_memtable_write: 1
2019/10/17-14:55:12.797087 7fc3a9fcb700      Options.enable_write_thread_adaptive_yield: 1
2019/10/17-14:55:12.797088 7fc3a9fcb700             Options.write_thread_max_yield_usec: 100
2019/10/17-14:55:12.797089 7fc3a9fcb700            Options.write_thread_slow_yield_usec: 3
2019/10/17-14:55:12.797090 7fc3a9fcb700                               Options.row_cache: None
2019/10/17-14:55:12.797091 7fc3a9fcb700                              Options.wal_filter: None
2019/10/17-14:55:12.797092 7fc3a9fcb700             Options.avoid_flush_during_recovery: 0
2019/10/17-14:55:12.797093 7fc3a9fcb700             Options.allow_ingest_behind: 0
2019/10/17-14:55:12.797094 7fc3a9fcb700             Options.preserve_deletes: 0
2019/10/17-14:55:12.797095 7fc3a9fcb700             Options.two_write_queues: 0
2019/10/17-14:55:12.797096 7fc3a9fcb700             Options.manual_wal_flush: 0
2019/10/17-14:55:12.797097 7fc3a9fcb700             Options.max_background_jobs: 2
2019/10/17-14:55:12.797098 7fc3a9fcb700             Options.max_background_compactions: -1
2019/10/17-14:55:12.797099 7fc3a9fcb700             Options.avoid_flush_during_shutdown: 0
2019/10/17-14:55:12.797100 7fc3a9fcb700           Options.writable_file_max_buffer_size: 1048576
2019/10/17-14:55:12.797101 7fc3a9fcb700             Options.delayed_write_rate : 16777216
2019/10/17-14:55:12.797102 7fc3a9fcb700             Options.max_total_wal_size: 0
2019/10/17-14:55:12.797103 7fc3a9fcb700             Options.delete_obsolete_files_period_micros: 21600000000
2019/10/17-14:55:12.797104 7fc3a9fcb700                   Options.stats_dump_period_sec: 600
2019/10/17-14:55:12.797105 7fc3a9fcb700                          Options.max_open_files: -1
2019/10/17-14:55:12.797106 7fc3a9fcb700                          Options.bytes_per_sync: 0
2019/10/17-14:55:12.797107 7fc3a9fcb700                      Options.wal_bytes_per_sync: 0
2019/10/17-14:55:12.797108 7fc3a9fcb700       Options.compaction_readahead_size: 0
2019/10/17-14:55:12.797109 7fc3a9fcb700 Compression algorithms supported:
2019/10/17-14:55:12.797111 7fc3a9fcb700 	kZSTDNotFinalCompression supported: 0
2019/10/17-14:55:12.797112 7fc3a9fcb700 	kZSTD supported: 0
2019/10/17-14:55:12.797113 7fc3a9fcb700 	kXpressCompression supported: 0
2019/10/17-14:55:12.797114 7fc3a9fcb700 	kLZ4HCCompression supported: 0
2019/10/17-14:55:12.797115 7fc3a9fcb700 	kLZ4Compression supported: 0
2019/10/17-14:55:12.797116 7fc3a9fcb700 	kBZip2Compression supported: 0
2019/10/17-14:55:12.797117 7fc3a9fcb700 	kZlibCompression supported: 0
2019/10/17-14:55:12.797118 7fc3a9fcb700 	kSnappyCompression supported: 0
2019/10/17-14:55:12.797121 7fc3a9fcb700 Fast CRC32 supported: Supported on x86
2019/10/17-14:55:12.797241 7fc3a9fcb700 [db/version_set.cc:3507] Recovering from manifest file: MANIFEST-116530
2019/10/17-14:55:12.797283 7fc3a9fcb700 [db/column_family.cc:472] --------------- Options for column family [default]:
2019/10/17-14:55:12.797286 7fc3a9fcb700               Options.comparator: leveldb.BytewiseComparator
2019/10/17-14:55:12.797287 7fc3a9fcb700           Options.merge_operator: None
2019/10/17-14:55:12.797288 7fc3a9fcb700        Options.compaction_filter: None
2019/10/17-14:55:12.797289 7fc3a9fcb700        Options.compaction_filter_factory: None
2019/10/17-14:55:12.797290 7fc3a9fcb700         Options.memtable_factory: SkipListFactory
2019/10/17-14:55:12.797291 7fc3a9fcb700            Options.table_factory: BlockBasedTable
2019/10/17-14:55:12.797309 7fc3a9fcb700            table_factory options:   flush_block_policy_factory: FlushBlockBySizePolicyFactory (0x7fc3500e6c20)
  cache_index_and_filter_blocks: 0
  cache_index_and_filter_blocks_with_high_priority: 0
  pin_l0_filter_and_index_blocks_in_cache: 0
  pin_top_level_index_and_filter: 1
  index_type: 0
  hash_index_allow_collision: 1
  checksum: 1
  no_block_cache: 0
  block_cache: 0x7fc35011a4e0
  block_cache_name: LRUCache
  block_cache_options:
    capacity : 8388608
    num_shard_bits : 4
    strict_capacity_limit : 0
    memory_allocator : None
    high_pri_pool_ratio: 0.000
  block_cache_compressed: (nil)
  persistent_cache: (nil)
  block_size: 4096
  block_size_deviation: 10
  block_restart_interval: 16
  index_block_restart_interval: 1
  metadata_block_size: 4096
  partition_filters: 0
  use_delta_encoding: 1
  filter_policy: nullptr
  whole_key_filtering: 1
  verify_compression: 0
  read_amp_bytes_per_bit: 0
  format_version: 2
  enable_index_compression: 1
  block_align: 0
2019/10/17-14:55:12.797320 7fc3a9fcb700        Options.write_buffer_size: 67108864
2019/10/17-14:55:12.797321 7fc3a9fcb700  Options.max_write_buffer_number: 2
2019/10/17-14:55:12.797323 7fc3a9fcb700          Options.compression: NoCompression
2019/10/17-14:55:12.797324 7fc3a9fcb700                  Options.bottommost_compression: Disabled
2019/10/17-14:55:12.797325 7fc3a9fcb700       Options.prefix_extractor: nullptr
2019/10/17-14:55:12.797326 7fc3a9fcb700   Options.memtable_insert_with_hint_prefix_extractor: nullptr
2019/10/17-14:55:12.797327 7fc3a9fcb700             Options.num_levels: 7
2019/10/17-14:55:12.797328 7fc3a9fcb700        Options.min_write_buffer_number_to_merge: 1
2019/10/17-14:55:12.797329 7fc3a9fcb700     Options.max_write_buffer_number_to_maintain: 0
2019/10/17-14:55:12.797330 7fc3a9fcb700            Options.bottommost_compression_opts.window_bits: -14
2019/10/17-14:55:12.797331 7fc3a9fcb700                  Options.bottommost_compression_opts.level: 32767
2019/10/17-14:55:12.797332 7fc3a9fcb700               Options.bottommost_compression_opts.strategy: 0
2019/10/17-14:55:12.797333 7fc3a9fcb700         Options.bottommost_compression_opts.max_dict_bytes: 0
2019/10/17-14:55:12.797334 7fc3a9fcb700         Options.bottommost_compression_opts.zstd_max_train_bytes: 0
2019/10/17-14:55:12.797335 7fc3a9fcb700                  Options.bottommost_compression_opts.enabled: false
2019/10/17-14:55:12.797336 7fc3a9fcb700            Options.compression_opts.window_bits: -14
2019/10/17-14:55:12.797337 7fc3a9fcb700                  Options.compression_opts.level: 32767
2019/10/17-14:55:12.797338 7fc3a9fcb700               Options.compression_opts.strategy: 0
2019/10/17-14:55:12.797339 7fc3a9fcb700         Options.compression_opts.max_dict_bytes: 0
2019/10/17-14:55:12.797340 7fc3a9fcb700         Options.compression_opts.zstd_max_train_bytes: 0
2019/10/17-14:55:12.797341 7fc3a9fcb700                  Options.compression_opts.enabled: false
2019/10/17-14:55:12.797342 7fc3a9fcb700      Options.level0_file_num_compaction_trigger: 4
2019/10/17-14:55:12.797343 7fc3a9fcb700          Options.level0_slowdown_writes_trigger: 20
2019/10/17-14:55:12.797344 7fc3a9fcb700              Options.level0_stop_writes_trigger: 36
2019/10/17-14:55:12.797345 7fc3a9fcb700                   Options.target_file_size_base: 67108864
2019/10/17-14:55:12.797346 7fc3a9fcb700             Options.target_file_size_multiplier: 1
2019/10/17-14:55:12.797347 7fc3a9fcb700                Options.max_bytes_for_level_base: 268435456
2019/10/17-14:55:12.797348 7fc3a9fcb700 Options.level_compaction_dynamic_level_bytes: 0
2019/10/17-14:55:12.797349 7fc3a9fcb700          Options.max_bytes_for_level_multiplier: 10.000000
2019/10/17-14:55:12.797352 7fc3a9fcb700 Options.max_bytes_for_level_multiplier_addtl[0]: 1
2019/10/17-14:55:12.797353 7fc3a9fcb700 Options.max_bytes_for_level_multiplier_addtl[1]: 1
2019/10/17-14:55:12.797354 7fc3a9fcb700 Options.max_bytes_for_level_multiplier_addtl[2]: 1
2019/10/17-14:55:12.797355 7fc3a9fcb700 Options.max_bytes_for_level_multiplier_addtl[3]: 1
2019/10/17-14:55:12.797356 7fc3a9fcb700 Options.max_bytes_for_level_multiplier_addtl[4]: 1
2019/10/17-14:55:12.797362 7fc3a9fcb700 Options.max_bytes_for_level_multiplier_addtl[5]: 1
2019/10/17-14:55:12.797363 7fc3a9fcb700 Options.max_bytes_for_level_multiplier_addtl[6]: 1
2019/10/17-14:55:12.797364 7fc3a9fcb700       Options.max_sequential_skip_in_iterations: 8
2019/10/17-14:55:12.797365 7fc3a9fcb700                    Options.max_compaction_bytes: 1677721600
2019/10/17-14:55:12.797366 7fc3a9fcb700                        Options.arena_block_size: 8388608
2019/10/17-14:55:12.797367 7fc3a9fcb700   Options.soft_pending_compaction_bytes_limit: 68719476736
2019/10/17-14:55:12.797368 7fc3a9fcb700   Options.hard_pending_compaction_bytes_limit: 274877906944
2019/10/17-14:55:12.797369 7fc3a9fcb700       Options.rate_limit_delay_max_milliseconds: 100
2019/10/17-14:55:12.797370 7fc3a9fcb700                Options.disable_auto_compactions: 0
2019/10/17-14:55:12.797371 7fc3a9fcb700                        Options.compaction_style: kCompactionStyleLevel
2019/10/17-14:55:12.797373 7fc3a9fcb700                          Options.compaction_pri: kByCompensatedSize
2019/10/17-14:55:12.797374 7fc3a9fcb700 Options.compaction_options_universal.size_ratio: 1
2019/10/17-14:55:12.797375 7fc3a9fcb700 Options.compaction_options_universal.min_merge_width: 2
2019/10/17-14:55:12.797376 7fc3a9fcb700 Options.compaction_options_universal.max_merge_width: 4294967295
2019/10/17-14:55:12.797377 7fc3a9fcb700 Options.compaction_options_universal.max_size_amplification_percent: 200
2019/10/17-14:55:12.797378 7fc3a9fcb700 Options.compaction_options_universal.compression_size_percent: -1
2019/10/17-14:55:12.797379 7fc3a9fcb700 Options.compaction_options_universal.stop_style: kCompactionStopStyleTotalSize
2019/10/17-14:55:12.797381 7fc3a9fcb700 Options.compaction_options_fifo.max_table_files_size: 1073741824
2019/10/17-14:55:12.797382 7fc3a9fcb700 Options.compaction_options_fifo.allow_compaction: 0
2019/10/17-14:55:12.797383 7fc3a9fcb700 Options.compaction_options_fifo.ttl: 0
2019/10/17-14:55:12.797384 7fc3a9fcb700                   Options.table_properties_collectors: 
2019/10/17-14:55:12.797385 7fc3a9fcb700                   Options.inplace_update_support: 0
2019/10/17-14:55:12.797386 7fc3a9fcb700                 Options.inplace_update_num_locks: 10000
2019/10/17-14:55:12.797387 7fc3a9fcb700               Options.memtable_prefix_bloom_size_ratio: 0.000000
2019/10/17-14:55:12.797388 7fc3a9fcb700   Options.memtable_huge_page_size: 0
2019/10/17-14:55:12.797389 7fc3a9fcb700                           Options.bloom_locality: 0
2019/10/17-14:55:12.797390 7fc3a9fcb700                    Options.max_successive_merges: 0
2019/10/17-14:55:12.797391 7fc3a9fcb700                Options.optimize_filters_for_hits: 0
2019/10/17-14:55:12.797392 7fc3a9fcb700                Options.paranoid_file_checks: 0
2019/10/17-14:55:12.797393 7fc3a9fcb700                Options.force_consistency_checks: 0
2019/10/17-14:55:12.797394 7fc3a9fcb700                Options.report_bg_io_stats: 0
2019/10/17-14:55:12.797395 7fc3a9fcb700                               Options.ttl: 0
2019/10/17-14:55:12.797428 7fc3a9fcb700 [db/column_family.cc:472] --------------- Options for column family [active_gateways]:
2019/10/17-14:55:12.797430 7fc3a9fcb700               Options.comparator: leveldb.BytewiseComparator
2019/10/17-14:55:12.797431 7fc3a9fcb700           Options.merge_operator: None
2019/10/17-14:55:12.797432 7fc3a9fcb700        Options.compaction_filter: None
2019/10/17-14:55:12.797433 7fc3a9fcb700        Options.compaction_filter_factory: None
2019/10/17-14:55:12.797434 7fc3a9fcb700         Options.memtable_factory: SkipListFactory
2019/10/17-14:55:12.797436 7fc3a9fcb700            Options.table_factory: BlockBasedTable
2019/10/17-14:55:12.797450 7fc3a9fcb700            table_factory options:   flush_block_policy_factory: FlushBlockBySizePolicyFactory (0x7fc350070ad0)
  cache_index_and_filter_blocks: 0
  cache_index_and_filter_blocks_with_high_priority: 0
  pin_l0_filter_and_index_blocks_in_cache: 0
  pin_top_level_index_and_filter: 1
  index_type: 0
  hash_index_allow_collision: 1
  checksum: 1
  no_block_cache: 0
  block_cache: 0x7fc350078f80
  block_cache_name: LRUCache
  block_cache_options:
    capacity : 8388608
    num_shard_bits : 4
    strict_capacity_limit : 0
    memory_allocator : None
    high_pri_pool_ratio: 0.000
  block_cache_compressed: (nil)
  persistent_cache: (nil)
  block_size: 4096
  block_size_deviation: 10
  block_restart_interval: 16
  index_block_restart_interval: 1
  metadata_block_size: 4096
  partition_filters: 0
  use_delta_encoding: 1
  filter_policy: nullptr
  whole_key_filtering: 1
  verify_compression: 0
  read_amp_bytes_per_bit: 0
  format_version: 2
  enable_index_compression: 1
  block_align: 0
2019/10/17-14:55:12.797459 7fc3a9fcb700        Options.write_buffer_size: 67108864
2019/10/17-14:55:12.797460 7fc3a9fcb700  Options.max_write_buffer_number: 2
2019/10/17-14:55:12.797461 7fc3a9fcb700          Options.compression: NoCompression
2019/10/17-14:55:12.797462 7fc3a9fcb700                  Options.bottommost_compression: Disabled
2019/10/17-14:55:12.797463 7fc3a9fcb700       Options.prefix_extractor: nullptr
2019/10/17-14:55:12.797464 7fc3a9fcb700   Options.memtable_insert_with_hint_prefix_extractor: nullptr
2019/10/17-14:55:12.797465 7fc3a9fcb700             Options.num_levels: 7
2019/10/17-14:55:12.797466 7fc3a9fcb700        Options.min_write_buffer_number_to_merge: 1
2019/10/17-14:55:12.797467 7fc3a9fcb700     Options.max_write_buffer_number_to_maintain: 0
2019/10/17-14:55:12.797468 7fc3a9fcb700            Options.bottommost_compression_opts.window_bits: -14
2019/10/17-14:55:12.797469 7fc3a9fcb700                  Options.bottommost_compression_opts.level: 32767
2019/10/17-14:55:12.797470 7fc3a9fcb700               Options.bottommost_compression_opts.strategy: 0
2019/10/17-14:55:12.797471 7fc3a9fcb700         Options.bottommost_compression_opts.max_dict_bytes: 0
2019/10/17-14:55:12.797472 7fc3a9fcb700         Options.bottommost_compression_opts.zstd_max_train_bytes: 0
2019/10/17-14:55:12.797473 7fc3a9fcb700                  Options.bottommost_compression_opts.enabled: false
2019/10/17-14:55:12.797474 7fc3a9fcb700            Options.compression_opts.window_bits: -14
2019/10/17-14:55:12.797474 7fc3a9fcb700                  Options.compression_opts.level: 32767
2019/10/17-14:55:12.797476 7fc3a9fcb700               Options.compression_opts.strategy: 0
2019/10/17-14:55:12.797476 7fc3a9fcb700         Options.compression_opts.max_dict_bytes: 0
2019/10/17-14:55:12.797477 7fc3a9fcb700         Options.compression_opts.zstd_max_train_bytes: 0
2019/10/17-14:55:12.797478 7fc3a9fcb700                  Options.compression_opts.enabled: false
2019/10/17-14:55:12.797479 7fc3a9fcb700      Options.level0_file_num_compaction_trigger: 4
2019/10/17-14:55:12.797480 7fc3a9fcb700          Options.level0_slowdown_writes_trigger: 20
2019/10/17-14:55:12.797481 7fc3a9fcb700              Options.level0_stop_writes_trigger: 36
2019/10/17-14:55:12.797482 7fc3a9fcb700                   Options.target_file_size_base: 67108864
2019/10/17-14:55:12.797483 7fc3a9fcb700             Options.target_file_size_multiplier: 1
2019/10/17-14:55:12.797484 7fc3a9fcb700                Options.max_bytes_for_level_base: 268435456
2019/10/17-14:55:12.797485 7fc3a9fcb700 Options.level_compaction_dynamic_level_bytes: 0
2019/10/17-14:55:12.797486 7fc3a9fcb700          Options.max_bytes_for_level_multiplier: 10.000000
2019/10/17-14:55:12.797488 7fc3a9fcb700 Options.max_bytes_for_level_multiplier_addtl[0]: 1
2019/10/17-14:55:12.797489 7fc3a9fcb700 Options.max_bytes_for_level_multiplier_addtl[1]: 1
2019/10/17-14:55:12.797490 7fc3a9fcb700 Options.max_bytes_for_level_multiplier_addtl[2]: 1
2019/10/17-14:55:12.797491 7fc3a9fcb700 Options.max_bytes_for_level_multiplier_addtl[3]: 1
2019/10/17-14:55:12.797492 7fc3a9fcb700 Options.max_bytes_for_level_multiplier_addtl[4]: 1
2019/10/17-14:55:12.797493 7fc3a9fcb700 Options.max_bytes_for_level_multiplier_addtl[5]: 1
2019/10/17-14:55:12.797494 7fc3a9fcb700 Options.max_bytes_for_level_multiplier_addtl[6]: 1
2019/10/17-14:55:12.797495 7fc3a9fcb700       Options.max_sequential_skip_in_iterations: 8
2019/10/17-14:55:12.797501 7fc3a9fcb700                    Options.max_compaction_bytes: 1677721600
2019/10/17-14:55:12.797502 7fc3a9fcb700                        Options.arena_block_size: 8388608
2019/10/17-14:55:12.797503 7fc3a9fcb700   Options.soft_pending_compaction_bytes_limit: 68719476736
2019/10/17-14:55:12.797504 7fc3a9fcb700   Options.hard_pending_compaction_bytes_limit: 274877906944
2019/10/17-14:55:12.797505 7fc3a9fcb700       Options.rate_limit_delay_max_milliseconds: 100
2019/10/17-14:55:12.797506 7fc3a9fcb700                Options.disable_auto_compactions: 0
2019/10/17-14:55:12.797507 7fc3a9fcb700                        Options.compaction_style: kCompactionStyleLevel
2019/10/17-14:55:12.797508 7fc3a9fcb700                          Options.compaction_pri: kByCompensatedSize
2019/10/17-14:55:12.797509 7fc3a9fcb700 Options.compaction_options_universal.size_ratio: 1
2019/10/17-14:55:12.797510 7fc3a9fcb700 Options.compaction_options_universal.min_merge_width: 2
2019/10/17-14:55:12.797511 7fc3a9fcb700 Options.compaction_options_universal.max_merge_width: 4294967295
2019/10/17-14:55:12.797512 7fc3a9fcb700 Options.compaction_options_universal.max_size_amplification_percent: 200
2019/10/17-14:55:12.797513 7fc3a9fcb700 Options.compaction_options_universal.compression_size_percent: -1
2019/10/17-14:55:12.797515 7fc3a9fcb700 Options.compaction_options_universal.stop_style: kCompactionStopStyleTotalSize
2019/10/17-14:55:12.797516 7fc3a9fcb700 Options.compaction_options_fifo.max_table_files_size: 1073741824
2019/10/17-14:55:12.797517 7fc3a9fcb700 Options.compaction_options_fifo.allow_compaction: 0
2019/10/17-14:55:12.797518 7fc3a9fcb700 Options.compaction_options_fifo.ttl: 0
2019/10/17-14:55:12.797519 7fc3a9fcb700                   Options.table_properties_collectors: 
2019/10/17-14:55:12.797520 7fc3a9fcb700                   Options.inplace_update_support: 0
2019/10/17-14:55:12.797521 7fc3a9fcb700                 Options.inplace_update_num_locks: 10000
2019/10/17-14:55:12.797522 7fc3a9fcb700               Options.memtable_prefix_bloom_size_ratio: 0.000000
2019/10/17-14:55:12.797523 7fc3a9fcb700   Options.memtable_huge_page_size: 0
2019/10/17-14:55:12.797524 7fc3a9fcb700                           Options.bloom_locality: 0
2019/10/17-14:55:12.797525 7fc3a9fcb700                    Options.max_successive_merges: 0
2019/10/17-14:55:12.797526 7fc3a9fcb700                Options.optimize_filters_for_hits: 0
2019/10/17-14:55:12.797527 7fc3a9fcb700                Options.paranoid_file_checks: 0
2019/10/17-14:55:12.797528 7fc3a9fcb700                Options.force_consistency_checks: 0
2019/10/17-14:55:12.797529 7fc3a9fcb700                Options.report_bg_io_stats: 0
2019/10/17-14:55:12.797530 7fc3a9fcb700                               Options.ttl: 0
2019/10/17-14:55:12.797550 7fc3a9fcb700 [db/column_family.cc:472] --------------- Options for column family [entries]:
2019/10/17-14:55:12.797552 7fc3a9fcb700               Options.comparator: leveldb.BytewiseComparator
2019/10/17-14:55:12.797553 7fc3a9fcb700           Options.merge_operator: None
2019/10/17-14:55:12.797554 7fc3a9fcb700        Options.compaction_filter: None
2019/10/17-14:55:12.797555 7fc3a9fcb700        Options.compaction_filter_factory: None
2019/10/17-14:55:12.797556 7fc3a9fcb700         Options.memtable_factory: SkipListFactory
2019/10/17-14:55:12.797557 7fc3a9fcb700            Options.table_factory: BlockBasedTable
2019/10/17-14:55:12.797570 7fc3a9fcb700            table_factory options:   flush_block_policy_factory: FlushBlockBySizePolicyFactory (0x7fc35003c860)
  cache_index_and_filter_blocks: 0
  cache_index_and_filter_blocks_with_high_priority: 0
  pin_l0_filter_and_index_blocks_in_cache: 0
  pin_top_level_index_and_filter: 1
  index_type: 0
  hash_index_allow_collision: 1
  checksum: 1
  no_block_cache: 0
  block_cache: 0x7fc350064880
  block_cache_name: LRUCache
  block_cache_options:
    capacity : 8388608
    num_shard_bits : 4
    strict_capacity_limit : 0
    memory_allocator : None
    high_pri_pool_ratio: 0.000
  block_cache_compressed: (nil)
  persistent_cache: (nil)
  block_size: 4096
  block_size_deviation: 10
  block_restart_interval: 16
  index_block_restart_interval: 1
  metadata_block_size: 4096
  partition_filters: 0
  use_delta_encoding: 1
  filter_policy: nullptr
  whole_key_filtering: 1
  verify_compression: 0
  read_amp_bytes_per_bit: 0
  format_version: 2
  enable_index_compression: 1
  block_align: 0
2019/10/17-14:55:12.797578 7fc3a9fcb700        Options.write_buffer_size: 67108864
2019/10/17-14:55:12.797579 7fc3a9fcb700  Options.max_write_buffer_number: 2
2019/10/17-14:55:12.797580 7fc3a9fcb700          Options.compression: NoCompression
2019/10/17-14:55:12.797581 7fc3a9fcb700                  Options.bottommost_compression: Disabled
2019/10/17-14:55:12.797582 7fc3a9fcb700       Options.prefix_extractor: nullptr
2019/10/17-14:55:12.797583 7fc3a9fcb700   Options.memtable_insert_with_hint_prefix_extractor: nullptr
2019/10/17-14:55:12.797584 7fc3a9fcb700             Options.num_levels: 7
2019/10/17-14:55:12.797585 7fc3a9fcb700        Options.min_write_buffer_number_to_merge: 1
2019/10/17-14:55:12.797586 7fc3a9fcb700     Options.max_write_buffer_number_to_maintain: 0
2019/10/17-14:55:12.797587 7fc3a9fcb700            Options.bottommost_compression_opts.window_bits: -14
2019/10/17-14:55:12.797588 7fc3a9fcb700                  Options.bottommost_compression_opts.level: 32767
2019/10/17-14:55:12.797589 7fc3a9fcb700               Options.bottommost_compression_opts.strategy: 0
2019/10/17-14:55:12.797590 7fc3a9fcb700         Options.bottommost_compression_opts.max_dict_bytes: 0
2019/10/17-14:55:12.797591 7fc3a9fcb700         Options.bottommost_compression_opts.zstd_max_train_bytes: 0
2019/10/17-14:55:12.797592 7fc3a9fcb700                  Options.bottommost_compression_opts.enabled: false
2019/10/17-14:55:12.797593 7fc3a9fcb700            Options.compression_opts.window_bits: -14
2019/10/17-14:55:12.797594 7fc3a9fcb700                  Options.compression_opts.level: 32767
2019/10/17-14:55:12.797595 7fc3a9fcb700               Options.compression_opts.strategy: 0
2019/10/17-14:55:12.797595 7fc3a9fcb700         Options.compression_opts.max_dict_bytes: 0
2019/10/17-14:55:12.797596 7fc3a9fcb700         Options.compression_opts.zstd_max_train_bytes: 0
2019/10/17-14:55:12.797597 7fc3a9fcb700                  Options.compression_opts.enabled: false
2019/10/17-14:55:12.797598 7fc3a9fcb700      Options.level0_file_num_compaction_trigger: 4
2019/10/17-14:55:12.797599 7fc3a9fcb700          Options.level0_slowdown_writes_trigger: 20
2019/10/17-14:55:12.797600 7fc3a9fcb700              Options.level0_stop_writes_trigger: 36
2019/10/17-14:55:12.797601 7fc3a9fcb700                   Options.target_file_size_base: 67108864
2019/10/17-14:55:12.797602 7fc3a9fcb700             Options.target_file_size_multiplier: 1
2019/10/17-14:55:12.797603 7fc3a9fcb700                Options.max_bytes_for_level_base: 268435456
2019/10/17-14:55:12.797604 7fc3a9fcb700 Options.level_compaction_dynamic_level_bytes: 0
2019/10/17-14:55:12.797605 7fc3a9fcb700          Options.max_bytes_for_level_multiplier: 10.000000
2019/10/17-14:55:12.797607 7fc3a9fcb700 Options.max_bytes_for_level_multiplier_addtl[0]: 1
2019/10/17-14:55:12.797608 7fc3a9fcb700 Options.max_bytes_for_level_multiplier_addtl[1]: 1
2019/10/17-14:55:12.797609 7fc3a9fcb700 Options.max_bytes_for_level_multiplier_addtl[2]: 1
2019/10/17-14:55:12.797610 7fc3a9fcb700 Options.max_bytes_for_level_multiplier_addtl[3]: 1
2019/10/17-14:55:12.797611 7fc3a9fcb700 Options.max_bytes_for_level_multiplier_addtl[4]: 1
2019/10/17-14:55:12.797612 7fc3a9fcb700 Options.max_bytes_for_level_multiplier_addtl[5]: 1
2019/10/17-14:55:12.797613 7fc3a9fcb700 Options.max_bytes_for_level_multiplier_addtl[6]: 1
2019/10/17-14:55:12.797614 7fc3a9fcb700       Options.max_sequential_skip_in_iterations: 8
2019/10/17-14:55:12.797615 7fc3a9fcb700                    Options.max_compaction_bytes: 1677721600
2019/10/17-14:55:12.797616 7fc3a9fcb700                        Options.arena_block_size: 8388608
2019/10/17-14:55:12.797617 7fc3a9fcb700   Options.soft_pending_compaction_bytes_limit: 68719476736
2019/10/17-14:55:12.797623 7fc3a9fcb700   Options.hard_pending_compaction_bytes_limit: 274877906944
2019/10/17-14:55:12.797624 7fc3a9fcb700       Options.rate_limit_delay_max_milliseconds: 100
2019/10/17-14:55:12.797625 7fc3a9fcb700                Options.disable_auto_compactions: 0
2019/10/17-14:55:12.797626 7fc3a9fcb700                        Options.compaction_style: kCompactionStyleLevel
2019/10/17-14:55:12.797627 7fc3a9fcb700                          Options.compaction_pri: kByCompensatedSize
2019/10/17-14:55:12.797628 7fc3a9fcb700 Options.compaction_options_universal.size_ratio: 1
2019/10/17-14:55:12.797629 7fc3a9fcb700 Options.compaction_options_universal.min_merge_width: 2
2019/10/17-14:55:12.797630 7fc3a9fcb700 Options.compaction_options_universal.max_merge_width: 4294967295
2019/10/17-14:55:12.797631 7fc3a9fcb700 Options.compaction_options_universal.max_size_amplification_percent: 200
2019/10/17-14:55:12.797632 7fc3a9fcb700 Options.compaction_options_universal.compression_size_percent: -1
2019/10/17-14:55:12.797634 7fc3a9fcb700 Options.compaction_options_universal.stop_style: kCompactionStopStyleTotalSize
2019/10/17-14:55:12.797634 7fc3a9fcb700 Options.compaction_options_fifo.max_table_files_size: 1073741824
2019/10/17-14:55:12.797635 7fc3a9fcb700 Options.compaction_options_fifo.allow_compaction: 0
2019/10/17-14:55:12.797636 7fc3a9fcb700 Options.compaction_options_fifo.ttl: 0
2019/10/17-14:55:12.797637 7fc3a9fcb700                   Options.table_properties_collectors: 
2019/10/17-14:55:12.797638 7fc3a9fcb700                   Options.inplace_update_support: 0
2019/10/17-14:55:12.797639 7fc3a9fcb700                 Options.inplace_update_num_locks: 10000
2019/10/17-14:55:12.797640 7fc3a9fcb700               Options.memtable_prefix_bloom_size_ratio: 0.000000
2019/10/17-14:55:12.797642 7fc3a9fcb700   Options.memtable_huge_page_size: 0
2019/10/17-14:55:12.797643 7fc3a9fcb700                           Options.bloom_locality: 0
2019/10/17-14:55:12.797644 7fc3a9fcb700                    Options.max_successive_merges: 0
2019/10/17-14:55:12.797645 7fc3a9fcb700                Options.optimize_filters_for_hits: 0
2019/10/17-14:55:12.797646 7fc3a9fcb700                Options.paranoid_file_checks: 0
2019/10/17-14:55:12.797647 7fc3a9fcb700                Options.force_consistency_checks: 0
2019/10/17-14:55:12.797648 7fc3a9fcb700                Options.report_bg_io_stats: 0
2019/10/17-14:55:12.797648 7fc3a9fcb700                               Options.ttl: 0
2019/10/17-14:55:12.797667 7fc3a9fcb700 [db/column_family.cc:472] --------------- Options for column family [dc_entries]:
2019/10/17-14:55:12.797669 7fc3a9fcb700               Options.comparator: leveldb.BytewiseComparator
2019/10/17-14:55:12.797670 7fc3a9fcb700           Options.merge_operator: None
2019/10/17-14:55:12.797671 7fc3a9fcb700        Options.compaction_filter: None
2019/10/17-14:55:12.797672 7fc3a9fcb700        Options.compaction_filter_factory: None
2019/10/17-14:55:12.797673 7fc3a9fcb700         Options.memtable_factory: SkipListFactory
2019/10/17-14:55:12.797674 7fc3a9fcb700            Options.table_factory: BlockBasedTable
2019/10/17-14:55:12.797685 7fc3a9fcb700            table_factory options:   flush_block_policy_factory: FlushBlockBySizePolicyFactory (0x7fc35002cbf0)
  cache_index_and_filter_blocks: 0
  cache_index_and_filter_blocks_with_high_priority: 0
  pin_l0_filter_and_index_blocks_in_cache: 0
  pin_top_level_index_and_filter: 1
  index_type: 0
  hash_index_allow_collision: 1
  checksum: 1
  no_block_cache: 0
  block_cache: 0x7fc35004a750
  block_cache_name: LRUCache
  block_cache_options:
    capacity : 8388608
    num_shard_bits : 4
    strict_capacity_limit : 0
    memory_allocator : None
    high_pri_pool_ratio: 0.000
  block_cache_compressed: (nil)
  persistent_cache: (nil)
  block_size: 4096
  block_size_deviation: 10
  block_restart_interval: 16
  index_block_restart_interval: 1
  metadata_block_size: 4096
  partition_filters: 0
  use_delta_encoding: 1
  filter_policy: nullptr
  whole_key_filtering: 1
  verify_compression: 0
  read_amp_bytes_per_bit: 0
  format_version: 2
  enable_index_compression: 1
  block_align: 0
2019/10/17-14:55:12.797693 7fc3a9fcb700        Options.write_buffer_size: 67108864
2019/10/17-14:55:12.797694 7fc3a9fcb700  Options.max_write_buffer_number: 2
2019/10/17-14:55:12.797695 7fc3a9fcb700          Options.compression: NoCompression
2019/10/17-14:55:12.797696 7fc3a9fcb700                  Options.bottommost_compression: Disabled
2019/10/17-14:55:12.797697 7fc3a9fcb700       Options.prefix_extractor: nullptr
2019/10/17-14:55:12.797698 7fc3a9fcb700   Options.memtable_insert_with_hint_prefix_extractor: nullptr
2019/10/17-14:55:12.797699 7fc3a9fcb700             Options.num_levels: 7
2019/10/17-14:55:12.797700 7fc3a9fcb700        Options.min_write_buffer_number_to_merge: 1
2019/10/17-14:55:12.797701 7fc3a9fcb700     Options.max_write_buffer_number_to_maintain: 0
2019/10/17-14:55:12.797702 7fc3a9fcb700            Options.bottommost_compression_opts.window_bits: -14
2019/10/17-14:55:12.797703 7fc3a9fcb700                  Options.bottommost_compression_opts.level: 32767
2019/10/17-14:55:12.797704 7fc3a9fcb700               Options.bottommost_compression_opts.strategy: 0
2019/10/17-14:55:12.797705 7fc3a9fcb700         Options.bottommost_compression_opts.max_dict_bytes: 0
2019/10/17-14:55:12.797706 7fc3a9fcb700         Options.bottommost_compression_opts.zstd_max_train_bytes: 0
2019/10/17-14:55:12.797707 7fc3a9fcb700                  Options.bottommost_compression_opts.enabled: false
2019/10/17-14:55:12.797708 7fc3a9fcb700            Options.compression_opts.window_bits: -14
2019/10/17-14:55:12.797709 7fc3a9fcb700                  Options.compression_opts.level: 32767
2019/10/17-14:55:12.797710 7fc3a9fcb700               Options.compression_opts.strategy: 0
2019/10/17-14:55:12.797710 7fc3a9fcb700         Options.compression_opts.max_dict_bytes: 0
2019/10/17-14:55:12.797711 7fc3a9fcb700         Options.compression_opts.zstd_max_train_bytes: 0
2019/10/17-14:55:12.797712 7fc3a9fcb700                  Options.compression_opts.enabled: false
2019/10/17-14:55:12.797713 7fc3a9fcb700      Options.level0_file_num_compaction_trigger: 4
2019/10/17-14:55:12.797714 7fc3a9fcb700          Options.level0_slowdown_writes_trigger: 20
2019/10/17-14:55:12.797715 7fc3a9fcb700              Options.level0_stop_writes_trigger: 36
2019/10/17-14:55:12.797716 7fc3a9fcb700                   Options.target_file_size_base: 67108864
2019/10/17-14:55:12.797717 7fc3a9fcb700             Options.target_file_size_multiplier: 1
2019/10/17-14:55:12.797718 7fc3a9fcb700                Options.max_bytes_for_level_base: 268435456
2019/10/17-14:55:12.797719 7fc3a9fcb700 Options.level_compaction_dynamic_level_bytes: 0
2019/10/17-14:55:12.797720 7fc3a9fcb700          Options.max_bytes_for_level_multiplier: 10.000000
2019/10/17-14:55:12.797722 7fc3a9fcb700 Options.max_bytes_for_level_multiplier_addtl[0]: 1
2019/10/17-14:55:12.797723 7fc3a9fcb700 Options.max_bytes_for_level_multiplier_addtl[1]: 1
2019/10/17-14:55:12.797724 7fc3a9fcb700 Options.max_bytes_for_level_multiplier_addtl[2]: 1
2019/10/17-14:55:12.797725 7fc3a9fcb700 Options.max_bytes_for_level_multiplier_addtl[3]: 1
2019/10/17-14:55:12.797726 7fc3a9fcb700 Options.max_bytes_for_level_multiplier_addtl[4]: 1
2019/10/17-14:55:12.797727 7fc3a9fcb700 Options.max_bytes_for_level_multiplier_addtl[5]: 1
2019/10/17-14:55:12.797728 7fc3a9fcb700 Options.max_bytes_for_level_multiplier_addtl[6]: 1
2019/10/17-14:55:12.797729 7fc3a9fcb700       Options.max_sequential_skip_in_iterations: 8
2019/10/17-14:55:12.797730 7fc3a9fcb700                    Options.max_compaction_bytes: 1677721600
2019/10/17-14:55:12.797731 7fc3a9fcb700                        Options.arena_block_size: 8388608
2019/10/17-14:55:12.797732 7fc3a9fcb700   Options.soft_pending_compaction_bytes_limit: 68719476736
2019/10/17-14:55:12.797733 7fc3a9fcb700   Options.hard_pending_compaction_bytes_limit: 274877906944
2019/10/17-14:55:12.797734 7fc3a9fcb700       Options.rate_limit_delay_max_milliseconds: 100
2019/10/17-14:55:12.797735 7fc3a9fcb700                Options.disable_auto_compactions: 0
2019/10/17-14:55:12.797741 7fc3a9fcb700                        Options.compaction_style: kCompactionStyleLevel
2019/10/17-14:55:12.797742 7fc3a9fcb700                          Options.compaction_pri: kByCompensatedSize
2019/10/17-14:55:12.797743 7fc3a9fcb700 Options.compaction_options_universal.size_ratio: 1
2019/10/17-14:55:12.797744 7fc3a9fcb700 Options.compaction_options_universal.min_merge_width: 2
2019/10/17-14:55:12.797745 7fc3a9fcb700 Options.compaction_options_universal.max_merge_width: 4294967295
2019/10/17-14:55:12.797746 7fc3a9fcb700 Options.compaction_options_universal.max_size_amplification_percent: 200
2019/10/17-14:55:12.797747 7fc3a9fcb700 Options.compaction_options_universal.compression_size_percent: -1
2019/10/17-14:55:12.797748 7fc3a9fcb700 Options.compaction_options_universal.stop_style: kCompactionStopStyleTotalSize
2019/10/17-14:55:12.797749 7fc3a9fcb700 Options.compaction_options_fifo.max_table_files_size: 1073741824
2019/10/17-14:55:12.797750 7fc3a9fcb700 Options.compaction_options_fifo.allow_compaction: 0
2019/10/17-14:55:12.797751 7fc3a9fcb700 Options.compaction_options_fifo.ttl: 0
2019/10/17-14:55:12.797752 7fc3a9fcb700                   Options.table_properties_collectors: 
2019/10/17-14:55:12.797753 7fc3a9fcb700                   Options.inplace_update_support: 0
2019/10/17-14:55:12.797754 7fc3a9fcb700                 Options.inplace_update_num_locks: 10000
2019/10/17-14:55:12.797755 7fc3a9fcb700               Options.memtable_prefix_bloom_size_ratio: 0.000000
2019/10/17-14:55:12.797757 7fc3a9fcb700   Options.memtable_huge_page_size: 0
2019/10/17-14:55:12.797758 7fc3a9fcb700                           Options.bloom_locality: 0
2019/10/17-14:55:12.797759 7fc3a9fcb700                    Options.max_successive_merges: 0
2019/10/17-14:55:12.797760 7fc3a9fcb700                Options.optimize_filters_for_hits: 0
2019/10/17-14:55:12.797761 7fc3a9fcb700                Options.paranoid_file_checks: 0
2019/10/17-14:55:12.797762 7fc3a9fcb700                Options.force_consistency_checks: 0
2019/10/17-14:55:12.797762 7fc3a9fcb700                Options.report_bg_io_stats: 0
2019/10/17-14:55:12.797763 7fc3a9fcb700                               Options.ttl: 0
2019/10/17-14:55:12.797779 7fc3a9fcb700 [db/column_family.cc:472] --------------- Options for column family [htlcs]:
2019/10/17-14:55:12.797780 7fc3a9fcb700               Options.comparator: leveldb.BytewiseComparator
2019/10/17-14:55:12.797782 7fc3a9fcb700           Options.merge_operator: None
2019/10/17-14:55:12.797783 7fc3a9fcb700        Options.compaction_filter: None
2019/10/17-14:55:12.797784 7fc3a9fcb700        Options.compaction_filter_factory: None
2019/10/17-14:55:12.797785 7fc3a9fcb700         Options.memtable_factory: SkipListFactory
2019/10/17-14:55:12.797785 7fc3a9fcb700            Options.table_factory: BlockBasedTable
2019/10/17-14:55:12.797797 7fc3a9fcb700            table_factory options:   flush_block_policy_factory: FlushBlockBySizePolicyFactory (0x7fc35011a130)
