2019/10/17-14:54:06.951534 7fc3a9fcb700 RocksDB version: 5.18.3
2019/10/17-14:54:06.951757 7fc3a9fcb700 Git sha rocksdb_build_git_sha:@0@
2019/10/17-14:54:06.951764 7fc3a9fcb700 Compile date Sep 19 2019
2019/10/17-14:54:06.951768 7fc3a9fcb700 DB SUMMARY
2019/10/17-14:54:06.954188 7fc3a9fcb700 CURRENT file:  CURRENT
2019/10/17-14:54:06.954194 7fc3a9fcb700 IDENTITY file:  IDENTITY
2019/10/17-14:54:06.954292 7fc3a9fcb700 MANIFEST file:  MANIFEST-114697 size: 4114 Bytes
2019/10/17-14:54:06.954299 7fc3a9fcb700 SST files in /home/rahul/dev/blockchain-core/eqc/ledger.db dir, Total Num: 29, files: 000624.sst 000627.sst 106940.sst 108447.sst 108450.sst 109471.sst 109483.sst 109485.sst 109486.sst 
2019/10/17-14:54:06.954303 7fc3a9fcb700 Write Ahead Log file in /home/rahul/dev/blockchain-core/eqc/ledger.db: 114698.log size: 0 ; 
2019/10/17-14:54:06.954415 7fc3a9fcb700                         Options.error_if_exists: 0
2019/10/17-14:54:06.954419 7fc3a9fcb700                       Options.create_if_missing: 1
2019/10/17-14:54:06.954422 7fc3a9fcb700                         Options.paranoid_checks: 1
2019/10/17-14:54:06.954425 7fc3a9fcb700                                     Options.env: 0x7fc32ae1fc60
2019/10/17-14:54:06.954428 7fc3a9fcb700                                Options.info_log: 0x7fc3500fd110
2019/10/17-14:54:06.954430 7fc3a9fcb700                Options.max_file_opening_threads: 16
2019/10/17-14:54:06.954433 7fc3a9fcb700                              Options.statistics: (nil)
2019/10/17-14:54:06.954436 7fc3a9fcb700                               Options.use_fsync: 0
2019/10/17-14:54:06.954439 7fc3a9fcb700                       Options.max_log_file_size: 0
2019/10/17-14:54:06.954441 7fc3a9fcb700                  Options.max_manifest_file_size: 1073741824
2019/10/17-14:54:06.954444 7fc3a9fcb700                   Options.log_file_time_to_roll: 0
2019/10/17-14:54:06.954447 7fc3a9fcb700                       Options.keep_log_file_num: 1000
2019/10/17-14:54:06.954450 7fc3a9fcb700                    Options.recycle_log_file_num: 0
2019/10/17-14:54:06.954452 7fc3a9fcb700                         Options.allow_fallocate: 1
2019/10/17-14:54:06.954455 7fc3a9fcb700                        Options.allow_mmap_reads: 0
2019/10/17-14:54:06.954457 7fc3a9fcb700                       Options.allow_mmap_writes: 0
2019/10/17-14:54:06.954460 7fc3a9fcb700                        Options.use_direct_reads: 0
2019/10/17-14:54:06.954462 7fc3a9fcb700                        Options.use_direct_io_for_flush_and_compaction: 0
2019/10/17-14:54:06.954465 7fc3a9fcb700          Options.create_missing_column_families: 0
2019/10/17-14:54:06.954467 7fc3a9fcb700                              Options.db_log_dir: 
2019/10/17-14:54:06.954470 7fc3a9fcb700                                 Options.wal_dir: /home/rahul/dev/blockchain-core/eqc/ledger.db
2019/10/17-14:54:06.954472 7fc3a9fcb700                Options.table_cache_numshardbits: 6
2019/10/17-14:54:06.954475 7fc3a9fcb700                      Options.max_subcompactions: 1
2019/10/17-14:54:06.954478 7fc3a9fcb700                  Options.max_background_flushes: -1
2019/10/17-14:54:06.954480 7fc3a9fcb700                         Options.WAL_ttl_seconds: 0
2019/10/17-14:54:06.954483 7fc3a9fcb700                       Options.WAL_size_limit_MB: 0
2019/10/17-14:54:06.954486 7fc3a9fcb700             Options.manifest_preallocation_size: 4194304
2019/10/17-14:54:06.954488 7fc3a9fcb700                     Options.is_fd_close_on_exec: 1
2019/10/17-14:54:06.954491 7fc3a9fcb700                   Options.advise_random_on_open: 1
2019/10/17-14:54:06.954493 7fc3a9fcb700                    Options.db_write_buffer_size: 0
2019/10/17-14:54:06.954496 7fc3a9fcb700                    Options.write_buffer_manager: 0x7fc350014380
2019/10/17-14:54:06.954498 7fc3a9fcb700         Options.access_hint_on_compaction_start: 1
2019/10/17-14:54:06.954501 7fc3a9fcb700  Options.new_table_reader_for_compaction_inputs: 0
2019/10/17-14:54:06.954503 7fc3a9fcb700           Options.random_access_max_buffer_size: 1048576
2019/10/17-14:54:06.954506 7fc3a9fcb700                      Options.use_adaptive_mutex: 0
2019/10/17-14:54:06.954508 7fc3a9fcb700                            Options.rate_limiter: (nil)
2019/10/17-14:54:06.954544 7fc3a9fcb700     Options.sst_file_manager.rate_bytes_per_sec: 0
2019/10/17-14:54:06.954548 7fc3a9fcb700                       Options.wal_recovery_mode: 2
2019/10/17-14:54:06.954550 7fc3a9fcb700                  Options.enable_thread_tracking: 0
2019/10/17-14:54:06.954553 7fc3a9fcb700                  Options.enable_pipelined_write: 0
2019/10/17-14:54:06.954555 7fc3a9fcb700         Options.allow_concurrent_memtable_write: 1
2019/10/17-14:54:06.954558 7fc3a9fcb700      Options.enable_write_thread_adaptive_yield: 1
2019/10/17-14:54:06.954560 7fc3a9fcb700             Options.write_thread_max_yield_usec: 100
2019/10/17-14:54:06.954563 7fc3a9fcb700            Options.write_thread_slow_yield_usec: 3
2019/10/17-14:54:06.954566 7fc3a9fcb700                               Options.row_cache: None
2019/10/17-14:54:06.954568 7fc3a9fcb700                              Options.wal_filter: None
2019/10/17-14:54:06.954571 7fc3a9fcb700             Options.avoid_flush_during_recovery: 0
2019/10/17-14:54:06.954574 7fc3a9fcb700             Options.allow_ingest_behind: 0
2019/10/17-14:54:06.954576 7fc3a9fcb700             Options.preserve_deletes: 0
2019/10/17-14:54:06.954579 7fc3a9fcb700             Options.two_write_queues: 0
2019/10/17-14:54:06.954581 7fc3a9fcb700             Options.manual_wal_flush: 0
2019/10/17-14:54:06.954584 7fc3a9fcb700             Options.max_background_jobs: 2
2019/10/17-14:54:06.954586 7fc3a9fcb700             Options.max_background_compactions: -1
2019/10/17-14:54:06.954589 7fc3a9fcb700             Options.avoid_flush_during_shutdown: 0
2019/10/17-14:54:06.954591 7fc3a9fcb700           Options.writable_file_max_buffer_size: 1048576
2019/10/17-14:54:06.954594 7fc3a9fcb700             Options.delayed_write_rate : 16777216
2019/10/17-14:54:06.954597 7fc3a9fcb700             Options.max_total_wal_size: 0
2019/10/17-14:54:06.954599 7fc3a9fcb700             Options.delete_obsolete_files_period_micros: 21600000000
2019/10/17-14:54:06.954602 7fc3a9fcb700                   Options.stats_dump_period_sec: 600
2019/10/17-14:54:06.954605 7fc3a9fcb700                          Options.max_open_files: -1
2019/10/17-14:54:06.954607 7fc3a9fcb700                          Options.bytes_per_sync: 0
2019/10/17-14:54:06.954610 7fc3a9fcb700                      Options.wal_bytes_per_sync: 0
2019/10/17-14:54:06.954612 7fc3a9fcb700       Options.compaction_readahead_size: 0
2019/10/17-14:54:06.954615 7fc3a9fcb700 Compression algorithms supported:
2019/10/17-14:54:06.954618 7fc3a9fcb700 	kZSTDNotFinalCompression supported: 0
2019/10/17-14:54:06.954621 7fc3a9fcb700 	kZSTD supported: 0
2019/10/17-14:54:06.954624 7fc3a9fcb700 	kXpressCompression supported: 0
2019/10/17-14:54:06.954627 7fc3a9fcb700 	kLZ4HCCompression supported: 0
2019/10/17-14:54:06.954629 7fc3a9fcb700 	kLZ4Compression supported: 0
2019/10/17-14:54:06.954632 7fc3a9fcb700 	kBZip2Compression supported: 0
2019/10/17-14:54:06.954635 7fc3a9fcb700 	kZlibCompression supported: 0
2019/10/17-14:54:06.954637 7fc3a9fcb700 	kSnappyCompression supported: 0
2019/10/17-14:54:06.954643 7fc3a9fcb700 Fast CRC32 supported: Supported on x86
2019/10/17-14:54:06.954954 7fc3a9fcb700 [db/version_set.cc:3507] Recovering from manifest file: MANIFEST-114697
2019/10/17-14:54:06.955062 7fc3a9fcb700 [db/column_family.cc:472] --------------- Options for column family [default]:
2019/10/17-14:54:06.955068 7fc3a9fcb700               Options.comparator: leveldb.BytewiseComparator
2019/10/17-14:54:06.955071 7fc3a9fcb700           Options.merge_operator: None
2019/10/17-14:54:06.955074 7fc3a9fcb700        Options.compaction_filter: None
2019/10/17-14:54:06.955076 7fc3a9fcb700        Options.compaction_filter_factory: None
2019/10/17-14:54:06.955079 7fc3a9fcb700         Options.memtable_factory: SkipListFactory
2019/10/17-14:54:06.955081 7fc3a9fcb700            Options.table_factory: BlockBasedTable
2019/10/17-14:54:06.955128 7fc3a9fcb700            table_factory options:   flush_block_policy_factory: FlushBlockBySizePolicyFactory (0x7fc35006cda0)
  cache_index_and_filter_blocks: 0
  cache_index_and_filter_blocks_with_high_priority: 0
  pin_l0_filter_and_index_blocks_in_cache: 0
  pin_top_level_index_and_filter: 1
  index_type: 0
  hash_index_allow_collision: 1
  checksum: 1
  no_block_cache: 0
  block_cache: 0x7fc35006c030
  block_cache_name: LRUCache
  block_cache_options:
    capacity : 8388608
    num_shard_bits : 4
    strict_capacity_limit : 0
    memory_allocator : None
    high_pri_pool_ratio: 0.000
  block_cache_compressed: (nil)
  persistent_cache: (nil)
  block_size: 4096
  block_size_deviation: 10
  block_restart_interval: 16
  index_block_restart_interval: 1
  metadata_block_size: 4096
  partition_filters: 0
  use_delta_encoding: 1
  filter_policy: nullptr
  whole_key_filtering: 1
  verify_compression: 0
  read_amp_bytes_per_bit: 0
  format_version: 2
  enable_index_compression: 1
  block_align: 0
2019/10/17-14:54:06.955160 7fc3a9fcb700        Options.write_buffer_size: 67108864
2019/10/17-14:54:06.955164 7fc3a9fcb700  Options.max_write_buffer_number: 2
2019/10/17-14:54:06.955167 7fc3a9fcb700          Options.compression: NoCompression
2019/10/17-14:54:06.955170 7fc3a9fcb700                  Options.bottommost_compression: Disabled
2019/10/17-14:54:06.955172 7fc3a9fcb700       Options.prefix_extractor: nullptr
2019/10/17-14:54:06.955175 7fc3a9fcb700   Options.memtable_insert_with_hint_prefix_extractor: nullptr
2019/10/17-14:54:06.955177 7fc3a9fcb700             Options.num_levels: 7
2019/10/17-14:54:06.955180 7fc3a9fcb700        Options.min_write_buffer_number_to_merge: 1
2019/10/17-14:54:06.955182 7fc3a9fcb700     Options.max_write_buffer_number_to_maintain: 0
2019/10/17-14:54:06.955185 7fc3a9fcb700            Options.bottommost_compression_opts.window_bits: -14
2019/10/17-14:54:06.955187 7fc3a9fcb700                  Options.bottommost_compression_opts.level: 32767
2019/10/17-14:54:06.955190 7fc3a9fcb700               Options.bottommost_compression_opts.strategy: 0
2019/10/17-14:54:06.955193 7fc3a9fcb700         Options.bottommost_compression_opts.max_dict_bytes: 0
2019/10/17-14:54:06.955195 7fc3a9fcb700         Options.bottommost_compression_opts.zstd_max_train_bytes: 0
2019/10/17-14:54:06.955198 7fc3a9fcb700                  Options.bottommost_compression_opts.enabled: false
2019/10/17-14:54:06.955200 7fc3a9fcb700            Options.compression_opts.window_bits: -14
2019/10/17-14:54:06.955203 7fc3a9fcb700                  Options.compression_opts.level: 32767
2019/10/17-14:54:06.955206 7fc3a9fcb700               Options.compression_opts.strategy: 0
2019/10/17-14:54:06.955208 7fc3a9fcb700         Options.compression_opts.max_dict_bytes: 0
2019/10/17-14:54:06.955211 7fc3a9fcb700         Options.compression_opts.zstd_max_train_bytes: 0
2019/10/17-14:54:06.955213 7fc3a9fcb700                  Options.compression_opts.enabled: false
2019/10/17-14:54:06.955216 7fc3a9fcb700      Options.level0_file_num_compaction_trigger: 4
2019/10/17-14:54:06.955218 7fc3a9fcb700          Options.level0_slowdown_writes_trigger: 20
2019/10/17-14:54:06.955220 7fc3a9fcb700              Options.level0_stop_writes_trigger: 36
2019/10/17-14:54:06.955223 7fc3a9fcb700                   Options.target_file_size_base: 67108864
2019/10/17-14:54:06.955226 7fc3a9fcb700             Options.target_file_size_multiplier: 1
2019/10/17-14:54:06.955228 7fc3a9fcb700                Options.max_bytes_for_level_base: 268435456
2019/10/17-14:54:06.955231 7fc3a9fcb700 Options.level_compaction_dynamic_level_bytes: 0
2019/10/17-14:54:06.955233 7fc3a9fcb700          Options.max_bytes_for_level_multiplier: 10.000000
2019/10/17-14:54:06.955239 7fc3a9fcb700 Options.max_bytes_for_level_multiplier_addtl[0]: 1
2019/10/17-14:54:06.955242 7fc3a9fcb700 Options.max_bytes_for_level_multiplier_addtl[1]: 1
2019/10/17-14:54:06.955245 7fc3a9fcb700 Options.max_bytes_for_level_multiplier_addtl[2]: 1
2019/10/17-14:54:06.955247 7fc3a9fcb700 Options.max_bytes_for_level_multiplier_addtl[3]: 1
2019/10/17-14:54:06.955250 7fc3a9fcb700 Options.max_bytes_for_level_multiplier_addtl[4]: 1
2019/10/17-14:54:06.955265 7fc3a9fcb700 Options.max_bytes_for_level_multiplier_addtl[5]: 1
2019/10/17-14:54:06.955268 7fc3a9fcb700 Options.max_bytes_for_level_multiplier_addtl[6]: 1
2019/10/17-14:54:06.955271 7fc3a9fcb700       Options.max_sequential_skip_in_iterations: 8
2019/10/17-14:54:06.955273 7fc3a9fcb700                    Options.max_compaction_bytes: 1677721600
2019/10/17-14:54:06.955276 7fc3a9fcb700                        Options.arena_block_size: 8388608
2019/10/17-14:54:06.955279 7fc3a9fcb700   Options.soft_pending_compaction_bytes_limit: 68719476736
2019/10/17-14:54:06.955281 7fc3a9fcb700   Options.hard_pending_compaction_bytes_limit: 274877906944
2019/10/17-14:54:06.955284 7fc3a9fcb700       Options.rate_limit_delay_max_milliseconds: 100
2019/10/17-14:54:06.955287 7fc3a9fcb700                Options.disable_auto_compactions: 0
2019/10/17-14:54:06.955290 7fc3a9fcb700                        Options.compaction_style: kCompactionStyleLevel
2019/10/17-14:54:06.955294 7fc3a9fcb700                          Options.compaction_pri: kByCompensatedSize
2019/10/17-14:54:06.955297 7fc3a9fcb700 Options.compaction_options_universal.size_ratio: 1
2019/10/17-14:54:06.955299 7fc3a9fcb700 Options.compaction_options_universal.min_merge_width: 2
2019/10/17-14:54:06.955301 7fc3a9fcb700 Options.compaction_options_universal.max_merge_width: 4294967295
2019/10/17-14:54:06.955304 7fc3a9fcb700 Options.compaction_options_universal.max_size_amplification_percent: 200
2019/10/17-14:54:06.955307 7fc3a9fcb700 Options.compaction_options_universal.compression_size_percent: -1
2019/10/17-14:54:06.955311 7fc3a9fcb700 Options.compaction_options_universal.stop_style: kCompactionStopStyleTotalSize
2019/10/17-14:54:06.955313 7fc3a9fcb700 Options.compaction_options_fifo.max_table_files_size: 1073741824
2019/10/17-14:54:06.955316 7fc3a9fcb700 Options.compaction_options_fifo.allow_compaction: 0
2019/10/17-14:54:06.955318 7fc3a9fcb700 Options.compaction_options_fifo.ttl: 0
2019/10/17-14:54:06.955321 7fc3a9fcb700                   Options.table_properties_collectors: 
2019/10/17-14:54:06.955323 7fc3a9fcb700                   Options.inplace_update_support: 0
2019/10/17-14:54:06.955326 7fc3a9fcb700                 Options.inplace_update_num_locks: 10000
2019/10/17-14:54:06.955329 7fc3a9fcb700               Options.memtable_prefix_bloom_size_ratio: 0.000000
2019/10/17-14:54:06.955332 7fc3a9fcb700   Options.memtable_huge_page_size: 0
2019/10/17-14:54:06.955335 7fc3a9fcb700                           Options.bloom_locality: 0
2019/10/17-14:54:06.955337 7fc3a9fcb700                    Options.max_successive_merges: 0
2019/10/17-14:54:06.955340 7fc3a9fcb700                Options.optimize_filters_for_hits: 0
2019/10/17-14:54:06.955342 7fc3a9fcb700                Options.paranoid_file_checks: 0
2019/10/17-14:54:06.955345 7fc3a9fcb700                Options.force_consistency_checks: 0
2019/10/17-14:54:06.955347 7fc3a9fcb700                Options.report_bg_io_stats: 0
2019/10/17-14:54:06.955350 7fc3a9fcb700                               Options.ttl: 0
2019/10/17-14:54:06.955442 7fc3a9fcb700 [db/column_family.cc:472] --------------- Options for column family [active_gateways]:
2019/10/17-14:54:06.955447 7fc3a9fcb700               Options.comparator: leveldb.BytewiseComparator
2019/10/17-14:54:06.955450 7fc3a9fcb700           Options.merge_operator: None
2019/10/17-14:54:06.955453 7fc3a9fcb700        Options.compaction_filter: None
2019/10/17-14:54:06.955456 7fc3a9fcb700        Options.compaction_filter_factory: None
2019/10/17-14:54:06.955458 7fc3a9fcb700         Options.memtable_factory: SkipListFactory
2019/10/17-14:54:06.955461 7fc3a9fcb700            Options.table_factory: BlockBasedTable
2019/10/17-14:54:06.955496 7fc3a9fcb700            table_factory options:   flush_block_policy_factory: FlushBlockBySizePolicyFactory (0x7fc3500143b0)
  cache_index_and_filter_blocks: 0
  cache_index_and_filter_blocks_with_high_priority: 0
  pin_l0_filter_and_index_blocks_in_cache: 0
  pin_top_level_index_and_filter: 1
  index_type: 0
  hash_index_allow_collision: 1
  checksum: 1
  no_block_cache: 0
  block_cache: 0x7fc35009dbe0
  block_cache_name: LRUCache
  block_cache_options:
    capacity : 8388608
    num_shard_bits : 4
    strict_capacity_limit : 0
    memory_allocator : None
    high_pri_pool_ratio: 0.000
  block_cache_compressed: (nil)
  persistent_cache: (nil)
  block_size: 4096
  block_size_deviation: 10
  block_restart_interval: 16
  index_block_restart_interval: 1
  metadata_block_size: 4096
  partition_filters: 0
  use_delta_encoding: 1
  filter_policy: nullptr
  whole_key_filtering: 1
  verify_compression: 0
  read_amp_bytes_per_bit: 0
  format_version: 2
  enable_index_compression: 1
  block_align: 0
2019/10/17-14:54:06.955519 7fc3a9fcb700        Options.write_buffer_size: 67108864
2019/10/17-14:54:06.955523 7fc3a9fcb700  Options.max_write_buffer_number: 2
2019/10/17-14:54:06.955525 7fc3a9fcb700          Options.compression: NoCompression
2019/10/17-14:54:06.955528 7fc3a9fcb700                  Options.bottommost_compression: Disabled
2019/10/17-14:54:06.955530 7fc3a9fcb700       Options.prefix_extractor: nullptr
2019/10/17-14:54:06.955533 7fc3a9fcb700   Options.memtable_insert_with_hint_prefix_extractor: nullptr
2019/10/17-14:54:06.955535 7fc3a9fcb700             Options.num_levels: 7
2019/10/17-14:54:06.955538 7fc3a9fcb700        Options.min_write_buffer_number_to_merge: 1
2019/10/17-14:54:06.955540 7fc3a9fcb700     Options.max_write_buffer_number_to_maintain: 0
2019/10/17-14:54:06.955543 7fc3a9fcb700            Options.bottommost_compression_opts.window_bits: -14
2019/10/17-14:54:06.955545 7fc3a9fcb700                  Options.bottommost_compression_opts.level: 32767
2019/10/17-14:54:06.955548 7fc3a9fcb700               Options.bottommost_compression_opts.strategy: 0
2019/10/17-14:54:06.955550 7fc3a9fcb700         Options.bottommost_compression_opts.max_dict_bytes: 0
2019/10/17-14:54:06.955553 7fc3a9fcb700         Options.bottommost_compression_opts.zstd_max_train_bytes: 0
2019/10/17-14:54:06.955555 7fc3a9fcb700                  Options.bottommost_compression_opts.enabled: false
2019/10/17-14:54:06.955558 7fc3a9fcb700            Options.compression_opts.window_bits: -14
2019/10/17-14:54:06.955560 7fc3a9fcb700                  Options.compression_opts.level: 32767
2019/10/17-14:54:06.955563 7fc3a9fcb700               Options.compression_opts.strategy: 0
2019/10/17-14:54:06.955565 7fc3a9fcb700         Options.compression_opts.max_dict_bytes: 0
2019/10/17-14:54:06.955568 7fc3a9fcb700         Options.compression_opts.zstd_max_train_bytes: 0
2019/10/17-14:54:06.955570 7fc3a9fcb700                  Options.compression_opts.enabled: false
2019/10/17-14:54:06.955573 7fc3a9fcb700      Options.level0_file_num_compaction_trigger: 4
2019/10/17-14:54:06.955575 7fc3a9fcb700          Options.level0_slowdown_writes_trigger: 20
2019/10/17-14:54:06.955577 7fc3a9fcb700              Options.level0_stop_writes_trigger: 36
2019/10/17-14:54:06.955580 7fc3a9fcb700                   Options.target_file_size_base: 67108864
2019/10/17-14:54:06.955583 7fc3a9fcb700             Options.target_file_size_multiplier: 1
2019/10/17-14:54:06.955585 7fc3a9fcb700                Options.max_bytes_for_level_base: 268435456
2019/10/17-14:54:06.955588 7fc3a9fcb700 Options.level_compaction_dynamic_level_bytes: 0
2019/10/17-14:54:06.955590 7fc3a9fcb700          Options.max_bytes_for_level_multiplier: 10.000000
2019/10/17-14:54:06.955595 7fc3a9fcb700 Options.max_bytes_for_level_multiplier_addtl[0]: 1
2019/10/17-14:54:06.955598 7fc3a9fcb700 Options.max_bytes_for_level_multiplier_addtl[1]: 1
2019/10/17-14:54:06.955600 7fc3a9fcb700 Options.max_bytes_for_level_multiplier_addtl[2]: 1
2019/10/17-14:54:06.955603 7fc3a9fcb700 Options.max_bytes_for_level_multiplier_addtl[3]: 1
2019/10/17-14:54:06.955605 7fc3a9fcb700 Options.max_bytes_for_level_multiplier_addtl[4]: 1
2019/10/17-14:54:06.955608 7fc3a9fcb700 Options.max_bytes_for_level_multiplier_addtl[5]: 1
2019/10/17-14:54:06.955610 7fc3a9fcb700 Options.max_bytes_for_level_multiplier_addtl[6]: 1
2019/10/17-14:54:06.955613 7fc3a9fcb700       Options.max_sequential_skip_in_iterations: 8
2019/10/17-14:54:06.955627 7fc3a9fcb700                    Options.max_compaction_bytes: 1677721600
2019/10/17-14:54:06.955630 7fc3a9fcb700                        Options.arena_block_size: 8388608
2019/10/17-14:54:06.955633 7fc3a9fcb700   Options.soft_pending_compaction_bytes_limit: 68719476736
2019/10/17-14:54:06.955636 7fc3a9fcb700   Options.hard_pending_compaction_bytes_limit: 274877906944
2019/10/17-14:54:06.955638 7fc3a9fcb700       Options.rate_limit_delay_max_milliseconds: 100
2019/10/17-14:54:06.955641 7fc3a9fcb700                Options.disable_auto_compactions: 0
2019/10/17-14:54:06.955644 7fc3a9fcb700                        Options.compaction_style: kCompactionStyleLevel
2019/10/17-14:54:06.955646 7fc3a9fcb700                          Options.compaction_pri: kByCompensatedSize
2019/10/17-14:54:06.955649 7fc3a9fcb700 Options.compaction_options_universal.size_ratio: 1
2019/10/17-14:54:06.955651 7fc3a9fcb700 Options.compaction_options_universal.min_merge_width: 2
2019/10/17-14:54:06.955654 7fc3a9fcb700 Options.compaction_options_universal.max_merge_width: 4294967295
2019/10/17-14:54:06.955656 7fc3a9fcb700 Options.compaction_options_universal.max_size_amplification_percent: 200
2019/10/17-14:54:06.955659 7fc3a9fcb700 Options.compaction_options_universal.compression_size_percent: -1
2019/10/17-14:54:06.955662 7fc3a9fcb700 Options.compaction_options_universal.stop_style: kCompactionStopStyleTotalSize
2019/10/17-14:54:06.955665 7fc3a9fcb700 Options.compaction_options_fifo.max_table_files_size: 1073741824
2019/10/17-14:54:06.955667 7fc3a9fcb700 Options.compaction_options_fifo.allow_compaction: 0
2019/10/17-14:54:06.955670 7fc3a9fcb700 Options.compaction_options_fifo.ttl: 0
2019/10/17-14:54:06.955672 7fc3a9fcb700                   Options.table_properties_collectors: 
2019/10/17-14:54:06.955674 7fc3a9fcb700                   Options.inplace_update_support: 0
2019/10/17-14:54:06.955677 7fc3a9fcb700                 Options.inplace_update_num_locks: 10000
2019/10/17-14:54:06.955680 7fc3a9fcb700               Options.memtable_prefix_bloom_size_ratio: 0.000000
2019/10/17-14:54:06.955683 7fc3a9fcb700   Options.memtable_huge_page_size: 0
2019/10/17-14:54:06.955685 7fc3a9fcb700                           Options.bloom_locality: 0
2019/10/17-14:54:06.955688 7fc3a9fcb700                    Options.max_successive_merges: 0
2019/10/17-14:54:06.955690 7fc3a9fcb700                Options.optimize_filters_for_hits: 0
2019/10/17-14:54:06.955693 7fc3a9fcb700                Options.paranoid_file_checks: 0
2019/10/17-14:54:06.955695 7fc3a9fcb700                Options.force_consistency_checks: 0
2019/10/17-14:54:06.955698 7fc3a9fcb700                Options.report_bg_io_stats: 0
2019/10/17-14:54:06.955700 7fc3a9fcb700                               Options.ttl: 0
2019/10/17-14:54:06.955754 7fc3a9fcb700 [db/column_family.cc:472] --------------- Options for column family [entries]:
2019/10/17-14:54:06.955759 7fc3a9fcb700               Options.comparator: leveldb.BytewiseComparator
2019/10/17-14:54:06.955762 7fc3a9fcb700           Options.merge_operator: None
2019/10/17-14:54:06.955764 7fc3a9fcb700        Options.compaction_filter: None
2019/10/17-14:54:06.955767 7fc3a9fcb700        Options.compaction_filter_factory: None
2019/10/17-14:54:06.955769 7fc3a9fcb700         Options.memtable_factory: SkipListFactory
2019/10/17-14:54:06.955772 7fc3a9fcb700            Options.table_factory: BlockBasedTable
2019/10/17-14:54:06.955803 7fc3a9fcb700            table_factory options:   flush_block_policy_factory: FlushBlockBySizePolicyFactory (0x7fc350098c10)
  cache_index_and_filter_blocks: 0
  cache_index_and_filter_blocks_with_high_priority: 0
  pin_l0_filter_and_index_blocks_in_cache: 0
  pin_top_level_index_and_filter: 1
  index_type: 0
  hash_index_allow_collision: 1
  checksum: 1
  no_block_cache: 0
  block_cache: 0x7fc3500633a0
  block_cache_name: LRUCache
  block_cache_options:
    capacity : 8388608
    num_shard_bits : 4
    strict_capacity_limit : 0
    memory_allocator : None
    high_pri_pool_ratio: 0.000
  block_cache_compressed: (nil)
  persistent_cache: (nil)
  block_size: 4096
  block_size_deviation: 10
  block_restart_interval: 16
  index_block_restart_interval: 1
  metadata_block_size: 4096
  partition_filters: 0
  use_delta_encoding: 1
  filter_policy: nullptr
  whole_key_filtering: 1
  verify_compression: 0
  read_amp_bytes_per_bit: 0
  format_version: 2
  enable_index_compression: 1
  block_align: 0
2019/10/17-14:54:06.955824 7fc3a9fcb700        Options.write_buffer_size: 67108864
2019/10/17-14:54:06.955828 7fc3a9fcb700  Options.max_write_buffer_number: 2
2019/10/17-14:54:06.955830 7fc3a9fcb700          Options.compression: NoCompression
2019/10/17-14:54:06.955833 7fc3a9fcb700                  Options.bottommost_compression: Disabled
2019/10/17-14:54:06.955836 7fc3a9fcb700       Options.prefix_extractor: nullptr
2019/10/17-14:54:06.955838 7fc3a9fcb700   Options.memtable_insert_with_hint_prefix_extractor: nullptr
2019/10/17-14:54:06.955841 7fc3a9fcb700             Options.num_levels: 7
2019/10/17-14:54:06.955843 7fc3a9fcb700        Options.min_write_buffer_number_to_merge: 1
2019/10/17-14:54:06.955846 7fc3a9fcb700     Options.max_write_buffer_number_to_maintain: 0
2019/10/17-14:54:06.955848 7fc3a9fcb700            Options.bottommost_compression_opts.window_bits: -14
2019/10/17-14:54:06.955851 7fc3a9fcb700                  Options.bottommost_compression_opts.level: 32767
2019/10/17-14:54:06.955853 7fc3a9fcb700               Options.bottommost_compression_opts.strategy: 0
2019/10/17-14:54:06.955855 7fc3a9fcb700         Options.bottommost_compression_opts.max_dict_bytes: 0
2019/10/17-14:54:06.955858 7fc3a9fcb700         Options.bottommost_compression_opts.zstd_max_train_bytes: 0
2019/10/17-14:54:06.955860 7fc3a9fcb700                  Options.bottommost_compression_opts.enabled: false
2019/10/17-14:54:06.955863 7fc3a9fcb700            Options.compression_opts.window_bits: -14
2019/10/17-14:54:06.955865 7fc3a9fcb700                  Options.compression_opts.level: 32767
2019/10/17-14:54:06.955868 7fc3a9fcb700               Options.compression_opts.strategy: 0
2019/10/17-14:54:06.955870 7fc3a9fcb700         Options.compression_opts.max_dict_bytes: 0
2019/10/17-14:54:06.955873 7fc3a9fcb700         Options.compression_opts.zstd_max_train_bytes: 0
2019/10/17-14:54:06.955875 7fc3a9fcb700                  Options.compression_opts.enabled: false
2019/10/17-14:54:06.955878 7fc3a9fcb700      Options.level0_file_num_compaction_trigger: 4
2019/10/17-14:54:06.955880 7fc3a9fcb700          Options.level0_slowdown_writes_trigger: 20
2019/10/17-14:54:06.955883 7fc3a9fcb700              Options.level0_stop_writes_trigger: 36
2019/10/17-14:54:06.955885 7fc3a9fcb700                   Options.target_file_size_base: 67108864
2019/10/17-14:54:06.955888 7fc3a9fcb700             Options.target_file_size_multiplier: 1
2019/10/17-14:54:06.955890 7fc3a9fcb700                Options.max_bytes_for_level_base: 268435456
2019/10/17-14:54:06.955893 7fc3a9fcb700 Options.level_compaction_dynamic_level_bytes: 0
2019/10/17-14:54:06.955895 7fc3a9fcb700          Options.max_bytes_for_level_multiplier: 10.000000
2019/10/17-14:54:06.955899 7fc3a9fcb700 Options.max_bytes_for_level_multiplier_addtl[0]: 1
2019/10/17-14:54:06.955902 7fc3a9fcb700 Options.max_bytes_for_level_multiplier_addtl[1]: 1
2019/10/17-14:54:06.955904 7fc3a9fcb700 Options.max_bytes_for_level_multiplier_addtl[2]: 1
2019/10/17-14:54:06.955907 7fc3a9fcb700 Options.max_bytes_for_level_multiplier_addtl[3]: 1
2019/10/17-14:54:06.955909 7fc3a9fcb700 Options.max_bytes_for_level_multiplier_addtl[4]: 1
2019/10/17-14:54:06.955912 7fc3a9fcb700 Options.max_bytes_for_level_multiplier_addtl[5]: 1
2019/10/17-14:54:06.955914 7fc3a9fcb700 Options.max_bytes_for_level_multiplier_addtl[6]: 1
2019/10/17-14:54:06.955917 7fc3a9fcb700       Options.max_sequential_skip_in_iterations: 8
2019/10/17-14:54:06.955919 7fc3a9fcb700                    Options.max_compaction_bytes: 1677721600
2019/10/17-14:54:06.955922 7fc3a9fcb700                        Options.arena_block_size: 8388608
2019/10/17-14:54:06.955924 7fc3a9fcb700   Options.soft_pending_compaction_bytes_limit: 68719476736
2019/10/17-14:54:06.955939 7fc3a9fcb700   Options.hard_pending_compaction_bytes_limit: 274877906944
2019/10/17-14:54:06.955942 7fc3a9fcb700       Options.rate_limit_delay_max_milliseconds: 100
2019/10/17-14:54:06.955944 7fc3a9fcb700                Options.disable_auto_compactions: 0
2019/10/17-14:54:06.955947 7fc3a9fcb700                        Options.compaction_style: kCompactionStyleLevel
2019/10/17-14:54:06.955951 7fc3a9fcb700                          Options.compaction_pri: kByCompensatedSize
2019/10/17-14:54:06.955953 7fc3a9fcb700 Options.compaction_options_universal.size_ratio: 1
2019/10/17-14:54:06.955956 7fc3a9fcb700 Options.compaction_options_universal.min_merge_width: 2
2019/10/17-14:54:06.955958 7fc3a9fcb700 Options.compaction_options_universal.max_merge_width: 4294967295
2019/10/17-14:54:06.955961 7fc3a9fcb700 Options.compaction_options_universal.max_size_amplification_percent: 200
2019/10/17-14:54:06.955963 7fc3a9fcb700 Options.compaction_options_universal.compression_size_percent: -1
2019/10/17-14:54:06.955967 7fc3a9fcb700 Options.compaction_options_universal.stop_style: kCompactionStopStyleTotalSize
2019/10/17-14:54:06.955969 7fc3a9fcb700 Options.compaction_options_fifo.max_table_files_size: 1073741824
2019/10/17-14:54:06.955972 7fc3a9fcb700 Options.compaction_options_fifo.allow_compaction: 0
2019/10/17-14:54:06.955974 7fc3a9fcb700 Options.compaction_options_fifo.ttl: 0
2019/10/17-14:54:06.955977 7fc3a9fcb700                   Options.table_properties_collectors: 
2019/10/17-14:54:06.955979 7fc3a9fcb700                   Options.inplace_update_support: 0
2019/10/17-14:54:06.955982 7fc3a9fcb700                 Options.inplace_update_num_locks: 10000
2019/10/17-14:54:06.955984 7fc3a9fcb700               Options.memtable_prefix_bloom_size_ratio: 0.000000
2019/10/17-14:54:06.955988 7fc3a9fcb700   Options.memtable_huge_page_size: 0
2019/10/17-14:54:06.955990 7fc3a9fcb700                           Options.bloom_locality: 0
2019/10/17-14:54:06.955993 7fc3a9fcb700                    Options.max_successive_merges: 0
2019/10/17-14:54:06.955995 7fc3a9fcb700                Options.optimize_filters_for_hits: 0
2019/10/17-14:54:06.955998 7fc3a9fcb700                Options.paranoid_file_checks: 0
2019/10/17-14:54:06.956000 7fc3a9fcb700                Options.force_consistency_checks: 0
2019/10/17-14:54:06.956003 7fc3a9fcb700                Options.report_bg_io_stats: 0
2019/10/17-14:54:06.956005 7fc3a9fcb700                               Options.ttl: 0
2019/10/17-14:54:06.956053 7fc3a9fcb700 [db/column_family.cc:472] --------------- Options for column family [dc_entries]:
2019/10/17-14:54:06.956057 7fc3a9fcb700               Options.comparator: leveldb.BytewiseComparator
2019/10/17-14:54:06.956060 7fc3a9fcb700           Options.merge_operator: None
2019/10/17-14:54:06.956062 7fc3a9fcb700        Options.compaction_filter: None
2019/10/17-14:54:06.956065 7fc3a9fcb700        Options.compaction_filter_factory: None
2019/10/17-14:54:06.956068 7fc3a9fcb700         Options.memtable_factory: SkipListFactory
2019/10/17-14:54:06.956070 7fc3a9fcb700            Options.table_factory: BlockBasedTable
2019/10/17-14:54:06.956100 7fc3a9fcb700            table_factory options:   flush_block_policy_factory: FlushBlockBySizePolicyFactory (0x7fc350067170)
  cache_index_and_filter_blocks: 0
  cache_index_and_filter_blocks_with_high_priority: 0
  pin_l0_filter_and_index_blocks_in_cache: 0
  pin_top_level_index_and_filter: 1
  index_type: 0
  hash_index_allow_collision: 1
  checksum: 1
  no_block_cache: 0
  block_cache: 0x7fc3500d7500
  block_cache_name: LRUCache
  block_cache_options:
    capacity : 8388608
    num_shard_bits : 4
    strict_capacity_limit : 0
    memory_allocator : None
    high_pri_pool_ratio: 0.000
  block_cache_compressed: (nil)
  persistent_cache: (nil)
  block_size: 4096
  block_size_deviation: 10
  block_restart_interval: 16
  index_block_restart_interval: 1
  metadata_block_size: 4096
  partition_filters: 0
  use_delta_encoding: 1
  filter_policy: nullptr
  whole_key_filtering: 1
  verify_compression: 0
  read_amp_bytes_per_bit: 0
  format_version: 2
  enable_index_compression: 1
  block_align: 0
2019/10/17-14:54:06.956121 7fc3a9fcb700        Options.write_buffer_size: 67108864
2019/10/17-14:54:06.956124 7fc3a9fcb700  Options.max_write_buffer_number: 2
2019/10/17-14:54:06.956127 7fc3a9fcb700          Options.compression: NoCompression
2019/10/17-14:54:06.956130 7fc3a9fcb700                  Options.bottommost_compression: Disabled
2019/10/17-14:54:06.956132 7fc3a9fcb700       Options.prefix_extractor: nullptr
2019/10/17-14:54:06.956134 7fc3a9fcb700   Options.memtable_insert_with_hint_prefix_extractor: nullptr
2019/10/17-14:54:06.956137 7fc3a9fcb700             Options.num_levels: 7
2019/10/17-14:54:06.956139 7fc3a9fcb700        Options.min_write_buffer_number_to_merge: 1
2019/10/17-14:54:06.956142 7fc3a9fcb700     Options.max_write_buffer_number_to_maintain: 0
2019/10/17-14:54:06.956144 7fc3a9fcb700            Options.bottommost_compression_opts.window_bits: -14
2019/10/17-14:54:06.956147 7fc3a9fcb700                  Options.bottommost_compression_opts.level: 32767
2019/10/17-14:54:06.956149 7fc3a9fcb700               Options.bottommost_compression_opts.strategy: 0
2019/10/17-14:54:06.956152 7fc3a9fcb700         Options.bottommost_compression_opts.max_dict_bytes: 0
2019/10/17-14:54:06.956154 7fc3a9fcb700         Options.bottommost_compression_opts.zstd_max_train_bytes: 0
2019/10/17-14:54:06.956156 7fc3a9fcb700                  Options.bottommost_compression_opts.enabled: false
2019/10/17-14:54:06.956159 7fc3a9fcb700            Options.compression_opts.window_bits: -14
2019/10/17-14:54:06.956162 7fc3a9fcb700                  Options.compression_opts.level: 32767
2019/10/17-14:54:06.956164 7fc3a9fcb700               Options.compression_opts.strategy: 0
2019/10/17-14:54:06.956166 7fc3a9fcb700         Options.compression_opts.max_dict_bytes: 0
2019/10/17-14:54:06.956169 7fc3a9fcb700         Options.compression_opts.zstd_max_train_bytes: 0
2019/10/17-14:54:06.956171 7fc3a9fcb700                  Options.compression_opts.enabled: false
2019/10/17-14:54:06.956174 7fc3a9fcb700      Options.level0_file_num_compaction_trigger: 4
2019/10/17-14:54:06.956176 7fc3a9fcb700          Options.level0_slowdown_writes_trigger: 20
2019/10/17-14:54:06.956179 7fc3a9fcb700              Options.level0_stop_writes_trigger: 36
2019/10/17-14:54:06.956181 7fc3a9fcb700                   Options.target_file_size_base: 67108864
2019/10/17-14:54:06.956184 7fc3a9fcb700             Options.target_file_size_multiplier: 1
2019/10/17-14:54:06.956186 7fc3a9fcb700                Options.max_bytes_for_level_base: 268435456
2019/10/17-14:54:06.956189 7fc3a9fcb700 Options.level_compaction_dynamic_level_bytes: 0
2019/10/17-14:54:06.956191 7fc3a9fcb700          Options.max_bytes_for_level_multiplier: 10.000000
2019/10/17-14:54:06.956195 7fc3a9fcb700 Options.max_bytes_for_level_multiplier_addtl[0]: 1
2019/10/17-14:54:06.956198 7fc3a9fcb700 Options.max_bytes_for_level_multiplier_addtl[1]: 1
2019/10/17-14:54:06.956200 7fc3a9fcb700 Options.max_bytes_for_level_multiplier_addtl[2]: 1
2019/10/17-14:54:06.956203 7fc3a9fcb700 Options.max_bytes_for_level_multiplier_addtl[3]: 1
2019/10/17-14:54:06.956205 7fc3a9fcb700 Options.max_bytes_for_level_multiplier_addtl[4]: 1
2019/10/17-14:54:06.956208 7fc3a9fcb700 Options.max_bytes_for_level_multiplier_addtl[5]: 1
2019/10/17-14:54:06.956210 7fc3a9fcb700 Options.max_bytes_for_level_multiplier_addtl[6]: 1
2019/10/17-14:54:06.956213 7fc3a9fcb700       Options.max_sequential_skip_in_iterations: 8
2019/10/17-14:54:06.956215 7fc3a9fcb700                    Options.max_compaction_bytes: 1677721600
2019/10/17-14:54:06.956218 7fc3a9fcb700                        Options.arena_block_size: 8388608
2019/10/17-14:54:06.956220 7fc3a9fcb700   Options.soft_pending_compaction_bytes_limit: 68719476736
2019/10/17-14:54:06.956223 7fc3a9fcb700   Options.hard_pending_compaction_bytes_limit: 274877906944
2019/10/17-14:54:06.956226 7fc3a9fcb700       Options.rate_limit_delay_max_milliseconds: 100
2019/10/17-14:54:06.956228 7fc3a9fcb700                Options.disable_auto_compactions: 0
2019/10/17-14:54:06.956245 7fc3a9fcb700                        Options.compaction_style: kCompactionStyleLevel
2019/10/17-14:54:06.956248 7fc3a9fcb700                          Options.compaction_pri: kByCompensatedSize
2019/10/17-14:54:06.956251 7fc3a9fcb700 Options.compaction_options_universal.size_ratio: 1
2019/10/17-14:54:06.956253 7fc3a9fcb700 Options.compaction_options_universal.min_merge_width: 2
2019/10/17-14:54:06.956256 7fc3a9fcb700 Options.compaction_options_universal.max_merge_width: 4294967295
2019/10/17-14:54:06.956258 7fc3a9fcb700 Options.compaction_options_universal.max_size_amplification_percent: 200
2019/10/17-14:54:06.956260 7fc3a9fcb700 Options.compaction_options_universal.compression_size_percent: -1
2019/10/17-14:54:06.956263 7fc3a9fcb700 Options.compaction_options_universal.stop_style: kCompactionStopStyleTotalSize
2019/10/17-14:54:06.956266 7fc3a9fcb700 Options.compaction_options_fifo.max_table_files_size: 1073741824
2019/10/17-14:54:06.956268 7fc3a9fcb700 Options.compaction_options_fifo.allow_compaction: 0
2019/10/17-14:54:06.956271 7fc3a9fcb700 Options.compaction_options_fifo.ttl: 0
2019/10/17-14:54:06.956273 7fc3a9fcb700                   Options.table_properties_collectors: 
2019/10/17-14:54:06.956275 7fc3a9fcb700                   Options.inplace_update_support: 0
2019/10/17-14:54:06.956278 7fc3a9fcb700                 Options.inplace_update_num_locks: 10000
2019/10/17-14:54:06.956281 7fc3a9fcb700               Options.memtable_prefix_bloom_size_ratio: 0.000000
2019/10/17-14:54:06.956284 7fc3a9fcb700   Options.memtable_huge_page_size: 0
2019/10/17-14:54:06.956286 7fc3a9fcb700                           Options.bloom_locality: 0
2019/10/17-14:54:06.956289 7fc3a9fcb700                    Options.max_successive_merges: 0
2019/10/17-14:54:06.956291 7fc3a9fcb700                Options.optimize_filters_for_hits: 0
2019/10/17-14:54:06.956294 7fc3a9fcb700                Options.paranoid_file_checks: 0
2019/10/17-14:54:06.956296 7fc3a9fcb700                Options.force_consistency_checks: 0
2019/10/17-14:54:06.956299 7fc3a9fcb700                Options.report_bg_io_stats: 0
2019/10/17-14:54:06.956301 7fc3a9fcb700                               Options.ttl: 0
2019/10/17-14:54:06.956340 7fc3a9fcb700 [db/column_family.cc:472] --------------- Options for column family [htlcs]:
2019/10/17-14:54:06.956344 7fc3a9fcb700               Options.comparator: leveldb.BytewiseComparator
2019/10/17-14:54:06.956347 7fc3a9fcb700           Options.merge_operator: None
2019/10/17-14:54:06.956349 7fc3a9fcb700        Options.compaction_filter: None
2019/10/17-14:54:06.956352 7fc3a9fcb700        Options.compaction_filter_factory: None
2019/10/17-14:54:06.956355 7fc3a9fcb700         Options.memtable_factory: SkipListFactory
2019/10/17-14:54:06.956357 7fc3a9fcb700            Options.table_factory: BlockBasedTable
2019/10/17-14:54:06.956387 7fc3a9fcb700            table_factory options:   flush_block_policy_factory: FlushBlockBySizePolicyFactory (0x7fc35002ae00)
