2019/10/17-14:55:05.694076 7fc3a9fcb700 RocksDB version: 5.18.3
2019/10/17-14:55:05.694120 7fc3a9fcb700 Git sha rocksdb_build_git_sha:@0@
2019/10/17-14:55:05.694123 7fc3a9fcb700 Compile date Sep 19 2019
2019/10/17-14:55:05.694124 7fc3a9fcb700 DB SUMMARY
2019/10/17-14:55:05.694905 7fc3a9fcb700 CURRENT file:  CURRENT
2019/10/17-14:55:05.694907 7fc3a9fcb700 IDENTITY file:  IDENTITY
2019/10/17-14:55:05.694941 7fc3a9fcb700 MANIFEST file:  MANIFEST-116311 size: 4114 Bytes
2019/10/17-14:55:05.694943 7fc3a9fcb700 SST files in /home/rahul/dev/blockchain-core/eqc/ledger.db dir, Total Num: 29, files: 000624.sst 000627.sst 106940.sst 108447.sst 108450.sst 109471.sst 109483.sst 109485.sst 109486.sst 
2019/10/17-14:55:05.694945 7fc3a9fcb700 Write Ahead Log file in /home/rahul/dev/blockchain-core/eqc/ledger.db: 116312.log size: 0 ; 
2019/10/17-14:55:05.694984 7fc3a9fcb700                         Options.error_if_exists: 0
2019/10/17-14:55:05.694986 7fc3a9fcb700                       Options.create_if_missing: 1
2019/10/17-14:55:05.694987 7fc3a9fcb700                         Options.paranoid_checks: 1
2019/10/17-14:55:05.694988 7fc3a9fcb700                                     Options.env: 0x7fc32ae1fc60
2019/10/17-14:55:05.694989 7fc3a9fcb700                                Options.info_log: 0x7fc350057d50
2019/10/17-14:55:05.694990 7fc3a9fcb700                Options.max_file_opening_threads: 16
2019/10/17-14:55:05.694991 7fc3a9fcb700                              Options.statistics: (nil)
2019/10/17-14:55:05.694992 7fc3a9fcb700                               Options.use_fsync: 0
2019/10/17-14:55:05.694992 7fc3a9fcb700                       Options.max_log_file_size: 0
2019/10/17-14:55:05.694993 7fc3a9fcb700                  Options.max_manifest_file_size: 1073741824
2019/10/17-14:55:05.694994 7fc3a9fcb700                   Options.log_file_time_to_roll: 0
2019/10/17-14:55:05.694995 7fc3a9fcb700                       Options.keep_log_file_num: 1000
2019/10/17-14:55:05.694996 7fc3a9fcb700                    Options.recycle_log_file_num: 0
2019/10/17-14:55:05.694997 7fc3a9fcb700                         Options.allow_fallocate: 1
2019/10/17-14:55:05.694998 7fc3a9fcb700                        Options.allow_mmap_reads: 0
2019/10/17-14:55:05.694998 7fc3a9fcb700                       Options.allow_mmap_writes: 0
2019/10/17-14:55:05.694999 7fc3a9fcb700                        Options.use_direct_reads: 0
2019/10/17-14:55:05.695000 7fc3a9fcb700                        Options.use_direct_io_for_flush_and_compaction: 0
2019/10/17-14:55:05.695001 7fc3a9fcb700          Options.create_missing_column_families: 0
2019/10/17-14:55:05.695002 7fc3a9fcb700                              Options.db_log_dir: 
2019/10/17-14:55:05.695003 7fc3a9fcb700                                 Options.wal_dir: /home/rahul/dev/blockchain-core/eqc/ledger.db
2019/10/17-14:55:05.695003 7fc3a9fcb700                Options.table_cache_numshardbits: 6
2019/10/17-14:55:05.695004 7fc3a9fcb700                      Options.max_subcompactions: 1
2019/10/17-14:55:05.695005 7fc3a9fcb700                  Options.max_background_flushes: -1
2019/10/17-14:55:05.695006 7fc3a9fcb700                         Options.WAL_ttl_seconds: 0
2019/10/17-14:55:05.695007 7fc3a9fcb700                       Options.WAL_size_limit_MB: 0
2019/10/17-14:55:05.695008 7fc3a9fcb700             Options.manifest_preallocation_size: 4194304
2019/10/17-14:55:05.695009 7fc3a9fcb700                     Options.is_fd_close_on_exec: 1
2019/10/17-14:55:05.695009 7fc3a9fcb700                   Options.advise_random_on_open: 1
2019/10/17-14:55:05.695010 7fc3a9fcb700                    Options.db_write_buffer_size: 0
2019/10/17-14:55:05.695011 7fc3a9fcb700                    Options.write_buffer_manager: 0x7fc3501078f0
2019/10/17-14:55:05.695012 7fc3a9fcb700         Options.access_hint_on_compaction_start: 1
2019/10/17-14:55:05.695013 7fc3a9fcb700  Options.new_table_reader_for_compaction_inputs: 0
2019/10/17-14:55:05.695013 7fc3a9fcb700           Options.random_access_max_buffer_size: 1048576
2019/10/17-14:55:05.695014 7fc3a9fcb700                      Options.use_adaptive_mutex: 0
2019/10/17-14:55:05.695015 7fc3a9fcb700                            Options.rate_limiter: (nil)
2019/10/17-14:55:05.695031 7fc3a9fcb700     Options.sst_file_manager.rate_bytes_per_sec: 0
2019/10/17-14:55:05.695032 7fc3a9fcb700                       Options.wal_recovery_mode: 2
2019/10/17-14:55:05.695033 7fc3a9fcb700                  Options.enable_thread_tracking: 0
2019/10/17-14:55:05.695034 7fc3a9fcb700                  Options.enable_pipelined_write: 0
2019/10/17-14:55:05.695035 7fc3a9fcb700         Options.allow_concurrent_memtable_write: 1
2019/10/17-14:55:05.695036 7fc3a9fcb700      Options.enable_write_thread_adaptive_yield: 1
2019/10/17-14:55:05.695036 7fc3a9fcb700             Options.write_thread_max_yield_usec: 100
2019/10/17-14:55:05.695037 7fc3a9fcb700            Options.write_thread_slow_yield_usec: 3
2019/10/17-14:55:05.695038 7fc3a9fcb700                               Options.row_cache: None
2019/10/17-14:55:05.695039 7fc3a9fcb700                              Options.wal_filter: None
2019/10/17-14:55:05.695040 7fc3a9fcb700             Options.avoid_flush_during_recovery: 0
2019/10/17-14:55:05.695041 7fc3a9fcb700             Options.allow_ingest_behind: 0
2019/10/17-14:55:05.695042 7fc3a9fcb700             Options.preserve_deletes: 0
2019/10/17-14:55:05.695042 7fc3a9fcb700             Options.two_write_queues: 0
2019/10/17-14:55:05.695043 7fc3a9fcb700             Options.manual_wal_flush: 0
2019/10/17-14:55:05.695044 7fc3a9fcb700             Options.max_background_jobs: 2
2019/10/17-14:55:05.695045 7fc3a9fcb700             Options.max_background_compactions: -1
2019/10/17-14:55:05.695046 7fc3a9fcb700             Options.avoid_flush_during_shutdown: 0
2019/10/17-14:55:05.695047 7fc3a9fcb700           Options.writable_file_max_buffer_size: 1048576
2019/10/17-14:55:05.695047 7fc3a9fcb700             Options.delayed_write_rate : 16777216
2019/10/17-14:55:05.695048 7fc3a9fcb700             Options.max_total_wal_size: 0
2019/10/17-14:55:05.695049 7fc3a9fcb700             Options.delete_obsolete_files_period_micros: 21600000000
2019/10/17-14:55:05.695050 7fc3a9fcb700                   Options.stats_dump_period_sec: 600
2019/10/17-14:55:05.695051 7fc3a9fcb700                          Options.max_open_files: -1
2019/10/17-14:55:05.695052 7fc3a9fcb700                          Options.bytes_per_sync: 0
2019/10/17-14:55:05.695052 7fc3a9fcb700                      Options.wal_bytes_per_sync: 0
2019/10/17-14:55:05.695053 7fc3a9fcb700       Options.compaction_readahead_size: 0
2019/10/17-14:55:05.695054 7fc3a9fcb700 Compression algorithms supported:
2019/10/17-14:55:05.695055 7fc3a9fcb700 	kZSTDNotFinalCompression supported: 0
2019/10/17-14:55:05.695057 7fc3a9fcb700 	kZSTD supported: 0
2019/10/17-14:55:05.695058 7fc3a9fcb700 	kXpressCompression supported: 0
2019/10/17-14:55:05.695059 7fc3a9fcb700 	kLZ4HCCompression supported: 0
2019/10/17-14:55:05.695059 7fc3a9fcb700 	kLZ4Compression supported: 0
2019/10/17-14:55:05.695060 7fc3a9fcb700 	kBZip2Compression supported: 0
2019/10/17-14:55:05.695061 7fc3a9fcb700 	kZlibCompression supported: 0
2019/10/17-14:55:05.695062 7fc3a9fcb700 	kSnappyCompression supported: 0
2019/10/17-14:55:05.695064 7fc3a9fcb700 Fast CRC32 supported: Supported on x86
2019/10/17-14:55:05.695208 7fc3a9fcb700 [db/version_set.cc:3507] Recovering from manifest file: MANIFEST-116311
2019/10/17-14:55:05.695248 7fc3a9fcb700 [db/column_family.cc:472] --------------- Options for column family [default]:
2019/10/17-14:55:05.695250 7fc3a9fcb700               Options.comparator: leveldb.BytewiseComparator
2019/10/17-14:55:05.695251 7fc3a9fcb700           Options.merge_operator: None
2019/10/17-14:55:05.695252 7fc3a9fcb700        Options.compaction_filter: None
2019/10/17-14:55:05.695253 7fc3a9fcb700        Options.compaction_filter_factory: None
2019/10/17-14:55:05.695254 7fc3a9fcb700         Options.memtable_factory: SkipListFactory
2019/10/17-14:55:05.695255 7fc3a9fcb700            Options.table_factory: BlockBasedTable
2019/10/17-14:55:05.695273 7fc3a9fcb700            table_factory options:   flush_block_policy_factory: FlushBlockBySizePolicyFactory (0x7fc350008930)
  cache_index_and_filter_blocks: 0
  cache_index_and_filter_blocks_with_high_priority: 0
  pin_l0_filter_and_index_blocks_in_cache: 0
  pin_top_level_index_and_filter: 1
  index_type: 0
  hash_index_allow_collision: 1
  checksum: 1
  no_block_cache: 0
  block_cache: 0x7fc3500eb630
  block_cache_name: LRUCache
  block_cache_options:
    capacity : 8388608
    num_shard_bits : 4
    strict_capacity_limit : 0
    memory_allocator : None
    high_pri_pool_ratio: 0.000
  block_cache_compressed: (nil)
  persistent_cache: (nil)
  block_size: 4096
  block_size_deviation: 10
  block_restart_interval: 16
  index_block_restart_interval: 1
  metadata_block_size: 4096
  partition_filters: 0
  use_delta_encoding: 1
  filter_policy: nullptr
  whole_key_filtering: 1
  verify_compression: 0
  read_amp_bytes_per_bit: 0
  format_version: 2
  enable_index_compression: 1
  block_align: 0
2019/10/17-14:55:05.695284 7fc3a9fcb700        Options.write_buffer_size: 67108864
2019/10/17-14:55:05.695285 7fc3a9fcb700  Options.max_write_buffer_number: 2
2019/10/17-14:55:05.695287 7fc3a9fcb700          Options.compression: NoCompression
2019/10/17-14:55:05.695288 7fc3a9fcb700                  Options.bottommost_compression: Disabled
2019/10/17-14:55:05.695288 7fc3a9fcb700       Options.prefix_extractor: nullptr
2019/10/17-14:55:05.695289 7fc3a9fcb700   Options.memtable_insert_with_hint_prefix_extractor: nullptr
2019/10/17-14:55:05.695290 7fc3a9fcb700             Options.num_levels: 7
2019/10/17-14:55:05.695291 7fc3a9fcb700        Options.min_write_buffer_number_to_merge: 1
2019/10/17-14:55:05.695292 7fc3a9fcb700     Options.max_write_buffer_number_to_maintain: 0
2019/10/17-14:55:05.695292 7fc3a9fcb700            Options.bottommost_compression_opts.window_bits: -14
2019/10/17-14:55:05.695293 7fc3a9fcb700                  Options.bottommost_compression_opts.level: 32767
2019/10/17-14:55:05.695294 7fc3a9fcb700               Options.bottommost_compression_opts.strategy: 0
2019/10/17-14:55:05.695295 7fc3a9fcb700         Options.bottommost_compression_opts.max_dict_bytes: 0
2019/10/17-14:55:05.695296 7fc3a9fcb700         Options.bottommost_compression_opts.zstd_max_train_bytes: 0
2019/10/17-14:55:05.695297 7fc3a9fcb700                  Options.bottommost_compression_opts.enabled: false
2019/10/17-14:55:05.695297 7fc3a9fcb700            Options.compression_opts.window_bits: -14
2019/10/17-14:55:05.695298 7fc3a9fcb700                  Options.compression_opts.level: 32767
2019/10/17-14:55:05.695299 7fc3a9fcb700               Options.compression_opts.strategy: 0
2019/10/17-14:55:05.695300 7fc3a9fcb700         Options.compression_opts.max_dict_bytes: 0
2019/10/17-14:55:05.695301 7fc3a9fcb700         Options.compression_opts.zstd_max_train_bytes: 0
2019/10/17-14:55:05.695301 7fc3a9fcb700                  Options.compression_opts.enabled: false
2019/10/17-14:55:05.695302 7fc3a9fcb700      Options.level0_file_num_compaction_trigger: 4
2019/10/17-14:55:05.695303 7fc3a9fcb700          Options.level0_slowdown_writes_trigger: 20
2019/10/17-14:55:05.695304 7fc3a9fcb700              Options.level0_stop_writes_trigger: 36
2019/10/17-14:55:05.695305 7fc3a9fcb700                   Options.target_file_size_base: 67108864
2019/10/17-14:55:05.695305 7fc3a9fcb700             Options.target_file_size_multiplier: 1
2019/10/17-14:55:05.695306 7fc3a9fcb700                Options.max_bytes_for_level_base: 268435456
2019/10/17-14:55:05.695307 7fc3a9fcb700 Options.level_compaction_dynamic_level_bytes: 0
2019/10/17-14:55:05.695308 7fc3a9fcb700          Options.max_bytes_for_level_multiplier: 10.000000
2019/10/17-14:55:05.695310 7fc3a9fcb700 Options.max_bytes_for_level_multiplier_addtl[0]: 1
2019/10/17-14:55:05.695311 7fc3a9fcb700 Options.max_bytes_for_level_multiplier_addtl[1]: 1
2019/10/17-14:55:05.695312 7fc3a9fcb700 Options.max_bytes_for_level_multiplier_addtl[2]: 1
2019/10/17-14:55:05.695313 7fc3a9fcb700 Options.max_bytes_for_level_multiplier_addtl[3]: 1
2019/10/17-14:55:05.695314 7fc3a9fcb700 Options.max_bytes_for_level_multiplier_addtl[4]: 1
2019/10/17-14:55:05.695319 7fc3a9fcb700 Options.max_bytes_for_level_multiplier_addtl[5]: 1
2019/10/17-14:55:05.695319 7fc3a9fcb700 Options.max_bytes_for_level_multiplier_addtl[6]: 1
2019/10/17-14:55:05.695320 7fc3a9fcb700       Options.max_sequential_skip_in_iterations: 8
2019/10/17-14:55:05.695321 7fc3a9fcb700                    Options.max_compaction_bytes: 1677721600
2019/10/17-14:55:05.695322 7fc3a9fcb700                        Options.arena_block_size: 8388608
2019/10/17-14:55:05.695323 7fc3a9fcb700   Options.soft_pending_compaction_bytes_limit: 68719476736
2019/10/17-14:55:05.695324 7fc3a9fcb700   Options.hard_pending_compaction_bytes_limit: 274877906944
2019/10/17-14:55:05.695325 7fc3a9fcb700       Options.rate_limit_delay_max_milliseconds: 100
2019/10/17-14:55:05.695326 7fc3a9fcb700                Options.disable_auto_compactions: 0
2019/10/17-14:55:05.695327 7fc3a9fcb700                        Options.compaction_style: kCompactionStyleLevel
2019/10/17-14:55:05.695328 7fc3a9fcb700                          Options.compaction_pri: kByCompensatedSize
2019/10/17-14:55:05.695329 7fc3a9fcb700 Options.compaction_options_universal.size_ratio: 1
2019/10/17-14:55:05.695330 7fc3a9fcb700 Options.compaction_options_universal.min_merge_width: 2
2019/10/17-14:55:05.695331 7fc3a9fcb700 Options.compaction_options_universal.max_merge_width: 4294967295
2019/10/17-14:55:05.695332 7fc3a9fcb700 Options.compaction_options_universal.max_size_amplification_percent: 200
2019/10/17-14:55:05.695333 7fc3a9fcb700 Options.compaction_options_universal.compression_size_percent: -1
2019/10/17-14:55:05.695334 7fc3a9fcb700 Options.compaction_options_universal.stop_style: kCompactionStopStyleTotalSize
2019/10/17-14:55:05.695334 7fc3a9fcb700 Options.compaction_options_fifo.max_table_files_size: 1073741824
2019/10/17-14:55:05.695335 7fc3a9fcb700 Options.compaction_options_fifo.allow_compaction: 0
2019/10/17-14:55:05.695336 7fc3a9fcb700 Options.compaction_options_fifo.ttl: 0
2019/10/17-14:55:05.695337 7fc3a9fcb700                   Options.table_properties_collectors: 
2019/10/17-14:55:05.695338 7fc3a9fcb700                   Options.inplace_update_support: 0
2019/10/17-14:55:05.695339 7fc3a9fcb700                 Options.inplace_update_num_locks: 10000
2019/10/17-14:55:05.695340 7fc3a9fcb700               Options.memtable_prefix_bloom_size_ratio: 0.000000
2019/10/17-14:55:05.695341 7fc3a9fcb700   Options.memtable_huge_page_size: 0
2019/10/17-14:55:05.695342 7fc3a9fcb700                           Options.bloom_locality: 0
2019/10/17-14:55:05.695342 7fc3a9fcb700                    Options.max_successive_merges: 0
2019/10/17-14:55:05.695343 7fc3a9fcb700                Options.optimize_filters_for_hits: 0
2019/10/17-14:55:05.695344 7fc3a9fcb700                Options.paranoid_file_checks: 0
2019/10/17-14:55:05.695345 7fc3a9fcb700                Options.force_consistency_checks: 0
2019/10/17-14:55:05.695346 7fc3a9fcb700                Options.report_bg_io_stats: 0
2019/10/17-14:55:05.695346 7fc3a9fcb700                               Options.ttl: 0
2019/10/17-14:55:05.695384 7fc3a9fcb700 [db/column_family.cc:472] --------------- Options for column family [active_gateways]:
2019/10/17-14:55:05.695386 7fc3a9fcb700               Options.comparator: leveldb.BytewiseComparator
2019/10/17-14:55:05.695387 7fc3a9fcb700           Options.merge_operator: None
2019/10/17-14:55:05.695388 7fc3a9fcb700        Options.compaction_filter: None
2019/10/17-14:55:05.695389 7fc3a9fcb700        Options.compaction_filter_factory: None
2019/10/17-14:55:05.695390 7fc3a9fcb700         Options.memtable_factory: SkipListFactory
2019/10/17-14:55:05.695391 7fc3a9fcb700            Options.table_factory: BlockBasedTable
2019/10/17-14:55:05.695402 7fc3a9fcb700            table_factory options:   flush_block_policy_factory: FlushBlockBySizePolicyFactory (0x7fc35009fdb0)
  cache_index_and_filter_blocks: 0
  cache_index_and_filter_blocks_with_high_priority: 0
  pin_l0_filter_and_index_blocks_in_cache: 0
  pin_top_level_index_and_filter: 1
  index_type: 0
  hash_index_allow_collision: 1
  checksum: 1
  no_block_cache: 0
  block_cache: 0x7fc35004dec0
  block_cache_name: LRUCache
  block_cache_options:
    capacity : 8388608
    num_shard_bits : 4
    strict_capacity_limit : 0
    memory_allocator : None
    high_pri_pool_ratio: 0.000
  block_cache_compressed: (nil)
  persistent_cache: (nil)
  block_size: 4096
  block_size_deviation: 10
  block_restart_interval: 16
  index_block_restart_interval: 1
  metadata_block_size: 4096
  partition_filters: 0
  use_delta_encoding: 1
  filter_policy: nullptr
  whole_key_filtering: 1
  verify_compression: 0
  read_amp_bytes_per_bit: 0
  format_version: 2
  enable_index_compression: 1
  block_align: 0
2019/10/17-14:55:05.695409 7fc3a9fcb700        Options.write_buffer_size: 67108864
2019/10/17-14:55:05.695410 7fc3a9fcb700  Options.max_write_buffer_number: 2
2019/10/17-14:55:05.695411 7fc3a9fcb700          Options.compression: NoCompression
2019/10/17-14:55:05.695412 7fc3a9fcb700                  Options.bottommost_compression: Disabled
2019/10/17-14:55:05.695413 7fc3a9fcb700       Options.prefix_extractor: nullptr
2019/10/17-14:55:05.695414 7fc3a9fcb700   Options.memtable_insert_with_hint_prefix_extractor: nullptr
2019/10/17-14:55:05.695414 7fc3a9fcb700             Options.num_levels: 7
2019/10/17-14:55:05.695415 7fc3a9fcb700        Options.min_write_buffer_number_to_merge: 1
2019/10/17-14:55:05.695416 7fc3a9fcb700     Options.max_write_buffer_number_to_maintain: 0
2019/10/17-14:55:05.695417 7fc3a9fcb700            Options.bottommost_compression_opts.window_bits: -14
2019/10/17-14:55:05.695418 7fc3a9fcb700                  Options.bottommost_compression_opts.level: 32767
2019/10/17-14:55:05.695418 7fc3a9fcb700               Options.bottommost_compression_opts.strategy: 0
2019/10/17-14:55:05.695419 7fc3a9fcb700         Options.bottommost_compression_opts.max_dict_bytes: 0
2019/10/17-14:55:05.695420 7fc3a9fcb700         Options.bottommost_compression_opts.zstd_max_train_bytes: 0
2019/10/17-14:55:05.695421 7fc3a9fcb700                  Options.bottommost_compression_opts.enabled: false
2019/10/17-14:55:05.695422 7fc3a9fcb700            Options.compression_opts.window_bits: -14
2019/10/17-14:55:05.695422 7fc3a9fcb700                  Options.compression_opts.level: 32767
2019/10/17-14:55:05.695423 7fc3a9fcb700               Options.compression_opts.strategy: 0
2019/10/17-14:55:05.695424 7fc3a9fcb700         Options.compression_opts.max_dict_bytes: 0
2019/10/17-14:55:05.695425 7fc3a9fcb700         Options.compression_opts.zstd_max_train_bytes: 0
2019/10/17-14:55:05.695426 7fc3a9fcb700                  Options.compression_opts.enabled: false
2019/10/17-14:55:05.695426 7fc3a9fcb700      Options.level0_file_num_compaction_trigger: 4
2019/10/17-14:55:05.695427 7fc3a9fcb700          Options.level0_slowdown_writes_trigger: 20
2019/10/17-14:55:05.695428 7fc3a9fcb700              Options.level0_stop_writes_trigger: 36
2019/10/17-14:55:05.695429 7fc3a9fcb700                   Options.target_file_size_base: 67108864
2019/10/17-14:55:05.695430 7fc3a9fcb700             Options.target_file_size_multiplier: 1
2019/10/17-14:55:05.695430 7fc3a9fcb700                Options.max_bytes_for_level_base: 268435456
2019/10/17-14:55:05.695431 7fc3a9fcb700 Options.level_compaction_dynamic_level_bytes: 0
2019/10/17-14:55:05.695432 7fc3a9fcb700          Options.max_bytes_for_level_multiplier: 10.000000
2019/10/17-14:55:05.695433 7fc3a9fcb700 Options.max_bytes_for_level_multiplier_addtl[0]: 1
2019/10/17-14:55:05.695434 7fc3a9fcb700 Options.max_bytes_for_level_multiplier_addtl[1]: 1
2019/10/17-14:55:05.695435 7fc3a9fcb700 Options.max_bytes_for_level_multiplier_addtl[2]: 1
2019/10/17-14:55:05.695436 7fc3a9fcb700 Options.max_bytes_for_level_multiplier_addtl[3]: 1
2019/10/17-14:55:05.695437 7fc3a9fcb700 Options.max_bytes_for_level_multiplier_addtl[4]: 1
2019/10/17-14:55:05.695438 7fc3a9fcb700 Options.max_bytes_for_level_multiplier_addtl[5]: 1
2019/10/17-14:55:05.695438 7fc3a9fcb700 Options.max_bytes_for_level_multiplier_addtl[6]: 1
2019/10/17-14:55:05.695439 7fc3a9fcb700       Options.max_sequential_skip_in_iterations: 8
2019/10/17-14:55:05.695444 7fc3a9fcb700                    Options.max_compaction_bytes: 1677721600
2019/10/17-14:55:05.695445 7fc3a9fcb700                        Options.arena_block_size: 8388608
2019/10/17-14:55:05.695446 7fc3a9fcb700   Options.soft_pending_compaction_bytes_limit: 68719476736
2019/10/17-14:55:05.695447 7fc3a9fcb700   Options.hard_pending_compaction_bytes_limit: 274877906944
2019/10/17-14:55:05.695448 7fc3a9fcb700       Options.rate_limit_delay_max_milliseconds: 100
2019/10/17-14:55:05.695448 7fc3a9fcb700                Options.disable_auto_compactions: 0
2019/10/17-14:55:05.695449 7fc3a9fcb700                        Options.compaction_style: kCompactionStyleLevel
2019/10/17-14:55:05.695450 7fc3a9fcb700                          Options.compaction_pri: kByCompensatedSize
2019/10/17-14:55:05.695451 7fc3a9fcb700 Options.compaction_options_universal.size_ratio: 1
2019/10/17-14:55:05.695452 7fc3a9fcb700 Options.compaction_options_universal.min_merge_width: 2
2019/10/17-14:55:05.695453 7fc3a9fcb700 Options.compaction_options_universal.max_merge_width: 4294967295
2019/10/17-14:55:05.695453 7fc3a9fcb700 Options.compaction_options_universal.max_size_amplification_percent: 200
2019/10/17-14:55:05.695454 7fc3a9fcb700 Options.compaction_options_universal.compression_size_percent: -1
2019/10/17-14:55:05.695455 7fc3a9fcb700 Options.compaction_options_universal.stop_style: kCompactionStopStyleTotalSize
2019/10/17-14:55:05.695456 7fc3a9fcb700 Options.compaction_options_fifo.max_table_files_size: 1073741824
2019/10/17-14:55:05.695457 7fc3a9fcb700 Options.compaction_options_fifo.allow_compaction: 0
2019/10/17-14:55:05.695458 7fc3a9fcb700 Options.compaction_options_fifo.ttl: 0
2019/10/17-14:55:05.695459 7fc3a9fcb700                   Options.table_properties_collectors: 
2019/10/17-14:55:05.695459 7fc3a9fcb700                   Options.inplace_update_support: 0
2019/10/17-14:55:05.695460 7fc3a9fcb700                 Options.inplace_update_num_locks: 10000
2019/10/17-14:55:05.695461 7fc3a9fcb700               Options.memtable_prefix_bloom_size_ratio: 0.000000
2019/10/17-14:55:05.695462 7fc3a9fcb700   Options.memtable_huge_page_size: 0
2019/10/17-14:55:05.695463 7fc3a9fcb700                           Options.bloom_locality: 0
2019/10/17-14:55:05.695464 7fc3a9fcb700                    Options.max_successive_merges: 0
2019/10/17-14:55:05.695465 7fc3a9fcb700                Options.optimize_filters_for_hits: 0
2019/10/17-14:55:05.695465 7fc3a9fcb700                Options.paranoid_file_checks: 0
2019/10/17-14:55:05.695466 7fc3a9fcb700                Options.force_consistency_checks: 0
2019/10/17-14:55:05.695467 7fc3a9fcb700                Options.report_bg_io_stats: 0
2019/10/17-14:55:05.695468 7fc3a9fcb700                               Options.ttl: 0
2019/10/17-14:55:05.695486 7fc3a9fcb700 [db/column_family.cc:472] --------------- Options for column family [entries]:
2019/10/17-14:55:05.695488 7fc3a9fcb700               Options.comparator: leveldb.BytewiseComparator
2019/10/17-14:55:05.695489 7fc3a9fcb700           Options.merge_operator: None
2019/10/17-14:55:05.695489 7fc3a9fcb700        Options.compaction_filter: None
2019/10/17-14:55:05.695490 7fc3a9fcb700        Options.compaction_filter_factory: None
2019/10/17-14:55:05.695491 7fc3a9fcb700         Options.memtable_factory: SkipListFactory
2019/10/17-14:55:05.695492 7fc3a9fcb700            Options.table_factory: BlockBasedTable
2019/10/17-14:55:05.695502 7fc3a9fcb700            table_factory options:   flush_block_policy_factory: FlushBlockBySizePolicyFactory (0x7fc3500a06b0)
  cache_index_and_filter_blocks: 0
  cache_index_and_filter_blocks_with_high_priority: 0
  pin_l0_filter_and_index_blocks_in_cache: 0
  pin_top_level_index_and_filter: 1
  index_type: 0
  hash_index_allow_collision: 1
  checksum: 1
  no_block_cache: 0
  block_cache: 0x7fc350044860
  block_cache_name: LRUCache
  block_cache_options:
    capacity : 8388608
    num_shard_bits : 4
    strict_capacity_limit : 0
    memory_allocator : None
    high_pri_pool_ratio: 0.000
  block_cache_compressed: (nil)
  persistent_cache: (nil)
  block_size: 4096
  block_size_deviation: 10
  block_restart_interval: 16
  index_block_restart_interval: 1
  metadata_block_size: 4096
  partition_filters: 0
  use_delta_encoding: 1
  filter_policy: nullptr
  whole_key_filtering: 1
  verify_compression: 0
  read_amp_bytes_per_bit: 0
  format_version: 2
  enable_index_compression: 1
  block_align: 0
2019/10/17-14:55:05.695510 7fc3a9fcb700        Options.write_buffer_size: 67108864
2019/10/17-14:55:05.695511 7fc3a9fcb700  Options.max_write_buffer_number: 2
2019/10/17-14:55:05.695511 7fc3a9fcb700          Options.compression: NoCompression
2019/10/17-14:55:05.695512 7fc3a9fcb700                  Options.bottommost_compression: Disabled
2019/10/17-14:55:05.695513 7fc3a9fcb700       Options.prefix_extractor: nullptr
2019/10/17-14:55:05.695514 7fc3a9fcb700   Options.memtable_insert_with_hint_prefix_extractor: nullptr
2019/10/17-14:55:05.695515 7fc3a9fcb700             Options.num_levels: 7
2019/10/17-14:55:05.695515 7fc3a9fcb700        Options.min_write_buffer_number_to_merge: 1
2019/10/17-14:55:05.695516 7fc3a9fcb700     Options.max_write_buffer_number_to_maintain: 0
2019/10/17-14:55:05.695517 7fc3a9fcb700            Options.bottommost_compression_opts.window_bits: -14
2019/10/17-14:55:05.695518 7fc3a9fcb700                  Options.bottommost_compression_opts.level: 32767
2019/10/17-14:55:05.695519 7fc3a9fcb700               Options.bottommost_compression_opts.strategy: 0
2019/10/17-14:55:05.695519 7fc3a9fcb700         Options.bottommost_compression_opts.max_dict_bytes: 0
2019/10/17-14:55:05.695520 7fc3a9fcb700         Options.bottommost_compression_opts.zstd_max_train_bytes: 0
2019/10/17-14:55:05.695521 7fc3a9fcb700                  Options.bottommost_compression_opts.enabled: false
2019/10/17-14:55:05.695522 7fc3a9fcb700            Options.compression_opts.window_bits: -14
2019/10/17-14:55:05.695522 7fc3a9fcb700                  Options.compression_opts.level: 32767
2019/10/17-14:55:05.695523 7fc3a9fcb700               Options.compression_opts.strategy: 0
2019/10/17-14:55:05.695524 7fc3a9fcb700         Options.compression_opts.max_dict_bytes: 0
2019/10/17-14:55:05.695525 7fc3a9fcb700         Options.compression_opts.zstd_max_train_bytes: 0
2019/10/17-14:55:05.695526 7fc3a9fcb700                  Options.compression_opts.enabled: false
2019/10/17-14:55:05.695526 7fc3a9fcb700      Options.level0_file_num_compaction_trigger: 4
2019/10/17-14:55:05.695527 7fc3a9fcb700          Options.level0_slowdown_writes_trigger: 20
2019/10/17-14:55:05.695528 7fc3a9fcb700              Options.level0_stop_writes_trigger: 36
2019/10/17-14:55:05.695529 7fc3a9fcb700                   Options.target_file_size_base: 67108864
2019/10/17-14:55:05.695530 7fc3a9fcb700             Options.target_file_size_multiplier: 1
2019/10/17-14:55:05.695530 7fc3a9fcb700                Options.max_bytes_for_level_base: 268435456
2019/10/17-14:55:05.695531 7fc3a9fcb700 Options.level_compaction_dynamic_level_bytes: 0
2019/10/17-14:55:05.695532 7fc3a9fcb700          Options.max_bytes_for_level_multiplier: 10.000000
2019/10/17-14:55:05.695533 7fc3a9fcb700 Options.max_bytes_for_level_multiplier_addtl[0]: 1
2019/10/17-14:55:05.695534 7fc3a9fcb700 Options.max_bytes_for_level_multiplier_addtl[1]: 1
2019/10/17-14:55:05.695535 7fc3a9fcb700 Options.max_bytes_for_level_multiplier_addtl[2]: 1
2019/10/17-14:55:05.695536 7fc3a9fcb700 Options.max_bytes_for_level_multiplier_addtl[3]: 1
2019/10/17-14:55:05.695537 7fc3a9fcb700 Options.max_bytes_for_level_multiplier_addtl[4]: 1
2019/10/17-14:55:05.695538 7fc3a9fcb700 Options.max_bytes_for_level_multiplier_addtl[5]: 1
2019/10/17-14:55:05.695538 7fc3a9fcb700 Options.max_bytes_for_level_multiplier_addtl[6]: 1
2019/10/17-14:55:05.695539 7fc3a9fcb700       Options.max_sequential_skip_in_iterations: 8
2019/10/17-14:55:05.695540 7fc3a9fcb700                    Options.max_compaction_bytes: 1677721600
2019/10/17-14:55:05.695541 7fc3a9fcb700                        Options.arena_block_size: 8388608
2019/10/17-14:55:05.695542 7fc3a9fcb700   Options.soft_pending_compaction_bytes_limit: 68719476736
2019/10/17-14:55:05.695547 7fc3a9fcb700   Options.hard_pending_compaction_bytes_limit: 274877906944
2019/10/17-14:55:05.695548 7fc3a9fcb700       Options.rate_limit_delay_max_milliseconds: 100
2019/10/17-14:55:05.695548 7fc3a9fcb700                Options.disable_auto_compactions: 0
2019/10/17-14:55:05.695549 7fc3a9fcb700                        Options.compaction_style: kCompactionStyleLevel
2019/10/17-14:55:05.695550 7fc3a9fcb700                          Options.compaction_pri: kByCompensatedSize
2019/10/17-14:55:05.695551 7fc3a9fcb700 Options.compaction_options_universal.size_ratio: 1
2019/10/17-14:55:05.695552 7fc3a9fcb700 Options.compaction_options_universal.min_merge_width: 2
2019/10/17-14:55:05.695553 7fc3a9fcb700 Options.compaction_options_universal.max_merge_width: 4294967295
2019/10/17-14:55:05.695554 7fc3a9fcb700 Options.compaction_options_universal.max_size_amplification_percent: 200
2019/10/17-14:55:05.695554 7fc3a9fcb700 Options.compaction_options_universal.compression_size_percent: -1
2019/10/17-14:55:05.695555 7fc3a9fcb700 Options.compaction_options_universal.stop_style: kCompactionStopStyleTotalSize
2019/10/17-14:55:05.695556 7fc3a9fcb700 Options.compaction_options_fifo.max_table_files_size: 1073741824
2019/10/17-14:55:05.695557 7fc3a9fcb700 Options.compaction_options_fifo.allow_compaction: 0
2019/10/17-14:55:05.695558 7fc3a9fcb700 Options.compaction_options_fifo.ttl: 0
2019/10/17-14:55:05.695558 7fc3a9fcb700                   Options.table_properties_collectors: 
2019/10/17-14:55:05.695559 7fc3a9fcb700                   Options.inplace_update_support: 0
2019/10/17-14:55:05.695560 7fc3a9fcb700                 Options.inplace_update_num_locks: 10000
2019/10/17-14:55:05.695561 7fc3a9fcb700               Options.memtable_prefix_bloom_size_ratio: 0.000000
2019/10/17-14:55:05.695562 7fc3a9fcb700   Options.memtable_huge_page_size: 0
2019/10/17-14:55:05.695563 7fc3a9fcb700                           Options.bloom_locality: 0
2019/10/17-14:55:05.695564 7fc3a9fcb700                    Options.max_successive_merges: 0
2019/10/17-14:55:05.695564 7fc3a9fcb700                Options.optimize_filters_for_hits: 0
2019/10/17-14:55:05.695565 7fc3a9fcb700                Options.paranoid_file_checks: 0
2019/10/17-14:55:05.695566 7fc3a9fcb700                Options.force_consistency_checks: 0
2019/10/17-14:55:05.695567 7fc3a9fcb700                Options.report_bg_io_stats: 0
2019/10/17-14:55:05.695567 7fc3a9fcb700                               Options.ttl: 0
2019/10/17-14:55:05.695584 7fc3a9fcb700 [db/column_family.cc:472] --------------- Options for column family [dc_entries]:
2019/10/17-14:55:05.695585 7fc3a9fcb700               Options.comparator: leveldb.BytewiseComparator
2019/10/17-14:55:05.695586 7fc3a9fcb700           Options.merge_operator: None
2019/10/17-14:55:05.695587 7fc3a9fcb700        Options.compaction_filter: None
2019/10/17-14:55:05.695588 7fc3a9fcb700        Options.compaction_filter_factory: None
2019/10/17-14:55:05.695589 7fc3a9fcb700         Options.memtable_factory: SkipListFactory
2019/10/17-14:55:05.695590 7fc3a9fcb700            Options.table_factory: BlockBasedTable
2019/10/17-14:55:05.695600 7fc3a9fcb700            table_factory options:   flush_block_policy_factory: FlushBlockBySizePolicyFactory (0x7fc35010ff80)
  cache_index_and_filter_blocks: 0
  cache_index_and_filter_blocks_with_high_priority: 0
  pin_l0_filter_and_index_blocks_in_cache: 0
  pin_top_level_index_and_filter: 1
  index_type: 0
  hash_index_allow_collision: 1
  checksum: 1
  no_block_cache: 0
  block_cache: 0x7fc3500d8e00
  block_cache_name: LRUCache
  block_cache_options:
    capacity : 8388608
    num_shard_bits : 4
    strict_capacity_limit : 0
    memory_allocator : None
    high_pri_pool_ratio: 0.000
  block_cache_compressed: (nil)
  persistent_cache: (nil)
  block_size: 4096
  block_size_deviation: 10
  block_restart_interval: 16
  index_block_restart_interval: 1
  metadata_block_size: 4096
  partition_filters: 0
  use_delta_encoding: 1
  filter_policy: nullptr
  whole_key_filtering: 1
  verify_compression: 0
  read_amp_bytes_per_bit: 0
  format_version: 2
  enable_index_compression: 1
  block_align: 0
2019/10/17-14:55:05.695606 7fc3a9fcb700        Options.write_buffer_size: 67108864
2019/10/17-14:55:05.695607 7fc3a9fcb700  Options.max_write_buffer_number: 2
2019/10/17-14:55:05.695608 7fc3a9fcb700          Options.compression: NoCompression
2019/10/17-14:55:05.695609 7fc3a9fcb700                  Options.bottommost_compression: Disabled
2019/10/17-14:55:05.695609 7fc3a9fcb700       Options.prefix_extractor: nullptr
2019/10/17-14:55:05.695610 7fc3a9fcb700   Options.memtable_insert_with_hint_prefix_extractor: nullptr
2019/10/17-14:55:05.695611 7fc3a9fcb700             Options.num_levels: 7
2019/10/17-14:55:05.695612 7fc3a9fcb700        Options.min_write_buffer_number_to_merge: 1
2019/10/17-14:55:05.695613 7fc3a9fcb700     Options.max_write_buffer_number_to_maintain: 0
2019/10/17-14:55:05.695613 7fc3a9fcb700            Options.bottommost_compression_opts.window_bits: -14
2019/10/17-14:55:05.695614 7fc3a9fcb700                  Options.bottommost_compression_opts.level: 32767
2019/10/17-14:55:05.695615 7fc3a9fcb700               Options.bottommost_compression_opts.strategy: 0
2019/10/17-14:55:05.695616 7fc3a9fcb700         Options.bottommost_compression_opts.max_dict_bytes: 0
2019/10/17-14:55:05.695617 7fc3a9fcb700         Options.bottommost_compression_opts.zstd_max_train_bytes: 0
2019/10/17-14:55:05.695617 7fc3a9fcb700                  Options.bottommost_compression_opts.enabled: false
2019/10/17-14:55:05.695618 7fc3a9fcb700            Options.compression_opts.window_bits: -14
2019/10/17-14:55:05.695619 7fc3a9fcb700                  Options.compression_opts.level: 32767
2019/10/17-14:55:05.695620 7fc3a9fcb700               Options.compression_opts.strategy: 0
2019/10/17-14:55:05.695621 7fc3a9fcb700         Options.compression_opts.max_dict_bytes: 0
2019/10/17-14:55:05.695621 7fc3a9fcb700         Options.compression_opts.zstd_max_train_bytes: 0
2019/10/17-14:55:05.695622 7fc3a9fcb700                  Options.compression_opts.enabled: false
2019/10/17-14:55:05.695623 7fc3a9fcb700      Options.level0_file_num_compaction_trigger: 4
2019/10/17-14:55:05.695624 7fc3a9fcb700          Options.level0_slowdown_writes_trigger: 20
2019/10/17-14:55:05.695624 7fc3a9fcb700              Options.level0_stop_writes_trigger: 36
2019/10/17-14:55:05.695625 7fc3a9fcb700                   Options.target_file_size_base: 67108864
2019/10/17-14:55:05.695626 7fc3a9fcb700             Options.target_file_size_multiplier: 1
2019/10/17-14:55:05.695627 7fc3a9fcb700                Options.max_bytes_for_level_base: 268435456
2019/10/17-14:55:05.695628 7fc3a9fcb700 Options.level_compaction_dynamic_level_bytes: 0
2019/10/17-14:55:05.695628 7fc3a9fcb700          Options.max_bytes_for_level_multiplier: 10.000000
2019/10/17-14:55:05.695630 7fc3a9fcb700 Options.max_bytes_for_level_multiplier_addtl[0]: 1
2019/10/17-14:55:05.695631 7fc3a9fcb700 Options.max_bytes_for_level_multiplier_addtl[1]: 1
2019/10/17-14:55:05.695631 7fc3a9fcb700 Options.max_bytes_for_level_multiplier_addtl[2]: 1
2019/10/17-14:55:05.695632 7fc3a9fcb700 Options.max_bytes_for_level_multiplier_addtl[3]: 1
2019/10/17-14:55:05.695633 7fc3a9fcb700 Options.max_bytes_for_level_multiplier_addtl[4]: 1
2019/10/17-14:55:05.695634 7fc3a9fcb700 Options.max_bytes_for_level_multiplier_addtl[5]: 1
2019/10/17-14:55:05.695635 7fc3a9fcb700 Options.max_bytes_for_level_multiplier_addtl[6]: 1
2019/10/17-14:55:05.695635 7fc3a9fcb700       Options.max_sequential_skip_in_iterations: 8
2019/10/17-14:55:05.695636 7fc3a9fcb700                    Options.max_compaction_bytes: 1677721600
2019/10/17-14:55:05.695637 7fc3a9fcb700                        Options.arena_block_size: 8388608
2019/10/17-14:55:05.695638 7fc3a9fcb700   Options.soft_pending_compaction_bytes_limit: 68719476736
2019/10/17-14:55:05.695639 7fc3a9fcb700   Options.hard_pending_compaction_bytes_limit: 274877906944
2019/10/17-14:55:05.695639 7fc3a9fcb700       Options.rate_limit_delay_max_milliseconds: 100
2019/10/17-14:55:05.695640 7fc3a9fcb700                Options.disable_auto_compactions: 0
2019/10/17-14:55:05.695645 7fc3a9fcb700                        Options.compaction_style: kCompactionStyleLevel
2019/10/17-14:55:05.695646 7fc3a9fcb700                          Options.compaction_pri: kByCompensatedSize
2019/10/17-14:55:05.695647 7fc3a9fcb700 Options.compaction_options_universal.size_ratio: 1
2019/10/17-14:55:05.695648 7fc3a9fcb700 Options.compaction_options_universal.min_merge_width: 2
2019/10/17-14:55:05.695649 7fc3a9fcb700 Options.compaction_options_universal.max_merge_width: 4294967295
2019/10/17-14:55:05.695649 7fc3a9fcb700 Options.compaction_options_universal.max_size_amplification_percent: 200
2019/10/17-14:55:05.695650 7fc3a9fcb700 Options.compaction_options_universal.compression_size_percent: -1
2019/10/17-14:55:05.695651 7fc3a9fcb700 Options.compaction_options_universal.stop_style: kCompactionStopStyleTotalSize
2019/10/17-14:55:05.695652 7fc3a9fcb700 Options.compaction_options_fifo.max_table_files_size: 1073741824
2019/10/17-14:55:05.695653 7fc3a9fcb700 Options.compaction_options_fifo.allow_compaction: 0
2019/10/17-14:55:05.695653 7fc3a9fcb700 Options.compaction_options_fifo.ttl: 0
2019/10/17-14:55:05.695654 7fc3a9fcb700                   Options.table_properties_collectors: 
2019/10/17-14:55:05.695655 7fc3a9fcb700                   Options.inplace_update_support: 0
2019/10/17-14:55:05.695656 7fc3a9fcb700                 Options.inplace_update_num_locks: 10000
2019/10/17-14:55:05.695657 7fc3a9fcb700               Options.memtable_prefix_bloom_size_ratio: 0.000000
2019/10/17-14:55:05.695658 7fc3a9fcb700   Options.memtable_huge_page_size: 0
2019/10/17-14:55:05.695659 7fc3a9fcb700                           Options.bloom_locality: 0
2019/10/17-14:55:05.695659 7fc3a9fcb700                    Options.max_successive_merges: 0
2019/10/17-14:55:05.695660 7fc3a9fcb700                Options.optimize_filters_for_hits: 0
2019/10/17-14:55:05.695661 7fc3a9fcb700                Options.paranoid_file_checks: 0
2019/10/17-14:55:05.695662 7fc3a9fcb700                Options.force_consistency_checks: 0
2019/10/17-14:55:05.695663 7fc3a9fcb700                Options.report_bg_io_stats: 0
2019/10/17-14:55:05.695663 7fc3a9fcb700                               Options.ttl: 0
2019/10/17-14:55:05.695677 7fc3a9fcb700 [db/column_family.cc:472] --------------- Options for column family [htlcs]:
2019/10/17-14:55:05.695679 7fc3a9fcb700               Options.comparator: leveldb.BytewiseComparator
2019/10/17-14:55:05.695680 7fc3a9fcb700           Options.merge_operator: None
2019/10/17-14:55:05.695680 7fc3a9fcb700        Options.compaction_filter: None
2019/10/17-14:55:05.695681 7fc3a9fcb700        Options.compaction_filter_factory: None
2019/10/17-14:55:05.695682 7fc3a9fcb700         Options.memtable_factory: SkipListFactory
2019/10/17-14:55:05.695683 7fc3a9fcb700            Options.table_factory: BlockBasedTable
2019/10/17-14:55:05.695693 7fc3a9fcb700            table_factory options:   flush_block_policy_factory: FlushBlockBySizePolicyFactory (0x7fc3500955e0)
