2019/10/17-14:55:13.157993 7fc3a9fcb700 RocksDB version: 5.18.3
2019/10/17-14:55:13.158046 7fc3a9fcb700 Git sha rocksdb_build_git_sha:@0@
2019/10/17-14:55:13.158049 7fc3a9fcb700 Compile date Sep 19 2019
2019/10/17-14:55:13.158051 7fc3a9fcb700 DB SUMMARY
2019/10/17-14:55:13.159065 7fc3a9fcb700 CURRENT file:  CURRENT
2019/10/17-14:55:13.159067 7fc3a9fcb700 IDENTITY file:  IDENTITY
2019/10/17-14:55:13.159107 7fc3a9fcb700 MANIFEST file:  MANIFEST-116539 size: 4114 Bytes
2019/10/17-14:55:13.159109 7fc3a9fcb700 SST files in /home/rahul/dev/blockchain-core/eqc/ledger.db dir, Total Num: 29, files: 000624.sst 000627.sst 106940.sst 108447.sst 108450.sst 109471.sst 109483.sst 109485.sst 109486.sst 
2019/10/17-14:55:13.159110 7fc3a9fcb700 Write Ahead Log file in /home/rahul/dev/blockchain-core/eqc/ledger.db: 116540.log size: 0 ; 
2019/10/17-14:55:13.159156 7fc3a9fcb700                         Options.error_if_exists: 0
2019/10/17-14:55:13.159158 7fc3a9fcb700                       Options.create_if_missing: 1
2019/10/17-14:55:13.159159 7fc3a9fcb700                         Options.paranoid_checks: 1
2019/10/17-14:55:13.159160 7fc3a9fcb700                                     Options.env: 0x7fc32ae1fc60
2019/10/17-14:55:13.159161 7fc3a9fcb700                                Options.info_log: 0x7fc350048000
2019/10/17-14:55:13.159162 7fc3a9fcb700                Options.max_file_opening_threads: 16
2019/10/17-14:55:13.159163 7fc3a9fcb700                              Options.statistics: (nil)
2019/10/17-14:55:13.159165 7fc3a9fcb700                               Options.use_fsync: 0
2019/10/17-14:55:13.159166 7fc3a9fcb700                       Options.max_log_file_size: 0
2019/10/17-14:55:13.159167 7fc3a9fcb700                  Options.max_manifest_file_size: 1073741824
2019/10/17-14:55:13.159168 7fc3a9fcb700                   Options.log_file_time_to_roll: 0
2019/10/17-14:55:13.159169 7fc3a9fcb700                       Options.keep_log_file_num: 1000
2019/10/17-14:55:13.159170 7fc3a9fcb700                    Options.recycle_log_file_num: 0
2019/10/17-14:55:13.159171 7fc3a9fcb700                         Options.allow_fallocate: 1
2019/10/17-14:55:13.159172 7fc3a9fcb700                        Options.allow_mmap_reads: 0
2019/10/17-14:55:13.159173 7fc3a9fcb700                       Options.allow_mmap_writes: 0
2019/10/17-14:55:13.159174 7fc3a9fcb700                        Options.use_direct_reads: 0
2019/10/17-14:55:13.159175 7fc3a9fcb700                        Options.use_direct_io_for_flush_and_compaction: 0
2019/10/17-14:55:13.159176 7fc3a9fcb700          Options.create_missing_column_families: 0
2019/10/17-14:55:13.159177 7fc3a9fcb700                              Options.db_log_dir: 
2019/10/17-14:55:13.159178 7fc3a9fcb700                                 Options.wal_dir: /home/rahul/dev/blockchain-core/eqc/ledger.db
2019/10/17-14:55:13.159179 7fc3a9fcb700                Options.table_cache_numshardbits: 6
2019/10/17-14:55:13.159180 7fc3a9fcb700                      Options.max_subcompactions: 1
2019/10/17-14:55:13.159181 7fc3a9fcb700                  Options.max_background_flushes: -1
2019/10/17-14:55:13.159182 7fc3a9fcb700                         Options.WAL_ttl_seconds: 0
2019/10/17-14:55:13.159183 7fc3a9fcb700                       Options.WAL_size_limit_MB: 0
2019/10/17-14:55:13.159184 7fc3a9fcb700             Options.manifest_preallocation_size: 4194304
2019/10/17-14:55:13.159185 7fc3a9fcb700                     Options.is_fd_close_on_exec: 1
2019/10/17-14:55:13.159186 7fc3a9fcb700                   Options.advise_random_on_open: 1
2019/10/17-14:55:13.159187 7fc3a9fcb700                    Options.db_write_buffer_size: 0
2019/10/17-14:55:13.159188 7fc3a9fcb700                    Options.write_buffer_manager: 0x7fc35006f6f0
2019/10/17-14:55:13.159189 7fc3a9fcb700         Options.access_hint_on_compaction_start: 1
2019/10/17-14:55:13.159190 7fc3a9fcb700  Options.new_table_reader_for_compaction_inputs: 0
2019/10/17-14:55:13.159191 7fc3a9fcb700           Options.random_access_max_buffer_size: 1048576
2019/10/17-14:55:13.159192 7fc3a9fcb700                      Options.use_adaptive_mutex: 0
2019/10/17-14:55:13.159193 7fc3a9fcb700                            Options.rate_limiter: (nil)
2019/10/17-14:55:13.159205 7fc3a9fcb700     Options.sst_file_manager.rate_bytes_per_sec: 0
2019/10/17-14:55:13.159206 7fc3a9fcb700                       Options.wal_recovery_mode: 2
2019/10/17-14:55:13.159207 7fc3a9fcb700                  Options.enable_thread_tracking: 0
2019/10/17-14:55:13.159208 7fc3a9fcb700                  Options.enable_pipelined_write: 0
2019/10/17-14:55:13.159209 7fc3a9fcb700         Options.allow_concurrent_memtable_write: 1
2019/10/17-14:55:13.159210 7fc3a9fcb700      Options.enable_write_thread_adaptive_yield: 1
2019/10/17-14:55:13.159211 7fc3a9fcb700             Options.write_thread_max_yield_usec: 100
2019/10/17-14:55:13.159212 7fc3a9fcb700            Options.write_thread_slow_yield_usec: 3
2019/10/17-14:55:13.159213 7fc3a9fcb700                               Options.row_cache: None
2019/10/17-14:55:13.159214 7fc3a9fcb700                              Options.wal_filter: None
2019/10/17-14:55:13.159215 7fc3a9fcb700             Options.avoid_flush_during_recovery: 0
2019/10/17-14:55:13.159216 7fc3a9fcb700             Options.allow_ingest_behind: 0
2019/10/17-14:55:13.159217 7fc3a9fcb700             Options.preserve_deletes: 0
2019/10/17-14:55:13.159218 7fc3a9fcb700             Options.two_write_queues: 0
2019/10/17-14:55:13.159219 7fc3a9fcb700             Options.manual_wal_flush: 0
2019/10/17-14:55:13.159220 7fc3a9fcb700             Options.max_background_jobs: 2
2019/10/17-14:55:13.159221 7fc3a9fcb700             Options.max_background_compactions: -1
2019/10/17-14:55:13.159222 7fc3a9fcb700             Options.avoid_flush_during_shutdown: 0
2019/10/17-14:55:13.159223 7fc3a9fcb700           Options.writable_file_max_buffer_size: 1048576
2019/10/17-14:55:13.159224 7fc3a9fcb700             Options.delayed_write_rate : 16777216
2019/10/17-14:55:13.159225 7fc3a9fcb700             Options.max_total_wal_size: 0
2019/10/17-14:55:13.159226 7fc3a9fcb700             Options.delete_obsolete_files_period_micros: 21600000000
2019/10/17-14:55:13.159227 7fc3a9fcb700                   Options.stats_dump_period_sec: 600
2019/10/17-14:55:13.159228 7fc3a9fcb700                          Options.max_open_files: -1
2019/10/17-14:55:13.159229 7fc3a9fcb700                          Options.bytes_per_sync: 0
2019/10/17-14:55:13.159230 7fc3a9fcb700                      Options.wal_bytes_per_sync: 0
2019/10/17-14:55:13.159231 7fc3a9fcb700       Options.compaction_readahead_size: 0
2019/10/17-14:55:13.159232 7fc3a9fcb700 Compression algorithms supported:
2019/10/17-14:55:13.159234 7fc3a9fcb700 	kZSTDNotFinalCompression supported: 0
2019/10/17-14:55:13.159235 7fc3a9fcb700 	kZSTD supported: 0
2019/10/17-14:55:13.159236 7fc3a9fcb700 	kXpressCompression supported: 0
2019/10/17-14:55:13.159237 7fc3a9fcb700 	kLZ4HCCompression supported: 0
2019/10/17-14:55:13.159238 7fc3a9fcb700 	kLZ4Compression supported: 0
2019/10/17-14:55:13.159240 7fc3a9fcb700 	kBZip2Compression supported: 0
2019/10/17-14:55:13.159241 7fc3a9fcb700 	kZlibCompression supported: 0
2019/10/17-14:55:13.159242 7fc3a9fcb700 	kSnappyCompression supported: 0
2019/10/17-14:55:13.159244 7fc3a9fcb700 Fast CRC32 supported: Supported on x86
2019/10/17-14:55:13.159367 7fc3a9fcb700 [db/version_set.cc:3507] Recovering from manifest file: MANIFEST-116539
2019/10/17-14:55:13.159409 7fc3a9fcb700 [db/column_family.cc:472] --------------- Options for column family [default]:
2019/10/17-14:55:13.159412 7fc3a9fcb700               Options.comparator: leveldb.BytewiseComparator
2019/10/17-14:55:13.159413 7fc3a9fcb700           Options.merge_operator: None
2019/10/17-14:55:13.159414 7fc3a9fcb700        Options.compaction_filter: None
2019/10/17-14:55:13.159415 7fc3a9fcb700        Options.compaction_filter_factory: None
2019/10/17-14:55:13.159416 7fc3a9fcb700         Options.memtable_factory: SkipListFactory
2019/10/17-14:55:13.159417 7fc3a9fcb700            Options.table_factory: BlockBasedTable
2019/10/17-14:55:13.159436 7fc3a9fcb700            table_factory options:   flush_block_policy_factory: FlushBlockBySizePolicyFactory (0x7fc3500e0a60)
  cache_index_and_filter_blocks: 0
  cache_index_and_filter_blocks_with_high_priority: 0
  pin_l0_filter_and_index_blocks_in_cache: 0
  pin_top_level_index_and_filter: 1
  index_type: 0
  hash_index_allow_collision: 1
  checksum: 1
  no_block_cache: 0
  block_cache: 0x7fc350005c00
  block_cache_name: LRUCache
  block_cache_options:
    capacity : 8388608
    num_shard_bits : 4
    strict_capacity_limit : 0
    memory_allocator : None
    high_pri_pool_ratio: 0.000
  block_cache_compressed: (nil)
  persistent_cache: (nil)
  block_size: 4096
  block_size_deviation: 10
  block_restart_interval: 16
  index_block_restart_interval: 1
  metadata_block_size: 4096
  partition_filters: 0
  use_delta_encoding: 1
  filter_policy: nullptr
  whole_key_filtering: 1
  verify_compression: 0
  read_amp_bytes_per_bit: 0
  format_version: 2
  enable_index_compression: 1
  block_align: 0
2019/10/17-14:55:13.159447 7fc3a9fcb700        Options.write_buffer_size: 67108864
2019/10/17-14:55:13.159448 7fc3a9fcb700  Options.max_write_buffer_number: 2
2019/10/17-14:55:13.159450 7fc3a9fcb700          Options.compression: NoCompression
2019/10/17-14:55:13.159451 7fc3a9fcb700                  Options.bottommost_compression: Disabled
2019/10/17-14:55:13.159452 7fc3a9fcb700       Options.prefix_extractor: nullptr
2019/10/17-14:55:13.159453 7fc3a9fcb700   Options.memtable_insert_with_hint_prefix_extractor: nullptr
2019/10/17-14:55:13.159454 7fc3a9fcb700             Options.num_levels: 7
2019/10/17-14:55:13.159455 7fc3a9fcb700        Options.min_write_buffer_number_to_merge: 1
2019/10/17-14:55:13.159456 7fc3a9fcb700     Options.max_write_buffer_number_to_maintain: 0
2019/10/17-14:55:13.159457 7fc3a9fcb700            Options.bottommost_compression_opts.window_bits: -14
2019/10/17-14:55:13.159458 7fc3a9fcb700                  Options.bottommost_compression_opts.level: 32767
2019/10/17-14:55:13.159459 7fc3a9fcb700               Options.bottommost_compression_opts.strategy: 0
2019/10/17-14:55:13.159460 7fc3a9fcb700         Options.bottommost_compression_opts.max_dict_bytes: 0
2019/10/17-14:55:13.159461 7fc3a9fcb700         Options.bottommost_compression_opts.zstd_max_train_bytes: 0
2019/10/17-14:55:13.159462 7fc3a9fcb700                  Options.bottommost_compression_opts.enabled: false
2019/10/17-14:55:13.159463 7fc3a9fcb700            Options.compression_opts.window_bits: -14
2019/10/17-14:55:13.159464 7fc3a9fcb700                  Options.compression_opts.level: 32767
2019/10/17-14:55:13.159465 7fc3a9fcb700               Options.compression_opts.strategy: 0
2019/10/17-14:55:13.159466 7fc3a9fcb700         Options.compression_opts.max_dict_bytes: 0
2019/10/17-14:55:13.159467 7fc3a9fcb700         Options.compression_opts.zstd_max_train_bytes: 0
2019/10/17-14:55:13.159468 7fc3a9fcb700                  Options.compression_opts.enabled: false
2019/10/17-14:55:13.159469 7fc3a9fcb700      Options.level0_file_num_compaction_trigger: 4
2019/10/17-14:55:13.159470 7fc3a9fcb700          Options.level0_slowdown_writes_trigger: 20
2019/10/17-14:55:13.159471 7fc3a9fcb700              Options.level0_stop_writes_trigger: 36
2019/10/17-14:55:13.159472 7fc3a9fcb700                   Options.target_file_size_base: 67108864
2019/10/17-14:55:13.159473 7fc3a9fcb700             Options.target_file_size_multiplier: 1
2019/10/17-14:55:13.159474 7fc3a9fcb700                Options.max_bytes_for_level_base: 268435456
2019/10/17-14:55:13.159475 7fc3a9fcb700 Options.level_compaction_dynamic_level_bytes: 0
2019/10/17-14:55:13.159476 7fc3a9fcb700          Options.max_bytes_for_level_multiplier: 10.000000
2019/10/17-14:55:13.159478 7fc3a9fcb700 Options.max_bytes_for_level_multiplier_addtl[0]: 1
2019/10/17-14:55:13.159480 7fc3a9fcb700 Options.max_bytes_for_level_multiplier_addtl[1]: 1
2019/10/17-14:55:13.159481 7fc3a9fcb700 Options.max_bytes_for_level_multiplier_addtl[2]: 1
2019/10/17-14:55:13.159482 7fc3a9fcb700 Options.max_bytes_for_level_multiplier_addtl[3]: 1
2019/10/17-14:55:13.159483 7fc3a9fcb700 Options.max_bytes_for_level_multiplier_addtl[4]: 1
2019/10/17-14:55:13.159489 7fc3a9fcb700 Options.max_bytes_for_level_multiplier_addtl[5]: 1
2019/10/17-14:55:13.159490 7fc3a9fcb700 Options.max_bytes_for_level_multiplier_addtl[6]: 1
2019/10/17-14:55:13.159491 7fc3a9fcb700       Options.max_sequential_skip_in_iterations: 8
2019/10/17-14:55:13.159492 7fc3a9fcb700                    Options.max_compaction_bytes: 1677721600
2019/10/17-14:55:13.159493 7fc3a9fcb700                        Options.arena_block_size: 8388608
2019/10/17-14:55:13.159494 7fc3a9fcb700   Options.soft_pending_compaction_bytes_limit: 68719476736
2019/10/17-14:55:13.159495 7fc3a9fcb700   Options.hard_pending_compaction_bytes_limit: 274877906944
2019/10/17-14:55:13.159496 7fc3a9fcb700       Options.rate_limit_delay_max_milliseconds: 100
2019/10/17-14:55:13.159497 7fc3a9fcb700                Options.disable_auto_compactions: 0
2019/10/17-14:55:13.159498 7fc3a9fcb700                        Options.compaction_style: kCompactionStyleLevel
2019/10/17-14:55:13.159500 7fc3a9fcb700                          Options.compaction_pri: kByCompensatedSize
2019/10/17-14:55:13.159501 7fc3a9fcb700 Options.compaction_options_universal.size_ratio: 1
2019/10/17-14:55:13.159502 7fc3a9fcb700 Options.compaction_options_universal.min_merge_width: 2
2019/10/17-14:55:13.159503 7fc3a9fcb700 Options.compaction_options_universal.max_merge_width: 4294967295
2019/10/17-14:55:13.159504 7fc3a9fcb700 Options.compaction_options_universal.max_size_amplification_percent: 200
2019/10/17-14:55:13.159505 7fc3a9fcb700 Options.compaction_options_universal.compression_size_percent: -1
2019/10/17-14:55:13.159507 7fc3a9fcb700 Options.compaction_options_universal.stop_style: kCompactionStopStyleTotalSize
2019/10/17-14:55:13.159508 7fc3a9fcb700 Options.compaction_options_fifo.max_table_files_size: 1073741824
2019/10/17-14:55:13.159509 7fc3a9fcb700 Options.compaction_options_fifo.allow_compaction: 0
2019/10/17-14:55:13.159510 7fc3a9fcb700 Options.compaction_options_fifo.ttl: 0
2019/10/17-14:55:13.159511 7fc3a9fcb700                   Options.table_properties_collectors: 
2019/10/17-14:55:13.159512 7fc3a9fcb700                   Options.inplace_update_support: 0
2019/10/17-14:55:13.159513 7fc3a9fcb700                 Options.inplace_update_num_locks: 10000
2019/10/17-14:55:13.159514 7fc3a9fcb700               Options.memtable_prefix_bloom_size_ratio: 0.000000
2019/10/17-14:55:13.159515 7fc3a9fcb700   Options.memtable_huge_page_size: 0
2019/10/17-14:55:13.159516 7fc3a9fcb700                           Options.bloom_locality: 0
2019/10/17-14:55:13.159517 7fc3a9fcb700                    Options.max_successive_merges: 0
2019/10/17-14:55:13.159518 7fc3a9fcb700                Options.optimize_filters_for_hits: 0
2019/10/17-14:55:13.159519 7fc3a9fcb700                Options.paranoid_file_checks: 0
2019/10/17-14:55:13.159520 7fc3a9fcb700                Options.force_consistency_checks: 0
2019/10/17-14:55:13.159521 7fc3a9fcb700                Options.report_bg_io_stats: 0
2019/10/17-14:55:13.159522 7fc3a9fcb700                               Options.ttl: 0
2019/10/17-14:55:13.159558 7fc3a9fcb700 [db/column_family.cc:472] --------------- Options for column family [active_gateways]:
2019/10/17-14:55:13.159560 7fc3a9fcb700               Options.comparator: leveldb.BytewiseComparator
2019/10/17-14:55:13.159561 7fc3a9fcb700           Options.merge_operator: None
2019/10/17-14:55:13.159562 7fc3a9fcb700        Options.compaction_filter: None
2019/10/17-14:55:13.159563 7fc3a9fcb700        Options.compaction_filter_factory: None
2019/10/17-14:55:13.159564 7fc3a9fcb700         Options.memtable_factory: SkipListFactory
2019/10/17-14:55:13.159565 7fc3a9fcb700            Options.table_factory: BlockBasedTable
2019/10/17-14:55:13.159579 7fc3a9fcb700            table_factory options:   flush_block_policy_factory: FlushBlockBySizePolicyFactory (0x7fc35006a1c0)
  cache_index_and_filter_blocks: 0
  cache_index_and_filter_blocks_with_high_priority: 0
  pin_l0_filter_and_index_blocks_in_cache: 0
  pin_top_level_index_and_filter: 1
  index_type: 0
  hash_index_allow_collision: 1
  checksum: 1
  no_block_cache: 0
  block_cache: 0x7fc35008d650
  block_cache_name: LRUCache
  block_cache_options:
    capacity : 8388608
    num_shard_bits : 4
    strict_capacity_limit : 0
    memory_allocator : None
    high_pri_pool_ratio: 0.000
  block_cache_compressed: (nil)
  persistent_cache: (nil)
  block_size: 4096
  block_size_deviation: 10
  block_restart_interval: 16
  index_block_restart_interval: 1
  metadata_block_size: 4096
  partition_filters: 0
  use_delta_encoding: 1
  filter_policy: nullptr
  whole_key_filtering: 1
  verify_compression: 0
  read_amp_bytes_per_bit: 0
  format_version: 2
  enable_index_compression: 1
  block_align: 0
2019/10/17-14:55:13.159588 7fc3a9fcb700        Options.write_buffer_size: 67108864
2019/10/17-14:55:13.159589 7fc3a9fcb700  Options.max_write_buffer_number: 2
2019/10/17-14:55:13.159590 7fc3a9fcb700          Options.compression: NoCompression
2019/10/17-14:55:13.159592 7fc3a9fcb700                  Options.bottommost_compression: Disabled
2019/10/17-14:55:13.159592 7fc3a9fcb700       Options.prefix_extractor: nullptr
2019/10/17-14:55:13.159593 7fc3a9fcb700   Options.memtable_insert_with_hint_prefix_extractor: nullptr
2019/10/17-14:55:13.159594 7fc3a9fcb700             Options.num_levels: 7
2019/10/17-14:55:13.159595 7fc3a9fcb700        Options.min_write_buffer_number_to_merge: 1
2019/10/17-14:55:13.159596 7fc3a9fcb700     Options.max_write_buffer_number_to_maintain: 0
2019/10/17-14:55:13.159597 7fc3a9fcb700            Options.bottommost_compression_opts.window_bits: -14
2019/10/17-14:55:13.159598 7fc3a9fcb700                  Options.bottommost_compression_opts.level: 32767
2019/10/17-14:55:13.159599 7fc3a9fcb700               Options.bottommost_compression_opts.strategy: 0
2019/10/17-14:55:13.159600 7fc3a9fcb700         Options.bottommost_compression_opts.max_dict_bytes: 0
2019/10/17-14:55:13.159601 7fc3a9fcb700         Options.bottommost_compression_opts.zstd_max_train_bytes: 0
2019/10/17-14:55:13.159602 7fc3a9fcb700                  Options.bottommost_compression_opts.enabled: false
2019/10/17-14:55:13.159603 7fc3a9fcb700            Options.compression_opts.window_bits: -14
2019/10/17-14:55:13.159604 7fc3a9fcb700                  Options.compression_opts.level: 32767
2019/10/17-14:55:13.159605 7fc3a9fcb700               Options.compression_opts.strategy: 0
2019/10/17-14:55:13.159606 7fc3a9fcb700         Options.compression_opts.max_dict_bytes: 0
2019/10/17-14:55:13.159607 7fc3a9fcb700         Options.compression_opts.zstd_max_train_bytes: 0
2019/10/17-14:55:13.159608 7fc3a9fcb700                  Options.compression_opts.enabled: false
2019/10/17-14:55:13.159609 7fc3a9fcb700      Options.level0_file_num_compaction_trigger: 4
2019/10/17-14:55:13.159610 7fc3a9fcb700          Options.level0_slowdown_writes_trigger: 20
2019/10/17-14:55:13.159611 7fc3a9fcb700              Options.level0_stop_writes_trigger: 36
2019/10/17-14:55:13.159612 7fc3a9fcb700                   Options.target_file_size_base: 67108864
2019/10/17-14:55:13.159613 7fc3a9fcb700             Options.target_file_size_multiplier: 1
2019/10/17-14:55:13.159614 7fc3a9fcb700                Options.max_bytes_for_level_base: 268435456
2019/10/17-14:55:13.159615 7fc3a9fcb700 Options.level_compaction_dynamic_level_bytes: 0
2019/10/17-14:55:13.159616 7fc3a9fcb700          Options.max_bytes_for_level_multiplier: 10.000000
2019/10/17-14:55:13.159618 7fc3a9fcb700 Options.max_bytes_for_level_multiplier_addtl[0]: 1
2019/10/17-14:55:13.159619 7fc3a9fcb700 Options.max_bytes_for_level_multiplier_addtl[1]: 1
2019/10/17-14:55:13.159620 7fc3a9fcb700 Options.max_bytes_for_level_multiplier_addtl[2]: 1
2019/10/17-14:55:13.159621 7fc3a9fcb700 Options.max_bytes_for_level_multiplier_addtl[3]: 1
2019/10/17-14:55:13.159622 7fc3a9fcb700 Options.max_bytes_for_level_multiplier_addtl[4]: 1
2019/10/17-14:55:13.159623 7fc3a9fcb700 Options.max_bytes_for_level_multiplier_addtl[5]: 1
2019/10/17-14:55:13.159624 7fc3a9fcb700 Options.max_bytes_for_level_multiplier_addtl[6]: 1
2019/10/17-14:55:13.159625 7fc3a9fcb700       Options.max_sequential_skip_in_iterations: 8
2019/10/17-14:55:13.159631 7fc3a9fcb700                    Options.max_compaction_bytes: 1677721600
2019/10/17-14:55:13.159632 7fc3a9fcb700                        Options.arena_block_size: 8388608
2019/10/17-14:55:13.159633 7fc3a9fcb700   Options.soft_pending_compaction_bytes_limit: 68719476736
2019/10/17-14:55:13.159634 7fc3a9fcb700   Options.hard_pending_compaction_bytes_limit: 274877906944
2019/10/17-14:55:13.159635 7fc3a9fcb700       Options.rate_limit_delay_max_milliseconds: 100
2019/10/17-14:55:13.159636 7fc3a9fcb700                Options.disable_auto_compactions: 0
2019/10/17-14:55:13.159638 7fc3a9fcb700                        Options.compaction_style: kCompactionStyleLevel
2019/10/17-14:55:13.159639 7fc3a9fcb700                          Options.compaction_pri: kByCompensatedSize
2019/10/17-14:55:13.159640 7fc3a9fcb700 Options.compaction_options_universal.size_ratio: 1
2019/10/17-14:55:13.159641 7fc3a9fcb700 Options.compaction_options_universal.min_merge_width: 2
2019/10/17-14:55:13.159642 7fc3a9fcb700 Options.compaction_options_universal.max_merge_width: 4294967295
2019/10/17-14:55:13.159643 7fc3a9fcb700 Options.compaction_options_universal.max_size_amplification_percent: 200
2019/10/17-14:55:13.159644 7fc3a9fcb700 Options.compaction_options_universal.compression_size_percent: -1
2019/10/17-14:55:13.159645 7fc3a9fcb700 Options.compaction_options_universal.stop_style: kCompactionStopStyleTotalSize
2019/10/17-14:55:13.159646 7fc3a9fcb700 Options.compaction_options_fifo.max_table_files_size: 1073741824
2019/10/17-14:55:13.159647 7fc3a9fcb700 Options.compaction_options_fifo.allow_compaction: 0
2019/10/17-14:55:13.159648 7fc3a9fcb700 Options.compaction_options_fifo.ttl: 0
2019/10/17-14:55:13.159649 7fc3a9fcb700                   Options.table_properties_collectors: 
2019/10/17-14:55:13.159650 7fc3a9fcb700                   Options.inplace_update_support: 0
2019/10/17-14:55:13.159651 7fc3a9fcb700                 Options.inplace_update_num_locks: 10000
2019/10/17-14:55:13.159652 7fc3a9fcb700               Options.memtable_prefix_bloom_size_ratio: 0.000000
2019/10/17-14:55:13.159653 7fc3a9fcb700   Options.memtable_huge_page_size: 0
2019/10/17-14:55:13.159654 7fc3a9fcb700                           Options.bloom_locality: 0
2019/10/17-14:55:13.159655 7fc3a9fcb700                    Options.max_successive_merges: 0
2019/10/17-14:55:13.159656 7fc3a9fcb700                Options.optimize_filters_for_hits: 0
2019/10/17-14:55:13.159657 7fc3a9fcb700                Options.paranoid_file_checks: 0
2019/10/17-14:55:13.159658 7fc3a9fcb700                Options.force_consistency_checks: 0
2019/10/17-14:55:13.159659 7fc3a9fcb700                Options.report_bg_io_stats: 0
2019/10/17-14:55:13.159660 7fc3a9fcb700                               Options.ttl: 0
2019/10/17-14:55:13.159682 7fc3a9fcb700 [db/column_family.cc:472] --------------- Options for column family [entries]:
2019/10/17-14:55:13.159683 7fc3a9fcb700               Options.comparator: leveldb.BytewiseComparator
2019/10/17-14:55:13.159685 7fc3a9fcb700           Options.merge_operator: None
2019/10/17-14:55:13.159686 7fc3a9fcb700        Options.compaction_filter: None
2019/10/17-14:55:13.159687 7fc3a9fcb700        Options.compaction_filter_factory: None
2019/10/17-14:55:13.159688 7fc3a9fcb700         Options.memtable_factory: SkipListFactory
2019/10/17-14:55:13.159689 7fc3a9fcb700            Options.table_factory: BlockBasedTable
2019/10/17-14:55:13.159701 7fc3a9fcb700            table_factory options:   flush_block_policy_factory: FlushBlockBySizePolicyFactory (0x7fc350114850)
  cache_index_and_filter_blocks: 0
  cache_index_and_filter_blocks_with_high_priority: 0
  pin_l0_filter_and_index_blocks_in_cache: 0
  pin_top_level_index_and_filter: 1
  index_type: 0
  hash_index_allow_collision: 1
  checksum: 1
  no_block_cache: 0
  block_cache: 0x7fc35002cae0
  block_cache_name: LRUCache
  block_cache_options:
    capacity : 8388608
    num_shard_bits : 4
    strict_capacity_limit : 0
    memory_allocator : None
    high_pri_pool_ratio: 0.000
  block_cache_compressed: (nil)
  persistent_cache: (nil)
  block_size: 4096
  block_size_deviation: 10
  block_restart_interval: 16
  index_block_restart_interval: 1
  metadata_block_size: 4096
  partition_filters: 0
  use_delta_encoding: 1
  filter_policy: nullptr
  whole_key_filtering: 1
  verify_compression: 0
  read_amp_bytes_per_bit: 0
  format_version: 2
  enable_index_compression: 1
  block_align: 0
2019/10/17-14:55:13.159709 7fc3a9fcb700        Options.write_buffer_size: 67108864
2019/10/17-14:55:13.159710 7fc3a9fcb700  Options.max_write_buffer_number: 2
2019/10/17-14:55:13.159711 7fc3a9fcb700          Options.compression: NoCompression
2019/10/17-14:55:13.159712 7fc3a9fcb700                  Options.bottommost_compression: Disabled
2019/10/17-14:55:13.159713 7fc3a9fcb700       Options.prefix_extractor: nullptr
2019/10/17-14:55:13.159714 7fc3a9fcb700   Options.memtable_insert_with_hint_prefix_extractor: nullptr
2019/10/17-14:55:13.159715 7fc3a9fcb700             Options.num_levels: 7
2019/10/17-14:55:13.159716 7fc3a9fcb700        Options.min_write_buffer_number_to_merge: 1
2019/10/17-14:55:13.159717 7fc3a9fcb700     Options.max_write_buffer_number_to_maintain: 0
2019/10/17-14:55:13.159718 7fc3a9fcb700            Options.bottommost_compression_opts.window_bits: -14
2019/10/17-14:55:13.159719 7fc3a9fcb700                  Options.bottommost_compression_opts.level: 32767
2019/10/17-14:55:13.159720 7fc3a9fcb700               Options.bottommost_compression_opts.strategy: 0
2019/10/17-14:55:13.159721 7fc3a9fcb700         Options.bottommost_compression_opts.max_dict_bytes: 0
2019/10/17-14:55:13.159722 7fc3a9fcb700         Options.bottommost_compression_opts.zstd_max_train_bytes: 0
2019/10/17-14:55:13.159723 7fc3a9fcb700                  Options.bottommost_compression_opts.enabled: false
2019/10/17-14:55:13.159724 7fc3a9fcb700            Options.compression_opts.window_bits: -14
2019/10/17-14:55:13.159725 7fc3a9fcb700                  Options.compression_opts.level: 32767
2019/10/17-14:55:13.159726 7fc3a9fcb700               Options.compression_opts.strategy: 0
2019/10/17-14:55:13.159727 7fc3a9fcb700         Options.compression_opts.max_dict_bytes: 0
2019/10/17-14:55:13.159728 7fc3a9fcb700         Options.compression_opts.zstd_max_train_bytes: 0
2019/10/17-14:55:13.159729 7fc3a9fcb700                  Options.compression_opts.enabled: false
2019/10/17-14:55:13.159730 7fc3a9fcb700      Options.level0_file_num_compaction_trigger: 4
2019/10/17-14:55:13.159731 7fc3a9fcb700          Options.level0_slowdown_writes_trigger: 20
2019/10/17-14:55:13.159732 7fc3a9fcb700              Options.level0_stop_writes_trigger: 36
2019/10/17-14:55:13.159733 7fc3a9fcb700                   Options.target_file_size_base: 67108864
2019/10/17-14:55:13.159734 7fc3a9fcb700             Options.target_file_size_multiplier: 1
2019/10/17-14:55:13.159735 7fc3a9fcb700                Options.max_bytes_for_level_base: 268435456
2019/10/17-14:55:13.159736 7fc3a9fcb700 Options.level_compaction_dynamic_level_bytes: 0
2019/10/17-14:55:13.159736 7fc3a9fcb700          Options.max_bytes_for_level_multiplier: 10.000000
2019/10/17-14:55:13.159738 7fc3a9fcb700 Options.max_bytes_for_level_multiplier_addtl[0]: 1
2019/10/17-14:55:13.159739 7fc3a9fcb700 Options.max_bytes_for_level_multiplier_addtl[1]: 1
2019/10/17-14:55:13.159740 7fc3a9fcb700 Options.max_bytes_for_level_multiplier_addtl[2]: 1
2019/10/17-14:55:13.159741 7fc3a9fcb700 Options.max_bytes_for_level_multiplier_addtl[3]: 1
2019/10/17-14:55:13.159742 7fc3a9fcb700 Options.max_bytes_for_level_multiplier_addtl[4]: 1
2019/10/17-14:55:13.159743 7fc3a9fcb700 Options.max_bytes_for_level_multiplier_addtl[5]: 1
2019/10/17-14:55:13.159744 7fc3a9fcb700 Options.max_bytes_for_level_multiplier_addtl[6]: 1
2019/10/17-14:55:13.159745 7fc3a9fcb700       Options.max_sequential_skip_in_iterations: 8
2019/10/17-14:55:13.159746 7fc3a9fcb700                    Options.max_compaction_bytes: 1677721600
2019/10/17-14:55:13.159747 7fc3a9fcb700                        Options.arena_block_size: 8388608
2019/10/17-14:55:13.159748 7fc3a9fcb700   Options.soft_pending_compaction_bytes_limit: 68719476736
2019/10/17-14:55:13.159754 7fc3a9fcb700   Options.hard_pending_compaction_bytes_limit: 274877906944
2019/10/17-14:55:13.159755 7fc3a9fcb700       Options.rate_limit_delay_max_milliseconds: 100
2019/10/17-14:55:13.159756 7fc3a9fcb700                Options.disable_auto_compactions: 0
2019/10/17-14:55:13.159757 7fc3a9fcb700                        Options.compaction_style: kCompactionStyleLevel
2019/10/17-14:55:13.159759 7fc3a9fcb700                          Options.compaction_pri: kByCompensatedSize
2019/10/17-14:55:13.159760 7fc3a9fcb700 Options.compaction_options_universal.size_ratio: 1
2019/10/17-14:55:13.159761 7fc3a9fcb700 Options.compaction_options_universal.min_merge_width: 2
2019/10/17-14:55:13.159762 7fc3a9fcb700 Options.compaction_options_universal.max_merge_width: 4294967295
2019/10/17-14:55:13.159763 7fc3a9fcb700 Options.compaction_options_universal.max_size_amplification_percent: 200
2019/10/17-14:55:13.159763 7fc3a9fcb700 Options.compaction_options_universal.compression_size_percent: -1
2019/10/17-14:55:13.159765 7fc3a9fcb700 Options.compaction_options_universal.stop_style: kCompactionStopStyleTotalSize
2019/10/17-14:55:13.159766 7fc3a9fcb700 Options.compaction_options_fifo.max_table_files_size: 1073741824
2019/10/17-14:55:13.159767 7fc3a9fcb700 Options.compaction_options_fifo.allow_compaction: 0
2019/10/17-14:55:13.159768 7fc3a9fcb700 Options.compaction_options_fifo.ttl: 0
2019/10/17-14:55:13.159769 7fc3a9fcb700                   Options.table_properties_collectors: 
2019/10/17-14:55:13.159769 7fc3a9fcb700                   Options.inplace_update_support: 0
2019/10/17-14:55:13.159770 7fc3a9fcb700                 Options.inplace_update_num_locks: 10000
2019/10/17-14:55:13.159771 7fc3a9fcb700               Options.memtable_prefix_bloom_size_ratio: 0.000000
2019/10/17-14:55:13.159773 7fc3a9fcb700   Options.memtable_huge_page_size: 0
2019/10/17-14:55:13.159774 7fc3a9fcb700                           Options.bloom_locality: 0
2019/10/17-14:55:13.159775 7fc3a9fcb700                    Options.max_successive_merges: 0
2019/10/17-14:55:13.159776 7fc3a9fcb700                Options.optimize_filters_for_hits: 0
2019/10/17-14:55:13.159777 7fc3a9fcb700                Options.paranoid_file_checks: 0
2019/10/17-14:55:13.159778 7fc3a9fcb700                Options.force_consistency_checks: 0
2019/10/17-14:55:13.159779 7fc3a9fcb700                Options.report_bg_io_stats: 0
2019/10/17-14:55:13.159780 7fc3a9fcb700                               Options.ttl: 0
2019/10/17-14:55:13.159799 7fc3a9fcb700 [db/column_family.cc:472] --------------- Options for column family [dc_entries]:
2019/10/17-14:55:13.159800 7fc3a9fcb700               Options.comparator: leveldb.BytewiseComparator
2019/10/17-14:55:13.159801 7fc3a9fcb700           Options.merge_operator: None
2019/10/17-14:55:13.159802 7fc3a9fcb700        Options.compaction_filter: None
2019/10/17-14:55:13.159803 7fc3a9fcb700        Options.compaction_filter_factory: None
2019/10/17-14:55:13.159804 7fc3a9fcb700         Options.memtable_factory: SkipListFactory
2019/10/17-14:55:13.159805 7fc3a9fcb700            Options.table_factory: BlockBasedTable
2019/10/17-14:55:13.159817 7fc3a9fcb700            table_factory options:   flush_block_policy_factory: FlushBlockBySizePolicyFactory (0x7fc3500967c0)
  cache_index_and_filter_blocks: 0
  cache_index_and_filter_blocks_with_high_priority: 0
  pin_l0_filter_and_index_blocks_in_cache: 0
  pin_top_level_index_and_filter: 1
  index_type: 0
  hash_index_allow_collision: 1
  checksum: 1
  no_block_cache: 0
  block_cache: 0x7fc35010a500
  block_cache_name: LRUCache
  block_cache_options:
    capacity : 8388608
    num_shard_bits : 4
    strict_capacity_limit : 0
    memory_allocator : None
    high_pri_pool_ratio: 0.000
  block_cache_compressed: (nil)
  persistent_cache: (nil)
  block_size: 4096
  block_size_deviation: 10
  block_restart_interval: 16
  index_block_restart_interval: 1
  metadata_block_size: 4096
  partition_filters: 0
  use_delta_encoding: 1
  filter_policy: nullptr
  whole_key_filtering: 1
  verify_compression: 0
  read_amp_bytes_per_bit: 0
  format_version: 2
  enable_index_compression: 1
  block_align: 0
2019/10/17-14:55:13.159825 7fc3a9fcb700        Options.write_buffer_size: 67108864
2019/10/17-14:55:13.159826 7fc3a9fcb700  Options.max_write_buffer_number: 2
2019/10/17-14:55:13.159827 7fc3a9fcb700          Options.compression: NoCompression
2019/10/17-14:55:13.159828 7fc3a9fcb700                  Options.bottommost_compression: Disabled
2019/10/17-14:55:13.159829 7fc3a9fcb700       Options.prefix_extractor: nullptr
2019/10/17-14:55:13.159830 7fc3a9fcb700   Options.memtable_insert_with_hint_prefix_extractor: nullptr
2019/10/17-14:55:13.159831 7fc3a9fcb700             Options.num_levels: 7
2019/10/17-14:55:13.159832 7fc3a9fcb700        Options.min_write_buffer_number_to_merge: 1
2019/10/17-14:55:13.159833 7fc3a9fcb700     Options.max_write_buffer_number_to_maintain: 0
2019/10/17-14:55:13.159834 7fc3a9fcb700            Options.bottommost_compression_opts.window_bits: -14
2019/10/17-14:55:13.159835 7fc3a9fcb700                  Options.bottommost_compression_opts.level: 32767
2019/10/17-14:55:13.159836 7fc3a9fcb700               Options.bottommost_compression_opts.strategy: 0
2019/10/17-14:55:13.159837 7fc3a9fcb700         Options.bottommost_compression_opts.max_dict_bytes: 0
2019/10/17-14:55:13.159838 7fc3a9fcb700         Options.bottommost_compression_opts.zstd_max_train_bytes: 0
2019/10/17-14:55:13.159839 7fc3a9fcb700                  Options.bottommost_compression_opts.enabled: false
2019/10/17-14:55:13.159840 7fc3a9fcb700            Options.compression_opts.window_bits: -14
2019/10/17-14:55:13.159841 7fc3a9fcb700                  Options.compression_opts.level: 32767
2019/10/17-14:55:13.159842 7fc3a9fcb700               Options.compression_opts.strategy: 0
2019/10/17-14:55:13.159842 7fc3a9fcb700         Options.compression_opts.max_dict_bytes: 0
2019/10/17-14:55:13.159843 7fc3a9fcb700         Options.compression_opts.zstd_max_train_bytes: 0
2019/10/17-14:55:13.159844 7fc3a9fcb700                  Options.compression_opts.enabled: false
2019/10/17-14:55:13.159845 7fc3a9fcb700      Options.level0_file_num_compaction_trigger: 4
2019/10/17-14:55:13.159846 7fc3a9fcb700          Options.level0_slowdown_writes_trigger: 20
2019/10/17-14:55:13.159847 7fc3a9fcb700              Options.level0_stop_writes_trigger: 36
2019/10/17-14:55:13.159848 7fc3a9fcb700                   Options.target_file_size_base: 67108864
2019/10/17-14:55:13.159849 7fc3a9fcb700             Options.target_file_size_multiplier: 1
2019/10/17-14:55:13.159850 7fc3a9fcb700                Options.max_bytes_for_level_base: 268435456
2019/10/17-14:55:13.159851 7fc3a9fcb700 Options.level_compaction_dynamic_level_bytes: 0
2019/10/17-14:55:13.159852 7fc3a9fcb700          Options.max_bytes_for_level_multiplier: 10.000000
2019/10/17-14:55:13.159854 7fc3a9fcb700 Options.max_bytes_for_level_multiplier_addtl[0]: 1
2019/10/17-14:55:13.159855 7fc3a9fcb700 Options.max_bytes_for_level_multiplier_addtl[1]: 1
2019/10/17-14:55:13.159856 7fc3a9fcb700 Options.max_bytes_for_level_multiplier_addtl[2]: 1
2019/10/17-14:55:13.159857 7fc3a9fcb700 Options.max_bytes_for_level_multiplier_addtl[3]: 1
2019/10/17-14:55:13.159858 7fc3a9fcb700 Options.max_bytes_for_level_multiplier_addtl[4]: 1
2019/10/17-14:55:13.159859 7fc3a9fcb700 Options.max_bytes_for_level_multiplier_addtl[5]: 1
2019/10/17-14:55:13.159860 7fc3a9fcb700 Options.max_bytes_for_level_multiplier_addtl[6]: 1
2019/10/17-14:55:13.159861 7fc3a9fcb700       Options.max_sequential_skip_in_iterations: 8
2019/10/17-14:55:13.159862 7fc3a9fcb700                    Options.max_compaction_bytes: 1677721600
2019/10/17-14:55:13.159863 7fc3a9fcb700                        Options.arena_block_size: 8388608
2019/10/17-14:55:13.159864 7fc3a9fcb700   Options.soft_pending_compaction_bytes_limit: 68719476736
2019/10/17-14:55:13.159865 7fc3a9fcb700   Options.hard_pending_compaction_bytes_limit: 274877906944
2019/10/17-14:55:13.159866 7fc3a9fcb700       Options.rate_limit_delay_max_milliseconds: 100
2019/10/17-14:55:13.159867 7fc3a9fcb700                Options.disable_auto_compactions: 0
2019/10/17-14:55:13.159872 7fc3a9fcb700                        Options.compaction_style: kCompactionStyleLevel
2019/10/17-14:55:13.159874 7fc3a9fcb700                          Options.compaction_pri: kByCompensatedSize
2019/10/17-14:55:13.159875 7fc3a9fcb700 Options.compaction_options_universal.size_ratio: 1
2019/10/17-14:55:13.159876 7fc3a9fcb700 Options.compaction_options_universal.min_merge_width: 2
2019/10/17-14:55:13.159877 7fc3a9fcb700 Options.compaction_options_universal.max_merge_width: 4294967295
2019/10/17-14:55:13.159878 7fc3a9fcb700 Options.compaction_options_universal.max_size_amplification_percent: 200
2019/10/17-14:55:13.159879 7fc3a9fcb700 Options.compaction_options_universal.compression_size_percent: -1
2019/10/17-14:55:13.159880 7fc3a9fcb700 Options.compaction_options_universal.stop_style: kCompactionStopStyleTotalSize
2019/10/17-14:55:13.159881 7fc3a9fcb700 Options.compaction_options_fifo.max_table_files_size: 1073741824
2019/10/17-14:55:13.159882 7fc3a9fcb700 Options.compaction_options_fifo.allow_compaction: 0
2019/10/17-14:55:13.159883 7fc3a9fcb700 Options.compaction_options_fifo.ttl: 0
2019/10/17-14:55:13.159884 7fc3a9fcb700                   Options.table_properties_collectors: 
2019/10/17-14:55:13.159885 7fc3a9fcb700                   Options.inplace_update_support: 0
2019/10/17-14:55:13.159886 7fc3a9fcb700                 Options.inplace_update_num_locks: 10000
2019/10/17-14:55:13.159887 7fc3a9fcb700               Options.memtable_prefix_bloom_size_ratio: 0.000000
2019/10/17-14:55:13.159888 7fc3a9fcb700   Options.memtable_huge_page_size: 0
2019/10/17-14:55:13.159889 7fc3a9fcb700                           Options.bloom_locality: 0
2019/10/17-14:55:13.159890 7fc3a9fcb700                    Options.max_successive_merges: 0
2019/10/17-14:55:13.159891 7fc3a9fcb700                Options.optimize_filters_for_hits: 0
2019/10/17-14:55:13.159892 7fc3a9fcb700                Options.paranoid_file_checks: 0
2019/10/17-14:55:13.159893 7fc3a9fcb700                Options.force_consistency_checks: 0
2019/10/17-14:55:13.159894 7fc3a9fcb700                Options.report_bg_io_stats: 0
2019/10/17-14:55:13.159895 7fc3a9fcb700                               Options.ttl: 0
2019/10/17-14:55:13.159911 7fc3a9fcb700 [db/column_family.cc:472] --------------- Options for column family [htlcs]:
2019/10/17-14:55:13.159912 7fc3a9fcb700               Options.comparator: leveldb.BytewiseComparator
2019/10/17-14:55:13.159913 7fc3a9fcb700           Options.merge_operator: None
2019/10/17-14:55:13.159914 7fc3a9fcb700        Options.compaction_filter: None
2019/10/17-14:55:13.159915 7fc3a9fcb700        Options.compaction_filter_factory: None
2019/10/17-14:55:13.159916 7fc3a9fcb700         Options.memtable_factory: SkipListFactory
2019/10/17-14:55:13.159917 7fc3a9fcb700            Options.table_factory: BlockBasedTable
2019/10/17-14:55:13.159929 7fc3a9fcb700            table_factory options:   flush_block_policy_factory: FlushBlockBySizePolicyFactory (0x7fc35006f530)
