2019/10/17-14:56:04.218323 7fbc2cd30700 RocksDB version: 5.18.3
2019/10/17-14:56:04.218352 7fbc2cd30700 Git sha rocksdb_build_git_sha:@0@
2019/10/17-14:56:04.218354 7fbc2cd30700 Compile date Sep 19 2019
2019/10/17-14:56:04.218355 7fbc2cd30700 DB SUMMARY
2019/10/17-14:56:04.219016 7fbc2cd30700 CURRENT file:  CURRENT
2019/10/17-14:56:04.219017 7fbc2cd30700 IDENTITY file:  IDENTITY
2019/10/17-14:56:04.219044 7fbc2cd30700 MANIFEST file:  MANIFEST-116737 size: 4114 Bytes
2019/10/17-14:56:04.219045 7fbc2cd30700 SST files in /home/rahul/dev/blockchain-core/eqc/ledger.db dir, Total Num: 29, files: 000624.sst 000627.sst 106940.sst 108447.sst 108450.sst 109471.sst 109483.sst 109485.sst 109486.sst 
2019/10/17-14:56:04.219047 7fbc2cd30700 Write Ahead Log file in /home/rahul/dev/blockchain-core/eqc/ledger.db: 116738.log size: 0 ; 
2019/10/17-14:56:04.219078 7fbc2cd30700                         Options.error_if_exists: 0
2019/10/17-14:56:04.219079 7fbc2cd30700                       Options.create_if_missing: 1
2019/10/17-14:56:04.219080 7fbc2cd30700                         Options.paranoid_checks: 1
2019/10/17-14:56:04.219081 7fbc2cd30700                                     Options.env: 0x7fbbafa7bc60
2019/10/17-14:56:04.219082 7fbc2cd30700                                Options.info_log: 0x7fbbb80e0820
2019/10/17-14:56:04.219082 7fbc2cd30700                Options.max_file_opening_threads: 16
2019/10/17-14:56:04.219083 7fbc2cd30700                              Options.statistics: (nil)
2019/10/17-14:56:04.219084 7fbc2cd30700                               Options.use_fsync: 0
2019/10/17-14:56:04.219085 7fbc2cd30700                       Options.max_log_file_size: 0
2019/10/17-14:56:04.219085 7fbc2cd30700                  Options.max_manifest_file_size: 1073741824
2019/10/17-14:56:04.219086 7fbc2cd30700                   Options.log_file_time_to_roll: 0
2019/10/17-14:56:04.219087 7fbc2cd30700                       Options.keep_log_file_num: 1000
2019/10/17-14:56:04.219088 7fbc2cd30700                    Options.recycle_log_file_num: 0
2019/10/17-14:56:04.219088 7fbc2cd30700                         Options.allow_fallocate: 1
2019/10/17-14:56:04.219089 7fbc2cd30700                        Options.allow_mmap_reads: 0
2019/10/17-14:56:04.219090 7fbc2cd30700                       Options.allow_mmap_writes: 0
2019/10/17-14:56:04.219091 7fbc2cd30700                        Options.use_direct_reads: 0
2019/10/17-14:56:04.219091 7fbc2cd30700                        Options.use_direct_io_for_flush_and_compaction: 0
2019/10/17-14:56:04.219092 7fbc2cd30700          Options.create_missing_column_families: 0
2019/10/17-14:56:04.219093 7fbc2cd30700                              Options.db_log_dir: 
2019/10/17-14:56:04.219093 7fbc2cd30700                                 Options.wal_dir: /home/rahul/dev/blockchain-core/eqc/ledger.db
2019/10/17-14:56:04.219094 7fbc2cd30700                Options.table_cache_numshardbits: 6
2019/10/17-14:56:04.219095 7fbc2cd30700                      Options.max_subcompactions: 1
2019/10/17-14:56:04.219095 7fbc2cd30700                  Options.max_background_flushes: -1
2019/10/17-14:56:04.219096 7fbc2cd30700                         Options.WAL_ttl_seconds: 0
2019/10/17-14:56:04.219097 7fbc2cd30700                       Options.WAL_size_limit_MB: 0
2019/10/17-14:56:04.219098 7fbc2cd30700             Options.manifest_preallocation_size: 4194304
2019/10/17-14:56:04.219098 7fbc2cd30700                     Options.is_fd_close_on_exec: 1
2019/10/17-14:56:04.219099 7fbc2cd30700                   Options.advise_random_on_open: 1
2019/10/17-14:56:04.219100 7fbc2cd30700                    Options.db_write_buffer_size: 0
2019/10/17-14:56:04.219100 7fbc2cd30700                    Options.write_buffer_manager: 0x7fbbb806d480
2019/10/17-14:56:04.219101 7fbc2cd30700         Options.access_hint_on_compaction_start: 1
2019/10/17-14:56:04.219102 7fbc2cd30700  Options.new_table_reader_for_compaction_inputs: 0
2019/10/17-14:56:04.219102 7fbc2cd30700           Options.random_access_max_buffer_size: 1048576
2019/10/17-14:56:04.219103 7fbc2cd30700                      Options.use_adaptive_mutex: 0
2019/10/17-14:56:04.219104 7fbc2cd30700                            Options.rate_limiter: (nil)
2019/10/17-14:56:04.219113 7fbc2cd30700     Options.sst_file_manager.rate_bytes_per_sec: 0
2019/10/17-14:56:04.219114 7fbc2cd30700                       Options.wal_recovery_mode: 2
2019/10/17-14:56:04.219114 7fbc2cd30700                  Options.enable_thread_tracking: 0
2019/10/17-14:56:04.219115 7fbc2cd30700                  Options.enable_pipelined_write: 0
2019/10/17-14:56:04.219116 7fbc2cd30700         Options.allow_concurrent_memtable_write: 1
2019/10/17-14:56:04.219116 7fbc2cd30700      Options.enable_write_thread_adaptive_yield: 1
2019/10/17-14:56:04.219117 7fbc2cd30700             Options.write_thread_max_yield_usec: 100
2019/10/17-14:56:04.219118 7fbc2cd30700            Options.write_thread_slow_yield_usec: 3
2019/10/17-14:56:04.219119 7fbc2cd30700                               Options.row_cache: None
2019/10/17-14:56:04.219119 7fbc2cd30700                              Options.wal_filter: None
2019/10/17-14:56:04.219120 7fbc2cd30700             Options.avoid_flush_during_recovery: 0
2019/10/17-14:56:04.219121 7fbc2cd30700             Options.allow_ingest_behind: 0
2019/10/17-14:56:04.219121 7fbc2cd30700             Options.preserve_deletes: 0
2019/10/17-14:56:04.219122 7fbc2cd30700             Options.two_write_queues: 0
2019/10/17-14:56:04.219123 7fbc2cd30700             Options.manual_wal_flush: 0
2019/10/17-14:56:04.219124 7fbc2cd30700             Options.max_background_jobs: 2
2019/10/17-14:56:04.219124 7fbc2cd30700             Options.max_background_compactions: -1
2019/10/17-14:56:04.219125 7fbc2cd30700             Options.avoid_flush_during_shutdown: 0
2019/10/17-14:56:04.219126 7fbc2cd30700           Options.writable_file_max_buffer_size: 1048576
2019/10/17-14:56:04.219126 7fbc2cd30700             Options.delayed_write_rate : 16777216
2019/10/17-14:56:04.219127 7fbc2cd30700             Options.max_total_wal_size: 0
2019/10/17-14:56:04.219128 7fbc2cd30700             Options.delete_obsolete_files_period_micros: 21600000000
2019/10/17-14:56:04.219129 7fbc2cd30700                   Options.stats_dump_period_sec: 600
2019/10/17-14:56:04.219129 7fbc2cd30700                          Options.max_open_files: -1
2019/10/17-14:56:04.219130 7fbc2cd30700                          Options.bytes_per_sync: 0
2019/10/17-14:56:04.219131 7fbc2cd30700                      Options.wal_bytes_per_sync: 0
2019/10/17-14:56:04.219131 7fbc2cd30700       Options.compaction_readahead_size: 0
2019/10/17-14:56:04.219132 7fbc2cd30700 Compression algorithms supported:
2019/10/17-14:56:04.219133 7fbc2cd30700 	kZSTDNotFinalCompression supported: 0
2019/10/17-14:56:04.219134 7fbc2cd30700 	kZSTD supported: 0
2019/10/17-14:56:04.219135 7fbc2cd30700 	kXpressCompression supported: 0
2019/10/17-14:56:04.219136 7fbc2cd30700 	kLZ4HCCompression supported: 0
2019/10/17-14:56:04.219136 7fbc2cd30700 	kLZ4Compression supported: 0
2019/10/17-14:56:04.219137 7fbc2cd30700 	kBZip2Compression supported: 0
2019/10/17-14:56:04.219138 7fbc2cd30700 	kZlibCompression supported: 0
2019/10/17-14:56:04.219139 7fbc2cd30700 	kSnappyCompression supported: 0
2019/10/17-14:56:04.219140 7fbc2cd30700 Fast CRC32 supported: Supported on x86
2019/10/17-14:56:04.219239 7fbc2cd30700 [db/version_set.cc:3507] Recovering from manifest file: MANIFEST-116737
2019/10/17-14:56:04.219268 7fbc2cd30700 [db/column_family.cc:472] --------------- Options for column family [default]:
2019/10/17-14:56:04.219270 7fbc2cd30700               Options.comparator: leveldb.BytewiseComparator
2019/10/17-14:56:04.219270 7fbc2cd30700           Options.merge_operator: None
2019/10/17-14:56:04.219271 7fbc2cd30700        Options.compaction_filter: None
2019/10/17-14:56:04.219272 7fbc2cd30700        Options.compaction_filter_factory: None
2019/10/17-14:56:04.219272 7fbc2cd30700         Options.memtable_factory: SkipListFactory
2019/10/17-14:56:04.219273 7fbc2cd30700            Options.table_factory: BlockBasedTable
2019/10/17-14:56:04.219288 7fbc2cd30700            table_factory options:   flush_block_policy_factory: FlushBlockBySizePolicyFactory (0x7fbbb806d440)
  cache_index_and_filter_blocks: 0
  cache_index_and_filter_blocks_with_high_priority: 0
  pin_l0_filter_and_index_blocks_in_cache: 0
  pin_top_level_index_and_filter: 1
  index_type: 0
  hash_index_allow_collision: 1
  checksum: 1
  no_block_cache: 0
  block_cache: 0x7fbbb810bf70
  block_cache_name: LRUCache
  block_cache_options:
    capacity : 8388608
    num_shard_bits : 4
    strict_capacity_limit : 0
    memory_allocator : None
    high_pri_pool_ratio: 0.000
  block_cache_compressed: (nil)
  persistent_cache: (nil)
  block_size: 4096
  block_size_deviation: 10
  block_restart_interval: 16
  index_block_restart_interval: 1
  metadata_block_size: 4096
  partition_filters: 0
  use_delta_encoding: 1
  filter_policy: nullptr
  whole_key_filtering: 1
  verify_compression: 0
  read_amp_bytes_per_bit: 0
  format_version: 2
  enable_index_compression: 1
  block_align: 0
2019/10/17-14:56:04.219296 7fbc2cd30700        Options.write_buffer_size: 67108864
2019/10/17-14:56:04.219296 7fbc2cd30700  Options.max_write_buffer_number: 2
2019/10/17-14:56:04.219297 7fbc2cd30700          Options.compression: NoCompression
2019/10/17-14:56:04.219298 7fbc2cd30700                  Options.bottommost_compression: Disabled
2019/10/17-14:56:04.219299 7fbc2cd30700       Options.prefix_extractor: nullptr
2019/10/17-14:56:04.219300 7fbc2cd30700   Options.memtable_insert_with_hint_prefix_extractor: nullptr
2019/10/17-14:56:04.219300 7fbc2cd30700             Options.num_levels: 7
2019/10/17-14:56:04.219301 7fbc2cd30700        Options.min_write_buffer_number_to_merge: 1
2019/10/17-14:56:04.219302 7fbc2cd30700     Options.max_write_buffer_number_to_maintain: 0
2019/10/17-14:56:04.219302 7fbc2cd30700            Options.bottommost_compression_opts.window_bits: -14
2019/10/17-14:56:04.219303 7fbc2cd30700                  Options.bottommost_compression_opts.level: 32767
2019/10/17-14:56:04.219304 7fbc2cd30700               Options.bottommost_compression_opts.strategy: 0
2019/10/17-14:56:04.219304 7fbc2cd30700         Options.bottommost_compression_opts.max_dict_bytes: 0
2019/10/17-14:56:04.219305 7fbc2cd30700         Options.bottommost_compression_opts.zstd_max_train_bytes: 0
2019/10/17-14:56:04.219306 7fbc2cd30700                  Options.bottommost_compression_opts.enabled: false
2019/10/17-14:56:04.219307 7fbc2cd30700            Options.compression_opts.window_bits: -14
2019/10/17-14:56:04.219307 7fbc2cd30700                  Options.compression_opts.level: 32767
2019/10/17-14:56:04.219308 7fbc2cd30700               Options.compression_opts.strategy: 0
2019/10/17-14:56:04.219309 7fbc2cd30700         Options.compression_opts.max_dict_bytes: 0
2019/10/17-14:56:04.219309 7fbc2cd30700         Options.compression_opts.zstd_max_train_bytes: 0
2019/10/17-14:56:04.219310 7fbc2cd30700                  Options.compression_opts.enabled: false
2019/10/17-14:56:04.219311 7fbc2cd30700      Options.level0_file_num_compaction_trigger: 4
2019/10/17-14:56:04.219311 7fbc2cd30700          Options.level0_slowdown_writes_trigger: 20
2019/10/17-14:56:04.219312 7fbc2cd30700              Options.level0_stop_writes_trigger: 36
2019/10/17-14:56:04.219313 7fbc2cd30700                   Options.target_file_size_base: 67108864
2019/10/17-14:56:04.219313 7fbc2cd30700             Options.target_file_size_multiplier: 1
2019/10/17-14:56:04.219314 7fbc2cd30700                Options.max_bytes_for_level_base: 268435456
2019/10/17-14:56:04.219315 7fbc2cd30700 Options.level_compaction_dynamic_level_bytes: 0
2019/10/17-14:56:04.219315 7fbc2cd30700          Options.max_bytes_for_level_multiplier: 10.000000
2019/10/17-14:56:04.219317 7fbc2cd30700 Options.max_bytes_for_level_multiplier_addtl[0]: 1
2019/10/17-14:56:04.219318 7fbc2cd30700 Options.max_bytes_for_level_multiplier_addtl[1]: 1
2019/10/17-14:56:04.219319 7fbc2cd30700 Options.max_bytes_for_level_multiplier_addtl[2]: 1
2019/10/17-14:56:04.219319 7fbc2cd30700 Options.max_bytes_for_level_multiplier_addtl[3]: 1
2019/10/17-14:56:04.219320 7fbc2cd30700 Options.max_bytes_for_level_multiplier_addtl[4]: 1
2019/10/17-14:56:04.219324 7fbc2cd30700 Options.max_bytes_for_level_multiplier_addtl[5]: 1
2019/10/17-14:56:04.219325 7fbc2cd30700 Options.max_bytes_for_level_multiplier_addtl[6]: 1
2019/10/17-14:56:04.219326 7fbc2cd30700       Options.max_sequential_skip_in_iterations: 8
2019/10/17-14:56:04.219326 7fbc2cd30700                    Options.max_compaction_bytes: 1677721600
2019/10/17-14:56:04.219327 7fbc2cd30700                        Options.arena_block_size: 8388608
2019/10/17-14:56:04.219328 7fbc2cd30700   Options.soft_pending_compaction_bytes_limit: 68719476736
2019/10/17-14:56:04.219329 7fbc2cd30700   Options.hard_pending_compaction_bytes_limit: 274877906944
2019/10/17-14:56:04.219329 7fbc2cd30700       Options.rate_limit_delay_max_milliseconds: 100
2019/10/17-14:56:04.219330 7fbc2cd30700                Options.disable_auto_compactions: 0
2019/10/17-14:56:04.219331 7fbc2cd30700                        Options.compaction_style: kCompactionStyleLevel
2019/10/17-14:56:04.219332 7fbc2cd30700                          Options.compaction_pri: kByCompensatedSize
2019/10/17-14:56:04.219333 7fbc2cd30700 Options.compaction_options_universal.size_ratio: 1
2019/10/17-14:56:04.219334 7fbc2cd30700 Options.compaction_options_universal.min_merge_width: 2
2019/10/17-14:56:04.219335 7fbc2cd30700 Options.compaction_options_universal.max_merge_width: 4294967295
2019/10/17-14:56:04.219335 7fbc2cd30700 Options.compaction_options_universal.max_size_amplification_percent: 200
2019/10/17-14:56:04.219336 7fbc2cd30700 Options.compaction_options_universal.compression_size_percent: -1
2019/10/17-14:56:04.219337 7fbc2cd30700 Options.compaction_options_universal.stop_style: kCompactionStopStyleTotalSize
2019/10/17-14:56:04.219338 7fbc2cd30700 Options.compaction_options_fifo.max_table_files_size: 1073741824
2019/10/17-14:56:04.219338 7fbc2cd30700 Options.compaction_options_fifo.allow_compaction: 0
2019/10/17-14:56:04.219339 7fbc2cd30700 Options.compaction_options_fifo.ttl: 0
2019/10/17-14:56:04.219340 7fbc2cd30700                   Options.table_properties_collectors: 
2019/10/17-14:56:04.219340 7fbc2cd30700                   Options.inplace_update_support: 0
2019/10/17-14:56:04.219341 7fbc2cd30700                 Options.inplace_update_num_locks: 10000
2019/10/17-14:56:04.219342 7fbc2cd30700               Options.memtable_prefix_bloom_size_ratio: 0.000000
2019/10/17-14:56:04.219343 7fbc2cd30700   Options.memtable_huge_page_size: 0
2019/10/17-14:56:04.219343 7fbc2cd30700                           Options.bloom_locality: 0
2019/10/17-14:56:04.219344 7fbc2cd30700                    Options.max_successive_merges: 0
2019/10/17-14:56:04.219345 7fbc2cd30700                Options.optimize_filters_for_hits: 0
2019/10/17-14:56:04.219345 7fbc2cd30700                Options.paranoid_file_checks: 0
2019/10/17-14:56:04.219346 7fbc2cd30700                Options.force_consistency_checks: 0
2019/10/17-14:56:04.219347 7fbc2cd30700                Options.report_bg_io_stats: 0
2019/10/17-14:56:04.219347 7fbc2cd30700                               Options.ttl: 0
2019/10/17-14:56:04.219371 7fbc2cd30700 [db/column_family.cc:472] --------------- Options for column family [active_gateways]:
2019/10/17-14:56:04.219373 7fbc2cd30700               Options.comparator: leveldb.BytewiseComparator
2019/10/17-14:56:04.219373 7fbc2cd30700           Options.merge_operator: None
2019/10/17-14:56:04.219374 7fbc2cd30700        Options.compaction_filter: None
2019/10/17-14:56:04.219375 7fbc2cd30700        Options.compaction_filter_factory: None
2019/10/17-14:56:04.219375 7fbc2cd30700         Options.memtable_factory: SkipListFactory
2019/10/17-14:56:04.219376 7fbc2cd30700            Options.table_factory: BlockBasedTable
2019/10/17-14:56:04.219385 7fbc2cd30700            table_factory options:   flush_block_policy_factory: FlushBlockBySizePolicyFactory (0x7fbbb806d460)
  cache_index_and_filter_blocks: 0
  cache_index_and_filter_blocks_with_high_priority: 0
  pin_l0_filter_and_index_blocks_in_cache: 0
  pin_top_level_index_and_filter: 1
  index_type: 0
  hash_index_allow_collision: 1
  checksum: 1
  no_block_cache: 0
  block_cache: 0x7fbbb8073150
  block_cache_name: LRUCache
  block_cache_options:
    capacity : 8388608
    num_shard_bits : 4
    strict_capacity_limit : 0
    memory_allocator : None
    high_pri_pool_ratio: 0.000
  block_cache_compressed: (nil)
  persistent_cache: (nil)
  block_size: 4096
  block_size_deviation: 10
  block_restart_interval: 16
  index_block_restart_interval: 1
  metadata_block_size: 4096
  partition_filters: 0
  use_delta_encoding: 1
  filter_policy: nullptr
  whole_key_filtering: 1
  verify_compression: 0
  read_amp_bytes_per_bit: 0
  format_version: 2
  enable_index_compression: 1
  block_align: 0
2019/10/17-14:56:04.219391 7fbc2cd30700        Options.write_buffer_size: 67108864
2019/10/17-14:56:04.219392 7fbc2cd30700  Options.max_write_buffer_number: 2
2019/10/17-14:56:04.219393 7fbc2cd30700          Options.compression: NoCompression
2019/10/17-14:56:04.219393 7fbc2cd30700                  Options.bottommost_compression: Disabled
2019/10/17-14:56:04.219394 7fbc2cd30700       Options.prefix_extractor: nullptr
2019/10/17-14:56:04.219395 7fbc2cd30700   Options.memtable_insert_with_hint_prefix_extractor: nullptr
2019/10/17-14:56:04.219395 7fbc2cd30700             Options.num_levels: 7
2019/10/17-14:56:04.219396 7fbc2cd30700        Options.min_write_buffer_number_to_merge: 1
2019/10/17-14:56:04.219397 7fbc2cd30700     Options.max_write_buffer_number_to_maintain: 0
2019/10/17-14:56:04.219397 7fbc2cd30700            Options.bottommost_compression_opts.window_bits: -14
2019/10/17-14:56:04.219398 7fbc2cd30700                  Options.bottommost_compression_opts.level: 32767
2019/10/17-14:56:04.219399 7fbc2cd30700               Options.bottommost_compression_opts.strategy: 0
2019/10/17-14:56:04.219399 7fbc2cd30700         Options.bottommost_compression_opts.max_dict_bytes: 0
2019/10/17-14:56:04.219400 7fbc2cd30700         Options.bottommost_compression_opts.zstd_max_train_bytes: 0
2019/10/17-14:56:04.219401 7fbc2cd30700                  Options.bottommost_compression_opts.enabled: false
2019/10/17-14:56:04.219401 7fbc2cd30700            Options.compression_opts.window_bits: -14
2019/10/17-14:56:04.219402 7fbc2cd30700                  Options.compression_opts.level: 32767
2019/10/17-14:56:04.219403 7fbc2cd30700               Options.compression_opts.strategy: 0
2019/10/17-14:56:04.219403 7fbc2cd30700         Options.compression_opts.max_dict_bytes: 0
2019/10/17-14:56:04.219404 7fbc2cd30700         Options.compression_opts.zstd_max_train_bytes: 0
2019/10/17-14:56:04.219405 7fbc2cd30700                  Options.compression_opts.enabled: false
2019/10/17-14:56:04.219405 7fbc2cd30700      Options.level0_file_num_compaction_trigger: 4
2019/10/17-14:56:04.219406 7fbc2cd30700          Options.level0_slowdown_writes_trigger: 20
2019/10/17-14:56:04.219407 7fbc2cd30700              Options.level0_stop_writes_trigger: 36
2019/10/17-14:56:04.219407 7fbc2cd30700                   Options.target_file_size_base: 67108864
2019/10/17-14:56:04.219408 7fbc2cd30700             Options.target_file_size_multiplier: 1
2019/10/17-14:56:04.219409 7fbc2cd30700                Options.max_bytes_for_level_base: 268435456
2019/10/17-14:56:04.219409 7fbc2cd30700 Options.level_compaction_dynamic_level_bytes: 0
2019/10/17-14:56:04.219410 7fbc2cd30700          Options.max_bytes_for_level_multiplier: 10.000000
2019/10/17-14:56:04.219411 7fbc2cd30700 Options.max_bytes_for_level_multiplier_addtl[0]: 1
2019/10/17-14:56:04.219412 7fbc2cd30700 Options.max_bytes_for_level_multiplier_addtl[1]: 1
2019/10/17-14:56:04.219413 7fbc2cd30700 Options.max_bytes_for_level_multiplier_addtl[2]: 1
2019/10/17-14:56:04.219414 7fbc2cd30700 Options.max_bytes_for_level_multiplier_addtl[3]: 1
2019/10/17-14:56:04.219414 7fbc2cd30700 Options.max_bytes_for_level_multiplier_addtl[4]: 1
2019/10/17-14:56:04.219415 7fbc2cd30700 Options.max_bytes_for_level_multiplier_addtl[5]: 1
2019/10/17-14:56:04.219415 7fbc2cd30700 Options.max_bytes_for_level_multiplier_addtl[6]: 1
2019/10/17-14:56:04.219416 7fbc2cd30700       Options.max_sequential_skip_in_iterations: 8
2019/10/17-14:56:04.219420 7fbc2cd30700                    Options.max_compaction_bytes: 1677721600
2019/10/17-14:56:04.219421 7fbc2cd30700                        Options.arena_block_size: 8388608
2019/10/17-14:56:04.219422 7fbc2cd30700   Options.soft_pending_compaction_bytes_limit: 68719476736
2019/10/17-14:56:04.219422 7fbc2cd30700   Options.hard_pending_compaction_bytes_limit: 274877906944
2019/10/17-14:56:04.219423 7fbc2cd30700       Options.rate_limit_delay_max_milliseconds: 100
2019/10/17-14:56:04.219424 7fbc2cd30700                Options.disable_auto_compactions: 0
2019/10/17-14:56:04.219425 7fbc2cd30700                        Options.compaction_style: kCompactionStyleLevel
2019/10/17-14:56:04.219425 7fbc2cd30700                          Options.compaction_pri: kByCompensatedSize
2019/10/17-14:56:04.219426 7fbc2cd30700 Options.compaction_options_universal.size_ratio: 1
2019/10/17-14:56:04.219427 7fbc2cd30700 Options.compaction_options_universal.min_merge_width: 2
2019/10/17-14:56:04.219427 7fbc2cd30700 Options.compaction_options_universal.max_merge_width: 4294967295
2019/10/17-14:56:04.219428 7fbc2cd30700 Options.compaction_options_universal.max_size_amplification_percent: 200
2019/10/17-14:56:04.219429 7fbc2cd30700 Options.compaction_options_universal.compression_size_percent: -1
2019/10/17-14:56:04.219430 7fbc2cd30700 Options.compaction_options_universal.stop_style: kCompactionStopStyleTotalSize
2019/10/17-14:56:04.219430 7fbc2cd30700 Options.compaction_options_fifo.max_table_files_size: 1073741824
2019/10/17-14:56:04.219431 7fbc2cd30700 Options.compaction_options_fifo.allow_compaction: 0
2019/10/17-14:56:04.219432 7fbc2cd30700 Options.compaction_options_fifo.ttl: 0
2019/10/17-14:56:04.219432 7fbc2cd30700                   Options.table_properties_collectors: 
2019/10/17-14:56:04.219433 7fbc2cd30700                   Options.inplace_update_support: 0
2019/10/17-14:56:04.219434 7fbc2cd30700                 Options.inplace_update_num_locks: 10000
2019/10/17-14:56:04.219434 7fbc2cd30700               Options.memtable_prefix_bloom_size_ratio: 0.000000
2019/10/17-14:56:04.219435 7fbc2cd30700   Options.memtable_huge_page_size: 0
2019/10/17-14:56:04.219436 7fbc2cd30700                           Options.bloom_locality: 0
2019/10/17-14:56:04.219437 7fbc2cd30700                    Options.max_successive_merges: 0
2019/10/17-14:56:04.219437 7fbc2cd30700                Options.optimize_filters_for_hits: 0
2019/10/17-14:56:04.219438 7fbc2cd30700                Options.paranoid_file_checks: 0
2019/10/17-14:56:04.219439 7fbc2cd30700                Options.force_consistency_checks: 0
2019/10/17-14:56:04.219439 7fbc2cd30700                Options.report_bg_io_stats: 0
2019/10/17-14:56:04.219440 7fbc2cd30700                               Options.ttl: 0
2019/10/17-14:56:04.219454 7fbc2cd30700 [db/column_family.cc:472] --------------- Options for column family [entries]:
2019/10/17-14:56:04.219455 7fbc2cd30700               Options.comparator: leveldb.BytewiseComparator
2019/10/17-14:56:04.219456 7fbc2cd30700           Options.merge_operator: None
2019/10/17-14:56:04.219457 7fbc2cd30700        Options.compaction_filter: None
2019/10/17-14:56:04.219457 7fbc2cd30700        Options.compaction_filter_factory: None
2019/10/17-14:56:04.219458 7fbc2cd30700         Options.memtable_factory: SkipListFactory
2019/10/17-14:56:04.219459 7fbc2cd30700            Options.table_factory: BlockBasedTable
2019/10/17-14:56:04.219467 7fbc2cd30700            table_factory options:   flush_block_policy_factory: FlushBlockBySizePolicyFactory (0x7fbbb8081be0)
  cache_index_and_filter_blocks: 0
  cache_index_and_filter_blocks_with_high_priority: 0
  pin_l0_filter_and_index_blocks_in_cache: 0
  pin_top_level_index_and_filter: 1
  index_type: 0
  hash_index_allow_collision: 1
  checksum: 1
  no_block_cache: 0
  block_cache: 0x7fbbb8070c70
  block_cache_name: LRUCache
  block_cache_options:
    capacity : 8388608
    num_shard_bits : 4
    strict_capacity_limit : 0
    memory_allocator : None
    high_pri_pool_ratio: 0.000
  block_cache_compressed: (nil)
  persistent_cache: (nil)
  block_size: 4096
  block_size_deviation: 10
  block_restart_interval: 16
  index_block_restart_interval: 1
  metadata_block_size: 4096
  partition_filters: 0
  use_delta_encoding: 1
  filter_policy: nullptr
  whole_key_filtering: 1
  verify_compression: 0
  read_amp_bytes_per_bit: 0
  format_version: 2
  enable_index_compression: 1
  block_align: 0
2019/10/17-14:56:04.219473 7fbc2cd30700        Options.write_buffer_size: 67108864
2019/10/17-14:56:04.219473 7fbc2cd30700  Options.max_write_buffer_number: 2
2019/10/17-14:56:04.219474 7fbc2cd30700          Options.compression: NoCompression
2019/10/17-14:56:04.219475 7fbc2cd30700                  Options.bottommost_compression: Disabled
2019/10/17-14:56:04.219475 7fbc2cd30700       Options.prefix_extractor: nullptr
2019/10/17-14:56:04.219476 7fbc2cd30700   Options.memtable_insert_with_hint_prefix_extractor: nullptr
2019/10/17-14:56:04.219477 7fbc2cd30700             Options.num_levels: 7
2019/10/17-14:56:04.219477 7fbc2cd30700        Options.min_write_buffer_number_to_merge: 1
2019/10/17-14:56:04.219478 7fbc2cd30700     Options.max_write_buffer_number_to_maintain: 0
2019/10/17-14:56:04.219479 7fbc2cd30700            Options.bottommost_compression_opts.window_bits: -14
2019/10/17-14:56:04.219479 7fbc2cd30700                  Options.bottommost_compression_opts.level: 32767
2019/10/17-14:56:04.219480 7fbc2cd30700               Options.bottommost_compression_opts.strategy: 0
2019/10/17-14:56:04.219481 7fbc2cd30700         Options.bottommost_compression_opts.max_dict_bytes: 0
2019/10/17-14:56:04.219481 7fbc2cd30700         Options.bottommost_compression_opts.zstd_max_train_bytes: 0
2019/10/17-14:56:04.219482 7fbc2cd30700                  Options.bottommost_compression_opts.enabled: false
2019/10/17-14:56:04.219483 7fbc2cd30700            Options.compression_opts.window_bits: -14
2019/10/17-14:56:04.219483 7fbc2cd30700                  Options.compression_opts.level: 32767
2019/10/17-14:56:04.219484 7fbc2cd30700               Options.compression_opts.strategy: 0
2019/10/17-14:56:04.219485 7fbc2cd30700         Options.compression_opts.max_dict_bytes: 0
2019/10/17-14:56:04.219485 7fbc2cd30700         Options.compression_opts.zstd_max_train_bytes: 0
2019/10/17-14:56:04.219486 7fbc2cd30700                  Options.compression_opts.enabled: false
2019/10/17-14:56:04.219487 7fbc2cd30700      Options.level0_file_num_compaction_trigger: 4
2019/10/17-14:56:04.219487 7fbc2cd30700          Options.level0_slowdown_writes_trigger: 20
2019/10/17-14:56:04.219488 7fbc2cd30700              Options.level0_stop_writes_trigger: 36
2019/10/17-14:56:04.219489 7fbc2cd30700                   Options.target_file_size_base: 67108864
2019/10/17-14:56:04.219489 7fbc2cd30700             Options.target_file_size_multiplier: 1
2019/10/17-14:56:04.219490 7fbc2cd30700                Options.max_bytes_for_level_base: 268435456
2019/10/17-14:56:04.219491 7fbc2cd30700 Options.level_compaction_dynamic_level_bytes: 0
2019/10/17-14:56:04.219491 7fbc2cd30700          Options.max_bytes_for_level_multiplier: 10.000000
2019/10/17-14:56:04.219492 7fbc2cd30700 Options.max_bytes_for_level_multiplier_addtl[0]: 1
2019/10/17-14:56:04.219493 7fbc2cd30700 Options.max_bytes_for_level_multiplier_addtl[1]: 1
2019/10/17-14:56:04.219494 7fbc2cd30700 Options.max_bytes_for_level_multiplier_addtl[2]: 1
2019/10/17-14:56:04.219494 7fbc2cd30700 Options.max_bytes_for_level_multiplier_addtl[3]: 1
2019/10/17-14:56:04.219495 7fbc2cd30700 Options.max_bytes_for_level_multiplier_addtl[4]: 1
2019/10/17-14:56:04.219496 7fbc2cd30700 Options.max_bytes_for_level_multiplier_addtl[5]: 1
2019/10/17-14:56:04.219496 7fbc2cd30700 Options.max_bytes_for_level_multiplier_addtl[6]: 1
2019/10/17-14:56:04.219497 7fbc2cd30700       Options.max_sequential_skip_in_iterations: 8
2019/10/17-14:56:04.219498 7fbc2cd30700                    Options.max_compaction_bytes: 1677721600
2019/10/17-14:56:04.219499 7fbc2cd30700                        Options.arena_block_size: 8388608
2019/10/17-14:56:04.219499 7fbc2cd30700   Options.soft_pending_compaction_bytes_limit: 68719476736
2019/10/17-14:56:04.219503 7fbc2cd30700   Options.hard_pending_compaction_bytes_limit: 274877906944
2019/10/17-14:56:04.219504 7fbc2cd30700       Options.rate_limit_delay_max_milliseconds: 100
2019/10/17-14:56:04.219505 7fbc2cd30700                Options.disable_auto_compactions: 0
2019/10/17-14:56:04.219505 7fbc2cd30700                        Options.compaction_style: kCompactionStyleLevel
2019/10/17-14:56:04.219506 7fbc2cd30700                          Options.compaction_pri: kByCompensatedSize
2019/10/17-14:56:04.219507 7fbc2cd30700 Options.compaction_options_universal.size_ratio: 1
2019/10/17-14:56:04.219508 7fbc2cd30700 Options.compaction_options_universal.min_merge_width: 2
2019/10/17-14:56:04.219508 7fbc2cd30700 Options.compaction_options_universal.max_merge_width: 4294967295
2019/10/17-14:56:04.219509 7fbc2cd30700 Options.compaction_options_universal.max_size_amplification_percent: 200
2019/10/17-14:56:04.219510 7fbc2cd30700 Options.compaction_options_universal.compression_size_percent: -1
2019/10/17-14:56:04.219510 7fbc2cd30700 Options.compaction_options_universal.stop_style: kCompactionStopStyleTotalSize
2019/10/17-14:56:04.219511 7fbc2cd30700 Options.compaction_options_fifo.max_table_files_size: 1073741824
2019/10/17-14:56:04.219512 7fbc2cd30700 Options.compaction_options_fifo.allow_compaction: 0
2019/10/17-14:56:04.219512 7fbc2cd30700 Options.compaction_options_fifo.ttl: 0
2019/10/17-14:56:04.219513 7fbc2cd30700                   Options.table_properties_collectors: 
2019/10/17-14:56:04.219514 7fbc2cd30700                   Options.inplace_update_support: 0
2019/10/17-14:56:04.219514 7fbc2cd30700                 Options.inplace_update_num_locks: 10000
2019/10/17-14:56:04.219515 7fbc2cd30700               Options.memtable_prefix_bloom_size_ratio: 0.000000
2019/10/17-14:56:04.219516 7fbc2cd30700   Options.memtable_huge_page_size: 0
2019/10/17-14:56:04.219517 7fbc2cd30700                           Options.bloom_locality: 0
2019/10/17-14:56:04.219517 7fbc2cd30700                    Options.max_successive_merges: 0
2019/10/17-14:56:04.219518 7fbc2cd30700                Options.optimize_filters_for_hits: 0
2019/10/17-14:56:04.219519 7fbc2cd30700                Options.paranoid_file_checks: 0
2019/10/17-14:56:04.219519 7fbc2cd30700                Options.force_consistency_checks: 0
2019/10/17-14:56:04.219520 7fbc2cd30700                Options.report_bg_io_stats: 0
2019/10/17-14:56:04.219521 7fbc2cd30700                               Options.ttl: 0
2019/10/17-14:56:04.219534 7fbc2cd30700 [db/column_family.cc:472] --------------- Options for column family [dc_entries]:
2019/10/17-14:56:04.219535 7fbc2cd30700               Options.comparator: leveldb.BytewiseComparator
2019/10/17-14:56:04.219536 7fbc2cd30700           Options.merge_operator: None
2019/10/17-14:56:04.219536 7fbc2cd30700        Options.compaction_filter: None
2019/10/17-14:56:04.219537 7fbc2cd30700        Options.compaction_filter_factory: None
2019/10/17-14:56:04.219538 7fbc2cd30700         Options.memtable_factory: SkipListFactory
2019/10/17-14:56:04.219538 7fbc2cd30700            Options.table_factory: BlockBasedTable
2019/10/17-14:56:04.219547 7fbc2cd30700            table_factory options:   flush_block_policy_factory: FlushBlockBySizePolicyFactory (0x7fbbb8057e80)
  cache_index_and_filter_blocks: 0
  cache_index_and_filter_blocks_with_high_priority: 0
  pin_l0_filter_and_index_blocks_in_cache: 0
  pin_top_level_index_and_filter: 1
  index_type: 0
  hash_index_allow_collision: 1
  checksum: 1
  no_block_cache: 0
  block_cache: 0x7fbbb8089250
  block_cache_name: LRUCache
  block_cache_options:
    capacity : 8388608
    num_shard_bits : 4
    strict_capacity_limit : 0
    memory_allocator : None
    high_pri_pool_ratio: 0.000
  block_cache_compressed: (nil)
  persistent_cache: (nil)
  block_size: 4096
  block_size_deviation: 10
  block_restart_interval: 16
  index_block_restart_interval: 1
  metadata_block_size: 4096
  partition_filters: 0
  use_delta_encoding: 1
  filter_policy: nullptr
  whole_key_filtering: 1
  verify_compression: 0
  read_amp_bytes_per_bit: 0
  format_version: 2
  enable_index_compression: 1
  block_align: 0
2019/10/17-14:56:04.219552 7fbc2cd30700        Options.write_buffer_size: 67108864
2019/10/17-14:56:04.219553 7fbc2cd30700  Options.max_write_buffer_number: 2
2019/10/17-14:56:04.219554 7fbc2cd30700          Options.compression: NoCompression
2019/10/17-14:56:04.219554 7fbc2cd30700                  Options.bottommost_compression: Disabled
2019/10/17-14:56:04.219555 7fbc2cd30700       Options.prefix_extractor: nullptr
2019/10/17-14:56:04.219556 7fbc2cd30700   Options.memtable_insert_with_hint_prefix_extractor: nullptr
2019/10/17-14:56:04.219556 7fbc2cd30700             Options.num_levels: 7
2019/10/17-14:56:04.219557 7fbc2cd30700        Options.min_write_buffer_number_to_merge: 1
2019/10/17-14:56:04.219558 7fbc2cd30700     Options.max_write_buffer_number_to_maintain: 0
2019/10/17-14:56:04.219558 7fbc2cd30700            Options.bottommost_compression_opts.window_bits: -14
2019/10/17-14:56:04.219559 7fbc2cd30700                  Options.bottommost_compression_opts.level: 32767
2019/10/17-14:56:04.219560 7fbc2cd30700               Options.bottommost_compression_opts.strategy: 0
2019/10/17-14:56:04.219560 7fbc2cd30700         Options.bottommost_compression_opts.max_dict_bytes: 0
2019/10/17-14:56:04.219561 7fbc2cd30700         Options.bottommost_compression_opts.zstd_max_train_bytes: 0
2019/10/17-14:56:04.219562 7fbc2cd30700                  Options.bottommost_compression_opts.enabled: false
2019/10/17-14:56:04.219562 7fbc2cd30700            Options.compression_opts.window_bits: -14
2019/10/17-14:56:04.219563 7fbc2cd30700                  Options.compression_opts.level: 32767
2019/10/17-14:56:04.219564 7fbc2cd30700               Options.compression_opts.strategy: 0
2019/10/17-14:56:04.219564 7fbc2cd30700         Options.compression_opts.max_dict_bytes: 0
2019/10/17-14:56:04.219565 7fbc2cd30700         Options.compression_opts.zstd_max_train_bytes: 0
2019/10/17-14:56:04.219566 7fbc2cd30700                  Options.compression_opts.enabled: false
2019/10/17-14:56:04.219566 7fbc2cd30700      Options.level0_file_num_compaction_trigger: 4
2019/10/17-14:56:04.219567 7fbc2cd30700          Options.level0_slowdown_writes_trigger: 20
2019/10/17-14:56:04.219568 7fbc2cd30700              Options.level0_stop_writes_trigger: 36
2019/10/17-14:56:04.219568 7fbc2cd30700                   Options.target_file_size_base: 67108864
2019/10/17-14:56:04.219569 7fbc2cd30700             Options.target_file_size_multiplier: 1
2019/10/17-14:56:04.219570 7fbc2cd30700                Options.max_bytes_for_level_base: 268435456
2019/10/17-14:56:04.219570 7fbc2cd30700 Options.level_compaction_dynamic_level_bytes: 0
2019/10/17-14:56:04.219571 7fbc2cd30700          Options.max_bytes_for_level_multiplier: 10.000000
2019/10/17-14:56:04.219572 7fbc2cd30700 Options.max_bytes_for_level_multiplier_addtl[0]: 1
2019/10/17-14:56:04.219573 7fbc2cd30700 Options.max_bytes_for_level_multiplier_addtl[1]: 1
2019/10/17-14:56:04.219573 7fbc2cd30700 Options.max_bytes_for_level_multiplier_addtl[2]: 1
2019/10/17-14:56:04.219574 7fbc2cd30700 Options.max_bytes_for_level_multiplier_addtl[3]: 1
2019/10/17-14:56:04.219575 7fbc2cd30700 Options.max_bytes_for_level_multiplier_addtl[4]: 1
2019/10/17-14:56:04.219575 7fbc2cd30700 Options.max_bytes_for_level_multiplier_addtl[5]: 1
2019/10/17-14:56:04.219576 7fbc2cd30700 Options.max_bytes_for_level_multiplier_addtl[6]: 1
2019/10/17-14:56:04.219577 7fbc2cd30700       Options.max_sequential_skip_in_iterations: 8
2019/10/17-14:56:04.219577 7fbc2cd30700                    Options.max_compaction_bytes: 1677721600
2019/10/17-14:56:04.219578 7fbc2cd30700                        Options.arena_block_size: 8388608
2019/10/17-14:56:04.219579 7fbc2cd30700   Options.soft_pending_compaction_bytes_limit: 68719476736
2019/10/17-14:56:04.219580 7fbc2cd30700   Options.hard_pending_compaction_bytes_limit: 274877906944
2019/10/17-14:56:04.219580 7fbc2cd30700       Options.rate_limit_delay_max_milliseconds: 100
2019/10/17-14:56:04.219581 7fbc2cd30700                Options.disable_auto_compactions: 0
2019/10/17-14:56:04.219585 7fbc2cd30700                        Options.compaction_style: kCompactionStyleLevel
2019/10/17-14:56:04.219586 7fbc2cd30700                          Options.compaction_pri: kByCompensatedSize
2019/10/17-14:56:04.219587 7fbc2cd30700 Options.compaction_options_universal.size_ratio: 1
2019/10/17-14:56:04.219587 7fbc2cd30700 Options.compaction_options_universal.min_merge_width: 2
2019/10/17-14:56:04.219588 7fbc2cd30700 Options.compaction_options_universal.max_merge_width: 4294967295
2019/10/17-14:56:04.219589 7fbc2cd30700 Options.compaction_options_universal.max_size_amplification_percent: 200
2019/10/17-14:56:04.219589 7fbc2cd30700 Options.compaction_options_universal.compression_size_percent: -1
2019/10/17-14:56:04.219590 7fbc2cd30700 Options.compaction_options_universal.stop_style: kCompactionStopStyleTotalSize
2019/10/17-14:56:04.219591 7fbc2cd30700 Options.compaction_options_fifo.max_table_files_size: 1073741824
2019/10/17-14:56:04.219591 7fbc2cd30700 Options.compaction_options_fifo.allow_compaction: 0
2019/10/17-14:56:04.219592 7fbc2cd30700 Options.compaction_options_fifo.ttl: 0
2019/10/17-14:56:04.219593 7fbc2cd30700                   Options.table_properties_collectors: 
2019/10/17-14:56:04.219593 7fbc2cd30700                   Options.inplace_update_support: 0
2019/10/17-14:56:04.219594 7fbc2cd30700                 Options.inplace_update_num_locks: 10000
2019/10/17-14:56:04.219595 7fbc2cd30700               Options.memtable_prefix_bloom_size_ratio: 0.000000
2019/10/17-14:56:04.219596 7fbc2cd30700   Options.memtable_huge_page_size: 0
2019/10/17-14:56:04.219596 7fbc2cd30700                           Options.bloom_locality: 0
2019/10/17-14:56:04.219597 7fbc2cd30700                    Options.max_successive_merges: 0
2019/10/17-14:56:04.219598 7fbc2cd30700                Options.optimize_filters_for_hits: 0
2019/10/17-14:56:04.219598 7fbc2cd30700                Options.paranoid_file_checks: 0
2019/10/17-14:56:04.219599 7fbc2cd30700                Options.force_consistency_checks: 0
2019/10/17-14:56:04.219600 7fbc2cd30700                Options.report_bg_io_stats: 0
2019/10/17-14:56:04.219600 7fbc2cd30700                               Options.ttl: 0
2019/10/17-14:56:04.219611 7fbc2cd30700 [db/column_family.cc:472] --------------- Options for column family [htlcs]:
2019/10/17-14:56:04.219612 7fbc2cd30700               Options.comparator: leveldb.BytewiseComparator
2019/10/17-14:56:04.219612 7fbc2cd30700           Options.merge_operator: None
2019/10/17-14:56:04.219613 7fbc2cd30700        Options.compaction_filter: None
2019/10/17-14:56:04.219614 7fbc2cd30700        Options.compaction_filter_factory: None
2019/10/17-14:56:04.219614 7fbc2cd30700         Options.memtable_factory: SkipListFactory
2019/10/17-14:56:04.219615 7fbc2cd30700            Options.table_factory: BlockBasedTable
2019/10/17-14:56:04.219623 7fbc2cd30700            table_factory options:   flush_block_policy_factory: FlushBlockBySizePolicyFactory (0x7fbbb8036de0)
