2019/10/17-14:56:11.791538 7fbc2cd30700 RocksDB version: 5.18.3
2019/10/17-14:56:11.791571 7fbc2cd30700 Git sha rocksdb_build_git_sha:@0@
2019/10/17-14:56:11.791573 7fbc2cd30700 Compile date Sep 19 2019
2019/10/17-14:56:11.791574 7fbc2cd30700 DB SUMMARY
2019/10/17-14:56:11.792257 7fbc2cd30700 CURRENT file:  CURRENT
2019/10/17-14:56:11.792259 7fbc2cd30700 IDENTITY file:  IDENTITY
2019/10/17-14:56:11.792286 7fbc2cd30700 MANIFEST file:  MANIFEST-116902 size: 4114 Bytes
2019/10/17-14:56:11.792288 7fbc2cd30700 SST files in /home/rahul/dev/blockchain-core/eqc/ledger.db dir, Total Num: 29, files: 000624.sst 000627.sst 106940.sst 108447.sst 108450.sst 109471.sst 109483.sst 109485.sst 109486.sst 
2019/10/17-14:56:11.792289 7fbc2cd30700 Write Ahead Log file in /home/rahul/dev/blockchain-core/eqc/ledger.db: 116903.log size: 0 ; 
2019/10/17-14:56:11.792322 7fbc2cd30700                         Options.error_if_exists: 0
2019/10/17-14:56:11.792323 7fbc2cd30700                       Options.create_if_missing: 1
2019/10/17-14:56:11.792324 7fbc2cd30700                         Options.paranoid_checks: 1
2019/10/17-14:56:11.792324 7fbc2cd30700                                     Options.env: 0x7fbbafa7bc60
2019/10/17-14:56:11.792325 7fbc2cd30700                                Options.info_log: 0x7fbbb8044020
2019/10/17-14:56:11.792326 7fbc2cd30700                Options.max_file_opening_threads: 16
2019/10/17-14:56:11.792327 7fbc2cd30700                              Options.statistics: (nil)
2019/10/17-14:56:11.792327 7fbc2cd30700                               Options.use_fsync: 0
2019/10/17-14:56:11.792328 7fbc2cd30700                       Options.max_log_file_size: 0
2019/10/17-14:56:11.792329 7fbc2cd30700                  Options.max_manifest_file_size: 1073741824
2019/10/17-14:56:11.792330 7fbc2cd30700                   Options.log_file_time_to_roll: 0
2019/10/17-14:56:11.792331 7fbc2cd30700                       Options.keep_log_file_num: 1000
2019/10/17-14:56:11.792331 7fbc2cd30700                    Options.recycle_log_file_num: 0
2019/10/17-14:56:11.792332 7fbc2cd30700                         Options.allow_fallocate: 1
2019/10/17-14:56:11.792333 7fbc2cd30700                        Options.allow_mmap_reads: 0
2019/10/17-14:56:11.792333 7fbc2cd30700                       Options.allow_mmap_writes: 0
2019/10/17-14:56:11.792334 7fbc2cd30700                        Options.use_direct_reads: 0
2019/10/17-14:56:11.792335 7fbc2cd30700                        Options.use_direct_io_for_flush_and_compaction: 0
2019/10/17-14:56:11.792335 7fbc2cd30700          Options.create_missing_column_families: 0
2019/10/17-14:56:11.792336 7fbc2cd30700                              Options.db_log_dir: 
2019/10/17-14:56:11.792337 7fbc2cd30700                                 Options.wal_dir: /home/rahul/dev/blockchain-core/eqc/ledger.db
2019/10/17-14:56:11.792338 7fbc2cd30700                Options.table_cache_numshardbits: 6
2019/10/17-14:56:11.792338 7fbc2cd30700                      Options.max_subcompactions: 1
2019/10/17-14:56:11.792339 7fbc2cd30700                  Options.max_background_flushes: -1
2019/10/17-14:56:11.792340 7fbc2cd30700                         Options.WAL_ttl_seconds: 0
2019/10/17-14:56:11.792341 7fbc2cd30700                       Options.WAL_size_limit_MB: 0
2019/10/17-14:56:11.792341 7fbc2cd30700             Options.manifest_preallocation_size: 4194304
2019/10/17-14:56:11.792342 7fbc2cd30700                     Options.is_fd_close_on_exec: 1
2019/10/17-14:56:11.792343 7fbc2cd30700                   Options.advise_random_on_open: 1
2019/10/17-14:56:11.792343 7fbc2cd30700                    Options.db_write_buffer_size: 0
2019/10/17-14:56:11.792344 7fbc2cd30700                    Options.write_buffer_manager: 0x7fbbb806d4f0
2019/10/17-14:56:11.792345 7fbc2cd30700         Options.access_hint_on_compaction_start: 1
2019/10/17-14:56:11.792346 7fbc2cd30700  Options.new_table_reader_for_compaction_inputs: 0
2019/10/17-14:56:11.792346 7fbc2cd30700           Options.random_access_max_buffer_size: 1048576
2019/10/17-14:56:11.792347 7fbc2cd30700                      Options.use_adaptive_mutex: 0
2019/10/17-14:56:11.792348 7fbc2cd30700                            Options.rate_limiter: (nil)
2019/10/17-14:56:11.792356 7fbc2cd30700     Options.sst_file_manager.rate_bytes_per_sec: 0
2019/10/17-14:56:11.792357 7fbc2cd30700                       Options.wal_recovery_mode: 2
2019/10/17-14:56:11.792358 7fbc2cd30700                  Options.enable_thread_tracking: 0
2019/10/17-14:56:11.792359 7fbc2cd30700                  Options.enable_pipelined_write: 0
2019/10/17-14:56:11.792360 7fbc2cd30700         Options.allow_concurrent_memtable_write: 1
2019/10/17-14:56:11.792360 7fbc2cd30700      Options.enable_write_thread_adaptive_yield: 1
2019/10/17-14:56:11.792361 7fbc2cd30700             Options.write_thread_max_yield_usec: 100
2019/10/17-14:56:11.792362 7fbc2cd30700            Options.write_thread_slow_yield_usec: 3
2019/10/17-14:56:11.792362 7fbc2cd30700                               Options.row_cache: None
2019/10/17-14:56:11.792363 7fbc2cd30700                              Options.wal_filter: None
2019/10/17-14:56:11.792364 7fbc2cd30700             Options.avoid_flush_during_recovery: 0
2019/10/17-14:56:11.792365 7fbc2cd30700             Options.allow_ingest_behind: 0
2019/10/17-14:56:11.792365 7fbc2cd30700             Options.preserve_deletes: 0
2019/10/17-14:56:11.792366 7fbc2cd30700             Options.two_write_queues: 0
2019/10/17-14:56:11.792367 7fbc2cd30700             Options.manual_wal_flush: 0
2019/10/17-14:56:11.792367 7fbc2cd30700             Options.max_background_jobs: 2
2019/10/17-14:56:11.792368 7fbc2cd30700             Options.max_background_compactions: -1
2019/10/17-14:56:11.792369 7fbc2cd30700             Options.avoid_flush_during_shutdown: 0
2019/10/17-14:56:11.792370 7fbc2cd30700           Options.writable_file_max_buffer_size: 1048576
2019/10/17-14:56:11.792370 7fbc2cd30700             Options.delayed_write_rate : 16777216
2019/10/17-14:56:11.792371 7fbc2cd30700             Options.max_total_wal_size: 0
2019/10/17-14:56:11.792372 7fbc2cd30700             Options.delete_obsolete_files_period_micros: 21600000000
2019/10/17-14:56:11.792373 7fbc2cd30700                   Options.stats_dump_period_sec: 600
2019/10/17-14:56:11.792373 7fbc2cd30700                          Options.max_open_files: -1
2019/10/17-14:56:11.792374 7fbc2cd30700                          Options.bytes_per_sync: 0
2019/10/17-14:56:11.792375 7fbc2cd30700                      Options.wal_bytes_per_sync: 0
2019/10/17-14:56:11.792375 7fbc2cd30700       Options.compaction_readahead_size: 0
2019/10/17-14:56:11.792376 7fbc2cd30700 Compression algorithms supported:
2019/10/17-14:56:11.792377 7fbc2cd30700 	kZSTDNotFinalCompression supported: 0
2019/10/17-14:56:11.792378 7fbc2cd30700 	kZSTD supported: 0
2019/10/17-14:56:11.792379 7fbc2cd30700 	kXpressCompression supported: 0
2019/10/17-14:56:11.792379 7fbc2cd30700 	kLZ4HCCompression supported: 0
2019/10/17-14:56:11.792380 7fbc2cd30700 	kLZ4Compression supported: 0
2019/10/17-14:56:11.792381 7fbc2cd30700 	kBZip2Compression supported: 0
2019/10/17-14:56:11.792382 7fbc2cd30700 	kZlibCompression supported: 0
2019/10/17-14:56:11.792382 7fbc2cd30700 	kSnappyCompression supported: 0
2019/10/17-14:56:11.792384 7fbc2cd30700 Fast CRC32 supported: Supported on x86
2019/10/17-14:56:11.792471 7fbc2cd30700 [db/version_set.cc:3507] Recovering from manifest file: MANIFEST-116902
2019/10/17-14:56:11.792501 7fbc2cd30700 [db/column_family.cc:472] --------------- Options for column family [default]:
2019/10/17-14:56:11.792502 7fbc2cd30700               Options.comparator: leveldb.BytewiseComparator
2019/10/17-14:56:11.792503 7fbc2cd30700           Options.merge_operator: None
2019/10/17-14:56:11.792504 7fbc2cd30700        Options.compaction_filter: None
2019/10/17-14:56:11.792505 7fbc2cd30700        Options.compaction_filter_factory: None
2019/10/17-14:56:11.792506 7fbc2cd30700         Options.memtable_factory: SkipListFactory
2019/10/17-14:56:11.792506 7fbc2cd30700            Options.table_factory: BlockBasedTable
2019/10/17-14:56:11.792521 7fbc2cd30700            table_factory options:   flush_block_policy_factory: FlushBlockBySizePolicyFactory (0x7fbbb803a4b0)
  cache_index_and_filter_blocks: 0
  cache_index_and_filter_blocks_with_high_priority: 0
  pin_l0_filter_and_index_blocks_in_cache: 0
  pin_top_level_index_and_filter: 1
  index_type: 0
  hash_index_allow_collision: 1
  checksum: 1
  no_block_cache: 0
  block_cache: 0x7fbbb810ce50
  block_cache_name: LRUCache
  block_cache_options:
    capacity : 8388608
    num_shard_bits : 4
    strict_capacity_limit : 0
    memory_allocator : None
    high_pri_pool_ratio: 0.000
  block_cache_compressed: (nil)
  persistent_cache: (nil)
  block_size: 4096
  block_size_deviation: 10
  block_restart_interval: 16
  index_block_restart_interval: 1
  metadata_block_size: 4096
  partition_filters: 0
  use_delta_encoding: 1
  filter_policy: nullptr
  whole_key_filtering: 1
  verify_compression: 0
  read_amp_bytes_per_bit: 0
  format_version: 2
  enable_index_compression: 1
  block_align: 0
2019/10/17-14:56:11.792529 7fbc2cd30700        Options.write_buffer_size: 67108864
2019/10/17-14:56:11.792530 7fbc2cd30700  Options.max_write_buffer_number: 2
2019/10/17-14:56:11.792531 7fbc2cd30700          Options.compression: NoCompression
2019/10/17-14:56:11.792532 7fbc2cd30700                  Options.bottommost_compression: Disabled
2019/10/17-14:56:11.792533 7fbc2cd30700       Options.prefix_extractor: nullptr
2019/10/17-14:56:11.792533 7fbc2cd30700   Options.memtable_insert_with_hint_prefix_extractor: nullptr
2019/10/17-14:56:11.792534 7fbc2cd30700             Options.num_levels: 7
2019/10/17-14:56:11.792535 7fbc2cd30700        Options.min_write_buffer_number_to_merge: 1
2019/10/17-14:56:11.792535 7fbc2cd30700     Options.max_write_buffer_number_to_maintain: 0
2019/10/17-14:56:11.792536 7fbc2cd30700            Options.bottommost_compression_opts.window_bits: -14
2019/10/17-14:56:11.792537 7fbc2cd30700                  Options.bottommost_compression_opts.level: 32767
2019/10/17-14:56:11.792538 7fbc2cd30700               Options.bottommost_compression_opts.strategy: 0
2019/10/17-14:56:11.792538 7fbc2cd30700         Options.bottommost_compression_opts.max_dict_bytes: 0
2019/10/17-14:56:11.792539 7fbc2cd30700         Options.bottommost_compression_opts.zstd_max_train_bytes: 0
2019/10/17-14:56:11.792540 7fbc2cd30700                  Options.bottommost_compression_opts.enabled: false
2019/10/17-14:56:11.792540 7fbc2cd30700            Options.compression_opts.window_bits: -14
2019/10/17-14:56:11.792541 7fbc2cd30700                  Options.compression_opts.level: 32767
2019/10/17-14:56:11.792542 7fbc2cd30700               Options.compression_opts.strategy: 0
2019/10/17-14:56:11.792543 7fbc2cd30700         Options.compression_opts.max_dict_bytes: 0
2019/10/17-14:56:11.792543 7fbc2cd30700         Options.compression_opts.zstd_max_train_bytes: 0
2019/10/17-14:56:11.792544 7fbc2cd30700                  Options.compression_opts.enabled: false
2019/10/17-14:56:11.792545 7fbc2cd30700      Options.level0_file_num_compaction_trigger: 4
2019/10/17-14:56:11.792545 7fbc2cd30700          Options.level0_slowdown_writes_trigger: 20
2019/10/17-14:56:11.792546 7fbc2cd30700              Options.level0_stop_writes_trigger: 36
2019/10/17-14:56:11.792547 7fbc2cd30700                   Options.target_file_size_base: 67108864
2019/10/17-14:56:11.792547 7fbc2cd30700             Options.target_file_size_multiplier: 1
2019/10/17-14:56:11.792548 7fbc2cd30700                Options.max_bytes_for_level_base: 268435456
2019/10/17-14:56:11.792549 7fbc2cd30700 Options.level_compaction_dynamic_level_bytes: 0
2019/10/17-14:56:11.792550 7fbc2cd30700          Options.max_bytes_for_level_multiplier: 10.000000
2019/10/17-14:56:11.792552 7fbc2cd30700 Options.max_bytes_for_level_multiplier_addtl[0]: 1
2019/10/17-14:56:11.792553 7fbc2cd30700 Options.max_bytes_for_level_multiplier_addtl[1]: 1
2019/10/17-14:56:11.792553 7fbc2cd30700 Options.max_bytes_for_level_multiplier_addtl[2]: 1
2019/10/17-14:56:11.792554 7fbc2cd30700 Options.max_bytes_for_level_multiplier_addtl[3]: 1
2019/10/17-14:56:11.792555 7fbc2cd30700 Options.max_bytes_for_level_multiplier_addtl[4]: 1
2019/10/17-14:56:11.792559 7fbc2cd30700 Options.max_bytes_for_level_multiplier_addtl[5]: 1
2019/10/17-14:56:11.792560 7fbc2cd30700 Options.max_bytes_for_level_multiplier_addtl[6]: 1
2019/10/17-14:56:11.792561 7fbc2cd30700       Options.max_sequential_skip_in_iterations: 8
2019/10/17-14:56:11.792562 7fbc2cd30700                    Options.max_compaction_bytes: 1677721600
2019/10/17-14:56:11.792562 7fbc2cd30700                        Options.arena_block_size: 8388608
2019/10/17-14:56:11.792563 7fbc2cd30700   Options.soft_pending_compaction_bytes_limit: 68719476736
2019/10/17-14:56:11.792564 7fbc2cd30700   Options.hard_pending_compaction_bytes_limit: 274877906944
2019/10/17-14:56:11.792565 7fbc2cd30700       Options.rate_limit_delay_max_milliseconds: 100
2019/10/17-14:56:11.792565 7fbc2cd30700                Options.disable_auto_compactions: 0
2019/10/17-14:56:11.792567 7fbc2cd30700                        Options.compaction_style: kCompactionStyleLevel
2019/10/17-14:56:11.792568 7fbc2cd30700                          Options.compaction_pri: kByCompensatedSize
2019/10/17-14:56:11.792568 7fbc2cd30700 Options.compaction_options_universal.size_ratio: 1
2019/10/17-14:56:11.792569 7fbc2cd30700 Options.compaction_options_universal.min_merge_width: 2
2019/10/17-14:56:11.792570 7fbc2cd30700 Options.compaction_options_universal.max_merge_width: 4294967295
2019/10/17-14:56:11.792571 7fbc2cd30700 Options.compaction_options_universal.max_size_amplification_percent: 200
2019/10/17-14:56:11.792571 7fbc2cd30700 Options.compaction_options_universal.compression_size_percent: -1
2019/10/17-14:56:11.792572 7fbc2cd30700 Options.compaction_options_universal.stop_style: kCompactionStopStyleTotalSize
2019/10/17-14:56:11.792573 7fbc2cd30700 Options.compaction_options_fifo.max_table_files_size: 1073741824
2019/10/17-14:56:11.792574 7fbc2cd30700 Options.compaction_options_fifo.allow_compaction: 0
2019/10/17-14:56:11.792574 7fbc2cd30700 Options.compaction_options_fifo.ttl: 0
2019/10/17-14:56:11.792575 7fbc2cd30700                   Options.table_properties_collectors: 
2019/10/17-14:56:11.792576 7fbc2cd30700                   Options.inplace_update_support: 0
2019/10/17-14:56:11.792577 7fbc2cd30700                 Options.inplace_update_num_locks: 10000
2019/10/17-14:56:11.792577 7fbc2cd30700               Options.memtable_prefix_bloom_size_ratio: 0.000000
2019/10/17-14:56:11.792578 7fbc2cd30700   Options.memtable_huge_page_size: 0
2019/10/17-14:56:11.792579 7fbc2cd30700                           Options.bloom_locality: 0
2019/10/17-14:56:11.792580 7fbc2cd30700                    Options.max_successive_merges: 0
2019/10/17-14:56:11.792581 7fbc2cd30700                Options.optimize_filters_for_hits: 0
2019/10/17-14:56:11.792581 7fbc2cd30700                Options.paranoid_file_checks: 0
2019/10/17-14:56:11.792582 7fbc2cd30700                Options.force_consistency_checks: 0
2019/10/17-14:56:11.792583 7fbc2cd30700                Options.report_bg_io_stats: 0
2019/10/17-14:56:11.792583 7fbc2cd30700                               Options.ttl: 0
2019/10/17-14:56:11.792607 7fbc2cd30700 [db/column_family.cc:472] --------------- Options for column family [active_gateways]:
2019/10/17-14:56:11.792609 7fbc2cd30700               Options.comparator: leveldb.BytewiseComparator
2019/10/17-14:56:11.792609 7fbc2cd30700           Options.merge_operator: None
2019/10/17-14:56:11.792610 7fbc2cd30700        Options.compaction_filter: None
2019/10/17-14:56:11.792611 7fbc2cd30700        Options.compaction_filter_factory: None
2019/10/17-14:56:11.792612 7fbc2cd30700         Options.memtable_factory: SkipListFactory
2019/10/17-14:56:11.792612 7fbc2cd30700            Options.table_factory: BlockBasedTable
2019/10/17-14:56:11.792622 7fbc2cd30700            table_factory options:   flush_block_policy_factory: FlushBlockBySizePolicyFactory (0x7fbbb80224e0)
  cache_index_and_filter_blocks: 0
  cache_index_and_filter_blocks_with_high_priority: 0
  pin_l0_filter_and_index_blocks_in_cache: 0
  pin_top_level_index_and_filter: 1
  index_type: 0
  hash_index_allow_collision: 1
  checksum: 1
  no_block_cache: 0
  block_cache: 0x7fbbb8094c80
  block_cache_name: LRUCache
  block_cache_options:
    capacity : 8388608
    num_shard_bits : 4
    strict_capacity_limit : 0
    memory_allocator : None
    high_pri_pool_ratio: 0.000
  block_cache_compressed: (nil)
  persistent_cache: (nil)
  block_size: 4096
  block_size_deviation: 10
  block_restart_interval: 16
  index_block_restart_interval: 1
  metadata_block_size: 4096
  partition_filters: 0
  use_delta_encoding: 1
  filter_policy: nullptr
  whole_key_filtering: 1
  verify_compression: 0
  read_amp_bytes_per_bit: 0
  format_version: 2
  enable_index_compression: 1
  block_align: 0
2019/10/17-14:56:11.792642 7fbc2cd30700        Options.write_buffer_size: 67108864
2019/10/17-14:56:11.792643 7fbc2cd30700  Options.max_write_buffer_number: 2
2019/10/17-14:56:11.792643 7fbc2cd30700          Options.compression: NoCompression
2019/10/17-14:56:11.792644 7fbc2cd30700                  Options.bottommost_compression: Disabled
2019/10/17-14:56:11.792645 7fbc2cd30700       Options.prefix_extractor: nullptr
2019/10/17-14:56:11.792645 7fbc2cd30700   Options.memtable_insert_with_hint_prefix_extractor: nullptr
2019/10/17-14:56:11.792646 7fbc2cd30700             Options.num_levels: 7
2019/10/17-14:56:11.792647 7fbc2cd30700        Options.min_write_buffer_number_to_merge: 1
2019/10/17-14:56:11.792647 7fbc2cd30700     Options.max_write_buffer_number_to_maintain: 0
2019/10/17-14:56:11.792648 7fbc2cd30700            Options.bottommost_compression_opts.window_bits: -14
2019/10/17-14:56:11.792649 7fbc2cd30700                  Options.bottommost_compression_opts.level: 32767
2019/10/17-14:56:11.792650 7fbc2cd30700               Options.bottommost_compression_opts.strategy: 0
2019/10/17-14:56:11.792650 7fbc2cd30700         Options.bottommost_compression_opts.max_dict_bytes: 0
2019/10/17-14:56:11.792651 7fbc2cd30700         Options.bottommost_compression_opts.zstd_max_train_bytes: 0
2019/10/17-14:56:11.792652 7fbc2cd30700                  Options.bottommost_compression_opts.enabled: false
2019/10/17-14:56:11.792652 7fbc2cd30700            Options.compression_opts.window_bits: -14
2019/10/17-14:56:11.792653 7fbc2cd30700                  Options.compression_opts.level: 32767
2019/10/17-14:56:11.792654 7fbc2cd30700               Options.compression_opts.strategy: 0
2019/10/17-14:56:11.792654 7fbc2cd30700         Options.compression_opts.max_dict_bytes: 0
2019/10/17-14:56:11.792655 7fbc2cd30700         Options.compression_opts.zstd_max_train_bytes: 0
2019/10/17-14:56:11.792656 7fbc2cd30700                  Options.compression_opts.enabled: false
2019/10/17-14:56:11.792656 7fbc2cd30700      Options.level0_file_num_compaction_trigger: 4
2019/10/17-14:56:11.792657 7fbc2cd30700          Options.level0_slowdown_writes_trigger: 20
2019/10/17-14:56:11.792658 7fbc2cd30700              Options.level0_stop_writes_trigger: 36
2019/10/17-14:56:11.792658 7fbc2cd30700                   Options.target_file_size_base: 67108864
2019/10/17-14:56:11.792659 7fbc2cd30700             Options.target_file_size_multiplier: 1
2019/10/17-14:56:11.792660 7fbc2cd30700                Options.max_bytes_for_level_base: 268435456
2019/10/17-14:56:11.792660 7fbc2cd30700 Options.level_compaction_dynamic_level_bytes: 0
2019/10/17-14:56:11.792661 7fbc2cd30700          Options.max_bytes_for_level_multiplier: 10.000000
2019/10/17-14:56:11.792662 7fbc2cd30700 Options.max_bytes_for_level_multiplier_addtl[0]: 1
2019/10/17-14:56:11.792663 7fbc2cd30700 Options.max_bytes_for_level_multiplier_addtl[1]: 1
2019/10/17-14:56:11.792664 7fbc2cd30700 Options.max_bytes_for_level_multiplier_addtl[2]: 1
2019/10/17-14:56:11.792664 7fbc2cd30700 Options.max_bytes_for_level_multiplier_addtl[3]: 1
2019/10/17-14:56:11.792665 7fbc2cd30700 Options.max_bytes_for_level_multiplier_addtl[4]: 1
2019/10/17-14:56:11.792666 7fbc2cd30700 Options.max_bytes_for_level_multiplier_addtl[5]: 1
2019/10/17-14:56:11.792666 7fbc2cd30700 Options.max_bytes_for_level_multiplier_addtl[6]: 1
2019/10/17-14:56:11.792667 7fbc2cd30700       Options.max_sequential_skip_in_iterations: 8
2019/10/17-14:56:11.792671 7fbc2cd30700                    Options.max_compaction_bytes: 1677721600
2019/10/17-14:56:11.792672 7fbc2cd30700                        Options.arena_block_size: 8388608
2019/10/17-14:56:11.792673 7fbc2cd30700   Options.soft_pending_compaction_bytes_limit: 68719476736
2019/10/17-14:56:11.792673 7fbc2cd30700   Options.hard_pending_compaction_bytes_limit: 274877906944
2019/10/17-14:56:11.792674 7fbc2cd30700       Options.rate_limit_delay_max_milliseconds: 100
2019/10/17-14:56:11.792675 7fbc2cd30700                Options.disable_auto_compactions: 0
2019/10/17-14:56:11.792676 7fbc2cd30700                        Options.compaction_style: kCompactionStyleLevel
2019/10/17-14:56:11.792676 7fbc2cd30700                          Options.compaction_pri: kByCompensatedSize
2019/10/17-14:56:11.792677 7fbc2cd30700 Options.compaction_options_universal.size_ratio: 1
2019/10/17-14:56:11.792678 7fbc2cd30700 Options.compaction_options_universal.min_merge_width: 2
2019/10/17-14:56:11.792678 7fbc2cd30700 Options.compaction_options_universal.max_merge_width: 4294967295
2019/10/17-14:56:11.792679 7fbc2cd30700 Options.compaction_options_universal.max_size_amplification_percent: 200
2019/10/17-14:56:11.792680 7fbc2cd30700 Options.compaction_options_universal.compression_size_percent: -1
2019/10/17-14:56:11.792681 7fbc2cd30700 Options.compaction_options_universal.stop_style: kCompactionStopStyleTotalSize
2019/10/17-14:56:11.792681 7fbc2cd30700 Options.compaction_options_fifo.max_table_files_size: 1073741824
2019/10/17-14:56:11.792682 7fbc2cd30700 Options.compaction_options_fifo.allow_compaction: 0
2019/10/17-14:56:11.792683 7fbc2cd30700 Options.compaction_options_fifo.ttl: 0
2019/10/17-14:56:11.792683 7fbc2cd30700                   Options.table_properties_collectors: 
2019/10/17-14:56:11.792684 7fbc2cd30700                   Options.inplace_update_support: 0
2019/10/17-14:56:11.792685 7fbc2cd30700                 Options.inplace_update_num_locks: 10000
2019/10/17-14:56:11.792685 7fbc2cd30700               Options.memtable_prefix_bloom_size_ratio: 0.000000
2019/10/17-14:56:11.792686 7fbc2cd30700   Options.memtable_huge_page_size: 0
2019/10/17-14:56:11.792687 7fbc2cd30700                           Options.bloom_locality: 0
2019/10/17-14:56:11.792688 7fbc2cd30700                    Options.max_successive_merges: 0
2019/10/17-14:56:11.792688 7fbc2cd30700                Options.optimize_filters_for_hits: 0
2019/10/17-14:56:11.792689 7fbc2cd30700                Options.paranoid_file_checks: 0
2019/10/17-14:56:11.792690 7fbc2cd30700                Options.force_consistency_checks: 0
2019/10/17-14:56:11.792690 7fbc2cd30700                Options.report_bg_io_stats: 0
2019/10/17-14:56:11.792691 7fbc2cd30700                               Options.ttl: 0
2019/10/17-14:56:11.792706 7fbc2cd30700 [db/column_family.cc:472] --------------- Options for column family [entries]:
2019/10/17-14:56:11.792707 7fbc2cd30700               Options.comparator: leveldb.BytewiseComparator
2019/10/17-14:56:11.792708 7fbc2cd30700           Options.merge_operator: None
2019/10/17-14:56:11.792709 7fbc2cd30700        Options.compaction_filter: None
2019/10/17-14:56:11.792709 7fbc2cd30700        Options.compaction_filter_factory: None
2019/10/17-14:56:11.792710 7fbc2cd30700         Options.memtable_factory: SkipListFactory
2019/10/17-14:56:11.792711 7fbc2cd30700            Options.table_factory: BlockBasedTable
2019/10/17-14:56:11.792719 7fbc2cd30700            table_factory options:   flush_block_policy_factory: FlushBlockBySizePolicyFactory (0x7fbbb809bd10)
  cache_index_and_filter_blocks: 0
  cache_index_and_filter_blocks_with_high_priority: 0
  pin_l0_filter_and_index_blocks_in_cache: 0
  pin_top_level_index_and_filter: 1
  index_type: 0
  hash_index_allow_collision: 1
  checksum: 1
  no_block_cache: 0
  block_cache: 0x7fbbb804b7e0
  block_cache_name: LRUCache
  block_cache_options:
    capacity : 8388608
    num_shard_bits : 4
    strict_capacity_limit : 0
    memory_allocator : None
    high_pri_pool_ratio: 0.000
  block_cache_compressed: (nil)
  persistent_cache: (nil)
  block_size: 4096
  block_size_deviation: 10
  block_restart_interval: 16
  index_block_restart_interval: 1
  metadata_block_size: 4096
  partition_filters: 0
  use_delta_encoding: 1
  filter_policy: nullptr
  whole_key_filtering: 1
  verify_compression: 0
  read_amp_bytes_per_bit: 0
  format_version: 2
  enable_index_compression: 1
  block_align: 0
2019/10/17-14:56:11.792725 7fbc2cd30700        Options.write_buffer_size: 67108864
2019/10/17-14:56:11.792726 7fbc2cd30700  Options.max_write_buffer_number: 2
2019/10/17-14:56:11.792726 7fbc2cd30700          Options.compression: NoCompression
2019/10/17-14:56:11.792727 7fbc2cd30700                  Options.bottommost_compression: Disabled
2019/10/17-14:56:11.792728 7fbc2cd30700       Options.prefix_extractor: nullptr
2019/10/17-14:56:11.792728 7fbc2cd30700   Options.memtable_insert_with_hint_prefix_extractor: nullptr
2019/10/17-14:56:11.792729 7fbc2cd30700             Options.num_levels: 7
2019/10/17-14:56:11.792730 7fbc2cd30700        Options.min_write_buffer_number_to_merge: 1
2019/10/17-14:56:11.792730 7fbc2cd30700     Options.max_write_buffer_number_to_maintain: 0
2019/10/17-14:56:11.792731 7fbc2cd30700            Options.bottommost_compression_opts.window_bits: -14
2019/10/17-14:56:11.792732 7fbc2cd30700                  Options.bottommost_compression_opts.level: 32767
2019/10/17-14:56:11.792732 7fbc2cd30700               Options.bottommost_compression_opts.strategy: 0
2019/10/17-14:56:11.792733 7fbc2cd30700         Options.bottommost_compression_opts.max_dict_bytes: 0
2019/10/17-14:56:11.792734 7fbc2cd30700         Options.bottommost_compression_opts.zstd_max_train_bytes: 0
2019/10/17-14:56:11.792734 7fbc2cd30700                  Options.bottommost_compression_opts.enabled: false
2019/10/17-14:56:11.792735 7fbc2cd30700            Options.compression_opts.window_bits: -14
2019/10/17-14:56:11.792736 7fbc2cd30700                  Options.compression_opts.level: 32767
2019/10/17-14:56:11.792737 7fbc2cd30700               Options.compression_opts.strategy: 0
2019/10/17-14:56:11.792737 7fbc2cd30700         Options.compression_opts.max_dict_bytes: 0
2019/10/17-14:56:11.792738 7fbc2cd30700         Options.compression_opts.zstd_max_train_bytes: 0
2019/10/17-14:56:11.792738 7fbc2cd30700                  Options.compression_opts.enabled: false
2019/10/17-14:56:11.792739 7fbc2cd30700      Options.level0_file_num_compaction_trigger: 4
2019/10/17-14:56:11.792740 7fbc2cd30700          Options.level0_slowdown_writes_trigger: 20
2019/10/17-14:56:11.792740 7fbc2cd30700              Options.level0_stop_writes_trigger: 36
2019/10/17-14:56:11.792741 7fbc2cd30700                   Options.target_file_size_base: 67108864
2019/10/17-14:56:11.792742 7fbc2cd30700             Options.target_file_size_multiplier: 1
2019/10/17-14:56:11.792742 7fbc2cd30700                Options.max_bytes_for_level_base: 268435456
2019/10/17-14:56:11.792743 7fbc2cd30700 Options.level_compaction_dynamic_level_bytes: 0
2019/10/17-14:56:11.792744 7fbc2cd30700          Options.max_bytes_for_level_multiplier: 10.000000
2019/10/17-14:56:11.792745 7fbc2cd30700 Options.max_bytes_for_level_multiplier_addtl[0]: 1
2019/10/17-14:56:11.792746 7fbc2cd30700 Options.max_bytes_for_level_multiplier_addtl[1]: 1
2019/10/17-14:56:11.792746 7fbc2cd30700 Options.max_bytes_for_level_multiplier_addtl[2]: 1
2019/10/17-14:56:11.792747 7fbc2cd30700 Options.max_bytes_for_level_multiplier_addtl[3]: 1
2019/10/17-14:56:11.792748 7fbc2cd30700 Options.max_bytes_for_level_multiplier_addtl[4]: 1
2019/10/17-14:56:11.792748 7fbc2cd30700 Options.max_bytes_for_level_multiplier_addtl[5]: 1
2019/10/17-14:56:11.792749 7fbc2cd30700 Options.max_bytes_for_level_multiplier_addtl[6]: 1
2019/10/17-14:56:11.792750 7fbc2cd30700       Options.max_sequential_skip_in_iterations: 8
2019/10/17-14:56:11.792751 7fbc2cd30700                    Options.max_compaction_bytes: 1677721600
2019/10/17-14:56:11.792751 7fbc2cd30700                        Options.arena_block_size: 8388608
2019/10/17-14:56:11.792752 7fbc2cd30700   Options.soft_pending_compaction_bytes_limit: 68719476736
2019/10/17-14:56:11.792756 7fbc2cd30700   Options.hard_pending_compaction_bytes_limit: 274877906944
2019/10/17-14:56:11.792757 7fbc2cd30700       Options.rate_limit_delay_max_milliseconds: 100
2019/10/17-14:56:11.792758 7fbc2cd30700                Options.disable_auto_compactions: 0
2019/10/17-14:56:11.792759 7fbc2cd30700                        Options.compaction_style: kCompactionStyleLevel
2019/10/17-14:56:11.792759 7fbc2cd30700                          Options.compaction_pri: kByCompensatedSize
2019/10/17-14:56:11.792760 7fbc2cd30700 Options.compaction_options_universal.size_ratio: 1
2019/10/17-14:56:11.792761 7fbc2cd30700 Options.compaction_options_universal.min_merge_width: 2
2019/10/17-14:56:11.792762 7fbc2cd30700 Options.compaction_options_universal.max_merge_width: 4294967295
2019/10/17-14:56:11.792762 7fbc2cd30700 Options.compaction_options_universal.max_size_amplification_percent: 200
2019/10/17-14:56:11.792763 7fbc2cd30700 Options.compaction_options_universal.compression_size_percent: -1
2019/10/17-14:56:11.792764 7fbc2cd30700 Options.compaction_options_universal.stop_style: kCompactionStopStyleTotalSize
2019/10/17-14:56:11.792764 7fbc2cd30700 Options.compaction_options_fifo.max_table_files_size: 1073741824
2019/10/17-14:56:11.792765 7fbc2cd30700 Options.compaction_options_fifo.allow_compaction: 0
2019/10/17-14:56:11.792766 7fbc2cd30700 Options.compaction_options_fifo.ttl: 0
2019/10/17-14:56:11.792766 7fbc2cd30700                   Options.table_properties_collectors: 
2019/10/17-14:56:11.792767 7fbc2cd30700                   Options.inplace_update_support: 0
2019/10/17-14:56:11.792768 7fbc2cd30700                 Options.inplace_update_num_locks: 10000
2019/10/17-14:56:11.792768 7fbc2cd30700               Options.memtable_prefix_bloom_size_ratio: 0.000000
2019/10/17-14:56:11.792769 7fbc2cd30700   Options.memtable_huge_page_size: 0
2019/10/17-14:56:11.792770 7fbc2cd30700                           Options.bloom_locality: 0
2019/10/17-14:56:11.792771 7fbc2cd30700                    Options.max_successive_merges: 0
2019/10/17-14:56:11.792771 7fbc2cd30700                Options.optimize_filters_for_hits: 0
2019/10/17-14:56:11.792772 7fbc2cd30700                Options.paranoid_file_checks: 0
2019/10/17-14:56:11.792773 7fbc2cd30700                Options.force_consistency_checks: 0
2019/10/17-14:56:11.792773 7fbc2cd30700                Options.report_bg_io_stats: 0
2019/10/17-14:56:11.792774 7fbc2cd30700                               Options.ttl: 0
2019/10/17-14:56:11.792787 7fbc2cd30700 [db/column_family.cc:472] --------------- Options for column family [dc_entries]:
2019/10/17-14:56:11.792788 7fbc2cd30700               Options.comparator: leveldb.BytewiseComparator
2019/10/17-14:56:11.792789 7fbc2cd30700           Options.merge_operator: None
2019/10/17-14:56:11.792790 7fbc2cd30700        Options.compaction_filter: None
2019/10/17-14:56:11.792791 7fbc2cd30700        Options.compaction_filter_factory: None
2019/10/17-14:56:11.792791 7fbc2cd30700         Options.memtable_factory: SkipListFactory
2019/10/17-14:56:11.792792 7fbc2cd30700            Options.table_factory: BlockBasedTable
2019/10/17-14:56:11.792800 7fbc2cd30700            table_factory options:   flush_block_policy_factory: FlushBlockBySizePolicyFactory (0x7fbbb8044100)
  cache_index_and_filter_blocks: 0
  cache_index_and_filter_blocks_with_high_priority: 0
  pin_l0_filter_and_index_blocks_in_cache: 0
  pin_top_level_index_and_filter: 1
  index_type: 0
  hash_index_allow_collision: 1
  checksum: 1
  no_block_cache: 0
  block_cache: 0x7fbbb8087960
  block_cache_name: LRUCache
  block_cache_options:
    capacity : 8388608
    num_shard_bits : 4
    strict_capacity_limit : 0
    memory_allocator : None
    high_pri_pool_ratio: 0.000
  block_cache_compressed: (nil)
  persistent_cache: (nil)
  block_size: 4096
  block_size_deviation: 10
  block_restart_interval: 16
  index_block_restart_interval: 1
  metadata_block_size: 4096
  partition_filters: 0
  use_delta_encoding: 1
  filter_policy: nullptr
  whole_key_filtering: 1
  verify_compression: 0
  read_amp_bytes_per_bit: 0
  format_version: 2
  enable_index_compression: 1
  block_align: 0
2019/10/17-14:56:11.792805 7fbc2cd30700        Options.write_buffer_size: 67108864
2019/10/17-14:56:11.792806 7fbc2cd30700  Options.max_write_buffer_number: 2
2019/10/17-14:56:11.792807 7fbc2cd30700          Options.compression: NoCompression
2019/10/17-14:56:11.792808 7fbc2cd30700                  Options.bottommost_compression: Disabled
2019/10/17-14:56:11.792808 7fbc2cd30700       Options.prefix_extractor: nullptr
2019/10/17-14:56:11.792809 7fbc2cd30700   Options.memtable_insert_with_hint_prefix_extractor: nullptr
2019/10/17-14:56:11.792810 7fbc2cd30700             Options.num_levels: 7
2019/10/17-14:56:11.792810 7fbc2cd30700        Options.min_write_buffer_number_to_merge: 1
2019/10/17-14:56:11.792811 7fbc2cd30700     Options.max_write_buffer_number_to_maintain: 0
2019/10/17-14:56:11.792812 7fbc2cd30700            Options.bottommost_compression_opts.window_bits: -14
2019/10/17-14:56:11.792812 7fbc2cd30700                  Options.bottommost_compression_opts.level: 32767
2019/10/17-14:56:11.792813 7fbc2cd30700               Options.bottommost_compression_opts.strategy: 0
2019/10/17-14:56:11.792814 7fbc2cd30700         Options.bottommost_compression_opts.max_dict_bytes: 0
2019/10/17-14:56:11.792814 7fbc2cd30700         Options.bottommost_compression_opts.zstd_max_train_bytes: 0
2019/10/17-14:56:11.792815 7fbc2cd30700                  Options.bottommost_compression_opts.enabled: false
2019/10/17-14:56:11.792816 7fbc2cd30700            Options.compression_opts.window_bits: -14
2019/10/17-14:56:11.792816 7fbc2cd30700                  Options.compression_opts.level: 32767
2019/10/17-14:56:11.792817 7fbc2cd30700               Options.compression_opts.strategy: 0
2019/10/17-14:56:11.792818 7fbc2cd30700         Options.compression_opts.max_dict_bytes: 0
2019/10/17-14:56:11.792818 7fbc2cd30700         Options.compression_opts.zstd_max_train_bytes: 0
2019/10/17-14:56:11.792819 7fbc2cd30700                  Options.compression_opts.enabled: false
2019/10/17-14:56:11.792820 7fbc2cd30700      Options.level0_file_num_compaction_trigger: 4
2019/10/17-14:56:11.792820 7fbc2cd30700          Options.level0_slowdown_writes_trigger: 20
2019/10/17-14:56:11.792821 7fbc2cd30700              Options.level0_stop_writes_trigger: 36
2019/10/17-14:56:11.792822 7fbc2cd30700                   Options.target_file_size_base: 67108864
2019/10/17-14:56:11.792822 7fbc2cd30700             Options.target_file_size_multiplier: 1
2019/10/17-14:56:11.792823 7fbc2cd30700                Options.max_bytes_for_level_base: 268435456
2019/10/17-14:56:11.792824 7fbc2cd30700 Options.level_compaction_dynamic_level_bytes: 0
2019/10/17-14:56:11.792824 7fbc2cd30700          Options.max_bytes_for_level_multiplier: 10.000000
2019/10/17-14:56:11.792826 7fbc2cd30700 Options.max_bytes_for_level_multiplier_addtl[0]: 1
2019/10/17-14:56:11.792826 7fbc2cd30700 Options.max_bytes_for_level_multiplier_addtl[1]: 1
2019/10/17-14:56:11.792827 7fbc2cd30700 Options.max_bytes_for_level_multiplier_addtl[2]: 1
2019/10/17-14:56:11.792828 7fbc2cd30700 Options.max_bytes_for_level_multiplier_addtl[3]: 1
2019/10/17-14:56:11.792828 7fbc2cd30700 Options.max_bytes_for_level_multiplier_addtl[4]: 1
2019/10/17-14:56:11.792829 7fbc2cd30700 Options.max_bytes_for_level_multiplier_addtl[5]: 1
2019/10/17-14:56:11.792830 7fbc2cd30700 Options.max_bytes_for_level_multiplier_addtl[6]: 1
2019/10/17-14:56:11.792830 7fbc2cd30700       Options.max_sequential_skip_in_iterations: 8
2019/10/17-14:56:11.792831 7fbc2cd30700                    Options.max_compaction_bytes: 1677721600
2019/10/17-14:56:11.792832 7fbc2cd30700                        Options.arena_block_size: 8388608
2019/10/17-14:56:11.792832 7fbc2cd30700   Options.soft_pending_compaction_bytes_limit: 68719476736
2019/10/17-14:56:11.792833 7fbc2cd30700   Options.hard_pending_compaction_bytes_limit: 274877906944
2019/10/17-14:56:11.792834 7fbc2cd30700       Options.rate_limit_delay_max_milliseconds: 100
2019/10/17-14:56:11.792834 7fbc2cd30700                Options.disable_auto_compactions: 0
2019/10/17-14:56:11.792839 7fbc2cd30700                        Options.compaction_style: kCompactionStyleLevel
2019/10/17-14:56:11.792840 7fbc2cd30700                          Options.compaction_pri: kByCompensatedSize
2019/10/17-14:56:11.792840 7fbc2cd30700 Options.compaction_options_universal.size_ratio: 1
2019/10/17-14:56:11.792841 7fbc2cd30700 Options.compaction_options_universal.min_merge_width: 2
2019/10/17-14:56:11.792842 7fbc2cd30700 Options.compaction_options_universal.max_merge_width: 4294967295
2019/10/17-14:56:11.792842 7fbc2cd30700 Options.compaction_options_universal.max_size_amplification_percent: 200
2019/10/17-14:56:11.792843 7fbc2cd30700 Options.compaction_options_universal.compression_size_percent: -1
2019/10/17-14:56:11.792844 7fbc2cd30700 Options.compaction_options_universal.stop_style: kCompactionStopStyleTotalSize
2019/10/17-14:56:11.792845 7fbc2cd30700 Options.compaction_options_fifo.max_table_files_size: 1073741824
2019/10/17-14:56:11.792845 7fbc2cd30700 Options.compaction_options_fifo.allow_compaction: 0
2019/10/17-14:56:11.792846 7fbc2cd30700 Options.compaction_options_fifo.ttl: 0
2019/10/17-14:56:11.792847 7fbc2cd30700                   Options.table_properties_collectors: 
2019/10/17-14:56:11.792847 7fbc2cd30700                   Options.inplace_update_support: 0
2019/10/17-14:56:11.792848 7fbc2cd30700                 Options.inplace_update_num_locks: 10000
2019/10/17-14:56:11.792849 7fbc2cd30700               Options.memtable_prefix_bloom_size_ratio: 0.000000
2019/10/17-14:56:11.792850 7fbc2cd30700   Options.memtable_huge_page_size: 0
2019/10/17-14:56:11.792850 7fbc2cd30700                           Options.bloom_locality: 0
2019/10/17-14:56:11.792851 7fbc2cd30700                    Options.max_successive_merges: 0
2019/10/17-14:56:11.792852 7fbc2cd30700                Options.optimize_filters_for_hits: 0
2019/10/17-14:56:11.792852 7fbc2cd30700                Options.paranoid_file_checks: 0
2019/10/17-14:56:11.792853 7fbc2cd30700                Options.force_consistency_checks: 0
2019/10/17-14:56:11.792854 7fbc2cd30700                Options.report_bg_io_stats: 0
2019/10/17-14:56:11.792854 7fbc2cd30700                               Options.ttl: 0
2019/10/17-14:56:11.792865 7fbc2cd30700 [db/column_family.cc:472] --------------- Options for column family [htlcs]:
2019/10/17-14:56:11.792866 7fbc2cd30700               Options.comparator: leveldb.BytewiseComparator
2019/10/17-14:56:11.792867 7fbc2cd30700           Options.merge_operator: None
2019/10/17-14:56:11.792868 7fbc2cd30700        Options.compaction_filter: None
2019/10/17-14:56:11.792869 7fbc2cd30700        Options.compaction_filter_factory: None
2019/10/17-14:56:11.792869 7fbc2cd30700         Options.memtable_factory: SkipListFactory
2019/10/17-14:56:11.792870 7fbc2cd30700            Options.table_factory: BlockBasedTable
2019/10/17-14:56:11.792878 7fbc2cd30700            table_factory options:   flush_block_policy_factory: FlushBlockBySizePolicyFactory (0x7fbbb801d220)
