2019/10/17-14:55:13.721482 7fc3a9fcb700 RocksDB version: 5.18.3
2019/10/17-14:55:13.721539 7fc3a9fcb700 Git sha rocksdb_build_git_sha:@0@
2019/10/17-14:55:13.721542 7fc3a9fcb700 Compile date Sep 19 2019
2019/10/17-14:55:13.721544 7fc3a9fcb700 DB SUMMARY
2019/10/17-14:55:13.722718 7fc3a9fcb700 CURRENT file:  CURRENT
2019/10/17-14:55:13.722721 7fc3a9fcb700 IDENTITY file:  IDENTITY
2019/10/17-14:55:13.722771 7fc3a9fcb700 MANIFEST file:  MANIFEST-116554 size: 4114 Bytes
2019/10/17-14:55:13.722774 7fc3a9fcb700 SST files in /home/rahul/dev/blockchain-core/eqc/ledger.db dir, Total Num: 29, files: 000624.sst 000627.sst 106940.sst 108447.sst 108450.sst 109471.sst 109483.sst 109485.sst 109486.sst 
2019/10/17-14:55:13.722776 7fc3a9fcb700 Write Ahead Log file in /home/rahul/dev/blockchain-core/eqc/ledger.db: 116555.log size: 0 ; 
2019/10/17-14:55:13.722833 7fc3a9fcb700                         Options.error_if_exists: 0
2019/10/17-14:55:13.722836 7fc3a9fcb700                       Options.create_if_missing: 1
2019/10/17-14:55:13.722837 7fc3a9fcb700                         Options.paranoid_checks: 1
2019/10/17-14:55:13.722838 7fc3a9fcb700                                     Options.env: 0x7fc32ae1fc60
2019/10/17-14:55:13.722840 7fc3a9fcb700                                Options.info_log: 0x7fc3500e3270
2019/10/17-14:55:13.722841 7fc3a9fcb700                Options.max_file_opening_threads: 16
2019/10/17-14:55:13.722843 7fc3a9fcb700                              Options.statistics: (nil)
2019/10/17-14:55:13.722844 7fc3a9fcb700                               Options.use_fsync: 0
2019/10/17-14:55:13.722845 7fc3a9fcb700                       Options.max_log_file_size: 0
2019/10/17-14:55:13.722847 7fc3a9fcb700                  Options.max_manifest_file_size: 1073741824
2019/10/17-14:55:13.722848 7fc3a9fcb700                   Options.log_file_time_to_roll: 0
2019/10/17-14:55:13.722849 7fc3a9fcb700                       Options.keep_log_file_num: 1000
2019/10/17-14:55:13.722851 7fc3a9fcb700                    Options.recycle_log_file_num: 0
2019/10/17-14:55:13.722852 7fc3a9fcb700                         Options.allow_fallocate: 1
2019/10/17-14:55:13.722853 7fc3a9fcb700                        Options.allow_mmap_reads: 0
2019/10/17-14:55:13.722854 7fc3a9fcb700                       Options.allow_mmap_writes: 0
2019/10/17-14:55:13.722856 7fc3a9fcb700                        Options.use_direct_reads: 0
2019/10/17-14:55:13.722857 7fc3a9fcb700                        Options.use_direct_io_for_flush_and_compaction: 0
2019/10/17-14:55:13.722858 7fc3a9fcb700          Options.create_missing_column_families: 0
2019/10/17-14:55:13.722859 7fc3a9fcb700                              Options.db_log_dir: 
2019/10/17-14:55:13.722860 7fc3a9fcb700                                 Options.wal_dir: /home/rahul/dev/blockchain-core/eqc/ledger.db
2019/10/17-14:55:13.722862 7fc3a9fcb700                Options.table_cache_numshardbits: 6
2019/10/17-14:55:13.722863 7fc3a9fcb700                      Options.max_subcompactions: 1
2019/10/17-14:55:13.722864 7fc3a9fcb700                  Options.max_background_flushes: -1
2019/10/17-14:55:13.722866 7fc3a9fcb700                         Options.WAL_ttl_seconds: 0
2019/10/17-14:55:13.722867 7fc3a9fcb700                       Options.WAL_size_limit_MB: 0
2019/10/17-14:55:13.722868 7fc3a9fcb700             Options.manifest_preallocation_size: 4194304
2019/10/17-14:55:13.722869 7fc3a9fcb700                     Options.is_fd_close_on_exec: 1
2019/10/17-14:55:13.722871 7fc3a9fcb700                   Options.advise_random_on_open: 1
2019/10/17-14:55:13.722872 7fc3a9fcb700                    Options.db_write_buffer_size: 0
2019/10/17-14:55:13.722873 7fc3a9fcb700                    Options.write_buffer_manager: 0x7fc350009690
2019/10/17-14:55:13.722874 7fc3a9fcb700         Options.access_hint_on_compaction_start: 1
2019/10/17-14:55:13.722876 7fc3a9fcb700  Options.new_table_reader_for_compaction_inputs: 0
2019/10/17-14:55:13.722877 7fc3a9fcb700           Options.random_access_max_buffer_size: 1048576
2019/10/17-14:55:13.722878 7fc3a9fcb700                      Options.use_adaptive_mutex: 0
2019/10/17-14:55:13.722879 7fc3a9fcb700                            Options.rate_limiter: (nil)
2019/10/17-14:55:13.722896 7fc3a9fcb700     Options.sst_file_manager.rate_bytes_per_sec: 0
2019/10/17-14:55:13.722898 7fc3a9fcb700                       Options.wal_recovery_mode: 2
2019/10/17-14:55:13.722899 7fc3a9fcb700                  Options.enable_thread_tracking: 0
2019/10/17-14:55:13.722900 7fc3a9fcb700                  Options.enable_pipelined_write: 0
2019/10/17-14:55:13.722901 7fc3a9fcb700         Options.allow_concurrent_memtable_write: 1
2019/10/17-14:55:13.722903 7fc3a9fcb700      Options.enable_write_thread_adaptive_yield: 1
2019/10/17-14:55:13.722904 7fc3a9fcb700             Options.write_thread_max_yield_usec: 100
2019/10/17-14:55:13.722905 7fc3a9fcb700            Options.write_thread_slow_yield_usec: 3
2019/10/17-14:55:13.722907 7fc3a9fcb700                               Options.row_cache: None
2019/10/17-14:55:13.722908 7fc3a9fcb700                              Options.wal_filter: None
2019/10/17-14:55:13.722909 7fc3a9fcb700             Options.avoid_flush_during_recovery: 0
2019/10/17-14:55:13.722910 7fc3a9fcb700             Options.allow_ingest_behind: 0
2019/10/17-14:55:13.722912 7fc3a9fcb700             Options.preserve_deletes: 0
2019/10/17-14:55:13.722913 7fc3a9fcb700             Options.two_write_queues: 0
2019/10/17-14:55:13.722914 7fc3a9fcb700             Options.manual_wal_flush: 0
2019/10/17-14:55:13.722915 7fc3a9fcb700             Options.max_background_jobs: 2
2019/10/17-14:55:13.722917 7fc3a9fcb700             Options.max_background_compactions: -1
2019/10/17-14:55:13.722918 7fc3a9fcb700             Options.avoid_flush_during_shutdown: 0
2019/10/17-14:55:13.722919 7fc3a9fcb700           Options.writable_file_max_buffer_size: 1048576
2019/10/17-14:55:13.722920 7fc3a9fcb700             Options.delayed_write_rate : 16777216
2019/10/17-14:55:13.722922 7fc3a9fcb700             Options.max_total_wal_size: 0
2019/10/17-14:55:13.722923 7fc3a9fcb700             Options.delete_obsolete_files_period_micros: 21600000000
2019/10/17-14:55:13.722924 7fc3a9fcb700                   Options.stats_dump_period_sec: 600
2019/10/17-14:55:13.722925 7fc3a9fcb700                          Options.max_open_files: -1
2019/10/17-14:55:13.722927 7fc3a9fcb700                          Options.bytes_per_sync: 0
2019/10/17-14:55:13.722928 7fc3a9fcb700                      Options.wal_bytes_per_sync: 0
2019/10/17-14:55:13.722929 7fc3a9fcb700       Options.compaction_readahead_size: 0
2019/10/17-14:55:13.722930 7fc3a9fcb700 Compression algorithms supported:
2019/10/17-14:55:13.722932 7fc3a9fcb700 	kZSTDNotFinalCompression supported: 0
2019/10/17-14:55:13.722934 7fc3a9fcb700 	kZSTD supported: 0
2019/10/17-14:55:13.722935 7fc3a9fcb700 	kXpressCompression supported: 0
2019/10/17-14:55:13.722937 7fc3a9fcb700 	kLZ4HCCompression supported: 0
2019/10/17-14:55:13.722938 7fc3a9fcb700 	kLZ4Compression supported: 0
2019/10/17-14:55:13.722939 7fc3a9fcb700 	kBZip2Compression supported: 0
2019/10/17-14:55:13.722941 7fc3a9fcb700 	kZlibCompression supported: 0
2019/10/17-14:55:13.722942 7fc3a9fcb700 	kSnappyCompression supported: 0
2019/10/17-14:55:13.722945 7fc3a9fcb700 Fast CRC32 supported: Supported on x86
2019/10/17-14:55:13.723112 7fc3a9fcb700 [db/version_set.cc:3507] Recovering from manifest file: MANIFEST-116554
2019/10/17-14:55:13.723166 7fc3a9fcb700 [db/column_family.cc:472] --------------- Options for column family [default]:
2019/10/17-14:55:13.723169 7fc3a9fcb700               Options.comparator: leveldb.BytewiseComparator
2019/10/17-14:55:13.723171 7fc3a9fcb700           Options.merge_operator: None
2019/10/17-14:55:13.723172 7fc3a9fcb700        Options.compaction_filter: None
2019/10/17-14:55:13.723173 7fc3a9fcb700        Options.compaction_filter_factory: None
2019/10/17-14:55:13.723174 7fc3a9fcb700         Options.memtable_factory: SkipListFactory
2019/10/17-14:55:13.723176 7fc3a9fcb700            Options.table_factory: BlockBasedTable
2019/10/17-14:55:13.723201 7fc3a9fcb700            table_factory options:   flush_block_policy_factory: FlushBlockBySizePolicyFactory (0x7fc35006d160)
  cache_index_and_filter_blocks: 0
  cache_index_and_filter_blocks_with_high_priority: 0
  pin_l0_filter_and_index_blocks_in_cache: 0
  pin_top_level_index_and_filter: 1
  index_type: 0
  hash_index_allow_collision: 1
  checksum: 1
  no_block_cache: 0
  block_cache: 0x7fc3500b8740
  block_cache_name: LRUCache
  block_cache_options:
    capacity : 8388608
    num_shard_bits : 4
    strict_capacity_limit : 0
    memory_allocator : None
    high_pri_pool_ratio: 0.000
  block_cache_compressed: (nil)
  persistent_cache: (nil)
  block_size: 4096
  block_size_deviation: 10
  block_restart_interval: 16
  index_block_restart_interval: 1
  metadata_block_size: 4096
  partition_filters: 0
  use_delta_encoding: 1
  filter_policy: nullptr
  whole_key_filtering: 1
  verify_compression: 0
  read_amp_bytes_per_bit: 0
  format_version: 2
  enable_index_compression: 1
  block_align: 0
2019/10/17-14:55:13.723217 7fc3a9fcb700        Options.write_buffer_size: 67108864
2019/10/17-14:55:13.723218 7fc3a9fcb700  Options.max_write_buffer_number: 2
2019/10/17-14:55:13.723220 7fc3a9fcb700          Options.compression: NoCompression
2019/10/17-14:55:13.723222 7fc3a9fcb700                  Options.bottommost_compression: Disabled
2019/10/17-14:55:13.723223 7fc3a9fcb700       Options.prefix_extractor: nullptr
2019/10/17-14:55:13.723224 7fc3a9fcb700   Options.memtable_insert_with_hint_prefix_extractor: nullptr
2019/10/17-14:55:13.723225 7fc3a9fcb700             Options.num_levels: 7
2019/10/17-14:55:13.723227 7fc3a9fcb700        Options.min_write_buffer_number_to_merge: 1
2019/10/17-14:55:13.723228 7fc3a9fcb700     Options.max_write_buffer_number_to_maintain: 0
2019/10/17-14:55:13.723229 7fc3a9fcb700            Options.bottommost_compression_opts.window_bits: -14
2019/10/17-14:55:13.723231 7fc3a9fcb700                  Options.bottommost_compression_opts.level: 32767
2019/10/17-14:55:13.723232 7fc3a9fcb700               Options.bottommost_compression_opts.strategy: 0
2019/10/17-14:55:13.723233 7fc3a9fcb700         Options.bottommost_compression_opts.max_dict_bytes: 0
2019/10/17-14:55:13.723234 7fc3a9fcb700         Options.bottommost_compression_opts.zstd_max_train_bytes: 0
2019/10/17-14:55:13.723236 7fc3a9fcb700                  Options.bottommost_compression_opts.enabled: false
2019/10/17-14:55:13.723237 7fc3a9fcb700            Options.compression_opts.window_bits: -14
2019/10/17-14:55:13.723238 7fc3a9fcb700                  Options.compression_opts.level: 32767
2019/10/17-14:55:13.723239 7fc3a9fcb700               Options.compression_opts.strategy: 0
2019/10/17-14:55:13.723241 7fc3a9fcb700         Options.compression_opts.max_dict_bytes: 0
2019/10/17-14:55:13.723242 7fc3a9fcb700         Options.compression_opts.zstd_max_train_bytes: 0
2019/10/17-14:55:13.723243 7fc3a9fcb700                  Options.compression_opts.enabled: false
2019/10/17-14:55:13.723244 7fc3a9fcb700      Options.level0_file_num_compaction_trigger: 4
2019/10/17-14:55:13.723246 7fc3a9fcb700          Options.level0_slowdown_writes_trigger: 20
2019/10/17-14:55:13.723247 7fc3a9fcb700              Options.level0_stop_writes_trigger: 36
2019/10/17-14:55:13.723248 7fc3a9fcb700                   Options.target_file_size_base: 67108864
2019/10/17-14:55:13.723249 7fc3a9fcb700             Options.target_file_size_multiplier: 1
2019/10/17-14:55:13.723250 7fc3a9fcb700                Options.max_bytes_for_level_base: 268435456
2019/10/17-14:55:13.723252 7fc3a9fcb700 Options.level_compaction_dynamic_level_bytes: 0
2019/10/17-14:55:13.723253 7fc3a9fcb700          Options.max_bytes_for_level_multiplier: 10.000000
2019/10/17-14:55:13.723256 7fc3a9fcb700 Options.max_bytes_for_level_multiplier_addtl[0]: 1
2019/10/17-14:55:13.723258 7fc3a9fcb700 Options.max_bytes_for_level_multiplier_addtl[1]: 1
2019/10/17-14:55:13.723259 7fc3a9fcb700 Options.max_bytes_for_level_multiplier_addtl[2]: 1
2019/10/17-14:55:13.723261 7fc3a9fcb700 Options.max_bytes_for_level_multiplier_addtl[3]: 1
2019/10/17-14:55:13.723262 7fc3a9fcb700 Options.max_bytes_for_level_multiplier_addtl[4]: 1
2019/10/17-14:55:13.723269 7fc3a9fcb700 Options.max_bytes_for_level_multiplier_addtl[5]: 1
2019/10/17-14:55:13.723271 7fc3a9fcb700 Options.max_bytes_for_level_multiplier_addtl[6]: 1
2019/10/17-14:55:13.723272 7fc3a9fcb700       Options.max_sequential_skip_in_iterations: 8
2019/10/17-14:55:13.723273 7fc3a9fcb700                    Options.max_compaction_bytes: 1677721600
2019/10/17-14:55:13.723275 7fc3a9fcb700                        Options.arena_block_size: 8388608
2019/10/17-14:55:13.723276 7fc3a9fcb700   Options.soft_pending_compaction_bytes_limit: 68719476736
2019/10/17-14:55:13.723277 7fc3a9fcb700   Options.hard_pending_compaction_bytes_limit: 274877906944
2019/10/17-14:55:13.723279 7fc3a9fcb700       Options.rate_limit_delay_max_milliseconds: 100
2019/10/17-14:55:13.723280 7fc3a9fcb700                Options.disable_auto_compactions: 0
2019/10/17-14:55:13.723282 7fc3a9fcb700                        Options.compaction_style: kCompactionStyleLevel
2019/10/17-14:55:13.723284 7fc3a9fcb700                          Options.compaction_pri: kByCompensatedSize
2019/10/17-14:55:13.723285 7fc3a9fcb700 Options.compaction_options_universal.size_ratio: 1
2019/10/17-14:55:13.723286 7fc3a9fcb700 Options.compaction_options_universal.min_merge_width: 2
2019/10/17-14:55:13.723288 7fc3a9fcb700 Options.compaction_options_universal.max_merge_width: 4294967295
2019/10/17-14:55:13.723289 7fc3a9fcb700 Options.compaction_options_universal.max_size_amplification_percent: 200
2019/10/17-14:55:13.723290 7fc3a9fcb700 Options.compaction_options_universal.compression_size_percent: -1
2019/10/17-14:55:13.723292 7fc3a9fcb700 Options.compaction_options_universal.stop_style: kCompactionStopStyleTotalSize
2019/10/17-14:55:13.723293 7fc3a9fcb700 Options.compaction_options_fifo.max_table_files_size: 1073741824
2019/10/17-14:55:13.723295 7fc3a9fcb700 Options.compaction_options_fifo.allow_compaction: 0
2019/10/17-14:55:13.723296 7fc3a9fcb700 Options.compaction_options_fifo.ttl: 0
2019/10/17-14:55:13.723297 7fc3a9fcb700                   Options.table_properties_collectors: 
2019/10/17-14:55:13.723298 7fc3a9fcb700                   Options.inplace_update_support: 0
2019/10/17-14:55:13.723300 7fc3a9fcb700                 Options.inplace_update_num_locks: 10000
2019/10/17-14:55:13.723301 7fc3a9fcb700               Options.memtable_prefix_bloom_size_ratio: 0.000000
2019/10/17-14:55:13.723303 7fc3a9fcb700   Options.memtable_huge_page_size: 0
2019/10/17-14:55:13.723304 7fc3a9fcb700                           Options.bloom_locality: 0
2019/10/17-14:55:13.723305 7fc3a9fcb700                    Options.max_successive_merges: 0
2019/10/17-14:55:13.723307 7fc3a9fcb700                Options.optimize_filters_for_hits: 0
2019/10/17-14:55:13.723308 7fc3a9fcb700                Options.paranoid_file_checks: 0
2019/10/17-14:55:13.723309 7fc3a9fcb700                Options.force_consistency_checks: 0
2019/10/17-14:55:13.723310 7fc3a9fcb700                Options.report_bg_io_stats: 0
2019/10/17-14:55:13.723311 7fc3a9fcb700                               Options.ttl: 0
2019/10/17-14:55:13.723359 7fc3a9fcb700 [db/column_family.cc:472] --------------- Options for column family [active_gateways]:
2019/10/17-14:55:13.723361 7fc3a9fcb700               Options.comparator: leveldb.BytewiseComparator
2019/10/17-14:55:13.723363 7fc3a9fcb700           Options.merge_operator: None
2019/10/17-14:55:13.723364 7fc3a9fcb700        Options.compaction_filter: None
2019/10/17-14:55:13.723365 7fc3a9fcb700        Options.compaction_filter_factory: None
2019/10/17-14:55:13.723367 7fc3a9fcb700         Options.memtable_factory: SkipListFactory
2019/10/17-14:55:13.723368 7fc3a9fcb700            Options.table_factory: BlockBasedTable
2019/10/17-14:55:13.723385 7fc3a9fcb700            table_factory options:   flush_block_policy_factory: FlushBlockBySizePolicyFactory (0x7fc35000a600)
  cache_index_and_filter_blocks: 0
  cache_index_and_filter_blocks_with_high_priority: 0
  pin_l0_filter_and_index_blocks_in_cache: 0
  pin_top_level_index_and_filter: 1
  index_type: 0
  hash_index_allow_collision: 1
  checksum: 1
  no_block_cache: 0
  block_cache: 0x7fc350098160
  block_cache_name: LRUCache
  block_cache_options:
    capacity : 8388608
    num_shard_bits : 4
    strict_capacity_limit : 0
    memory_allocator : None
    high_pri_pool_ratio: 0.000
  block_cache_compressed: (nil)
  persistent_cache: (nil)
  block_size: 4096
  block_size_deviation: 10
  block_restart_interval: 16
  index_block_restart_interval: 1
  metadata_block_size: 4096
  partition_filters: 0
  use_delta_encoding: 1
  filter_policy: nullptr
  whole_key_filtering: 1
  verify_compression: 0
  read_amp_bytes_per_bit: 0
  format_version: 2
  enable_index_compression: 1
  block_align: 0
2019/10/17-14:55:13.723396 7fc3a9fcb700        Options.write_buffer_size: 67108864
2019/10/17-14:55:13.723398 7fc3a9fcb700  Options.max_write_buffer_number: 2
2019/10/17-14:55:13.723399 7fc3a9fcb700          Options.compression: NoCompression
2019/10/17-14:55:13.723401 7fc3a9fcb700                  Options.bottommost_compression: Disabled
2019/10/17-14:55:13.723402 7fc3a9fcb700       Options.prefix_extractor: nullptr
2019/10/17-14:55:13.723403 7fc3a9fcb700   Options.memtable_insert_with_hint_prefix_extractor: nullptr
2019/10/17-14:55:13.723404 7fc3a9fcb700             Options.num_levels: 7
2019/10/17-14:55:13.723406 7fc3a9fcb700        Options.min_write_buffer_number_to_merge: 1
2019/10/17-14:55:13.723407 7fc3a9fcb700     Options.max_write_buffer_number_to_maintain: 0
2019/10/17-14:55:13.723408 7fc3a9fcb700            Options.bottommost_compression_opts.window_bits: -14
2019/10/17-14:55:13.723409 7fc3a9fcb700                  Options.bottommost_compression_opts.level: 32767
2019/10/17-14:55:13.723411 7fc3a9fcb700               Options.bottommost_compression_opts.strategy: 0
2019/10/17-14:55:13.723412 7fc3a9fcb700         Options.bottommost_compression_opts.max_dict_bytes: 0
2019/10/17-14:55:13.723413 7fc3a9fcb700         Options.bottommost_compression_opts.zstd_max_train_bytes: 0
2019/10/17-14:55:13.723414 7fc3a9fcb700                  Options.bottommost_compression_opts.enabled: false
2019/10/17-14:55:13.723415 7fc3a9fcb700            Options.compression_opts.window_bits: -14
2019/10/17-14:55:13.723417 7fc3a9fcb700                  Options.compression_opts.level: 32767
2019/10/17-14:55:13.723418 7fc3a9fcb700               Options.compression_opts.strategy: 0
2019/10/17-14:55:13.723419 7fc3a9fcb700         Options.compression_opts.max_dict_bytes: 0
2019/10/17-14:55:13.723420 7fc3a9fcb700         Options.compression_opts.zstd_max_train_bytes: 0
2019/10/17-14:55:13.723422 7fc3a9fcb700                  Options.compression_opts.enabled: false
2019/10/17-14:55:13.723423 7fc3a9fcb700      Options.level0_file_num_compaction_trigger: 4
2019/10/17-14:55:13.723424 7fc3a9fcb700          Options.level0_slowdown_writes_trigger: 20
2019/10/17-14:55:13.723425 7fc3a9fcb700              Options.level0_stop_writes_trigger: 36
2019/10/17-14:55:13.723426 7fc3a9fcb700                   Options.target_file_size_base: 67108864
2019/10/17-14:55:13.723428 7fc3a9fcb700             Options.target_file_size_multiplier: 1
2019/10/17-14:55:13.723429 7fc3a9fcb700                Options.max_bytes_for_level_base: 268435456
2019/10/17-14:55:13.723430 7fc3a9fcb700 Options.level_compaction_dynamic_level_bytes: 0
2019/10/17-14:55:13.723431 7fc3a9fcb700          Options.max_bytes_for_level_multiplier: 10.000000
2019/10/17-14:55:13.723434 7fc3a9fcb700 Options.max_bytes_for_level_multiplier_addtl[0]: 1
2019/10/17-14:55:13.723435 7fc3a9fcb700 Options.max_bytes_for_level_multiplier_addtl[1]: 1
2019/10/17-14:55:13.723436 7fc3a9fcb700 Options.max_bytes_for_level_multiplier_addtl[2]: 1
2019/10/17-14:55:13.723438 7fc3a9fcb700 Options.max_bytes_for_level_multiplier_addtl[3]: 1
2019/10/17-14:55:13.723439 7fc3a9fcb700 Options.max_bytes_for_level_multiplier_addtl[4]: 1
2019/10/17-14:55:13.723440 7fc3a9fcb700 Options.max_bytes_for_level_multiplier_addtl[5]: 1
2019/10/17-14:55:13.723441 7fc3a9fcb700 Options.max_bytes_for_level_multiplier_addtl[6]: 1
2019/10/17-14:55:13.723443 7fc3a9fcb700       Options.max_sequential_skip_in_iterations: 8
2019/10/17-14:55:13.723450 7fc3a9fcb700                    Options.max_compaction_bytes: 1677721600
2019/10/17-14:55:13.723452 7fc3a9fcb700                        Options.arena_block_size: 8388608
2019/10/17-14:55:13.723453 7fc3a9fcb700   Options.soft_pending_compaction_bytes_limit: 68719476736
2019/10/17-14:55:13.723455 7fc3a9fcb700   Options.hard_pending_compaction_bytes_limit: 274877906944
2019/10/17-14:55:13.723456 7fc3a9fcb700       Options.rate_limit_delay_max_milliseconds: 100
2019/10/17-14:55:13.723457 7fc3a9fcb700                Options.disable_auto_compactions: 0
2019/10/17-14:55:13.723459 7fc3a9fcb700                        Options.compaction_style: kCompactionStyleLevel
2019/10/17-14:55:13.723460 7fc3a9fcb700                          Options.compaction_pri: kByCompensatedSize
2019/10/17-14:55:13.723461 7fc3a9fcb700 Options.compaction_options_universal.size_ratio: 1
2019/10/17-14:55:13.723462 7fc3a9fcb700 Options.compaction_options_universal.min_merge_width: 2
2019/10/17-14:55:13.723464 7fc3a9fcb700 Options.compaction_options_universal.max_merge_width: 4294967295
2019/10/17-14:55:13.723465 7fc3a9fcb700 Options.compaction_options_universal.max_size_amplification_percent: 200
2019/10/17-14:55:13.723466 7fc3a9fcb700 Options.compaction_options_universal.compression_size_percent: -1
2019/10/17-14:55:13.723468 7fc3a9fcb700 Options.compaction_options_universal.stop_style: kCompactionStopStyleTotalSize
2019/10/17-14:55:13.723469 7fc3a9fcb700 Options.compaction_options_fifo.max_table_files_size: 1073741824
2019/10/17-14:55:13.723470 7fc3a9fcb700 Options.compaction_options_fifo.allow_compaction: 0
2019/10/17-14:55:13.723471 7fc3a9fcb700 Options.compaction_options_fifo.ttl: 0
2019/10/17-14:55:13.723473 7fc3a9fcb700                   Options.table_properties_collectors: 
2019/10/17-14:55:13.723474 7fc3a9fcb700                   Options.inplace_update_support: 0
2019/10/17-14:55:13.723475 7fc3a9fcb700                 Options.inplace_update_num_locks: 10000
2019/10/17-14:55:13.723476 7fc3a9fcb700               Options.memtable_prefix_bloom_size_ratio: 0.000000
2019/10/17-14:55:13.723478 7fc3a9fcb700   Options.memtable_huge_page_size: 0
2019/10/17-14:55:13.723479 7fc3a9fcb700                           Options.bloom_locality: 0
2019/10/17-14:55:13.723481 7fc3a9fcb700                    Options.max_successive_merges: 0
2019/10/17-14:55:13.723482 7fc3a9fcb700                Options.optimize_filters_for_hits: 0
2019/10/17-14:55:13.723483 7fc3a9fcb700                Options.paranoid_file_checks: 0
2019/10/17-14:55:13.723484 7fc3a9fcb700                Options.force_consistency_checks: 0
2019/10/17-14:55:13.723485 7fc3a9fcb700                Options.report_bg_io_stats: 0
2019/10/17-14:55:13.723487 7fc3a9fcb700                               Options.ttl: 0
2019/10/17-14:55:13.723513 7fc3a9fcb700 [db/column_family.cc:472] --------------- Options for column family [entries]:
2019/10/17-14:55:13.723515 7fc3a9fcb700               Options.comparator: leveldb.BytewiseComparator
2019/10/17-14:55:13.723516 7fc3a9fcb700           Options.merge_operator: None
2019/10/17-14:55:13.723518 7fc3a9fcb700        Options.compaction_filter: None
2019/10/17-14:55:13.723519 7fc3a9fcb700        Options.compaction_filter_factory: None
2019/10/17-14:55:13.723520 7fc3a9fcb700         Options.memtable_factory: SkipListFactory
2019/10/17-14:55:13.723522 7fc3a9fcb700            Options.table_factory: BlockBasedTable
2019/10/17-14:55:13.723538 7fc3a9fcb700            table_factory options:   flush_block_policy_factory: FlushBlockBySizePolicyFactory (0x7fc3500895e0)
  cache_index_and_filter_blocks: 0
  cache_index_and_filter_blocks_with_high_priority: 0
  pin_l0_filter_and_index_blocks_in_cache: 0
  pin_top_level_index_and_filter: 1
  index_type: 0
  hash_index_allow_collision: 1
  checksum: 1
  no_block_cache: 0
  block_cache: 0x7fc3500a72a0
  block_cache_name: LRUCache
  block_cache_options:
    capacity : 8388608
    num_shard_bits : 4
    strict_capacity_limit : 0
    memory_allocator : None
    high_pri_pool_ratio: 0.000
  block_cache_compressed: (nil)
  persistent_cache: (nil)
  block_size: 4096
  block_size_deviation: 10
  block_restart_interval: 16
  index_block_restart_interval: 1
  metadata_block_size: 4096
  partition_filters: 0
  use_delta_encoding: 1
  filter_policy: nullptr
  whole_key_filtering: 1
  verify_compression: 0
  read_amp_bytes_per_bit: 0
  format_version: 2
  enable_index_compression: 1
  block_align: 0
2019/10/17-14:55:13.723548 7fc3a9fcb700        Options.write_buffer_size: 67108864
2019/10/17-14:55:13.723550 7fc3a9fcb700  Options.max_write_buffer_number: 2
2019/10/17-14:55:13.723551 7fc3a9fcb700          Options.compression: NoCompression
2019/10/17-14:55:13.723552 7fc3a9fcb700                  Options.bottommost_compression: Disabled
2019/10/17-14:55:13.723554 7fc3a9fcb700       Options.prefix_extractor: nullptr
2019/10/17-14:55:13.723555 7fc3a9fcb700   Options.memtable_insert_with_hint_prefix_extractor: nullptr
2019/10/17-14:55:13.723556 7fc3a9fcb700             Options.num_levels: 7
2019/10/17-14:55:13.723557 7fc3a9fcb700        Options.min_write_buffer_number_to_merge: 1
2019/10/17-14:55:13.723559 7fc3a9fcb700     Options.max_write_buffer_number_to_maintain: 0
2019/10/17-14:55:13.723560 7fc3a9fcb700            Options.bottommost_compression_opts.window_bits: -14
2019/10/17-14:55:13.723561 7fc3a9fcb700                  Options.bottommost_compression_opts.level: 32767
2019/10/17-14:55:13.723562 7fc3a9fcb700               Options.bottommost_compression_opts.strategy: 0
2019/10/17-14:55:13.723563 7fc3a9fcb700         Options.bottommost_compression_opts.max_dict_bytes: 0
2019/10/17-14:55:13.723565 7fc3a9fcb700         Options.bottommost_compression_opts.zstd_max_train_bytes: 0
2019/10/17-14:55:13.723566 7fc3a9fcb700                  Options.bottommost_compression_opts.enabled: false
2019/10/17-14:55:13.723567 7fc3a9fcb700            Options.compression_opts.window_bits: -14
2019/10/17-14:55:13.723568 7fc3a9fcb700                  Options.compression_opts.level: 32767
2019/10/17-14:55:13.723570 7fc3a9fcb700               Options.compression_opts.strategy: 0
2019/10/17-14:55:13.723571 7fc3a9fcb700         Options.compression_opts.max_dict_bytes: 0
2019/10/17-14:55:13.723572 7fc3a9fcb700         Options.compression_opts.zstd_max_train_bytes: 0
2019/10/17-14:55:13.723573 7fc3a9fcb700                  Options.compression_opts.enabled: false
2019/10/17-14:55:13.723575 7fc3a9fcb700      Options.level0_file_num_compaction_trigger: 4
2019/10/17-14:55:13.723576 7fc3a9fcb700          Options.level0_slowdown_writes_trigger: 20
2019/10/17-14:55:13.723577 7fc3a9fcb700              Options.level0_stop_writes_trigger: 36
2019/10/17-14:55:13.723578 7fc3a9fcb700                   Options.target_file_size_base: 67108864
2019/10/17-14:55:13.723579 7fc3a9fcb700             Options.target_file_size_multiplier: 1
2019/10/17-14:55:13.723581 7fc3a9fcb700                Options.max_bytes_for_level_base: 268435456
2019/10/17-14:55:13.723582 7fc3a9fcb700 Options.level_compaction_dynamic_level_bytes: 0
2019/10/17-14:55:13.723583 7fc3a9fcb700          Options.max_bytes_for_level_multiplier: 10.000000
2019/10/17-14:55:13.723585 7fc3a9fcb700 Options.max_bytes_for_level_multiplier_addtl[0]: 1
2019/10/17-14:55:13.723587 7fc3a9fcb700 Options.max_bytes_for_level_multiplier_addtl[1]: 1
2019/10/17-14:55:13.723588 7fc3a9fcb700 Options.max_bytes_for_level_multiplier_addtl[2]: 1
2019/10/17-14:55:13.723589 7fc3a9fcb700 Options.max_bytes_for_level_multiplier_addtl[3]: 1
2019/10/17-14:55:13.723590 7fc3a9fcb700 Options.max_bytes_for_level_multiplier_addtl[4]: 1
2019/10/17-14:55:13.723592 7fc3a9fcb700 Options.max_bytes_for_level_multiplier_addtl[5]: 1
2019/10/17-14:55:13.723593 7fc3a9fcb700 Options.max_bytes_for_level_multiplier_addtl[6]: 1
2019/10/17-14:55:13.723594 7fc3a9fcb700       Options.max_sequential_skip_in_iterations: 8
2019/10/17-14:55:13.723595 7fc3a9fcb700                    Options.max_compaction_bytes: 1677721600
2019/10/17-14:55:13.723596 7fc3a9fcb700                        Options.arena_block_size: 8388608
2019/10/17-14:55:13.723598 7fc3a9fcb700   Options.soft_pending_compaction_bytes_limit: 68719476736
2019/10/17-14:55:13.723605 7fc3a9fcb700   Options.hard_pending_compaction_bytes_limit: 274877906944
2019/10/17-14:55:13.723607 7fc3a9fcb700       Options.rate_limit_delay_max_milliseconds: 100
2019/10/17-14:55:13.723608 7fc3a9fcb700                Options.disable_auto_compactions: 0
2019/10/17-14:55:13.723609 7fc3a9fcb700                        Options.compaction_style: kCompactionStyleLevel
2019/10/17-14:55:13.723611 7fc3a9fcb700                          Options.compaction_pri: kByCompensatedSize
2019/10/17-14:55:13.723612 7fc3a9fcb700 Options.compaction_options_universal.size_ratio: 1
2019/10/17-14:55:13.723613 7fc3a9fcb700 Options.compaction_options_universal.min_merge_width: 2
2019/10/17-14:55:13.723615 7fc3a9fcb700 Options.compaction_options_universal.max_merge_width: 4294967295
2019/10/17-14:55:13.723616 7fc3a9fcb700 Options.compaction_options_universal.max_size_amplification_percent: 200
2019/10/17-14:55:13.723617 7fc3a9fcb700 Options.compaction_options_universal.compression_size_percent: -1
2019/10/17-14:55:13.723619 7fc3a9fcb700 Options.compaction_options_universal.stop_style: kCompactionStopStyleTotalSize
2019/10/17-14:55:13.723620 7fc3a9fcb700 Options.compaction_options_fifo.max_table_files_size: 1073741824
2019/10/17-14:55:13.723621 7fc3a9fcb700 Options.compaction_options_fifo.allow_compaction: 0
2019/10/17-14:55:13.723622 7fc3a9fcb700 Options.compaction_options_fifo.ttl: 0
2019/10/17-14:55:13.723623 7fc3a9fcb700                   Options.table_properties_collectors: 
2019/10/17-14:55:13.723625 7fc3a9fcb700                   Options.inplace_update_support: 0
2019/10/17-14:55:13.723626 7fc3a9fcb700                 Options.inplace_update_num_locks: 10000
2019/10/17-14:55:13.723627 7fc3a9fcb700               Options.memtable_prefix_bloom_size_ratio: 0.000000
2019/10/17-14:55:13.723629 7fc3a9fcb700   Options.memtable_huge_page_size: 0
2019/10/17-14:55:13.723630 7fc3a9fcb700                           Options.bloom_locality: 0
2019/10/17-14:55:13.723631 7fc3a9fcb700                    Options.max_successive_merges: 0
2019/10/17-14:55:13.723632 7fc3a9fcb700                Options.optimize_filters_for_hits: 0
2019/10/17-14:55:13.723634 7fc3a9fcb700                Options.paranoid_file_checks: 0
2019/10/17-14:55:13.723635 7fc3a9fcb700                Options.force_consistency_checks: 0
2019/10/17-14:55:13.723636 7fc3a9fcb700                Options.report_bg_io_stats: 0
2019/10/17-14:55:13.723637 7fc3a9fcb700                               Options.ttl: 0
2019/10/17-14:55:13.723661 7fc3a9fcb700 [db/column_family.cc:472] --------------- Options for column family [dc_entries]:
2019/10/17-14:55:13.723663 7fc3a9fcb700               Options.comparator: leveldb.BytewiseComparator
2019/10/17-14:55:13.723664 7fc3a9fcb700           Options.merge_operator: None
2019/10/17-14:55:13.723666 7fc3a9fcb700        Options.compaction_filter: None
2019/10/17-14:55:13.723667 7fc3a9fcb700        Options.compaction_filter_factory: None
2019/10/17-14:55:13.723668 7fc3a9fcb700         Options.memtable_factory: SkipListFactory
2019/10/17-14:55:13.723669 7fc3a9fcb700            Options.table_factory: BlockBasedTable
2019/10/17-14:55:13.723684 7fc3a9fcb700            table_factory options:   flush_block_policy_factory: FlushBlockBySizePolicyFactory (0x7fc35005ad30)
  cache_index_and_filter_blocks: 0
  cache_index_and_filter_blocks_with_high_priority: 0
  pin_l0_filter_and_index_blocks_in_cache: 0
  pin_top_level_index_and_filter: 1
  index_type: 0
  hash_index_allow_collision: 1
  checksum: 1
  no_block_cache: 0
  block_cache: 0x7fc350044110
  block_cache_name: LRUCache
  block_cache_options:
    capacity : 8388608
    num_shard_bits : 4
    strict_capacity_limit : 0
    memory_allocator : None
    high_pri_pool_ratio: 0.000
  block_cache_compressed: (nil)
  persistent_cache: (nil)
  block_size: 4096
  block_size_deviation: 10
  block_restart_interval: 16
  index_block_restart_interval: 1
  metadata_block_size: 4096
  partition_filters: 0
  use_delta_encoding: 1
  filter_policy: nullptr
  whole_key_filtering: 1
  verify_compression: 0
  read_amp_bytes_per_bit: 0
  format_version: 2
  enable_index_compression: 1
  block_align: 0
2019/10/17-14:55:13.723694 7fc3a9fcb700        Options.write_buffer_size: 67108864
2019/10/17-14:55:13.723695 7fc3a9fcb700  Options.max_write_buffer_number: 2
2019/10/17-14:55:13.723697 7fc3a9fcb700          Options.compression: NoCompression
2019/10/17-14:55:13.723698 7fc3a9fcb700                  Options.bottommost_compression: Disabled
2019/10/17-14:55:13.723699 7fc3a9fcb700       Options.prefix_extractor: nullptr
2019/10/17-14:55:13.723700 7fc3a9fcb700   Options.memtable_insert_with_hint_prefix_extractor: nullptr
2019/10/17-14:55:13.723701 7fc3a9fcb700             Options.num_levels: 7
2019/10/17-14:55:13.723703 7fc3a9fcb700        Options.min_write_buffer_number_to_merge: 1
2019/10/17-14:55:13.723704 7fc3a9fcb700     Options.max_write_buffer_number_to_maintain: 0
2019/10/17-14:55:13.723705 7fc3a9fcb700            Options.bottommost_compression_opts.window_bits: -14
2019/10/17-14:55:13.723706 7fc3a9fcb700                  Options.bottommost_compression_opts.level: 32767
2019/10/17-14:55:13.723707 7fc3a9fcb700               Options.bottommost_compression_opts.strategy: 0
2019/10/17-14:55:13.723709 7fc3a9fcb700         Options.bottommost_compression_opts.max_dict_bytes: 0
2019/10/17-14:55:13.723710 7fc3a9fcb700         Options.bottommost_compression_opts.zstd_max_train_bytes: 0
2019/10/17-14:55:13.723711 7fc3a9fcb700                  Options.bottommost_compression_opts.enabled: false
2019/10/17-14:55:13.723712 7fc3a9fcb700            Options.compression_opts.window_bits: -14
2019/10/17-14:55:13.723713 7fc3a9fcb700                  Options.compression_opts.level: 32767
2019/10/17-14:55:13.723715 7fc3a9fcb700               Options.compression_opts.strategy: 0
2019/10/17-14:55:13.723716 7fc3a9fcb700         Options.compression_opts.max_dict_bytes: 0
2019/10/17-14:55:13.723717 7fc3a9fcb700         Options.compression_opts.zstd_max_train_bytes: 0
2019/10/17-14:55:13.723718 7fc3a9fcb700                  Options.compression_opts.enabled: false
2019/10/17-14:55:13.723720 7fc3a9fcb700      Options.level0_file_num_compaction_trigger: 4
2019/10/17-14:55:13.723721 7fc3a9fcb700          Options.level0_slowdown_writes_trigger: 20
2019/10/17-14:55:13.723722 7fc3a9fcb700              Options.level0_stop_writes_trigger: 36
2019/10/17-14:55:13.723723 7fc3a9fcb700                   Options.target_file_size_base: 67108864
2019/10/17-14:55:13.723724 7fc3a9fcb700             Options.target_file_size_multiplier: 1
2019/10/17-14:55:13.723726 7fc3a9fcb700                Options.max_bytes_for_level_base: 268435456
2019/10/17-14:55:13.723727 7fc3a9fcb700 Options.level_compaction_dynamic_level_bytes: 0
2019/10/17-14:55:13.723728 7fc3a9fcb700          Options.max_bytes_for_level_multiplier: 10.000000
2019/10/17-14:55:13.723730 7fc3a9fcb700 Options.max_bytes_for_level_multiplier_addtl[0]: 1
2019/10/17-14:55:13.723731 7fc3a9fcb700 Options.max_bytes_for_level_multiplier_addtl[1]: 1
2019/10/17-14:55:13.723733 7fc3a9fcb700 Options.max_bytes_for_level_multiplier_addtl[2]: 1
2019/10/17-14:55:13.723734 7fc3a9fcb700 Options.max_bytes_for_level_multiplier_addtl[3]: 1
2019/10/17-14:55:13.723735 7fc3a9fcb700 Options.max_bytes_for_level_multiplier_addtl[4]: 1
2019/10/17-14:55:13.723736 7fc3a9fcb700 Options.max_bytes_for_level_multiplier_addtl[5]: 1
2019/10/17-14:55:13.723738 7fc3a9fcb700 Options.max_bytes_for_level_multiplier_addtl[6]: 1
2019/10/17-14:55:13.723739 7fc3a9fcb700       Options.max_sequential_skip_in_iterations: 8
2019/10/17-14:55:13.723740 7fc3a9fcb700                    Options.max_compaction_bytes: 1677721600
2019/10/17-14:55:13.723741 7fc3a9fcb700                        Options.arena_block_size: 8388608
2019/10/17-14:55:13.723742 7fc3a9fcb700   Options.soft_pending_compaction_bytes_limit: 68719476736
2019/10/17-14:55:13.723744 7fc3a9fcb700   Options.hard_pending_compaction_bytes_limit: 274877906944
2019/10/17-14:55:13.723745 7fc3a9fcb700       Options.rate_limit_delay_max_milliseconds: 100
2019/10/17-14:55:13.723746 7fc3a9fcb700                Options.disable_auto_compactions: 0
2019/10/17-14:55:13.723754 7fc3a9fcb700                        Options.compaction_style: kCompactionStyleLevel
2019/10/17-14:55:13.723755 7fc3a9fcb700                          Options.compaction_pri: kByCompensatedSize
2019/10/17-14:55:13.723757 7fc3a9fcb700 Options.compaction_options_universal.size_ratio: 1
2019/10/17-14:55:13.723758 7fc3a9fcb700 Options.compaction_options_universal.min_merge_width: 2
2019/10/17-14:55:13.723759 7fc3a9fcb700 Options.compaction_options_universal.max_merge_width: 4294967295
2019/10/17-14:55:13.723760 7fc3a9fcb700 Options.compaction_options_universal.max_size_amplification_percent: 200
2019/10/17-14:55:13.723762 7fc3a9fcb700 Options.compaction_options_universal.compression_size_percent: -1
2019/10/17-14:55:13.723763 7fc3a9fcb700 Options.compaction_options_universal.stop_style: kCompactionStopStyleTotalSize
2019/10/17-14:55:13.723764 7fc3a9fcb700 Options.compaction_options_fifo.max_table_files_size: 1073741824
2019/10/17-14:55:13.723766 7fc3a9fcb700 Options.compaction_options_fifo.allow_compaction: 0
2019/10/17-14:55:13.723767 7fc3a9fcb700 Options.compaction_options_fifo.ttl: 0
2019/10/17-14:55:13.723768 7fc3a9fcb700                   Options.table_properties_collectors: 
2019/10/17-14:55:13.723769 7fc3a9fcb700                   Options.inplace_update_support: 0
2019/10/17-14:55:13.723771 7fc3a9fcb700                 Options.inplace_update_num_locks: 10000
2019/10/17-14:55:13.723772 7fc3a9fcb700               Options.memtable_prefix_bloom_size_ratio: 0.000000
2019/10/17-14:55:13.723773 7fc3a9fcb700   Options.memtable_huge_page_size: 0
2019/10/17-14:55:13.723775 7fc3a9fcb700                           Options.bloom_locality: 0
2019/10/17-14:55:13.723776 7fc3a9fcb700                    Options.max_successive_merges: 0
2019/10/17-14:55:13.723777 7fc3a9fcb700                Options.optimize_filters_for_hits: 0
2019/10/17-14:55:13.723778 7fc3a9fcb700                Options.paranoid_file_checks: 0
2019/10/17-14:55:13.723779 7fc3a9fcb700                Options.force_consistency_checks: 0
2019/10/17-14:55:13.723781 7fc3a9fcb700                Options.report_bg_io_stats: 0
2019/10/17-14:55:13.723782 7fc3a9fcb700                               Options.ttl: 0
2019/10/17-14:55:13.723802 7fc3a9fcb700 [db/column_family.cc:472] --------------- Options for column family [htlcs]:
2019/10/17-14:55:13.723804 7fc3a9fcb700               Options.comparator: leveldb.BytewiseComparator
2019/10/17-14:55:13.723806 7fc3a9fcb700           Options.merge_operator: None
2019/10/17-14:55:13.723807 7fc3a9fcb700        Options.compaction_filter: None
2019/10/17-14:55:13.723808 7fc3a9fcb700        Options.compaction_filter_factory: None
2019/10/17-14:55:13.723809 7fc3a9fcb700         Options.memtable_factory: SkipListFactory
2019/10/17-14:55:13.723811 7fc3a9fcb700            Options.table_factory: BlockBasedTable
2019/10/17-14:55:13.723825 7fc3a9fcb700            table_factory options:   flush_block_policy_factory: FlushBlockBySizePolicyFactory (0x7fc350044760)
