2019/10/17-14:55:14.840289 7fc3a9fcb700 RocksDB version: 5.18.3
2019/10/17-14:55:14.840343 7fc3a9fcb700 Git sha rocksdb_build_git_sha:@0@
2019/10/17-14:55:14.840345 7fc3a9fcb700 Compile date Sep 19 2019
2019/10/17-14:55:14.840347 7fc3a9fcb700 DB SUMMARY
2019/10/17-14:55:14.841537 7fc3a9fcb700 CURRENT file:  CURRENT
2019/10/17-14:55:14.841540 7fc3a9fcb700 IDENTITY file:  IDENTITY
2019/10/17-14:55:14.841588 7fc3a9fcb700 MANIFEST file:  MANIFEST-116581 size: 4114 Bytes
2019/10/17-14:55:14.841591 7fc3a9fcb700 SST files in /home/rahul/dev/blockchain-core/eqc/ledger.db dir, Total Num: 29, files: 000624.sst 000627.sst 106940.sst 108447.sst 108450.sst 109471.sst 109483.sst 109485.sst 109486.sst 
2019/10/17-14:55:14.841593 7fc3a9fcb700 Write Ahead Log file in /home/rahul/dev/blockchain-core/eqc/ledger.db: 116582.log size: 0 ; 
2019/10/17-14:55:14.841650 7fc3a9fcb700                         Options.error_if_exists: 0
2019/10/17-14:55:14.841652 7fc3a9fcb700                       Options.create_if_missing: 1
2019/10/17-14:55:14.841654 7fc3a9fcb700                         Options.paranoid_checks: 1
2019/10/17-14:55:14.841655 7fc3a9fcb700                                     Options.env: 0x7fc32ae1fc60
2019/10/17-14:55:14.841656 7fc3a9fcb700                                Options.info_log: 0x7fc350078410
2019/10/17-14:55:14.841658 7fc3a9fcb700                Options.max_file_opening_threads: 16
2019/10/17-14:55:14.841659 7fc3a9fcb700                              Options.statistics: (nil)
2019/10/17-14:55:14.841660 7fc3a9fcb700                               Options.use_fsync: 0
2019/10/17-14:55:14.841662 7fc3a9fcb700                       Options.max_log_file_size: 0
2019/10/17-14:55:14.841663 7fc3a9fcb700                  Options.max_manifest_file_size: 1073741824
2019/10/17-14:55:14.841664 7fc3a9fcb700                   Options.log_file_time_to_roll: 0
2019/10/17-14:55:14.841666 7fc3a9fcb700                       Options.keep_log_file_num: 1000
2019/10/17-14:55:14.841667 7fc3a9fcb700                    Options.recycle_log_file_num: 0
2019/10/17-14:55:14.841668 7fc3a9fcb700                         Options.allow_fallocate: 1
2019/10/17-14:55:14.841670 7fc3a9fcb700                        Options.allow_mmap_reads: 0
2019/10/17-14:55:14.841671 7fc3a9fcb700                       Options.allow_mmap_writes: 0
2019/10/17-14:55:14.841672 7fc3a9fcb700                        Options.use_direct_reads: 0
2019/10/17-14:55:14.841673 7fc3a9fcb700                        Options.use_direct_io_for_flush_and_compaction: 0
2019/10/17-14:55:14.841675 7fc3a9fcb700          Options.create_missing_column_families: 0
2019/10/17-14:55:14.841676 7fc3a9fcb700                              Options.db_log_dir: 
2019/10/17-14:55:14.841677 7fc3a9fcb700                                 Options.wal_dir: /home/rahul/dev/blockchain-core/eqc/ledger.db
2019/10/17-14:55:14.841678 7fc3a9fcb700                Options.table_cache_numshardbits: 6
2019/10/17-14:55:14.841679 7fc3a9fcb700                      Options.max_subcompactions: 1
2019/10/17-14:55:14.841681 7fc3a9fcb700                  Options.max_background_flushes: -1
2019/10/17-14:55:14.841682 7fc3a9fcb700                         Options.WAL_ttl_seconds: 0
2019/10/17-14:55:14.841683 7fc3a9fcb700                       Options.WAL_size_limit_MB: 0
2019/10/17-14:55:14.841685 7fc3a9fcb700             Options.manifest_preallocation_size: 4194304
2019/10/17-14:55:14.841686 7fc3a9fcb700                     Options.is_fd_close_on_exec: 1
2019/10/17-14:55:14.841687 7fc3a9fcb700                   Options.advise_random_on_open: 1
2019/10/17-14:55:14.841688 7fc3a9fcb700                    Options.db_write_buffer_size: 0
2019/10/17-14:55:14.841690 7fc3a9fcb700                    Options.write_buffer_manager: 0x7fc3500a6130
2019/10/17-14:55:14.841691 7fc3a9fcb700         Options.access_hint_on_compaction_start: 1
2019/10/17-14:55:14.841692 7fc3a9fcb700  Options.new_table_reader_for_compaction_inputs: 0
2019/10/17-14:55:14.841693 7fc3a9fcb700           Options.random_access_max_buffer_size: 1048576
2019/10/17-14:55:14.841694 7fc3a9fcb700                      Options.use_adaptive_mutex: 0
2019/10/17-14:55:14.841696 7fc3a9fcb700                            Options.rate_limiter: (nil)
2019/10/17-14:55:14.841711 7fc3a9fcb700     Options.sst_file_manager.rate_bytes_per_sec: 0
2019/10/17-14:55:14.841713 7fc3a9fcb700                       Options.wal_recovery_mode: 2
2019/10/17-14:55:14.841714 7fc3a9fcb700                  Options.enable_thread_tracking: 0
2019/10/17-14:55:14.841715 7fc3a9fcb700                  Options.enable_pipelined_write: 0
2019/10/17-14:55:14.841717 7fc3a9fcb700         Options.allow_concurrent_memtable_write: 1
2019/10/17-14:55:14.841718 7fc3a9fcb700      Options.enable_write_thread_adaptive_yield: 1
2019/10/17-14:55:14.841719 7fc3a9fcb700             Options.write_thread_max_yield_usec: 100
2019/10/17-14:55:14.841720 7fc3a9fcb700            Options.write_thread_slow_yield_usec: 3
2019/10/17-14:55:14.841722 7fc3a9fcb700                               Options.row_cache: None
2019/10/17-14:55:14.841723 7fc3a9fcb700                              Options.wal_filter: None
2019/10/17-14:55:14.841724 7fc3a9fcb700             Options.avoid_flush_during_recovery: 0
2019/10/17-14:55:14.841726 7fc3a9fcb700             Options.allow_ingest_behind: 0
2019/10/17-14:55:14.841727 7fc3a9fcb700             Options.preserve_deletes: 0
2019/10/17-14:55:14.841728 7fc3a9fcb700             Options.two_write_queues: 0
2019/10/17-14:55:14.841729 7fc3a9fcb700             Options.manual_wal_flush: 0
2019/10/17-14:55:14.841730 7fc3a9fcb700             Options.max_background_jobs: 2
2019/10/17-14:55:14.841732 7fc3a9fcb700             Options.max_background_compactions: -1
2019/10/17-14:55:14.841733 7fc3a9fcb700             Options.avoid_flush_during_shutdown: 0
2019/10/17-14:55:14.841734 7fc3a9fcb700           Options.writable_file_max_buffer_size: 1048576
2019/10/17-14:55:14.841735 7fc3a9fcb700             Options.delayed_write_rate : 16777216
2019/10/17-14:55:14.841737 7fc3a9fcb700             Options.max_total_wal_size: 0
2019/10/17-14:55:14.841738 7fc3a9fcb700             Options.delete_obsolete_files_period_micros: 21600000000
2019/10/17-14:55:14.841739 7fc3a9fcb700                   Options.stats_dump_period_sec: 600
2019/10/17-14:55:14.841741 7fc3a9fcb700                          Options.max_open_files: -1
2019/10/17-14:55:14.841742 7fc3a9fcb700                          Options.bytes_per_sync: 0
2019/10/17-14:55:14.841743 7fc3a9fcb700                      Options.wal_bytes_per_sync: 0
2019/10/17-14:55:14.841744 7fc3a9fcb700       Options.compaction_readahead_size: 0
2019/10/17-14:55:14.841745 7fc3a9fcb700 Compression algorithms supported:
2019/10/17-14:55:14.841747 7fc3a9fcb700 	kZSTDNotFinalCompression supported: 0
2019/10/17-14:55:14.841748 7fc3a9fcb700 	kZSTD supported: 0
2019/10/17-14:55:14.841750 7fc3a9fcb700 	kXpressCompression supported: 0
2019/10/17-14:55:14.841751 7fc3a9fcb700 	kLZ4HCCompression supported: 0
2019/10/17-14:55:14.841752 7fc3a9fcb700 	kLZ4Compression supported: 0
2019/10/17-14:55:14.841754 7fc3a9fcb700 	kBZip2Compression supported: 0
2019/10/17-14:55:14.841755 7fc3a9fcb700 	kZlibCompression supported: 0
2019/10/17-14:55:14.841756 7fc3a9fcb700 	kSnappyCompression supported: 0
2019/10/17-14:55:14.841759 7fc3a9fcb700 Fast CRC32 supported: Supported on x86
2019/10/17-14:55:14.841909 7fc3a9fcb700 [db/version_set.cc:3507] Recovering from manifest file: MANIFEST-116581
2019/10/17-14:55:14.841961 7fc3a9fcb700 [db/column_family.cc:472] --------------- Options for column family [default]:
2019/10/17-14:55:14.841964 7fc3a9fcb700               Options.comparator: leveldb.BytewiseComparator
2019/10/17-14:55:14.841965 7fc3a9fcb700           Options.merge_operator: None
2019/10/17-14:55:14.841966 7fc3a9fcb700        Options.compaction_filter: None
2019/10/17-14:55:14.841968 7fc3a9fcb700        Options.compaction_filter_factory: None
2019/10/17-14:55:14.841969 7fc3a9fcb700         Options.memtable_factory: SkipListFactory
2019/10/17-14:55:14.841970 7fc3a9fcb700            Options.table_factory: BlockBasedTable
2019/10/17-14:55:14.841993 7fc3a9fcb700            table_factory options:   flush_block_policy_factory: FlushBlockBySizePolicyFactory (0x7fc350036e10)
  cache_index_and_filter_blocks: 0
  cache_index_and_filter_blocks_with_high_priority: 0
  pin_l0_filter_and_index_blocks_in_cache: 0
  pin_top_level_index_and_filter: 1
  index_type: 0
  hash_index_allow_collision: 1
  checksum: 1
  no_block_cache: 0
  block_cache: 0x7fc3500c8f10
  block_cache_name: LRUCache
  block_cache_options:
    capacity : 8388608
    num_shard_bits : 4
    strict_capacity_limit : 0
    memory_allocator : None
    high_pri_pool_ratio: 0.000
  block_cache_compressed: (nil)
  persistent_cache: (nil)
  block_size: 4096
  block_size_deviation: 10
  block_restart_interval: 16
  index_block_restart_interval: 1
  metadata_block_size: 4096
  partition_filters: 0
  use_delta_encoding: 1
  filter_policy: nullptr
  whole_key_filtering: 1
  verify_compression: 0
  read_amp_bytes_per_bit: 0
  format_version: 2
  enable_index_compression: 1
  block_align: 0
2019/10/17-14:55:14.842007 7fc3a9fcb700        Options.write_buffer_size: 67108864
2019/10/17-14:55:14.842009 7fc3a9fcb700  Options.max_write_buffer_number: 2
2019/10/17-14:55:14.842010 7fc3a9fcb700          Options.compression: NoCompression
2019/10/17-14:55:14.842012 7fc3a9fcb700                  Options.bottommost_compression: Disabled
2019/10/17-14:55:14.842013 7fc3a9fcb700       Options.prefix_extractor: nullptr
2019/10/17-14:55:14.842014 7fc3a9fcb700   Options.memtable_insert_with_hint_prefix_extractor: nullptr
2019/10/17-14:55:14.842016 7fc3a9fcb700             Options.num_levels: 7
2019/10/17-14:55:14.842017 7fc3a9fcb700        Options.min_write_buffer_number_to_merge: 1
2019/10/17-14:55:14.842018 7fc3a9fcb700     Options.max_write_buffer_number_to_maintain: 0
2019/10/17-14:55:14.842019 7fc3a9fcb700            Options.bottommost_compression_opts.window_bits: -14
2019/10/17-14:55:14.842021 7fc3a9fcb700                  Options.bottommost_compression_opts.level: 32767
2019/10/17-14:55:14.842022 7fc3a9fcb700               Options.bottommost_compression_opts.strategy: 0
2019/10/17-14:55:14.842023 7fc3a9fcb700         Options.bottommost_compression_opts.max_dict_bytes: 0
2019/10/17-14:55:14.842024 7fc3a9fcb700         Options.bottommost_compression_opts.zstd_max_train_bytes: 0
2019/10/17-14:55:14.842026 7fc3a9fcb700                  Options.bottommost_compression_opts.enabled: false
2019/10/17-14:55:14.842027 7fc3a9fcb700            Options.compression_opts.window_bits: -14
2019/10/17-14:55:14.842028 7fc3a9fcb700                  Options.compression_opts.level: 32767
2019/10/17-14:55:14.842030 7fc3a9fcb700               Options.compression_opts.strategy: 0
2019/10/17-14:55:14.842031 7fc3a9fcb700         Options.compression_opts.max_dict_bytes: 0
2019/10/17-14:55:14.842032 7fc3a9fcb700         Options.compression_opts.zstd_max_train_bytes: 0
2019/10/17-14:55:14.842033 7fc3a9fcb700                  Options.compression_opts.enabled: false
2019/10/17-14:55:14.842034 7fc3a9fcb700      Options.level0_file_num_compaction_trigger: 4
2019/10/17-14:55:14.842036 7fc3a9fcb700          Options.level0_slowdown_writes_trigger: 20
2019/10/17-14:55:14.842037 7fc3a9fcb700              Options.level0_stop_writes_trigger: 36
2019/10/17-14:55:14.842038 7fc3a9fcb700                   Options.target_file_size_base: 67108864
2019/10/17-14:55:14.842039 7fc3a9fcb700             Options.target_file_size_multiplier: 1
2019/10/17-14:55:14.842041 7fc3a9fcb700                Options.max_bytes_for_level_base: 268435456
2019/10/17-14:55:14.842042 7fc3a9fcb700 Options.level_compaction_dynamic_level_bytes: 0
2019/10/17-14:55:14.842043 7fc3a9fcb700          Options.max_bytes_for_level_multiplier: 10.000000
2019/10/17-14:55:14.842046 7fc3a9fcb700 Options.max_bytes_for_level_multiplier_addtl[0]: 1
2019/10/17-14:55:14.842048 7fc3a9fcb700 Options.max_bytes_for_level_multiplier_addtl[1]: 1
2019/10/17-14:55:14.842049 7fc3a9fcb700 Options.max_bytes_for_level_multiplier_addtl[2]: 1
2019/10/17-14:55:14.842050 7fc3a9fcb700 Options.max_bytes_for_level_multiplier_addtl[3]: 1
2019/10/17-14:55:14.842051 7fc3a9fcb700 Options.max_bytes_for_level_multiplier_addtl[4]: 1
2019/10/17-14:55:14.842059 7fc3a9fcb700 Options.max_bytes_for_level_multiplier_addtl[5]: 1
2019/10/17-14:55:14.842060 7fc3a9fcb700 Options.max_bytes_for_level_multiplier_addtl[6]: 1
2019/10/17-14:55:14.842062 7fc3a9fcb700       Options.max_sequential_skip_in_iterations: 8
2019/10/17-14:55:14.842063 7fc3a9fcb700                    Options.max_compaction_bytes: 1677721600
2019/10/17-14:55:14.842064 7fc3a9fcb700                        Options.arena_block_size: 8388608
2019/10/17-14:55:14.842065 7fc3a9fcb700   Options.soft_pending_compaction_bytes_limit: 68719476736
2019/10/17-14:55:14.842067 7fc3a9fcb700   Options.hard_pending_compaction_bytes_limit: 274877906944
2019/10/17-14:55:14.842068 7fc3a9fcb700       Options.rate_limit_delay_max_milliseconds: 100
2019/10/17-14:55:14.842069 7fc3a9fcb700                Options.disable_auto_compactions: 0
2019/10/17-14:55:14.842071 7fc3a9fcb700                        Options.compaction_style: kCompactionStyleLevel
2019/10/17-14:55:14.842073 7fc3a9fcb700                          Options.compaction_pri: kByCompensatedSize
2019/10/17-14:55:14.842074 7fc3a9fcb700 Options.compaction_options_universal.size_ratio: 1
2019/10/17-14:55:14.842076 7fc3a9fcb700 Options.compaction_options_universal.min_merge_width: 2
2019/10/17-14:55:14.842077 7fc3a9fcb700 Options.compaction_options_universal.max_merge_width: 4294967295
2019/10/17-14:55:14.842078 7fc3a9fcb700 Options.compaction_options_universal.max_size_amplification_percent: 200
2019/10/17-14:55:14.842079 7fc3a9fcb700 Options.compaction_options_universal.compression_size_percent: -1
2019/10/17-14:55:14.842081 7fc3a9fcb700 Options.compaction_options_universal.stop_style: kCompactionStopStyleTotalSize
2019/10/17-14:55:14.842082 7fc3a9fcb700 Options.compaction_options_fifo.max_table_files_size: 1073741824
2019/10/17-14:55:14.842084 7fc3a9fcb700 Options.compaction_options_fifo.allow_compaction: 0
2019/10/17-14:55:14.842085 7fc3a9fcb700 Options.compaction_options_fifo.ttl: 0
2019/10/17-14:55:14.842086 7fc3a9fcb700                   Options.table_properties_collectors: 
2019/10/17-14:55:14.842087 7fc3a9fcb700                   Options.inplace_update_support: 0
2019/10/17-14:55:14.842089 7fc3a9fcb700                 Options.inplace_update_num_locks: 10000
2019/10/17-14:55:14.842090 7fc3a9fcb700               Options.memtable_prefix_bloom_size_ratio: 0.000000
2019/10/17-14:55:14.842092 7fc3a9fcb700   Options.memtable_huge_page_size: 0
2019/10/17-14:55:14.842093 7fc3a9fcb700                           Options.bloom_locality: 0
2019/10/17-14:55:14.842094 7fc3a9fcb700                    Options.max_successive_merges: 0
2019/10/17-14:55:14.842096 7fc3a9fcb700                Options.optimize_filters_for_hits: 0
2019/10/17-14:55:14.842097 7fc3a9fcb700                Options.paranoid_file_checks: 0
2019/10/17-14:55:14.842098 7fc3a9fcb700                Options.force_consistency_checks: 0
2019/10/17-14:55:14.842099 7fc3a9fcb700                Options.report_bg_io_stats: 0
2019/10/17-14:55:14.842100 7fc3a9fcb700                               Options.ttl: 0
2019/10/17-14:55:14.842143 7fc3a9fcb700 [db/column_family.cc:472] --------------- Options for column family [active_gateways]:
2019/10/17-14:55:14.842145 7fc3a9fcb700               Options.comparator: leveldb.BytewiseComparator
2019/10/17-14:55:14.842146 7fc3a9fcb700           Options.merge_operator: None
2019/10/17-14:55:14.842148 7fc3a9fcb700        Options.compaction_filter: None
2019/10/17-14:55:14.842149 7fc3a9fcb700        Options.compaction_filter_factory: None
2019/10/17-14:55:14.842150 7fc3a9fcb700         Options.memtable_factory: SkipListFactory
2019/10/17-14:55:14.842152 7fc3a9fcb700            Options.table_factory: BlockBasedTable
2019/10/17-14:55:14.842169 7fc3a9fcb700            table_factory options:   flush_block_policy_factory: FlushBlockBySizePolicyFactory (0x7fc3500a06b0)
  cache_index_and_filter_blocks: 0
  cache_index_and_filter_blocks_with_high_priority: 0
  pin_l0_filter_and_index_blocks_in_cache: 0
  pin_top_level_index_and_filter: 1
  index_type: 0
  hash_index_allow_collision: 1
  checksum: 1
  no_block_cache: 0
  block_cache: 0x7fc35008f280
  block_cache_name: LRUCache
  block_cache_options:
    capacity : 8388608
    num_shard_bits : 4
    strict_capacity_limit : 0
    memory_allocator : None
    high_pri_pool_ratio: 0.000
  block_cache_compressed: (nil)
  persistent_cache: (nil)
  block_size: 4096
  block_size_deviation: 10
  block_restart_interval: 16
  index_block_restart_interval: 1
  metadata_block_size: 4096
  partition_filters: 0
  use_delta_encoding: 1
  filter_policy: nullptr
  whole_key_filtering: 1
  verify_compression: 0
  read_amp_bytes_per_bit: 0
  format_version: 2
  enable_index_compression: 1
  block_align: 0
2019/10/17-14:55:14.842180 7fc3a9fcb700        Options.write_buffer_size: 67108864
2019/10/17-14:55:14.842181 7fc3a9fcb700  Options.max_write_buffer_number: 2
2019/10/17-14:55:14.842182 7fc3a9fcb700          Options.compression: NoCompression
2019/10/17-14:55:14.842184 7fc3a9fcb700                  Options.bottommost_compression: Disabled
2019/10/17-14:55:14.842185 7fc3a9fcb700       Options.prefix_extractor: nullptr
2019/10/17-14:55:14.842186 7fc3a9fcb700   Options.memtable_insert_with_hint_prefix_extractor: nullptr
2019/10/17-14:55:14.842187 7fc3a9fcb700             Options.num_levels: 7
2019/10/17-14:55:14.842189 7fc3a9fcb700        Options.min_write_buffer_number_to_merge: 1
2019/10/17-14:55:14.842190 7fc3a9fcb700     Options.max_write_buffer_number_to_maintain: 0
2019/10/17-14:55:14.842191 7fc3a9fcb700            Options.bottommost_compression_opts.window_bits: -14
2019/10/17-14:55:14.842192 7fc3a9fcb700                  Options.bottommost_compression_opts.level: 32767
2019/10/17-14:55:14.842194 7fc3a9fcb700               Options.bottommost_compression_opts.strategy: 0
2019/10/17-14:55:14.842195 7fc3a9fcb700         Options.bottommost_compression_opts.max_dict_bytes: 0
2019/10/17-14:55:14.842196 7fc3a9fcb700         Options.bottommost_compression_opts.zstd_max_train_bytes: 0
2019/10/17-14:55:14.842197 7fc3a9fcb700                  Options.bottommost_compression_opts.enabled: false
2019/10/17-14:55:14.842198 7fc3a9fcb700            Options.compression_opts.window_bits: -14
2019/10/17-14:55:14.842200 7fc3a9fcb700                  Options.compression_opts.level: 32767
2019/10/17-14:55:14.842201 7fc3a9fcb700               Options.compression_opts.strategy: 0
2019/10/17-14:55:14.842202 7fc3a9fcb700         Options.compression_opts.max_dict_bytes: 0
2019/10/17-14:55:14.842203 7fc3a9fcb700         Options.compression_opts.zstd_max_train_bytes: 0
2019/10/17-14:55:14.842205 7fc3a9fcb700                  Options.compression_opts.enabled: false
2019/10/17-14:55:14.842206 7fc3a9fcb700      Options.level0_file_num_compaction_trigger: 4
2019/10/17-14:55:14.842207 7fc3a9fcb700          Options.level0_slowdown_writes_trigger: 20
2019/10/17-14:55:14.842208 7fc3a9fcb700              Options.level0_stop_writes_trigger: 36
2019/10/17-14:55:14.842209 7fc3a9fcb700                   Options.target_file_size_base: 67108864
2019/10/17-14:55:14.842211 7fc3a9fcb700             Options.target_file_size_multiplier: 1
2019/10/17-14:55:14.842212 7fc3a9fcb700                Options.max_bytes_for_level_base: 268435456
2019/10/17-14:55:14.842213 7fc3a9fcb700 Options.level_compaction_dynamic_level_bytes: 0
2019/10/17-14:55:14.842214 7fc3a9fcb700          Options.max_bytes_for_level_multiplier: 10.000000
2019/10/17-14:55:14.842217 7fc3a9fcb700 Options.max_bytes_for_level_multiplier_addtl[0]: 1
2019/10/17-14:55:14.842218 7fc3a9fcb700 Options.max_bytes_for_level_multiplier_addtl[1]: 1
2019/10/17-14:55:14.842219 7fc3a9fcb700 Options.max_bytes_for_level_multiplier_addtl[2]: 1
2019/10/17-14:55:14.842221 7fc3a9fcb700 Options.max_bytes_for_level_multiplier_addtl[3]: 1
2019/10/17-14:55:14.842222 7fc3a9fcb700 Options.max_bytes_for_level_multiplier_addtl[4]: 1
2019/10/17-14:55:14.842223 7fc3a9fcb700 Options.max_bytes_for_level_multiplier_addtl[5]: 1
2019/10/17-14:55:14.842224 7fc3a9fcb700 Options.max_bytes_for_level_multiplier_addtl[6]: 1
2019/10/17-14:55:14.842225 7fc3a9fcb700       Options.max_sequential_skip_in_iterations: 8
2019/10/17-14:55:14.842233 7fc3a9fcb700                    Options.max_compaction_bytes: 1677721600
2019/10/17-14:55:14.842234 7fc3a9fcb700                        Options.arena_block_size: 8388608
2019/10/17-14:55:14.842235 7fc3a9fcb700   Options.soft_pending_compaction_bytes_limit: 68719476736
2019/10/17-14:55:14.842237 7fc3a9fcb700   Options.hard_pending_compaction_bytes_limit: 274877906944
2019/10/17-14:55:14.842238 7fc3a9fcb700       Options.rate_limit_delay_max_milliseconds: 100
2019/10/17-14:55:14.842239 7fc3a9fcb700                Options.disable_auto_compactions: 0
2019/10/17-14:55:14.842241 7fc3a9fcb700                        Options.compaction_style: kCompactionStyleLevel
2019/10/17-14:55:14.842242 7fc3a9fcb700                          Options.compaction_pri: kByCompensatedSize
2019/10/17-14:55:14.842243 7fc3a9fcb700 Options.compaction_options_universal.size_ratio: 1
2019/10/17-14:55:14.842244 7fc3a9fcb700 Options.compaction_options_universal.min_merge_width: 2
2019/10/17-14:55:14.842246 7fc3a9fcb700 Options.compaction_options_universal.max_merge_width: 4294967295
2019/10/17-14:55:14.842247 7fc3a9fcb700 Options.compaction_options_universal.max_size_amplification_percent: 200
2019/10/17-14:55:14.842248 7fc3a9fcb700 Options.compaction_options_universal.compression_size_percent: -1
2019/10/17-14:55:14.842250 7fc3a9fcb700 Options.compaction_options_universal.stop_style: kCompactionStopStyleTotalSize
2019/10/17-14:55:14.842251 7fc3a9fcb700 Options.compaction_options_fifo.max_table_files_size: 1073741824
2019/10/17-14:55:14.842252 7fc3a9fcb700 Options.compaction_options_fifo.allow_compaction: 0
2019/10/17-14:55:14.842254 7fc3a9fcb700 Options.compaction_options_fifo.ttl: 0
2019/10/17-14:55:14.842255 7fc3a9fcb700                   Options.table_properties_collectors: 
2019/10/17-14:55:14.842256 7fc3a9fcb700                   Options.inplace_update_support: 0
2019/10/17-14:55:14.842257 7fc3a9fcb700                 Options.inplace_update_num_locks: 10000
2019/10/17-14:55:14.842258 7fc3a9fcb700               Options.memtable_prefix_bloom_size_ratio: 0.000000
2019/10/17-14:55:14.842260 7fc3a9fcb700   Options.memtable_huge_page_size: 0
2019/10/17-14:55:14.842262 7fc3a9fcb700                           Options.bloom_locality: 0
2019/10/17-14:55:14.842263 7fc3a9fcb700                    Options.max_successive_merges: 0
2019/10/17-14:55:14.842264 7fc3a9fcb700                Options.optimize_filters_for_hits: 0
2019/10/17-14:55:14.842265 7fc3a9fcb700                Options.paranoid_file_checks: 0
2019/10/17-14:55:14.842266 7fc3a9fcb700                Options.force_consistency_checks: 0
2019/10/17-14:55:14.842268 7fc3a9fcb700                Options.report_bg_io_stats: 0
2019/10/17-14:55:14.842269 7fc3a9fcb700                               Options.ttl: 0
2019/10/17-14:55:14.842294 7fc3a9fcb700 [db/column_family.cc:472] --------------- Options for column family [entries]:
2019/10/17-14:55:14.842297 7fc3a9fcb700               Options.comparator: leveldb.BytewiseComparator
2019/10/17-14:55:14.842298 7fc3a9fcb700           Options.merge_operator: None
2019/10/17-14:55:14.842299 7fc3a9fcb700        Options.compaction_filter: None
2019/10/17-14:55:14.842300 7fc3a9fcb700        Options.compaction_filter_factory: None
2019/10/17-14:55:14.842302 7fc3a9fcb700         Options.memtable_factory: SkipListFactory
2019/10/17-14:55:14.842303 7fc3a9fcb700            Options.table_factory: BlockBasedTable
2019/10/17-14:55:14.842318 7fc3a9fcb700            table_factory options:   flush_block_policy_factory: FlushBlockBySizePolicyFactory (0x7fc35001fd80)
  cache_index_and_filter_blocks: 0
  cache_index_and_filter_blocks_with_high_priority: 0
  pin_l0_filter_and_index_blocks_in_cache: 0
  pin_top_level_index_and_filter: 1
  index_type: 0
  hash_index_allow_collision: 1
  checksum: 1
  no_block_cache: 0
  block_cache: 0x7fc350048400
  block_cache_name: LRUCache
  block_cache_options:
    capacity : 8388608
    num_shard_bits : 4
    strict_capacity_limit : 0
    memory_allocator : None
    high_pri_pool_ratio: 0.000
  block_cache_compressed: (nil)
  persistent_cache: (nil)
  block_size: 4096
  block_size_deviation: 10
  block_restart_interval: 16
  index_block_restart_interval: 1
  metadata_block_size: 4096
  partition_filters: 0
  use_delta_encoding: 1
  filter_policy: nullptr
  whole_key_filtering: 1
  verify_compression: 0
  read_amp_bytes_per_bit: 0
  format_version: 2
  enable_index_compression: 1
  block_align: 0
2019/10/17-14:55:14.842328 7fc3a9fcb700        Options.write_buffer_size: 67108864
2019/10/17-14:55:14.842330 7fc3a9fcb700  Options.max_write_buffer_number: 2
2019/10/17-14:55:14.842331 7fc3a9fcb700          Options.compression: NoCompression
2019/10/17-14:55:14.842332 7fc3a9fcb700                  Options.bottommost_compression: Disabled
2019/10/17-14:55:14.842334 7fc3a9fcb700       Options.prefix_extractor: nullptr
2019/10/17-14:55:14.842335 7fc3a9fcb700   Options.memtable_insert_with_hint_prefix_extractor: nullptr
2019/10/17-14:55:14.842336 7fc3a9fcb700             Options.num_levels: 7
2019/10/17-14:55:14.842337 7fc3a9fcb700        Options.min_write_buffer_number_to_merge: 1
2019/10/17-14:55:14.842338 7fc3a9fcb700     Options.max_write_buffer_number_to_maintain: 0
2019/10/17-14:55:14.842340 7fc3a9fcb700            Options.bottommost_compression_opts.window_bits: -14
2019/10/17-14:55:14.842341 7fc3a9fcb700                  Options.bottommost_compression_opts.level: 32767
2019/10/17-14:55:14.842342 7fc3a9fcb700               Options.bottommost_compression_opts.strategy: 0
2019/10/17-14:55:14.842343 7fc3a9fcb700         Options.bottommost_compression_opts.max_dict_bytes: 0
2019/10/17-14:55:14.842345 7fc3a9fcb700         Options.bottommost_compression_opts.zstd_max_train_bytes: 0
2019/10/17-14:55:14.842346 7fc3a9fcb700                  Options.bottommost_compression_opts.enabled: false
2019/10/17-14:55:14.842347 7fc3a9fcb700            Options.compression_opts.window_bits: -14
2019/10/17-14:55:14.842348 7fc3a9fcb700                  Options.compression_opts.level: 32767
2019/10/17-14:55:14.842350 7fc3a9fcb700               Options.compression_opts.strategy: 0
2019/10/17-14:55:14.842351 7fc3a9fcb700         Options.compression_opts.max_dict_bytes: 0
2019/10/17-14:55:14.842352 7fc3a9fcb700         Options.compression_opts.zstd_max_train_bytes: 0
2019/10/17-14:55:14.842353 7fc3a9fcb700                  Options.compression_opts.enabled: false
2019/10/17-14:55:14.842354 7fc3a9fcb700      Options.level0_file_num_compaction_trigger: 4
2019/10/17-14:55:14.842355 7fc3a9fcb700          Options.level0_slowdown_writes_trigger: 20
2019/10/17-14:55:14.842357 7fc3a9fcb700              Options.level0_stop_writes_trigger: 36
2019/10/17-14:55:14.842358 7fc3a9fcb700                   Options.target_file_size_base: 67108864
2019/10/17-14:55:14.842359 7fc3a9fcb700             Options.target_file_size_multiplier: 1
2019/10/17-14:55:14.842360 7fc3a9fcb700                Options.max_bytes_for_level_base: 268435456
2019/10/17-14:55:14.842361 7fc3a9fcb700 Options.level_compaction_dynamic_level_bytes: 0
2019/10/17-14:55:14.842363 7fc3a9fcb700          Options.max_bytes_for_level_multiplier: 10.000000
2019/10/17-14:55:14.842365 7fc3a9fcb700 Options.max_bytes_for_level_multiplier_addtl[0]: 1
2019/10/17-14:55:14.842366 7fc3a9fcb700 Options.max_bytes_for_level_multiplier_addtl[1]: 1
2019/10/17-14:55:14.842367 7fc3a9fcb700 Options.max_bytes_for_level_multiplier_addtl[2]: 1
2019/10/17-14:55:14.842369 7fc3a9fcb700 Options.max_bytes_for_level_multiplier_addtl[3]: 1
2019/10/17-14:55:14.842370 7fc3a9fcb700 Options.max_bytes_for_level_multiplier_addtl[4]: 1
2019/10/17-14:55:14.842371 7fc3a9fcb700 Options.max_bytes_for_level_multiplier_addtl[5]: 1
2019/10/17-14:55:14.842372 7fc3a9fcb700 Options.max_bytes_for_level_multiplier_addtl[6]: 1
2019/10/17-14:55:14.842374 7fc3a9fcb700       Options.max_sequential_skip_in_iterations: 8
2019/10/17-14:55:14.842375 7fc3a9fcb700                    Options.max_compaction_bytes: 1677721600
2019/10/17-14:55:14.842376 7fc3a9fcb700                        Options.arena_block_size: 8388608
2019/10/17-14:55:14.842377 7fc3a9fcb700   Options.soft_pending_compaction_bytes_limit: 68719476736
2019/10/17-14:55:14.842384 7fc3a9fcb700   Options.hard_pending_compaction_bytes_limit: 274877906944
2019/10/17-14:55:14.842386 7fc3a9fcb700       Options.rate_limit_delay_max_milliseconds: 100
2019/10/17-14:55:14.842387 7fc3a9fcb700                Options.disable_auto_compactions: 0
2019/10/17-14:55:14.842388 7fc3a9fcb700                        Options.compaction_style: kCompactionStyleLevel
2019/10/17-14:55:14.842390 7fc3a9fcb700                          Options.compaction_pri: kByCompensatedSize
2019/10/17-14:55:14.842391 7fc3a9fcb700 Options.compaction_options_universal.size_ratio: 1
2019/10/17-14:55:14.842392 7fc3a9fcb700 Options.compaction_options_universal.min_merge_width: 2
2019/10/17-14:55:14.842393 7fc3a9fcb700 Options.compaction_options_universal.max_merge_width: 4294967295
2019/10/17-14:55:14.842395 7fc3a9fcb700 Options.compaction_options_universal.max_size_amplification_percent: 200
2019/10/17-14:55:14.842396 7fc3a9fcb700 Options.compaction_options_universal.compression_size_percent: -1
2019/10/17-14:55:14.842397 7fc3a9fcb700 Options.compaction_options_universal.stop_style: kCompactionStopStyleTotalSize
2019/10/17-14:55:14.842398 7fc3a9fcb700 Options.compaction_options_fifo.max_table_files_size: 1073741824
2019/10/17-14:55:14.842400 7fc3a9fcb700 Options.compaction_options_fifo.allow_compaction: 0
2019/10/17-14:55:14.842401 7fc3a9fcb700 Options.compaction_options_fifo.ttl: 0
2019/10/17-14:55:14.842402 7fc3a9fcb700                   Options.table_properties_collectors: 
2019/10/17-14:55:14.842403 7fc3a9fcb700                   Options.inplace_update_support: 0
2019/10/17-14:55:14.842405 7fc3a9fcb700                 Options.inplace_update_num_locks: 10000
2019/10/17-14:55:14.842406 7fc3a9fcb700               Options.memtable_prefix_bloom_size_ratio: 0.000000
2019/10/17-14:55:14.842407 7fc3a9fcb700   Options.memtable_huge_page_size: 0
2019/10/17-14:55:14.842409 7fc3a9fcb700                           Options.bloom_locality: 0
2019/10/17-14:55:14.842410 7fc3a9fcb700                    Options.max_successive_merges: 0
2019/10/17-14:55:14.842411 7fc3a9fcb700                Options.optimize_filters_for_hits: 0
2019/10/17-14:55:14.842412 7fc3a9fcb700                Options.paranoid_file_checks: 0
2019/10/17-14:55:14.842414 7fc3a9fcb700                Options.force_consistency_checks: 0
2019/10/17-14:55:14.842415 7fc3a9fcb700                Options.report_bg_io_stats: 0
2019/10/17-14:55:14.842416 7fc3a9fcb700                               Options.ttl: 0
2019/10/17-14:55:14.842439 7fc3a9fcb700 [db/column_family.cc:472] --------------- Options for column family [dc_entries]:
2019/10/17-14:55:14.842441 7fc3a9fcb700               Options.comparator: leveldb.BytewiseComparator
2019/10/17-14:55:14.842442 7fc3a9fcb700           Options.merge_operator: None
2019/10/17-14:55:14.842444 7fc3a9fcb700        Options.compaction_filter: None
2019/10/17-14:55:14.842445 7fc3a9fcb700        Options.compaction_filter_factory: None
2019/10/17-14:55:14.842446 7fc3a9fcb700         Options.memtable_factory: SkipListFactory
2019/10/17-14:55:14.842448 7fc3a9fcb700            Options.table_factory: BlockBasedTable
2019/10/17-14:55:14.842463 7fc3a9fcb700            table_factory options:   flush_block_policy_factory: FlushBlockBySizePolicyFactory (0x7fc35005a550)
  cache_index_and_filter_blocks: 0
  cache_index_and_filter_blocks_with_high_priority: 0
  pin_l0_filter_and_index_blocks_in_cache: 0
  pin_top_level_index_and_filter: 1
  index_type: 0
  hash_index_allow_collision: 1
  checksum: 1
  no_block_cache: 0
  block_cache: 0x7fc350109ef0
  block_cache_name: LRUCache
  block_cache_options:
    capacity : 8388608
    num_shard_bits : 4
    strict_capacity_limit : 0
    memory_allocator : None
    high_pri_pool_ratio: 0.000
  block_cache_compressed: (nil)
  persistent_cache: (nil)
  block_size: 4096
  block_size_deviation: 10
  block_restart_interval: 16
  index_block_restart_interval: 1
  metadata_block_size: 4096
  partition_filters: 0
  use_delta_encoding: 1
  filter_policy: nullptr
  whole_key_filtering: 1
  verify_compression: 0
  read_amp_bytes_per_bit: 0
  format_version: 2
  enable_index_compression: 1
  block_align: 0
2019/10/17-14:55:14.842473 7fc3a9fcb700        Options.write_buffer_size: 67108864
2019/10/17-14:55:14.842474 7fc3a9fcb700  Options.max_write_buffer_number: 2
2019/10/17-14:55:14.842475 7fc3a9fcb700          Options.compression: NoCompression
2019/10/17-14:55:14.842477 7fc3a9fcb700                  Options.bottommost_compression: Disabled
2019/10/17-14:55:14.842478 7fc3a9fcb700       Options.prefix_extractor: nullptr
2019/10/17-14:55:14.842479 7fc3a9fcb700   Options.memtable_insert_with_hint_prefix_extractor: nullptr
2019/10/17-14:55:14.842480 7fc3a9fcb700             Options.num_levels: 7
2019/10/17-14:55:14.842481 7fc3a9fcb700        Options.min_write_buffer_number_to_merge: 1
2019/10/17-14:55:14.842483 7fc3a9fcb700     Options.max_write_buffer_number_to_maintain: 0
2019/10/17-14:55:14.842484 7fc3a9fcb700            Options.bottommost_compression_opts.window_bits: -14
2019/10/17-14:55:14.842485 7fc3a9fcb700                  Options.bottommost_compression_opts.level: 32767
2019/10/17-14:55:14.842486 7fc3a9fcb700               Options.bottommost_compression_opts.strategy: 0
2019/10/17-14:55:14.842487 7fc3a9fcb700         Options.bottommost_compression_opts.max_dict_bytes: 0
2019/10/17-14:55:14.842489 7fc3a9fcb700         Options.bottommost_compression_opts.zstd_max_train_bytes: 0
2019/10/17-14:55:14.842490 7fc3a9fcb700                  Options.bottommost_compression_opts.enabled: false
2019/10/17-14:55:14.842491 7fc3a9fcb700            Options.compression_opts.window_bits: -14
2019/10/17-14:55:14.842492 7fc3a9fcb700                  Options.compression_opts.level: 32767
2019/10/17-14:55:14.842493 7fc3a9fcb700               Options.compression_opts.strategy: 0
2019/10/17-14:55:14.842495 7fc3a9fcb700         Options.compression_opts.max_dict_bytes: 0
2019/10/17-14:55:14.842496 7fc3a9fcb700         Options.compression_opts.zstd_max_train_bytes: 0
2019/10/17-14:55:14.842497 7fc3a9fcb700                  Options.compression_opts.enabled: false
2019/10/17-14:55:14.842498 7fc3a9fcb700      Options.level0_file_num_compaction_trigger: 4
2019/10/17-14:55:14.842499 7fc3a9fcb700          Options.level0_slowdown_writes_trigger: 20
2019/10/17-14:55:14.842501 7fc3a9fcb700              Options.level0_stop_writes_trigger: 36
2019/10/17-14:55:14.842502 7fc3a9fcb700                   Options.target_file_size_base: 67108864
2019/10/17-14:55:14.842503 7fc3a9fcb700             Options.target_file_size_multiplier: 1
2019/10/17-14:55:14.842504 7fc3a9fcb700                Options.max_bytes_for_level_base: 268435456
2019/10/17-14:55:14.842506 7fc3a9fcb700 Options.level_compaction_dynamic_level_bytes: 0
2019/10/17-14:55:14.842507 7fc3a9fcb700          Options.max_bytes_for_level_multiplier: 10.000000
2019/10/17-14:55:14.842509 7fc3a9fcb700 Options.max_bytes_for_level_multiplier_addtl[0]: 1
2019/10/17-14:55:14.842510 7fc3a9fcb700 Options.max_bytes_for_level_multiplier_addtl[1]: 1
2019/10/17-14:55:14.842511 7fc3a9fcb700 Options.max_bytes_for_level_multiplier_addtl[2]: 1
2019/10/17-14:55:14.842513 7fc3a9fcb700 Options.max_bytes_for_level_multiplier_addtl[3]: 1
2019/10/17-14:55:14.842514 7fc3a9fcb700 Options.max_bytes_for_level_multiplier_addtl[4]: 1
2019/10/17-14:55:14.842515 7fc3a9fcb700 Options.max_bytes_for_level_multiplier_addtl[5]: 1
2019/10/17-14:55:14.842516 7fc3a9fcb700 Options.max_bytes_for_level_multiplier_addtl[6]: 1
2019/10/17-14:55:14.842518 7fc3a9fcb700       Options.max_sequential_skip_in_iterations: 8
2019/10/17-14:55:14.842519 7fc3a9fcb700                    Options.max_compaction_bytes: 1677721600
2019/10/17-14:55:14.842520 7fc3a9fcb700                        Options.arena_block_size: 8388608
2019/10/17-14:55:14.842521 7fc3a9fcb700   Options.soft_pending_compaction_bytes_limit: 68719476736
2019/10/17-14:55:14.842522 7fc3a9fcb700   Options.hard_pending_compaction_bytes_limit: 274877906944
2019/10/17-14:55:14.842524 7fc3a9fcb700       Options.rate_limit_delay_max_milliseconds: 100
2019/10/17-14:55:14.842525 7fc3a9fcb700                Options.disable_auto_compactions: 0
2019/10/17-14:55:14.842532 7fc3a9fcb700                        Options.compaction_style: kCompactionStyleLevel
2019/10/17-14:55:14.842534 7fc3a9fcb700                          Options.compaction_pri: kByCompensatedSize
2019/10/17-14:55:14.842535 7fc3a9fcb700 Options.compaction_options_universal.size_ratio: 1
2019/10/17-14:55:14.842536 7fc3a9fcb700 Options.compaction_options_universal.min_merge_width: 2
2019/10/17-14:55:14.842538 7fc3a9fcb700 Options.compaction_options_universal.max_merge_width: 4294967295
2019/10/17-14:55:14.842539 7fc3a9fcb700 Options.compaction_options_universal.max_size_amplification_percent: 200
2019/10/17-14:55:14.842540 7fc3a9fcb700 Options.compaction_options_universal.compression_size_percent: -1
2019/10/17-14:55:14.842541 7fc3a9fcb700 Options.compaction_options_universal.stop_style: kCompactionStopStyleTotalSize
2019/10/17-14:55:14.842543 7fc3a9fcb700 Options.compaction_options_fifo.max_table_files_size: 1073741824
2019/10/17-14:55:14.842544 7fc3a9fcb700 Options.compaction_options_fifo.allow_compaction: 0
2019/10/17-14:55:14.842545 7fc3a9fcb700 Options.compaction_options_fifo.ttl: 0
2019/10/17-14:55:14.842546 7fc3a9fcb700                   Options.table_properties_collectors: 
2019/10/17-14:55:14.842547 7fc3a9fcb700                   Options.inplace_update_support: 0
2019/10/17-14:55:14.842549 7fc3a9fcb700                 Options.inplace_update_num_locks: 10000
2019/10/17-14:55:14.842550 7fc3a9fcb700               Options.memtable_prefix_bloom_size_ratio: 0.000000
2019/10/17-14:55:14.842551 7fc3a9fcb700   Options.memtable_huge_page_size: 0
2019/10/17-14:55:14.842553 7fc3a9fcb700                           Options.bloom_locality: 0
2019/10/17-14:55:14.842554 7fc3a9fcb700                    Options.max_successive_merges: 0
2019/10/17-14:55:14.842555 7fc3a9fcb700                Options.optimize_filters_for_hits: 0
2019/10/17-14:55:14.842556 7fc3a9fcb700                Options.paranoid_file_checks: 0
2019/10/17-14:55:14.842557 7fc3a9fcb700                Options.force_consistency_checks: 0
2019/10/17-14:55:14.842559 7fc3a9fcb700                Options.report_bg_io_stats: 0
2019/10/17-14:55:14.842560 7fc3a9fcb700                               Options.ttl: 0
2019/10/17-14:55:14.842579 7fc3a9fcb700 [db/column_family.cc:472] --------------- Options for column family [htlcs]:
2019/10/17-14:55:14.842580 7fc3a9fcb700               Options.comparator: leveldb.BytewiseComparator
2019/10/17-14:55:14.842582 7fc3a9fcb700           Options.merge_operator: None
2019/10/17-14:55:14.842583 7fc3a9fcb700        Options.compaction_filter: None
2019/10/17-14:55:14.842584 7fc3a9fcb700        Options.compaction_filter_factory: None
2019/10/17-14:55:14.842586 7fc3a9fcb700         Options.memtable_factory: SkipListFactory
2019/10/17-14:55:14.842587 7fc3a9fcb700            Options.table_factory: BlockBasedTable
2019/10/17-14:55:14.842601 7fc3a9fcb700            table_factory options:   flush_block_policy_factory: FlushBlockBySizePolicyFactory (0x7fc35002cbf0)
