2019/10/17-14:54:16.173152 7fc3a9fcb700 RocksDB version: 5.18.3
2019/10/17-14:54:16.173183 7fc3a9fcb700 Git sha rocksdb_build_git_sha:@0@
2019/10/17-14:54:16.173185 7fc3a9fcb700 Compile date Sep 19 2019
2019/10/17-14:54:16.173187 7fc3a9fcb700 DB SUMMARY
2019/10/17-14:54:16.174047 7fc3a9fcb700 CURRENT file:  CURRENT
2019/10/17-14:54:16.174049 7fc3a9fcb700 IDENTITY file:  IDENTITY
2019/10/17-14:54:16.174083 7fc3a9fcb700 MANIFEST file:  MANIFEST-114949 size: 4114 Bytes
2019/10/17-14:54:16.174085 7fc3a9fcb700 SST files in /home/rahul/dev/blockchain-core/eqc/ledger.db dir, Total Num: 29, files: 000624.sst 000627.sst 106940.sst 108447.sst 108450.sst 109471.sst 109483.sst 109485.sst 109486.sst 
2019/10/17-14:54:16.174086 7fc3a9fcb700 Write Ahead Log file in /home/rahul/dev/blockchain-core/eqc/ledger.db: 114950.log size: 0 ; 
2019/10/17-14:54:16.174125 7fc3a9fcb700                         Options.error_if_exists: 0
2019/10/17-14:54:16.174127 7fc3a9fcb700                       Options.create_if_missing: 1
2019/10/17-14:54:16.174128 7fc3a9fcb700                         Options.paranoid_checks: 1
2019/10/17-14:54:16.174129 7fc3a9fcb700                                     Options.env: 0x7fc32ae1fc60
2019/10/17-14:54:16.174130 7fc3a9fcb700                                Options.info_log: 0x7fc350107460
2019/10/17-14:54:16.174131 7fc3a9fcb700                Options.max_file_opening_threads: 16
2019/10/17-14:54:16.174132 7fc3a9fcb700                              Options.statistics: (nil)
2019/10/17-14:54:16.174133 7fc3a9fcb700                               Options.use_fsync: 0
2019/10/17-14:54:16.174134 7fc3a9fcb700                       Options.max_log_file_size: 0
2019/10/17-14:54:16.174135 7fc3a9fcb700                  Options.max_manifest_file_size: 1073741824
2019/10/17-14:54:16.174136 7fc3a9fcb700                   Options.log_file_time_to_roll: 0
2019/10/17-14:54:16.174136 7fc3a9fcb700                       Options.keep_log_file_num: 1000
2019/10/17-14:54:16.174137 7fc3a9fcb700                    Options.recycle_log_file_num: 0
2019/10/17-14:54:16.174138 7fc3a9fcb700                         Options.allow_fallocate: 1
2019/10/17-14:54:16.174139 7fc3a9fcb700                        Options.allow_mmap_reads: 0
2019/10/17-14:54:16.174140 7fc3a9fcb700                       Options.allow_mmap_writes: 0
2019/10/17-14:54:16.174141 7fc3a9fcb700                        Options.use_direct_reads: 0
2019/10/17-14:54:16.174142 7fc3a9fcb700                        Options.use_direct_io_for_flush_and_compaction: 0
2019/10/17-14:54:16.174142 7fc3a9fcb700          Options.create_missing_column_families: 0
2019/10/17-14:54:16.174143 7fc3a9fcb700                              Options.db_log_dir: 
2019/10/17-14:54:16.174144 7fc3a9fcb700                                 Options.wal_dir: /home/rahul/dev/blockchain-core/eqc/ledger.db
2019/10/17-14:54:16.174145 7fc3a9fcb700                Options.table_cache_numshardbits: 6
2019/10/17-14:54:16.174146 7fc3a9fcb700                      Options.max_subcompactions: 1
2019/10/17-14:54:16.174147 7fc3a9fcb700                  Options.max_background_flushes: -1
2019/10/17-14:54:16.174148 7fc3a9fcb700                         Options.WAL_ttl_seconds: 0
2019/10/17-14:54:16.174149 7fc3a9fcb700                       Options.WAL_size_limit_MB: 0
2019/10/17-14:54:16.174149 7fc3a9fcb700             Options.manifest_preallocation_size: 4194304
2019/10/17-14:54:16.174150 7fc3a9fcb700                     Options.is_fd_close_on_exec: 1
2019/10/17-14:54:16.174151 7fc3a9fcb700                   Options.advise_random_on_open: 1
2019/10/17-14:54:16.174152 7fc3a9fcb700                    Options.db_write_buffer_size: 0
2019/10/17-14:54:16.174153 7fc3a9fcb700                    Options.write_buffer_manager: 0x7fc3500d9850
2019/10/17-14:54:16.174154 7fc3a9fcb700         Options.access_hint_on_compaction_start: 1
2019/10/17-14:54:16.174155 7fc3a9fcb700  Options.new_table_reader_for_compaction_inputs: 0
2019/10/17-14:54:16.174155 7fc3a9fcb700           Options.random_access_max_buffer_size: 1048576
2019/10/17-14:54:16.174156 7fc3a9fcb700                      Options.use_adaptive_mutex: 0
2019/10/17-14:54:16.174157 7fc3a9fcb700                            Options.rate_limiter: (nil)
2019/10/17-14:54:16.174169 7fc3a9fcb700     Options.sst_file_manager.rate_bytes_per_sec: 0
2019/10/17-14:54:16.174170 7fc3a9fcb700                       Options.wal_recovery_mode: 2
2019/10/17-14:54:16.174171 7fc3a9fcb700                  Options.enable_thread_tracking: 0
2019/10/17-14:54:16.174172 7fc3a9fcb700                  Options.enable_pipelined_write: 0
2019/10/17-14:54:16.174173 7fc3a9fcb700         Options.allow_concurrent_memtable_write: 1
2019/10/17-14:54:16.174174 7fc3a9fcb700      Options.enable_write_thread_adaptive_yield: 1
2019/10/17-14:54:16.174175 7fc3a9fcb700             Options.write_thread_max_yield_usec: 100
2019/10/17-14:54:16.174175 7fc3a9fcb700            Options.write_thread_slow_yield_usec: 3
2019/10/17-14:54:16.174176 7fc3a9fcb700                               Options.row_cache: None
2019/10/17-14:54:16.174177 7fc3a9fcb700                              Options.wal_filter: None
2019/10/17-14:54:16.174178 7fc3a9fcb700             Options.avoid_flush_during_recovery: 0
2019/10/17-14:54:16.174179 7fc3a9fcb700             Options.allow_ingest_behind: 0
2019/10/17-14:54:16.174180 7fc3a9fcb700             Options.preserve_deletes: 0
2019/10/17-14:54:16.174181 7fc3a9fcb700             Options.two_write_queues: 0
2019/10/17-14:54:16.174181 7fc3a9fcb700             Options.manual_wal_flush: 0
2019/10/17-14:54:16.174182 7fc3a9fcb700             Options.max_background_jobs: 2
2019/10/17-14:54:16.174183 7fc3a9fcb700             Options.max_background_compactions: -1
2019/10/17-14:54:16.174184 7fc3a9fcb700             Options.avoid_flush_during_shutdown: 0
2019/10/17-14:54:16.174185 7fc3a9fcb700           Options.writable_file_max_buffer_size: 1048576
2019/10/17-14:54:16.174186 7fc3a9fcb700             Options.delayed_write_rate : 16777216
2019/10/17-14:54:16.174187 7fc3a9fcb700             Options.max_total_wal_size: 0
2019/10/17-14:54:16.174188 7fc3a9fcb700             Options.delete_obsolete_files_period_micros: 21600000000
2019/10/17-14:54:16.174188 7fc3a9fcb700                   Options.stats_dump_period_sec: 600
2019/10/17-14:54:16.174189 7fc3a9fcb700                          Options.max_open_files: -1
2019/10/17-14:54:16.174190 7fc3a9fcb700                          Options.bytes_per_sync: 0
2019/10/17-14:54:16.174191 7fc3a9fcb700                      Options.wal_bytes_per_sync: 0
2019/10/17-14:54:16.174192 7fc3a9fcb700       Options.compaction_readahead_size: 0
2019/10/17-14:54:16.174193 7fc3a9fcb700 Compression algorithms supported:
2019/10/17-14:54:16.174194 7fc3a9fcb700 	kZSTDNotFinalCompression supported: 0
2019/10/17-14:54:16.174195 7fc3a9fcb700 	kZSTD supported: 0
2019/10/17-14:54:16.174196 7fc3a9fcb700 	kXpressCompression supported: 0
2019/10/17-14:54:16.174197 7fc3a9fcb700 	kLZ4HCCompression supported: 0
2019/10/17-14:54:16.174198 7fc3a9fcb700 	kLZ4Compression supported: 0
2019/10/17-14:54:16.174199 7fc3a9fcb700 	kBZip2Compression supported: 0
2019/10/17-14:54:16.174200 7fc3a9fcb700 	kZlibCompression supported: 0
2019/10/17-14:54:16.174201 7fc3a9fcb700 	kSnappyCompression supported: 0
2019/10/17-14:54:16.174203 7fc3a9fcb700 Fast CRC32 supported: Supported on x86
2019/10/17-14:54:16.174310 7fc3a9fcb700 [db/version_set.cc:3507] Recovering from manifest file: MANIFEST-114949
2019/10/17-14:54:16.174346 7fc3a9fcb700 [db/column_family.cc:472] --------------- Options for column family [default]:
2019/10/17-14:54:16.174348 7fc3a9fcb700               Options.comparator: leveldb.BytewiseComparator
2019/10/17-14:54:16.174349 7fc3a9fcb700           Options.merge_operator: None
2019/10/17-14:54:16.174350 7fc3a9fcb700        Options.compaction_filter: None
2019/10/17-14:54:16.174351 7fc3a9fcb700        Options.compaction_filter_factory: None
2019/10/17-14:54:16.174352 7fc3a9fcb700         Options.memtable_factory: SkipListFactory
2019/10/17-14:54:16.174353 7fc3a9fcb700            Options.table_factory: BlockBasedTable
2019/10/17-14:54:16.174369 7fc3a9fcb700            table_factory options:   flush_block_policy_factory: FlushBlockBySizePolicyFactory (0x7fc350107900)
  cache_index_and_filter_blocks: 0
  cache_index_and_filter_blocks_with_high_priority: 0
  pin_l0_filter_and_index_blocks_in_cache: 0
  pin_top_level_index_and_filter: 1
  index_type: 0
  hash_index_allow_collision: 1
  checksum: 1
  no_block_cache: 0
  block_cache: 0x7fc3500e5f00
  block_cache_name: LRUCache
  block_cache_options:
    capacity : 8388608
    num_shard_bits : 4
    strict_capacity_limit : 0
    memory_allocator : None
    high_pri_pool_ratio: 0.000
  block_cache_compressed: (nil)
  persistent_cache: (nil)
  block_size: 4096
  block_size_deviation: 10
  block_restart_interval: 16
  index_block_restart_interval: 1
  metadata_block_size: 4096
  partition_filters: 0
  use_delta_encoding: 1
  filter_policy: nullptr
  whole_key_filtering: 1
  verify_compression: 0
  read_amp_bytes_per_bit: 0
  format_version: 2
  enable_index_compression: 1
  block_align: 0
2019/10/17-14:54:16.174379 7fc3a9fcb700        Options.write_buffer_size: 67108864
2019/10/17-14:54:16.174380 7fc3a9fcb700  Options.max_write_buffer_number: 2
2019/10/17-14:54:16.174381 7fc3a9fcb700          Options.compression: NoCompression
2019/10/17-14:54:16.174382 7fc3a9fcb700                  Options.bottommost_compression: Disabled
2019/10/17-14:54:16.174383 7fc3a9fcb700       Options.prefix_extractor: nullptr
2019/10/17-14:54:16.174384 7fc3a9fcb700   Options.memtable_insert_with_hint_prefix_extractor: nullptr
2019/10/17-14:54:16.174384 7fc3a9fcb700             Options.num_levels: 7
2019/10/17-14:54:16.174385 7fc3a9fcb700        Options.min_write_buffer_number_to_merge: 1
2019/10/17-14:54:16.174386 7fc3a9fcb700     Options.max_write_buffer_number_to_maintain: 0
2019/10/17-14:54:16.174387 7fc3a9fcb700            Options.bottommost_compression_opts.window_bits: -14
2019/10/17-14:54:16.174388 7fc3a9fcb700                  Options.bottommost_compression_opts.level: 32767
2019/10/17-14:54:16.174389 7fc3a9fcb700               Options.bottommost_compression_opts.strategy: 0
2019/10/17-14:54:16.174390 7fc3a9fcb700         Options.bottommost_compression_opts.max_dict_bytes: 0
2019/10/17-14:54:16.174391 7fc3a9fcb700         Options.bottommost_compression_opts.zstd_max_train_bytes: 0
2019/10/17-14:54:16.174391 7fc3a9fcb700                  Options.bottommost_compression_opts.enabled: false
2019/10/17-14:54:16.174392 7fc3a9fcb700            Options.compression_opts.window_bits: -14
2019/10/17-14:54:16.174393 7fc3a9fcb700                  Options.compression_opts.level: 32767
2019/10/17-14:54:16.174394 7fc3a9fcb700               Options.compression_opts.strategy: 0
2019/10/17-14:54:16.174395 7fc3a9fcb700         Options.compression_opts.max_dict_bytes: 0
2019/10/17-14:54:16.174396 7fc3a9fcb700         Options.compression_opts.zstd_max_train_bytes: 0
2019/10/17-14:54:16.174397 7fc3a9fcb700                  Options.compression_opts.enabled: false
2019/10/17-14:54:16.174398 7fc3a9fcb700      Options.level0_file_num_compaction_trigger: 4
2019/10/17-14:54:16.174399 7fc3a9fcb700          Options.level0_slowdown_writes_trigger: 20
2019/10/17-14:54:16.174399 7fc3a9fcb700              Options.level0_stop_writes_trigger: 36
2019/10/17-14:54:16.174400 7fc3a9fcb700                   Options.target_file_size_base: 67108864
2019/10/17-14:54:16.174401 7fc3a9fcb700             Options.target_file_size_multiplier: 1
2019/10/17-14:54:16.174402 7fc3a9fcb700                Options.max_bytes_for_level_base: 268435456
2019/10/17-14:54:16.174403 7fc3a9fcb700 Options.level_compaction_dynamic_level_bytes: 0
2019/10/17-14:54:16.174404 7fc3a9fcb700          Options.max_bytes_for_level_multiplier: 10.000000
2019/10/17-14:54:16.174406 7fc3a9fcb700 Options.max_bytes_for_level_multiplier_addtl[0]: 1
2019/10/17-14:54:16.174407 7fc3a9fcb700 Options.max_bytes_for_level_multiplier_addtl[1]: 1
2019/10/17-14:54:16.174408 7fc3a9fcb700 Options.max_bytes_for_level_multiplier_addtl[2]: 1
2019/10/17-14:54:16.174409 7fc3a9fcb700 Options.max_bytes_for_level_multiplier_addtl[3]: 1
2019/10/17-14:54:16.174410 7fc3a9fcb700 Options.max_bytes_for_level_multiplier_addtl[4]: 1
2019/10/17-14:54:16.174415 7fc3a9fcb700 Options.max_bytes_for_level_multiplier_addtl[5]: 1
2019/10/17-14:54:16.174416 7fc3a9fcb700 Options.max_bytes_for_level_multiplier_addtl[6]: 1
2019/10/17-14:54:16.174417 7fc3a9fcb700       Options.max_sequential_skip_in_iterations: 8
2019/10/17-14:54:16.174417 7fc3a9fcb700                    Options.max_compaction_bytes: 1677721600
2019/10/17-14:54:16.174418 7fc3a9fcb700                        Options.arena_block_size: 8388608
2019/10/17-14:54:16.174419 7fc3a9fcb700   Options.soft_pending_compaction_bytes_limit: 68719476736
2019/10/17-14:54:16.174420 7fc3a9fcb700   Options.hard_pending_compaction_bytes_limit: 274877906944
2019/10/17-14:54:16.174421 7fc3a9fcb700       Options.rate_limit_delay_max_milliseconds: 100
2019/10/17-14:54:16.174422 7fc3a9fcb700                Options.disable_auto_compactions: 0
2019/10/17-14:54:16.174424 7fc3a9fcb700                        Options.compaction_style: kCompactionStyleLevel
2019/10/17-14:54:16.174425 7fc3a9fcb700                          Options.compaction_pri: kByCompensatedSize
2019/10/17-14:54:16.174426 7fc3a9fcb700 Options.compaction_options_universal.size_ratio: 1
2019/10/17-14:54:16.174427 7fc3a9fcb700 Options.compaction_options_universal.min_merge_width: 2
2019/10/17-14:54:16.174428 7fc3a9fcb700 Options.compaction_options_universal.max_merge_width: 4294967295
2019/10/17-14:54:16.174429 7fc3a9fcb700 Options.compaction_options_universal.max_size_amplification_percent: 200
2019/10/17-14:54:16.174430 7fc3a9fcb700 Options.compaction_options_universal.compression_size_percent: -1
2019/10/17-14:54:16.174431 7fc3a9fcb700 Options.compaction_options_universal.stop_style: kCompactionStopStyleTotalSize
2019/10/17-14:54:16.174432 7fc3a9fcb700 Options.compaction_options_fifo.max_table_files_size: 1073741824
2019/10/17-14:54:16.174433 7fc3a9fcb700 Options.compaction_options_fifo.allow_compaction: 0
2019/10/17-14:54:16.174434 7fc3a9fcb700 Options.compaction_options_fifo.ttl: 0
2019/10/17-14:54:16.174435 7fc3a9fcb700                   Options.table_properties_collectors: 
2019/10/17-14:54:16.174436 7fc3a9fcb700                   Options.inplace_update_support: 0
2019/10/17-14:54:16.174436 7fc3a9fcb700                 Options.inplace_update_num_locks: 10000
2019/10/17-14:54:16.174437 7fc3a9fcb700               Options.memtable_prefix_bloom_size_ratio: 0.000000
2019/10/17-14:54:16.174439 7fc3a9fcb700   Options.memtable_huge_page_size: 0
2019/10/17-14:54:16.174439 7fc3a9fcb700                           Options.bloom_locality: 0
2019/10/17-14:54:16.174440 7fc3a9fcb700                    Options.max_successive_merges: 0
2019/10/17-14:54:16.174441 7fc3a9fcb700                Options.optimize_filters_for_hits: 0
2019/10/17-14:54:16.174442 7fc3a9fcb700                Options.paranoid_file_checks: 0
2019/10/17-14:54:16.174443 7fc3a9fcb700                Options.force_consistency_checks: 0
2019/10/17-14:54:16.174444 7fc3a9fcb700                Options.report_bg_io_stats: 0
2019/10/17-14:54:16.174445 7fc3a9fcb700                               Options.ttl: 0
2019/10/17-14:54:16.174477 7fc3a9fcb700 [db/column_family.cc:472] --------------- Options for column family [active_gateways]:
2019/10/17-14:54:16.174479 7fc3a9fcb700               Options.comparator: leveldb.BytewiseComparator
2019/10/17-14:54:16.174480 7fc3a9fcb700           Options.merge_operator: None
2019/10/17-14:54:16.174481 7fc3a9fcb700        Options.compaction_filter: None
2019/10/17-14:54:16.174481 7fc3a9fcb700        Options.compaction_filter_factory: None
2019/10/17-14:54:16.174482 7fc3a9fcb700         Options.memtable_factory: SkipListFactory
2019/10/17-14:54:16.174483 7fc3a9fcb700            Options.table_factory: BlockBasedTable
2019/10/17-14:54:16.174495 7fc3a9fcb700            table_factory options:   flush_block_policy_factory: FlushBlockBySizePolicyFactory (0x7fc350076420)
  cache_index_and_filter_blocks: 0
  cache_index_and_filter_blocks_with_high_priority: 0
  pin_l0_filter_and_index_blocks_in_cache: 0
  pin_top_level_index_and_filter: 1
  index_type: 0
  hash_index_allow_collision: 1
  checksum: 1
  no_block_cache: 0
  block_cache: 0x7fc35003bb80
  block_cache_name: LRUCache
  block_cache_options:
    capacity : 8388608
    num_shard_bits : 4
    strict_capacity_limit : 0
    memory_allocator : None
    high_pri_pool_ratio: 0.000
  block_cache_compressed: (nil)
  persistent_cache: (nil)
  block_size: 4096
  block_size_deviation: 10
  block_restart_interval: 16
  index_block_restart_interval: 1
  metadata_block_size: 4096
  partition_filters: 0
  use_delta_encoding: 1
  filter_policy: nullptr
  whole_key_filtering: 1
  verify_compression: 0
  read_amp_bytes_per_bit: 0
  format_version: 2
  enable_index_compression: 1
  block_align: 0
2019/10/17-14:54:16.174503 7fc3a9fcb700        Options.write_buffer_size: 67108864
2019/10/17-14:54:16.174504 7fc3a9fcb700  Options.max_write_buffer_number: 2
2019/10/17-14:54:16.174505 7fc3a9fcb700          Options.compression: NoCompression
2019/10/17-14:54:16.174506 7fc3a9fcb700                  Options.bottommost_compression: Disabled
2019/10/17-14:54:16.174507 7fc3a9fcb700       Options.prefix_extractor: nullptr
2019/10/17-14:54:16.174507 7fc3a9fcb700   Options.memtable_insert_with_hint_prefix_extractor: nullptr
2019/10/17-14:54:16.174508 7fc3a9fcb700             Options.num_levels: 7
2019/10/17-14:54:16.174509 7fc3a9fcb700        Options.min_write_buffer_number_to_merge: 1
2019/10/17-14:54:16.174510 7fc3a9fcb700     Options.max_write_buffer_number_to_maintain: 0
2019/10/17-14:54:16.174511 7fc3a9fcb700            Options.bottommost_compression_opts.window_bits: -14
2019/10/17-14:54:16.174512 7fc3a9fcb700                  Options.bottommost_compression_opts.level: 32767
2019/10/17-14:54:16.174513 7fc3a9fcb700               Options.bottommost_compression_opts.strategy: 0
2019/10/17-14:54:16.174513 7fc3a9fcb700         Options.bottommost_compression_opts.max_dict_bytes: 0
2019/10/17-14:54:16.174514 7fc3a9fcb700         Options.bottommost_compression_opts.zstd_max_train_bytes: 0
2019/10/17-14:54:16.174515 7fc3a9fcb700                  Options.bottommost_compression_opts.enabled: false
2019/10/17-14:54:16.174516 7fc3a9fcb700            Options.compression_opts.window_bits: -14
2019/10/17-14:54:16.174517 7fc3a9fcb700                  Options.compression_opts.level: 32767
2019/10/17-14:54:16.174518 7fc3a9fcb700               Options.compression_opts.strategy: 0
2019/10/17-14:54:16.174519 7fc3a9fcb700         Options.compression_opts.max_dict_bytes: 0
2019/10/17-14:54:16.174519 7fc3a9fcb700         Options.compression_opts.zstd_max_train_bytes: 0
2019/10/17-14:54:16.174520 7fc3a9fcb700                  Options.compression_opts.enabled: false
2019/10/17-14:54:16.174521 7fc3a9fcb700      Options.level0_file_num_compaction_trigger: 4
2019/10/17-14:54:16.174522 7fc3a9fcb700          Options.level0_slowdown_writes_trigger: 20
2019/10/17-14:54:16.174523 7fc3a9fcb700              Options.level0_stop_writes_trigger: 36
2019/10/17-14:54:16.174524 7fc3a9fcb700                   Options.target_file_size_base: 67108864
2019/10/17-14:54:16.174525 7fc3a9fcb700             Options.target_file_size_multiplier: 1
2019/10/17-14:54:16.174525 7fc3a9fcb700                Options.max_bytes_for_level_base: 268435456
2019/10/17-14:54:16.174526 7fc3a9fcb700 Options.level_compaction_dynamic_level_bytes: 0
2019/10/17-14:54:16.174527 7fc3a9fcb700          Options.max_bytes_for_level_multiplier: 10.000000
2019/10/17-14:54:16.174529 7fc3a9fcb700 Options.max_bytes_for_level_multiplier_addtl[0]: 1
2019/10/17-14:54:16.174530 7fc3a9fcb700 Options.max_bytes_for_level_multiplier_addtl[1]: 1
2019/10/17-14:54:16.174531 7fc3a9fcb700 Options.max_bytes_for_level_multiplier_addtl[2]: 1
2019/10/17-14:54:16.174531 7fc3a9fcb700 Options.max_bytes_for_level_multiplier_addtl[3]: 1
2019/10/17-14:54:16.174532 7fc3a9fcb700 Options.max_bytes_for_level_multiplier_addtl[4]: 1
2019/10/17-14:54:16.174533 7fc3a9fcb700 Options.max_bytes_for_level_multiplier_addtl[5]: 1
2019/10/17-14:54:16.174534 7fc3a9fcb700 Options.max_bytes_for_level_multiplier_addtl[6]: 1
2019/10/17-14:54:16.174535 7fc3a9fcb700       Options.max_sequential_skip_in_iterations: 8
2019/10/17-14:54:16.174540 7fc3a9fcb700                    Options.max_compaction_bytes: 1677721600
2019/10/17-14:54:16.174541 7fc3a9fcb700                        Options.arena_block_size: 8388608
2019/10/17-14:54:16.174542 7fc3a9fcb700   Options.soft_pending_compaction_bytes_limit: 68719476736
2019/10/17-14:54:16.174543 7fc3a9fcb700   Options.hard_pending_compaction_bytes_limit: 274877906944
2019/10/17-14:54:16.174544 7fc3a9fcb700       Options.rate_limit_delay_max_milliseconds: 100
2019/10/17-14:54:16.174545 7fc3a9fcb700                Options.disable_auto_compactions: 0
2019/10/17-14:54:16.174546 7fc3a9fcb700                        Options.compaction_style: kCompactionStyleLevel
2019/10/17-14:54:16.174547 7fc3a9fcb700                          Options.compaction_pri: kByCompensatedSize
2019/10/17-14:54:16.174548 7fc3a9fcb700 Options.compaction_options_universal.size_ratio: 1
2019/10/17-14:54:16.174549 7fc3a9fcb700 Options.compaction_options_universal.min_merge_width: 2
2019/10/17-14:54:16.174550 7fc3a9fcb700 Options.compaction_options_universal.max_merge_width: 4294967295
2019/10/17-14:54:16.174550 7fc3a9fcb700 Options.compaction_options_universal.max_size_amplification_percent: 200
2019/10/17-14:54:16.174551 7fc3a9fcb700 Options.compaction_options_universal.compression_size_percent: -1
2019/10/17-14:54:16.174552 7fc3a9fcb700 Options.compaction_options_universal.stop_style: kCompactionStopStyleTotalSize
2019/10/17-14:54:16.174553 7fc3a9fcb700 Options.compaction_options_fifo.max_table_files_size: 1073741824
2019/10/17-14:54:16.174554 7fc3a9fcb700 Options.compaction_options_fifo.allow_compaction: 0
2019/10/17-14:54:16.174555 7fc3a9fcb700 Options.compaction_options_fifo.ttl: 0
2019/10/17-14:54:16.174556 7fc3a9fcb700                   Options.table_properties_collectors: 
2019/10/17-14:54:16.174557 7fc3a9fcb700                   Options.inplace_update_support: 0
2019/10/17-14:54:16.174558 7fc3a9fcb700                 Options.inplace_update_num_locks: 10000
2019/10/17-14:54:16.174558 7fc3a9fcb700               Options.memtable_prefix_bloom_size_ratio: 0.000000
2019/10/17-14:54:16.174560 7fc3a9fcb700   Options.memtable_huge_page_size: 0
2019/10/17-14:54:16.174560 7fc3a9fcb700                           Options.bloom_locality: 0
2019/10/17-14:54:16.174561 7fc3a9fcb700                    Options.max_successive_merges: 0
2019/10/17-14:54:16.174562 7fc3a9fcb700                Options.optimize_filters_for_hits: 0
2019/10/17-14:54:16.174563 7fc3a9fcb700                Options.paranoid_file_checks: 0
2019/10/17-14:54:16.174564 7fc3a9fcb700                Options.force_consistency_checks: 0
2019/10/17-14:54:16.174565 7fc3a9fcb700                Options.report_bg_io_stats: 0
2019/10/17-14:54:16.174566 7fc3a9fcb700                               Options.ttl: 0
2019/10/17-14:54:16.174584 7fc3a9fcb700 [db/column_family.cc:472] --------------- Options for column family [entries]:
2019/10/17-14:54:16.174585 7fc3a9fcb700               Options.comparator: leveldb.BytewiseComparator
2019/10/17-14:54:16.174586 7fc3a9fcb700           Options.merge_operator: None
2019/10/17-14:54:16.174587 7fc3a9fcb700        Options.compaction_filter: None
2019/10/17-14:54:16.174588 7fc3a9fcb700        Options.compaction_filter_factory: None
2019/10/17-14:54:16.174589 7fc3a9fcb700         Options.memtable_factory: SkipListFactory
2019/10/17-14:54:16.174590 7fc3a9fcb700            Options.table_factory: BlockBasedTable
2019/10/17-14:54:16.174601 7fc3a9fcb700            table_factory options:   flush_block_policy_factory: FlushBlockBySizePolicyFactory (0x7fc350107920)
  cache_index_and_filter_blocks: 0
  cache_index_and_filter_blocks_with_high_priority: 0
  pin_l0_filter_and_index_blocks_in_cache: 0
  pin_top_level_index_and_filter: 1
  index_type: 0
  hash_index_allow_collision: 1
  checksum: 1
  no_block_cache: 0
  block_cache: 0x7fc350057b30
  block_cache_name: LRUCache
  block_cache_options:
    capacity : 8388608
    num_shard_bits : 4
    strict_capacity_limit : 0
    memory_allocator : None
    high_pri_pool_ratio: 0.000
  block_cache_compressed: (nil)
  persistent_cache: (nil)
  block_size: 4096
  block_size_deviation: 10
  block_restart_interval: 16
  index_block_restart_interval: 1
  metadata_block_size: 4096
  partition_filters: 0
  use_delta_encoding: 1
  filter_policy: nullptr
  whole_key_filtering: 1
  verify_compression: 0
  read_amp_bytes_per_bit: 0
  format_version: 2
  enable_index_compression: 1
  block_align: 0
2019/10/17-14:54:16.174608 7fc3a9fcb700        Options.write_buffer_size: 67108864
2019/10/17-14:54:16.174609 7fc3a9fcb700  Options.max_write_buffer_number: 2
2019/10/17-14:54:16.174610 7fc3a9fcb700          Options.compression: NoCompression
2019/10/17-14:54:16.174611 7fc3a9fcb700                  Options.bottommost_compression: Disabled
2019/10/17-14:54:16.174612 7fc3a9fcb700       Options.prefix_extractor: nullptr
2019/10/17-14:54:16.174613 7fc3a9fcb700   Options.memtable_insert_with_hint_prefix_extractor: nullptr
2019/10/17-14:54:16.174613 7fc3a9fcb700             Options.num_levels: 7
2019/10/17-14:54:16.174614 7fc3a9fcb700        Options.min_write_buffer_number_to_merge: 1
2019/10/17-14:54:16.174615 7fc3a9fcb700     Options.max_write_buffer_number_to_maintain: 0
2019/10/17-14:54:16.174616 7fc3a9fcb700            Options.bottommost_compression_opts.window_bits: -14
2019/10/17-14:54:16.174617 7fc3a9fcb700                  Options.bottommost_compression_opts.level: 32767
2019/10/17-14:54:16.174618 7fc3a9fcb700               Options.bottommost_compression_opts.strategy: 0
2019/10/17-14:54:16.174618 7fc3a9fcb700         Options.bottommost_compression_opts.max_dict_bytes: 0
2019/10/17-14:54:16.174619 7fc3a9fcb700         Options.bottommost_compression_opts.zstd_max_train_bytes: 0
2019/10/17-14:54:16.174620 7fc3a9fcb700                  Options.bottommost_compression_opts.enabled: false
2019/10/17-14:54:16.174621 7fc3a9fcb700            Options.compression_opts.window_bits: -14
2019/10/17-14:54:16.174622 7fc3a9fcb700                  Options.compression_opts.level: 32767
2019/10/17-14:54:16.174623 7fc3a9fcb700               Options.compression_opts.strategy: 0
2019/10/17-14:54:16.174623 7fc3a9fcb700         Options.compression_opts.max_dict_bytes: 0
2019/10/17-14:54:16.174624 7fc3a9fcb700         Options.compression_opts.zstd_max_train_bytes: 0
2019/10/17-14:54:16.174625 7fc3a9fcb700                  Options.compression_opts.enabled: false
2019/10/17-14:54:16.174626 7fc3a9fcb700      Options.level0_file_num_compaction_trigger: 4
2019/10/17-14:54:16.174627 7fc3a9fcb700          Options.level0_slowdown_writes_trigger: 20
2019/10/17-14:54:16.174628 7fc3a9fcb700              Options.level0_stop_writes_trigger: 36
2019/10/17-14:54:16.174629 7fc3a9fcb700                   Options.target_file_size_base: 67108864
2019/10/17-14:54:16.174629 7fc3a9fcb700             Options.target_file_size_multiplier: 1
2019/10/17-14:54:16.174630 7fc3a9fcb700                Options.max_bytes_for_level_base: 268435456
2019/10/17-14:54:16.174631 7fc3a9fcb700 Options.level_compaction_dynamic_level_bytes: 0
2019/10/17-14:54:16.174632 7fc3a9fcb700          Options.max_bytes_for_level_multiplier: 10.000000
2019/10/17-14:54:16.174633 7fc3a9fcb700 Options.max_bytes_for_level_multiplier_addtl[0]: 1
2019/10/17-14:54:16.174634 7fc3a9fcb700 Options.max_bytes_for_level_multiplier_addtl[1]: 1
2019/10/17-14:54:16.174635 7fc3a9fcb700 Options.max_bytes_for_level_multiplier_addtl[2]: 1
2019/10/17-14:54:16.174636 7fc3a9fcb700 Options.max_bytes_for_level_multiplier_addtl[3]: 1
2019/10/17-14:54:16.174637 7fc3a9fcb700 Options.max_bytes_for_level_multiplier_addtl[4]: 1
2019/10/17-14:54:16.174638 7fc3a9fcb700 Options.max_bytes_for_level_multiplier_addtl[5]: 1
2019/10/17-14:54:16.174639 7fc3a9fcb700 Options.max_bytes_for_level_multiplier_addtl[6]: 1
2019/10/17-14:54:16.174639 7fc3a9fcb700       Options.max_sequential_skip_in_iterations: 8
2019/10/17-14:54:16.174640 7fc3a9fcb700                    Options.max_compaction_bytes: 1677721600
2019/10/17-14:54:16.174641 7fc3a9fcb700                        Options.arena_block_size: 8388608
2019/10/17-14:54:16.174642 7fc3a9fcb700   Options.soft_pending_compaction_bytes_limit: 68719476736
2019/10/17-14:54:16.174647 7fc3a9fcb700   Options.hard_pending_compaction_bytes_limit: 274877906944
2019/10/17-14:54:16.174648 7fc3a9fcb700       Options.rate_limit_delay_max_milliseconds: 100
2019/10/17-14:54:16.174649 7fc3a9fcb700                Options.disable_auto_compactions: 0
2019/10/17-14:54:16.174650 7fc3a9fcb700                        Options.compaction_style: kCompactionStyleLevel
2019/10/17-14:54:16.174651 7fc3a9fcb700                          Options.compaction_pri: kByCompensatedSize
2019/10/17-14:54:16.174652 7fc3a9fcb700 Options.compaction_options_universal.size_ratio: 1
2019/10/17-14:54:16.174653 7fc3a9fcb700 Options.compaction_options_universal.min_merge_width: 2
2019/10/17-14:54:16.174654 7fc3a9fcb700 Options.compaction_options_universal.max_merge_width: 4294967295
2019/10/17-14:54:16.174654 7fc3a9fcb700 Options.compaction_options_universal.max_size_amplification_percent: 200
2019/10/17-14:54:16.174655 7fc3a9fcb700 Options.compaction_options_universal.compression_size_percent: -1
2019/10/17-14:54:16.174656 7fc3a9fcb700 Options.compaction_options_universal.stop_style: kCompactionStopStyleTotalSize
2019/10/17-14:54:16.174657 7fc3a9fcb700 Options.compaction_options_fifo.max_table_files_size: 1073741824
2019/10/17-14:54:16.174658 7fc3a9fcb700 Options.compaction_options_fifo.allow_compaction: 0
2019/10/17-14:54:16.174659 7fc3a9fcb700 Options.compaction_options_fifo.ttl: 0
2019/10/17-14:54:16.174660 7fc3a9fcb700                   Options.table_properties_collectors: 
2019/10/17-14:54:16.174661 7fc3a9fcb700                   Options.inplace_update_support: 0
2019/10/17-14:54:16.174661 7fc3a9fcb700                 Options.inplace_update_num_locks: 10000
2019/10/17-14:54:16.174662 7fc3a9fcb700               Options.memtable_prefix_bloom_size_ratio: 0.000000
2019/10/17-14:54:16.174663 7fc3a9fcb700   Options.memtable_huge_page_size: 0
2019/10/17-14:54:16.174664 7fc3a9fcb700                           Options.bloom_locality: 0
2019/10/17-14:54:16.174665 7fc3a9fcb700                    Options.max_successive_merges: 0
2019/10/17-14:54:16.174666 7fc3a9fcb700                Options.optimize_filters_for_hits: 0
2019/10/17-14:54:16.174667 7fc3a9fcb700                Options.paranoid_file_checks: 0
2019/10/17-14:54:16.174668 7fc3a9fcb700                Options.force_consistency_checks: 0
2019/10/17-14:54:16.174669 7fc3a9fcb700                Options.report_bg_io_stats: 0
2019/10/17-14:54:16.174669 7fc3a9fcb700                               Options.ttl: 0
2019/10/17-14:54:16.174686 7fc3a9fcb700 [db/column_family.cc:472] --------------- Options for column family [dc_entries]:
2019/10/17-14:54:16.174687 7fc3a9fcb700               Options.comparator: leveldb.BytewiseComparator
2019/10/17-14:54:16.174688 7fc3a9fcb700           Options.merge_operator: None
2019/10/17-14:54:16.174689 7fc3a9fcb700        Options.compaction_filter: None
2019/10/17-14:54:16.174690 7fc3a9fcb700        Options.compaction_filter_factory: None
2019/10/17-14:54:16.174691 7fc3a9fcb700         Options.memtable_factory: SkipListFactory
2019/10/17-14:54:16.174691 7fc3a9fcb700            Options.table_factory: BlockBasedTable
2019/10/17-14:54:16.174702 7fc3a9fcb700            table_factory options:   flush_block_policy_factory: FlushBlockBySizePolicyFactory (0x7fc350057e20)
  cache_index_and_filter_blocks: 0
  cache_index_and_filter_blocks_with_high_priority: 0
  pin_l0_filter_and_index_blocks_in_cache: 0
  pin_top_level_index_and_filter: 1
  index_type: 0
  hash_index_allow_collision: 1
  checksum: 1
  no_block_cache: 0
  block_cache: 0x7fc3500898b0
  block_cache_name: LRUCache
  block_cache_options:
    capacity : 8388608
    num_shard_bits : 4
    strict_capacity_limit : 0
    memory_allocator : None
    high_pri_pool_ratio: 0.000
  block_cache_compressed: (nil)
  persistent_cache: (nil)
  block_size: 4096
  block_size_deviation: 10
  block_restart_interval: 16
  index_block_restart_interval: 1
  metadata_block_size: 4096
  partition_filters: 0
  use_delta_encoding: 1
  filter_policy: nullptr
  whole_key_filtering: 1
  verify_compression: 0
  read_amp_bytes_per_bit: 0
  format_version: 2
  enable_index_compression: 1
  block_align: 0
2019/10/17-14:54:16.174708 7fc3a9fcb700        Options.write_buffer_size: 67108864
2019/10/17-14:54:16.174710 7fc3a9fcb700  Options.max_write_buffer_number: 2
2019/10/17-14:54:16.174710 7fc3a9fcb700          Options.compression: NoCompression
2019/10/17-14:54:16.174711 7fc3a9fcb700                  Options.bottommost_compression: Disabled
2019/10/17-14:54:16.174712 7fc3a9fcb700       Options.prefix_extractor: nullptr
2019/10/17-14:54:16.174713 7fc3a9fcb700   Options.memtable_insert_with_hint_prefix_extractor: nullptr
2019/10/17-14:54:16.174714 7fc3a9fcb700             Options.num_levels: 7
2019/10/17-14:54:16.174715 7fc3a9fcb700        Options.min_write_buffer_number_to_merge: 1
2019/10/17-14:54:16.174716 7fc3a9fcb700     Options.max_write_buffer_number_to_maintain: 0
2019/10/17-14:54:16.174716 7fc3a9fcb700            Options.bottommost_compression_opts.window_bits: -14
2019/10/17-14:54:16.174717 7fc3a9fcb700                  Options.bottommost_compression_opts.level: 32767
2019/10/17-14:54:16.174718 7fc3a9fcb700               Options.bottommost_compression_opts.strategy: 0
2019/10/17-14:54:16.174719 7fc3a9fcb700         Options.bottommost_compression_opts.max_dict_bytes: 0
2019/10/17-14:54:16.174720 7fc3a9fcb700         Options.bottommost_compression_opts.zstd_max_train_bytes: 0
2019/10/17-14:54:16.174721 7fc3a9fcb700                  Options.bottommost_compression_opts.enabled: false
2019/10/17-14:54:16.174721 7fc3a9fcb700            Options.compression_opts.window_bits: -14
2019/10/17-14:54:16.174722 7fc3a9fcb700                  Options.compression_opts.level: 32767
2019/10/17-14:54:16.174723 7fc3a9fcb700               Options.compression_opts.strategy: 0
2019/10/17-14:54:16.174724 7fc3a9fcb700         Options.compression_opts.max_dict_bytes: 0
2019/10/17-14:54:16.174725 7fc3a9fcb700         Options.compression_opts.zstd_max_train_bytes: 0
2019/10/17-14:54:16.174726 7fc3a9fcb700                  Options.compression_opts.enabled: false
2019/10/17-14:54:16.174726 7fc3a9fcb700      Options.level0_file_num_compaction_trigger: 4
2019/10/17-14:54:16.174727 7fc3a9fcb700          Options.level0_slowdown_writes_trigger: 20
2019/10/17-14:54:16.174728 7fc3a9fcb700              Options.level0_stop_writes_trigger: 36
2019/10/17-14:54:16.174729 7fc3a9fcb700                   Options.target_file_size_base: 67108864
2019/10/17-14:54:16.174730 7fc3a9fcb700             Options.target_file_size_multiplier: 1
2019/10/17-14:54:16.174731 7fc3a9fcb700                Options.max_bytes_for_level_base: 268435456
2019/10/17-14:54:16.174732 7fc3a9fcb700 Options.level_compaction_dynamic_level_bytes: 0
2019/10/17-14:54:16.174732 7fc3a9fcb700          Options.max_bytes_for_level_multiplier: 10.000000
2019/10/17-14:54:16.174734 7fc3a9fcb700 Options.max_bytes_for_level_multiplier_addtl[0]: 1
2019/10/17-14:54:16.174735 7fc3a9fcb700 Options.max_bytes_for_level_multiplier_addtl[1]: 1
2019/10/17-14:54:16.174736 7fc3a9fcb700 Options.max_bytes_for_level_multiplier_addtl[2]: 1
2019/10/17-14:54:16.174736 7fc3a9fcb700 Options.max_bytes_for_level_multiplier_addtl[3]: 1
2019/10/17-14:54:16.174737 7fc3a9fcb700 Options.max_bytes_for_level_multiplier_addtl[4]: 1
2019/10/17-14:54:16.174738 7fc3a9fcb700 Options.max_bytes_for_level_multiplier_addtl[5]: 1
2019/10/17-14:54:16.174739 7fc3a9fcb700 Options.max_bytes_for_level_multiplier_addtl[6]: 1
2019/10/17-14:54:16.174740 7fc3a9fcb700       Options.max_sequential_skip_in_iterations: 8
2019/10/17-14:54:16.174741 7fc3a9fcb700                    Options.max_compaction_bytes: 1677721600
2019/10/17-14:54:16.174741 7fc3a9fcb700                        Options.arena_block_size: 8388608
2019/10/17-14:54:16.174742 7fc3a9fcb700   Options.soft_pending_compaction_bytes_limit: 68719476736
2019/10/17-14:54:16.174743 7fc3a9fcb700   Options.hard_pending_compaction_bytes_limit: 274877906944
2019/10/17-14:54:16.174744 7fc3a9fcb700       Options.rate_limit_delay_max_milliseconds: 100
2019/10/17-14:54:16.174745 7fc3a9fcb700                Options.disable_auto_compactions: 0
2019/10/17-14:54:16.174750 7fc3a9fcb700                        Options.compaction_style: kCompactionStyleLevel
2019/10/17-14:54:16.174751 7fc3a9fcb700                          Options.compaction_pri: kByCompensatedSize
2019/10/17-14:54:16.174752 7fc3a9fcb700 Options.compaction_options_universal.size_ratio: 1
2019/10/17-14:54:16.174753 7fc3a9fcb700 Options.compaction_options_universal.min_merge_width: 2
2019/10/17-14:54:16.174754 7fc3a9fcb700 Options.compaction_options_universal.max_merge_width: 4294967295
2019/10/17-14:54:16.174755 7fc3a9fcb700 Options.compaction_options_universal.max_size_amplification_percent: 200
2019/10/17-14:54:16.174756 7fc3a9fcb700 Options.compaction_options_universal.compression_size_percent: -1
2019/10/17-14:54:16.174757 7fc3a9fcb700 Options.compaction_options_universal.stop_style: kCompactionStopStyleTotalSize
2019/10/17-14:54:16.174758 7fc3a9fcb700 Options.compaction_options_fifo.max_table_files_size: 1073741824
2019/10/17-14:54:16.174758 7fc3a9fcb700 Options.compaction_options_fifo.allow_compaction: 0
2019/10/17-14:54:16.174759 7fc3a9fcb700 Options.compaction_options_fifo.ttl: 0
2019/10/17-14:54:16.174760 7fc3a9fcb700                   Options.table_properties_collectors: 
2019/10/17-14:54:16.174761 7fc3a9fcb700                   Options.inplace_update_support: 0
2019/10/17-14:54:16.174762 7fc3a9fcb700                 Options.inplace_update_num_locks: 10000
2019/10/17-14:54:16.174763 7fc3a9fcb700               Options.memtable_prefix_bloom_size_ratio: 0.000000
2019/10/17-14:54:16.174764 7fc3a9fcb700   Options.memtable_huge_page_size: 0
2019/10/17-14:54:16.174765 7fc3a9fcb700                           Options.bloom_locality: 0
2019/10/17-14:54:16.174766 7fc3a9fcb700                    Options.max_successive_merges: 0
2019/10/17-14:54:16.174766 7fc3a9fcb700                Options.optimize_filters_for_hits: 0
2019/10/17-14:54:16.174767 7fc3a9fcb700                Options.paranoid_file_checks: 0
2019/10/17-14:54:16.174768 7fc3a9fcb700                Options.force_consistency_checks: 0
2019/10/17-14:54:16.174769 7fc3a9fcb700                Options.report_bg_io_stats: 0
2019/10/17-14:54:16.174770 7fc3a9fcb700                               Options.ttl: 0
2019/10/17-14:54:16.174783 7fc3a9fcb700 [db/column_family.cc:472] --------------- Options for column family [htlcs]:
2019/10/17-14:54:16.174784 7fc3a9fcb700               Options.comparator: leveldb.BytewiseComparator
2019/10/17-14:54:16.174785 7fc3a9fcb700           Options.merge_operator: None
2019/10/17-14:54:16.174786 7fc3a9fcb700        Options.compaction_filter: None
2019/10/17-14:54:16.174787 7fc3a9fcb700        Options.compaction_filter_factory: None
2019/10/17-14:54:16.174788 7fc3a9fcb700         Options.memtable_factory: SkipListFactory
2019/10/17-14:54:16.174788 7fc3a9fcb700            Options.table_factory: BlockBasedTable
2019/10/17-14:54:16.174799 7fc3a9fcb700            table_factory options:   flush_block_policy_factory: FlushBlockBySizePolicyFactory (0x7fc350038050)
