2019/10/17-14:54:06.832237 7fc3a9fcb700 RocksDB version: 5.18.3
2019/10/17-14:54:06.832346 7fc3a9fcb700 Git sha rocksdb_build_git_sha:@0@
2019/10/17-14:54:06.832349 7fc3a9fcb700 Compile date Sep 19 2019
2019/10/17-14:54:06.832351 7fc3a9fcb700 DB SUMMARY
2019/10/17-14:54:06.833355 7fc3a9fcb700 CURRENT file:  CURRENT
2019/10/17-14:54:06.833358 7fc3a9fcb700 IDENTITY file:  IDENTITY
2019/10/17-14:54:06.833397 7fc3a9fcb700 MANIFEST file:  MANIFEST-114694 size: 4114 Bytes
2019/10/17-14:54:06.833399 7fc3a9fcb700 SST files in /home/rahul/dev/blockchain-core/eqc/ledger.db dir, Total Num: 29, files: 000624.sst 000627.sst 106940.sst 108447.sst 108450.sst 109471.sst 109483.sst 109485.sst 109486.sst 
2019/10/17-14:54:06.833401 7fc3a9fcb700 Write Ahead Log file in /home/rahul/dev/blockchain-core/eqc/ledger.db: 114695.log size: 0 ; 
2019/10/17-14:54:06.833446 7fc3a9fcb700                         Options.error_if_exists: 0
2019/10/17-14:54:06.833448 7fc3a9fcb700                       Options.create_if_missing: 1
2019/10/17-14:54:06.833449 7fc3a9fcb700                         Options.paranoid_checks: 1
2019/10/17-14:54:06.833450 7fc3a9fcb700                                     Options.env: 0x7fc32ae1fc60
2019/10/17-14:54:06.833451 7fc3a9fcb700                                Options.info_log: 0x7fc3500294e0
2019/10/17-14:54:06.833452 7fc3a9fcb700                Options.max_file_opening_threads: 16
2019/10/17-14:54:06.833453 7fc3a9fcb700                              Options.statistics: (nil)
2019/10/17-14:54:06.833455 7fc3a9fcb700                               Options.use_fsync: 0
2019/10/17-14:54:06.833455 7fc3a9fcb700                       Options.max_log_file_size: 0
2019/10/17-14:54:06.833457 7fc3a9fcb700                  Options.max_manifest_file_size: 1073741824
2019/10/17-14:54:06.833458 7fc3a9fcb700                   Options.log_file_time_to_roll: 0
2019/10/17-14:54:06.833459 7fc3a9fcb700                       Options.keep_log_file_num: 1000
2019/10/17-14:54:06.833460 7fc3a9fcb700                    Options.recycle_log_file_num: 0
2019/10/17-14:54:06.833461 7fc3a9fcb700                         Options.allow_fallocate: 1
2019/10/17-14:54:06.833462 7fc3a9fcb700                        Options.allow_mmap_reads: 0
2019/10/17-14:54:06.833463 7fc3a9fcb700                       Options.allow_mmap_writes: 0
2019/10/17-14:54:06.833464 7fc3a9fcb700                        Options.use_direct_reads: 0
2019/10/17-14:54:06.833465 7fc3a9fcb700                        Options.use_direct_io_for_flush_and_compaction: 0
2019/10/17-14:54:06.833466 7fc3a9fcb700          Options.create_missing_column_families: 0
2019/10/17-14:54:06.833467 7fc3a9fcb700                              Options.db_log_dir: 
2019/10/17-14:54:06.833468 7fc3a9fcb700                                 Options.wal_dir: /home/rahul/dev/blockchain-core/eqc/ledger.db
2019/10/17-14:54:06.833469 7fc3a9fcb700                Options.table_cache_numshardbits: 6
2019/10/17-14:54:06.833470 7fc3a9fcb700                      Options.max_subcompactions: 1
2019/10/17-14:54:06.833471 7fc3a9fcb700                  Options.max_background_flushes: -1
2019/10/17-14:54:06.833472 7fc3a9fcb700                         Options.WAL_ttl_seconds: 0
2019/10/17-14:54:06.833473 7fc3a9fcb700                       Options.WAL_size_limit_MB: 0
2019/10/17-14:54:06.833474 7fc3a9fcb700             Options.manifest_preallocation_size: 4194304
2019/10/17-14:54:06.833475 7fc3a9fcb700                     Options.is_fd_close_on_exec: 1
2019/10/17-14:54:06.833476 7fc3a9fcb700                   Options.advise_random_on_open: 1
2019/10/17-14:54:06.833477 7fc3a9fcb700                    Options.db_write_buffer_size: 0
2019/10/17-14:54:06.833478 7fc3a9fcb700                    Options.write_buffer_manager: 0x7fc3500580f0
2019/10/17-14:54:06.833479 7fc3a9fcb700         Options.access_hint_on_compaction_start: 1
2019/10/17-14:54:06.833480 7fc3a9fcb700  Options.new_table_reader_for_compaction_inputs: 0
2019/10/17-14:54:06.833481 7fc3a9fcb700           Options.random_access_max_buffer_size: 1048576
2019/10/17-14:54:06.833482 7fc3a9fcb700                      Options.use_adaptive_mutex: 0
2019/10/17-14:54:06.833483 7fc3a9fcb700                            Options.rate_limiter: (nil)
2019/10/17-14:54:06.833495 7fc3a9fcb700     Options.sst_file_manager.rate_bytes_per_sec: 0
2019/10/17-14:54:06.833497 7fc3a9fcb700                       Options.wal_recovery_mode: 2
2019/10/17-14:54:06.833498 7fc3a9fcb700                  Options.enable_thread_tracking: 0
2019/10/17-14:54:06.833499 7fc3a9fcb700                  Options.enable_pipelined_write: 0
2019/10/17-14:54:06.833500 7fc3a9fcb700         Options.allow_concurrent_memtable_write: 1
2019/10/17-14:54:06.833501 7fc3a9fcb700      Options.enable_write_thread_adaptive_yield: 1
2019/10/17-14:54:06.833502 7fc3a9fcb700             Options.write_thread_max_yield_usec: 100
2019/10/17-14:54:06.833503 7fc3a9fcb700            Options.write_thread_slow_yield_usec: 3
2019/10/17-14:54:06.833504 7fc3a9fcb700                               Options.row_cache: None
2019/10/17-14:54:06.833505 7fc3a9fcb700                              Options.wal_filter: None
2019/10/17-14:54:06.833506 7fc3a9fcb700             Options.avoid_flush_during_recovery: 0
2019/10/17-14:54:06.833507 7fc3a9fcb700             Options.allow_ingest_behind: 0
2019/10/17-14:54:06.833508 7fc3a9fcb700             Options.preserve_deletes: 0
2019/10/17-14:54:06.833509 7fc3a9fcb700             Options.two_write_queues: 0
2019/10/17-14:54:06.833510 7fc3a9fcb700             Options.manual_wal_flush: 0
2019/10/17-14:54:06.833511 7fc3a9fcb700             Options.max_background_jobs: 2
2019/10/17-14:54:06.833512 7fc3a9fcb700             Options.max_background_compactions: -1
2019/10/17-14:54:06.833513 7fc3a9fcb700             Options.avoid_flush_during_shutdown: 0
2019/10/17-14:54:06.833514 7fc3a9fcb700           Options.writable_file_max_buffer_size: 1048576
2019/10/17-14:54:06.833515 7fc3a9fcb700             Options.delayed_write_rate : 16777216
2019/10/17-14:54:06.833516 7fc3a9fcb700             Options.max_total_wal_size: 0
2019/10/17-14:54:06.833517 7fc3a9fcb700             Options.delete_obsolete_files_period_micros: 21600000000
2019/10/17-14:54:06.833518 7fc3a9fcb700                   Options.stats_dump_period_sec: 600
2019/10/17-14:54:06.833519 7fc3a9fcb700                          Options.max_open_files: -1
2019/10/17-14:54:06.833520 7fc3a9fcb700                          Options.bytes_per_sync: 0
2019/10/17-14:54:06.833521 7fc3a9fcb700                      Options.wal_bytes_per_sync: 0
2019/10/17-14:54:06.833522 7fc3a9fcb700       Options.compaction_readahead_size: 0
2019/10/17-14:54:06.833523 7fc3a9fcb700 Compression algorithms supported:
2019/10/17-14:54:06.833524 7fc3a9fcb700 	kZSTDNotFinalCompression supported: 0
2019/10/17-14:54:06.833526 7fc3a9fcb700 	kZSTD supported: 0
2019/10/17-14:54:06.833527 7fc3a9fcb700 	kXpressCompression supported: 0
2019/10/17-14:54:06.833528 7fc3a9fcb700 	kLZ4HCCompression supported: 0
2019/10/17-14:54:06.833529 7fc3a9fcb700 	kLZ4Compression supported: 0
2019/10/17-14:54:06.833530 7fc3a9fcb700 	kBZip2Compression supported: 0
2019/10/17-14:54:06.833531 7fc3a9fcb700 	kZlibCompression supported: 0
2019/10/17-14:54:06.833532 7fc3a9fcb700 	kSnappyCompression supported: 0
2019/10/17-14:54:06.833534 7fc3a9fcb700 Fast CRC32 supported: Supported on x86
2019/10/17-14:54:06.833654 7fc3a9fcb700 [db/version_set.cc:3507] Recovering from manifest file: MANIFEST-114694
2019/10/17-14:54:06.833696 7fc3a9fcb700 [db/column_family.cc:472] --------------- Options for column family [default]:
2019/10/17-14:54:06.833698 7fc3a9fcb700               Options.comparator: leveldb.BytewiseComparator
2019/10/17-14:54:06.833699 7fc3a9fcb700           Options.merge_operator: None
2019/10/17-14:54:06.833701 7fc3a9fcb700        Options.compaction_filter: None
2019/10/17-14:54:06.833702 7fc3a9fcb700        Options.compaction_filter_factory: None
2019/10/17-14:54:06.833703 7fc3a9fcb700         Options.memtable_factory: SkipListFactory
2019/10/17-14:54:06.833704 7fc3a9fcb700            Options.table_factory: BlockBasedTable
2019/10/17-14:54:06.833722 7fc3a9fcb700            table_factory options:   flush_block_policy_factory: FlushBlockBySizePolicyFactory (0x7fc3500a0ae0)
  cache_index_and_filter_blocks: 0
  cache_index_and_filter_blocks_with_high_priority: 0
  pin_l0_filter_and_index_blocks_in_cache: 0
  pin_top_level_index_and_filter: 1
  index_type: 0
  hash_index_allow_collision: 1
  checksum: 1
  no_block_cache: 0
  block_cache: 0x7fc3500b0030
  block_cache_name: LRUCache
  block_cache_options:
    capacity : 8388608
    num_shard_bits : 4
    strict_capacity_limit : 0
    memory_allocator : None
    high_pri_pool_ratio: 0.000
  block_cache_compressed: (nil)
  persistent_cache: (nil)
  block_size: 4096
  block_size_deviation: 10
  block_restart_interval: 16
  index_block_restart_interval: 1
  metadata_block_size: 4096
  partition_filters: 0
  use_delta_encoding: 1
  filter_policy: nullptr
  whole_key_filtering: 1
  verify_compression: 0
  read_amp_bytes_per_bit: 0
  format_version: 2
  enable_index_compression: 1
  block_align: 0
2019/10/17-14:54:06.833734 7fc3a9fcb700        Options.write_buffer_size: 67108864
2019/10/17-14:54:06.833735 7fc3a9fcb700  Options.max_write_buffer_number: 2
2019/10/17-14:54:06.833737 7fc3a9fcb700          Options.compression: NoCompression
2019/10/17-14:54:06.833738 7fc3a9fcb700                  Options.bottommost_compression: Disabled
2019/10/17-14:54:06.833739 7fc3a9fcb700       Options.prefix_extractor: nullptr
2019/10/17-14:54:06.833740 7fc3a9fcb700   Options.memtable_insert_with_hint_prefix_extractor: nullptr
2019/10/17-14:54:06.833741 7fc3a9fcb700             Options.num_levels: 7
2019/10/17-14:54:06.833742 7fc3a9fcb700        Options.min_write_buffer_number_to_merge: 1
2019/10/17-14:54:06.833743 7fc3a9fcb700     Options.max_write_buffer_number_to_maintain: 0
2019/10/17-14:54:06.833744 7fc3a9fcb700            Options.bottommost_compression_opts.window_bits: -14
2019/10/17-14:54:06.833745 7fc3a9fcb700                  Options.bottommost_compression_opts.level: 32767
2019/10/17-14:54:06.833746 7fc3a9fcb700               Options.bottommost_compression_opts.strategy: 0
2019/10/17-14:54:06.833747 7fc3a9fcb700         Options.bottommost_compression_opts.max_dict_bytes: 0
2019/10/17-14:54:06.833748 7fc3a9fcb700         Options.bottommost_compression_opts.zstd_max_train_bytes: 0
2019/10/17-14:54:06.833749 7fc3a9fcb700                  Options.bottommost_compression_opts.enabled: false
2019/10/17-14:54:06.833750 7fc3a9fcb700            Options.compression_opts.window_bits: -14
2019/10/17-14:54:06.833751 7fc3a9fcb700                  Options.compression_opts.level: 32767
2019/10/17-14:54:06.833752 7fc3a9fcb700               Options.compression_opts.strategy: 0
2019/10/17-14:54:06.833753 7fc3a9fcb700         Options.compression_opts.max_dict_bytes: 0
2019/10/17-14:54:06.833754 7fc3a9fcb700         Options.compression_opts.zstd_max_train_bytes: 0
2019/10/17-14:54:06.833755 7fc3a9fcb700                  Options.compression_opts.enabled: false
2019/10/17-14:54:06.833756 7fc3a9fcb700      Options.level0_file_num_compaction_trigger: 4
2019/10/17-14:54:06.833757 7fc3a9fcb700          Options.level0_slowdown_writes_trigger: 20
2019/10/17-14:54:06.833758 7fc3a9fcb700              Options.level0_stop_writes_trigger: 36
2019/10/17-14:54:06.833759 7fc3a9fcb700                   Options.target_file_size_base: 67108864
2019/10/17-14:54:06.833760 7fc3a9fcb700             Options.target_file_size_multiplier: 1
2019/10/17-14:54:06.833761 7fc3a9fcb700                Options.max_bytes_for_level_base: 268435456
2019/10/17-14:54:06.833762 7fc3a9fcb700 Options.level_compaction_dynamic_level_bytes: 0
2019/10/17-14:54:06.833763 7fc3a9fcb700          Options.max_bytes_for_level_multiplier: 10.000000
2019/10/17-14:54:06.833766 7fc3a9fcb700 Options.max_bytes_for_level_multiplier_addtl[0]: 1
2019/10/17-14:54:06.833767 7fc3a9fcb700 Options.max_bytes_for_level_multiplier_addtl[1]: 1
2019/10/17-14:54:06.833768 7fc3a9fcb700 Options.max_bytes_for_level_multiplier_addtl[2]: 1
2019/10/17-14:54:06.833769 7fc3a9fcb700 Options.max_bytes_for_level_multiplier_addtl[3]: 1
2019/10/17-14:54:06.833770 7fc3a9fcb700 Options.max_bytes_for_level_multiplier_addtl[4]: 1
2019/10/17-14:54:06.833776 7fc3a9fcb700 Options.max_bytes_for_level_multiplier_addtl[5]: 1
2019/10/17-14:54:06.833777 7fc3a9fcb700 Options.max_bytes_for_level_multiplier_addtl[6]: 1
2019/10/17-14:54:06.833778 7fc3a9fcb700       Options.max_sequential_skip_in_iterations: 8
2019/10/17-14:54:06.833779 7fc3a9fcb700                    Options.max_compaction_bytes: 1677721600
2019/10/17-14:54:06.833780 7fc3a9fcb700                        Options.arena_block_size: 8388608
2019/10/17-14:54:06.833781 7fc3a9fcb700   Options.soft_pending_compaction_bytes_limit: 68719476736
2019/10/17-14:54:06.833782 7fc3a9fcb700   Options.hard_pending_compaction_bytes_limit: 274877906944
2019/10/17-14:54:06.833783 7fc3a9fcb700       Options.rate_limit_delay_max_milliseconds: 100
2019/10/17-14:54:06.833784 7fc3a9fcb700                Options.disable_auto_compactions: 0
2019/10/17-14:54:06.833786 7fc3a9fcb700                        Options.compaction_style: kCompactionStyleLevel
2019/10/17-14:54:06.833787 7fc3a9fcb700                          Options.compaction_pri: kByCompensatedSize
2019/10/17-14:54:06.833788 7fc3a9fcb700 Options.compaction_options_universal.size_ratio: 1
2019/10/17-14:54:06.833789 7fc3a9fcb700 Options.compaction_options_universal.min_merge_width: 2
2019/10/17-14:54:06.833790 7fc3a9fcb700 Options.compaction_options_universal.max_merge_width: 4294967295
2019/10/17-14:54:06.833791 7fc3a9fcb700 Options.compaction_options_universal.max_size_amplification_percent: 200
2019/10/17-14:54:06.833792 7fc3a9fcb700 Options.compaction_options_universal.compression_size_percent: -1
2019/10/17-14:54:06.833794 7fc3a9fcb700 Options.compaction_options_universal.stop_style: kCompactionStopStyleTotalSize
2019/10/17-14:54:06.833795 7fc3a9fcb700 Options.compaction_options_fifo.max_table_files_size: 1073741824
2019/10/17-14:54:06.833796 7fc3a9fcb700 Options.compaction_options_fifo.allow_compaction: 0
2019/10/17-14:54:06.833797 7fc3a9fcb700 Options.compaction_options_fifo.ttl: 0
2019/10/17-14:54:06.833798 7fc3a9fcb700                   Options.table_properties_collectors: 
2019/10/17-14:54:06.833799 7fc3a9fcb700                   Options.inplace_update_support: 0
2019/10/17-14:54:06.833800 7fc3a9fcb700                 Options.inplace_update_num_locks: 10000
2019/10/17-14:54:06.833801 7fc3a9fcb700               Options.memtable_prefix_bloom_size_ratio: 0.000000
2019/10/17-14:54:06.833802 7fc3a9fcb700   Options.memtable_huge_page_size: 0
2019/10/17-14:54:06.833803 7fc3a9fcb700                           Options.bloom_locality: 0
2019/10/17-14:54:06.833804 7fc3a9fcb700                    Options.max_successive_merges: 0
2019/10/17-14:54:06.833805 7fc3a9fcb700                Options.optimize_filters_for_hits: 0
2019/10/17-14:54:06.833806 7fc3a9fcb700                Options.paranoid_file_checks: 0
2019/10/17-14:54:06.833807 7fc3a9fcb700                Options.force_consistency_checks: 0
2019/10/17-14:54:06.833808 7fc3a9fcb700                Options.report_bg_io_stats: 0
2019/10/17-14:54:06.833809 7fc3a9fcb700                               Options.ttl: 0
2019/10/17-14:54:06.833844 7fc3a9fcb700 [db/column_family.cc:472] --------------- Options for column family [active_gateways]:
2019/10/17-14:54:06.833846 7fc3a9fcb700               Options.comparator: leveldb.BytewiseComparator
2019/10/17-14:54:06.833847 7fc3a9fcb700           Options.merge_operator: None
2019/10/17-14:54:06.833848 7fc3a9fcb700        Options.compaction_filter: None
2019/10/17-14:54:06.833849 7fc3a9fcb700        Options.compaction_filter_factory: None
2019/10/17-14:54:06.833850 7fc3a9fcb700         Options.memtable_factory: SkipListFactory
2019/10/17-14:54:06.833851 7fc3a9fcb700            Options.table_factory: BlockBasedTable
2019/10/17-14:54:06.833885 7fc3a9fcb700            table_factory options:   flush_block_policy_factory: FlushBlockBySizePolicyFactory (0x7fc3500a06b0)
  cache_index_and_filter_blocks: 0
  cache_index_and_filter_blocks_with_high_priority: 0
  pin_l0_filter_and_index_blocks_in_cache: 0
  pin_top_level_index_and_filter: 1
  index_type: 0
  hash_index_allow_collision: 1
  checksum: 1
  no_block_cache: 0
  block_cache: 0x7fc3500716a0
  block_cache_name: LRUCache
  block_cache_options:
    capacity : 8388608
    num_shard_bits : 4
    strict_capacity_limit : 0
    memory_allocator : None
    high_pri_pool_ratio: 0.000
  block_cache_compressed: (nil)
  persistent_cache: (nil)
  block_size: 4096
  block_size_deviation: 10
  block_restart_interval: 16
  index_block_restart_interval: 1
  metadata_block_size: 4096
  partition_filters: 0
  use_delta_encoding: 1
  filter_policy: nullptr
  whole_key_filtering: 1
  verify_compression: 0
  read_amp_bytes_per_bit: 0
  format_version: 2
  enable_index_compression: 1
  block_align: 0
2019/10/17-14:54:06.833897 7fc3a9fcb700        Options.write_buffer_size: 67108864
2019/10/17-14:54:06.833898 7fc3a9fcb700  Options.max_write_buffer_number: 2
2019/10/17-14:54:06.833899 7fc3a9fcb700          Options.compression: NoCompression
2019/10/17-14:54:06.833900 7fc3a9fcb700                  Options.bottommost_compression: Disabled
2019/10/17-14:54:06.833901 7fc3a9fcb700       Options.prefix_extractor: nullptr
2019/10/17-14:54:06.833902 7fc3a9fcb700   Options.memtable_insert_with_hint_prefix_extractor: nullptr
2019/10/17-14:54:06.833903 7fc3a9fcb700             Options.num_levels: 7
2019/10/17-14:54:06.833904 7fc3a9fcb700        Options.min_write_buffer_number_to_merge: 1
2019/10/17-14:54:06.833905 7fc3a9fcb700     Options.max_write_buffer_number_to_maintain: 0
2019/10/17-14:54:06.833906 7fc3a9fcb700            Options.bottommost_compression_opts.window_bits: -14
2019/10/17-14:54:06.833907 7fc3a9fcb700                  Options.bottommost_compression_opts.level: 32767
2019/10/17-14:54:06.833908 7fc3a9fcb700               Options.bottommost_compression_opts.strategy: 0
2019/10/17-14:54:06.833909 7fc3a9fcb700         Options.bottommost_compression_opts.max_dict_bytes: 0
2019/10/17-14:54:06.833910 7fc3a9fcb700         Options.bottommost_compression_opts.zstd_max_train_bytes: 0
2019/10/17-14:54:06.833911 7fc3a9fcb700                  Options.bottommost_compression_opts.enabled: false
2019/10/17-14:54:06.833912 7fc3a9fcb700            Options.compression_opts.window_bits: -14
2019/10/17-14:54:06.833913 7fc3a9fcb700                  Options.compression_opts.level: 32767
2019/10/17-14:54:06.833914 7fc3a9fcb700               Options.compression_opts.strategy: 0
2019/10/17-14:54:06.833915 7fc3a9fcb700         Options.compression_opts.max_dict_bytes: 0
2019/10/17-14:54:06.833916 7fc3a9fcb700         Options.compression_opts.zstd_max_train_bytes: 0
2019/10/17-14:54:06.833917 7fc3a9fcb700                  Options.compression_opts.enabled: false
2019/10/17-14:54:06.833918 7fc3a9fcb700      Options.level0_file_num_compaction_trigger: 4
2019/10/17-14:54:06.833919 7fc3a9fcb700          Options.level0_slowdown_writes_trigger: 20
2019/10/17-14:54:06.833920 7fc3a9fcb700              Options.level0_stop_writes_trigger: 36
2019/10/17-14:54:06.833921 7fc3a9fcb700                   Options.target_file_size_base: 67108864
2019/10/17-14:54:06.833922 7fc3a9fcb700             Options.target_file_size_multiplier: 1
2019/10/17-14:54:06.833923 7fc3a9fcb700                Options.max_bytes_for_level_base: 268435456
2019/10/17-14:54:06.833924 7fc3a9fcb700 Options.level_compaction_dynamic_level_bytes: 0
2019/10/17-14:54:06.833925 7fc3a9fcb700          Options.max_bytes_for_level_multiplier: 10.000000
2019/10/17-14:54:06.833927 7fc3a9fcb700 Options.max_bytes_for_level_multiplier_addtl[0]: 1
2019/10/17-14:54:06.833928 7fc3a9fcb700 Options.max_bytes_for_level_multiplier_addtl[1]: 1
2019/10/17-14:54:06.833929 7fc3a9fcb700 Options.max_bytes_for_level_multiplier_addtl[2]: 1
2019/10/17-14:54:06.833930 7fc3a9fcb700 Options.max_bytes_for_level_multiplier_addtl[3]: 1
2019/10/17-14:54:06.833931 7fc3a9fcb700 Options.max_bytes_for_level_multiplier_addtl[4]: 1
2019/10/17-14:54:06.833932 7fc3a9fcb700 Options.max_bytes_for_level_multiplier_addtl[5]: 1
2019/10/17-14:54:06.833933 7fc3a9fcb700 Options.max_bytes_for_level_multiplier_addtl[6]: 1
2019/10/17-14:54:06.833934 7fc3a9fcb700       Options.max_sequential_skip_in_iterations: 8
2019/10/17-14:54:06.833940 7fc3a9fcb700                    Options.max_compaction_bytes: 1677721600
2019/10/17-14:54:06.833941 7fc3a9fcb700                        Options.arena_block_size: 8388608
2019/10/17-14:54:06.833942 7fc3a9fcb700   Options.soft_pending_compaction_bytes_limit: 68719476736
2019/10/17-14:54:06.833943 7fc3a9fcb700   Options.hard_pending_compaction_bytes_limit: 274877906944
2019/10/17-14:54:06.833944 7fc3a9fcb700       Options.rate_limit_delay_max_milliseconds: 100
2019/10/17-14:54:06.833945 7fc3a9fcb700                Options.disable_auto_compactions: 0
2019/10/17-14:54:06.833946 7fc3a9fcb700                        Options.compaction_style: kCompactionStyleLevel
2019/10/17-14:54:06.833948 7fc3a9fcb700                          Options.compaction_pri: kByCompensatedSize
2019/10/17-14:54:06.833949 7fc3a9fcb700 Options.compaction_options_universal.size_ratio: 1
2019/10/17-14:54:06.833950 7fc3a9fcb700 Options.compaction_options_universal.min_merge_width: 2
2019/10/17-14:54:06.833951 7fc3a9fcb700 Options.compaction_options_universal.max_merge_width: 4294967295
2019/10/17-14:54:06.833952 7fc3a9fcb700 Options.compaction_options_universal.max_size_amplification_percent: 200
2019/10/17-14:54:06.833953 7fc3a9fcb700 Options.compaction_options_universal.compression_size_percent: -1
2019/10/17-14:54:06.833954 7fc3a9fcb700 Options.compaction_options_universal.stop_style: kCompactionStopStyleTotalSize
2019/10/17-14:54:06.833955 7fc3a9fcb700 Options.compaction_options_fifo.max_table_files_size: 1073741824
2019/10/17-14:54:06.833956 7fc3a9fcb700 Options.compaction_options_fifo.allow_compaction: 0
2019/10/17-14:54:06.833957 7fc3a9fcb700 Options.compaction_options_fifo.ttl: 0
2019/10/17-14:54:06.833958 7fc3a9fcb700                   Options.table_properties_collectors: 
2019/10/17-14:54:06.833959 7fc3a9fcb700                   Options.inplace_update_support: 0
2019/10/17-14:54:06.833960 7fc3a9fcb700                 Options.inplace_update_num_locks: 10000
2019/10/17-14:54:06.833961 7fc3a9fcb700               Options.memtable_prefix_bloom_size_ratio: 0.000000
2019/10/17-14:54:06.833963 7fc3a9fcb700   Options.memtable_huge_page_size: 0
2019/10/17-14:54:06.833964 7fc3a9fcb700                           Options.bloom_locality: 0
2019/10/17-14:54:06.833965 7fc3a9fcb700                    Options.max_successive_merges: 0
2019/10/17-14:54:06.833966 7fc3a9fcb700                Options.optimize_filters_for_hits: 0
2019/10/17-14:54:06.833967 7fc3a9fcb700                Options.paranoid_file_checks: 0
2019/10/17-14:54:06.833968 7fc3a9fcb700                Options.force_consistency_checks: 0
2019/10/17-14:54:06.833969 7fc3a9fcb700                Options.report_bg_io_stats: 0
2019/10/17-14:54:06.833970 7fc3a9fcb700                               Options.ttl: 0
2019/10/17-14:54:06.833993 7fc3a9fcb700 [db/column_family.cc:472] --------------- Options for column family [entries]:
2019/10/17-14:54:06.833994 7fc3a9fcb700               Options.comparator: leveldb.BytewiseComparator
2019/10/17-14:54:06.833996 7fc3a9fcb700           Options.merge_operator: None
2019/10/17-14:54:06.833997 7fc3a9fcb700        Options.compaction_filter: None
2019/10/17-14:54:06.833998 7fc3a9fcb700        Options.compaction_filter_factory: None
2019/10/17-14:54:06.833999 7fc3a9fcb700         Options.memtable_factory: SkipListFactory
2019/10/17-14:54:06.834000 7fc3a9fcb700            Options.table_factory: BlockBasedTable
2019/10/17-14:54:06.834012 7fc3a9fcb700            table_factory options:   flush_block_policy_factory: FlushBlockBySizePolicyFactory (0x7fc35004e220)
  cache_index_and_filter_blocks: 0
  cache_index_and_filter_blocks_with_high_priority: 0
  pin_l0_filter_and_index_blocks_in_cache: 0
  pin_top_level_index_and_filter: 1
  index_type: 0
  hash_index_allow_collision: 1
  checksum: 1
  no_block_cache: 0
  block_cache: 0x7fc350093b60
  block_cache_name: LRUCache
  block_cache_options:
    capacity : 8388608
    num_shard_bits : 4
    strict_capacity_limit : 0
    memory_allocator : None
    high_pri_pool_ratio: 0.000
  block_cache_compressed: (nil)
  persistent_cache: (nil)
  block_size: 4096
  block_size_deviation: 10
  block_restart_interval: 16
  index_block_restart_interval: 1
  metadata_block_size: 4096
  partition_filters: 0
  use_delta_encoding: 1
  filter_policy: nullptr
  whole_key_filtering: 1
  verify_compression: 0
  read_amp_bytes_per_bit: 0
  format_version: 2
  enable_index_compression: 1
  block_align: 0
2019/10/17-14:54:06.834021 7fc3a9fcb700        Options.write_buffer_size: 67108864
2019/10/17-14:54:06.834022 7fc3a9fcb700  Options.max_write_buffer_number: 2
2019/10/17-14:54:06.834023 7fc3a9fcb700          Options.compression: NoCompression
2019/10/17-14:54:06.834024 7fc3a9fcb700                  Options.bottommost_compression: Disabled
2019/10/17-14:54:06.834025 7fc3a9fcb700       Options.prefix_extractor: nullptr
2019/10/17-14:54:06.834026 7fc3a9fcb700   Options.memtable_insert_with_hint_prefix_extractor: nullptr
2019/10/17-14:54:06.834027 7fc3a9fcb700             Options.num_levels: 7
2019/10/17-14:54:06.834028 7fc3a9fcb700        Options.min_write_buffer_number_to_merge: 1
2019/10/17-14:54:06.834029 7fc3a9fcb700     Options.max_write_buffer_number_to_maintain: 0
2019/10/17-14:54:06.834030 7fc3a9fcb700            Options.bottommost_compression_opts.window_bits: -14
2019/10/17-14:54:06.834031 7fc3a9fcb700                  Options.bottommost_compression_opts.level: 32767
2019/10/17-14:54:06.834032 7fc3a9fcb700               Options.bottommost_compression_opts.strategy: 0
2019/10/17-14:54:06.834033 7fc3a9fcb700         Options.bottommost_compression_opts.max_dict_bytes: 0
2019/10/17-14:54:06.834034 7fc3a9fcb700         Options.bottommost_compression_opts.zstd_max_train_bytes: 0
2019/10/17-14:54:06.834035 7fc3a9fcb700                  Options.bottommost_compression_opts.enabled: false
2019/10/17-14:54:06.834036 7fc3a9fcb700            Options.compression_opts.window_bits: -14
2019/10/17-14:54:06.834037 7fc3a9fcb700                  Options.compression_opts.level: 32767
2019/10/17-14:54:06.834038 7fc3a9fcb700               Options.compression_opts.strategy: 0
2019/10/17-14:54:06.834039 7fc3a9fcb700         Options.compression_opts.max_dict_bytes: 0
2019/10/17-14:54:06.834040 7fc3a9fcb700         Options.compression_opts.zstd_max_train_bytes: 0
2019/10/17-14:54:06.834041 7fc3a9fcb700                  Options.compression_opts.enabled: false
2019/10/17-14:54:06.834042 7fc3a9fcb700      Options.level0_file_num_compaction_trigger: 4
2019/10/17-14:54:06.834043 7fc3a9fcb700          Options.level0_slowdown_writes_trigger: 20
2019/10/17-14:54:06.834044 7fc3a9fcb700              Options.level0_stop_writes_trigger: 36
2019/10/17-14:54:06.834045 7fc3a9fcb700                   Options.target_file_size_base: 67108864
2019/10/17-14:54:06.834046 7fc3a9fcb700             Options.target_file_size_multiplier: 1
2019/10/17-14:54:06.834047 7fc3a9fcb700                Options.max_bytes_for_level_base: 268435456
2019/10/17-14:54:06.834048 7fc3a9fcb700 Options.level_compaction_dynamic_level_bytes: 0
2019/10/17-14:54:06.834049 7fc3a9fcb700          Options.max_bytes_for_level_multiplier: 10.000000
2019/10/17-14:54:06.834050 7fc3a9fcb700 Options.max_bytes_for_level_multiplier_addtl[0]: 1
2019/10/17-14:54:06.834052 7fc3a9fcb700 Options.max_bytes_for_level_multiplier_addtl[1]: 1
2019/10/17-14:54:06.834053 7fc3a9fcb700 Options.max_bytes_for_level_multiplier_addtl[2]: 1
2019/10/17-14:54:06.834054 7fc3a9fcb700 Options.max_bytes_for_level_multiplier_addtl[3]: 1
2019/10/17-14:54:06.834055 7fc3a9fcb700 Options.max_bytes_for_level_multiplier_addtl[4]: 1
2019/10/17-14:54:06.834056 7fc3a9fcb700 Options.max_bytes_for_level_multiplier_addtl[5]: 1
2019/10/17-14:54:06.834057 7fc3a9fcb700 Options.max_bytes_for_level_multiplier_addtl[6]: 1
2019/10/17-14:54:06.834058 7fc3a9fcb700       Options.max_sequential_skip_in_iterations: 8
2019/10/17-14:54:06.834059 7fc3a9fcb700                    Options.max_compaction_bytes: 1677721600
2019/10/17-14:54:06.834060 7fc3a9fcb700                        Options.arena_block_size: 8388608
2019/10/17-14:54:06.834061 7fc3a9fcb700   Options.soft_pending_compaction_bytes_limit: 68719476736
2019/10/17-14:54:06.834066 7fc3a9fcb700   Options.hard_pending_compaction_bytes_limit: 274877906944
2019/10/17-14:54:06.834067 7fc3a9fcb700       Options.rate_limit_delay_max_milliseconds: 100
2019/10/17-14:54:06.834068 7fc3a9fcb700                Options.disable_auto_compactions: 0
2019/10/17-14:54:06.834070 7fc3a9fcb700                        Options.compaction_style: kCompactionStyleLevel
2019/10/17-14:54:06.834071 7fc3a9fcb700                          Options.compaction_pri: kByCompensatedSize
2019/10/17-14:54:06.834072 7fc3a9fcb700 Options.compaction_options_universal.size_ratio: 1
2019/10/17-14:54:06.834073 7fc3a9fcb700 Options.compaction_options_universal.min_merge_width: 2
2019/10/17-14:54:06.834074 7fc3a9fcb700 Options.compaction_options_universal.max_merge_width: 4294967295
2019/10/17-14:54:06.834075 7fc3a9fcb700 Options.compaction_options_universal.max_size_amplification_percent: 200
2019/10/17-14:54:06.834076 7fc3a9fcb700 Options.compaction_options_universal.compression_size_percent: -1
2019/10/17-14:54:06.834077 7fc3a9fcb700 Options.compaction_options_universal.stop_style: kCompactionStopStyleTotalSize
2019/10/17-14:54:06.834078 7fc3a9fcb700 Options.compaction_options_fifo.max_table_files_size: 1073741824
2019/10/17-14:54:06.834079 7fc3a9fcb700 Options.compaction_options_fifo.allow_compaction: 0
2019/10/17-14:54:06.834080 7fc3a9fcb700 Options.compaction_options_fifo.ttl: 0
2019/10/17-14:54:06.834081 7fc3a9fcb700                   Options.table_properties_collectors: 
2019/10/17-14:54:06.834082 7fc3a9fcb700                   Options.inplace_update_support: 0
2019/10/17-14:54:06.834083 7fc3a9fcb700                 Options.inplace_update_num_locks: 10000
2019/10/17-14:54:06.834084 7fc3a9fcb700               Options.memtable_prefix_bloom_size_ratio: 0.000000
2019/10/17-14:54:06.834085 7fc3a9fcb700   Options.memtable_huge_page_size: 0
2019/10/17-14:54:06.834086 7fc3a9fcb700                           Options.bloom_locality: 0
2019/10/17-14:54:06.834087 7fc3a9fcb700                    Options.max_successive_merges: 0
2019/10/17-14:54:06.834088 7fc3a9fcb700                Options.optimize_filters_for_hits: 0
2019/10/17-14:54:06.834089 7fc3a9fcb700                Options.paranoid_file_checks: 0
2019/10/17-14:54:06.834090 7fc3a9fcb700                Options.force_consistency_checks: 0
2019/10/17-14:54:06.834091 7fc3a9fcb700                Options.report_bg_io_stats: 0
2019/10/17-14:54:06.834092 7fc3a9fcb700                               Options.ttl: 0
2019/10/17-14:54:06.834111 7fc3a9fcb700 [db/column_family.cc:472] --------------- Options for column family [dc_entries]:
2019/10/17-14:54:06.834113 7fc3a9fcb700               Options.comparator: leveldb.BytewiseComparator
2019/10/17-14:54:06.834114 7fc3a9fcb700           Options.merge_operator: None
2019/10/17-14:54:06.834115 7fc3a9fcb700        Options.compaction_filter: None
2019/10/17-14:54:06.834116 7fc3a9fcb700        Options.compaction_filter_factory: None
2019/10/17-14:54:06.834117 7fc3a9fcb700         Options.memtable_factory: SkipListFactory
2019/10/17-14:54:06.834118 7fc3a9fcb700            Options.table_factory: BlockBasedTable
2019/10/17-14:54:06.834130 7fc3a9fcb700            table_factory options:   flush_block_policy_factory: FlushBlockBySizePolicyFactory (0x7fc350038200)
  cache_index_and_filter_blocks: 0
  cache_index_and_filter_blocks_with_high_priority: 0
  pin_l0_filter_and_index_blocks_in_cache: 0
  pin_top_level_index_and_filter: 1
  index_type: 0
  hash_index_allow_collision: 1
  checksum: 1
  no_block_cache: 0
  block_cache: 0x7fc350067410
  block_cache_name: LRUCache
  block_cache_options:
    capacity : 8388608
    num_shard_bits : 4
    strict_capacity_limit : 0
    memory_allocator : None
    high_pri_pool_ratio: 0.000
  block_cache_compressed: (nil)
  persistent_cache: (nil)
  block_size: 4096
  block_size_deviation: 10
  block_restart_interval: 16
  index_block_restart_interval: 1
  metadata_block_size: 4096
  partition_filters: 0
  use_delta_encoding: 1
  filter_policy: nullptr
  whole_key_filtering: 1
  verify_compression: 0
  read_amp_bytes_per_bit: 0
  format_version: 2
  enable_index_compression: 1
  block_align: 0
2019/10/17-14:54:06.834138 7fc3a9fcb700        Options.write_buffer_size: 67108864
2019/10/17-14:54:06.834139 7fc3a9fcb700  Options.max_write_buffer_number: 2
2019/10/17-14:54:06.834140 7fc3a9fcb700          Options.compression: NoCompression
2019/10/17-14:54:06.834141 7fc3a9fcb700                  Options.bottommost_compression: Disabled
2019/10/17-14:54:06.834142 7fc3a9fcb700       Options.prefix_extractor: nullptr
2019/10/17-14:54:06.834143 7fc3a9fcb700   Options.memtable_insert_with_hint_prefix_extractor: nullptr
2019/10/17-14:54:06.834144 7fc3a9fcb700             Options.num_levels: 7
2019/10/17-14:54:06.834145 7fc3a9fcb700        Options.min_write_buffer_number_to_merge: 1
2019/10/17-14:54:06.834146 7fc3a9fcb700     Options.max_write_buffer_number_to_maintain: 0
2019/10/17-14:54:06.834147 7fc3a9fcb700            Options.bottommost_compression_opts.window_bits: -14
2019/10/17-14:54:06.834148 7fc3a9fcb700                  Options.bottommost_compression_opts.level: 32767
2019/10/17-14:54:06.834149 7fc3a9fcb700               Options.bottommost_compression_opts.strategy: 0
2019/10/17-14:54:06.834150 7fc3a9fcb700         Options.bottommost_compression_opts.max_dict_bytes: 0
2019/10/17-14:54:06.834151 7fc3a9fcb700         Options.bottommost_compression_opts.zstd_max_train_bytes: 0
2019/10/17-14:54:06.834152 7fc3a9fcb700                  Options.bottommost_compression_opts.enabled: false
2019/10/17-14:54:06.834153 7fc3a9fcb700            Options.compression_opts.window_bits: -14
2019/10/17-14:54:06.834154 7fc3a9fcb700                  Options.compression_opts.level: 32767
2019/10/17-14:54:06.834155 7fc3a9fcb700               Options.compression_opts.strategy: 0
2019/10/17-14:54:06.834156 7fc3a9fcb700         Options.compression_opts.max_dict_bytes: 0
2019/10/17-14:54:06.834157 7fc3a9fcb700         Options.compression_opts.zstd_max_train_bytes: 0
2019/10/17-14:54:06.834158 7fc3a9fcb700                  Options.compression_opts.enabled: false
2019/10/17-14:54:06.834159 7fc3a9fcb700      Options.level0_file_num_compaction_trigger: 4
2019/10/17-14:54:06.834160 7fc3a9fcb700          Options.level0_slowdown_writes_trigger: 20
2019/10/17-14:54:06.834161 7fc3a9fcb700              Options.level0_stop_writes_trigger: 36
2019/10/17-14:54:06.834162 7fc3a9fcb700                   Options.target_file_size_base: 67108864
2019/10/17-14:54:06.834163 7fc3a9fcb700             Options.target_file_size_multiplier: 1
2019/10/17-14:54:06.834164 7fc3a9fcb700                Options.max_bytes_for_level_base: 268435456
2019/10/17-14:54:06.834165 7fc3a9fcb700 Options.level_compaction_dynamic_level_bytes: 0
2019/10/17-14:54:06.834166 7fc3a9fcb700          Options.max_bytes_for_level_multiplier: 10.000000
2019/10/17-14:54:06.834168 7fc3a9fcb700 Options.max_bytes_for_level_multiplier_addtl[0]: 1
2019/10/17-14:54:06.834169 7fc3a9fcb700 Options.max_bytes_for_level_multiplier_addtl[1]: 1
2019/10/17-14:54:06.834170 7fc3a9fcb700 Options.max_bytes_for_level_multiplier_addtl[2]: 1
2019/10/17-14:54:06.834171 7fc3a9fcb700 Options.max_bytes_for_level_multiplier_addtl[3]: 1
2019/10/17-14:54:06.834172 7fc3a9fcb700 Options.max_bytes_for_level_multiplier_addtl[4]: 1
2019/10/17-14:54:06.834173 7fc3a9fcb700 Options.max_bytes_for_level_multiplier_addtl[5]: 1
2019/10/17-14:54:06.834174 7fc3a9fcb700 Options.max_bytes_for_level_multiplier_addtl[6]: 1
2019/10/17-14:54:06.834175 7fc3a9fcb700       Options.max_sequential_skip_in_iterations: 8
2019/10/17-14:54:06.834176 7fc3a9fcb700                    Options.max_compaction_bytes: 1677721600
2019/10/17-14:54:06.834177 7fc3a9fcb700                        Options.arena_block_size: 8388608
2019/10/17-14:54:06.834178 7fc3a9fcb700   Options.soft_pending_compaction_bytes_limit: 68719476736
2019/10/17-14:54:06.834179 7fc3a9fcb700   Options.hard_pending_compaction_bytes_limit: 274877906944
2019/10/17-14:54:06.834180 7fc3a9fcb700       Options.rate_limit_delay_max_milliseconds: 100
2019/10/17-14:54:06.834181 7fc3a9fcb700                Options.disable_auto_compactions: 0
2019/10/17-14:54:06.834187 7fc3a9fcb700                        Options.compaction_style: kCompactionStyleLevel
2019/10/17-14:54:06.834188 7fc3a9fcb700                          Options.compaction_pri: kByCompensatedSize
2019/10/17-14:54:06.834189 7fc3a9fcb700 Options.compaction_options_universal.size_ratio: 1
2019/10/17-14:54:06.834190 7fc3a9fcb700 Options.compaction_options_universal.min_merge_width: 2
2019/10/17-14:54:06.834191 7fc3a9fcb700 Options.compaction_options_universal.max_merge_width: 4294967295
2019/10/17-14:54:06.834192 7fc3a9fcb700 Options.compaction_options_universal.max_size_amplification_percent: 200
2019/10/17-14:54:06.834193 7fc3a9fcb700 Options.compaction_options_universal.compression_size_percent: -1
2019/10/17-14:54:06.834194 7fc3a9fcb700 Options.compaction_options_universal.stop_style: kCompactionStopStyleTotalSize
2019/10/17-14:54:06.834195 7fc3a9fcb700 Options.compaction_options_fifo.max_table_files_size: 1073741824
2019/10/17-14:54:06.834196 7fc3a9fcb700 Options.compaction_options_fifo.allow_compaction: 0
2019/10/17-14:54:06.834197 7fc3a9fcb700 Options.compaction_options_fifo.ttl: 0
2019/10/17-14:54:06.834198 7fc3a9fcb700                   Options.table_properties_collectors: 
2019/10/17-14:54:06.834199 7fc3a9fcb700                   Options.inplace_update_support: 0
2019/10/17-14:54:06.834200 7fc3a9fcb700                 Options.inplace_update_num_locks: 10000
2019/10/17-14:54:06.834201 7fc3a9fcb700               Options.memtable_prefix_bloom_size_ratio: 0.000000
2019/10/17-14:54:06.834203 7fc3a9fcb700   Options.memtable_huge_page_size: 0
2019/10/17-14:54:06.834204 7fc3a9fcb700                           Options.bloom_locality: 0
2019/10/17-14:54:06.834205 7fc3a9fcb700                    Options.max_successive_merges: 0
2019/10/17-14:54:06.834206 7fc3a9fcb700                Options.optimize_filters_for_hits: 0
2019/10/17-14:54:06.834207 7fc3a9fcb700                Options.paranoid_file_checks: 0
2019/10/17-14:54:06.834208 7fc3a9fcb700                Options.force_consistency_checks: 0
2019/10/17-14:54:06.834209 7fc3a9fcb700                Options.report_bg_io_stats: 0
2019/10/17-14:54:06.834210 7fc3a9fcb700                               Options.ttl: 0
2019/10/17-14:54:06.834225 7fc3a9fcb700 [db/column_family.cc:472] --------------- Options for column family [htlcs]:
2019/10/17-14:54:06.834226 7fc3a9fcb700               Options.comparator: leveldb.BytewiseComparator
2019/10/17-14:54:06.834227 7fc3a9fcb700           Options.merge_operator: None
2019/10/17-14:54:06.834228 7fc3a9fcb700        Options.compaction_filter: None
2019/10/17-14:54:06.834229 7fc3a9fcb700        Options.compaction_filter_factory: None
2019/10/17-14:54:06.834230 7fc3a9fcb700         Options.memtable_factory: SkipListFactory
2019/10/17-14:54:06.834231 7fc3a9fcb700            Options.table_factory: BlockBasedTable
2019/10/17-14:54:06.834243 7fc3a9fcb700            table_factory options:   flush_block_policy_factory: FlushBlockBySizePolicyFactory (0x7fc35002cbf0)
