2019/10/17-14:55:14.966033 7fc3a9fcb700 RocksDB version: 5.18.3
2019/10/17-14:55:14.966233 7fc3a9fcb700 Git sha rocksdb_build_git_sha:@0@
2019/10/17-14:55:14.966239 7fc3a9fcb700 Compile date Sep 19 2019
2019/10/17-14:55:14.966242 7fc3a9fcb700 DB SUMMARY
2019/10/17-14:55:14.967801 7fc3a9fcb700 CURRENT file:  CURRENT
2019/10/17-14:55:14.967813 7fc3a9fcb700 IDENTITY file:  IDENTITY
2019/10/17-14:55:14.967906 7fc3a9fcb700 MANIFEST file:  MANIFEST-116584 size: 4114 Bytes
2019/10/17-14:55:14.967909 7fc3a9fcb700 SST files in /home/rahul/dev/blockchain-core/eqc/ledger.db dir, Total Num: 29, files: 000624.sst 000627.sst 106940.sst 108447.sst 108450.sst 109471.sst 109483.sst 109485.sst 109486.sst 
2019/10/17-14:55:14.967912 7fc3a9fcb700 Write Ahead Log file in /home/rahul/dev/blockchain-core/eqc/ledger.db: 116585.log size: 0 ; 
2019/10/17-14:55:14.967980 7fc3a9fcb700                         Options.error_if_exists: 0
2019/10/17-14:55:14.967983 7fc3a9fcb700                       Options.create_if_missing: 1
2019/10/17-14:55:14.967985 7fc3a9fcb700                         Options.paranoid_checks: 1
2019/10/17-14:55:14.967986 7fc3a9fcb700                                     Options.env: 0x7fc32ae1fc60
2019/10/17-14:55:14.967987 7fc3a9fcb700                                Options.info_log: 0x7fc3500fecd0
2019/10/17-14:55:14.967988 7fc3a9fcb700                Options.max_file_opening_threads: 16
2019/10/17-14:55:14.967989 7fc3a9fcb700                              Options.statistics: (nil)
2019/10/17-14:55:14.967990 7fc3a9fcb700                               Options.use_fsync: 0
2019/10/17-14:55:14.967991 7fc3a9fcb700                       Options.max_log_file_size: 0
2019/10/17-14:55:14.967993 7fc3a9fcb700                  Options.max_manifest_file_size: 1073741824
2019/10/17-14:55:14.967994 7fc3a9fcb700                   Options.log_file_time_to_roll: 0
2019/10/17-14:55:14.967995 7fc3a9fcb700                       Options.keep_log_file_num: 1000
2019/10/17-14:55:14.967996 7fc3a9fcb700                    Options.recycle_log_file_num: 0
2019/10/17-14:55:14.967997 7fc3a9fcb700                         Options.allow_fallocate: 1
2019/10/17-14:55:14.967998 7fc3a9fcb700                        Options.allow_mmap_reads: 0
2019/10/17-14:55:14.967999 7fc3a9fcb700                       Options.allow_mmap_writes: 0
2019/10/17-14:55:14.968000 7fc3a9fcb700                        Options.use_direct_reads: 0
2019/10/17-14:55:14.968001 7fc3a9fcb700                        Options.use_direct_io_for_flush_and_compaction: 0
2019/10/17-14:55:14.968002 7fc3a9fcb700          Options.create_missing_column_families: 0
2019/10/17-14:55:14.968003 7fc3a9fcb700                              Options.db_log_dir: 
2019/10/17-14:55:14.968004 7fc3a9fcb700                                 Options.wal_dir: /home/rahul/dev/blockchain-core/eqc/ledger.db
2019/10/17-14:55:14.968005 7fc3a9fcb700                Options.table_cache_numshardbits: 6
2019/10/17-14:55:14.968006 7fc3a9fcb700                      Options.max_subcompactions: 1
2019/10/17-14:55:14.968007 7fc3a9fcb700                  Options.max_background_flushes: -1
2019/10/17-14:55:14.968008 7fc3a9fcb700                         Options.WAL_ttl_seconds: 0
2019/10/17-14:55:14.968009 7fc3a9fcb700                       Options.WAL_size_limit_MB: 0
2019/10/17-14:55:14.968010 7fc3a9fcb700             Options.manifest_preallocation_size: 4194304
2019/10/17-14:55:14.968011 7fc3a9fcb700                     Options.is_fd_close_on_exec: 1
2019/10/17-14:55:14.968012 7fc3a9fcb700                   Options.advise_random_on_open: 1
2019/10/17-14:55:14.968013 7fc3a9fcb700                    Options.db_write_buffer_size: 0
2019/10/17-14:55:14.968014 7fc3a9fcb700                    Options.write_buffer_manager: 0x7fc350056c90
2019/10/17-14:55:14.968015 7fc3a9fcb700         Options.access_hint_on_compaction_start: 1
2019/10/17-14:55:14.968016 7fc3a9fcb700  Options.new_table_reader_for_compaction_inputs: 0
2019/10/17-14:55:14.968017 7fc3a9fcb700           Options.random_access_max_buffer_size: 1048576
2019/10/17-14:55:14.968018 7fc3a9fcb700                      Options.use_adaptive_mutex: 0
2019/10/17-14:55:14.968019 7fc3a9fcb700                            Options.rate_limiter: (nil)
2019/10/17-14:55:14.968041 7fc3a9fcb700     Options.sst_file_manager.rate_bytes_per_sec: 0
2019/10/17-14:55:14.968043 7fc3a9fcb700                       Options.wal_recovery_mode: 2
2019/10/17-14:55:14.968044 7fc3a9fcb700                  Options.enable_thread_tracking: 0
2019/10/17-14:55:14.968045 7fc3a9fcb700                  Options.enable_pipelined_write: 0
2019/10/17-14:55:14.968046 7fc3a9fcb700         Options.allow_concurrent_memtable_write: 1
2019/10/17-14:55:14.968047 7fc3a9fcb700      Options.enable_write_thread_adaptive_yield: 1
2019/10/17-14:55:14.968048 7fc3a9fcb700             Options.write_thread_max_yield_usec: 100
2019/10/17-14:55:14.968049 7fc3a9fcb700            Options.write_thread_slow_yield_usec: 3
2019/10/17-14:55:14.968050 7fc3a9fcb700                               Options.row_cache: None
2019/10/17-14:55:14.968051 7fc3a9fcb700                              Options.wal_filter: None
2019/10/17-14:55:14.968052 7fc3a9fcb700             Options.avoid_flush_during_recovery: 0
2019/10/17-14:55:14.968053 7fc3a9fcb700             Options.allow_ingest_behind: 0
2019/10/17-14:55:14.968054 7fc3a9fcb700             Options.preserve_deletes: 0
2019/10/17-14:55:14.968055 7fc3a9fcb700             Options.two_write_queues: 0
2019/10/17-14:55:14.968056 7fc3a9fcb700             Options.manual_wal_flush: 0
2019/10/17-14:55:14.968057 7fc3a9fcb700             Options.max_background_jobs: 2
2019/10/17-14:55:14.968058 7fc3a9fcb700             Options.max_background_compactions: -1
2019/10/17-14:55:14.968059 7fc3a9fcb700             Options.avoid_flush_during_shutdown: 0
2019/10/17-14:55:14.968060 7fc3a9fcb700           Options.writable_file_max_buffer_size: 1048576
2019/10/17-14:55:14.968061 7fc3a9fcb700             Options.delayed_write_rate : 16777216
2019/10/17-14:55:14.968062 7fc3a9fcb700             Options.max_total_wal_size: 0
2019/10/17-14:55:14.968063 7fc3a9fcb700             Options.delete_obsolete_files_period_micros: 21600000000
2019/10/17-14:55:14.968064 7fc3a9fcb700                   Options.stats_dump_period_sec: 600
2019/10/17-14:55:14.968065 7fc3a9fcb700                          Options.max_open_files: -1
2019/10/17-14:55:14.968066 7fc3a9fcb700                          Options.bytes_per_sync: 0
2019/10/17-14:55:14.968067 7fc3a9fcb700                      Options.wal_bytes_per_sync: 0
2019/10/17-14:55:14.968068 7fc3a9fcb700       Options.compaction_readahead_size: 0
2019/10/17-14:55:14.968069 7fc3a9fcb700 Compression algorithms supported:
2019/10/17-14:55:14.968071 7fc3a9fcb700 	kZSTDNotFinalCompression supported: 0
2019/10/17-14:55:14.968072 7fc3a9fcb700 	kZSTD supported: 0
2019/10/17-14:55:14.968073 7fc3a9fcb700 	kXpressCompression supported: 0
2019/10/17-14:55:14.968074 7fc3a9fcb700 	kLZ4HCCompression supported: 0
2019/10/17-14:55:14.968075 7fc3a9fcb700 	kLZ4Compression supported: 0
2019/10/17-14:55:14.968076 7fc3a9fcb700 	kBZip2Compression supported: 0
2019/10/17-14:55:14.968078 7fc3a9fcb700 	kZlibCompression supported: 0
2019/10/17-14:55:14.968079 7fc3a9fcb700 	kSnappyCompression supported: 0
2019/10/17-14:55:14.968081 7fc3a9fcb700 Fast CRC32 supported: Supported on x86
2019/10/17-14:55:14.968234 7fc3a9fcb700 [db/version_set.cc:3507] Recovering from manifest file: MANIFEST-116584
2019/10/17-14:55:14.968281 7fc3a9fcb700 [db/column_family.cc:472] --------------- Options for column family [default]:
2019/10/17-14:55:14.968283 7fc3a9fcb700               Options.comparator: leveldb.BytewiseComparator
2019/10/17-14:55:14.968284 7fc3a9fcb700           Options.merge_operator: None
2019/10/17-14:55:14.968285 7fc3a9fcb700        Options.compaction_filter: None
2019/10/17-14:55:14.968286 7fc3a9fcb700        Options.compaction_filter_factory: None
2019/10/17-14:55:14.968287 7fc3a9fcb700         Options.memtable_factory: SkipListFactory
2019/10/17-14:55:14.968289 7fc3a9fcb700            Options.table_factory: BlockBasedTable
2019/10/17-14:55:14.968309 7fc3a9fcb700            table_factory options:   flush_block_policy_factory: FlushBlockBySizePolicyFactory (0x7fc3500d6b50)
  cache_index_and_filter_blocks: 0
  cache_index_and_filter_blocks_with_high_priority: 0
  pin_l0_filter_and_index_blocks_in_cache: 0
  pin_top_level_index_and_filter: 1
  index_type: 0
  hash_index_allow_collision: 1
  checksum: 1
  no_block_cache: 0
  block_cache: 0x7fc3500b1200
  block_cache_name: LRUCache
  block_cache_options:
    capacity : 8388608
    num_shard_bits : 4
    strict_capacity_limit : 0
    memory_allocator : None
    high_pri_pool_ratio: 0.000
  block_cache_compressed: (nil)
  persistent_cache: (nil)
  block_size: 4096
  block_size_deviation: 10
  block_restart_interval: 16
  index_block_restart_interval: 1
  metadata_block_size: 4096
  partition_filters: 0
  use_delta_encoding: 1
  filter_policy: nullptr
  whole_key_filtering: 1
  verify_compression: 0
  read_amp_bytes_per_bit: 0
  format_version: 2
  enable_index_compression: 1
  block_align: 0
2019/10/17-14:55:14.968320 7fc3a9fcb700        Options.write_buffer_size: 67108864
2019/10/17-14:55:14.968322 7fc3a9fcb700  Options.max_write_buffer_number: 2
2019/10/17-14:55:14.968323 7fc3a9fcb700          Options.compression: NoCompression
2019/10/17-14:55:14.968324 7fc3a9fcb700                  Options.bottommost_compression: Disabled
2019/10/17-14:55:14.968325 7fc3a9fcb700       Options.prefix_extractor: nullptr
2019/10/17-14:55:14.968326 7fc3a9fcb700   Options.memtable_insert_with_hint_prefix_extractor: nullptr
2019/10/17-14:55:14.968327 7fc3a9fcb700             Options.num_levels: 7
2019/10/17-14:55:14.968328 7fc3a9fcb700        Options.min_write_buffer_number_to_merge: 1
2019/10/17-14:55:14.968329 7fc3a9fcb700     Options.max_write_buffer_number_to_maintain: 0
2019/10/17-14:55:14.968330 7fc3a9fcb700            Options.bottommost_compression_opts.window_bits: -14
2019/10/17-14:55:14.968331 7fc3a9fcb700                  Options.bottommost_compression_opts.level: 32767
2019/10/17-14:55:14.968332 7fc3a9fcb700               Options.bottommost_compression_opts.strategy: 0
2019/10/17-14:55:14.968333 7fc3a9fcb700         Options.bottommost_compression_opts.max_dict_bytes: 0
2019/10/17-14:55:14.968334 7fc3a9fcb700         Options.bottommost_compression_opts.zstd_max_train_bytes: 0
2019/10/17-14:55:14.968335 7fc3a9fcb700                  Options.bottommost_compression_opts.enabled: false
2019/10/17-14:55:14.968336 7fc3a9fcb700            Options.compression_opts.window_bits: -14
2019/10/17-14:55:14.968337 7fc3a9fcb700                  Options.compression_opts.level: 32767
2019/10/17-14:55:14.968338 7fc3a9fcb700               Options.compression_opts.strategy: 0
2019/10/17-14:55:14.968339 7fc3a9fcb700         Options.compression_opts.max_dict_bytes: 0
2019/10/17-14:55:14.968340 7fc3a9fcb700         Options.compression_opts.zstd_max_train_bytes: 0
2019/10/17-14:55:14.968341 7fc3a9fcb700                  Options.compression_opts.enabled: false
2019/10/17-14:55:14.968342 7fc3a9fcb700      Options.level0_file_num_compaction_trigger: 4
2019/10/17-14:55:14.968343 7fc3a9fcb700          Options.level0_slowdown_writes_trigger: 20
2019/10/17-14:55:14.968344 7fc3a9fcb700              Options.level0_stop_writes_trigger: 36
2019/10/17-14:55:14.968345 7fc3a9fcb700                   Options.target_file_size_base: 67108864
2019/10/17-14:55:14.968346 7fc3a9fcb700             Options.target_file_size_multiplier: 1
2019/10/17-14:55:14.968347 7fc3a9fcb700                Options.max_bytes_for_level_base: 268435456
2019/10/17-14:55:14.968348 7fc3a9fcb700 Options.level_compaction_dynamic_level_bytes: 0
2019/10/17-14:55:14.968349 7fc3a9fcb700          Options.max_bytes_for_level_multiplier: 10.000000
2019/10/17-14:55:14.968352 7fc3a9fcb700 Options.max_bytes_for_level_multiplier_addtl[0]: 1
2019/10/17-14:55:14.968353 7fc3a9fcb700 Options.max_bytes_for_level_multiplier_addtl[1]: 1
2019/10/17-14:55:14.968354 7fc3a9fcb700 Options.max_bytes_for_level_multiplier_addtl[2]: 1
2019/10/17-14:55:14.968355 7fc3a9fcb700 Options.max_bytes_for_level_multiplier_addtl[3]: 1
2019/10/17-14:55:14.968356 7fc3a9fcb700 Options.max_bytes_for_level_multiplier_addtl[4]: 1
2019/10/17-14:55:14.968362 7fc3a9fcb700 Options.max_bytes_for_level_multiplier_addtl[5]: 1
2019/10/17-14:55:14.968363 7fc3a9fcb700 Options.max_bytes_for_level_multiplier_addtl[6]: 1
2019/10/17-14:55:14.968364 7fc3a9fcb700       Options.max_sequential_skip_in_iterations: 8
2019/10/17-14:55:14.968365 7fc3a9fcb700                    Options.max_compaction_bytes: 1677721600
2019/10/17-14:55:14.968366 7fc3a9fcb700                        Options.arena_block_size: 8388608
2019/10/17-14:55:14.968367 7fc3a9fcb700   Options.soft_pending_compaction_bytes_limit: 68719476736
2019/10/17-14:55:14.968368 7fc3a9fcb700   Options.hard_pending_compaction_bytes_limit: 274877906944
2019/10/17-14:55:14.968369 7fc3a9fcb700       Options.rate_limit_delay_max_milliseconds: 100
2019/10/17-14:55:14.968370 7fc3a9fcb700                Options.disable_auto_compactions: 0
2019/10/17-14:55:14.968372 7fc3a9fcb700                        Options.compaction_style: kCompactionStyleLevel
2019/10/17-14:55:14.968373 7fc3a9fcb700                          Options.compaction_pri: kByCompensatedSize
2019/10/17-14:55:14.968375 7fc3a9fcb700 Options.compaction_options_universal.size_ratio: 1
2019/10/17-14:55:14.968376 7fc3a9fcb700 Options.compaction_options_universal.min_merge_width: 2
2019/10/17-14:55:14.968377 7fc3a9fcb700 Options.compaction_options_universal.max_merge_width: 4294967295
2019/10/17-14:55:14.968378 7fc3a9fcb700 Options.compaction_options_universal.max_size_amplification_percent: 200
2019/10/17-14:55:14.968379 7fc3a9fcb700 Options.compaction_options_universal.compression_size_percent: -1
2019/10/17-14:55:14.968380 7fc3a9fcb700 Options.compaction_options_universal.stop_style: kCompactionStopStyleTotalSize
2019/10/17-14:55:14.968381 7fc3a9fcb700 Options.compaction_options_fifo.max_table_files_size: 1073741824
2019/10/17-14:55:14.968382 7fc3a9fcb700 Options.compaction_options_fifo.allow_compaction: 0
2019/10/17-14:55:14.968383 7fc3a9fcb700 Options.compaction_options_fifo.ttl: 0
2019/10/17-14:55:14.968384 7fc3a9fcb700                   Options.table_properties_collectors: 
2019/10/17-14:55:14.968385 7fc3a9fcb700                   Options.inplace_update_support: 0
2019/10/17-14:55:14.968386 7fc3a9fcb700                 Options.inplace_update_num_locks: 10000
2019/10/17-14:55:14.968387 7fc3a9fcb700               Options.memtable_prefix_bloom_size_ratio: 0.000000
2019/10/17-14:55:14.968389 7fc3a9fcb700   Options.memtable_huge_page_size: 0
2019/10/17-14:55:14.968390 7fc3a9fcb700                           Options.bloom_locality: 0
2019/10/17-14:55:14.968391 7fc3a9fcb700                    Options.max_successive_merges: 0
2019/10/17-14:55:14.968392 7fc3a9fcb700                Options.optimize_filters_for_hits: 0
2019/10/17-14:55:14.968393 7fc3a9fcb700                Options.paranoid_file_checks: 0
2019/10/17-14:55:14.968394 7fc3a9fcb700                Options.force_consistency_checks: 0
2019/10/17-14:55:14.968395 7fc3a9fcb700                Options.report_bg_io_stats: 0
2019/10/17-14:55:14.968396 7fc3a9fcb700                               Options.ttl: 0
2019/10/17-14:55:14.968451 7fc3a9fcb700 [db/column_family.cc:472] --------------- Options for column family [active_gateways]:
2019/10/17-14:55:14.968453 7fc3a9fcb700               Options.comparator: leveldb.BytewiseComparator
2019/10/17-14:55:14.968454 7fc3a9fcb700           Options.merge_operator: None
2019/10/17-14:55:14.968455 7fc3a9fcb700        Options.compaction_filter: None
2019/10/17-14:55:14.968456 7fc3a9fcb700        Options.compaction_filter_factory: None
2019/10/17-14:55:14.968457 7fc3a9fcb700         Options.memtable_factory: SkipListFactory
2019/10/17-14:55:14.968458 7fc3a9fcb700            Options.table_factory: BlockBasedTable
2019/10/17-14:55:14.968472 7fc3a9fcb700            table_factory options:   flush_block_policy_factory: FlushBlockBySizePolicyFactory (0x7fc35009be20)
  cache_index_and_filter_blocks: 0
  cache_index_and_filter_blocks_with_high_priority: 0
  pin_l0_filter_and_index_blocks_in_cache: 0
  pin_top_level_index_and_filter: 1
  index_type: 0
  hash_index_allow_collision: 1
  checksum: 1
  no_block_cache: 0
  block_cache: 0x7fc35003bdf0
  block_cache_name: LRUCache
  block_cache_options:
    capacity : 8388608
    num_shard_bits : 4
    strict_capacity_limit : 0
    memory_allocator : None
    high_pri_pool_ratio: 0.000
  block_cache_compressed: (nil)
  persistent_cache: (nil)
  block_size: 4096
  block_size_deviation: 10
  block_restart_interval: 16
  index_block_restart_interval: 1
  metadata_block_size: 4096
  partition_filters: 0
  use_delta_encoding: 1
  filter_policy: nullptr
  whole_key_filtering: 1
  verify_compression: 0
  read_amp_bytes_per_bit: 0
  format_version: 2
  enable_index_compression: 1
  block_align: 0
2019/10/17-14:55:14.968481 7fc3a9fcb700        Options.write_buffer_size: 67108864
2019/10/17-14:55:14.968482 7fc3a9fcb700  Options.max_write_buffer_number: 2
2019/10/17-14:55:14.968483 7fc3a9fcb700          Options.compression: NoCompression
2019/10/17-14:55:14.968484 7fc3a9fcb700                  Options.bottommost_compression: Disabled
2019/10/17-14:55:14.968485 7fc3a9fcb700       Options.prefix_extractor: nullptr
2019/10/17-14:55:14.968486 7fc3a9fcb700   Options.memtable_insert_with_hint_prefix_extractor: nullptr
2019/10/17-14:55:14.968487 7fc3a9fcb700             Options.num_levels: 7
2019/10/17-14:55:14.968488 7fc3a9fcb700        Options.min_write_buffer_number_to_merge: 1
2019/10/17-14:55:14.968489 7fc3a9fcb700     Options.max_write_buffer_number_to_maintain: 0
2019/10/17-14:55:14.968490 7fc3a9fcb700            Options.bottommost_compression_opts.window_bits: -14
2019/10/17-14:55:14.968491 7fc3a9fcb700                  Options.bottommost_compression_opts.level: 32767
2019/10/17-14:55:14.968492 7fc3a9fcb700               Options.bottommost_compression_opts.strategy: 0
2019/10/17-14:55:14.968493 7fc3a9fcb700         Options.bottommost_compression_opts.max_dict_bytes: 0
2019/10/17-14:55:14.968494 7fc3a9fcb700         Options.bottommost_compression_opts.zstd_max_train_bytes: 0
2019/10/17-14:55:14.968495 7fc3a9fcb700                  Options.bottommost_compression_opts.enabled: false
2019/10/17-14:55:14.968496 7fc3a9fcb700            Options.compression_opts.window_bits: -14
2019/10/17-14:55:14.968497 7fc3a9fcb700                  Options.compression_opts.level: 32767
2019/10/17-14:55:14.968498 7fc3a9fcb700               Options.compression_opts.strategy: 0
2019/10/17-14:55:14.968499 7fc3a9fcb700         Options.compression_opts.max_dict_bytes: 0
2019/10/17-14:55:14.968500 7fc3a9fcb700         Options.compression_opts.zstd_max_train_bytes: 0
2019/10/17-14:55:14.968501 7fc3a9fcb700                  Options.compression_opts.enabled: false
2019/10/17-14:55:14.968502 7fc3a9fcb700      Options.level0_file_num_compaction_trigger: 4
2019/10/17-14:55:14.968503 7fc3a9fcb700          Options.level0_slowdown_writes_trigger: 20
2019/10/17-14:55:14.968504 7fc3a9fcb700              Options.level0_stop_writes_trigger: 36
2019/10/17-14:55:14.968505 7fc3a9fcb700                   Options.target_file_size_base: 67108864
2019/10/17-14:55:14.968506 7fc3a9fcb700             Options.target_file_size_multiplier: 1
2019/10/17-14:55:14.968507 7fc3a9fcb700                Options.max_bytes_for_level_base: 268435456
2019/10/17-14:55:14.968508 7fc3a9fcb700 Options.level_compaction_dynamic_level_bytes: 0
2019/10/17-14:55:14.968509 7fc3a9fcb700          Options.max_bytes_for_level_multiplier: 10.000000
2019/10/17-14:55:14.968511 7fc3a9fcb700 Options.max_bytes_for_level_multiplier_addtl[0]: 1
2019/10/17-14:55:14.968512 7fc3a9fcb700 Options.max_bytes_for_level_multiplier_addtl[1]: 1
2019/10/17-14:55:14.968513 7fc3a9fcb700 Options.max_bytes_for_level_multiplier_addtl[2]: 1
2019/10/17-14:55:14.968514 7fc3a9fcb700 Options.max_bytes_for_level_multiplier_addtl[3]: 1
2019/10/17-14:55:14.968515 7fc3a9fcb700 Options.max_bytes_for_level_multiplier_addtl[4]: 1
2019/10/17-14:55:14.968516 7fc3a9fcb700 Options.max_bytes_for_level_multiplier_addtl[5]: 1
2019/10/17-14:55:14.968516 7fc3a9fcb700 Options.max_bytes_for_level_multiplier_addtl[6]: 1
2019/10/17-14:55:14.968517 7fc3a9fcb700       Options.max_sequential_skip_in_iterations: 8
2019/10/17-14:55:14.968523 7fc3a9fcb700                    Options.max_compaction_bytes: 1677721600
2019/10/17-14:55:14.968524 7fc3a9fcb700                        Options.arena_block_size: 8388608
2019/10/17-14:55:14.968525 7fc3a9fcb700   Options.soft_pending_compaction_bytes_limit: 68719476736
2019/10/17-14:55:14.968526 7fc3a9fcb700   Options.hard_pending_compaction_bytes_limit: 274877906944
2019/10/17-14:55:14.968527 7fc3a9fcb700       Options.rate_limit_delay_max_milliseconds: 100
2019/10/17-14:55:14.968528 7fc3a9fcb700                Options.disable_auto_compactions: 0
2019/10/17-14:55:14.968530 7fc3a9fcb700                        Options.compaction_style: kCompactionStyleLevel
2019/10/17-14:55:14.968531 7fc3a9fcb700                          Options.compaction_pri: kByCompensatedSize
2019/10/17-14:55:14.968532 7fc3a9fcb700 Options.compaction_options_universal.size_ratio: 1
2019/10/17-14:55:14.968533 7fc3a9fcb700 Options.compaction_options_universal.min_merge_width: 2
2019/10/17-14:55:14.968534 7fc3a9fcb700 Options.compaction_options_universal.max_merge_width: 4294967295
2019/10/17-14:55:14.968535 7fc3a9fcb700 Options.compaction_options_universal.max_size_amplification_percent: 200
2019/10/17-14:55:14.968536 7fc3a9fcb700 Options.compaction_options_universal.compression_size_percent: -1
2019/10/17-14:55:14.968537 7fc3a9fcb700 Options.compaction_options_universal.stop_style: kCompactionStopStyleTotalSize
2019/10/17-14:55:14.968538 7fc3a9fcb700 Options.compaction_options_fifo.max_table_files_size: 1073741824
2019/10/17-14:55:14.968539 7fc3a9fcb700 Options.compaction_options_fifo.allow_compaction: 0
2019/10/17-14:55:14.968540 7fc3a9fcb700 Options.compaction_options_fifo.ttl: 0
2019/10/17-14:55:14.968541 7fc3a9fcb700                   Options.table_properties_collectors: 
2019/10/17-14:55:14.968542 7fc3a9fcb700                   Options.inplace_update_support: 0
2019/10/17-14:55:14.968543 7fc3a9fcb700                 Options.inplace_update_num_locks: 10000
2019/10/17-14:55:14.968544 7fc3a9fcb700               Options.memtable_prefix_bloom_size_ratio: 0.000000
2019/10/17-14:55:14.968545 7fc3a9fcb700   Options.memtable_huge_page_size: 0
2019/10/17-14:55:14.968546 7fc3a9fcb700                           Options.bloom_locality: 0
2019/10/17-14:55:14.968547 7fc3a9fcb700                    Options.max_successive_merges: 0
2019/10/17-14:55:14.968548 7fc3a9fcb700                Options.optimize_filters_for_hits: 0
2019/10/17-14:55:14.968549 7fc3a9fcb700                Options.paranoid_file_checks: 0
2019/10/17-14:55:14.968550 7fc3a9fcb700                Options.force_consistency_checks: 0
2019/10/17-14:55:14.968551 7fc3a9fcb700                Options.report_bg_io_stats: 0
2019/10/17-14:55:14.968552 7fc3a9fcb700                               Options.ttl: 0
2019/10/17-14:55:14.968574 7fc3a9fcb700 [db/column_family.cc:472] --------------- Options for column family [entries]:
2019/10/17-14:55:14.968576 7fc3a9fcb700               Options.comparator: leveldb.BytewiseComparator
2019/10/17-14:55:14.968577 7fc3a9fcb700           Options.merge_operator: None
2019/10/17-14:55:14.968578 7fc3a9fcb700        Options.compaction_filter: None
2019/10/17-14:55:14.968579 7fc3a9fcb700        Options.compaction_filter_factory: None
2019/10/17-14:55:14.968580 7fc3a9fcb700         Options.memtable_factory: SkipListFactory
2019/10/17-14:55:14.968581 7fc3a9fcb700            Options.table_factory: BlockBasedTable
2019/10/17-14:55:14.968594 7fc3a9fcb700            table_factory options:   flush_block_policy_factory: FlushBlockBySizePolicyFactory (0x7fc350098c10)
  cache_index_and_filter_blocks: 0
  cache_index_and_filter_blocks_with_high_priority: 0
  pin_l0_filter_and_index_blocks_in_cache: 0
  pin_top_level_index_and_filter: 1
  index_type: 0
  hash_index_allow_collision: 1
  checksum: 1
  no_block_cache: 0
  block_cache: 0x7fc35007d200
  block_cache_name: LRUCache
  block_cache_options:
    capacity : 8388608
    num_shard_bits : 4
    strict_capacity_limit : 0
    memory_allocator : None
    high_pri_pool_ratio: 0.000
  block_cache_compressed: (nil)
  persistent_cache: (nil)
  block_size: 4096
  block_size_deviation: 10
  block_restart_interval: 16
  index_block_restart_interval: 1
  metadata_block_size: 4096
  partition_filters: 0
  use_delta_encoding: 1
  filter_policy: nullptr
  whole_key_filtering: 1
  verify_compression: 0
  read_amp_bytes_per_bit: 0
  format_version: 2
  enable_index_compression: 1
  block_align: 0
2019/10/17-14:55:14.968602 7fc3a9fcb700        Options.write_buffer_size: 67108864
2019/10/17-14:55:14.968603 7fc3a9fcb700  Options.max_write_buffer_number: 2
2019/10/17-14:55:14.968604 7fc3a9fcb700          Options.compression: NoCompression
2019/10/17-14:55:14.968605 7fc3a9fcb700                  Options.bottommost_compression: Disabled
2019/10/17-14:55:14.968606 7fc3a9fcb700       Options.prefix_extractor: nullptr
2019/10/17-14:55:14.968607 7fc3a9fcb700   Options.memtable_insert_with_hint_prefix_extractor: nullptr
2019/10/17-14:55:14.968608 7fc3a9fcb700             Options.num_levels: 7
2019/10/17-14:55:14.968609 7fc3a9fcb700        Options.min_write_buffer_number_to_merge: 1
2019/10/17-14:55:14.968610 7fc3a9fcb700     Options.max_write_buffer_number_to_maintain: 0
2019/10/17-14:55:14.968611 7fc3a9fcb700            Options.bottommost_compression_opts.window_bits: -14
2019/10/17-14:55:14.968612 7fc3a9fcb700                  Options.bottommost_compression_opts.level: 32767
2019/10/17-14:55:14.968613 7fc3a9fcb700               Options.bottommost_compression_opts.strategy: 0
2019/10/17-14:55:14.968614 7fc3a9fcb700         Options.bottommost_compression_opts.max_dict_bytes: 0
2019/10/17-14:55:14.968615 7fc3a9fcb700         Options.bottommost_compression_opts.zstd_max_train_bytes: 0
2019/10/17-14:55:14.968616 7fc3a9fcb700                  Options.bottommost_compression_opts.enabled: false
2019/10/17-14:55:14.968617 7fc3a9fcb700            Options.compression_opts.window_bits: -14
2019/10/17-14:55:14.968618 7fc3a9fcb700                  Options.compression_opts.level: 32767
2019/10/17-14:55:14.968619 7fc3a9fcb700               Options.compression_opts.strategy: 0
2019/10/17-14:55:14.968619 7fc3a9fcb700         Options.compression_opts.max_dict_bytes: 0
2019/10/17-14:55:14.968620 7fc3a9fcb700         Options.compression_opts.zstd_max_train_bytes: 0
2019/10/17-14:55:14.968621 7fc3a9fcb700                  Options.compression_opts.enabled: false
2019/10/17-14:55:14.968622 7fc3a9fcb700      Options.level0_file_num_compaction_trigger: 4
2019/10/17-14:55:14.968623 7fc3a9fcb700          Options.level0_slowdown_writes_trigger: 20
2019/10/17-14:55:14.968624 7fc3a9fcb700              Options.level0_stop_writes_trigger: 36
2019/10/17-14:55:14.968625 7fc3a9fcb700                   Options.target_file_size_base: 67108864
2019/10/17-14:55:14.968626 7fc3a9fcb700             Options.target_file_size_multiplier: 1
2019/10/17-14:55:14.968627 7fc3a9fcb700                Options.max_bytes_for_level_base: 268435456
2019/10/17-14:55:14.968628 7fc3a9fcb700 Options.level_compaction_dynamic_level_bytes: 0
2019/10/17-14:55:14.968629 7fc3a9fcb700          Options.max_bytes_for_level_multiplier: 10.000000
2019/10/17-14:55:14.968631 7fc3a9fcb700 Options.max_bytes_for_level_multiplier_addtl[0]: 1
2019/10/17-14:55:14.968632 7fc3a9fcb700 Options.max_bytes_for_level_multiplier_addtl[1]: 1
2019/10/17-14:55:14.968633 7fc3a9fcb700 Options.max_bytes_for_level_multiplier_addtl[2]: 1
2019/10/17-14:55:14.968634 7fc3a9fcb700 Options.max_bytes_for_level_multiplier_addtl[3]: 1
2019/10/17-14:55:14.968635 7fc3a9fcb700 Options.max_bytes_for_level_multiplier_addtl[4]: 1
2019/10/17-14:55:14.968636 7fc3a9fcb700 Options.max_bytes_for_level_multiplier_addtl[5]: 1
2019/10/17-14:55:14.968637 7fc3a9fcb700 Options.max_bytes_for_level_multiplier_addtl[6]: 1
2019/10/17-14:55:14.968638 7fc3a9fcb700       Options.max_sequential_skip_in_iterations: 8
2019/10/17-14:55:14.968639 7fc3a9fcb700                    Options.max_compaction_bytes: 1677721600
2019/10/17-14:55:14.968640 7fc3a9fcb700                        Options.arena_block_size: 8388608
2019/10/17-14:55:14.968641 7fc3a9fcb700   Options.soft_pending_compaction_bytes_limit: 68719476736
2019/10/17-14:55:14.968647 7fc3a9fcb700   Options.hard_pending_compaction_bytes_limit: 274877906944
2019/10/17-14:55:14.968648 7fc3a9fcb700       Options.rate_limit_delay_max_milliseconds: 100
2019/10/17-14:55:14.968649 7fc3a9fcb700                Options.disable_auto_compactions: 0
2019/10/17-14:55:14.968650 7fc3a9fcb700                        Options.compaction_style: kCompactionStyleLevel
2019/10/17-14:55:14.968651 7fc3a9fcb700                          Options.compaction_pri: kByCompensatedSize
2019/10/17-14:55:14.968652 7fc3a9fcb700 Options.compaction_options_universal.size_ratio: 1
2019/10/17-14:55:14.968653 7fc3a9fcb700 Options.compaction_options_universal.min_merge_width: 2
2019/10/17-14:55:14.968654 7fc3a9fcb700 Options.compaction_options_universal.max_merge_width: 4294967295
2019/10/17-14:55:14.968655 7fc3a9fcb700 Options.compaction_options_universal.max_size_amplification_percent: 200
2019/10/17-14:55:14.968656 7fc3a9fcb700 Options.compaction_options_universal.compression_size_percent: -1
2019/10/17-14:55:14.968657 7fc3a9fcb700 Options.compaction_options_universal.stop_style: kCompactionStopStyleTotalSize
2019/10/17-14:55:14.968658 7fc3a9fcb700 Options.compaction_options_fifo.max_table_files_size: 1073741824
2019/10/17-14:55:14.968659 7fc3a9fcb700 Options.compaction_options_fifo.allow_compaction: 0
2019/10/17-14:55:14.968660 7fc3a9fcb700 Options.compaction_options_fifo.ttl: 0
2019/10/17-14:55:14.968661 7fc3a9fcb700                   Options.table_properties_collectors: 
2019/10/17-14:55:14.968662 7fc3a9fcb700                   Options.inplace_update_support: 0
2019/10/17-14:55:14.968663 7fc3a9fcb700                 Options.inplace_update_num_locks: 10000
2019/10/17-14:55:14.968664 7fc3a9fcb700               Options.memtable_prefix_bloom_size_ratio: 0.000000
2019/10/17-14:55:14.968666 7fc3a9fcb700   Options.memtable_huge_page_size: 0
2019/10/17-14:55:14.968667 7fc3a9fcb700                           Options.bloom_locality: 0
2019/10/17-14:55:14.968668 7fc3a9fcb700                    Options.max_successive_merges: 0
2019/10/17-14:55:14.968668 7fc3a9fcb700                Options.optimize_filters_for_hits: 0
2019/10/17-14:55:14.968669 7fc3a9fcb700                Options.paranoid_file_checks: 0
2019/10/17-14:55:14.968670 7fc3a9fcb700                Options.force_consistency_checks: 0
2019/10/17-14:55:14.968671 7fc3a9fcb700                Options.report_bg_io_stats: 0
2019/10/17-14:55:14.968672 7fc3a9fcb700                               Options.ttl: 0
2019/10/17-14:55:14.968692 7fc3a9fcb700 [db/column_family.cc:472] --------------- Options for column family [dc_entries]:
2019/10/17-14:55:14.968693 7fc3a9fcb700               Options.comparator: leveldb.BytewiseComparator
2019/10/17-14:55:14.968694 7fc3a9fcb700           Options.merge_operator: None
2019/10/17-14:55:14.968695 7fc3a9fcb700        Options.compaction_filter: None
2019/10/17-14:55:14.968696 7fc3a9fcb700        Options.compaction_filter_factory: None
2019/10/17-14:55:14.968697 7fc3a9fcb700         Options.memtable_factory: SkipListFactory
2019/10/17-14:55:14.968698 7fc3a9fcb700            Options.table_factory: BlockBasedTable
2019/10/17-14:55:14.968710 7fc3a9fcb700            table_factory options:   flush_block_policy_factory: FlushBlockBySizePolicyFactory (0x7fc35005a550)
  cache_index_and_filter_blocks: 0
  cache_index_and_filter_blocks_with_high_priority: 0
  pin_l0_filter_and_index_blocks_in_cache: 0
  pin_top_level_index_and_filter: 1
  index_type: 0
  hash_index_allow_collision: 1
  checksum: 1
  no_block_cache: 0
  block_cache: 0x7fc35003d6b0
  block_cache_name: LRUCache
  block_cache_options:
    capacity : 8388608
    num_shard_bits : 4
    strict_capacity_limit : 0
    memory_allocator : None
    high_pri_pool_ratio: 0.000
  block_cache_compressed: (nil)
  persistent_cache: (nil)
  block_size: 4096
  block_size_deviation: 10
  block_restart_interval: 16
  index_block_restart_interval: 1
  metadata_block_size: 4096
  partition_filters: 0
  use_delta_encoding: 1
  filter_policy: nullptr
  whole_key_filtering: 1
  verify_compression: 0
  read_amp_bytes_per_bit: 0
  format_version: 2
  enable_index_compression: 1
  block_align: 0
2019/10/17-14:55:14.968718 7fc3a9fcb700        Options.write_buffer_size: 67108864
2019/10/17-14:55:14.968719 7fc3a9fcb700  Options.max_write_buffer_number: 2
2019/10/17-14:55:14.968721 7fc3a9fcb700          Options.compression: NoCompression
2019/10/17-14:55:14.968722 7fc3a9fcb700                  Options.bottommost_compression: Disabled
2019/10/17-14:55:14.968722 7fc3a9fcb700       Options.prefix_extractor: nullptr
2019/10/17-14:55:14.968724 7fc3a9fcb700   Options.memtable_insert_with_hint_prefix_extractor: nullptr
2019/10/17-14:55:14.968724 7fc3a9fcb700             Options.num_levels: 7
2019/10/17-14:55:14.968725 7fc3a9fcb700        Options.min_write_buffer_number_to_merge: 1
2019/10/17-14:55:14.968726 7fc3a9fcb700     Options.max_write_buffer_number_to_maintain: 0
2019/10/17-14:55:14.968727 7fc3a9fcb700            Options.bottommost_compression_opts.window_bits: -14
2019/10/17-14:55:14.968728 7fc3a9fcb700                  Options.bottommost_compression_opts.level: 32767
2019/10/17-14:55:14.968729 7fc3a9fcb700               Options.bottommost_compression_opts.strategy: 0
2019/10/17-14:55:14.968730 7fc3a9fcb700         Options.bottommost_compression_opts.max_dict_bytes: 0
2019/10/17-14:55:14.968731 7fc3a9fcb700         Options.bottommost_compression_opts.zstd_max_train_bytes: 0
2019/10/17-14:55:14.968732 7fc3a9fcb700                  Options.bottommost_compression_opts.enabled: false
2019/10/17-14:55:14.968733 7fc3a9fcb700            Options.compression_opts.window_bits: -14
2019/10/17-14:55:14.968734 7fc3a9fcb700                  Options.compression_opts.level: 32767
2019/10/17-14:55:14.968735 7fc3a9fcb700               Options.compression_opts.strategy: 0
2019/10/17-14:55:14.968736 7fc3a9fcb700         Options.compression_opts.max_dict_bytes: 0
2019/10/17-14:55:14.968737 7fc3a9fcb700         Options.compression_opts.zstd_max_train_bytes: 0
2019/10/17-14:55:14.968738 7fc3a9fcb700                  Options.compression_opts.enabled: false
2019/10/17-14:55:14.968739 7fc3a9fcb700      Options.level0_file_num_compaction_trigger: 4
2019/10/17-14:55:14.968740 7fc3a9fcb700          Options.level0_slowdown_writes_trigger: 20
2019/10/17-14:55:14.968741 7fc3a9fcb700              Options.level0_stop_writes_trigger: 36
2019/10/17-14:55:14.968742 7fc3a9fcb700                   Options.target_file_size_base: 67108864
2019/10/17-14:55:14.968743 7fc3a9fcb700             Options.target_file_size_multiplier: 1
2019/10/17-14:55:14.968744 7fc3a9fcb700                Options.max_bytes_for_level_base: 268435456
2019/10/17-14:55:14.968745 7fc3a9fcb700 Options.level_compaction_dynamic_level_bytes: 0
2019/10/17-14:55:14.968746 7fc3a9fcb700          Options.max_bytes_for_level_multiplier: 10.000000
2019/10/17-14:55:14.968747 7fc3a9fcb700 Options.max_bytes_for_level_multiplier_addtl[0]: 1
2019/10/17-14:55:14.968749 7fc3a9fcb700 Options.max_bytes_for_level_multiplier_addtl[1]: 1
2019/10/17-14:55:14.968749 7fc3a9fcb700 Options.max_bytes_for_level_multiplier_addtl[2]: 1
2019/10/17-14:55:14.968750 7fc3a9fcb700 Options.max_bytes_for_level_multiplier_addtl[3]: 1
2019/10/17-14:55:14.968751 7fc3a9fcb700 Options.max_bytes_for_level_multiplier_addtl[4]: 1
2019/10/17-14:55:14.968752 7fc3a9fcb700 Options.max_bytes_for_level_multiplier_addtl[5]: 1
2019/10/17-14:55:14.968753 7fc3a9fcb700 Options.max_bytes_for_level_multiplier_addtl[6]: 1
2019/10/17-14:55:14.968754 7fc3a9fcb700       Options.max_sequential_skip_in_iterations: 8
2019/10/17-14:55:14.968755 7fc3a9fcb700                    Options.max_compaction_bytes: 1677721600
2019/10/17-14:55:14.968756 7fc3a9fcb700                        Options.arena_block_size: 8388608
2019/10/17-14:55:14.968757 7fc3a9fcb700   Options.soft_pending_compaction_bytes_limit: 68719476736
2019/10/17-14:55:14.968758 7fc3a9fcb700   Options.hard_pending_compaction_bytes_limit: 274877906944
2019/10/17-14:55:14.968759 7fc3a9fcb700       Options.rate_limit_delay_max_milliseconds: 100
2019/10/17-14:55:14.968760 7fc3a9fcb700                Options.disable_auto_compactions: 0
2019/10/17-14:55:14.968767 7fc3a9fcb700                        Options.compaction_style: kCompactionStyleLevel
2019/10/17-14:55:14.968768 7fc3a9fcb700                          Options.compaction_pri: kByCompensatedSize
2019/10/17-14:55:14.968769 7fc3a9fcb700 Options.compaction_options_universal.size_ratio: 1
2019/10/17-14:55:14.968770 7fc3a9fcb700 Options.compaction_options_universal.min_merge_width: 2
2019/10/17-14:55:14.968771 7fc3a9fcb700 Options.compaction_options_universal.max_merge_width: 4294967295
2019/10/17-14:55:14.968772 7fc3a9fcb700 Options.compaction_options_universal.max_size_amplification_percent: 200
2019/10/17-14:55:14.968773 7fc3a9fcb700 Options.compaction_options_universal.compression_size_percent: -1
2019/10/17-14:55:14.968774 7fc3a9fcb700 Options.compaction_options_universal.stop_style: kCompactionStopStyleTotalSize
2019/10/17-14:55:14.968775 7fc3a9fcb700 Options.compaction_options_fifo.max_table_files_size: 1073741824
2019/10/17-14:55:14.968776 7fc3a9fcb700 Options.compaction_options_fifo.allow_compaction: 0
2019/10/17-14:55:14.968777 7fc3a9fcb700 Options.compaction_options_fifo.ttl: 0
2019/10/17-14:55:14.968778 7fc3a9fcb700                   Options.table_properties_collectors: 
2019/10/17-14:55:14.968779 7fc3a9fcb700                   Options.inplace_update_support: 0
2019/10/17-14:55:14.968780 7fc3a9fcb700                 Options.inplace_update_num_locks: 10000
2019/10/17-14:55:14.968781 7fc3a9fcb700               Options.memtable_prefix_bloom_size_ratio: 0.000000
2019/10/17-14:55:14.968782 7fc3a9fcb700   Options.memtable_huge_page_size: 0
2019/10/17-14:55:14.968783 7fc3a9fcb700                           Options.bloom_locality: 0
2019/10/17-14:55:14.968784 7fc3a9fcb700                    Options.max_successive_merges: 0
2019/10/17-14:55:14.968785 7fc3a9fcb700                Options.optimize_filters_for_hits: 0
2019/10/17-14:55:14.968786 7fc3a9fcb700                Options.paranoid_file_checks: 0
2019/10/17-14:55:14.968787 7fc3a9fcb700                Options.force_consistency_checks: 0
2019/10/17-14:55:14.968788 7fc3a9fcb700                Options.report_bg_io_stats: 0
2019/10/17-14:55:14.968789 7fc3a9fcb700                               Options.ttl: 0
2019/10/17-14:55:14.968805 7fc3a9fcb700 [db/column_family.cc:472] --------------- Options for column family [htlcs]:
2019/10/17-14:55:14.968806 7fc3a9fcb700               Options.comparator: leveldb.BytewiseComparator
2019/10/17-14:55:14.968807 7fc3a9fcb700           Options.merge_operator: None
2019/10/17-14:55:14.968808 7fc3a9fcb700        Options.compaction_filter: None
2019/10/17-14:55:14.968809 7fc3a9fcb700        Options.compaction_filter_factory: None
2019/10/17-14:55:14.968810 7fc3a9fcb700         Options.memtable_factory: SkipListFactory
2019/10/17-14:55:14.968811 7fc3a9fcb700            Options.table_factory: BlockBasedTable
2019/10/17-14:55:14.968823 7fc3a9fcb700            table_factory options:   flush_block_policy_factory: FlushBlockBySizePolicyFactory (0x7fc3500fc7e0)
