2019/10/17-14:56:02.755361 7fbc2cd30700 RocksDB version: 5.18.3
2019/10/17-14:56:02.755390 7fbc2cd30700 Git sha rocksdb_build_git_sha:@0@
2019/10/17-14:56:02.755392 7fbc2cd30700 Compile date Sep 19 2019
2019/10/17-14:56:02.755393 7fbc2cd30700 DB SUMMARY
2019/10/17-14:56:02.756043 7fbc2cd30700 CURRENT file:  CURRENT
2019/10/17-14:56:02.756045 7fbc2cd30700 IDENTITY file:  IDENTITY
2019/10/17-14:56:02.756072 7fbc2cd30700 MANIFEST file:  MANIFEST-116704 size: 4114 Bytes
2019/10/17-14:56:02.756073 7fbc2cd30700 SST files in /home/rahul/dev/blockchain-core/eqc/ledger.db dir, Total Num: 29, files: 000624.sst 000627.sst 106940.sst 108447.sst 108450.sst 109471.sst 109483.sst 109485.sst 109486.sst 
2019/10/17-14:56:02.756074 7fbc2cd30700 Write Ahead Log file in /home/rahul/dev/blockchain-core/eqc/ledger.db: 116705.log size: 0 ; 
2019/10/17-14:56:02.756105 7fbc2cd30700                         Options.error_if_exists: 0
2019/10/17-14:56:02.756106 7fbc2cd30700                       Options.create_if_missing: 1
2019/10/17-14:56:02.756107 7fbc2cd30700                         Options.paranoid_checks: 1
2019/10/17-14:56:02.756108 7fbc2cd30700                                     Options.env: 0x7fbbafa7bc60
2019/10/17-14:56:02.756109 7fbc2cd30700                                Options.info_log: 0x7fbbb8098800
2019/10/17-14:56:02.756110 7fbc2cd30700                Options.max_file_opening_threads: 16
2019/10/17-14:56:02.756110 7fbc2cd30700                              Options.statistics: (nil)
2019/10/17-14:56:02.756111 7fbc2cd30700                               Options.use_fsync: 0
2019/10/17-14:56:02.756112 7fbc2cd30700                       Options.max_log_file_size: 0
2019/10/17-14:56:02.756113 7fbc2cd30700                  Options.max_manifest_file_size: 1073741824
2019/10/17-14:56:02.756113 7fbc2cd30700                   Options.log_file_time_to_roll: 0
2019/10/17-14:56:02.756114 7fbc2cd30700                       Options.keep_log_file_num: 1000
2019/10/17-14:56:02.756115 7fbc2cd30700                    Options.recycle_log_file_num: 0
2019/10/17-14:56:02.756116 7fbc2cd30700                         Options.allow_fallocate: 1
2019/10/17-14:56:02.756116 7fbc2cd30700                        Options.allow_mmap_reads: 0
2019/10/17-14:56:02.756117 7fbc2cd30700                       Options.allow_mmap_writes: 0
2019/10/17-14:56:02.756118 7fbc2cd30700                        Options.use_direct_reads: 0
2019/10/17-14:56:02.756118 7fbc2cd30700                        Options.use_direct_io_for_flush_and_compaction: 0
2019/10/17-14:56:02.756119 7fbc2cd30700          Options.create_missing_column_families: 0
2019/10/17-14:56:02.756120 7fbc2cd30700                              Options.db_log_dir: 
2019/10/17-14:56:02.756121 7fbc2cd30700                                 Options.wal_dir: /home/rahul/dev/blockchain-core/eqc/ledger.db
2019/10/17-14:56:02.756121 7fbc2cd30700                Options.table_cache_numshardbits: 6
2019/10/17-14:56:02.756122 7fbc2cd30700                      Options.max_subcompactions: 1
2019/10/17-14:56:02.756123 7fbc2cd30700                  Options.max_background_flushes: -1
2019/10/17-14:56:02.756123 7fbc2cd30700                         Options.WAL_ttl_seconds: 0
2019/10/17-14:56:02.756124 7fbc2cd30700                       Options.WAL_size_limit_MB: 0
2019/10/17-14:56:02.756125 7fbc2cd30700             Options.manifest_preallocation_size: 4194304
2019/10/17-14:56:02.756126 7fbc2cd30700                     Options.is_fd_close_on_exec: 1
2019/10/17-14:56:02.756126 7fbc2cd30700                   Options.advise_random_on_open: 1
2019/10/17-14:56:02.756127 7fbc2cd30700                    Options.db_write_buffer_size: 0
2019/10/17-14:56:02.756128 7fbc2cd30700                    Options.write_buffer_manager: 0x7fbbb80772b0
2019/10/17-14:56:02.756128 7fbc2cd30700         Options.access_hint_on_compaction_start: 1
2019/10/17-14:56:02.756129 7fbc2cd30700  Options.new_table_reader_for_compaction_inputs: 0
2019/10/17-14:56:02.756130 7fbc2cd30700           Options.random_access_max_buffer_size: 1048576
2019/10/17-14:56:02.756130 7fbc2cd30700                      Options.use_adaptive_mutex: 0
2019/10/17-14:56:02.756131 7fbc2cd30700                            Options.rate_limiter: (nil)
2019/10/17-14:56:02.756139 7fbc2cd30700     Options.sst_file_manager.rate_bytes_per_sec: 0
2019/10/17-14:56:02.756140 7fbc2cd30700                       Options.wal_recovery_mode: 2
2019/10/17-14:56:02.756141 7fbc2cd30700                  Options.enable_thread_tracking: 0
2019/10/17-14:56:02.756141 7fbc2cd30700                  Options.enable_pipelined_write: 0
2019/10/17-14:56:02.756142 7fbc2cd30700         Options.allow_concurrent_memtable_write: 1
2019/10/17-14:56:02.756143 7fbc2cd30700      Options.enable_write_thread_adaptive_yield: 1
2019/10/17-14:56:02.756143 7fbc2cd30700             Options.write_thread_max_yield_usec: 100
2019/10/17-14:56:02.756144 7fbc2cd30700            Options.write_thread_slow_yield_usec: 3
2019/10/17-14:56:02.756145 7fbc2cd30700                               Options.row_cache: None
2019/10/17-14:56:02.756146 7fbc2cd30700                              Options.wal_filter: None
2019/10/17-14:56:02.756146 7fbc2cd30700             Options.avoid_flush_during_recovery: 0
2019/10/17-14:56:02.756147 7fbc2cd30700             Options.allow_ingest_behind: 0
2019/10/17-14:56:02.756148 7fbc2cd30700             Options.preserve_deletes: 0
2019/10/17-14:56:02.756148 7fbc2cd30700             Options.two_write_queues: 0
2019/10/17-14:56:02.756149 7fbc2cd30700             Options.manual_wal_flush: 0
2019/10/17-14:56:02.756150 7fbc2cd30700             Options.max_background_jobs: 2
2019/10/17-14:56:02.756150 7fbc2cd30700             Options.max_background_compactions: -1
2019/10/17-14:56:02.756151 7fbc2cd30700             Options.avoid_flush_during_shutdown: 0
2019/10/17-14:56:02.756152 7fbc2cd30700           Options.writable_file_max_buffer_size: 1048576
2019/10/17-14:56:02.756153 7fbc2cd30700             Options.delayed_write_rate : 16777216
2019/10/17-14:56:02.756153 7fbc2cd30700             Options.max_total_wal_size: 0
2019/10/17-14:56:02.756154 7fbc2cd30700             Options.delete_obsolete_files_period_micros: 21600000000
2019/10/17-14:56:02.756155 7fbc2cd30700                   Options.stats_dump_period_sec: 600
2019/10/17-14:56:02.756156 7fbc2cd30700                          Options.max_open_files: -1
2019/10/17-14:56:02.756156 7fbc2cd30700                          Options.bytes_per_sync: 0
2019/10/17-14:56:02.756157 7fbc2cd30700                      Options.wal_bytes_per_sync: 0
2019/10/17-14:56:02.756158 7fbc2cd30700       Options.compaction_readahead_size: 0
2019/10/17-14:56:02.756158 7fbc2cd30700 Compression algorithms supported:
2019/10/17-14:56:02.756159 7fbc2cd30700 	kZSTDNotFinalCompression supported: 0
2019/10/17-14:56:02.756160 7fbc2cd30700 	kZSTD supported: 0
2019/10/17-14:56:02.756161 7fbc2cd30700 	kXpressCompression supported: 0
2019/10/17-14:56:02.756162 7fbc2cd30700 	kLZ4HCCompression supported: 0
2019/10/17-14:56:02.756163 7fbc2cd30700 	kLZ4Compression supported: 0
2019/10/17-14:56:02.756163 7fbc2cd30700 	kBZip2Compression supported: 0
2019/10/17-14:56:02.756164 7fbc2cd30700 	kZlibCompression supported: 0
2019/10/17-14:56:02.756165 7fbc2cd30700 	kSnappyCompression supported: 0
2019/10/17-14:56:02.756167 7fbc2cd30700 Fast CRC32 supported: Supported on x86
2019/10/17-14:56:02.756252 7fbc2cd30700 [db/version_set.cc:3507] Recovering from manifest file: MANIFEST-116704
2019/10/17-14:56:02.756282 7fbc2cd30700 [db/column_family.cc:472] --------------- Options for column family [default]:
2019/10/17-14:56:02.756283 7fbc2cd30700               Options.comparator: leveldb.BytewiseComparator
2019/10/17-14:56:02.756284 7fbc2cd30700           Options.merge_operator: None
2019/10/17-14:56:02.756285 7fbc2cd30700        Options.compaction_filter: None
2019/10/17-14:56:02.756286 7fbc2cd30700        Options.compaction_filter_factory: None
2019/10/17-14:56:02.756286 7fbc2cd30700         Options.memtable_factory: SkipListFactory
2019/10/17-14:56:02.756287 7fbc2cd30700            Options.table_factory: BlockBasedTable
2019/10/17-14:56:02.756301 7fbc2cd30700            table_factory options:   flush_block_policy_factory: FlushBlockBySizePolicyFactory (0x7fbbb8076250)
  cache_index_and_filter_blocks: 0
  cache_index_and_filter_blocks_with_high_priority: 0
  pin_l0_filter_and_index_blocks_in_cache: 0
  pin_top_level_index_and_filter: 1
  index_type: 0
  hash_index_allow_collision: 1
  checksum: 1
  no_block_cache: 0
  block_cache: 0x7fbbb80e5c60
  block_cache_name: LRUCache
  block_cache_options:
    capacity : 8388608
    num_shard_bits : 4
    strict_capacity_limit : 0
    memory_allocator : None
    high_pri_pool_ratio: 0.000
  block_cache_compressed: (nil)
  persistent_cache: (nil)
  block_size: 4096
  block_size_deviation: 10
  block_restart_interval: 16
  index_block_restart_interval: 1
  metadata_block_size: 4096
  partition_filters: 0
  use_delta_encoding: 1
  filter_policy: nullptr
  whole_key_filtering: 1
  verify_compression: 0
  read_amp_bytes_per_bit: 0
  format_version: 2
  enable_index_compression: 1
  block_align: 0
2019/10/17-14:56:02.756309 7fbc2cd30700        Options.write_buffer_size: 67108864
2019/10/17-14:56:02.756310 7fbc2cd30700  Options.max_write_buffer_number: 2
2019/10/17-14:56:02.756311 7fbc2cd30700          Options.compression: NoCompression
2019/10/17-14:56:02.756312 7fbc2cd30700                  Options.bottommost_compression: Disabled
2019/10/17-14:56:02.756313 7fbc2cd30700       Options.prefix_extractor: nullptr
2019/10/17-14:56:02.756314 7fbc2cd30700   Options.memtable_insert_with_hint_prefix_extractor: nullptr
2019/10/17-14:56:02.756314 7fbc2cd30700             Options.num_levels: 7
2019/10/17-14:56:02.756315 7fbc2cd30700        Options.min_write_buffer_number_to_merge: 1
2019/10/17-14:56:02.756316 7fbc2cd30700     Options.max_write_buffer_number_to_maintain: 0
2019/10/17-14:56:02.756316 7fbc2cd30700            Options.bottommost_compression_opts.window_bits: -14
2019/10/17-14:56:02.756317 7fbc2cd30700                  Options.bottommost_compression_opts.level: 32767
2019/10/17-14:56:02.756318 7fbc2cd30700               Options.bottommost_compression_opts.strategy: 0
2019/10/17-14:56:02.756319 7fbc2cd30700         Options.bottommost_compression_opts.max_dict_bytes: 0
2019/10/17-14:56:02.756319 7fbc2cd30700         Options.bottommost_compression_opts.zstd_max_train_bytes: 0
2019/10/17-14:56:02.756320 7fbc2cd30700                  Options.bottommost_compression_opts.enabled: false
2019/10/17-14:56:02.756321 7fbc2cd30700            Options.compression_opts.window_bits: -14
2019/10/17-14:56:02.756321 7fbc2cd30700                  Options.compression_opts.level: 32767
2019/10/17-14:56:02.756322 7fbc2cd30700               Options.compression_opts.strategy: 0
2019/10/17-14:56:02.756323 7fbc2cd30700         Options.compression_opts.max_dict_bytes: 0
2019/10/17-14:56:02.756323 7fbc2cd30700         Options.compression_opts.zstd_max_train_bytes: 0
2019/10/17-14:56:02.756324 7fbc2cd30700                  Options.compression_opts.enabled: false
2019/10/17-14:56:02.756325 7fbc2cd30700      Options.level0_file_num_compaction_trigger: 4
2019/10/17-14:56:02.756325 7fbc2cd30700          Options.level0_slowdown_writes_trigger: 20
2019/10/17-14:56:02.756326 7fbc2cd30700              Options.level0_stop_writes_trigger: 36
2019/10/17-14:56:02.756327 7fbc2cd30700                   Options.target_file_size_base: 67108864
2019/10/17-14:56:02.756328 7fbc2cd30700             Options.target_file_size_multiplier: 1
2019/10/17-14:56:02.756328 7fbc2cd30700                Options.max_bytes_for_level_base: 268435456
2019/10/17-14:56:02.756329 7fbc2cd30700 Options.level_compaction_dynamic_level_bytes: 0
2019/10/17-14:56:02.756330 7fbc2cd30700          Options.max_bytes_for_level_multiplier: 10.000000
2019/10/17-14:56:02.756332 7fbc2cd30700 Options.max_bytes_for_level_multiplier_addtl[0]: 1
2019/10/17-14:56:02.756332 7fbc2cd30700 Options.max_bytes_for_level_multiplier_addtl[1]: 1
2019/10/17-14:56:02.756333 7fbc2cd30700 Options.max_bytes_for_level_multiplier_addtl[2]: 1
2019/10/17-14:56:02.756334 7fbc2cd30700 Options.max_bytes_for_level_multiplier_addtl[3]: 1
2019/10/17-14:56:02.756335 7fbc2cd30700 Options.max_bytes_for_level_multiplier_addtl[4]: 1
2019/10/17-14:56:02.756339 7fbc2cd30700 Options.max_bytes_for_level_multiplier_addtl[5]: 1
2019/10/17-14:56:02.756339 7fbc2cd30700 Options.max_bytes_for_level_multiplier_addtl[6]: 1
2019/10/17-14:56:02.756340 7fbc2cd30700       Options.max_sequential_skip_in_iterations: 8
2019/10/17-14:56:02.756341 7fbc2cd30700                    Options.max_compaction_bytes: 1677721600
2019/10/17-14:56:02.756342 7fbc2cd30700                        Options.arena_block_size: 8388608
2019/10/17-14:56:02.756342 7fbc2cd30700   Options.soft_pending_compaction_bytes_limit: 68719476736
2019/10/17-14:56:02.756343 7fbc2cd30700   Options.hard_pending_compaction_bytes_limit: 274877906944
2019/10/17-14:56:02.756344 7fbc2cd30700       Options.rate_limit_delay_max_milliseconds: 100
2019/10/17-14:56:02.756344 7fbc2cd30700                Options.disable_auto_compactions: 0
2019/10/17-14:56:02.756346 7fbc2cd30700                        Options.compaction_style: kCompactionStyleLevel
2019/10/17-14:56:02.756347 7fbc2cd30700                          Options.compaction_pri: kByCompensatedSize
2019/10/17-14:56:02.756348 7fbc2cd30700 Options.compaction_options_universal.size_ratio: 1
2019/10/17-14:56:02.756349 7fbc2cd30700 Options.compaction_options_universal.min_merge_width: 2
2019/10/17-14:56:02.756349 7fbc2cd30700 Options.compaction_options_universal.max_merge_width: 4294967295
2019/10/17-14:56:02.756350 7fbc2cd30700 Options.compaction_options_universal.max_size_amplification_percent: 200
2019/10/17-14:56:02.756351 7fbc2cd30700 Options.compaction_options_universal.compression_size_percent: -1
2019/10/17-14:56:02.756352 7fbc2cd30700 Options.compaction_options_universal.stop_style: kCompactionStopStyleTotalSize
2019/10/17-14:56:02.756352 7fbc2cd30700 Options.compaction_options_fifo.max_table_files_size: 1073741824
2019/10/17-14:56:02.756353 7fbc2cd30700 Options.compaction_options_fifo.allow_compaction: 0
2019/10/17-14:56:02.756354 7fbc2cd30700 Options.compaction_options_fifo.ttl: 0
2019/10/17-14:56:02.756355 7fbc2cd30700                   Options.table_properties_collectors: 
2019/10/17-14:56:02.756355 7fbc2cd30700                   Options.inplace_update_support: 0
2019/10/17-14:56:02.756356 7fbc2cd30700                 Options.inplace_update_num_locks: 10000
2019/10/17-14:56:02.756357 7fbc2cd30700               Options.memtable_prefix_bloom_size_ratio: 0.000000
2019/10/17-14:56:02.756358 7fbc2cd30700   Options.memtable_huge_page_size: 0
2019/10/17-14:56:02.756358 7fbc2cd30700                           Options.bloom_locality: 0
2019/10/17-14:56:02.756359 7fbc2cd30700                    Options.max_successive_merges: 0
2019/10/17-14:56:02.756360 7fbc2cd30700                Options.optimize_filters_for_hits: 0
2019/10/17-14:56:02.756360 7fbc2cd30700                Options.paranoid_file_checks: 0
2019/10/17-14:56:02.756361 7fbc2cd30700                Options.force_consistency_checks: 0
2019/10/17-14:56:02.756362 7fbc2cd30700                Options.report_bg_io_stats: 0
2019/10/17-14:56:02.756363 7fbc2cd30700                               Options.ttl: 0
2019/10/17-14:56:02.756387 7fbc2cd30700 [db/column_family.cc:472] --------------- Options for column family [active_gateways]:
2019/10/17-14:56:02.756388 7fbc2cd30700               Options.comparator: leveldb.BytewiseComparator
2019/10/17-14:56:02.756389 7fbc2cd30700           Options.merge_operator: None
2019/10/17-14:56:02.756390 7fbc2cd30700        Options.compaction_filter: None
2019/10/17-14:56:02.756390 7fbc2cd30700        Options.compaction_filter_factory: None
2019/10/17-14:56:02.756391 7fbc2cd30700         Options.memtable_factory: SkipListFactory
2019/10/17-14:56:02.756392 7fbc2cd30700            Options.table_factory: BlockBasedTable
2019/10/17-14:56:02.756401 7fbc2cd30700            table_factory options:   flush_block_policy_factory: FlushBlockBySizePolicyFactory (0x7fbbb80224e0)
  cache_index_and_filter_blocks: 0
  cache_index_and_filter_blocks_with_high_priority: 0
  pin_l0_filter_and_index_blocks_in_cache: 0
  pin_top_level_index_and_filter: 1
  index_type: 0
  hash_index_allow_collision: 1
  checksum: 1
  no_block_cache: 0
  block_cache: 0x7fbbb806e4e0
  block_cache_name: LRUCache
  block_cache_options:
    capacity : 8388608
    num_shard_bits : 4
    strict_capacity_limit : 0
    memory_allocator : None
    high_pri_pool_ratio: 0.000
  block_cache_compressed: (nil)
  persistent_cache: (nil)
  block_size: 4096
  block_size_deviation: 10
  block_restart_interval: 16
  index_block_restart_interval: 1
  metadata_block_size: 4096
  partition_filters: 0
  use_delta_encoding: 1
  filter_policy: nullptr
  whole_key_filtering: 1
  verify_compression: 0
  read_amp_bytes_per_bit: 0
  format_version: 2
  enable_index_compression: 1
  block_align: 0
2019/10/17-14:56:02.756407 7fbc2cd30700        Options.write_buffer_size: 67108864
2019/10/17-14:56:02.756408 7fbc2cd30700  Options.max_write_buffer_number: 2
2019/10/17-14:56:02.756409 7fbc2cd30700          Options.compression: NoCompression
2019/10/17-14:56:02.756410 7fbc2cd30700                  Options.bottommost_compression: Disabled
2019/10/17-14:56:02.756410 7fbc2cd30700       Options.prefix_extractor: nullptr
2019/10/17-14:56:02.756411 7fbc2cd30700   Options.memtable_insert_with_hint_prefix_extractor: nullptr
2019/10/17-14:56:02.756412 7fbc2cd30700             Options.num_levels: 7
2019/10/17-14:56:02.756413 7fbc2cd30700        Options.min_write_buffer_number_to_merge: 1
2019/10/17-14:56:02.756413 7fbc2cd30700     Options.max_write_buffer_number_to_maintain: 0
2019/10/17-14:56:02.756414 7fbc2cd30700            Options.bottommost_compression_opts.window_bits: -14
2019/10/17-14:56:02.756415 7fbc2cd30700                  Options.bottommost_compression_opts.level: 32767
2019/10/17-14:56:02.756415 7fbc2cd30700               Options.bottommost_compression_opts.strategy: 0
2019/10/17-14:56:02.756416 7fbc2cd30700         Options.bottommost_compression_opts.max_dict_bytes: 0
2019/10/17-14:56:02.756417 7fbc2cd30700         Options.bottommost_compression_opts.zstd_max_train_bytes: 0
2019/10/17-14:56:02.756417 7fbc2cd30700                  Options.bottommost_compression_opts.enabled: false
2019/10/17-14:56:02.756418 7fbc2cd30700            Options.compression_opts.window_bits: -14
2019/10/17-14:56:02.756419 7fbc2cd30700                  Options.compression_opts.level: 32767
2019/10/17-14:56:02.756419 7fbc2cd30700               Options.compression_opts.strategy: 0
2019/10/17-14:56:02.756420 7fbc2cd30700         Options.compression_opts.max_dict_bytes: 0
2019/10/17-14:56:02.756421 7fbc2cd30700         Options.compression_opts.zstd_max_train_bytes: 0
2019/10/17-14:56:02.756421 7fbc2cd30700                  Options.compression_opts.enabled: false
2019/10/17-14:56:02.756422 7fbc2cd30700      Options.level0_file_num_compaction_trigger: 4
2019/10/17-14:56:02.756423 7fbc2cd30700          Options.level0_slowdown_writes_trigger: 20
2019/10/17-14:56:02.756423 7fbc2cd30700              Options.level0_stop_writes_trigger: 36
2019/10/17-14:56:02.756424 7fbc2cd30700                   Options.target_file_size_base: 67108864
2019/10/17-14:56:02.756425 7fbc2cd30700             Options.target_file_size_multiplier: 1
2019/10/17-14:56:02.756425 7fbc2cd30700                Options.max_bytes_for_level_base: 268435456
2019/10/17-14:56:02.756426 7fbc2cd30700 Options.level_compaction_dynamic_level_bytes: 0
2019/10/17-14:56:02.756427 7fbc2cd30700          Options.max_bytes_for_level_multiplier: 10.000000
2019/10/17-14:56:02.756428 7fbc2cd30700 Options.max_bytes_for_level_multiplier_addtl[0]: 1
2019/10/17-14:56:02.756429 7fbc2cd30700 Options.max_bytes_for_level_multiplier_addtl[1]: 1
2019/10/17-14:56:02.756430 7fbc2cd30700 Options.max_bytes_for_level_multiplier_addtl[2]: 1
2019/10/17-14:56:02.756430 7fbc2cd30700 Options.max_bytes_for_level_multiplier_addtl[3]: 1
2019/10/17-14:56:02.756431 7fbc2cd30700 Options.max_bytes_for_level_multiplier_addtl[4]: 1
2019/10/17-14:56:02.756432 7fbc2cd30700 Options.max_bytes_for_level_multiplier_addtl[5]: 1
2019/10/17-14:56:02.756432 7fbc2cd30700 Options.max_bytes_for_level_multiplier_addtl[6]: 1
2019/10/17-14:56:02.756433 7fbc2cd30700       Options.max_sequential_skip_in_iterations: 8
2019/10/17-14:56:02.756437 7fbc2cd30700                    Options.max_compaction_bytes: 1677721600
2019/10/17-14:56:02.756438 7fbc2cd30700                        Options.arena_block_size: 8388608
2019/10/17-14:56:02.756438 7fbc2cd30700   Options.soft_pending_compaction_bytes_limit: 68719476736
2019/10/17-14:56:02.756439 7fbc2cd30700   Options.hard_pending_compaction_bytes_limit: 274877906944
2019/10/17-14:56:02.756440 7fbc2cd30700       Options.rate_limit_delay_max_milliseconds: 100
2019/10/17-14:56:02.756441 7fbc2cd30700                Options.disable_auto_compactions: 0
2019/10/17-14:56:02.756441 7fbc2cd30700                        Options.compaction_style: kCompactionStyleLevel
2019/10/17-14:56:02.756442 7fbc2cd30700                          Options.compaction_pri: kByCompensatedSize
2019/10/17-14:56:02.756443 7fbc2cd30700 Options.compaction_options_universal.size_ratio: 1
2019/10/17-14:56:02.756444 7fbc2cd30700 Options.compaction_options_universal.min_merge_width: 2
2019/10/17-14:56:02.756444 7fbc2cd30700 Options.compaction_options_universal.max_merge_width: 4294967295
2019/10/17-14:56:02.756445 7fbc2cd30700 Options.compaction_options_universal.max_size_amplification_percent: 200
2019/10/17-14:56:02.756446 7fbc2cd30700 Options.compaction_options_universal.compression_size_percent: -1
2019/10/17-14:56:02.756447 7fbc2cd30700 Options.compaction_options_universal.stop_style: kCompactionStopStyleTotalSize
2019/10/17-14:56:02.756447 7fbc2cd30700 Options.compaction_options_fifo.max_table_files_size: 1073741824
2019/10/17-14:56:02.756448 7fbc2cd30700 Options.compaction_options_fifo.allow_compaction: 0
2019/10/17-14:56:02.756449 7fbc2cd30700 Options.compaction_options_fifo.ttl: 0
2019/10/17-14:56:02.756449 7fbc2cd30700                   Options.table_properties_collectors: 
2019/10/17-14:56:02.756450 7fbc2cd30700                   Options.inplace_update_support: 0
2019/10/17-14:56:02.756451 7fbc2cd30700                 Options.inplace_update_num_locks: 10000
2019/10/17-14:56:02.756452 7fbc2cd30700               Options.memtable_prefix_bloom_size_ratio: 0.000000
2019/10/17-14:56:02.756453 7fbc2cd30700   Options.memtable_huge_page_size: 0
2019/10/17-14:56:02.756453 7fbc2cd30700                           Options.bloom_locality: 0
2019/10/17-14:56:02.756454 7fbc2cd30700                    Options.max_successive_merges: 0
2019/10/17-14:56:02.756455 7fbc2cd30700                Options.optimize_filters_for_hits: 0
2019/10/17-14:56:02.756455 7fbc2cd30700                Options.paranoid_file_checks: 0
2019/10/17-14:56:02.756456 7fbc2cd30700                Options.force_consistency_checks: 0
2019/10/17-14:56:02.756457 7fbc2cd30700                Options.report_bg_io_stats: 0
2019/10/17-14:56:02.756457 7fbc2cd30700                               Options.ttl: 0
2019/10/17-14:56:02.756472 7fbc2cd30700 [db/column_family.cc:472] --------------- Options for column family [entries]:
2019/10/17-14:56:02.756473 7fbc2cd30700               Options.comparator: leveldb.BytewiseComparator
2019/10/17-14:56:02.756474 7fbc2cd30700           Options.merge_operator: None
2019/10/17-14:56:02.756474 7fbc2cd30700        Options.compaction_filter: None
2019/10/17-14:56:02.756475 7fbc2cd30700        Options.compaction_filter_factory: None
2019/10/17-14:56:02.756476 7fbc2cd30700         Options.memtable_factory: SkipListFactory
2019/10/17-14:56:02.756477 7fbc2cd30700            Options.table_factory: BlockBasedTable
2019/10/17-14:56:02.756485 7fbc2cd30700            table_factory options:   flush_block_policy_factory: FlushBlockBySizePolicyFactory (0x7fbbb809d840)
  cache_index_and_filter_blocks: 0
  cache_index_and_filter_blocks_with_high_priority: 0
  pin_l0_filter_and_index_blocks_in_cache: 0
  pin_top_level_index_and_filter: 1
  index_type: 0
  hash_index_allow_collision: 1
  checksum: 1
  no_block_cache: 0
  block_cache: 0x7fbbb80614e0
  block_cache_name: LRUCache
  block_cache_options:
    capacity : 8388608
    num_shard_bits : 4
    strict_capacity_limit : 0
    memory_allocator : None
    high_pri_pool_ratio: 0.000
  block_cache_compressed: (nil)
  persistent_cache: (nil)
  block_size: 4096
  block_size_deviation: 10
  block_restart_interval: 16
  index_block_restart_interval: 1
  metadata_block_size: 4096
  partition_filters: 0
  use_delta_encoding: 1
  filter_policy: nullptr
  whole_key_filtering: 1
  verify_compression: 0
  read_amp_bytes_per_bit: 0
  format_version: 2
  enable_index_compression: 1
  block_align: 0
2019/10/17-14:56:02.756491 7fbc2cd30700        Options.write_buffer_size: 67108864
2019/10/17-14:56:02.756492 7fbc2cd30700  Options.max_write_buffer_number: 2
2019/10/17-14:56:02.756493 7fbc2cd30700          Options.compression: NoCompression
2019/10/17-14:56:02.756493 7fbc2cd30700                  Options.bottommost_compression: Disabled
2019/10/17-14:56:02.756494 7fbc2cd30700       Options.prefix_extractor: nullptr
2019/10/17-14:56:02.756495 7fbc2cd30700   Options.memtable_insert_with_hint_prefix_extractor: nullptr
2019/10/17-14:56:02.756495 7fbc2cd30700             Options.num_levels: 7
2019/10/17-14:56:02.756496 7fbc2cd30700        Options.min_write_buffer_number_to_merge: 1
2019/10/17-14:56:02.756497 7fbc2cd30700     Options.max_write_buffer_number_to_maintain: 0
2019/10/17-14:56:02.756497 7fbc2cd30700            Options.bottommost_compression_opts.window_bits: -14
2019/10/17-14:56:02.756498 7fbc2cd30700                  Options.bottommost_compression_opts.level: 32767
2019/10/17-14:56:02.756499 7fbc2cd30700               Options.bottommost_compression_opts.strategy: 0
2019/10/17-14:56:02.756499 7fbc2cd30700         Options.bottommost_compression_opts.max_dict_bytes: 0
2019/10/17-14:56:02.756500 7fbc2cd30700         Options.bottommost_compression_opts.zstd_max_train_bytes: 0
2019/10/17-14:56:02.756501 7fbc2cd30700                  Options.bottommost_compression_opts.enabled: false
2019/10/17-14:56:02.756502 7fbc2cd30700            Options.compression_opts.window_bits: -14
2019/10/17-14:56:02.756502 7fbc2cd30700                  Options.compression_opts.level: 32767
2019/10/17-14:56:02.756503 7fbc2cd30700               Options.compression_opts.strategy: 0
2019/10/17-14:56:02.756504 7fbc2cd30700         Options.compression_opts.max_dict_bytes: 0
2019/10/17-14:56:02.756504 7fbc2cd30700         Options.compression_opts.zstd_max_train_bytes: 0
2019/10/17-14:56:02.756505 7fbc2cd30700                  Options.compression_opts.enabled: false
2019/10/17-14:56:02.756506 7fbc2cd30700      Options.level0_file_num_compaction_trigger: 4
2019/10/17-14:56:02.756506 7fbc2cd30700          Options.level0_slowdown_writes_trigger: 20
2019/10/17-14:56:02.756507 7fbc2cd30700              Options.level0_stop_writes_trigger: 36
2019/10/17-14:56:02.756508 7fbc2cd30700                   Options.target_file_size_base: 67108864
2019/10/17-14:56:02.756508 7fbc2cd30700             Options.target_file_size_multiplier: 1
2019/10/17-14:56:02.756509 7fbc2cd30700                Options.max_bytes_for_level_base: 268435456
2019/10/17-14:56:02.756510 7fbc2cd30700 Options.level_compaction_dynamic_level_bytes: 0
2019/10/17-14:56:02.756510 7fbc2cd30700          Options.max_bytes_for_level_multiplier: 10.000000
2019/10/17-14:56:02.756511 7fbc2cd30700 Options.max_bytes_for_level_multiplier_addtl[0]: 1
2019/10/17-14:56:02.756512 7fbc2cd30700 Options.max_bytes_for_level_multiplier_addtl[1]: 1
2019/10/17-14:56:02.756513 7fbc2cd30700 Options.max_bytes_for_level_multiplier_addtl[2]: 1
2019/10/17-14:56:02.756514 7fbc2cd30700 Options.max_bytes_for_level_multiplier_addtl[3]: 1
2019/10/17-14:56:02.756514 7fbc2cd30700 Options.max_bytes_for_level_multiplier_addtl[4]: 1
2019/10/17-14:56:02.756515 7fbc2cd30700 Options.max_bytes_for_level_multiplier_addtl[5]: 1
2019/10/17-14:56:02.756516 7fbc2cd30700 Options.max_bytes_for_level_multiplier_addtl[6]: 1
2019/10/17-14:56:02.756516 7fbc2cd30700       Options.max_sequential_skip_in_iterations: 8
2019/10/17-14:56:02.756517 7fbc2cd30700                    Options.max_compaction_bytes: 1677721600
2019/10/17-14:56:02.756518 7fbc2cd30700                        Options.arena_block_size: 8388608
2019/10/17-14:56:02.756519 7fbc2cd30700   Options.soft_pending_compaction_bytes_limit: 68719476736
2019/10/17-14:56:02.756523 7fbc2cd30700   Options.hard_pending_compaction_bytes_limit: 274877906944
2019/10/17-14:56:02.756523 7fbc2cd30700       Options.rate_limit_delay_max_milliseconds: 100
2019/10/17-14:56:02.756524 7fbc2cd30700                Options.disable_auto_compactions: 0
2019/10/17-14:56:02.756525 7fbc2cd30700                        Options.compaction_style: kCompactionStyleLevel
2019/10/17-14:56:02.756526 7fbc2cd30700                          Options.compaction_pri: kByCompensatedSize
2019/10/17-14:56:02.756526 7fbc2cd30700 Options.compaction_options_universal.size_ratio: 1
2019/10/17-14:56:02.756527 7fbc2cd30700 Options.compaction_options_universal.min_merge_width: 2
2019/10/17-14:56:02.756528 7fbc2cd30700 Options.compaction_options_universal.max_merge_width: 4294967295
2019/10/17-14:56:02.756529 7fbc2cd30700 Options.compaction_options_universal.max_size_amplification_percent: 200
2019/10/17-14:56:02.756529 7fbc2cd30700 Options.compaction_options_universal.compression_size_percent: -1
2019/10/17-14:56:02.756530 7fbc2cd30700 Options.compaction_options_universal.stop_style: kCompactionStopStyleTotalSize
2019/10/17-14:56:02.756531 7fbc2cd30700 Options.compaction_options_fifo.max_table_files_size: 1073741824
2019/10/17-14:56:02.756531 7fbc2cd30700 Options.compaction_options_fifo.allow_compaction: 0
2019/10/17-14:56:02.756532 7fbc2cd30700 Options.compaction_options_fifo.ttl: 0
2019/10/17-14:56:02.756533 7fbc2cd30700                   Options.table_properties_collectors: 
2019/10/17-14:56:02.756533 7fbc2cd30700                   Options.inplace_update_support: 0
2019/10/17-14:56:02.756534 7fbc2cd30700                 Options.inplace_update_num_locks: 10000
2019/10/17-14:56:02.756535 7fbc2cd30700               Options.memtable_prefix_bloom_size_ratio: 0.000000
2019/10/17-14:56:02.756536 7fbc2cd30700   Options.memtable_huge_page_size: 0
2019/10/17-14:56:02.756536 7fbc2cd30700                           Options.bloom_locality: 0
2019/10/17-14:56:02.756537 7fbc2cd30700                    Options.max_successive_merges: 0
2019/10/17-14:56:02.756538 7fbc2cd30700                Options.optimize_filters_for_hits: 0
2019/10/17-14:56:02.756538 7fbc2cd30700                Options.paranoid_file_checks: 0
2019/10/17-14:56:02.756539 7fbc2cd30700                Options.force_consistency_checks: 0
2019/10/17-14:56:02.756540 7fbc2cd30700                Options.report_bg_io_stats: 0
2019/10/17-14:56:02.756540 7fbc2cd30700                               Options.ttl: 0
2019/10/17-14:56:02.756553 7fbc2cd30700 [db/column_family.cc:472] --------------- Options for column family [dc_entries]:
2019/10/17-14:56:02.756554 7fbc2cd30700               Options.comparator: leveldb.BytewiseComparator
2019/10/17-14:56:02.756555 7fbc2cd30700           Options.merge_operator: None
2019/10/17-14:56:02.756555 7fbc2cd30700        Options.compaction_filter: None
2019/10/17-14:56:02.756556 7fbc2cd30700        Options.compaction_filter_factory: None
2019/10/17-14:56:02.756557 7fbc2cd30700         Options.memtable_factory: SkipListFactory
2019/10/17-14:56:02.756558 7fbc2cd30700            Options.table_factory: BlockBasedTable
2019/10/17-14:56:02.756566 7fbc2cd30700            table_factory options:   flush_block_policy_factory: FlushBlockBySizePolicyFactory (0x7fbbb809bd10)
  cache_index_and_filter_blocks: 0
  cache_index_and_filter_blocks_with_high_priority: 0
  pin_l0_filter_and_index_blocks_in_cache: 0
  pin_top_level_index_and_filter: 1
  index_type: 0
  hash_index_allow_collision: 1
  checksum: 1
  no_block_cache: 0
  block_cache: 0x7fbbb80958c0
  block_cache_name: LRUCache
  block_cache_options:
    capacity : 8388608
    num_shard_bits : 4
    strict_capacity_limit : 0
    memory_allocator : None
    high_pri_pool_ratio: 0.000
  block_cache_compressed: (nil)
  persistent_cache: (nil)
  block_size: 4096
  block_size_deviation: 10
  block_restart_interval: 16
  index_block_restart_interval: 1
  metadata_block_size: 4096
  partition_filters: 0
  use_delta_encoding: 1
  filter_policy: nullptr
  whole_key_filtering: 1
  verify_compression: 0
  read_amp_bytes_per_bit: 0
  format_version: 2
  enable_index_compression: 1
  block_align: 0
2019/10/17-14:56:02.756571 7fbc2cd30700        Options.write_buffer_size: 67108864
2019/10/17-14:56:02.756572 7fbc2cd30700  Options.max_write_buffer_number: 2
2019/10/17-14:56:02.756573 7fbc2cd30700          Options.compression: NoCompression
2019/10/17-14:56:02.756574 7fbc2cd30700                  Options.bottommost_compression: Disabled
2019/10/17-14:56:02.756574 7fbc2cd30700       Options.prefix_extractor: nullptr
2019/10/17-14:56:02.756575 7fbc2cd30700   Options.memtable_insert_with_hint_prefix_extractor: nullptr
2019/10/17-14:56:02.756576 7fbc2cd30700             Options.num_levels: 7
2019/10/17-14:56:02.756576 7fbc2cd30700        Options.min_write_buffer_number_to_merge: 1
2019/10/17-14:56:02.756577 7fbc2cd30700     Options.max_write_buffer_number_to_maintain: 0
2019/10/17-14:56:02.756578 7fbc2cd30700            Options.bottommost_compression_opts.window_bits: -14
2019/10/17-14:56:02.756578 7fbc2cd30700                  Options.bottommost_compression_opts.level: 32767
2019/10/17-14:56:02.756579 7fbc2cd30700               Options.bottommost_compression_opts.strategy: 0
2019/10/17-14:56:02.756580 7fbc2cd30700         Options.bottommost_compression_opts.max_dict_bytes: 0
2019/10/17-14:56:02.756580 7fbc2cd30700         Options.bottommost_compression_opts.zstd_max_train_bytes: 0
2019/10/17-14:56:02.756581 7fbc2cd30700                  Options.bottommost_compression_opts.enabled: false
2019/10/17-14:56:02.756582 7fbc2cd30700            Options.compression_opts.window_bits: -14
2019/10/17-14:56:02.756583 7fbc2cd30700                  Options.compression_opts.level: 32767
2019/10/17-14:56:02.756583 7fbc2cd30700               Options.compression_opts.strategy: 0
2019/10/17-14:56:02.756584 7fbc2cd30700         Options.compression_opts.max_dict_bytes: 0
2019/10/17-14:56:02.756585 7fbc2cd30700         Options.compression_opts.zstd_max_train_bytes: 0
2019/10/17-14:56:02.756585 7fbc2cd30700                  Options.compression_opts.enabled: false
2019/10/17-14:56:02.756586 7fbc2cd30700      Options.level0_file_num_compaction_trigger: 4
2019/10/17-14:56:02.756587 7fbc2cd30700          Options.level0_slowdown_writes_trigger: 20
2019/10/17-14:56:02.756587 7fbc2cd30700              Options.level0_stop_writes_trigger: 36
2019/10/17-14:56:02.756588 7fbc2cd30700                   Options.target_file_size_base: 67108864
2019/10/17-14:56:02.756589 7fbc2cd30700             Options.target_file_size_multiplier: 1
2019/10/17-14:56:02.756589 7fbc2cd30700                Options.max_bytes_for_level_base: 268435456
2019/10/17-14:56:02.756590 7fbc2cd30700 Options.level_compaction_dynamic_level_bytes: 0
2019/10/17-14:56:02.756591 7fbc2cd30700          Options.max_bytes_for_level_multiplier: 10.000000
2019/10/17-14:56:02.756592 7fbc2cd30700 Options.max_bytes_for_level_multiplier_addtl[0]: 1
2019/10/17-14:56:02.756593 7fbc2cd30700 Options.max_bytes_for_level_multiplier_addtl[1]: 1
2019/10/17-14:56:02.756593 7fbc2cd30700 Options.max_bytes_for_level_multiplier_addtl[2]: 1
2019/10/17-14:56:02.756594 7fbc2cd30700 Options.max_bytes_for_level_multiplier_addtl[3]: 1
2019/10/17-14:56:02.756595 7fbc2cd30700 Options.max_bytes_for_level_multiplier_addtl[4]: 1
2019/10/17-14:56:02.756595 7fbc2cd30700 Options.max_bytes_for_level_multiplier_addtl[5]: 1
2019/10/17-14:56:02.756596 7fbc2cd30700 Options.max_bytes_for_level_multiplier_addtl[6]: 1
2019/10/17-14:56:02.756597 7fbc2cd30700       Options.max_sequential_skip_in_iterations: 8
2019/10/17-14:56:02.756597 7fbc2cd30700                    Options.max_compaction_bytes: 1677721600
2019/10/17-14:56:02.756598 7fbc2cd30700                        Options.arena_block_size: 8388608
2019/10/17-14:56:02.756599 7fbc2cd30700   Options.soft_pending_compaction_bytes_limit: 68719476736
2019/10/17-14:56:02.756600 7fbc2cd30700   Options.hard_pending_compaction_bytes_limit: 274877906944
2019/10/17-14:56:02.756600 7fbc2cd30700       Options.rate_limit_delay_max_milliseconds: 100
2019/10/17-14:56:02.756601 7fbc2cd30700                Options.disable_auto_compactions: 0
2019/10/17-14:56:02.756605 7fbc2cd30700                        Options.compaction_style: kCompactionStyleLevel
2019/10/17-14:56:02.756606 7fbc2cd30700                          Options.compaction_pri: kByCompensatedSize
2019/10/17-14:56:02.756607 7fbc2cd30700 Options.compaction_options_universal.size_ratio: 1
2019/10/17-14:56:02.756607 7fbc2cd30700 Options.compaction_options_universal.min_merge_width: 2
2019/10/17-14:56:02.756608 7fbc2cd30700 Options.compaction_options_universal.max_merge_width: 4294967295
2019/10/17-14:56:02.756609 7fbc2cd30700 Options.compaction_options_universal.max_size_amplification_percent: 200
2019/10/17-14:56:02.756609 7fbc2cd30700 Options.compaction_options_universal.compression_size_percent: -1
2019/10/17-14:56:02.756610 7fbc2cd30700 Options.compaction_options_universal.stop_style: kCompactionStopStyleTotalSize
2019/10/17-14:56:02.756611 7fbc2cd30700 Options.compaction_options_fifo.max_table_files_size: 1073741824
2019/10/17-14:56:02.756612 7fbc2cd30700 Options.compaction_options_fifo.allow_compaction: 0
2019/10/17-14:56:02.756612 7fbc2cd30700 Options.compaction_options_fifo.ttl: 0
2019/10/17-14:56:02.756613 7fbc2cd30700                   Options.table_properties_collectors: 
2019/10/17-14:56:02.756614 7fbc2cd30700                   Options.inplace_update_support: 0
2019/10/17-14:56:02.756614 7fbc2cd30700                 Options.inplace_update_num_locks: 10000
2019/10/17-14:56:02.756615 7fbc2cd30700               Options.memtable_prefix_bloom_size_ratio: 0.000000
2019/10/17-14:56:02.756616 7fbc2cd30700   Options.memtable_huge_page_size: 0
2019/10/17-14:56:02.756617 7fbc2cd30700                           Options.bloom_locality: 0
2019/10/17-14:56:02.756617 7fbc2cd30700                    Options.max_successive_merges: 0
2019/10/17-14:56:02.756618 7fbc2cd30700                Options.optimize_filters_for_hits: 0
2019/10/17-14:56:02.756619 7fbc2cd30700                Options.paranoid_file_checks: 0
2019/10/17-14:56:02.756619 7fbc2cd30700                Options.force_consistency_checks: 0
2019/10/17-14:56:02.756620 7fbc2cd30700                Options.report_bg_io_stats: 0
2019/10/17-14:56:02.756621 7fbc2cd30700                               Options.ttl: 0
2019/10/17-14:56:02.756632 7fbc2cd30700 [db/column_family.cc:472] --------------- Options for column family [htlcs]:
2019/10/17-14:56:02.756633 7fbc2cd30700               Options.comparator: leveldb.BytewiseComparator
2019/10/17-14:56:02.756633 7fbc2cd30700           Options.merge_operator: None
2019/10/17-14:56:02.756634 7fbc2cd30700        Options.compaction_filter: None
2019/10/17-14:56:02.756635 7fbc2cd30700        Options.compaction_filter_factory: None
2019/10/17-14:56:02.756635 7fbc2cd30700         Options.memtable_factory: SkipListFactory
2019/10/17-14:56:02.756636 7fbc2cd30700            Options.table_factory: BlockBasedTable
2019/10/17-14:56:02.756644 7fbc2cd30700            table_factory options:   flush_block_policy_factory: FlushBlockBySizePolicyFactory (0x7fbbb80237d0)
