2019/10/17-14:54:13.541625 7fc3a9fcb700 RocksDB version: 5.18.3
2019/10/17-14:54:13.541719 7fc3a9fcb700 Git sha rocksdb_build_git_sha:@0@
2019/10/17-14:54:13.541721 7fc3a9fcb700 Compile date Sep 19 2019
2019/10/17-14:54:13.541722 7fc3a9fcb700 DB SUMMARY
2019/10/17-14:54:13.542479 7fc3a9fcb700 CURRENT file:  CURRENT
2019/10/17-14:54:13.542481 7fc3a9fcb700 IDENTITY file:  IDENTITY
2019/10/17-14:54:13.542512 7fc3a9fcb700 MANIFEST file:  MANIFEST-114868 size: 4114 Bytes
2019/10/17-14:54:13.542514 7fc3a9fcb700 SST files in /home/rahul/dev/blockchain-core/eqc/ledger.db dir, Total Num: 29, files: 000624.sst 000627.sst 106940.sst 108447.sst 108450.sst 109471.sst 109483.sst 109485.sst 109486.sst 
2019/10/17-14:54:13.542515 7fc3a9fcb700 Write Ahead Log file in /home/rahul/dev/blockchain-core/eqc/ledger.db: 114869.log size: 0 ; 
2019/10/17-14:54:13.542551 7fc3a9fcb700                         Options.error_if_exists: 0
2019/10/17-14:54:13.542552 7fc3a9fcb700                       Options.create_if_missing: 1
2019/10/17-14:54:13.542553 7fc3a9fcb700                         Options.paranoid_checks: 1
2019/10/17-14:54:13.542554 7fc3a9fcb700                                     Options.env: 0x7fc32ae1fc60
2019/10/17-14:54:13.542555 7fc3a9fcb700                                Options.info_log: 0x7fc3501007a0
2019/10/17-14:54:13.542556 7fc3a9fcb700                Options.max_file_opening_threads: 16
2019/10/17-14:54:13.542557 7fc3a9fcb700                              Options.statistics: (nil)
2019/10/17-14:54:13.542558 7fc3a9fcb700                               Options.use_fsync: 0
2019/10/17-14:54:13.542558 7fc3a9fcb700                       Options.max_log_file_size: 0
2019/10/17-14:54:13.542559 7fc3a9fcb700                  Options.max_manifest_file_size: 1073741824
2019/10/17-14:54:13.542560 7fc3a9fcb700                   Options.log_file_time_to_roll: 0
2019/10/17-14:54:13.542561 7fc3a9fcb700                       Options.keep_log_file_num: 1000
2019/10/17-14:54:13.542562 7fc3a9fcb700                    Options.recycle_log_file_num: 0
2019/10/17-14:54:13.542563 7fc3a9fcb700                         Options.allow_fallocate: 1
2019/10/17-14:54:13.542563 7fc3a9fcb700                        Options.allow_mmap_reads: 0
2019/10/17-14:54:13.542564 7fc3a9fcb700                       Options.allow_mmap_writes: 0
2019/10/17-14:54:13.542565 7fc3a9fcb700                        Options.use_direct_reads: 0
2019/10/17-14:54:13.542566 7fc3a9fcb700                        Options.use_direct_io_for_flush_and_compaction: 0
2019/10/17-14:54:13.542567 7fc3a9fcb700          Options.create_missing_column_families: 0
2019/10/17-14:54:13.542567 7fc3a9fcb700                              Options.db_log_dir: 
2019/10/17-14:54:13.542568 7fc3a9fcb700                                 Options.wal_dir: /home/rahul/dev/blockchain-core/eqc/ledger.db
2019/10/17-14:54:13.542569 7fc3a9fcb700                Options.table_cache_numshardbits: 6
2019/10/17-14:54:13.542570 7fc3a9fcb700                      Options.max_subcompactions: 1
2019/10/17-14:54:13.542571 7fc3a9fcb700                  Options.max_background_flushes: -1
2019/10/17-14:54:13.542571 7fc3a9fcb700                         Options.WAL_ttl_seconds: 0
2019/10/17-14:54:13.542572 7fc3a9fcb700                       Options.WAL_size_limit_MB: 0
2019/10/17-14:54:13.542573 7fc3a9fcb700             Options.manifest_preallocation_size: 4194304
2019/10/17-14:54:13.542574 7fc3a9fcb700                     Options.is_fd_close_on_exec: 1
2019/10/17-14:54:13.542575 7fc3a9fcb700                   Options.advise_random_on_open: 1
2019/10/17-14:54:13.542575 7fc3a9fcb700                    Options.db_write_buffer_size: 0
2019/10/17-14:54:13.542576 7fc3a9fcb700                    Options.write_buffer_manager: 0x7fc3500097f0
2019/10/17-14:54:13.542577 7fc3a9fcb700         Options.access_hint_on_compaction_start: 1
2019/10/17-14:54:13.542578 7fc3a9fcb700  Options.new_table_reader_for_compaction_inputs: 0
2019/10/17-14:54:13.542579 7fc3a9fcb700           Options.random_access_max_buffer_size: 1048576
2019/10/17-14:54:13.542579 7fc3a9fcb700                      Options.use_adaptive_mutex: 0
2019/10/17-14:54:13.542580 7fc3a9fcb700                            Options.rate_limiter: (nil)
2019/10/17-14:54:13.542590 7fc3a9fcb700     Options.sst_file_manager.rate_bytes_per_sec: 0
2019/10/17-14:54:13.542591 7fc3a9fcb700                       Options.wal_recovery_mode: 2
2019/10/17-14:54:13.542592 7fc3a9fcb700                  Options.enable_thread_tracking: 0
2019/10/17-14:54:13.542592 7fc3a9fcb700                  Options.enable_pipelined_write: 0
2019/10/17-14:54:13.542593 7fc3a9fcb700         Options.allow_concurrent_memtable_write: 1
2019/10/17-14:54:13.542594 7fc3a9fcb700      Options.enable_write_thread_adaptive_yield: 1
2019/10/17-14:54:13.542595 7fc3a9fcb700             Options.write_thread_max_yield_usec: 100
2019/10/17-14:54:13.542596 7fc3a9fcb700            Options.write_thread_slow_yield_usec: 3
2019/10/17-14:54:13.542596 7fc3a9fcb700                               Options.row_cache: None
2019/10/17-14:54:13.542597 7fc3a9fcb700                              Options.wal_filter: None
2019/10/17-14:54:13.542598 7fc3a9fcb700             Options.avoid_flush_during_recovery: 0
2019/10/17-14:54:13.542599 7fc3a9fcb700             Options.allow_ingest_behind: 0
2019/10/17-14:54:13.542600 7fc3a9fcb700             Options.preserve_deletes: 0
2019/10/17-14:54:13.542601 7fc3a9fcb700             Options.two_write_queues: 0
2019/10/17-14:54:13.542601 7fc3a9fcb700             Options.manual_wal_flush: 0
2019/10/17-14:54:13.542602 7fc3a9fcb700             Options.max_background_jobs: 2
2019/10/17-14:54:13.542603 7fc3a9fcb700             Options.max_background_compactions: -1
2019/10/17-14:54:13.542604 7fc3a9fcb700             Options.avoid_flush_during_shutdown: 0
2019/10/17-14:54:13.542605 7fc3a9fcb700           Options.writable_file_max_buffer_size: 1048576
2019/10/17-14:54:13.542605 7fc3a9fcb700             Options.delayed_write_rate : 16777216
2019/10/17-14:54:13.542606 7fc3a9fcb700             Options.max_total_wal_size: 0
2019/10/17-14:54:13.542607 7fc3a9fcb700             Options.delete_obsolete_files_period_micros: 21600000000
2019/10/17-14:54:13.542608 7fc3a9fcb700                   Options.stats_dump_period_sec: 600
2019/10/17-14:54:13.542609 7fc3a9fcb700                          Options.max_open_files: -1
2019/10/17-14:54:13.542609 7fc3a9fcb700                          Options.bytes_per_sync: 0
2019/10/17-14:54:13.542610 7fc3a9fcb700                      Options.wal_bytes_per_sync: 0
2019/10/17-14:54:13.542611 7fc3a9fcb700       Options.compaction_readahead_size: 0
2019/10/17-14:54:13.542612 7fc3a9fcb700 Compression algorithms supported:
2019/10/17-14:54:13.542613 7fc3a9fcb700 	kZSTDNotFinalCompression supported: 0
2019/10/17-14:54:13.542614 7fc3a9fcb700 	kZSTD supported: 0
2019/10/17-14:54:13.542615 7fc3a9fcb700 	kXpressCompression supported: 0
2019/10/17-14:54:13.542616 7fc3a9fcb700 	kLZ4HCCompression supported: 0
2019/10/17-14:54:13.542617 7fc3a9fcb700 	kLZ4Compression supported: 0
2019/10/17-14:54:13.542618 7fc3a9fcb700 	kBZip2Compression supported: 0
2019/10/17-14:54:13.542619 7fc3a9fcb700 	kZlibCompression supported: 0
2019/10/17-14:54:13.542620 7fc3a9fcb700 	kSnappyCompression supported: 0
2019/10/17-14:54:13.542621 7fc3a9fcb700 Fast CRC32 supported: Supported on x86
2019/10/17-14:54:13.542718 7fc3a9fcb700 [db/version_set.cc:3507] Recovering from manifest file: MANIFEST-114868
2019/10/17-14:54:13.542752 7fc3a9fcb700 [db/column_family.cc:472] --------------- Options for column family [default]:
2019/10/17-14:54:13.542754 7fc3a9fcb700               Options.comparator: leveldb.BytewiseComparator
2019/10/17-14:54:13.542755 7fc3a9fcb700           Options.merge_operator: None
2019/10/17-14:54:13.542755 7fc3a9fcb700        Options.compaction_filter: None
2019/10/17-14:54:13.542756 7fc3a9fcb700        Options.compaction_filter_factory: None
2019/10/17-14:54:13.542757 7fc3a9fcb700         Options.memtable_factory: SkipListFactory
2019/10/17-14:54:13.542758 7fc3a9fcb700            Options.table_factory: BlockBasedTable
2019/10/17-14:54:13.542773 7fc3a9fcb700            table_factory options:   flush_block_policy_factory: FlushBlockBySizePolicyFactory (0x7fc35005c690)
  cache_index_and_filter_blocks: 0
  cache_index_and_filter_blocks_with_high_priority: 0
  pin_l0_filter_and_index_blocks_in_cache: 0
  pin_top_level_index_and_filter: 1
  index_type: 0
  hash_index_allow_collision: 1
  checksum: 1
  no_block_cache: 0
  block_cache: 0x7fc35000e9e0
  block_cache_name: LRUCache
  block_cache_options:
    capacity : 8388608
    num_shard_bits : 4
    strict_capacity_limit : 0
    memory_allocator : None
    high_pri_pool_ratio: 0.000
  block_cache_compressed: (nil)
  persistent_cache: (nil)
  block_size: 4096
  block_size_deviation: 10
  block_restart_interval: 16
  index_block_restart_interval: 1
  metadata_block_size: 4096
  partition_filters: 0
  use_delta_encoding: 1
  filter_policy: nullptr
  whole_key_filtering: 1
  verify_compression: 0
  read_amp_bytes_per_bit: 0
  format_version: 2
  enable_index_compression: 1
  block_align: 0
2019/10/17-14:54:13.542782 7fc3a9fcb700        Options.write_buffer_size: 67108864
2019/10/17-14:54:13.542783 7fc3a9fcb700  Options.max_write_buffer_number: 2
2019/10/17-14:54:13.542784 7fc3a9fcb700          Options.compression: NoCompression
2019/10/17-14:54:13.542785 7fc3a9fcb700                  Options.bottommost_compression: Disabled
2019/10/17-14:54:13.542786 7fc3a9fcb700       Options.prefix_extractor: nullptr
2019/10/17-14:54:13.542787 7fc3a9fcb700   Options.memtable_insert_with_hint_prefix_extractor: nullptr
2019/10/17-14:54:13.542788 7fc3a9fcb700             Options.num_levels: 7
2019/10/17-14:54:13.542788 7fc3a9fcb700        Options.min_write_buffer_number_to_merge: 1
2019/10/17-14:54:13.542789 7fc3a9fcb700     Options.max_write_buffer_number_to_maintain: 0
2019/10/17-14:54:13.542790 7fc3a9fcb700            Options.bottommost_compression_opts.window_bits: -14
2019/10/17-14:54:13.542791 7fc3a9fcb700                  Options.bottommost_compression_opts.level: 32767
2019/10/17-14:54:13.542791 7fc3a9fcb700               Options.bottommost_compression_opts.strategy: 0
2019/10/17-14:54:13.542792 7fc3a9fcb700         Options.bottommost_compression_opts.max_dict_bytes: 0
2019/10/17-14:54:13.542793 7fc3a9fcb700         Options.bottommost_compression_opts.zstd_max_train_bytes: 0
2019/10/17-14:54:13.542794 7fc3a9fcb700                  Options.bottommost_compression_opts.enabled: false
2019/10/17-14:54:13.542795 7fc3a9fcb700            Options.compression_opts.window_bits: -14
2019/10/17-14:54:13.542795 7fc3a9fcb700                  Options.compression_opts.level: 32767
2019/10/17-14:54:13.542796 7fc3a9fcb700               Options.compression_opts.strategy: 0
2019/10/17-14:54:13.542797 7fc3a9fcb700         Options.compression_opts.max_dict_bytes: 0
2019/10/17-14:54:13.542798 7fc3a9fcb700         Options.compression_opts.zstd_max_train_bytes: 0
2019/10/17-14:54:13.542799 7fc3a9fcb700                  Options.compression_opts.enabled: false
2019/10/17-14:54:13.542799 7fc3a9fcb700      Options.level0_file_num_compaction_trigger: 4
2019/10/17-14:54:13.542800 7fc3a9fcb700          Options.level0_slowdown_writes_trigger: 20
2019/10/17-14:54:13.542801 7fc3a9fcb700              Options.level0_stop_writes_trigger: 36
2019/10/17-14:54:13.542802 7fc3a9fcb700                   Options.target_file_size_base: 67108864
2019/10/17-14:54:13.542803 7fc3a9fcb700             Options.target_file_size_multiplier: 1
2019/10/17-14:54:13.542803 7fc3a9fcb700                Options.max_bytes_for_level_base: 268435456
2019/10/17-14:54:13.542804 7fc3a9fcb700 Options.level_compaction_dynamic_level_bytes: 0
2019/10/17-14:54:13.542805 7fc3a9fcb700          Options.max_bytes_for_level_multiplier: 10.000000
2019/10/17-14:54:13.542807 7fc3a9fcb700 Options.max_bytes_for_level_multiplier_addtl[0]: 1
2019/10/17-14:54:13.542808 7fc3a9fcb700 Options.max_bytes_for_level_multiplier_addtl[1]: 1
2019/10/17-14:54:13.542809 7fc3a9fcb700 Options.max_bytes_for_level_multiplier_addtl[2]: 1
2019/10/17-14:54:13.542810 7fc3a9fcb700 Options.max_bytes_for_level_multiplier_addtl[3]: 1
2019/10/17-14:54:13.542810 7fc3a9fcb700 Options.max_bytes_for_level_multiplier_addtl[4]: 1
2019/10/17-14:54:13.542815 7fc3a9fcb700 Options.max_bytes_for_level_multiplier_addtl[5]: 1
2019/10/17-14:54:13.542816 7fc3a9fcb700 Options.max_bytes_for_level_multiplier_addtl[6]: 1
2019/10/17-14:54:13.542817 7fc3a9fcb700       Options.max_sequential_skip_in_iterations: 8
2019/10/17-14:54:13.542818 7fc3a9fcb700                    Options.max_compaction_bytes: 1677721600
2019/10/17-14:54:13.542818 7fc3a9fcb700                        Options.arena_block_size: 8388608
2019/10/17-14:54:13.542819 7fc3a9fcb700   Options.soft_pending_compaction_bytes_limit: 68719476736
2019/10/17-14:54:13.542820 7fc3a9fcb700   Options.hard_pending_compaction_bytes_limit: 274877906944
2019/10/17-14:54:13.542821 7fc3a9fcb700       Options.rate_limit_delay_max_milliseconds: 100
2019/10/17-14:54:13.542822 7fc3a9fcb700                Options.disable_auto_compactions: 0
2019/10/17-14:54:13.542823 7fc3a9fcb700                        Options.compaction_style: kCompactionStyleLevel
2019/10/17-14:54:13.542824 7fc3a9fcb700                          Options.compaction_pri: kByCompensatedSize
2019/10/17-14:54:13.542825 7fc3a9fcb700 Options.compaction_options_universal.size_ratio: 1
2019/10/17-14:54:13.542826 7fc3a9fcb700 Options.compaction_options_universal.min_merge_width: 2
2019/10/17-14:54:13.542827 7fc3a9fcb700 Options.compaction_options_universal.max_merge_width: 4294967295
2019/10/17-14:54:13.542828 7fc3a9fcb700 Options.compaction_options_universal.max_size_amplification_percent: 200
2019/10/17-14:54:13.542828 7fc3a9fcb700 Options.compaction_options_universal.compression_size_percent: -1
2019/10/17-14:54:13.542829 7fc3a9fcb700 Options.compaction_options_universal.stop_style: kCompactionStopStyleTotalSize
2019/10/17-14:54:13.542830 7fc3a9fcb700 Options.compaction_options_fifo.max_table_files_size: 1073741824
2019/10/17-14:54:13.542831 7fc3a9fcb700 Options.compaction_options_fifo.allow_compaction: 0
2019/10/17-14:54:13.542832 7fc3a9fcb700 Options.compaction_options_fifo.ttl: 0
2019/10/17-14:54:13.542833 7fc3a9fcb700                   Options.table_properties_collectors: 
2019/10/17-14:54:13.542833 7fc3a9fcb700                   Options.inplace_update_support: 0
2019/10/17-14:54:13.542834 7fc3a9fcb700                 Options.inplace_update_num_locks: 10000
2019/10/17-14:54:13.542835 7fc3a9fcb700               Options.memtable_prefix_bloom_size_ratio: 0.000000
2019/10/17-14:54:13.542836 7fc3a9fcb700   Options.memtable_huge_page_size: 0
2019/10/17-14:54:13.542837 7fc3a9fcb700                           Options.bloom_locality: 0
2019/10/17-14:54:13.542838 7fc3a9fcb700                    Options.max_successive_merges: 0
2019/10/17-14:54:13.542839 7fc3a9fcb700                Options.optimize_filters_for_hits: 0
2019/10/17-14:54:13.542840 7fc3a9fcb700                Options.paranoid_file_checks: 0
2019/10/17-14:54:13.542840 7fc3a9fcb700                Options.force_consistency_checks: 0
2019/10/17-14:54:13.542841 7fc3a9fcb700                Options.report_bg_io_stats: 0
2019/10/17-14:54:13.542842 7fc3a9fcb700                               Options.ttl: 0
2019/10/17-14:54:13.542870 7fc3a9fcb700 [db/column_family.cc:472] --------------- Options for column family [active_gateways]:
2019/10/17-14:54:13.542871 7fc3a9fcb700               Options.comparator: leveldb.BytewiseComparator
2019/10/17-14:54:13.542872 7fc3a9fcb700           Options.merge_operator: None
2019/10/17-14:54:13.542873 7fc3a9fcb700        Options.compaction_filter: None
2019/10/17-14:54:13.542874 7fc3a9fcb700        Options.compaction_filter_factory: None
2019/10/17-14:54:13.542874 7fc3a9fcb700         Options.memtable_factory: SkipListFactory
2019/10/17-14:54:13.542875 7fc3a9fcb700            Options.table_factory: BlockBasedTable
2019/10/17-14:54:13.542886 7fc3a9fcb700            table_factory options:   flush_block_policy_factory: FlushBlockBySizePolicyFactory (0x7fc3500a06b0)
  cache_index_and_filter_blocks: 0
  cache_index_and_filter_blocks_with_high_priority: 0
  pin_l0_filter_and_index_blocks_in_cache: 0
  pin_top_level_index_and_filter: 1
  index_type: 0
  hash_index_allow_collision: 1
  checksum: 1
  no_block_cache: 0
  block_cache: 0x7fc350000b90
  block_cache_name: LRUCache
  block_cache_options:
    capacity : 8388608
    num_shard_bits : 4
    strict_capacity_limit : 0
    memory_allocator : None
    high_pri_pool_ratio: 0.000
  block_cache_compressed: (nil)
  persistent_cache: (nil)
  block_size: 4096
  block_size_deviation: 10
  block_restart_interval: 16
  index_block_restart_interval: 1
  metadata_block_size: 4096
  partition_filters: 0
  use_delta_encoding: 1
  filter_policy: nullptr
  whole_key_filtering: 1
  verify_compression: 0
  read_amp_bytes_per_bit: 0
  format_version: 2
  enable_index_compression: 1
  block_align: 0
2019/10/17-14:54:13.542893 7fc3a9fcb700        Options.write_buffer_size: 67108864
2019/10/17-14:54:13.542894 7fc3a9fcb700  Options.max_write_buffer_number: 2
2019/10/17-14:54:13.542895 7fc3a9fcb700          Options.compression: NoCompression
2019/10/17-14:54:13.542896 7fc3a9fcb700                  Options.bottommost_compression: Disabled
2019/10/17-14:54:13.542897 7fc3a9fcb700       Options.prefix_extractor: nullptr
2019/10/17-14:54:13.542897 7fc3a9fcb700   Options.memtable_insert_with_hint_prefix_extractor: nullptr
2019/10/17-14:54:13.542898 7fc3a9fcb700             Options.num_levels: 7
2019/10/17-14:54:13.542899 7fc3a9fcb700        Options.min_write_buffer_number_to_merge: 1
2019/10/17-14:54:13.542900 7fc3a9fcb700     Options.max_write_buffer_number_to_maintain: 0
2019/10/17-14:54:13.542900 7fc3a9fcb700            Options.bottommost_compression_opts.window_bits: -14
2019/10/17-14:54:13.542901 7fc3a9fcb700                  Options.bottommost_compression_opts.level: 32767
2019/10/17-14:54:13.542902 7fc3a9fcb700               Options.bottommost_compression_opts.strategy: 0
2019/10/17-14:54:13.542903 7fc3a9fcb700         Options.bottommost_compression_opts.max_dict_bytes: 0
2019/10/17-14:54:13.542904 7fc3a9fcb700         Options.bottommost_compression_opts.zstd_max_train_bytes: 0
2019/10/17-14:54:13.542904 7fc3a9fcb700                  Options.bottommost_compression_opts.enabled: false
2019/10/17-14:54:13.542905 7fc3a9fcb700            Options.compression_opts.window_bits: -14
2019/10/17-14:54:13.542906 7fc3a9fcb700                  Options.compression_opts.level: 32767
2019/10/17-14:54:13.542907 7fc3a9fcb700               Options.compression_opts.strategy: 0
2019/10/17-14:54:13.542907 7fc3a9fcb700         Options.compression_opts.max_dict_bytes: 0
2019/10/17-14:54:13.542908 7fc3a9fcb700         Options.compression_opts.zstd_max_train_bytes: 0
2019/10/17-14:54:13.542909 7fc3a9fcb700                  Options.compression_opts.enabled: false
2019/10/17-14:54:13.542910 7fc3a9fcb700      Options.level0_file_num_compaction_trigger: 4
2019/10/17-14:54:13.542911 7fc3a9fcb700          Options.level0_slowdown_writes_trigger: 20
2019/10/17-14:54:13.542911 7fc3a9fcb700              Options.level0_stop_writes_trigger: 36
2019/10/17-14:54:13.542912 7fc3a9fcb700                   Options.target_file_size_base: 67108864
2019/10/17-14:54:13.542913 7fc3a9fcb700             Options.target_file_size_multiplier: 1
2019/10/17-14:54:13.542914 7fc3a9fcb700                Options.max_bytes_for_level_base: 268435456
2019/10/17-14:54:13.542914 7fc3a9fcb700 Options.level_compaction_dynamic_level_bytes: 0
2019/10/17-14:54:13.542915 7fc3a9fcb700          Options.max_bytes_for_level_multiplier: 10.000000
2019/10/17-14:54:13.542917 7fc3a9fcb700 Options.max_bytes_for_level_multiplier_addtl[0]: 1
2019/10/17-14:54:13.542917 7fc3a9fcb700 Options.max_bytes_for_level_multiplier_addtl[1]: 1
2019/10/17-14:54:13.542918 7fc3a9fcb700 Options.max_bytes_for_level_multiplier_addtl[2]: 1
2019/10/17-14:54:13.542919 7fc3a9fcb700 Options.max_bytes_for_level_multiplier_addtl[3]: 1
2019/10/17-14:54:13.542920 7fc3a9fcb700 Options.max_bytes_for_level_multiplier_addtl[4]: 1
2019/10/17-14:54:13.542921 7fc3a9fcb700 Options.max_bytes_for_level_multiplier_addtl[5]: 1
2019/10/17-14:54:13.542921 7fc3a9fcb700 Options.max_bytes_for_level_multiplier_addtl[6]: 1
2019/10/17-14:54:13.542922 7fc3a9fcb700       Options.max_sequential_skip_in_iterations: 8
2019/10/17-14:54:13.542927 7fc3a9fcb700                    Options.max_compaction_bytes: 1677721600
2019/10/17-14:54:13.542928 7fc3a9fcb700                        Options.arena_block_size: 8388608
2019/10/17-14:54:13.542928 7fc3a9fcb700   Options.soft_pending_compaction_bytes_limit: 68719476736
2019/10/17-14:54:13.542929 7fc3a9fcb700   Options.hard_pending_compaction_bytes_limit: 274877906944
2019/10/17-14:54:13.542930 7fc3a9fcb700       Options.rate_limit_delay_max_milliseconds: 100
2019/10/17-14:54:13.542931 7fc3a9fcb700                Options.disable_auto_compactions: 0
2019/10/17-14:54:13.542932 7fc3a9fcb700                        Options.compaction_style: kCompactionStyleLevel
2019/10/17-14:54:13.542933 7fc3a9fcb700                          Options.compaction_pri: kByCompensatedSize
2019/10/17-14:54:13.542934 7fc3a9fcb700 Options.compaction_options_universal.size_ratio: 1
2019/10/17-14:54:13.542935 7fc3a9fcb700 Options.compaction_options_universal.min_merge_width: 2
2019/10/17-14:54:13.542935 7fc3a9fcb700 Options.compaction_options_universal.max_merge_width: 4294967295
2019/10/17-14:54:13.542936 7fc3a9fcb700 Options.compaction_options_universal.max_size_amplification_percent: 200
2019/10/17-14:54:13.542937 7fc3a9fcb700 Options.compaction_options_universal.compression_size_percent: -1
2019/10/17-14:54:13.542938 7fc3a9fcb700 Options.compaction_options_universal.stop_style: kCompactionStopStyleTotalSize
2019/10/17-14:54:13.542939 7fc3a9fcb700 Options.compaction_options_fifo.max_table_files_size: 1073741824
2019/10/17-14:54:13.542940 7fc3a9fcb700 Options.compaction_options_fifo.allow_compaction: 0
2019/10/17-14:54:13.542940 7fc3a9fcb700 Options.compaction_options_fifo.ttl: 0
2019/10/17-14:54:13.542941 7fc3a9fcb700                   Options.table_properties_collectors: 
2019/10/17-14:54:13.542942 7fc3a9fcb700                   Options.inplace_update_support: 0
2019/10/17-14:54:13.542943 7fc3a9fcb700                 Options.inplace_update_num_locks: 10000
2019/10/17-14:54:13.542944 7fc3a9fcb700               Options.memtable_prefix_bloom_size_ratio: 0.000000
2019/10/17-14:54:13.542945 7fc3a9fcb700   Options.memtable_huge_page_size: 0
2019/10/17-14:54:13.542945 7fc3a9fcb700                           Options.bloom_locality: 0
2019/10/17-14:54:13.542946 7fc3a9fcb700                    Options.max_successive_merges: 0
2019/10/17-14:54:13.542947 7fc3a9fcb700                Options.optimize_filters_for_hits: 0
2019/10/17-14:54:13.542948 7fc3a9fcb700                Options.paranoid_file_checks: 0
2019/10/17-14:54:13.542949 7fc3a9fcb700                Options.force_consistency_checks: 0
2019/10/17-14:54:13.542949 7fc3a9fcb700                Options.report_bg_io_stats: 0
2019/10/17-14:54:13.542950 7fc3a9fcb700                               Options.ttl: 0
2019/10/17-14:54:13.542967 7fc3a9fcb700 [db/column_family.cc:472] --------------- Options for column family [entries]:
2019/10/17-14:54:13.542968 7fc3a9fcb700               Options.comparator: leveldb.BytewiseComparator
2019/10/17-14:54:13.542969 7fc3a9fcb700           Options.merge_operator: None
2019/10/17-14:54:13.542970 7fc3a9fcb700        Options.compaction_filter: None
2019/10/17-14:54:13.542971 7fc3a9fcb700        Options.compaction_filter_factory: None
2019/10/17-14:54:13.542971 7fc3a9fcb700         Options.memtable_factory: SkipListFactory
2019/10/17-14:54:13.542972 7fc3a9fcb700            Options.table_factory: BlockBasedTable
2019/10/17-14:54:13.542982 7fc3a9fcb700            table_factory options:   flush_block_policy_factory: FlushBlockBySizePolicyFactory (0x7fc3500d8910)
  cache_index_and_filter_blocks: 0
  cache_index_and_filter_blocks_with_high_priority: 0
  pin_l0_filter_and_index_blocks_in_cache: 0
  pin_top_level_index_and_filter: 1
  index_type: 0
  hash_index_allow_collision: 1
  checksum: 1
  no_block_cache: 0
  block_cache: 0x7fc35002cae0
  block_cache_name: LRUCache
  block_cache_options:
    capacity : 8388608
    num_shard_bits : 4
    strict_capacity_limit : 0
    memory_allocator : None
    high_pri_pool_ratio: 0.000
  block_cache_compressed: (nil)
  persistent_cache: (nil)
  block_size: 4096
  block_size_deviation: 10
  block_restart_interval: 16
  index_block_restart_interval: 1
  metadata_block_size: 4096
  partition_filters: 0
  use_delta_encoding: 1
  filter_policy: nullptr
  whole_key_filtering: 1
  verify_compression: 0
  read_amp_bytes_per_bit: 0
  format_version: 2
  enable_index_compression: 1
  block_align: 0
2019/10/17-14:54:13.542989 7fc3a9fcb700        Options.write_buffer_size: 67108864
2019/10/17-14:54:13.542990 7fc3a9fcb700  Options.max_write_buffer_number: 2
2019/10/17-14:54:13.542991 7fc3a9fcb700          Options.compression: NoCompression
2019/10/17-14:54:13.542992 7fc3a9fcb700                  Options.bottommost_compression: Disabled
2019/10/17-14:54:13.542992 7fc3a9fcb700       Options.prefix_extractor: nullptr
2019/10/17-14:54:13.542993 7fc3a9fcb700   Options.memtable_insert_with_hint_prefix_extractor: nullptr
2019/10/17-14:54:13.542994 7fc3a9fcb700             Options.num_levels: 7
2019/10/17-14:54:13.542995 7fc3a9fcb700        Options.min_write_buffer_number_to_merge: 1
2019/10/17-14:54:13.542996 7fc3a9fcb700     Options.max_write_buffer_number_to_maintain: 0
2019/10/17-14:54:13.542996 7fc3a9fcb700            Options.bottommost_compression_opts.window_bits: -14
2019/10/17-14:54:13.542997 7fc3a9fcb700                  Options.bottommost_compression_opts.level: 32767
2019/10/17-14:54:13.542998 7fc3a9fcb700               Options.bottommost_compression_opts.strategy: 0
2019/10/17-14:54:13.542999 7fc3a9fcb700         Options.bottommost_compression_opts.max_dict_bytes: 0
2019/10/17-14:54:13.542999 7fc3a9fcb700         Options.bottommost_compression_opts.zstd_max_train_bytes: 0
2019/10/17-14:54:13.543000 7fc3a9fcb700                  Options.bottommost_compression_opts.enabled: false
2019/10/17-14:54:13.543001 7fc3a9fcb700            Options.compression_opts.window_bits: -14
2019/10/17-14:54:13.543002 7fc3a9fcb700                  Options.compression_opts.level: 32767
2019/10/17-14:54:13.543003 7fc3a9fcb700               Options.compression_opts.strategy: 0
2019/10/17-14:54:13.543003 7fc3a9fcb700         Options.compression_opts.max_dict_bytes: 0
2019/10/17-14:54:13.543004 7fc3a9fcb700         Options.compression_opts.zstd_max_train_bytes: 0
2019/10/17-14:54:13.543005 7fc3a9fcb700                  Options.compression_opts.enabled: false
2019/10/17-14:54:13.543006 7fc3a9fcb700      Options.level0_file_num_compaction_trigger: 4
2019/10/17-14:54:13.543006 7fc3a9fcb700          Options.level0_slowdown_writes_trigger: 20
2019/10/17-14:54:13.543007 7fc3a9fcb700              Options.level0_stop_writes_trigger: 36
2019/10/17-14:54:13.543008 7fc3a9fcb700                   Options.target_file_size_base: 67108864
2019/10/17-14:54:13.543009 7fc3a9fcb700             Options.target_file_size_multiplier: 1
2019/10/17-14:54:13.543009 7fc3a9fcb700                Options.max_bytes_for_level_base: 268435456
2019/10/17-14:54:13.543010 7fc3a9fcb700 Options.level_compaction_dynamic_level_bytes: 0
2019/10/17-14:54:13.543011 7fc3a9fcb700          Options.max_bytes_for_level_multiplier: 10.000000
2019/10/17-14:54:13.543012 7fc3a9fcb700 Options.max_bytes_for_level_multiplier_addtl[0]: 1
2019/10/17-14:54:13.543013 7fc3a9fcb700 Options.max_bytes_for_level_multiplier_addtl[1]: 1
2019/10/17-14:54:13.543014 7fc3a9fcb700 Options.max_bytes_for_level_multiplier_addtl[2]: 1
2019/10/17-14:54:13.543015 7fc3a9fcb700 Options.max_bytes_for_level_multiplier_addtl[3]: 1
2019/10/17-14:54:13.543016 7fc3a9fcb700 Options.max_bytes_for_level_multiplier_addtl[4]: 1
2019/10/17-14:54:13.543016 7fc3a9fcb700 Options.max_bytes_for_level_multiplier_addtl[5]: 1
2019/10/17-14:54:13.543017 7fc3a9fcb700 Options.max_bytes_for_level_multiplier_addtl[6]: 1
2019/10/17-14:54:13.543018 7fc3a9fcb700       Options.max_sequential_skip_in_iterations: 8
2019/10/17-14:54:13.543019 7fc3a9fcb700                    Options.max_compaction_bytes: 1677721600
2019/10/17-14:54:13.543020 7fc3a9fcb700                        Options.arena_block_size: 8388608
2019/10/17-14:54:13.543020 7fc3a9fcb700   Options.soft_pending_compaction_bytes_limit: 68719476736
2019/10/17-14:54:13.543025 7fc3a9fcb700   Options.hard_pending_compaction_bytes_limit: 274877906944
2019/10/17-14:54:13.543026 7fc3a9fcb700       Options.rate_limit_delay_max_milliseconds: 100
2019/10/17-14:54:13.543027 7fc3a9fcb700                Options.disable_auto_compactions: 0
2019/10/17-14:54:13.543028 7fc3a9fcb700                        Options.compaction_style: kCompactionStyleLevel
2019/10/17-14:54:13.543029 7fc3a9fcb700                          Options.compaction_pri: kByCompensatedSize
2019/10/17-14:54:13.543030 7fc3a9fcb700 Options.compaction_options_universal.size_ratio: 1
2019/10/17-14:54:13.543030 7fc3a9fcb700 Options.compaction_options_universal.min_merge_width: 2
2019/10/17-14:54:13.543031 7fc3a9fcb700 Options.compaction_options_universal.max_merge_width: 4294967295
2019/10/17-14:54:13.543032 7fc3a9fcb700 Options.compaction_options_universal.max_size_amplification_percent: 200
2019/10/17-14:54:13.543033 7fc3a9fcb700 Options.compaction_options_universal.compression_size_percent: -1
2019/10/17-14:54:13.543034 7fc3a9fcb700 Options.compaction_options_universal.stop_style: kCompactionStopStyleTotalSize
2019/10/17-14:54:13.543034 7fc3a9fcb700 Options.compaction_options_fifo.max_table_files_size: 1073741824
2019/10/17-14:54:13.543035 7fc3a9fcb700 Options.compaction_options_fifo.allow_compaction: 0
2019/10/17-14:54:13.543036 7fc3a9fcb700 Options.compaction_options_fifo.ttl: 0
2019/10/17-14:54:13.543037 7fc3a9fcb700                   Options.table_properties_collectors: 
2019/10/17-14:54:13.543037 7fc3a9fcb700                   Options.inplace_update_support: 0
2019/10/17-14:54:13.543038 7fc3a9fcb700                 Options.inplace_update_num_locks: 10000
2019/10/17-14:54:13.543039 7fc3a9fcb700               Options.memtable_prefix_bloom_size_ratio: 0.000000
2019/10/17-14:54:13.543040 7fc3a9fcb700   Options.memtable_huge_page_size: 0
2019/10/17-14:54:13.543041 7fc3a9fcb700                           Options.bloom_locality: 0
2019/10/17-14:54:13.543042 7fc3a9fcb700                    Options.max_successive_merges: 0
2019/10/17-14:54:13.543042 7fc3a9fcb700                Options.optimize_filters_for_hits: 0
2019/10/17-14:54:13.543043 7fc3a9fcb700                Options.paranoid_file_checks: 0
2019/10/17-14:54:13.543044 7fc3a9fcb700                Options.force_consistency_checks: 0
2019/10/17-14:54:13.543045 7fc3a9fcb700                Options.report_bg_io_stats: 0
2019/10/17-14:54:13.543045 7fc3a9fcb700                               Options.ttl: 0
2019/10/17-14:54:13.543061 7fc3a9fcb700 [db/column_family.cc:472] --------------- Options for column family [dc_entries]:
2019/10/17-14:54:13.543062 7fc3a9fcb700               Options.comparator: leveldb.BytewiseComparator
2019/10/17-14:54:13.543063 7fc3a9fcb700           Options.merge_operator: None
2019/10/17-14:54:13.543064 7fc3a9fcb700        Options.compaction_filter: None
2019/10/17-14:54:13.543065 7fc3a9fcb700        Options.compaction_filter_factory: None
2019/10/17-14:54:13.543065 7fc3a9fcb700         Options.memtable_factory: SkipListFactory
2019/10/17-14:54:13.543066 7fc3a9fcb700            Options.table_factory: BlockBasedTable
2019/10/17-14:54:13.543076 7fc3a9fcb700            table_factory options:   flush_block_policy_factory: FlushBlockBySizePolicyFactory (0x7fc3500895e0)
  cache_index_and_filter_blocks: 0
  cache_index_and_filter_blocks_with_high_priority: 0
  pin_l0_filter_and_index_blocks_in_cache: 0
  pin_top_level_index_and_filter: 1
  index_type: 0
  hash_index_allow_collision: 1
  checksum: 1
  no_block_cache: 0
  block_cache: 0x7fc3501033f0
  block_cache_name: LRUCache
  block_cache_options:
    capacity : 8388608
    num_shard_bits : 4
    strict_capacity_limit : 0
    memory_allocator : None
    high_pri_pool_ratio: 0.000
  block_cache_compressed: (nil)
  persistent_cache: (nil)
  block_size: 4096
  block_size_deviation: 10
  block_restart_interval: 16
  index_block_restart_interval: 1
  metadata_block_size: 4096
  partition_filters: 0
  use_delta_encoding: 1
  filter_policy: nullptr
  whole_key_filtering: 1
  verify_compression: 0
  read_amp_bytes_per_bit: 0
  format_version: 2
  enable_index_compression: 1
  block_align: 0
2019/10/17-14:54:13.543082 7fc3a9fcb700        Options.write_buffer_size: 67108864
2019/10/17-14:54:13.543083 7fc3a9fcb700  Options.max_write_buffer_number: 2
2019/10/17-14:54:13.543084 7fc3a9fcb700          Options.compression: NoCompression
2019/10/17-14:54:13.543085 7fc3a9fcb700                  Options.bottommost_compression: Disabled
2019/10/17-14:54:13.543085 7fc3a9fcb700       Options.prefix_extractor: nullptr
2019/10/17-14:54:13.543086 7fc3a9fcb700   Options.memtable_insert_with_hint_prefix_extractor: nullptr
2019/10/17-14:54:13.543087 7fc3a9fcb700             Options.num_levels: 7
2019/10/17-14:54:13.543088 7fc3a9fcb700        Options.min_write_buffer_number_to_merge: 1
2019/10/17-14:54:13.543088 7fc3a9fcb700     Options.max_write_buffer_number_to_maintain: 0
2019/10/17-14:54:13.543089 7fc3a9fcb700            Options.bottommost_compression_opts.window_bits: -14
2019/10/17-14:54:13.543090 7fc3a9fcb700                  Options.bottommost_compression_opts.level: 32767
2019/10/17-14:54:13.543091 7fc3a9fcb700               Options.bottommost_compression_opts.strategy: 0
2019/10/17-14:54:13.543091 7fc3a9fcb700         Options.bottommost_compression_opts.max_dict_bytes: 0
2019/10/17-14:54:13.543092 7fc3a9fcb700         Options.bottommost_compression_opts.zstd_max_train_bytes: 0
2019/10/17-14:54:13.543093 7fc3a9fcb700                  Options.bottommost_compression_opts.enabled: false
2019/10/17-14:54:13.543094 7fc3a9fcb700            Options.compression_opts.window_bits: -14
2019/10/17-14:54:13.543095 7fc3a9fcb700                  Options.compression_opts.level: 32767
2019/10/17-14:54:13.543095 7fc3a9fcb700               Options.compression_opts.strategy: 0
2019/10/17-14:54:13.543096 7fc3a9fcb700         Options.compression_opts.max_dict_bytes: 0
2019/10/17-14:54:13.543097 7fc3a9fcb700         Options.compression_opts.zstd_max_train_bytes: 0
2019/10/17-14:54:13.543098 7fc3a9fcb700                  Options.compression_opts.enabled: false
2019/10/17-14:54:13.543098 7fc3a9fcb700      Options.level0_file_num_compaction_trigger: 4
2019/10/17-14:54:13.543099 7fc3a9fcb700          Options.level0_slowdown_writes_trigger: 20
2019/10/17-14:54:13.543100 7fc3a9fcb700              Options.level0_stop_writes_trigger: 36
2019/10/17-14:54:13.543101 7fc3a9fcb700                   Options.target_file_size_base: 67108864
2019/10/17-14:54:13.543102 7fc3a9fcb700             Options.target_file_size_multiplier: 1
2019/10/17-14:54:13.543102 7fc3a9fcb700                Options.max_bytes_for_level_base: 268435456
2019/10/17-14:54:13.543103 7fc3a9fcb700 Options.level_compaction_dynamic_level_bytes: 0
2019/10/17-14:54:13.543104 7fc3a9fcb700          Options.max_bytes_for_level_multiplier: 10.000000
2019/10/17-14:54:13.543105 7fc3a9fcb700 Options.max_bytes_for_level_multiplier_addtl[0]: 1
2019/10/17-14:54:13.543106 7fc3a9fcb700 Options.max_bytes_for_level_multiplier_addtl[1]: 1
2019/10/17-14:54:13.543107 7fc3a9fcb700 Options.max_bytes_for_level_multiplier_addtl[2]: 1
2019/10/17-14:54:13.543108 7fc3a9fcb700 Options.max_bytes_for_level_multiplier_addtl[3]: 1
2019/10/17-14:54:13.543108 7fc3a9fcb700 Options.max_bytes_for_level_multiplier_addtl[4]: 1
2019/10/17-14:54:13.543109 7fc3a9fcb700 Options.max_bytes_for_level_multiplier_addtl[5]: 1
2019/10/17-14:54:13.543110 7fc3a9fcb700 Options.max_bytes_for_level_multiplier_addtl[6]: 1
2019/10/17-14:54:13.543111 7fc3a9fcb700       Options.max_sequential_skip_in_iterations: 8
2019/10/17-14:54:13.543112 7fc3a9fcb700                    Options.max_compaction_bytes: 1677721600
2019/10/17-14:54:13.543112 7fc3a9fcb700                        Options.arena_block_size: 8388608
2019/10/17-14:54:13.543113 7fc3a9fcb700   Options.soft_pending_compaction_bytes_limit: 68719476736
2019/10/17-14:54:13.543114 7fc3a9fcb700   Options.hard_pending_compaction_bytes_limit: 274877906944
2019/10/17-14:54:13.543115 7fc3a9fcb700       Options.rate_limit_delay_max_milliseconds: 100
2019/10/17-14:54:13.543116 7fc3a9fcb700                Options.disable_auto_compactions: 0
2019/10/17-14:54:13.543120 7fc3a9fcb700                        Options.compaction_style: kCompactionStyleLevel
2019/10/17-14:54:13.543121 7fc3a9fcb700                          Options.compaction_pri: kByCompensatedSize
2019/10/17-14:54:13.543122 7fc3a9fcb700 Options.compaction_options_universal.size_ratio: 1
2019/10/17-14:54:13.543123 7fc3a9fcb700 Options.compaction_options_universal.min_merge_width: 2
2019/10/17-14:54:13.543124 7fc3a9fcb700 Options.compaction_options_universal.max_merge_width: 4294967295
2019/10/17-14:54:13.543124 7fc3a9fcb700 Options.compaction_options_universal.max_size_amplification_percent: 200
2019/10/17-14:54:13.543125 7fc3a9fcb700 Options.compaction_options_universal.compression_size_percent: -1
2019/10/17-14:54:13.543126 7fc3a9fcb700 Options.compaction_options_universal.stop_style: kCompactionStopStyleTotalSize
2019/10/17-14:54:13.543127 7fc3a9fcb700 Options.compaction_options_fifo.max_table_files_size: 1073741824
2019/10/17-14:54:13.543128 7fc3a9fcb700 Options.compaction_options_fifo.allow_compaction: 0
2019/10/17-14:54:13.543128 7fc3a9fcb700 Options.compaction_options_fifo.ttl: 0
2019/10/17-14:54:13.543129 7fc3a9fcb700                   Options.table_properties_collectors: 
2019/10/17-14:54:13.543130 7fc3a9fcb700                   Options.inplace_update_support: 0
2019/10/17-14:54:13.543131 7fc3a9fcb700                 Options.inplace_update_num_locks: 10000
2019/10/17-14:54:13.543132 7fc3a9fcb700               Options.memtable_prefix_bloom_size_ratio: 0.000000
2019/10/17-14:54:13.543133 7fc3a9fcb700   Options.memtable_huge_page_size: 0
2019/10/17-14:54:13.543133 7fc3a9fcb700                           Options.bloom_locality: 0
2019/10/17-14:54:13.543134 7fc3a9fcb700                    Options.max_successive_merges: 0
2019/10/17-14:54:13.543135 7fc3a9fcb700                Options.optimize_filters_for_hits: 0
2019/10/17-14:54:13.543136 7fc3a9fcb700                Options.paranoid_file_checks: 0
2019/10/17-14:54:13.543137 7fc3a9fcb700                Options.force_consistency_checks: 0
2019/10/17-14:54:13.543137 7fc3a9fcb700                Options.report_bg_io_stats: 0
2019/10/17-14:54:13.543138 7fc3a9fcb700                               Options.ttl: 0
2019/10/17-14:54:13.543150 7fc3a9fcb700 [db/column_family.cc:472] --------------- Options for column family [htlcs]:
2019/10/17-14:54:13.543152 7fc3a9fcb700               Options.comparator: leveldb.BytewiseComparator
2019/10/17-14:54:13.543153 7fc3a9fcb700           Options.merge_operator: None
2019/10/17-14:54:13.543153 7fc3a9fcb700        Options.compaction_filter: None
2019/10/17-14:54:13.543154 7fc3a9fcb700        Options.compaction_filter_factory: None
2019/10/17-14:54:13.543155 7fc3a9fcb700         Options.memtable_factory: SkipListFactory
2019/10/17-14:54:13.543156 7fc3a9fcb700            Options.table_factory: BlockBasedTable
2019/10/17-14:54:13.543165 7fc3a9fcb700            table_factory options:   flush_block_policy_factory: FlushBlockBySizePolicyFactory (0x7fc350066980)
