2019/10/17-14:55:04.917238 7fc3a9fcb700 RocksDB version: 5.18.3
2019/10/17-14:55:04.917266 7fc3a9fcb700 Git sha rocksdb_build_git_sha:@0@
2019/10/17-14:55:04.917268 7fc3a9fcb700 Compile date Sep 19 2019
2019/10/17-14:55:04.917269 7fc3a9fcb700 DB SUMMARY
2019/10/17-14:55:04.917875 7fc3a9fcb700 CURRENT file:  CURRENT
2019/10/17-14:55:04.917876 7fc3a9fcb700 IDENTITY file:  IDENTITY
2019/10/17-14:55:04.917901 7fc3a9fcb700 MANIFEST file:  MANIFEST-116290 size: 4114 Bytes
2019/10/17-14:55:04.917902 7fc3a9fcb700 SST files in /home/rahul/dev/blockchain-core/eqc/ledger.db dir, Total Num: 29, files: 000624.sst 000627.sst 106940.sst 108447.sst 108450.sst 109471.sst 109483.sst 109485.sst 109486.sst 
2019/10/17-14:55:04.917903 7fc3a9fcb700 Write Ahead Log file in /home/rahul/dev/blockchain-core/eqc/ledger.db: 116291.log size: 0 ; 
2019/10/17-14:55:04.917933 7fc3a9fcb700                         Options.error_if_exists: 0
2019/10/17-14:55:04.917934 7fc3a9fcb700                       Options.create_if_missing: 1
2019/10/17-14:55:04.917935 7fc3a9fcb700                         Options.paranoid_checks: 1
2019/10/17-14:55:04.917935 7fc3a9fcb700                                     Options.env: 0x7fc32ae1fc60
2019/10/17-14:55:04.917936 7fc3a9fcb700                                Options.info_log: 0x7fc350078410
2019/10/17-14:55:04.917937 7fc3a9fcb700                Options.max_file_opening_threads: 16
2019/10/17-14:55:04.917937 7fc3a9fcb700                              Options.statistics: (nil)
2019/10/17-14:55:04.917938 7fc3a9fcb700                               Options.use_fsync: 0
2019/10/17-14:55:04.917939 7fc3a9fcb700                       Options.max_log_file_size: 0
2019/10/17-14:55:04.917939 7fc3a9fcb700                  Options.max_manifest_file_size: 1073741824
2019/10/17-14:55:04.917940 7fc3a9fcb700                   Options.log_file_time_to_roll: 0
2019/10/17-14:55:04.917941 7fc3a9fcb700                       Options.keep_log_file_num: 1000
2019/10/17-14:55:04.917942 7fc3a9fcb700                    Options.recycle_log_file_num: 0
2019/10/17-14:55:04.917942 7fc3a9fcb700                         Options.allow_fallocate: 1
2019/10/17-14:55:04.917943 7fc3a9fcb700                        Options.allow_mmap_reads: 0
2019/10/17-14:55:04.917944 7fc3a9fcb700                       Options.allow_mmap_writes: 0
2019/10/17-14:55:04.917944 7fc3a9fcb700                        Options.use_direct_reads: 0
2019/10/17-14:55:04.917945 7fc3a9fcb700                        Options.use_direct_io_for_flush_and_compaction: 0
2019/10/17-14:55:04.917946 7fc3a9fcb700          Options.create_missing_column_families: 0
2019/10/17-14:55:04.917946 7fc3a9fcb700                              Options.db_log_dir: 
2019/10/17-14:55:04.917947 7fc3a9fcb700                                 Options.wal_dir: /home/rahul/dev/blockchain-core/eqc/ledger.db
2019/10/17-14:55:04.917948 7fc3a9fcb700                Options.table_cache_numshardbits: 6
2019/10/17-14:55:04.917948 7fc3a9fcb700                      Options.max_subcompactions: 1
2019/10/17-14:55:04.917949 7fc3a9fcb700                  Options.max_background_flushes: -1
2019/10/17-14:55:04.917950 7fc3a9fcb700                         Options.WAL_ttl_seconds: 0
2019/10/17-14:55:04.917950 7fc3a9fcb700                       Options.WAL_size_limit_MB: 0
2019/10/17-14:55:04.917951 7fc3a9fcb700             Options.manifest_preallocation_size: 4194304
2019/10/17-14:55:04.917952 7fc3a9fcb700                     Options.is_fd_close_on_exec: 1
2019/10/17-14:55:04.917952 7fc3a9fcb700                   Options.advise_random_on_open: 1
2019/10/17-14:55:04.917953 7fc3a9fcb700                    Options.db_write_buffer_size: 0
2019/10/17-14:55:04.917954 7fc3a9fcb700                    Options.write_buffer_manager: 0x7fc3500d65a0
2019/10/17-14:55:04.917954 7fc3a9fcb700         Options.access_hint_on_compaction_start: 1
2019/10/17-14:55:04.917955 7fc3a9fcb700  Options.new_table_reader_for_compaction_inputs: 0
2019/10/17-14:55:04.917956 7fc3a9fcb700           Options.random_access_max_buffer_size: 1048576
2019/10/17-14:55:04.917956 7fc3a9fcb700                      Options.use_adaptive_mutex: 0
2019/10/17-14:55:04.917957 7fc3a9fcb700                            Options.rate_limiter: (nil)
2019/10/17-14:55:04.917964 7fc3a9fcb700     Options.sst_file_manager.rate_bytes_per_sec: 0
2019/10/17-14:55:04.917965 7fc3a9fcb700                       Options.wal_recovery_mode: 2
2019/10/17-14:55:04.917966 7fc3a9fcb700                  Options.enable_thread_tracking: 0
2019/10/17-14:55:04.917966 7fc3a9fcb700                  Options.enable_pipelined_write: 0
2019/10/17-14:55:04.917967 7fc3a9fcb700         Options.allow_concurrent_memtable_write: 1
2019/10/17-14:55:04.917968 7fc3a9fcb700      Options.enable_write_thread_adaptive_yield: 1
2019/10/17-14:55:04.917968 7fc3a9fcb700             Options.write_thread_max_yield_usec: 100
2019/10/17-14:55:04.917969 7fc3a9fcb700            Options.write_thread_slow_yield_usec: 3
2019/10/17-14:55:04.917970 7fc3a9fcb700                               Options.row_cache: None
2019/10/17-14:55:04.917970 7fc3a9fcb700                              Options.wal_filter: None
2019/10/17-14:55:04.917971 7fc3a9fcb700             Options.avoid_flush_during_recovery: 0
2019/10/17-14:55:04.917972 7fc3a9fcb700             Options.allow_ingest_behind: 0
2019/10/17-14:55:04.917972 7fc3a9fcb700             Options.preserve_deletes: 0
2019/10/17-14:55:04.917973 7fc3a9fcb700             Options.two_write_queues: 0
2019/10/17-14:55:04.917974 7fc3a9fcb700             Options.manual_wal_flush: 0
2019/10/17-14:55:04.917974 7fc3a9fcb700             Options.max_background_jobs: 2
2019/10/17-14:55:04.917975 7fc3a9fcb700             Options.max_background_compactions: -1
2019/10/17-14:55:04.917976 7fc3a9fcb700             Options.avoid_flush_during_shutdown: 0
2019/10/17-14:55:04.917976 7fc3a9fcb700           Options.writable_file_max_buffer_size: 1048576
2019/10/17-14:55:04.917977 7fc3a9fcb700             Options.delayed_write_rate : 16777216
2019/10/17-14:55:04.917978 7fc3a9fcb700             Options.max_total_wal_size: 0
2019/10/17-14:55:04.917978 7fc3a9fcb700             Options.delete_obsolete_files_period_micros: 21600000000
2019/10/17-14:55:04.917979 7fc3a9fcb700                   Options.stats_dump_period_sec: 600
2019/10/17-14:55:04.917980 7fc3a9fcb700                          Options.max_open_files: -1
2019/10/17-14:55:04.917980 7fc3a9fcb700                          Options.bytes_per_sync: 0
2019/10/17-14:55:04.917981 7fc3a9fcb700                      Options.wal_bytes_per_sync: 0
2019/10/17-14:55:04.917982 7fc3a9fcb700       Options.compaction_readahead_size: 0
2019/10/17-14:55:04.917982 7fc3a9fcb700 Compression algorithms supported:
2019/10/17-14:55:04.917983 7fc3a9fcb700 	kZSTDNotFinalCompression supported: 0
2019/10/17-14:55:04.917984 7fc3a9fcb700 	kZSTD supported: 0
2019/10/17-14:55:04.917985 7fc3a9fcb700 	kXpressCompression supported: 0
2019/10/17-14:55:04.917986 7fc3a9fcb700 	kLZ4HCCompression supported: 0
2019/10/17-14:55:04.917987 7fc3a9fcb700 	kLZ4Compression supported: 0
2019/10/17-14:55:04.917987 7fc3a9fcb700 	kBZip2Compression supported: 0
2019/10/17-14:55:04.917988 7fc3a9fcb700 	kZlibCompression supported: 0
2019/10/17-14:55:04.917989 7fc3a9fcb700 	kSnappyCompression supported: 0
2019/10/17-14:55:04.917990 7fc3a9fcb700 Fast CRC32 supported: Supported on x86
2019/10/17-14:55:04.918070 7fc3a9fcb700 [db/version_set.cc:3507] Recovering from manifest file: MANIFEST-116290
2019/10/17-14:55:04.918098 7fc3a9fcb700 [db/column_family.cc:472] --------------- Options for column family [default]:
2019/10/17-14:55:04.918100 7fc3a9fcb700               Options.comparator: leveldb.BytewiseComparator
2019/10/17-14:55:04.918100 7fc3a9fcb700           Options.merge_operator: None
2019/10/17-14:55:04.918101 7fc3a9fcb700        Options.compaction_filter: None
2019/10/17-14:55:04.918102 7fc3a9fcb700        Options.compaction_filter_factory: None
2019/10/17-14:55:04.918103 7fc3a9fcb700         Options.memtable_factory: SkipListFactory
2019/10/17-14:55:04.918103 7fc3a9fcb700            Options.table_factory: BlockBasedTable
2019/10/17-14:55:04.918115 7fc3a9fcb700            table_factory options:   flush_block_policy_factory: FlushBlockBySizePolicyFactory (0x7fc35007ebe0)
  cache_index_and_filter_blocks: 0
  cache_index_and_filter_blocks_with_high_priority: 0
  pin_l0_filter_and_index_blocks_in_cache: 0
  pin_top_level_index_and_filter: 1
  index_type: 0
  hash_index_allow_collision: 1
  checksum: 1
  no_block_cache: 0
  block_cache: 0x7fc3500add50
  block_cache_name: LRUCache
  block_cache_options:
    capacity : 8388608
    num_shard_bits : 4
    strict_capacity_limit : 0
    memory_allocator : None
    high_pri_pool_ratio: 0.000
  block_cache_compressed: (nil)
  persistent_cache: (nil)
  block_size: 4096
  block_size_deviation: 10
  block_restart_interval: 16
  index_block_restart_interval: 1
  metadata_block_size: 4096
  partition_filters: 0
  use_delta_encoding: 1
  filter_policy: nullptr
  whole_key_filtering: 1
  verify_compression: 0
  read_amp_bytes_per_bit: 0
  format_version: 2
  enable_index_compression: 1
  block_align: 0
2019/10/17-14:55:04.918123 7fc3a9fcb700        Options.write_buffer_size: 67108864
2019/10/17-14:55:04.918124 7fc3a9fcb700  Options.max_write_buffer_number: 2
2019/10/17-14:55:04.918125 7fc3a9fcb700          Options.compression: NoCompression
2019/10/17-14:55:04.918126 7fc3a9fcb700                  Options.bottommost_compression: Disabled
2019/10/17-14:55:04.918126 7fc3a9fcb700       Options.prefix_extractor: nullptr
2019/10/17-14:55:04.918127 7fc3a9fcb700   Options.memtable_insert_with_hint_prefix_extractor: nullptr
2019/10/17-14:55:04.918128 7fc3a9fcb700             Options.num_levels: 7
2019/10/17-14:55:04.918128 7fc3a9fcb700        Options.min_write_buffer_number_to_merge: 1
2019/10/17-14:55:04.918129 7fc3a9fcb700     Options.max_write_buffer_number_to_maintain: 0
2019/10/17-14:55:04.918129 7fc3a9fcb700            Options.bottommost_compression_opts.window_bits: -14
2019/10/17-14:55:04.918130 7fc3a9fcb700                  Options.bottommost_compression_opts.level: 32767
2019/10/17-14:55:04.918131 7fc3a9fcb700               Options.bottommost_compression_opts.strategy: 0
2019/10/17-14:55:04.918132 7fc3a9fcb700         Options.bottommost_compression_opts.max_dict_bytes: 0
2019/10/17-14:55:04.918132 7fc3a9fcb700         Options.bottommost_compression_opts.zstd_max_train_bytes: 0
2019/10/17-14:55:04.918133 7fc3a9fcb700                  Options.bottommost_compression_opts.enabled: false
2019/10/17-14:55:04.918134 7fc3a9fcb700            Options.compression_opts.window_bits: -14
2019/10/17-14:55:04.918134 7fc3a9fcb700                  Options.compression_opts.level: 32767
2019/10/17-14:55:04.918135 7fc3a9fcb700               Options.compression_opts.strategy: 0
2019/10/17-14:55:04.918135 7fc3a9fcb700         Options.compression_opts.max_dict_bytes: 0
2019/10/17-14:55:04.918136 7fc3a9fcb700         Options.compression_opts.zstd_max_train_bytes: 0
2019/10/17-14:55:04.918137 7fc3a9fcb700                  Options.compression_opts.enabled: false
2019/10/17-14:55:04.918137 7fc3a9fcb700      Options.level0_file_num_compaction_trigger: 4
2019/10/17-14:55:04.918138 7fc3a9fcb700          Options.level0_slowdown_writes_trigger: 20
2019/10/17-14:55:04.918139 7fc3a9fcb700              Options.level0_stop_writes_trigger: 36
2019/10/17-14:55:04.918139 7fc3a9fcb700                   Options.target_file_size_base: 67108864
2019/10/17-14:55:04.918140 7fc3a9fcb700             Options.target_file_size_multiplier: 1
2019/10/17-14:55:04.918141 7fc3a9fcb700                Options.max_bytes_for_level_base: 268435456
2019/10/17-14:55:04.918141 7fc3a9fcb700 Options.level_compaction_dynamic_level_bytes: 0
2019/10/17-14:55:04.918142 7fc3a9fcb700          Options.max_bytes_for_level_multiplier: 10.000000
2019/10/17-14:55:04.918144 7fc3a9fcb700 Options.max_bytes_for_level_multiplier_addtl[0]: 1
2019/10/17-14:55:04.918144 7fc3a9fcb700 Options.max_bytes_for_level_multiplier_addtl[1]: 1
2019/10/17-14:55:04.918145 7fc3a9fcb700 Options.max_bytes_for_level_multiplier_addtl[2]: 1
2019/10/17-14:55:04.918146 7fc3a9fcb700 Options.max_bytes_for_level_multiplier_addtl[3]: 1
2019/10/17-14:55:04.918146 7fc3a9fcb700 Options.max_bytes_for_level_multiplier_addtl[4]: 1
2019/10/17-14:55:04.918151 7fc3a9fcb700 Options.max_bytes_for_level_multiplier_addtl[5]: 1
2019/10/17-14:55:04.918152 7fc3a9fcb700 Options.max_bytes_for_level_multiplier_addtl[6]: 1
2019/10/17-14:55:04.918152 7fc3a9fcb700       Options.max_sequential_skip_in_iterations: 8
2019/10/17-14:55:04.918153 7fc3a9fcb700                    Options.max_compaction_bytes: 1677721600
2019/10/17-14:55:04.918154 7fc3a9fcb700                        Options.arena_block_size: 8388608
2019/10/17-14:55:04.918154 7fc3a9fcb700   Options.soft_pending_compaction_bytes_limit: 68719476736
2019/10/17-14:55:04.918155 7fc3a9fcb700   Options.hard_pending_compaction_bytes_limit: 274877906944
2019/10/17-14:55:04.918156 7fc3a9fcb700       Options.rate_limit_delay_max_milliseconds: 100
2019/10/17-14:55:04.918156 7fc3a9fcb700                Options.disable_auto_compactions: 0
2019/10/17-14:55:04.918157 7fc3a9fcb700                        Options.compaction_style: kCompactionStyleLevel
2019/10/17-14:55:04.918158 7fc3a9fcb700                          Options.compaction_pri: kByCompensatedSize
2019/10/17-14:55:04.918159 7fc3a9fcb700 Options.compaction_options_universal.size_ratio: 1
2019/10/17-14:55:04.918160 7fc3a9fcb700 Options.compaction_options_universal.min_merge_width: 2
2019/10/17-14:55:04.918160 7fc3a9fcb700 Options.compaction_options_universal.max_merge_width: 4294967295
2019/10/17-14:55:04.918161 7fc3a9fcb700 Options.compaction_options_universal.max_size_amplification_percent: 200
2019/10/17-14:55:04.918162 7fc3a9fcb700 Options.compaction_options_universal.compression_size_percent: -1
2019/10/17-14:55:04.918163 7fc3a9fcb700 Options.compaction_options_universal.stop_style: kCompactionStopStyleTotalSize
2019/10/17-14:55:04.918163 7fc3a9fcb700 Options.compaction_options_fifo.max_table_files_size: 1073741824
2019/10/17-14:55:04.918164 7fc3a9fcb700 Options.compaction_options_fifo.allow_compaction: 0
2019/10/17-14:55:04.918165 7fc3a9fcb700 Options.compaction_options_fifo.ttl: 0
2019/10/17-14:55:04.918165 7fc3a9fcb700                   Options.table_properties_collectors: 
2019/10/17-14:55:04.918166 7fc3a9fcb700                   Options.inplace_update_support: 0
2019/10/17-14:55:04.918167 7fc3a9fcb700                 Options.inplace_update_num_locks: 10000
2019/10/17-14:55:04.918167 7fc3a9fcb700               Options.memtable_prefix_bloom_size_ratio: 0.000000
2019/10/17-14:55:04.918168 7fc3a9fcb700   Options.memtable_huge_page_size: 0
2019/10/17-14:55:04.918169 7fc3a9fcb700                           Options.bloom_locality: 0
2019/10/17-14:55:04.918170 7fc3a9fcb700                    Options.max_successive_merges: 0
2019/10/17-14:55:04.918170 7fc3a9fcb700                Options.optimize_filters_for_hits: 0
2019/10/17-14:55:04.918171 7fc3a9fcb700                Options.paranoid_file_checks: 0
2019/10/17-14:55:04.918172 7fc3a9fcb700                Options.force_consistency_checks: 0
2019/10/17-14:55:04.918172 7fc3a9fcb700                Options.report_bg_io_stats: 0
2019/10/17-14:55:04.918173 7fc3a9fcb700                               Options.ttl: 0
2019/10/17-14:55:04.918196 7fc3a9fcb700 [db/column_family.cc:472] --------------- Options for column family [active_gateways]:
2019/10/17-14:55:04.918198 7fc3a9fcb700               Options.comparator: leveldb.BytewiseComparator
2019/10/17-14:55:04.918199 7fc3a9fcb700           Options.merge_operator: None
2019/10/17-14:55:04.918199 7fc3a9fcb700        Options.compaction_filter: None
2019/10/17-14:55:04.918200 7fc3a9fcb700        Options.compaction_filter_factory: None
2019/10/17-14:55:04.918201 7fc3a9fcb700         Options.memtable_factory: SkipListFactory
2019/10/17-14:55:04.918201 7fc3a9fcb700            Options.table_factory: BlockBasedTable
2019/10/17-14:55:04.918211 7fc3a9fcb700            table_factory options:   flush_block_policy_factory: FlushBlockBySizePolicyFactory (0x7fc350107020)
  cache_index_and_filter_blocks: 0
  cache_index_and_filter_blocks_with_high_priority: 0
  pin_l0_filter_and_index_blocks_in_cache: 0
  pin_top_level_index_and_filter: 1
  index_type: 0
  hash_index_allow_collision: 1
  checksum: 1
  no_block_cache: 0
  block_cache: 0x7fc350007a80
  block_cache_name: LRUCache
  block_cache_options:
    capacity : 8388608
    num_shard_bits : 4
    strict_capacity_limit : 0
    memory_allocator : None
    high_pri_pool_ratio: 0.000
  block_cache_compressed: (nil)
  persistent_cache: (nil)
  block_size: 4096
  block_size_deviation: 10
  block_restart_interval: 16
  index_block_restart_interval: 1
  metadata_block_size: 4096
  partition_filters: 0
  use_delta_encoding: 1
  filter_policy: nullptr
  whole_key_filtering: 1
  verify_compression: 0
  read_amp_bytes_per_bit: 0
  format_version: 2
  enable_index_compression: 1
  block_align: 0
2019/10/17-14:55:04.918216 7fc3a9fcb700        Options.write_buffer_size: 67108864
2019/10/17-14:55:04.918217 7fc3a9fcb700  Options.max_write_buffer_number: 2
2019/10/17-14:55:04.918218 7fc3a9fcb700          Options.compression: NoCompression
2019/10/17-14:55:04.918218 7fc3a9fcb700                  Options.bottommost_compression: Disabled
2019/10/17-14:55:04.918219 7fc3a9fcb700       Options.prefix_extractor: nullptr
2019/10/17-14:55:04.918220 7fc3a9fcb700   Options.memtable_insert_with_hint_prefix_extractor: nullptr
2019/10/17-14:55:04.918220 7fc3a9fcb700             Options.num_levels: 7
2019/10/17-14:55:04.918221 7fc3a9fcb700        Options.min_write_buffer_number_to_merge: 1
2019/10/17-14:55:04.918221 7fc3a9fcb700     Options.max_write_buffer_number_to_maintain: 0
2019/10/17-14:55:04.918222 7fc3a9fcb700            Options.bottommost_compression_opts.window_bits: -14
2019/10/17-14:55:04.918223 7fc3a9fcb700                  Options.bottommost_compression_opts.level: 32767
2019/10/17-14:55:04.918223 7fc3a9fcb700               Options.bottommost_compression_opts.strategy: 0
2019/10/17-14:55:04.918224 7fc3a9fcb700         Options.bottommost_compression_opts.max_dict_bytes: 0
2019/10/17-14:55:04.918225 7fc3a9fcb700         Options.bottommost_compression_opts.zstd_max_train_bytes: 0
2019/10/17-14:55:04.918225 7fc3a9fcb700                  Options.bottommost_compression_opts.enabled: false
2019/10/17-14:55:04.918226 7fc3a9fcb700            Options.compression_opts.window_bits: -14
2019/10/17-14:55:04.918227 7fc3a9fcb700                  Options.compression_opts.level: 32767
2019/10/17-14:55:04.918227 7fc3a9fcb700               Options.compression_opts.strategy: 0
2019/10/17-14:55:04.918228 7fc3a9fcb700         Options.compression_opts.max_dict_bytes: 0
2019/10/17-14:55:04.918229 7fc3a9fcb700         Options.compression_opts.zstd_max_train_bytes: 0
2019/10/17-14:55:04.918229 7fc3a9fcb700                  Options.compression_opts.enabled: false
2019/10/17-14:55:04.918230 7fc3a9fcb700      Options.level0_file_num_compaction_trigger: 4
2019/10/17-14:55:04.918230 7fc3a9fcb700          Options.level0_slowdown_writes_trigger: 20
2019/10/17-14:55:04.918231 7fc3a9fcb700              Options.level0_stop_writes_trigger: 36
2019/10/17-14:55:04.918232 7fc3a9fcb700                   Options.target_file_size_base: 67108864
2019/10/17-14:55:04.918232 7fc3a9fcb700             Options.target_file_size_multiplier: 1
2019/10/17-14:55:04.918233 7fc3a9fcb700                Options.max_bytes_for_level_base: 268435456
2019/10/17-14:55:04.918234 7fc3a9fcb700 Options.level_compaction_dynamic_level_bytes: 0
2019/10/17-14:55:04.918234 7fc3a9fcb700          Options.max_bytes_for_level_multiplier: 10.000000
2019/10/17-14:55:04.918235 7fc3a9fcb700 Options.max_bytes_for_level_multiplier_addtl[0]: 1
2019/10/17-14:55:04.918236 7fc3a9fcb700 Options.max_bytes_for_level_multiplier_addtl[1]: 1
2019/10/17-14:55:04.918237 7fc3a9fcb700 Options.max_bytes_for_level_multiplier_addtl[2]: 1
2019/10/17-14:55:04.918238 7fc3a9fcb700 Options.max_bytes_for_level_multiplier_addtl[3]: 1
2019/10/17-14:55:04.918238 7fc3a9fcb700 Options.max_bytes_for_level_multiplier_addtl[4]: 1
2019/10/17-14:55:04.918239 7fc3a9fcb700 Options.max_bytes_for_level_multiplier_addtl[5]: 1
2019/10/17-14:55:04.918239 7fc3a9fcb700 Options.max_bytes_for_level_multiplier_addtl[6]: 1
2019/10/17-14:55:04.918240 7fc3a9fcb700       Options.max_sequential_skip_in_iterations: 8
2019/10/17-14:55:04.918244 7fc3a9fcb700                    Options.max_compaction_bytes: 1677721600
2019/10/17-14:55:04.918244 7fc3a9fcb700                        Options.arena_block_size: 8388608
2019/10/17-14:55:04.918245 7fc3a9fcb700   Options.soft_pending_compaction_bytes_limit: 68719476736
2019/10/17-14:55:04.918246 7fc3a9fcb700   Options.hard_pending_compaction_bytes_limit: 274877906944
2019/10/17-14:55:04.918247 7fc3a9fcb700       Options.rate_limit_delay_max_milliseconds: 100
2019/10/17-14:55:04.918247 7fc3a9fcb700                Options.disable_auto_compactions: 0
2019/10/17-14:55:04.918248 7fc3a9fcb700                        Options.compaction_style: kCompactionStyleLevel
2019/10/17-14:55:04.918249 7fc3a9fcb700                          Options.compaction_pri: kByCompensatedSize
2019/10/17-14:55:04.918249 7fc3a9fcb700 Options.compaction_options_universal.size_ratio: 1
2019/10/17-14:55:04.918250 7fc3a9fcb700 Options.compaction_options_universal.min_merge_width: 2
2019/10/17-14:55:04.918251 7fc3a9fcb700 Options.compaction_options_universal.max_merge_width: 4294967295
2019/10/17-14:55:04.918251 7fc3a9fcb700 Options.compaction_options_universal.max_size_amplification_percent: 200
2019/10/17-14:55:04.918252 7fc3a9fcb700 Options.compaction_options_universal.compression_size_percent: -1
2019/10/17-14:55:04.918253 7fc3a9fcb700 Options.compaction_options_universal.stop_style: kCompactionStopStyleTotalSize
2019/10/17-14:55:04.918254 7fc3a9fcb700 Options.compaction_options_fifo.max_table_files_size: 1073741824
2019/10/17-14:55:04.918254 7fc3a9fcb700 Options.compaction_options_fifo.allow_compaction: 0
2019/10/17-14:55:04.918255 7fc3a9fcb700 Options.compaction_options_fifo.ttl: 0
2019/10/17-14:55:04.918255 7fc3a9fcb700                   Options.table_properties_collectors: 
2019/10/17-14:55:04.918256 7fc3a9fcb700                   Options.inplace_update_support: 0
2019/10/17-14:55:04.918257 7fc3a9fcb700                 Options.inplace_update_num_locks: 10000
2019/10/17-14:55:04.918257 7fc3a9fcb700               Options.memtable_prefix_bloom_size_ratio: 0.000000
2019/10/17-14:55:04.918258 7fc3a9fcb700   Options.memtable_huge_page_size: 0
2019/10/17-14:55:04.918259 7fc3a9fcb700                           Options.bloom_locality: 0
2019/10/17-14:55:04.918260 7fc3a9fcb700                    Options.max_successive_merges: 0
2019/10/17-14:55:04.918260 7fc3a9fcb700                Options.optimize_filters_for_hits: 0
2019/10/17-14:55:04.918261 7fc3a9fcb700                Options.paranoid_file_checks: 0
2019/10/17-14:55:04.918262 7fc3a9fcb700                Options.force_consistency_checks: 0
2019/10/17-14:55:04.918262 7fc3a9fcb700                Options.report_bg_io_stats: 0
2019/10/17-14:55:04.918263 7fc3a9fcb700                               Options.ttl: 0
2019/10/17-14:55:04.918276 7fc3a9fcb700 [db/column_family.cc:472] --------------- Options for column family [entries]:
2019/10/17-14:55:04.918277 7fc3a9fcb700               Options.comparator: leveldb.BytewiseComparator
2019/10/17-14:55:04.918278 7fc3a9fcb700           Options.merge_operator: None
2019/10/17-14:55:04.918278 7fc3a9fcb700        Options.compaction_filter: None
2019/10/17-14:55:04.918279 7fc3a9fcb700        Options.compaction_filter_factory: None
2019/10/17-14:55:04.918280 7fc3a9fcb700         Options.memtable_factory: SkipListFactory
2019/10/17-14:55:04.918280 7fc3a9fcb700            Options.table_factory: BlockBasedTable
2019/10/17-14:55:04.918288 7fc3a9fcb700            table_factory options:   flush_block_policy_factory: FlushBlockBySizePolicyFactory (0x7fc350054120)
  cache_index_and_filter_blocks: 0
  cache_index_and_filter_blocks_with_high_priority: 0
  pin_l0_filter_and_index_blocks_in_cache: 0
  pin_top_level_index_and_filter: 1
  index_type: 0
  hash_index_allow_collision: 1
  checksum: 1
  no_block_cache: 0
  block_cache: 0x7fc3500894d0
  block_cache_name: LRUCache
  block_cache_options:
    capacity : 8388608
    num_shard_bits : 4
    strict_capacity_limit : 0
    memory_allocator : None
    high_pri_pool_ratio: 0.000
  block_cache_compressed: (nil)
  persistent_cache: (nil)
  block_size: 4096
  block_size_deviation: 10
  block_restart_interval: 16
  index_block_restart_interval: 1
  metadata_block_size: 4096
  partition_filters: 0
  use_delta_encoding: 1
  filter_policy: nullptr
  whole_key_filtering: 1
  verify_compression: 0
  read_amp_bytes_per_bit: 0
  format_version: 2
  enable_index_compression: 1
  block_align: 0
2019/10/17-14:55:04.918293 7fc3a9fcb700        Options.write_buffer_size: 67108864
2019/10/17-14:55:04.918294 7fc3a9fcb700  Options.max_write_buffer_number: 2
2019/10/17-14:55:04.918295 7fc3a9fcb700          Options.compression: NoCompression
2019/10/17-14:55:04.918295 7fc3a9fcb700                  Options.bottommost_compression: Disabled
2019/10/17-14:55:04.918296 7fc3a9fcb700       Options.prefix_extractor: nullptr
2019/10/17-14:55:04.918297 7fc3a9fcb700   Options.memtable_insert_with_hint_prefix_extractor: nullptr
2019/10/17-14:55:04.918297 7fc3a9fcb700             Options.num_levels: 7
2019/10/17-14:55:04.918298 7fc3a9fcb700        Options.min_write_buffer_number_to_merge: 1
2019/10/17-14:55:04.918299 7fc3a9fcb700     Options.max_write_buffer_number_to_maintain: 0
2019/10/17-14:55:04.918299 7fc3a9fcb700            Options.bottommost_compression_opts.window_bits: -14
2019/10/17-14:55:04.918300 7fc3a9fcb700                  Options.bottommost_compression_opts.level: 32767
2019/10/17-14:55:04.918301 7fc3a9fcb700               Options.bottommost_compression_opts.strategy: 0
2019/10/17-14:55:04.918301 7fc3a9fcb700         Options.bottommost_compression_opts.max_dict_bytes: 0
2019/10/17-14:55:04.918302 7fc3a9fcb700         Options.bottommost_compression_opts.zstd_max_train_bytes: 0
2019/10/17-14:55:04.918302 7fc3a9fcb700                  Options.bottommost_compression_opts.enabled: false
2019/10/17-14:55:04.918303 7fc3a9fcb700            Options.compression_opts.window_bits: -14
2019/10/17-14:55:04.918304 7fc3a9fcb700                  Options.compression_opts.level: 32767
2019/10/17-14:55:04.918304 7fc3a9fcb700               Options.compression_opts.strategy: 0
2019/10/17-14:55:04.918305 7fc3a9fcb700         Options.compression_opts.max_dict_bytes: 0
2019/10/17-14:55:04.918306 7fc3a9fcb700         Options.compression_opts.zstd_max_train_bytes: 0
2019/10/17-14:55:04.918306 7fc3a9fcb700                  Options.compression_opts.enabled: false
2019/10/17-14:55:04.918307 7fc3a9fcb700      Options.level0_file_num_compaction_trigger: 4
2019/10/17-14:55:04.918307 7fc3a9fcb700          Options.level0_slowdown_writes_trigger: 20
2019/10/17-14:55:04.918308 7fc3a9fcb700              Options.level0_stop_writes_trigger: 36
2019/10/17-14:55:04.918309 7fc3a9fcb700                   Options.target_file_size_base: 67108864
2019/10/17-14:55:04.918309 7fc3a9fcb700             Options.target_file_size_multiplier: 1
2019/10/17-14:55:04.918310 7fc3a9fcb700                Options.max_bytes_for_level_base: 268435456
2019/10/17-14:55:04.918311 7fc3a9fcb700 Options.level_compaction_dynamic_level_bytes: 0
2019/10/17-14:55:04.918311 7fc3a9fcb700          Options.max_bytes_for_level_multiplier: 10.000000
2019/10/17-14:55:04.918312 7fc3a9fcb700 Options.max_bytes_for_level_multiplier_addtl[0]: 1
2019/10/17-14:55:04.918313 7fc3a9fcb700 Options.max_bytes_for_level_multiplier_addtl[1]: 1
2019/10/17-14:55:04.918314 7fc3a9fcb700 Options.max_bytes_for_level_multiplier_addtl[2]: 1
2019/10/17-14:55:04.918314 7fc3a9fcb700 Options.max_bytes_for_level_multiplier_addtl[3]: 1
2019/10/17-14:55:04.918315 7fc3a9fcb700 Options.max_bytes_for_level_multiplier_addtl[4]: 1
2019/10/17-14:55:04.918316 7fc3a9fcb700 Options.max_bytes_for_level_multiplier_addtl[5]: 1
2019/10/17-14:55:04.918316 7fc3a9fcb700 Options.max_bytes_for_level_multiplier_addtl[6]: 1
2019/10/17-14:55:04.918317 7fc3a9fcb700       Options.max_sequential_skip_in_iterations: 8
2019/10/17-14:55:04.918318 7fc3a9fcb700                    Options.max_compaction_bytes: 1677721600
2019/10/17-14:55:04.918318 7fc3a9fcb700                        Options.arena_block_size: 8388608
2019/10/17-14:55:04.918319 7fc3a9fcb700   Options.soft_pending_compaction_bytes_limit: 68719476736
2019/10/17-14:55:04.918323 7fc3a9fcb700   Options.hard_pending_compaction_bytes_limit: 274877906944
2019/10/17-14:55:04.918323 7fc3a9fcb700       Options.rate_limit_delay_max_milliseconds: 100
2019/10/17-14:55:04.918324 7fc3a9fcb700                Options.disable_auto_compactions: 0
2019/10/17-14:55:04.918325 7fc3a9fcb700                        Options.compaction_style: kCompactionStyleLevel
2019/10/17-14:55:04.918326 7fc3a9fcb700                          Options.compaction_pri: kByCompensatedSize
2019/10/17-14:55:04.918326 7fc3a9fcb700 Options.compaction_options_universal.size_ratio: 1
2019/10/17-14:55:04.918327 7fc3a9fcb700 Options.compaction_options_universal.min_merge_width: 2
2019/10/17-14:55:04.918328 7fc3a9fcb700 Options.compaction_options_universal.max_merge_width: 4294967295
2019/10/17-14:55:04.918328 7fc3a9fcb700 Options.compaction_options_universal.max_size_amplification_percent: 200
2019/10/17-14:55:04.918329 7fc3a9fcb700 Options.compaction_options_universal.compression_size_percent: -1
2019/10/17-14:55:04.918330 7fc3a9fcb700 Options.compaction_options_universal.stop_style: kCompactionStopStyleTotalSize
2019/10/17-14:55:04.918330 7fc3a9fcb700 Options.compaction_options_fifo.max_table_files_size: 1073741824
2019/10/17-14:55:04.918331 7fc3a9fcb700 Options.compaction_options_fifo.allow_compaction: 0
2019/10/17-14:55:04.918331 7fc3a9fcb700 Options.compaction_options_fifo.ttl: 0
2019/10/17-14:55:04.918332 7fc3a9fcb700                   Options.table_properties_collectors: 
2019/10/17-14:55:04.918333 7fc3a9fcb700                   Options.inplace_update_support: 0
2019/10/17-14:55:04.918333 7fc3a9fcb700                 Options.inplace_update_num_locks: 10000
2019/10/17-14:55:04.918334 7fc3a9fcb700               Options.memtable_prefix_bloom_size_ratio: 0.000000
2019/10/17-14:55:04.918335 7fc3a9fcb700   Options.memtable_huge_page_size: 0
2019/10/17-14:55:04.918336 7fc3a9fcb700                           Options.bloom_locality: 0
2019/10/17-14:55:04.918336 7fc3a9fcb700                    Options.max_successive_merges: 0
2019/10/17-14:55:04.918337 7fc3a9fcb700                Options.optimize_filters_for_hits: 0
2019/10/17-14:55:04.918338 7fc3a9fcb700                Options.paranoid_file_checks: 0
2019/10/17-14:55:04.918338 7fc3a9fcb700                Options.force_consistency_checks: 0
2019/10/17-14:55:04.918339 7fc3a9fcb700                Options.report_bg_io_stats: 0
2019/10/17-14:55:04.918339 7fc3a9fcb700                               Options.ttl: 0
2019/10/17-14:55:04.918351 7fc3a9fcb700 [db/column_family.cc:472] --------------- Options for column family [dc_entries]:
2019/10/17-14:55:04.918352 7fc3a9fcb700               Options.comparator: leveldb.BytewiseComparator
2019/10/17-14:55:04.918353 7fc3a9fcb700           Options.merge_operator: None
2019/10/17-14:55:04.918353 7fc3a9fcb700        Options.compaction_filter: None
2019/10/17-14:55:04.918354 7fc3a9fcb700        Options.compaction_filter_factory: None
2019/10/17-14:55:04.918355 7fc3a9fcb700         Options.memtable_factory: SkipListFactory
2019/10/17-14:55:04.918355 7fc3a9fcb700            Options.table_factory: BlockBasedTable
2019/10/17-14:55:04.918363 7fc3a9fcb700            table_factory options:   flush_block_policy_factory: FlushBlockBySizePolicyFactory (0x7fc35007cbd0)
  cache_index_and_filter_blocks: 0
  cache_index_and_filter_blocks_with_high_priority: 0
  pin_l0_filter_and_index_blocks_in_cache: 0
  pin_top_level_index_and_filter: 1
  index_type: 0
  hash_index_allow_collision: 1
  checksum: 1
  no_block_cache: 0
  block_cache: 0x7fc3500448f0
  block_cache_name: LRUCache
  block_cache_options:
    capacity : 8388608
    num_shard_bits : 4
    strict_capacity_limit : 0
    memory_allocator : None
    high_pri_pool_ratio: 0.000
  block_cache_compressed: (nil)
  persistent_cache: (nil)
  block_size: 4096
  block_size_deviation: 10
  block_restart_interval: 16
  index_block_restart_interval: 1
  metadata_block_size: 4096
  partition_filters: 0
  use_delta_encoding: 1
  filter_policy: nullptr
  whole_key_filtering: 1
  verify_compression: 0
  read_amp_bytes_per_bit: 0
  format_version: 2
  enable_index_compression: 1
  block_align: 0
2019/10/17-14:55:04.918368 7fc3a9fcb700        Options.write_buffer_size: 67108864
2019/10/17-14:55:04.918369 7fc3a9fcb700  Options.max_write_buffer_number: 2
2019/10/17-14:55:04.918369 7fc3a9fcb700          Options.compression: NoCompression
2019/10/17-14:55:04.918370 7fc3a9fcb700                  Options.bottommost_compression: Disabled
2019/10/17-14:55:04.918371 7fc3a9fcb700       Options.prefix_extractor: nullptr
2019/10/17-14:55:04.918371 7fc3a9fcb700   Options.memtable_insert_with_hint_prefix_extractor: nullptr
2019/10/17-14:55:04.918372 7fc3a9fcb700             Options.num_levels: 7
2019/10/17-14:55:04.918373 7fc3a9fcb700        Options.min_write_buffer_number_to_merge: 1
2019/10/17-14:55:04.918373 7fc3a9fcb700     Options.max_write_buffer_number_to_maintain: 0
2019/10/17-14:55:04.918374 7fc3a9fcb700            Options.bottommost_compression_opts.window_bits: -14
2019/10/17-14:55:04.918374 7fc3a9fcb700                  Options.bottommost_compression_opts.level: 32767
2019/10/17-14:55:04.918375 7fc3a9fcb700               Options.bottommost_compression_opts.strategy: 0
2019/10/17-14:55:04.918376 7fc3a9fcb700         Options.bottommost_compression_opts.max_dict_bytes: 0
2019/10/17-14:55:04.918376 7fc3a9fcb700         Options.bottommost_compression_opts.zstd_max_train_bytes: 0
2019/10/17-14:55:04.918377 7fc3a9fcb700                  Options.bottommost_compression_opts.enabled: false
2019/10/17-14:55:04.918378 7fc3a9fcb700            Options.compression_opts.window_bits: -14
2019/10/17-14:55:04.918378 7fc3a9fcb700                  Options.compression_opts.level: 32767
2019/10/17-14:55:04.918379 7fc3a9fcb700               Options.compression_opts.strategy: 0
2019/10/17-14:55:04.918380 7fc3a9fcb700         Options.compression_opts.max_dict_bytes: 0
2019/10/17-14:55:04.918380 7fc3a9fcb700         Options.compression_opts.zstd_max_train_bytes: 0
2019/10/17-14:55:04.918381 7fc3a9fcb700                  Options.compression_opts.enabled: false
2019/10/17-14:55:04.918381 7fc3a9fcb700      Options.level0_file_num_compaction_trigger: 4
2019/10/17-14:55:04.918382 7fc3a9fcb700          Options.level0_slowdown_writes_trigger: 20
2019/10/17-14:55:04.918383 7fc3a9fcb700              Options.level0_stop_writes_trigger: 36
2019/10/17-14:55:04.918383 7fc3a9fcb700                   Options.target_file_size_base: 67108864
2019/10/17-14:55:04.918384 7fc3a9fcb700             Options.target_file_size_multiplier: 1
2019/10/17-14:55:04.918385 7fc3a9fcb700                Options.max_bytes_for_level_base: 268435456
2019/10/17-14:55:04.918385 7fc3a9fcb700 Options.level_compaction_dynamic_level_bytes: 0
2019/10/17-14:55:04.918386 7fc3a9fcb700          Options.max_bytes_for_level_multiplier: 10.000000
2019/10/17-14:55:04.918387 7fc3a9fcb700 Options.max_bytes_for_level_multiplier_addtl[0]: 1
2019/10/17-14:55:04.918388 7fc3a9fcb700 Options.max_bytes_for_level_multiplier_addtl[1]: 1
2019/10/17-14:55:04.918388 7fc3a9fcb700 Options.max_bytes_for_level_multiplier_addtl[2]: 1
2019/10/17-14:55:04.918389 7fc3a9fcb700 Options.max_bytes_for_level_multiplier_addtl[3]: 1
2019/10/17-14:55:04.918390 7fc3a9fcb700 Options.max_bytes_for_level_multiplier_addtl[4]: 1
2019/10/17-14:55:04.918390 7fc3a9fcb700 Options.max_bytes_for_level_multiplier_addtl[5]: 1
2019/10/17-14:55:04.918391 7fc3a9fcb700 Options.max_bytes_for_level_multiplier_addtl[6]: 1
2019/10/17-14:55:04.918391 7fc3a9fcb700       Options.max_sequential_skip_in_iterations: 8
2019/10/17-14:55:04.918392 7fc3a9fcb700                    Options.max_compaction_bytes: 1677721600
2019/10/17-14:55:04.918393 7fc3a9fcb700                        Options.arena_block_size: 8388608
2019/10/17-14:55:04.918393 7fc3a9fcb700   Options.soft_pending_compaction_bytes_limit: 68719476736
2019/10/17-14:55:04.918394 7fc3a9fcb700   Options.hard_pending_compaction_bytes_limit: 274877906944
2019/10/17-14:55:04.918395 7fc3a9fcb700       Options.rate_limit_delay_max_milliseconds: 100
2019/10/17-14:55:04.918395 7fc3a9fcb700                Options.disable_auto_compactions: 0
2019/10/17-14:55:04.918399 7fc3a9fcb700                        Options.compaction_style: kCompactionStyleLevel
2019/10/17-14:55:04.918400 7fc3a9fcb700                          Options.compaction_pri: kByCompensatedSize
2019/10/17-14:55:04.918401 7fc3a9fcb700 Options.compaction_options_universal.size_ratio: 1
2019/10/17-14:55:04.918402 7fc3a9fcb700 Options.compaction_options_universal.min_merge_width: 2
2019/10/17-14:55:04.918402 7fc3a9fcb700 Options.compaction_options_universal.max_merge_width: 4294967295
2019/10/17-14:55:04.918403 7fc3a9fcb700 Options.compaction_options_universal.max_size_amplification_percent: 200
2019/10/17-14:55:04.918403 7fc3a9fcb700 Options.compaction_options_universal.compression_size_percent: -1
2019/10/17-14:55:04.918404 7fc3a9fcb700 Options.compaction_options_universal.stop_style: kCompactionStopStyleTotalSize
2019/10/17-14:55:04.918405 7fc3a9fcb700 Options.compaction_options_fifo.max_table_files_size: 1073741824
2019/10/17-14:55:04.918405 7fc3a9fcb700 Options.compaction_options_fifo.allow_compaction: 0
2019/10/17-14:55:04.918406 7fc3a9fcb700 Options.compaction_options_fifo.ttl: 0
2019/10/17-14:55:04.918407 7fc3a9fcb700                   Options.table_properties_collectors: 
2019/10/17-14:55:04.918407 7fc3a9fcb700                   Options.inplace_update_support: 0
2019/10/17-14:55:04.918408 7fc3a9fcb700                 Options.inplace_update_num_locks: 10000
2019/10/17-14:55:04.918409 7fc3a9fcb700               Options.memtable_prefix_bloom_size_ratio: 0.000000
2019/10/17-14:55:04.918409 7fc3a9fcb700   Options.memtable_huge_page_size: 0
2019/10/17-14:55:04.918410 7fc3a9fcb700                           Options.bloom_locality: 0
2019/10/17-14:55:04.918411 7fc3a9fcb700                    Options.max_successive_merges: 0
2019/10/17-14:55:04.918411 7fc3a9fcb700                Options.optimize_filters_for_hits: 0
2019/10/17-14:55:04.918412 7fc3a9fcb700                Options.paranoid_file_checks: 0
2019/10/17-14:55:04.918413 7fc3a9fcb700                Options.force_consistency_checks: 0
2019/10/17-14:55:04.918413 7fc3a9fcb700                Options.report_bg_io_stats: 0
2019/10/17-14:55:04.918414 7fc3a9fcb700                               Options.ttl: 0
2019/10/17-14:55:04.918424 7fc3a9fcb700 [db/column_family.cc:472] --------------- Options for column family [htlcs]:
2019/10/17-14:55:04.918425 7fc3a9fcb700               Options.comparator: leveldb.BytewiseComparator
2019/10/17-14:55:04.918425 7fc3a9fcb700           Options.merge_operator: None
2019/10/17-14:55:04.918426 7fc3a9fcb700        Options.compaction_filter: None
2019/10/17-14:55:04.918427 7fc3a9fcb700        Options.compaction_filter_factory: None
2019/10/17-14:55:04.918427 7fc3a9fcb700         Options.memtable_factory: SkipListFactory
2019/10/17-14:55:04.918428 7fc3a9fcb700            Options.table_factory: BlockBasedTable
2019/10/17-14:55:04.918436 7fc3a9fcb700            table_factory options:   flush_block_policy_factory: FlushBlockBySizePolicyFactory (0x7fc3500642e0)
