2019/10/17-14:56:03.557119 7fbc2cd30700 RocksDB version: 5.18.3
2019/10/17-14:56:03.557153 7fbc2cd30700 Git sha rocksdb_build_git_sha:@0@
2019/10/17-14:56:03.557155 7fbc2cd30700 Compile date Sep 19 2019
2019/10/17-14:56:03.557156 7fbc2cd30700 DB SUMMARY
2019/10/17-14:56:03.557851 7fbc2cd30700 CURRENT file:  CURRENT
2019/10/17-14:56:03.557852 7fbc2cd30700 IDENTITY file:  IDENTITY
2019/10/17-14:56:03.557879 7fbc2cd30700 MANIFEST file:  MANIFEST-116722 size: 4114 Bytes
2019/10/17-14:56:03.557881 7fbc2cd30700 SST files in /home/rahul/dev/blockchain-core/eqc/ledger.db dir, Total Num: 29, files: 000624.sst 000627.sst 106940.sst 108447.sst 108450.sst 109471.sst 109483.sst 109485.sst 109486.sst 
2019/10/17-14:56:03.557882 7fbc2cd30700 Write Ahead Log file in /home/rahul/dev/blockchain-core/eqc/ledger.db: 116723.log size: 0 ; 
2019/10/17-14:56:03.557913 7fbc2cd30700                         Options.error_if_exists: 0
2019/10/17-14:56:03.557914 7fbc2cd30700                       Options.create_if_missing: 1
2019/10/17-14:56:03.557915 7fbc2cd30700                         Options.paranoid_checks: 1
2019/10/17-14:56:03.557915 7fbc2cd30700                                     Options.env: 0x7fbbafa7bc60
2019/10/17-14:56:03.557916 7fbc2cd30700                                Options.info_log: 0x7fbbb80a3550
2019/10/17-14:56:03.557917 7fbc2cd30700                Options.max_file_opening_threads: 16
2019/10/17-14:56:03.557918 7fbc2cd30700                              Options.statistics: (nil)
2019/10/17-14:56:03.557919 7fbc2cd30700                               Options.use_fsync: 0
2019/10/17-14:56:03.557919 7fbc2cd30700                       Options.max_log_file_size: 0
2019/10/17-14:56:03.557920 7fbc2cd30700                  Options.max_manifest_file_size: 1073741824
2019/10/17-14:56:03.557921 7fbc2cd30700                   Options.log_file_time_to_roll: 0
2019/10/17-14:56:03.557922 7fbc2cd30700                       Options.keep_log_file_num: 1000
2019/10/17-14:56:03.557922 7fbc2cd30700                    Options.recycle_log_file_num: 0
2019/10/17-14:56:03.557923 7fbc2cd30700                         Options.allow_fallocate: 1
2019/10/17-14:56:03.557924 7fbc2cd30700                        Options.allow_mmap_reads: 0
2019/10/17-14:56:03.557924 7fbc2cd30700                       Options.allow_mmap_writes: 0
2019/10/17-14:56:03.557925 7fbc2cd30700                        Options.use_direct_reads: 0
2019/10/17-14:56:03.557926 7fbc2cd30700                        Options.use_direct_io_for_flush_and_compaction: 0
2019/10/17-14:56:03.557926 7fbc2cd30700          Options.create_missing_column_families: 0
2019/10/17-14:56:03.557927 7fbc2cd30700                              Options.db_log_dir: 
2019/10/17-14:56:03.557928 7fbc2cd30700                                 Options.wal_dir: /home/rahul/dev/blockchain-core/eqc/ledger.db
2019/10/17-14:56:03.557929 7fbc2cd30700                Options.table_cache_numshardbits: 6
2019/10/17-14:56:03.557929 7fbc2cd30700                      Options.max_subcompactions: 1
2019/10/17-14:56:03.557930 7fbc2cd30700                  Options.max_background_flushes: -1
2019/10/17-14:56:03.557931 7fbc2cd30700                         Options.WAL_ttl_seconds: 0
2019/10/17-14:56:03.557931 7fbc2cd30700                       Options.WAL_size_limit_MB: 0
2019/10/17-14:56:03.557932 7fbc2cd30700             Options.manifest_preallocation_size: 4194304
2019/10/17-14:56:03.557933 7fbc2cd30700                     Options.is_fd_close_on_exec: 1
2019/10/17-14:56:03.557933 7fbc2cd30700                   Options.advise_random_on_open: 1
2019/10/17-14:56:03.557934 7fbc2cd30700                    Options.db_write_buffer_size: 0
2019/10/17-14:56:03.557935 7fbc2cd30700                    Options.write_buffer_manager: 0x7fbbb803f4c0
2019/10/17-14:56:03.557936 7fbc2cd30700         Options.access_hint_on_compaction_start: 1
2019/10/17-14:56:03.557936 7fbc2cd30700  Options.new_table_reader_for_compaction_inputs: 0
2019/10/17-14:56:03.557937 7fbc2cd30700           Options.random_access_max_buffer_size: 1048576
2019/10/17-14:56:03.557938 7fbc2cd30700                      Options.use_adaptive_mutex: 0
2019/10/17-14:56:03.557938 7fbc2cd30700                            Options.rate_limiter: (nil)
2019/10/17-14:56:03.557947 7fbc2cd30700     Options.sst_file_manager.rate_bytes_per_sec: 0
2019/10/17-14:56:03.557948 7fbc2cd30700                       Options.wal_recovery_mode: 2
2019/10/17-14:56:03.557949 7fbc2cd30700                  Options.enable_thread_tracking: 0
2019/10/17-14:56:03.557949 7fbc2cd30700                  Options.enable_pipelined_write: 0
2019/10/17-14:56:03.557950 7fbc2cd30700         Options.allow_concurrent_memtable_write: 1
2019/10/17-14:56:03.557951 7fbc2cd30700      Options.enable_write_thread_adaptive_yield: 1
2019/10/17-14:56:03.557951 7fbc2cd30700             Options.write_thread_max_yield_usec: 100
2019/10/17-14:56:03.557952 7fbc2cd30700            Options.write_thread_slow_yield_usec: 3
2019/10/17-14:56:03.557953 7fbc2cd30700                               Options.row_cache: None
2019/10/17-14:56:03.557953 7fbc2cd30700                              Options.wal_filter: None
2019/10/17-14:56:03.557954 7fbc2cd30700             Options.avoid_flush_during_recovery: 0
2019/10/17-14:56:03.557955 7fbc2cd30700             Options.allow_ingest_behind: 0
2019/10/17-14:56:03.557956 7fbc2cd30700             Options.preserve_deletes: 0
2019/10/17-14:56:03.557956 7fbc2cd30700             Options.two_write_queues: 0
2019/10/17-14:56:03.557957 7fbc2cd30700             Options.manual_wal_flush: 0
2019/10/17-14:56:03.557958 7fbc2cd30700             Options.max_background_jobs: 2
2019/10/17-14:56:03.557958 7fbc2cd30700             Options.max_background_compactions: -1
2019/10/17-14:56:03.557959 7fbc2cd30700             Options.avoid_flush_during_shutdown: 0
2019/10/17-14:56:03.557960 7fbc2cd30700           Options.writable_file_max_buffer_size: 1048576
2019/10/17-14:56:03.557960 7fbc2cd30700             Options.delayed_write_rate : 16777216
2019/10/17-14:56:03.557961 7fbc2cd30700             Options.max_total_wal_size: 0
2019/10/17-14:56:03.557962 7fbc2cd30700             Options.delete_obsolete_files_period_micros: 21600000000
2019/10/17-14:56:03.557963 7fbc2cd30700                   Options.stats_dump_period_sec: 600
2019/10/17-14:56:03.557963 7fbc2cd30700                          Options.max_open_files: -1
2019/10/17-14:56:03.557964 7fbc2cd30700                          Options.bytes_per_sync: 0
2019/10/17-14:56:03.557965 7fbc2cd30700                      Options.wal_bytes_per_sync: 0
2019/10/17-14:56:03.557965 7fbc2cd30700       Options.compaction_readahead_size: 0
2019/10/17-14:56:03.557966 7fbc2cd30700 Compression algorithms supported:
2019/10/17-14:56:03.557967 7fbc2cd30700 	kZSTDNotFinalCompression supported: 0
2019/10/17-14:56:03.557968 7fbc2cd30700 	kZSTD supported: 0
2019/10/17-14:56:03.557969 7fbc2cd30700 	kXpressCompression supported: 0
2019/10/17-14:56:03.557970 7fbc2cd30700 	kLZ4HCCompression supported: 0
2019/10/17-14:56:03.557970 7fbc2cd30700 	kLZ4Compression supported: 0
2019/10/17-14:56:03.557971 7fbc2cd30700 	kBZip2Compression supported: 0
2019/10/17-14:56:03.557972 7fbc2cd30700 	kZlibCompression supported: 0
2019/10/17-14:56:03.557972 7fbc2cd30700 	kSnappyCompression supported: 0
2019/10/17-14:56:03.557974 7fbc2cd30700 Fast CRC32 supported: Supported on x86
2019/10/17-14:56:03.558058 7fbc2cd30700 [db/version_set.cc:3507] Recovering from manifest file: MANIFEST-116722
2019/10/17-14:56:03.558088 7fbc2cd30700 [db/column_family.cc:472] --------------- Options for column family [default]:
2019/10/17-14:56:03.558089 7fbc2cd30700               Options.comparator: leveldb.BytewiseComparator
2019/10/17-14:56:03.558090 7fbc2cd30700           Options.merge_operator: None
2019/10/17-14:56:03.558091 7fbc2cd30700        Options.compaction_filter: None
2019/10/17-14:56:03.558092 7fbc2cd30700        Options.compaction_filter_factory: None
2019/10/17-14:56:03.558092 7fbc2cd30700         Options.memtable_factory: SkipListFactory
2019/10/17-14:56:03.558093 7fbc2cd30700            Options.table_factory: BlockBasedTable
2019/10/17-14:56:03.558108 7fbc2cd30700            table_factory options:   flush_block_policy_factory: FlushBlockBySizePolicyFactory (0x7fbbb8392610)
  cache_index_and_filter_blocks: 0
  cache_index_and_filter_blocks_with_high_priority: 0
  pin_l0_filter_and_index_blocks_in_cache: 0
  pin_top_level_index_and_filter: 1
  index_type: 0
  hash_index_allow_collision: 1
  checksum: 1
  no_block_cache: 0
  block_cache: 0x7fbbb810a8b0
  block_cache_name: LRUCache
  block_cache_options:
    capacity : 8388608
    num_shard_bits : 4
    strict_capacity_limit : 0
    memory_allocator : None
    high_pri_pool_ratio: 0.000
  block_cache_compressed: (nil)
  persistent_cache: (nil)
  block_size: 4096
  block_size_deviation: 10
  block_restart_interval: 16
  index_block_restart_interval: 1
  metadata_block_size: 4096
  partition_filters: 0
  use_delta_encoding: 1
  filter_policy: nullptr
  whole_key_filtering: 1
  verify_compression: 0
  read_amp_bytes_per_bit: 0
  format_version: 2
  enable_index_compression: 1
  block_align: 0
2019/10/17-14:56:03.558117 7fbc2cd30700        Options.write_buffer_size: 67108864
2019/10/17-14:56:03.558118 7fbc2cd30700  Options.max_write_buffer_number: 2
2019/10/17-14:56:03.558119 7fbc2cd30700          Options.compression: NoCompression
2019/10/17-14:56:03.558120 7fbc2cd30700                  Options.bottommost_compression: Disabled
2019/10/17-14:56:03.558120 7fbc2cd30700       Options.prefix_extractor: nullptr
2019/10/17-14:56:03.558121 7fbc2cd30700   Options.memtable_insert_with_hint_prefix_extractor: nullptr
2019/10/17-14:56:03.558122 7fbc2cd30700             Options.num_levels: 7
2019/10/17-14:56:03.558122 7fbc2cd30700        Options.min_write_buffer_number_to_merge: 1
2019/10/17-14:56:03.558123 7fbc2cd30700     Options.max_write_buffer_number_to_maintain: 0
2019/10/17-14:56:03.558124 7fbc2cd30700            Options.bottommost_compression_opts.window_bits: -14
2019/10/17-14:56:03.558125 7fbc2cd30700                  Options.bottommost_compression_opts.level: 32767
2019/10/17-14:56:03.558125 7fbc2cd30700               Options.bottommost_compression_opts.strategy: 0
2019/10/17-14:56:03.558126 7fbc2cd30700         Options.bottommost_compression_opts.max_dict_bytes: 0
2019/10/17-14:56:03.558127 7fbc2cd30700         Options.bottommost_compression_opts.zstd_max_train_bytes: 0
2019/10/17-14:56:03.558128 7fbc2cd30700                  Options.bottommost_compression_opts.enabled: false
2019/10/17-14:56:03.558128 7fbc2cd30700            Options.compression_opts.window_bits: -14
2019/10/17-14:56:03.558129 7fbc2cd30700                  Options.compression_opts.level: 32767
2019/10/17-14:56:03.558130 7fbc2cd30700               Options.compression_opts.strategy: 0
2019/10/17-14:56:03.558130 7fbc2cd30700         Options.compression_opts.max_dict_bytes: 0
2019/10/17-14:56:03.558131 7fbc2cd30700         Options.compression_opts.zstd_max_train_bytes: 0
2019/10/17-14:56:03.558132 7fbc2cd30700                  Options.compression_opts.enabled: false
2019/10/17-14:56:03.558132 7fbc2cd30700      Options.level0_file_num_compaction_trigger: 4
2019/10/17-14:56:03.558133 7fbc2cd30700          Options.level0_slowdown_writes_trigger: 20
2019/10/17-14:56:03.558134 7fbc2cd30700              Options.level0_stop_writes_trigger: 36
2019/10/17-14:56:03.558134 7fbc2cd30700                   Options.target_file_size_base: 67108864
2019/10/17-14:56:03.558135 7fbc2cd30700             Options.target_file_size_multiplier: 1
2019/10/17-14:56:03.558136 7fbc2cd30700                Options.max_bytes_for_level_base: 268435456
2019/10/17-14:56:03.558137 7fbc2cd30700 Options.level_compaction_dynamic_level_bytes: 0
2019/10/17-14:56:03.558137 7fbc2cd30700          Options.max_bytes_for_level_multiplier: 10.000000
2019/10/17-14:56:03.558139 7fbc2cd30700 Options.max_bytes_for_level_multiplier_addtl[0]: 1
2019/10/17-14:56:03.558140 7fbc2cd30700 Options.max_bytes_for_level_multiplier_addtl[1]: 1
2019/10/17-14:56:03.558141 7fbc2cd30700 Options.max_bytes_for_level_multiplier_addtl[2]: 1
2019/10/17-14:56:03.558141 7fbc2cd30700 Options.max_bytes_for_level_multiplier_addtl[3]: 1
2019/10/17-14:56:03.558142 7fbc2cd30700 Options.max_bytes_for_level_multiplier_addtl[4]: 1
2019/10/17-14:56:03.558146 7fbc2cd30700 Options.max_bytes_for_level_multiplier_addtl[5]: 1
2019/10/17-14:56:03.558147 7fbc2cd30700 Options.max_bytes_for_level_multiplier_addtl[6]: 1
2019/10/17-14:56:03.558148 7fbc2cd30700       Options.max_sequential_skip_in_iterations: 8
2019/10/17-14:56:03.558148 7fbc2cd30700                    Options.max_compaction_bytes: 1677721600
2019/10/17-14:56:03.558149 7fbc2cd30700                        Options.arena_block_size: 8388608
2019/10/17-14:56:03.558150 7fbc2cd30700   Options.soft_pending_compaction_bytes_limit: 68719476736
2019/10/17-14:56:03.558151 7fbc2cd30700   Options.hard_pending_compaction_bytes_limit: 274877906944
2019/10/17-14:56:03.558151 7fbc2cd30700       Options.rate_limit_delay_max_milliseconds: 100
2019/10/17-14:56:03.558152 7fbc2cd30700                Options.disable_auto_compactions: 0
2019/10/17-14:56:03.558154 7fbc2cd30700                        Options.compaction_style: kCompactionStyleLevel
2019/10/17-14:56:03.558155 7fbc2cd30700                          Options.compaction_pri: kByCompensatedSize
2019/10/17-14:56:03.558155 7fbc2cd30700 Options.compaction_options_universal.size_ratio: 1
2019/10/17-14:56:03.558156 7fbc2cd30700 Options.compaction_options_universal.min_merge_width: 2
2019/10/17-14:56:03.558157 7fbc2cd30700 Options.compaction_options_universal.max_merge_width: 4294967295
2019/10/17-14:56:03.558158 7fbc2cd30700 Options.compaction_options_universal.max_size_amplification_percent: 200
2019/10/17-14:56:03.558158 7fbc2cd30700 Options.compaction_options_universal.compression_size_percent: -1
2019/10/17-14:56:03.558159 7fbc2cd30700 Options.compaction_options_universal.stop_style: kCompactionStopStyleTotalSize
2019/10/17-14:56:03.558160 7fbc2cd30700 Options.compaction_options_fifo.max_table_files_size: 1073741824
2019/10/17-14:56:03.558161 7fbc2cd30700 Options.compaction_options_fifo.allow_compaction: 0
2019/10/17-14:56:03.558161 7fbc2cd30700 Options.compaction_options_fifo.ttl: 0
2019/10/17-14:56:03.558162 7fbc2cd30700                   Options.table_properties_collectors: 
2019/10/17-14:56:03.558163 7fbc2cd30700                   Options.inplace_update_support: 0
2019/10/17-14:56:03.558164 7fbc2cd30700                 Options.inplace_update_num_locks: 10000
2019/10/17-14:56:03.558164 7fbc2cd30700               Options.memtable_prefix_bloom_size_ratio: 0.000000
2019/10/17-14:56:03.558165 7fbc2cd30700   Options.memtable_huge_page_size: 0
2019/10/17-14:56:03.558166 7fbc2cd30700                           Options.bloom_locality: 0
2019/10/17-14:56:03.558167 7fbc2cd30700                    Options.max_successive_merges: 0
2019/10/17-14:56:03.558167 7fbc2cd30700                Options.optimize_filters_for_hits: 0
2019/10/17-14:56:03.558168 7fbc2cd30700                Options.paranoid_file_checks: 0
2019/10/17-14:56:03.558169 7fbc2cd30700                Options.force_consistency_checks: 0
2019/10/17-14:56:03.558170 7fbc2cd30700                Options.report_bg_io_stats: 0
2019/10/17-14:56:03.558170 7fbc2cd30700                               Options.ttl: 0
2019/10/17-14:56:03.558195 7fbc2cd30700 [db/column_family.cc:472] --------------- Options for column family [active_gateways]:
2019/10/17-14:56:03.558196 7fbc2cd30700               Options.comparator: leveldb.BytewiseComparator
2019/10/17-14:56:03.558197 7fbc2cd30700           Options.merge_operator: None
2019/10/17-14:56:03.558197 7fbc2cd30700        Options.compaction_filter: None
2019/10/17-14:56:03.558198 7fbc2cd30700        Options.compaction_filter_factory: None
2019/10/17-14:56:03.558199 7fbc2cd30700         Options.memtable_factory: SkipListFactory
2019/10/17-14:56:03.558200 7fbc2cd30700            Options.table_factory: BlockBasedTable
2019/10/17-14:56:03.558209 7fbc2cd30700            table_factory options:   flush_block_policy_factory: FlushBlockBySizePolicyFactory (0x7fbbb80224e0)
  cache_index_and_filter_blocks: 0
  cache_index_and_filter_blocks_with_high_priority: 0
  pin_l0_filter_and_index_blocks_in_cache: 0
  pin_top_level_index_and_filter: 1
  index_type: 0
  hash_index_allow_collision: 1
  checksum: 1
  no_block_cache: 0
  block_cache: 0x7fbbb80393c0
  block_cache_name: LRUCache
  block_cache_options:
    capacity : 8388608
    num_shard_bits : 4
    strict_capacity_limit : 0
    memory_allocator : None
    high_pri_pool_ratio: 0.000
  block_cache_compressed: (nil)
  persistent_cache: (nil)
  block_size: 4096
  block_size_deviation: 10
  block_restart_interval: 16
  index_block_restart_interval: 1
  metadata_block_size: 4096
  partition_filters: 0
  use_delta_encoding: 1
  filter_policy: nullptr
  whole_key_filtering: 1
  verify_compression: 0
  read_amp_bytes_per_bit: 0
  format_version: 2
  enable_index_compression: 1
  block_align: 0
2019/10/17-14:56:03.558215 7fbc2cd30700        Options.write_buffer_size: 67108864
2019/10/17-14:56:03.558216 7fbc2cd30700  Options.max_write_buffer_number: 2
2019/10/17-14:56:03.558217 7fbc2cd30700          Options.compression: NoCompression
2019/10/17-14:56:03.558217 7fbc2cd30700                  Options.bottommost_compression: Disabled
2019/10/17-14:56:03.558218 7fbc2cd30700       Options.prefix_extractor: nullptr
2019/10/17-14:56:03.558219 7fbc2cd30700   Options.memtable_insert_with_hint_prefix_extractor: nullptr
2019/10/17-14:56:03.558219 7fbc2cd30700             Options.num_levels: 7
2019/10/17-14:56:03.558220 7fbc2cd30700        Options.min_write_buffer_number_to_merge: 1
2019/10/17-14:56:03.558221 7fbc2cd30700     Options.max_write_buffer_number_to_maintain: 0
2019/10/17-14:56:03.558221 7fbc2cd30700            Options.bottommost_compression_opts.window_bits: -14
2019/10/17-14:56:03.558222 7fbc2cd30700                  Options.bottommost_compression_opts.level: 32767
2019/10/17-14:56:03.558223 7fbc2cd30700               Options.bottommost_compression_opts.strategy: 0
2019/10/17-14:56:03.558223 7fbc2cd30700         Options.bottommost_compression_opts.max_dict_bytes: 0
2019/10/17-14:56:03.558224 7fbc2cd30700         Options.bottommost_compression_opts.zstd_max_train_bytes: 0
2019/10/17-14:56:03.558225 7fbc2cd30700                  Options.bottommost_compression_opts.enabled: false
2019/10/17-14:56:03.558226 7fbc2cd30700            Options.compression_opts.window_bits: -14
2019/10/17-14:56:03.558226 7fbc2cd30700                  Options.compression_opts.level: 32767
2019/10/17-14:56:03.558227 7fbc2cd30700               Options.compression_opts.strategy: 0
2019/10/17-14:56:03.558228 7fbc2cd30700         Options.compression_opts.max_dict_bytes: 0
2019/10/17-14:56:03.558228 7fbc2cd30700         Options.compression_opts.zstd_max_train_bytes: 0
2019/10/17-14:56:03.558229 7fbc2cd30700                  Options.compression_opts.enabled: false
2019/10/17-14:56:03.558230 7fbc2cd30700      Options.level0_file_num_compaction_trigger: 4
2019/10/17-14:56:03.558230 7fbc2cd30700          Options.level0_slowdown_writes_trigger: 20
2019/10/17-14:56:03.558231 7fbc2cd30700              Options.level0_stop_writes_trigger: 36
2019/10/17-14:56:03.558232 7fbc2cd30700                   Options.target_file_size_base: 67108864
2019/10/17-14:56:03.558232 7fbc2cd30700             Options.target_file_size_multiplier: 1
2019/10/17-14:56:03.558233 7fbc2cd30700                Options.max_bytes_for_level_base: 268435456
2019/10/17-14:56:03.558234 7fbc2cd30700 Options.level_compaction_dynamic_level_bytes: 0
2019/10/17-14:56:03.558234 7fbc2cd30700          Options.max_bytes_for_level_multiplier: 10.000000
2019/10/17-14:56:03.558236 7fbc2cd30700 Options.max_bytes_for_level_multiplier_addtl[0]: 1
2019/10/17-14:56:03.558237 7fbc2cd30700 Options.max_bytes_for_level_multiplier_addtl[1]: 1
2019/10/17-14:56:03.558237 7fbc2cd30700 Options.max_bytes_for_level_multiplier_addtl[2]: 1
2019/10/17-14:56:03.558238 7fbc2cd30700 Options.max_bytes_for_level_multiplier_addtl[3]: 1
2019/10/17-14:56:03.558239 7fbc2cd30700 Options.max_bytes_for_level_multiplier_addtl[4]: 1
2019/10/17-14:56:03.558239 7fbc2cd30700 Options.max_bytes_for_level_multiplier_addtl[5]: 1
2019/10/17-14:56:03.558240 7fbc2cd30700 Options.max_bytes_for_level_multiplier_addtl[6]: 1
2019/10/17-14:56:03.558241 7fbc2cd30700       Options.max_sequential_skip_in_iterations: 8
2019/10/17-14:56:03.558245 7fbc2cd30700                    Options.max_compaction_bytes: 1677721600
2019/10/17-14:56:03.558245 7fbc2cd30700                        Options.arena_block_size: 8388608
2019/10/17-14:56:03.558246 7fbc2cd30700   Options.soft_pending_compaction_bytes_limit: 68719476736
2019/10/17-14:56:03.558247 7fbc2cd30700   Options.hard_pending_compaction_bytes_limit: 274877906944
2019/10/17-14:56:03.558248 7fbc2cd30700       Options.rate_limit_delay_max_milliseconds: 100
2019/10/17-14:56:03.558248 7fbc2cd30700                Options.disable_auto_compactions: 0
2019/10/17-14:56:03.558249 7fbc2cd30700                        Options.compaction_style: kCompactionStyleLevel
2019/10/17-14:56:03.558250 7fbc2cd30700                          Options.compaction_pri: kByCompensatedSize
2019/10/17-14:56:03.558251 7fbc2cd30700 Options.compaction_options_universal.size_ratio: 1
2019/10/17-14:56:03.558251 7fbc2cd30700 Options.compaction_options_universal.min_merge_width: 2
2019/10/17-14:56:03.558252 7fbc2cd30700 Options.compaction_options_universal.max_merge_width: 4294967295
2019/10/17-14:56:03.558253 7fbc2cd30700 Options.compaction_options_universal.max_size_amplification_percent: 200
2019/10/17-14:56:03.558253 7fbc2cd30700 Options.compaction_options_universal.compression_size_percent: -1
2019/10/17-14:56:03.558254 7fbc2cd30700 Options.compaction_options_universal.stop_style: kCompactionStopStyleTotalSize
2019/10/17-14:56:03.558255 7fbc2cd30700 Options.compaction_options_fifo.max_table_files_size: 1073741824
2019/10/17-14:56:03.558256 7fbc2cd30700 Options.compaction_options_fifo.allow_compaction: 0
2019/10/17-14:56:03.558256 7fbc2cd30700 Options.compaction_options_fifo.ttl: 0
2019/10/17-14:56:03.558257 7fbc2cd30700                   Options.table_properties_collectors: 
2019/10/17-14:56:03.558258 7fbc2cd30700                   Options.inplace_update_support: 0
2019/10/17-14:56:03.558258 7fbc2cd30700                 Options.inplace_update_num_locks: 10000
2019/10/17-14:56:03.558259 7fbc2cd30700               Options.memtable_prefix_bloom_size_ratio: 0.000000
2019/10/17-14:56:03.558260 7fbc2cd30700   Options.memtable_huge_page_size: 0
2019/10/17-14:56:03.558261 7fbc2cd30700                           Options.bloom_locality: 0
2019/10/17-14:56:03.558262 7fbc2cd30700                    Options.max_successive_merges: 0
2019/10/17-14:56:03.558262 7fbc2cd30700                Options.optimize_filters_for_hits: 0
2019/10/17-14:56:03.558263 7fbc2cd30700                Options.paranoid_file_checks: 0
2019/10/17-14:56:03.558264 7fbc2cd30700                Options.force_consistency_checks: 0
2019/10/17-14:56:03.558264 7fbc2cd30700                Options.report_bg_io_stats: 0
2019/10/17-14:56:03.558265 7fbc2cd30700                               Options.ttl: 0
2019/10/17-14:56:03.558280 7fbc2cd30700 [db/column_family.cc:472] --------------- Options for column family [entries]:
2019/10/17-14:56:03.558281 7fbc2cd30700               Options.comparator: leveldb.BytewiseComparator
2019/10/17-14:56:03.558282 7fbc2cd30700           Options.merge_operator: None
2019/10/17-14:56:03.558282 7fbc2cd30700        Options.compaction_filter: None
2019/10/17-14:56:03.558283 7fbc2cd30700        Options.compaction_filter_factory: None
2019/10/17-14:56:03.558284 7fbc2cd30700         Options.memtable_factory: SkipListFactory
2019/10/17-14:56:03.558284 7fbc2cd30700            Options.table_factory: BlockBasedTable
2019/10/17-14:56:03.558293 7fbc2cd30700            table_factory options:   flush_block_policy_factory: FlushBlockBySizePolicyFactory (0x7fbbb804b0c0)
  cache_index_and_filter_blocks: 0
  cache_index_and_filter_blocks_with_high_priority: 0
  pin_l0_filter_and_index_blocks_in_cache: 0
  pin_top_level_index_and_filter: 1
  index_type: 0
  hash_index_allow_collision: 1
  checksum: 1
  no_block_cache: 0
  block_cache: 0x7fbbb803b0f0
  block_cache_name: LRUCache
  block_cache_options:
    capacity : 8388608
    num_shard_bits : 4
    strict_capacity_limit : 0
    memory_allocator : None
    high_pri_pool_ratio: 0.000
  block_cache_compressed: (nil)
  persistent_cache: (nil)
  block_size: 4096
  block_size_deviation: 10
  block_restart_interval: 16
  index_block_restart_interval: 1
  metadata_block_size: 4096
  partition_filters: 0
  use_delta_encoding: 1
  filter_policy: nullptr
  whole_key_filtering: 1
  verify_compression: 0
  read_amp_bytes_per_bit: 0
  format_version: 2
  enable_index_compression: 1
  block_align: 0
2019/10/17-14:56:03.558299 7fbc2cd30700        Options.write_buffer_size: 67108864
2019/10/17-14:56:03.558300 7fbc2cd30700  Options.max_write_buffer_number: 2
2019/10/17-14:56:03.558301 7fbc2cd30700          Options.compression: NoCompression
2019/10/17-14:56:03.558301 7fbc2cd30700                  Options.bottommost_compression: Disabled
2019/10/17-14:56:03.558302 7fbc2cd30700       Options.prefix_extractor: nullptr
2019/10/17-14:56:03.558303 7fbc2cd30700   Options.memtable_insert_with_hint_prefix_extractor: nullptr
2019/10/17-14:56:03.558303 7fbc2cd30700             Options.num_levels: 7
2019/10/17-14:56:03.558304 7fbc2cd30700        Options.min_write_buffer_number_to_merge: 1
2019/10/17-14:56:03.558305 7fbc2cd30700     Options.max_write_buffer_number_to_maintain: 0
2019/10/17-14:56:03.558305 7fbc2cd30700            Options.bottommost_compression_opts.window_bits: -14
2019/10/17-14:56:03.558306 7fbc2cd30700                  Options.bottommost_compression_opts.level: 32767
2019/10/17-14:56:03.558307 7fbc2cd30700               Options.bottommost_compression_opts.strategy: 0
2019/10/17-14:56:03.558307 7fbc2cd30700         Options.bottommost_compression_opts.max_dict_bytes: 0
2019/10/17-14:56:03.558308 7fbc2cd30700         Options.bottommost_compression_opts.zstd_max_train_bytes: 0
2019/10/17-14:56:03.558309 7fbc2cd30700                  Options.bottommost_compression_opts.enabled: false
2019/10/17-14:56:03.558309 7fbc2cd30700            Options.compression_opts.window_bits: -14
2019/10/17-14:56:03.558310 7fbc2cd30700                  Options.compression_opts.level: 32767
2019/10/17-14:56:03.558311 7fbc2cd30700               Options.compression_opts.strategy: 0
2019/10/17-14:56:03.558311 7fbc2cd30700         Options.compression_opts.max_dict_bytes: 0
2019/10/17-14:56:03.558312 7fbc2cd30700         Options.compression_opts.zstd_max_train_bytes: 0
2019/10/17-14:56:03.558313 7fbc2cd30700                  Options.compression_opts.enabled: false
2019/10/17-14:56:03.558313 7fbc2cd30700      Options.level0_file_num_compaction_trigger: 4
2019/10/17-14:56:03.558314 7fbc2cd30700          Options.level0_slowdown_writes_trigger: 20
2019/10/17-14:56:03.558315 7fbc2cd30700              Options.level0_stop_writes_trigger: 36
2019/10/17-14:56:03.558316 7fbc2cd30700                   Options.target_file_size_base: 67108864
2019/10/17-14:56:03.558316 7fbc2cd30700             Options.target_file_size_multiplier: 1
2019/10/17-14:56:03.558317 7fbc2cd30700                Options.max_bytes_for_level_base: 268435456
2019/10/17-14:56:03.558318 7fbc2cd30700 Options.level_compaction_dynamic_level_bytes: 0
2019/10/17-14:56:03.558318 7fbc2cd30700          Options.max_bytes_for_level_multiplier: 10.000000
2019/10/17-14:56:03.558320 7fbc2cd30700 Options.max_bytes_for_level_multiplier_addtl[0]: 1
2019/10/17-14:56:03.558320 7fbc2cd30700 Options.max_bytes_for_level_multiplier_addtl[1]: 1
2019/10/17-14:56:03.558321 7fbc2cd30700 Options.max_bytes_for_level_multiplier_addtl[2]: 1
2019/10/17-14:56:03.558322 7fbc2cd30700 Options.max_bytes_for_level_multiplier_addtl[3]: 1
2019/10/17-14:56:03.558322 7fbc2cd30700 Options.max_bytes_for_level_multiplier_addtl[4]: 1
2019/10/17-14:56:03.558323 7fbc2cd30700 Options.max_bytes_for_level_multiplier_addtl[5]: 1
2019/10/17-14:56:03.558324 7fbc2cd30700 Options.max_bytes_for_level_multiplier_addtl[6]: 1
2019/10/17-14:56:03.558324 7fbc2cd30700       Options.max_sequential_skip_in_iterations: 8
2019/10/17-14:56:03.558325 7fbc2cd30700                    Options.max_compaction_bytes: 1677721600
2019/10/17-14:56:03.558326 7fbc2cd30700                        Options.arena_block_size: 8388608
2019/10/17-14:56:03.558326 7fbc2cd30700   Options.soft_pending_compaction_bytes_limit: 68719476736
2019/10/17-14:56:03.558331 7fbc2cd30700   Options.hard_pending_compaction_bytes_limit: 274877906944
2019/10/17-14:56:03.558332 7fbc2cd30700       Options.rate_limit_delay_max_milliseconds: 100
2019/10/17-14:56:03.558332 7fbc2cd30700                Options.disable_auto_compactions: 0
2019/10/17-14:56:03.558333 7fbc2cd30700                        Options.compaction_style: kCompactionStyleLevel
2019/10/17-14:56:03.558334 7fbc2cd30700                          Options.compaction_pri: kByCompensatedSize
2019/10/17-14:56:03.558334 7fbc2cd30700 Options.compaction_options_universal.size_ratio: 1
2019/10/17-14:56:03.558335 7fbc2cd30700 Options.compaction_options_universal.min_merge_width: 2
2019/10/17-14:56:03.558336 7fbc2cd30700 Options.compaction_options_universal.max_merge_width: 4294967295
2019/10/17-14:56:03.558337 7fbc2cd30700 Options.compaction_options_universal.max_size_amplification_percent: 200
2019/10/17-14:56:03.558337 7fbc2cd30700 Options.compaction_options_universal.compression_size_percent: -1
2019/10/17-14:56:03.558338 7fbc2cd30700 Options.compaction_options_universal.stop_style: kCompactionStopStyleTotalSize
2019/10/17-14:56:03.558339 7fbc2cd30700 Options.compaction_options_fifo.max_table_files_size: 1073741824
2019/10/17-14:56:03.558340 7fbc2cd30700 Options.compaction_options_fifo.allow_compaction: 0
2019/10/17-14:56:03.558340 7fbc2cd30700 Options.compaction_options_fifo.ttl: 0
2019/10/17-14:56:03.558341 7fbc2cd30700                   Options.table_properties_collectors: 
2019/10/17-14:56:03.558342 7fbc2cd30700                   Options.inplace_update_support: 0
2019/10/17-14:56:03.558342 7fbc2cd30700                 Options.inplace_update_num_locks: 10000
2019/10/17-14:56:03.558343 7fbc2cd30700               Options.memtable_prefix_bloom_size_ratio: 0.000000
2019/10/17-14:56:03.558344 7fbc2cd30700   Options.memtable_huge_page_size: 0
2019/10/17-14:56:03.558345 7fbc2cd30700                           Options.bloom_locality: 0
2019/10/17-14:56:03.558345 7fbc2cd30700                    Options.max_successive_merges: 0
2019/10/17-14:56:03.558346 7fbc2cd30700                Options.optimize_filters_for_hits: 0
2019/10/17-14:56:03.558347 7fbc2cd30700                Options.paranoid_file_checks: 0
2019/10/17-14:56:03.558347 7fbc2cd30700                Options.force_consistency_checks: 0
2019/10/17-14:56:03.558348 7fbc2cd30700                Options.report_bg_io_stats: 0
2019/10/17-14:56:03.558349 7fbc2cd30700                               Options.ttl: 0
2019/10/17-14:56:03.558362 7fbc2cd30700 [db/column_family.cc:472] --------------- Options for column family [dc_entries]:
2019/10/17-14:56:03.558363 7fbc2cd30700               Options.comparator: leveldb.BytewiseComparator
2019/10/17-14:56:03.558364 7fbc2cd30700           Options.merge_operator: None
2019/10/17-14:56:03.558364 7fbc2cd30700        Options.compaction_filter: None
2019/10/17-14:56:03.558365 7fbc2cd30700        Options.compaction_filter_factory: None
2019/10/17-14:56:03.558366 7fbc2cd30700         Options.memtable_factory: SkipListFactory
2019/10/17-14:56:03.558366 7fbc2cd30700            Options.table_factory: BlockBasedTable
2019/10/17-14:56:03.558374 7fbc2cd30700            table_factory options:   flush_block_policy_factory: FlushBlockBySizePolicyFactory (0x7fbbb8022180)
  cache_index_and_filter_blocks: 0
  cache_index_and_filter_blocks_with_high_priority: 0
  pin_l0_filter_and_index_blocks_in_cache: 0
  pin_top_level_index_and_filter: 1
  index_type: 0
  hash_index_allow_collision: 1
  checksum: 1
  no_block_cache: 0
  block_cache: 0x7fbbb800a680
  block_cache_name: LRUCache
  block_cache_options:
    capacity : 8388608
    num_shard_bits : 4
    strict_capacity_limit : 0
    memory_allocator : None
    high_pri_pool_ratio: 0.000
  block_cache_compressed: (nil)
  persistent_cache: (nil)
  block_size: 4096
  block_size_deviation: 10
  block_restart_interval: 16
  index_block_restart_interval: 1
  metadata_block_size: 4096
  partition_filters: 0
  use_delta_encoding: 1
  filter_policy: nullptr
  whole_key_filtering: 1
  verify_compression: 0
  read_amp_bytes_per_bit: 0
  format_version: 2
  enable_index_compression: 1
  block_align: 0
2019/10/17-14:56:03.558380 7fbc2cd30700        Options.write_buffer_size: 67108864
2019/10/17-14:56:03.558381 7fbc2cd30700  Options.max_write_buffer_number: 2
2019/10/17-14:56:03.558382 7fbc2cd30700          Options.compression: NoCompression
2019/10/17-14:56:03.558382 7fbc2cd30700                  Options.bottommost_compression: Disabled
2019/10/17-14:56:03.558383 7fbc2cd30700       Options.prefix_extractor: nullptr
2019/10/17-14:56:03.558384 7fbc2cd30700   Options.memtable_insert_with_hint_prefix_extractor: nullptr
2019/10/17-14:56:03.558384 7fbc2cd30700             Options.num_levels: 7
2019/10/17-14:56:03.558385 7fbc2cd30700        Options.min_write_buffer_number_to_merge: 1
2019/10/17-14:56:03.558386 7fbc2cd30700     Options.max_write_buffer_number_to_maintain: 0
2019/10/17-14:56:03.558386 7fbc2cd30700            Options.bottommost_compression_opts.window_bits: -14
2019/10/17-14:56:03.558387 7fbc2cd30700                  Options.bottommost_compression_opts.level: 32767
2019/10/17-14:56:03.558388 7fbc2cd30700               Options.bottommost_compression_opts.strategy: 0
2019/10/17-14:56:03.558389 7fbc2cd30700         Options.bottommost_compression_opts.max_dict_bytes: 0
2019/10/17-14:56:03.558389 7fbc2cd30700         Options.bottommost_compression_opts.zstd_max_train_bytes: 0
2019/10/17-14:56:03.558390 7fbc2cd30700                  Options.bottommost_compression_opts.enabled: false
2019/10/17-14:56:03.558391 7fbc2cd30700            Options.compression_opts.window_bits: -14
2019/10/17-14:56:03.558391 7fbc2cd30700                  Options.compression_opts.level: 32767
2019/10/17-14:56:03.558392 7fbc2cd30700               Options.compression_opts.strategy: 0
2019/10/17-14:56:03.558393 7fbc2cd30700         Options.compression_opts.max_dict_bytes: 0
2019/10/17-14:56:03.558393 7fbc2cd30700         Options.compression_opts.zstd_max_train_bytes: 0
2019/10/17-14:56:03.558394 7fbc2cd30700                  Options.compression_opts.enabled: false
2019/10/17-14:56:03.558395 7fbc2cd30700      Options.level0_file_num_compaction_trigger: 4
2019/10/17-14:56:03.558395 7fbc2cd30700          Options.level0_slowdown_writes_trigger: 20
2019/10/17-14:56:03.558396 7fbc2cd30700              Options.level0_stop_writes_trigger: 36
2019/10/17-14:56:03.558397 7fbc2cd30700                   Options.target_file_size_base: 67108864
2019/10/17-14:56:03.558397 7fbc2cd30700             Options.target_file_size_multiplier: 1
2019/10/17-14:56:03.558398 7fbc2cd30700                Options.max_bytes_for_level_base: 268435456
2019/10/17-14:56:03.558399 7fbc2cd30700 Options.level_compaction_dynamic_level_bytes: 0
2019/10/17-14:56:03.558399 7fbc2cd30700          Options.max_bytes_for_level_multiplier: 10.000000
2019/10/17-14:56:03.558401 7fbc2cd30700 Options.max_bytes_for_level_multiplier_addtl[0]: 1
2019/10/17-14:56:03.558401 7fbc2cd30700 Options.max_bytes_for_level_multiplier_addtl[1]: 1
2019/10/17-14:56:03.558402 7fbc2cd30700 Options.max_bytes_for_level_multiplier_addtl[2]: 1
2019/10/17-14:56:03.558403 7fbc2cd30700 Options.max_bytes_for_level_multiplier_addtl[3]: 1
2019/10/17-14:56:03.558403 7fbc2cd30700 Options.max_bytes_for_level_multiplier_addtl[4]: 1
2019/10/17-14:56:03.558404 7fbc2cd30700 Options.max_bytes_for_level_multiplier_addtl[5]: 1
2019/10/17-14:56:03.558405 7fbc2cd30700 Options.max_bytes_for_level_multiplier_addtl[6]: 1
2019/10/17-14:56:03.558405 7fbc2cd30700       Options.max_sequential_skip_in_iterations: 8
2019/10/17-14:56:03.558406 7fbc2cd30700                    Options.max_compaction_bytes: 1677721600
2019/10/17-14:56:03.558407 7fbc2cd30700                        Options.arena_block_size: 8388608
2019/10/17-14:56:03.558408 7fbc2cd30700   Options.soft_pending_compaction_bytes_limit: 68719476736
2019/10/17-14:56:03.558408 7fbc2cd30700   Options.hard_pending_compaction_bytes_limit: 274877906944
2019/10/17-14:56:03.558409 7fbc2cd30700       Options.rate_limit_delay_max_milliseconds: 100
2019/10/17-14:56:03.558410 7fbc2cd30700                Options.disable_auto_compactions: 0
2019/10/17-14:56:03.558414 7fbc2cd30700                        Options.compaction_style: kCompactionStyleLevel
2019/10/17-14:56:03.558415 7fbc2cd30700                          Options.compaction_pri: kByCompensatedSize
2019/10/17-14:56:03.558415 7fbc2cd30700 Options.compaction_options_universal.size_ratio: 1
2019/10/17-14:56:03.558416 7fbc2cd30700 Options.compaction_options_universal.min_merge_width: 2
2019/10/17-14:56:03.558417 7fbc2cd30700 Options.compaction_options_universal.max_merge_width: 4294967295
2019/10/17-14:56:03.558418 7fbc2cd30700 Options.compaction_options_universal.max_size_amplification_percent: 200
2019/10/17-14:56:03.558418 7fbc2cd30700 Options.compaction_options_universal.compression_size_percent: -1
2019/10/17-14:56:03.558419 7fbc2cd30700 Options.compaction_options_universal.stop_style: kCompactionStopStyleTotalSize
2019/10/17-14:56:03.558420 7fbc2cd30700 Options.compaction_options_fifo.max_table_files_size: 1073741824
2019/10/17-14:56:03.558420 7fbc2cd30700 Options.compaction_options_fifo.allow_compaction: 0
2019/10/17-14:56:03.558421 7fbc2cd30700 Options.compaction_options_fifo.ttl: 0
2019/10/17-14:56:03.558422 7fbc2cd30700                   Options.table_properties_collectors: 
2019/10/17-14:56:03.558422 7fbc2cd30700                   Options.inplace_update_support: 0
2019/10/17-14:56:03.558423 7fbc2cd30700                 Options.inplace_update_num_locks: 10000
2019/10/17-14:56:03.558424 7fbc2cd30700               Options.memtable_prefix_bloom_size_ratio: 0.000000
2019/10/17-14:56:03.558425 7fbc2cd30700   Options.memtable_huge_page_size: 0
2019/10/17-14:56:03.558425 7fbc2cd30700                           Options.bloom_locality: 0
2019/10/17-14:56:03.558426 7fbc2cd30700                    Options.max_successive_merges: 0
2019/10/17-14:56:03.558427 7fbc2cd30700                Options.optimize_filters_for_hits: 0
2019/10/17-14:56:03.558427 7fbc2cd30700                Options.paranoid_file_checks: 0
2019/10/17-14:56:03.558428 7fbc2cd30700                Options.force_consistency_checks: 0
2019/10/17-14:56:03.558429 7fbc2cd30700                Options.report_bg_io_stats: 0
2019/10/17-14:56:03.558429 7fbc2cd30700                               Options.ttl: 0
2019/10/17-14:56:03.558440 7fbc2cd30700 [db/column_family.cc:472] --------------- Options for column family [htlcs]:
2019/10/17-14:56:03.558442 7fbc2cd30700               Options.comparator: leveldb.BytewiseComparator
2019/10/17-14:56:03.558442 7fbc2cd30700           Options.merge_operator: None
2019/10/17-14:56:03.558443 7fbc2cd30700        Options.compaction_filter: None
2019/10/17-14:56:03.558444 7fbc2cd30700        Options.compaction_filter_factory: None
2019/10/17-14:56:03.558444 7fbc2cd30700         Options.memtable_factory: SkipListFactory
2019/10/17-14:56:03.558445 7fbc2cd30700            Options.table_factory: BlockBasedTable
2019/10/17-14:56:03.558453 7fbc2cd30700            table_factory options:   flush_block_policy_factory: FlushBlockBySizePolicyFactory (0x7fbbb809b190)
