2019/10/17-14:54:04.761384 7fc3a9fcb700 RocksDB version: 5.18.3
2019/10/17-14:54:04.761472 7fc3a9fcb700 Git sha rocksdb_build_git_sha:@0@
2019/10/17-14:54:04.761475 7fc3a9fcb700 Compile date Sep 19 2019
2019/10/17-14:54:04.761477 7fc3a9fcb700 DB SUMMARY
2019/10/17-14:54:04.762428 7fc3a9fcb700 CURRENT file:  CURRENT
2019/10/17-14:54:04.762430 7fc3a9fcb700 IDENTITY file:  IDENTITY
2019/10/17-14:54:04.762469 7fc3a9fcb700 MANIFEST file:  MANIFEST-114643 size: 4114 Bytes
2019/10/17-14:54:04.762472 7fc3a9fcb700 SST files in /home/rahul/dev/blockchain-core/eqc/ledger.db dir, Total Num: 29, files: 000624.sst 000627.sst 106940.sst 108447.sst 108450.sst 109471.sst 109483.sst 109485.sst 109486.sst 
2019/10/17-14:54:04.762473 7fc3a9fcb700 Write Ahead Log file in /home/rahul/dev/blockchain-core/eqc/ledger.db: 114644.log size: 0 ; 
2019/10/17-14:54:04.762519 7fc3a9fcb700                         Options.error_if_exists: 0
2019/10/17-14:54:04.762521 7fc3a9fcb700                       Options.create_if_missing: 1
2019/10/17-14:54:04.762522 7fc3a9fcb700                         Options.paranoid_checks: 1
2019/10/17-14:54:04.762523 7fc3a9fcb700                                     Options.env: 0x7fc32ae1fc60
2019/10/17-14:54:04.762524 7fc3a9fcb700                                Options.info_log: 0x7fc3500da160
2019/10/17-14:54:04.762525 7fc3a9fcb700                Options.max_file_opening_threads: 16
2019/10/17-14:54:04.762526 7fc3a9fcb700                              Options.statistics: (nil)
2019/10/17-14:54:04.762527 7fc3a9fcb700                               Options.use_fsync: 0
2019/10/17-14:54:04.762528 7fc3a9fcb700                       Options.max_log_file_size: 0
2019/10/17-14:54:04.762529 7fc3a9fcb700                  Options.max_manifest_file_size: 1073741824
2019/10/17-14:54:04.762531 7fc3a9fcb700                   Options.log_file_time_to_roll: 0
2019/10/17-14:54:04.762532 7fc3a9fcb700                       Options.keep_log_file_num: 1000
2019/10/17-14:54:04.762533 7fc3a9fcb700                    Options.recycle_log_file_num: 0
2019/10/17-14:54:04.762534 7fc3a9fcb700                         Options.allow_fallocate: 1
2019/10/17-14:54:04.762535 7fc3a9fcb700                        Options.allow_mmap_reads: 0
2019/10/17-14:54:04.762536 7fc3a9fcb700                       Options.allow_mmap_writes: 0
2019/10/17-14:54:04.762537 7fc3a9fcb700                        Options.use_direct_reads: 0
2019/10/17-14:54:04.762538 7fc3a9fcb700                        Options.use_direct_io_for_flush_and_compaction: 0
2019/10/17-14:54:04.762539 7fc3a9fcb700          Options.create_missing_column_families: 0
2019/10/17-14:54:04.762540 7fc3a9fcb700                              Options.db_log_dir: 
2019/10/17-14:54:04.762541 7fc3a9fcb700                                 Options.wal_dir: /home/rahul/dev/blockchain-core/eqc/ledger.db
2019/10/17-14:54:04.762542 7fc3a9fcb700                Options.table_cache_numshardbits: 6
2019/10/17-14:54:04.762543 7fc3a9fcb700                      Options.max_subcompactions: 1
2019/10/17-14:54:04.762544 7fc3a9fcb700                  Options.max_background_flushes: -1
2019/10/17-14:54:04.762545 7fc3a9fcb700                         Options.WAL_ttl_seconds: 0
2019/10/17-14:54:04.762546 7fc3a9fcb700                       Options.WAL_size_limit_MB: 0
2019/10/17-14:54:04.762547 7fc3a9fcb700             Options.manifest_preallocation_size: 4194304
2019/10/17-14:54:04.762548 7fc3a9fcb700                     Options.is_fd_close_on_exec: 1
2019/10/17-14:54:04.762549 7fc3a9fcb700                   Options.advise_random_on_open: 1
2019/10/17-14:54:04.762550 7fc3a9fcb700                    Options.db_write_buffer_size: 0
2019/10/17-14:54:04.762551 7fc3a9fcb700                    Options.write_buffer_manager: 0x7fc3500a2380
2019/10/17-14:54:04.762552 7fc3a9fcb700         Options.access_hint_on_compaction_start: 1
2019/10/17-14:54:04.762553 7fc3a9fcb700  Options.new_table_reader_for_compaction_inputs: 0
2019/10/17-14:54:04.762554 7fc3a9fcb700           Options.random_access_max_buffer_size: 1048576
2019/10/17-14:54:04.762555 7fc3a9fcb700                      Options.use_adaptive_mutex: 0
2019/10/17-14:54:04.762556 7fc3a9fcb700                            Options.rate_limiter: (nil)
2019/10/17-14:54:04.762569 7fc3a9fcb700     Options.sst_file_manager.rate_bytes_per_sec: 0
2019/10/17-14:54:04.762570 7fc3a9fcb700                       Options.wal_recovery_mode: 2
2019/10/17-14:54:04.762571 7fc3a9fcb700                  Options.enable_thread_tracking: 0
2019/10/17-14:54:04.762572 7fc3a9fcb700                  Options.enable_pipelined_write: 0
2019/10/17-14:54:04.762573 7fc3a9fcb700         Options.allow_concurrent_memtable_write: 1
2019/10/17-14:54:04.762574 7fc3a9fcb700      Options.enable_write_thread_adaptive_yield: 1
2019/10/17-14:54:04.762575 7fc3a9fcb700             Options.write_thread_max_yield_usec: 100
2019/10/17-14:54:04.762576 7fc3a9fcb700            Options.write_thread_slow_yield_usec: 3
2019/10/17-14:54:04.762577 7fc3a9fcb700                               Options.row_cache: None
2019/10/17-14:54:04.762578 7fc3a9fcb700                              Options.wal_filter: None
2019/10/17-14:54:04.762580 7fc3a9fcb700             Options.avoid_flush_during_recovery: 0
2019/10/17-14:54:04.762581 7fc3a9fcb700             Options.allow_ingest_behind: 0
2019/10/17-14:54:04.762582 7fc3a9fcb700             Options.preserve_deletes: 0
2019/10/17-14:54:04.762583 7fc3a9fcb700             Options.two_write_queues: 0
2019/10/17-14:54:04.762583 7fc3a9fcb700             Options.manual_wal_flush: 0
2019/10/17-14:54:04.762584 7fc3a9fcb700             Options.max_background_jobs: 2
2019/10/17-14:54:04.762585 7fc3a9fcb700             Options.max_background_compactions: -1
2019/10/17-14:54:04.762587 7fc3a9fcb700             Options.avoid_flush_during_shutdown: 0
2019/10/17-14:54:04.762587 7fc3a9fcb700           Options.writable_file_max_buffer_size: 1048576
2019/10/17-14:54:04.762588 7fc3a9fcb700             Options.delayed_write_rate : 16777216
2019/10/17-14:54:04.762590 7fc3a9fcb700             Options.max_total_wal_size: 0
2019/10/17-14:54:04.762591 7fc3a9fcb700             Options.delete_obsolete_files_period_micros: 21600000000
2019/10/17-14:54:04.762592 7fc3a9fcb700                   Options.stats_dump_period_sec: 600
2019/10/17-14:54:04.762593 7fc3a9fcb700                          Options.max_open_files: -1
2019/10/17-14:54:04.762594 7fc3a9fcb700                          Options.bytes_per_sync: 0
2019/10/17-14:54:04.762595 7fc3a9fcb700                      Options.wal_bytes_per_sync: 0
2019/10/17-14:54:04.762596 7fc3a9fcb700       Options.compaction_readahead_size: 0
2019/10/17-14:54:04.762597 7fc3a9fcb700 Compression algorithms supported:
2019/10/17-14:54:04.762598 7fc3a9fcb700 	kZSTDNotFinalCompression supported: 0
2019/10/17-14:54:04.762600 7fc3a9fcb700 	kZSTD supported: 0
2019/10/17-14:54:04.762601 7fc3a9fcb700 	kXpressCompression supported: 0
2019/10/17-14:54:04.762602 7fc3a9fcb700 	kLZ4HCCompression supported: 0
2019/10/17-14:54:04.762603 7fc3a9fcb700 	kLZ4Compression supported: 0
2019/10/17-14:54:04.762604 7fc3a9fcb700 	kBZip2Compression supported: 0
2019/10/17-14:54:04.762605 7fc3a9fcb700 	kZlibCompression supported: 0
2019/10/17-14:54:04.762606 7fc3a9fcb700 	kSnappyCompression supported: 0
2019/10/17-14:54:04.762609 7fc3a9fcb700 Fast CRC32 supported: Supported on x86
2019/10/17-14:54:04.762736 7fc3a9fcb700 [db/version_set.cc:3507] Recovering from manifest file: MANIFEST-114643
2019/10/17-14:54:04.762780 7fc3a9fcb700 [db/column_family.cc:472] --------------- Options for column family [default]:
2019/10/17-14:54:04.762782 7fc3a9fcb700               Options.comparator: leveldb.BytewiseComparator
2019/10/17-14:54:04.762784 7fc3a9fcb700           Options.merge_operator: None
2019/10/17-14:54:04.762785 7fc3a9fcb700        Options.compaction_filter: None
2019/10/17-14:54:04.762786 7fc3a9fcb700        Options.compaction_filter_factory: None
2019/10/17-14:54:04.762787 7fc3a9fcb700         Options.memtable_factory: SkipListFactory
2019/10/17-14:54:04.762788 7fc3a9fcb700            Options.table_factory: BlockBasedTable
2019/10/17-14:54:04.762808 7fc3a9fcb700            table_factory options:   flush_block_policy_factory: FlushBlockBySizePolicyFactory (0x7fc35007af60)
  cache_index_and_filter_blocks: 0
  cache_index_and_filter_blocks_with_high_priority: 0
  pin_l0_filter_and_index_blocks_in_cache: 0
  pin_top_level_index_and_filter: 1
  index_type: 0
  hash_index_allow_collision: 1
  checksum: 1
  no_block_cache: 0
  block_cache: 0x7fc350018070
  block_cache_name: LRUCache
  block_cache_options:
    capacity : 8388608
    num_shard_bits : 4
    strict_capacity_limit : 0
    memory_allocator : None
    high_pri_pool_ratio: 0.000
  block_cache_compressed: (nil)
  persistent_cache: (nil)
  block_size: 4096
  block_size_deviation: 10
  block_restart_interval: 16
  index_block_restart_interval: 1
  metadata_block_size: 4096
  partition_filters: 0
  use_delta_encoding: 1
  filter_policy: nullptr
  whole_key_filtering: 1
  verify_compression: 0
  read_amp_bytes_per_bit: 0
  format_version: 2
  enable_index_compression: 1
  block_align: 0
2019/10/17-14:54:04.762821 7fc3a9fcb700        Options.write_buffer_size: 67108864
2019/10/17-14:54:04.762822 7fc3a9fcb700  Options.max_write_buffer_number: 2
2019/10/17-14:54:04.762824 7fc3a9fcb700          Options.compression: NoCompression
2019/10/17-14:54:04.762825 7fc3a9fcb700                  Options.bottommost_compression: Disabled
2019/10/17-14:54:04.762826 7fc3a9fcb700       Options.prefix_extractor: nullptr
2019/10/17-14:54:04.762827 7fc3a9fcb700   Options.memtable_insert_with_hint_prefix_extractor: nullptr
2019/10/17-14:54:04.762828 7fc3a9fcb700             Options.num_levels: 7
2019/10/17-14:54:04.762830 7fc3a9fcb700        Options.min_write_buffer_number_to_merge: 1
2019/10/17-14:54:04.762831 7fc3a9fcb700     Options.max_write_buffer_number_to_maintain: 0
2019/10/17-14:54:04.762832 7fc3a9fcb700            Options.bottommost_compression_opts.window_bits: -14
2019/10/17-14:54:04.762833 7fc3a9fcb700                  Options.bottommost_compression_opts.level: 32767
2019/10/17-14:54:04.762834 7fc3a9fcb700               Options.bottommost_compression_opts.strategy: 0
2019/10/17-14:54:04.762835 7fc3a9fcb700         Options.bottommost_compression_opts.max_dict_bytes: 0
2019/10/17-14:54:04.762836 7fc3a9fcb700         Options.bottommost_compression_opts.zstd_max_train_bytes: 0
2019/10/17-14:54:04.762837 7fc3a9fcb700                  Options.bottommost_compression_opts.enabled: false
2019/10/17-14:54:04.762838 7fc3a9fcb700            Options.compression_opts.window_bits: -14
2019/10/17-14:54:04.762839 7fc3a9fcb700                  Options.compression_opts.level: 32767
2019/10/17-14:54:04.762840 7fc3a9fcb700               Options.compression_opts.strategy: 0
2019/10/17-14:54:04.762841 7fc3a9fcb700         Options.compression_opts.max_dict_bytes: 0
2019/10/17-14:54:04.762842 7fc3a9fcb700         Options.compression_opts.zstd_max_train_bytes: 0
2019/10/17-14:54:04.762843 7fc3a9fcb700                  Options.compression_opts.enabled: false
2019/10/17-14:54:04.762844 7fc3a9fcb700      Options.level0_file_num_compaction_trigger: 4
2019/10/17-14:54:04.762845 7fc3a9fcb700          Options.level0_slowdown_writes_trigger: 20
2019/10/17-14:54:04.762846 7fc3a9fcb700              Options.level0_stop_writes_trigger: 36
2019/10/17-14:54:04.762847 7fc3a9fcb700                   Options.target_file_size_base: 67108864
2019/10/17-14:54:04.762848 7fc3a9fcb700             Options.target_file_size_multiplier: 1
2019/10/17-14:54:04.762849 7fc3a9fcb700                Options.max_bytes_for_level_base: 268435456
2019/10/17-14:54:04.762850 7fc3a9fcb700 Options.level_compaction_dynamic_level_bytes: 0
2019/10/17-14:54:04.762851 7fc3a9fcb700          Options.max_bytes_for_level_multiplier: 10.000000
2019/10/17-14:54:04.762854 7fc3a9fcb700 Options.max_bytes_for_level_multiplier_addtl[0]: 1
2019/10/17-14:54:04.762855 7fc3a9fcb700 Options.max_bytes_for_level_multiplier_addtl[1]: 1
2019/10/17-14:54:04.762856 7fc3a9fcb700 Options.max_bytes_for_level_multiplier_addtl[2]: 1
2019/10/17-14:54:04.762857 7fc3a9fcb700 Options.max_bytes_for_level_multiplier_addtl[3]: 1
2019/10/17-14:54:04.762858 7fc3a9fcb700 Options.max_bytes_for_level_multiplier_addtl[4]: 1
2019/10/17-14:54:04.762865 7fc3a9fcb700 Options.max_bytes_for_level_multiplier_addtl[5]: 1
2019/10/17-14:54:04.762866 7fc3a9fcb700 Options.max_bytes_for_level_multiplier_addtl[6]: 1
2019/10/17-14:54:04.762867 7fc3a9fcb700       Options.max_sequential_skip_in_iterations: 8
2019/10/17-14:54:04.762868 7fc3a9fcb700                    Options.max_compaction_bytes: 1677721600
2019/10/17-14:54:04.762869 7fc3a9fcb700                        Options.arena_block_size: 8388608
2019/10/17-14:54:04.762870 7fc3a9fcb700   Options.soft_pending_compaction_bytes_limit: 68719476736
2019/10/17-14:54:04.762872 7fc3a9fcb700   Options.hard_pending_compaction_bytes_limit: 274877906944
2019/10/17-14:54:04.762873 7fc3a9fcb700       Options.rate_limit_delay_max_milliseconds: 100
2019/10/17-14:54:04.762874 7fc3a9fcb700                Options.disable_auto_compactions: 0
2019/10/17-14:54:04.762875 7fc3a9fcb700                        Options.compaction_style: kCompactionStyleLevel
2019/10/17-14:54:04.762877 7fc3a9fcb700                          Options.compaction_pri: kByCompensatedSize
2019/10/17-14:54:04.762879 7fc3a9fcb700 Options.compaction_options_universal.size_ratio: 1
2019/10/17-14:54:04.762880 7fc3a9fcb700 Options.compaction_options_universal.min_merge_width: 2
2019/10/17-14:54:04.762881 7fc3a9fcb700 Options.compaction_options_universal.max_merge_width: 4294967295
2019/10/17-14:54:04.762882 7fc3a9fcb700 Options.compaction_options_universal.max_size_amplification_percent: 200
2019/10/17-14:54:04.762883 7fc3a9fcb700 Options.compaction_options_universal.compression_size_percent: -1
2019/10/17-14:54:04.762884 7fc3a9fcb700 Options.compaction_options_universal.stop_style: kCompactionStopStyleTotalSize
2019/10/17-14:54:04.762885 7fc3a9fcb700 Options.compaction_options_fifo.max_table_files_size: 1073741824
2019/10/17-14:54:04.762886 7fc3a9fcb700 Options.compaction_options_fifo.allow_compaction: 0
2019/10/17-14:54:04.762887 7fc3a9fcb700 Options.compaction_options_fifo.ttl: 0
2019/10/17-14:54:04.762888 7fc3a9fcb700                   Options.table_properties_collectors: 
2019/10/17-14:54:04.762889 7fc3a9fcb700                   Options.inplace_update_support: 0
2019/10/17-14:54:04.762890 7fc3a9fcb700                 Options.inplace_update_num_locks: 10000
2019/10/17-14:54:04.762891 7fc3a9fcb700               Options.memtable_prefix_bloom_size_ratio: 0.000000
2019/10/17-14:54:04.762893 7fc3a9fcb700   Options.memtable_huge_page_size: 0
2019/10/17-14:54:04.762894 7fc3a9fcb700                           Options.bloom_locality: 0
2019/10/17-14:54:04.762895 7fc3a9fcb700                    Options.max_successive_merges: 0
2019/10/17-14:54:04.762896 7fc3a9fcb700                Options.optimize_filters_for_hits: 0
2019/10/17-14:54:04.762897 7fc3a9fcb700                Options.paranoid_file_checks: 0
2019/10/17-14:54:04.762898 7fc3a9fcb700                Options.force_consistency_checks: 0
2019/10/17-14:54:04.762899 7fc3a9fcb700                Options.report_bg_io_stats: 0
2019/10/17-14:54:04.762900 7fc3a9fcb700                               Options.ttl: 0
2019/10/17-14:54:04.762939 7fc3a9fcb700 [db/column_family.cc:472] --------------- Options for column family [active_gateways]:
2019/10/17-14:54:04.762941 7fc3a9fcb700               Options.comparator: leveldb.BytewiseComparator
2019/10/17-14:54:04.762942 7fc3a9fcb700           Options.merge_operator: None
2019/10/17-14:54:04.762943 7fc3a9fcb700        Options.compaction_filter: None
2019/10/17-14:54:04.762944 7fc3a9fcb700        Options.compaction_filter_factory: None
2019/10/17-14:54:04.762945 7fc3a9fcb700         Options.memtable_factory: SkipListFactory
2019/10/17-14:54:04.762946 7fc3a9fcb700            Options.table_factory: BlockBasedTable
2019/10/17-14:54:04.762960 7fc3a9fcb700            table_factory options:   flush_block_policy_factory: FlushBlockBySizePolicyFactory (0x7fc35004b8a0)
  cache_index_and_filter_blocks: 0
  cache_index_and_filter_blocks_with_high_priority: 0
  pin_l0_filter_and_index_blocks_in_cache: 0
  pin_top_level_index_and_filter: 1
  index_type: 0
  hash_index_allow_collision: 1
  checksum: 1
  no_block_cache: 0
  block_cache: 0x7fc350035b50
  block_cache_name: LRUCache
  block_cache_options:
    capacity : 8388608
    num_shard_bits : 4
    strict_capacity_limit : 0
    memory_allocator : None
    high_pri_pool_ratio: 0.000
  block_cache_compressed: (nil)
  persistent_cache: (nil)
  block_size: 4096
  block_size_deviation: 10
  block_restart_interval: 16
  index_block_restart_interval: 1
  metadata_block_size: 4096
  partition_filters: 0
  use_delta_encoding: 1
  filter_policy: nullptr
  whole_key_filtering: 1
  verify_compression: 0
  read_amp_bytes_per_bit: 0
  format_version: 2
  enable_index_compression: 1
  block_align: 0
2019/10/17-14:54:04.762969 7fc3a9fcb700        Options.write_buffer_size: 67108864
2019/10/17-14:54:04.762970 7fc3a9fcb700  Options.max_write_buffer_number: 2
2019/10/17-14:54:04.762972 7fc3a9fcb700          Options.compression: NoCompression
2019/10/17-14:54:04.762973 7fc3a9fcb700                  Options.bottommost_compression: Disabled
2019/10/17-14:54:04.762974 7fc3a9fcb700       Options.prefix_extractor: nullptr
2019/10/17-14:54:04.762975 7fc3a9fcb700   Options.memtable_insert_with_hint_prefix_extractor: nullptr
2019/10/17-14:54:04.762976 7fc3a9fcb700             Options.num_levels: 7
2019/10/17-14:54:04.762977 7fc3a9fcb700        Options.min_write_buffer_number_to_merge: 1
2019/10/17-14:54:04.762978 7fc3a9fcb700     Options.max_write_buffer_number_to_maintain: 0
2019/10/17-14:54:04.762979 7fc3a9fcb700            Options.bottommost_compression_opts.window_bits: -14
2019/10/17-14:54:04.762980 7fc3a9fcb700                  Options.bottommost_compression_opts.level: 32767
2019/10/17-14:54:04.762981 7fc3a9fcb700               Options.bottommost_compression_opts.strategy: 0
2019/10/17-14:54:04.762982 7fc3a9fcb700         Options.bottommost_compression_opts.max_dict_bytes: 0
2019/10/17-14:54:04.762983 7fc3a9fcb700         Options.bottommost_compression_opts.zstd_max_train_bytes: 0
2019/10/17-14:54:04.762984 7fc3a9fcb700                  Options.bottommost_compression_opts.enabled: false
2019/10/17-14:54:04.762985 7fc3a9fcb700            Options.compression_opts.window_bits: -14
2019/10/17-14:54:04.762986 7fc3a9fcb700                  Options.compression_opts.level: 32767
2019/10/17-14:54:04.762987 7fc3a9fcb700               Options.compression_opts.strategy: 0
2019/10/17-14:54:04.762988 7fc3a9fcb700         Options.compression_opts.max_dict_bytes: 0
2019/10/17-14:54:04.762989 7fc3a9fcb700         Options.compression_opts.zstd_max_train_bytes: 0
2019/10/17-14:54:04.762990 7fc3a9fcb700                  Options.compression_opts.enabled: false
2019/10/17-14:54:04.762991 7fc3a9fcb700      Options.level0_file_num_compaction_trigger: 4
2019/10/17-14:54:04.762992 7fc3a9fcb700          Options.level0_slowdown_writes_trigger: 20
2019/10/17-14:54:04.762993 7fc3a9fcb700              Options.level0_stop_writes_trigger: 36
2019/10/17-14:54:04.762994 7fc3a9fcb700                   Options.target_file_size_base: 67108864
2019/10/17-14:54:04.762995 7fc3a9fcb700             Options.target_file_size_multiplier: 1
2019/10/17-14:54:04.762996 7fc3a9fcb700                Options.max_bytes_for_level_base: 268435456
2019/10/17-14:54:04.762997 7fc3a9fcb700 Options.level_compaction_dynamic_level_bytes: 0
2019/10/17-14:54:04.762998 7fc3a9fcb700          Options.max_bytes_for_level_multiplier: 10.000000
2019/10/17-14:54:04.763000 7fc3a9fcb700 Options.max_bytes_for_level_multiplier_addtl[0]: 1
2019/10/17-14:54:04.763001 7fc3a9fcb700 Options.max_bytes_for_level_multiplier_addtl[1]: 1
2019/10/17-14:54:04.763002 7fc3a9fcb700 Options.max_bytes_for_level_multiplier_addtl[2]: 1
2019/10/17-14:54:04.763003 7fc3a9fcb700 Options.max_bytes_for_level_multiplier_addtl[3]: 1
2019/10/17-14:54:04.763004 7fc3a9fcb700 Options.max_bytes_for_level_multiplier_addtl[4]: 1
2019/10/17-14:54:04.763005 7fc3a9fcb700 Options.max_bytes_for_level_multiplier_addtl[5]: 1
2019/10/17-14:54:04.763006 7fc3a9fcb700 Options.max_bytes_for_level_multiplier_addtl[6]: 1
2019/10/17-14:54:04.763007 7fc3a9fcb700       Options.max_sequential_skip_in_iterations: 8
2019/10/17-14:54:04.763013 7fc3a9fcb700                    Options.max_compaction_bytes: 1677721600
2019/10/17-14:54:04.763015 7fc3a9fcb700                        Options.arena_block_size: 8388608
2019/10/17-14:54:04.763016 7fc3a9fcb700   Options.soft_pending_compaction_bytes_limit: 68719476736
2019/10/17-14:54:04.763017 7fc3a9fcb700   Options.hard_pending_compaction_bytes_limit: 274877906944
2019/10/17-14:54:04.763018 7fc3a9fcb700       Options.rate_limit_delay_max_milliseconds: 100
2019/10/17-14:54:04.763019 7fc3a9fcb700                Options.disable_auto_compactions: 0
2019/10/17-14:54:04.763021 7fc3a9fcb700                        Options.compaction_style: kCompactionStyleLevel
2019/10/17-14:54:04.763022 7fc3a9fcb700                          Options.compaction_pri: kByCompensatedSize
2019/10/17-14:54:04.763023 7fc3a9fcb700 Options.compaction_options_universal.size_ratio: 1
2019/10/17-14:54:04.763024 7fc3a9fcb700 Options.compaction_options_universal.min_merge_width: 2
2019/10/17-14:54:04.763025 7fc3a9fcb700 Options.compaction_options_universal.max_merge_width: 4294967295
2019/10/17-14:54:04.763026 7fc3a9fcb700 Options.compaction_options_universal.max_size_amplification_percent: 200
2019/10/17-14:54:04.763027 7fc3a9fcb700 Options.compaction_options_universal.compression_size_percent: -1
2019/10/17-14:54:04.763028 7fc3a9fcb700 Options.compaction_options_universal.stop_style: kCompactionStopStyleTotalSize
2019/10/17-14:54:04.763029 7fc3a9fcb700 Options.compaction_options_fifo.max_table_files_size: 1073741824
2019/10/17-14:54:04.763030 7fc3a9fcb700 Options.compaction_options_fifo.allow_compaction: 0
2019/10/17-14:54:04.763031 7fc3a9fcb700 Options.compaction_options_fifo.ttl: 0
2019/10/17-14:54:04.763032 7fc3a9fcb700                   Options.table_properties_collectors: 
2019/10/17-14:54:04.763033 7fc3a9fcb700                   Options.inplace_update_support: 0
2019/10/17-14:54:04.763034 7fc3a9fcb700                 Options.inplace_update_num_locks: 10000
2019/10/17-14:54:04.763035 7fc3a9fcb700               Options.memtable_prefix_bloom_size_ratio: 0.000000
2019/10/17-14:54:04.763036 7fc3a9fcb700   Options.memtable_huge_page_size: 0
2019/10/17-14:54:04.763038 7fc3a9fcb700                           Options.bloom_locality: 0
2019/10/17-14:54:04.763038 7fc3a9fcb700                    Options.max_successive_merges: 0
2019/10/17-14:54:04.763040 7fc3a9fcb700                Options.optimize_filters_for_hits: 0
2019/10/17-14:54:04.763041 7fc3a9fcb700                Options.paranoid_file_checks: 0
2019/10/17-14:54:04.763041 7fc3a9fcb700                Options.force_consistency_checks: 0
2019/10/17-14:54:04.763042 7fc3a9fcb700                Options.report_bg_io_stats: 0
2019/10/17-14:54:04.763043 7fc3a9fcb700                               Options.ttl: 0
2019/10/17-14:54:04.763067 7fc3a9fcb700 [db/column_family.cc:472] --------------- Options for column family [entries]:
2019/10/17-14:54:04.763069 7fc3a9fcb700               Options.comparator: leveldb.BytewiseComparator
2019/10/17-14:54:04.763070 7fc3a9fcb700           Options.merge_operator: None
2019/10/17-14:54:04.763071 7fc3a9fcb700        Options.compaction_filter: None
2019/10/17-14:54:04.763072 7fc3a9fcb700        Options.compaction_filter_factory: None
2019/10/17-14:54:04.763073 7fc3a9fcb700         Options.memtable_factory: SkipListFactory
2019/10/17-14:54:04.763074 7fc3a9fcb700            Options.table_factory: BlockBasedTable
2019/10/17-14:54:04.763088 7fc3a9fcb700            table_factory options:   flush_block_policy_factory: FlushBlockBySizePolicyFactory (0x7fc350041c10)
  cache_index_and_filter_blocks: 0
  cache_index_and_filter_blocks_with_high_priority: 0
  pin_l0_filter_and_index_blocks_in_cache: 0
  pin_top_level_index_and_filter: 1
  index_type: 0
  hash_index_allow_collision: 1
  checksum: 1
  no_block_cache: 0
  block_cache: 0x7fc35004a840
  block_cache_name: LRUCache
  block_cache_options:
    capacity : 8388608
    num_shard_bits : 4
    strict_capacity_limit : 0
    memory_allocator : None
    high_pri_pool_ratio: 0.000
  block_cache_compressed: (nil)
  persistent_cache: (nil)
  block_size: 4096
  block_size_deviation: 10
  block_restart_interval: 16
  index_block_restart_interval: 1
  metadata_block_size: 4096
  partition_filters: 0
  use_delta_encoding: 1
  filter_policy: nullptr
  whole_key_filtering: 1
  verify_compression: 0
  read_amp_bytes_per_bit: 0
  format_version: 2
  enable_index_compression: 1
  block_align: 0
2019/10/17-14:54:04.763096 7fc3a9fcb700        Options.write_buffer_size: 67108864
2019/10/17-14:54:04.763098 7fc3a9fcb700  Options.max_write_buffer_number: 2
2019/10/17-14:54:04.763099 7fc3a9fcb700          Options.compression: NoCompression
2019/10/17-14:54:04.763100 7fc3a9fcb700                  Options.bottommost_compression: Disabled
2019/10/17-14:54:04.763101 7fc3a9fcb700       Options.prefix_extractor: nullptr
2019/10/17-14:54:04.763102 7fc3a9fcb700   Options.memtable_insert_with_hint_prefix_extractor: nullptr
2019/10/17-14:54:04.763103 7fc3a9fcb700             Options.num_levels: 7
2019/10/17-14:54:04.763104 7fc3a9fcb700        Options.min_write_buffer_number_to_merge: 1
2019/10/17-14:54:04.763105 7fc3a9fcb700     Options.max_write_buffer_number_to_maintain: 0
2019/10/17-14:54:04.763106 7fc3a9fcb700            Options.bottommost_compression_opts.window_bits: -14
2019/10/17-14:54:04.763107 7fc3a9fcb700                  Options.bottommost_compression_opts.level: 32767
2019/10/17-14:54:04.763108 7fc3a9fcb700               Options.bottommost_compression_opts.strategy: 0
2019/10/17-14:54:04.763108 7fc3a9fcb700         Options.bottommost_compression_opts.max_dict_bytes: 0
2019/10/17-14:54:04.763109 7fc3a9fcb700         Options.bottommost_compression_opts.zstd_max_train_bytes: 0
2019/10/17-14:54:04.763111 7fc3a9fcb700                  Options.bottommost_compression_opts.enabled: false
2019/10/17-14:54:04.763112 7fc3a9fcb700            Options.compression_opts.window_bits: -14
2019/10/17-14:54:04.763113 7fc3a9fcb700                  Options.compression_opts.level: 32767
2019/10/17-14:54:04.763114 7fc3a9fcb700               Options.compression_opts.strategy: 0
2019/10/17-14:54:04.763115 7fc3a9fcb700         Options.compression_opts.max_dict_bytes: 0
2019/10/17-14:54:04.763116 7fc3a9fcb700         Options.compression_opts.zstd_max_train_bytes: 0
2019/10/17-14:54:04.763117 7fc3a9fcb700                  Options.compression_opts.enabled: false
2019/10/17-14:54:04.763118 7fc3a9fcb700      Options.level0_file_num_compaction_trigger: 4
2019/10/17-14:54:04.763119 7fc3a9fcb700          Options.level0_slowdown_writes_trigger: 20
2019/10/17-14:54:04.763120 7fc3a9fcb700              Options.level0_stop_writes_trigger: 36
2019/10/17-14:54:04.763121 7fc3a9fcb700                   Options.target_file_size_base: 67108864
2019/10/17-14:54:04.763122 7fc3a9fcb700             Options.target_file_size_multiplier: 1
2019/10/17-14:54:04.763123 7fc3a9fcb700                Options.max_bytes_for_level_base: 268435456
2019/10/17-14:54:04.763124 7fc3a9fcb700 Options.level_compaction_dynamic_level_bytes: 0
2019/10/17-14:54:04.763125 7fc3a9fcb700          Options.max_bytes_for_level_multiplier: 10.000000
2019/10/17-14:54:04.763127 7fc3a9fcb700 Options.max_bytes_for_level_multiplier_addtl[0]: 1
2019/10/17-14:54:04.763128 7fc3a9fcb700 Options.max_bytes_for_level_multiplier_addtl[1]: 1
2019/10/17-14:54:04.763129 7fc3a9fcb700 Options.max_bytes_for_level_multiplier_addtl[2]: 1
2019/10/17-14:54:04.763130 7fc3a9fcb700 Options.max_bytes_for_level_multiplier_addtl[3]: 1
2019/10/17-14:54:04.763131 7fc3a9fcb700 Options.max_bytes_for_level_multiplier_addtl[4]: 1
2019/10/17-14:54:04.763132 7fc3a9fcb700 Options.max_bytes_for_level_multiplier_addtl[5]: 1
2019/10/17-14:54:04.763133 7fc3a9fcb700 Options.max_bytes_for_level_multiplier_addtl[6]: 1
2019/10/17-14:54:04.763134 7fc3a9fcb700       Options.max_sequential_skip_in_iterations: 8
2019/10/17-14:54:04.763135 7fc3a9fcb700                    Options.max_compaction_bytes: 1677721600
2019/10/17-14:54:04.763136 7fc3a9fcb700                        Options.arena_block_size: 8388608
2019/10/17-14:54:04.763137 7fc3a9fcb700   Options.soft_pending_compaction_bytes_limit: 68719476736
2019/10/17-14:54:04.763143 7fc3a9fcb700   Options.hard_pending_compaction_bytes_limit: 274877906944
2019/10/17-14:54:04.763145 7fc3a9fcb700       Options.rate_limit_delay_max_milliseconds: 100
2019/10/17-14:54:04.763146 7fc3a9fcb700                Options.disable_auto_compactions: 0
2019/10/17-14:54:04.763147 7fc3a9fcb700                        Options.compaction_style: kCompactionStyleLevel
2019/10/17-14:54:04.763148 7fc3a9fcb700                          Options.compaction_pri: kByCompensatedSize
2019/10/17-14:54:04.763149 7fc3a9fcb700 Options.compaction_options_universal.size_ratio: 1
2019/10/17-14:54:04.763150 7fc3a9fcb700 Options.compaction_options_universal.min_merge_width: 2
2019/10/17-14:54:04.763151 7fc3a9fcb700 Options.compaction_options_universal.max_merge_width: 4294967295
2019/10/17-14:54:04.763152 7fc3a9fcb700 Options.compaction_options_universal.max_size_amplification_percent: 200
2019/10/17-14:54:04.763153 7fc3a9fcb700 Options.compaction_options_universal.compression_size_percent: -1
2019/10/17-14:54:04.763154 7fc3a9fcb700 Options.compaction_options_universal.stop_style: kCompactionStopStyleTotalSize
2019/10/17-14:54:04.763155 7fc3a9fcb700 Options.compaction_options_fifo.max_table_files_size: 1073741824
2019/10/17-14:54:04.763156 7fc3a9fcb700 Options.compaction_options_fifo.allow_compaction: 0
2019/10/17-14:54:04.763157 7fc3a9fcb700 Options.compaction_options_fifo.ttl: 0
2019/10/17-14:54:04.763158 7fc3a9fcb700                   Options.table_properties_collectors: 
2019/10/17-14:54:04.763159 7fc3a9fcb700                   Options.inplace_update_support: 0
2019/10/17-14:54:04.763160 7fc3a9fcb700                 Options.inplace_update_num_locks: 10000
2019/10/17-14:54:04.763161 7fc3a9fcb700               Options.memtable_prefix_bloom_size_ratio: 0.000000
2019/10/17-14:54:04.763163 7fc3a9fcb700   Options.memtable_huge_page_size: 0
2019/10/17-14:54:04.763164 7fc3a9fcb700                           Options.bloom_locality: 0
2019/10/17-14:54:04.763165 7fc3a9fcb700                    Options.max_successive_merges: 0
2019/10/17-14:54:04.763166 7fc3a9fcb700                Options.optimize_filters_for_hits: 0
2019/10/17-14:54:04.763167 7fc3a9fcb700                Options.paranoid_file_checks: 0
2019/10/17-14:54:04.763168 7fc3a9fcb700                Options.force_consistency_checks: 0
2019/10/17-14:54:04.763169 7fc3a9fcb700                Options.report_bg_io_stats: 0
2019/10/17-14:54:04.763170 7fc3a9fcb700                               Options.ttl: 0
2019/10/17-14:54:04.763190 7fc3a9fcb700 [db/column_family.cc:472] --------------- Options for column family [dc_entries]:
2019/10/17-14:54:04.763193 7fc3a9fcb700               Options.comparator: leveldb.BytewiseComparator
2019/10/17-14:54:04.763194 7fc3a9fcb700           Options.merge_operator: None
2019/10/17-14:54:04.763195 7fc3a9fcb700        Options.compaction_filter: None
2019/10/17-14:54:04.763196 7fc3a9fcb700        Options.compaction_filter_factory: None
2019/10/17-14:54:04.763197 7fc3a9fcb700         Options.memtable_factory: SkipListFactory
2019/10/17-14:54:04.763198 7fc3a9fcb700            Options.table_factory: BlockBasedTable
2019/10/17-14:54:04.763211 7fc3a9fcb700            table_factory options:   flush_block_policy_factory: FlushBlockBySizePolicyFactory (0x7fc35010dab0)
  cache_index_and_filter_blocks: 0
  cache_index_and_filter_blocks_with_high_priority: 0
  pin_l0_filter_and_index_blocks_in_cache: 0
  pin_top_level_index_and_filter: 1
  index_type: 0
  hash_index_allow_collision: 1
  checksum: 1
  no_block_cache: 0
  block_cache: 0x7fc350089820
  block_cache_name: LRUCache
  block_cache_options:
    capacity : 8388608
    num_shard_bits : 4
    strict_capacity_limit : 0
    memory_allocator : None
    high_pri_pool_ratio: 0.000
  block_cache_compressed: (nil)
  persistent_cache: (nil)
  block_size: 4096
  block_size_deviation: 10
  block_restart_interval: 16
  index_block_restart_interval: 1
  metadata_block_size: 4096
  partition_filters: 0
  use_delta_encoding: 1
  filter_policy: nullptr
  whole_key_filtering: 1
  verify_compression: 0
  read_amp_bytes_per_bit: 0
  format_version: 2
  enable_index_compression: 1
  block_align: 0
2019/10/17-14:54:04.763220 7fc3a9fcb700        Options.write_buffer_size: 67108864
2019/10/17-14:54:04.763222 7fc3a9fcb700  Options.max_write_buffer_number: 2
2019/10/17-14:54:04.763223 7fc3a9fcb700          Options.compression: NoCompression
2019/10/17-14:54:04.763224 7fc3a9fcb700                  Options.bottommost_compression: Disabled
2019/10/17-14:54:04.763225 7fc3a9fcb700       Options.prefix_extractor: nullptr
2019/10/17-14:54:04.763226 7fc3a9fcb700   Options.memtable_insert_with_hint_prefix_extractor: nullptr
2019/10/17-14:54:04.763227 7fc3a9fcb700             Options.num_levels: 7
2019/10/17-14:54:04.763228 7fc3a9fcb700        Options.min_write_buffer_number_to_merge: 1
2019/10/17-14:54:04.763229 7fc3a9fcb700     Options.max_write_buffer_number_to_maintain: 0
2019/10/17-14:54:04.763230 7fc3a9fcb700            Options.bottommost_compression_opts.window_bits: -14
2019/10/17-14:54:04.763231 7fc3a9fcb700                  Options.bottommost_compression_opts.level: 32767
2019/10/17-14:54:04.763232 7fc3a9fcb700               Options.bottommost_compression_opts.strategy: 0
2019/10/17-14:54:04.763233 7fc3a9fcb700         Options.bottommost_compression_opts.max_dict_bytes: 0
2019/10/17-14:54:04.763234 7fc3a9fcb700         Options.bottommost_compression_opts.zstd_max_train_bytes: 0
2019/10/17-14:54:04.763235 7fc3a9fcb700                  Options.bottommost_compression_opts.enabled: false
2019/10/17-14:54:04.763236 7fc3a9fcb700            Options.compression_opts.window_bits: -14
2019/10/17-14:54:04.763237 7fc3a9fcb700                  Options.compression_opts.level: 32767
2019/10/17-14:54:04.763238 7fc3a9fcb700               Options.compression_opts.strategy: 0
2019/10/17-14:54:04.763239 7fc3a9fcb700         Options.compression_opts.max_dict_bytes: 0
2019/10/17-14:54:04.763240 7fc3a9fcb700         Options.compression_opts.zstd_max_train_bytes: 0
2019/10/17-14:54:04.763241 7fc3a9fcb700                  Options.compression_opts.enabled: false
2019/10/17-14:54:04.763242 7fc3a9fcb700      Options.level0_file_num_compaction_trigger: 4
2019/10/17-14:54:04.763243 7fc3a9fcb700          Options.level0_slowdown_writes_trigger: 20
2019/10/17-14:54:04.763244 7fc3a9fcb700              Options.level0_stop_writes_trigger: 36
2019/10/17-14:54:04.763245 7fc3a9fcb700                   Options.target_file_size_base: 67108864
2019/10/17-14:54:04.763246 7fc3a9fcb700             Options.target_file_size_multiplier: 1
2019/10/17-14:54:04.763247 7fc3a9fcb700                Options.max_bytes_for_level_base: 268435456
2019/10/17-14:54:04.763248 7fc3a9fcb700 Options.level_compaction_dynamic_level_bytes: 0
2019/10/17-14:54:04.763249 7fc3a9fcb700          Options.max_bytes_for_level_multiplier: 10.000000
2019/10/17-14:54:04.763251 7fc3a9fcb700 Options.max_bytes_for_level_multiplier_addtl[0]: 1
2019/10/17-14:54:04.763252 7fc3a9fcb700 Options.max_bytes_for_level_multiplier_addtl[1]: 1
2019/10/17-14:54:04.763253 7fc3a9fcb700 Options.max_bytes_for_level_multiplier_addtl[2]: 1
2019/10/17-14:54:04.763254 7fc3a9fcb700 Options.max_bytes_for_level_multiplier_addtl[3]: 1
2019/10/17-14:54:04.763255 7fc3a9fcb700 Options.max_bytes_for_level_multiplier_addtl[4]: 1
2019/10/17-14:54:04.763257 7fc3a9fcb700 Options.max_bytes_for_level_multiplier_addtl[5]: 1
2019/10/17-14:54:04.763258 7fc3a9fcb700 Options.max_bytes_for_level_multiplier_addtl[6]: 1
2019/10/17-14:54:04.763259 7fc3a9fcb700       Options.max_sequential_skip_in_iterations: 8
2019/10/17-14:54:04.763260 7fc3a9fcb700                    Options.max_compaction_bytes: 1677721600
2019/10/17-14:54:04.763261 7fc3a9fcb700                        Options.arena_block_size: 8388608
2019/10/17-14:54:04.763262 7fc3a9fcb700   Options.soft_pending_compaction_bytes_limit: 68719476736
2019/10/17-14:54:04.763263 7fc3a9fcb700   Options.hard_pending_compaction_bytes_limit: 274877906944
2019/10/17-14:54:04.763264 7fc3a9fcb700       Options.rate_limit_delay_max_milliseconds: 100
2019/10/17-14:54:04.763265 7fc3a9fcb700                Options.disable_auto_compactions: 0
2019/10/17-14:54:04.763272 7fc3a9fcb700                        Options.compaction_style: kCompactionStyleLevel
2019/10/17-14:54:04.763273 7fc3a9fcb700                          Options.compaction_pri: kByCompensatedSize
2019/10/17-14:54:04.763274 7fc3a9fcb700 Options.compaction_options_universal.size_ratio: 1
2019/10/17-14:54:04.763275 7fc3a9fcb700 Options.compaction_options_universal.min_merge_width: 2
2019/10/17-14:54:04.763276 7fc3a9fcb700 Options.compaction_options_universal.max_merge_width: 4294967295
2019/10/17-14:54:04.763278 7fc3a9fcb700 Options.compaction_options_universal.max_size_amplification_percent: 200
2019/10/17-14:54:04.763279 7fc3a9fcb700 Options.compaction_options_universal.compression_size_percent: -1
2019/10/17-14:54:04.763280 7fc3a9fcb700 Options.compaction_options_universal.stop_style: kCompactionStopStyleTotalSize
2019/10/17-14:54:04.763281 7fc3a9fcb700 Options.compaction_options_fifo.max_table_files_size: 1073741824
2019/10/17-14:54:04.763283 7fc3a9fcb700 Options.compaction_options_fifo.allow_compaction: 0
2019/10/17-14:54:04.763283 7fc3a9fcb700 Options.compaction_options_fifo.ttl: 0
2019/10/17-14:54:04.763285 7fc3a9fcb700                   Options.table_properties_collectors: 
2019/10/17-14:54:04.763285 7fc3a9fcb700                   Options.inplace_update_support: 0
2019/10/17-14:54:04.763286 7fc3a9fcb700                 Options.inplace_update_num_locks: 10000
2019/10/17-14:54:04.763287 7fc3a9fcb700               Options.memtable_prefix_bloom_size_ratio: 0.000000
2019/10/17-14:54:04.763289 7fc3a9fcb700   Options.memtable_huge_page_size: 0
2019/10/17-14:54:04.763290 7fc3a9fcb700                           Options.bloom_locality: 0
2019/10/17-14:54:04.763291 7fc3a9fcb700                    Options.max_successive_merges: 0
2019/10/17-14:54:04.763292 7fc3a9fcb700                Options.optimize_filters_for_hits: 0
2019/10/17-14:54:04.763293 7fc3a9fcb700                Options.paranoid_file_checks: 0
2019/10/17-14:54:04.763294 7fc3a9fcb700                Options.force_consistency_checks: 0
2019/10/17-14:54:04.763295 7fc3a9fcb700                Options.report_bg_io_stats: 0
2019/10/17-14:54:04.763296 7fc3a9fcb700                               Options.ttl: 0
2019/10/17-14:54:04.763315 7fc3a9fcb700 [db/column_family.cc:472] --------------- Options for column family [htlcs]:
2019/10/17-14:54:04.763317 7fc3a9fcb700               Options.comparator: leveldb.BytewiseComparator
2019/10/17-14:54:04.763319 7fc3a9fcb700           Options.merge_operator: None
2019/10/17-14:54:04.763320 7fc3a9fcb700        Options.compaction_filter: None
2019/10/17-14:54:04.763321 7fc3a9fcb700        Options.compaction_filter_factory: None
2019/10/17-14:54:04.763322 7fc3a9fcb700         Options.memtable_factory: SkipListFactory
2019/10/17-14:54:04.763323 7fc3a9fcb700            Options.table_factory: BlockBasedTable
2019/10/17-14:54:04.763337 7fc3a9fcb700            table_factory options:   flush_block_policy_factory: FlushBlockBySizePolicyFactory (0x7fc3500a6870)
