2019/10/17-14:55:03.554584 7fc3a9fcb700 RocksDB version: 5.18.3
2019/10/17-14:55:03.554610 7fc3a9fcb700 Git sha rocksdb_build_git_sha:@0@
2019/10/17-14:55:03.554611 7fc3a9fcb700 Compile date Sep 19 2019
2019/10/17-14:55:03.554612 7fc3a9fcb700 DB SUMMARY
2019/10/17-14:55:03.555150 7fc3a9fcb700 CURRENT file:  CURRENT
2019/10/17-14:55:03.555152 7fc3a9fcb700 IDENTITY file:  IDENTITY
2019/10/17-14:55:03.555174 7fc3a9fcb700 MANIFEST file:  MANIFEST-116239 size: 4114 Bytes
2019/10/17-14:55:03.555175 7fc3a9fcb700 SST files in /home/rahul/dev/blockchain-core/eqc/ledger.db dir, Total Num: 29, files: 000624.sst 000627.sst 106940.sst 108447.sst 108450.sst 109471.sst 109483.sst 109485.sst 109486.sst 
2019/10/17-14:55:03.555176 7fc3a9fcb700 Write Ahead Log file in /home/rahul/dev/blockchain-core/eqc/ledger.db: 116240.log size: 0 ; 
2019/10/17-14:55:03.555202 7fc3a9fcb700                         Options.error_if_exists: 0
2019/10/17-14:55:03.555204 7fc3a9fcb700                       Options.create_if_missing: 1
2019/10/17-14:55:03.555204 7fc3a9fcb700                         Options.paranoid_checks: 1
2019/10/17-14:55:03.555205 7fc3a9fcb700                                     Options.env: 0x7fc32ae1fc60
2019/10/17-14:55:03.555205 7fc3a9fcb700                                Options.info_log: 0x7fc3500273a0
2019/10/17-14:55:03.555206 7fc3a9fcb700                Options.max_file_opening_threads: 16
2019/10/17-14:55:03.555207 7fc3a9fcb700                              Options.statistics: (nil)
2019/10/17-14:55:03.555207 7fc3a9fcb700                               Options.use_fsync: 0
2019/10/17-14:55:03.555208 7fc3a9fcb700                       Options.max_log_file_size: 0
2019/10/17-14:55:03.555209 7fc3a9fcb700                  Options.max_manifest_file_size: 1073741824
2019/10/17-14:55:03.555209 7fc3a9fcb700                   Options.log_file_time_to_roll: 0
2019/10/17-14:55:03.555210 7fc3a9fcb700                       Options.keep_log_file_num: 1000
2019/10/17-14:55:03.555211 7fc3a9fcb700                    Options.recycle_log_file_num: 0
2019/10/17-14:55:03.555211 7fc3a9fcb700                         Options.allow_fallocate: 1
2019/10/17-14:55:03.555212 7fc3a9fcb700                        Options.allow_mmap_reads: 0
2019/10/17-14:55:03.555212 7fc3a9fcb700                       Options.allow_mmap_writes: 0
2019/10/17-14:55:03.555213 7fc3a9fcb700                        Options.use_direct_reads: 0
2019/10/17-14:55:03.555213 7fc3a9fcb700                        Options.use_direct_io_for_flush_and_compaction: 0
2019/10/17-14:55:03.555214 7fc3a9fcb700          Options.create_missing_column_families: 0
2019/10/17-14:55:03.555215 7fc3a9fcb700                              Options.db_log_dir: 
2019/10/17-14:55:03.555215 7fc3a9fcb700                                 Options.wal_dir: /home/rahul/dev/blockchain-core/eqc/ledger.db
2019/10/17-14:55:03.555216 7fc3a9fcb700                Options.table_cache_numshardbits: 6
2019/10/17-14:55:03.555216 7fc3a9fcb700                      Options.max_subcompactions: 1
2019/10/17-14:55:03.555217 7fc3a9fcb700                  Options.max_background_flushes: -1
2019/10/17-14:55:03.555218 7fc3a9fcb700                         Options.WAL_ttl_seconds: 0
2019/10/17-14:55:03.555218 7fc3a9fcb700                       Options.WAL_size_limit_MB: 0
2019/10/17-14:55:03.555219 7fc3a9fcb700             Options.manifest_preallocation_size: 4194304
2019/10/17-14:55:03.555219 7fc3a9fcb700                     Options.is_fd_close_on_exec: 1
2019/10/17-14:55:03.555220 7fc3a9fcb700                   Options.advise_random_on_open: 1
2019/10/17-14:55:03.555221 7fc3a9fcb700                    Options.db_write_buffer_size: 0
2019/10/17-14:55:03.555221 7fc3a9fcb700                    Options.write_buffer_manager: 0x7fc350008910
2019/10/17-14:55:03.555222 7fc3a9fcb700         Options.access_hint_on_compaction_start: 1
2019/10/17-14:55:03.555222 7fc3a9fcb700  Options.new_table_reader_for_compaction_inputs: 0
2019/10/17-14:55:03.555223 7fc3a9fcb700           Options.random_access_max_buffer_size: 1048576
2019/10/17-14:55:03.555223 7fc3a9fcb700                      Options.use_adaptive_mutex: 0
2019/10/17-14:55:03.555224 7fc3a9fcb700                            Options.rate_limiter: (nil)
2019/10/17-14:55:03.555231 7fc3a9fcb700     Options.sst_file_manager.rate_bytes_per_sec: 0
2019/10/17-14:55:03.555232 7fc3a9fcb700                       Options.wal_recovery_mode: 2
2019/10/17-14:55:03.555233 7fc3a9fcb700                  Options.enable_thread_tracking: 0
2019/10/17-14:55:03.555233 7fc3a9fcb700                  Options.enable_pipelined_write: 0
2019/10/17-14:55:03.555234 7fc3a9fcb700         Options.allow_concurrent_memtable_write: 1
2019/10/17-14:55:03.555235 7fc3a9fcb700      Options.enable_write_thread_adaptive_yield: 1
2019/10/17-14:55:03.555235 7fc3a9fcb700             Options.write_thread_max_yield_usec: 100
2019/10/17-14:55:03.555236 7fc3a9fcb700            Options.write_thread_slow_yield_usec: 3
2019/10/17-14:55:03.555236 7fc3a9fcb700                               Options.row_cache: None
2019/10/17-14:55:03.555237 7fc3a9fcb700                              Options.wal_filter: None
2019/10/17-14:55:03.555238 7fc3a9fcb700             Options.avoid_flush_during_recovery: 0
2019/10/17-14:55:03.555238 7fc3a9fcb700             Options.allow_ingest_behind: 0
2019/10/17-14:55:03.555239 7fc3a9fcb700             Options.preserve_deletes: 0
2019/10/17-14:55:03.555239 7fc3a9fcb700             Options.two_write_queues: 0
2019/10/17-14:55:03.555240 7fc3a9fcb700             Options.manual_wal_flush: 0
2019/10/17-14:55:03.555240 7fc3a9fcb700             Options.max_background_jobs: 2
2019/10/17-14:55:03.555241 7fc3a9fcb700             Options.max_background_compactions: -1
2019/10/17-14:55:03.555242 7fc3a9fcb700             Options.avoid_flush_during_shutdown: 0
2019/10/17-14:55:03.555242 7fc3a9fcb700           Options.writable_file_max_buffer_size: 1048576
2019/10/17-14:55:03.555243 7fc3a9fcb700             Options.delayed_write_rate : 16777216
2019/10/17-14:55:03.555243 7fc3a9fcb700             Options.max_total_wal_size: 0
2019/10/17-14:55:03.555244 7fc3a9fcb700             Options.delete_obsolete_files_period_micros: 21600000000
2019/10/17-14:55:03.555245 7fc3a9fcb700                   Options.stats_dump_period_sec: 600
2019/10/17-14:55:03.555245 7fc3a9fcb700                          Options.max_open_files: -1
2019/10/17-14:55:03.555246 7fc3a9fcb700                          Options.bytes_per_sync: 0
2019/10/17-14:55:03.555246 7fc3a9fcb700                      Options.wal_bytes_per_sync: 0
2019/10/17-14:55:03.555247 7fc3a9fcb700       Options.compaction_readahead_size: 0
2019/10/17-14:55:03.555247 7fc3a9fcb700 Compression algorithms supported:
2019/10/17-14:55:03.555248 7fc3a9fcb700 	kZSTDNotFinalCompression supported: 0
2019/10/17-14:55:03.555249 7fc3a9fcb700 	kZSTD supported: 0
2019/10/17-14:55:03.555250 7fc3a9fcb700 	kXpressCompression supported: 0
2019/10/17-14:55:03.555251 7fc3a9fcb700 	kLZ4HCCompression supported: 0
2019/10/17-14:55:03.555251 7fc3a9fcb700 	kLZ4Compression supported: 0
2019/10/17-14:55:03.555252 7fc3a9fcb700 	kBZip2Compression supported: 0
2019/10/17-14:55:03.555252 7fc3a9fcb700 	kZlibCompression supported: 0
2019/10/17-14:55:03.555253 7fc3a9fcb700 	kSnappyCompression supported: 0
2019/10/17-14:55:03.555254 7fc3a9fcb700 Fast CRC32 supported: Supported on x86
2019/10/17-14:55:03.555325 7fc3a9fcb700 [db/version_set.cc:3507] Recovering from manifest file: MANIFEST-116239
2019/10/17-14:55:03.555349 7fc3a9fcb700 [db/column_family.cc:472] --------------- Options for column family [default]:
2019/10/17-14:55:03.555350 7fc3a9fcb700               Options.comparator: leveldb.BytewiseComparator
2019/10/17-14:55:03.555351 7fc3a9fcb700           Options.merge_operator: None
2019/10/17-14:55:03.555351 7fc3a9fcb700        Options.compaction_filter: None
2019/10/17-14:55:03.555352 7fc3a9fcb700        Options.compaction_filter_factory: None
2019/10/17-14:55:03.555353 7fc3a9fcb700         Options.memtable_factory: SkipListFactory
2019/10/17-14:55:03.555353 7fc3a9fcb700            Options.table_factory: BlockBasedTable
2019/10/17-14:55:03.555364 7fc3a9fcb700            table_factory options:   flush_block_policy_factory: FlushBlockBySizePolicyFactory (0x7fc350071660)
  cache_index_and_filter_blocks: 0
  cache_index_and_filter_blocks_with_high_priority: 0
  pin_l0_filter_and_index_blocks_in_cache: 0
  pin_top_level_index_and_filter: 1
  index_type: 0
  hash_index_allow_collision: 1
  checksum: 1
  no_block_cache: 0
  block_cache: 0x7fc3500bafa0
  block_cache_name: LRUCache
  block_cache_options:
    capacity : 8388608
    num_shard_bits : 4
    strict_capacity_limit : 0
    memory_allocator : None
    high_pri_pool_ratio: 0.000
  block_cache_compressed: (nil)
  persistent_cache: (nil)
  block_size: 4096
  block_size_deviation: 10
  block_restart_interval: 16
  index_block_restart_interval: 1
  metadata_block_size: 4096
  partition_filters: 0
  use_delta_encoding: 1
  filter_policy: nullptr
  whole_key_filtering: 1
  verify_compression: 0
  read_amp_bytes_per_bit: 0
  format_version: 2
  enable_index_compression: 1
  block_align: 0
2019/10/17-14:55:03.555371 7fc3a9fcb700        Options.write_buffer_size: 67108864
2019/10/17-14:55:03.555371 7fc3a9fcb700  Options.max_write_buffer_number: 2
2019/10/17-14:55:03.555372 7fc3a9fcb700          Options.compression: NoCompression
2019/10/17-14:55:03.555373 7fc3a9fcb700                  Options.bottommost_compression: Disabled
2019/10/17-14:55:03.555373 7fc3a9fcb700       Options.prefix_extractor: nullptr
2019/10/17-14:55:03.555374 7fc3a9fcb700   Options.memtable_insert_with_hint_prefix_extractor: nullptr
2019/10/17-14:55:03.555375 7fc3a9fcb700             Options.num_levels: 7
2019/10/17-14:55:03.555375 7fc3a9fcb700        Options.min_write_buffer_number_to_merge: 1
2019/10/17-14:55:03.555376 7fc3a9fcb700     Options.max_write_buffer_number_to_maintain: 0
2019/10/17-14:55:03.555376 7fc3a9fcb700            Options.bottommost_compression_opts.window_bits: -14
2019/10/17-14:55:03.555377 7fc3a9fcb700                  Options.bottommost_compression_opts.level: 32767
2019/10/17-14:55:03.555377 7fc3a9fcb700               Options.bottommost_compression_opts.strategy: 0
2019/10/17-14:55:03.555378 7fc3a9fcb700         Options.bottommost_compression_opts.max_dict_bytes: 0
2019/10/17-14:55:03.555379 7fc3a9fcb700         Options.bottommost_compression_opts.zstd_max_train_bytes: 0
2019/10/17-14:55:03.555379 7fc3a9fcb700                  Options.bottommost_compression_opts.enabled: false
2019/10/17-14:55:03.555380 7fc3a9fcb700            Options.compression_opts.window_bits: -14
2019/10/17-14:55:03.555380 7fc3a9fcb700                  Options.compression_opts.level: 32767
2019/10/17-14:55:03.555381 7fc3a9fcb700               Options.compression_opts.strategy: 0
2019/10/17-14:55:03.555382 7fc3a9fcb700         Options.compression_opts.max_dict_bytes: 0
2019/10/17-14:55:03.555382 7fc3a9fcb700         Options.compression_opts.zstd_max_train_bytes: 0
2019/10/17-14:55:03.555383 7fc3a9fcb700                  Options.compression_opts.enabled: false
2019/10/17-14:55:03.555383 7fc3a9fcb700      Options.level0_file_num_compaction_trigger: 4
2019/10/17-14:55:03.555384 7fc3a9fcb700          Options.level0_slowdown_writes_trigger: 20
2019/10/17-14:55:03.555384 7fc3a9fcb700              Options.level0_stop_writes_trigger: 36
2019/10/17-14:55:03.555385 7fc3a9fcb700                   Options.target_file_size_base: 67108864
2019/10/17-14:55:03.555386 7fc3a9fcb700             Options.target_file_size_multiplier: 1
2019/10/17-14:55:03.555386 7fc3a9fcb700                Options.max_bytes_for_level_base: 268435456
2019/10/17-14:55:03.555387 7fc3a9fcb700 Options.level_compaction_dynamic_level_bytes: 0
2019/10/17-14:55:03.555387 7fc3a9fcb700          Options.max_bytes_for_level_multiplier: 10.000000
2019/10/17-14:55:03.555389 7fc3a9fcb700 Options.max_bytes_for_level_multiplier_addtl[0]: 1
2019/10/17-14:55:03.555389 7fc3a9fcb700 Options.max_bytes_for_level_multiplier_addtl[1]: 1
2019/10/17-14:55:03.555390 7fc3a9fcb700 Options.max_bytes_for_level_multiplier_addtl[2]: 1
2019/10/17-14:55:03.555391 7fc3a9fcb700 Options.max_bytes_for_level_multiplier_addtl[3]: 1
2019/10/17-14:55:03.555391 7fc3a9fcb700 Options.max_bytes_for_level_multiplier_addtl[4]: 1
2019/10/17-14:55:03.555395 7fc3a9fcb700 Options.max_bytes_for_level_multiplier_addtl[5]: 1
2019/10/17-14:55:03.555396 7fc3a9fcb700 Options.max_bytes_for_level_multiplier_addtl[6]: 1
2019/10/17-14:55:03.555396 7fc3a9fcb700       Options.max_sequential_skip_in_iterations: 8
2019/10/17-14:55:03.555397 7fc3a9fcb700                    Options.max_compaction_bytes: 1677721600
2019/10/17-14:55:03.555398 7fc3a9fcb700                        Options.arena_block_size: 8388608
2019/10/17-14:55:03.555398 7fc3a9fcb700   Options.soft_pending_compaction_bytes_limit: 68719476736
2019/10/17-14:55:03.555399 7fc3a9fcb700   Options.hard_pending_compaction_bytes_limit: 274877906944
2019/10/17-14:55:03.555399 7fc3a9fcb700       Options.rate_limit_delay_max_milliseconds: 100
2019/10/17-14:55:03.555400 7fc3a9fcb700                Options.disable_auto_compactions: 0
2019/10/17-14:55:03.555401 7fc3a9fcb700                        Options.compaction_style: kCompactionStyleLevel
2019/10/17-14:55:03.555402 7fc3a9fcb700                          Options.compaction_pri: kByCompensatedSize
2019/10/17-14:55:03.555403 7fc3a9fcb700 Options.compaction_options_universal.size_ratio: 1
2019/10/17-14:55:03.555403 7fc3a9fcb700 Options.compaction_options_universal.min_merge_width: 2
2019/10/17-14:55:03.555404 7fc3a9fcb700 Options.compaction_options_universal.max_merge_width: 4294967295
2019/10/17-14:55:03.555404 7fc3a9fcb700 Options.compaction_options_universal.max_size_amplification_percent: 200
2019/10/17-14:55:03.555405 7fc3a9fcb700 Options.compaction_options_universal.compression_size_percent: -1
2019/10/17-14:55:03.555406 7fc3a9fcb700 Options.compaction_options_universal.stop_style: kCompactionStopStyleTotalSize
2019/10/17-14:55:03.555406 7fc3a9fcb700 Options.compaction_options_fifo.max_table_files_size: 1073741824
2019/10/17-14:55:03.555407 7fc3a9fcb700 Options.compaction_options_fifo.allow_compaction: 0
2019/10/17-14:55:03.555408 7fc3a9fcb700 Options.compaction_options_fifo.ttl: 0
2019/10/17-14:55:03.555408 7fc3a9fcb700                   Options.table_properties_collectors: 
2019/10/17-14:55:03.555409 7fc3a9fcb700                   Options.inplace_update_support: 0
2019/10/17-14:55:03.555409 7fc3a9fcb700                 Options.inplace_update_num_locks: 10000
2019/10/17-14:55:03.555410 7fc3a9fcb700               Options.memtable_prefix_bloom_size_ratio: 0.000000
2019/10/17-14:55:03.555411 7fc3a9fcb700   Options.memtable_huge_page_size: 0
2019/10/17-14:55:03.555411 7fc3a9fcb700                           Options.bloom_locality: 0
2019/10/17-14:55:03.555412 7fc3a9fcb700                    Options.max_successive_merges: 0
2019/10/17-14:55:03.555412 7fc3a9fcb700                Options.optimize_filters_for_hits: 0
2019/10/17-14:55:03.555413 7fc3a9fcb700                Options.paranoid_file_checks: 0
2019/10/17-14:55:03.555414 7fc3a9fcb700                Options.force_consistency_checks: 0
2019/10/17-14:55:03.555414 7fc3a9fcb700                Options.report_bg_io_stats: 0
2019/10/17-14:55:03.555415 7fc3a9fcb700                               Options.ttl: 0
2019/10/17-14:55:03.555435 7fc3a9fcb700 [db/column_family.cc:472] --------------- Options for column family [active_gateways]:
2019/10/17-14:55:03.555437 7fc3a9fcb700               Options.comparator: leveldb.BytewiseComparator
2019/10/17-14:55:03.555437 7fc3a9fcb700           Options.merge_operator: None
2019/10/17-14:55:03.555438 7fc3a9fcb700        Options.compaction_filter: None
2019/10/17-14:55:03.555438 7fc3a9fcb700        Options.compaction_filter_factory: None
2019/10/17-14:55:03.555439 7fc3a9fcb700         Options.memtable_factory: SkipListFactory
2019/10/17-14:55:03.555440 7fc3a9fcb700            Options.table_factory: BlockBasedTable
2019/10/17-14:55:03.555447 7fc3a9fcb700            table_factory options:   flush_block_policy_factory: FlushBlockBySizePolicyFactory (0x7fc350090200)
  cache_index_and_filter_blocks: 0
  cache_index_and_filter_blocks_with_high_priority: 0
  pin_l0_filter_and_index_blocks_in_cache: 0
  pin_top_level_index_and_filter: 1
  index_type: 0
  hash_index_allow_collision: 1
  checksum: 1
  no_block_cache: 0
  block_cache: 0x7fc350000b90
  block_cache_name: LRUCache
  block_cache_options:
    capacity : 8388608
    num_shard_bits : 4
    strict_capacity_limit : 0
    memory_allocator : None
    high_pri_pool_ratio: 0.000
  block_cache_compressed: (nil)
  persistent_cache: (nil)
  block_size: 4096
  block_size_deviation: 10
  block_restart_interval: 16
  index_block_restart_interval: 1
  metadata_block_size: 4096
  partition_filters: 0
  use_delta_encoding: 1
  filter_policy: nullptr
  whole_key_filtering: 1
  verify_compression: 0
  read_amp_bytes_per_bit: 0
  format_version: 2
  enable_index_compression: 1
  block_align: 0
2019/10/17-14:55:03.555452 7fc3a9fcb700        Options.write_buffer_size: 67108864
2019/10/17-14:55:03.555453 7fc3a9fcb700  Options.max_write_buffer_number: 2
2019/10/17-14:55:03.555454 7fc3a9fcb700          Options.compression: NoCompression
2019/10/17-14:55:03.555454 7fc3a9fcb700                  Options.bottommost_compression: Disabled
2019/10/17-14:55:03.555455 7fc3a9fcb700       Options.prefix_extractor: nullptr
2019/10/17-14:55:03.555455 7fc3a9fcb700   Options.memtable_insert_with_hint_prefix_extractor: nullptr
2019/10/17-14:55:03.555456 7fc3a9fcb700             Options.num_levels: 7
2019/10/17-14:55:03.555456 7fc3a9fcb700        Options.min_write_buffer_number_to_merge: 1
2019/10/17-14:55:03.555457 7fc3a9fcb700     Options.max_write_buffer_number_to_maintain: 0
2019/10/17-14:55:03.555458 7fc3a9fcb700            Options.bottommost_compression_opts.window_bits: -14
2019/10/17-14:55:03.555458 7fc3a9fcb700                  Options.bottommost_compression_opts.level: 32767
2019/10/17-14:55:03.555459 7fc3a9fcb700               Options.bottommost_compression_opts.strategy: 0
2019/10/17-14:55:03.555459 7fc3a9fcb700         Options.bottommost_compression_opts.max_dict_bytes: 0
2019/10/17-14:55:03.555460 7fc3a9fcb700         Options.bottommost_compression_opts.zstd_max_train_bytes: 0
2019/10/17-14:55:03.555460 7fc3a9fcb700                  Options.bottommost_compression_opts.enabled: false
2019/10/17-14:55:03.555461 7fc3a9fcb700            Options.compression_opts.window_bits: -14
2019/10/17-14:55:03.555462 7fc3a9fcb700                  Options.compression_opts.level: 32767
2019/10/17-14:55:03.555462 7fc3a9fcb700               Options.compression_opts.strategy: 0
2019/10/17-14:55:03.555463 7fc3a9fcb700         Options.compression_opts.max_dict_bytes: 0
2019/10/17-14:55:03.555463 7fc3a9fcb700         Options.compression_opts.zstd_max_train_bytes: 0
2019/10/17-14:55:03.555464 7fc3a9fcb700                  Options.compression_opts.enabled: false
2019/10/17-14:55:03.555464 7fc3a9fcb700      Options.level0_file_num_compaction_trigger: 4
2019/10/17-14:55:03.555465 7fc3a9fcb700          Options.level0_slowdown_writes_trigger: 20
2019/10/17-14:55:03.555466 7fc3a9fcb700              Options.level0_stop_writes_trigger: 36
2019/10/17-14:55:03.555466 7fc3a9fcb700                   Options.target_file_size_base: 67108864
2019/10/17-14:55:03.555467 7fc3a9fcb700             Options.target_file_size_multiplier: 1
2019/10/17-14:55:03.555467 7fc3a9fcb700                Options.max_bytes_for_level_base: 268435456
2019/10/17-14:55:03.555468 7fc3a9fcb700 Options.level_compaction_dynamic_level_bytes: 0
2019/10/17-14:55:03.555468 7fc3a9fcb700          Options.max_bytes_for_level_multiplier: 10.000000
2019/10/17-14:55:03.555469 7fc3a9fcb700 Options.max_bytes_for_level_multiplier_addtl[0]: 1
2019/10/17-14:55:03.555470 7fc3a9fcb700 Options.max_bytes_for_level_multiplier_addtl[1]: 1
2019/10/17-14:55:03.555471 7fc3a9fcb700 Options.max_bytes_for_level_multiplier_addtl[2]: 1
2019/10/17-14:55:03.555471 7fc3a9fcb700 Options.max_bytes_for_level_multiplier_addtl[3]: 1
2019/10/17-14:55:03.555472 7fc3a9fcb700 Options.max_bytes_for_level_multiplier_addtl[4]: 1
2019/10/17-14:55:03.555472 7fc3a9fcb700 Options.max_bytes_for_level_multiplier_addtl[5]: 1
2019/10/17-14:55:03.555473 7fc3a9fcb700 Options.max_bytes_for_level_multiplier_addtl[6]: 1
2019/10/17-14:55:03.555473 7fc3a9fcb700       Options.max_sequential_skip_in_iterations: 8
2019/10/17-14:55:03.555477 7fc3a9fcb700                    Options.max_compaction_bytes: 1677721600
2019/10/17-14:55:03.555477 7fc3a9fcb700                        Options.arena_block_size: 8388608
2019/10/17-14:55:03.555478 7fc3a9fcb700   Options.soft_pending_compaction_bytes_limit: 68719476736
2019/10/17-14:55:03.555479 7fc3a9fcb700   Options.hard_pending_compaction_bytes_limit: 274877906944
2019/10/17-14:55:03.555479 7fc3a9fcb700       Options.rate_limit_delay_max_milliseconds: 100
2019/10/17-14:55:03.555480 7fc3a9fcb700                Options.disable_auto_compactions: 0
2019/10/17-14:55:03.555480 7fc3a9fcb700                        Options.compaction_style: kCompactionStyleLevel
2019/10/17-14:55:03.555481 7fc3a9fcb700                          Options.compaction_pri: kByCompensatedSize
2019/10/17-14:55:03.555482 7fc3a9fcb700 Options.compaction_options_universal.size_ratio: 1
2019/10/17-14:55:03.555482 7fc3a9fcb700 Options.compaction_options_universal.min_merge_width: 2
2019/10/17-14:55:03.555483 7fc3a9fcb700 Options.compaction_options_universal.max_merge_width: 4294967295
2019/10/17-14:55:03.555483 7fc3a9fcb700 Options.compaction_options_universal.max_size_amplification_percent: 200
2019/10/17-14:55:03.555484 7fc3a9fcb700 Options.compaction_options_universal.compression_size_percent: -1
2019/10/17-14:55:03.555485 7fc3a9fcb700 Options.compaction_options_universal.stop_style: kCompactionStopStyleTotalSize
2019/10/17-14:55:03.555485 7fc3a9fcb700 Options.compaction_options_fifo.max_table_files_size: 1073741824
2019/10/17-14:55:03.555486 7fc3a9fcb700 Options.compaction_options_fifo.allow_compaction: 0
2019/10/17-14:55:03.555486 7fc3a9fcb700 Options.compaction_options_fifo.ttl: 0
2019/10/17-14:55:03.555487 7fc3a9fcb700                   Options.table_properties_collectors: 
2019/10/17-14:55:03.555487 7fc3a9fcb700                   Options.inplace_update_support: 0
2019/10/17-14:55:03.555488 7fc3a9fcb700                 Options.inplace_update_num_locks: 10000
2019/10/17-14:55:03.555489 7fc3a9fcb700               Options.memtable_prefix_bloom_size_ratio: 0.000000
2019/10/17-14:55:03.555489 7fc3a9fcb700   Options.memtable_huge_page_size: 0
2019/10/17-14:55:03.555490 7fc3a9fcb700                           Options.bloom_locality: 0
2019/10/17-14:55:03.555491 7fc3a9fcb700                    Options.max_successive_merges: 0
2019/10/17-14:55:03.555491 7fc3a9fcb700                Options.optimize_filters_for_hits: 0
2019/10/17-14:55:03.555492 7fc3a9fcb700                Options.paranoid_file_checks: 0
2019/10/17-14:55:03.555492 7fc3a9fcb700                Options.force_consistency_checks: 0
2019/10/17-14:55:03.555493 7fc3a9fcb700                Options.report_bg_io_stats: 0
2019/10/17-14:55:03.555493 7fc3a9fcb700                               Options.ttl: 0
2019/10/17-14:55:03.555505 7fc3a9fcb700 [db/column_family.cc:472] --------------- Options for column family [entries]:
2019/10/17-14:55:03.555506 7fc3a9fcb700               Options.comparator: leveldb.BytewiseComparator
2019/10/17-14:55:03.555507 7fc3a9fcb700           Options.merge_operator: None
2019/10/17-14:55:03.555507 7fc3a9fcb700        Options.compaction_filter: None
2019/10/17-14:55:03.555508 7fc3a9fcb700        Options.compaction_filter_factory: None
2019/10/17-14:55:03.555509 7fc3a9fcb700         Options.memtable_factory: SkipListFactory
2019/10/17-14:55:03.555509 7fc3a9fcb700            Options.table_factory: BlockBasedTable
2019/10/17-14:55:03.555516 7fc3a9fcb700            table_factory options:   flush_block_policy_factory: FlushBlockBySizePolicyFactory (0x7fc35004da10)
  cache_index_and_filter_blocks: 0
  cache_index_and_filter_blocks_with_high_priority: 0
  pin_l0_filter_and_index_blocks_in_cache: 0
  pin_top_level_index_and_filter: 1
  index_type: 0
  hash_index_allow_collision: 1
  checksum: 1
  no_block_cache: 0
  block_cache: 0x7fc3500902c0
  block_cache_name: LRUCache
  block_cache_options:
    capacity : 8388608
    num_shard_bits : 4
    strict_capacity_limit : 0
    memory_allocator : None
    high_pri_pool_ratio: 0.000
  block_cache_compressed: (nil)
  persistent_cache: (nil)
  block_size: 4096
  block_size_deviation: 10
  block_restart_interval: 16
  index_block_restart_interval: 1
  metadata_block_size: 4096
  partition_filters: 0
  use_delta_encoding: 1
  filter_policy: nullptr
  whole_key_filtering: 1
  verify_compression: 0
  read_amp_bytes_per_bit: 0
  format_version: 2
  enable_index_compression: 1
  block_align: 0
2019/10/17-14:55:03.555521 7fc3a9fcb700        Options.write_buffer_size: 67108864
2019/10/17-14:55:03.555521 7fc3a9fcb700  Options.max_write_buffer_number: 2
2019/10/17-14:55:03.555522 7fc3a9fcb700          Options.compression: NoCompression
2019/10/17-14:55:03.555523 7fc3a9fcb700                  Options.bottommost_compression: Disabled
2019/10/17-14:55:03.555523 7fc3a9fcb700       Options.prefix_extractor: nullptr
2019/10/17-14:55:03.555524 7fc3a9fcb700   Options.memtable_insert_with_hint_prefix_extractor: nullptr
2019/10/17-14:55:03.555524 7fc3a9fcb700             Options.num_levels: 7
2019/10/17-14:55:03.555525 7fc3a9fcb700        Options.min_write_buffer_number_to_merge: 1
2019/10/17-14:55:03.555525 7fc3a9fcb700     Options.max_write_buffer_number_to_maintain: 0
2019/10/17-14:55:03.555526 7fc3a9fcb700            Options.bottommost_compression_opts.window_bits: -14
2019/10/17-14:55:03.555527 7fc3a9fcb700                  Options.bottommost_compression_opts.level: 32767
2019/10/17-14:55:03.555527 7fc3a9fcb700               Options.bottommost_compression_opts.strategy: 0
2019/10/17-14:55:03.555528 7fc3a9fcb700         Options.bottommost_compression_opts.max_dict_bytes: 0
2019/10/17-14:55:03.555528 7fc3a9fcb700         Options.bottommost_compression_opts.zstd_max_train_bytes: 0
2019/10/17-14:55:03.555529 7fc3a9fcb700                  Options.bottommost_compression_opts.enabled: false
2019/10/17-14:55:03.555529 7fc3a9fcb700            Options.compression_opts.window_bits: -14
2019/10/17-14:55:03.555530 7fc3a9fcb700                  Options.compression_opts.level: 32767
2019/10/17-14:55:03.555531 7fc3a9fcb700               Options.compression_opts.strategy: 0
2019/10/17-14:55:03.555531 7fc3a9fcb700         Options.compression_opts.max_dict_bytes: 0
2019/10/17-14:55:03.555532 7fc3a9fcb700         Options.compression_opts.zstd_max_train_bytes: 0
2019/10/17-14:55:03.555532 7fc3a9fcb700                  Options.compression_opts.enabled: false
2019/10/17-14:55:03.555533 7fc3a9fcb700      Options.level0_file_num_compaction_trigger: 4
2019/10/17-14:55:03.555533 7fc3a9fcb700          Options.level0_slowdown_writes_trigger: 20
2019/10/17-14:55:03.555534 7fc3a9fcb700              Options.level0_stop_writes_trigger: 36
2019/10/17-14:55:03.555534 7fc3a9fcb700                   Options.target_file_size_base: 67108864
2019/10/17-14:55:03.555535 7fc3a9fcb700             Options.target_file_size_multiplier: 1
2019/10/17-14:55:03.555536 7fc3a9fcb700                Options.max_bytes_for_level_base: 268435456
2019/10/17-14:55:03.555536 7fc3a9fcb700 Options.level_compaction_dynamic_level_bytes: 0
2019/10/17-14:55:03.555537 7fc3a9fcb700          Options.max_bytes_for_level_multiplier: 10.000000
2019/10/17-14:55:03.555538 7fc3a9fcb700 Options.max_bytes_for_level_multiplier_addtl[0]: 1
2019/10/17-14:55:03.555538 7fc3a9fcb700 Options.max_bytes_for_level_multiplier_addtl[1]: 1
2019/10/17-14:55:03.555539 7fc3a9fcb700 Options.max_bytes_for_level_multiplier_addtl[2]: 1
2019/10/17-14:55:03.555539 7fc3a9fcb700 Options.max_bytes_for_level_multiplier_addtl[3]: 1
2019/10/17-14:55:03.555540 7fc3a9fcb700 Options.max_bytes_for_level_multiplier_addtl[4]: 1
2019/10/17-14:55:03.555541 7fc3a9fcb700 Options.max_bytes_for_level_multiplier_addtl[5]: 1
2019/10/17-14:55:03.555541 7fc3a9fcb700 Options.max_bytes_for_level_multiplier_addtl[6]: 1
2019/10/17-14:55:03.555542 7fc3a9fcb700       Options.max_sequential_skip_in_iterations: 8
2019/10/17-14:55:03.555542 7fc3a9fcb700                    Options.max_compaction_bytes: 1677721600
2019/10/17-14:55:03.555543 7fc3a9fcb700                        Options.arena_block_size: 8388608
2019/10/17-14:55:03.555543 7fc3a9fcb700   Options.soft_pending_compaction_bytes_limit: 68719476736
2019/10/17-14:55:03.555547 7fc3a9fcb700   Options.hard_pending_compaction_bytes_limit: 274877906944
2019/10/17-14:55:03.555547 7fc3a9fcb700       Options.rate_limit_delay_max_milliseconds: 100
2019/10/17-14:55:03.555548 7fc3a9fcb700                Options.disable_auto_compactions: 0
2019/10/17-14:55:03.555549 7fc3a9fcb700                        Options.compaction_style: kCompactionStyleLevel
2019/10/17-14:55:03.555549 7fc3a9fcb700                          Options.compaction_pri: kByCompensatedSize
2019/10/17-14:55:03.555550 7fc3a9fcb700 Options.compaction_options_universal.size_ratio: 1
2019/10/17-14:55:03.555551 7fc3a9fcb700 Options.compaction_options_universal.min_merge_width: 2
2019/10/17-14:55:03.555551 7fc3a9fcb700 Options.compaction_options_universal.max_merge_width: 4294967295
2019/10/17-14:55:03.555552 7fc3a9fcb700 Options.compaction_options_universal.max_size_amplification_percent: 200
2019/10/17-14:55:03.555552 7fc3a9fcb700 Options.compaction_options_universal.compression_size_percent: -1
2019/10/17-14:55:03.555553 7fc3a9fcb700 Options.compaction_options_universal.stop_style: kCompactionStopStyleTotalSize
2019/10/17-14:55:03.555553 7fc3a9fcb700 Options.compaction_options_fifo.max_table_files_size: 1073741824
2019/10/17-14:55:03.555554 7fc3a9fcb700 Options.compaction_options_fifo.allow_compaction: 0
2019/10/17-14:55:03.555555 7fc3a9fcb700 Options.compaction_options_fifo.ttl: 0
2019/10/17-14:55:03.555555 7fc3a9fcb700                   Options.table_properties_collectors: 
2019/10/17-14:55:03.555556 7fc3a9fcb700                   Options.inplace_update_support: 0
2019/10/17-14:55:03.555556 7fc3a9fcb700                 Options.inplace_update_num_locks: 10000
2019/10/17-14:55:03.555557 7fc3a9fcb700               Options.memtable_prefix_bloom_size_ratio: 0.000000
2019/10/17-14:55:03.555558 7fc3a9fcb700   Options.memtable_huge_page_size: 0
2019/10/17-14:55:03.555558 7fc3a9fcb700                           Options.bloom_locality: 0
2019/10/17-14:55:03.555559 7fc3a9fcb700                    Options.max_successive_merges: 0
2019/10/17-14:55:03.555559 7fc3a9fcb700                Options.optimize_filters_for_hits: 0
2019/10/17-14:55:03.555560 7fc3a9fcb700                Options.paranoid_file_checks: 0
2019/10/17-14:55:03.555561 7fc3a9fcb700                Options.force_consistency_checks: 0
2019/10/17-14:55:03.555561 7fc3a9fcb700                Options.report_bg_io_stats: 0
2019/10/17-14:55:03.555562 7fc3a9fcb700                               Options.ttl: 0
2019/10/17-14:55:03.555572 7fc3a9fcb700 [db/column_family.cc:472] --------------- Options for column family [dc_entries]:
2019/10/17-14:55:03.555573 7fc3a9fcb700               Options.comparator: leveldb.BytewiseComparator
2019/10/17-14:55:03.555574 7fc3a9fcb700           Options.merge_operator: None
2019/10/17-14:55:03.555575 7fc3a9fcb700        Options.compaction_filter: None
2019/10/17-14:55:03.555575 7fc3a9fcb700        Options.compaction_filter_factory: None
2019/10/17-14:55:03.555576 7fc3a9fcb700         Options.memtable_factory: SkipListFactory
2019/10/17-14:55:03.555576 7fc3a9fcb700            Options.table_factory: BlockBasedTable
2019/10/17-14:55:03.555583 7fc3a9fcb700            table_factory options:   flush_block_policy_factory: FlushBlockBySizePolicyFactory (0x7fc350071620)
  cache_index_and_filter_blocks: 0
  cache_index_and_filter_blocks_with_high_priority: 0
  pin_l0_filter_and_index_blocks_in_cache: 0
  pin_top_level_index_and_filter: 1
  index_type: 0
  hash_index_allow_collision: 1
  checksum: 1
  no_block_cache: 0
  block_cache: 0x7fc35003d1f0
  block_cache_name: LRUCache
  block_cache_options:
    capacity : 8388608
    num_shard_bits : 4
    strict_capacity_limit : 0
    memory_allocator : None
    high_pri_pool_ratio: 0.000
  block_cache_compressed: (nil)
  persistent_cache: (nil)
  block_size: 4096
  block_size_deviation: 10
  block_restart_interval: 16
  index_block_restart_interval: 1
  metadata_block_size: 4096
  partition_filters: 0
  use_delta_encoding: 1
  filter_policy: nullptr
  whole_key_filtering: 1
  verify_compression: 0
  read_amp_bytes_per_bit: 0
  format_version: 2
  enable_index_compression: 1
  block_align: 0
2019/10/17-14:55:03.555588 7fc3a9fcb700        Options.write_buffer_size: 67108864
2019/10/17-14:55:03.555588 7fc3a9fcb700  Options.max_write_buffer_number: 2
2019/10/17-14:55:03.555589 7fc3a9fcb700          Options.compression: NoCompression
2019/10/17-14:55:03.555590 7fc3a9fcb700                  Options.bottommost_compression: Disabled
2019/10/17-14:55:03.555590 7fc3a9fcb700       Options.prefix_extractor: nullptr
2019/10/17-14:55:03.555591 7fc3a9fcb700   Options.memtable_insert_with_hint_prefix_extractor: nullptr
2019/10/17-14:55:03.555591 7fc3a9fcb700             Options.num_levels: 7
2019/10/17-14:55:03.555592 7fc3a9fcb700        Options.min_write_buffer_number_to_merge: 1
2019/10/17-14:55:03.555592 7fc3a9fcb700     Options.max_write_buffer_number_to_maintain: 0
2019/10/17-14:55:03.555593 7fc3a9fcb700            Options.bottommost_compression_opts.window_bits: -14
2019/10/17-14:55:03.555594 7fc3a9fcb700                  Options.bottommost_compression_opts.level: 32767
2019/10/17-14:55:03.555594 7fc3a9fcb700               Options.bottommost_compression_opts.strategy: 0
2019/10/17-14:55:03.555595 7fc3a9fcb700         Options.bottommost_compression_opts.max_dict_bytes: 0
2019/10/17-14:55:03.555595 7fc3a9fcb700         Options.bottommost_compression_opts.zstd_max_train_bytes: 0
2019/10/17-14:55:03.555596 7fc3a9fcb700                  Options.bottommost_compression_opts.enabled: false
2019/10/17-14:55:03.555596 7fc3a9fcb700            Options.compression_opts.window_bits: -14
2019/10/17-14:55:03.555597 7fc3a9fcb700                  Options.compression_opts.level: 32767
2019/10/17-14:55:03.555597 7fc3a9fcb700               Options.compression_opts.strategy: 0
2019/10/17-14:55:03.555598 7fc3a9fcb700         Options.compression_opts.max_dict_bytes: 0
2019/10/17-14:55:03.555599 7fc3a9fcb700         Options.compression_opts.zstd_max_train_bytes: 0
2019/10/17-14:55:03.555599 7fc3a9fcb700                  Options.compression_opts.enabled: false
2019/10/17-14:55:03.555600 7fc3a9fcb700      Options.level0_file_num_compaction_trigger: 4
2019/10/17-14:55:03.555600 7fc3a9fcb700          Options.level0_slowdown_writes_trigger: 20
2019/10/17-14:55:03.555601 7fc3a9fcb700              Options.level0_stop_writes_trigger: 36
2019/10/17-14:55:03.555601 7fc3a9fcb700                   Options.target_file_size_base: 67108864
2019/10/17-14:55:03.555602 7fc3a9fcb700             Options.target_file_size_multiplier: 1
2019/10/17-14:55:03.555603 7fc3a9fcb700                Options.max_bytes_for_level_base: 268435456
2019/10/17-14:55:03.555603 7fc3a9fcb700 Options.level_compaction_dynamic_level_bytes: 0
2019/10/17-14:55:03.555604 7fc3a9fcb700          Options.max_bytes_for_level_multiplier: 10.000000
2019/10/17-14:55:03.555605 7fc3a9fcb700 Options.max_bytes_for_level_multiplier_addtl[0]: 1
2019/10/17-14:55:03.555605 7fc3a9fcb700 Options.max_bytes_for_level_multiplier_addtl[1]: 1
2019/10/17-14:55:03.555606 7fc3a9fcb700 Options.max_bytes_for_level_multiplier_addtl[2]: 1
2019/10/17-14:55:03.555606 7fc3a9fcb700 Options.max_bytes_for_level_multiplier_addtl[3]: 1
2019/10/17-14:55:03.555607 7fc3a9fcb700 Options.max_bytes_for_level_multiplier_addtl[4]: 1
2019/10/17-14:55:03.555608 7fc3a9fcb700 Options.max_bytes_for_level_multiplier_addtl[5]: 1
2019/10/17-14:55:03.555608 7fc3a9fcb700 Options.max_bytes_for_level_multiplier_addtl[6]: 1
2019/10/17-14:55:03.555609 7fc3a9fcb700       Options.max_sequential_skip_in_iterations: 8
2019/10/17-14:55:03.555609 7fc3a9fcb700                    Options.max_compaction_bytes: 1677721600
2019/10/17-14:55:03.555610 7fc3a9fcb700                        Options.arena_block_size: 8388608
2019/10/17-14:55:03.555610 7fc3a9fcb700   Options.soft_pending_compaction_bytes_limit: 68719476736
2019/10/17-14:55:03.555611 7fc3a9fcb700   Options.hard_pending_compaction_bytes_limit: 274877906944
2019/10/17-14:55:03.555612 7fc3a9fcb700       Options.rate_limit_delay_max_milliseconds: 100
2019/10/17-14:55:03.555612 7fc3a9fcb700                Options.disable_auto_compactions: 0
2019/10/17-14:55:03.555615 7fc3a9fcb700                        Options.compaction_style: kCompactionStyleLevel
2019/10/17-14:55:03.555616 7fc3a9fcb700                          Options.compaction_pri: kByCompensatedSize
2019/10/17-14:55:03.555617 7fc3a9fcb700 Options.compaction_options_universal.size_ratio: 1
2019/10/17-14:55:03.555617 7fc3a9fcb700 Options.compaction_options_universal.min_merge_width: 2
2019/10/17-14:55:03.555618 7fc3a9fcb700 Options.compaction_options_universal.max_merge_width: 4294967295
2019/10/17-14:55:03.555618 7fc3a9fcb700 Options.compaction_options_universal.max_size_amplification_percent: 200
2019/10/17-14:55:03.555619 7fc3a9fcb700 Options.compaction_options_universal.compression_size_percent: -1
2019/10/17-14:55:03.555620 7fc3a9fcb700 Options.compaction_options_universal.stop_style: kCompactionStopStyleTotalSize
2019/10/17-14:55:03.555620 7fc3a9fcb700 Options.compaction_options_fifo.max_table_files_size: 1073741824
2019/10/17-14:55:03.555621 7fc3a9fcb700 Options.compaction_options_fifo.allow_compaction: 0
2019/10/17-14:55:03.555621 7fc3a9fcb700 Options.compaction_options_fifo.ttl: 0
2019/10/17-14:55:03.555622 7fc3a9fcb700                   Options.table_properties_collectors: 
2019/10/17-14:55:03.555623 7fc3a9fcb700                   Options.inplace_update_support: 0
2019/10/17-14:55:03.555623 7fc3a9fcb700                 Options.inplace_update_num_locks: 10000
2019/10/17-14:55:03.555624 7fc3a9fcb700               Options.memtable_prefix_bloom_size_ratio: 0.000000
2019/10/17-14:55:03.555624 7fc3a9fcb700   Options.memtable_huge_page_size: 0
2019/10/17-14:55:03.555625 7fc3a9fcb700                           Options.bloom_locality: 0
2019/10/17-14:55:03.555626 7fc3a9fcb700                    Options.max_successive_merges: 0
2019/10/17-14:55:03.555626 7fc3a9fcb700                Options.optimize_filters_for_hits: 0
2019/10/17-14:55:03.555627 7fc3a9fcb700                Options.paranoid_file_checks: 0
2019/10/17-14:55:03.555627 7fc3a9fcb700                Options.force_consistency_checks: 0
2019/10/17-14:55:03.555628 7fc3a9fcb700                Options.report_bg_io_stats: 0
2019/10/17-14:55:03.555628 7fc3a9fcb700                               Options.ttl: 0
2019/10/17-14:55:03.555637 7fc3a9fcb700 [db/column_family.cc:472] --------------- Options for column family [htlcs]:
2019/10/17-14:55:03.555638 7fc3a9fcb700               Options.comparator: leveldb.BytewiseComparator
2019/10/17-14:55:03.555639 7fc3a9fcb700           Options.merge_operator: None
2019/10/17-14:55:03.555640 7fc3a9fcb700        Options.compaction_filter: None
2019/10/17-14:55:03.555640 7fc3a9fcb700        Options.compaction_filter_factory: None
2019/10/17-14:55:03.555641 7fc3a9fcb700         Options.memtable_factory: SkipListFactory
2019/10/17-14:55:03.555641 7fc3a9fcb700            Options.table_factory: BlockBasedTable
2019/10/17-14:55:03.555648 7fc3a9fcb700            table_factory options:   flush_block_policy_factory: FlushBlockBySizePolicyFactory (0x7fc3500a7a30)
