2019/10/17-14:54:03.182087 7fc3a9fcb700 RocksDB version: 5.18.3
2019/10/17-14:54:03.182172 7fc3a9fcb700 Git sha rocksdb_build_git_sha:@0@
2019/10/17-14:54:03.182175 7fc3a9fcb700 Compile date Sep 19 2019
2019/10/17-14:54:03.182177 7fc3a9fcb700 DB SUMMARY
2019/10/17-14:54:03.183137 7fc3a9fcb700 CURRENT file:  CURRENT
2019/10/17-14:54:03.183139 7fc3a9fcb700 IDENTITY file:  IDENTITY
2019/10/17-14:54:03.183178 7fc3a9fcb700 MANIFEST file:  MANIFEST-114601 size: 4114 Bytes
2019/10/17-14:54:03.183180 7fc3a9fcb700 SST files in /home/rahul/dev/blockchain-core/eqc/ledger.db dir, Total Num: 29, files: 000624.sst 000627.sst 106940.sst 108447.sst 108450.sst 109471.sst 109483.sst 109485.sst 109486.sst 
2019/10/17-14:54:03.183182 7fc3a9fcb700 Write Ahead Log file in /home/rahul/dev/blockchain-core/eqc/ledger.db: 114602.log size: 0 ; 
2019/10/17-14:54:03.183228 7fc3a9fcb700                         Options.error_if_exists: 0
2019/10/17-14:54:03.183229 7fc3a9fcb700                       Options.create_if_missing: 1
2019/10/17-14:54:03.183231 7fc3a9fcb700                         Options.paranoid_checks: 1
2019/10/17-14:54:03.183232 7fc3a9fcb700                                     Options.env: 0x7fc32ae1fc60
2019/10/17-14:54:03.183233 7fc3a9fcb700                                Options.info_log: 0x7fc3500a8780
2019/10/17-14:54:03.183234 7fc3a9fcb700                Options.max_file_opening_threads: 16
2019/10/17-14:54:03.183235 7fc3a9fcb700                              Options.statistics: (nil)
2019/10/17-14:54:03.183236 7fc3a9fcb700                               Options.use_fsync: 0
2019/10/17-14:54:03.183237 7fc3a9fcb700                       Options.max_log_file_size: 0
2019/10/17-14:54:03.183238 7fc3a9fcb700                  Options.max_manifest_file_size: 1073741824
2019/10/17-14:54:03.183239 7fc3a9fcb700                   Options.log_file_time_to_roll: 0
2019/10/17-14:54:03.183241 7fc3a9fcb700                       Options.keep_log_file_num: 1000
2019/10/17-14:54:03.183242 7fc3a9fcb700                    Options.recycle_log_file_num: 0
2019/10/17-14:54:03.183243 7fc3a9fcb700                         Options.allow_fallocate: 1
2019/10/17-14:54:03.183244 7fc3a9fcb700                        Options.allow_mmap_reads: 0
2019/10/17-14:54:03.183245 7fc3a9fcb700                       Options.allow_mmap_writes: 0
2019/10/17-14:54:03.183246 7fc3a9fcb700                        Options.use_direct_reads: 0
2019/10/17-14:54:03.183247 7fc3a9fcb700                        Options.use_direct_io_for_flush_and_compaction: 0
2019/10/17-14:54:03.183248 7fc3a9fcb700          Options.create_missing_column_families: 0
2019/10/17-14:54:03.183249 7fc3a9fcb700                              Options.db_log_dir: 
2019/10/17-14:54:03.183250 7fc3a9fcb700                                 Options.wal_dir: /home/rahul/dev/blockchain-core/eqc/ledger.db
2019/10/17-14:54:03.183251 7fc3a9fcb700                Options.table_cache_numshardbits: 6
2019/10/17-14:54:03.183252 7fc3a9fcb700                      Options.max_subcompactions: 1
2019/10/17-14:54:03.183253 7fc3a9fcb700                  Options.max_background_flushes: -1
2019/10/17-14:54:03.183254 7fc3a9fcb700                         Options.WAL_ttl_seconds: 0
2019/10/17-14:54:03.183255 7fc3a9fcb700                       Options.WAL_size_limit_MB: 0
2019/10/17-14:54:03.183256 7fc3a9fcb700             Options.manifest_preallocation_size: 4194304
2019/10/17-14:54:03.183257 7fc3a9fcb700                     Options.is_fd_close_on_exec: 1
2019/10/17-14:54:03.183258 7fc3a9fcb700                   Options.advise_random_on_open: 1
2019/10/17-14:54:03.183259 7fc3a9fcb700                    Options.db_write_buffer_size: 0
2019/10/17-14:54:03.183260 7fc3a9fcb700                    Options.write_buffer_manager: 0x7fc350085f70
2019/10/17-14:54:03.183261 7fc3a9fcb700         Options.access_hint_on_compaction_start: 1
2019/10/17-14:54:03.183262 7fc3a9fcb700  Options.new_table_reader_for_compaction_inputs: 0
2019/10/17-14:54:03.183263 7fc3a9fcb700           Options.random_access_max_buffer_size: 1048576
2019/10/17-14:54:03.183264 7fc3a9fcb700                      Options.use_adaptive_mutex: 0
2019/10/17-14:54:03.183265 7fc3a9fcb700                            Options.rate_limiter: (nil)
2019/10/17-14:54:03.183276 7fc3a9fcb700     Options.sst_file_manager.rate_bytes_per_sec: 0
2019/10/17-14:54:03.183278 7fc3a9fcb700                       Options.wal_recovery_mode: 2
2019/10/17-14:54:03.183279 7fc3a9fcb700                  Options.enable_thread_tracking: 0
2019/10/17-14:54:03.183279 7fc3a9fcb700                  Options.enable_pipelined_write: 0
2019/10/17-14:54:03.183280 7fc3a9fcb700         Options.allow_concurrent_memtable_write: 1
2019/10/17-14:54:03.183281 7fc3a9fcb700      Options.enable_write_thread_adaptive_yield: 1
2019/10/17-14:54:03.183282 7fc3a9fcb700             Options.write_thread_max_yield_usec: 100
2019/10/17-14:54:03.183284 7fc3a9fcb700            Options.write_thread_slow_yield_usec: 3
2019/10/17-14:54:03.183285 7fc3a9fcb700                               Options.row_cache: None
2019/10/17-14:54:03.183286 7fc3a9fcb700                              Options.wal_filter: None
2019/10/17-14:54:03.183287 7fc3a9fcb700             Options.avoid_flush_during_recovery: 0
2019/10/17-14:54:03.183288 7fc3a9fcb700             Options.allow_ingest_behind: 0
2019/10/17-14:54:03.183289 7fc3a9fcb700             Options.preserve_deletes: 0
2019/10/17-14:54:03.183290 7fc3a9fcb700             Options.two_write_queues: 0
2019/10/17-14:54:03.183290 7fc3a9fcb700             Options.manual_wal_flush: 0
2019/10/17-14:54:03.183292 7fc3a9fcb700             Options.max_background_jobs: 2
2019/10/17-14:54:03.183293 7fc3a9fcb700             Options.max_background_compactions: -1
2019/10/17-14:54:03.183294 7fc3a9fcb700             Options.avoid_flush_during_shutdown: 0
2019/10/17-14:54:03.183295 7fc3a9fcb700           Options.writable_file_max_buffer_size: 1048576
2019/10/17-14:54:03.183296 7fc3a9fcb700             Options.delayed_write_rate : 16777216
2019/10/17-14:54:03.183297 7fc3a9fcb700             Options.max_total_wal_size: 0
2019/10/17-14:54:03.183298 7fc3a9fcb700             Options.delete_obsolete_files_period_micros: 21600000000
2019/10/17-14:54:03.183299 7fc3a9fcb700                   Options.stats_dump_period_sec: 600
2019/10/17-14:54:03.183300 7fc3a9fcb700                          Options.max_open_files: -1
2019/10/17-14:54:03.183301 7fc3a9fcb700                          Options.bytes_per_sync: 0
2019/10/17-14:54:03.183302 7fc3a9fcb700                      Options.wal_bytes_per_sync: 0
2019/10/17-14:54:03.183303 7fc3a9fcb700       Options.compaction_readahead_size: 0
2019/10/17-14:54:03.183304 7fc3a9fcb700 Compression algorithms supported:
2019/10/17-14:54:03.183305 7fc3a9fcb700 	kZSTDNotFinalCompression supported: 0
2019/10/17-14:54:03.183307 7fc3a9fcb700 	kZSTD supported: 0
2019/10/17-14:54:03.183308 7fc3a9fcb700 	kXpressCompression supported: 0
2019/10/17-14:54:03.183309 7fc3a9fcb700 	kLZ4HCCompression supported: 0
2019/10/17-14:54:03.183310 7fc3a9fcb700 	kLZ4Compression supported: 0
2019/10/17-14:54:03.183311 7fc3a9fcb700 	kBZip2Compression supported: 0
2019/10/17-14:54:03.183312 7fc3a9fcb700 	kZlibCompression supported: 0
2019/10/17-14:54:03.183313 7fc3a9fcb700 	kSnappyCompression supported: 0
2019/10/17-14:54:03.183316 7fc3a9fcb700 Fast CRC32 supported: Supported on x86
2019/10/17-14:54:03.183436 7fc3a9fcb700 [db/version_set.cc:3507] Recovering from manifest file: MANIFEST-114601
2019/10/17-14:54:03.183478 7fc3a9fcb700 [db/column_family.cc:472] --------------- Options for column family [default]:
2019/10/17-14:54:03.183480 7fc3a9fcb700               Options.comparator: leveldb.BytewiseComparator
2019/10/17-14:54:03.183482 7fc3a9fcb700           Options.merge_operator: None
2019/10/17-14:54:03.183483 7fc3a9fcb700        Options.compaction_filter: None
2019/10/17-14:54:03.183484 7fc3a9fcb700        Options.compaction_filter_factory: None
2019/10/17-14:54:03.183485 7fc3a9fcb700         Options.memtable_factory: SkipListFactory
2019/10/17-14:54:03.183486 7fc3a9fcb700            Options.table_factory: BlockBasedTable
2019/10/17-14:54:03.183504 7fc3a9fcb700            table_factory options:   flush_block_policy_factory: FlushBlockBySizePolicyFactory (0x7fc3500890b0)
  cache_index_and_filter_blocks: 0
  cache_index_and_filter_blocks_with_high_priority: 0
  pin_l0_filter_and_index_blocks_in_cache: 0
  pin_top_level_index_and_filter: 1
  index_type: 0
  hash_index_allow_collision: 1
  checksum: 1
  no_block_cache: 0
  block_cache: 0x7fc3500ae3b0
  block_cache_name: LRUCache
  block_cache_options:
    capacity : 8388608
    num_shard_bits : 4
    strict_capacity_limit : 0
    memory_allocator : None
    high_pri_pool_ratio: 0.000
  block_cache_compressed: (nil)
  persistent_cache: (nil)
  block_size: 4096
  block_size_deviation: 10
  block_restart_interval: 16
  index_block_restart_interval: 1
  metadata_block_size: 4096
  partition_filters: 0
  use_delta_encoding: 1
  filter_policy: nullptr
  whole_key_filtering: 1
  verify_compression: 0
  read_amp_bytes_per_bit: 0
  format_version: 2
  enable_index_compression: 1
  block_align: 0
2019/10/17-14:54:03.183515 7fc3a9fcb700        Options.write_buffer_size: 67108864
2019/10/17-14:54:03.183517 7fc3a9fcb700  Options.max_write_buffer_number: 2
2019/10/17-14:54:03.183518 7fc3a9fcb700          Options.compression: NoCompression
2019/10/17-14:54:03.183519 7fc3a9fcb700                  Options.bottommost_compression: Disabled
2019/10/17-14:54:03.183520 7fc3a9fcb700       Options.prefix_extractor: nullptr
2019/10/17-14:54:03.183521 7fc3a9fcb700   Options.memtable_insert_with_hint_prefix_extractor: nullptr
2019/10/17-14:54:03.183522 7fc3a9fcb700             Options.num_levels: 7
2019/10/17-14:54:03.183523 7fc3a9fcb700        Options.min_write_buffer_number_to_merge: 1
2019/10/17-14:54:03.183524 7fc3a9fcb700     Options.max_write_buffer_number_to_maintain: 0
2019/10/17-14:54:03.183525 7fc3a9fcb700            Options.bottommost_compression_opts.window_bits: -14
2019/10/17-14:54:03.183526 7fc3a9fcb700                  Options.bottommost_compression_opts.level: 32767
2019/10/17-14:54:03.183527 7fc3a9fcb700               Options.bottommost_compression_opts.strategy: 0
2019/10/17-14:54:03.183528 7fc3a9fcb700         Options.bottommost_compression_opts.max_dict_bytes: 0
2019/10/17-14:54:03.183529 7fc3a9fcb700         Options.bottommost_compression_opts.zstd_max_train_bytes: 0
2019/10/17-14:54:03.183530 7fc3a9fcb700                  Options.bottommost_compression_opts.enabled: false
2019/10/17-14:54:03.183531 7fc3a9fcb700            Options.compression_opts.window_bits: -14
2019/10/17-14:54:03.183533 7fc3a9fcb700                  Options.compression_opts.level: 32767
2019/10/17-14:54:03.183534 7fc3a9fcb700               Options.compression_opts.strategy: 0
2019/10/17-14:54:03.183535 7fc3a9fcb700         Options.compression_opts.max_dict_bytes: 0
2019/10/17-14:54:03.183536 7fc3a9fcb700         Options.compression_opts.zstd_max_train_bytes: 0
2019/10/17-14:54:03.183537 7fc3a9fcb700                  Options.compression_opts.enabled: false
2019/10/17-14:54:03.183538 7fc3a9fcb700      Options.level0_file_num_compaction_trigger: 4
2019/10/17-14:54:03.183539 7fc3a9fcb700          Options.level0_slowdown_writes_trigger: 20
2019/10/17-14:54:03.183540 7fc3a9fcb700              Options.level0_stop_writes_trigger: 36
2019/10/17-14:54:03.183541 7fc3a9fcb700                   Options.target_file_size_base: 67108864
2019/10/17-14:54:03.183542 7fc3a9fcb700             Options.target_file_size_multiplier: 1
2019/10/17-14:54:03.183543 7fc3a9fcb700                Options.max_bytes_for_level_base: 268435456
2019/10/17-14:54:03.183544 7fc3a9fcb700 Options.level_compaction_dynamic_level_bytes: 0
2019/10/17-14:54:03.183545 7fc3a9fcb700          Options.max_bytes_for_level_multiplier: 10.000000
2019/10/17-14:54:03.183547 7fc3a9fcb700 Options.max_bytes_for_level_multiplier_addtl[0]: 1
2019/10/17-14:54:03.183548 7fc3a9fcb700 Options.max_bytes_for_level_multiplier_addtl[1]: 1
2019/10/17-14:54:03.183549 7fc3a9fcb700 Options.max_bytes_for_level_multiplier_addtl[2]: 1
2019/10/17-14:54:03.183550 7fc3a9fcb700 Options.max_bytes_for_level_multiplier_addtl[3]: 1
2019/10/17-14:54:03.183551 7fc3a9fcb700 Options.max_bytes_for_level_multiplier_addtl[4]: 1
2019/10/17-14:54:03.183558 7fc3a9fcb700 Options.max_bytes_for_level_multiplier_addtl[5]: 1
2019/10/17-14:54:03.183559 7fc3a9fcb700 Options.max_bytes_for_level_multiplier_addtl[6]: 1
2019/10/17-14:54:03.183560 7fc3a9fcb700       Options.max_sequential_skip_in_iterations: 8
2019/10/17-14:54:03.183561 7fc3a9fcb700                    Options.max_compaction_bytes: 1677721600
2019/10/17-14:54:03.183562 7fc3a9fcb700                        Options.arena_block_size: 8388608
2019/10/17-14:54:03.183563 7fc3a9fcb700   Options.soft_pending_compaction_bytes_limit: 68719476736
2019/10/17-14:54:03.183564 7fc3a9fcb700   Options.hard_pending_compaction_bytes_limit: 274877906944
2019/10/17-14:54:03.183565 7fc3a9fcb700       Options.rate_limit_delay_max_milliseconds: 100
2019/10/17-14:54:03.183566 7fc3a9fcb700                Options.disable_auto_compactions: 0
2019/10/17-14:54:03.183567 7fc3a9fcb700                        Options.compaction_style: kCompactionStyleLevel
2019/10/17-14:54:03.183569 7fc3a9fcb700                          Options.compaction_pri: kByCompensatedSize
2019/10/17-14:54:03.183570 7fc3a9fcb700 Options.compaction_options_universal.size_ratio: 1
2019/10/17-14:54:03.183571 7fc3a9fcb700 Options.compaction_options_universal.min_merge_width: 2
2019/10/17-14:54:03.183572 7fc3a9fcb700 Options.compaction_options_universal.max_merge_width: 4294967295
2019/10/17-14:54:03.183573 7fc3a9fcb700 Options.compaction_options_universal.max_size_amplification_percent: 200
2019/10/17-14:54:03.183574 7fc3a9fcb700 Options.compaction_options_universal.compression_size_percent: -1
2019/10/17-14:54:03.183575 7fc3a9fcb700 Options.compaction_options_universal.stop_style: kCompactionStopStyleTotalSize
2019/10/17-14:54:03.183576 7fc3a9fcb700 Options.compaction_options_fifo.max_table_files_size: 1073741824
2019/10/17-14:54:03.183577 7fc3a9fcb700 Options.compaction_options_fifo.allow_compaction: 0
2019/10/17-14:54:03.183578 7fc3a9fcb700 Options.compaction_options_fifo.ttl: 0
2019/10/17-14:54:03.183579 7fc3a9fcb700                   Options.table_properties_collectors: 
2019/10/17-14:54:03.183580 7fc3a9fcb700                   Options.inplace_update_support: 0
2019/10/17-14:54:03.183581 7fc3a9fcb700                 Options.inplace_update_num_locks: 10000
2019/10/17-14:54:03.183582 7fc3a9fcb700               Options.memtable_prefix_bloom_size_ratio: 0.000000
2019/10/17-14:54:03.183584 7fc3a9fcb700   Options.memtable_huge_page_size: 0
2019/10/17-14:54:03.183585 7fc3a9fcb700                           Options.bloom_locality: 0
2019/10/17-14:54:03.183586 7fc3a9fcb700                    Options.max_successive_merges: 0
2019/10/17-14:54:03.183587 7fc3a9fcb700                Options.optimize_filters_for_hits: 0
2019/10/17-14:54:03.183588 7fc3a9fcb700                Options.paranoid_file_checks: 0
2019/10/17-14:54:03.183589 7fc3a9fcb700                Options.force_consistency_checks: 0
2019/10/17-14:54:03.183590 7fc3a9fcb700                Options.report_bg_io_stats: 0
2019/10/17-14:54:03.183591 7fc3a9fcb700                               Options.ttl: 0
2019/10/17-14:54:03.183626 7fc3a9fcb700 [db/column_family.cc:472] --------------- Options for column family [active_gateways]:
2019/10/17-14:54:03.183629 7fc3a9fcb700               Options.comparator: leveldb.BytewiseComparator
2019/10/17-14:54:03.183630 7fc3a9fcb700           Options.merge_operator: None
2019/10/17-14:54:03.183631 7fc3a9fcb700        Options.compaction_filter: None
2019/10/17-14:54:03.183632 7fc3a9fcb700        Options.compaction_filter_factory: None
2019/10/17-14:54:03.183633 7fc3a9fcb700         Options.memtable_factory: SkipListFactory
2019/10/17-14:54:03.183634 7fc3a9fcb700            Options.table_factory: BlockBasedTable
2019/10/17-14:54:03.183648 7fc3a9fcb700            table_factory options:   flush_block_policy_factory: FlushBlockBySizePolicyFactory (0x7fc350054370)
  cache_index_and_filter_blocks: 0
  cache_index_and_filter_blocks_with_high_priority: 0
  pin_l0_filter_and_index_blocks_in_cache: 0
  pin_top_level_index_and_filter: 1
  index_type: 0
  hash_index_allow_collision: 1
  checksum: 1
  no_block_cache: 0
  block_cache: 0x7fc3500453c0
  block_cache_name: LRUCache
  block_cache_options:
    capacity : 8388608
    num_shard_bits : 4
    strict_capacity_limit : 0
    memory_allocator : None
    high_pri_pool_ratio: 0.000
  block_cache_compressed: (nil)
  persistent_cache: (nil)
  block_size: 4096
  block_size_deviation: 10
  block_restart_interval: 16
  index_block_restart_interval: 1
  metadata_block_size: 4096
  partition_filters: 0
  use_delta_encoding: 1
  filter_policy: nullptr
  whole_key_filtering: 1
  verify_compression: 0
  read_amp_bytes_per_bit: 0
  format_version: 2
  enable_index_compression: 1
  block_align: 0
2019/10/17-14:54:03.183656 7fc3a9fcb700        Options.write_buffer_size: 67108864
2019/10/17-14:54:03.183657 7fc3a9fcb700  Options.max_write_buffer_number: 2
2019/10/17-14:54:03.183659 7fc3a9fcb700          Options.compression: NoCompression
2019/10/17-14:54:03.183660 7fc3a9fcb700                  Options.bottommost_compression: Disabled
2019/10/17-14:54:03.183661 7fc3a9fcb700       Options.prefix_extractor: nullptr
2019/10/17-14:54:03.183662 7fc3a9fcb700   Options.memtable_insert_with_hint_prefix_extractor: nullptr
2019/10/17-14:54:03.183663 7fc3a9fcb700             Options.num_levels: 7
2019/10/17-14:54:03.183664 7fc3a9fcb700        Options.min_write_buffer_number_to_merge: 1
2019/10/17-14:54:03.183665 7fc3a9fcb700     Options.max_write_buffer_number_to_maintain: 0
2019/10/17-14:54:03.183666 7fc3a9fcb700            Options.bottommost_compression_opts.window_bits: -14
2019/10/17-14:54:03.183667 7fc3a9fcb700                  Options.bottommost_compression_opts.level: 32767
2019/10/17-14:54:03.183668 7fc3a9fcb700               Options.bottommost_compression_opts.strategy: 0
2019/10/17-14:54:03.183669 7fc3a9fcb700         Options.bottommost_compression_opts.max_dict_bytes: 0
2019/10/17-14:54:03.183670 7fc3a9fcb700         Options.bottommost_compression_opts.zstd_max_train_bytes: 0
2019/10/17-14:54:03.183670 7fc3a9fcb700                  Options.bottommost_compression_opts.enabled: false
2019/10/17-14:54:03.183671 7fc3a9fcb700            Options.compression_opts.window_bits: -14
2019/10/17-14:54:03.183672 7fc3a9fcb700                  Options.compression_opts.level: 32767
2019/10/17-14:54:03.183673 7fc3a9fcb700               Options.compression_opts.strategy: 0
2019/10/17-14:54:03.183674 7fc3a9fcb700         Options.compression_opts.max_dict_bytes: 0
2019/10/17-14:54:03.183675 7fc3a9fcb700         Options.compression_opts.zstd_max_train_bytes: 0
2019/10/17-14:54:03.183676 7fc3a9fcb700                  Options.compression_opts.enabled: false
2019/10/17-14:54:03.183677 7fc3a9fcb700      Options.level0_file_num_compaction_trigger: 4
2019/10/17-14:54:03.183678 7fc3a9fcb700          Options.level0_slowdown_writes_trigger: 20
2019/10/17-14:54:03.183679 7fc3a9fcb700              Options.level0_stop_writes_trigger: 36
2019/10/17-14:54:03.183680 7fc3a9fcb700                   Options.target_file_size_base: 67108864
2019/10/17-14:54:03.183681 7fc3a9fcb700             Options.target_file_size_multiplier: 1
2019/10/17-14:54:03.183682 7fc3a9fcb700                Options.max_bytes_for_level_base: 268435456
2019/10/17-14:54:03.183683 7fc3a9fcb700 Options.level_compaction_dynamic_level_bytes: 0
2019/10/17-14:54:03.183684 7fc3a9fcb700          Options.max_bytes_for_level_multiplier: 10.000000
2019/10/17-14:54:03.183686 7fc3a9fcb700 Options.max_bytes_for_level_multiplier_addtl[0]: 1
2019/10/17-14:54:03.183687 7fc3a9fcb700 Options.max_bytes_for_level_multiplier_addtl[1]: 1
2019/10/17-14:54:03.183688 7fc3a9fcb700 Options.max_bytes_for_level_multiplier_addtl[2]: 1
2019/10/17-14:54:03.183689 7fc3a9fcb700 Options.max_bytes_for_level_multiplier_addtl[3]: 1
2019/10/17-14:54:03.183690 7fc3a9fcb700 Options.max_bytes_for_level_multiplier_addtl[4]: 1
2019/10/17-14:54:03.183691 7fc3a9fcb700 Options.max_bytes_for_level_multiplier_addtl[5]: 1
2019/10/17-14:54:03.183692 7fc3a9fcb700 Options.max_bytes_for_level_multiplier_addtl[6]: 1
2019/10/17-14:54:03.183693 7fc3a9fcb700       Options.max_sequential_skip_in_iterations: 8
2019/10/17-14:54:03.183699 7fc3a9fcb700                    Options.max_compaction_bytes: 1677721600
2019/10/17-14:54:03.183700 7fc3a9fcb700                        Options.arena_block_size: 8388608
2019/10/17-14:54:03.183701 7fc3a9fcb700   Options.soft_pending_compaction_bytes_limit: 68719476736
2019/10/17-14:54:03.183702 7fc3a9fcb700   Options.hard_pending_compaction_bytes_limit: 274877906944
2019/10/17-14:54:03.183703 7fc3a9fcb700       Options.rate_limit_delay_max_milliseconds: 100
2019/10/17-14:54:03.183704 7fc3a9fcb700                Options.disable_auto_compactions: 0
2019/10/17-14:54:03.183705 7fc3a9fcb700                        Options.compaction_style: kCompactionStyleLevel
2019/10/17-14:54:03.183706 7fc3a9fcb700                          Options.compaction_pri: kByCompensatedSize
2019/10/17-14:54:03.183708 7fc3a9fcb700 Options.compaction_options_universal.size_ratio: 1
2019/10/17-14:54:03.183709 7fc3a9fcb700 Options.compaction_options_universal.min_merge_width: 2
2019/10/17-14:54:03.183710 7fc3a9fcb700 Options.compaction_options_universal.max_merge_width: 4294967295
2019/10/17-14:54:03.183711 7fc3a9fcb700 Options.compaction_options_universal.max_size_amplification_percent: 200
2019/10/17-14:54:03.183712 7fc3a9fcb700 Options.compaction_options_universal.compression_size_percent: -1
2019/10/17-14:54:03.183713 7fc3a9fcb700 Options.compaction_options_universal.stop_style: kCompactionStopStyleTotalSize
2019/10/17-14:54:03.183714 7fc3a9fcb700 Options.compaction_options_fifo.max_table_files_size: 1073741824
2019/10/17-14:54:03.183715 7fc3a9fcb700 Options.compaction_options_fifo.allow_compaction: 0
2019/10/17-14:54:03.183716 7fc3a9fcb700 Options.compaction_options_fifo.ttl: 0
2019/10/17-14:54:03.183717 7fc3a9fcb700                   Options.table_properties_collectors: 
2019/10/17-14:54:03.183718 7fc3a9fcb700                   Options.inplace_update_support: 0
2019/10/17-14:54:03.183719 7fc3a9fcb700                 Options.inplace_update_num_locks: 10000
2019/10/17-14:54:03.183720 7fc3a9fcb700               Options.memtable_prefix_bloom_size_ratio: 0.000000
2019/10/17-14:54:03.183721 7fc3a9fcb700   Options.memtable_huge_page_size: 0
2019/10/17-14:54:03.183723 7fc3a9fcb700                           Options.bloom_locality: 0
2019/10/17-14:54:03.183724 7fc3a9fcb700                    Options.max_successive_merges: 0
2019/10/17-14:54:03.183725 7fc3a9fcb700                Options.optimize_filters_for_hits: 0
2019/10/17-14:54:03.183726 7fc3a9fcb700                Options.paranoid_file_checks: 0
2019/10/17-14:54:03.183726 7fc3a9fcb700                Options.force_consistency_checks: 0
2019/10/17-14:54:03.183727 7fc3a9fcb700                Options.report_bg_io_stats: 0
2019/10/17-14:54:03.183728 7fc3a9fcb700                               Options.ttl: 0
2019/10/17-14:54:03.183749 7fc3a9fcb700 [db/column_family.cc:472] --------------- Options for column family [entries]:
2019/10/17-14:54:03.183751 7fc3a9fcb700               Options.comparator: leveldb.BytewiseComparator
2019/10/17-14:54:03.183752 7fc3a9fcb700           Options.merge_operator: None
2019/10/17-14:54:03.183754 7fc3a9fcb700        Options.compaction_filter: None
2019/10/17-14:54:03.183755 7fc3a9fcb700        Options.compaction_filter_factory: None
2019/10/17-14:54:03.183756 7fc3a9fcb700         Options.memtable_factory: SkipListFactory
2019/10/17-14:54:03.183757 7fc3a9fcb700            Options.table_factory: BlockBasedTable
2019/10/17-14:54:03.183769 7fc3a9fcb700            table_factory options:   flush_block_policy_factory: FlushBlockBySizePolicyFactory (0x7fc3500a06b0)
  cache_index_and_filter_blocks: 0
  cache_index_and_filter_blocks_with_high_priority: 0
  pin_l0_filter_and_index_blocks_in_cache: 0
  pin_top_level_index_and_filter: 1
  index_type: 0
  hash_index_allow_collision: 1
  checksum: 1
  no_block_cache: 0
  block_cache: 0x7fc350010800
  block_cache_name: LRUCache
  block_cache_options:
    capacity : 8388608
    num_shard_bits : 4
    strict_capacity_limit : 0
    memory_allocator : None
    high_pri_pool_ratio: 0.000
  block_cache_compressed: (nil)
  persistent_cache: (nil)
  block_size: 4096
  block_size_deviation: 10
  block_restart_interval: 16
  index_block_restart_interval: 1
  metadata_block_size: 4096
  partition_filters: 0
  use_delta_encoding: 1
  filter_policy: nullptr
  whole_key_filtering: 1
  verify_compression: 0
  read_amp_bytes_per_bit: 0
  format_version: 2
  enable_index_compression: 1
  block_align: 0
2019/10/17-14:54:03.183777 7fc3a9fcb700        Options.write_buffer_size: 67108864
2019/10/17-14:54:03.183778 7fc3a9fcb700  Options.max_write_buffer_number: 2
2019/10/17-14:54:03.183779 7fc3a9fcb700          Options.compression: NoCompression
2019/10/17-14:54:03.183780 7fc3a9fcb700                  Options.bottommost_compression: Disabled
2019/10/17-14:54:03.183781 7fc3a9fcb700       Options.prefix_extractor: nullptr
2019/10/17-14:54:03.183782 7fc3a9fcb700   Options.memtable_insert_with_hint_prefix_extractor: nullptr
2019/10/17-14:54:03.183783 7fc3a9fcb700             Options.num_levels: 7
2019/10/17-14:54:03.183784 7fc3a9fcb700        Options.min_write_buffer_number_to_merge: 1
2019/10/17-14:54:03.183785 7fc3a9fcb700     Options.max_write_buffer_number_to_maintain: 0
2019/10/17-14:54:03.183786 7fc3a9fcb700            Options.bottommost_compression_opts.window_bits: -14
2019/10/17-14:54:03.183787 7fc3a9fcb700                  Options.bottommost_compression_opts.level: 32767
2019/10/17-14:54:03.183788 7fc3a9fcb700               Options.bottommost_compression_opts.strategy: 0
2019/10/17-14:54:03.183789 7fc3a9fcb700         Options.bottommost_compression_opts.max_dict_bytes: 0
2019/10/17-14:54:03.183790 7fc3a9fcb700         Options.bottommost_compression_opts.zstd_max_train_bytes: 0
2019/10/17-14:54:03.183791 7fc3a9fcb700                  Options.bottommost_compression_opts.enabled: false
2019/10/17-14:54:03.183792 7fc3a9fcb700            Options.compression_opts.window_bits: -14
2019/10/17-14:54:03.183793 7fc3a9fcb700                  Options.compression_opts.level: 32767
2019/10/17-14:54:03.183794 7fc3a9fcb700               Options.compression_opts.strategy: 0
2019/10/17-14:54:03.183795 7fc3a9fcb700         Options.compression_opts.max_dict_bytes: 0
2019/10/17-14:54:03.183796 7fc3a9fcb700         Options.compression_opts.zstd_max_train_bytes: 0
2019/10/17-14:54:03.183797 7fc3a9fcb700                  Options.compression_opts.enabled: false
2019/10/17-14:54:03.183798 7fc3a9fcb700      Options.level0_file_num_compaction_trigger: 4
2019/10/17-14:54:03.183799 7fc3a9fcb700          Options.level0_slowdown_writes_trigger: 20
2019/10/17-14:54:03.183800 7fc3a9fcb700              Options.level0_stop_writes_trigger: 36
2019/10/17-14:54:03.183801 7fc3a9fcb700                   Options.target_file_size_base: 67108864
2019/10/17-14:54:03.183802 7fc3a9fcb700             Options.target_file_size_multiplier: 1
2019/10/17-14:54:03.183803 7fc3a9fcb700                Options.max_bytes_for_level_base: 268435456
2019/10/17-14:54:03.183804 7fc3a9fcb700 Options.level_compaction_dynamic_level_bytes: 0
2019/10/17-14:54:03.183805 7fc3a9fcb700          Options.max_bytes_for_level_multiplier: 10.000000
2019/10/17-14:54:03.183807 7fc3a9fcb700 Options.max_bytes_for_level_multiplier_addtl[0]: 1
2019/10/17-14:54:03.183808 7fc3a9fcb700 Options.max_bytes_for_level_multiplier_addtl[1]: 1
2019/10/17-14:54:03.183809 7fc3a9fcb700 Options.max_bytes_for_level_multiplier_addtl[2]: 1
2019/10/17-14:54:03.183810 7fc3a9fcb700 Options.max_bytes_for_level_multiplier_addtl[3]: 1
2019/10/17-14:54:03.183811 7fc3a9fcb700 Options.max_bytes_for_level_multiplier_addtl[4]: 1
2019/10/17-14:54:03.183812 7fc3a9fcb700 Options.max_bytes_for_level_multiplier_addtl[5]: 1
2019/10/17-14:54:03.183813 7fc3a9fcb700 Options.max_bytes_for_level_multiplier_addtl[6]: 1
2019/10/17-14:54:03.183814 7fc3a9fcb700       Options.max_sequential_skip_in_iterations: 8
2019/10/17-14:54:03.183815 7fc3a9fcb700                    Options.max_compaction_bytes: 1677721600
2019/10/17-14:54:03.183816 7fc3a9fcb700                        Options.arena_block_size: 8388608
2019/10/17-14:54:03.183817 7fc3a9fcb700   Options.soft_pending_compaction_bytes_limit: 68719476736
2019/10/17-14:54:03.183822 7fc3a9fcb700   Options.hard_pending_compaction_bytes_limit: 274877906944
2019/10/17-14:54:03.183824 7fc3a9fcb700       Options.rate_limit_delay_max_milliseconds: 100
2019/10/17-14:54:03.183825 7fc3a9fcb700                Options.disable_auto_compactions: 0
2019/10/17-14:54:03.183826 7fc3a9fcb700                        Options.compaction_style: kCompactionStyleLevel
2019/10/17-14:54:03.183827 7fc3a9fcb700                          Options.compaction_pri: kByCompensatedSize
2019/10/17-14:54:03.183828 7fc3a9fcb700 Options.compaction_options_universal.size_ratio: 1
2019/10/17-14:54:03.183829 7fc3a9fcb700 Options.compaction_options_universal.min_merge_width: 2
2019/10/17-14:54:03.183830 7fc3a9fcb700 Options.compaction_options_universal.max_merge_width: 4294967295
2019/10/17-14:54:03.183831 7fc3a9fcb700 Options.compaction_options_universal.max_size_amplification_percent: 200
2019/10/17-14:54:03.183832 7fc3a9fcb700 Options.compaction_options_universal.compression_size_percent: -1
2019/10/17-14:54:03.183833 7fc3a9fcb700 Options.compaction_options_universal.stop_style: kCompactionStopStyleTotalSize
2019/10/17-14:54:03.183835 7fc3a9fcb700 Options.compaction_options_fifo.max_table_files_size: 1073741824
2019/10/17-14:54:03.183836 7fc3a9fcb700 Options.compaction_options_fifo.allow_compaction: 0
2019/10/17-14:54:03.183838 7fc3a9fcb700 Options.compaction_options_fifo.ttl: 0
2019/10/17-14:54:03.183840 7fc3a9fcb700                   Options.table_properties_collectors: 
2019/10/17-14:54:03.183841 7fc3a9fcb700                   Options.inplace_update_support: 0
2019/10/17-14:54:03.183843 7fc3a9fcb700                 Options.inplace_update_num_locks: 10000
2019/10/17-14:54:03.183845 7fc3a9fcb700               Options.memtable_prefix_bloom_size_ratio: 0.000000
2019/10/17-14:54:03.183848 7fc3a9fcb700   Options.memtable_huge_page_size: 0
2019/10/17-14:54:03.183850 7fc3a9fcb700                           Options.bloom_locality: 0
2019/10/17-14:54:03.183851 7fc3a9fcb700                    Options.max_successive_merges: 0
2019/10/17-14:54:03.183853 7fc3a9fcb700                Options.optimize_filters_for_hits: 0
2019/10/17-14:54:03.183854 7fc3a9fcb700                Options.paranoid_file_checks: 0
2019/10/17-14:54:03.183856 7fc3a9fcb700                Options.force_consistency_checks: 0
2019/10/17-14:54:03.183858 7fc3a9fcb700                Options.report_bg_io_stats: 0
2019/10/17-14:54:03.183878 7fc3a9fcb700                               Options.ttl: 0
2019/10/17-14:54:03.183907 7fc3a9fcb700 [db/column_family.cc:472] --------------- Options for column family [dc_entries]:
2019/10/17-14:54:03.183909 7fc3a9fcb700               Options.comparator: leveldb.BytewiseComparator
2019/10/17-14:54:03.183911 7fc3a9fcb700           Options.merge_operator: None
2019/10/17-14:54:03.183912 7fc3a9fcb700        Options.compaction_filter: None
2019/10/17-14:54:03.183912 7fc3a9fcb700        Options.compaction_filter_factory: None
2019/10/17-14:54:03.183914 7fc3a9fcb700         Options.memtable_factory: SkipListFactory
2019/10/17-14:54:03.183915 7fc3a9fcb700            Options.table_factory: BlockBasedTable
2019/10/17-14:54:03.183929 7fc3a9fcb700            table_factory options:   flush_block_policy_factory: FlushBlockBySizePolicyFactory (0x7fc3500a8860)
  cache_index_and_filter_blocks: 0
  cache_index_and_filter_blocks_with_high_priority: 0
  pin_l0_filter_and_index_blocks_in_cache: 0
  pin_top_level_index_and_filter: 1
  index_type: 0
  hash_index_allow_collision: 1
  checksum: 1
  no_block_cache: 0
  block_cache: 0x7fc3500d5a20
  block_cache_name: LRUCache
  block_cache_options:
    capacity : 8388608
    num_shard_bits : 4
    strict_capacity_limit : 0
    memory_allocator : None
    high_pri_pool_ratio: 0.000
  block_cache_compressed: (nil)
  persistent_cache: (nil)
  block_size: 4096
  block_size_deviation: 10
  block_restart_interval: 16
  index_block_restart_interval: 1
  metadata_block_size: 4096
  partition_filters: 0
  use_delta_encoding: 1
  filter_policy: nullptr
  whole_key_filtering: 1
  verify_compression: 0
  read_amp_bytes_per_bit: 0
  format_version: 2
  enable_index_compression: 1
  block_align: 0
2019/10/17-14:54:03.183941 7fc3a9fcb700        Options.write_buffer_size: 67108864
2019/10/17-14:54:03.183942 7fc3a9fcb700  Options.max_write_buffer_number: 2
2019/10/17-14:54:03.183943 7fc3a9fcb700          Options.compression: NoCompression
2019/10/17-14:54:03.183944 7fc3a9fcb700                  Options.bottommost_compression: Disabled
2019/10/17-14:54:03.183945 7fc3a9fcb700       Options.prefix_extractor: nullptr
2019/10/17-14:54:03.183946 7fc3a9fcb700   Options.memtable_insert_with_hint_prefix_extractor: nullptr
2019/10/17-14:54:03.183947 7fc3a9fcb700             Options.num_levels: 7
2019/10/17-14:54:03.183948 7fc3a9fcb700        Options.min_write_buffer_number_to_merge: 1
2019/10/17-14:54:03.183949 7fc3a9fcb700     Options.max_write_buffer_number_to_maintain: 0
2019/10/17-14:54:03.183950 7fc3a9fcb700            Options.bottommost_compression_opts.window_bits: -14
2019/10/17-14:54:03.183951 7fc3a9fcb700                  Options.bottommost_compression_opts.level: 32767
2019/10/17-14:54:03.183952 7fc3a9fcb700               Options.bottommost_compression_opts.strategy: 0
2019/10/17-14:54:03.183953 7fc3a9fcb700         Options.bottommost_compression_opts.max_dict_bytes: 0
2019/10/17-14:54:03.183954 7fc3a9fcb700         Options.bottommost_compression_opts.zstd_max_train_bytes: 0
2019/10/17-14:54:03.183955 7fc3a9fcb700                  Options.bottommost_compression_opts.enabled: false
2019/10/17-14:54:03.183956 7fc3a9fcb700            Options.compression_opts.window_bits: -14
2019/10/17-14:54:03.183957 7fc3a9fcb700                  Options.compression_opts.level: 32767
2019/10/17-14:54:03.183958 7fc3a9fcb700               Options.compression_opts.strategy: 0
2019/10/17-14:54:03.183959 7fc3a9fcb700         Options.compression_opts.max_dict_bytes: 0
2019/10/17-14:54:03.183960 7fc3a9fcb700         Options.compression_opts.zstd_max_train_bytes: 0
2019/10/17-14:54:03.183961 7fc3a9fcb700                  Options.compression_opts.enabled: false
2019/10/17-14:54:03.183962 7fc3a9fcb700      Options.level0_file_num_compaction_trigger: 4
2019/10/17-14:54:03.183963 7fc3a9fcb700          Options.level0_slowdown_writes_trigger: 20
2019/10/17-14:54:03.183964 7fc3a9fcb700              Options.level0_stop_writes_trigger: 36
2019/10/17-14:54:03.183965 7fc3a9fcb700                   Options.target_file_size_base: 67108864
2019/10/17-14:54:03.183966 7fc3a9fcb700             Options.target_file_size_multiplier: 1
2019/10/17-14:54:03.183967 7fc3a9fcb700                Options.max_bytes_for_level_base: 268435456
2019/10/17-14:54:03.183968 7fc3a9fcb700 Options.level_compaction_dynamic_level_bytes: 0
2019/10/17-14:54:03.183969 7fc3a9fcb700          Options.max_bytes_for_level_multiplier: 10.000000
2019/10/17-14:54:03.183971 7fc3a9fcb700 Options.max_bytes_for_level_multiplier_addtl[0]: 1
2019/10/17-14:54:03.183972 7fc3a9fcb700 Options.max_bytes_for_level_multiplier_addtl[1]: 1
2019/10/17-14:54:03.183973 7fc3a9fcb700 Options.max_bytes_for_level_multiplier_addtl[2]: 1
2019/10/17-14:54:03.183974 7fc3a9fcb700 Options.max_bytes_for_level_multiplier_addtl[3]: 1
2019/10/17-14:54:03.183975 7fc3a9fcb700 Options.max_bytes_for_level_multiplier_addtl[4]: 1
2019/10/17-14:54:03.183976 7fc3a9fcb700 Options.max_bytes_for_level_multiplier_addtl[5]: 1
2019/10/17-14:54:03.183977 7fc3a9fcb700 Options.max_bytes_for_level_multiplier_addtl[6]: 1
2019/10/17-14:54:03.183978 7fc3a9fcb700       Options.max_sequential_skip_in_iterations: 8
2019/10/17-14:54:03.183979 7fc3a9fcb700                    Options.max_compaction_bytes: 1677721600
2019/10/17-14:54:03.183980 7fc3a9fcb700                        Options.arena_block_size: 8388608
2019/10/17-14:54:03.183981 7fc3a9fcb700   Options.soft_pending_compaction_bytes_limit: 68719476736
2019/10/17-14:54:03.183982 7fc3a9fcb700   Options.hard_pending_compaction_bytes_limit: 274877906944
2019/10/17-14:54:03.183983 7fc3a9fcb700       Options.rate_limit_delay_max_milliseconds: 100
2019/10/17-14:54:03.183984 7fc3a9fcb700                Options.disable_auto_compactions: 0
2019/10/17-14:54:03.183990 7fc3a9fcb700                        Options.compaction_style: kCompactionStyleLevel
2019/10/17-14:54:03.183992 7fc3a9fcb700                          Options.compaction_pri: kByCompensatedSize
2019/10/17-14:54:03.183993 7fc3a9fcb700 Options.compaction_options_universal.size_ratio: 1
2019/10/17-14:54:03.183994 7fc3a9fcb700 Options.compaction_options_universal.min_merge_width: 2
2019/10/17-14:54:03.183995 7fc3a9fcb700 Options.compaction_options_universal.max_merge_width: 4294967295
2019/10/17-14:54:03.183996 7fc3a9fcb700 Options.compaction_options_universal.max_size_amplification_percent: 200
2019/10/17-14:54:03.183997 7fc3a9fcb700 Options.compaction_options_universal.compression_size_percent: -1
2019/10/17-14:54:03.183998 7fc3a9fcb700 Options.compaction_options_universal.stop_style: kCompactionStopStyleTotalSize
2019/10/17-14:54:03.183999 7fc3a9fcb700 Options.compaction_options_fifo.max_table_files_size: 1073741824
2019/10/17-14:54:03.184000 7fc3a9fcb700 Options.compaction_options_fifo.allow_compaction: 0
2019/10/17-14:54:03.184001 7fc3a9fcb700 Options.compaction_options_fifo.ttl: 0
2019/10/17-14:54:03.184002 7fc3a9fcb700                   Options.table_properties_collectors: 
2019/10/17-14:54:03.184003 7fc3a9fcb700                   Options.inplace_update_support: 0
2019/10/17-14:54:03.184004 7fc3a9fcb700                 Options.inplace_update_num_locks: 10000
2019/10/17-14:54:03.184005 7fc3a9fcb700               Options.memtable_prefix_bloom_size_ratio: 0.000000
2019/10/17-14:54:03.184006 7fc3a9fcb700   Options.memtable_huge_page_size: 0
2019/10/17-14:54:03.184007 7fc3a9fcb700                           Options.bloom_locality: 0
2019/10/17-14:54:03.184008 7fc3a9fcb700                    Options.max_successive_merges: 0
2019/10/17-14:54:03.184009 7fc3a9fcb700                Options.optimize_filters_for_hits: 0
2019/10/17-14:54:03.184010 7fc3a9fcb700                Options.paranoid_file_checks: 0
2019/10/17-14:54:03.184011 7fc3a9fcb700                Options.force_consistency_checks: 0
2019/10/17-14:54:03.184012 7fc3a9fcb700                Options.report_bg_io_stats: 0
2019/10/17-14:54:03.184013 7fc3a9fcb700                               Options.ttl: 0
2019/10/17-14:54:03.184029 7fc3a9fcb700 [db/column_family.cc:472] --------------- Options for column family [htlcs]:
2019/10/17-14:54:03.184031 7fc3a9fcb700               Options.comparator: leveldb.BytewiseComparator
2019/10/17-14:54:03.184032 7fc3a9fcb700           Options.merge_operator: None
2019/10/17-14:54:03.184033 7fc3a9fcb700        Options.compaction_filter: None
2019/10/17-14:54:03.184034 7fc3a9fcb700        Options.compaction_filter_factory: None
2019/10/17-14:54:03.184035 7fc3a9fcb700         Options.memtable_factory: SkipListFactory
2019/10/17-14:54:03.184036 7fc3a9fcb700            Options.table_factory: BlockBasedTable
2019/10/17-14:54:03.184050 7fc3a9fcb700            table_factory options:   flush_block_policy_factory: FlushBlockBySizePolicyFactory (0x7fc3500898c0)
