2019/10/17-14:54:05.843849 7fc3a9fcb700 RocksDB version: 5.18.3
2019/10/17-14:54:05.843943 7fc3a9fcb700 Git sha rocksdb_build_git_sha:@0@
2019/10/17-14:54:05.843946 7fc3a9fcb700 Compile date Sep 19 2019
2019/10/17-14:54:05.843949 7fc3a9fcb700 DB SUMMARY
2019/10/17-14:54:05.845141 7fc3a9fcb700 CURRENT file:  CURRENT
2019/10/17-14:54:05.845144 7fc3a9fcb700 IDENTITY file:  IDENTITY
2019/10/17-14:54:05.845193 7fc3a9fcb700 MANIFEST file:  MANIFEST-114670 size: 4114 Bytes
2019/10/17-14:54:05.845196 7fc3a9fcb700 SST files in /home/rahul/dev/blockchain-core/eqc/ledger.db dir, Total Num: 29, files: 000624.sst 000627.sst 106940.sst 108447.sst 108450.sst 109471.sst 109483.sst 109485.sst 109486.sst 
2019/10/17-14:54:05.845198 7fc3a9fcb700 Write Ahead Log file in /home/rahul/dev/blockchain-core/eqc/ledger.db: 114671.log size: 0 ; 
2019/10/17-14:54:05.845254 7fc3a9fcb700                         Options.error_if_exists: 0
2019/10/17-14:54:05.845256 7fc3a9fcb700                       Options.create_if_missing: 1
2019/10/17-14:54:05.845257 7fc3a9fcb700                         Options.paranoid_checks: 1
2019/10/17-14:54:05.845259 7fc3a9fcb700                                     Options.env: 0x7fc32ae1fc60
2019/10/17-14:54:05.845260 7fc3a9fcb700                                Options.info_log: 0x7fc3500429b0
2019/10/17-14:54:05.845262 7fc3a9fcb700                Options.max_file_opening_threads: 16
2019/10/17-14:54:05.845263 7fc3a9fcb700                              Options.statistics: (nil)
2019/10/17-14:54:05.845264 7fc3a9fcb700                               Options.use_fsync: 0
2019/10/17-14:54:05.845266 7fc3a9fcb700                       Options.max_log_file_size: 0
2019/10/17-14:54:05.845267 7fc3a9fcb700                  Options.max_manifest_file_size: 1073741824
2019/10/17-14:54:05.845268 7fc3a9fcb700                   Options.log_file_time_to_roll: 0
2019/10/17-14:54:05.845270 7fc3a9fcb700                       Options.keep_log_file_num: 1000
2019/10/17-14:54:05.845271 7fc3a9fcb700                    Options.recycle_log_file_num: 0
2019/10/17-14:54:05.845272 7fc3a9fcb700                         Options.allow_fallocate: 1
2019/10/17-14:54:05.845274 7fc3a9fcb700                        Options.allow_mmap_reads: 0
2019/10/17-14:54:05.845275 7fc3a9fcb700                       Options.allow_mmap_writes: 0
2019/10/17-14:54:05.845276 7fc3a9fcb700                        Options.use_direct_reads: 0
2019/10/17-14:54:05.845277 7fc3a9fcb700                        Options.use_direct_io_for_flush_and_compaction: 0
2019/10/17-14:54:05.845278 7fc3a9fcb700          Options.create_missing_column_families: 0
2019/10/17-14:54:05.845280 7fc3a9fcb700                              Options.db_log_dir: 
2019/10/17-14:54:05.845281 7fc3a9fcb700                                 Options.wal_dir: /home/rahul/dev/blockchain-core/eqc/ledger.db
2019/10/17-14:54:05.845282 7fc3a9fcb700                Options.table_cache_numshardbits: 6
2019/10/17-14:54:05.845284 7fc3a9fcb700                      Options.max_subcompactions: 1
2019/10/17-14:54:05.845285 7fc3a9fcb700                  Options.max_background_flushes: -1
2019/10/17-14:54:05.845286 7fc3a9fcb700                         Options.WAL_ttl_seconds: 0
2019/10/17-14:54:05.845288 7fc3a9fcb700                       Options.WAL_size_limit_MB: 0
2019/10/17-14:54:05.845289 7fc3a9fcb700             Options.manifest_preallocation_size: 4194304
2019/10/17-14:54:05.845290 7fc3a9fcb700                     Options.is_fd_close_on_exec: 1
2019/10/17-14:54:05.845291 7fc3a9fcb700                   Options.advise_random_on_open: 1
2019/10/17-14:54:05.845293 7fc3a9fcb700                    Options.db_write_buffer_size: 0
2019/10/17-14:54:05.845294 7fc3a9fcb700                    Options.write_buffer_manager: 0x7fc3500416b0
2019/10/17-14:54:05.845295 7fc3a9fcb700         Options.access_hint_on_compaction_start: 1
2019/10/17-14:54:05.845296 7fc3a9fcb700  Options.new_table_reader_for_compaction_inputs: 0
2019/10/17-14:54:05.845298 7fc3a9fcb700           Options.random_access_max_buffer_size: 1048576
2019/10/17-14:54:05.845299 7fc3a9fcb700                      Options.use_adaptive_mutex: 0
2019/10/17-14:54:05.845300 7fc3a9fcb700                            Options.rate_limiter: (nil)
2019/10/17-14:54:05.845315 7fc3a9fcb700     Options.sst_file_manager.rate_bytes_per_sec: 0
2019/10/17-14:54:05.845317 7fc3a9fcb700                       Options.wal_recovery_mode: 2
2019/10/17-14:54:05.845318 7fc3a9fcb700                  Options.enable_thread_tracking: 0
2019/10/17-14:54:05.845319 7fc3a9fcb700                  Options.enable_pipelined_write: 0
2019/10/17-14:54:05.845320 7fc3a9fcb700         Options.allow_concurrent_memtable_write: 1
2019/10/17-14:54:05.845322 7fc3a9fcb700      Options.enable_write_thread_adaptive_yield: 1
2019/10/17-14:54:05.845323 7fc3a9fcb700             Options.write_thread_max_yield_usec: 100
2019/10/17-14:54:05.845324 7fc3a9fcb700            Options.write_thread_slow_yield_usec: 3
2019/10/17-14:54:05.845326 7fc3a9fcb700                               Options.row_cache: None
2019/10/17-14:54:05.845327 7fc3a9fcb700                              Options.wal_filter: None
2019/10/17-14:54:05.845328 7fc3a9fcb700             Options.avoid_flush_during_recovery: 0
2019/10/17-14:54:05.845329 7fc3a9fcb700             Options.allow_ingest_behind: 0
2019/10/17-14:54:05.845331 7fc3a9fcb700             Options.preserve_deletes: 0
2019/10/17-14:54:05.845332 7fc3a9fcb700             Options.two_write_queues: 0
2019/10/17-14:54:05.845333 7fc3a9fcb700             Options.manual_wal_flush: 0
2019/10/17-14:54:05.845335 7fc3a9fcb700             Options.max_background_jobs: 2
2019/10/17-14:54:05.845336 7fc3a9fcb700             Options.max_background_compactions: -1
2019/10/17-14:54:05.845337 7fc3a9fcb700             Options.avoid_flush_during_shutdown: 0
2019/10/17-14:54:05.845338 7fc3a9fcb700           Options.writable_file_max_buffer_size: 1048576
2019/10/17-14:54:05.845339 7fc3a9fcb700             Options.delayed_write_rate : 16777216
2019/10/17-14:54:05.845341 7fc3a9fcb700             Options.max_total_wal_size: 0
2019/10/17-14:54:05.845342 7fc3a9fcb700             Options.delete_obsolete_files_period_micros: 21600000000
2019/10/17-14:54:05.845343 7fc3a9fcb700                   Options.stats_dump_period_sec: 600
2019/10/17-14:54:05.845345 7fc3a9fcb700                          Options.max_open_files: -1
2019/10/17-14:54:05.845346 7fc3a9fcb700                          Options.bytes_per_sync: 0
2019/10/17-14:54:05.845347 7fc3a9fcb700                      Options.wal_bytes_per_sync: 0
2019/10/17-14:54:05.845349 7fc3a9fcb700       Options.compaction_readahead_size: 0
2019/10/17-14:54:05.845350 7fc3a9fcb700 Compression algorithms supported:
2019/10/17-14:54:05.845351 7fc3a9fcb700 	kZSTDNotFinalCompression supported: 0
2019/10/17-14:54:05.845353 7fc3a9fcb700 	kZSTD supported: 0
2019/10/17-14:54:05.845354 7fc3a9fcb700 	kXpressCompression supported: 0
2019/10/17-14:54:05.845356 7fc3a9fcb700 	kLZ4HCCompression supported: 0
2019/10/17-14:54:05.845357 7fc3a9fcb700 	kLZ4Compression supported: 0
2019/10/17-14:54:05.845359 7fc3a9fcb700 	kBZip2Compression supported: 0
2019/10/17-14:54:05.845360 7fc3a9fcb700 	kZlibCompression supported: 0
2019/10/17-14:54:05.845361 7fc3a9fcb700 	kSnappyCompression supported: 0
2019/10/17-14:54:05.845364 7fc3a9fcb700 Fast CRC32 supported: Supported on x86
2019/10/17-14:54:05.845509 7fc3a9fcb700 [db/version_set.cc:3507] Recovering from manifest file: MANIFEST-114670
2019/10/17-14:54:05.845551 7fc3a9fcb700 [db/column_family.cc:472] --------------- Options for column family [default]:
2019/10/17-14:54:05.845553 7fc3a9fcb700               Options.comparator: leveldb.BytewiseComparator
2019/10/17-14:54:05.845554 7fc3a9fcb700           Options.merge_operator: None
2019/10/17-14:54:05.845555 7fc3a9fcb700        Options.compaction_filter: None
2019/10/17-14:54:05.845556 7fc3a9fcb700        Options.compaction_filter_factory: None
2019/10/17-14:54:05.845557 7fc3a9fcb700         Options.memtable_factory: SkipListFactory
2019/10/17-14:54:05.845558 7fc3a9fcb700            Options.table_factory: BlockBasedTable
2019/10/17-14:54:05.845577 7fc3a9fcb700            table_factory options:   flush_block_policy_factory: FlushBlockBySizePolicyFactory (0x7fc350061140)
  cache_index_and_filter_blocks: 0
  cache_index_and_filter_blocks_with_high_priority: 0
  pin_l0_filter_and_index_blocks_in_cache: 0
  pin_top_level_index_and_filter: 1
  index_type: 0
  hash_index_allow_collision: 1
  checksum: 1
  no_block_cache: 0
  block_cache: 0x7fc3500239f0
  block_cache_name: LRUCache
  block_cache_options:
    capacity : 8388608
    num_shard_bits : 4
    strict_capacity_limit : 0
    memory_allocator : None
    high_pri_pool_ratio: 0.000
  block_cache_compressed: (nil)
  persistent_cache: (nil)
  block_size: 4096
  block_size_deviation: 10
  block_restart_interval: 16
  index_block_restart_interval: 1
  metadata_block_size: 4096
  partition_filters: 0
  use_delta_encoding: 1
  filter_policy: nullptr
  whole_key_filtering: 1
  verify_compression: 0
  read_amp_bytes_per_bit: 0
  format_version: 2
  enable_index_compression: 1
  block_align: 0
2019/10/17-14:54:05.845588 7fc3a9fcb700        Options.write_buffer_size: 67108864
2019/10/17-14:54:05.845590 7fc3a9fcb700  Options.max_write_buffer_number: 2
2019/10/17-14:54:05.845591 7fc3a9fcb700          Options.compression: NoCompression
2019/10/17-14:54:05.845592 7fc3a9fcb700                  Options.bottommost_compression: Disabled
2019/10/17-14:54:05.845593 7fc3a9fcb700       Options.prefix_extractor: nullptr
2019/10/17-14:54:05.845594 7fc3a9fcb700   Options.memtable_insert_with_hint_prefix_extractor: nullptr
2019/10/17-14:54:05.845595 7fc3a9fcb700             Options.num_levels: 7
2019/10/17-14:54:05.845596 7fc3a9fcb700        Options.min_write_buffer_number_to_merge: 1
2019/10/17-14:54:05.845597 7fc3a9fcb700     Options.max_write_buffer_number_to_maintain: 0
2019/10/17-14:54:05.845598 7fc3a9fcb700            Options.bottommost_compression_opts.window_bits: -14
2019/10/17-14:54:05.845599 7fc3a9fcb700                  Options.bottommost_compression_opts.level: 32767
2019/10/17-14:54:05.845600 7fc3a9fcb700               Options.bottommost_compression_opts.strategy: 0
2019/10/17-14:54:05.845601 7fc3a9fcb700         Options.bottommost_compression_opts.max_dict_bytes: 0
2019/10/17-14:54:05.845602 7fc3a9fcb700         Options.bottommost_compression_opts.zstd_max_train_bytes: 0
2019/10/17-14:54:05.845604 7fc3a9fcb700                  Options.bottommost_compression_opts.enabled: false
2019/10/17-14:54:05.845605 7fc3a9fcb700            Options.compression_opts.window_bits: -14
2019/10/17-14:54:05.845606 7fc3a9fcb700                  Options.compression_opts.level: 32767
2019/10/17-14:54:05.845607 7fc3a9fcb700               Options.compression_opts.strategy: 0
2019/10/17-14:54:05.845608 7fc3a9fcb700         Options.compression_opts.max_dict_bytes: 0
2019/10/17-14:54:05.845609 7fc3a9fcb700         Options.compression_opts.zstd_max_train_bytes: 0
2019/10/17-14:54:05.845610 7fc3a9fcb700                  Options.compression_opts.enabled: false
2019/10/17-14:54:05.845611 7fc3a9fcb700      Options.level0_file_num_compaction_trigger: 4
2019/10/17-14:54:05.845612 7fc3a9fcb700          Options.level0_slowdown_writes_trigger: 20
2019/10/17-14:54:05.845613 7fc3a9fcb700              Options.level0_stop_writes_trigger: 36
2019/10/17-14:54:05.845614 7fc3a9fcb700                   Options.target_file_size_base: 67108864
2019/10/17-14:54:05.845615 7fc3a9fcb700             Options.target_file_size_multiplier: 1
2019/10/17-14:54:05.845616 7fc3a9fcb700                Options.max_bytes_for_level_base: 268435456
2019/10/17-14:54:05.845617 7fc3a9fcb700 Options.level_compaction_dynamic_level_bytes: 0
2019/10/17-14:54:05.845618 7fc3a9fcb700          Options.max_bytes_for_level_multiplier: 10.000000
2019/10/17-14:54:05.845620 7fc3a9fcb700 Options.max_bytes_for_level_multiplier_addtl[0]: 1
2019/10/17-14:54:05.845622 7fc3a9fcb700 Options.max_bytes_for_level_multiplier_addtl[1]: 1
2019/10/17-14:54:05.845623 7fc3a9fcb700 Options.max_bytes_for_level_multiplier_addtl[2]: 1
2019/10/17-14:54:05.845624 7fc3a9fcb700 Options.max_bytes_for_level_multiplier_addtl[3]: 1
2019/10/17-14:54:05.845625 7fc3a9fcb700 Options.max_bytes_for_level_multiplier_addtl[4]: 1
2019/10/17-14:54:05.845630 7fc3a9fcb700 Options.max_bytes_for_level_multiplier_addtl[5]: 1
2019/10/17-14:54:05.845632 7fc3a9fcb700 Options.max_bytes_for_level_multiplier_addtl[6]: 1
2019/10/17-14:54:05.845633 7fc3a9fcb700       Options.max_sequential_skip_in_iterations: 8
2019/10/17-14:54:05.845634 7fc3a9fcb700                    Options.max_compaction_bytes: 1677721600
2019/10/17-14:54:05.845635 7fc3a9fcb700                        Options.arena_block_size: 8388608
2019/10/17-14:54:05.845636 7fc3a9fcb700   Options.soft_pending_compaction_bytes_limit: 68719476736
2019/10/17-14:54:05.845637 7fc3a9fcb700   Options.hard_pending_compaction_bytes_limit: 274877906944
2019/10/17-14:54:05.845638 7fc3a9fcb700       Options.rate_limit_delay_max_milliseconds: 100
2019/10/17-14:54:05.845639 7fc3a9fcb700                Options.disable_auto_compactions: 0
2019/10/17-14:54:05.845641 7fc3a9fcb700                        Options.compaction_style: kCompactionStyleLevel
2019/10/17-14:54:05.845642 7fc3a9fcb700                          Options.compaction_pri: kByCompensatedSize
2019/10/17-14:54:05.845643 7fc3a9fcb700 Options.compaction_options_universal.size_ratio: 1
2019/10/17-14:54:05.845644 7fc3a9fcb700 Options.compaction_options_universal.min_merge_width: 2
2019/10/17-14:54:05.845645 7fc3a9fcb700 Options.compaction_options_universal.max_merge_width: 4294967295
2019/10/17-14:54:05.845646 7fc3a9fcb700 Options.compaction_options_universal.max_size_amplification_percent: 200
2019/10/17-14:54:05.845647 7fc3a9fcb700 Options.compaction_options_universal.compression_size_percent: -1
2019/10/17-14:54:05.845649 7fc3a9fcb700 Options.compaction_options_universal.stop_style: kCompactionStopStyleTotalSize
2019/10/17-14:54:05.845650 7fc3a9fcb700 Options.compaction_options_fifo.max_table_files_size: 1073741824
2019/10/17-14:54:05.845651 7fc3a9fcb700 Options.compaction_options_fifo.allow_compaction: 0
2019/10/17-14:54:05.845652 7fc3a9fcb700 Options.compaction_options_fifo.ttl: 0
2019/10/17-14:54:05.845653 7fc3a9fcb700                   Options.table_properties_collectors: 
2019/10/17-14:54:05.845654 7fc3a9fcb700                   Options.inplace_update_support: 0
2019/10/17-14:54:05.845655 7fc3a9fcb700                 Options.inplace_update_num_locks: 10000
2019/10/17-14:54:05.845656 7fc3a9fcb700               Options.memtable_prefix_bloom_size_ratio: 0.000000
2019/10/17-14:54:05.845657 7fc3a9fcb700   Options.memtable_huge_page_size: 0
2019/10/17-14:54:05.845658 7fc3a9fcb700                           Options.bloom_locality: 0
2019/10/17-14:54:05.845659 7fc3a9fcb700                    Options.max_successive_merges: 0
2019/10/17-14:54:05.845660 7fc3a9fcb700                Options.optimize_filters_for_hits: 0
2019/10/17-14:54:05.845661 7fc3a9fcb700                Options.paranoid_file_checks: 0
2019/10/17-14:54:05.845662 7fc3a9fcb700                Options.force_consistency_checks: 0
2019/10/17-14:54:05.845663 7fc3a9fcb700                Options.report_bg_io_stats: 0
2019/10/17-14:54:05.845664 7fc3a9fcb700                               Options.ttl: 0
2019/10/17-14:54:05.845701 7fc3a9fcb700 [db/column_family.cc:472] --------------- Options for column family [active_gateways]:
2019/10/17-14:54:05.845703 7fc3a9fcb700               Options.comparator: leveldb.BytewiseComparator
2019/10/17-14:54:05.845704 7fc3a9fcb700           Options.merge_operator: None
2019/10/17-14:54:05.845705 7fc3a9fcb700        Options.compaction_filter: None
2019/10/17-14:54:05.845706 7fc3a9fcb700        Options.compaction_filter_factory: None
2019/10/17-14:54:05.845707 7fc3a9fcb700         Options.memtable_factory: SkipListFactory
2019/10/17-14:54:05.845708 7fc3a9fcb700            Options.table_factory: BlockBasedTable
2019/10/17-14:54:05.845722 7fc3a9fcb700            table_factory options:   flush_block_policy_factory: FlushBlockBySizePolicyFactory (0x7fc3500a06b0)
  cache_index_and_filter_blocks: 0
  cache_index_and_filter_blocks_with_high_priority: 0
  pin_l0_filter_and_index_blocks_in_cache: 0
  pin_top_level_index_and_filter: 1
  index_type: 0
  hash_index_allow_collision: 1
  checksum: 1
  no_block_cache: 0
  block_cache: 0x7fc35010fae0
  block_cache_name: LRUCache
  block_cache_options:
    capacity : 8388608
    num_shard_bits : 4
    strict_capacity_limit : 0
    memory_allocator : None
    high_pri_pool_ratio: 0.000
  block_cache_compressed: (nil)
  persistent_cache: (nil)
  block_size: 4096
  block_size_deviation: 10
  block_restart_interval: 16
  index_block_restart_interval: 1
  metadata_block_size: 4096
  partition_filters: 0
  use_delta_encoding: 1
  filter_policy: nullptr
  whole_key_filtering: 1
  verify_compression: 0
  read_amp_bytes_per_bit: 0
  format_version: 2
  enable_index_compression: 1
  block_align: 0
2019/10/17-14:54:05.845731 7fc3a9fcb700        Options.write_buffer_size: 67108864
2019/10/17-14:54:05.845732 7fc3a9fcb700  Options.max_write_buffer_number: 2
2019/10/17-14:54:05.845733 7fc3a9fcb700          Options.compression: NoCompression
2019/10/17-14:54:05.845734 7fc3a9fcb700                  Options.bottommost_compression: Disabled
2019/10/17-14:54:05.845735 7fc3a9fcb700       Options.prefix_extractor: nullptr
2019/10/17-14:54:05.845736 7fc3a9fcb700   Options.memtable_insert_with_hint_prefix_extractor: nullptr
2019/10/17-14:54:05.845737 7fc3a9fcb700             Options.num_levels: 7
2019/10/17-14:54:05.845738 7fc3a9fcb700        Options.min_write_buffer_number_to_merge: 1
2019/10/17-14:54:05.845739 7fc3a9fcb700     Options.max_write_buffer_number_to_maintain: 0
2019/10/17-14:54:05.845740 7fc3a9fcb700            Options.bottommost_compression_opts.window_bits: -14
2019/10/17-14:54:05.845741 7fc3a9fcb700                  Options.bottommost_compression_opts.level: 32767
2019/10/17-14:54:05.845742 7fc3a9fcb700               Options.bottommost_compression_opts.strategy: 0
2019/10/17-14:54:05.845743 7fc3a9fcb700         Options.bottommost_compression_opts.max_dict_bytes: 0
2019/10/17-14:54:05.845744 7fc3a9fcb700         Options.bottommost_compression_opts.zstd_max_train_bytes: 0
2019/10/17-14:54:05.845745 7fc3a9fcb700                  Options.bottommost_compression_opts.enabled: false
2019/10/17-14:54:05.845746 7fc3a9fcb700            Options.compression_opts.window_bits: -14
2019/10/17-14:54:05.845747 7fc3a9fcb700                  Options.compression_opts.level: 32767
2019/10/17-14:54:05.845748 7fc3a9fcb700               Options.compression_opts.strategy: 0
2019/10/17-14:54:05.845749 7fc3a9fcb700         Options.compression_opts.max_dict_bytes: 0
2019/10/17-14:54:05.845750 7fc3a9fcb700         Options.compression_opts.zstd_max_train_bytes: 0
2019/10/17-14:54:05.845751 7fc3a9fcb700                  Options.compression_opts.enabled: false
2019/10/17-14:54:05.845752 7fc3a9fcb700      Options.level0_file_num_compaction_trigger: 4
2019/10/17-14:54:05.845753 7fc3a9fcb700          Options.level0_slowdown_writes_trigger: 20
2019/10/17-14:54:05.845754 7fc3a9fcb700              Options.level0_stop_writes_trigger: 36
2019/10/17-14:54:05.845755 7fc3a9fcb700                   Options.target_file_size_base: 67108864
2019/10/17-14:54:05.845756 7fc3a9fcb700             Options.target_file_size_multiplier: 1
2019/10/17-14:54:05.845757 7fc3a9fcb700                Options.max_bytes_for_level_base: 268435456
2019/10/17-14:54:05.845758 7fc3a9fcb700 Options.level_compaction_dynamic_level_bytes: 0
2019/10/17-14:54:05.845759 7fc3a9fcb700          Options.max_bytes_for_level_multiplier: 10.000000
2019/10/17-14:54:05.845761 7fc3a9fcb700 Options.max_bytes_for_level_multiplier_addtl[0]: 1
2019/10/17-14:54:05.845762 7fc3a9fcb700 Options.max_bytes_for_level_multiplier_addtl[1]: 1
2019/10/17-14:54:05.845763 7fc3a9fcb700 Options.max_bytes_for_level_multiplier_addtl[2]: 1
2019/10/17-14:54:05.845764 7fc3a9fcb700 Options.max_bytes_for_level_multiplier_addtl[3]: 1
2019/10/17-14:54:05.845765 7fc3a9fcb700 Options.max_bytes_for_level_multiplier_addtl[4]: 1
2019/10/17-14:54:05.845766 7fc3a9fcb700 Options.max_bytes_for_level_multiplier_addtl[5]: 1
2019/10/17-14:54:05.845767 7fc3a9fcb700 Options.max_bytes_for_level_multiplier_addtl[6]: 1
2019/10/17-14:54:05.845768 7fc3a9fcb700       Options.max_sequential_skip_in_iterations: 8
2019/10/17-14:54:05.845774 7fc3a9fcb700                    Options.max_compaction_bytes: 1677721600
2019/10/17-14:54:05.845775 7fc3a9fcb700                        Options.arena_block_size: 8388608
2019/10/17-14:54:05.845776 7fc3a9fcb700   Options.soft_pending_compaction_bytes_limit: 68719476736
2019/10/17-14:54:05.845777 7fc3a9fcb700   Options.hard_pending_compaction_bytes_limit: 274877906944
2019/10/17-14:54:05.845778 7fc3a9fcb700       Options.rate_limit_delay_max_milliseconds: 100
2019/10/17-14:54:05.845779 7fc3a9fcb700                Options.disable_auto_compactions: 0
2019/10/17-14:54:05.845780 7fc3a9fcb700                        Options.compaction_style: kCompactionStyleLevel
2019/10/17-14:54:05.845782 7fc3a9fcb700                          Options.compaction_pri: kByCompensatedSize
2019/10/17-14:54:05.845783 7fc3a9fcb700 Options.compaction_options_universal.size_ratio: 1
2019/10/17-14:54:05.845784 7fc3a9fcb700 Options.compaction_options_universal.min_merge_width: 2
2019/10/17-14:54:05.845785 7fc3a9fcb700 Options.compaction_options_universal.max_merge_width: 4294967295
2019/10/17-14:54:05.845786 7fc3a9fcb700 Options.compaction_options_universal.max_size_amplification_percent: 200
2019/10/17-14:54:05.845787 7fc3a9fcb700 Options.compaction_options_universal.compression_size_percent: -1
2019/10/17-14:54:05.845788 7fc3a9fcb700 Options.compaction_options_universal.stop_style: kCompactionStopStyleTotalSize
2019/10/17-14:54:05.845789 7fc3a9fcb700 Options.compaction_options_fifo.max_table_files_size: 1073741824
2019/10/17-14:54:05.845790 7fc3a9fcb700 Options.compaction_options_fifo.allow_compaction: 0
2019/10/17-14:54:05.845791 7fc3a9fcb700 Options.compaction_options_fifo.ttl: 0
2019/10/17-14:54:05.845792 7fc3a9fcb700                   Options.table_properties_collectors: 
2019/10/17-14:54:05.845793 7fc3a9fcb700                   Options.inplace_update_support: 0
2019/10/17-14:54:05.845794 7fc3a9fcb700                 Options.inplace_update_num_locks: 10000
2019/10/17-14:54:05.845795 7fc3a9fcb700               Options.memtable_prefix_bloom_size_ratio: 0.000000
2019/10/17-14:54:05.845796 7fc3a9fcb700   Options.memtable_huge_page_size: 0
2019/10/17-14:54:05.845797 7fc3a9fcb700                           Options.bloom_locality: 0
2019/10/17-14:54:05.845798 7fc3a9fcb700                    Options.max_successive_merges: 0
2019/10/17-14:54:05.845799 7fc3a9fcb700                Options.optimize_filters_for_hits: 0
2019/10/17-14:54:05.845800 7fc3a9fcb700                Options.paranoid_file_checks: 0
2019/10/17-14:54:05.845801 7fc3a9fcb700                Options.force_consistency_checks: 0
2019/10/17-14:54:05.845802 7fc3a9fcb700                Options.report_bg_io_stats: 0
2019/10/17-14:54:05.845803 7fc3a9fcb700                               Options.ttl: 0
2019/10/17-14:54:05.845824 7fc3a9fcb700 [db/column_family.cc:472] --------------- Options for column family [entries]:
2019/10/17-14:54:05.845826 7fc3a9fcb700               Options.comparator: leveldb.BytewiseComparator
2019/10/17-14:54:05.845827 7fc3a9fcb700           Options.merge_operator: None
2019/10/17-14:54:05.845828 7fc3a9fcb700        Options.compaction_filter: None
2019/10/17-14:54:05.845829 7fc3a9fcb700        Options.compaction_filter_factory: None
2019/10/17-14:54:05.845830 7fc3a9fcb700         Options.memtable_factory: SkipListFactory
2019/10/17-14:54:05.845831 7fc3a9fcb700            Options.table_factory: BlockBasedTable
2019/10/17-14:54:05.845844 7fc3a9fcb700            table_factory options:   flush_block_policy_factory: FlushBlockBySizePolicyFactory (0x7fc3500895e0)
  cache_index_and_filter_blocks: 0
  cache_index_and_filter_blocks_with_high_priority: 0
  pin_l0_filter_and_index_blocks_in_cache: 0
  pin_top_level_index_and_filter: 1
  index_type: 0
  hash_index_allow_collision: 1
  checksum: 1
  no_block_cache: 0
  block_cache: 0x7fc3500451d0
  block_cache_name: LRUCache
  block_cache_options:
    capacity : 8388608
    num_shard_bits : 4
    strict_capacity_limit : 0
    memory_allocator : None
    high_pri_pool_ratio: 0.000
  block_cache_compressed: (nil)
  persistent_cache: (nil)
  block_size: 4096
  block_size_deviation: 10
  block_restart_interval: 16
  index_block_restart_interval: 1
  metadata_block_size: 4096
  partition_filters: 0
  use_delta_encoding: 1
  filter_policy: nullptr
  whole_key_filtering: 1
  verify_compression: 0
  read_amp_bytes_per_bit: 0
  format_version: 2
  enable_index_compression: 1
  block_align: 0
2019/10/17-14:54:05.845851 7fc3a9fcb700        Options.write_buffer_size: 67108864
2019/10/17-14:54:05.845853 7fc3a9fcb700  Options.max_write_buffer_number: 2
2019/10/17-14:54:05.845854 7fc3a9fcb700          Options.compression: NoCompression
2019/10/17-14:54:05.845855 7fc3a9fcb700                  Options.bottommost_compression: Disabled
2019/10/17-14:54:05.845856 7fc3a9fcb700       Options.prefix_extractor: nullptr
2019/10/17-14:54:05.845857 7fc3a9fcb700   Options.memtable_insert_with_hint_prefix_extractor: nullptr
2019/10/17-14:54:05.845858 7fc3a9fcb700             Options.num_levels: 7
2019/10/17-14:54:05.845859 7fc3a9fcb700        Options.min_write_buffer_number_to_merge: 1
2019/10/17-14:54:05.845860 7fc3a9fcb700     Options.max_write_buffer_number_to_maintain: 0
2019/10/17-14:54:05.845861 7fc3a9fcb700            Options.bottommost_compression_opts.window_bits: -14
2019/10/17-14:54:05.845862 7fc3a9fcb700                  Options.bottommost_compression_opts.level: 32767
2019/10/17-14:54:05.845863 7fc3a9fcb700               Options.bottommost_compression_opts.strategy: 0
2019/10/17-14:54:05.845863 7fc3a9fcb700         Options.bottommost_compression_opts.max_dict_bytes: 0
2019/10/17-14:54:05.845864 7fc3a9fcb700         Options.bottommost_compression_opts.zstd_max_train_bytes: 0
2019/10/17-14:54:05.845865 7fc3a9fcb700                  Options.bottommost_compression_opts.enabled: false
2019/10/17-14:54:05.845866 7fc3a9fcb700            Options.compression_opts.window_bits: -14
2019/10/17-14:54:05.845867 7fc3a9fcb700                  Options.compression_opts.level: 32767
2019/10/17-14:54:05.845868 7fc3a9fcb700               Options.compression_opts.strategy: 0
2019/10/17-14:54:05.845869 7fc3a9fcb700         Options.compression_opts.max_dict_bytes: 0
2019/10/17-14:54:05.845870 7fc3a9fcb700         Options.compression_opts.zstd_max_train_bytes: 0
2019/10/17-14:54:05.845871 7fc3a9fcb700                  Options.compression_opts.enabled: false
2019/10/17-14:54:05.845872 7fc3a9fcb700      Options.level0_file_num_compaction_trigger: 4
2019/10/17-14:54:05.845873 7fc3a9fcb700          Options.level0_slowdown_writes_trigger: 20
2019/10/17-14:54:05.845874 7fc3a9fcb700              Options.level0_stop_writes_trigger: 36
2019/10/17-14:54:05.845875 7fc3a9fcb700                   Options.target_file_size_base: 67108864
2019/10/17-14:54:05.845876 7fc3a9fcb700             Options.target_file_size_multiplier: 1
2019/10/17-14:54:05.845877 7fc3a9fcb700                Options.max_bytes_for_level_base: 268435456
2019/10/17-14:54:05.845878 7fc3a9fcb700 Options.level_compaction_dynamic_level_bytes: 0
2019/10/17-14:54:05.845879 7fc3a9fcb700          Options.max_bytes_for_level_multiplier: 10.000000
2019/10/17-14:54:05.845881 7fc3a9fcb700 Options.max_bytes_for_level_multiplier_addtl[0]: 1
2019/10/17-14:54:05.845882 7fc3a9fcb700 Options.max_bytes_for_level_multiplier_addtl[1]: 1
2019/10/17-14:54:05.845883 7fc3a9fcb700 Options.max_bytes_for_level_multiplier_addtl[2]: 1
2019/10/17-14:54:05.845884 7fc3a9fcb700 Options.max_bytes_for_level_multiplier_addtl[3]: 1
2019/10/17-14:54:05.845885 7fc3a9fcb700 Options.max_bytes_for_level_multiplier_addtl[4]: 1
2019/10/17-14:54:05.845886 7fc3a9fcb700 Options.max_bytes_for_level_multiplier_addtl[5]: 1
2019/10/17-14:54:05.845887 7fc3a9fcb700 Options.max_bytes_for_level_multiplier_addtl[6]: 1
2019/10/17-14:54:05.845888 7fc3a9fcb700       Options.max_sequential_skip_in_iterations: 8
2019/10/17-14:54:05.845889 7fc3a9fcb700                    Options.max_compaction_bytes: 1677721600
2019/10/17-14:54:05.845890 7fc3a9fcb700                        Options.arena_block_size: 8388608
2019/10/17-14:54:05.845891 7fc3a9fcb700   Options.soft_pending_compaction_bytes_limit: 68719476736
2019/10/17-14:54:05.845897 7fc3a9fcb700   Options.hard_pending_compaction_bytes_limit: 274877906944
2019/10/17-14:54:05.845898 7fc3a9fcb700       Options.rate_limit_delay_max_milliseconds: 100
2019/10/17-14:54:05.845899 7fc3a9fcb700                Options.disable_auto_compactions: 0
2019/10/17-14:54:05.845900 7fc3a9fcb700                        Options.compaction_style: kCompactionStyleLevel
2019/10/17-14:54:05.845901 7fc3a9fcb700                          Options.compaction_pri: kByCompensatedSize
2019/10/17-14:54:05.845902 7fc3a9fcb700 Options.compaction_options_universal.size_ratio: 1
2019/10/17-14:54:05.845903 7fc3a9fcb700 Options.compaction_options_universal.min_merge_width: 2
2019/10/17-14:54:05.845904 7fc3a9fcb700 Options.compaction_options_universal.max_merge_width: 4294967295
2019/10/17-14:54:05.845905 7fc3a9fcb700 Options.compaction_options_universal.max_size_amplification_percent: 200
2019/10/17-14:54:05.845906 7fc3a9fcb700 Options.compaction_options_universal.compression_size_percent: -1
2019/10/17-14:54:05.845907 7fc3a9fcb700 Options.compaction_options_universal.stop_style: kCompactionStopStyleTotalSize
2019/10/17-14:54:05.845908 7fc3a9fcb700 Options.compaction_options_fifo.max_table_files_size: 1073741824
2019/10/17-14:54:05.845909 7fc3a9fcb700 Options.compaction_options_fifo.allow_compaction: 0
2019/10/17-14:54:05.845910 7fc3a9fcb700 Options.compaction_options_fifo.ttl: 0
2019/10/17-14:54:05.845911 7fc3a9fcb700                   Options.table_properties_collectors: 
2019/10/17-14:54:05.845912 7fc3a9fcb700                   Options.inplace_update_support: 0
2019/10/17-14:54:05.845913 7fc3a9fcb700                 Options.inplace_update_num_locks: 10000
2019/10/17-14:54:05.845914 7fc3a9fcb700               Options.memtable_prefix_bloom_size_ratio: 0.000000
2019/10/17-14:54:05.845915 7fc3a9fcb700   Options.memtable_huge_page_size: 0
2019/10/17-14:54:05.845916 7fc3a9fcb700                           Options.bloom_locality: 0
2019/10/17-14:54:05.845917 7fc3a9fcb700                    Options.max_successive_merges: 0
2019/10/17-14:54:05.845918 7fc3a9fcb700                Options.optimize_filters_for_hits: 0
2019/10/17-14:54:05.845920 7fc3a9fcb700                Options.paranoid_file_checks: 0
2019/10/17-14:54:05.845921 7fc3a9fcb700                Options.force_consistency_checks: 0
2019/10/17-14:54:05.845921 7fc3a9fcb700                Options.report_bg_io_stats: 0
2019/10/17-14:54:05.845922 7fc3a9fcb700                               Options.ttl: 0
2019/10/17-14:54:05.845942 7fc3a9fcb700 [db/column_family.cc:472] --------------- Options for column family [dc_entries]:
2019/10/17-14:54:05.845943 7fc3a9fcb700               Options.comparator: leveldb.BytewiseComparator
2019/10/17-14:54:05.845944 7fc3a9fcb700           Options.merge_operator: None
2019/10/17-14:54:05.845945 7fc3a9fcb700        Options.compaction_filter: None
2019/10/17-14:54:05.845946 7fc3a9fcb700        Options.compaction_filter_factory: None
2019/10/17-14:54:05.845947 7fc3a9fcb700         Options.memtable_factory: SkipListFactory
2019/10/17-14:54:05.845948 7fc3a9fcb700            Options.table_factory: BlockBasedTable
2019/10/17-14:54:05.845961 7fc3a9fcb700            table_factory options:   flush_block_policy_factory: FlushBlockBySizePolicyFactory (0x7fc3500dbdc0)
  cache_index_and_filter_blocks: 0
  cache_index_and_filter_blocks_with_high_priority: 0
  pin_l0_filter_and_index_blocks_in_cache: 0
  pin_top_level_index_and_filter: 1
  index_type: 0
  hash_index_allow_collision: 1
  checksum: 1
  no_block_cache: 0
  block_cache: 0x7fc3500a0990
  block_cache_name: LRUCache
  block_cache_options:
    capacity : 8388608
    num_shard_bits : 4
    strict_capacity_limit : 0
    memory_allocator : None
    high_pri_pool_ratio: 0.000
  block_cache_compressed: (nil)
  persistent_cache: (nil)
  block_size: 4096
  block_size_deviation: 10
  block_restart_interval: 16
  index_block_restart_interval: 1
  metadata_block_size: 4096
  partition_filters: 0
  use_delta_encoding: 1
  filter_policy: nullptr
  whole_key_filtering: 1
  verify_compression: 0
  read_amp_bytes_per_bit: 0
  format_version: 2
  enable_index_compression: 1
  block_align: 0
2019/10/17-14:54:05.845968 7fc3a9fcb700        Options.write_buffer_size: 67108864
2019/10/17-14:54:05.845969 7fc3a9fcb700  Options.max_write_buffer_number: 2
2019/10/17-14:54:05.845970 7fc3a9fcb700          Options.compression: NoCompression
2019/10/17-14:54:05.845971 7fc3a9fcb700                  Options.bottommost_compression: Disabled
2019/10/17-14:54:05.845972 7fc3a9fcb700       Options.prefix_extractor: nullptr
2019/10/17-14:54:05.845973 7fc3a9fcb700   Options.memtable_insert_with_hint_prefix_extractor: nullptr
2019/10/17-14:54:05.845974 7fc3a9fcb700             Options.num_levels: 7
2019/10/17-14:54:05.845975 7fc3a9fcb700        Options.min_write_buffer_number_to_merge: 1
2019/10/17-14:54:05.845976 7fc3a9fcb700     Options.max_write_buffer_number_to_maintain: 0
2019/10/17-14:54:05.845977 7fc3a9fcb700            Options.bottommost_compression_opts.window_bits: -14
2019/10/17-14:54:05.845978 7fc3a9fcb700                  Options.bottommost_compression_opts.level: 32767
2019/10/17-14:54:05.845979 7fc3a9fcb700               Options.bottommost_compression_opts.strategy: 0
2019/10/17-14:54:05.845980 7fc3a9fcb700         Options.bottommost_compression_opts.max_dict_bytes: 0
2019/10/17-14:54:05.845981 7fc3a9fcb700         Options.bottommost_compression_opts.zstd_max_train_bytes: 0
2019/10/17-14:54:05.845982 7fc3a9fcb700                  Options.bottommost_compression_opts.enabled: false
2019/10/17-14:54:05.845983 7fc3a9fcb700            Options.compression_opts.window_bits: -14
2019/10/17-14:54:05.845984 7fc3a9fcb700                  Options.compression_opts.level: 32767
2019/10/17-14:54:05.845985 7fc3a9fcb700               Options.compression_opts.strategy: 0
2019/10/17-14:54:05.845986 7fc3a9fcb700         Options.compression_opts.max_dict_bytes: 0
2019/10/17-14:54:05.845987 7fc3a9fcb700         Options.compression_opts.zstd_max_train_bytes: 0
2019/10/17-14:54:05.845988 7fc3a9fcb700                  Options.compression_opts.enabled: false
2019/10/17-14:54:05.845989 7fc3a9fcb700      Options.level0_file_num_compaction_trigger: 4
2019/10/17-14:54:05.845990 7fc3a9fcb700          Options.level0_slowdown_writes_trigger: 20
2019/10/17-14:54:05.845991 7fc3a9fcb700              Options.level0_stop_writes_trigger: 36
2019/10/17-14:54:05.845992 7fc3a9fcb700                   Options.target_file_size_base: 67108864
2019/10/17-14:54:05.845993 7fc3a9fcb700             Options.target_file_size_multiplier: 1
2019/10/17-14:54:05.845994 7fc3a9fcb700                Options.max_bytes_for_level_base: 268435456
2019/10/17-14:54:05.845995 7fc3a9fcb700 Options.level_compaction_dynamic_level_bytes: 0
2019/10/17-14:54:05.845996 7fc3a9fcb700          Options.max_bytes_for_level_multiplier: 10.000000
2019/10/17-14:54:05.845998 7fc3a9fcb700 Options.max_bytes_for_level_multiplier_addtl[0]: 1
2019/10/17-14:54:05.845999 7fc3a9fcb700 Options.max_bytes_for_level_multiplier_addtl[1]: 1
2019/10/17-14:54:05.846000 7fc3a9fcb700 Options.max_bytes_for_level_multiplier_addtl[2]: 1
2019/10/17-14:54:05.846001 7fc3a9fcb700 Options.max_bytes_for_level_multiplier_addtl[3]: 1
2019/10/17-14:54:05.846002 7fc3a9fcb700 Options.max_bytes_for_level_multiplier_addtl[4]: 1
2019/10/17-14:54:05.846003 7fc3a9fcb700 Options.max_bytes_for_level_multiplier_addtl[5]: 1
2019/10/17-14:54:05.846004 7fc3a9fcb700 Options.max_bytes_for_level_multiplier_addtl[6]: 1
2019/10/17-14:54:05.846005 7fc3a9fcb700       Options.max_sequential_skip_in_iterations: 8
2019/10/17-14:54:05.846006 7fc3a9fcb700                    Options.max_compaction_bytes: 1677721600
2019/10/17-14:54:05.846007 7fc3a9fcb700                        Options.arena_block_size: 8388608
2019/10/17-14:54:05.846008 7fc3a9fcb700   Options.soft_pending_compaction_bytes_limit: 68719476736
2019/10/17-14:54:05.846009 7fc3a9fcb700   Options.hard_pending_compaction_bytes_limit: 274877906944
2019/10/17-14:54:05.846010 7fc3a9fcb700       Options.rate_limit_delay_max_milliseconds: 100
2019/10/17-14:54:05.846011 7fc3a9fcb700                Options.disable_auto_compactions: 0
2019/10/17-14:54:05.846016 7fc3a9fcb700                        Options.compaction_style: kCompactionStyleLevel
2019/10/17-14:54:05.846018 7fc3a9fcb700                          Options.compaction_pri: kByCompensatedSize
2019/10/17-14:54:05.846019 7fc3a9fcb700 Options.compaction_options_universal.size_ratio: 1
2019/10/17-14:54:05.846020 7fc3a9fcb700 Options.compaction_options_universal.min_merge_width: 2
2019/10/17-14:54:05.846021 7fc3a9fcb700 Options.compaction_options_universal.max_merge_width: 4294967295
2019/10/17-14:54:05.846022 7fc3a9fcb700 Options.compaction_options_universal.max_size_amplification_percent: 200
2019/10/17-14:54:05.846023 7fc3a9fcb700 Options.compaction_options_universal.compression_size_percent: -1
2019/10/17-14:54:05.846024 7fc3a9fcb700 Options.compaction_options_universal.stop_style: kCompactionStopStyleTotalSize
2019/10/17-14:54:05.846025 7fc3a9fcb700 Options.compaction_options_fifo.max_table_files_size: 1073741824
2019/10/17-14:54:05.846026 7fc3a9fcb700 Options.compaction_options_fifo.allow_compaction: 0
2019/10/17-14:54:05.846027 7fc3a9fcb700 Options.compaction_options_fifo.ttl: 0
2019/10/17-14:54:05.846028 7fc3a9fcb700                   Options.table_properties_collectors: 
2019/10/17-14:54:05.846029 7fc3a9fcb700                   Options.inplace_update_support: 0
2019/10/17-14:54:05.846030 7fc3a9fcb700                 Options.inplace_update_num_locks: 10000
2019/10/17-14:54:05.846031 7fc3a9fcb700               Options.memtable_prefix_bloom_size_ratio: 0.000000
2019/10/17-14:54:05.846032 7fc3a9fcb700   Options.memtable_huge_page_size: 0
2019/10/17-14:54:05.846033 7fc3a9fcb700                           Options.bloom_locality: 0
2019/10/17-14:54:05.846034 7fc3a9fcb700                    Options.max_successive_merges: 0
2019/10/17-14:54:05.846035 7fc3a9fcb700                Options.optimize_filters_for_hits: 0
2019/10/17-14:54:05.846036 7fc3a9fcb700                Options.paranoid_file_checks: 0
2019/10/17-14:54:05.846037 7fc3a9fcb700                Options.force_consistency_checks: 0
2019/10/17-14:54:05.846038 7fc3a9fcb700                Options.report_bg_io_stats: 0
2019/10/17-14:54:05.846039 7fc3a9fcb700                               Options.ttl: 0
2019/10/17-14:54:05.846054 7fc3a9fcb700 [db/column_family.cc:472] --------------- Options for column family [htlcs]:
2019/10/17-14:54:05.846056 7fc3a9fcb700               Options.comparator: leveldb.BytewiseComparator
2019/10/17-14:54:05.846057 7fc3a9fcb700           Options.merge_operator: None
2019/10/17-14:54:05.846058 7fc3a9fcb700        Options.compaction_filter: None
2019/10/17-14:54:05.846059 7fc3a9fcb700        Options.compaction_filter_factory: None
2019/10/17-14:54:05.846060 7fc3a9fcb700         Options.memtable_factory: SkipListFactory
2019/10/17-14:54:05.846061 7fc3a9fcb700            Options.table_factory: BlockBasedTable
2019/10/17-14:54:05.846073 7fc3a9fcb700            table_factory options:   flush_block_policy_factory: FlushBlockBySizePolicyFactory (0x7fc350068d20)
