2019/10/17-14:55:03.852071 7fc3a9fcb700 RocksDB version: 5.18.3
2019/10/17-14:55:03.852110 7fc3a9fcb700 Git sha rocksdb_build_git_sha:@0@
2019/10/17-14:55:03.852111 7fc3a9fcb700 Compile date Sep 19 2019
2019/10/17-14:55:03.852112 7fc3a9fcb700 DB SUMMARY
2019/10/17-14:55:03.852616 7fc3a9fcb700 CURRENT file:  CURRENT
2019/10/17-14:55:03.852617 7fc3a9fcb700 IDENTITY file:  IDENTITY
2019/10/17-14:55:03.852638 7fc3a9fcb700 MANIFEST file:  MANIFEST-116251 size: 4114 Bytes
2019/10/17-14:55:03.852639 7fc3a9fcb700 SST files in /home/rahul/dev/blockchain-core/eqc/ledger.db dir, Total Num: 29, files: 000624.sst 000627.sst 106940.sst 108447.sst 108450.sst 109471.sst 109483.sst 109485.sst 109486.sst 
2019/10/17-14:55:03.852640 7fc3a9fcb700 Write Ahead Log file in /home/rahul/dev/blockchain-core/eqc/ledger.db: 116252.log size: 0 ; 
2019/10/17-14:55:03.852664 7fc3a9fcb700                         Options.error_if_exists: 0
2019/10/17-14:55:03.852665 7fc3a9fcb700                       Options.create_if_missing: 1
2019/10/17-14:55:03.852666 7fc3a9fcb700                         Options.paranoid_checks: 1
2019/10/17-14:55:03.852666 7fc3a9fcb700                                     Options.env: 0x7fc32ae1fc60
2019/10/17-14:55:03.852667 7fc3a9fcb700                                Options.info_log: 0x7fc350076160
2019/10/17-14:55:03.852667 7fc3a9fcb700                Options.max_file_opening_threads: 16
2019/10/17-14:55:03.852668 7fc3a9fcb700                              Options.statistics: (nil)
2019/10/17-14:55:03.852668 7fc3a9fcb700                               Options.use_fsync: 0
2019/10/17-14:55:03.852669 7fc3a9fcb700                       Options.max_log_file_size: 0
2019/10/17-14:55:03.852670 7fc3a9fcb700                  Options.max_manifest_file_size: 1073741824
2019/10/17-14:55:03.852670 7fc3a9fcb700                   Options.log_file_time_to_roll: 0
2019/10/17-14:55:03.852671 7fc3a9fcb700                       Options.keep_log_file_num: 1000
2019/10/17-14:55:03.852671 7fc3a9fcb700                    Options.recycle_log_file_num: 0
2019/10/17-14:55:03.852672 7fc3a9fcb700                         Options.allow_fallocate: 1
2019/10/17-14:55:03.852672 7fc3a9fcb700                        Options.allow_mmap_reads: 0
2019/10/17-14:55:03.852673 7fc3a9fcb700                       Options.allow_mmap_writes: 0
2019/10/17-14:55:03.852673 7fc3a9fcb700                        Options.use_direct_reads: 0
2019/10/17-14:55:03.852674 7fc3a9fcb700                        Options.use_direct_io_for_flush_and_compaction: 0
2019/10/17-14:55:03.852674 7fc3a9fcb700          Options.create_missing_column_families: 0
2019/10/17-14:55:03.852675 7fc3a9fcb700                              Options.db_log_dir: 
2019/10/17-14:55:03.852676 7fc3a9fcb700                                 Options.wal_dir: /home/rahul/dev/blockchain-core/eqc/ledger.db
2019/10/17-14:55:03.852676 7fc3a9fcb700                Options.table_cache_numshardbits: 6
2019/10/17-14:55:03.852677 7fc3a9fcb700                      Options.max_subcompactions: 1
2019/10/17-14:55:03.852677 7fc3a9fcb700                  Options.max_background_flushes: -1
2019/10/17-14:55:03.852678 7fc3a9fcb700                         Options.WAL_ttl_seconds: 0
2019/10/17-14:55:03.852678 7fc3a9fcb700                       Options.WAL_size_limit_MB: 0
2019/10/17-14:55:03.852679 7fc3a9fcb700             Options.manifest_preallocation_size: 4194304
2019/10/17-14:55:03.852679 7fc3a9fcb700                     Options.is_fd_close_on_exec: 1
2019/10/17-14:55:03.852680 7fc3a9fcb700                   Options.advise_random_on_open: 1
2019/10/17-14:55:03.852680 7fc3a9fcb700                    Options.db_write_buffer_size: 0
2019/10/17-14:55:03.852681 7fc3a9fcb700                    Options.write_buffer_manager: 0x7fc3500a0120
2019/10/17-14:55:03.852682 7fc3a9fcb700         Options.access_hint_on_compaction_start: 1
2019/10/17-14:55:03.852682 7fc3a9fcb700  Options.new_table_reader_for_compaction_inputs: 0
2019/10/17-14:55:03.852683 7fc3a9fcb700           Options.random_access_max_buffer_size: 1048576
2019/10/17-14:55:03.852683 7fc3a9fcb700                      Options.use_adaptive_mutex: 0
2019/10/17-14:55:03.852684 7fc3a9fcb700                            Options.rate_limiter: (nil)
2019/10/17-14:55:03.852690 7fc3a9fcb700     Options.sst_file_manager.rate_bytes_per_sec: 0
2019/10/17-14:55:03.852691 7fc3a9fcb700                       Options.wal_recovery_mode: 2
2019/10/17-14:55:03.852691 7fc3a9fcb700                  Options.enable_thread_tracking: 0
2019/10/17-14:55:03.852692 7fc3a9fcb700                  Options.enable_pipelined_write: 0
2019/10/17-14:55:03.852692 7fc3a9fcb700         Options.allow_concurrent_memtable_write: 1
2019/10/17-14:55:03.852693 7fc3a9fcb700      Options.enable_write_thread_adaptive_yield: 1
2019/10/17-14:55:03.852693 7fc3a9fcb700             Options.write_thread_max_yield_usec: 100
2019/10/17-14:55:03.852694 7fc3a9fcb700            Options.write_thread_slow_yield_usec: 3
2019/10/17-14:55:03.852694 7fc3a9fcb700                               Options.row_cache: None
2019/10/17-14:55:03.852695 7fc3a9fcb700                              Options.wal_filter: None
2019/10/17-14:55:03.852695 7fc3a9fcb700             Options.avoid_flush_during_recovery: 0
2019/10/17-14:55:03.852696 7fc3a9fcb700             Options.allow_ingest_behind: 0
2019/10/17-14:55:03.852696 7fc3a9fcb700             Options.preserve_deletes: 0
2019/10/17-14:55:03.852697 7fc3a9fcb700             Options.two_write_queues: 0
2019/10/17-14:55:03.852698 7fc3a9fcb700             Options.manual_wal_flush: 0
2019/10/17-14:55:03.852698 7fc3a9fcb700             Options.max_background_jobs: 2
2019/10/17-14:55:03.852699 7fc3a9fcb700             Options.max_background_compactions: -1
2019/10/17-14:55:03.852699 7fc3a9fcb700             Options.avoid_flush_during_shutdown: 0
2019/10/17-14:55:03.852700 7fc3a9fcb700           Options.writable_file_max_buffer_size: 1048576
2019/10/17-14:55:03.852700 7fc3a9fcb700             Options.delayed_write_rate : 16777216
2019/10/17-14:55:03.852701 7fc3a9fcb700             Options.max_total_wal_size: 0
2019/10/17-14:55:03.852701 7fc3a9fcb700             Options.delete_obsolete_files_period_micros: 21600000000
2019/10/17-14:55:03.852702 7fc3a9fcb700                   Options.stats_dump_period_sec: 600
2019/10/17-14:55:03.852702 7fc3a9fcb700                          Options.max_open_files: -1
2019/10/17-14:55:03.852703 7fc3a9fcb700                          Options.bytes_per_sync: 0
2019/10/17-14:55:03.852704 7fc3a9fcb700                      Options.wal_bytes_per_sync: 0
2019/10/17-14:55:03.852704 7fc3a9fcb700       Options.compaction_readahead_size: 0
2019/10/17-14:55:03.852705 7fc3a9fcb700 Compression algorithms supported:
2019/10/17-14:55:03.852706 7fc3a9fcb700 	kZSTDNotFinalCompression supported: 0
2019/10/17-14:55:03.852706 7fc3a9fcb700 	kZSTD supported: 0
2019/10/17-14:55:03.852707 7fc3a9fcb700 	kXpressCompression supported: 0
2019/10/17-14:55:03.852708 7fc3a9fcb700 	kLZ4HCCompression supported: 0
2019/10/17-14:55:03.852708 7fc3a9fcb700 	kLZ4Compression supported: 0
2019/10/17-14:55:03.852709 7fc3a9fcb700 	kBZip2Compression supported: 0
2019/10/17-14:55:03.852709 7fc3a9fcb700 	kZlibCompression supported: 0
2019/10/17-14:55:03.852710 7fc3a9fcb700 	kSnappyCompression supported: 0
2019/10/17-14:55:03.852711 7fc3a9fcb700 Fast CRC32 supported: Supported on x86
2019/10/17-14:55:03.852776 7fc3a9fcb700 [db/version_set.cc:3507] Recovering from manifest file: MANIFEST-116251
2019/10/17-14:55:03.852799 7fc3a9fcb700 [db/column_family.cc:472] --------------- Options for column family [default]:
2019/10/17-14:55:03.852801 7fc3a9fcb700               Options.comparator: leveldb.BytewiseComparator
2019/10/17-14:55:03.852801 7fc3a9fcb700           Options.merge_operator: None
2019/10/17-14:55:03.852802 7fc3a9fcb700        Options.compaction_filter: None
2019/10/17-14:55:03.852802 7fc3a9fcb700        Options.compaction_filter_factory: None
2019/10/17-14:55:03.852803 7fc3a9fcb700         Options.memtable_factory: SkipListFactory
2019/10/17-14:55:03.852803 7fc3a9fcb700            Options.table_factory: BlockBasedTable
2019/10/17-14:55:03.852813 7fc3a9fcb700            table_factory options:   flush_block_policy_factory: FlushBlockBySizePolicyFactory (0x7fc350052e70)
  cache_index_and_filter_blocks: 0
  cache_index_and_filter_blocks_with_high_priority: 0
  pin_l0_filter_and_index_blocks_in_cache: 0
  pin_top_level_index_and_filter: 1
  index_type: 0
  hash_index_allow_collision: 1
  checksum: 1
  no_block_cache: 0
  block_cache: 0x7fc3500ea8f0
  block_cache_name: LRUCache
  block_cache_options:
    capacity : 8388608
    num_shard_bits : 4
    strict_capacity_limit : 0
    memory_allocator : None
    high_pri_pool_ratio: 0.000
  block_cache_compressed: (nil)
  persistent_cache: (nil)
  block_size: 4096
  block_size_deviation: 10
  block_restart_interval: 16
  index_block_restart_interval: 1
  metadata_block_size: 4096
  partition_filters: 0
  use_delta_encoding: 1
  filter_policy: nullptr
  whole_key_filtering: 1
  verify_compression: 0
  read_amp_bytes_per_bit: 0
  format_version: 2
  enable_index_compression: 1
  block_align: 0
2019/10/17-14:55:03.852820 7fc3a9fcb700        Options.write_buffer_size: 67108864
2019/10/17-14:55:03.852820 7fc3a9fcb700  Options.max_write_buffer_number: 2
2019/10/17-14:55:03.852821 7fc3a9fcb700          Options.compression: NoCompression
2019/10/17-14:55:03.852822 7fc3a9fcb700                  Options.bottommost_compression: Disabled
2019/10/17-14:55:03.852822 7fc3a9fcb700       Options.prefix_extractor: nullptr
2019/10/17-14:55:03.852823 7fc3a9fcb700   Options.memtable_insert_with_hint_prefix_extractor: nullptr
2019/10/17-14:55:03.852823 7fc3a9fcb700             Options.num_levels: 7
2019/10/17-14:55:03.852824 7fc3a9fcb700        Options.min_write_buffer_number_to_merge: 1
2019/10/17-14:55:03.852824 7fc3a9fcb700     Options.max_write_buffer_number_to_maintain: 0
2019/10/17-14:55:03.852825 7fc3a9fcb700            Options.bottommost_compression_opts.window_bits: -14
2019/10/17-14:55:03.852826 7fc3a9fcb700                  Options.bottommost_compression_opts.level: 32767
2019/10/17-14:55:03.852826 7fc3a9fcb700               Options.bottommost_compression_opts.strategy: 0
2019/10/17-14:55:03.852827 7fc3a9fcb700         Options.bottommost_compression_opts.max_dict_bytes: 0
2019/10/17-14:55:03.852827 7fc3a9fcb700         Options.bottommost_compression_opts.zstd_max_train_bytes: 0
2019/10/17-14:55:03.852828 7fc3a9fcb700                  Options.bottommost_compression_opts.enabled: false
2019/10/17-14:55:03.852828 7fc3a9fcb700            Options.compression_opts.window_bits: -14
2019/10/17-14:55:03.852829 7fc3a9fcb700                  Options.compression_opts.level: 32767
2019/10/17-14:55:03.852829 7fc3a9fcb700               Options.compression_opts.strategy: 0
2019/10/17-14:55:03.852830 7fc3a9fcb700         Options.compression_opts.max_dict_bytes: 0
2019/10/17-14:55:03.852830 7fc3a9fcb700         Options.compression_opts.zstd_max_train_bytes: 0
2019/10/17-14:55:03.852831 7fc3a9fcb700                  Options.compression_opts.enabled: false
2019/10/17-14:55:03.852831 7fc3a9fcb700      Options.level0_file_num_compaction_trigger: 4
2019/10/17-14:55:03.852832 7fc3a9fcb700          Options.level0_slowdown_writes_trigger: 20
2019/10/17-14:55:03.852832 7fc3a9fcb700              Options.level0_stop_writes_trigger: 36
2019/10/17-14:55:03.852833 7fc3a9fcb700                   Options.target_file_size_base: 67108864
2019/10/17-14:55:03.852833 7fc3a9fcb700             Options.target_file_size_multiplier: 1
2019/10/17-14:55:03.852834 7fc3a9fcb700                Options.max_bytes_for_level_base: 268435456
2019/10/17-14:55:03.852835 7fc3a9fcb700 Options.level_compaction_dynamic_level_bytes: 0
2019/10/17-14:55:03.852835 7fc3a9fcb700          Options.max_bytes_for_level_multiplier: 10.000000
2019/10/17-14:55:03.852836 7fc3a9fcb700 Options.max_bytes_for_level_multiplier_addtl[0]: 1
2019/10/17-14:55:03.852837 7fc3a9fcb700 Options.max_bytes_for_level_multiplier_addtl[1]: 1
2019/10/17-14:55:03.852838 7fc3a9fcb700 Options.max_bytes_for_level_multiplier_addtl[2]: 1
2019/10/17-14:55:03.852838 7fc3a9fcb700 Options.max_bytes_for_level_multiplier_addtl[3]: 1
2019/10/17-14:55:03.852839 7fc3a9fcb700 Options.max_bytes_for_level_multiplier_addtl[4]: 1
2019/10/17-14:55:03.852842 7fc3a9fcb700 Options.max_bytes_for_level_multiplier_addtl[5]: 1
2019/10/17-14:55:03.852842 7fc3a9fcb700 Options.max_bytes_for_level_multiplier_addtl[6]: 1
2019/10/17-14:55:03.852843 7fc3a9fcb700       Options.max_sequential_skip_in_iterations: 8
2019/10/17-14:55:03.852843 7fc3a9fcb700                    Options.max_compaction_bytes: 1677721600
2019/10/17-14:55:03.852844 7fc3a9fcb700                        Options.arena_block_size: 8388608
2019/10/17-14:55:03.852845 7fc3a9fcb700   Options.soft_pending_compaction_bytes_limit: 68719476736
2019/10/17-14:55:03.852845 7fc3a9fcb700   Options.hard_pending_compaction_bytes_limit: 274877906944
2019/10/17-14:55:03.852846 7fc3a9fcb700       Options.rate_limit_delay_max_milliseconds: 100
2019/10/17-14:55:03.852846 7fc3a9fcb700                Options.disable_auto_compactions: 0
2019/10/17-14:55:03.852847 7fc3a9fcb700                        Options.compaction_style: kCompactionStyleLevel
2019/10/17-14:55:03.852848 7fc3a9fcb700                          Options.compaction_pri: kByCompensatedSize
2019/10/17-14:55:03.852848 7fc3a9fcb700 Options.compaction_options_universal.size_ratio: 1
2019/10/17-14:55:03.852849 7fc3a9fcb700 Options.compaction_options_universal.min_merge_width: 2
2019/10/17-14:55:03.852849 7fc3a9fcb700 Options.compaction_options_universal.max_merge_width: 4294967295
2019/10/17-14:55:03.852850 7fc3a9fcb700 Options.compaction_options_universal.max_size_amplification_percent: 200
2019/10/17-14:55:03.852850 7fc3a9fcb700 Options.compaction_options_universal.compression_size_percent: -1
2019/10/17-14:55:03.852851 7fc3a9fcb700 Options.compaction_options_universal.stop_style: kCompactionStopStyleTotalSize
2019/10/17-14:55:03.852852 7fc3a9fcb700 Options.compaction_options_fifo.max_table_files_size: 1073741824
2019/10/17-14:55:03.852852 7fc3a9fcb700 Options.compaction_options_fifo.allow_compaction: 0
2019/10/17-14:55:03.852853 7fc3a9fcb700 Options.compaction_options_fifo.ttl: 0
2019/10/17-14:55:03.852853 7fc3a9fcb700                   Options.table_properties_collectors: 
2019/10/17-14:55:03.852854 7fc3a9fcb700                   Options.inplace_update_support: 0
2019/10/17-14:55:03.852854 7fc3a9fcb700                 Options.inplace_update_num_locks: 10000
2019/10/17-14:55:03.852855 7fc3a9fcb700               Options.memtable_prefix_bloom_size_ratio: 0.000000
2019/10/17-14:55:03.852856 7fc3a9fcb700   Options.memtable_huge_page_size: 0
2019/10/17-14:55:03.852856 7fc3a9fcb700                           Options.bloom_locality: 0
2019/10/17-14:55:03.852857 7fc3a9fcb700                    Options.max_successive_merges: 0
2019/10/17-14:55:03.852857 7fc3a9fcb700                Options.optimize_filters_for_hits: 0
2019/10/17-14:55:03.852858 7fc3a9fcb700                Options.paranoid_file_checks: 0
2019/10/17-14:55:03.852858 7fc3a9fcb700                Options.force_consistency_checks: 0
2019/10/17-14:55:03.852859 7fc3a9fcb700                Options.report_bg_io_stats: 0
2019/10/17-14:55:03.852859 7fc3a9fcb700                               Options.ttl: 0
2019/10/17-14:55:03.852880 7fc3a9fcb700 [db/column_family.cc:472] --------------- Options for column family [active_gateways]:
2019/10/17-14:55:03.852881 7fc3a9fcb700               Options.comparator: leveldb.BytewiseComparator
2019/10/17-14:55:03.852881 7fc3a9fcb700           Options.merge_operator: None
2019/10/17-14:55:03.852882 7fc3a9fcb700        Options.compaction_filter: None
2019/10/17-14:55:03.852882 7fc3a9fcb700        Options.compaction_filter_factory: None
2019/10/17-14:55:03.852883 7fc3a9fcb700         Options.memtable_factory: SkipListFactory
2019/10/17-14:55:03.852883 7fc3a9fcb700            Options.table_factory: BlockBasedTable
2019/10/17-14:55:03.852891 7fc3a9fcb700            table_factory options:   flush_block_policy_factory: FlushBlockBySizePolicyFactory (0x7fc3500a06b0)
  cache_index_and_filter_blocks: 0
  cache_index_and_filter_blocks_with_high_priority: 0
  pin_l0_filter_and_index_blocks_in_cache: 0
  pin_top_level_index_and_filter: 1
  index_type: 0
  hash_index_allow_collision: 1
  checksum: 1
  no_block_cache: 0
  block_cache: 0x7fc350075e70
  block_cache_name: LRUCache
  block_cache_options:
    capacity : 8388608
    num_shard_bits : 4
    strict_capacity_limit : 0
    memory_allocator : None
    high_pri_pool_ratio: 0.000
  block_cache_compressed: (nil)
  persistent_cache: (nil)
  block_size: 4096
  block_size_deviation: 10
  block_restart_interval: 16
  index_block_restart_interval: 1
  metadata_block_size: 4096
  partition_filters: 0
  use_delta_encoding: 1
  filter_policy: nullptr
  whole_key_filtering: 1
  verify_compression: 0
  read_amp_bytes_per_bit: 0
  format_version: 2
  enable_index_compression: 1
  block_align: 0
2019/10/17-14:55:03.852896 7fc3a9fcb700        Options.write_buffer_size: 67108864
2019/10/17-14:55:03.852896 7fc3a9fcb700  Options.max_write_buffer_number: 2
2019/10/17-14:55:03.852897 7fc3a9fcb700          Options.compression: NoCompression
2019/10/17-14:55:03.852897 7fc3a9fcb700                  Options.bottommost_compression: Disabled
2019/10/17-14:55:03.852898 7fc3a9fcb700       Options.prefix_extractor: nullptr
2019/10/17-14:55:03.852898 7fc3a9fcb700   Options.memtable_insert_with_hint_prefix_extractor: nullptr
2019/10/17-14:55:03.852899 7fc3a9fcb700             Options.num_levels: 7
2019/10/17-14:55:03.852899 7fc3a9fcb700        Options.min_write_buffer_number_to_merge: 1
2019/10/17-14:55:03.852900 7fc3a9fcb700     Options.max_write_buffer_number_to_maintain: 0
2019/10/17-14:55:03.852900 7fc3a9fcb700            Options.bottommost_compression_opts.window_bits: -14
2019/10/17-14:55:03.852901 7fc3a9fcb700                  Options.bottommost_compression_opts.level: 32767
2019/10/17-14:55:03.852902 7fc3a9fcb700               Options.bottommost_compression_opts.strategy: 0
2019/10/17-14:55:03.852902 7fc3a9fcb700         Options.bottommost_compression_opts.max_dict_bytes: 0
2019/10/17-14:55:03.852903 7fc3a9fcb700         Options.bottommost_compression_opts.zstd_max_train_bytes: 0
2019/10/17-14:55:03.852903 7fc3a9fcb700                  Options.bottommost_compression_opts.enabled: false
2019/10/17-14:55:03.852904 7fc3a9fcb700            Options.compression_opts.window_bits: -14
2019/10/17-14:55:03.852904 7fc3a9fcb700                  Options.compression_opts.level: 32767
2019/10/17-14:55:03.852905 7fc3a9fcb700               Options.compression_opts.strategy: 0
2019/10/17-14:55:03.852905 7fc3a9fcb700         Options.compression_opts.max_dict_bytes: 0
2019/10/17-14:55:03.852906 7fc3a9fcb700         Options.compression_opts.zstd_max_train_bytes: 0
2019/10/17-14:55:03.852906 7fc3a9fcb700                  Options.compression_opts.enabled: false
2019/10/17-14:55:03.852907 7fc3a9fcb700      Options.level0_file_num_compaction_trigger: 4
2019/10/17-14:55:03.852907 7fc3a9fcb700          Options.level0_slowdown_writes_trigger: 20
2019/10/17-14:55:03.852908 7fc3a9fcb700              Options.level0_stop_writes_trigger: 36
2019/10/17-14:55:03.852908 7fc3a9fcb700                   Options.target_file_size_base: 67108864
2019/10/17-14:55:03.852909 7fc3a9fcb700             Options.target_file_size_multiplier: 1
2019/10/17-14:55:03.852909 7fc3a9fcb700                Options.max_bytes_for_level_base: 268435456
2019/10/17-14:55:03.852910 7fc3a9fcb700 Options.level_compaction_dynamic_level_bytes: 0
2019/10/17-14:55:03.852910 7fc3a9fcb700          Options.max_bytes_for_level_multiplier: 10.000000
2019/10/17-14:55:03.852911 7fc3a9fcb700 Options.max_bytes_for_level_multiplier_addtl[0]: 1
2019/10/17-14:55:03.852912 7fc3a9fcb700 Options.max_bytes_for_level_multiplier_addtl[1]: 1
2019/10/17-14:55:03.852913 7fc3a9fcb700 Options.max_bytes_for_level_multiplier_addtl[2]: 1
2019/10/17-14:55:03.852913 7fc3a9fcb700 Options.max_bytes_for_level_multiplier_addtl[3]: 1
2019/10/17-14:55:03.852914 7fc3a9fcb700 Options.max_bytes_for_level_multiplier_addtl[4]: 1
2019/10/17-14:55:03.852914 7fc3a9fcb700 Options.max_bytes_for_level_multiplier_addtl[5]: 1
2019/10/17-14:55:03.852915 7fc3a9fcb700 Options.max_bytes_for_level_multiplier_addtl[6]: 1
2019/10/17-14:55:03.852915 7fc3a9fcb700       Options.max_sequential_skip_in_iterations: 8
2019/10/17-14:55:03.852918 7fc3a9fcb700                    Options.max_compaction_bytes: 1677721600
2019/10/17-14:55:03.852919 7fc3a9fcb700                        Options.arena_block_size: 8388608
2019/10/17-14:55:03.852920 7fc3a9fcb700   Options.soft_pending_compaction_bytes_limit: 68719476736
2019/10/17-14:55:03.852920 7fc3a9fcb700   Options.hard_pending_compaction_bytes_limit: 274877906944
2019/10/17-14:55:03.852921 7fc3a9fcb700       Options.rate_limit_delay_max_milliseconds: 100
2019/10/17-14:55:03.852921 7fc3a9fcb700                Options.disable_auto_compactions: 0
2019/10/17-14:55:03.852922 7fc3a9fcb700                        Options.compaction_style: kCompactionStyleLevel
2019/10/17-14:55:03.852922 7fc3a9fcb700                          Options.compaction_pri: kByCompensatedSize
2019/10/17-14:55:03.852923 7fc3a9fcb700 Options.compaction_options_universal.size_ratio: 1
2019/10/17-14:55:03.852923 7fc3a9fcb700 Options.compaction_options_universal.min_merge_width: 2
2019/10/17-14:55:03.852924 7fc3a9fcb700 Options.compaction_options_universal.max_merge_width: 4294967295
2019/10/17-14:55:03.852925 7fc3a9fcb700 Options.compaction_options_universal.max_size_amplification_percent: 200
2019/10/17-14:55:03.852925 7fc3a9fcb700 Options.compaction_options_universal.compression_size_percent: -1
2019/10/17-14:55:03.852926 7fc3a9fcb700 Options.compaction_options_universal.stop_style: kCompactionStopStyleTotalSize
2019/10/17-14:55:03.852926 7fc3a9fcb700 Options.compaction_options_fifo.max_table_files_size: 1073741824
2019/10/17-14:55:03.852927 7fc3a9fcb700 Options.compaction_options_fifo.allow_compaction: 0
2019/10/17-14:55:03.852927 7fc3a9fcb700 Options.compaction_options_fifo.ttl: 0
2019/10/17-14:55:03.852928 7fc3a9fcb700                   Options.table_properties_collectors: 
2019/10/17-14:55:03.852928 7fc3a9fcb700                   Options.inplace_update_support: 0
2019/10/17-14:55:03.852929 7fc3a9fcb700                 Options.inplace_update_num_locks: 10000
2019/10/17-14:55:03.852929 7fc3a9fcb700               Options.memtable_prefix_bloom_size_ratio: 0.000000
2019/10/17-14:55:03.852930 7fc3a9fcb700   Options.memtable_huge_page_size: 0
2019/10/17-14:55:03.852931 7fc3a9fcb700                           Options.bloom_locality: 0
2019/10/17-14:55:03.852931 7fc3a9fcb700                    Options.max_successive_merges: 0
2019/10/17-14:55:03.852932 7fc3a9fcb700                Options.optimize_filters_for_hits: 0
2019/10/17-14:55:03.852932 7fc3a9fcb700                Options.paranoid_file_checks: 0
2019/10/17-14:55:03.852933 7fc3a9fcb700                Options.force_consistency_checks: 0
2019/10/17-14:55:03.852933 7fc3a9fcb700                Options.report_bg_io_stats: 0
2019/10/17-14:55:03.852934 7fc3a9fcb700                               Options.ttl: 0
2019/10/17-14:55:03.852945 7fc3a9fcb700 [db/column_family.cc:472] --------------- Options for column family [entries]:
2019/10/17-14:55:03.852946 7fc3a9fcb700               Options.comparator: leveldb.BytewiseComparator
2019/10/17-14:55:03.852946 7fc3a9fcb700           Options.merge_operator: None
2019/10/17-14:55:03.852947 7fc3a9fcb700        Options.compaction_filter: None
2019/10/17-14:55:03.852947 7fc3a9fcb700        Options.compaction_filter_factory: None
2019/10/17-14:55:03.852948 7fc3a9fcb700         Options.memtable_factory: SkipListFactory
2019/10/17-14:55:03.852948 7fc3a9fcb700            Options.table_factory: BlockBasedTable
2019/10/17-14:55:03.852955 7fc3a9fcb700            table_factory options:   flush_block_policy_factory: FlushBlockBySizePolicyFactory (0x7fc350061030)
  cache_index_and_filter_blocks: 0
  cache_index_and_filter_blocks_with_high_priority: 0
  pin_l0_filter_and_index_blocks_in_cache: 0
  pin_top_level_index_and_filter: 1
  index_type: 0
  hash_index_allow_collision: 1
  checksum: 1
  no_block_cache: 0
  block_cache: 0x7fc3501070c0
  block_cache_name: LRUCache
  block_cache_options:
    capacity : 8388608
    num_shard_bits : 4
    strict_capacity_limit : 0
    memory_allocator : None
    high_pri_pool_ratio: 0.000
  block_cache_compressed: (nil)
  persistent_cache: (nil)
  block_size: 4096
  block_size_deviation: 10
  block_restart_interval: 16
  index_block_restart_interval: 1
  metadata_block_size: 4096
  partition_filters: 0
  use_delta_encoding: 1
  filter_policy: nullptr
  whole_key_filtering: 1
  verify_compression: 0
  read_amp_bytes_per_bit: 0
  format_version: 2
  enable_index_compression: 1
  block_align: 0
2019/10/17-14:55:03.852959 7fc3a9fcb700        Options.write_buffer_size: 67108864
2019/10/17-14:55:03.852960 7fc3a9fcb700  Options.max_write_buffer_number: 2
2019/10/17-14:55:03.852960 7fc3a9fcb700          Options.compression: NoCompression
2019/10/17-14:55:03.852961 7fc3a9fcb700                  Options.bottommost_compression: Disabled
2019/10/17-14:55:03.852961 7fc3a9fcb700       Options.prefix_extractor: nullptr
2019/10/17-14:55:03.852962 7fc3a9fcb700   Options.memtable_insert_with_hint_prefix_extractor: nullptr
2019/10/17-14:55:03.852962 7fc3a9fcb700             Options.num_levels: 7
2019/10/17-14:55:03.852963 7fc3a9fcb700        Options.min_write_buffer_number_to_merge: 1
2019/10/17-14:55:03.852963 7fc3a9fcb700     Options.max_write_buffer_number_to_maintain: 0
2019/10/17-14:55:03.852964 7fc3a9fcb700            Options.bottommost_compression_opts.window_bits: -14
2019/10/17-14:55:03.852964 7fc3a9fcb700                  Options.bottommost_compression_opts.level: 32767
2019/10/17-14:55:03.852965 7fc3a9fcb700               Options.bottommost_compression_opts.strategy: 0
2019/10/17-14:55:03.852965 7fc3a9fcb700         Options.bottommost_compression_opts.max_dict_bytes: 0
2019/10/17-14:55:03.852966 7fc3a9fcb700         Options.bottommost_compression_opts.zstd_max_train_bytes: 0
2019/10/17-14:55:03.852967 7fc3a9fcb700                  Options.bottommost_compression_opts.enabled: false
2019/10/17-14:55:03.852967 7fc3a9fcb700            Options.compression_opts.window_bits: -14
2019/10/17-14:55:03.852968 7fc3a9fcb700                  Options.compression_opts.level: 32767
2019/10/17-14:55:03.852968 7fc3a9fcb700               Options.compression_opts.strategy: 0
2019/10/17-14:55:03.852969 7fc3a9fcb700         Options.compression_opts.max_dict_bytes: 0
2019/10/17-14:55:03.852969 7fc3a9fcb700         Options.compression_opts.zstd_max_train_bytes: 0
2019/10/17-14:55:03.852970 7fc3a9fcb700                  Options.compression_opts.enabled: false
2019/10/17-14:55:03.852970 7fc3a9fcb700      Options.level0_file_num_compaction_trigger: 4
2019/10/17-14:55:03.852971 7fc3a9fcb700          Options.level0_slowdown_writes_trigger: 20
2019/10/17-14:55:03.852971 7fc3a9fcb700              Options.level0_stop_writes_trigger: 36
2019/10/17-14:55:03.852972 7fc3a9fcb700                   Options.target_file_size_base: 67108864
2019/10/17-14:55:03.852972 7fc3a9fcb700             Options.target_file_size_multiplier: 1
2019/10/17-14:55:03.852973 7fc3a9fcb700                Options.max_bytes_for_level_base: 268435456
2019/10/17-14:55:03.852973 7fc3a9fcb700 Options.level_compaction_dynamic_level_bytes: 0
2019/10/17-14:55:03.852974 7fc3a9fcb700          Options.max_bytes_for_level_multiplier: 10.000000
2019/10/17-14:55:03.852975 7fc3a9fcb700 Options.max_bytes_for_level_multiplier_addtl[0]: 1
2019/10/17-14:55:03.852975 7fc3a9fcb700 Options.max_bytes_for_level_multiplier_addtl[1]: 1
2019/10/17-14:55:03.852976 7fc3a9fcb700 Options.max_bytes_for_level_multiplier_addtl[2]: 1
2019/10/17-14:55:03.852976 7fc3a9fcb700 Options.max_bytes_for_level_multiplier_addtl[3]: 1
2019/10/17-14:55:03.852977 7fc3a9fcb700 Options.max_bytes_for_level_multiplier_addtl[4]: 1
2019/10/17-14:55:03.852977 7fc3a9fcb700 Options.max_bytes_for_level_multiplier_addtl[5]: 1
2019/10/17-14:55:03.852978 7fc3a9fcb700 Options.max_bytes_for_level_multiplier_addtl[6]: 1
2019/10/17-14:55:03.852979 7fc3a9fcb700       Options.max_sequential_skip_in_iterations: 8
2019/10/17-14:55:03.852979 7fc3a9fcb700                    Options.max_compaction_bytes: 1677721600
2019/10/17-14:55:03.852980 7fc3a9fcb700                        Options.arena_block_size: 8388608
2019/10/17-14:55:03.852980 7fc3a9fcb700   Options.soft_pending_compaction_bytes_limit: 68719476736
2019/10/17-14:55:03.852983 7fc3a9fcb700   Options.hard_pending_compaction_bytes_limit: 274877906944
2019/10/17-14:55:03.852984 7fc3a9fcb700       Options.rate_limit_delay_max_milliseconds: 100
2019/10/17-14:55:03.852984 7fc3a9fcb700                Options.disable_auto_compactions: 0
2019/10/17-14:55:03.852985 7fc3a9fcb700                        Options.compaction_style: kCompactionStyleLevel
2019/10/17-14:55:03.852986 7fc3a9fcb700                          Options.compaction_pri: kByCompensatedSize
2019/10/17-14:55:03.852986 7fc3a9fcb700 Options.compaction_options_universal.size_ratio: 1
2019/10/17-14:55:03.852987 7fc3a9fcb700 Options.compaction_options_universal.min_merge_width: 2
2019/10/17-14:55:03.852987 7fc3a9fcb700 Options.compaction_options_universal.max_merge_width: 4294967295
2019/10/17-14:55:03.852988 7fc3a9fcb700 Options.compaction_options_universal.max_size_amplification_percent: 200
2019/10/17-14:55:03.852988 7fc3a9fcb700 Options.compaction_options_universal.compression_size_percent: -1
2019/10/17-14:55:03.852989 7fc3a9fcb700 Options.compaction_options_universal.stop_style: kCompactionStopStyleTotalSize
2019/10/17-14:55:03.852989 7fc3a9fcb700 Options.compaction_options_fifo.max_table_files_size: 1073741824
2019/10/17-14:55:03.852990 7fc3a9fcb700 Options.compaction_options_fifo.allow_compaction: 0
2019/10/17-14:55:03.852990 7fc3a9fcb700 Options.compaction_options_fifo.ttl: 0
2019/10/17-14:55:03.852991 7fc3a9fcb700                   Options.table_properties_collectors: 
2019/10/17-14:55:03.852992 7fc3a9fcb700                   Options.inplace_update_support: 0
2019/10/17-14:55:03.852992 7fc3a9fcb700                 Options.inplace_update_num_locks: 10000
2019/10/17-14:55:03.852993 7fc3a9fcb700               Options.memtable_prefix_bloom_size_ratio: 0.000000
2019/10/17-14:55:03.852993 7fc3a9fcb700   Options.memtable_huge_page_size: 0
2019/10/17-14:55:03.852994 7fc3a9fcb700                           Options.bloom_locality: 0
2019/10/17-14:55:03.852994 7fc3a9fcb700                    Options.max_successive_merges: 0
2019/10/17-14:55:03.852995 7fc3a9fcb700                Options.optimize_filters_for_hits: 0
2019/10/17-14:55:03.852995 7fc3a9fcb700                Options.paranoid_file_checks: 0
2019/10/17-14:55:03.852996 7fc3a9fcb700                Options.force_consistency_checks: 0
2019/10/17-14:55:03.852996 7fc3a9fcb700                Options.report_bg_io_stats: 0
2019/10/17-14:55:03.852997 7fc3a9fcb700                               Options.ttl: 0
2019/10/17-14:55:03.853007 7fc3a9fcb700 [db/column_family.cc:472] --------------- Options for column family [dc_entries]:
2019/10/17-14:55:03.853008 7fc3a9fcb700               Options.comparator: leveldb.BytewiseComparator
2019/10/17-14:55:03.853008 7fc3a9fcb700           Options.merge_operator: None
2019/10/17-14:55:03.853009 7fc3a9fcb700        Options.compaction_filter: None
2019/10/17-14:55:03.853009 7fc3a9fcb700        Options.compaction_filter_factory: None
2019/10/17-14:55:03.853010 7fc3a9fcb700         Options.memtable_factory: SkipListFactory
2019/10/17-14:55:03.853010 7fc3a9fcb700            Options.table_factory: BlockBasedTable
2019/10/17-14:55:03.853016 7fc3a9fcb700            table_factory options:   flush_block_policy_factory: FlushBlockBySizePolicyFactory (0x7fc35006c940)
  cache_index_and_filter_blocks: 0
  cache_index_and_filter_blocks_with_high_priority: 0
  pin_l0_filter_and_index_blocks_in_cache: 0
  pin_top_level_index_and_filter: 1
  index_type: 0
  hash_index_allow_collision: 1
  checksum: 1
  no_block_cache: 0
  block_cache: 0x7fc350009010
  block_cache_name: LRUCache
  block_cache_options:
    capacity : 8388608
    num_shard_bits : 4
    strict_capacity_limit : 0
    memory_allocator : None
    high_pri_pool_ratio: 0.000
  block_cache_compressed: (nil)
  persistent_cache: (nil)
  block_size: 4096
  block_size_deviation: 10
  block_restart_interval: 16
  index_block_restart_interval: 1
  metadata_block_size: 4096
  partition_filters: 0
  use_delta_encoding: 1
  filter_policy: nullptr
  whole_key_filtering: 1
  verify_compression: 0
  read_amp_bytes_per_bit: 0
  format_version: 2
  enable_index_compression: 1
  block_align: 0
2019/10/17-14:55:03.853021 7fc3a9fcb700        Options.write_buffer_size: 67108864
2019/10/17-14:55:03.853021 7fc3a9fcb700  Options.max_write_buffer_number: 2
2019/10/17-14:55:03.853022 7fc3a9fcb700          Options.compression: NoCompression
2019/10/17-14:55:03.853022 7fc3a9fcb700                  Options.bottommost_compression: Disabled
2019/10/17-14:55:03.853023 7fc3a9fcb700       Options.prefix_extractor: nullptr
2019/10/17-14:55:03.853023 7fc3a9fcb700   Options.memtable_insert_with_hint_prefix_extractor: nullptr
2019/10/17-14:55:03.853024 7fc3a9fcb700             Options.num_levels: 7
2019/10/17-14:55:03.853024 7fc3a9fcb700        Options.min_write_buffer_number_to_merge: 1
2019/10/17-14:55:03.853025 7fc3a9fcb700     Options.max_write_buffer_number_to_maintain: 0
2019/10/17-14:55:03.853025 7fc3a9fcb700            Options.bottommost_compression_opts.window_bits: -14
2019/10/17-14:55:03.853026 7fc3a9fcb700                  Options.bottommost_compression_opts.level: 32767
2019/10/17-14:55:03.853026 7fc3a9fcb700               Options.bottommost_compression_opts.strategy: 0
2019/10/17-14:55:03.853027 7fc3a9fcb700         Options.bottommost_compression_opts.max_dict_bytes: 0
2019/10/17-14:55:03.853027 7fc3a9fcb700         Options.bottommost_compression_opts.zstd_max_train_bytes: 0
2019/10/17-14:55:03.853028 7fc3a9fcb700                  Options.bottommost_compression_opts.enabled: false
2019/10/17-14:55:03.853028 7fc3a9fcb700            Options.compression_opts.window_bits: -14
2019/10/17-14:55:03.853029 7fc3a9fcb700                  Options.compression_opts.level: 32767
2019/10/17-14:55:03.853030 7fc3a9fcb700               Options.compression_opts.strategy: 0
2019/10/17-14:55:03.853030 7fc3a9fcb700         Options.compression_opts.max_dict_bytes: 0
2019/10/17-14:55:03.853031 7fc3a9fcb700         Options.compression_opts.zstd_max_train_bytes: 0
2019/10/17-14:55:03.853031 7fc3a9fcb700                  Options.compression_opts.enabled: false
2019/10/17-14:55:03.853032 7fc3a9fcb700      Options.level0_file_num_compaction_trigger: 4
2019/10/17-14:55:03.853032 7fc3a9fcb700          Options.level0_slowdown_writes_trigger: 20
2019/10/17-14:55:03.853033 7fc3a9fcb700              Options.level0_stop_writes_trigger: 36
2019/10/17-14:55:03.853033 7fc3a9fcb700                   Options.target_file_size_base: 67108864
2019/10/17-14:55:03.853034 7fc3a9fcb700             Options.target_file_size_multiplier: 1
2019/10/17-14:55:03.853034 7fc3a9fcb700                Options.max_bytes_for_level_base: 268435456
2019/10/17-14:55:03.853035 7fc3a9fcb700 Options.level_compaction_dynamic_level_bytes: 0
2019/10/17-14:55:03.853035 7fc3a9fcb700          Options.max_bytes_for_level_multiplier: 10.000000
2019/10/17-14:55:03.853036 7fc3a9fcb700 Options.max_bytes_for_level_multiplier_addtl[0]: 1
2019/10/17-14:55:03.853037 7fc3a9fcb700 Options.max_bytes_for_level_multiplier_addtl[1]: 1
2019/10/17-14:55:03.853037 7fc3a9fcb700 Options.max_bytes_for_level_multiplier_addtl[2]: 1
2019/10/17-14:55:03.853038 7fc3a9fcb700 Options.max_bytes_for_level_multiplier_addtl[3]: 1
2019/10/17-14:55:03.853038 7fc3a9fcb700 Options.max_bytes_for_level_multiplier_addtl[4]: 1
2019/10/17-14:55:03.853039 7fc3a9fcb700 Options.max_bytes_for_level_multiplier_addtl[5]: 1
2019/10/17-14:55:03.853039 7fc3a9fcb700 Options.max_bytes_for_level_multiplier_addtl[6]: 1
2019/10/17-14:55:03.853040 7fc3a9fcb700       Options.max_sequential_skip_in_iterations: 8
2019/10/17-14:55:03.853040 7fc3a9fcb700                    Options.max_compaction_bytes: 1677721600
2019/10/17-14:55:03.853041 7fc3a9fcb700                        Options.arena_block_size: 8388608
2019/10/17-14:55:03.853041 7fc3a9fcb700   Options.soft_pending_compaction_bytes_limit: 68719476736
2019/10/17-14:55:03.853042 7fc3a9fcb700   Options.hard_pending_compaction_bytes_limit: 274877906944
2019/10/17-14:55:03.853042 7fc3a9fcb700       Options.rate_limit_delay_max_milliseconds: 100
2019/10/17-14:55:03.853043 7fc3a9fcb700                Options.disable_auto_compactions: 0
2019/10/17-14:55:03.853046 7fc3a9fcb700                        Options.compaction_style: kCompactionStyleLevel
2019/10/17-14:55:03.853047 7fc3a9fcb700                          Options.compaction_pri: kByCompensatedSize
2019/10/17-14:55:03.853047 7fc3a9fcb700 Options.compaction_options_universal.size_ratio: 1
2019/10/17-14:55:03.853048 7fc3a9fcb700 Options.compaction_options_universal.min_merge_width: 2
2019/10/17-14:55:03.853048 7fc3a9fcb700 Options.compaction_options_universal.max_merge_width: 4294967295
2019/10/17-14:55:03.853049 7fc3a9fcb700 Options.compaction_options_universal.max_size_amplification_percent: 200
2019/10/17-14:55:03.853050 7fc3a9fcb700 Options.compaction_options_universal.compression_size_percent: -1
2019/10/17-14:55:03.853050 7fc3a9fcb700 Options.compaction_options_universal.stop_style: kCompactionStopStyleTotalSize
2019/10/17-14:55:03.853051 7fc3a9fcb700 Options.compaction_options_fifo.max_table_files_size: 1073741824
2019/10/17-14:55:03.853051 7fc3a9fcb700 Options.compaction_options_fifo.allow_compaction: 0
2019/10/17-14:55:03.853052 7fc3a9fcb700 Options.compaction_options_fifo.ttl: 0
2019/10/17-14:55:03.853052 7fc3a9fcb700                   Options.table_properties_collectors: 
2019/10/17-14:55:03.853053 7fc3a9fcb700                   Options.inplace_update_support: 0
2019/10/17-14:55:03.853053 7fc3a9fcb700                 Options.inplace_update_num_locks: 10000
2019/10/17-14:55:03.853054 7fc3a9fcb700               Options.memtable_prefix_bloom_size_ratio: 0.000000
2019/10/17-14:55:03.853055 7fc3a9fcb700   Options.memtable_huge_page_size: 0
2019/10/17-14:55:03.853055 7fc3a9fcb700                           Options.bloom_locality: 0
2019/10/17-14:55:03.853056 7fc3a9fcb700                    Options.max_successive_merges: 0
2019/10/17-14:55:03.853056 7fc3a9fcb700                Options.optimize_filters_for_hits: 0
2019/10/17-14:55:03.853057 7fc3a9fcb700                Options.paranoid_file_checks: 0
2019/10/17-14:55:03.853057 7fc3a9fcb700                Options.force_consistency_checks: 0
2019/10/17-14:55:03.853058 7fc3a9fcb700                Options.report_bg_io_stats: 0
2019/10/17-14:55:03.853058 7fc3a9fcb700                               Options.ttl: 0
2019/10/17-14:55:03.853067 7fc3a9fcb700 [db/column_family.cc:472] --------------- Options for column family [htlcs]:
2019/10/17-14:55:03.853068 7fc3a9fcb700               Options.comparator: leveldb.BytewiseComparator
2019/10/17-14:55:03.853068 7fc3a9fcb700           Options.merge_operator: None
2019/10/17-14:55:03.853069 7fc3a9fcb700        Options.compaction_filter: None
2019/10/17-14:55:03.853069 7fc3a9fcb700        Options.compaction_filter_factory: None
2019/10/17-14:55:03.853070 7fc3a9fcb700         Options.memtable_factory: SkipListFactory
2019/10/17-14:55:03.853070 7fc3a9fcb700            Options.table_factory: BlockBasedTable
2019/10/17-14:55:03.853076 7fc3a9fcb700            table_factory options:   flush_block_policy_factory: FlushBlockBySizePolicyFactory (0x7fc35002cbf0)
